2008.05.19 15:00:00.010,2.03585,2.0362,0.80,1.40
2008.05.19 15:00:00.202,2.03585,2.03615,0.80,0.60
2008.05.19 15:00:00.654,2.03595,2.0362,0.80,0.80
2008.05.19 15:00:01.175,2.03595,2.0362,1.60,0.80
2008.05.19 15:00:01.698,2.03585,2.0362,2.40,0.80
2008.05.19 15:00:02.128,2.03595,2.0362,0.80,0.80
2008.05.19 15:00:03.727,2.03595,2.0362,1.60,0.80
2008.05.19 15:00:04.221,2.03595,2.0362,0.80,0.80
2008.05.19 15:00:05.688,2.03585,2.0362,1.60,0.80
2008.05.19 15:00:05.818,2.03585,2.0362,0.80,0.80
2008.05.19 15:00:07.018,2.03595,2.0362,0.80,0.80
2008.05.19 15:00:07.118,2.03595,2.03635,0.80,2.20
2008.05.19 15:00:07.350,2.0359,2.03635,3.20,2.20
2008.05.19 15:00:07.480,2.0359,2.03635,2.40,2.20
2008.05.19 15:00:07.581,2.03595,2.03635,1.60,2.20
2008.05.19 15:00:07.681,2.03595,2.0363,1.60,0.90
2008.05.19 15:00:07.882,2.03595,2.03635,0.80,0.60
2008.05.19 15:00:08.083,2.03595,2.03635,1.60,0.60
2008.05.19 15:00:08.294,2.03595,2.0363,0.80,0.90
2008.05.19 15:00:08.498,2.03585,2.03625,1.60,4.90
2008.05.19 15:00:08.700,2.03585,2.0362,1.60,0.80
2008.05.19 15:00:08.881,2.03585,2.0362,0.80,0.80
2008.05.19 15:00:10.026,2.03585,2.0362,6.40,0.80
2008.05.19 15:00:10.137,2.03595,2.03625,0.80,2.20
2008.05.19 15:00:10.359,2.03585,2.03625,0.80,2.20
2008.05.19 15:00:10.479,2.03585,2.03625,0.80,5.60
2008.05.19 15:00:10.589,2.03585,2.03625,0.80,4.00
2008.05.19 15:00:10.700,2.03585,2.0362,1.60,0.80
2008.05.19 15:00:10.812,2.03595,2.03625,0.80,0.60
2008.05.19 15:00:11.099,2.03585,2.03625,2.40,0.60
2008.05.19 15:00:11.383,2.03585,2.03625,3.20,0.60
2008.05.19 15:00:11.670,2.03595,2.03625,1.60,0.60
2008.05.19 15:00:13.107,2.03595,2.03625,0.80,0.60
2008.05.19 15:00:13.243,2.03595,2.03625,0.80,3.00
2008.05.19 15:00:15.834,2.03595,2.03625,0.80,4.60
2008.05.19 15:00:16.006,2.03595,2.0362,0.80,0.90
2008.05.19 15:00:16.138,2.03575,2.0361,1.60,0.80
2008.05.19 15:00:16.269,2.03575,2.0361,0.80,0.80
2008.05.19 15:00:16.741,2.03575,2.0362,1.60,0.60
2008.05.19 15:00:16.872,2.03575,2.0362,0.80,0.60
2008.05.19 15:00:17.002,2.03575,2.0362,0.80,1.60
2008.05.19 15:00:17.302,2.03575,2.0361,0.80,0.80
2008.05.19 15:00:17.650,2.03575,2.0361,0.80,2.40
2008.05.19 15:00:17.991,2.03575,2.036,0.80,0.90
2008.05.19 15:00:18.161,2.03565,2.03595,2.40,0.90
2008.05.19 15:00:18.362,2.03555,2.03595,2.40,0.90
2008.05.19 15:00:18.563,2.03565,2.03605,1.60,0.80
2008.05.19 15:00:18.765,2.03565,2.03595,1.60,2.40
2008.05.19 15:00:18.967,2.03565,2.03595,0.80,2.40
2008.05.19 15:00:19.169,2.03565,2.03605,0.80,2.40
2008.05.19 15:00:19.366,2.03565,2.036,0.80,0.90
2008.05.19 15:00:19.562,2.03565,2.03595,0.80,2.40
2008.05.19 15:00:20.159,2.03565,2.0359,0.80,0.90
2008.05.19 15:00:20.598,2.03555,2.03595,0.80,2.40
2008.05.19 15:00:20.820,2.03555,2.036,2.40,4.80
2008.05.19 15:00:21.041,2.03555,2.036,2.40,2.40
2008.05.19 15:00:21.262,2.03555,2.036,0.80,2.40
2008.05.19 15:00:21.528,2.03555,2.036,0.80,4.80
2008.05.19 15:00:21.794,2.03555,2.03595,0.80,2.40
2008.05.19 15:00:22.060,2.03555,2.0359,0.80,0.90
2008.05.19 15:00:22.325,2.03555,2.03595,0.80,1.60
2008.05.19 15:00:22.696,2.03555,2.036,0.80,2.40
2008.05.19 15:00:23.065,2.0356,2.036,0.80,1.40
2008.05.19 15:00:23.250,2.03565,2.036,0.80,0.60
2008.05.19 15:00:23.994,2.03565,2.036,3.20,0.60
2008.05.19 15:00:24.156,2.03575,2.03605,0.80,0.60
2008.05.19 15:00:24.329,2.03565,2.03605,1.60,0.60
2008.05.19 15:00:24.577,2.03565,2.03605,0.80,0.60
2008.05.19 15:00:25.516,2.03565,2.03605,0.80,1.60
2008.05.19 15:00:25.607,2.03565,2.036,0.80,0.90
2008.05.19 15:00:27.163,2.03565,2.03595,0.80,2.40
2008.05.19 15:00:27.298,2.03545,2.0358,4.80,0.80
2008.05.19 15:00:27.428,2.03545,2.0358,2.40,0.80
2008.05.19 15:00:27.619,2.03545,2.0358,0.80,0.80
2008.05.19 15:00:28.188,2.03545,2.0357,0.80,0.80
2008.05.19 15:00:28.762,2.03545,2.0359,0.80,0.80
2008.05.19 15:00:28.953,2.03545,2.0359,2.40,0.80
2008.05.19 15:00:30.189,2.03545,2.0359,3.20,0.80
2008.05.19 15:00:30.494,2.03545,2.0359,2.40,1.70
2008.05.19 15:00:30.594,2.0355,2.0359,0.80,0.80
2008.05.19 15:00:30.695,2.03555,2.036,2.40,2.40
2008.05.19 15:00:30.841,2.03555,2.0358,2.40,0.80
2008.05.19 15:00:30.988,2.03555,2.0358,4.00,0.80
2008.05.19 15:00:31.490,2.03555,2.0358,2.40,0.80
2008.05.19 15:00:32.216,2.03545,2.0358,2.40,0.80
2008.05.19 15:00:33.114,2.03555,2.0358,2.40,0.80
2008.05.19 15:00:34.145,2.0356,2.0358,0.80,0.80
2008.05.19 15:00:34.280,2.0356,2.036,0.80,0.80
2008.05.19 15:00:35.675,2.03555,2.0358,6.40,0.80
2008.05.19 15:00:35.766,2.03555,2.0358,2.40,0.80
2008.05.19 15:00:48.230,2.0355,2.0358,0.80,0.80
2008.05.19 15:00:48.571,2.03545,2.0358,3.20,0.80
2008.05.19 15:00:48.975,2.03545,2.0358,1.60,0.80
2008.05.19 15:00:49.237,2.03545,2.0358,0.80,0.80
2008.05.19 15:00:51.292,2.03545,2.0358,1.60,0.80
2008.05.19 15:00:51.641,2.03545,2.0358,2.40,0.80
2008.05.19 15:00:52.538,2.0355,2.0358,0.80,0.80
2008.05.19 15:00:53.076,2.03545,2.0358,2.40,0.80
2008.05.19 15:00:53.697,2.03545,2.0358,0.80,0.80
2008.05.19 15:00:58.638,2.03545,2.0357,0.80,0.80
2008.05.19 15:01:01.969,2.03545,2.0359,0.80,1.70
2008.05.19 15:01:02.211,2.03545,2.0359,1.60,0.80
2008.05.19 15:01:02.440,2.03545,2.0359,4.00,0.80
2008.05.19 15:01:02.852,2.03545,2.0359,4.80,0.80
2008.05.19 15:01:02.981,2.03545,2.0357,4.00,0.80
2008.05.19 15:01:03.241,2.03545,2.0359,5.50,0.80
2008.05.19 15:01:03.372,2.03555,2.0359,0.80,0.80
2008.05.19 15:01:03.636,2.03555,2.0359,1.60,0.80
2008.05.19 15:01:03.757,2.03555,2.0359,4.00,0.80
2008.05.19 15:01:03.878,2.03555,2.0359,4.80,0.80
2008.05.19 15:01:03.999,2.03555,2.0359,3.20,0.80
2008.05.19 15:01:04.250,2.03555,2.0359,2.40,0.80
2008.05.19 15:01:04.502,2.0355,2.0359,0.80,0.80
2008.05.19 15:01:04.622,2.03545,2.0359,1.40,0.80
2008.05.19 15:01:07.346,2.03545,2.0359,0.60,0.80
2008.05.19 15:01:07.437,2.03545,2.0359,0.60,1.70
2008.05.19 15:01:07.528,2.03545,2.0357,0.60,0.80
2008.05.19 15:01:07.680,2.03535,2.0357,8.70,0.80
2008.05.19 15:01:07.770,2.03535,2.0357,7.10,0.80
2008.05.19 15:01:07.980,2.03535,2.0357,4.60,0.80
2008.05.19 15:01:09.030,2.03535,2.0357,5.50,0.80
2008.05.19 15:01:09.180,2.03545,2.0357,0.80,0.80
2008.05.19 15:01:09.240,2.03545,2.03585,0.80,1.60
2008.05.19 15:01:09.314,2.03545,2.03595,0.80,1.60
2008.05.19 15:01:10.047,2.03545,2.03595,0.80,2.50
2008.05.19 15:01:10.613,2.03545,2.03595,0.80,1.60
2008.05.19 15:01:11.139,2.0354,2.03585,2.40,0.90
2008.05.19 15:01:11.253,2.0354,2.0357,2.40,0.80
2008.05.19 15:01:11.369,2.03535,2.0357,6.20,0.80
2008.05.19 15:01:13.120,2.03535,2.0357,7.10,0.80
2008.05.19 15:01:13.528,2.03535,2.0357,6.20,0.80
2008.05.19 15:01:14.911,2.0355,2.0357,0.80,0.80
2008.05.19 15:01:14.999,2.03555,2.0359,3.20,3.20
2008.05.19 15:01:15.058,2.03555,2.0359,4.00,0.80
2008.05.19 15:01:15.242,2.03555,2.03585,3.20,0.90
2008.05.19 15:01:15.396,2.03535,2.03585,7.00,0.90
2008.05.19 15:01:15.554,2.0354,2.0359,0.80,0.80
2008.05.19 15:01:15.710,2.03545,2.0359,1.60,0.80
2008.05.19 15:01:16.426,2.0354,2.0359,0.80,0.80
2008.05.19 15:01:17.525,2.03545,2.0359,1.60,0.80
2008.05.19 15:01:17.905,2.03545,2.0359,2.40,0.80
2008.05.19 15:01:18.010,2.0355,2.0359,0.80,0.80
2008.05.19 15:01:18.444,2.03545,2.0359,4.80,0.80
2008.05.19 15:01:18.550,2.03545,2.0359,4.00,0.80
2008.05.19 15:01:18.672,2.03545,2.0359,1.60,0.80
2008.05.19 15:01:19.641,2.03545,2.0359,1.60,1.70
2008.05.19 15:01:19.743,2.03545,2.0357,1.60,0.80
2008.05.19 15:01:20.001,2.03535,2.0357,2.30,0.80
2008.05.19 15:01:20.254,2.03535,2.0357,1.40,0.80
2008.05.19 15:01:20.375,2.03535,2.0357,2.30,0.80
2008.05.19 15:01:20.642,2.03535,2.0357,0.80,0.80
2008.05.19 15:01:20.833,2.03535,2.0358,0.80,0.80
2008.05.19 15:01:22.784,2.03535,2.0358,3.20,0.80
2008.05.19 15:01:23.113,2.03535,2.0358,4.00,0.80
2008.05.19 15:01:23.258,2.03535,2.0358,0.80,0.80
2008.05.19 15:01:25.132,2.03535,2.0358,1.60,0.80
2008.05.19 15:01:25.358,2.0354,2.03585,0.80,1.60
2008.05.19 15:01:25.503,2.0354,2.0359,0.80,1.40
2008.05.19 15:01:25.966,2.03535,2.0359,5.60,2.40
2008.05.19 15:01:26.007,2.03535,2.0358,3.20,0.80
2008.05.19 15:01:26.427,2.0354,2.03585,0.80,1.60
2008.05.19 15:01:26.617,2.0354,2.0359,0.80,1.40
2008.05.19 15:01:28.852,2.03545,2.0359,1.60,1.40
2008.05.19 15:01:28.933,2.03545,2.0358,1.60,0.90
2008.05.19 15:01:29.095,2.03545,2.0357,0.80,0.80
2008.05.19 15:01:29.175,2.03535,2.0357,1.60,0.80
2008.05.19 15:01:29.256,2.03535,2.03575,2.40,0.90
2008.05.19 15:01:29.337,2.03535,2.03575,0.80,0.90
2008.05.19 15:01:30.636,2.03535,2.03585,0.80,2.50
2008.05.19 15:01:32.432,2.03535,2.0358,0.80,0.80
2008.05.19 15:01:33.738,2.03535,2.0358,1.60,0.80
2008.05.19 15:01:33.916,2.03535,2.03585,1.60,1.60
2008.05.19 15:01:33.958,2.03535,2.03585,2.40,1.60
2008.05.19 15:01:34.216,2.03535,2.03585,1.60,2.50
2008.05.19 15:01:35.471,2.03535,2.03575,0.80,0.90
2008.05.19 15:01:35.626,2.03535,2.03585,0.80,2.50
2008.05.19 15:01:35.913,2.03535,2.03585,0.80,3.20
2008.05.19 15:01:36.733,2.03535,2.03575,0.80,0.90
2008.05.19 15:01:37.003,2.03525,2.0358,2.40,4.10
2008.05.19 15:01:37.241,2.03525,2.03575,0.80,1.60
2008.05.19 15:01:37.360,2.0352,2.03575,1.50,2.50
2008.05.19 15:01:37.493,2.03525,2.0357,2.40,0.80
2008.05.19 15:01:37.699,2.0352,2.0357,1.50,0.80
2008.05.19 15:01:38.108,2.0352,2.0357,0.80,0.80
2008.05.19 15:01:38.315,2.03515,2.0357,6.30,1.70
2008.05.19 15:01:38.520,2.03515,2.0357,4.70,1.70
2008.05.19 15:01:38.670,2.03515,2.0357,4.00,1.70
2008.05.19 15:01:38.973,2.03525,2.0357,4.00,0.80
2008.05.19 15:01:39.669,2.03525,2.0356,4.00,0.80
2008.05.19 15:01:41.483,2.03525,2.0356,4.80,0.80
2008.05.19 15:01:41.859,2.03525,2.0356,4.00,0.80
2008.05.19 15:01:42.166,2.03525,2.0356,4.80,0.80
2008.05.19 15:01:42.911,2.03525,2.0356,4.00,0.80
2008.05.19 15:01:44.976,2.0354,2.0356,0.80,0.80
2008.05.19 15:01:45.059,2.03545,2.0356,0.80,0.80
2008.05.19 15:01:45.154,2.03545,2.03575,1.60,2.20
2008.05.19 15:01:45.286,2.03545,2.0358,1.60,1.40
2008.05.19 15:01:49.901,2.03545,2.0358,0.80,1.40
2008.05.19 15:01:50.355,2.03545,2.0358,3.20,0.60
2008.05.19 15:01:50.506,2.0355,2.0358,0.80,0.60
2008.05.19 15:01:50.637,2.03545,2.0358,3.20,0.60
2008.05.19 15:01:50.723,2.03545,2.0358,4.80,0.60
2008.05.19 15:01:50.912,2.03545,2.0358,1.60,0.80
2008.05.19 15:01:51.283,2.03545,2.0358,0.80,0.80
2008.05.19 15:01:51.745,2.03545,2.0358,1.60,0.80
2008.05.19 15:01:51.837,2.03545,2.0358,0.80,1.70
2008.05.19 15:01:52.122,2.03545,2.0357,0.80,0.80
2008.05.19 15:01:52.408,2.03525,2.0356,7.00,0.80
2008.05.19 15:01:52.511,2.03525,2.0356,3.20,0.80
2008.05.19 15:01:53.205,2.03525,2.0356,0.80,0.80
2008.05.19 15:01:53.456,2.03525,2.03575,1.60,4.00
2008.05.19 15:01:53.936,2.03525,2.0358,3.20,1.70
2008.05.19 15:01:54.302,2.03525,2.0358,3.20,2.40
2008.05.19 15:01:54.740,2.0353,2.0358,0.80,1.40
2008.05.19 15:01:54.856,2.0353,2.03575,0.80,1.60
2008.05.19 15:01:55.296,2.0353,2.0358,0.80,1.40
2008.05.19 15:01:55.960,2.0354,2.0358,0.80,1.40
2008.05.19 15:01:56.076,2.03545,2.0358,0.80,1.40
2008.05.19 15:01:57.794,2.03545,2.0358,1.60,1.40
2008.05.19 15:01:58.532,2.03545,2.0358,1.60,0.80
2008.05.19 15:02:01.791,2.03545,2.0358,0.80,0.80
2008.05.19 15:02:07.981,2.03545,2.03585,0.80,0.60
2008.05.19 15:02:08.187,2.0355,2.0359,0.80,0.60
2008.05.19 15:02:08.423,2.03565,2.03595,0.80,2.20
2008.05.19 15:02:08.660,2.03565,2.03595,0.80,0.60
2008.05.19 15:02:09.994,2.03565,2.0359,0.80,0.90
2008.05.19 15:02:10.181,2.03545,2.0359,1.60,1.70
2008.05.19 15:02:10.549,2.03545,2.03585,1.60,0.60
2008.05.19 15:02:10.985,2.03545,2.0358,1.60,0.80
2008.05.19 15:02:12.068,2.03545,2.0358,0.80,1.40
2008.05.19 15:02:12.303,2.0353,2.0358,0.80,1.40
2008.05.19 15:02:12.955,2.03525,2.03575,6.40,1.60
2008.05.19 15:02:13.096,2.03525,2.03575,4.00,1.60
2008.05.19 15:02:13.390,2.0353,2.03575,0.80,2.20
2008.05.19 15:02:13.546,2.0353,2.03575,0.80,1.60
2008.05.19 15:02:13.712,2.03535,2.03575,0.80,1.60
2008.05.19 15:02:13.870,2.03545,2.0358,0.80,1.40
2008.05.19 15:02:14.026,2.03545,2.03585,0.80,2.20
2008.05.19 15:02:14.184,2.03545,2.03585,1.60,3.20
2008.05.19 15:02:14.409,2.03545,2.03585,0.80,0.60
2008.05.19 15:02:14.866,2.03535,2.03585,3.20,0.60
2008.05.19 15:02:15.091,2.03535,2.0358,2.40,0.90
2008.05.19 15:02:15.318,2.03535,2.0357,1.60,0.80
2008.05.19 15:02:15.741,2.0353,2.0357,0.80,0.80
2008.05.19 15:02:15.948,2.03525,2.0357,2.40,0.80
2008.05.19 15:02:16.164,2.03525,2.0358,3.20,2.40
2008.05.19 15:02:16.382,2.0353,2.0357,0.80,0.80
2008.05.19 15:02:16.875,2.0353,2.03575,0.80,1.60
2008.05.19 15:02:17.042,2.03525,2.0356,4.00,0.80
2008.05.19 15:02:17.208,2.03525,2.03575,1.60,2.50
2008.05.19 15:02:17.397,2.03525,2.03575,1.60,3.20
2008.05.19 15:02:17.589,2.03525,2.0356,1.60,0.80
2008.05.19 15:02:17.970,2.03525,2.0356,3.20,0.80
2008.05.19 15:02:18.349,2.03525,2.0356,1.60,0.80
2008.05.19 15:02:19.726,2.0353,2.0356,0.80,0.80
2008.05.19 15:02:19.804,2.03525,2.0356,0.80,0.80
2008.05.19 15:02:19.842,2.03525,2.0356,3.20,0.80
2008.05.19 15:02:19.919,2.03525,2.03565,3.20,1.60
2008.05.19 15:02:19.943,2.0353,2.03565,0.80,1.60
2008.05.19 15:02:20.064,2.03535,2.03565,0.80,1.60
2008.05.19 15:02:20.158,2.03535,2.0357,0.80,1.40
2008.05.19 15:02:21.602,2.0352,2.03565,1.60,0.80
2008.05.19 15:02:21.748,2.0352,2.03565,0.80,0.80
2008.05.19 15:02:21.893,2.03515,2.03565,2.40,1.70
2008.05.19 15:02:22.038,2.03515,2.0356,2.40,0.90
2008.05.19 15:02:22.185,2.03515,2.0355,0.80,0.80
2008.05.19 15:02:23.011,2.03525,2.0355,1.60,0.80
2008.05.19 15:02:23.490,2.03515,2.0355,4.80,0.80
2008.05.19 15:02:23.666,2.03515,2.0355,0.80,0.80
2008.05.19 15:02:23.851,2.03515,2.0356,0.80,0.90
2008.05.19 15:02:24.027,2.03515,2.0356,3.20,0.90
2008.05.19 15:02:24.203,2.03515,2.0356,4.00,0.80
2008.05.19 15:02:24.379,2.03535,2.03565,0.80,2.40
2008.05.19 15:02:24.555,2.03535,2.03565,0.80,1.60
2008.05.19 15:02:24.802,2.03535,2.03575,0.80,3.00
2008.05.19 15:02:25.048,2.03535,2.03575,1.60,3.00
2008.05.19 15:02:25.293,2.03535,2.03565,1.60,1.60
2008.05.19 15:02:25.539,2.03535,2.03575,0.80,1.60
2008.05.19 15:02:25.782,2.03535,2.0357,0.80,2.50
2008.05.19 15:02:26.025,2.0353,2.0356,0.80,0.80
2008.05.19 15:02:26.273,2.03535,2.03575,0.80,1.60
2008.05.19 15:02:26.936,2.03535,2.03575,0.80,2.40
2008.05.19 15:02:27.116,2.03535,2.03575,0.80,3.20
2008.05.19 15:02:27.480,2.03535,2.0357,0.80,0.80
2008.05.19 15:02:27.871,2.03535,2.03565,0.80,4.90
2008.05.19 15:02:28.083,2.03515,2.0355,0.80,0.80
2008.05.19 15:02:28.309,2.03515,2.03565,1.60,5.60
2008.05.19 15:02:28.505,2.03515,2.03565,0.80,11.20
2008.05.19 15:02:28.717,2.03515,2.0355,1.60,0.80
2008.05.19 15:02:28.918,2.03515,2.03555,0.80,1.60
2008.05.19 15:02:29.118,2.03515,2.03565,1.60,3.00
2008.05.19 15:02:29.319,2.03515,2.03565,1.60,2.40
2008.05.19 15:02:29.519,2.03525,2.03565,3.20,2.40
2008.05.19 15:02:29.722,2.03535,2.03565,0.80,4.90
2008.05.19 15:02:29.904,2.03515,2.0355,2.40,0.80
2008.05.19 15:02:30.084,2.03515,2.0355,0.80,0.80
2008.05.19 15:02:32.308,2.03515,2.03555,0.80,1.60
2008.05.19 15:02:32.541,2.03515,2.03555,1.60,1.60
2008.05.19 15:02:32.952,2.03515,2.03565,1.60,2.20
2008.05.19 15:02:33.180,2.03515,2.0356,0.80,0.90
2008.05.19 15:02:33.292,2.03515,2.0355,0.80,0.80
2008.05.19 15:02:34.809,2.03515,2.03555,0.80,1.60
2008.05.19 15:02:35.008,2.03515,2.03555,1.60,1.60
2008.05.19 15:02:35.198,2.03515,2.03555,2.40,1.60
2008.05.19 15:02:35.493,2.03515,2.03565,2.40,1.60
2008.05.19 15:02:35.988,2.03525,2.0357,2.40,1.70
2008.05.19 15:02:36.153,2.03525,2.0357,3.20,1.70
2008.05.19 15:02:38.543,2.0352,2.0357,0.80,1.70
2008.05.19 15:02:38.958,2.03515,2.0357,4.00,1.70
2008.05.19 15:02:41.013,2.03515,2.0357,4.70,1.70
2008.05.19 15:02:44.805,2.03515,2.0356,3.80,0.90
2008.05.19 15:02:45.122,2.03515,2.0356,2.20,1.70
2008.05.19 15:02:45.321,2.03515,2.0356,0.60,1.70
2008.05.19 15:02:45.397,2.03515,2.03555,0.60,0.90
2008.05.19 15:02:45.473,2.03515,2.0355,0.60,0.80
2008.05.19 15:02:46.173,2.0351,2.0356,0.60,0.90
2008.05.19 15:02:46.545,2.03505,2.0355,0.80,1.70
2008.05.19 15:02:46.973,2.035,2.0355,0.60,1.70
2008.05.19 15:02:47.145,2.03505,2.0355,0.80,0.80
2008.05.19 15:02:47.477,2.03505,2.0355,0.80,0.80
2008.05.19 15:02:47.617,2.03505,2.0355,2.40,0.80
2008.05.19 15:02:48.176,2.03515,2.0355,0.80,0.80
2008.05.19 15:02:48.486,2.03515,2.03545,0.80,0.80
2008.05.19 15:02:48.636,2.03505,2.03545,1.60,0.80
2008.05.19 15:02:48.808,2.03505,2.0354,0.80,0.90
2008.05.19 15:02:48.989,2.03495,2.03525,2.40,2.40
2008.05.19 15:02:49.171,2.03485,2.0353,0.80,0.80
2008.05.19 15:02:49.350,2.0348,2.0353,0.60,1.70
2008.05.19 15:02:49.884,2.0348,2.03525,0.60,1.60
2008.05.19 15:02:50.234,2.03475,2.03525,2.30,1.60
2008.05.19 15:02:50.409,2.03475,2.03525,1.40,2.50
2008.05.19 15:02:50.584,2.03475,2.03525,0.80,2.50
2008.05.19 15:02:51.021,2.03475,2.03525,2.40,0.90
2008.05.19 15:02:51.178,2.03475,2.03525,0.80,2.50
2008.05.19 15:02:51.446,2.03475,2.0352,0.80,0.90
2008.05.19 15:02:51.533,2.03485,2.0352,0.80,0.90
2008.05.19 15:02:51.711,2.03485,2.03525,0.80,2.50
2008.05.19 15:02:52.012,2.03485,2.03525,0.80,1.60
2008.05.19 15:02:52.161,2.03485,2.0353,0.80,2.40
2008.05.19 15:02:53.011,2.03485,2.0353,0.80,1.40
2008.05.19 15:02:53.525,2.03485,2.0352,0.80,1.60
2008.05.19 15:02:53.636,2.03485,2.0353,0.80,6.40
2008.05.19 15:02:53.746,2.03485,2.03525,0.80,0.80
2008.05.19 15:02:54.292,2.03485,2.03525,1.60,0.80
2008.05.19 15:02:54.418,2.03485,2.03525,0.80,1.70
2008.05.19 15:02:54.549,2.03485,2.0352,0.80,4.00
2008.05.19 15:02:54.799,2.03475,2.0352,2.40,4.80
2008.05.19 15:02:54.959,2.03475,2.03515,2.40,1.70
2008.05.19 15:02:55.130,2.03465,2.0351,5.40,2.40
2008.05.19 15:02:55.292,2.03465,2.03505,2.40,0.80
2008.05.19 15:02:55.452,2.03465,2.03505,0.80,0.80
2008.05.19 15:02:55.987,2.0346,2.035,0.80,0.80
2008.05.19 15:02:56.193,2.03455,2.03495,4.00,0.90
2008.05.19 15:02:56.399,2.03455,2.0349,1.60,4.80
2008.05.19 15:02:56.605,2.03445,2.03485,1.60,0.80
2008.05.19 15:02:57.231,2.03445,2.0349,1.60,4.80
2008.05.19 15:02:57.755,2.03445,2.0349,0.80,4.80
2008.05.19 15:02:57.933,2.03445,2.0349,1.60,4.80
2008.05.19 15:02:58.152,2.03435,2.03485,3.90,2.40
2008.05.19 15:02:58.370,2.03435,2.0347,2.40,4.00
2008.05.19 15:02:58.565,2.0343,2.0347,0.80,4.00
2008.05.19 15:02:58.771,2.03425,2.0347,3.90,4.00
2008.05.19 15:02:58.976,2.0343,2.0347,0.80,4.00
2008.05.19 15:02:59.403,2.03425,2.0347,1.60,4.00
2008.05.19 15:03:00.278,2.03425,2.0347,0.80,4.90
2008.05.19 15:03:00.500,2.03425,2.03465,1.60,2.40
2008.05.19 15:03:00.712,2.03425,2.0347,0.80,2.40
2008.05.19 15:03:00.925,2.03425,2.0347,1.60,4.80
2008.05.19 15:03:01.143,2.03425,2.0347,1.60,3.20
2008.05.19 15:03:01.334,2.03425,2.03465,1.60,1.60
2008.05.19 15:03:01.524,2.03425,2.0347,1.60,0.80
2008.05.19 15:03:01.907,2.03425,2.0347,0.80,2.40
2008.05.19 15:03:02.109,2.03425,2.0347,0.80,4.80
2008.05.19 15:03:02.459,2.03425,2.03465,0.80,1.60
2008.05.19 15:03:02.621,2.03425,2.0347,0.80,4.80
2008.05.19 15:03:02.941,2.03425,2.0347,1.60,4.80
2008.05.19 15:03:03.104,2.03425,2.03465,0.80,1.60
2008.05.19 15:03:03.264,2.0342,2.03465,2.40,1.60
2008.05.19 15:03:03.517,2.03425,2.0347,0.80,4.80
2008.05.19 15:03:04.017,2.03425,2.03465,0.80,1.60
2008.05.19 15:03:04.268,2.03425,2.0347,0.80,4.80
2008.05.19 15:03:04.973,2.03425,2.0347,0.80,2.40
2008.05.19 15:03:05.120,2.03435,2.03475,0.80,1.60
2008.05.19 15:03:05.266,2.03435,2.03475,0.80,0.90
2008.05.19 15:03:05.547,2.03425,2.03475,2.40,0.90
2008.05.19 15:03:05.688,2.03425,2.03475,0.80,2.50
2008.05.19 15:03:05.838,2.03435,2.03475,0.80,2.50
2008.05.19 15:03:05.979,2.03435,2.0348,0.80,1.40
2008.05.19 15:03:06.260,2.03435,2.03475,0.80,0.90
2008.05.19 15:03:06.713,2.03435,2.0348,0.80,0.80
2008.05.19 15:03:06.822,2.03435,2.03475,0.80,0.90
2008.05.19 15:03:06.926,2.03435,2.0348,0.80,1.70
2008.05.19 15:03:07.139,2.03435,2.0348,1.60,0.80
2008.05.19 15:03:07.449,2.03435,2.0348,3.20,1.70
2008.05.19 15:03:07.675,2.03435,2.0347,2.40,0.80
2008.05.19 15:03:07.888,2.03435,2.0348,2.40,0.90
2008.05.19 15:03:08.099,2.03435,2.0348,3.20,0.90
2008.05.19 15:03:08.313,2.03435,2.0348,3.20,1.70
2008.05.19 15:03:08.475,2.03435,2.0348,0.80,1.70
2008.05.19 15:03:09.516,2.03435,2.0348,1.60,0.80
2008.05.19 15:03:10.965,2.03435,2.0348,0.80,0.80
2008.05.19 15:03:11.464,2.03435,2.0348,0.80,1.70
2008.05.19 15:03:11.901,2.03435,2.03475,1.60,0.90
2008.05.19 15:03:12.114,2.03435,2.0347,1.60,0.80
2008.05.19 15:03:12.326,2.0342,2.0347,1.50,0.80
2008.05.19 15:03:12.549,2.03425,2.0347,0.80,0.80
2008.05.19 15:03:12.709,2.03425,2.0347,3.20,0.80
2008.05.19 15:03:12.870,2.03425,2.0347,2.40,1.70
2008.05.19 15:03:13.031,2.03425,2.0347,1.60,0.80
2008.05.19 15:03:14.436,2.0343,2.0347,0.80,0.80
2008.05.19 15:03:14.597,2.0343,2.0347,3.20,0.80
2008.05.19 15:03:15.008,2.0343,2.0347,0.80,0.80
2008.05.19 15:03:15.210,2.03425,2.0347,2.40,0.80
2008.05.19 15:03:15.411,2.0342,2.0347,0.80,0.80
2008.05.19 15:03:16.060,2.0343,2.0347,0.80,0.80
2008.05.19 15:03:16.207,2.03425,2.0347,2.40,0.80
2008.05.19 15:03:16.439,2.0343,2.0347,0.80,0.80
2008.05.19 15:03:16.924,2.0343,2.03475,0.80,2.20
2008.05.19 15:03:17.180,2.0343,2.0348,0.80,0.60
2008.05.19 15:03:17.689,2.0343,2.0348,0.80,1.40
2008.05.19 15:03:17.944,2.0343,2.03475,0.80,1.60
2008.05.19 15:03:18.065,2.03425,2.03475,6.40,1.60
2008.05.19 15:03:18.334,2.03425,2.0348,5.60,2.40
2008.05.19 15:03:18.455,2.03435,2.0348,0.80,1.40
2008.05.19 15:03:18.696,2.03435,2.0348,1.60,1.40
2008.05.19 15:03:18.912,2.03435,2.03475,1.60,1.60
2008.05.19 15:03:19.357,2.03445,2.03475,0.80,1.60
2008.05.19 15:03:19.574,2.03445,2.0349,0.80,2.40
2008.05.19 15:03:20.003,2.0345,2.03485,0.80,2.40
2008.05.19 15:03:20.191,2.03455,2.0349,0.80,0.80
2008.05.19 15:03:21.535,2.03455,2.0349,2.40,0.80
2008.05.19 15:03:21.752,2.03465,2.0349,0.80,0.80
2008.05.19 15:03:22.652,2.03455,2.0349,0.80,0.80
2008.05.19 15:03:22.872,2.0345,2.0349,0.80,0.80
2008.05.19 15:03:23.094,2.03445,2.0349,8.00,0.80
2008.05.19 15:03:23.312,2.03445,2.0349,5.60,0.80
2008.05.19 15:03:23.572,2.03445,2.0349,1.60,0.80
2008.05.19 15:03:24.682,2.03445,2.0349,4.00,0.80
2008.05.19 15:03:25.591,2.0345,2.0349,0.80,0.80
2008.05.19 15:03:26.824,2.03445,2.0349,5.60,0.80
2008.05.19 15:03:26.986,2.03445,2.0349,3.20,0.80
2008.05.19 15:03:27.679,2.0345,2.0349,0.80,0.80
2008.05.19 15:03:31.981,2.03445,2.0349,6.40,0.80
2008.05.19 15:03:32.091,2.03445,2.0349,1.60,0.80
2008.05.19 15:03:32.204,2.03445,2.0349,0.80,1.70
2008.05.19 15:03:32.316,2.03435,2.0348,5.50,0.80
2008.05.19 15:03:32.436,2.03445,2.0348,0.80,0.80
2008.05.19 15:03:32.548,2.03445,2.0348,1.60,0.80
2008.05.19 15:03:33.652,2.03455,2.0348,0.80,0.80
2008.05.19 15:03:35.465,2.03445,2.0348,2.40,0.80
2008.05.19 15:03:35.722,2.03445,2.0348,1.60,0.80
2008.05.19 15:03:37.029,2.03445,2.0348,1.60,1.70
2008.05.19 15:03:37.347,2.03445,2.0348,1.60,0.80
2008.05.19 15:03:37.497,2.03435,2.0348,3.90,0.80
2008.05.19 15:03:37.666,2.03435,2.0348,3.00,1.70
2008.05.19 15:03:38.080,2.0344,2.0348,0.80,0.80
2008.05.19 15:03:38.196,2.03445,2.0348,1.60,0.80
2008.05.19 15:03:38.624,2.03445,2.0348,2.40,0.80
2008.05.19 15:03:39.018,2.03445,2.0348,1.60,0.80
2008.05.19 15:03:42.646,2.03445,2.0348,2.40,0.80
2008.05.19 15:03:42.990,2.0344,2.0348,2.40,0.80
2008.05.19 15:03:43.402,2.03435,2.0348,3.90,0.80
2008.05.19 15:03:43.518,2.0344,2.0348,0.80,0.80
2008.05.19 15:03:44.061,2.03435,2.0348,3.90,0.80
2008.05.19 15:03:46.032,2.03435,2.0348,2.30,0.80
2008.05.19 15:03:46.562,2.03435,2.0348,3.90,0.80
2008.05.19 15:03:47.175,2.03435,2.0348,2.30,0.80
2008.05.19 15:03:48.425,2.03445,2.0348,0.80,0.80
2008.05.19 15:03:48.546,2.03445,2.0348,1.60,0.80
2008.05.19 15:03:49.144,2.03445,2.0348,3.20,0.80
2008.05.19 15:03:49.306,2.03455,2.0348,0.80,0.80
2008.05.19 15:03:49.473,2.03455,2.035,1.50,0.80
2008.05.19 15:03:49.634,2.03455,2.035,3.10,0.80
2008.05.19 15:03:49.795,2.03465,2.035,0.80,0.80
2008.05.19 15:03:49.990,2.03465,2.035,1.60,0.80
2008.05.19 15:03:50.160,2.03465,2.035,3.20,0.80
2008.05.19 15:03:50.341,2.03465,2.035,1.60,0.80
2008.05.19 15:03:50.523,2.03465,2.035,0.80,0.80
2008.05.19 15:03:50.705,2.03465,2.035,2.30,0.80
2008.05.19 15:03:51.647,2.03465,2.035,3.90,0.80
2008.05.19 15:03:51.949,2.0347,2.035,0.80,0.80
2008.05.19 15:03:52.065,2.0347,2.03515,0.80,1.60
2008.05.19 15:03:52.166,2.0347,2.0352,0.80,0.80
2008.05.19 15:03:55.361,2.03465,2.03515,4.80,0.90
2008.05.19 15:03:55.432,2.03465,2.03515,4.80,1.70
2008.05.19 15:03:55.503,2.03465,2.0351,4.80,0.80
2008.05.19 15:03:55.689,2.03465,2.0351,0.80,0.80
2008.05.19 15:03:57.680,2.03465,2.0351,0.80,3.20
2008.05.19 15:03:57.796,2.03465,2.0351,0.80,4.80
2008.05.19 15:03:57.912,2.0346,2.035,0.80,0.80
2008.05.19 15:03:58.270,2.03455,2.035,4.80,0.80
2008.05.19 15:03:58.599,2.03455,2.035,2.40,0.80
2008.05.19 15:03:58.985,2.03465,2.035,2.40,0.80
2008.05.19 15:03:59.131,2.03475,2.035,0.80,0.80
2008.05.19 15:04:00.313,2.03475,2.035,1.60,0.80
2008.05.19 15:04:00.626,2.03475,2.035,0.80,0.80
2008.05.19 15:04:00.702,2.03475,2.035,0.80,1.70
2008.05.19 15:04:00.788,2.03465,2.035,1.60,1.70
2008.05.19 15:04:00.867,2.03465,2.035,1.60,0.80
2008.05.19 15:04:01.540,2.03455,2.035,2.40,0.80
2008.05.19 15:04:02.482,2.03455,2.035,2.40,1.70
2008.05.19 15:04:02.547,2.03455,2.0349,2.40,0.80
2008.05.19 15:04:02.852,2.03455,2.0349,0.80,0.80
2008.05.19 15:04:05.137,2.03455,2.0349,1.60,0.80
2008.05.19 15:04:05.394,2.03455,2.0349,4.00,0.80
2008.05.19 15:04:06.250,2.03455,2.0349,3.20,0.80
2008.05.19 15:04:07.403,2.03455,2.0349,4.00,0.80
2008.05.19 15:04:07.496,2.03455,2.0349,3.20,1.70
2008.05.19 15:04:07.743,2.03455,2.0349,1.60,1.70
2008.05.19 15:04:08.025,2.03455,2.0349,1.60,0.80
2008.05.19 15:04:08.545,2.03455,2.0349,0.80,0.80
2008.05.19 15:04:09.064,2.03455,2.0349,0.80,1.70
2008.05.19 15:04:09.445,2.03455,2.03495,0.80,5.60
2008.05.19 15:04:09.545,2.03455,2.03495,0.80,4.80
2008.05.19 15:04:09.645,2.03455,2.035,0.80,0.90
2008.05.19 15:04:09.780,2.03455,2.0349,0.80,1.70
2008.05.19 15:04:10.029,2.03455,2.03495,0.80,2.40
2008.05.19 15:04:10.156,2.03455,2.035,0.80,0.90
2008.05.19 15:04:10.367,2.03455,2.0349,0.80,0.90
2008.05.19 15:04:10.635,2.03455,2.0349,0.80,0.80
2008.05.19 15:04:11.268,2.03455,2.03505,1.60,6.20
2008.05.19 15:04:11.620,2.03455,2.035,0.80,0.90
2008.05.19 15:04:12.377,2.03455,2.03495,0.80,2.40
2008.05.19 15:04:12.469,2.03455,2.0349,0.80,0.80
2008.05.19 15:04:12.734,2.03455,2.0349,0.80,1.70
2008.05.19 15:04:12.959,2.03455,2.0349,0.80,0.90
2008.05.19 15:04:13.411,2.03455,2.035,0.80,3.30
2008.05.19 15:04:13.840,2.03455,2.035,2.40,0.90
2008.05.19 15:04:15.263,2.03455,2.035,0.80,0.90
2008.05.19 15:04:15.594,2.03455,2.03505,1.60,3.00
2008.05.19 15:04:16.666,2.03455,2.035,0.80,0.80
2008.05.19 15:04:17.104,2.03455,2.035,0.80,1.70
2008.05.19 15:04:17.771,2.03455,2.035,0.80,2.40
2008.05.19 15:04:18.434,2.03455,2.035,1.60,1.40
2008.05.19 15:04:19.169,2.03455,2.035,0.80,2.40
2008.05.19 15:04:19.422,2.03455,2.035,1.60,1.40
2008.05.19 15:04:19.719,2.03465,2.035,0.80,1.40
2008.05.19 15:04:19.868,2.03465,2.035,0.80,0.80
2008.05.19 15:04:20.450,2.03455,2.035,2.40,1.70
2008.05.19 15:04:20.699,2.03445,2.035,5.60,1.70
2008.05.19 15:04:22.712,2.03455,2.035,0.80,0.80
2008.05.19 15:04:24.586,2.0345,2.035,0.80,0.80
2008.05.19 15:04:28.134,2.0346,2.035,0.80,0.80
2008.05.19 15:04:30.172,2.03455,2.035,2.40,0.80
2008.05.19 15:04:30.596,2.0346,2.035,0.80,0.80
2008.05.19 15:04:31.128,2.03455,2.035,2.40,1.70
2008.05.19 15:04:31.260,2.03455,2.035,2.40,4.10
2008.05.19 15:04:31.399,2.03455,2.0349,1.60,0.80
2008.05.19 15:04:31.530,2.03445,2.0349,3.90,0.80
2008.05.19 15:04:31.769,2.03445,2.0349,2.30,0.80
2008.05.19 15:04:31.890,2.03445,2.0349,1.60,0.80
2008.05.19 15:04:32.822,2.03445,2.0348,0.80,0.80
2008.05.19 15:04:32.909,2.03435,2.0348,2.40,1.70
2008.05.19 15:04:33.025,2.03435,2.0347,2.40,0.80
2008.05.19 15:04:33.104,2.03435,2.0347,2.40,0.80
2008.05.19 15:04:33.283,2.03435,2.0348,0.80,0.80
2008.05.19 15:04:33.574,2.03435,2.0348,2.40,0.80
2008.05.19 15:04:33.981,2.03435,2.0348,1.60,1.70
2008.05.19 15:04:34.157,2.03435,2.0347,1.60,0.80
2008.05.19 15:04:34.333,2.0343,2.0347,1.50,0.80
2008.05.19 15:04:34.511,2.03435,2.0348,0.80,0.80
2008.05.19 15:04:35.213,2.03435,2.0348,2.40,0.80
2008.05.19 15:04:35.637,2.03435,2.0348,0.80,0.80
2008.05.19 15:04:36.039,2.03435,2.0348,1.60,0.80
2008.05.19 15:04:37.043,2.03435,2.0348,3.20,0.80
2008.05.19 15:04:41.374,2.03435,2.0348,2.40,1.70
2008.05.19 15:04:42.283,2.03435,2.0348,1.60,1.70
2008.05.19 15:04:42.453,2.0343,2.0348,0.60,1.70
2008.05.19 15:04:42.602,2.03445,2.0348,0.80,0.80
2008.05.19 15:04:42.906,2.03445,2.03485,1.60,4.80
2008.05.19 15:04:43.023,2.03445,2.03485,1.60,1.60
2008.05.19 15:04:43.231,2.03445,2.03495,1.60,4.00
2008.05.19 15:04:43.457,2.03445,2.03495,1.60,2.40
2008.05.19 15:04:43.975,2.03445,2.0349,0.80,0.90
2008.05.19 15:04:44.112,2.03435,2.0349,6.30,1.70
2008.05.19 15:04:44.247,2.03445,2.0349,0.80,0.80
2008.05.19 15:04:44.384,2.03435,2.0349,3.90,1.70
2008.05.19 15:04:47.060,2.0344,2.0349,2.40,1.70
2008.05.19 15:04:47.481,2.03445,2.0349,0.80,0.80
2008.05.19 15:04:47.572,2.03445,2.0349,1.60,0.80
2008.05.19 15:04:47.846,2.03445,2.0349,0.80,0.80
2008.05.19 15:04:47.936,2.03435,2.0349,6.30,1.70
2008.05.19 15:04:48.037,2.03435,2.0349,3.90,1.70
2008.05.19 15:04:53.901,2.03435,2.0348,3.00,0.90
2008.05.19 15:04:54.116,2.03435,2.0348,1.40,1.70
2008.05.19 15:04:55.624,2.03435,2.0348,1.40,4.10
2008.05.19 15:04:55.872,2.03435,2.0347,1.40,0.90
2008.05.19 15:04:56.049,2.03435,2.0347,0.60,1.70
2008.05.19 15:04:56.217,2.03435,2.0347,0.60,0.80
2008.05.19 15:04:56.811,2.0343,2.0346,0.60,0.80
2008.05.19 15:04:56.941,2.0343,2.0346,0.60,1.70
2008.05.19 15:04:57.433,2.0343,2.0346,0.60,0.80
2008.05.19 15:04:57.553,2.0343,2.03465,0.60,3.20
2008.05.19 15:04:57.669,2.0343,2.0347,1.50,0.80
2008.05.19 15:04:58.000,2.0343,2.0347,0.60,0.80
2008.05.19 15:04:58.493,2.03435,2.0347,1.60,0.80
2008.05.19 15:04:59.101,2.03435,2.03475,2.40,0.90
2008.05.19 15:04:59.212,2.03435,2.03485,2.40,4.10
2008.05.19 15:04:59.323,2.03435,2.0348,2.40,0.80
2008.05.19 15:05:00.945,2.03435,2.0348,0.80,0.80
2008.05.19 15:05:01.629,2.03435,2.0348,0.80,1.70
2008.05.19 15:05:01.770,2.03435,2.0348,1.40,1.70
2008.05.19 15:05:06.037,2.03435,2.0348,3.00,1.70
2008.05.19 15:05:07.748,2.03445,2.0348,0.80,0.80
2008.05.19 15:05:07.943,2.03455,2.03485,0.80,1.60
2008.05.19 15:05:08.324,2.03455,2.035,2.40,1.60
2008.05.19 15:05:08.732,2.03455,2.035,2.40,2.40
2008.05.19 15:05:08.922,2.03455,2.035,0.80,2.40
2008.05.19 15:05:10.698,2.03465,2.035,0.80,1.40
2008.05.19 15:05:10.775,2.0347,2.035,0.80,0.60
2008.05.19 15:05:10.853,2.0347,2.03505,0.80,2.20
2008.05.19 15:05:10.995,2.03465,2.035,3.20,0.80
2008.05.19 15:05:11.285,2.03465,2.035,0.80,0.80
2008.05.19 15:05:11.416,2.0346,2.035,0.80,0.80
2008.05.19 15:05:12.441,2.03465,2.035,0.80,0.80
2008.05.19 15:05:12.649,2.03465,2.03505,0.80,2.40
2008.05.19 15:05:12.846,2.0348,2.03505,0.80,1.60
2008.05.19 15:05:12.966,2.03485,2.0351,0.80,0.80
2008.05.19 15:05:14.648,2.0348,2.0351,0.80,0.80
2008.05.19 15:05:14.979,2.03485,2.0351,0.80,0.80
2008.05.19 15:05:15.330,2.03495,2.03525,0.80,2.40
2008.05.19 15:05:15.490,2.035,2.03525,0.80,2.40
2008.05.19 15:05:15.751,2.03495,2.03525,1.60,2.40
2008.05.19 15:05:15.921,2.03495,2.0353,1.60,0.80
2008.05.19 15:05:16.928,2.03495,2.0353,0.80,0.80
2008.05.19 15:05:17.399,2.03495,2.03525,0.80,2.40
2008.05.19 15:05:19.850,2.03495,2.03535,0.80,2.50
2008.05.19 15:05:19.946,2.03495,2.03535,0.80,1.60
2008.05.19 15:05:20.042,2.03495,2.03545,0.80,9.60
2008.05.19 15:05:20.291,2.0351,2.03545,2.40,4.00
2008.05.19 15:05:20.392,2.03535,2.03545,0.80,2.50
2008.05.19 15:05:20.523,2.03535,2.03545,0.80,1.60
2008.05.19 15:05:20.787,2.03535,2.0355,0.80,0.60
2008.05.19 15:05:20.918,2.03525,2.0355,0.80,0.80
2008.05.19 15:05:21.180,2.03515,2.0355,0.80,0.80
2008.05.19 15:05:21.857,2.03515,2.03545,0.80,1.60
2008.05.19 15:05:22.600,2.03515,2.0355,0.80,0.80
2008.05.19 15:05:23.218,2.03515,2.0355,0.80,1.70
2008.05.19 15:05:24.188,2.03515,2.0355,0.80,0.90
2008.05.19 15:05:24.340,2.03525,2.03555,0.80,1.60
2008.05.19 15:05:24.679,2.03535,2.03555,0.80,1.60
2008.05.19 15:05:24.836,2.03535,2.0357,0.80,2.40
2008.05.19 15:05:25.076,2.03535,2.03565,0.80,0.80
2008.05.19 15:05:25.318,2.03535,2.03565,0.80,3.20
2008.05.19 15:05:25.799,2.03535,2.03555,0.80,3.30
2008.05.19 15:05:26.012,2.03515,2.0354,1.60,0.80
2008.05.19 15:05:26.224,2.03505,2.0355,0.80,0.80
2008.05.19 15:05:26.445,2.03505,2.0354,0.80,0.80
2008.05.19 15:05:27.285,2.03505,2.0354,1.60,0.80
2008.05.19 15:05:27.498,2.03515,2.03545,0.80,1.60
2008.05.19 15:05:27.711,2.03515,2.03545,1.60,1.60
2008.05.19 15:05:27.924,2.03525,2.0355,0.80,0.80
2008.05.19 15:05:28.414,2.0352,2.0355,0.80,0.80
2008.05.19 15:05:28.907,2.03535,2.0355,0.80,0.80
2008.05.19 15:05:29.160,2.03555,2.03565,0.80,1.60
2008.05.19 15:05:29.402,2.03555,2.03565,0.80,1.60
2008.05.19 15:05:29.643,2.03535,2.03575,4.80,1.60
2008.05.19 15:05:29.885,2.03535,2.0358,4.80,0.60
2008.05.19 15:05:30.151,2.03535,2.0358,2.40,0.60
2008.05.19 15:05:30.418,2.03535,2.03575,1.60,1.60
2008.05.19 15:05:30.684,2.03535,2.03575,0.80,3.00
2008.05.19 15:05:30.950,2.03535,2.03575,0.80,4.00
2008.05.19 15:05:31.167,2.03545,2.03565,0.80,1.60
2008.05.19 15:05:31.610,2.03525,2.03565,4.00,0.60
2008.05.19 15:05:31.827,2.03535,2.0357,0.80,2.40
2008.05.19 15:05:32.044,2.03535,2.0356,0.80,0.80
2008.05.19 15:05:33.701,2.03535,2.0356,0.80,1.40
2008.05.19 15:05:33.932,2.03535,2.03545,0.80,2.40
2008.05.19 15:05:34.175,2.03515,2.0354,1.60,0.80
2008.05.19 15:05:34.376,2.0351,2.0355,0.80,0.60
2008.05.19 15:05:34.568,2.03505,2.03545,1.60,2.40
2008.05.19 15:05:34.761,2.03505,2.0354,1.60,0.80
2008.05.19 15:05:34.951,2.03505,2.0354,0.80,0.80
2008.05.19 15:05:35.734,2.03505,2.03535,0.80,0.90
2008.05.19 15:05:35.996,2.03495,2.0353,1.60,0.80
2008.05.19 15:05:36.405,2.0348,2.03525,0.80,1.60
2008.05.19 15:05:36.704,2.03485,2.03525,0.80,1.60
2008.05.19 15:05:36.856,2.03485,2.0352,1.60,0.80
2008.05.19 15:05:37.015,2.03485,2.0352,3.20,0.80
2008.05.19 15:05:37.351,2.035,2.0352,0.80,0.80
2008.05.19 15:05:37.548,2.035,2.0353,3.20,0.80
2008.05.19 15:05:37.971,2.035,2.03535,4.80,1.60
2008.05.19 15:05:38.155,2.035,2.03545,0.80,3.20
2008.05.19 15:05:38.416,2.03495,2.0353,3.20,0.80
2008.05.19 15:05:38.679,2.03495,2.0353,0.80,0.80
2008.05.19 15:05:38.940,2.03495,2.0352,0.80,0.80
2008.05.19 15:05:39.451,2.03495,2.0353,0.80,0.80
2008.05.19 15:05:39.893,2.03485,2.0353,2.40,0.80
2008.05.19 15:05:40.607,2.0348,2.0353,0.80,0.80
2008.05.19 15:05:40.779,2.0349,2.0353,0.80,0.80
2008.05.19 15:05:40.951,2.03495,2.0353,0.80,0.80
2008.05.19 15:05:41.121,2.03495,2.0353,2.40,0.80
2008.05.19 15:05:41.292,2.03495,2.0353,1.60,0.80
2008.05.19 15:05:41.582,2.03495,2.0353,0.80,0.80
2008.05.19 15:05:41.937,2.03485,2.0353,0.80,0.80
2008.05.19 15:05:42.918,2.03495,2.0353,2.40,0.80
2008.05.19 15:05:43.621,2.03495,2.0353,1.60,1.70
2008.05.19 15:05:43.850,2.03495,2.0351,0.80,0.80
2008.05.19 15:05:43.966,2.03485,2.0351,1.60,0.80
2008.05.19 15:05:44.195,2.03475,2.0351,3.10,0.80
2008.05.19 15:05:44.462,2.03475,2.0351,4.70,0.80
2008.05.19 15:05:44.802,2.03475,2.0351,4.80,0.80
2008.05.19 15:05:45.280,2.03475,2.0351,3.20,0.80
2008.05.19 15:05:45.428,2.03475,2.0351,2.40,0.80
2008.05.19 15:05:45.938,2.03475,2.0351,1.60,0.80
2008.05.19 15:05:46.098,2.03475,2.0349,0.80,0.80
2008.05.19 15:05:46.240,2.03465,2.0349,2.40,0.80
2008.05.19 15:05:46.391,2.03465,2.0349,1.60,0.80
2008.05.19 15:05:46.760,2.03455,2.0349,7.90,0.80
2008.05.19 15:05:46.981,2.03455,2.0349,7.20,0.80
2008.05.19 15:05:47.202,2.03465,2.0349,0.80,0.80
2008.05.19 15:05:47.423,2.03465,2.0351,0.80,0.80
2008.05.19 15:05:47.807,2.03475,2.0351,0.80,0.80
2008.05.19 15:05:47.973,2.03475,2.0351,4.00,0.80
2008.05.19 15:05:48.465,2.03475,2.0351,2.40,0.80
2008.05.19 15:05:48.976,2.03475,2.03505,1.60,1.60
2008.05.19 15:05:49.163,2.03475,2.0349,0.80,0.80
2008.05.19 15:05:49.350,2.03475,2.0351,0.80,0.80
2008.05.19 15:05:49.546,2.03475,2.0351,0.80,0.80
2008.05.19 15:05:49.750,2.03465,2.0351,0.80,0.80
2008.05.19 15:05:49.907,2.0347,2.0351,0.80,0.80
2008.05.19 15:05:50.063,2.03465,2.0349,1.60,0.80
2008.05.19 15:05:50.218,2.0347,2.0349,0.80,0.80
2008.05.19 15:05:50.374,2.0347,2.0351,0.80,0.80
2008.05.19 15:05:50.530,2.03475,2.0351,3.20,0.80
2008.05.19 15:05:50.687,2.03475,2.0351,3.20,1.70
2008.05.19 15:05:50.873,2.03475,2.0351,1.60,1.70
2008.05.19 15:05:51.060,2.03475,2.0349,1.60,0.80
2008.05.19 15:05:51.431,2.03465,2.0349,2.40,0.80
2008.05.19 15:05:51.616,2.03455,2.0349,2.40,0.80
2008.05.19 15:05:51.857,2.0345,2.0349,0.80,0.80
2008.05.19 15:05:52.798,2.03465,2.035,0.80,0.80
2008.05.19 15:05:52.954,2.03455,2.035,5.60,0.80
2008.05.19 15:05:53.123,2.03455,2.0349,8.00,0.80
2008.05.19 15:05:53.278,2.0346,2.0349,0.80,0.80
2008.05.19 15:05:53.436,2.03465,2.03495,1.60,0.90
2008.05.19 15:05:53.757,2.03465,2.035,1.60,4.10
2008.05.19 15:05:54.013,2.03455,2.035,1.60,1.70
2008.05.19 15:05:54.279,2.03455,2.03495,1.60,0.90
2008.05.19 15:05:54.812,2.03455,2.035,1.60,1.70
2008.05.19 15:05:54.993,2.03455,2.035,1.60,3.30
2008.05.19 15:05:55.173,2.03455,2.035,2.40,2.40
2008.05.19 15:05:55.355,2.0346,2.035,0.80,0.80
2008.05.19 15:05:55.536,2.0346,2.035,3.20,0.80
2008.05.19 15:05:55.718,2.0346,2.0351,0.80,0.60
2008.05.19 15:05:56.011,2.03455,2.035,2.40,0.80
2008.05.19 15:05:56.570,2.03455,2.0349,4.80,0.80
2008.05.19 15:05:56.985,2.03455,2.0349,2.40,0.80
2008.05.19 15:05:57.355,2.03455,2.0349,4.80,0.80
2008.05.19 15:05:57.490,2.03455,2.0349,5.60,0.80
2008.05.19 15:05:58.169,2.0346,2.0349,0.80,0.80
2008.05.19 15:05:58.325,2.03455,2.0349,5.60,0.80
2008.05.19 15:05:58.480,2.03455,2.035,3.20,0.80
2008.05.19 15:06:00.058,2.03455,2.035,1.60,0.80
2008.05.19 15:06:00.378,2.03455,2.035,3.10,0.80
2008.05.19 15:06:02.697,2.0347,2.035,0.80,0.80
2008.05.19 15:06:02.870,2.03465,2.035,1.60,0.80
2008.05.19 15:06:02.965,2.0347,2.035,0.80,0.80
2008.05.19 15:06:03.222,2.03465,2.035,4.80,0.80
2008.05.19 15:06:03.393,2.03465,2.03515,4.80,2.50
2008.05.19 15:06:03.567,2.03465,2.0352,4.00,2.40
2008.05.19 15:06:03.739,2.03475,2.0352,0.80,2.40
2008.05.19 15:06:03.922,2.03465,2.03515,0.80,2.50
2008.05.19 15:06:04.093,2.03465,2.03515,0.80,3.20
2008.05.19 15:06:04.369,2.03465,2.0351,0.80,0.90
2008.05.19 15:06:04.678,2.03465,2.03515,0.80,3.20
2008.05.19 15:06:05.367,2.03455,2.03495,4.80,0.90
2008.05.19 15:06:05.465,2.03455,2.03495,4.00,1.70
2008.05.19 15:06:05.664,2.03455,2.03495,1.60,1.70
2008.05.19 15:06:05.760,2.03455,2.03495,1.60,2.50
2008.05.19 15:06:05.868,2.03455,2.0349,1.60,0.80
2008.05.19 15:06:06.153,2.03445,2.0349,0.80,0.80
2008.05.19 15:06:06.392,2.0344,2.0349,1.50,0.80
2008.05.19 15:06:07.029,2.0344,2.03485,1.50,0.80
2008.05.19 15:06:07.400,2.03435,2.03485,7.10,0.80
2008.05.19 15:06:07.895,2.03435,2.03485,8.70,0.80
2008.05.19 15:06:08.026,2.03435,2.0347,6.30,0.80
2008.05.19 15:06:08.697,2.03435,2.0347,5.60,0.80
2008.05.19 15:06:09.695,2.03435,2.0347,6.30,0.80
2008.05.19 15:06:09.807,2.03435,2.03485,6.30,0.80
2008.05.19 15:06:09.856,2.03435,2.03485,8.70,0.80
2008.05.19 15:06:10.014,2.03455,2.03485,0.80,0.80
2008.05.19 15:06:10.080,2.03455,2.0349,0.80,0.80
2008.05.19 15:06:10.127,2.03455,2.03495,0.80,1.60
2008.05.19 15:06:10.414,2.03455,2.03505,0.80,2.20
2008.05.19 15:06:10.662,2.03455,2.0351,3.20,2.40
2008.05.19 15:06:10.877,2.03455,2.0351,3.20,1.70
2008.05.19 15:06:11.083,2.03465,2.0351,0.80,0.80
2008.05.19 15:06:12.768,2.0347,2.0351,0.80,0.80
2008.05.19 15:06:12.902,2.0347,2.03515,0.80,1.60
2008.05.19 15:06:12.969,2.03465,2.03515,4.00,0.90
2008.05.19 15:06:13.161,2.03465,2.03515,1.60,0.90
2008.05.19 15:06:13.495,2.0346,2.03515,1.50,2.50
2008.05.19 15:06:13.921,2.03465,2.03515,0.80,1.60
2008.05.19 15:06:14.432,2.0346,2.0349,0.60,0.80
2008.05.19 15:06:14.689,2.03455,2.0349,7.20,0.80
2008.05.19 15:06:15.011,2.03455,2.0349,4.80,0.80
2008.05.19 15:06:15.167,2.03455,2.0351,4.80,1.70
2008.05.19 15:06:15.478,2.03455,2.0349,8.80,0.80
2008.05.19 15:06:15.788,2.03455,2.0349,6.40,0.80
2008.05.19 15:06:15.969,2.03455,2.0349,5.60,0.80
2008.05.19 15:06:16.150,2.03455,2.0349,2.40,0.80
2008.05.19 15:06:16.331,2.03445,2.03485,1.60,2.40
2008.05.19 15:06:16.511,2.0344,2.0347,0.60,0.80
2008.05.19 15:06:16.871,2.03435,2.0347,5.50,0.80
2008.05.19 15:06:17.017,2.03435,2.03485,5.50,2.40
2008.05.19 15:06:17.162,2.03435,2.0349,7.90,4.10
2008.05.19 15:06:17.308,2.03435,2.0347,4.60,0.80
2008.05.19 15:06:17.455,2.03435,2.0346,3.20,0.80
2008.05.19 15:06:17.746,2.03445,2.0348,1.60,0.80
2008.05.19 15:06:17.942,2.0344,2.0348,0.80,0.80
2008.05.19 15:06:18.295,2.0345,2.0348,0.80,0.80
2008.05.19 15:06:18.471,2.03445,2.03495,1.60,3.30
2008.05.19 15:06:18.831,2.03455,2.03495,1.60,3.30
2008.05.19 15:06:19.117,2.03445,2.03495,1.60,3.30
2008.05.19 15:06:19.414,2.03445,2.03495,4.00,3.30
2008.05.19 15:06:20.497,2.03445,2.03485,2.40,1.60
2008.05.19 15:06:20.618,2.03445,2.03485,3.20,1.60
2008.05.19 15:06:21.208,2.03445,2.03495,2.40,3.30
2008.05.19 15:06:21.310,2.03445,2.0348,2.40,0.80
2008.05.19 15:06:21.761,2.03445,2.0348,0.80,0.80
2008.05.19 15:06:21.979,2.03445,2.0347,0.80,0.80
2008.05.19 15:06:23.892,2.03445,2.0348,0.80,0.80
2008.05.19 15:06:24.103,2.03455,2.03495,2.40,1.60
2008.05.19 15:06:24.308,2.0346,2.03495,0.80,1.60
2008.05.19 15:06:24.515,2.0346,2.0351,0.80,1.40
2008.05.19 15:06:25.207,2.0346,2.0351,0.80,0.80
2008.05.19 15:06:26.079,2.03455,2.035,4.80,0.90
2008.05.19 15:06:26.195,2.0346,2.03495,2.40,1.60
2008.05.19 15:06:26.425,2.03455,2.03495,1.60,1.60
2008.05.19 15:06:26.916,2.03455,2.03495,0.80,1.60
2008.05.19 15:06:27.215,2.03455,2.035,0.80,0.80
2008.05.19 15:06:27.789,2.03455,2.035,1.60,0.80
2008.05.19 15:06:28.307,2.03455,2.035,3.20,0.80
2008.05.19 15:06:30.975,2.03455,2.035,2.40,0.80
2008.05.19 15:06:33.832,2.03455,2.035,3.20,0.80
2008.05.19 15:06:34.280,2.0347,2.035,0.80,0.80
2008.05.19 15:06:34.406,2.0347,2.03505,0.80,0.60
2008.05.19 15:06:34.656,2.0347,2.0351,0.80,1.40
2008.05.19 15:06:35.063,2.03475,2.0351,1.60,0.80
2008.05.19 15:06:35.791,2.0347,2.0351,0.80,0.80
2008.05.19 15:06:36.041,2.03475,2.0351,1.60,0.80
2008.05.19 15:06:36.290,2.0347,2.0351,0.80,0.80
2008.05.19 15:06:37.357,2.03465,2.0351,1.60,0.80
2008.05.19 15:06:38.051,2.0346,2.0351,0.80,0.80
2008.05.19 15:06:38.585,2.03455,2.03505,3.00,0.90
2008.05.19 15:06:38.873,2.03465,2.0351,1.60,4.10
2008.05.19 15:06:39.026,2.03465,2.0351,1.60,4.80
2008.05.19 15:06:39.179,2.03455,2.0349,6.40,0.80
2008.05.19 15:06:39.332,2.03455,2.0349,2.40,1.70
2008.05.19 15:06:39.483,2.03455,2.0349,2.40,0.80
2008.05.19 15:06:39.744,2.03455,2.0349,1.60,0.80
2008.05.19 15:06:40.019,2.03455,2.0349,1.60,1.70
2008.05.19 15:06:40.280,2.03455,2.03485,1.60,2.40
2008.05.19 15:06:40.541,2.03445,2.0347,0.80,0.80
2008.05.19 15:06:40.703,2.0344,2.0349,0.60,1.70
2008.05.19 15:06:40.874,2.03445,2.0349,1.60,1.70
2008.05.19 15:06:41.036,2.03445,2.03485,1.60,2.40
2008.05.19 15:06:41.199,2.03445,2.0347,1.60,0.80
2008.05.19 15:06:41.751,2.03445,2.0347,0.80,0.80
2008.05.19 15:06:41.932,2.03445,2.0349,1.60,1.70
2008.05.19 15:06:42.305,2.03445,2.03485,1.60,3.30
2008.05.19 15:06:42.486,2.0344,2.0347,0.60,0.80
2008.05.19 15:06:42.671,2.03435,2.0347,3.00,0.80
2008.05.19 15:06:42.851,2.03435,2.0347,3.80,0.80
2008.05.19 15:06:43.057,2.03435,2.03485,4.70,6.40
2008.05.19 15:06:43.265,2.03435,2.0347,2.40,0.80
2008.05.19 15:06:43.473,2.03435,2.0347,4.00,0.80
2008.05.19 15:06:44.183,2.03435,2.0347,3.20,0.80
2008.05.19 15:06:44.453,2.03435,2.0347,2.40,0.80
2008.05.19 15:06:44.590,2.03435,2.0347,4.00,0.80
2008.05.19 15:06:44.945,2.0344,2.0347,0.80,0.80
2008.05.19 15:06:46.816,2.03445,2.0347,2.40,0.80
2008.05.19 15:06:46.927,2.03445,2.0349,2.40,0.80
2008.05.19 15:06:47.019,2.03465,2.0349,2.40,0.80
2008.05.19 15:06:47.307,2.03455,2.0349,1.60,0.80
2008.05.19 15:06:47.586,2.03455,2.0349,4.00,0.80
2008.05.19 15:06:47.799,2.03455,2.0349,4.80,0.80
2008.05.19 15:06:48.146,2.03455,2.0349,3.20,0.80
2008.05.19 15:06:48.392,2.03455,2.0349,2.40,0.80
2008.05.19 15:06:48.637,2.03445,2.0349,2.40,0.80
2008.05.19 15:06:49.418,2.03455,2.0349,0.80,0.80
2008.05.19 15:06:49.563,2.03455,2.0349,4.00,0.80
2008.05.19 15:06:49.698,2.03455,2.0349,4.80,0.80
2008.05.19 15:06:50.030,2.03455,2.0349,6.40,0.80
2008.05.19 15:06:50.136,2.03455,2.0349,4.00,0.80
2008.05.19 15:06:50.562,2.03455,2.0349,6.40,0.80
2008.05.19 15:06:50.668,2.03455,2.0349,4.00,0.80
2008.05.19 15:06:50.774,2.03455,2.0349,2.40,0.80
2008.05.19 15:06:50.894,2.03455,2.0349,4.80,0.80
2008.05.19 15:06:51.125,2.03455,2.0349,6.40,0.80
2008.05.19 15:06:51.288,2.03455,2.0349,1.60,1.70
2008.05.19 15:06:51.617,2.03445,2.0349,1.50,0.80
2008.05.19 15:06:51.779,2.03455,2.0349,4.00,0.80
2008.05.19 15:06:51.939,2.03455,2.0349,4.80,0.80
2008.05.19 15:06:52.111,2.03455,2.0349,3.20,0.80
2008.05.19 15:06:52.281,2.03455,2.0349,2.40,0.80
2008.05.19 15:06:52.452,2.03455,2.0349,1.60,0.80
2008.05.19 15:06:52.623,2.03445,2.0349,5.50,0.80
2008.05.19 15:06:52.795,2.03455,2.0349,0.80,0.80
2008.05.19 15:06:52.966,2.03455,2.0349,4.00,0.80
2008.05.19 15:06:53.137,2.03455,2.0349,4.80,0.80
2008.05.19 15:06:53.329,2.03455,2.0349,0.80,0.80
2008.05.19 15:06:54.069,2.03445,2.03485,1.60,1.60
2008.05.19 15:06:54.259,2.03455,2.0347,0.80,0.80
2008.05.19 15:06:54.360,2.03455,2.0349,0.80,0.80
2008.05.19 15:06:54.484,2.03435,2.0349,7.90,1.70
2008.05.19 15:06:54.742,2.03435,2.0349,9.50,1.70
2008.05.19 15:06:54.843,2.03435,2.0349,6.30,4.10
2008.05.19 15:06:55.971,2.03435,2.03485,3.90,2.40
2008.05.19 15:06:56.106,2.03435,2.0348,3.90,1.60
2008.05.19 15:06:57.252,2.03435,2.0347,3.90,1.60
2008.05.19 15:06:57.332,2.03435,2.0347,2.40,1.60
2008.05.19 15:06:57.413,2.03435,2.0347,1.60,2.40
2008.05.19 15:06:57.495,2.03435,2.0346,1.60,1.60
2008.05.19 15:06:57.575,2.0343,2.03465,1.50,0.80
2008.05.19 15:06:57.741,2.0343,2.03465,0.80,0.80
2008.05.19 15:06:57.901,2.03435,2.03465,0.80,0.80
2008.05.19 15:06:57.982,2.03435,2.03465,1.60,0.80
2008.05.19 15:06:58.373,2.03435,2.03465,0.80,0.80
2008.05.19 15:06:58.743,2.03435,2.0346,0.80,1.60
2008.05.19 15:06:58.929,2.03425,2.0346,2.40,1.60
2008.05.19 15:07:00.704,2.03425,2.0347,2.40,2.40
2008.05.19 15:07:01.118,2.03425,2.03465,2.40,0.80
2008.05.19 15:07:01.425,2.03425,2.03465,3.20,0.80
2008.05.19 15:07:01.611,2.03425,2.03465,5.50,0.80
2008.05.19 15:07:01.795,2.03425,2.0347,5.50,2.40
2008.05.19 15:07:02.175,2.03425,2.03465,4.70,2.40
2008.05.19 15:07:02.351,2.03425,2.03465,3.20,2.40
2008.05.19 15:07:02.537,2.03425,2.03465,2.40,2.40
2008.05.19 15:07:02.728,2.03425,2.03465,3.20,2.40
2008.05.19 15:07:03.028,2.03425,2.03465,0.80,2.40
2008.05.19 15:07:04.017,2.03425,2.03465,1.60,2.40
2008.05.19 15:07:04.687,2.03425,2.03465,0.80,2.40
2008.05.19 15:07:04.780,2.0342,2.03465,2.40,2.40
2008.05.19 15:07:04.994,2.0342,2.0347,2.40,3.30
2008.05.19 15:07:05.065,2.03415,2.0347,3.90,3.30
2008.05.19 15:07:05.568,2.03415,2.03465,3.90,2.40
2008.05.19 15:07:05.864,2.03425,2.03465,1.60,2.40
2008.05.19 15:07:06.023,2.03435,2.03465,1.60,2.40
2008.05.19 15:07:06.294,2.03415,2.03465,3.90,2.40
2008.05.19 15:07:06.884,2.0342,2.03465,0.80,2.40
2008.05.19 15:07:06.969,2.03415,2.03465,3.90,2.40
2008.05.19 15:07:07.024,2.03415,2.0347,3.90,1.70
2008.05.19 15:07:07.298,2.03425,2.0347,1.60,1.70
2008.05.19 15:07:07.550,2.03415,2.0347,6.30,1.70
2008.05.19 15:07:07.757,2.03425,2.0347,0.80,1.70
2008.05.19 15:07:07.957,2.0343,2.0347,0.80,0.80
2008.05.19 15:07:08.499,2.03425,2.0347,1.60,0.80
2008.05.19 15:07:08.868,2.03425,2.0347,0.80,0.80
2008.05.19 15:07:09.823,2.03425,2.0347,0.80,1.70
2008.05.19 15:07:10.036,2.03415,2.03465,1.50,1.60
2008.05.19 15:07:10.154,2.03415,2.03465,0.80,1.60
2008.05.19 15:07:10.370,2.0342,2.03465,0.80,1.60
2008.05.19 15:07:14.083,2.0342,2.03465,0.80,2.40
2008.05.19 15:07:14.576,2.03425,2.03465,1.60,2.40
2008.05.19 15:07:14.686,2.03425,2.03465,1.60,1.60
2008.05.19 15:07:14.959,2.03425,2.0347,1.60,2.40
2008.05.19 15:07:15.067,2.03425,2.0346,1.60,1.60
2008.05.19 15:07:15.810,2.03425,2.0346,0.80,1.60
2008.05.19 15:07:17.922,2.03425,2.03455,0.80,0.90
2008.05.19 15:07:18.163,2.03415,2.0345,4.00,1.60
2008.05.19 15:07:18.284,2.0341,2.0345,0.60,1.60
2008.05.19 15:07:18.422,2.03415,2.0345,0.80,1.60
2008.05.19 15:07:18.543,2.03415,2.03455,0.80,2.40
2008.05.19 15:07:18.663,2.03415,2.03455,1.60,2.40
2008.05.19 15:07:18.903,2.03415,2.0347,5.60,3.30
2008.05.19 15:07:19.143,2.03415,2.0346,4.80,1.60
2008.05.19 15:07:19.383,2.03415,2.0346,2.40,1.60
2008.05.19 15:07:19.623,2.0341,2.0346,0.80,1.60
2008.05.19 15:07:20.377,2.03405,2.0346,3.10,2.50
2008.05.19 15:07:20.488,2.03405,2.0345,3.10,0.80
2008.05.19 15:07:20.709,2.03415,2.0345,0.80,0.80
2008.05.19 15:07:20.805,2.03415,2.0346,0.80,2.40
2008.05.19 15:07:20.900,2.03405,2.0346,3.90,3.30
2008.05.19 15:07:20.995,2.03405,2.0345,3.90,0.80
2008.05.19 15:07:21.330,2.03405,2.0345,3.00,0.80
2008.05.19 15:07:21.543,2.03405,2.0345,2.20,0.80
2008.05.19 15:07:22.102,2.03405,2.0345,0.60,0.80
2008.05.19 15:07:22.622,2.03405,2.0345,0.60,1.70
2008.05.19 15:07:23.114,2.034,2.0345,1.50,1.70
2008.05.19 15:07:23.393,2.034,2.0345,1.50,0.80
2008.05.19 15:07:23.603,2.034,2.0345,1.50,2.40
2008.05.19 15:07:23.974,2.034,2.0345,1.50,3.30
2008.05.19 15:07:25.180,2.034,2.0344,0.60,0.90
2008.05.19 15:07:25.366,2.034,2.0345,1.50,5.70
2008.05.19 15:07:25.514,2.03405,2.0345,0.80,5.70
2008.05.19 15:07:25.588,2.03405,2.0344,0.80,1.60
2008.05.19 15:07:25.808,2.034,2.0343,2.40,0.80
2008.05.19 15:07:25.885,2.03395,2.0343,2.20,0.80
2008.05.19 15:07:26.414,2.0339,2.0343,1.50,0.80
2008.05.19 15:07:26.635,2.03395,2.0343,3.20,0.80
2008.05.19 15:07:27.074,2.03395,2.0343,0.80,0.80
2008.05.19 15:07:27.344,2.0339,2.0343,0.80,0.80
2008.05.19 15:07:27.613,2.0339,2.03445,0.80,2.50
2008.05.19 15:07:27.893,2.03395,2.0343,3.20,0.90
2008.05.19 15:07:28.030,2.03385,2.0341,4.60,0.80
2008.05.19 15:07:28.168,2.03385,2.0341,2.20,0.80
2008.05.19 15:07:28.405,2.0338,2.0341,1.50,0.80
2008.05.19 15:07:28.641,2.0339,2.0343,0.80,2.40
2008.05.19 15:07:28.877,2.03395,2.0343,3.20,2.40
2008.05.19 15:07:29.113,2.03395,2.0343,0.80,0.80
2008.05.19 15:07:29.364,2.03395,2.0343,1.60,2.40
2008.05.19 15:07:29.854,2.03385,2.0343,1.60,2.40
2008.05.19 15:07:30.101,2.03385,2.0343,1.60,0.80
2008.05.19 15:07:30.419,2.0339,2.0343,0.80,0.80
2008.05.19 15:07:30.739,2.03395,2.0344,3.20,2.40
2008.05.19 15:07:30.911,2.034,2.0343,0.80,2.40
2008.05.19 15:07:31.073,2.03395,2.0343,4.00,1.60
2008.05.19 15:07:31.234,2.03395,2.0344,5.60,1.60
2008.05.19 15:07:31.486,2.03395,2.0344,4.00,1.60
2008.05.19 15:07:31.745,2.03395,2.0344,6.40,1.60
2008.05.19 15:07:31.986,2.03395,2.03435,6.40,0.80
2008.05.19 15:07:32.535,2.03395,2.03435,3.20,3.20
2008.05.19 15:07:32.681,2.03395,2.03435,0.80,3.20
2008.05.19 15:07:33.166,2.03395,2.03435,3.20,0.80
2008.05.19 15:07:33.605,2.03395,2.03435,0.80,3.20
2008.05.19 15:07:35.090,2.03395,2.03435,3.20,0.80
2008.05.19 15:07:35.721,2.03395,2.03425,0.80,3.30
2008.05.19 15:07:35.789,2.03395,2.0342,0.80,1.60
2008.05.19 15:07:35.959,2.03385,2.03415,2.20,0.80
2008.05.19 15:07:36.027,2.03395,2.03415,2.40,0.80
2008.05.19 15:07:36.471,2.03395,2.0342,0.80,1.60
2008.05.19 15:07:36.760,2.03395,2.03435,0.80,3.20
2008.05.19 15:07:37.319,2.03395,2.03435,3.20,0.80
2008.05.19 15:07:39.479,2.03395,2.03435,4.00,0.80
2008.05.19 15:07:39.661,2.03395,2.03435,2.40,3.20
2008.05.19 15:07:39.792,2.034,2.03435,0.80,0.80
2008.05.19 15:07:40.127,2.03415,2.0344,0.80,0.80
2008.05.19 15:07:40.292,2.03415,2.03435,0.80,0.80
2008.05.19 15:07:41.376,2.03415,2.0344,0.80,0.80
2008.05.19 15:07:41.542,2.03415,2.03455,0.80,1.60
2008.05.19 15:07:41.709,2.03415,2.0346,0.80,2.40
2008.05.19 15:07:41.875,2.03415,2.0346,2.40,2.40
2008.05.19 15:07:42.000,2.03415,2.0346,2.40,1.60
2008.05.19 15:07:42.293,2.03415,2.0346,3.20,1.60
2008.05.19 15:07:42.418,2.03425,2.0346,2.40,1.60
2008.05.19 15:07:44.098,2.03425,2.0346,2.40,2.40
2008.05.19 15:07:44.213,2.03425,2.0346,3.20,2.40
2008.05.19 15:07:44.483,2.03425,2.0346,2.40,2.40
2008.05.19 15:07:45.056,2.03425,2.0346,3.20,2.40
2008.05.19 15:07:45.202,2.03425,2.03455,2.40,0.80
2008.05.19 15:07:45.515,2.0342,2.03455,0.80,0.80
2008.05.19 15:07:46.028,2.03425,2.03455,0.80,1.70
2008.05.19 15:07:46.184,2.03415,2.0345,1.60,2.40
2008.05.19 15:07:46.430,2.03415,2.03445,1.60,0.80
2008.05.19 15:07:46.675,2.0341,2.03445,1.50,0.80
2008.05.19 15:07:47.167,2.03415,2.03445,1.60,0.80
2008.05.19 15:07:47.370,2.0342,2.03455,0.80,1.60
2008.05.19 15:07:47.571,2.0342,2.03465,0.80,2.40
2008.05.19 15:07:47.772,2.0342,2.03465,0.80,0.80
2008.05.19 15:07:47.971,2.03415,2.03465,5.60,0.80
2008.05.19 15:07:48.171,2.03415,2.03465,3.20,0.80
2008.05.19 15:07:48.371,2.03415,2.0346,2.40,2.50
2008.05.19 15:07:48.572,2.03415,2.0346,0.80,3.30
2008.05.19 15:07:49.460,2.03415,2.03455,0.80,0.90
2008.05.19 15:07:49.566,2.03405,2.03455,4.60,0.90
2008.05.19 15:07:49.705,2.03405,2.03455,4.60,1.70
2008.05.19 15:07:49.796,2.03405,2.03455,1.60,1.70
2008.05.19 15:07:49.913,2.034,2.03445,1.50,1.60
2008.05.19 15:07:50.020,2.03395,2.03445,3.90,1.60
2008.05.19 15:07:50.126,2.03395,2.0344,3.90,0.80
2008.05.19 15:07:50.234,2.03395,2.0344,1.50,0.80
2008.05.19 15:07:50.430,2.03395,2.0344,0.60,1.70
2008.05.19 15:07:50.626,2.03395,2.0343,0.60,0.80
2008.05.19 15:07:52.122,2.03395,2.0343,0.60,2.40
2008.05.19 15:07:52.847,2.0339,2.0343,0.60,2.40
2008.05.19 15:07:53.522,2.0339,2.0343,0.60,1.60
2008.05.19 15:07:53.643,2.0339,2.03435,0.60,2.40
2008.05.19 15:07:53.763,2.0339,2.03435,0.60,1.60
2008.05.19 15:07:54.838,2.0339,2.03435,0.60,2.40
2008.05.19 15:07:55.273,2.0339,2.03435,0.60,1.60
2008.05.19 15:07:56.238,2.0339,2.03435,1.50,1.60
2008.05.19 15:07:56.354,2.0339,2.03435,0.80,2.40
2008.05.19 15:07:56.531,2.03385,2.03435,2.30,2.40
2008.05.19 15:07:56.679,2.03385,2.0343,2.30,2.40
2008.05.19 15:07:57.454,2.0339,2.0343,0.80,2.40
2008.05.19 15:07:57.600,2.0339,2.0343,0.80,1.60
2008.05.19 15:07:59.006,2.03385,2.0343,2.30,1.60
2008.05.19 15:07:59.076,2.0339,2.0343,0.80,1.60
2008.05.19 15:07:59.228,2.0339,2.0343,1.50,1.60
2008.05.19 15:07:59.438,2.03395,2.0343,0.80,1.60
2008.05.19 15:07:59.524,2.03395,2.03435,0.80,0.80
2008.05.19 15:07:59.680,2.03395,2.0344,0.80,2.40
2008.05.19 15:07:59.835,2.03395,2.0344,1.50,2.40
2008.05.19 15:07:59.991,2.03405,2.0344,0.80,2.40
2008.05.19 15:08:00.156,2.03405,2.0344,0.80,1.60
2008.05.19 15:08:01.178,2.03405,2.0342,0.80,1.60
2008.05.19 15:08:01.304,2.03395,2.0342,4.60,1.60
2008.05.19 15:08:01.429,2.03395,2.0342,2.20,1.60
2008.05.19 15:08:01.554,2.03395,2.0342,3.00,1.60
2008.05.19 15:08:01.866,2.03395,2.0342,2.20,1.60
2008.05.19 15:08:02.005,2.03395,2.0342,3.10,1.60
2008.05.19 15:08:02.137,2.03395,2.0344,3.10,2.40
2008.05.19 15:08:02.269,2.03395,2.0344,2.30,2.40
2008.05.19 15:08:02.528,2.03395,2.0344,1.60,2.40
2008.05.19 15:08:02.660,2.03395,2.0343,1.60,0.80
2008.05.19 15:08:02.852,2.03395,2.03425,1.60,0.80
2008.05.19 15:08:03.053,2.03395,2.0342,1.60,0.90
2008.05.19 15:08:03.243,2.03385,2.03415,2.20,0.80
2008.05.19 15:08:03.434,2.03385,2.03415,1.60,0.80
2008.05.19 15:08:03.625,2.03395,2.03425,0.80,4.00
2008.05.19 15:08:03.821,2.03395,2.03425,4.00,1.60
2008.05.19 15:08:04.016,2.03395,2.0343,4.00,2.40
2008.05.19 15:08:04.220,2.03395,2.0343,2.40,2.40
2008.05.19 15:08:04.611,2.03395,2.03435,4.00,0.80
2008.05.19 15:08:04.806,2.03395,2.0344,4.00,2.40
2008.05.19 15:08:05.026,2.03395,2.0344,5.60,2.40
2008.05.19 15:08:05.437,2.03395,2.0344,4.00,2.40
2008.05.19 15:08:05.538,2.03395,2.0344,4.80,2.40
2008.05.19 15:08:05.977,2.03395,2.0344,5.60,2.40
2008.05.19 15:08:06.302,2.03395,2.0344,4.80,2.40
2008.05.19 15:08:06.427,2.03395,2.03435,1.60,0.90
2008.05.19 15:08:06.552,2.03395,2.03435,0.80,0.90
2008.05.19 15:08:06.742,2.03395,2.0344,1.60,2.40
2008.05.19 15:08:06.964,2.03395,2.03435,0.80,0.90
2008.05.19 15:08:07.105,2.03395,2.0344,1.60,2.40
2008.05.19 15:08:08.441,2.03395,2.03435,0.80,0.90
2008.05.19 15:08:08.594,2.03395,2.0344,0.80,3.30
2008.05.19 15:08:08.655,2.03395,2.0343,0.80,0.90
2008.05.19 15:08:08.714,2.03395,2.0343,0.80,2.50
2008.05.19 15:08:08.775,2.03395,2.0342,0.80,0.80
2008.05.19 15:08:09.009,2.03395,2.03415,0.80,0.80
2008.05.19 15:08:10.947,2.03395,2.03415,0.80,1.70
2008.05.19 15:08:11.035,2.03365,2.0341,2.40,1.60
2008.05.19 15:08:11.190,2.03365,2.034,4.80,1.60
2008.05.19 15:08:11.260,2.03365,2.03395,4.80,0.80
2008.05.19 15:08:11.578,2.03365,2.03395,3.20,0.80
2008.05.19 15:08:11.659,2.0337,2.03395,0.80,0.80
2008.05.19 15:08:11.788,2.0337,2.0341,0.80,1.60
2008.05.19 15:08:12.623,2.03365,2.0341,4.80,1.60
2008.05.19 15:08:12.960,2.0337,2.0341,0.80,1.60
2008.05.19 15:08:14.100,2.03375,2.03415,0.80,0.80
2008.05.19 15:08:14.236,2.03375,2.0342,0.80,3.00
2008.05.19 15:08:14.337,2.03375,2.0342,0.80,2.40
2008.05.19 15:08:14.950,2.03385,2.0342,0.80,2.40
2008.05.19 15:08:15.058,2.03385,2.0342,1.60,0.80
2008.05.19 15:08:15.483,2.0339,2.0342,0.80,0.80
2008.05.19 15:08:15.601,2.03395,2.0342,2.40,0.80
2008.05.19 15:08:16.757,2.03395,2.03425,3.20,0.80
2008.05.19 15:08:21.647,2.03395,2.03425,0.80,0.80
2008.05.19 15:08:23.002,2.03395,2.0341,0.80,1.60
2008.05.19 15:08:23.050,2.03395,2.0341,3.20,1.60
2008.05.19 15:08:23.133,2.03395,2.0341,2.40,2.40
2008.05.19 15:08:23.248,2.03395,2.03405,2.40,0.80
2008.05.19 15:08:23.421,2.03375,2.03405,0.80,0.80
2008.05.19 15:08:24.275,2.03375,2.03415,0.80,0.80
2008.05.19 15:08:24.561,2.03375,2.03415,3.20,0.80
2008.05.19 15:08:24.809,2.03375,2.03405,3.20,0.80
2008.05.19 15:08:24.936,2.03375,2.03405,0.80,0.80
2008.05.19 15:08:25.868,2.03365,2.03405,1.60,4.10
2008.05.19 15:08:26.069,2.03355,2.03395,2.40,0.80
2008.05.19 15:08:26.280,2.03355,2.03395,0.80,0.80
2008.05.19 15:08:26.600,2.03365,2.03395,0.80,0.80
2008.05.19 15:08:26.783,2.03365,2.034,0.80,1.60
2008.05.19 15:08:27.035,2.03365,2.03395,0.80,0.80
2008.05.19 15:08:27.515,2.03365,2.03395,0.80,1.60
2008.05.19 15:08:28.024,2.0337,2.034,0.80,1.60
2008.05.19 15:08:28.536,2.03365,2.034,0.80,1.60
2008.05.19 15:08:28.722,2.0337,2.0341,0.80,0.80
2008.05.19 15:08:28.914,2.03375,2.03415,0.80,3.80
2008.05.19 15:08:29.099,2.03375,2.03415,0.80,2.20
2008.05.19 15:08:29.285,2.03375,2.03415,0.80,1.60
2008.05.19 15:08:29.899,2.03375,2.03415,2.40,0.80
2008.05.19 15:08:30.060,2.03385,2.03415,0.80,0.80
2008.05.19 15:08:30.232,2.03385,2.0342,0.80,0.90
2008.05.19 15:08:30.566,2.03385,2.0342,0.80,1.60
2008.05.19 15:08:30.726,2.03385,2.03405,0.80,0.80
2008.05.19 15:08:31.383,2.03385,2.0342,0.80,1.60
2008.05.19 15:08:31.718,2.03395,2.03425,2.40,3.80
2008.05.19 15:08:31.823,2.03395,2.03425,3.20,2.40
2008.05.19 15:08:32.031,2.03395,2.03425,3.20,1.60
2008.05.19 15:08:32.186,2.03395,2.0343,3.20,0.60
2008.05.19 15:08:32.292,2.03395,2.03435,3.20,1.60
2008.05.19 15:08:32.593,2.034,2.03435,0.80,1.60
2008.05.19 15:08:32.699,2.03405,2.03435,0.80,1.60
2008.05.19 15:08:33.173,2.03385,2.03425,2.40,3.20
2008.05.19 15:08:33.405,2.03385,2.03425,2.40,4.00
2008.05.19 15:08:33.637,2.03385,2.03415,0.80,0.80
2008.05.19 15:08:34.691,2.0339,2.03415,0.80,0.80
2008.05.19 15:08:34.847,2.03395,2.03415,2.40,0.80
2008.05.19 15:08:34.905,2.03395,2.03415,3.20,0.80
2008.05.19 15:08:35.001,2.03395,2.03435,3.20,2.40
2008.05.19 15:08:35.157,2.03395,2.03435,3.20,0.80
2008.05.19 15:08:35.214,2.0341,2.03435,0.80,0.80
2008.05.19 15:08:35.380,2.03415,2.0345,0.80,0.60
2008.05.19 15:08:35.436,2.03415,2.03455,0.80,2.20
2008.05.19 15:08:35.738,2.03415,2.03445,0.80,0.90
2008.05.19 15:08:35.795,2.03405,2.03445,4.80,0.90
2008.05.19 15:08:35.995,2.03405,2.0344,0.80,2.40
2008.05.19 15:08:36.196,2.03405,2.03435,0.80,0.80
2008.05.19 15:08:36.596,2.0341,2.03435,0.80,0.80
2008.05.19 15:08:36.797,2.03415,2.03435,0.80,0.80
2008.05.19 15:08:36.997,2.03415,2.0345,0.80,1.60
2008.05.19 15:08:37.438,2.03415,2.03455,0.80,2.40
2008.05.19 15:08:37.540,2.03425,2.0346,0.80,2.50
2008.05.19 15:08:37.773,2.03435,2.0346,0.80,1.60
2008.05.19 15:08:37.884,2.03435,2.03465,0.80,2.40
2008.05.19 15:08:38.208,2.03435,2.03465,0.80,0.80
2008.05.19 15:08:38.527,2.03435,2.03465,2.40,0.80
2008.05.19 15:08:39.029,2.03435,2.03465,0.80,0.80
2008.05.19 15:08:39.353,2.03435,2.0347,0.80,1.60
2008.05.19 15:08:39.519,2.03435,2.0347,1.60,1.60
2008.05.19 15:08:39.848,2.03435,2.0348,1.60,2.40
2008.05.19 15:08:40.179,2.03435,2.0348,0.80,3.30
2008.05.19 15:08:40.290,2.03435,2.0347,0.80,1.60
2008.05.19 15:08:40.514,2.03435,2.03465,0.80,0.80
2008.05.19 15:08:40.779,2.03435,2.0347,0.80,1.60
2008.05.19 15:08:41.352,2.03435,2.03465,0.80,0.80
2008.05.19 15:08:41.514,2.03435,2.03465,0.80,1.60
2008.05.19 15:08:42.005,2.03435,2.03465,0.80,0.80
2008.05.19 15:08:42.167,2.03445,2.03465,0.80,0.80
2008.05.19 15:08:42.339,2.03445,2.03475,1.60,2.40
2008.05.19 15:08:42.694,2.03445,2.0348,1.60,0.60
2008.05.19 15:08:42.864,2.03445,2.03475,0.80,0.80
2008.05.19 15:08:43.210,2.0344,2.03475,2.40,0.80
2008.05.19 15:08:43.417,2.03445,2.03475,1.60,0.80
2008.05.19 15:08:43.623,2.03445,2.03475,0.80,0.80
2008.05.19 15:08:43.829,2.03435,2.03475,1.60,0.80
2008.05.19 15:08:44.879,2.03445,2.03475,0.80,0.80
2008.05.19 15:08:45.061,2.03445,2.03475,1.60,0.80
2008.05.19 15:08:46.576,2.0345,2.03475,0.80,0.80
2008.05.19 15:08:46.713,2.03455,2.03475,0.80,0.80
2008.05.19 15:08:46.986,2.03455,2.03485,0.80,0.80
2008.05.19 15:08:48.463,2.03435,2.0347,8.00,1.60
2008.05.19 15:08:48.599,2.03435,2.0347,5.60,1.60
2008.05.19 15:08:48.714,2.03445,2.0347,0.80,1.60
2008.05.19 15:08:48.820,2.03445,2.0348,0.80,2.40
2008.05.19 15:08:48.926,2.03445,2.03475,0.80,0.80
2008.05.19 15:08:49.346,2.03445,2.03475,1.60,0.80
2008.05.19 15:08:49.451,2.03445,2.0348,1.60,0.80
2008.05.19 15:08:49.946,2.0346,2.0348,0.80,0.80
2008.05.19 15:08:50.132,2.0347,2.03485,0.80,0.80
2008.05.19 15:08:50.319,2.03475,2.03495,0.80,1.60
2008.05.19 15:08:50.516,2.03475,2.0351,1.60,2.20
2008.05.19 15:08:50.702,2.03475,2.0351,0.80,2.20
2008.05.19 15:08:50.877,2.03475,2.0351,1.60,1.60
2008.05.19 15:08:51.363,2.03475,2.0351,0.80,1.60
2008.05.19 15:08:51.528,2.03475,2.0351,1.60,1.60
2008.05.19 15:08:52.140,2.03475,2.03515,1.60,1.60
2008.05.19 15:08:52.423,2.03475,2.03515,0.80,2.50
2008.05.19 15:08:52.487,2.0347,2.035,2.40,1.60
2008.05.19 15:08:52.723,2.03475,2.035,0.80,1.60
2008.05.19 15:08:52.788,2.03475,2.0351,1.60,0.80
2008.05.19 15:08:53.228,2.03485,2.03515,0.80,3.80
2008.05.19 15:08:53.448,2.03485,2.03515,0.80,2.20
2008.05.19 15:08:53.888,2.03485,2.03515,0.80,1.60
2008.05.19 15:08:55.080,2.03485,2.03515,0.80,2.50
2008.05.19 15:08:55.140,2.03465,2.0351,6.40,1.60
2008.05.19 15:08:55.230,2.03465,2.0351,4.00,1.60
2008.05.19 15:08:55.347,2.03465,2.03505,1.60,0.80
2008.05.19 15:08:55.468,2.0346,2.03505,0.80,2.40
2008.05.19 15:08:55.493,2.03455,2.03505,4.00,2.40
2008.05.19 15:08:55.960,2.0346,2.03505,0.80,2.40
2008.05.19 15:08:55.985,2.0346,2.035,0.80,1.60
2008.05.19 15:08:56.060,2.03455,2.035,1.60,1.60
2008.05.19 15:08:56.285,2.03455,2.035,0.80,0.80
2008.05.19 15:08:56.430,2.03455,2.035,3.20,0.80
2008.05.19 15:08:56.576,2.03455,2.035,1.60,0.80
2008.05.19 15:08:56.721,2.03465,2.035,3.20,0.80
2008.05.19 15:08:56.867,2.0348,2.035,0.80,0.80
2008.05.19 15:08:57.013,2.03485,2.03505,0.80,1.60
2008.05.19 15:08:57.329,2.03485,2.0352,0.80,1.40
2008.05.19 15:08:57.936,2.03485,2.03515,0.80,0.80
2008.05.19 15:08:58.109,2.03485,2.03495,0.80,0.80
2008.05.19 15:08:58.279,2.03475,2.03495,1.60,0.80
2008.05.19 15:08:58.731,2.03475,2.035,1.60,0.80
2008.05.19 15:08:58.957,2.03455,2.0349,3.20,1.60
2008.05.19 15:08:59.196,2.03465,2.03495,3.20,0.80
2008.05.19 15:08:59.626,2.03465,2.03495,0.80,0.80
2008.05.19 15:08:59.821,2.03465,2.03495,3.20,0.80
2008.05.19 15:09:00.211,2.03465,2.03495,4.00,0.80
2008.05.19 15:09:00.454,2.03465,2.035,4.00,0.80
2008.05.19 15:09:00.604,2.03465,2.035,3.20,0.80
2008.05.19 15:09:00.903,2.03465,2.03495,3.20,0.80
2008.05.19 15:09:02.015,2.03465,2.03495,3.20,2.50
2008.05.19 15:09:02.245,2.03455,2.03485,2.40,2.40
2008.05.19 15:09:02.361,2.03455,2.03485,0.80,3.20
2008.05.19 15:09:02.780,2.03455,2.03485,0.80,0.80
2008.05.19 15:09:03.240,2.03455,2.0349,0.80,2.20
2008.05.19 15:09:03.470,2.03455,2.0349,1.60,2.20
2008.05.19 15:09:04.293,2.03455,2.0349,1.60,0.60
2008.05.19 15:09:04.642,2.03455,2.0349,1.60,1.40
2008.05.19 15:09:04.710,2.03455,2.0349,0.80,0.80
2008.05.19 15:09:04.774,2.03455,2.0349,0.80,2.40
2008.05.19 15:09:05.166,2.03455,2.03485,0.80,0.80
2008.05.19 15:09:07.958,2.03455,2.03485,1.60,0.80
2008.05.19 15:09:08.313,2.03455,2.03495,1.60,4.60
2008.05.19 15:09:08.505,2.03455,2.03495,1.60,3.00
2008.05.19 15:09:09.063,2.0346,2.03495,0.80,3.00
2008.05.19 15:09:09.527,2.0346,2.03495,0.80,4.60
2008.05.19 15:09:09.759,2.03455,2.03495,1.60,2.40
2008.05.19 15:09:10.097,2.03455,2.03495,0.80,2.40
2008.05.19 15:09:10.198,2.03455,2.03495,0.80,3.20
2008.05.19 15:09:10.299,2.03455,2.03485,0.80,2.40
2008.05.19 15:09:10.675,2.03455,2.03485,0.80,3.20
2008.05.19 15:09:12.192,2.03455,2.03485,0.80,0.80
2008.05.19 15:09:12.283,2.03455,2.0349,0.80,0.80
2008.05.19 15:09:12.741,2.03465,2.0349,0.80,0.80
2008.05.19 15:09:12.833,2.03475,2.03495,0.80,1.60
2008.05.19 15:09:13.136,2.03465,2.03495,0.80,2.40
2008.05.19 15:09:13.302,2.03465,2.03495,2.40,2.40
2008.05.19 15:09:13.791,2.03465,2.03495,0.80,2.40
2008.05.19 15:09:14.406,2.03465,2.03505,3.20,2.20
2008.05.19 15:09:14.541,2.03465,2.03495,0.80,2.40
2008.05.19 15:09:15.668,2.03465,2.03495,1.60,2.40
2008.05.19 15:09:15.758,2.03475,2.03495,0.80,2.40
2008.05.19 15:09:15.842,2.03475,2.03505,0.80,2.20
2008.05.19 15:09:16.182,2.03475,2.035,0.80,0.80
2008.05.19 15:09:16.806,2.03455,2.035,2.40,1.40
2008.05.19 15:09:16.972,2.03455,2.035,4.80,1.40
2008.05.19 15:09:17.085,2.0346,2.035,0.80,1.40
2008.05.19 15:09:17.246,2.03465,2.035,2.40,1.40
2008.05.19 15:09:17.351,2.03465,2.035,3.20,1.40
2008.05.19 15:09:23.316,2.03455,2.03495,5.60,3.00
2008.05.19 15:09:23.443,2.03455,2.03495,3.20,3.00
2008.05.19 15:09:23.572,2.03455,2.03495,2.40,4.00
2008.05.19 15:09:23.698,2.0346,2.03495,0.80,3.00
2008.05.19 15:09:23.826,2.0346,2.035,0.80,1.40
2008.05.19 15:09:24.131,2.0346,2.0349,0.80,1.60
2008.05.19 15:09:24.438,2.0346,2.03495,0.80,0.80
2008.05.19 15:09:24.744,2.0346,2.035,0.80,0.80
2008.05.19 15:09:25.244,2.03475,2.03505,0.80,1.40
2008.05.19 15:09:25.437,2.03475,2.035,0.80,2.50
2008.05.19 15:09:25.625,2.03465,2.0348,2.40,1.60
2008.05.19 15:09:25.811,2.03455,2.03485,0.80,0.80
2008.05.19 15:09:26.249,2.03455,2.0349,0.80,0.80
2008.05.19 15:09:26.395,2.03465,2.0349,0.80,0.80
2008.05.19 15:09:26.864,2.03465,2.03495,0.80,0.80
2008.05.19 15:09:27.197,2.03475,2.035,1.60,1.60
2008.05.19 15:09:27.712,2.03465,2.03505,2.40,0.60
2008.05.19 15:09:27.858,2.03465,2.0351,2.40,2.20
2008.05.19 15:09:28.410,2.03465,2.03515,2.40,4.10
2008.05.19 15:09:28.580,2.03465,2.03515,2.40,3.30
2008.05.19 15:09:28.751,2.0348,2.0351,0.80,1.60
2008.05.19 15:09:28.934,2.03485,2.0352,0.80,0.60
2008.05.19 15:09:29.491,2.03485,2.03515,0.80,0.80
2008.05.19 15:09:29.706,2.03485,2.03515,1.60,0.80
2008.05.19 15:09:29.887,2.03495,2.0352,0.80,1.60
2008.05.19 15:09:30.142,2.03485,2.0351,0.80,1.60
2008.05.19 15:09:30.268,2.03485,2.0351,0.80,2.40
2008.05.19 15:09:30.396,2.03495,2.03505,0.80,0.80
2008.05.19 15:09:30.520,2.03495,2.0351,0.80,1.60
2008.05.19 15:09:30.646,2.03485,2.0352,2.40,1.60
2008.05.19 15:09:31.122,2.03485,2.0351,2.40,1.60
2008.05.19 15:09:31.298,2.03495,2.0351,0.80,1.60
2008.05.19 15:09:31.474,2.03485,2.0351,1.60,1.60
2008.05.19 15:09:31.823,2.0348,2.0352,0.80,1.60
2008.05.19 15:09:32.157,2.03475,2.0352,5.60,2.50
2008.05.19 15:09:32.282,2.03475,2.0352,5.60,3.30
2008.05.19 15:09:32.420,2.03475,2.03505,1.60,0.80
2008.05.19 15:09:32.547,2.0349,2.03505,0.80,0.80
2008.05.19 15:09:32.673,2.03485,2.03505,0.80,0.80
2008.05.19 15:09:32.797,2.03485,2.03505,1.60,0.80
2008.05.19 15:09:32.923,2.03485,2.03525,1.60,2.40
2008.05.19 15:09:33.049,2.03485,2.0352,1.60,0.80
2008.05.19 15:09:33.334,2.03485,2.03515,3.20,0.80
2008.05.19 15:09:33.605,2.03485,2.0352,1.60,0.80
2008.05.19 15:09:33.876,2.03485,2.03515,1.60,0.80
2008.05.19 15:09:34.146,2.03485,2.03525,1.60,2.40
2008.05.19 15:09:34.327,2.03495,2.03525,0.80,4.80
2008.05.19 15:09:34.509,2.03495,2.03525,1.60,2.40
2008.05.19 15:09:34.694,2.035,2.03525,0.80,4.00
2008.05.19 15:09:34.874,2.03495,2.03525,4.00,2.40
2008.05.19 15:09:35.068,2.03495,2.03525,2.40,2.40
2008.05.19 15:09:35.287,2.03485,2.03535,4.00,1.60
2008.05.19 15:09:35.502,2.0348,2.03535,3.20,3.20
2008.05.19 15:09:35.728,2.03485,2.03535,1.60,1.60
2008.05.19 15:09:36.510,2.03495,2.03535,0.80,0.60
2008.05.19 15:09:36.801,2.03495,2.0353,0.80,0.80
2008.05.19 15:09:36.948,2.03495,2.03525,0.80,0.80
2008.05.19 15:09:38.359,2.03495,2.03525,0.80,3.20
2008.05.19 15:09:38.448,2.03495,2.03525,0.80,2.40
2008.05.19 15:09:39.741,2.03495,2.03525,0.80,3.20
2008.05.19 15:09:39.975,2.03495,2.03525,0.80,0.80
2008.05.19 15:09:41.293,2.03495,2.0351,0.80,0.90
2008.05.19 15:09:41.429,2.03475,2.0351,6.40,1.60
2008.05.19 15:09:41.566,2.03475,2.03505,2.40,0.80
2008.05.19 15:09:41.701,2.03475,2.0352,0.80,2.50
2008.05.19 15:09:43.183,2.03475,2.0352,1.60,1.60
2008.05.19 15:09:43.502,2.03475,2.0352,4.00,1.60
2008.05.19 15:09:43.656,2.03475,2.0352,4.00,2.50
2008.05.19 15:09:43.932,2.03485,2.0352,1.60,1.60
2008.05.19 15:09:44.122,2.03475,2.0352,4.80,1.60
2008.05.19 15:09:44.321,2.03495,2.03525,0.80,0.80
2008.05.19 15:09:44.514,2.03475,2.0352,6.40,2.50
2008.05.19 15:09:44.714,2.03475,2.0352,4.00,2.50
2008.05.19 15:09:45.617,2.03475,2.0352,4.80,1.60
2008.05.19 15:09:45.731,2.03475,2.0352,7.20,1.60
2008.05.19 15:09:45.850,2.03495,2.03525,0.80,0.80
2008.05.19 15:09:46.511,2.03495,2.03525,0.80,3.20
2008.05.19 15:09:46.738,2.03495,2.0352,0.80,0.90
2008.05.19 15:09:46.920,2.03485,2.0352,0.80,1.70
2008.05.19 15:09:47.107,2.03485,2.03515,0.80,0.80
2008.05.19 15:09:47.293,2.03475,2.0351,0.80,0.80
2008.05.19 15:09:47.872,2.03475,2.03505,0.80,0.80
2008.05.19 15:09:51.831,2.03485,2.03505,0.80,0.80
2008.05.19 15:09:51.972,2.03485,2.0351,0.80,0.80
2008.05.19 15:09:53.259,2.03475,2.0351,0.80,0.80
2008.05.19 15:09:53.339,2.03475,2.03505,0.80,0.80
2008.05.19 15:09:56.558,2.03475,2.0351,0.80,0.80
2008.05.19 15:09:57.268,2.03475,2.0351,0.80,1.70
2008.05.19 15:09:57.475,2.03475,2.03505,0.80,0.80
2008.05.19 15:10:00.495,2.03475,2.0351,0.80,0.80
2008.05.19 15:10:01.242,2.03475,2.03505,0.80,0.80
2008.05.19 15:10:05.327,2.03465,2.03505,2.40,0.80
2008.05.19 15:10:05.802,2.03465,2.03505,0.80,0.80
2008.05.19 15:10:06.515,2.03465,2.03495,0.80,0.80
2008.05.19 15:10:07.900,2.0347,2.03485,0.80,0.80
2008.05.19 15:10:08.152,2.03475,2.03485,0.80,0.80
2008.05.19 15:10:08.290,2.0348,2.03485,0.80,0.80
2008.05.19 15:10:08.416,2.03495,2.03515,0.80,0.80
2008.05.19 15:10:08.802,2.03495,2.0351,0.80,0.90
2008.05.19 15:10:09.040,2.03475,2.03505,2.40,0.80
2008.05.19 15:10:09.277,2.03475,2.03505,0.80,0.80
2008.05.19 15:10:09.513,2.0346,2.03505,1.50,0.80
2008.05.19 15:10:09.748,2.03465,2.03505,0.80,0.80
2008.05.19 15:10:09.986,2.03465,2.0351,0.80,1.60
2008.05.19 15:10:10.241,2.03465,2.0351,2.40,1.60
2008.05.19 15:10:10.366,2.03465,2.0351,3.10,1.60
2008.05.19 15:10:10.760,2.03475,2.0351,0.80,1.60
2008.05.19 15:10:12.525,2.03475,2.03515,2.40,0.80
2008.05.19 15:10:12.665,2.03475,2.0352,3.20,1.60
2008.05.19 15:10:13.473,2.03475,2.0352,4.00,1.60
2008.05.19 15:10:13.899,2.03485,2.0352,0.80,1.60
2008.05.19 15:10:14.808,2.03485,2.03525,0.80,0.80
2008.05.19 15:10:19.322,2.0348,2.0352,0.80,2.40
2008.05.19 15:10:19.754,2.03485,2.0352,0.80,0.80
2008.05.19 15:10:22.443,2.0348,2.0352,0.80,0.80
2008.05.19 15:10:22.711,2.03475,2.0352,2.20,0.80
2008.05.19 15:10:22.803,2.03475,2.0352,2.20,2.40
2008.05.19 15:10:23.199,2.03475,2.0352,2.20,3.30
2008.05.19 15:10:23.599,2.03475,2.0352,0.60,3.30
2008.05.19 15:10:23.858,2.0347,2.0351,0.60,0.80
2008.05.19 15:10:23.984,2.03475,2.0351,0.80,0.80
2008.05.19 15:10:24.110,2.03485,2.03525,0.80,0.80
2008.05.19 15:10:24.372,2.03485,2.03525,0.80,1.70
2008.05.19 15:10:24.682,2.03485,2.03525,0.80,0.80
2008.05.19 15:10:24.854,2.03495,2.03525,0.80,0.80
2008.05.19 15:10:30.248,2.03495,2.03525,1.60,0.80
2008.05.19 15:10:30.334,2.03505,2.03525,2.40,0.80
2008.05.19 15:10:30.434,2.03515,2.03525,0.80,0.80
2008.05.19 15:10:30.520,2.03505,2.0354,2.40,0.90
2008.05.19 15:10:30.614,2.03495,2.0354,1.60,2.50
2008.05.19 15:10:30.699,2.03495,2.0354,1.60,1.60
2008.05.19 15:10:30.785,2.03495,2.0354,2.40,1.60
2008.05.19 15:10:30.871,2.03495,2.0354,1.60,2.50
2008.05.19 15:10:31.000,2.03495,2.0354,0.80,2.50
2008.05.19 15:10:31.177,2.03495,2.0354,2.40,2.50
2008.05.19 15:10:31.446,2.03495,2.0354,3.00,2.50
2008.05.19 15:10:31.717,2.03495,2.0354,2.40,2.50
2008.05.19 15:10:32.649,2.03495,2.0353,2.40,0.90
2008.05.19 15:10:32.729,2.03495,2.0353,2.40,2.50
2008.05.19 15:10:32.790,2.03495,2.03525,2.40,0.80
2008.05.19 15:10:32.998,2.03495,2.03525,0.80,0.80
2008.05.19 15:10:33.510,2.03495,2.03525,0.80,3.20
2008.05.19 15:10:34.257,2.03495,2.0352,0.80,2.50
2008.05.19 15:10:34.392,2.03475,2.0351,2.40,0.80
2008.05.19 15:10:34.529,2.03475,2.03505,0.80,0.80
2008.05.19 15:10:34.800,2.03475,2.0351,0.80,1.70
2008.05.19 15:10:35.069,2.03475,2.0351,0.80,3.30
2008.05.19 15:10:35.367,2.03475,2.03505,0.80,0.80
2008.05.19 15:10:36.926,2.03475,2.0351,0.80,1.70
2008.05.19 15:10:39.997,2.03475,2.0351,0.80,3.30
2008.05.19 15:10:45.843,2.03475,2.0351,0.80,2.50
2008.05.19 15:10:45.906,2.03475,2.0351,0.80,1.60
2008.05.19 15:10:45.980,2.03475,2.03515,0.80,1.60
2008.05.19 15:10:46.222,2.03475,2.0352,0.80,3.20
2008.05.19 15:10:47.335,2.03475,2.0351,0.80,2.50
2008.05.19 15:10:47.536,2.03475,2.03505,0.80,0.80
2008.05.19 15:10:48.070,2.03475,2.03505,1.60,0.80
2008.05.19 15:10:48.201,2.03495,2.03505,0.80,0.80
2008.05.19 15:10:48.331,2.03495,2.03525,0.80,0.80
2008.05.19 15:10:48.462,2.03495,2.0352,0.80,2.50
2008.05.19 15:10:48.593,2.03475,2.0352,2.40,2.50
2008.05.19 15:10:48.869,2.03475,2.0352,0.80,2.50
2008.05.19 15:10:51.229,2.03475,2.03525,1.60,4.80
2008.05.19 15:10:51.340,2.03495,2.03525,0.80,3.30
2008.05.19 15:10:51.466,2.03495,2.0352,0.80,1.60
2008.05.19 15:10:51.577,2.03485,2.03515,0.80,0.80
2008.05.19 15:10:51.924,2.03495,2.03515,0.80,0.80
2008.05.19 15:10:52.136,2.03495,2.0352,0.80,2.40
2008.05.19 15:10:52.941,2.03485,2.0352,0.80,2.40
2008.05.19 15:10:53.154,2.03485,2.03515,0.80,0.80
2008.05.19 15:10:53.266,2.03475,2.03515,1.60,0.80
2008.05.19 15:10:53.376,2.0347,2.03515,0.80,0.80
2008.05.19 15:10:53.834,2.03485,2.03515,0.80,0.80
2008.05.19 15:10:53.944,2.03485,2.03515,0.80,2.40
2008.05.19 15:10:54.230,2.03485,2.03515,0.80,0.80
2008.05.19 15:10:54.801,2.03485,2.03515,0.80,1.70
2008.05.19 15:10:55.098,2.03475,2.03515,0.80,1.70
2008.05.19 15:10:55.177,2.03475,2.03505,0.80,0.80
2008.05.19 15:10:55.269,2.0348,2.03505,0.80,0.80
2008.05.19 15:10:55.464,2.0348,2.03515,0.80,0.80
2008.05.19 15:10:55.554,2.03485,2.0352,0.80,1.60
2008.05.19 15:10:55.657,2.03485,2.03525,0.80,3.80
2008.05.19 15:10:55.837,2.03485,2.03515,0.80,1.60
2008.05.19 15:10:56.007,2.0348,2.03515,0.80,1.60
2008.05.19 15:10:56.448,2.03475,2.0351,1.60,2.50
2008.05.19 15:10:56.785,2.03485,2.03505,0.80,0.80
2008.05.19 15:10:57.123,2.03485,2.03515,0.80,2.40
2008.05.19 15:10:57.412,2.03485,2.03515,0.80,2.50
2008.05.19 15:10:57.563,2.03465,2.0351,6.40,0.80
2008.05.19 15:10:57.713,2.03465,2.0351,4.80,0.80
2008.05.19 15:10:57.865,2.03465,2.0351,4.00,0.80
2008.05.19 15:10:58.016,2.03465,2.03505,3.20,0.90
2008.05.19 15:10:58.167,2.03465,2.03505,2.40,0.90
2008.05.19 15:10:58.433,2.03455,2.03505,2.20,0.90
2008.05.19 15:10:58.965,2.03455,2.035,2.20,1.70
2008.05.19 15:10:59.233,2.03455,2.035,1.60,1.70
2008.05.19 15:10:59.372,2.03455,2.0349,1.60,0.90
2008.05.19 15:10:59.525,2.03455,2.0349,1.60,1.70
2008.05.19 15:10:59.965,2.03445,2.0349,4.60,1.70
2008.05.19 15:11:00.107,2.03455,2.0349,2.40,1.70
2008.05.19 15:11:00.250,2.03455,2.03485,2.40,0.80
2008.05.19 15:11:00.516,2.03455,2.03485,3.20,0.80
2008.05.19 15:11:00.783,2.03455,2.0349,2.40,3.30
2008.05.19 15:11:01.057,2.03455,2.0349,4.80,1.60
2008.05.19 15:11:01.761,2.03455,2.0349,6.40,1.60
2008.05.19 15:11:02.335,2.03455,2.03495,5.60,0.80
2008.05.19 15:11:02.507,2.03465,2.03495,0.80,0.80
2008.05.19 15:11:03.333,2.03465,2.03495,0.80,1.70
2008.05.19 15:11:03.546,2.03465,2.03485,0.80,0.80
2008.05.19 15:11:04.165,2.03475,2.03485,0.80,0.80
2008.05.19 15:11:04.317,2.03475,2.03495,0.80,1.60
2008.05.19 15:11:04.751,2.03475,2.03505,0.80,0.80
2008.05.19 15:11:05.880,2.03475,2.03515,3.20,2.50
2008.05.19 15:11:05.986,2.03475,2.03515,2.40,2.50
2008.05.19 15:11:06.090,2.03465,2.03515,2.40,1.70
2008.05.19 15:11:06.195,2.0347,2.03515,0.80,0.80
2008.05.19 15:11:06.294,2.03475,2.03515,0.80,0.80
2008.05.19 15:11:07.413,2.0349,2.03515,0.80,0.80
2008.05.19 15:11:07.506,2.03495,2.03515,0.80,0.80
2008.05.19 15:11:07.556,2.03495,2.03525,0.80,0.80
2008.05.19 15:11:07.848,2.03495,2.0352,0.80,0.90
2008.05.19 15:11:07.990,2.0349,2.0352,2.40,1.70
2008.05.19 15:11:08.129,2.03485,2.0352,1.60,1.70
2008.05.19 15:11:08.204,2.03485,2.0351,1.60,1.60
2008.05.19 15:11:08.275,2.03475,2.03505,0.80,2.40
2008.05.19 15:11:08.347,2.03475,2.035,0.80,0.80
2008.05.19 15:11:08.416,2.03475,2.03505,1.60,2.40
2008.05.19 15:11:08.797,2.03475,2.03515,4.00,1.60
2008.05.19 15:11:09.109,2.03475,2.03505,0.80,0.80
2008.05.19 15:11:09.421,2.03485,2.03505,0.80,0.80
2008.05.19 15:11:09.731,2.03485,2.0351,0.80,0.80
2008.05.19 15:11:10.489,2.03475,2.0351,2.40,0.80
2008.05.19 15:11:10.839,2.03475,2.0351,1.60,0.80
2008.05.19 15:11:11.208,2.03475,2.03505,1.60,0.80
2008.05.19 15:11:11.423,2.03475,2.03505,0.80,0.80
2008.05.19 15:11:13.783,2.03475,2.03505,0.80,1.70
2008.05.19 15:11:13.926,2.03475,2.03495,0.80,0.80
2008.05.19 15:11:15.963,2.03475,2.035,0.80,0.80
2008.05.19 15:11:16.472,2.03475,2.03495,0.80,0.80
2008.05.19 15:11:17.381,2.0345,2.03495,2.40,1.70
2008.05.19 15:11:17.648,2.03455,2.03495,2.40,0.80
2008.05.19 15:11:17.905,2.03445,2.03495,1.60,3.30
2008.05.19 15:11:18.173,2.03465,2.03495,0.80,2.40
2008.05.19 15:11:18.353,2.03465,2.03485,0.80,0.80
2008.05.19 15:11:18.535,2.03445,2.03475,0.80,0.80
2008.05.19 15:11:19.076,2.03445,2.0347,0.80,2.40
2008.05.19 15:11:19.407,2.03445,2.0347,0.80,0.80
2008.05.19 15:11:19.738,2.03445,2.03455,0.80,0.80
2008.05.19 15:11:20.070,2.03455,2.03465,0.80,0.80
2008.05.19 15:11:20.400,2.03455,2.03475,0.80,0.80
2008.05.19 15:11:21.783,2.03465,2.03485,0.80,1.60
2008.05.19 15:11:21.992,2.03465,2.0349,0.80,0.50
2008.05.19 15:11:22.198,2.03465,2.03505,0.80,4.00
2008.05.19 15:11:22.396,2.03465,2.03505,0.80,1.40
2008.05.19 15:11:22.592,2.03465,2.0351,0.80,3.20
2008.05.19 15:11:22.790,2.03465,2.035,0.80,1.60
2008.05.19 15:11:22.987,2.03465,2.035,0.80,2.40
2008.05.19 15:11:23.182,2.03465,2.03495,0.80,0.80
2008.05.19 15:11:23.675,2.0346,2.03505,0.80,2.00
2008.05.19 15:11:23.915,2.0346,2.035,0.80,0.80
2008.05.19 15:11:24.156,2.03455,2.03495,3.20,0.80
2008.05.19 15:11:24.675,2.03455,2.035,1.60,0.80
2008.05.19 15:11:24.857,2.03455,2.0349,0.80,0.80
2008.05.19 15:11:25.038,2.0345,2.0349,2.40,0.80
2008.05.19 15:11:25.218,2.03445,2.0349,7.10,0.80
2008.05.19 15:11:25.434,2.03445,2.0349,6.20,2.40
2008.05.19 15:11:25.651,2.03465,2.03495,0.80,0.80
2008.05.19 15:11:25.868,2.0345,2.03495,1.50,0.80
2008.05.19 15:11:26.083,2.03455,2.03495,0.80,0.80
2008.05.19 15:11:26.298,2.0345,2.0349,0.60,1.60
2008.05.19 15:11:26.541,2.03465,2.035,0.80,2.40
2008.05.19 15:11:27.023,2.03455,2.0349,1.60,1.60
2008.05.19 15:11:27.264,2.0346,2.0349,0.80,1.60
2008.05.19 15:11:27.490,2.0345,2.0349,1.50,1.60
2008.05.19 15:11:27.685,2.0346,2.0349,0.80,1.60
2008.05.19 15:11:27.881,2.03465,2.035,0.80,0.80
2008.05.19 15:11:28.937,2.03455,2.0349,2.40,1.60
2008.05.19 15:11:29.149,2.03455,2.03495,0.80,0.80
2008.05.19 15:11:29.359,2.03445,2.03495,4.70,0.80
2008.05.19 15:11:29.593,2.03465,2.03495,0.80,2.40
2008.05.19 15:11:31.219,2.03465,2.03495,0.80,0.80
2008.05.19 15:11:32.474,2.03485,2.03495,1.60,0.80
2008.05.19 15:11:32.610,2.03485,2.03495,0.80,0.80
2008.05.19 15:11:32.881,2.03485,2.03495,1.60,0.80
2008.05.19 15:11:33.027,2.03485,2.03515,1.60,0.80
2008.05.19 15:11:33.257,2.03485,2.03515,0.80,0.80
2008.05.19 15:11:33.487,2.03485,2.03505,0.80,0.90
2008.05.19 15:11:33.719,2.03465,2.03495,1.60,0.80
2008.05.19 15:11:33.950,2.03465,2.03495,2.40,0.80
2008.05.19 15:11:34.181,2.03465,2.03495,1.60,0.80
2008.05.19 15:11:34.459,2.03465,2.0351,1.60,2.50
2008.05.19 15:11:35.008,2.03465,2.03505,1.60,0.90
2008.05.19 15:11:35.283,2.03465,2.03505,1.60,1.70
2008.05.19 15:11:35.729,2.03465,2.03505,1.60,0.80
2008.05.19 15:11:36.234,2.03465,2.03505,1.60,1.70
2008.05.19 15:11:36.357,2.03465,2.03505,1.60,0.80
2008.05.19 15:11:36.630,2.03465,2.0351,1.60,2.50
2008.05.19 15:11:37.390,2.03465,2.0351,2.40,1.60
2008.05.19 15:11:38.276,2.03465,2.035,1.60,0.80
2008.05.19 15:11:38.391,2.03465,2.035,3.20,2.40
2008.05.19 15:11:38.586,2.03465,2.035,1.60,2.40
2008.05.19 15:11:39.645,2.03465,2.035,2.40,2.40
2008.05.19 15:11:39.910,2.03465,2.035,2.40,0.80
2008.05.19 15:11:40.300,2.03465,2.035,0.80,0.80
2008.05.19 15:11:41.690,2.03465,2.035,2.40,0.80
2008.05.19 15:11:42.104,2.03465,2.035,4.80,0.80
2008.05.19 15:11:42.249,2.03465,2.03495,2.40,0.90
2008.05.19 15:11:42.384,2.03465,2.0348,1.60,0.80
2008.05.19 15:11:42.520,2.03465,2.0348,2.40,0.80
2008.05.19 15:11:42.689,2.03475,2.03505,0.80,1.60
2008.05.19 15:11:42.854,2.03485,2.03505,0.80,1.60
2008.05.19 15:11:43.182,2.03485,2.0352,0.80,2.40
2008.05.19 15:11:43.688,2.03485,2.0353,0.80,3.20
2008.05.19 15:11:43.873,2.03485,2.0353,0.80,1.60
2008.05.19 15:11:44.049,2.03485,2.0353,0.80,2.50
2008.05.19 15:11:44.224,2.03485,2.0353,1.60,1.60
2008.05.19 15:11:44.584,2.03485,2.03525,1.60,1.60
2008.05.19 15:11:45.063,2.03495,2.0353,1.60,1.60
2008.05.19 15:11:46.154,2.03485,2.0353,3.20,1.60
2008.05.19 15:11:46.483,2.03485,2.0353,0.80,1.60
2008.05.19 15:11:46.650,2.0349,2.0352,0.80,1.60
2008.05.19 15:11:46.741,2.03495,2.03525,0.80,1.60
2008.05.19 15:11:47.053,2.03495,2.03535,0.80,3.00
2008.05.19 15:11:47.271,2.03495,2.03535,0.80,1.40
2008.05.19 15:11:47.363,2.03495,2.03535,0.80,0.80
2008.05.19 15:11:47.998,2.03485,2.0353,4.80,0.80
2008.05.19 15:11:48.185,2.03485,2.0353,1.60,0.80
2008.05.19 15:11:48.741,2.03485,2.0353,2.30,0.80
2008.05.19 15:11:49.947,2.03485,2.0353,3.10,0.80
2008.05.19 15:11:50.443,2.03485,2.03535,3.10,3.20
2008.05.19 15:11:51.261,2.03485,2.03535,2.30,3.20
2008.05.19 15:11:51.573,2.03485,2.03535,2.30,2.40
2008.05.19 15:11:51.727,2.03485,2.03535,3.10,2.40
2008.05.19 15:11:51.883,2.03485,2.03535,3.10,3.20
2008.05.19 15:11:52.414,2.03485,2.03535,2.20,4.10
2008.05.19 15:11:52.545,2.03485,2.0353,1.60,0.80
2008.05.19 15:11:52.675,2.03485,2.0353,1.60,2.40
2008.05.19 15:11:54.609,2.03485,2.03515,1.60,0.80
2008.05.19 15:11:55.533,2.03485,2.0353,1.60,2.40
2008.05.19 15:11:57.440,2.03485,2.03515,1.60,0.80
2008.05.19 15:11:57.605,2.03485,2.0353,2.20,3.30
2008.05.19 15:11:58.155,2.03485,2.03515,1.60,0.80
2008.05.19 15:11:59.102,2.03485,2.0353,1.60,3.30
2008.05.19 15:11:59.255,2.03485,2.0353,2.20,3.30
2008.05.19 15:11:59.430,2.03485,2.0353,1.60,3.30
2008.05.19 15:12:00.337,2.03485,2.0353,0.80,3.30
2008.05.19 15:12:01.504,2.03485,2.0353,0.80,1.70
2008.05.19 15:12:01.600,2.03485,2.03525,0.80,0.80
2008.05.19 15:12:01.966,2.03485,2.03525,0.80,2.40
2008.05.19 15:12:02.533,2.03485,2.03525,0.80,0.80
2008.05.19 15:12:02.966,2.03485,2.0352,0.80,0.90
2008.05.19 15:12:03.048,2.03485,2.0352,0.80,1.70
2008.05.19 15:12:03.205,2.03485,2.035,0.80,0.90
2008.05.19 15:12:03.285,2.03485,2.035,0.80,2.50
2008.05.19 15:12:03.366,2.03465,2.035,6.20,3.30
2008.05.19 15:12:03.447,2.03465,2.03495,2.20,0.80
2008.05.19 15:12:04.627,2.03465,2.03495,1.60,0.80
2008.05.19 15:12:04.837,2.03465,2.035,1.60,2.40
2008.05.19 15:12:05.028,2.03465,2.035,1.60,1.60
2008.05.19 15:12:05.219,2.03465,2.03505,2.20,0.80
2008.05.19 15:12:05.409,2.03465,2.0351,2.20,1.60
2008.05.19 15:12:05.787,2.03465,2.0351,4.60,1.60
2008.05.19 15:12:05.997,2.03475,2.03515,1.60,2.50
2008.05.19 15:12:06.628,2.03475,2.0351,1.60,2.40
2008.05.19 15:12:07.613,2.03475,2.0351,1.60,1.60
2008.05.19 15:12:07.740,2.03475,2.03515,1.60,0.80
2008.05.19 15:12:08.029,2.03475,2.0352,1.60,0.90
2008.05.19 15:12:08.384,2.03475,2.03525,2.40,2.50
2008.05.19 15:12:08.549,2.03485,2.03525,1.60,2.50
2008.05.19 15:12:08.615,2.03485,2.0352,1.60,1.60
2008.05.19 15:12:09.132,2.03485,2.0352,1.60,0.80
2008.05.19 15:12:09.452,2.03485,2.03525,1.60,1.70
2008.05.19 15:12:09.622,2.03485,2.03525,1.60,3.30
2008.05.19 15:12:09.782,2.03485,2.03535,2.40,4.80
2008.05.19 15:12:09.973,2.03485,2.03535,2.40,4.00
2008.05.19 15:12:10.207,2.03485,2.03535,1.60,3.20
2008.05.19 15:12:10.396,2.03485,2.0353,1.60,1.60
2008.05.19 15:12:10.776,2.03485,2.0352,1.60,2.40
2008.05.19 15:12:11.126,2.03485,2.0352,0.80,2.40
2008.05.19 15:12:11.489,2.03485,2.03515,0.80,0.90
2008.05.19 15:12:11.663,2.03475,2.03515,1.60,0.90
2008.05.19 15:12:11.833,2.03465,2.03515,3.90,0.90
2008.05.19 15:12:12.068,2.03465,2.035,2.40,0.80
2008.05.19 15:12:12.305,2.03465,2.035,0.80,0.80
2008.05.19 15:12:12.776,2.03465,2.035,0.80,1.70
2008.05.19 15:12:13.015,2.03445,2.0349,3.90,1.60
2008.05.19 15:12:13.167,2.03445,2.0348,1.40,0.80
2008.05.19 15:12:13.318,2.03445,2.03495,1.60,4.00
2008.05.19 15:12:13.509,2.0345,2.03495,0.80,4.00
2008.05.19 15:12:13.661,2.03455,2.0349,0.80,1.60
2008.05.19 15:12:15.429,2.0346,2.0349,0.80,1.60
2008.05.19 15:12:15.534,2.03455,2.0349,1.60,1.60
2008.05.19 15:12:15.622,2.03465,2.0349,0.80,1.60
2008.05.19 15:12:15.717,2.03465,2.035,0.80,0.80
2008.05.19 15:12:16.305,2.03455,2.0349,1.60,1.60
2008.05.19 15:12:16.823,2.03445,2.0349,4.70,1.60
2008.05.19 15:12:16.961,2.03455,2.0349,0.80,1.60
2008.05.19 15:12:17.155,2.03445,2.0349,6.20,1.60
2008.05.19 15:12:17.291,2.0345,2.03495,2.40,0.90
2008.05.19 15:12:17.405,2.03455,2.03495,1.60,0.90
2008.05.19 15:12:17.642,2.03455,2.03495,1.60,3.30
2008.05.19 15:12:17.786,2.03455,2.03495,1.60,4.90
2008.05.19 15:12:17.902,2.03455,2.0348,1.60,0.80
2008.05.19 15:12:18.018,2.03445,2.0348,4.70,0.80
2008.05.19 15:12:18.133,2.03445,2.0349,4.70,1.60
2008.05.19 15:12:18.475,2.0345,2.0349,0.80,1.60
2008.05.19 15:12:18.706,2.03455,2.0349,1.60,1.60
2008.05.19 15:12:19.649,2.03455,2.0348,1.60,0.80
2008.05.19 15:12:19.979,2.03445,2.0348,4.60,0.80
2008.05.19 15:12:20.668,2.03455,2.03485,3.20,0.80
2008.05.19 15:12:20.855,2.03455,2.0349,3.20,0.80
2008.05.19 15:12:22.076,2.03455,2.0349,4.00,0.80
2008.05.19 15:12:22.157,2.0347,2.0349,0.80,0.80
2008.05.19 15:12:22.240,2.03475,2.0349,1.60,0.80
2008.05.19 15:12:22.418,2.03475,2.03505,2.40,0.80
2008.05.19 15:12:22.596,2.03475,2.0351,2.40,0.80
2008.05.19 15:12:23.020,2.03475,2.0351,1.60,2.40
2008.05.19 15:12:23.370,2.03465,2.0351,1.60,2.40
2008.05.19 15:12:23.808,2.03465,2.0349,1.60,0.80
2008.05.19 15:12:24.174,2.03455,2.0349,6.40,0.80
2008.05.19 15:12:24.438,2.03455,2.0349,5.60,0.80
2008.05.19 15:12:24.578,2.03455,2.0349,4.80,0.80
2008.05.19 15:12:26.030,2.03465,2.0349,2.40,0.80
2008.05.19 15:12:26.115,2.03465,2.03495,3.20,0.80
2008.05.19 15:12:26.155,2.03465,2.03495,0.80,0.80
2008.05.19 15:12:26.290,2.03465,2.0351,0.80,4.00
2008.05.19 15:12:26.437,2.03465,2.0349,0.80,0.90
2008.05.19 15:12:26.733,2.03455,2.0349,1.60,2.40
2008.05.19 15:12:26.962,2.03455,2.03495,1.60,1.60
2008.05.19 15:12:27.189,2.03465,2.0349,0.80,0.90
2008.05.19 15:12:27.414,2.03445,2.0349,3.20,1.70
2008.05.19 15:12:27.641,2.03445,2.0349,1.60,0.80
2008.05.19 15:12:27.781,2.03455,2.03495,0.80,3.30
2008.05.19 15:12:27.923,2.03455,2.03495,0.80,0.90
2008.05.19 15:12:28.063,2.03455,2.035,0.80,2.50
2008.05.19 15:12:28.204,2.03455,2.03495,0.80,0.80
2008.05.19 15:12:28.622,2.03455,2.035,0.80,3.00
2008.05.19 15:12:28.777,2.03455,2.0349,0.80,1.60
2008.05.19 15:12:28.934,2.03455,2.0348,0.80,0.80
2008.05.19 15:12:29.244,2.03455,2.0349,0.80,2.40
2008.05.19 15:12:29.400,2.03455,2.03475,0.80,0.80
2008.05.19 15:12:29.556,2.03455,2.0349,0.80,2.40
2008.05.19 15:12:29.848,2.03455,2.03495,0.80,2.40
2008.05.19 15:12:30.134,2.03455,2.03495,0.80,0.80
2008.05.19 15:12:30.420,2.03455,2.03475,0.80,0.80
2008.05.19 15:12:31.451,2.03455,2.0349,0.80,1.60
2008.05.19 15:12:32.590,2.03455,2.0349,2.40,1.60
2008.05.19 15:12:32.999,2.03455,2.0349,0.80,1.60
2008.05.19 15:12:33.160,2.03455,2.0349,1.60,1.60
2008.05.19 15:12:33.230,2.03465,2.0349,3.20,1.60
2008.05.19 15:12:33.308,2.03465,2.03495,3.20,0.80
2008.05.19 15:12:33.747,2.03465,2.03495,0.80,0.80
2008.05.19 15:12:33.858,2.03455,2.0349,2.40,1.60
2008.05.19 15:12:34.057,2.03445,2.0349,8.80,1.60
2008.05.19 15:12:34.884,2.03445,2.0348,5.60,0.80
2008.05.19 15:12:35.060,2.03445,2.0348,1.60,0.80
2008.05.19 15:12:35.584,2.0345,2.03485,0.80,0.80
2008.05.19 15:12:35.770,2.03445,2.0348,4.00,0.80
2008.05.19 15:12:36.080,2.03445,2.0348,3.20,0.80
2008.05.19 15:12:36.235,2.03445,2.0348,1.60,0.80
2008.05.19 15:12:38.278,2.03445,2.0348,0.80,0.80
2008.05.19 15:12:39.317,2.0344,2.0348,0.80,0.80
2008.05.19 15:12:39.461,2.03435,2.0348,3.10,0.80
2008.05.19 15:12:39.557,2.03435,2.0348,3.10,2.40
2008.05.19 15:12:39.725,2.03435,2.0348,2.40,2.40
2008.05.19 15:12:40.051,2.03435,2.0348,0.80,2.40
2008.05.19 15:12:41.564,2.03435,2.0348,3.20,2.40
2008.05.19 15:12:41.750,2.03445,2.0348,0.80,2.40
2008.05.19 15:12:41.823,2.03455,2.0348,2.40,0.80
2008.05.19 15:12:42.909,2.03455,2.03475,2.40,0.90
2008.05.19 15:12:43.055,2.03445,2.0347,2.40,1.60
2008.05.19 15:12:43.201,2.03445,2.0346,1.60,0.80
2008.05.19 15:12:43.579,2.03445,2.03465,1.60,0.80
2008.05.19 15:12:43.675,2.03445,2.0348,1.60,2.40
2008.05.19 15:12:43.771,2.03445,2.0348,2.40,2.40
2008.05.19 15:12:43.868,2.03445,2.0348,3.20,0.80
2008.05.19 15:12:44.094,2.03445,2.0348,1.60,0.80
2008.05.19 15:12:44.504,2.03455,2.0348,2.40,0.80
2008.05.19 15:12:44.795,2.03445,2.0348,4.00,0.80
2008.05.19 15:12:45.366,2.03455,2.0348,2.40,0.80
2008.05.19 15:12:45.777,2.03445,2.0348,4.00,0.80
2008.05.19 15:12:45.893,2.03445,2.0348,4.70,0.80
2008.05.19 15:12:46.009,2.0346,2.0348,0.80,0.80
2008.05.19 15:12:46.126,2.03465,2.03495,0.80,2.40
2008.05.19 15:12:46.242,2.03465,2.035,4.00,0.80
2008.05.19 15:12:46.472,2.03465,2.0351,7.20,1.60
2008.05.19 15:12:46.757,2.03465,2.035,2.40,2.40
2008.05.19 15:12:47.053,2.03465,2.035,4.80,0.80
2008.05.19 15:12:47.339,2.03465,2.035,3.20,0.80
2008.05.19 15:12:47.776,2.03465,2.035,4.80,0.80
2008.05.19 15:12:48.067,2.03465,2.035,4.00,2.40
2008.05.19 15:12:48.213,2.0346,2.035,1.50,2.40
2008.05.19 15:12:48.503,2.0346,2.035,1.50,0.80
2008.05.19 15:12:48.649,2.0346,2.03505,1.50,0.80
2008.05.19 15:12:48.839,2.0346,2.03515,3.90,2.50
2008.05.19 15:12:49.168,2.0346,2.03515,3.20,2.50
2008.05.19 15:12:49.682,2.0346,2.03515,0.80,2.50
2008.05.19 15:12:49.792,2.0346,2.03515,0.80,3.20
2008.05.19 15:12:50.531,2.03465,2.035,1.60,2.40
2008.05.19 15:12:51.264,2.0345,2.035,0.80,2.40
2008.05.19 15:12:52.029,2.03445,2.03495,8.70,0.80
2008.05.19 15:12:52.330,2.0345,2.035,2.40,3.30
2008.05.19 15:12:52.461,2.03445,2.035,8.70,3.30
2008.05.19 15:12:52.735,2.0345,2.035,0.80,2.40
2008.05.19 15:12:53.006,2.03445,2.035,8.70,3.30
2008.05.19 15:12:53.182,2.03445,2.035,5.60,3.30
2008.05.19 15:12:53.359,2.03445,2.03495,3.20,0.80
2008.05.19 15:12:53.540,2.03445,2.035,3.20,3.30
2008.05.19 15:12:53.716,2.03455,2.035,0.80,2.40
2008.05.19 15:12:53.882,2.03455,2.035,1.60,0.80
2008.05.19 15:12:54.415,2.03455,2.035,3.20,0.80
2008.05.19 15:12:55.135,2.03465,2.035,0.80,1.70
2008.05.19 15:12:55.294,2.03455,2.035,1.60,1.70
2008.05.19 15:12:55.444,2.03455,2.035,1.60,3.30
2008.05.19 15:12:55.605,2.0345,2.035,0.80,2.40
2008.05.19 15:12:56.052,2.03455,2.035,1.60,2.40
2008.05.19 15:12:56.469,2.03455,2.03495,1.60,4.90
2008.05.19 15:12:56.600,2.03455,2.0348,1.60,0.80
2008.05.19 15:12:56.876,2.03445,2.0348,3.20,0.80
2008.05.19 15:12:57.006,2.03445,2.0348,1.60,0.80
2008.05.19 15:12:59.033,2.03445,2.0348,2.40,0.80
2008.05.19 15:12:59.085,2.03445,2.0348,3.20,0.80
2008.05.19 15:12:59.341,2.03445,2.0348,4.80,0.80
2008.05.19 15:13:00.272,2.03445,2.0348,4.00,0.80
2008.05.19 15:13:00.442,2.03445,2.0348,4.80,0.80
2008.05.19 15:13:00.735,2.03445,2.0348,4.00,0.80
2008.05.19 15:13:01.936,2.0345,2.0348,0.80,0.80
2008.05.19 15:13:02.210,2.03455,2.03485,3.20,0.80
2008.05.19 15:13:05.147,2.03455,2.03485,0.80,0.80
2008.05.19 15:13:05.682,2.03465,2.03485,2.40,0.80
2008.05.19 15:13:05.882,2.03475,2.03485,0.80,0.80
2008.05.19 15:13:06.044,2.03475,2.03505,0.80,0.80
2008.05.19 15:13:06.312,2.03475,2.035,0.80,1.60
2008.05.19 15:13:06.718,2.03475,2.03505,0.80,0.80
2008.05.19 15:13:07.126,2.03465,2.035,4.00,1.60
2008.05.19 15:13:07.254,2.03465,2.03505,1.60,0.80
2008.05.19 15:13:07.519,2.03465,2.035,1.60,1.60
2008.05.19 15:13:07.768,2.03455,2.035,3.80,1.60
2008.05.19 15:13:08.151,2.0346,2.035,1.50,1.60
2008.05.19 15:13:08.286,2.03465,2.035,1.60,1.60
2008.05.19 15:13:08.431,2.0346,2.035,1.50,1.60
2008.05.19 15:13:08.665,2.03465,2.035,2.40,1.60
2008.05.19 15:13:08.773,2.03465,2.03505,3.20,0.80
2008.05.19 15:13:08.985,2.03485,2.0352,1.60,0.90
2008.05.19 15:13:09.754,2.03475,2.0352,1.60,0.90
2008.05.19 15:13:10.081,2.03465,2.0352,4.80,0.90
2008.05.19 15:13:10.252,2.03475,2.0352,1.60,0.90
2008.05.19 15:13:10.465,2.03465,2.0352,4.80,0.90
2008.05.19 15:13:11.458,2.03465,2.0351,4.00,0.90
2008.05.19 15:13:11.549,2.03465,2.0351,1.60,0.90
2008.05.19 15:13:11.615,2.0347,2.0351,0.80,0.80
2008.05.19 15:13:11.786,2.03475,2.0351,0.80,0.80
2008.05.19 15:13:12.886,2.03465,2.0351,1.60,1.70
2008.05.19 15:13:13.336,2.03465,2.0351,1.60,2.40
2008.05.19 15:13:13.548,2.03465,2.03505,1.60,1.70
2008.05.19 15:13:13.759,2.03455,2.035,5.60,0.90
2008.05.19 15:13:13.930,2.03455,2.0349,5.60,0.80
2008.05.19 15:13:14.110,2.03455,2.0349,4.00,0.80
2008.05.19 15:13:14.280,2.0346,2.03505,0.80,3.00
2008.05.19 15:13:14.451,2.0346,2.03505,0.80,0.60
2008.05.19 15:13:14.866,2.0346,2.0351,0.80,2.40
2008.05.19 15:13:15.368,2.03455,2.0349,5.60,0.80
2008.05.19 15:13:15.615,2.03455,2.0349,3.20,0.80
2008.05.19 15:13:15.767,2.0346,2.0349,0.80,0.80
2008.05.19 15:13:16.216,2.0344,2.03485,0.80,1.60
2008.05.19 15:13:16.367,2.0344,2.03485,3.20,1.60
2008.05.19 15:13:16.666,2.0344,2.0349,3.20,0.80
2008.05.19 15:13:16.867,2.0344,2.0349,0.80,0.80
2008.05.19 15:13:17.068,2.0345,2.03495,0.80,1.60
2008.05.19 15:13:17.468,2.0345,2.035,0.80,0.80
2008.05.19 15:13:17.669,2.03445,2.035,5.60,1.70
2008.05.19 15:13:18.093,2.03445,2.0349,5.60,0.80
2008.05.19 15:13:18.231,2.03445,2.0349,4.00,0.80
2008.05.19 15:13:18.368,2.03445,2.0349,3.20,0.80
2008.05.19 15:13:18.663,2.03445,2.0349,1.60,0.80
2008.05.19 15:13:18.909,2.03445,2.0349,0.80,1.70
2008.05.19 15:13:19.607,2.03445,2.03485,0.80,0.90
2008.05.19 15:13:19.843,2.03445,2.03485,0.80,2.50
2008.05.19 15:13:20.389,2.03445,2.03485,0.80,1.60
2008.05.19 15:13:20.749,2.03445,2.0349,0.80,0.60
2008.05.19 15:13:21.262,2.03445,2.03495,0.80,4.00
2008.05.19 15:13:21.407,2.03445,2.03495,1.60,4.00
2008.05.19 15:13:23.781,2.03445,2.03495,1.60,6.40
2008.05.19 15:13:24.150,2.03455,2.0349,0.80,0.80
2008.05.19 15:13:25.280,2.03455,2.0349,1.60,0.80
2008.05.19 15:13:25.700,2.03455,2.03495,1.60,3.80
2008.05.19 15:13:25.787,2.03455,2.03495,0.80,3.20
2008.05.19 15:13:26.062,2.0345,2.03495,0.80,0.80
2008.05.19 15:13:26.235,2.03445,2.03495,0.80,3.30
2008.05.19 15:13:26.321,2.03445,2.03495,3.20,2.50
2008.05.19 15:13:26.716,2.03445,2.03495,4.80,0.90
2008.05.19 15:13:31.613,2.03445,2.0349,4.80,0.90
2008.05.19 15:13:31.676,2.03445,2.0349,4.80,1.70
2008.05.19 15:13:31.787,2.03445,2.0349,2.40,1.70
2008.05.19 15:13:32.129,2.03445,2.0349,0.80,1.70
2008.05.19 15:13:32.779,2.03445,2.03495,1.60,2.20
2008.05.19 15:13:32.884,2.03445,2.03495,4.80,2.20
2008.05.19 15:13:32.992,2.03445,2.0349,4.00,1.70
2008.05.19 15:13:33.252,2.03445,2.0349,0.80,1.70
2008.05.19 15:13:33.551,2.03445,2.03485,0.80,1.60
2008.05.19 15:13:33.676,2.03445,2.03485,0.80,2.50
2008.05.19 15:13:34.982,2.03445,2.0348,0.80,0.90
2008.05.19 15:13:35.173,2.03445,2.03475,0.80,0.90
2008.05.19 15:13:35.414,2.03435,2.03475,1.60,0.90
2008.05.19 15:13:35.659,2.03425,2.03475,1.60,2.50
2008.05.19 15:13:35.780,2.03425,2.0347,1.60,0.80
2008.05.19 15:13:36.528,2.03425,2.0347,1.60,1.70
2008.05.19 15:13:36.839,2.03435,2.03475,0.80,2.50
2008.05.19 15:13:36.995,2.03435,2.03475,0.80,0.90
2008.05.19 15:13:37.153,2.03435,2.0347,0.80,0.90
2008.05.19 15:13:37.333,2.03435,2.0347,0.80,1.70
2008.05.19 15:13:38.733,2.03435,2.0347,0.80,2.40
2008.05.19 15:13:38.989,2.03435,2.03465,0.80,0.80
2008.05.19 15:13:39.170,2.03435,2.03465,0.80,1.70
2008.05.19 15:13:39.256,2.03435,2.0346,0.80,0.80
2008.05.19 15:13:39.707,2.03435,2.0346,0.80,1.70
2008.05.19 15:13:39.858,2.03415,2.0345,1.60,0.80
2008.05.19 15:13:40.007,2.03405,2.0345,4.00,0.80
2008.05.19 15:13:40.762,2.03405,2.0345,3.20,0.80
2008.05.19 15:13:41.723,2.03405,2.0345,1.60,0.80
2008.05.19 15:13:43.571,2.03405,2.0345,2.40,0.80
2008.05.19 15:13:43.746,2.03415,2.0345,0.80,0.80
2008.05.19 15:13:44.027,2.03415,2.0345,1.60,0.80
2008.05.19 15:13:47.174,2.03415,2.0345,2.40,0.80
2008.05.19 15:13:47.351,2.03415,2.03465,4.80,1.60
2008.05.19 15:13:47.667,2.03415,2.0347,5.60,2.40
2008.05.19 15:13:47.818,2.03415,2.0347,5.60,1.70
2008.05.19 15:13:47.987,2.03425,2.0347,0.80,0.80
2008.05.19 15:13:48.405,2.03425,2.03475,0.80,2.20
2008.05.19 15:13:48.547,2.03435,2.03475,1.60,1.60
2008.05.19 15:13:48.827,2.03435,2.03475,2.40,1.60
2008.05.19 15:13:49.110,2.03455,2.03485,0.80,3.00
2008.05.19 15:13:49.391,2.03455,2.03485,0.80,0.80
2008.05.19 15:13:49.671,2.03445,2.0349,3.20,1.40
2008.05.19 15:13:49.843,2.03455,2.0349,0.80,0.80
2008.05.19 15:13:50.013,2.03455,2.0349,1.60,0.80
2008.05.19 15:13:51.972,2.03455,2.0348,1.60,0.90
2008.05.19 15:13:52.244,2.03435,2.0347,1.60,0.80
2008.05.19 15:13:52.663,2.03435,2.0347,2.40,0.80
2008.05.19 15:13:52.895,2.03435,2.03485,2.40,1.60
2008.05.19 15:13:53.365,2.03435,2.0349,4.00,2.40
2008.05.19 15:13:53.595,2.03435,2.0349,4.00,1.70
2008.05.19 15:13:53.826,2.03455,2.0349,0.80,0.80
2008.05.19 15:13:53.931,2.03455,2.0349,1.60,0.80
2008.05.19 15:13:54.677,2.03455,2.0349,2.40,0.80
2008.05.19 15:13:55.179,2.03465,2.03505,0.80,4.00
2008.05.19 15:13:55.433,2.03475,2.03505,1.60,1.60
2008.05.19 15:13:55.935,2.03475,2.0351,1.60,0.80
2008.05.19 15:13:56.126,2.03475,2.0352,1.60,0.90
2008.05.19 15:13:56.510,2.03475,2.0351,1.60,0.80
2008.05.19 15:13:56.711,2.03475,2.0351,3.20,0.80
2008.05.19 15:13:57.192,2.03475,2.0351,1.60,0.80
2008.05.19 15:13:57.337,2.03475,2.03495,1.60,1.60
2008.05.19 15:13:57.483,2.03475,2.03495,3.20,1.60
2008.05.19 15:13:57.849,2.03475,2.035,2.40,1.60
2008.05.19 15:13:57.991,2.03485,2.035,1.60,1.60
2008.05.19 15:13:58.055,2.03485,2.0352,1.60,0.90
2008.05.19 15:13:58.266,2.03475,2.0352,1.60,0.90
2008.05.19 15:13:58.658,2.03475,2.03525,2.40,2.40
2008.05.19 15:13:58.730,2.03475,2.0351,3.20,0.80
2008.05.19 15:13:58.992,2.03475,2.0351,3.20,0.80
2008.05.19 15:13:59.364,2.03475,2.0351,1.60,0.80
2008.05.19 15:14:02.057,2.03475,2.0351,0.80,0.80
2008.05.19 15:14:02.211,2.03465,2.0351,1.60,1.70
2008.05.19 15:14:02.652,2.0346,2.0351,0.60,1.70
2008.05.19 15:14:03.983,2.0346,2.035,0.60,0.90
2008.05.19 15:14:04.135,2.0346,2.0348,0.60,0.90
2008.05.19 15:14:04.262,2.03455,2.0348,3.20,0.90
2008.05.19 15:14:04.400,2.03445,2.0348,2.20,0.90
2008.05.19 15:14:04.526,2.03445,2.0349,3.10,0.80
2008.05.19 15:14:04.651,2.03445,2.0349,2.40,0.80
2008.05.19 15:14:04.904,2.03445,2.03495,0.80,1.60
2008.05.19 15:14:05.152,2.03455,2.035,1.60,0.90
2008.05.19 15:14:05.291,2.03455,2.0349,2.40,0.80
2008.05.19 15:14:05.491,2.03455,2.0349,3.20,0.80
2008.05.19 15:14:05.897,2.03455,2.0349,1.60,0.80
2008.05.19 15:14:07.452,2.03455,2.03505,1.60,4.10
2008.05.19 15:14:08.007,2.03455,2.0349,1.60,0.80
2008.05.19 15:14:08.194,2.03455,2.0349,3.20,0.80
2008.05.19 15:14:08.389,2.03455,2.0349,1.60,0.80
2008.05.19 15:14:08.864,2.03455,2.0349,2.40,0.80
2008.05.19 15:14:08.988,2.03455,2.03505,2.40,3.80
2008.05.19 15:14:09.271,2.03455,2.0349,2.40,0.80
2008.05.19 15:14:09.426,2.03455,2.0349,1.60,0.80
2008.05.19 15:14:09.748,2.03455,2.03505,2.40,6.20
2008.05.19 15:14:09.906,2.03455,2.03495,2.40,0.80
2008.05.19 15:14:10.060,2.03455,2.03495,1.60,0.80
2008.05.19 15:14:10.215,2.03455,2.03495,2.40,0.80
2008.05.19 15:14:10.416,2.03455,2.03495,1.60,0.80
2008.05.19 15:14:10.589,2.03455,2.0349,1.60,0.80
2008.05.19 15:14:10.755,2.03455,2.0349,2.40,0.80
2008.05.19 15:14:10.933,2.03465,2.0349,0.80,0.80
2008.05.19 15:14:11.099,2.03465,2.0349,3.20,0.80
2008.05.19 15:14:11.265,2.03475,2.03495,1.60,0.80
2008.05.19 15:14:11.587,2.03475,2.0349,0.80,0.80
2008.05.19 15:14:11.748,2.03455,2.0349,1.60,0.80
2008.05.19 15:14:12.069,2.03455,2.03495,1.60,0.80
2008.05.19 15:14:12.232,2.03455,2.0349,1.60,0.80
2008.05.19 15:14:13.304,2.03455,2.03495,1.60,0.80
2008.05.19 15:14:13.993,2.03455,2.03495,2.40,0.80
2008.05.19 15:14:14.085,2.03455,2.0349,2.40,0.80
2008.05.19 15:14:14.176,2.03455,2.0349,1.60,0.80
2008.05.19 15:14:15.560,2.03455,2.03495,1.60,0.80
2008.05.19 15:14:16.642,2.03455,2.03495,2.40,0.80
2008.05.19 15:14:17.791,2.03455,2.03495,1.60,0.80
2008.05.19 15:14:18.072,2.03455,2.03495,2.40,0.80
2008.05.19 15:14:18.323,2.03455,2.03495,4.00,0.80
2008.05.19 15:14:18.637,2.0346,2.03495,0.80,0.80
2008.05.19 15:14:19.306,2.0346,2.03505,0.80,1.40
2008.05.19 15:14:19.453,2.0346,2.03505,0.80,0.80
2008.05.19 15:14:19.555,2.03465,2.03505,1.60,0.80
2008.05.19 15:14:20.530,2.03465,2.03505,1.60,1.60
2008.05.19 15:14:21.447,2.0346,2.03505,0.80,1.60
2008.05.19 15:14:22.859,2.03465,2.03505,1.60,1.60
2008.05.19 15:14:24.899,2.03455,2.03505,4.00,1.60
2008.05.19 15:14:25.102,2.03455,2.03505,2.40,3.20
2008.05.19 15:14:26.428,2.03455,2.03505,4.00,1.60
2008.05.19 15:14:26.709,2.03455,2.0349,3.20,0.80
2008.05.19 15:14:27.197,2.03455,2.0348,3.20,0.90
2008.05.19 15:14:27.330,2.03455,2.0348,1.60,0.90
2008.05.19 15:14:27.461,2.03445,2.0347,1.60,0.80
2008.05.19 15:14:27.721,2.03435,2.0349,4.70,1.70
2008.05.19 15:14:27.852,2.03435,2.0349,4.00,1.70
2008.05.19 15:14:27.982,2.03435,2.0348,3.20,0.90
2008.05.19 15:14:28.112,2.03435,2.0347,3.20,0.80
2008.05.19 15:14:28.296,2.03435,2.0347,4.00,0.80
2008.05.19 15:14:28.479,2.03445,2.03485,3.20,2.40
2008.05.19 15:14:28.660,2.03455,2.0349,0.80,0.80
2008.05.19 15:14:28.841,2.03455,2.0349,0.80,1.70
2008.05.19 15:14:29.021,2.03445,2.0349,1.60,1.70
2008.05.19 15:14:29.206,2.03435,2.0349,4.00,1.70
2008.05.19 15:14:32.339,2.03435,2.0349,4.70,1.70
2008.05.19 15:14:33.522,2.03435,2.0347,4.70,0.80
2008.05.19 15:14:33.795,2.03445,2.0347,1.60,0.80
2008.05.19 15:14:33.998,2.03435,2.0347,3.80,0.80
2008.05.19 15:14:34.296,2.03435,2.0347,2.20,0.80
2008.05.19 15:14:34.848,2.03455,2.03485,1.60,1.60
2008.05.19 15:14:35.029,2.03455,2.0349,1.60,0.80
2008.05.19 15:14:36.010,2.03455,2.0349,2.40,0.80
2008.05.19 15:14:36.164,2.03455,2.0349,1.60,0.80
2008.05.19 15:14:36.350,2.03455,2.0349,3.20,0.80
2008.05.19 15:14:36.636,2.03455,2.0349,0.80,0.80
2008.05.19 15:14:36.904,2.03445,2.0349,1.60,0.80
2008.05.19 15:14:41.642,2.0345,2.0349,0.80,0.80
2008.05.19 15:14:41.772,2.03455,2.0349,0.80,0.80
2008.05.19 15:14:42.034,2.03455,2.0349,1.60,0.80
2008.05.19 15:14:42.165,2.03455,2.0349,3.20,0.80
2008.05.19 15:14:42.856,2.03455,2.03505,3.20,1.60
2008.05.19 15:14:43.011,2.03455,2.03505,4.80,3.20
2008.05.19 15:14:43.166,2.03455,2.03505,4.00,3.20
2008.05.19 15:14:43.322,2.03455,2.03505,4.00,2.20
2008.05.19 15:14:43.478,2.03455,2.03505,4.80,1.60
2008.05.19 15:14:43.643,2.0346,2.03505,0.80,1.60
2008.05.19 15:14:43.797,2.03465,2.03505,1.60,1.60
2008.05.19 15:14:44.727,2.0347,2.03505,0.80,1.60
2008.05.19 15:14:44.901,2.0347,2.03505,0.80,0.80
2008.05.19 15:14:45.080,2.03465,2.03515,5.60,4.00
2008.05.19 15:14:45.246,2.03465,2.03515,4.00,4.00
2008.05.19 15:14:45.411,2.03465,2.03515,4.00,1.60
2008.05.19 15:14:45.577,2.0347,2.03505,0.80,0.80
2008.05.19 15:14:45.755,2.03475,2.03505,1.60,0.80
2008.05.19 15:14:46.046,2.03465,2.03505,4.00,0.80
2008.05.19 15:14:49.934,2.03465,2.03505,3.20,0.80
2008.05.19 15:14:50.124,2.03465,2.035,3.20,0.80
2008.05.19 15:14:50.335,2.03465,2.035,1.60,0.80
2008.05.19 15:14:51.197,2.03465,2.035,1.60,1.70
2008.05.19 15:14:51.489,2.03455,2.035,2.40,0.80
2008.05.19 15:14:51.630,2.03455,2.035,1.60,1.70
2008.05.19 15:14:51.770,2.0345,2.035,4.00,1.70
2008.05.19 15:14:51.911,2.03445,2.035,7.10,1.70
2008.05.19 15:14:53.141,2.03455,2.035,1.60,1.70
2008.05.19 15:14:53.724,2.03455,2.035,2.40,0.80
2008.05.19 15:14:53.803,2.0346,2.035,0.80,0.80
2008.05.19 15:14:53.886,2.03455,2.035,1.60,0.80
2008.05.19 15:14:53.967,2.0346,2.035,2.40,0.80
2008.05.19 15:14:54.139,2.0345,2.035,3.20,0.80
2008.05.19 15:14:54.297,2.03455,2.035,0.80,0.80
2008.05.19 15:14:54.547,2.0345,2.035,4.00,1.70
2008.05.19 15:14:54.798,2.03445,2.035,7.10,1.70
2008.05.19 15:14:55.048,2.03455,2.035,1.60,1.70
2008.05.19 15:14:55.482,2.03445,2.035,7.10,1.70
2008.05.19 15:14:56.393,2.03445,2.035,6.30,1.70
2008.05.19 15:14:56.472,2.03455,2.035,0.80,0.80
2008.05.19 15:14:56.617,2.03445,2.035,6.30,1.70
2008.05.19 15:14:56.697,2.0345,2.035,2.40,1.70
2008.05.19 15:14:56.944,2.03455,2.035,0.80,0.80
2008.05.19 15:14:57.144,2.03445,2.035,6.30,1.70
2008.05.19 15:14:57.311,2.0345,2.035,2.40,1.70
2008.05.19 15:14:57.602,2.03455,2.035,0.80,0.80
2008.05.19 15:14:58.183,2.03465,2.035,2.40,0.80
2008.05.19 15:14:58.473,2.03465,2.035,1.60,0.80
2008.05.19 15:14:59.383,2.03465,2.03515,1.60,6.40
2008.05.19 15:14:59.500,2.03465,2.03515,1.60,7.20
2008.05.19 15:14:59.737,2.03465,2.03515,4.00,2.20
2008.05.19 15:14:59.973,2.03465,2.03515,3.20,2.20
2008.05.19 15:15:00.210,2.03465,2.03515,2.40,3.20
2008.05.19 15:15:00.911,2.03465,2.03515,3.20,2.20
2008.05.19 15:15:01.309,2.03465,2.03515,3.20,3.80
2008.05.19 15:15:03.059,2.03465,2.03515,3.20,6.20
2008.05.19 15:15:03.218,2.03465,2.03515,4.00,4.60
2008.05.19 15:15:03.312,2.03465,2.03515,3.20,5.60
2008.05.19 15:15:03.452,2.03475,2.03515,0.80,4.80
2008.05.19 15:15:03.553,2.03475,2.03515,0.80,1.60
2008.05.19 15:15:03.676,2.03475,2.03515,0.80,0.60
2008.05.19 15:15:04.282,2.03475,2.03515,0.80,1.60
2008.05.19 15:15:04.472,2.03475,2.0351,0.80,0.80
2008.05.19 15:15:04.664,2.03485,2.03525,0.80,6.40
2008.05.19 15:15:04.857,2.03485,2.03525,2.40,1.60
2008.05.19 15:15:05.068,2.03485,2.03525,1.60,1.60
2008.05.19 15:15:05.279,2.03485,2.0353,3.20,0.80
2008.05.19 15:15:05.886,2.03495,2.0353,0.80,0.80
2008.05.19 15:15:06.198,2.03495,2.0353,1.60,0.80
2008.05.19 15:15:06.497,2.03495,2.03525,1.60,0.80
2008.05.19 15:15:06.648,2.03495,2.03525,0.80,0.80
2008.05.19 15:15:06.801,2.03495,2.0352,0.80,0.90
2008.05.19 15:15:06.932,2.03475,2.0351,0.80,0.80
2008.05.19 15:15:07.217,2.03475,2.0351,1.60,0.80
2008.05.19 15:15:08.709,2.03475,2.0351,3.20,0.80
2008.05.19 15:15:11.408,2.03475,2.0351,1.60,0.80
2008.05.19 15:15:13.197,2.03475,2.0351,3.20,0.80
2008.05.19 15:15:13.524,2.03475,2.0351,1.60,0.80
2008.05.19 15:15:13.898,2.03475,2.0351,0.80,0.80
2008.05.19 15:15:14.515,2.03475,2.0351,1.60,0.80
2008.05.19 15:15:14.655,2.03475,2.0351,3.20,0.80
2008.05.19 15:15:15.753,2.0348,2.0351,0.80,0.80
2008.05.19 15:15:16.013,2.03485,2.0352,0.80,0.80
2008.05.19 15:15:16.474,2.03485,2.0352,1.60,0.80
2008.05.19 15:15:17.236,2.0349,2.0352,0.80,0.80
2008.05.19 15:15:17.383,2.03485,2.03535,3.20,6.40
2008.05.19 15:15:17.528,2.03485,2.03535,4.80,6.40
2008.05.19 15:15:17.675,2.03495,2.03535,2.40,4.00
2008.05.19 15:15:17.820,2.03505,2.03535,0.80,2.40
2008.05.19 15:15:18.109,2.03505,2.03535,1.60,2.40
2008.05.19 15:15:18.257,2.03505,2.03535,1.60,4.80
2008.05.19 15:15:18.488,2.03505,2.03535,0.80,4.80
2008.05.19 15:15:18.719,2.03485,2.0352,4.80,0.80
2008.05.19 15:15:19.601,2.0349,2.03535,2.40,4.80
2008.05.19 15:15:19.791,2.03485,2.03535,4.80,4.80
2008.05.19 15:15:20.136,2.0349,2.03535,3.20,4.80
2008.05.19 15:15:20.891,2.0349,2.03535,2.40,5.70
2008.05.19 15:15:21.013,2.0349,2.0353,2.40,0.80
2008.05.19 15:15:21.223,2.03485,2.0353,3.20,0.80
2008.05.19 15:15:21.343,2.03485,2.0353,4.00,0.80
2008.05.19 15:15:21.463,2.03485,2.03535,4.00,4.80
2008.05.19 15:15:21.869,2.03485,2.03535,6.40,4.80
2008.05.19 15:15:23.752,2.03485,2.03535,7.20,4.80
2008.05.19 15:15:24.330,2.03485,2.03535,7.00,5.70
2008.05.19 15:15:24.443,2.03485,2.0353,7.00,0.80
2008.05.19 15:15:24.859,2.03485,2.0353,4.60,0.80
2008.05.19 15:15:25.717,2.0349,2.0353,0.80,0.80
2008.05.19 15:15:25.912,2.03495,2.0353,3.20,0.80
2008.05.19 15:15:26.057,2.03495,2.0353,4.80,0.80
2008.05.19 15:15:26.211,2.03495,2.0353,4.00,0.80
2008.05.19 15:15:26.322,2.03495,2.0353,3.20,0.80
2008.05.19 15:15:26.434,2.03495,2.03525,3.20,0.90
2008.05.19 15:15:26.666,2.03485,2.0351,1.60,0.80
2008.05.19 15:15:26.967,2.03485,2.0353,3.20,0.80
2008.05.19 15:15:29.403,2.03495,2.0353,1.60,0.80
2008.05.19 15:15:29.940,2.03485,2.0353,3.20,0.80
2008.05.19 15:15:31.684,2.03485,2.03525,3.20,1.60
2008.05.19 15:15:32.501,2.03485,2.03525,1.60,1.60
2008.05.19 15:15:33.151,2.0349,2.03525,0.80,1.60
2008.05.19 15:15:33.517,2.03495,2.03525,0.80,1.60
2008.05.19 15:15:33.728,2.03495,2.03525,1.60,0.80
2008.05.19 15:15:33.940,2.03495,2.03525,1.60,1.60
2008.05.19 15:15:34.151,2.03495,2.03515,1.60,0.80
2008.05.19 15:15:34.576,2.03495,2.03515,0.80,1.60
2008.05.19 15:15:34.759,2.03485,2.03515,1.60,1.60
2008.05.19 15:15:35.268,2.03475,2.03515,1.60,1.60
2008.05.19 15:15:36.373,2.03475,2.03515,2.40,1.60
2008.05.19 15:15:36.874,2.03475,2.0351,1.60,0.90
2008.05.19 15:15:37.010,2.03475,2.0351,2.40,0.90
2008.05.19 15:15:37.147,2.03475,2.035,1.60,0.80
2008.05.19 15:15:37.417,2.03465,2.03515,2.30,5.60
2008.05.19 15:15:37.554,2.03465,2.03515,2.30,2.40
2008.05.19 15:15:38.101,2.03465,2.0351,3.80,0.90
2008.05.19 15:15:38.353,2.03465,2.035,2.20,0.80
2008.05.19 15:15:38.606,2.03485,2.03515,1.60,1.60
2008.05.19 15:15:38.762,2.03485,2.0351,1.60,0.90
2008.05.19 15:15:38.918,2.03475,2.03515,1.60,4.80
2008.05.19 15:15:39.074,2.03465,2.03515,2.40,4.00
2008.05.19 15:15:39.386,2.03465,2.03515,4.70,2.40
2008.05.19 15:15:40.379,2.03465,2.03515,4.70,3.20
2008.05.19 15:15:40.585,2.03475,2.0351,3.20,0.80
2008.05.19 15:15:40.766,2.03475,2.0351,4.00,0.80
2008.05.19 15:15:40.885,2.03485,2.0351,0.80,0.80
2008.05.19 15:15:41.350,2.03485,2.035,0.80,0.80
2008.05.19 15:15:41.503,2.03475,2.035,1.60,0.80
2008.05.19 15:15:42.067,2.03465,2.035,3.90,0.80
2008.05.19 15:15:42.388,2.03475,2.0351,3.20,0.80
2008.05.19 15:15:42.709,2.03485,2.0351,0.80,0.80
2008.05.19 15:15:46.463,2.03485,2.03515,0.80,1.60
2008.05.19 15:15:46.949,2.03485,2.03515,1.60,1.60
2008.05.19 15:15:49.374,2.03485,2.035,1.60,0.80
2008.05.19 15:15:49.489,2.03485,2.035,0.80,0.80
2008.05.19 15:15:49.557,2.03485,2.03515,0.80,1.60
2008.05.19 15:15:50.486,2.03485,2.03515,1.60,1.60
2008.05.19 15:15:52.520,2.03485,2.03515,0.80,1.60
2008.05.19 15:15:52.574,2.03485,2.03515,0.80,4.00
2008.05.19 15:15:52.802,2.03475,2.03515,0.80,4.00
2008.05.19 15:15:52.995,2.03465,2.0351,4.80,0.90
2008.05.19 15:15:53.041,2.03465,2.035,1.60,0.80
2008.05.19 15:15:55.046,2.03465,2.035,0.80,0.80
2008.05.19 15:15:56.370,2.03465,2.035,0.80,1.70
2008.05.19 15:15:56.511,2.03465,2.0349,0.80,0.80
2008.05.19 15:15:57.371,2.03465,2.035,0.80,0.90
2008.05.19 15:15:57.954,2.03465,2.03505,0.80,2.50
2008.05.19 15:15:58.139,2.03465,2.03505,0.80,0.90
2008.05.19 15:15:58.324,2.03465,2.0351,0.80,1.70
2008.05.19 15:15:58.694,2.03465,2.0351,1.60,0.80
2008.05.19 15:15:58.853,2.03465,2.0351,0.80,0.80
2008.05.19 15:15:58.976,2.03465,2.03515,0.80,4.00
2008.05.19 15:15:59.047,2.03465,2.0351,0.80,0.60
2008.05.19 15:15:59.524,2.03465,2.03505,0.80,0.80
2008.05.19 15:15:59.892,2.03465,2.03505,0.80,2.40
2008.05.19 15:16:00.049,2.03465,2.035,0.80,0.80
2008.05.19 15:16:00.560,2.03465,2.035,0.80,1.70
2008.05.19 15:16:00.944,2.03465,2.035,3.20,0.80
2008.05.19 15:16:01.091,2.03475,2.03505,0.80,5.60
2008.05.19 15:16:01.246,2.03475,2.03505,0.80,1.60
2008.05.19 15:16:01.392,2.03475,2.03505,1.60,1.60
2008.05.19 15:16:01.810,2.03475,2.03505,0.80,0.80
2008.05.19 15:16:02.254,2.03465,2.03505,2.40,2.40
2008.05.19 15:16:02.504,2.03465,2.03505,0.80,2.40
2008.05.19 15:16:02.705,2.03465,2.03505,0.80,4.00
2008.05.19 15:16:03.220,2.03465,2.03505,3.90,2.40
2008.05.19 15:16:03.341,2.03475,2.03495,0.80,0.80
2008.05.19 15:16:03.461,2.03475,2.03495,1.60,0.80
2008.05.19 15:16:04.020,2.03485,2.03495,0.80,0.80
2008.05.19 15:16:04.151,2.03495,2.0352,0.80,0.90
2008.05.19 15:16:04.281,2.03495,2.0352,1.60,0.90
2008.05.19 15:16:04.412,2.03485,2.03495,0.80,0.80
2008.05.19 15:16:04.542,2.03485,2.03495,0.80,0.80
2008.05.19 15:16:04.673,2.03475,2.03495,1.60,0.80
2008.05.19 15:16:05.353,2.03475,2.03495,1.60,1.60
2008.05.19 15:16:05.614,2.03475,2.03505,1.60,1.60
2008.05.19 15:16:05.888,2.0346,2.03505,2.40,1.60
2008.05.19 15:16:06.029,2.03465,2.03495,0.80,0.80
2008.05.19 15:16:07.228,2.03465,2.03495,0.80,1.60
2008.05.19 15:16:07.296,2.03465,2.03495,0.80,2.40
2008.05.19 15:16:07.730,2.03465,2.03495,0.80,1.60
2008.05.19 15:16:08.666,2.03465,2.03495,1.60,1.60
2008.05.19 15:16:08.708,2.03475,2.03495,0.80,1.60
2008.05.19 15:16:08.837,2.03475,2.03495,1.60,1.60
2008.05.19 15:16:09.035,2.03475,2.03495,1.60,0.80
2008.05.19 15:16:09.482,2.03475,2.03505,1.60,1.60
2008.05.19 15:16:12.360,2.03475,2.03505,2.40,1.60
2008.05.19 15:16:12.530,2.03485,2.03505,0.80,1.60
2008.05.19 15:16:12.742,2.03485,2.03505,1.60,1.60
2008.05.19 15:16:13.394,2.03465,2.03505,3.20,1.60
2008.05.19 15:16:13.716,2.03465,2.03505,0.80,1.60
2008.05.19 15:16:14.036,2.03475,2.03505,0.80,1.60
2008.05.19 15:16:14.435,2.03465,2.03505,2.40,1.60
2008.05.19 15:16:14.779,2.03465,2.03505,0.80,1.60
2008.05.19 15:16:14.975,2.03465,2.03505,1.60,1.60
2008.05.19 15:16:15.105,2.03465,2.03505,4.00,1.60
2008.05.19 15:16:15.290,2.03475,2.03505,0.80,1.60
2008.05.19 15:16:15.844,2.03475,2.03505,1.60,1.60
2008.05.19 15:16:16.476,2.03475,2.03495,1.60,0.80
2008.05.19 15:16:20.027,2.03485,2.0351,0.80,0.80
2008.05.19 15:16:20.335,2.03485,2.03515,1.60,1.60
2008.05.19 15:16:20.535,2.03485,2.0351,1.60,0.90
2008.05.19 15:16:20.666,2.03485,2.035,0.80,0.80
2008.05.19 15:16:20.805,2.03465,2.03505,2.40,0.80
2008.05.19 15:16:21.524,2.03465,2.03505,4.00,0.80
2008.05.19 15:16:23.467,2.03465,2.0351,4.00,0.80
2008.05.19 15:16:23.579,2.03465,2.03515,4.00,0.90
2008.05.19 15:16:24.800,2.03465,2.03515,4.70,0.90
2008.05.19 15:16:29.451,2.0347,2.0352,0.80,1.70
2008.05.19 15:16:29.541,2.03475,2.0352,0.80,0.90
2008.05.19 15:16:30.463,2.03475,2.03515,0.80,3.30
2008.05.19 15:16:30.598,2.03475,2.0351,0.80,0.80
2008.05.19 15:16:31.691,2.03475,2.03505,0.80,0.80
2008.05.19 15:16:32.336,2.03475,2.0351,1.60,0.80
2008.05.19 15:16:34.327,2.03475,2.0351,0.80,0.80
2008.05.19 15:16:34.505,2.03475,2.03495,0.80,0.90
2008.05.19 15:16:34.604,2.03475,2.0349,0.80,0.80
2008.05.19 15:16:34.706,2.03465,2.0349,1.60,0.80
2008.05.19 15:16:34.775,2.03465,2.035,1.60,0.90
2008.05.19 15:16:34.971,2.03455,2.035,1.60,0.90
2008.05.19 15:16:35.019,2.03455,2.03495,4.00,0.90
2008.05.19 15:16:35.115,2.03455,2.0349,4.00,0.80
2008.05.19 15:16:35.656,2.03455,2.03495,1.60,0.90
2008.05.19 15:16:35.971,2.03455,2.03505,1.60,4.90
2008.05.19 15:16:36.287,2.03455,2.03505,1.60,2.50
2008.05.19 15:16:36.794,2.03455,2.03505,3.20,0.90
2008.05.19 15:16:37.323,2.03455,2.03505,2.40,0.90
2008.05.19 15:16:38.536,2.03455,2.035,2.40,0.90
2008.05.19 15:16:39.261,2.03455,2.0351,3.20,2.40
2008.05.19 15:16:39.421,2.03455,2.03505,2.40,0.90
2008.05.19 15:16:40.393,2.03455,2.0351,3.20,2.40
2008.05.19 15:16:40.984,2.03455,2.0351,5.60,2.40
2008.05.19 15:16:42.243,2.03455,2.035,4.80,0.90
2008.05.19 15:16:42.338,2.03455,2.035,3.20,0.90
2008.05.19 15:16:42.503,2.03455,2.0351,5.60,2.40
2008.05.19 15:16:42.955,2.03455,2.03495,7.20,0.80
2008.05.19 15:16:43.150,2.03455,2.0349,5.60,0.80
2008.05.19 15:16:43.462,2.03455,2.0349,4.00,0.80
2008.05.19 15:16:43.617,2.03455,2.0349,0.80,0.80
2008.05.19 15:16:46.118,2.03455,2.0349,4.00,0.80
2008.05.19 15:16:47.545,2.03455,2.0349,1.60,0.80
2008.05.19 15:16:47.654,2.03455,2.0349,0.80,0.80
2008.05.19 15:16:49.192,2.03455,2.0349,0.80,1.70
2008.05.19 15:16:49.978,2.03455,2.0349,0.80,0.80
2008.05.19 15:16:50.517,2.03455,2.0348,0.80,0.80
2008.05.19 15:16:52.579,2.03455,2.0348,3.20,0.80
2008.05.19 15:16:52.645,2.03455,2.0349,3.20,0.80
2008.05.19 15:16:53.047,2.03455,2.03495,3.20,1.60
2008.05.19 15:16:53.233,2.03455,2.035,1.60,0.80
2008.05.19 15:16:53.900,2.03455,2.035,5.60,0.80
2008.05.19 15:16:54.274,2.03455,2.035,4.00,0.80
2008.05.19 15:16:55.108,2.03465,2.035,0.80,0.80
2008.05.19 15:16:57.533,2.03465,2.035,0.80,1.70
2008.05.19 15:16:57.595,2.03465,2.0349,0.80,0.80
2008.05.19 15:17:02.265,2.0345,2.0349,0.80,0.80
2008.05.19 15:17:02.365,2.03445,2.0349,4.00,0.80
2008.05.19 15:17:02.689,2.03445,2.0349,3.20,0.80
2008.05.19 15:17:02.870,2.03455,2.0349,0.80,0.80
2008.05.19 15:17:03.233,2.03445,2.0349,4.00,0.80
2008.05.19 15:17:04.178,2.03445,2.0349,2.40,0.80
2008.05.19 15:17:04.312,2.03445,2.03485,1.60,0.90
2008.05.19 15:17:04.444,2.03435,2.03475,3.20,0.90
2008.05.19 15:17:04.673,2.03435,2.0347,3.20,0.80
2008.05.19 15:17:04.790,2.03435,2.0347,0.80,0.80
2008.05.19 15:17:05.759,2.03435,2.0347,1.60,0.80
2008.05.19 15:17:06.612,2.03435,2.0347,0.80,0.80
2008.05.19 15:17:06.744,2.03435,2.0347,1.60,0.80
2008.05.19 15:17:07.002,2.03435,2.0347,2.40,0.80
2008.05.19 15:17:07.144,2.03435,2.03485,4.80,2.50
2008.05.19 15:17:07.273,2.03455,2.03485,2.40,0.90
2008.05.19 15:17:07.479,2.03455,2.0349,2.40,0.80
2008.05.19 15:17:07.987,2.03455,2.0349,2.40,1.70
2008.05.19 15:17:08.177,2.03445,2.0349,2.20,1.70
2008.05.19 15:17:08.556,2.03445,2.0349,1.50,0.80
2008.05.19 15:17:08.905,2.03445,2.0349,0.60,1.70
2008.05.19 15:17:09.051,2.03445,2.0349,0.60,0.80
2008.05.19 15:17:09.825,2.0345,2.0349,0.60,0.80
2008.05.19 15:17:10.347,2.03455,2.035,1.60,1.70
2008.05.19 15:17:10.609,2.03465,2.035,4.00,0.80
2008.05.19 15:17:10.805,2.03465,2.035,4.80,0.80
2008.05.19 15:17:13.028,2.03465,2.035,1.60,0.80
2008.05.19 15:17:13.290,2.03465,2.035,0.80,0.80
2008.05.19 15:17:14.100,2.03465,2.03485,0.80,0.90
2008.05.19 15:17:14.321,2.0345,2.0348,0.60,0.80
2008.05.19 15:17:14.596,2.03445,2.03485,1.40,0.90
2008.05.19 15:17:14.689,2.03445,2.03495,1.40,2.50
2008.05.19 15:17:15.148,2.03445,2.03495,0.80,2.50
2008.05.19 15:17:15.388,2.03445,2.03495,2.40,0.90
2008.05.19 15:17:15.618,2.03445,2.03495,0.80,2.50
2008.05.19 15:17:16.515,2.03445,2.0349,0.80,0.90
2008.05.19 15:17:16.650,2.03445,2.0349,0.80,1.70
2008.05.19 15:17:21.634,2.03445,2.0349,1.60,0.80
2008.05.19 15:17:23.076,2.03445,2.0349,0.80,1.70
2008.05.19 15:17:23.193,2.03445,2.03485,0.80,1.60
2008.05.19 15:17:23.531,2.03445,2.03485,0.80,2.50
2008.05.19 15:17:23.616,2.03435,2.03485,3.80,2.50
2008.05.19 15:17:23.715,2.03435,2.03485,1.40,2.50
2008.05.19 15:17:24.627,2.03435,2.03485,2.30,1.60
2008.05.19 15:17:24.759,2.0344,2.03485,0.60,1.60
2008.05.19 15:17:24.881,2.0344,2.0348,0.60,0.90
2008.05.19 15:17:25.013,2.0344,2.0348,0.60,1.70
2008.05.19 15:17:25.254,2.0344,2.03475,0.60,1.60
2008.05.19 15:17:26.102,2.0344,2.0347,0.60,0.80
2008.05.19 15:17:28.499,2.03435,2.0347,0.60,0.80
2008.05.19 15:17:30.006,2.03435,2.0347,0.60,1.70
2008.05.19 15:17:30.232,2.0343,2.0347,0.60,0.80
2008.05.19 15:17:30.499,2.0343,2.0347,1.50,0.80
2008.05.19 15:17:30.578,2.0343,2.03475,0.60,1.60
2008.05.19 15:17:30.660,2.03425,2.03475,4.70,1.60
2008.05.19 15:17:32.704,2.03425,2.03475,2.30,1.60
2008.05.19 15:17:34.099,2.0343,2.03475,2.40,2.50
2008.05.19 15:17:34.400,2.03425,2.03475,2.20,2.50
2008.05.19 15:17:34.495,2.0343,2.03475,0.80,1.60
2008.05.19 15:17:34.591,2.03435,2.0348,1.60,0.80
2008.05.19 15:17:36.319,2.03435,2.03475,1.60,0.80
2008.05.19 15:17:40.482,2.03435,2.03475,1.60,2.40
2008.05.19 15:17:40.533,2.03435,2.03475,2.40,2.40
2008.05.19 15:17:40.634,2.03445,2.03475,0.80,2.40
2008.05.19 15:17:40.722,2.03445,2.0348,1.60,0.80
2008.05.19 15:17:40.748,2.03445,2.03485,1.60,3.00
2008.05.19 15:17:40.951,2.03445,2.03485,1.60,4.00
2008.05.19 15:17:41.227,2.03445,2.03485,0.80,4.00
2008.05.19 15:17:41.477,2.03445,2.03485,0.80,3.00
2008.05.19 15:17:41.837,2.03445,2.03485,1.60,0.80
2008.05.19 15:17:41.982,2.03445,2.0349,1.60,2.40
2008.05.19 15:17:42.130,2.03445,2.03485,1.60,0.90
2008.05.19 15:17:44.032,2.03445,2.03485,0.80,0.90
2008.05.19 15:17:44.366,2.03445,2.03485,1.60,0.90
2008.05.19 15:17:44.702,2.03445,2.0349,1.60,0.80
2008.05.19 15:17:44.943,2.03465,2.03495,0.80,4.00
2008.05.19 15:17:45.164,2.03465,2.03495,1.60,1.40
2008.05.19 15:17:45.862,2.03465,2.03495,0.80,0.80
2008.05.19 15:17:47.336,2.03465,2.03495,1.60,0.80
2008.05.19 15:17:48.031,2.03465,2.03485,1.60,0.90
2008.05.19 15:17:48.075,2.03465,2.03485,0.80,0.90
2008.05.19 15:17:48.167,2.03455,2.03485,1.60,0.90
2008.05.19 15:17:48.498,2.03455,2.0349,0.80,0.90
2008.05.19 15:17:48.830,2.03445,2.03485,0.80,0.90
2008.05.19 15:17:49.161,2.03435,2.03485,2.40,0.90
2008.05.19 15:17:49.493,2.03435,2.03485,0.80,2.50
2008.05.19 15:17:49.609,2.03435,2.0348,0.80,0.90
2008.05.19 15:17:49.719,2.0343,2.0348,3.00,0.90
2008.05.19 15:17:49.829,2.0343,2.0348,2.40,1.70
2008.05.19 15:17:49.940,2.03425,2.0347,3.00,0.90
2008.05.19 15:17:50.161,2.03425,2.0347,1.40,0.90
2008.05.19 15:17:50.702,2.03425,2.0347,0.80,0.90
2008.05.19 15:17:51.676,2.03435,2.0347,0.50,0.90
2008.05.19 15:17:53.910,2.03435,2.03475,0.50,1.60
2008.05.19 15:17:54.017,2.03435,2.03475,1.20,1.60
2008.05.19 15:17:54.113,2.03435,2.03475,0.80,1.60
2008.05.19 15:17:54.369,2.03435,2.0348,1.60,1.70
2008.05.19 15:17:55.180,2.03435,2.03465,1.60,2.40
2008.05.19 15:17:55.377,2.03435,2.0346,0.80,1.70
2008.05.19 15:17:55.583,2.0342,2.0346,0.60,1.70
2008.05.19 15:17:55.726,2.0342,2.0346,0.60,0.80
2008.05.19 15:17:55.868,2.03425,2.03465,0.80,1.60
2008.05.19 15:17:56.010,2.03435,2.0347,0.80,0.90
2008.05.19 15:17:56.289,2.03425,2.0347,3.20,0.90
2008.05.19 15:17:56.437,2.03425,2.0347,0.80,0.90
2008.05.19 15:17:57.771,2.03425,2.0347,1.60,0.90
2008.05.19 15:17:58.355,2.03425,2.0347,0.80,0.90
2008.05.19 15:17:58.726,2.03425,2.03475,1.60,1.60
2008.05.19 15:17:59.005,2.03425,2.0347,0.80,0.90
2008.05.19 15:17:59.659,2.03425,2.03475,1.60,1.60
2008.05.19 15:17:59.790,2.03435,2.03475,1.60,1.60
2008.05.19 15:18:00.408,2.03435,2.0348,1.60,1.70
2008.05.19 15:18:01.402,2.03435,2.03475,1.60,0.80
2008.05.19 15:18:01.544,2.03435,2.0346,1.60,0.90
2008.05.19 15:18:01.914,2.03435,2.0346,0.80,1.70
2008.05.19 15:18:02.216,2.03435,2.0346,0.80,0.80
2008.05.19 15:18:02.338,2.03435,2.0347,0.80,0.80
2008.05.19 15:18:02.581,2.03435,2.0347,0.80,1.70
2008.05.19 15:18:03.262,2.03435,2.0347,0.80,0.90
2008.05.19 15:18:03.479,2.03435,2.03475,0.80,1.60
2008.05.19 15:18:03.910,2.03435,2.0348,1.60,0.90
2008.05.19 15:18:04.117,2.03445,2.0348,0.80,0.90
2008.05.19 15:18:05.152,2.03445,2.03485,0.80,2.50
2008.05.19 15:18:05.541,2.03445,2.0348,0.80,0.90
2008.05.19 15:18:06.205,2.03445,2.03485,0.80,1.60
2008.05.19 15:18:06.352,2.03445,2.0349,1.60,0.90
2008.05.19 15:18:06.450,2.03445,2.0348,1.60,0.90
2008.05.19 15:18:06.714,2.03445,2.0347,0.80,0.90
2008.05.19 15:18:06.865,2.0343,2.0347,0.60,0.90
2008.05.19 15:18:07.242,2.0343,2.0347,0.60,0.80
2008.05.19 15:18:07.711,2.03435,2.0347,0.80,0.80
2008.05.19 15:18:07.948,2.03435,2.0347,1.60,0.80
2008.05.19 15:18:08.989,2.03445,2.0347,2.40,0.80
2008.05.19 15:18:09.175,2.03455,2.03485,0.80,4.80
2008.05.19 15:18:09.352,2.03455,2.03485,0.80,0.80
2008.05.19 15:18:09.529,2.03455,2.03475,1.60,0.90
2008.05.19 15:18:09.707,2.03455,2.03475,0.80,0.90
2008.05.19 15:18:09.882,2.03455,2.03485,0.80,2.40
2008.05.19 15:18:10.058,2.03455,2.03485,1.60,0.80
2008.05.19 15:18:11.970,2.03455,2.0349,1.60,1.60
2008.05.19 15:18:12.125,2.03455,2.0349,1.60,0.80
2008.05.19 15:18:12.769,2.0346,2.0349,0.80,0.80
2008.05.19 15:18:12.890,2.03475,2.03505,0.80,4.80
2008.05.19 15:18:13.011,2.03475,2.03505,0.80,0.80
2008.05.19 15:18:14.197,2.03475,2.0351,0.80,0.80
2008.05.19 15:18:14.303,2.03475,2.0351,1.60,0.80
2008.05.19 15:18:14.583,2.03475,2.0351,0.80,0.80
2008.05.19 15:18:15.209,2.03475,2.0351,1.60,0.80
2008.05.19 15:18:16.620,2.03475,2.0351,0.80,0.80
2008.05.19 15:18:16.786,2.03475,2.0351,1.60,0.80
2008.05.19 15:18:17.075,2.03475,2.03505,1.60,1.60
2008.05.19 15:18:17.143,2.03475,2.03505,1.60,2.50
2008.05.19 15:18:17.274,2.03465,2.035,0.80,0.80
2008.05.19 15:18:18.135,2.03465,2.03495,0.80,0.80
2008.05.19 15:18:18.353,2.03465,2.035,0.80,1.60
2008.05.19 15:18:18.548,2.03465,2.035,0.80,0.80
2008.05.19 15:18:19.071,2.03465,2.035,1.60,0.80
2008.05.19 15:18:19.392,2.03465,2.035,2.20,0.80
2008.05.19 15:18:19.578,2.0347,2.035,0.80,0.80
2008.05.19 15:18:19.778,2.03475,2.035,3.20,0.80
2008.05.19 15:18:19.977,2.03485,2.0352,0.80,1.60
2008.05.19 15:18:20.163,2.03485,2.0352,0.80,0.80
2008.05.19 15:18:20.351,2.03485,2.0352,1.60,0.80
2008.05.19 15:18:20.822,2.03485,2.03525,1.60,0.90
2008.05.19 15:18:21.064,2.03485,2.0352,1.60,0.80
2008.05.19 15:18:21.539,2.03485,2.0352,0.80,0.80
2008.05.19 15:18:22.639,2.03485,2.0352,0.80,1.70
2008.05.19 15:18:22.995,2.03485,2.0352,0.80,0.90
2008.05.19 15:18:23.268,2.03485,2.03525,0.80,0.90
2008.05.19 15:18:23.424,2.03505,2.03525,0.80,0.90
2008.05.19 15:18:23.530,2.03505,2.0353,0.80,2.40
2008.05.19 15:18:23.780,2.03495,2.03535,0.80,2.20
2008.05.19 15:18:23.906,2.03495,2.0352,0.80,0.90
2008.05.19 15:18:24.032,2.03495,2.0352,0.80,1.70
2008.05.19 15:18:24.164,2.03495,2.0352,0.80,0.80
2008.05.19 15:18:24.301,2.03485,2.03525,2.40,2.40
2008.05.19 15:18:24.427,2.03495,2.03535,2.40,4.60
2008.05.19 15:18:24.801,2.03505,2.03525,0.80,0.90
2008.05.19 15:18:25.040,2.03485,2.0353,0.80,3.30
2008.05.19 15:18:25.273,2.03485,2.0353,0.80,0.90
2008.05.19 15:18:25.737,2.03485,2.03535,2.40,3.30
2008.05.19 15:18:25.883,2.03485,2.03535,2.40,4.10
2008.05.19 15:18:26.027,2.03485,2.03535,2.40,1.70
2008.05.19 15:18:26.321,2.03495,2.03535,2.40,1.70
2008.05.19 15:18:26.468,2.03505,2.03535,0.80,0.80
2008.05.19 15:18:27.199,2.03495,2.0353,3.20,0.80
2008.05.19 15:18:27.588,2.03495,2.0353,1.60,0.80
2008.05.19 15:18:28.831,2.03495,2.0351,0.80,0.80
2008.05.19 15:18:28.972,2.03495,2.03525,0.80,1.70
2008.05.19 15:18:29.119,2.03475,2.03525,4.60,4.10
2008.05.19 15:18:29.260,2.03475,2.03525,4.60,1.70
2008.05.19 15:18:29.400,2.03475,2.03525,4.60,0.90
2008.05.19 15:18:29.541,2.03485,2.03525,1.60,0.90
2008.05.19 15:18:29.681,2.03485,2.0353,1.60,1.70
2008.05.19 15:18:30.170,2.03485,2.0352,1.60,0.90
2008.05.19 15:18:30.352,2.03485,2.0351,1.60,0.80
2008.05.19 15:18:30.729,2.03475,2.0351,4.60,0.80
2008.05.19 15:18:31.022,2.03495,2.0352,0.80,0.90
2008.05.19 15:18:31.263,2.03495,2.0353,1.60,0.80
2008.05.19 15:18:31.785,2.03495,2.03525,4.00,0.90
2008.05.19 15:18:31.982,2.03495,2.03525,0.80,0.90
2008.05.19 15:18:32.174,2.03485,2.0351,1.60,0.80
2008.05.19 15:18:32.366,2.03475,2.0351,0.80,0.80
2008.05.19 15:18:32.557,2.03465,2.0351,1.50,0.80
2008.05.19 15:18:32.988,2.0346,2.0351,0.60,1.70
2008.05.19 15:18:33.470,2.03465,2.0351,0.80,0.80
2008.05.19 15:18:33.711,2.03475,2.0351,0.80,0.80
2008.05.19 15:18:33.888,2.03475,2.0351,4.00,0.80
2008.05.19 15:18:34.237,2.03475,2.0351,5.60,0.80
2008.05.19 15:18:34.734,2.03475,2.0351,3.20,0.80
2008.05.19 15:18:35.366,2.03475,2.0351,1.60,0.80
2008.05.19 15:18:35.513,2.03475,2.03525,1.60,5.60
2008.05.19 15:18:35.657,2.03475,2.03525,1.60,3.20
2008.05.19 15:18:36.008,2.03475,2.03525,4.00,0.60
2008.05.19 15:18:36.223,2.03475,2.03525,3.20,1.60
2008.05.19 15:18:36.430,2.03485,2.0352,1.60,0.90
2008.05.19 15:18:36.636,2.03475,2.0351,3.20,0.80
2008.05.19 15:18:36.995,2.03475,2.0351,1.60,0.80
2008.05.19 15:18:37.220,2.03475,2.0351,0.80,0.80
2008.05.19 15:18:37.375,2.03465,2.0351,7.90,0.80
2008.05.19 15:18:37.532,2.03475,2.0351,0.80,0.80
2008.05.19 15:18:37.690,2.03475,2.0351,1.60,0.80
2008.05.19 15:18:39.212,2.03475,2.0351,3.20,0.80
2008.05.19 15:18:39.557,2.03475,2.0351,1.60,0.80
2008.05.19 15:18:41.448,2.03475,2.0351,3.20,0.80
2008.05.19 15:18:42.771,2.03475,2.0351,1.60,0.80
2008.05.19 15:18:43.003,2.03485,2.0351,0.80,0.80
2008.05.19 15:18:43.145,2.03495,2.03515,0.80,0.80
2008.05.19 15:18:43.432,2.03495,2.03525,0.80,1.20
2008.05.19 15:18:43.854,2.03485,2.0352,4.80,0.80
2008.05.19 15:18:44.004,2.03485,2.0352,3.20,0.80
2008.05.19 15:18:44.355,2.03485,2.0352,1.60,0.80
2008.05.19 15:18:45.335,2.03485,2.0352,2.40,0.80
2008.05.19 15:18:45.650,2.03485,2.0352,0.80,0.80
2008.05.19 15:18:46.015,2.03485,2.0352,2.30,0.80
2008.05.19 15:18:46.214,2.03485,2.03535,3.10,2.40
2008.05.19 15:18:46.466,2.03485,2.03535,3.10,1.60
2008.05.19 15:18:46.656,2.0349,2.0354,0.80,0.80
2008.05.19 15:18:46.847,2.03495,2.0354,0.80,0.80
2008.05.19 15:18:47.046,2.03515,2.0354,0.80,0.80
2008.05.19 15:18:52.169,2.03515,2.0355,0.80,0.90
2008.05.19 15:18:52.315,2.03515,2.03555,1.60,3.20
2008.05.19 15:18:52.462,2.03515,2.03555,1.60,1.60
2008.05.19 15:18:52.607,2.03515,2.03565,1.60,3.20
2008.05.19 15:18:52.752,2.03515,2.03565,1.60,5.60
2008.05.19 15:18:52.908,2.03535,2.03565,0.80,4.90
2008.05.19 15:18:53.055,2.03535,2.03565,0.80,3.30
2008.05.19 15:18:54.433,2.03535,2.03565,0.80,4.10
2008.05.19 15:18:54.496,2.03535,2.03565,0.80,4.90
2008.05.19 15:18:56.517,2.03535,2.03565,0.80,3.30
2008.05.19 15:18:56.731,2.03535,2.03555,0.80,0.90
2008.05.19 15:18:56.940,2.03525,2.03555,1.60,0.90
2008.05.19 15:18:57.046,2.03525,2.03555,0.80,0.90
2008.05.19 15:18:58.320,2.03515,2.0355,1.60,1.70
2008.05.19 15:18:58.507,2.03515,2.0355,0.80,1.70
2008.05.19 15:18:58.633,2.03515,2.0354,0.80,0.90
2008.05.19 15:18:58.912,2.03505,2.0354,3.20,1.70
2008.05.19 15:18:59.033,2.03505,2.0354,2.40,1.70
2008.05.19 15:18:59.203,2.03505,2.0354,0.80,1.70
2008.05.19 15:19:00.206,2.03505,2.0354,0.80,2.40
2008.05.19 15:19:00.352,2.03495,2.0354,1.60,2.40
2008.05.19 15:19:00.498,2.03495,2.0354,0.80,2.40
2008.05.19 15:19:00.781,2.03495,2.0354,0.80,1.70
2008.05.19 15:19:01.546,2.03495,2.03535,0.80,1.60
2008.05.19 15:19:02.392,2.03485,2.0353,0.80,0.80
2008.05.19 15:19:02.524,2.03485,2.0353,0.80,3.20
2008.05.19 15:19:02.795,2.03475,2.0352,3.80,0.90
2008.05.19 15:19:04.032,2.03475,2.0352,3.20,0.90
2008.05.19 15:19:05.259,2.0348,2.0351,0.60,0.90
2008.05.19 15:19:05.400,2.0348,2.0351,0.60,1.70
2008.05.19 15:19:05.829,2.03475,2.0351,2.40,0.80
2008.05.19 15:19:05.971,2.03475,2.0351,4.80,0.80
2008.05.19 15:19:06.172,2.03495,2.03525,0.80,1.60
2008.05.19 15:19:06.373,2.03495,2.0353,0.80,2.40
2008.05.19 15:19:07.179,2.03495,2.0353,0.80,0.80
2008.05.19 15:19:07.265,2.03505,2.03535,3.20,1.60
2008.05.19 15:19:07.601,2.03505,2.03545,3.20,1.60
2008.05.19 15:19:08.013,2.03505,2.0355,3.20,1.70
2008.05.19 15:19:08.952,2.03505,2.03545,3.20,0.50
2008.05.19 15:19:09.742,2.03515,2.03545,0.80,0.50
2008.05.19 15:19:09.833,2.03515,2.0356,0.80,2.10
2008.05.19 15:19:10.019,2.03515,2.0356,0.80,1.70
2008.05.19 15:19:10.122,2.03525,2.0356,2.40,1.70
2008.05.19 15:19:10.253,2.03525,2.0356,2.40,0.80
2008.05.19 15:19:10.374,2.03525,2.0356,3.20,0.80
2008.05.19 15:19:10.495,2.03525,2.0355,1.60,0.90
2008.05.19 15:19:10.617,2.03525,2.0355,0.80,1.70
2008.05.19 15:19:10.748,2.03515,2.0355,1.60,1.70
2008.05.19 15:19:11.183,2.03505,2.0355,3.20,1.70
2008.05.19 15:19:11.303,2.03545,2.03555,0.80,2.40
2008.05.19 15:19:11.554,2.03545,2.03555,0.80,1.60
2008.05.19 15:19:11.800,2.03545,2.0358,0.80,0.80
2008.05.19 15:19:14.185,2.03545,2.0358,1.60,0.80
2008.05.19 15:19:14.265,2.03545,2.0358,4.00,0.80
2008.05.19 15:19:14.412,2.03545,2.03595,6.40,1.60
2008.05.19 15:19:14.557,2.03545,2.03595,6.40,2.40
2008.05.19 15:19:15.160,2.03545,2.03595,8.00,0.80
2008.05.19 15:19:15.618,2.03545,2.0359,7.20,0.90
2008.05.19 15:19:15.799,2.03545,2.0358,7.20,0.80
2008.05.19 15:19:15.981,2.03545,2.0358,1.60,0.80
2008.05.19 15:19:16.163,2.03545,2.03585,3.20,0.90
2008.05.19 15:19:16.543,2.03545,2.03575,0.80,0.90
2008.05.19 15:19:16.755,2.03545,2.03585,0.80,3.30
2008.05.19 15:19:17.145,2.03545,2.0359,0.80,1.40
2008.05.19 15:19:17.345,2.03545,2.03585,0.80,0.90
2008.05.19 15:19:17.542,2.03545,2.03575,0.80,0.90
2008.05.19 15:19:17.945,2.03545,2.0357,0.80,0.80
2008.05.19 15:19:19.672,2.03525,2.0357,4.80,0.80
2008.05.19 15:19:19.863,2.03535,2.0357,0.80,0.80
2008.05.19 15:19:20.592,2.03515,2.03565,3.00,0.90
2008.05.19 15:19:20.724,2.03535,2.0357,0.80,0.80
2008.05.19 15:19:20.985,2.03525,2.03565,0.80,0.90
2008.05.19 15:19:21.116,2.03525,2.03555,0.80,0.90
2008.05.19 15:19:21.247,2.03515,2.0355,3.00,0.80
2008.05.19 15:19:21.524,2.03515,2.03565,3.00,4.10
2008.05.19 15:19:21.735,2.03515,2.0356,0.80,0.90
2008.05.19 15:19:22.155,2.03515,2.0356,2.40,0.90
2008.05.19 15:19:22.380,2.03515,2.0356,0.80,0.80
2008.05.19 15:19:22.601,2.03525,2.0356,3.20,0.80
2008.05.19 15:19:24.371,2.03505,2.0353,4.80,0.80
2008.05.19 15:19:24.584,2.03505,2.0353,2.40,0.80
2008.05.19 15:19:25.137,2.03505,2.0353,0.80,0.80
2008.05.19 15:19:25.906,2.03505,2.0353,3.20,0.80
2008.05.19 15:19:26.012,2.03505,2.03525,3.20,0.90
2008.05.19 15:19:26.120,2.03485,2.0351,3.80,0.80
2008.05.19 15:19:26.391,2.03495,2.0351,1.60,0.80
2008.05.19 15:19:27.040,2.03485,2.0352,0.80,0.90
2008.05.19 15:19:27.313,2.03485,2.0351,1.60,0.80
2008.05.19 15:19:27.585,2.03475,2.0351,7.00,0.80
2008.05.19 15:19:27.856,2.03475,2.0351,2.20,0.80
2008.05.19 15:19:28.054,2.03475,2.0351,6.20,0.80
2008.05.19 15:19:28.498,2.03475,2.03505,3.80,0.90
2008.05.19 15:19:28.695,2.0347,2.0349,0.60,0.80
2008.05.19 15:19:28.892,2.03475,2.0351,0.80,0.80
2008.05.19 15:19:29.455,2.03485,2.0352,0.80,0.80
2008.05.19 15:19:30.018,2.03495,2.0353,2.40,0.80
2008.05.19 15:19:30.220,2.03495,2.0353,4.00,0.80
2008.05.19 15:19:30.436,2.03495,2.03545,2.20,2.50
2008.05.19 15:19:30.624,2.03495,2.03545,3.80,0.90
2008.05.19 15:19:30.825,2.03505,2.03545,1.60,0.90
2008.05.19 15:19:31.043,2.035,2.0355,3.00,1.70
2008.05.19 15:19:31.270,2.03505,2.0355,1.50,0.80
2008.05.19 15:19:31.486,2.03505,2.0355,0.60,1.70
2008.05.19 15:19:31.718,2.03505,2.0355,1.50,0.80
2008.05.19 15:19:31.934,2.03505,2.03535,0.60,0.50
2008.05.19 15:19:32.488,2.03505,2.0355,0.60,2.10
2008.05.19 15:19:32.675,2.03505,2.0355,0.60,0.90
2008.05.19 15:19:32.861,2.0351,2.03565,0.80,4.90
2008.05.19 15:19:32.967,2.03515,2.03565,0.80,4.90
2008.05.19 15:19:33.073,2.03525,2.0356,0.80,0.80
2008.05.19 15:19:33.286,2.03525,2.0356,0.80,1.70
2008.05.19 15:19:33.392,2.03515,2.0355,2.40,0.80
2008.05.19 15:19:33.612,2.03515,2.0355,0.80,0.80
2008.05.19 15:19:33.712,2.03505,2.0355,6.30,0.80
2008.05.19 15:19:33.819,2.03505,2.0355,5.40,0.80
2008.05.19 15:19:34.262,2.03525,2.03555,0.80,0.90
2008.05.19 15:19:34.584,2.03525,2.03565,1.60,1.60
2008.05.19 15:19:34.905,2.03515,2.03565,5.60,3.00
2008.05.19 15:19:35.087,2.03515,2.0355,4.80,0.80
2008.05.19 15:19:35.258,2.03515,2.0356,1.60,0.90
2008.05.19 15:19:35.609,2.03515,2.03565,2.40,4.00
2008.05.19 15:19:35.780,2.03515,2.03565,3.20,0.90
2008.05.19 15:19:35.978,2.03525,2.0357,0.80,3.80
2008.05.19 15:19:36.184,2.03535,2.0357,4.00,1.40
2008.05.19 15:19:36.391,2.03535,2.0357,4.00,0.80
2008.05.19 15:19:36.800,2.03535,2.0357,4.80,0.80
2008.05.19 15:19:37.008,2.03535,2.0357,5.60,0.80
2008.05.19 15:19:37.215,2.03545,2.0357,0.80,0.80
2008.05.19 15:19:37.421,2.03555,2.0359,4.00,0.80
2008.05.19 15:19:38.040,2.03555,2.0359,4.80,0.80
2008.05.19 15:19:38.217,2.03565,2.0359,0.80,0.80
2008.05.19 15:19:38.393,2.03565,2.0359,1.60,0.80
2008.05.19 15:19:39.364,2.03565,2.0359,7.20,0.80
2008.05.19 15:19:39.535,2.03575,2.0361,0.80,1.70
2008.05.19 15:19:39.707,2.03575,2.03595,0.80,0.80
2008.05.19 15:19:39.890,2.03575,2.0361,0.80,0.80
2008.05.19 15:19:40.290,2.03575,2.0361,1.60,0.80
2008.05.19 15:19:40.514,2.03575,2.03625,1.60,4.80
2008.05.19 15:19:40.742,2.03565,2.036,7.80,0.90
2008.05.19 15:19:40.970,2.03575,2.0359,1.60,0.80
2008.05.19 15:19:41.417,2.03565,2.0359,1.60,0.80
2008.05.19 15:19:41.857,2.0357,2.0361,0.80,3.20
2008.05.19 15:19:42.080,2.03575,2.0361,0.80,0.80
2008.05.19 15:19:42.752,2.03575,2.0361,1.60,0.80
2008.05.19 15:19:43.502,2.03575,2.0361,3.20,0.80
2008.05.19 15:19:43.667,2.03575,2.0361,1.60,0.80
2008.05.19 15:19:44.194,2.03585,2.0361,0.80,0.80
2008.05.19 15:19:44.316,2.03585,2.0361,2.40,0.80
2008.05.19 15:19:44.445,2.03595,2.03615,0.80,0.80
2008.05.19 15:19:44.565,2.03595,2.03625,0.80,0.80
2008.05.19 15:19:44.697,2.03595,2.0363,0.80,0.80
2008.05.19 15:19:44.806,2.03595,2.0362,0.80,0.90
2008.05.19 15:19:44.929,2.03585,2.0361,2.40,0.80
2008.05.19 15:19:45.050,2.03585,2.0361,3.20,0.80
2008.05.19 15:19:45.171,2.03585,2.0361,1.60,0.80
2008.05.19 15:19:45.388,2.03585,2.0363,4.00,1.70
2008.05.19 15:19:45.656,2.03585,2.0362,4.00,0.90
2008.05.19 15:19:45.873,2.03585,2.0361,1.60,0.80
2008.05.19 15:19:46.303,2.03575,2.0361,4.60,0.80
2008.05.19 15:19:46.827,2.03605,2.0361,0.80,0.80
2008.05.19 15:19:46.973,2.03615,2.03625,0.80,2.40
2008.05.19 15:19:47.121,2.03615,2.03635,0.80,1.60
2008.05.19 15:19:47.390,2.03585,2.0362,3.00,0.80
2008.05.19 15:19:47.668,2.03595,2.0362,1.60,0.80
2008.05.19 15:19:47.947,2.03595,2.03625,0.80,0.80
2008.05.19 15:19:48.217,2.03585,2.0361,2.40,0.80
2008.05.19 15:19:48.416,2.03585,2.03615,1.60,0.90
2008.05.19 15:19:48.611,2.03575,2.03615,0.80,0.90
2008.05.19 15:19:48.810,2.03575,2.0361,0.80,0.80
2008.05.19 15:19:48.984,2.03575,2.0361,1.60,0.80
2008.05.19 15:19:49.640,2.03575,2.0361,3.20,0.80
2008.05.19 15:19:50.195,2.03575,2.0359,2.40,0.80
2008.05.19 15:19:50.348,2.03565,2.0359,3.20,0.80
2008.05.19 15:19:50.498,2.03555,2.0359,1.60,0.80
2008.05.19 15:19:50.649,2.03555,2.03585,1.60,0.90
2008.05.19 15:19:50.799,2.03545,2.03585,2.40,1.70
2008.05.19 15:19:50.949,2.03545,2.0358,2.40,0.80
2008.05.19 15:19:51.101,2.0355,2.0358,0.80,0.80
2008.05.19 15:19:51.252,2.0355,2.03585,0.80,0.80
2008.05.19 15:19:51.452,2.03585,2.036,1.60,0.60
2008.05.19 15:19:51.855,2.03585,2.0361,1.60,3.20
2008.05.19 15:19:52.056,2.03575,2.0361,0.80,0.80
2008.05.19 15:19:52.446,2.03575,2.0361,1.60,0.80
2008.05.19 15:19:52.632,2.03575,2.03615,0.80,0.60
2008.05.19 15:19:52.819,2.03565,2.03615,5.60,0.60
2008.05.19 15:19:53.014,2.03565,2.0361,4.80,0.80
2008.05.19 15:19:53.386,2.03575,2.0361,0.80,1.70
2008.05.19 15:19:53.581,2.03575,2.036,0.80,0.80
2008.05.19 15:19:53.778,2.03565,2.036,1.60,0.80
2008.05.19 15:19:53.984,2.03565,2.036,2.40,0.80
2008.05.19 15:19:54.377,2.03555,2.0358,2.40,0.80
2008.05.19 15:19:54.544,2.03555,2.0358,1.60,0.80
2008.05.19 15:19:54.709,2.03545,2.0358,3.80,0.80
2008.05.19 15:19:54.874,2.03545,2.0358,2.20,0.80
2008.05.19 15:19:55.399,2.03545,2.0359,1.60,0.80
2008.05.19 15:19:55.576,2.03545,2.0359,2.40,0.80
2008.05.19 15:19:55.751,2.03545,2.0359,1.60,0.80
2008.05.19 15:19:55.926,2.0355,2.0359,0.80,0.80
2008.05.19 15:19:56.307,2.03545,2.0359,2.40,0.80
2008.05.19 15:19:56.482,2.03545,2.03595,2.40,1.60
2008.05.19 15:19:56.657,2.03545,2.036,5.60,1.60
2008.05.19 15:19:57.394,2.03545,2.0359,3.20,0.90
2008.05.19 15:19:57.575,2.03545,2.0358,3.20,0.80
2008.05.19 15:19:57.755,2.03545,2.0358,1.60,0.80
2008.05.19 15:19:58.643,2.03545,2.0356,0.80,0.80
2008.05.19 15:19:58.707,2.03535,2.0356,0.80,0.80
2008.05.19 15:19:58.961,2.03525,2.0356,4.60,0.80
2008.05.19 15:19:59.218,2.03525,2.0356,4.00,0.80
2008.05.19 15:20:00.408,2.03525,2.0356,1.60,0.80
2008.05.19 15:20:00.804,2.03525,2.03575,1.60,2.50
2008.05.19 15:20:00.883,2.03525,2.0357,3.20,0.90
2008.05.19 15:20:00.963,2.03525,2.03575,4.80,1.60
2008.05.19 15:20:01.261,2.0353,2.0358,0.80,0.80
2008.05.19 15:20:01.470,2.03535,2.0358,0.80,0.80
2008.05.19 15:20:01.629,2.03545,2.0358,0.80,0.80
2008.05.19 15:20:01.810,2.03545,2.0358,1.60,0.80
2008.05.19 15:20:05.315,2.03545,2.0358,2.40,0.80
2008.05.19 15:20:05.546,2.03555,2.0358,2.40,0.80
2008.05.19 15:20:05.765,2.03545,2.0358,2.40,0.80
2008.05.19 15:20:06.108,2.03555,2.0358,2.40,0.80
2008.05.19 15:20:06.278,2.03555,2.0358,2.40,1.70
2008.05.19 15:20:06.458,2.03545,2.0359,2.40,0.80
2008.05.19 15:20:06.642,2.03545,2.0359,1.60,0.80
2008.05.19 15:20:07.077,2.0355,2.0359,0.80,0.80
2008.05.19 15:20:08.717,2.0356,2.0359,0.80,0.80
2008.05.19 15:20:08.798,2.0356,2.03595,0.80,1.60
2008.05.19 15:20:09.148,2.03555,2.036,4.00,0.60
2008.05.19 15:20:09.364,2.03555,2.036,0.80,1.40
2008.05.19 15:20:09.592,2.0355,2.0359,0.80,0.80
2008.05.19 15:20:09.808,2.0354,2.0359,0.80,0.80
2008.05.19 15:20:10.204,2.0354,2.0359,0.80,1.70
2008.05.19 15:20:10.363,2.0354,2.0359,0.80,2.40
2008.05.19 15:20:10.849,2.03545,2.0359,0.80,2.40
2008.05.19 15:20:11.010,2.03545,2.03585,0.80,0.60
2008.05.19 15:20:11.130,2.03545,2.03585,1.60,0.60
2008.05.19 15:20:11.372,2.03545,2.0358,1.60,0.90
2008.05.19 15:20:11.612,2.03535,2.0358,1.60,1.70
2008.05.19 15:20:11.888,2.03525,2.0358,3.20,1.70
2008.05.19 15:20:12.233,2.03525,2.0357,2.40,0.90
2008.05.19 15:20:12.456,2.03525,2.0357,2.40,1.70
2008.05.19 15:20:12.677,2.03525,2.0357,2.40,2.40
2008.05.19 15:20:12.897,2.03525,2.03565,0.80,0.60
2008.05.19 15:20:13.118,2.03515,2.0356,4.80,0.80
2008.05.19 15:20:13.279,2.03515,2.0356,2.40,0.80
2008.05.19 15:20:13.440,2.03515,2.0355,1.60,0.80
2008.05.19 15:20:13.601,2.03515,2.0355,2.40,0.80
2008.05.19 15:20:13.766,2.03525,2.0355,3.20,0.80
2008.05.19 15:20:13.926,2.03535,2.03565,0.80,1.60
2008.05.19 15:20:14.351,2.03525,2.03565,1.60,0.60
2008.05.19 15:20:14.613,2.03515,2.03565,5.60,0.60
2008.05.19 15:20:14.880,2.03515,2.0357,5.60,2.40
2008.05.19 15:20:15.273,2.0352,2.0357,0.80,2.40
2008.05.19 15:20:15.912,2.0352,2.0357,0.80,1.70
2008.05.19 15:20:16.926,2.03525,2.0357,0.80,0.80
2008.05.19 15:20:17.034,2.0353,2.0357,0.80,0.80
2008.05.19 15:20:17.286,2.0354,2.0357,0.80,0.80
2008.05.19 15:20:17.448,2.03535,2.03585,2.40,2.20
2008.05.19 15:20:17.768,2.03555,2.0359,2.40,1.40
2008.05.19 15:20:17.938,2.03555,2.0359,4.00,0.60
2008.05.19 15:20:18.347,2.03555,2.03605,4.00,0.60
2008.05.19 15:20:18.597,2.03555,2.0361,5.60,2.40
2008.05.19 15:20:18.847,2.03565,2.0361,0.80,2.40
2008.05.19 15:20:19.109,2.03565,2.03605,0.80,2.50
2008.05.19 15:20:19.351,2.0357,2.03605,0.80,1.60
2008.05.19 15:20:19.592,2.03575,2.03615,1.60,0.60
2008.05.19 15:20:19.833,2.03575,2.03615,2.40,0.60
2008.05.19 15:20:20.075,2.03575,2.0361,0.80,0.80
2008.05.19 15:20:22.789,2.03575,2.0361,1.60,0.80
2008.05.19 15:20:24.110,2.03575,2.0361,0.80,0.80
2008.05.19 15:20:25.599,2.03565,2.0359,2.40,0.80
2008.05.19 15:20:26.137,2.03545,2.0359,3.20,0.80
2008.05.19 15:20:26.790,2.03545,2.0359,4.00,0.80
2008.05.19 15:20:27.048,2.03555,2.0359,3.20,0.80
2008.05.19 15:20:27.304,2.03565,2.0359,0.80,0.80
2008.05.19 15:20:27.561,2.03575,2.03605,0.80,2.40
2008.05.19 15:20:27.753,2.03575,2.03605,0.80,1.60
2008.05.19 15:20:27.908,2.03575,2.03605,0.80,0.90
2008.05.19 15:20:28.073,2.03565,2.03605,0.80,0.90
2008.05.19 15:20:28.470,2.03565,2.0361,0.80,2.40
2008.05.19 15:20:28.635,2.03565,2.0361,3.20,2.40
2008.05.19 15:20:28.813,2.03565,2.0361,4.00,2.40
2008.05.19 15:20:28.989,2.03565,2.03605,4.00,0.90
2008.05.19 15:20:29.144,2.03565,2.03605,1.60,0.90
2008.05.19 15:20:29.310,2.03565,2.03605,0.80,0.90
2008.05.19 15:20:29.475,2.03555,2.03605,2.40,0.90
2008.05.19 15:20:29.755,2.03555,2.03605,1.60,0.90
2008.05.19 15:20:30.048,2.03555,2.03605,1.60,2.50
2008.05.19 15:20:30.317,2.03555,2.03605,2.40,2.50
2008.05.19 15:20:30.597,2.03555,2.03605,2.40,3.30
2008.05.19 15:20:30.891,2.03555,2.03605,4.00,1.70
2008.05.19 15:20:31.388,2.03555,2.03605,3.20,1.70
2008.05.19 15:20:31.524,2.03555,2.03605,1.60,3.30
2008.05.19 15:20:31.970,2.03555,2.036,1.60,0.60
2008.05.19 15:20:32.752,2.03555,2.036,4.00,0.60
2008.05.19 15:20:33.025,2.03555,2.03595,4.00,0.60
2008.05.19 15:20:33.161,2.03555,2.03595,3.20,1.40
2008.05.19 15:20:33.307,2.03555,2.03595,0.80,2.20
2008.05.19 15:20:33.444,2.03555,2.03585,0.80,0.90
2008.05.19 15:20:33.582,2.03545,2.0357,1.60,0.80
2008.05.19 15:20:33.989,2.03555,2.03575,1.60,0.90
2008.05.19 15:20:34.524,2.03555,2.0358,1.60,3.00
2008.05.19 15:20:34.773,2.03535,2.0358,2.40,3.00
2008.05.19 15:20:35.244,2.03535,2.0358,2.40,1.40
2008.05.19 15:20:35.479,2.03535,2.0358,0.80,1.40
2008.05.19 15:20:35.715,2.0353,2.0358,0.80,1.40
2008.05.19 15:20:35.886,2.03535,2.0358,1.60,1.40
2008.05.19 15:20:36.059,2.03555,2.0358,0.80,1.40
2008.05.19 15:20:36.229,2.03555,2.0358,0.80,0.80
2008.05.19 15:20:36.401,2.03555,2.03585,1.60,2.50
2008.05.19 15:20:36.572,2.03555,2.0359,0.80,0.60
2008.05.19 15:20:36.914,2.0355,2.0359,2.40,4.00
2008.05.19 15:20:37.156,2.03555,2.0359,1.60,1.40
2008.05.19 15:20:37.398,2.03555,2.0359,5.60,0.80
2008.05.19 15:20:37.639,2.03555,2.0359,4.00,0.80
2008.05.19 15:20:37.880,2.03555,2.0359,5.60,0.80
2008.05.19 15:20:38.373,2.03555,2.0359,5.60,1.70
2008.05.19 15:20:38.589,2.03555,2.0358,2.40,0.80
2008.05.19 15:20:39.019,2.0356,2.0358,0.80,0.80
2008.05.19 15:20:39.190,2.03565,2.036,1.60,0.80
2008.05.19 15:20:39.360,2.03565,2.036,3.20,0.80
2008.05.19 15:20:39.531,2.03565,2.036,5.60,0.80
2008.05.19 15:20:39.701,2.03565,2.036,4.00,0.80
2008.05.19 15:20:40.628,2.03565,2.036,1.60,0.80
2008.05.19 15:20:40.869,2.03565,2.036,4.00,0.80
2008.05.19 15:20:41.113,2.03575,2.0361,4.00,0.80
2008.05.19 15:20:41.739,2.03575,2.0361,3.20,1.70
2008.05.19 15:20:41.962,2.03565,2.0359,1.60,0.80
2008.05.19 15:20:42.233,2.03555,2.036,5.60,0.90
2008.05.19 15:20:42.507,2.03555,2.0359,2.40,0.90
2008.05.19 15:20:42.801,2.03555,2.0358,2.40,0.80
2008.05.19 15:20:43.071,2.03555,2.0358,0.80,0.80
2008.05.19 15:20:43.475,2.03545,2.0357,0.80,0.80
2008.05.19 15:20:43.671,2.03555,2.0357,0.80,0.80
2008.05.19 15:20:43.869,2.03565,2.0359,2.40,0.80
2008.05.19 15:20:44.065,2.03555,2.0359,4.00,0.80
2008.05.19 15:20:44.309,2.03545,2.0359,1.60,2.40
2008.05.19 15:20:44.768,2.03535,2.0359,8.00,2.40
2008.05.19 15:20:45.228,2.03545,2.03585,0.80,0.60
2008.05.19 15:20:45.389,2.03555,2.03585,3.20,0.60
2008.05.19 15:20:45.551,2.03555,2.03585,1.60,0.60
2008.05.19 15:20:45.721,2.03555,2.03585,0.80,0.60
2008.05.19 15:20:45.872,2.03565,2.0359,0.80,1.40
2008.05.19 15:20:46.032,2.03565,2.0359,0.80,0.80
2008.05.19 15:20:46.215,2.03565,2.03595,3.20,1.60
2008.05.19 15:20:46.458,2.03565,2.036,3.20,0.80
2008.05.19 15:20:46.699,2.03565,2.036,0.80,0.80
2008.05.19 15:20:47.180,2.03565,2.0361,0.80,1.70
2008.05.19 15:20:47.451,2.03565,2.0361,0.80,0.80
2008.05.19 15:20:47.871,2.03565,2.03605,0.80,0.90
2008.05.19 15:20:48.131,2.03565,2.036,0.80,0.80
2008.05.19 15:20:48.428,2.03575,2.036,0.80,0.80
2008.05.19 15:20:48.580,2.03575,2.036,1.60,0.80
2008.05.19 15:20:48.744,2.03575,2.03615,0.80,4.60
2008.05.19 15:20:49.043,2.03575,2.03615,0.80,2.20
2008.05.19 15:20:49.194,2.03585,2.03615,2.40,2.20
2008.05.19 15:20:49.419,2.03585,2.0362,2.40,1.40
2008.05.19 15:20:49.644,2.0358,2.03625,0.80,1.60
2008.05.19 15:20:49.870,2.03595,2.0363,1.60,1.40
2008.05.19 15:20:50.543,2.03585,2.0363,0.80,1.40
2008.05.19 15:20:51.388,2.03585,2.0363,0.80,2.40
2008.05.19 15:20:51.645,2.03585,2.0362,0.80,0.80
2008.05.19 15:20:52.105,2.03585,2.0362,3.20,0.80
2008.05.19 15:20:52.394,2.03595,2.0362,0.80,0.80
2008.05.19 15:20:52.531,2.03595,2.0363,2.40,1.40
2008.05.19 15:20:53.072,2.03595,2.0363,0.80,1.70
2008.05.19 15:20:53.255,2.03595,2.0362,2.40,0.80
2008.05.19 15:20:53.730,2.03595,2.0362,0.80,0.80
2008.05.19 15:20:54.663,2.03575,2.0362,2.40,0.80
2008.05.19 15:20:55.201,2.03575,2.0362,3.20,0.80
2008.05.19 15:20:55.706,2.0359,2.0362,0.80,0.80
2008.05.19 15:20:55.856,2.03595,2.03635,0.80,2.20
2008.05.19 15:20:56.183,2.03595,2.03635,0.80,0.60
2008.05.19 15:20:56.759,2.03595,2.0364,0.80,1.40
2008.05.19 15:20:57.244,2.03595,2.0364,0.80,2.40
2008.05.19 15:20:57.413,2.03595,2.0364,0.80,1.40
2008.05.19 15:20:58.237,2.03595,2.0364,0.80,2.40
2008.05.19 15:20:58.444,2.03595,2.03635,0.80,0.90
2008.05.19 15:20:58.687,2.03595,2.0364,0.80,2.40
2008.05.19 15:20:59.103,2.03605,2.0364,1.60,0.80
2008.05.19 15:20:59.312,2.03605,2.0364,2.40,0.80
2008.05.19 15:20:59.523,2.03605,2.0364,1.60,2.40
2008.05.19 15:20:59.736,2.03595,2.0363,1.60,0.90
2008.05.19 15:20:59.947,2.03585,2.0362,3.20,0.80
2008.05.19 15:21:00.666,2.03585,2.0362,0.80,0.80
2008.05.19 15:21:00.836,2.03575,2.0362,2.40,0.80
2008.05.19 15:21:01.062,2.03575,2.0362,3.20,0.80
2008.05.19 15:21:01.496,2.03575,2.03615,3.20,0.90
2008.05.19 15:21:01.602,2.03575,2.03615,1.60,0.90
2008.05.19 15:21:01.709,2.03575,2.0362,2.40,0.80
2008.05.19 15:21:01.815,2.03575,2.0362,2.40,1.40
2008.05.19 15:21:02.104,2.03575,2.0359,1.60,0.80
2008.05.19 15:21:02.281,2.03565,2.0359,1.60,0.80
2008.05.19 15:21:04.179,2.03555,2.03585,2.40,0.90
2008.05.19 15:21:04.224,2.03545,2.03585,1.60,0.90
2008.05.19 15:21:04.367,2.03545,2.0359,1.60,0.80
2008.05.19 15:21:04.704,2.0355,2.0359,0.80,0.80
2008.05.19 15:21:04.916,2.03555,2.0359,3.20,0.80
2008.05.19 15:21:05.049,2.03555,2.0359,4.00,0.80
2008.05.19 15:21:05.551,2.03555,2.0359,1.60,0.80
2008.05.19 15:21:05.886,2.03555,2.036,3.20,1.40
2008.05.19 15:21:06.222,2.03555,2.036,4.00,0.80
2008.05.19 15:21:06.357,2.03565,2.036,2.40,0.80
2008.05.19 15:21:07.177,2.03565,2.03595,2.40,0.90
2008.05.19 15:21:07.363,2.03555,2.03595,0.80,0.90
2008.05.19 15:21:07.552,2.03565,2.036,2.40,0.80
2008.05.19 15:21:08.115,2.03555,2.036,4.00,0.80
2008.05.19 15:21:08.302,2.03555,2.03595,2.40,0.60
2008.05.19 15:21:08.467,2.03555,2.0359,2.40,0.90
2008.05.19 15:21:08.623,2.03555,2.0359,0.80,0.90
2008.05.19 15:21:08.779,2.03555,2.0359,0.80,1.60
2008.05.19 15:21:08.934,2.03545,2.0358,1.60,0.80
2008.05.19 15:21:09.865,2.03555,2.0358,0.80,0.80
2008.05.19 15:21:10.092,2.03555,2.0357,0.80,0.80
2008.05.19 15:21:14.226,2.0355,2.0357,0.80,0.80
2008.05.19 15:21:14.363,2.03545,2.0357,0.80,0.80
2008.05.19 15:21:15.694,2.03525,2.0357,4.60,0.80
2008.05.19 15:21:15.940,2.03535,2.0357,0.80,0.80
2008.05.19 15:21:16.187,2.03535,2.03585,2.40,2.20
2008.05.19 15:21:18.660,2.03535,2.03585,1.60,2.20
2008.05.19 15:21:19.169,2.03535,2.03585,7.20,2.20
2008.05.19 15:21:20.263,2.03535,2.0358,7.20,0.90
2008.05.19 15:21:20.623,2.03535,2.0358,5.60,0.90
2008.05.19 15:21:20.717,2.03535,2.0358,4.80,0.90
2008.05.19 15:21:20.981,2.03535,2.0358,3.20,0.90
2008.05.19 15:21:21.546,2.03535,2.0358,4.80,0.90
2008.05.19 15:21:21.865,2.03535,2.0358,4.80,1.60
2008.05.19 15:21:22.031,2.03535,2.0358,3.20,1.60
2008.05.19 15:21:22.501,2.03535,2.0357,3.20,0.80
2008.05.19 15:21:22.656,2.03535,2.0356,0.80,0.80
2008.05.19 15:21:24.732,2.03535,2.0358,0.80,1.40
2008.05.19 15:21:24.839,2.03535,2.0358,0.80,0.80
2008.05.19 15:21:25.331,2.0354,2.0358,0.80,0.80
2008.05.19 15:21:25.457,2.0355,2.0358,0.80,0.80
2008.05.19 15:21:25.586,2.0355,2.0358,3.20,0.80
2008.05.19 15:21:25.715,2.03555,2.03585,0.80,1.60
2008.05.19 15:21:25.841,2.03555,2.0359,1.60,1.40
2008.05.19 15:21:26.233,2.03555,2.0359,1.60,0.80
2008.05.19 15:21:26.359,2.03555,2.0359,2.40,0.80
2008.05.19 15:21:26.535,2.03555,2.0359,4.80,0.80
2008.05.19 15:21:27.677,2.03555,2.0359,4.00,0.80
2008.05.19 15:21:27.813,2.03555,2.0359,0.80,1.40
2008.05.19 15:21:27.948,2.03545,2.0359,2.40,1.40
2008.05.19 15:21:28.084,2.03545,2.0359,0.80,1.40
2008.05.19 15:21:28.221,2.03545,2.0358,0.80,0.80
2008.05.19 15:21:28.694,2.03545,2.0358,0.80,1.40
2008.05.19 15:21:29.077,2.03545,2.0358,0.80,2.40
2008.05.19 15:21:29.267,2.03545,2.0357,0.80,0.80
2008.05.19 15:21:29.471,2.03545,2.0358,0.80,1.60
2008.05.19 15:21:29.821,2.03545,2.0358,0.80,0.60
2008.05.19 15:21:30.181,2.03545,2.0358,2.40,0.60
2008.05.19 15:21:30.785,2.03545,2.0357,2.40,0.80
2008.05.19 15:21:30.920,2.03545,2.0357,0.80,0.80
2008.05.19 15:21:32.925,2.0355,2.0357,0.80,0.80
2008.05.19 15:21:33.174,2.03555,2.0359,1.60,1.40
2008.05.19 15:21:33.807,2.03555,2.0359,3.20,1.40
2008.05.19 15:21:34.108,2.03555,2.0359,2.40,1.40
2008.05.19 15:21:34.265,2.03545,2.0359,1.60,1.40
2008.05.19 15:21:34.416,2.03545,2.0358,1.60,0.80
2008.05.19 15:21:34.804,2.0354,2.0358,3.20,0.80
2008.05.19 15:21:34.970,2.03545,2.0358,0.80,0.80
2008.05.19 15:21:35.219,2.03555,2.0358,1.60,0.80
2008.05.19 15:21:35.752,2.03545,2.0358,1.60,0.80
2008.05.19 15:21:36.259,2.03545,2.0358,2.40,0.80
2008.05.19 15:21:36.417,2.03545,2.0358,0.80,0.80
2008.05.19 15:21:38.260,2.03545,2.0358,1.60,0.80
2008.05.19 15:21:38.793,2.03545,2.0358,1.60,1.40
2008.05.19 15:21:39.172,2.03535,2.0356,1.60,0.80
2008.05.19 15:21:39.405,2.03525,2.03555,4.00,0.90
2008.05.19 15:21:39.652,2.03525,2.0355,1.60,0.80
2008.05.19 15:21:39.894,2.03515,2.0355,0.80,1.70
2008.05.19 15:21:40.293,2.03515,2.0355,0.80,2.40
2008.05.19 15:21:40.500,2.03505,2.0354,4.80,0.80
2008.05.19 15:21:40.705,2.03505,2.0354,3.20,0.80
2008.05.19 15:21:40.911,2.03505,2.0354,4.80,0.80
2008.05.19 15:21:41.286,2.03505,2.0354,2.40,0.80
2008.05.19 15:21:41.413,2.03505,2.0354,1.60,0.80
2008.05.19 15:21:41.538,2.03505,2.0353,1.60,1.70
2008.05.19 15:21:41.788,2.03495,2.0353,0.80,1.70
2008.05.19 15:21:42.106,2.03495,2.0353,0.80,0.80
2008.05.19 15:21:42.475,2.03495,2.0353,1.60,0.80
2008.05.19 15:21:42.662,2.03505,2.0353,0.80,0.80
2008.05.19 15:21:44.130,2.03505,2.0353,1.60,0.80
2008.05.19 15:21:44.454,2.03505,2.0353,3.20,0.80
2008.05.19 15:21:45.352,2.03515,2.0355,0.80,0.80
2008.05.19 15:21:46.678,2.03515,2.0355,0.80,1.40
2008.05.19 15:21:46.781,2.03515,2.0355,0.80,0.80
2008.05.19 15:21:46.980,2.03515,2.0355,0.80,1.70
2008.05.19 15:21:47.315,2.03515,2.03555,0.80,0.80
2008.05.19 15:21:47.551,2.03525,2.0356,2.40,1.40
2008.05.19 15:21:47.786,2.03525,2.0356,2.40,0.80
2008.05.19 15:21:51.629,2.03545,2.03565,0.80,0.60
2008.05.19 15:21:51.706,2.03545,2.03565,0.80,0.90
2008.05.19 15:21:51.789,2.03535,2.03565,1.60,0.90
2008.05.19 15:21:52.218,2.03535,2.0357,1.60,4.10
2008.05.19 15:21:52.302,2.03525,2.0357,1.60,4.10
2008.05.19 15:21:52.487,2.03525,2.0357,1.60,1.70
2008.05.19 15:21:52.567,2.0353,2.0357,0.80,0.80
2008.05.19 15:21:53.663,2.03535,2.0357,1.60,0.80
2008.05.19 15:21:55.126,2.03525,2.0357,3.20,0.80
2008.05.19 15:21:55.500,2.03525,2.0357,4.00,0.80
2008.05.19 15:21:55.647,2.03525,2.0358,4.00,4.10
2008.05.19 15:21:55.792,2.03525,2.0358,4.00,1.70
2008.05.19 15:21:57.124,2.03525,2.0357,4.60,0.90
2008.05.19 15:21:57.146,2.03545,2.03585,2.40,0.90
2008.05.19 15:21:57.259,2.03545,2.03585,0.80,0.90
2008.05.19 15:21:57.355,2.03535,2.0358,3.20,0.80
2008.05.19 15:21:57.468,2.03545,2.0358,0.80,0.80
2008.05.19 15:21:57.781,2.03545,2.0358,2.40,0.80
2008.05.19 15:21:57.887,2.03545,2.0358,3.20,0.80
2008.05.19 15:21:57.981,2.03545,2.0358,4.00,0.80
2008.05.19 15:21:58.067,2.03545,2.0358,4.80,0.80
2008.05.19 15:21:58.116,2.03545,2.03595,4.80,0.60
2008.05.19 15:21:58.387,2.03565,2.036,0.80,0.80
2008.05.19 15:21:58.670,2.03555,2.03595,1.60,0.90
2008.05.19 15:21:59.474,2.03555,2.036,1.60,4.10
2008.05.19 15:21:59.746,2.03555,2.03595,1.60,0.90
2008.05.19 15:22:00.183,2.03555,2.036,1.60,4.10
2008.05.19 15:22:00.607,2.03555,2.0358,1.60,0.80
2008.05.19 15:22:00.868,2.0355,2.036,0.80,1.70
2008.05.19 15:22:01.402,2.03555,2.03595,1.60,0.90
2008.05.19 15:22:01.656,2.03555,2.03585,1.60,0.90
2008.05.19 15:22:01.792,2.03555,2.0358,1.60,0.80
2008.05.19 15:22:02.216,2.03545,2.0358,2.40,0.80
2008.05.19 15:22:02.539,2.03545,2.0358,1.60,0.80
2008.05.19 15:22:02.740,2.03535,2.03575,1.60,0.90
2008.05.19 15:22:02.940,2.03535,2.0358,1.60,3.20
2008.05.19 15:22:03.338,2.03535,2.0358,1.60,0.80
2008.05.19 15:22:04.032,2.03535,2.03575,1.60,0.90
2008.05.19 15:22:04.337,2.03535,2.0356,1.60,0.80
2008.05.19 15:22:04.479,2.03535,2.03565,1.60,3.30
2008.05.19 15:22:04.677,2.03525,2.03565,3.80,2.40
2008.05.19 15:22:04.777,2.03525,2.03565,3.20,2.40
2008.05.19 15:22:04.877,2.03525,2.03575,3.20,1.70
2008.05.19 15:22:04.977,2.03535,2.03575,1.60,0.90
2008.05.19 15:22:06.970,2.03535,2.0358,1.60,5.60
2008.05.19 15:22:07.105,2.03535,2.0358,1.60,4.00
2008.05.19 15:22:07.157,2.03545,2.0358,1.60,1.60
2008.05.19 15:22:07.234,2.03545,2.0358,1.60,0.90
2008.05.19 15:22:09.100,2.03545,2.03585,1.60,7.30
2008.05.19 15:22:09.174,2.03545,2.03585,1.60,3.30
2008.05.19 15:22:09.238,2.03545,2.03585,1.60,0.90
2008.05.19 15:22:10.573,2.03555,2.0359,0.80,1.60
2008.05.19 15:22:10.760,2.03555,2.0359,2.40,0.90
2008.05.19 15:22:11.112,2.03555,2.03595,2.40,4.80
2008.05.19 15:22:12.557,2.03555,2.03585,2.40,0.80
2008.05.19 15:22:12.709,2.03555,2.03575,2.40,0.90
2008.05.19 15:22:12.939,2.03555,2.0357,1.60,0.80
2008.05.19 15:22:13.039,2.03555,2.03585,2.40,4.80
2008.05.19 15:22:13.150,2.03555,2.03585,0.80,2.40
2008.05.19 15:22:13.261,2.03555,2.03585,0.80,4.80
2008.05.19 15:22:13.371,2.03545,2.03585,0.80,4.00
2008.05.19 15:22:13.482,2.03545,2.03575,0.80,0.90
2008.05.19 15:22:13.593,2.03535,2.0357,2.40,0.80
2008.05.19 15:22:13.813,2.03535,2.0358,4.00,0.90
2008.05.19 15:22:14.034,2.03545,2.03585,1.60,0.80
2008.05.19 15:22:14.256,2.03545,2.0358,1.60,0.80
2008.05.19 15:22:14.477,2.03545,2.0358,3.20,0.80
2008.05.19 15:22:15.101,2.03545,2.0359,3.20,0.90
2008.05.19 15:22:15.536,2.03555,2.0359,1.60,0.90
2008.05.19 15:22:16.035,2.0356,2.03595,0.80,2.40
2008.05.19 15:22:16.186,2.03565,2.036,1.60,0.80
2008.05.19 15:22:16.925,2.03565,2.0361,1.60,0.60
2008.05.19 15:22:17.055,2.03565,2.03605,1.60,0.90
2008.05.19 15:22:17.306,2.03565,2.0361,2.40,0.90
2008.05.19 15:22:17.428,2.0357,2.03615,0.80,5.40
2008.05.19 15:22:17.548,2.0357,2.03615,0.80,3.80
2008.05.19 15:22:17.668,2.0357,2.03615,0.80,0.60
2008.05.19 15:22:17.789,2.0357,2.0362,0.80,0.60
2008.05.19 15:22:17.910,2.03585,2.0362,0.80,0.60
2008.05.19 15:22:18.180,2.03575,2.0362,2.40,1.40
2008.05.19 15:22:18.437,2.03575,2.0362,2.40,0.80
2008.05.19 15:22:18.692,2.03575,2.0362,2.40,0.80
2008.05.19 15:22:18.948,2.03575,2.0362,3.20,0.80
2008.05.19 15:22:19.129,2.0358,2.0362,0.80,0.80
2008.05.19 15:22:19.499,2.03585,2.0362,1.60,0.80
2008.05.19 15:22:20.632,2.03575,2.03615,0.80,1.60
2008.05.19 15:22:22.215,2.03575,2.03615,0.80,2.50
2008.05.19 15:22:22.303,2.03575,2.0361,0.80,0.80
2008.05.19 15:22:24.306,2.03575,2.0361,0.80,1.40
2008.05.19 15:22:24.484,2.03575,2.0361,0.80,3.80
2008.05.19 15:22:24.575,2.03575,2.03605,0.80,0.80
2008.05.19 15:22:24.669,2.03575,2.03595,0.80,2.40
2008.05.19 15:22:24.858,2.03575,2.03595,0.80,3.20
2008.05.19 15:22:24.964,2.03575,2.03595,0.80,2.40
2008.05.19 15:22:25.070,2.03575,2.03595,0.80,3.30
2008.05.19 15:22:25.251,2.03575,2.03595,0.80,4.00
2008.05.19 15:22:25.599,2.03555,2.03595,2.40,3.00
2008.05.19 15:22:25.937,2.03555,2.03595,0.80,1.60
2008.05.19 15:22:26.692,2.03555,2.03595,0.80,0.60
2008.05.19 15:22:27.115,2.03555,2.036,1.60,1.40
2008.05.19 15:22:27.416,2.03555,2.036,1.60,0.60
2008.05.19 15:22:27.546,2.03555,2.03605,3.20,0.60
2008.05.19 15:22:27.676,2.03565,2.03605,0.80,0.60
2008.05.19 15:22:27.806,2.03565,2.0361,0.80,1.40
2008.05.19 15:22:27.993,2.03555,2.0361,3.20,2.40
2008.05.19 15:22:28.324,2.03565,2.0361,0.80,1.40
2008.05.19 15:22:28.688,2.03555,2.0361,3.20,2.40
2008.05.19 15:22:28.849,2.0356,2.036,2.40,0.80
2008.05.19 15:22:29.002,2.03565,2.03605,0.80,1.60
2008.05.19 15:22:29.154,2.03565,2.0361,1.60,0.60
2008.05.19 15:22:29.313,2.03565,2.0361,4.00,1.40
2008.05.19 15:22:29.520,2.03565,2.0361,6.40,1.40
2008.05.19 15:22:29.726,2.03575,2.0361,0.80,0.60
2008.05.19 15:22:29.984,2.03575,2.0361,1.60,0.60
2008.05.19 15:22:30.189,2.03575,2.03615,1.60,0.60
2008.05.19 15:22:30.394,2.03575,2.03615,2.40,0.60
2008.05.19 15:22:30.541,2.03575,2.03615,1.60,0.60
2008.05.19 15:22:30.699,2.03575,2.03615,1.60,1.60
2008.05.19 15:22:30.833,2.03575,2.03615,1.60,0.60
2008.05.19 15:22:30.979,2.03575,2.03615,0.80,0.60
2008.05.19 15:22:31.665,2.03575,2.03615,0.80,1.60
2008.05.19 15:22:31.836,2.03575,2.03615,1.60,1.60
2008.05.19 15:22:32.007,2.03585,2.03615,0.80,0.60
2008.05.19 15:22:32.347,2.03595,2.03625,0.80,2.20
2008.05.19 15:22:32.517,2.03595,2.03625,1.60,2.20
2008.05.19 15:22:32.683,2.03595,2.0363,1.60,0.60
2008.05.19 15:22:32.848,2.03595,2.03635,1.60,1.60
2008.05.19 15:22:33.015,2.03585,2.03635,4.80,3.20
2008.05.19 15:22:33.643,2.03585,2.03625,4.80,0.90
2008.05.19 15:22:34.733,2.03585,2.03625,2.40,0.90
2008.05.19 15:22:34.982,2.03585,2.03625,4.80,0.90
2008.05.19 15:22:35.149,2.03585,2.03635,4.80,3.20
2008.05.19 15:22:35.409,2.03585,2.03625,4.80,0.90
2008.05.19 15:22:35.688,2.03585,2.03635,4.80,4.00
2008.05.19 15:22:35.904,2.03595,2.03635,1.60,1.60
2008.05.19 15:22:36.121,2.03595,2.03635,0.80,1.60
2008.05.19 15:22:36.347,2.03585,2.03635,4.80,3.20
2008.05.19 15:22:36.562,2.03585,2.03625,4.80,0.90
2008.05.19 15:22:36.780,2.03585,2.03635,4.80,4.00
2008.05.19 15:22:36.935,2.03595,2.03635,0.80,1.60
2008.05.19 15:22:37.244,2.03595,2.03635,0.80,0.90
2008.05.19 15:22:37.399,2.03595,2.03635,2.40,0.90
2008.05.19 15:22:37.628,2.03595,2.0364,2.40,2.40
2008.05.19 15:22:37.785,2.03595,2.0364,2.40,1.60
2008.05.19 15:22:37.956,2.0361,2.0364,0.80,0.60
2008.05.19 15:22:38.127,2.03615,2.0365,1.60,3.00
2008.05.19 15:22:38.299,2.03615,2.03645,3.20,0.90
2008.05.19 15:22:38.639,2.03615,2.0364,2.40,0.80
2008.05.19 15:22:38.811,2.03615,2.0365,2.40,0.90
2008.05.19 15:22:39.241,2.03605,2.0364,1.60,0.80
2008.05.19 15:22:39.467,2.03595,2.0364,2.40,0.80
2008.05.19 15:22:40.042,2.03595,2.0364,3.20,0.80
2008.05.19 15:22:40.205,2.03595,2.03635,3.20,0.90
2008.05.19 15:22:40.351,2.03595,2.0363,3.20,0.80
2008.05.19 15:22:41.208,2.03595,2.03635,3.20,0.90
2008.05.19 15:22:41.627,2.03595,2.0363,3.20,0.80
2008.05.19 15:22:41.838,2.03605,2.0363,1.60,0.80
2008.05.19 15:22:42.661,2.03605,2.0363,3.20,0.80
2008.05.19 15:22:43.538,2.03605,2.0363,2.40,0.80
2008.05.19 15:22:44.314,2.03605,2.03645,2.40,3.30
2008.05.19 15:22:44.930,2.03605,2.03645,3.20,3.30
2008.05.19 15:22:47.918,2.03605,2.03645,3.20,0.90
2008.05.19 15:22:48.487,2.03605,2.03645,3.20,3.30
2008.05.19 15:22:48.918,2.03605,2.03645,2.40,3.30
2008.05.19 15:22:49.253,2.03605,2.0364,1.60,1.70
2008.05.19 15:22:49.563,2.03595,2.0364,3.20,1.70
2008.05.19 15:22:49.842,2.03595,2.0364,2.40,1.70
2008.05.19 15:22:50.383,2.03595,2.0364,3.20,1.70
2008.05.19 15:22:51.244,2.03605,2.03645,0.80,0.60
2008.05.19 15:22:51.359,2.03605,2.0365,1.60,1.60
2008.05.19 15:22:51.636,2.03605,2.03645,1.60,0.90
2008.05.19 15:22:51.751,2.03605,2.03645,3.20,3.30
2008.05.19 15:22:52.665,2.03605,2.03645,3.20,2.40
2008.05.19 15:22:52.755,2.03605,2.0365,3.20,1.60
2008.05.19 15:22:53.901,2.03605,2.0365,3.20,0.90
2008.05.19 15:22:54.597,2.03605,2.03655,4.00,4.00
2008.05.19 15:22:54.754,2.03605,2.03645,4.00,2.40
2008.05.19 15:22:54.799,2.03615,2.03645,0.80,2.40
2008.05.19 15:22:54.854,2.03615,2.03655,0.80,1.60
2008.05.19 15:22:55.214,2.03635,2.03655,0.80,1.60
2008.05.19 15:22:55.483,2.03625,2.03655,0.80,1.60
2008.05.19 15:22:55.994,2.03625,2.0365,0.80,0.60
2008.05.19 15:22:56.632,2.03625,2.0365,0.80,1.60
2008.05.19 15:22:56.783,2.03615,2.0365,1.60,2.40
2008.05.19 15:22:57.082,2.03615,2.03645,1.60,3.30
2008.05.19 15:22:57.170,2.03615,2.0364,1.60,1.70
2008.05.19 15:22:57.572,2.03605,2.0364,1.60,1.70
2008.05.19 15:22:57.887,2.03605,2.0364,1.60,0.80
2008.05.19 15:22:58.048,2.03595,2.0364,7.20,0.80
2008.05.19 15:22:58.320,2.036,2.0365,0.80,1.40
2008.05.19 15:22:58.459,2.03595,2.0365,7.20,2.40
2008.05.19 15:22:58.600,2.03595,2.0365,8.00,2.40
2008.05.19 15:22:59.017,2.036,2.0365,0.80,1.40
2008.05.19 15:22:59.210,2.03605,2.0365,1.60,1.40
2008.05.19 15:22:59.768,2.03605,2.0365,6.40,1.40
2008.05.19 15:22:59.992,2.03605,2.0365,6.40,0.80
2008.05.19 15:23:00.217,2.03615,2.0365,1.60,0.80
2008.05.19 15:23:05.591,2.03605,2.0365,2.40,0.80
2008.05.19 15:23:05.799,2.03605,2.0365,3.20,0.80
2008.05.19 15:23:06.673,2.03615,2.0365,1.60,0.80
2008.05.19 15:23:06.944,2.03615,2.03665,4.00,1.60
2008.05.19 15:23:07.099,2.03625,2.03665,1.60,1.60
2008.05.19 15:23:07.235,2.03625,2.0366,1.60,0.90
2008.05.19 15:23:07.361,2.03625,2.0365,1.60,0.80
2008.05.19 15:23:07.487,2.03605,2.0365,2.40,0.80
2008.05.19 15:23:07.612,2.03615,2.0365,1.60,0.80
2008.05.19 15:23:08.959,2.03615,2.0365,3.20,0.80
2008.05.19 15:23:09.140,2.0362,2.0365,0.80,0.80
2008.05.19 15:23:09.286,2.03625,2.0365,1.60,0.80
2008.05.19 15:23:09.443,2.03635,2.03665,0.80,2.40
2008.05.19 15:23:09.589,2.03635,2.0367,1.60,1.40
2008.05.19 15:23:09.971,2.03635,2.0367,1.60,0.80
2008.05.19 15:23:11.126,2.03635,2.03655,1.60,0.90
2008.05.19 15:23:11.296,2.03635,2.0365,0.80,0.80
2008.05.19 15:23:11.541,2.03625,2.0365,1.60,0.80
2008.05.19 15:23:11.805,2.03635,2.03665,0.80,3.00
2008.05.19 15:23:11.892,2.03635,2.03665,0.80,4.00
2008.05.19 15:23:11.980,2.03635,2.03665,0.80,1.60
2008.05.19 15:23:12.293,2.03625,2.03665,3.20,1.60
2008.05.19 15:23:13.057,2.03625,2.03665,1.60,1.60
2008.05.19 15:23:13.730,2.03615,2.03665,3.20,1.60
2008.05.19 15:23:13.982,2.03615,2.03665,4.00,1.60
2008.05.19 15:23:14.157,2.03625,2.03665,1.60,1.60
2008.05.19 15:23:14.780,2.03625,2.03665,2.40,1.60
2008.05.19 15:23:14.949,2.03625,2.03665,2.40,0.60
2008.05.19 15:23:15.026,2.03625,2.0367,3.20,1.40
2008.05.19 15:23:15.101,2.03635,2.0367,1.60,1.40
2008.05.19 15:23:16.207,2.03635,2.03665,1.60,0.90
2008.05.19 15:23:16.297,2.03625,2.03665,1.60,0.90
2008.05.19 15:23:16.665,2.03625,2.03655,1.60,2.40
2008.05.19 15:23:16.756,2.03625,2.03655,2.40,2.40
2008.05.19 15:23:16.847,2.03655,2.0367,0.80,0.90
2008.05.19 15:23:16.985,2.03655,2.0368,0.80,1.60
2008.05.19 15:23:17.087,2.03655,2.03685,0.80,3.20
2008.05.19 15:23:17.450,2.03655,2.0368,0.80,0.80
2008.05.19 15:23:18.668,2.03655,2.0368,1.60,0.80
2008.05.19 15:23:18.875,2.03655,2.0368,2.40,0.80
2008.05.19 15:23:19.355,2.03655,2.0368,1.60,0.80
2008.05.19 15:23:19.525,2.03655,2.0368,0.80,0.80
2008.05.19 15:23:20.305,2.03655,2.0367,0.80,0.80
2008.05.19 15:23:20.476,2.0365,2.0367,0.80,0.80
2008.05.19 15:23:20.571,2.03645,2.0367,3.20,0.80
2008.05.19 15:23:21.753,2.03645,2.0367,2.40,0.80
2008.05.19 15:23:21.929,2.0364,2.0367,0.80,0.80
2008.05.19 15:23:22.125,2.03635,2.0367,2.40,0.80
2008.05.19 15:23:22.303,2.03645,2.0368,3.20,0.80
2008.05.19 15:23:22.634,2.03645,2.0368,4.00,0.80
2008.05.19 15:23:22.789,2.03655,2.0368,0.80,0.80
2008.05.19 15:23:22.896,2.03655,2.03685,1.60,0.60
2008.05.19 15:23:23.004,2.03655,2.0369,2.40,0.60
2008.05.19 15:23:27.202,2.03655,2.0369,1.60,2.40
2008.05.19 15:23:27.447,2.03655,2.0369,1.60,1.40
2008.05.19 15:23:27.699,2.03655,2.0369,2.40,1.40
2008.05.19 15:23:27.933,2.03655,2.0369,2.40,2.40
2008.05.19 15:23:28.044,2.03655,2.0369,1.60,2.40
2008.05.19 15:23:28.400,2.03655,2.0369,0.80,2.40
2008.05.19 15:23:29.210,2.03655,2.0369,0.80,1.40
2008.05.19 15:23:29.402,2.03655,2.0369,0.80,2.40
2008.05.19 15:23:29.594,2.03655,2.0369,1.60,2.40
2008.05.19 15:23:29.786,2.03655,2.0368,0.80,0.90
2008.05.19 15:23:30.563,2.03655,2.0368,0.80,1.70
2008.05.19 15:23:30.934,2.03655,2.0368,0.80,0.80
2008.05.19 15:23:31.263,2.03655,2.0369,0.80,4.80
2008.05.19 15:23:31.428,2.03655,2.0369,0.80,2.40
2008.05.19 15:23:31.688,2.03655,2.03685,0.80,0.90
2008.05.19 15:23:32.005,2.03655,2.03685,0.80,1.60
2008.05.19 15:23:32.135,2.03655,2.03685,0.80,0.60
2008.05.19 15:23:32.323,2.03655,2.0369,0.80,4.80
2008.05.19 15:23:32.457,2.03655,2.0369,0.80,2.40
2008.05.19 15:23:32.621,2.03655,2.03685,0.80,2.40
2008.05.19 15:23:32.787,2.03645,2.03685,1.60,3.30
2008.05.19 15:23:32.952,2.03645,2.03675,1.60,0.90
2008.05.19 15:23:33.120,2.03645,2.03675,1.60,3.30
2008.05.19 15:23:33.290,2.03645,2.0367,1.60,0.80
2008.05.19 15:23:33.456,2.03635,2.03675,2.40,1.60
2008.05.19 15:23:33.676,2.03635,2.03675,0.80,1.60
2008.05.19 15:23:33.899,2.03635,2.03675,0.80,0.60
2008.05.19 15:23:34.118,2.03635,2.0368,2.40,1.60
2008.05.19 15:23:34.339,2.03645,2.0368,0.80,0.60
2008.05.19 15:23:34.560,2.03645,2.0369,1.60,2.40
2008.05.19 15:23:34.720,2.03645,2.03675,2.40,0.90
2008.05.19 15:23:34.882,2.03645,2.0368,0.80,3.20
2008.05.19 15:23:35.201,2.03635,2.0368,1.60,3.20
2008.05.19 15:23:35.361,2.03635,2.0368,1.60,3.80
2008.05.19 15:23:35.521,2.0363,2.0368,0.80,3.80
2008.05.19 15:23:35.766,2.03625,2.0368,5.60,4.80
2008.05.19 15:23:36.073,2.03625,2.0368,5.60,2.40
2008.05.19 15:23:36.875,2.03635,2.0368,0.80,1.70
2008.05.19 15:23:37.012,2.03635,2.0368,1.60,2.40
2008.05.19 15:23:37.148,2.03635,2.03675,1.60,1.60
2008.05.19 15:23:37.738,2.03635,2.0368,1.60,2.40
2008.05.19 15:23:39.702,2.03635,2.0368,1.60,1.40
2008.05.19 15:23:39.777,2.03635,2.0368,2.40,1.40
2008.05.19 15:23:39.864,2.03645,2.0368,0.80,1.40
2008.05.19 15:23:40.668,2.03645,2.0368,1.60,1.40
2008.05.19 15:23:40.744,2.03645,2.03675,1.60,0.90
2008.05.19 15:23:40.998,2.03635,2.03665,1.60,0.90
2008.05.19 15:23:41.250,2.03625,2.0366,1.60,0.80
2008.05.19 15:23:41.728,2.03625,2.0366,3.20,1.70
2008.05.19 15:23:41.970,2.03615,2.0366,5.60,1.70
2008.05.19 15:23:42.329,2.03615,2.0366,5.60,2.40
2008.05.19 15:23:43.330,2.03615,2.03655,5.60,0.60
2008.05.19 15:23:44.007,2.03615,2.0365,3.20,0.90
2008.05.19 15:23:44.077,2.03615,2.0365,2.40,1.70
2008.05.19 15:23:44.325,2.03605,2.0365,1.60,1.70
2008.05.19 15:23:44.396,2.03605,2.03645,1.60,0.90
2008.05.19 15:23:44.484,2.03605,2.0364,1.60,0.80
2008.05.19 15:23:44.781,2.03615,2.0364,0.80,0.80
2008.05.19 15:23:45.328,2.03615,2.0364,2.40,0.80
2008.05.19 15:23:45.514,2.03615,2.0365,1.60,1.70
2008.05.19 15:23:45.885,2.03605,2.0365,1.60,1.70
2008.05.19 15:23:47.275,2.03605,2.0365,2.40,0.80
2008.05.19 15:23:47.565,2.03615,2.0365,1.60,0.80
2008.05.19 15:23:48.361,2.03615,2.0365,1.60,1.70
2008.05.19 15:23:48.693,2.03615,2.03645,1.60,0.90
2008.05.19 15:23:48.840,2.03615,2.03645,1.60,3.30
2008.05.19 15:23:49.024,2.03615,2.0364,1.60,0.80
2008.05.19 15:23:49.686,2.03615,2.0364,3.20,0.80
2008.05.19 15:23:49.899,2.03615,2.0364,2.40,0.80
2008.05.19 15:23:50.109,2.03605,2.0364,6.40,0.80
2008.05.19 15:23:50.322,2.03605,2.0365,2.40,0.90
2008.05.19 15:23:50.840,2.03605,2.0365,0.80,0.90
2008.05.19 15:23:51.439,2.03605,2.03655,1.60,2.20
2008.05.19 15:23:51.596,2.03615,2.03655,0.80,2.20
2008.05.19 15:23:51.752,2.03615,2.03655,0.80,0.60
2008.05.19 15:23:52.215,2.03615,2.03655,2.40,0.60
2008.05.19 15:23:52.772,2.03615,2.0366,2.40,0.60
2008.05.19 15:23:53.186,2.03615,2.0366,6.40,0.60
2008.05.19 15:23:53.363,2.03615,2.0366,6.40,1.60
2008.05.19 15:23:53.761,2.03615,2.03655,6.40,0.90
2008.05.19 15:23:53.854,2.03615,2.03655,4.00,0.90
2008.05.19 15:23:53.999,2.03615,2.03655,0.80,0.90
2008.05.19 15:23:54.893,2.03615,2.03645,0.80,2.40
2008.05.19 15:23:55.515,2.03615,2.0365,0.80,1.70
2008.05.19 15:23:55.699,2.03615,2.03645,0.80,0.90
2008.05.19 15:23:55.900,2.03605,2.03645,3.20,0.90
2008.05.19 15:23:56.100,2.03605,2.03645,2.40,0.90
2008.05.19 15:23:56.302,2.03605,2.0364,0.80,0.90
2008.05.19 15:23:56.502,2.03595,2.0364,2.40,0.90
2008.05.19 15:23:56.675,2.03605,2.0365,0.80,4.80
2008.05.19 15:23:57.013,2.03605,2.0365,2.40,2.40
2008.05.19 15:23:58.456,2.03605,2.0365,0.80,2.40
2008.05.19 15:23:58.811,2.03605,2.0365,0.80,1.40
2008.05.19 15:23:58.847,2.03605,2.0365,0.80,0.60
2008.05.19 15:23:59.209,2.03605,2.0365,2.40,0.60
2008.05.19 15:24:05.187,2.03605,2.0365,2.40,1.60
2008.05.19 15:24:05.711,2.03605,2.0365,2.40,0.60
2008.05.19 15:24:06.167,2.03605,2.03645,2.40,0.90
2008.05.19 15:24:06.305,2.03605,2.0364,2.40,0.90
2008.05.19 15:24:06.442,2.03605,2.0364,2.40,1.70
2008.05.19 15:24:06.595,2.03605,2.0364,0.80,1.70
2008.05.19 15:24:06.864,2.03605,2.0364,0.80,0.80
2008.05.19 15:24:07.822,2.03605,2.0365,0.80,0.60
2008.05.19 15:24:08.131,2.03605,2.0365,2.40,0.60
2008.05.19 15:24:08.411,2.03615,2.03655,1.60,1.60
2008.05.19 15:24:08.712,2.03615,2.0365,1.60,0.90
2008.05.19 15:24:09.042,2.03615,2.03645,1.60,0.90
2008.05.19 15:24:09.238,2.03615,2.0365,1.60,1.70
2008.05.19 15:24:09.433,2.03605,2.0365,2.40,1.70
2008.05.19 15:24:09.872,2.03605,2.0365,0.80,1.70
2008.05.19 15:24:10.050,2.03605,2.0365,0.80,0.80
2008.05.19 15:24:10.226,2.03615,2.03655,0.80,1.60
2008.05.19 15:24:10.402,2.03625,2.0366,0.80,1.40
2008.05.19 15:24:10.949,2.03625,2.0366,0.80,0.80
2008.05.19 15:24:11.254,2.03615,2.0365,1.60,0.90
2008.05.19 15:24:11.551,2.03615,2.0364,1.60,0.80
2008.05.19 15:24:11.841,2.03605,2.0364,1.60,0.80
2008.05.19 15:24:12.335,2.036,2.0364,0.60,0.80
2008.05.19 15:24:12.540,2.03605,2.0365,0.80,0.80
2008.05.19 15:24:12.954,2.036,2.0365,0.60,1.70
2008.05.19 15:24:13.156,2.03605,2.0365,2.20,1.70
2008.05.19 15:24:13.358,2.03605,2.0365,5.40,1.70
2008.05.19 15:24:13.569,2.03605,2.0365,6.20,1.70
2008.05.19 15:24:13.772,2.0361,2.0365,0.60,0.80
2008.05.19 15:24:13.972,2.03615,2.03665,0.80,2.50
2008.05.19 15:24:14.346,2.03615,2.03665,2.40,0.90
2008.05.19 15:24:14.914,2.03615,2.03665,0.80,2.50
2008.05.19 15:24:15.244,2.0361,2.0365,2.40,0.90
2008.05.19 15:24:15.584,2.03605,2.0365,0.80,0.90
2008.05.19 15:24:16.261,2.03605,2.0363,1.60,0.90
2008.05.19 15:24:16.447,2.03605,2.0364,1.60,0.90
2008.05.19 15:24:16.825,2.03595,2.0365,3.90,1.70
2008.05.19 15:24:17.012,2.03595,2.0365,6.30,1.70
2008.05.19 15:24:17.198,2.03605,2.0365,0.80,1.70
2008.05.19 15:24:17.578,2.03605,2.0365,2.40,1.70
2008.05.19 15:24:17.763,2.03605,2.0365,0.80,1.70
2008.05.19 15:24:18.316,2.0361,2.0365,0.80,0.80
2008.05.19 15:24:18.480,2.03625,2.0365,0.80,0.80
2008.05.19 15:24:18.869,2.03625,2.0365,0.80,1.70
2008.05.19 15:24:19.034,2.03615,2.0365,2.40,1.70
2008.05.19 15:24:19.201,2.03615,2.0364,2.40,0.90
2008.05.19 15:24:19.366,2.03615,2.0364,1.60,0.90
2008.05.19 15:24:19.931,2.03595,2.0364,3.80,0.90
2008.05.19 15:24:21.160,2.03595,2.03645,7.10,2.40
2008.05.19 15:24:21.321,2.03605,2.03645,0.80,2.40
2008.05.19 15:24:21.431,2.03605,2.0365,1.60,1.70
2008.05.19 15:24:21.542,2.03605,2.0364,0.80,0.80
2008.05.19 15:24:21.652,2.036,2.0364,0.60,1.70
2008.05.19 15:24:21.761,2.036,2.0364,0.60,0.80
2008.05.19 15:24:21.871,2.03595,2.0364,3.80,0.80
2008.05.19 15:24:22.254,2.036,2.0364,0.80,0.80
2008.05.19 15:24:22.365,2.03595,2.0364,4.70,0.80
2008.05.19 15:24:22.754,2.03595,2.0364,3.80,1.70
2008.05.19 15:24:22.949,2.03595,2.0364,4.70,0.80
2008.05.19 15:24:23.147,2.03605,2.0364,1.60,1.70
2008.05.19 15:24:23.543,2.03595,2.0364,3.00,1.70
2008.05.19 15:24:24.163,2.03595,2.0364,3.90,0.80
2008.05.19 15:24:24.634,2.03595,2.0364,3.00,1.70
2008.05.19 15:24:25.212,2.03595,2.0364,3.80,1.70
2008.05.19 15:24:25.278,2.03605,2.0364,0.80,1.70
2008.05.19 15:24:25.479,2.03605,2.0364,4.00,0.80
2008.05.19 15:24:25.625,2.03605,2.0364,6.40,0.80
2008.05.19 15:24:25.770,2.03615,2.0364,0.80,0.80
2008.05.19 15:24:25.917,2.03625,2.0366,0.80,1.40
2008.05.19 15:24:26.063,2.03625,2.0366,0.80,0.80
2008.05.19 15:24:26.354,2.03625,2.0365,0.80,0.90
2008.05.19 15:24:26.502,2.03615,2.0365,2.40,0.80
2008.05.19 15:24:26.778,2.03615,2.0365,0.80,0.80
2008.05.19 15:24:27.629,2.03635,2.03665,0.80,1.60
2008.05.19 15:24:28.062,2.03635,2.0367,0.80,0.80
2008.05.19 15:24:28.801,2.03635,2.0367,0.80,1.70
2008.05.19 15:24:28.993,2.03625,2.0367,2.40,0.80
2008.05.19 15:24:29.183,2.03625,2.03675,2.40,0.90
2008.05.19 15:24:29.373,2.03625,2.0368,3.90,4.10
2008.05.19 15:24:29.563,2.03625,2.0368,6.30,1.70
2008.05.19 15:24:29.753,2.03635,2.0368,1.60,1.70
2008.05.19 15:24:30.277,2.03635,2.0368,2.40,0.80
2008.05.19 15:24:30.513,2.03635,2.0368,6.40,0.80
2008.05.19 15:24:30.943,2.03635,2.0368,5.60,0.80
2008.05.19 15:24:31.140,2.03645,2.0368,1.60,0.80
2008.05.19 15:24:31.336,2.03645,2.0367,1.60,0.80
2008.05.19 15:24:31.924,2.03635,2.0367,4.00,1.70
2008.05.19 15:24:32.396,2.03625,2.0367,3.80,1.70
2008.05.19 15:24:32.632,2.03635,2.0367,2.40,1.70
2008.05.19 15:24:32.868,2.03635,2.0367,3.20,0.80
2008.05.19 15:24:33.069,2.03635,2.0367,5.60,0.80
2008.05.19 15:24:33.470,2.03635,2.0367,5.60,1.70
2008.05.19 15:24:33.869,2.03635,2.0367,4.00,1.70
2008.05.19 15:24:34.238,2.03635,2.0367,4.00,0.80
2008.05.19 15:24:34.615,2.03635,2.0367,4.00,1.70
2008.05.19 15:24:35.012,2.03635,2.0367,5.60,0.80
2008.05.19 15:24:35.430,2.03645,2.0367,1.60,0.80
2008.05.19 15:24:36.009,2.03635,2.03665,5.60,0.90
2008.05.19 15:24:36.111,2.03635,2.0366,3.20,0.80
2008.05.19 15:24:36.481,2.03635,2.03675,3.20,3.30
2008.05.19 15:24:36.572,2.03635,2.03675,4.00,0.90
2008.05.19 15:24:36.817,2.03635,2.0368,4.80,0.80
2008.05.19 15:24:36.919,2.03655,2.0368,0.80,0.80
2008.05.19 15:24:37.491,2.0365,2.0368,0.80,1.70
2008.05.19 15:24:37.783,2.03655,2.0368,0.80,0.80
2008.05.19 15:24:38.224,2.0365,2.0369,0.80,0.90
2008.05.19 15:24:38.374,2.03645,2.0369,2.40,0.90
2008.05.19 15:24:39.201,2.03645,2.0368,2.40,0.90
2008.05.19 15:24:39.406,2.03645,2.03685,2.40,0.90
2008.05.19 15:24:39.625,2.03645,2.03675,1.60,0.90
2008.05.19 15:24:40.037,2.03635,2.0368,2.40,0.80
2008.05.19 15:24:40.253,2.03635,2.0367,2.40,0.90
2008.05.19 15:24:40.435,2.03635,2.0367,1.60,0.80
2008.05.19 15:24:40.626,2.03635,2.0368,0.80,0.90
2008.05.19 15:24:40.817,2.03625,2.03675,6.40,0.90
2008.05.19 15:24:41.007,2.03635,2.03685,0.80,5.60
2008.05.19 15:24:41.199,2.03635,2.0368,0.80,0.90
2008.05.19 15:24:41.414,2.03635,2.0368,2.40,0.90
2008.05.19 15:24:41.823,2.03635,2.03675,2.40,0.90
2008.05.19 15:24:42.030,2.03635,2.03675,0.80,0.90
2008.05.19 15:24:42.375,2.03625,2.0367,4.00,0.80
2008.05.19 15:24:42.516,2.03625,2.0367,3.20,0.80
2008.05.19 15:24:42.656,2.03625,2.03675,3.20,0.90
2008.05.19 15:24:42.947,2.03635,2.03675,1.60,0.90
2008.05.19 15:24:43.096,2.03635,2.0367,1.60,0.80
2008.05.19 15:24:43.392,2.03625,2.03665,3.20,0.90
2008.05.19 15:24:46.877,2.03625,2.0367,3.20,0.80
2008.05.19 15:24:46.991,2.03635,2.0367,0.80,0.80
2008.05.19 15:24:48.869,2.03635,2.0367,1.60,0.80
2008.05.19 15:24:48.996,2.03645,2.0367,1.60,0.80
2008.05.19 15:24:49.249,2.03645,2.0367,0.80,0.80
2008.05.19 15:24:49.386,2.0363,2.0367,3.20,0.80
2008.05.19 15:24:49.513,2.03635,2.03665,1.60,0.90
2008.05.19 15:24:49.852,2.0363,2.0367,0.80,0.80
2008.05.19 15:24:49.965,2.03625,2.0367,3.20,1.70
2008.05.19 15:24:50.278,2.03625,2.03665,3.20,0.90
2008.05.19 15:24:50.502,2.03625,2.03665,4.00,0.90
2008.05.19 15:24:50.906,2.03625,2.0367,5.50,0.80
2008.05.19 15:24:51.156,2.03635,2.0367,0.80,0.80
2008.05.19 15:24:51.666,2.03635,2.0367,2.40,0.80
2008.05.19 15:24:52.455,2.03635,2.0367,0.80,0.80
2008.05.19 15:24:54.847,2.03625,2.03665,3.80,0.90
2008.05.19 15:24:55.450,2.03625,2.0367,4.70,0.80
2008.05.19 15:24:55.722,2.03625,2.03665,3.80,0.90
2008.05.19 15:24:56.847,2.03625,2.03665,4.60,0.90
2008.05.19 15:24:56.951,2.03635,2.03665,0.80,0.90
2008.05.19 15:24:57.080,2.03635,2.0367,1.60,0.80
2008.05.19 15:24:57.199,2.03635,2.0367,0.80,0.80
2008.05.19 15:25:00.111,2.03625,2.0367,4.00,0.80
2008.05.19 15:25:00.280,2.03625,2.0367,3.20,0.80
2008.05.19 15:25:00.452,2.03625,2.03665,3.20,0.90
2008.05.19 15:25:01.462,2.03625,2.0366,3.20,0.90
2008.05.19 15:25:01.680,2.03625,2.0366,2.40,0.90
2008.05.19 15:25:02.452,2.03625,2.03665,2.40,0.90
2008.05.19 15:25:02.618,2.03625,2.03665,3.20,0.90
2008.05.19 15:25:02.784,2.03625,2.03665,1.60,0.90
2008.05.19 15:25:02.959,2.03625,2.0366,0.80,0.90
2008.05.19 15:25:03.451,2.03625,2.0366,2.40,0.90
2008.05.19 15:25:03.882,2.03625,2.0367,2.40,1.70
2008.05.19 15:25:04.934,2.03625,2.0366,2.40,0.90
2008.05.19 15:25:05.792,2.03625,2.0367,3.20,3.20
2008.05.19 15:25:06.018,2.03625,2.0367,4.80,0.80
2008.05.19 15:25:06.361,2.03635,2.03665,1.60,0.90
2008.05.19 15:25:06.567,2.03625,2.03665,2.40,0.90
2008.05.19 15:25:06.743,2.03625,2.0367,3.20,0.80
2008.05.19 15:25:06.991,2.03625,2.03665,2.40,0.90
2008.05.19 15:25:07.276,2.03625,2.0367,3.20,0.80
2008.05.19 15:25:07.497,2.03625,2.0367,2.40,0.80
2008.05.19 15:25:07.718,2.03635,2.0367,0.80,0.80
2008.05.19 15:25:08.157,2.03635,2.0367,2.40,0.80
2008.05.19 15:25:11.507,2.03635,2.0368,2.40,0.90
2008.05.19 15:25:11.777,2.03635,2.03685,2.40,1.60
2008.05.19 15:25:12.414,2.03635,2.0368,2.40,0.90
2008.05.19 15:25:12.629,2.03635,2.0367,2.40,0.90
2008.05.19 15:25:12.703,2.03635,2.0367,0.80,0.90
2008.05.19 15:25:12.778,2.03635,2.0367,0.80,1.70
2008.05.19 15:25:13.155,2.03635,2.0367,0.80,0.80
2008.05.19 15:25:13.346,2.03635,2.03675,0.80,0.90
2008.05.19 15:25:13.671,2.03635,2.0368,0.80,0.90
2008.05.19 15:25:14.031,2.03625,2.0367,6.40,0.90
2008.05.19 15:25:14.200,2.03625,2.0367,1.60,0.90
2008.05.19 15:25:15.439,2.03625,2.0367,2.40,0.90
2008.05.19 15:25:15.588,2.03635,2.0367,0.80,1.70
2008.05.19 15:25:16.335,2.03645,2.0367,2.40,0.80
2008.05.19 15:25:16.471,2.03655,2.0368,0.80,3.30
2008.05.19 15:25:16.752,2.03645,2.0369,4.00,4.10
2008.05.19 15:25:17.036,2.03655,2.0369,0.80,1.70
2008.05.19 15:25:17.318,2.03655,2.0369,0.80,0.80
2008.05.19 15:25:17.600,2.03655,2.0369,2.40,0.90
2008.05.19 15:25:17.839,2.03655,2.03695,2.40,0.90
2008.05.19 15:25:18.075,2.03655,2.037,2.40,1.60
2008.05.19 15:25:18.311,2.03665,2.037,2.40,0.90
2008.05.19 15:25:18.546,2.03675,2.03705,0.80,0.60
2008.05.19 15:25:18.775,2.03655,2.0369,2.40,0.90
2008.05.19 15:25:19.003,2.03655,2.0369,2.40,1.70
2008.05.19 15:25:19.228,2.03655,2.0369,0.80,1.70
2008.05.19 15:25:20.275,2.03655,2.0369,1.60,1.70
2008.05.19 15:25:20.461,2.03655,2.0369,2.40,0.80
2008.05.19 15:25:20.646,2.03675,2.03705,1.60,0.80
2008.05.19 15:25:20.812,2.03675,2.0371,0.80,1.70
2008.05.19 15:25:21.348,2.03675,2.0371,2.40,1.70
2008.05.19 15:25:21.525,2.03675,2.0371,4.80,1.70
2008.05.19 15:25:21.690,2.03695,2.03725,0.80,2.20
2008.05.19 15:25:22.094,2.03685,2.0372,1.60,0.90
2008.05.19 15:25:22.295,2.03675,2.0371,2.40,0.90
2008.05.19 15:25:22.894,2.03675,2.0371,0.80,0.90
2008.05.19 15:25:23.075,2.03675,2.0369,1.60,0.80
2008.05.19 15:25:23.263,2.03675,2.0369,1.60,1.70
2008.05.19 15:25:23.444,2.03665,2.0369,1.60,1.70
2008.05.19 15:25:23.822,2.0367,2.0369,0.80,0.80
2008.05.19 15:25:24.037,2.03675,2.03705,0.80,0.90
2008.05.19 15:25:24.250,2.03665,2.0369,4.00,0.80
2008.05.19 15:25:24.651,2.03665,2.0369,1.60,0.80
2008.05.19 15:25:24.853,2.03655,2.0369,3.00,0.80
2008.05.19 15:25:25.090,2.03655,2.0369,2.40,0.80
2008.05.19 15:25:26.192,2.03655,2.0369,0.80,0.80
2008.05.19 15:25:26.532,2.03645,2.0369,5.50,0.80
2008.05.19 15:25:26.698,2.03645,2.0369,3.90,0.80
2008.05.19 15:25:26.864,2.03645,2.0368,2.40,0.90
2008.05.19 15:25:27.052,2.03645,2.0368,1.60,0.90
2008.05.19 15:25:27.432,2.03635,2.0368,3.00,0.90
2008.05.19 15:25:27.619,2.03655,2.0368,0.80,0.90
2008.05.19 15:25:27.806,2.03655,2.0369,0.80,1.70
2008.05.19 15:25:28.885,2.03645,2.0368,1.60,0.90
2008.05.19 15:25:29.389,2.03635,2.0368,3.00,0.90
2008.05.19 15:25:29.520,2.03635,2.03675,2.40,0.90
2008.05.19 15:25:29.645,2.03635,2.0367,1.60,0.80
2008.05.19 15:25:30.004,2.03625,2.0367,3.00,0.80
2008.05.19 15:25:30.307,2.03625,2.0367,1.90,0.80
2008.05.19 15:25:30.464,2.03635,2.0367,1.00,0.80
2008.05.19 15:25:30.694,2.03625,2.03665,0.80,0.90
2008.05.19 15:25:30.926,2.03625,2.0367,1.50,0.80
2008.05.19 15:25:31.349,2.03625,2.0367,1.00,0.80
2008.05.19 15:25:31.546,2.03635,2.0367,0.80,0.80
2008.05.19 15:25:31.742,2.03635,2.0367,0.60,0.80
2008.05.19 15:25:31.937,2.03635,2.0367,1.10,1.70
2008.05.19 15:25:32.277,2.03625,2.0367,2.00,1.70
2008.05.19 15:25:32.431,2.03625,2.03665,3.20,0.90
2008.05.19 15:25:32.576,2.03625,2.0366,3.20,0.80
2008.05.19 15:25:36.551,2.03625,2.0366,2.40,0.80
2008.05.19 15:25:36.870,2.03625,2.03655,2.40,0.90
2008.05.19 15:25:37.068,2.03625,2.03655,3.20,0.90
2008.05.19 15:25:37.153,2.03625,2.03655,3.20,0.90
2008.05.19 15:25:38.436,2.03625,2.0366,3.20,0.80
2008.05.19 15:25:42.760,2.03635,2.0366,0.80,0.80
2008.05.19 15:25:42.903,2.03635,2.0367,0.80,0.90
2008.05.19 15:25:43.020,2.03635,2.0368,0.80,0.50
2008.05.19 15:25:43.492,2.03635,2.03675,0.80,0.90
2008.05.19 15:25:43.618,2.03635,2.0368,0.80,0.80
2008.05.19 15:25:43.881,2.03635,2.0368,3.20,1.90
2008.05.19 15:25:44.143,2.03645,2.0368,0.80,0.80
2008.05.19 15:25:44.674,2.03635,2.0368,4.00,0.80
2008.05.19 15:25:44.990,2.03645,2.0368,0.80,0.80
2008.05.19 15:25:47.107,2.03645,2.0368,3.20,0.80
2008.05.19 15:25:47.583,2.03645,2.0368,4.80,0.80
2008.05.19 15:25:48.012,2.03645,2.0368,5.60,0.80
2008.05.19 15:25:48.665,2.03645,2.0368,3.80,0.80
2008.05.19 15:25:48.863,2.03645,2.0368,4.00,0.80
2008.05.19 15:25:49.947,2.03655,2.0368,0.80,0.80
2008.05.19 15:25:50.230,2.03645,2.0368,2.40,0.80
2008.05.19 15:25:50.523,2.03645,2.0368,4.80,0.80
2008.05.19 15:25:50.793,2.03655,2.0368,0.80,0.80
2008.05.19 15:25:54.075,2.03655,2.0368,1.60,0.80
2008.05.19 15:25:54.196,2.03655,2.0368,2.40,0.80
2008.05.19 15:25:56.373,2.03675,2.0368,0.80,0.80
2008.05.19 15:25:56.837,2.03675,2.037,0.80,0.80
2008.05.19 15:25:56.899,2.03675,2.03705,1.60,0.50
2008.05.19 15:25:56.961,2.03675,2.0369,1.60,0.80
2008.05.19 15:25:57.183,2.03675,2.0369,2.40,0.80
2008.05.19 15:25:57.501,2.03675,2.0369,0.80,0.80
2008.05.19 15:25:57.751,2.03675,2.03705,0.80,0.90
2008.05.19 15:25:58.941,2.03675,2.0371,0.80,1.20
2008.05.19 15:25:59.125,2.03675,2.0371,0.80,0.80
2008.05.19 15:25:59.864,2.03675,2.0371,1.60,0.80
2008.05.19 15:26:00.012,2.03675,2.0371,2.40,0.60
2008.05.19 15:26:00.157,2.03675,2.0371,0.80,1.20
2008.05.19 15:26:01.100,2.03675,2.03715,0.80,1.60
2008.05.19 15:26:01.346,2.03675,2.0372,1.60,0.70
2008.05.19 15:26:01.692,2.03675,2.03715,1.60,0.60
2008.05.19 15:26:01.853,2.03675,2.03715,1.60,0.80
2008.05.19 15:26:02.014,2.03675,2.03715,3.20,0.90
2008.05.19 15:26:02.174,2.03675,2.0372,3.20,1.20
2008.05.19 15:26:02.577,2.03675,2.0371,1.60,0.90
2008.05.19 15:26:02.818,2.03675,2.0371,1.60,1.20
2008.05.19 15:26:03.059,2.03675,2.0371,1.60,0.80
2008.05.19 15:26:03.299,2.03685,2.03725,0.80,0.90
2008.05.19 15:26:03.540,2.03685,2.0372,2.40,0.90
2008.05.19 15:26:03.731,2.03685,2.0372,1.60,0.90
2008.05.19 15:26:03.920,2.03675,2.0372,3.20,0.90
2008.05.19 15:26:04.301,2.03675,2.03715,3.20,0.90
2008.05.19 15:26:04.777,2.03675,2.0372,3.20,0.90
2008.05.19 15:26:05.446,2.03675,2.0371,3.20,0.80
2008.05.19 15:26:05.654,2.03675,2.0371,2.40,0.80
2008.05.19 15:26:05.862,2.03675,2.0371,2.40,0.50
2008.05.19 15:26:06.069,2.03675,2.03705,3.20,0.90
2008.05.19 15:26:06.277,2.03675,2.037,0.80,0.80
2008.05.19 15:26:07.164,2.0367,2.037,0.80,0.80
2008.05.19 15:26:07.404,2.03665,2.037,7.20,0.80
2008.05.19 15:26:07.646,2.03675,2.037,0.80,0.80
2008.05.19 15:26:12.139,2.03685,2.0372,2.40,0.80
2008.05.19 15:26:12.753,2.0369,2.0372,0.80,0.80
2008.05.19 15:26:12.974,2.03705,2.03735,1.60,2.50
2008.05.19 15:26:13.060,2.03705,2.03735,0.80,2.50
2008.05.19 15:26:13.189,2.03685,2.03735,2.40,2.50
2008.05.19 15:26:13.479,2.03695,2.03735,2.40,0.90
2008.05.19 15:26:13.654,2.03695,2.03735,0.80,0.90
2008.05.19 15:26:14.216,2.03695,2.0373,2.40,0.90
2008.05.19 15:26:14.529,2.03695,2.0372,1.60,0.90
2008.05.19 15:26:14.853,2.03685,2.0372,1.60,0.90
2008.05.19 15:26:15.164,2.03675,2.0372,3.20,0.90
2008.05.19 15:26:15.329,2.03675,2.0371,2.40,1.70
2008.05.19 15:26:15.654,2.03685,2.0371,0.80,0.80
2008.05.19 15:26:15.816,2.03685,2.0371,1.60,0.80
2008.05.19 15:26:16.914,2.03675,2.0371,4.80,0.80
2008.05.19 15:26:17.040,2.03675,2.03725,2.40,0.90
2008.05.19 15:26:17.289,2.03675,2.03725,3.20,0.90
2008.05.19 15:26:17.416,2.03685,2.03725,1.60,0.90
2008.05.19 15:26:18.889,2.03685,2.0372,1.60,2.40
2008.05.19 15:26:19.019,2.03685,2.03715,1.60,0.90
2008.05.19 15:26:19.175,2.03685,2.0371,1.60,1.70
2008.05.19 15:26:19.331,2.03665,2.0371,6.20,1.70
2008.05.19 15:26:19.486,2.03665,2.0371,7.10,0.80
2008.05.19 15:26:19.643,2.03665,2.03715,7.10,2.40
2008.05.19 15:26:19.798,2.03665,2.0372,7.10,0.90
2008.05.19 15:26:20.105,2.03665,2.0372,5.50,0.90
2008.05.19 15:26:20.505,2.03675,2.0372,1.60,0.90
2008.05.19 15:26:21.342,2.03675,2.0372,2.40,0.90
2008.05.19 15:26:21.451,2.03675,2.03725,3.20,3.30
2008.05.19 15:26:21.563,2.03685,2.03725,3.20,3.30
2008.05.19 15:26:21.674,2.03695,2.03725,3.20,2.40
2008.05.19 15:26:21.785,2.03695,2.0373,3.20,1.70
2008.05.19 15:26:22.016,2.03695,2.0373,4.80,1.70
2008.05.19 15:26:25.260,2.03705,2.0373,0.80,0.80
2008.05.19 15:26:25.772,2.03695,2.0373,4.80,0.80
2008.05.19 15:26:25.964,2.03705,2.0373,0.80,0.80
2008.05.19 15:26:26.145,2.03695,2.0373,4.80,0.80
2008.05.19 15:26:26.485,2.03705,2.0373,0.80,0.80
2008.05.19 15:26:27.336,2.03725,2.0374,0.80,0.90
2008.05.19 15:26:27.482,2.03725,2.0375,0.80,0.60
2008.05.19 15:26:27.629,2.03725,2.03755,1.60,2.20
2008.05.19 15:26:27.775,2.03725,2.03755,1.60,1.60
2008.05.19 15:26:27.922,2.03725,2.0376,1.60,0.80
2008.05.19 15:26:28.068,2.03725,2.0375,0.80,0.80
2008.05.19 15:26:28.215,2.03725,2.0375,1.60,0.80
2008.05.19 15:26:28.361,2.03725,2.0376,1.60,3.30
2008.05.19 15:26:28.660,2.03715,2.0376,4.80,0.90
2008.05.19 15:26:28.951,2.03715,2.03765,5.60,0.90
2008.05.19 15:26:29.545,2.0372,2.0377,0.80,3.80
2008.05.19 15:26:29.678,2.03725,2.0377,1.60,1.40
2008.05.19 15:26:29.798,2.03725,2.0377,2.40,1.40
2008.05.19 15:26:29.951,2.03725,2.03765,2.40,0.90
2008.05.19 15:26:30.027,2.03725,2.0376,2.40,0.90
2008.05.19 15:26:30.094,2.03725,2.0376,4.00,0.90
2008.05.19 15:26:30.160,2.03725,2.0376,3.20,1.70
2008.05.19 15:26:30.229,2.03725,2.0376,2.40,1.70
2008.05.19 15:26:30.339,2.03725,2.0376,1.60,1.70
2008.05.19 15:26:30.416,2.03725,2.0376,1.60,0.80
2008.05.19 15:26:30.481,2.03715,2.0376,5.60,0.80
2008.05.19 15:26:30.882,2.03725,2.0376,0.80,1.70
2008.05.19 15:26:32.001,2.03725,2.0376,0.80,0.80
2008.05.19 15:26:32.112,2.03725,2.0376,1.60,0.80
2008.05.19 15:26:32.177,2.03725,2.0376,2.40,0.80
2008.05.19 15:26:32.573,2.03725,2.0376,2.40,1.70
2008.05.19 15:26:32.645,2.03725,2.0376,1.60,1.70
2008.05.19 15:26:32.715,2.03725,2.0376,0.80,1.70
2008.05.19 15:26:32.786,2.0372,2.0376,0.80,1.70
2008.05.19 15:26:32.863,2.03715,2.0376,6.40,1.70
2008.05.19 15:26:32.971,2.03725,2.03755,0.80,2.40
2008.05.19 15:26:33.145,2.03725,2.03755,2.40,2.40
2008.05.19 15:26:33.216,2.03725,2.0376,3.20,0.80
2008.05.19 15:26:35.250,2.03725,2.0376,2.40,0.80
2008.05.19 15:26:35.742,2.03725,2.0376,4.00,0.80
2008.05.19 15:26:36.470,2.03725,2.0376,2.40,0.80
2008.05.19 15:26:37.028,2.03725,2.0376,1.60,0.80
2008.05.19 15:26:37.196,2.03735,2.0376,1.60,0.80
2008.05.19 15:26:37.362,2.03735,2.0376,3.20,0.80
2008.05.19 15:26:37.931,2.03735,2.0376,2.40,0.80
2008.05.19 15:26:38.122,2.03735,2.0378,2.40,0.90
2008.05.19 15:26:38.218,2.03735,2.03775,2.40,0.90
2008.05.19 15:26:38.314,2.03735,2.0377,4.80,0.80
2008.05.19 15:26:38.913,2.03735,2.0377,3.20,0.80
2008.05.19 15:26:39.362,2.03735,2.0378,3.20,0.90
2008.05.19 15:26:39.583,2.03735,2.0378,4.80,0.90
2008.05.19 15:26:39.804,2.03735,2.03785,4.80,0.90
2008.05.19 15:26:40.816,2.03735,2.03785,7.20,0.90
2008.05.19 15:26:41.312,2.03735,2.03775,7.20,0.90
2008.05.19 15:26:41.593,2.03735,2.0378,5.60,0.90
2008.05.19 15:26:41.747,2.03745,2.0378,0.80,0.90
2008.05.19 15:26:42.186,2.03745,2.0379,2.40,3.20
2008.05.19 15:26:42.390,2.03755,2.0378,0.80,0.80
2008.05.19 15:26:42.600,2.03745,2.0378,2.40,1.70
2008.05.19 15:26:42.815,2.03745,2.0378,0.80,1.70
2008.05.19 15:26:43.214,2.03745,2.0378,0.80,0.80
2008.05.19 15:26:43.412,2.03745,2.0379,2.40,0.90
2008.05.19 15:26:43.609,2.03745,2.0379,3.20,0.90
2008.05.19 15:26:44.611,2.03745,2.03785,3.20,0.90
2008.05.19 15:26:44.773,2.03745,2.0378,3.20,0.90
2008.05.19 15:26:45.015,2.03745,2.03785,3.20,0.90
2008.05.19 15:26:45.137,2.03745,2.03795,3.20,4.10
2008.05.19 15:26:45.258,2.03745,2.03795,1.60,4.90
2008.05.19 15:26:45.378,2.03745,2.03795,2.40,2.50
2008.05.19 15:26:45.899,2.03745,2.0378,3.20,0.80
2008.05.19 15:26:46.160,2.03745,2.0378,4.00,0.80
2008.05.19 15:26:46.436,2.03755,2.038,1.60,0.90
2008.05.19 15:26:46.687,2.03755,2.03795,1.60,0.90
2008.05.19 15:26:47.743,2.03755,2.03795,3.20,0.90
2008.05.19 15:26:48.000,2.03755,2.03795,4.80,0.90
2008.05.19 15:26:48.110,2.03755,2.0379,4.80,0.90
2008.05.19 15:26:48.222,2.03755,2.0379,5.60,0.80
2008.05.19 15:26:48.333,2.03765,2.038,0.80,2.40
2008.05.19 15:26:48.443,2.03765,2.0381,3.20,4.80
2008.05.19 15:26:48.556,2.03775,2.0381,0.80,4.10
2008.05.19 15:26:48.923,2.03765,2.0379,6.40,0.90
2008.05.19 15:26:49.150,2.03765,2.0379,2.40,0.90
2008.05.19 15:26:49.389,2.03765,2.038,1.60,1.70
2008.05.19 15:26:49.615,2.03755,2.038,2.40,1.70
2008.05.19 15:26:51.074,2.03765,2.03805,0.80,2.40
2008.05.19 15:26:51.199,2.03775,2.03805,0.80,0.90
2008.05.19 15:26:51.330,2.03765,2.03805,1.60,0.90
2008.05.19 15:26:51.589,2.03765,2.03805,2.40,0.90
2008.05.19 15:26:51.961,2.03765,2.0381,2.40,0.80
2008.05.19 15:26:52.187,2.03775,2.0381,0.80,0.80
2008.05.19 15:26:52.415,2.03775,2.0379,2.40,0.80
2008.05.19 15:26:52.642,2.03795,2.038,0.80,0.90
2008.05.19 15:26:52.868,2.03795,2.03815,0.80,1.60
2008.05.19 15:26:52.989,2.03795,2.03815,0.80,2.50
2008.05.19 15:26:53.110,2.03795,2.0381,0.80,0.80
2008.05.19 15:26:53.230,2.03785,2.0381,1.60,0.80
2008.05.19 15:26:53.534,2.03775,2.0381,4.00,0.80
2008.05.19 15:26:53.863,2.03775,2.0381,3.20,0.80
2008.05.19 15:26:54.125,2.03775,2.0381,2.40,0.80
2008.05.19 15:26:54.932,2.03775,2.0381,3.20,0.80
2008.05.19 15:26:55.121,2.03775,2.0381,4.00,0.80
2008.05.19 15:26:56.374,2.03775,2.0381,2.40,0.80
2008.05.19 15:26:58.103,2.03775,2.0381,1.60,1.70
2008.05.19 15:26:58.165,2.03775,2.0381,0.80,1.70
2008.05.19 15:26:58.218,2.03765,2.0381,4.60,1.70
2008.05.19 15:26:58.406,2.03765,2.0381,3.00,1.70
2008.05.19 15:26:58.517,2.03765,2.03805,3.00,0.90
2008.05.19 15:26:58.628,2.03765,2.03805,1.40,0.90
2008.05.19 15:26:59.483,2.03765,2.03805,0.80,0.90
2008.05.19 15:26:59.714,2.03765,2.038,0.80,0.80
2008.05.19 15:26:59.946,2.03765,2.0381,2.40,0.90
2008.05.19 15:27:00.177,2.03765,2.03805,2.40,0.90
2008.05.19 15:27:00.407,2.03765,2.0381,2.40,0.90
2008.05.19 15:27:00.564,2.03765,2.03815,2.40,0.90
2008.05.19 15:27:00.714,2.03765,2.03815,3.80,0.90
2008.05.19 15:27:00.866,2.03775,2.03815,1.60,0.90
2008.05.19 15:27:01.321,2.03775,2.03815,2.40,0.90
2008.05.19 15:27:01.437,2.03775,2.0382,4.80,0.80
2008.05.19 15:27:01.553,2.03785,2.0382,0.80,0.80
2008.05.19 15:27:02.062,2.03785,2.0382,1.60,0.80
2008.05.19 15:27:02.475,2.03785,2.0382,0.80,0.80
2008.05.19 15:27:02.881,2.03785,2.03815,0.80,0.90
2008.05.19 15:27:03.274,2.0377,2.038,0.60,0.80
2008.05.19 15:27:03.538,2.0377,2.03815,0.60,3.30
2008.05.19 15:27:03.665,2.0377,2.03815,0.60,0.90
2008.05.19 15:27:05.040,2.03775,2.03815,1.60,0.90
2008.05.19 15:27:06.793,2.03765,2.03815,7.00,0.90
2008.05.19 15:27:06.982,2.03765,2.03815,6.20,0.90
2008.05.19 15:27:07.189,2.03775,2.03815,1.60,0.90
2008.05.19 15:27:07.254,2.03775,2.0381,1.60,0.90
2008.05.19 15:27:07.497,2.03775,2.03805,1.60,0.90
2008.05.19 15:27:07.708,2.03765,2.038,7.00,0.80
2008.05.19 15:27:08.129,2.03765,2.038,6.40,0.80
2008.05.19 15:27:08.341,2.03775,2.0381,0.80,0.80
2008.05.19 15:27:08.671,2.03775,2.0381,0.80,1.70
2008.05.19 15:27:10.380,2.03765,2.0381,5.60,1.70
2008.05.19 15:27:10.494,2.03765,2.0381,4.80,4.10
2008.05.19 15:27:10.609,2.03765,2.0381,4.00,3.20
2008.05.19 15:27:10.734,2.03775,2.0381,0.80,3.20
2008.05.19 15:27:10.861,2.03775,2.03805,1.60,0.90
2008.05.19 15:27:11.144,2.03775,2.03795,0.80,0.90
2008.05.19 15:27:11.270,2.03765,2.03785,2.40,0.90
2008.05.19 15:27:11.397,2.03755,2.0378,2.40,0.80
2008.05.19 15:27:11.522,2.03755,2.03785,2.40,0.90
2008.05.19 15:27:11.647,2.03755,2.03795,0.80,2.50
2008.05.19 15:27:11.903,2.03755,2.03795,0.80,0.90
2008.05.19 15:27:12.159,2.03755,2.0378,0.80,0.80
2008.05.19 15:27:12.906,2.03765,2.0378,0.80,0.80
2008.05.19 15:27:13.147,2.03755,2.0378,2.40,0.80
2008.05.19 15:27:13.437,2.03755,2.0378,0.80,0.80
2008.05.19 15:27:13.558,2.03745,2.0378,7.20,0.80
2008.05.19 15:27:13.691,2.03765,2.0379,0.80,0.90
2008.05.19 15:27:14.001,2.03765,2.0378,0.80,0.90
2008.05.19 15:27:14.161,2.03745,2.0378,4.00,0.90
2008.05.19 15:27:14.339,2.03745,2.0378,2.40,0.90
2008.05.19 15:27:14.499,2.03745,2.0379,2.40,3.30
2008.05.19 15:27:14.661,2.03745,2.0378,4.80,0.80
2008.05.19 15:27:14.831,2.03745,2.0379,4.80,2.40
2008.05.19 15:27:15.001,2.03755,2.0379,1.60,0.90
2008.05.19 15:27:15.172,2.03745,2.0379,4.80,0.90
2008.05.19 15:27:15.354,2.03745,2.03795,4.80,0.90
2008.05.19 15:27:15.921,2.03745,2.03785,4.80,0.90
2008.05.19 15:27:16.044,2.03745,2.0378,4.80,0.80
2008.05.19 15:27:16.176,2.03745,2.0378,1.60,0.80
2008.05.19 15:27:16.334,2.03745,2.0378,0.80,0.80
2008.05.19 15:27:16.466,2.03745,2.0379,0.80,3.30
2008.05.19 15:27:16.596,2.03745,2.0379,1.60,0.90
2008.05.19 15:27:16.727,2.03745,2.03785,1.60,0.90
2008.05.19 15:27:16.903,2.03745,2.0378,1.60,0.80
2008.05.19 15:27:17.360,2.03745,2.03775,1.60,0.90
2008.05.19 15:27:17.538,2.03745,2.0378,1.60,0.80
2008.05.19 15:27:17.713,2.03745,2.0378,2.40,0.80
2008.05.19 15:27:19.530,2.03745,2.03775,0.80,1.60
2008.05.19 15:27:20.132,2.03745,2.0377,0.80,0.90
2008.05.19 15:27:20.337,2.03735,2.0377,1.60,1.70
2008.05.19 15:27:20.451,2.03735,2.0377,0.80,1.70
2008.05.19 15:27:23.210,2.03735,2.03755,0.80,0.90
2008.05.19 15:27:23.269,2.03715,2.0375,7.00,0.80
2008.05.19 15:27:23.316,2.03715,2.0375,6.20,0.80
2008.05.19 15:27:23.362,2.03715,2.0375,5.60,0.80
2008.05.19 15:27:23.529,2.03715,2.0375,4.00,0.80
2008.05.19 15:27:23.714,2.03715,2.03745,4.00,0.90
2008.05.19 15:27:23.760,2.03715,2.03745,0.80,0.90
2008.05.19 15:27:24.165,2.03715,2.0375,0.80,0.80
2008.05.19 15:27:24.292,2.03715,2.03765,1.60,4.80
2008.05.19 15:27:24.560,2.03715,2.03765,1.60,2.40
2008.05.19 15:27:24.810,2.03715,2.0376,1.60,0.80
2008.05.19 15:27:26.766,2.03725,2.0376,0.80,0.80
2008.05.19 15:27:29.077,2.03725,2.0376,1.60,0.80
2008.05.19 15:27:29.581,2.0373,2.0376,0.80,0.80
2008.05.19 15:27:30.456,2.0373,2.03775,0.80,1.60
2008.05.19 15:27:30.833,2.0373,2.0378,0.80,0.80
2008.05.19 15:27:31.352,2.0373,2.03785,0.80,5.70
2008.05.19 15:27:31.524,2.0373,2.03785,0.80,3.30
2008.05.19 15:27:31.805,2.0373,2.0378,0.80,0.80
2008.05.19 15:27:32.302,2.03735,2.0378,0.80,0.80
2008.05.19 15:27:32.443,2.03735,2.03775,1.60,2.40
2008.05.19 15:27:32.614,2.03735,2.03775,3.20,2.40
2008.05.19 15:27:32.754,2.03745,2.03775,0.80,2.40
2008.05.19 15:27:33.044,2.03745,2.0378,0.80,1.40
2008.05.19 15:27:33.254,2.03745,2.0377,0.80,0.90
2008.05.19 15:27:33.395,2.03735,2.0377,2.40,0.90
2008.05.19 15:27:33.540,2.03735,2.03775,1.60,2.40
2008.05.19 15:27:33.675,2.03725,2.0377,4.80,0.90
2008.05.19 15:27:33.964,2.03725,2.0377,5.60,0.90
2008.05.19 15:27:34.274,2.03745,2.03775,0.80,2.40
2008.05.19 15:27:34.411,2.03745,2.03775,0.80,0.90
2008.05.19 15:27:34.532,2.03745,2.03775,0.80,1.70
2008.05.19 15:27:34.654,2.03735,2.0377,1.60,0.80
2008.05.19 15:27:34.774,2.03735,2.03765,1.60,0.90
2008.05.19 15:27:34.896,2.03715,2.0375,7.20,0.80
2008.05.19 15:27:35.326,2.03715,2.0375,4.80,0.80
2008.05.19 15:27:35.566,2.03715,2.0375,4.00,0.80
2008.05.19 15:27:35.810,2.03725,2.0377,0.80,3.20
2008.05.19 15:27:36.052,2.03735,2.03775,0.80,2.40
2008.05.19 15:27:36.305,2.0374,2.03775,0.80,1.60
2008.05.19 15:27:36.739,2.03745,2.0378,0.80,0.60
2008.05.19 15:27:38.360,2.03745,2.03785,0.80,3.00
2008.05.19 15:27:38.562,2.03745,2.03785,0.80,1.40
2008.05.19 15:27:38.865,2.03745,2.0378,0.80,0.80
2008.05.19 15:27:39.492,2.03735,2.0377,0.80,0.80
2008.05.19 15:27:39.762,2.03735,2.03765,1.60,0.90
2008.05.19 15:27:39.898,2.03735,2.0376,1.60,0.80
2008.05.19 15:27:40.034,2.03725,2.0376,2.40,0.80
2008.05.19 15:27:40.317,2.03725,2.0376,0.80,0.80
2008.05.19 15:27:41.061,2.03725,2.0376,2.40,0.80
2008.05.19 15:27:41.367,2.03735,2.0377,0.80,0.80
2008.05.19 15:27:41.674,2.03735,2.0377,1.60,0.80
2008.05.19 15:27:42.021,2.03735,2.0377,1.60,1.70
2008.05.19 15:27:42.145,2.03735,2.0377,0.80,1.70
2008.05.19 15:27:42.255,2.03735,2.0377,1.60,1.70
2008.05.19 15:27:42.607,2.03735,2.0377,0.80,1.70
2008.05.19 15:27:42.817,2.03725,2.0377,3.80,0.80
2008.05.19 15:27:43.805,2.03735,2.0377,1.60,0.80
2008.05.19 15:27:44.404,2.03735,2.0377,2.40,0.80
2008.05.19 15:27:45.191,2.03735,2.0377,3.20,0.80
2008.05.19 15:27:45.442,2.03735,2.0377,4.80,0.80
2008.05.19 15:27:45.694,2.0374,2.0377,0.80,0.80
2008.05.19 15:27:45.946,2.03745,2.03785,0.80,0.80
2008.05.19 15:27:46.167,2.03745,2.03785,0.80,1.70
2008.05.19 15:27:46.508,2.03745,2.03785,0.80,0.90
2008.05.19 15:27:46.594,2.03745,2.03785,0.80,1.60
2008.05.19 15:27:46.692,2.03735,2.0378,3.20,0.80
2008.05.19 15:27:46.809,2.03745,2.0378,0.80,0.80
2008.05.19 15:27:47.004,2.03755,2.0379,0.80,0.80
2008.05.19 15:27:47.568,2.03755,2.0379,1.60,0.80
2008.05.19 15:27:47.745,2.03755,2.0379,0.80,1.70
2008.05.19 15:27:47.981,2.03745,2.0379,1.60,1.70
2008.05.19 15:27:48.233,2.03745,2.0379,0.80,0.80
2008.05.19 15:27:48.481,2.03755,2.0379,1.60,1.70
2008.05.19 15:27:48.716,2.03745,2.0379,2.40,1.70
2008.05.19 15:27:48.953,2.03735,2.0379,6.30,1.70
2008.05.19 15:27:49.438,2.03745,2.0379,0.80,0.80
2008.05.19 15:27:49.618,2.03755,2.0379,0.80,0.80
2008.05.19 15:27:49.925,2.03755,2.0379,1.60,0.80
2008.05.19 15:27:50.922,2.03755,2.03785,1.60,1.60
2008.05.19 15:27:51.308,2.03755,2.0379,1.60,0.80
2008.05.19 15:27:52.181,2.03755,2.03785,1.60,0.80
2008.05.19 15:27:52.347,2.03755,2.0379,2.40,1.60
2008.05.19 15:27:52.676,2.03755,2.0379,3.20,0.80
2008.05.19 15:27:52.842,2.03755,2.0379,1.60,0.80
2008.05.19 15:27:54.916,2.03755,2.03795,1.60,1.60
2008.05.19 15:27:54.973,2.03765,2.03795,0.80,1.60
2008.05.19 15:27:55.263,2.03765,2.03805,0.80,2.20
2008.05.19 15:27:55.514,2.03765,2.03805,0.80,0.60
2008.05.19 15:27:56.013,2.03755,2.03805,3.20,0.60
2008.05.19 15:27:56.334,2.03765,2.0381,2.40,1.40
2008.05.19 15:27:56.494,2.03755,2.0381,3.20,1.70
2008.05.19 15:27:57.066,2.03755,2.03805,1.60,1.60
2008.05.19 15:27:57.554,2.03775,2.03805,0.80,1.60
2008.05.19 15:27:57.856,2.03765,2.038,3.20,0.80
2008.05.19 15:27:58.294,2.03765,2.038,1.60,0.80
2008.05.19 15:28:02.955,2.03765,2.038,0.80,1.70
2008.05.19 15:28:03.108,2.03755,2.038,2.40,1.70
2008.05.19 15:28:03.885,2.03755,2.038,0.80,1.70
2008.05.19 15:28:04.954,2.03755,2.0379,0.80,0.90
2008.05.19 15:28:05.138,2.03755,2.038,0.80,1.70
2008.05.19 15:28:05.211,2.03755,2.038,0.80,4.10
2008.05.19 15:28:05.375,2.0375,2.038,0.80,4.10
2008.05.19 15:28:05.488,2.03745,2.03795,3.80,0.90
2008.05.19 15:28:05.568,2.03745,2.0378,3.80,0.80
2008.05.19 15:28:05.639,2.03745,2.0378,2.30,0.80
2008.05.19 15:28:05.767,2.03755,2.0379,0.80,0.80
2008.05.19 15:28:05.904,2.03755,2.0379,1.60,0.80
2008.05.19 15:28:09.214,2.03755,2.0379,1.60,1.70
2008.05.19 15:28:09.466,2.03745,2.0378,0.80,0.80
2008.05.19 15:28:10.541,2.03735,2.0378,3.20,1.70
2008.05.19 15:28:10.747,2.03735,2.0378,3.20,0.80
2008.05.19 15:28:10.953,2.03745,2.0378,0.80,0.80
2008.05.19 15:28:11.488,2.03745,2.03775,0.80,0.90
2008.05.19 15:28:11.655,2.03735,2.0378,3.90,0.80
2008.05.19 15:28:11.822,2.03745,2.0378,0.80,0.80
2008.05.19 15:28:12.154,2.03735,2.0378,3.90,0.80
2008.05.19 15:28:12.326,2.0374,2.0378,0.80,0.80
2008.05.19 15:28:12.500,2.03735,2.0378,2.40,1.70
2008.05.19 15:28:12.666,2.0373,2.03775,0.60,0.90
2008.05.19 15:28:13.159,2.03735,2.03775,0.60,0.90
2008.05.19 15:28:13.375,2.03735,2.03775,0.60,1.70
2008.05.19 15:28:13.591,2.03735,2.03765,2.20,0.90
2008.05.19 15:28:13.820,2.0373,2.0376,0.60,1.70
2008.05.19 15:28:14.025,2.03725,2.0375,2.40,0.90
2008.05.19 15:28:14.243,2.03715,2.0374,2.20,0.80
2008.05.19 15:28:14.419,2.03715,2.0374,1.60,0.80
2008.05.19 15:28:14.596,2.0371,2.03755,0.60,1.60
2008.05.19 15:28:14.779,2.03705,2.03755,3.10,1.60
2008.05.19 15:28:15.128,2.03705,2.0376,4.70,1.70
2008.05.19 15:28:15.308,2.03705,2.0375,3.80,0.90
2008.05.19 15:28:15.489,2.03705,2.0375,1.60,0.90
2008.05.19 15:28:15.848,2.03705,2.0376,4.00,1.70
2008.05.19 15:28:16.030,2.03705,2.0374,3.20,0.80
2008.05.19 15:28:16.211,2.03705,2.0374,4.00,0.80
2008.05.19 15:28:16.718,2.03705,2.0374,4.70,0.80
2008.05.19 15:28:16.878,2.03705,2.0374,5.50,0.80
2008.05.19 15:28:17.039,2.03725,2.0374,0.80,0.80
2008.05.19 15:28:18.571,2.03725,2.0376,0.80,0.80
2008.05.19 15:28:18.674,2.03725,2.0376,1.60,0.80
2008.05.19 15:28:19.252,2.03725,2.0376,1.60,1.70
2008.05.19 15:28:19.357,2.03725,2.0375,0.80,0.80
2008.05.19 15:28:19.464,2.03715,2.0375,3.80,0.80
2008.05.19 15:28:20.006,2.03715,2.0375,7.00,0.80
2008.05.19 15:28:23.139,2.03725,2.0375,0.80,0.80
2008.05.19 15:28:23.278,2.03725,2.0375,3.20,0.80
2008.05.19 15:28:23.348,2.03725,2.0375,4.80,0.80
2008.05.19 15:28:23.442,2.03735,2.0377,1.60,0.80
2008.05.19 15:28:24.918,2.03735,2.03765,1.60,1.20
2008.05.19 15:28:28.272,2.03735,2.0377,1.60,2.00
2008.05.19 15:28:29.017,2.03735,2.03765,1.60,1.20
2008.05.19 15:28:31.079,2.03735,2.03765,1.60,2.00
2008.05.19 15:28:32.397,2.03735,2.0377,1.60,2.80
2008.05.19 15:28:32.515,2.03735,2.0377,1.60,0.80
2008.05.19 15:28:32.849,2.03735,2.0377,2.40,0.80
2008.05.19 15:28:32.947,2.03745,2.0378,0.80,1.60
2008.05.19 15:28:33.464,2.03735,2.0377,4.00,0.80
2008.05.19 15:28:33.625,2.03735,2.0377,2.40,0.80
2008.05.19 15:28:33.786,2.03735,2.03765,1.60,2.40
2008.05.19 15:28:33.948,2.03725,2.0375,1.60,0.80
2008.05.19 15:28:34.108,2.03715,2.0375,5.50,0.80
2008.05.19 15:28:34.378,2.03715,2.0375,4.80,0.80
2008.05.19 15:28:35.213,2.03715,2.0375,7.20,0.80
2008.05.19 15:28:36.195,2.03715,2.0375,6.40,0.80
2008.05.19 15:28:36.440,2.03715,2.0375,6.40,0.80
2008.05.19 15:28:36.833,2.03715,2.0375,4.80,0.80
2008.05.19 15:28:37.026,2.03715,2.0376,3.20,1.70
2008.05.19 15:28:37.218,2.0371,2.0375,0.60,0.90
2008.05.19 15:28:37.584,2.03715,2.0374,3.20,0.80
2008.05.19 15:28:37.766,2.0372,2.0374,0.80,0.80
2008.05.19 15:28:37.952,2.0372,2.0376,0.80,0.80
2008.05.19 15:28:38.117,2.03725,2.0376,0.80,0.80
2008.05.19 15:28:38.293,2.03725,2.0376,3.20,0.80
2008.05.19 15:28:38.916,2.03725,2.0376,2.40,0.80
2008.05.19 15:28:39.121,2.03715,2.0376,4.00,0.80
2008.05.19 15:28:39.326,2.0371,2.0376,0.80,0.80
2008.05.19 15:28:39.712,2.03715,2.0376,0.80,0.80
2008.05.19 15:28:39.862,2.03715,2.03765,1.60,1.60
2008.05.19 15:28:40.020,2.03715,2.0377,4.00,1.70
2008.05.19 15:28:40.171,2.03735,2.0377,0.80,0.80
2008.05.19 15:28:40.615,2.03735,2.0377,1.60,0.80
2008.05.19 15:28:40.756,2.03735,2.0377,0.80,1.70
2008.05.19 15:28:40.896,2.03725,2.0377,2.40,1.70
2008.05.19 15:28:41.207,2.03715,2.0377,4.00,1.70
2008.05.19 15:28:41.745,2.03715,2.03765,3.20,0.90
2008.05.19 15:28:41.876,2.03715,2.0376,3.20,0.80
2008.05.19 15:28:41.987,2.03715,2.0376,0.80,0.80
2008.05.19 15:28:42.211,2.03715,2.03755,0.80,0.90
2008.05.19 15:28:42.322,2.03715,2.0374,0.80,0.80
2008.05.19 15:28:42.616,2.0372,2.0374,0.80,0.80
2008.05.19 15:28:42.897,2.03725,2.03755,0.80,1.60
2008.05.19 15:28:43.037,2.03725,2.0376,1.60,0.80
2008.05.19 15:28:43.485,2.03715,2.0376,4.00,0.80
2008.05.19 15:28:43.731,2.03715,2.0376,1.60,0.80
2008.05.19 15:28:43.851,2.0371,2.0376,1.50,0.80
2008.05.19 15:28:46.052,2.03715,2.0376,1.60,0.80
2008.05.19 15:28:48.240,2.03715,2.0376,1.60,1.70
2008.05.19 15:28:48.448,2.03715,2.03765,3.20,6.40
2008.05.19 15:28:48.643,2.03715,2.03765,2.40,2.40
2008.05.19 15:28:48.840,2.03715,2.03765,2.40,1.60
2008.05.19 15:28:49.233,2.03725,2.0377,1.60,1.70
2008.05.19 15:28:49.822,2.03715,2.0377,4.00,1.70
2008.05.19 15:28:50.157,2.03715,2.03765,4.00,0.80
2008.05.19 15:28:51.416,2.03715,2.03765,2.40,2.40
2008.05.19 15:28:51.914,2.03715,2.03765,4.00,0.80
2008.05.19 15:28:53.179,2.03715,2.0376,3.20,0.90
2008.05.19 15:28:53.245,2.03715,2.0375,3.20,0.80
2008.05.19 15:28:53.683,2.03715,2.0375,1.60,0.80
2008.05.19 15:28:54.021,2.03725,2.03765,0.80,6.40
2008.05.19 15:28:54.052,2.03725,2.03765,0.80,4.00
2008.05.19 15:28:54.193,2.03735,2.03765,0.80,1.60
2008.05.19 15:28:54.374,2.03735,2.03765,1.60,1.60
2008.05.19 15:28:54.556,2.03735,2.03765,0.80,1.60
2008.05.19 15:28:54.736,2.03715,2.03765,3.10,1.60
2008.05.19 15:28:54.935,2.03725,2.0377,0.80,0.80
2008.05.19 15:28:55.115,2.03735,2.0377,0.80,0.80
2008.05.19 15:28:55.295,2.03735,2.0377,1.60,0.80
2008.05.19 15:28:55.437,2.03735,2.0377,1.60,1.70
2008.05.19 15:28:55.578,2.03735,2.0377,0.80,1.70
2008.05.19 15:28:55.720,2.03725,2.0377,0.80,0.80
2008.05.19 15:28:55.862,2.0372,2.0377,0.60,1.70
2008.05.19 15:28:56.479,2.03725,2.0377,0.80,0.80
2008.05.19 15:28:58.137,2.0372,2.0377,0.60,1.70
2008.05.19 15:28:59.120,2.03715,2.0377,4.70,1.70
2008.05.19 15:28:59.879,2.03735,2.0377,0.80,1.70
2008.05.19 15:28:59.967,2.03735,2.0377,0.80,0.80
2008.05.19 15:29:00.029,2.03735,2.0377,1.60,0.80
2008.05.19 15:29:03.485,2.03735,2.0374,1.60,0.90
2008.05.19 15:29:03.658,2.03705,2.0371,1.60,0.80
2008.05.19 15:29:04.001,2.03705,2.03715,1.60,1.60
2008.05.19 15:29:04.186,2.03675,2.03705,0.60,1.60
2008.05.19 15:29:04.392,2.03665,2.037,3.00,0.80
2008.05.19 15:29:04.593,2.03675,2.037,2.40,0.80
2008.05.19 15:29:04.995,2.03665,2.03695,1.60,0.90
2008.05.19 15:29:05.198,2.0366,2.0368,0.60,0.80
2008.05.19 15:29:05.439,2.0365,2.0368,0.60,0.80
2008.05.19 15:29:05.685,2.0365,2.03695,0.60,0.90
2008.05.19 15:29:06.166,2.0366,2.037,0.80,0.80
2008.05.19 15:29:06.334,2.03665,2.037,1.60,0.80
2008.05.19 15:29:06.500,2.03665,2.037,0.80,0.80
2008.05.19 15:29:06.677,2.03655,2.037,1.60,0.80
2008.05.19 15:29:06.843,2.0365,2.037,1.50,0.80
2008.05.19 15:29:07.409,2.0366,2.03695,0.80,1.60
2008.05.19 15:29:07.716,2.0366,2.037,0.80,0.80
2008.05.19 15:29:07.868,2.03665,2.037,2.40,0.80
2008.05.19 15:29:08.032,2.03675,2.03705,0.80,4.00
2008.05.19 15:29:08.184,2.03655,2.0369,2.20,0.80
2008.05.19 15:29:08.384,2.03665,2.0369,1.60,0.80
2008.05.19 15:29:08.596,2.03675,2.03705,4.80,1.60
2008.05.19 15:29:08.987,2.03675,2.0371,4.00,0.80
2008.05.19 15:29:09.522,2.03675,2.0371,4.80,0.80
2008.05.19 15:29:09.657,2.03675,2.03715,4.80,1.60
2008.05.19 15:29:09.792,2.03675,2.03725,2.40,2.50
2008.05.19 15:29:09.928,2.03675,2.03725,4.00,0.90
2008.05.19 15:29:10.063,2.03675,2.03725,4.80,0.90
2008.05.19 15:29:10.419,2.03695,2.03725,0.80,0.90
2008.05.19 15:29:12.079,2.03695,2.03725,0.80,2.10
2008.05.19 15:29:12.784,2.03695,2.03725,0.80,1.20
2008.05.19 15:29:13.207,2.03695,2.0372,0.80,0.90
2008.05.19 15:29:13.258,2.03695,2.0371,0.80,0.80
2008.05.19 15:29:14.032,2.03695,2.0372,0.80,0.80
2008.05.19 15:29:14.549,2.03695,2.03735,0.80,8.00
2008.05.19 15:29:14.674,2.03695,2.03735,0.80,5.60
2008.05.19 15:29:14.798,2.03695,2.03735,0.80,3.20
2008.05.19 15:29:15.015,2.03695,2.03735,0.80,1.60
2008.05.19 15:29:15.111,2.03695,2.03735,0.80,0.90
2008.05.19 15:29:16.317,2.03695,2.03735,2.40,0.90
2008.05.19 15:29:17.416,2.03695,2.03735,3.20,0.90
2008.05.19 15:29:17.744,2.03695,2.0374,3.20,0.80
2008.05.19 15:29:18.537,2.03705,2.0374,3.20,0.80
2008.05.19 15:29:18.820,2.03715,2.0374,1.60,0.80
2008.05.19 15:29:19.479,2.03715,2.0374,0.80,0.80
2008.05.19 15:29:20.775,2.03715,2.03735,0.80,0.90
2008.05.19 15:29:20.817,2.03715,2.03735,0.80,3.30
2008.05.19 15:29:20.914,2.0371,2.03735,0.80,5.70
2008.05.19 15:29:21.115,2.03705,2.03725,0.80,0.90
2008.05.19 15:29:21.605,2.03715,2.0372,0.80,0.90
2008.05.19 15:29:21.944,2.03715,2.03725,0.80,4.90
2008.05.19 15:29:22.281,2.03715,2.03725,0.80,0.90
2008.05.19 15:29:22.603,2.03695,2.03725,0.80,0.90
2008.05.19 15:29:22.770,2.03675,2.03725,4.80,0.90
2008.05.19 15:29:23.480,2.03675,2.03725,7.20,0.90
2008.05.19 15:29:23.629,2.03685,2.03725,1.60,0.90
2008.05.19 15:29:23.929,2.03685,2.0373,2.40,0.90
2008.05.19 15:29:24.070,2.03685,2.0374,4.00,1.70
2008.05.19 15:29:24.210,2.03695,2.03735,0.80,0.90
2008.05.19 15:29:24.490,2.03695,2.0373,1.60,0.90
2008.05.19 15:29:24.682,2.03695,2.03735,4.00,0.90
2008.05.19 15:29:24.873,2.03705,2.0374,0.80,3.20
2008.05.19 15:29:25.065,2.03725,2.0374,0.80,2.40
2008.05.19 15:29:25.255,2.03725,2.03755,0.80,2.40
2008.05.19 15:29:25.446,2.03725,2.0375,0.80,0.90
2008.05.19 15:29:25.676,2.03705,2.0375,4.00,1.70
2008.05.19 15:29:25.906,2.03705,2.03745,4.00,0.90
2008.05.19 15:29:26.139,2.03705,2.0375,0.80,1.70
2008.05.19 15:29:26.369,2.03705,2.03745,0.80,0.90
2008.05.19 15:29:26.854,2.03705,2.0374,0.80,0.90
2008.05.19 15:29:27.111,2.03695,2.0374,1.60,1.70
2008.05.19 15:29:27.366,2.03685,2.0373,3.20,0.90
2008.05.19 15:29:27.623,2.03685,2.0373,2.40,0.80
2008.05.19 15:29:27.800,2.03685,2.0373,3.20,0.80
2008.05.19 15:29:27.947,2.03685,2.0371,3.20,0.90
2008.05.19 15:29:28.093,2.03685,2.0371,2.40,0.90
2008.05.19 15:29:28.239,2.03685,2.0371,1.60,0.90
2008.05.19 15:29:28.529,2.03675,2.0371,2.40,0.90
2008.05.19 15:29:28.784,2.0368,2.03715,0.80,4.00
2008.05.19 15:29:29.041,2.03705,2.03715,0.80,1.60
2008.05.19 15:29:29.297,2.03705,2.0374,0.80,0.80
2008.05.19 15:29:29.553,2.03695,2.0374,3.20,4.10
2008.05.19 15:29:29.808,2.03695,2.0374,2.40,1.70
2008.05.19 15:29:29.998,2.03695,2.0374,0.80,1.70
2008.05.19 15:29:30.678,2.03715,2.0374,0.80,0.80
2008.05.19 15:29:30.939,2.03715,2.0374,3.20,0.80
2008.05.19 15:29:31.072,2.03715,2.03745,2.40,2.40
2008.05.19 15:29:31.339,2.03715,2.03745,1.60,0.90
2008.05.19 15:29:32.137,2.03705,2.0375,2.40,4.10
2008.05.19 15:29:32.415,2.03705,2.0375,3.20,3.30
2008.05.19 15:29:32.682,2.03705,2.0375,1.60,0.80
2008.05.19 15:29:32.899,2.03715,2.0375,0.80,0.80
2008.05.19 15:29:33.105,2.03715,2.0375,3.20,0.80
2008.05.19 15:29:33.313,2.03715,2.0375,1.60,0.80
2008.05.19 15:29:33.519,2.03715,2.0374,3.20,0.80
2008.05.19 15:29:33.726,2.03725,2.03755,0.80,4.00
2008.05.19 15:29:33.963,2.03725,2.03755,2.40,1.60
2008.05.19 15:29:34.434,2.03725,2.0376,4.80,1.70
2008.05.19 15:29:34.669,2.03725,2.0376,2.40,1.70
2008.05.19 15:29:34.906,2.03715,2.0376,2.40,1.70
2008.05.19 15:29:35.092,2.03715,2.0376,1.60,1.70
2008.05.19 15:29:35.273,2.03715,2.03755,1.60,1.60
2008.05.19 15:29:35.453,2.03705,2.0374,6.40,1.70
2008.05.19 15:29:36.035,2.03715,2.0374,2.40,0.80
2008.05.19 15:29:36.495,2.03715,2.0374,3.20,0.80
2008.05.19 15:29:36.722,2.03715,2.0375,4.80,0.80
2008.05.19 15:29:36.949,2.03715,2.0375,4.00,0.80
2008.05.19 15:29:37.126,2.03715,2.0375,6.40,0.80
2008.05.19 15:29:37.652,2.0371,2.0375,2.30,0.80
2008.05.19 15:29:37.831,2.03715,2.0375,1.60,1.70
2008.05.19 15:29:38.267,2.03705,2.0373,2.40,0.90
2008.05.19 15:29:38.529,2.03695,2.0373,2.20,1.70
2008.05.19 15:29:38.790,2.0369,2.03725,0.60,0.90
2008.05.19 15:29:39.063,2.03685,2.0372,3.80,0.80
2008.05.19 15:29:39.694,2.03685,2.0372,2.40,0.80
2008.05.19 15:29:39.825,2.03695,2.03735,0.80,3.30
2008.05.19 15:29:39.956,2.03695,2.03735,3.20,2.50
2008.05.19 15:29:40.087,2.03695,2.0373,2.40,0.80
2008.05.19 15:29:40.227,2.03685,2.0373,4.00,0.80
2008.05.19 15:29:40.781,2.0369,2.0373,0.80,0.80
2008.05.19 15:29:40.922,2.03695,2.0373,3.20,0.80
2008.05.19 15:29:41.323,2.03695,2.0373,1.60,0.80
2008.05.19 15:29:41.821,2.03695,2.0373,2.40,0.80
2008.05.19 15:29:42.062,2.03695,2.0374,2.40,0.90
2008.05.19 15:29:42.302,2.037,2.0374,0.80,0.90
2008.05.19 15:29:42.537,2.037,2.0374,0.80,1.70
2008.05.19 15:29:42.662,2.03705,2.0374,0.80,1.70
2008.05.19 15:29:43.349,2.0371,2.0374,0.80,1.70
2008.05.19 15:29:44.222,2.03715,2.0374,0.80,1.70
2008.05.19 15:29:44.342,2.03715,2.0375,4.00,3.20
2008.05.19 15:29:44.552,2.03715,2.0374,4.00,0.90
2008.05.19 15:29:44.658,2.03715,2.0374,3.20,1.70
2008.05.19 15:29:44.765,2.03715,2.0374,4.80,0.80
2008.05.19 15:29:44.889,2.03715,2.0375,5.60,0.80
2008.05.19 15:29:44.996,2.03725,2.0375,1.60,0.80
2008.05.19 15:29:45.525,2.03725,2.0375,1.60,1.70
2008.05.19 15:29:46.334,2.03715,2.0375,1.60,0.80
2008.05.19 15:29:46.476,2.03715,2.0376,4.00,0.90
2008.05.19 15:29:46.617,2.03715,2.0376,4.80,0.90
2008.05.19 15:29:46.765,2.03715,2.0376,1.60,0.90
2008.05.19 15:29:46.907,2.03715,2.03725,1.60,0.90
2008.05.19 15:29:47.048,2.03695,2.0371,3.00,0.80
2008.05.19 15:29:47.329,2.03705,2.0373,1.60,0.80
2008.05.19 15:29:47.530,2.03705,2.03735,2.40,2.40
2008.05.19 15:29:47.743,2.03705,2.0374,3.20,0.80
2008.05.19 15:29:47.945,2.03705,2.0374,4.80,0.80
2008.05.19 15:29:49.006,2.03705,2.0374,6.40,0.80
2008.05.19 15:29:49.172,2.03715,2.0374,2.40,0.80
2008.05.19 15:29:49.338,2.03715,2.0374,4.00,0.80
2008.05.19 15:29:50.379,2.03715,2.0374,5.60,0.80
2008.05.19 15:29:50.522,2.03715,2.0374,6.40,0.80
2008.05.19 15:29:50.588,2.03715,2.0374,7.20,0.80
2008.05.19 15:29:50.653,2.03715,2.0377,8.00,2.40
2008.05.19 15:29:50.848,2.03735,2.0377,1.60,1.70
2008.05.19 15:29:52.371,2.03735,2.03765,1.60,0.80
2008.05.19 15:29:53.875,2.03735,2.0377,1.60,0.80
2008.05.19 15:29:54.516,2.03735,2.0377,2.40,0.80
2008.05.19 15:29:54.740,2.03735,2.0377,3.20,0.80
2008.05.19 15:29:58.534,2.03735,2.0377,1.60,0.80
2008.05.19 15:29:59.514,2.03735,2.0376,1.60,0.80
2008.05.19 15:29:59.801,2.03735,2.0376,0.80,0.80
2008.05.19 15:30:01.010,2.03735,2.0377,1.60,0.80
2008.05.19 15:30:01.292,2.03735,2.0377,4.00,0.80
2008.05.19 15:30:02.312,2.03745,2.0377,1.60,0.80
2008.05.19 15:30:03.482,2.03745,2.0377,4.00,0.80
2008.05.19 15:30:03.566,2.03745,2.0378,4.80,0.80
2008.05.19 15:30:03.774,2.03745,2.0378,5.60,0.80
2008.05.19 15:30:04.222,2.03745,2.03775,3.20,3.30
2008.05.19 15:30:04.333,2.03745,2.0377,2.40,0.80
2008.05.19 15:30:04.594,2.03735,2.0378,1.60,0.80
2008.05.19 15:30:05.006,2.03745,2.0378,1.60,0.80
2008.05.19 15:30:05.778,2.03745,2.0377,1.60,0.80
2008.05.19 15:30:06.037,2.03735,2.0377,1.60,0.80
2008.05.19 15:30:06.556,2.03745,2.0377,5.60,0.80
2008.05.19 15:30:06.738,2.03755,2.0379,3.20,0.60
2008.05.19 15:30:06.919,2.03755,2.0379,0.80,0.80
2008.05.19 15:30:07.100,2.03755,2.0379,2.40,1.70
2008.05.19 15:30:07.460,2.03745,2.0379,2.40,1.70
2008.05.19 15:30:08.801,2.03745,2.0379,3.20,0.80
2008.05.19 15:30:08.947,2.03755,2.0379,0.80,0.80
2008.05.19 15:30:09.093,2.03755,2.0379,4.00,0.80
2008.05.19 15:30:09.239,2.03755,2.03805,7.20,1.60
2008.05.19 15:30:09.390,2.03765,2.03805,1.60,1.60
2008.05.19 15:30:09.537,2.03765,2.03805,2.40,0.90
2008.05.19 15:30:09.740,2.03765,2.038,2.40,0.90
2008.05.19 15:30:09.930,2.03765,2.038,1.60,0.90
2008.05.19 15:30:10.121,2.03765,2.038,1.60,1.70
2008.05.19 15:30:10.313,2.03765,2.0379,0.80,0.90
2008.05.19 15:30:10.504,2.03765,2.0377,0.80,0.90
2008.05.19 15:30:11.074,2.03745,2.0377,1.60,0.90
2008.05.19 15:30:11.453,2.03755,2.0377,0.80,0.90
2008.05.19 15:30:12.058,2.03745,2.0378,0.80,4.10
2008.05.19 15:30:12.254,2.03745,2.0378,2.40,1.70
2008.05.19 15:30:12.429,2.03745,2.0378,4.00,1.70
2008.05.19 15:30:12.614,2.03745,2.0378,4.80,1.70
2008.05.19 15:30:13.063,2.03745,2.03775,2.40,0.90
2008.05.19 15:30:13.515,2.03745,2.03775,0.80,0.90
2008.05.19 15:30:13.742,2.03745,2.03765,0.80,0.90
2008.05.19 15:30:14.093,2.03745,2.0377,0.80,0.80
2008.05.19 15:30:14.269,2.03745,2.0378,0.80,0.90
2008.05.19 15:30:14.444,2.03745,2.0378,2.40,0.90
2008.05.19 15:30:14.620,2.03745,2.03785,2.40,0.90
2008.05.19 15:30:14.794,2.03745,2.03785,3.20,0.90
2008.05.19 15:30:15.033,2.03745,2.0378,3.20,0.90
2008.05.19 15:30:15.231,2.03745,2.0378,2.40,0.90
2008.05.19 15:30:16.018,2.03745,2.0378,2.40,0.80
2008.05.19 15:30:16.568,2.03755,2.0378,1.60,0.80
2008.05.19 15:30:17.120,2.03755,2.0379,2.40,0.80
2008.05.19 15:30:17.196,2.03755,2.0378,1.60,0.80
2008.05.19 15:30:17.272,2.03755,2.0378,2.40,0.80
2008.05.19 15:30:17.509,2.03755,2.0378,1.60,0.80
2008.05.19 15:30:18.305,2.03755,2.0379,0.80,0.80
2008.05.19 15:30:18.446,2.03755,2.0378,0.80,0.90
2008.05.19 15:30:18.599,2.03755,2.0378,2.40,1.70
2008.05.19 15:30:18.877,2.03755,2.0378,1.60,1.70
2008.05.19 15:30:19.018,2.03745,2.03775,2.40,0.90
2008.05.19 15:30:19.269,2.03745,2.0377,1.60,0.80
2008.05.19 15:30:19.530,2.03735,2.0377,3.80,0.80
2008.05.19 15:30:19.821,2.03735,2.0377,3.20,0.80
2008.05.19 15:30:20.556,2.03735,2.0377,3.20,1.70
2008.05.19 15:30:24.216,2.03735,2.0377,3.20,0.80
2008.05.19 15:30:25.205,2.03735,2.0377,0.80,0.80
2008.05.19 15:30:25.423,2.03735,2.03765,0.80,0.90
2008.05.19 15:30:25.707,2.03735,2.0376,0.80,0.90
2008.05.19 15:30:26.470,2.03725,2.0376,1.60,0.90
2008.05.19 15:30:27.132,2.03725,2.0377,2.40,4.10
2008.05.19 15:30:27.267,2.0373,2.0377,0.80,0.80
2008.05.19 15:30:27.414,2.03745,2.0377,1.60,0.80
2008.05.19 15:30:27.564,2.03745,2.0377,0.80,0.80
2008.05.19 15:30:27.711,2.03745,2.0376,1.60,0.80
2008.05.19 15:30:27.882,2.03735,2.0376,2.40,0.80
2008.05.19 15:30:28.172,2.03735,2.0376,1.60,0.80
2008.05.19 15:30:28.703,2.03725,2.0376,1.60,0.80
2008.05.19 15:30:29.233,2.03725,2.0376,2.40,0.80
2008.05.19 15:30:29.759,2.03725,2.0376,1.60,0.80
2008.05.19 15:30:30.206,2.03725,2.0376,1.60,1.70
2008.05.19 15:30:30.341,2.03725,2.0375,1.60,0.80
2008.05.19 15:30:30.623,2.03725,2.0376,1.60,0.80
2008.05.19 15:30:30.774,2.03725,2.0375,1.60,0.80
2008.05.19 15:30:31.566,2.03715,2.0375,4.00,0.80
2008.05.19 15:30:31.854,2.03715,2.0376,4.00,0.90
2008.05.19 15:30:32.030,2.03715,2.03755,4.00,0.90
2008.05.19 15:30:32.206,2.0372,2.0376,0.80,2.40
2008.05.19 15:30:32.381,2.03735,2.0376,0.80,2.40
2008.05.19 15:30:32.526,2.03735,2.03775,0.80,3.50
2008.05.19 15:30:32.671,2.03735,2.03775,2.40,0.90
2008.05.19 15:30:32.817,2.03735,2.03775,2.40,3.30
2008.05.19 15:30:33.178,2.03735,2.03775,3.20,3.30
2008.05.19 15:30:33.466,2.03735,2.03775,3.20,2.40
2008.05.19 15:30:33.577,2.03735,2.0378,3.20,4.00
2008.05.19 15:30:33.693,2.03735,2.0378,3.20,1.60
2008.05.19 15:30:33.982,2.03735,2.0376,3.20,0.90
2008.05.19 15:30:34.202,2.03735,2.03765,0.80,2.40
2008.05.19 15:30:34.313,2.0372,2.0375,1.40,0.80
2008.05.19 15:30:34.424,2.0372,2.0376,1.40,1.70
2008.05.19 15:30:34.625,2.03725,2.0376,1.60,1.70
2008.05.19 15:30:34.827,2.03725,2.0376,1.60,0.80
2008.05.19 15:30:37.059,2.03725,2.0376,2.40,0.80
2008.05.19 15:30:37.178,2.03725,2.0376,3.20,0.80
2008.05.19 15:30:37.262,2.03735,2.0376,0.80,0.80
2008.05.19 15:30:37.343,2.03735,2.0377,1.60,0.80
2008.05.19 15:30:37.593,2.03735,2.0377,3.20,0.80
2008.05.19 15:30:37.674,2.03735,2.0377,3.20,1.70
2008.05.19 15:30:37.820,2.03735,2.0376,1.60,0.80
2008.05.19 15:30:38.093,2.03725,2.0376,1.60,0.80
2008.05.19 15:30:38.423,2.03725,2.0376,2.40,0.80
2008.05.19 15:30:38.559,2.03725,2.03765,3.20,0.90
2008.05.19 15:30:38.693,2.03725,2.03765,2.40,0.90
2008.05.19 15:30:38.977,2.03725,2.03765,1.60,0.90
2008.05.19 15:30:39.528,2.03725,2.0376,1.60,0.90
2008.05.19 15:30:39.806,2.03735,2.03765,0.80,2.40
2008.05.19 15:30:39.977,2.03735,2.0377,0.80,1.70
2008.05.19 15:30:40.487,2.03735,2.0377,0.80,0.80
2008.05.19 15:30:40.659,2.03725,2.0377,1.60,0.80
2008.05.19 15:30:40.830,2.03725,2.03765,1.60,0.90
2008.05.19 15:30:41.454,2.03725,2.0377,1.60,3.20
2008.05.19 15:30:41.659,2.0372,2.0377,0.80,0.80
2008.05.19 15:30:41.864,2.0372,2.03765,0.60,0.90
2008.05.19 15:30:42.174,2.0372,2.0377,1.50,3.20
2008.05.19 15:30:42.477,2.0372,2.0377,1.50,0.80
2008.05.19 15:30:42.636,2.03725,2.0377,0.80,0.80
2008.05.19 15:30:43.136,2.03725,2.03765,0.80,0.90
2008.05.19 15:30:43.534,2.03725,2.03765,2.40,0.90
2008.05.19 15:30:43.954,2.03725,2.0376,2.40,0.90
2008.05.19 15:30:44.214,2.03725,2.0376,0.80,0.90
2008.05.19 15:30:44.675,2.03715,2.0376,1.60,0.90
2008.05.19 15:30:45.513,2.03715,2.0374,1.60,0.90
2008.05.19 15:30:45.623,2.03715,2.0374,1.60,1.70
2008.05.19 15:30:45.731,2.03715,2.0374,2.40,1.70
2008.05.19 15:30:45.974,2.03705,2.0374,3.90,0.80
2008.05.19 15:30:46.156,2.03705,2.0374,4.70,0.80
2008.05.19 15:30:46.336,2.03705,2.03755,4.70,0.90
2008.05.19 15:30:46.516,2.03705,2.0376,6.30,0.90
2008.05.19 15:30:46.697,2.03725,2.0376,0.80,1.70
2008.05.19 15:30:48.177,2.03725,2.0376,1.60,1.70
2008.05.19 15:30:49.049,2.03725,2.0376,1.60,0.80
2008.05.19 15:30:49.195,2.03725,2.03765,1.60,3.30
2008.05.19 15:30:49.352,2.03725,2.0376,1.60,0.90
2008.05.19 15:30:49.511,2.03725,2.0376,1.60,1.70
2008.05.19 15:30:49.669,2.03725,2.0375,0.80,1.70
2008.05.19 15:30:50.614,2.03735,2.0377,0.80,2.40
2008.05.19 15:30:50.784,2.03735,2.0377,0.80,0.80
2008.05.19 15:30:51.138,2.03735,2.0377,1.60,0.80
2008.05.19 15:30:51.308,2.03735,2.0377,4.00,0.80
2008.05.19 15:30:51.753,2.03735,2.0377,3.20,0.80
2008.05.19 15:30:52.181,2.03735,2.0377,2.40,0.80
2008.05.19 15:30:52.789,2.03735,2.0377,3.20,0.80
2008.05.19 15:30:53.948,2.03735,2.0376,3.20,0.90
2008.05.19 15:30:54.227,2.03735,2.0375,2.40,0.80
2008.05.19 15:30:54.368,2.03725,2.0375,1.60,0.80
2008.05.19 15:30:54.678,2.03725,2.0377,2.40,4.10
2008.05.19 15:30:54.833,2.03725,2.0377,3.20,1.70
2008.05.19 15:30:55.382,2.03725,2.0376,1.60,1.70
2008.05.19 15:30:55.850,2.03715,2.0376,4.60,1.70
2008.05.19 15:30:56.063,2.03725,2.0376,1.60,1.70
2008.05.19 15:30:56.179,2.03725,2.0375,1.60,0.90
2008.05.19 15:30:56.720,2.03715,2.0375,4.60,0.90
2008.05.19 15:30:56.865,2.03715,2.0375,4.00,0.90
2008.05.19 15:30:58.476,2.03715,2.03755,4.00,4.90
2008.05.19 15:30:58.616,2.03725,2.0375,0.80,0.80
2008.05.19 15:30:59.085,2.03725,2.0375,1.60,0.80
2008.05.19 15:31:00.473,2.03725,2.0375,3.20,0.80
2008.05.19 15:31:03.733,2.03725,2.0375,1.60,0.80
2008.05.19 15:31:06.216,2.03725,2.0377,2.40,0.80
2008.05.19 15:31:06.479,2.03735,2.0377,1.60,0.80
2008.05.19 15:31:07.082,2.03725,2.0377,2.40,1.70
2008.05.19 15:31:07.249,2.03725,2.0376,2.40,1.70
2008.05.19 15:31:07.588,2.03725,2.0376,2.40,0.80
2008.05.19 15:31:07.745,2.03725,2.03765,2.40,2.40
2008.05.19 15:31:07.905,2.03725,2.03765,1.60,1.60
2008.05.19 15:31:08.065,2.03725,2.0377,1.60,0.80
2008.05.19 15:31:08.430,2.03725,2.0377,3.20,0.80
2008.05.19 15:31:10.626,2.03725,2.03765,3.20,0.90
2008.05.19 15:31:10.788,2.03725,2.0376,1.60,0.80
2008.05.19 15:31:11.870,2.03725,2.0376,3.20,0.80
2008.05.19 15:31:12.249,2.03735,2.0376,0.80,0.80
2008.05.19 15:31:16.034,2.03735,2.0376,0.80,1.70
2008.05.19 15:31:16.166,2.03715,2.0376,3.00,1.70
2008.05.19 15:31:16.221,2.03715,2.0375,3.00,0.90
2008.05.19 15:31:16.289,2.03715,2.0375,2.40,0.90
2008.05.19 15:31:16.401,2.03715,2.0375,0.80,1.70
2008.05.19 15:31:24.223,2.03715,2.03745,0.80,1.60
2008.05.19 15:31:24.509,2.03695,2.03745,2.30,1.60
2008.05.19 15:31:24.698,2.03695,2.0374,1.40,0.90
2008.05.19 15:31:25.210,2.03695,2.0374,0.80,0.90
2008.05.19 15:31:25.585,2.03715,2.03745,0.80,1.60
2008.05.19 15:31:25.756,2.03715,2.0375,0.80,1.70
2008.05.19 15:31:26.774,2.03715,2.03725,0.80,0.80
2008.05.19 15:31:30.733,2.03705,2.03715,1.60,0.90
2008.05.19 15:31:32.296,2.03705,2.03725,1.60,2.40
2008.05.19 15:31:32.354,2.03705,2.0373,2.40,0.80
2008.05.19 15:31:32.455,2.03715,2.0375,0.80,1.70
2008.05.19 15:31:33.216,2.03715,2.03755,0.80,3.30
2008.05.19 15:31:33.331,2.03715,2.03755,0.80,0.90
2008.05.19 15:31:33.780,2.03715,2.03755,2.40,0.90
2008.05.19 15:31:34.116,2.03715,2.0375,2.40,0.90
2008.05.19 15:31:34.998,2.03715,2.0375,3.20,0.90
2008.05.19 15:31:35.766,2.03715,2.0374,3.20,0.90
2008.05.19 15:31:35.918,2.03715,2.0374,2.40,1.70
2008.05.19 15:31:36.068,2.03715,2.0374,0.80,1.70
2008.05.19 15:31:36.478,2.03705,2.0374,4.00,1.70
2008.05.19 15:31:37.224,2.03705,2.0374,3.20,1.70
2008.05.19 15:31:37.536,2.03705,2.0374,2.40,4.10
2008.05.19 15:31:37.745,2.03705,2.03735,2.40,0.90
2008.05.19 15:31:38.078,2.03695,2.03735,2.40,0.90
2008.05.19 15:31:39.029,2.03695,2.0374,2.40,4.10
2008.05.19 15:31:39.257,2.03695,2.0374,3.20,4.10
2008.05.19 15:31:39.335,2.03695,2.0374,3.20,1.70
2008.05.19 15:31:39.647,2.03695,2.03735,3.20,0.90
2008.05.19 15:31:39.729,2.03695,2.03735,2.40,0.90
2008.05.19 15:31:39.979,2.03695,2.03725,2.40,0.90
2008.05.19 15:31:40.137,2.03695,2.0373,2.40,0.90
2008.05.19 15:31:40.299,2.03695,2.0373,1.60,0.90
2008.05.19 15:31:40.458,2.03695,2.0373,1.60,1.70
2008.05.19 15:31:40.780,2.03695,2.0373,1.60,0.90
2008.05.19 15:31:41.110,2.03695,2.03735,1.60,0.90
2008.05.19 15:31:41.270,2.03705,2.0374,2.40,0.90
2008.05.19 15:31:41.487,2.03715,2.03745,0.80,1.60
2008.05.19 15:31:41.683,2.03715,2.0375,0.80,1.70
2008.05.19 15:31:42.312,2.03725,2.0375,0.80,1.70
2008.05.19 15:31:42.472,2.03705,2.0375,2.40,1.70
2008.05.19 15:31:42.632,2.03705,2.0375,0.80,1.70
2008.05.19 15:31:42.793,2.03705,2.0375,1.60,1.70
2008.05.19 15:31:42.953,2.03705,2.0375,3.20,1.70
2008.05.19 15:31:44.617,2.03705,2.03745,3.20,0.90
2008.05.19 15:31:44.641,2.03705,2.03745,2.40,0.90
2008.05.19 15:31:44.983,2.03715,2.0375,3.20,3.20
2008.05.19 15:31:45.167,2.03715,2.0375,5.60,0.80
2008.05.19 15:31:45.250,2.03715,2.0375,3.20,0.80
2008.05.19 15:31:45.700,2.03715,2.03745,3.20,0.90
2008.05.19 15:31:46.015,2.03715,2.03745,1.60,0.90
2008.05.19 15:31:46.305,2.03705,2.03745,2.40,0.90
2008.05.19 15:31:46.601,2.03705,2.03745,0.80,0.90
2008.05.19 15:31:48.079,2.03705,2.03745,2.40,0.90
2008.05.19 15:31:48.148,2.03705,2.0374,2.40,0.90
2008.05.19 15:31:48.188,2.03705,2.0374,1.60,0.90
2008.05.19 15:31:48.957,2.03705,2.03745,2.40,2.40
2008.05.19 15:31:49.007,2.03715,2.03745,0.80,2.40
2008.05.19 15:31:49.258,2.03715,2.0375,3.20,0.80
2008.05.19 15:31:49.509,2.03715,2.0375,5.60,0.80
2008.05.19 15:31:49.759,2.03715,2.0375,5.60,1.70
2008.05.19 15:31:50.010,2.03715,2.0375,2.40,1.70
2008.05.19 15:31:50.262,2.03715,2.0375,0.80,0.80
2008.05.19 15:31:50.466,2.03715,2.03755,0.80,0.90
2008.05.19 15:31:50.850,2.03715,2.03755,2.40,0.90
2008.05.19 15:31:52.609,2.03725,2.03755,1.60,0.90
2008.05.19 15:31:52.731,2.03725,2.0375,1.60,0.90
2008.05.19 15:31:52.818,2.03725,2.0375,1.60,1.70
2008.05.19 15:31:52.995,2.03725,2.0374,1.60,0.90
2008.05.19 15:31:53.082,2.03715,2.0374,2.40,0.90
2008.05.19 15:31:53.350,2.03715,2.0374,1.60,0.90
2008.05.19 15:31:53.619,2.03705,2.0373,1.60,0.80
2008.05.19 15:31:53.913,2.03705,2.0372,1.60,0.80
2008.05.19 15:31:54.181,2.03695,2.0372,3.20,0.80
2008.05.19 15:31:54.323,2.03695,2.0373,3.20,0.80
2008.05.19 15:31:54.713,2.03715,2.0373,1.60,0.80
2008.05.19 15:31:55.603,2.03705,2.0373,1.60,0.80
2008.05.19 15:31:56.618,2.03695,2.0373,1.60,0.80
2008.05.19 15:31:56.816,2.03705,2.0373,0.80,0.80
2008.05.19 15:31:57.490,2.03695,2.0373,3.20,0.80
2008.05.19 15:31:57.915,2.03695,2.0373,4.80,0.80
2008.05.19 15:31:58.071,2.03705,2.03745,0.80,4.80
2008.05.19 15:31:58.226,2.03705,2.03745,0.80,2.40
2008.05.19 15:31:58.381,2.03705,2.03745,2.40,2.40
2008.05.19 15:32:00.811,2.03705,2.03745,0.80,2.40
2008.05.19 15:32:00.909,2.03705,2.03745,2.40,2.40
2008.05.19 15:32:01.550,2.03705,2.03745,2.40,3.30
2008.05.19 15:32:02.333,2.03705,2.03735,2.40,0.90
2008.05.19 15:32:02.562,2.03705,2.03735,1.60,0.90
2008.05.19 15:32:02.678,2.03695,2.03735,1.60,0.90
2008.05.19 15:32:02.917,2.03695,2.03735,0.80,0.90
2008.05.19 15:32:03.161,2.03695,2.0373,0.80,0.90
2008.05.19 15:32:03.291,2.03695,2.0373,0.80,1.70
2008.05.19 15:32:03.539,2.03705,2.0373,0.80,1.70
2008.05.19 15:32:03.900,2.03695,2.0373,0.80,1.70
2008.05.19 15:32:04.082,2.03685,2.0373,3.20,1.70
2008.05.19 15:32:04.277,2.03685,2.03725,3.20,0.90
2008.05.19 15:32:04.631,2.03685,2.03725,2.40,0.90
2008.05.19 15:32:05.649,2.03685,2.0373,2.40,3.20
2008.05.19 15:32:05.804,2.03695,2.0373,1.60,3.20
2008.05.19 15:32:05.961,2.03695,2.0373,2.40,3.20
2008.05.19 15:32:06.117,2.03695,2.0373,3.20,0.80
2008.05.19 15:32:06.263,2.03695,2.0373,0.80,0.80
2008.05.19 15:32:06.453,2.03695,2.0373,0.80,1.70
2008.05.19 15:32:06.599,2.03685,2.03725,2.40,0.90
2008.05.19 15:32:07.108,2.03685,2.03725,0.80,0.90
2008.05.19 15:32:07.248,2.03685,2.03725,2.40,0.90
2008.05.19 15:32:08.138,2.03685,2.0372,2.40,0.90
2008.05.19 15:32:08.267,2.03685,2.0372,2.40,1.70
2008.05.19 15:32:08.557,2.03685,2.0372,0.80,1.70
2008.05.19 15:32:09.609,2.03685,2.0372,0.80,0.80
2008.05.19 15:32:09.756,2.03685,2.0372,2.40,0.80
2008.05.19 15:32:10.043,2.03685,2.0372,4.00,0.80
2008.05.19 15:32:11.669,2.03685,2.0372,4.00,1.70
2008.05.19 15:32:11.794,2.03685,2.0372,3.20,1.70
2008.05.19 15:32:12.496,2.03685,2.0372,0.80,1.70
2008.05.19 15:32:12.733,2.03685,2.03715,0.80,0.90
2008.05.19 15:32:12.809,2.03675,2.03715,3.20,0.90
2008.05.19 15:32:13.065,2.03675,2.03715,2.40,0.90
2008.05.19 15:32:13.196,2.03675,2.03715,0.80,0.90
2008.05.19 15:32:13.747,2.03675,2.0371,0.80,0.90
2008.05.19 15:32:14.117,2.03675,2.03705,0.80,0.90
2008.05.19 15:32:15.751,2.03675,2.037,0.80,0.90
2008.05.19 15:32:15.852,2.03665,2.037,3.20,1.70
2008.05.19 15:32:16.140,2.03665,2.037,1.60,1.70
2008.05.19 15:32:16.519,2.03665,2.0369,1.60,0.90
2008.05.19 15:32:16.659,2.03665,2.03695,1.60,0.90
2008.05.19 15:32:17.152,2.03655,2.03695,2.40,0.90
2008.05.19 15:32:19.316,2.03675,2.037,0.80,0.80
2008.05.19 15:32:26.793,2.03665,2.037,3.20,1.70
2008.05.19 15:32:28.825,2.03665,2.037,2.40,1.70
2008.05.19 15:32:28.893,2.03665,2.0369,2.40,0.90
2008.05.19 15:32:29.066,2.03655,2.0369,1.60,0.90
2008.05.19 15:32:29.132,2.03655,2.037,1.60,4.10
2008.05.19 15:32:29.428,2.03655,2.0369,1.60,0.90
2008.05.19 15:32:31.510,2.03655,2.0368,1.60,0.90
2008.05.19 15:32:31.580,2.03655,2.0368,1.60,1.70
2008.05.19 15:32:32.261,2.03645,2.0368,7.00,1.70
2008.05.19 15:32:36.116,2.03645,2.0368,7.80,1.70
2008.05.19 15:32:36.184,2.03645,2.0368,7.80,0.80
2008.05.19 15:32:36.298,2.03655,2.0368,0.80,0.80
2008.05.19 15:32:38.217,2.03645,2.0368,6.20,1.70
2008.05.19 15:32:38.277,2.03645,2.0368,3.80,0.80
2008.05.19 15:32:38.327,2.03645,2.0368,3.20,0.80
2008.05.19 15:32:40.766,2.03645,2.0368,3.20,1.70
2008.05.19 15:32:41.255,2.03645,2.0368,3.20,0.80
2008.05.19 15:32:41.302,2.03655,2.0368,0.80,0.80
2008.05.19 15:32:41.434,2.03655,2.0368,1.60,0.80
2008.05.19 15:32:41.551,2.03655,2.0368,0.80,0.80
2008.05.19 15:32:41.979,2.03655,2.03695,0.80,3.30
2008.05.19 15:32:42.317,2.03645,2.0369,3.80,0.90
2008.05.19 15:32:42.653,2.03645,2.0369,3.20,0.90
2008.05.19 15:32:44.281,2.03645,2.0369,3.80,0.90
2008.05.19 15:32:47.820,2.0365,2.0369,0.60,0.90
2008.05.19 15:32:48.173,2.0365,2.03695,0.60,3.30
2008.05.19 15:32:48.342,2.03655,2.03695,1.60,3.30
2008.05.19 15:32:48.689,2.03665,2.03695,0.80,0.90
2008.05.19 15:32:48.764,2.03655,2.03695,2.40,0.90
2008.05.19 15:32:51.210,2.03655,2.037,2.40,1.70
2008.05.19 15:32:51.291,2.03665,2.037,0.80,1.70
2008.05.19 15:32:53.099,2.03665,2.037,2.40,1.70
2008.05.19 15:32:53.292,2.03665,2.037,2.40,0.80
2008.05.19 15:32:54.197,2.03665,2.03695,2.40,0.90
2008.05.19 15:32:54.543,2.03665,2.03695,1.60,0.90
2008.05.19 15:32:54.959,2.03655,2.03695,2.20,0.90
2008.05.19 15:32:55.473,2.03665,2.037,0.80,0.80
2008.05.19 15:32:56.045,2.03665,2.037,3.20,0.80
2008.05.19 15:32:57.767,2.03665,2.037,3.80,0.80
2008.05.19 15:32:58.375,2.03665,2.037,2.20,0.80
2008.05.19 15:32:59.739,2.03665,2.037,3.10,0.80
2008.05.19 15:32:59.859,2.03665,2.037,2.30,0.80
2008.05.19 15:33:00.026,2.03665,2.037,1.40,0.80
2008.05.19 15:33:00.222,2.03665,2.03695,1.40,0.90
2008.05.19 15:33:00.448,2.03665,2.03705,1.40,3.30
2008.05.19 15:33:00.673,2.03665,2.03705,3.00,0.90
2008.05.19 15:33:01.707,2.03665,2.03705,2.40,0.90
2008.05.19 15:33:01.995,2.03665,2.03705,3.20,0.90
2008.05.19 15:33:02.995,2.03665,2.03705,2.40,0.90
2008.05.19 15:33:04.347,2.03665,2.03705,3.20,0.90
2008.05.19 15:33:04.862,2.03665,2.03705,2.40,0.90
2008.05.19 15:33:06.123,2.03665,2.0371,2.40,0.80
2008.05.19 15:33:06.218,2.03675,2.0371,2.40,0.80
2008.05.19 15:33:06.394,2.03675,2.0371,3.20,0.80
2008.05.19 15:33:06.470,2.03675,2.03705,3.20,0.90
2008.05.19 15:33:06.547,2.03675,2.03705,0.80,0.90
2008.05.19 15:33:06.623,2.03675,2.03705,1.60,0.90
2008.05.19 15:33:06.700,2.03675,2.0371,1.60,0.80
2008.05.19 15:33:06.775,2.03675,2.0371,3.20,0.80
2008.05.19 15:33:06.902,2.03675,2.0371,5.60,0.80
2008.05.19 15:33:07.981,2.03675,2.03705,5.60,0.90
2008.05.19 15:33:08.188,2.03675,2.03705,4.80,0.90
2008.05.19 15:33:08.395,2.03675,2.0371,4.80,0.80
2008.05.19 15:33:08.505,2.03675,2.0371,5.60,0.80
2008.05.19 15:33:14.258,2.03675,2.0371,6.40,0.80
2008.05.19 15:33:15.780,2.03675,2.0371,5.60,0.80
2008.05.19 15:33:16.509,2.03675,2.0371,6.40,0.80
2008.05.19 15:33:18.877,2.03675,2.0372,6.40,0.90
2008.05.19 15:33:18.980,2.03675,2.0372,4.00,0.90
2008.05.19 15:33:20.205,2.03675,2.03715,4.00,0.90
2008.05.19 15:33:20.364,2.03675,2.03715,6.40,0.90
2008.05.19 15:33:25.232,2.03675,2.03715,4.00,0.90
2008.05.19 15:33:25.358,2.03685,2.03715,0.80,0.90
2008.05.19 15:33:25.450,2.03685,2.03725,0.80,3.30
2008.05.19 15:33:25.591,2.03685,2.03725,0.80,0.90
2008.05.19 15:33:26.061,2.03685,2.03725,2.40,0.90
2008.05.19 15:33:28.740,2.03685,2.0373,3.20,0.80
2008.05.19 15:33:28.922,2.03695,2.0373,0.80,0.80
2008.05.19 15:33:29.103,2.03695,2.0373,3.20,0.80
2008.05.19 15:33:29.293,2.03695,2.0373,0.80,0.80
2008.05.19 15:33:29.653,2.03695,2.0373,1.60,0.80
2008.05.19 15:33:29.833,2.03695,2.0373,3.20,0.80
2008.05.19 15:33:32.615,2.03695,2.0373,4.00,0.80
2008.05.19 15:33:33.030,2.03695,2.0373,3.20,0.80
2008.05.19 15:33:33.287,2.03695,2.0373,4.00,0.80
2008.05.19 15:33:33.362,2.03695,2.03745,4.00,4.10
2008.05.19 15:33:33.467,2.03695,2.03745,6.40,0.90
2008.05.19 15:33:33.870,2.03695,2.0374,4.00,0.90
2008.05.19 15:33:33.935,2.03695,2.0374,4.00,1.70
2008.05.19 15:33:34.055,2.03705,2.0374,1.60,1.70
2008.05.19 15:33:34.588,2.03695,2.03735,1.60,0.90
2008.05.19 15:33:34.919,2.03695,2.03725,1.60,0.90
2008.05.19 15:33:35.250,2.03695,2.0372,1.60,0.80
2008.05.19 15:33:35.356,2.03695,2.0372,1.60,1.70
2008.05.19 15:33:35.471,2.03685,2.0372,2.40,1.70
2008.05.19 15:33:35.964,2.03685,2.0372,2.40,0.80
2008.05.19 15:33:36.174,2.03695,2.0373,1.60,0.90
2008.05.19 15:33:36.715,2.03695,2.0373,1.60,1.70
2008.05.19 15:33:37.864,2.03695,2.0373,1.60,0.80
2008.05.19 15:33:37.927,2.03695,2.03725,1.60,0.90
2008.05.19 15:33:38.501,2.03685,2.03725,2.40,0.90
2008.05.19 15:33:38.682,2.03685,2.0372,1.60,0.80
2008.05.19 15:33:38.909,2.03685,2.0372,1.60,1.70
2008.05.19 15:33:39.270,2.03675,2.0372,3.00,1.70
2008.05.19 15:33:41.567,2.03675,2.0372,2.40,1.70
2008.05.19 15:33:42.063,2.03675,2.0372,3.20,1.70
2008.05.19 15:33:42.409,2.03675,2.0372,3.80,0.80
2008.05.19 15:33:42.574,2.03675,2.0372,3.00,0.80
2008.05.19 15:33:42.941,2.03675,2.0372,3.20,0.80
2008.05.19 15:33:43.371,2.03675,2.0372,3.20,1.70
2008.05.19 15:33:43.973,2.03675,2.0372,3.20,0.80
2008.05.19 15:33:44.777,2.03675,2.0372,3.20,1.70
2008.05.19 15:33:45.028,2.03675,2.0372,3.20,0.80
2008.05.19 15:33:45.133,2.03685,2.03725,0.80,0.90
2008.05.19 15:33:45.344,2.03685,2.0373,0.80,0.90
2008.05.19 15:33:45.477,2.03685,2.03735,2.40,1.60
2008.05.19 15:33:45.589,2.03685,2.03735,2.40,0.90
2008.05.19 15:33:47.316,2.03685,2.0373,2.40,0.90
2008.05.19 15:33:47.911,2.03685,2.03735,2.40,0.90
2008.05.19 15:33:48.014,2.03685,2.03725,2.40,0.90
2008.05.19 15:33:48.145,2.03685,2.0372,2.40,0.80
2008.05.19 15:33:49.447,2.03685,2.0371,2.40,0.90
2008.05.19 15:33:49.654,2.03685,2.0369,1.60,0.80
2008.05.19 15:33:49.860,2.03685,2.0371,1.60,0.80
2008.05.19 15:33:50.067,2.03685,2.03715,1.60,3.30
2008.05.19 15:33:50.212,2.03675,2.03715,1.60,0.90
2008.05.19 15:33:50.357,2.03675,2.0371,1.60,0.90
2008.05.19 15:33:51.196,2.03665,2.0371,3.00,0.90
2008.05.19 15:33:52.497,2.03675,2.0371,1.60,0.90
2008.05.19 15:33:54.154,2.03675,2.037,1.60,0.90
2008.05.19 15:33:54.448,2.03675,2.03715,1.60,5.70
2008.05.19 15:33:54.740,2.03675,2.0371,1.60,2.40
2008.05.19 15:33:54.886,2.03675,2.03715,1.60,0.90
2008.05.19 15:33:55.326,2.03675,2.0371,1.60,0.90
2008.05.19 15:33:55.483,2.03675,2.0371,1.60,1.70
2008.05.19 15:33:55.999,2.03675,2.0371,2.40,1.70
2008.05.19 15:33:56.872,2.03675,2.0371,2.40,0.80
2008.05.19 15:33:56.981,2.03675,2.03715,2.40,3.30
2008.05.19 15:33:57.077,2.03675,2.03715,2.40,0.90
2008.05.19 15:33:57.829,2.03675,2.0371,2.40,0.90
2008.05.19 15:33:58.032,2.03675,2.0371,2.40,1.70
2008.05.19 15:33:58.347,2.03675,2.0371,2.40,0.80
2008.05.19 15:33:58.553,2.03675,2.03715,2.40,0.90
2008.05.19 15:33:58.834,2.03675,2.0372,2.40,4.10
2008.05.19 15:33:58.924,2.03685,2.0372,0.80,4.10
2008.05.19 15:33:59.130,2.03685,2.0372,0.80,1.70
2008.05.19 15:33:59.336,2.03685,2.0372,2.40,1.70
2008.05.19 15:33:59.748,2.03695,2.0372,0.80,0.80
2008.05.19 15:33:59.956,2.03715,2.03725,0.80,2.40
2008.05.19 15:34:00.098,2.03715,2.03735,1.60,1.60
2008.05.19 15:34:00.379,2.03715,2.03735,1.60,2.50
2008.05.19 15:34:00.520,2.03715,2.03745,2.40,0.90
2008.05.19 15:34:00.801,2.03705,2.03745,4.60,0.90
2008.05.19 15:34:00.943,2.03715,2.0375,0.80,3.20
2008.05.19 15:34:01.245,2.03735,2.0378,0.80,2.40
2008.05.19 15:34:01.547,2.03735,2.03775,2.40,0.90
2008.05.19 15:34:01.848,2.03735,2.0377,1.60,0.80
2008.05.19 15:34:02.186,2.03735,2.0378,1.60,1.70
2008.05.19 15:34:02.414,2.03725,2.03775,2.20,0.90
2008.05.19 15:34:02.630,2.03725,2.0377,2.20,0.80
2008.05.19 15:34:02.847,2.0373,2.0377,0.80,0.80
2008.05.19 15:34:03.077,2.03725,2.03775,3.80,0.90
2008.05.19 15:34:03.383,2.03725,2.0375,2.20,0.90
2008.05.19 15:34:03.537,2.03725,2.0375,1.40,1.70
2008.05.19 15:34:03.689,2.03725,2.0375,1.60,1.70
2008.05.19 15:34:04.001,2.0371,2.0375,0.60,1.70
2008.05.19 15:34:04.151,2.03705,2.0375,2.20,1.70
2008.05.19 15:34:04.385,2.03705,2.03745,2.20,0.90
2008.05.19 15:34:05.295,2.03705,2.03745,1.60,0.90
2008.05.19 15:34:06.576,2.03705,2.0375,1.60,3.20
2008.05.19 15:34:06.777,2.03715,2.03745,0.80,4.90
2008.05.19 15:34:06.978,2.03705,2.0373,1.60,0.80
2008.05.19 15:34:07.179,2.03695,2.0373,3.20,0.80
2008.05.19 15:34:07.450,2.03695,2.0373,1.60,0.80
2008.05.19 15:34:08.374,2.03695,2.0373,3.20,0.80
2008.05.19 15:34:08.597,2.03695,2.0373,1.60,0.80
2008.05.19 15:34:08.928,2.03695,2.0373,3.20,0.80
2008.05.19 15:34:15.202,2.037,2.0373,0.80,0.80
2008.05.19 15:34:15.347,2.037,2.0373,1.50,0.80
2008.05.19 15:34:15.469,2.03715,2.0374,0.80,2.40
2008.05.19 15:34:15.486,2.03715,2.0375,3.20,0.80
2008.05.19 15:34:18.406,2.03715,2.0375,3.80,0.80
2008.05.19 15:34:21.947,2.03715,2.0375,3.00,0.80
2008.05.19 15:34:22.145,2.03715,2.0375,0.60,0.80
2008.05.19 15:34:22.247,2.0371,2.03745,0.60,0.90
2008.05.19 15:34:23.141,2.0371,2.03735,0.60,0.90
2008.05.19 15:34:23.391,2.0371,2.0373,0.60,0.80
2008.05.19 15:34:23.595,2.03715,2.0374,0.80,2.40
2008.05.19 15:34:23.655,2.03715,2.03745,1.60,0.90
2008.05.19 15:34:23.874,2.03705,2.0373,2.20,0.80
2008.05.19 15:34:24.039,2.03705,2.0373,1.60,0.80
2008.05.19 15:34:24.090,2.03705,2.0374,1.60,2.40
2008.05.19 15:34:24.478,2.03695,2.03725,3.00,0.90
2008.05.19 15:34:24.817,2.03695,2.0373,0.80,2.40
2008.05.19 15:34:25.157,2.03685,2.03725,2.40,0.90
2008.05.19 15:34:25.309,2.0368,2.03725,0.60,0.90
2008.05.19 15:34:25.419,2.03685,2.0373,1.60,3.20
2008.05.19 15:34:25.530,2.03685,2.0373,2.40,3.20
2008.05.19 15:34:25.796,2.03685,2.0373,3.20,0.80
2008.05.19 15:34:25.896,2.03685,2.0373,3.80,0.80
2008.05.19 15:34:26.379,2.0369,2.0373,0.80,0.80
2008.05.19 15:34:26.516,2.03695,2.0374,0.80,3.20
2008.05.19 15:34:26.650,2.03705,2.0374,0.80,0.80
2008.05.19 15:34:28.042,2.03695,2.0374,3.20,0.80
2008.05.19 15:34:28.682,2.03695,2.03735,2.40,0.90
2008.05.19 15:34:28.951,2.03685,2.03735,3.00,0.90
2008.05.19 15:34:29.437,2.03695,2.03735,1.60,0.90
2008.05.19 15:34:31.002,2.03695,2.0374,1.60,3.20
2008.05.19 15:34:31.099,2.03695,2.03735,1.60,0.90
2008.05.19 15:34:31.408,2.03695,2.03725,1.60,0.90
2008.05.19 15:34:32.171,2.03685,2.03725,3.80,0.90
2008.05.19 15:34:32.675,2.03685,2.03725,3.20,0.90
2008.05.19 15:34:32.766,2.03685,2.0373,3.20,4.10
2008.05.19 15:34:33.075,2.03695,2.0373,2.40,1.70
2008.05.19 15:34:33.165,2.03695,2.0373,3.20,1.70
2008.05.19 15:34:33.426,2.03695,2.0373,1.60,1.70
2008.05.19 15:34:33.549,2.03695,2.0373,1.60,0.80
2008.05.19 15:34:38.106,2.03695,2.0373,3.20,0.80
2008.05.19 15:34:38.563,2.03695,2.0373,1.60,0.80
2008.05.19 15:34:39.595,2.03695,2.0373,0.80,0.80
2008.05.19 15:34:39.732,2.03695,2.03725,0.80,0.90
2008.05.19 15:34:39.774,2.03685,2.0371,2.40,0.80
2008.05.19 15:34:40.099,2.0368,2.0371,0.80,0.80
2008.05.19 15:34:40.502,2.03675,2.0371,3.20,0.80
2008.05.19 15:34:42.340,2.03685,2.0371,1.60,0.80
2008.05.19 15:34:42.461,2.03685,2.0372,1.60,0.90
2008.05.19 15:34:43.204,2.03695,2.0372,0.80,0.90
2008.05.19 15:34:43.436,2.03695,2.03715,0.80,0.90
2008.05.19 15:34:43.566,2.03685,2.0371,1.60,0.80
2008.05.19 15:34:43.696,2.03675,2.0371,3.20,0.80
2008.05.19 15:34:43.761,2.03675,2.0372,3.20,0.90
2008.05.19 15:34:44.184,2.03685,2.0372,1.60,0.90
2008.05.19 15:34:44.742,2.03685,2.03725,1.60,0.90
2008.05.19 15:34:45.032,2.03685,2.0371,1.60,0.80
2008.05.19 15:34:45.291,2.03675,2.0371,3.20,0.80
2008.05.19 15:34:45.714,2.03675,2.0371,2.40,0.80
2008.05.19 15:34:45.975,2.03675,2.0371,3.20,0.80
2008.05.19 15:34:46.111,2.03675,2.0371,0.80,0.80
2008.05.19 15:34:46.324,2.03675,2.0371,3.20,0.80
2008.05.19 15:35:02.429,2.03675,2.03695,3.20,0.90
2008.05.19 15:35:02.621,2.03675,2.0369,2.40,0.80
2008.05.19 15:35:02.858,2.03675,2.0369,1.60,0.80
2008.05.19 15:35:03.276,2.03675,2.03685,1.60,0.90
2008.05.19 15:35:03.418,2.03675,2.0369,1.60,0.80
2008.05.19 15:35:03.846,2.03655,2.0369,1.60,0.80
2008.05.19 15:35:04.022,2.03655,2.0368,2.40,0.90
2008.05.19 15:35:04.372,2.03655,2.0369,2.40,0.80
2008.05.19 15:35:04.548,2.03655,2.0368,1.60,0.90
2008.05.19 15:35:04.735,2.03655,2.0369,1.60,1.70
2008.05.19 15:35:04.910,2.03655,2.0368,1.60,0.90
2008.05.19 15:35:05.052,2.03645,2.0367,4.00,0.80
2008.05.19 15:35:05.341,2.03645,2.0367,2.40,0.80
2008.05.19 15:35:05.628,2.03635,2.0367,3.20,0.80
2008.05.19 15:35:07.075,2.03635,2.0367,3.60,0.80
2008.05.19 15:35:07.328,2.03635,2.0367,3.20,0.80
2008.05.19 15:35:07.768,2.03635,2.03655,3.20,0.90
2008.05.19 15:35:07.874,2.03635,2.0365,2.40,0.80
2008.05.19 15:35:08.084,2.0363,2.0367,0.60,0.80
2008.05.19 15:35:08.229,2.03635,2.0367,0.80,0.80
2008.05.19 15:35:08.384,2.03635,2.0367,3.20,0.80
2008.05.19 15:35:09.006,2.03645,2.0367,2.40,0.80
2008.05.19 15:35:09.152,2.03655,2.0369,3.20,1.40
2008.05.19 15:35:09.299,2.03655,2.03685,3.20,0.90
2008.05.19 15:35:09.445,2.03655,2.03675,1.60,0.90
2008.05.19 15:35:09.590,2.03645,2.0367,1.60,0.80
2008.05.19 15:35:09.921,2.03635,2.0367,3.80,0.80
2008.05.19 15:35:10.212,2.03635,2.03675,3.80,0.90
2008.05.19 15:35:10.363,2.03645,2.0367,1.60,0.80
2008.05.19 15:35:10.689,2.03645,2.0367,2.40,0.80
2008.05.19 15:35:10.841,2.03655,2.03675,0.80,2.40
2008.05.19 15:35:11.002,2.03655,2.03675,0.80,0.90
2008.05.19 15:35:11.144,2.03655,2.0367,1.60,0.80
2008.05.19 15:35:11.492,2.03635,2.0367,3.60,0.80
2008.05.19 15:35:12.949,2.03635,2.0367,3.20,0.80
2008.05.19 15:35:15.930,2.03635,2.03665,0.80,0.90
2008.05.19 15:35:16.288,2.03635,2.03655,1.60,2.50
2008.05.19 15:35:16.453,2.0362,2.03655,0.60,1.60
2008.05.19 15:35:16.620,2.03615,2.0365,5.50,0.80
2008.05.19 15:35:16.788,2.03615,2.0365,4.00,0.80
2008.05.19 15:35:16.953,2.03615,2.0365,5.60,0.80
2008.05.19 15:35:18.375,2.03635,2.03655,0.80,0.90
2008.05.19 15:35:18.438,2.03635,2.0365,0.80,0.90
2008.05.19 15:35:18.597,2.03615,2.0364,5.60,0.80
2008.05.19 15:35:18.835,2.03615,2.0364,4.80,0.80
2008.05.19 15:35:18.989,2.03615,2.0364,3.20,0.80
2008.05.19 15:35:19.131,2.03615,2.0364,0.80,0.80
2008.05.19 15:35:19.978,2.03615,2.03655,0.80,2.50
2008.05.19 15:35:20.115,2.03615,2.0366,2.40,0.80
2008.05.19 15:35:20.251,2.03625,2.0366,0.80,0.80
2008.05.19 15:35:20.388,2.03625,2.0366,1.60,0.80
2008.05.19 15:35:20.493,2.03625,2.0366,0.80,0.80
2008.05.19 15:35:20.598,2.03625,2.03655,1.60,0.90
2008.05.19 15:35:20.923,2.03615,2.03655,1.60,0.90
2008.05.19 15:35:22.346,2.03615,2.0366,2.40,0.80
2008.05.19 15:35:22.910,2.03615,2.03655,1.60,0.90
2008.05.19 15:35:23.270,2.03625,2.0366,0.80,0.80
2008.05.19 15:35:23.361,2.03625,2.0366,1.60,0.80
2008.05.19 15:35:23.887,2.03625,2.0366,3.20,0.80
2008.05.19 15:35:27.713,2.03625,2.0366,1.60,0.80
2008.05.19 15:35:27.873,2.03615,2.0366,2.40,0.80
2008.05.19 15:35:28.034,2.03615,2.03655,1.60,0.90
2008.05.19 15:35:29.407,2.03625,2.03655,0.80,0.90
2008.05.19 15:35:29.706,2.03625,2.0366,0.80,0.80
2008.05.19 15:35:29.895,2.03625,2.0366,1.60,0.80
2008.05.19 15:35:30.086,2.03625,2.0366,1.60,0.90
2008.05.19 15:35:30.194,2.03625,2.0366,2.40,0.90
2008.05.19 15:35:30.512,2.03625,2.03655,2.40,0.90
2008.05.19 15:35:30.740,2.03625,2.0365,0.80,0.80
2008.05.19 15:35:31.815,2.03625,2.03645,0.80,1.60
2008.05.19 15:35:31.933,2.03615,2.0363,2.40,0.80
2008.05.19 15:35:32.312,2.03615,2.0363,1.60,0.80
2008.05.19 15:35:32.575,2.03615,2.0363,1.60,1.70
2008.05.19 15:35:32.776,2.03615,2.0363,1.60,0.80
2008.05.19 15:35:33.232,2.03595,2.0363,2.40,0.80
2008.05.19 15:35:33.573,2.03595,2.0363,0.80,0.80
2008.05.19 15:35:33.982,2.03595,2.0363,1.20,0.80
2008.05.19 15:35:36.072,2.03595,2.0363,1.20,1.70
2008.05.19 15:35:36.599,2.03595,2.0363,1.20,0.80
2008.05.19 15:35:37.567,2.036,2.0363,2.40,0.80
2008.05.19 15:35:37.726,2.03605,2.03645,0.80,2.40
2008.05.19 15:35:38.037,2.03605,2.03645,0.80,3.30
2008.05.19 15:35:38.193,2.03605,2.0364,0.80,0.80
2008.05.19 15:35:38.362,2.03605,2.0364,1.60,0.80
2008.05.19 15:35:38.706,2.03605,2.0364,3.20,0.80
2008.05.19 15:35:40.192,2.03605,2.0364,1.60,0.80
2008.05.19 15:35:42.775,2.03605,2.0364,3.20,0.80
2008.05.19 15:35:43.087,2.03605,2.0364,3.20,1.70
2008.05.19 15:35:43.164,2.03605,2.0363,2.40,0.80
2008.05.19 15:35:43.358,2.03595,2.0363,3.20,0.80
2008.05.19 15:35:44.775,2.03605,2.0364,1.60,0.80
2008.05.19 15:35:45.503,2.03605,2.0364,3.20,0.80
2008.05.19 15:35:46.758,2.03605,2.03655,3.20,1.70
2008.05.19 15:35:46.827,2.03605,2.03655,3.20,0.90
2008.05.19 15:35:47.090,2.03615,2.0366,2.40,0.80
2008.05.19 15:35:47.304,2.03625,2.0366,0.80,0.80
2008.05.19 15:35:47.493,2.03625,2.0366,2.40,0.80
2008.05.19 15:35:47.694,2.03625,2.0367,2.40,1.70
2008.05.19 15:35:48.163,2.03625,2.0367,2.40,0.80
2008.05.19 15:35:49.225,2.0364,2.0367,3.20,0.80
2008.05.19 15:35:49.434,2.03645,2.03685,0.80,2.40
2008.05.19 15:35:49.498,2.03645,2.0369,3.20,0.80
2008.05.19 15:35:52.541,2.03645,2.0369,2.40,0.80
2008.05.19 15:35:52.663,2.03645,2.0369,2.40,1.70
2008.05.19 15:35:52.813,2.03645,2.0369,3.20,1.70
2008.05.19 15:35:56.551,2.03645,2.0369,3.20,0.80
2008.05.19 15:35:57.147,2.03645,2.0369,3.80,0.80
2008.05.19 15:35:57.411,2.03645,2.0369,3.80,1.70
2008.05.19 15:35:57.544,2.03645,2.0369,3.80,0.80
2008.05.19 15:35:58.236,2.0366,2.0369,0.80,0.80
2008.05.19 15:35:58.351,2.03665,2.03705,0.80,4.00
2008.05.19 15:35:58.466,2.03665,2.0371,3.20,1.40
2008.05.19 15:35:58.846,2.03665,2.0371,3.20,0.80
2008.05.19 15:35:58.961,2.03665,2.03705,3.20,0.90
2008.05.19 15:35:59.077,2.03665,2.037,2.40,0.80
2008.05.19 15:35:59.194,2.03665,2.037,1.60,0.80
2008.05.19 15:35:59.573,2.0366,2.037,0.80,0.80
2008.05.19 15:35:59.975,2.03655,2.037,3.20,0.80
2008.05.19 15:36:00.177,2.03655,2.037,2.40,0.80
2008.05.19 15:36:00.275,2.03665,2.037,0.80,0.80
2008.05.19 15:36:00.376,2.03665,2.037,1.60,0.80
2008.05.19 15:36:00.683,2.03665,2.037,4.00,0.80
2008.05.19 15:36:01.115,2.03665,2.037,3.20,0.80
2008.05.19 15:36:01.656,2.03665,2.037,6.40,0.80
2008.05.19 15:36:01.868,2.03675,2.037,0.80,0.80
2008.05.19 15:36:02.701,2.03665,2.037,5.60,0.80
2008.05.19 15:36:03.272,2.03665,2.037,6.40,0.80
2008.05.19 15:36:05.658,2.03665,2.037,7.20,0.80
2008.05.19 15:36:05.753,2.03675,2.037,0.80,0.80
2008.05.19 15:36:06.762,2.03675,2.037,4.00,0.80
2008.05.19 15:36:06.929,2.03675,2.037,5.60,0.80
2008.05.19 15:36:07.357,2.03675,2.037,3.20,0.80
2008.05.19 15:36:07.971,2.03685,2.037,2.40,0.80
2008.05.19 15:36:08.068,2.03695,2.03725,0.80,0.90
2008.05.19 15:36:08.164,2.03695,2.0373,0.80,1.40
2008.05.19 15:36:08.260,2.0369,2.0373,0.80,1.40
2008.05.19 15:36:08.404,2.03695,2.0373,0.80,1.40
2008.05.19 15:36:08.520,2.03695,2.03725,1.60,0.90
2008.05.19 15:36:08.637,2.03695,2.0371,1.60,0.80
2008.05.19 15:36:09.035,2.03675,2.0371,3.20,0.80
2008.05.19 15:36:09.205,2.03675,2.0371,5.60,0.80
2008.05.19 15:36:09.857,2.03675,2.0371,3.20,0.80
2008.05.19 15:36:13.793,2.03675,2.0371,5.60,0.80
2008.05.19 15:36:14.085,2.03675,2.0371,3.20,0.80
2008.05.19 15:36:15.564,2.03675,2.037,3.20,0.90
2008.05.19 15:36:15.749,2.03675,2.0369,2.40,0.80
2008.05.19 15:36:15.982,2.03655,2.0369,6.40,0.80
2008.05.19 15:36:17.161,2.03655,2.0369,4.80,0.80
2008.05.19 15:36:17.792,2.03655,2.0369,4.00,0.80
2008.05.19 15:36:18.003,2.03675,2.0369,1.60,0.80
2008.05.19 15:36:19.405,2.03675,2.0369,4.00,0.80
2008.05.19 15:36:19.567,2.03675,2.0371,4.80,3.20
2008.05.19 15:36:19.627,2.03675,2.0371,3.20,3.20
2008.05.19 15:36:19.719,2.03675,2.0371,4.00,0.80
2008.05.19 15:36:19.970,2.03675,2.0371,5.60,0.80
2008.05.19 15:36:20.311,2.03685,2.0371,0.80,0.80
2008.05.19 15:36:22.689,2.03675,2.0371,4.80,0.80
2008.05.19 15:36:22.720,2.03675,2.0371,2.40,0.80
2008.05.19 15:36:22.921,2.03675,2.0371,4.80,0.80
2008.05.19 15:36:22.991,2.03675,2.0371,4.00,0.80
2008.05.19 15:36:23.054,2.03685,2.0371,0.80,1.70
2008.05.19 15:36:23.365,2.03675,2.037,1.60,0.80
2008.05.19 15:36:23.592,2.0367,2.03715,0.60,0.90
2008.05.19 15:36:23.823,2.03675,2.03715,1.60,0.90
2008.05.19 15:36:24.049,2.03675,2.0372,1.60,4.10
2008.05.19 15:36:24.276,2.03665,2.03715,4.00,0.90
2008.05.19 15:36:24.682,2.0367,2.0372,0.80,3.80
2008.05.19 15:36:24.875,2.0367,2.0372,0.80,0.80
2008.05.19 15:36:25.055,2.03685,2.0372,1.60,0.80
2008.05.19 15:36:25.422,2.03685,2.0372,1.60,1.70
2008.05.19 15:36:26.125,2.03675,2.0372,1.60,1.70
2008.05.19 15:36:27.055,2.03675,2.0372,1.60,0.80
2008.05.19 15:36:27.233,2.03675,2.03715,1.60,0.90
2008.05.19 15:36:27.410,2.03675,2.0371,1.60,0.80
2008.05.19 15:36:27.584,2.03665,2.0371,3.00,0.80
2008.05.19 15:36:29.220,2.03665,2.0371,3.80,0.80
2008.05.19 15:36:29.360,2.03675,2.0371,0.80,0.80
2008.05.19 15:36:29.820,2.03675,2.03725,0.80,2.50
2008.05.19 15:36:30.223,2.0369,2.0373,0.80,0.80
2008.05.19 15:36:30.279,2.0369,2.0372,0.80,0.80
2008.05.19 15:36:30.401,2.03695,2.03735,0.80,1.60
2008.05.19 15:36:30.645,2.03695,2.0374,2.40,1.40
2008.05.19 15:36:30.963,2.03695,2.0374,2.40,0.80
2008.05.19 15:36:33.714,2.03695,2.0374,3.20,0.80
2008.05.19 15:36:33.787,2.03695,2.0374,5.60,0.80
2008.05.19 15:36:34.217,2.03705,2.0374,0.80,0.80
2008.05.19 15:36:34.982,2.03705,2.0374,1.60,0.80
2008.05.19 15:36:35.100,2.03705,2.0374,2.40,0.80
2008.05.19 15:36:35.216,2.03715,2.0374,0.80,0.80
2008.05.19 15:36:36.265,2.03705,2.0374,3.20,0.80
2008.05.19 15:36:36.437,2.03705,2.0374,2.40,0.80
2008.05.19 15:36:36.787,2.037,2.0374,2.40,0.80
2008.05.19 15:36:37.097,2.03695,2.0374,3.20,0.80
2008.05.19 15:36:37.477,2.03705,2.0374,0.80,0.80
2008.05.19 15:36:37.807,2.03695,2.0374,3.20,0.80
2008.05.19 15:36:38.613,2.03695,2.0374,2.40,1.70
2008.05.19 15:36:39.332,2.03695,2.0374,0.80,1.70
2008.05.19 15:36:39.499,2.03695,2.0374,2.40,1.70
2008.05.19 15:36:39.974,2.03695,2.0374,0.80,1.70
2008.05.19 15:36:40.051,2.03695,2.0374,3.20,0.80
2008.05.19 15:36:40.702,2.03695,2.0374,2.40,1.70
2008.05.19 15:36:40.815,2.03695,2.0373,2.40,0.80
2008.05.19 15:36:41.142,2.03695,2.0373,0.80,0.80
2008.05.19 15:36:42.137,2.03695,2.0373,2.40,0.80
2008.05.19 15:36:42.528,2.03695,2.03745,2.40,4.10
2008.05.19 15:36:42.588,2.03695,2.03745,2.40,1.70
2008.05.19 15:36:42.652,2.03705,2.03745,0.80,0.80
2008.05.19 15:36:42.830,2.03715,2.03745,0.80,0.80
2008.05.19 15:36:42.926,2.03715,2.0375,0.80,1.40
2008.05.19 15:36:42.999,2.03705,2.0374,0.80,0.90
2008.05.19 15:36:43.073,2.03705,2.0374,1.60,0.90
2008.05.19 15:36:43.592,2.03695,2.0375,3.20,4.80
2008.05.19 15:36:43.852,2.03695,2.0374,2.40,0.90
2008.05.19 15:36:45.863,2.03695,2.0375,3.20,4.80
2008.05.19 15:36:46.200,2.03695,2.0375,3.20,2.40
2008.05.19 15:36:46.710,2.03695,2.0375,3.20,1.70
2008.05.19 15:36:52.686,2.03705,2.0375,0.80,0.80
2008.05.19 15:36:52.938,2.03715,2.0375,0.80,0.80
2008.05.19 15:36:56.947,2.03715,2.0375,0.80,1.70
2008.05.19 15:36:57.012,2.03705,2.0375,2.40,1.70
2008.05.19 15:36:57.305,2.03705,2.0375,1.60,1.70
2008.05.19 15:36:57.613,2.03695,2.0375,3.90,4.10
2008.05.19 15:36:57.689,2.03695,2.0374,3.00,0.90
2008.05.19 15:36:57.867,2.03695,2.0375,3.90,1.70
2008.05.19 15:36:58.160,2.03695,2.0374,3.00,0.90
2008.05.19 15:36:58.755,2.03695,2.0375,3.90,1.70
2008.05.19 15:36:59.245,2.03705,2.0375,1.60,1.70
2008.05.19 15:36:59.405,2.03695,2.0375,3.90,1.70
2008.05.19 15:37:04.708,2.03695,2.03735,3.00,0.90
2008.05.19 15:37:04.826,2.03695,2.0373,2.20,0.80
2008.05.19 15:37:04.887,2.03695,2.03725,1.60,0.90
2008.05.19 15:37:05.201,2.03695,2.0373,1.60,0.80
2008.05.19 15:37:05.246,2.03685,2.0373,2.20,0.80
2008.05.19 15:37:05.305,2.03685,2.0373,1.60,0.80
2008.05.19 15:37:05.998,2.03685,2.0373,2.80,0.80
2008.05.19 15:37:07.191,2.03685,2.0373,2.80,1.70
2008.05.19 15:37:07.346,2.03685,2.0373,1.60,1.70
2008.05.19 15:37:07.493,2.03675,2.0373,3.90,1.70
2008.05.19 15:37:09.025,2.03675,2.0373,5.90,1.70
2008.05.19 15:37:10.284,2.0368,2.0373,0.80,0.80
2008.05.19 15:37:10.607,2.03685,2.0373,1.60,0.80
2008.05.19 15:37:11.551,2.03685,2.03725,1.60,0.90
2008.05.19 15:37:11.719,2.03685,2.0372,1.60,0.90
2008.05.19 15:37:11.947,2.03685,2.0373,1.60,1.70
2008.05.19 15:37:12.312,2.03675,2.0373,3.20,1.70
2008.05.19 15:37:12.760,2.03675,2.0372,2.40,0.90
2008.05.19 15:37:13.431,2.03675,2.0373,3.20,1.70
2008.05.19 15:37:13.651,2.03675,2.0372,2.40,0.90
2008.05.19 15:37:13.952,2.03675,2.0371,2.40,0.80
2008.05.19 15:37:14.876,2.03685,2.0371,0.80,0.80
2008.05.19 15:37:15.199,2.03695,2.0373,0.80,0.80
2008.05.19 15:37:16.910,2.03695,2.0373,4.00,0.80
2008.05.19 15:37:17.065,2.03695,2.0373,5.60,0.80
2008.05.19 15:37:18.207,2.03695,2.0373,6.40,0.80
2008.05.19 15:37:18.308,2.03695,2.0373,4.00,0.80
2008.05.19 15:37:18.895,2.03695,2.0373,3.20,0.80
2008.05.19 15:37:19.110,2.03695,2.0373,2.40,0.80
2008.05.19 15:37:19.326,2.03695,2.0373,3.20,0.80
2008.05.19 15:37:19.544,2.03705,2.0373,3.20,0.80
2008.05.19 15:37:19.761,2.03715,2.03745,0.80,1.60
2008.05.19 15:37:19.941,2.03715,2.0375,0.80,0.80
2008.05.19 15:37:21.717,2.03715,2.0375,0.80,1.70
2008.05.19 15:37:22.526,2.03705,2.0375,4.80,1.70
2008.05.19 15:37:23.182,2.03715,2.0375,0.80,1.70
2008.05.19 15:37:23.492,2.03715,2.0375,0.80,0.80
2008.05.19 15:37:28.878,2.03715,2.0375,1.60,0.80
2008.05.19 15:37:30.290,2.03715,2.0374,1.60,0.90
2008.05.19 15:37:30.346,2.037,2.0373,1.40,0.80
2008.05.19 15:37:30.403,2.037,2.0373,0.80,0.80
2008.05.19 15:37:30.610,2.03695,2.0373,2.20,0.80
2008.05.19 15:37:30.830,2.03695,2.0373,1.60,0.80
2008.05.19 15:37:33.585,2.03695,2.0373,0.80,0.80
2008.05.19 15:37:34.309,2.03695,2.03735,0.80,2.40
2008.05.19 15:37:34.389,2.03695,2.03745,1.60,4.80
2008.05.19 15:37:34.561,2.03695,2.03745,3.20,2.40
2008.05.19 15:37:34.732,2.03695,2.0374,2.40,0.90
2008.05.19 15:37:35.243,2.03695,2.0373,2.40,0.80
2008.05.19 15:37:35.639,2.03695,2.0373,0.80,0.80
2008.05.19 15:37:35.926,2.03695,2.0373,1.60,0.80
2008.05.19 15:37:36.041,2.03695,2.03745,1.60,4.80
2008.05.19 15:37:36.270,2.03695,2.0375,3.20,2.40
2008.05.19 15:37:38.891,2.03695,2.0374,2.40,0.90
2008.05.19 15:37:38.973,2.03695,2.03735,2.40,2.40
2008.05.19 15:37:39.143,2.03695,2.0373,2.40,0.80
2008.05.19 15:37:39.473,2.03695,2.03735,3.20,2.40
2008.05.19 15:37:39.641,2.03695,2.0374,2.40,0.90
2008.05.19 15:37:39.871,2.03695,2.03745,3.20,2.40
2008.05.19 15:37:39.990,2.03695,2.0375,3.20,2.40
2008.05.19 15:37:40.669,2.03695,2.0374,2.40,0.90
2008.05.19 15:37:40.881,2.03695,2.0375,3.20,2.40
2008.05.19 15:37:43.448,2.03705,2.0375,0.80,1.40
2008.05.19 15:37:43.515,2.03715,2.0375,0.80,1.40
2008.05.19 15:37:43.865,2.03715,2.0375,0.80,0.80
2008.05.19 15:37:44.581,2.03715,2.03745,0.80,0.80
2008.05.19 15:37:45.331,2.03705,2.0374,2.40,4.00
2008.05.19 15:37:45.481,2.03695,2.03735,2.40,2.40
2008.05.19 15:37:45.817,2.03695,2.0373,2.40,4.80
2008.05.19 15:37:45.893,2.03695,2.0372,1.60,0.80
2008.05.19 15:37:46.054,2.0369,2.0373,0.80,2.40
2008.05.19 15:37:46.129,2.0369,2.03735,0.80,2.40
2008.05.19 15:37:46.323,2.03695,2.03735,1.60,2.40
2008.05.19 15:37:47.010,2.03695,2.03735,2.40,2.40
2008.05.19 15:37:47.232,2.03705,2.0374,0.80,3.20
2008.05.19 15:37:47.454,2.03705,2.0374,5.60,0.80
2008.05.19 15:37:47.674,2.03705,2.0374,4.80,0.80
2008.05.19 15:37:47.825,2.03705,2.0374,3.20,0.80
2008.05.19 15:37:48.017,2.03705,2.0374,4.00,0.80
2008.05.19 15:37:48.156,2.03705,2.0374,6.40,0.80
2008.05.19 15:37:48.602,2.03705,2.0374,4.80,0.80
2008.05.19 15:37:48.857,2.03705,2.0374,6.40,0.80
2008.05.19 15:37:49.353,2.03705,2.0374,5.60,0.80
2008.05.19 15:37:50.266,2.03705,2.0374,5.60,1.70
2008.05.19 15:37:50.331,2.03705,2.03735,5.60,0.80
2008.05.19 15:37:50.398,2.03705,2.03735,4.80,0.80
2008.05.19 15:37:50.466,2.03705,2.0373,1.60,0.80
2008.05.19 15:37:50.632,2.03695,2.0373,3.20,0.80
2008.05.19 15:37:51.842,2.03695,2.0373,4.00,0.80
2008.05.19 15:37:52.163,2.03705,2.0373,1.60,0.80
2008.05.19 15:37:53.420,2.03695,2.0373,4.80,0.80
2008.05.19 15:37:54.243,2.03705,2.0373,1.60,0.80
2008.05.19 15:37:54.658,2.03705,2.0373,2.40,0.80
2008.05.19 15:37:55.083,2.03705,2.03745,2.40,2.40
2008.05.19 15:37:55.306,2.03705,2.0374,0.80,0.80
2008.05.19 15:37:55.456,2.03705,2.0374,2.40,0.80
2008.05.19 15:37:55.734,2.03705,2.0374,3.00,0.80
2008.05.19 15:37:55.884,2.03705,2.03745,3.00,2.40
2008.05.19 15:37:56.035,2.03705,2.03745,3.90,2.40
2008.05.19 15:37:56.185,2.0371,2.03755,0.80,0.80
2008.05.19 15:37:56.336,2.03725,2.0376,0.80,0.80
2008.05.19 15:37:56.518,2.03725,2.0376,1.60,0.80
2008.05.19 15:37:56.703,2.03725,2.03755,1.60,0.90
2008.05.19 15:37:56.883,2.03715,2.03755,1.60,0.90
2008.05.19 15:37:57.246,2.03705,2.0375,3.00,0.80
2008.05.19 15:37:57.427,2.0371,2.0376,0.80,3.20
2008.05.19 15:37:57.617,2.0371,2.0376,0.80,0.80
2008.05.19 15:37:57.808,2.03705,2.03755,4.80,1.60
2008.05.19 15:37:58.011,2.03705,2.0376,4.00,1.70
2008.05.19 15:37:58.202,2.03705,2.0376,3.20,1.70
2008.05.19 15:37:58.541,2.03705,2.0376,3.20,2.40
2008.05.19 15:37:58.684,2.03705,2.0374,2.40,0.80
2008.05.19 15:37:59.106,2.03705,2.0374,0.80,0.80
2008.05.19 15:38:05.198,2.03705,2.0374,1.60,0.80
2008.05.19 15:38:05.300,2.03705,2.03755,1.60,4.80
2008.05.19 15:38:05.375,2.03705,2.03755,1.60,1.60
2008.05.19 15:38:05.501,2.03705,2.0375,0.80,0.90
2008.05.19 15:38:05.559,2.037,2.0375,2.40,0.90
2008.05.19 15:38:05.707,2.03705,2.0375,1.60,0.90
2008.05.19 15:38:05.831,2.03695,2.0375,7.10,0.90
2008.05.19 15:38:06.144,2.03705,2.0375,1.60,0.90
2008.05.19 15:38:08.737,2.03705,2.0375,2.40,0.90
2008.05.19 15:38:09.929,2.03705,2.03745,2.40,2.40
2008.05.19 15:38:10.019,2.03705,2.0374,2.40,0.80
2008.05.19 15:38:10.285,2.03705,2.0374,0.80,0.80
2008.05.19 15:38:20.619,2.03705,2.0374,2.40,0.80
2008.05.19 15:38:22.773,2.03705,2.0374,1.60,0.80
2008.05.19 15:38:22.901,2.03705,2.0374,1.60,3.20
2008.05.19 15:38:22.974,2.03705,2.03735,1.60,4.10
2008.05.19 15:38:23.112,2.03695,2.0372,1.60,0.80
2008.05.19 15:38:23.504,2.0368,2.0372,0.80,0.80
2008.05.19 15:38:23.903,2.0368,2.03705,0.80,2.40
2008.05.19 15:38:24.179,2.03675,2.0372,1.60,0.80
2008.05.19 15:38:24.465,2.0367,2.0372,1.50,0.80
2008.05.19 15:38:24.762,2.03665,2.03715,3.00,0.90
2008.05.19 15:38:24.971,2.0367,2.0372,0.80,0.80
2008.05.19 15:38:25.329,2.03685,2.0372,0.80,0.80
2008.05.19 15:38:25.634,2.03685,2.0372,0.80,3.20
2008.05.19 15:38:25.967,2.03685,2.0372,0.80,0.80
2008.05.19 15:38:28.297,2.03685,2.0372,0.80,1.70
2008.05.19 15:38:28.630,2.0367,2.0372,0.60,1.70
2008.05.19 15:38:28.817,2.03675,2.0372,1.60,1.70
2008.05.19 15:38:30.205,2.03685,2.0372,0.80,1.70
2008.05.19 15:38:32.309,2.03685,2.0372,0.80,0.80
2008.05.19 15:38:32.511,2.0367,2.0372,0.80,0.80
2008.05.19 15:38:32.661,2.03675,2.0372,1.60,0.80
2008.05.19 15:38:32.860,2.0367,2.0372,0.80,0.80
2008.05.19 15:38:33.020,2.0367,2.037,0.60,0.80
2008.05.19 15:38:33.780,2.03665,2.037,2.20,0.80
2008.05.19 15:38:33.941,2.03665,2.037,3.80,0.80
2008.05.19 15:38:34.834,2.03665,2.037,4.70,0.80
2008.05.19 15:38:35.020,2.03675,2.037,0.80,0.80
2008.05.19 15:38:36.742,2.03675,2.037,1.60,0.80
2008.05.19 15:38:36.792,2.0368,2.037,2.40,0.80
2008.05.19 15:38:36.856,2.03695,2.03725,0.80,1.60
2008.05.19 15:38:36.934,2.03695,2.0372,0.80,0.90
2008.05.19 15:38:37.038,2.0368,2.0372,2.40,0.90
2008.05.19 15:38:37.087,2.03675,2.0372,2.40,0.90
2008.05.19 15:38:37.271,2.03675,2.0371,2.40,0.80
2008.05.19 15:38:37.646,2.03675,2.0371,0.80,0.80
2008.05.19 15:38:38.725,2.03655,2.037,5.40,0.90
2008.05.19 15:38:38.840,2.03655,2.037,4.60,0.90
2008.05.19 15:38:39.243,2.03655,2.0371,5.50,4.10
2008.05.19 15:38:39.359,2.03655,2.0371,4.80,1.70
2008.05.19 15:38:40.608,2.03655,2.0371,8.00,1.70
2008.05.19 15:38:40.741,2.03665,2.0371,0.80,0.80
2008.05.19 15:38:40.823,2.03675,2.0371,0.80,0.80
2008.05.19 15:38:40.917,2.03675,2.0371,1.60,0.80
2008.05.19 15:38:41.943,2.03685,2.0371,2.40,0.80
2008.05.19 15:38:42.212,2.03695,2.0373,0.80,1.70
2008.05.19 15:38:42.483,2.03695,2.0373,0.80,0.80
2008.05.19 15:38:42.762,2.03695,2.0373,1.60,0.80
2008.05.19 15:38:42.898,2.03705,2.03745,0.80,4.00
2008.05.19 15:38:43.054,2.03705,2.0375,0.80,0.80
2008.05.19 15:38:43.208,2.03715,2.0375,0.80,0.80
2008.05.19 15:38:43.374,2.03715,2.0375,1.60,0.80
2008.05.19 15:38:43.838,2.03715,2.0375,0.80,0.80
2008.05.19 15:38:45.083,2.03705,2.0374,5.60,0.80
2008.05.19 15:38:45.489,2.03705,2.0374,6.40,0.80
2008.05.19 15:38:45.613,2.0371,2.0374,0.80,0.80
2008.05.19 15:38:45.739,2.03715,2.0374,2.40,0.80
2008.05.19 15:38:45.865,2.0371,2.0376,0.80,0.80
2008.05.19 15:38:45.992,2.03725,2.0376,0.80,0.80
2008.05.19 15:38:46.404,2.03725,2.0376,3.20,0.80
2008.05.19 15:38:46.874,2.03725,2.03755,3.20,0.90
2008.05.19 15:38:47.044,2.03725,2.03755,2.40,0.90
2008.05.19 15:38:47.176,2.03725,2.0374,1.60,0.80
2008.05.19 15:38:47.358,2.03705,2.03755,3.80,0.90
2008.05.19 15:38:47.446,2.03705,2.03755,6.20,0.90
2008.05.19 15:38:47.531,2.03715,2.0374,1.60,0.80
2008.05.19 15:38:47.837,2.03705,2.0374,6.40,0.80
2008.05.19 15:38:47.923,2.03715,2.0374,0.80,0.80
2008.05.19 15:38:51.984,2.03715,2.0374,1.60,0.80
2008.05.19 15:38:52.076,2.03715,2.0374,2.40,0.80
2008.05.19 15:38:52.235,2.03715,2.0374,1.60,0.80
2008.05.19 15:38:52.325,2.03715,2.0374,2.40,0.80
2008.05.19 15:38:52.757,2.03715,2.0374,0.80,0.80
2008.05.19 15:38:54.095,2.03715,2.0376,0.80,1.60
2008.05.19 15:38:54.226,2.03715,2.0375,0.80,0.80
2008.05.19 15:39:00.019,2.03715,2.0376,0.80,1.60
2008.05.19 15:39:00.249,2.03715,2.0376,1.60,0.60
2008.05.19 15:39:00.558,2.03715,2.0376,0.80,1.60
2008.05.19 15:39:00.778,2.03715,2.0376,2.40,1.60
2008.05.19 15:39:01.179,2.03715,2.0376,3.20,0.60
2008.05.19 15:39:01.928,2.03715,2.0377,3.20,2.40
2008.05.19 15:39:02.359,2.0372,2.0377,0.80,1.40
2008.05.19 15:39:03.615,2.03715,2.03765,3.80,0.90
2008.05.19 15:39:04.028,2.03715,2.03765,3.20,0.90
2008.05.19 15:39:04.503,2.03715,2.0377,4.00,4.80
2008.05.19 15:39:04.648,2.03715,2.0377,3.20,2.40
2008.05.19 15:39:04.794,2.03735,2.0377,0.80,1.40
2008.05.19 15:39:05.084,2.03735,2.0377,1.60,1.40
2008.05.19 15:39:05.842,2.03735,2.0377,0.80,1.40
2008.05.19 15:39:06.350,2.03725,2.0377,4.00,1.40
2008.05.19 15:39:06.520,2.03725,2.0377,4.00,0.80
2008.05.19 15:39:07.073,2.03735,2.0377,0.80,0.80
2008.05.19 15:39:10.367,2.03735,2.0377,1.60,0.80
2008.05.19 15:39:10.528,2.03735,2.0378,1.60,0.60
2008.05.19 15:39:11.344,2.03735,2.0378,1.60,2.20
2008.05.19 15:39:11.395,2.03735,2.03775,1.60,2.40
2008.05.19 15:39:11.804,2.03735,2.0377,0.80,4.00
2008.05.19 15:39:11.889,2.03735,2.03765,0.80,0.80
2008.05.19 15:39:13.005,2.03735,2.0376,0.80,2.50
2008.05.19 15:39:13.119,2.03735,2.0376,0.80,4.90
2008.05.19 15:39:13.236,2.03715,2.0375,2.40,2.40
2008.05.19 15:39:13.350,2.03715,2.0375,2.40,4.80
2008.05.19 15:39:13.467,2.03715,2.03745,2.40,0.80
2008.05.19 15:39:13.683,2.03715,2.03745,0.80,0.80
2008.05.19 15:39:14.542,2.03715,2.03735,0.80,2.40
2008.05.19 15:39:14.652,2.03695,2.03735,3.20,2.40
2008.05.19 15:39:15.010,2.03695,2.03735,2.40,2.40
2008.05.19 15:39:15.129,2.03695,2.03735,3.20,2.40
2008.05.19 15:39:15.519,2.03695,2.0374,3.20,4.00
2008.05.19 15:39:15.687,2.03705,2.0374,2.40,4.00
2008.05.19 15:39:15.863,2.03715,2.03745,0.80,0.80
2008.05.19 15:39:16.542,2.0372,2.03745,0.80,0.80
2008.05.19 15:39:16.795,2.03725,2.0375,1.60,0.80
2008.05.19 15:39:16.921,2.03735,2.03765,0.80,3.80
2008.05.19 15:39:17.048,2.03735,2.0376,0.80,1.60
2008.05.19 15:39:17.174,2.03725,2.0376,1.60,1.60
2008.05.19 15:39:17.301,2.03735,2.0376,0.80,4.00
2008.05.19 15:39:17.562,2.03725,2.0376,2.40,4.00
2008.05.19 15:39:17.768,2.03725,2.0376,0.80,4.00
2008.05.19 15:39:18.178,2.0372,2.0376,2.40,4.00
2008.05.19 15:39:18.382,2.03715,2.0376,3.20,4.00
2008.05.19 15:39:18.668,2.03725,2.0376,0.80,4.00
2008.05.19 15:39:18.957,2.03715,2.0376,2.40,4.00
2008.05.19 15:39:19.101,2.03715,2.0375,2.40,1.60
2008.05.19 15:39:19.437,2.03715,2.0375,2.40,4.00
2008.05.19 15:39:19.593,2.03715,2.0375,0.80,4.00
2008.05.19 15:39:19.779,2.03715,2.0375,1.60,4.00
2008.05.19 15:39:19.966,2.0372,2.0375,0.80,4.00
2008.05.19 15:39:20.152,2.03715,2.0375,0.80,4.00
2008.05.19 15:39:21.050,2.03715,2.03745,0.80,0.80
2008.05.19 15:39:21.711,2.03715,2.0375,0.80,0.80
2008.05.19 15:39:21.817,2.03715,2.03755,0.80,2.50
2008.05.19 15:39:21.972,2.03715,2.0376,0.80,0.60
2008.05.19 15:39:22.868,2.03715,2.0376,4.00,0.60
2008.05.19 15:39:23.733,2.03715,2.0376,0.80,0.60
2008.05.19 15:39:25.173,2.03735,2.0376,0.80,0.60
2008.05.19 15:39:25.841,2.03735,2.0377,0.80,1.40
2008.05.19 15:39:26.609,2.03735,2.0377,0.80,2.40
2008.05.19 15:39:26.710,2.03735,2.0377,0.80,0.80
2008.05.19 15:39:28.618,2.03735,2.0377,1.60,0.80
2008.05.19 15:39:35.967,2.03735,2.0377,0.80,0.80
2008.05.19 15:39:36.166,2.03725,2.0375,2.40,0.80
2008.05.19 15:39:36.353,2.03725,2.0375,0.80,0.80
2008.05.19 15:39:37.675,2.0373,2.0375,0.80,0.80
2008.05.19 15:39:37.995,2.03735,2.0375,0.80,0.80
2008.05.19 15:39:38.130,2.03735,2.0377,1.60,0.80
2008.05.19 15:39:39.880,2.03745,2.0377,0.80,0.80
2008.05.19 15:39:40.057,2.03755,2.03785,1.60,2.40
2008.05.19 15:39:40.233,2.03755,2.03785,1.60,1.60
2008.05.19 15:39:40.368,2.03755,2.0379,1.60,0.80
2008.05.19 15:39:40.648,2.03755,2.0379,1.60,1.70
2008.05.19 15:39:40.793,2.03755,2.03785,1.60,2.40
2008.05.19 15:39:40.930,2.03745,2.0378,2.40,0.80
2008.05.19 15:39:41.074,2.03745,2.0378,0.80,3.20
2008.05.19 15:39:41.211,2.03745,2.0378,3.20,4.80
2008.05.19 15:39:41.531,2.03745,2.0378,1.60,3.20
2008.05.19 15:39:41.729,2.03755,2.0378,0.80,3.20
2008.05.19 15:39:41.917,2.03755,2.0378,0.80,0.80
2008.05.19 15:39:45.444,2.03755,2.0378,0.80,2.40
2008.05.19 15:39:45.549,2.03755,2.0378,0.80,4.80
2008.05.19 15:39:45.651,2.03735,2.0377,3.20,0.80
2008.05.19 15:39:46.398,2.03735,2.0377,2.40,0.80
2008.05.19 15:39:46.534,2.03735,2.0377,2.40,2.40
2008.05.19 15:39:46.679,2.03735,2.03765,0.80,0.80
2008.05.19 15:39:53.212,2.03735,2.0377,0.80,3.20
2008.05.19 15:39:53.392,2.03735,2.0377,0.80,0.80
2008.05.19 15:39:54.230,2.03735,2.03765,0.80,0.80
2008.05.19 15:39:55.600,2.03725,2.03765,7.20,0.80
2008.05.19 15:39:55.647,2.03725,2.03765,4.00,0.80
2008.05.19 15:39:55.766,2.03725,2.03765,2.40,0.80
2008.05.19 15:39:55.960,2.03725,2.03765,1.60,0.80
2008.05.19 15:39:57.882,2.03725,2.0377,1.60,4.80
2008.05.19 15:39:58.616,2.03725,2.0377,3.20,4.80
2008.05.19 15:39:59.018,2.03725,2.0377,2.40,4.80
2008.05.19 15:39:59.131,2.03725,2.03765,0.80,0.80
2008.05.19 15:39:59.366,2.03725,2.03765,2.40,0.80
2008.05.19 15:39:59.755,2.03725,2.03765,0.80,0.80
2008.05.19 15:40:00.278,2.0372,2.0376,0.80,1.60
2008.05.19 15:40:00.447,2.0372,2.0376,0.80,4.00
2008.05.19 15:40:00.975,2.03715,2.0376,6.30,4.00
2008.05.19 15:40:01.080,2.03715,2.0376,6.30,4.80
2008.05.19 15:40:01.180,2.03715,2.03755,3.90,0.80
2008.05.19 15:40:01.382,2.03715,2.03755,3.20,0.80
2008.05.19 15:40:01.754,2.03715,2.03755,0.80,0.80
2008.05.19 15:40:02.102,2.03715,2.0374,0.80,4.00
2008.05.19 15:40:02.360,2.03715,2.03735,0.80,0.80
2008.05.19 15:40:02.606,2.03695,2.03735,3.90,0.80
2008.05.19 15:40:03.092,2.03695,2.03735,2.30,0.80
2008.05.19 15:40:03.246,2.037,2.03735,0.80,0.80
2008.05.19 15:40:03.884,2.03705,2.03735,0.60,0.80
2008.05.19 15:40:04.026,2.03715,2.03735,1.60,0.80
2008.05.19 15:40:04.273,2.03715,2.0375,2.40,0.80
2008.05.19 15:40:04.776,2.03715,2.0375,3.20,0.80
2008.05.19 15:40:05.004,2.03715,2.0375,1.60,0.80
2008.05.19 15:40:05.987,2.03715,2.0375,3.20,0.80
2008.05.19 15:40:06.406,2.03715,2.0375,2.40,0.80
2008.05.19 15:40:06.549,2.03715,2.0375,2.40,4.80
2008.05.19 15:40:06.644,2.03715,2.0375,2.40,3.20
2008.05.19 15:40:06.728,2.0371,2.0375,0.60,3.20
2008.05.19 15:40:06.890,2.0371,2.0375,0.60,0.80
2008.05.19 15:40:07.036,2.0371,2.0375,0.60,2.40
2008.05.19 15:40:07.528,2.0371,2.0375,0.60,4.80
2008.05.19 15:40:08.192,2.03715,2.0375,0.80,4.80
2008.05.19 15:40:08.464,2.03715,2.0375,1.60,0.80
2008.05.19 15:40:08.588,2.03715,2.0375,3.20,0.80
2008.05.19 15:40:08.673,2.03715,2.0374,2.40,1.60
2008.05.19 15:40:08.801,2.03715,2.03735,2.40,0.80
2008.05.19 15:40:09.007,2.03715,2.03735,2.40,0.80
2008.05.19 15:40:09.066,2.03715,2.0375,0.80,0.80
2008.05.19 15:40:09.304,2.03715,2.0375,1.60,0.80
2008.05.19 15:40:09.651,2.03715,2.0375,2.40,0.80
2008.05.19 15:40:09.930,2.03715,2.0375,1.60,0.80
2008.05.19 15:40:10.186,2.03705,2.0375,1.50,0.80
2008.05.19 15:40:10.669,2.03705,2.0375,0.60,1.70
2008.05.19 15:40:11.366,2.03705,2.0375,1.50,0.80
2008.05.19 15:40:12.112,2.03705,2.0375,0.60,1.70
2008.05.19 15:40:13.717,2.03705,2.0375,1.50,0.80
2008.05.19 15:40:14.229,2.03705,2.0375,0.60,1.70
2008.05.19 15:40:14.557,2.03705,2.0375,1.50,0.80
2008.05.19 15:40:19.531,2.03705,2.0375,2.30,0.80
2008.05.19 15:40:19.575,2.03705,2.0375,3.10,0.80
2008.05.19 15:40:19.700,2.03715,2.0375,0.80,0.80
2008.05.19 15:40:19.751,2.03715,2.0375,1.60,0.80
2008.05.19 15:40:20.350,2.03715,2.0375,2.30,0.80
2008.05.19 15:40:23.103,2.03715,2.0375,1.40,0.80
2008.05.19 15:40:23.209,2.0371,2.0374,0.60,0.80
2008.05.19 15:40:23.466,2.03705,2.0374,1.40,0.80
2008.05.19 15:40:23.576,2.03705,2.0374,2.30,0.80
2008.05.19 15:40:23.879,2.03705,2.0374,1.60,0.80
2008.05.19 15:40:24.594,2.03705,2.0374,2.40,0.80
2008.05.19 15:40:26.226,2.03705,2.0374,1.60,0.80
2008.05.19 15:40:26.368,2.03705,2.0374,0.80,0.80
2008.05.19 15:40:26.543,2.03705,2.0374,1.60,0.80
2008.05.19 15:40:26.913,2.03695,2.0373,0.80,0.80
2008.05.19 15:40:27.163,2.03695,2.03735,0.80,1.60
2008.05.19 15:40:27.412,2.03695,2.0374,0.80,4.80
2008.05.19 15:40:28.294,2.0369,2.0373,0.60,0.80
2008.05.19 15:40:28.454,2.03695,2.03725,0.80,0.80
2008.05.19 15:40:28.613,2.03695,2.0373,0.80,0.80
2008.05.19 15:40:28.792,2.03695,2.0374,0.80,4.80
2008.05.19 15:40:29.225,2.03695,2.03735,0.80,0.80
2008.05.19 15:40:29.675,2.03695,2.0374,1.60,0.80
2008.05.19 15:40:29.839,2.03705,2.0374,0.80,0.80
2008.05.19 15:40:30.184,2.03705,2.03745,4.80,1.60
2008.05.19 15:40:30.350,2.03705,2.0374,4.00,0.80
2008.05.19 15:40:30.517,2.03705,2.03745,1.60,2.40
2008.05.19 15:40:30.693,2.03705,2.03755,2.40,1.60
2008.05.19 15:40:30.929,2.03705,2.0376,4.80,1.70
2008.05.19 15:40:31.165,2.03705,2.0375,7.20,0.80
2008.05.19 15:40:31.403,2.03705,2.0375,5.60,0.80
2008.05.19 15:40:31.889,2.03705,2.0375,3.20,0.80
2008.05.19 15:40:32.478,2.03705,2.0375,2.40,0.80
2008.05.19 15:40:32.638,2.03705,2.03745,2.40,0.80
2008.05.19 15:40:34.113,2.03705,2.03745,4.80,0.80
2008.05.19 15:40:34.194,2.03715,2.03745,0.80,0.80
2008.05.19 15:40:34.381,2.03715,2.0375,0.80,0.80
2008.05.19 15:40:42.118,2.03715,2.0375,1.60,0.80
2008.05.19 15:40:42.355,2.03715,2.0375,3.20,0.80
2008.05.19 15:40:43.727,2.03715,2.0375,2.40,1.70
2008.05.19 15:40:43.827,2.03715,2.0374,1.60,4.80
2008.05.19 15:40:43.894,2.03705,2.03735,2.20,0.80
2008.05.19 15:40:44.109,2.03705,2.03735,0.60,0.80
2008.05.19 15:40:44.339,2.037,2.03735,0.80,0.80
2008.05.19 15:40:44.741,2.03695,2.03735,2.30,0.80
2008.05.19 15:40:44.941,2.03695,2.03735,3.90,0.80
2008.05.19 15:40:45.365,2.03695,2.03735,2.30,0.80
2008.05.19 15:40:45.629,2.03695,2.03735,3.90,0.80
2008.05.19 15:40:45.889,2.03695,2.03735,2.30,0.80
2008.05.19 15:40:46.096,2.03695,2.03735,3.90,0.80
2008.05.19 15:40:46.598,2.03695,2.03735,2.30,0.80
2008.05.19 15:40:47.130,2.03695,2.03735,3.90,0.80
2008.05.19 15:40:47.210,2.037,2.03735,0.80,0.80
2008.05.19 15:40:48.224,2.037,2.0374,0.80,0.80
2008.05.19 15:40:48.387,2.037,2.0374,0.60,0.80
2008.05.19 15:40:48.542,2.037,2.0375,0.60,1.70
2008.05.19 15:40:48.757,2.03705,2.0375,1.60,1.70
2008.05.19 15:40:48.872,2.03705,2.0375,2.40,0.80
2008.05.19 15:40:49.089,2.03705,2.0375,0.80,0.80
2008.05.19 15:40:51.728,2.03705,2.0375,2.30,0.80
2008.05.19 15:40:52.052,2.0371,2.0375,0.80,0.80
2008.05.19 15:40:52.233,2.03725,2.0375,0.80,0.80
2008.05.19 15:40:52.322,2.03725,2.03755,0.80,1.60
2008.05.19 15:40:52.413,2.03725,2.03755,1.60,1.60
2008.05.19 15:40:52.578,2.03725,2.0376,1.60,0.80
2008.05.19 15:40:54.239,2.03725,2.0376,0.80,0.80
2008.05.19 15:40:56.877,2.03725,2.0376,1.60,0.80
2008.05.19 15:40:57.039,2.0373,2.03775,0.80,1.60
2008.05.19 15:40:57.219,2.03725,2.03775,0.80,2.50
2008.05.19 15:40:57.398,2.03725,2.03775,2.40,0.90
2008.05.19 15:40:57.868,2.03725,2.0378,3.20,1.70
2008.05.19 15:40:59.630,2.03725,2.0378,3.90,1.70
2008.05.19 15:40:59.713,2.0373,2.0378,0.80,0.80
2008.05.19 15:41:00.593,2.03725,2.0378,4.70,1.70
2008.05.19 15:41:00.946,2.03725,2.0378,3.90,1.70
2008.05.19 15:41:01.104,2.0375,2.0378,0.80,0.80
2008.05.19 15:41:01.343,2.0375,2.03785,0.80,4.00
2008.05.19 15:41:01.403,2.0375,2.03795,0.80,0.50
2008.05.19 15:41:01.477,2.03745,2.03795,5.60,0.50
2008.05.19 15:41:01.538,2.03745,2.0378,5.60,0.80
2008.05.19 15:41:01.673,2.0375,2.0378,0.80,0.80
2008.05.19 15:41:01.943,2.03755,2.0378,0.80,0.80
2008.05.19 15:41:04.079,2.03755,2.0378,1.60,0.80
2008.05.19 15:41:04.256,2.03755,2.0378,3.10,0.80
2008.05.19 15:41:04.397,2.03755,2.0378,3.90,0.80
2008.05.19 15:41:05.039,2.03755,2.0378,3.00,0.80
2008.05.19 15:41:06.059,2.03755,2.0378,4.60,0.80
2008.05.19 15:41:06.239,2.0376,2.0378,0.80,0.80
2008.05.19 15:41:06.598,2.0376,2.0381,0.80,0.80
2008.05.19 15:41:07.672,2.03755,2.0381,5.50,1.70
2008.05.19 15:41:07.928,2.03755,2.0381,4.70,1.70
2008.05.19 15:41:08.136,2.0377,2.0381,0.80,0.80
2008.05.19 15:41:09.019,2.03765,2.0381,5.40,0.80
2008.05.19 15:41:09.160,2.0377,2.0381,0.80,0.80
2008.05.19 15:41:10.441,2.03765,2.0381,6.30,0.80
2008.05.19 15:41:10.536,2.03765,2.038,6.30,0.80
2008.05.19 15:41:10.633,2.03765,2.038,5.40,0.80
2008.05.19 15:41:10.922,2.0377,2.038,0.80,0.80
2008.05.19 15:41:11.003,2.0377,2.03815,0.80,4.00
2008.05.19 15:41:11.073,2.0377,2.03815,0.80,1.60
2008.05.19 15:41:11.202,2.0377,2.0382,0.80,0.80
2008.05.19 15:41:12.841,2.03775,2.0382,4.00,0.80
2008.05.19 15:41:12.926,2.03785,2.0382,0.80,0.80
2008.05.19 15:41:13.095,2.03785,2.0382,1.60,0.80
2008.05.19 15:41:14.867,2.03785,2.0382,0.80,0.80
2008.05.19 15:41:15.172,2.03805,2.0382,0.80,0.80
2008.05.19 15:41:15.264,2.03805,2.03825,4.90,0.50
2008.05.19 15:41:15.355,2.03805,2.03825,11.40,0.50
2008.05.19 15:41:15.446,2.03805,2.03825,4.80,0.50
2008.05.19 15:41:15.558,2.03805,2.03835,4.00,2.40
2008.05.19 15:41:15.669,2.03805,2.0384,4.00,2.80
2008.05.19 15:41:15.790,2.03805,2.0384,4.00,2.70
2008.05.19 15:41:15.902,2.03805,2.0384,5.60,2.70
2008.05.19 15:41:16.122,2.0381,2.0384,0.80,2.70
2008.05.19 15:41:16.233,2.03825,2.0384,0.80,2.70
2008.05.19 15:41:16.344,2.03825,2.0384,0.80,1.90
2008.05.19 15:41:16.703,2.03825,2.0384,1.60,1.90
2008.05.19 15:41:16.950,2.03825,2.0384,0.80,1.90
2008.05.19 15:41:17.441,2.03815,2.0384,1.60,1.90
2008.05.19 15:41:18.198,2.03815,2.0384,0.80,1.90
2008.05.19 15:41:21.693,2.03815,2.0384,0.80,1.90
2008.05.19 15:41:21.890,2.03815,2.0384,0.80,0.50
2008.05.19 15:41:23.235,2.03805,2.0384,5.60,1.30
2008.05.19 15:41:23.437,2.03805,2.0384,2.40,0.50
2008.05.19 15:41:26.112,2.03805,2.0384,4.00,0.80
2008.05.19 15:41:27.310,2.03805,2.0384,4.60,0.80
2008.05.19 15:41:28.116,2.03805,2.0384,7.00,1.30
2008.05.19 15:41:28.268,2.0381,2.0384,0.80,0.80
2008.05.19 15:41:28.467,2.03805,2.0384,5.40,1.20
2008.05.19 15:41:28.621,2.03825,2.0384,0.80,1.30
2008.05.19 15:41:28.798,2.03815,2.0384,1.60,0.90
2008.05.19 15:41:28.972,2.03815,2.0384,2.40,1.20
2008.05.19 15:41:29.332,2.03825,2.0384,1.60,1.40
2008.05.19 15:41:29.723,2.03815,2.0384,0.80,0.50
2008.05.19 15:41:33.350,2.03805,2.0384,4.80,1.60
2008.05.19 15:41:33.430,2.03805,2.0384,2.40,1.20
2008.05.19 15:41:34.008,2.03805,2.0384,1.60,1.70
2008.05.19 15:41:34.129,2.03795,2.0384,3.80,0.90
2008.05.19 15:41:34.379,2.03795,2.0383,0.80,0.80
2008.05.19 15:41:41.013,2.03795,2.0383,2.40,0.80
2008.05.19 15:41:42.200,2.038,2.0383,0.80,0.80
2008.05.19 15:41:42.275,2.03805,2.0383,2.40,0.80
2008.05.19 15:41:42.359,2.03815,2.0384,0.80,1.30
2008.05.19 15:41:42.499,2.03815,2.0384,0.80,0.50
2008.05.19 15:41:42.574,2.03795,2.0383,4.80,0.80
2008.05.19 15:41:42.721,2.03795,2.0383,3.20,0.80
2008.05.19 15:41:54.520,2.03795,2.0383,2.40,0.80
2008.05.19 15:41:54.853,2.03795,2.0383,1.60,0.80
2008.05.19 15:41:55.678,2.03795,2.0383,1.60,1.70
2008.05.19 15:41:55.784,2.03795,2.0383,0.80,1.70
2008.05.19 15:41:55.893,2.03795,2.0382,0.80,0.80
2008.05.19 15:41:55.936,2.03795,2.0382,0.80,1.70
2008.05.19 15:41:56.026,2.03785,2.0382,2.40,1.70
2008.05.19 15:41:56.224,2.03785,2.0382,1.60,0.80
2008.05.19 15:41:56.410,2.03785,2.0382,1.60,1.70
2008.05.19 15:41:56.884,2.03775,2.03815,2.40,0.90
2008.05.19 15:41:57.094,2.03775,2.0381,1.60,0.80
2008.05.19 15:41:57.305,2.03765,2.0381,3.00,1.70
2008.05.19 15:41:58.314,2.03765,2.0381,1.40,1.70
2008.05.19 15:41:59.258,2.03765,2.0381,2.20,0.80
2008.05.19 15:41:59.345,2.03785,2.03815,0.80,2.50
2008.05.19 15:41:59.432,2.03785,2.03815,1.60,1.60
2008.05.19 15:41:59.722,2.03785,2.03815,0.80,1.60
2008.05.19 15:42:00.232,2.03785,2.03825,0.80,0.60
2008.05.19 15:42:00.483,2.03785,2.0383,0.80,1.70
2008.05.19 15:42:00.852,2.03785,2.0383,1.60,0.80
2008.05.19 15:42:01.174,2.03785,2.0383,3.20,0.80
2008.05.19 15:42:01.294,2.03785,2.03815,1.60,0.90
2008.05.19 15:42:01.600,2.03785,2.0382,1.60,0.80
2008.05.19 15:42:01.721,2.03785,2.0382,3.20,0.80
2008.05.19 15:42:01.847,2.03785,2.0382,1.60,0.80
2008.05.19 15:42:02.370,2.03785,2.0382,2.40,0.80
2008.05.19 15:42:04.571,2.03785,2.0382,0.80,0.80
2008.05.19 15:42:09.329,2.03775,2.0382,7.80,0.80
2008.05.19 15:42:09.385,2.03775,2.0382,5.40,0.80
2008.05.19 15:42:09.769,2.03775,2.0382,6.20,0.80
2008.05.19 15:42:09.815,2.03775,2.0382,8.60,0.80
2008.05.19 15:42:09.873,2.03785,2.0382,0.80,0.80
2008.05.19 15:42:10.469,2.03775,2.0382,5.40,0.80
2008.05.19 15:42:10.568,2.03775,2.0382,4.80,0.80
2008.05.19 15:42:10.814,2.0378,2.0382,0.80,0.80
2008.05.19 15:42:10.916,2.03785,2.0382,2.40,0.80
2008.05.19 15:42:12.740,2.03785,2.0382,4.00,0.80
2008.05.19 15:42:13.085,2.03785,2.0382,2.40,0.80
2008.05.19 15:42:13.188,2.0379,2.0382,0.80,0.80
2008.05.19 15:42:13.343,2.03795,2.0382,0.80,0.80
2008.05.19 15:42:13.441,2.03795,2.0382,1.60,0.80
2008.05.19 15:42:13.750,2.03795,2.0382,2.40,0.80
2008.05.19 15:42:14.681,2.03795,2.0382,4.00,0.80
2008.05.19 15:42:14.797,2.03795,2.0384,4.00,2.80
2008.05.19 15:42:15.038,2.03795,2.0384,3.20,1.90
2008.05.19 15:42:15.390,2.03795,2.0384,3.20,2.80
2008.05.19 15:42:15.747,2.038,2.0384,0.80,1.90
2008.05.19 15:42:16.026,2.03795,2.0384,1.60,1.90
2008.05.19 15:42:16.214,2.03795,2.0384,3.20,1.90
2008.05.19 15:42:16.377,2.038,2.0384,0.80,1.90
2008.05.19 15:42:17.016,2.0381,2.0384,0.80,1.90
2008.05.19 15:42:17.151,2.03815,2.0384,1.60,1.90
2008.05.19 15:42:18.788,2.03815,2.0384,0.80,2.80
2008.05.19 15:42:18.867,2.03805,2.0383,1.60,0.80
2008.05.19 15:42:19.224,2.03795,2.0383,1.60,0.80
2008.05.19 15:42:27.666,2.03795,2.03825,0.80,0.90
2008.05.19 15:42:27.737,2.03795,2.03825,0.80,3.30
2008.05.19 15:42:27.942,2.03785,2.0381,2.40,0.80
2008.05.19 15:42:28.075,2.03785,2.0381,1.60,0.80
2008.05.19 15:42:28.175,2.03775,2.0381,2.40,0.80
2008.05.19 15:42:28.733,2.03775,2.0381,4.80,0.80
2008.05.19 15:42:29.348,2.03775,2.0381,5.60,0.80
2008.05.19 15:42:30.538,2.03775,2.0381,3.20,0.80
2008.05.19 15:42:30.858,2.03775,2.03825,3.20,4.10
2008.05.19 15:42:30.973,2.03775,2.03825,6.40,1.70
2008.05.19 15:42:31.088,2.03775,2.03825,4.00,1.70
2008.05.19 15:42:31.343,2.03775,2.03825,4.80,0.90
2008.05.19 15:42:31.460,2.0378,2.0383,0.80,1.40
2008.05.19 15:42:31.575,2.03785,2.0383,1.60,1.40
2008.05.19 15:42:31.833,2.03785,2.0382,1.60,0.90
2008.05.19 15:42:31.948,2.03785,2.0382,1.60,1.70
2008.05.19 15:42:32.257,2.03775,2.0382,2.40,1.70
2008.05.19 15:42:32.556,2.03775,2.0382,0.80,1.70
2008.05.19 15:42:32.865,2.03775,2.0382,3.20,1.70
2008.05.19 15:42:33.007,2.03785,2.0382,0.80,0.80
2008.05.19 15:42:33.086,2.03785,2.0382,1.60,0.80
2008.05.19 15:42:34.728,2.03785,2.0382,2.40,0.80
2008.05.19 15:42:34.941,2.03795,2.0382,0.80,0.80
2008.05.19 15:42:50.940,2.03795,2.0384,0.80,3.50
2008.05.19 15:42:51.052,2.03795,2.0384,2.40,3.50
2008.05.19 15:42:51.415,2.03795,2.03835,2.40,0.90
2008.05.19 15:42:51.560,2.03795,2.0383,2.40,0.80
2008.05.19 15:42:51.707,2.03795,2.0384,2.40,3.50
2008.05.19 15:42:51.859,2.03795,2.0384,1.60,1.90
2008.05.19 15:42:52.149,2.03795,2.0384,3.20,1.90
2008.05.19 15:42:52.457,2.03815,2.0384,0.80,1.90
2008.05.19 15:42:53.799,2.03815,2.03835,0.80,0.90
2008.05.19 15:42:53.907,2.03795,2.03835,0.80,0.90
2008.05.19 15:42:57.290,2.03795,2.03835,1.60,0.90
2008.05.19 15:42:57.470,2.03805,2.0384,2.40,1.90
2008.05.19 15:42:57.610,2.03815,2.0384,0.80,1.90
2008.05.19 15:42:59.868,2.03815,2.0384,1.60,1.90
2008.05.19 15:43:00.077,2.03815,2.03835,0.80,0.90
2008.05.19 15:43:00.282,2.03795,2.0383,3.20,0.80
2008.05.19 15:43:00.860,2.03795,2.0383,1.60,0.80
2008.05.19 15:43:04.460,2.03795,2.0383,2.40,0.80
2008.05.19 15:43:05.505,2.03795,2.0383,1.60,0.80
2008.05.19 15:43:05.965,2.03795,2.0382,1.60,0.90
2008.05.19 15:43:06.196,2.03795,2.0382,0.80,0.90
2008.05.19 15:43:06.297,2.03785,2.0381,1.60,0.80
2008.05.19 15:43:06.390,2.03775,2.0381,6.20,0.80
2008.05.19 15:43:07.021,2.0378,2.0381,0.80,0.80
2008.05.19 15:43:07.111,2.03795,2.0383,0.80,0.80
2008.05.19 15:43:07.820,2.03795,2.03825,0.80,0.90
2008.05.19 15:43:08.085,2.03785,2.03825,2.40,0.90
2008.05.19 15:43:08.351,2.03775,2.03825,0.80,2.50
2008.05.19 15:43:08.555,2.03775,2.03825,2.40,0.90
2008.05.19 15:43:08.951,2.03775,2.03825,3.20,0.90
2008.05.19 15:43:09.265,2.0378,2.0383,0.80,0.80
2008.05.19 15:43:09.365,2.03795,2.0383,0.80,0.80
2008.05.19 15:43:09.965,2.03795,2.03835,0.80,0.90
2008.05.19 15:43:10.105,2.03795,2.03835,1.60,0.90
2008.05.19 15:43:10.685,2.03795,2.03825,1.60,0.90
2008.05.19 15:43:10.803,2.03795,2.0383,0.80,1.70
2008.05.19 15:43:10.944,2.03785,2.0383,2.40,1.70
2008.05.19 15:43:11.162,2.03775,2.0382,5.40,0.80
2008.05.19 15:43:11.400,2.03795,2.0383,0.80,3.30
2008.05.19 15:43:11.500,2.03795,2.0383,0.80,0.90
2008.05.19 15:43:11.865,2.03785,2.0383,1.60,0.80
2008.05.19 15:43:12.111,2.03785,2.0383,4.80,1.70
2008.05.19 15:43:12.356,2.0379,2.0383,0.80,0.80
2008.05.19 15:43:12.603,2.0381,2.0383,0.80,0.80
2008.05.19 15:43:12.799,2.03815,2.0383,0.80,0.80
2008.05.19 15:43:13.201,2.03815,2.0383,1.60,0.80
2008.05.19 15:43:13.385,2.03805,2.0383,2.40,0.80
2008.05.19 15:43:13.817,2.03805,2.0383,0.80,0.80
2008.05.19 15:43:14.420,2.03805,2.0384,1.60,2.70
2008.05.19 15:43:15.976,2.03815,2.0384,1.60,2.70
2008.05.19 15:43:16.118,2.03825,2.0384,0.80,1.90
2008.05.19 15:43:24.104,2.03815,2.0384,1.60,1.90
2008.05.19 15:43:24.300,2.03805,2.0384,3.20,1.90
2008.05.19 15:43:24.672,2.03815,2.0384,1.60,1.90
2008.05.19 15:43:25.340,2.03805,2.0384,1.60,1.90
2008.05.19 15:43:26.325,2.03805,2.0384,3.20,1.90
2008.05.19 15:43:29.572,2.0381,2.0384,0.80,1.90
2008.05.19 15:43:29.634,2.03825,2.0384,0.80,1.90
2008.05.19 15:43:33.517,2.03825,2.0384,2.40,1.90
2008.05.19 15:43:35.206,2.03825,2.0384,0.80,1.90
2008.05.19 15:43:36.236,2.03825,2.0384,2.40,1.90
2008.05.19 15:43:38.190,2.03825,2.0384,0.80,1.90
2008.05.19 15:43:39.799,2.03815,2.0384,6.40,1.90
2008.05.19 15:43:39.901,2.03815,2.0384,3.20,1.90
2008.05.19 15:43:40.222,2.03825,2.0384,0.80,1.90
2008.05.19 15:43:40.701,2.03825,2.0384,1.60,1.90
2008.05.19 15:43:41.316,2.03825,2.03875,3.20,0.60
2008.05.19 15:43:41.532,2.03825,2.0387,2.40,0.90
2008.05.19 15:43:41.749,2.03825,2.0386,2.40,0.90
2008.05.19 15:43:42.354,2.03825,2.0386,0.80,0.90
2008.05.19 15:43:43.940,2.03825,2.0385,0.80,0.90
2008.05.19 15:43:44.155,2.03815,2.0383,3.20,0.40
2008.05.19 15:43:44.225,2.03815,2.0383,2.40,0.40
2008.05.19 15:43:44.409,2.03815,2.0383,0.80,0.40
2008.05.19 15:43:45.391,2.03815,2.0383,2.40,0.40
2008.05.19 15:43:45.616,2.03815,2.0383,0.80,0.40
2008.05.19 15:43:48.582,2.03805,2.0383,3.20,0.40
2008.05.19 15:43:50.055,2.03815,2.0383,0.80,0.40
2008.05.19 15:43:52.246,2.03825,2.03855,0.80,0.90
2008.05.19 15:43:52.444,2.03825,2.0386,0.80,0.90
2008.05.19 15:43:52.685,2.03825,2.0386,0.80,1.70
2008.05.19 15:43:53.962,2.03825,2.0386,0.80,0.80
2008.05.19 15:43:54.118,2.03825,2.03865,0.80,0.90
2008.05.19 15:43:54.190,2.03825,2.03855,0.80,0.90
2008.05.19 15:43:54.329,2.03815,2.03855,0.80,0.90
2008.05.19 15:43:56.052,2.03815,2.0383,0.80,0.40
2008.05.19 15:43:58.191,2.03815,2.0383,3.20,0.40
2008.05.19 15:43:58.371,2.03825,2.0383,0.80,0.40
2008.05.19 15:43:58.766,2.03825,2.0386,0.80,0.90
2008.05.19 15:44:02.501,2.03825,2.03855,0.80,0.90
2008.05.19 15:44:02.895,2.03825,2.0385,0.80,0.90
2008.05.19 15:44:05.381,2.03825,2.0384,0.80,0.90
2008.05.19 15:44:05.509,2.03815,2.0384,3.20,0.90
2008.05.19 15:44:05.571,2.03815,2.0383,2.40,0.40
2008.05.19 15:44:05.768,2.03815,2.0383,0.80,0.40
2008.05.19 15:44:07.046,2.03805,2.0383,1.60,0.40
2008.05.19 15:44:07.285,2.03805,2.0383,0.80,0.40
2008.05.19 15:44:18.110,2.03795,2.0383,4.00,0.40
2008.05.19 15:44:18.212,2.03795,2.0383,3.20,1.20
2008.05.19 15:44:18.313,2.03795,2.0383,2.40,1.20
2008.05.19 15:44:18.413,2.03795,2.0383,0.80,1.20
2008.05.19 15:44:19.056,2.03795,2.0383,0.80,0.40
2008.05.19 15:44:21.366,2.03795,2.0383,1.60,0.40
2008.05.19 15:44:21.486,2.03795,2.0383,2.40,0.40
2008.05.19 15:44:21.687,2.03795,2.0383,1.60,0.40
2008.05.19 15:44:21.927,2.03795,2.0383,1.60,1.20
2008.05.19 15:44:22.244,2.03785,2.0383,3.80,1.20
2008.05.19 15:44:22.494,2.03795,2.0383,0.80,0.40
2008.05.19 15:44:23.015,2.03795,2.0383,2.40,0.40
2008.05.19 15:44:26.400,2.03795,2.0383,0.80,1.20
2008.05.19 15:44:26.588,2.03795,2.0383,0.80,0.40
2008.05.19 15:44:26.937,2.03795,2.0383,2.40,1.20
2008.05.19 15:44:27.112,2.03795,2.0383,0.80,1.20
2008.05.19 15:44:27.298,2.03795,2.0383,0.80,2.00
2008.05.19 15:44:32.507,2.03795,2.03825,0.80,0.90
2008.05.19 15:44:32.716,2.03785,2.03825,3.20,0.90
2008.05.19 15:44:32.924,2.03785,2.03825,0.80,0.90
2008.05.19 15:44:34.431,2.03795,2.0383,0.80,1.10
2008.05.19 15:44:34.661,2.03805,2.0383,0.80,0.40
2008.05.19 15:44:44.737,2.03805,2.0383,0.80,1.20
2008.05.19 15:44:46.196,2.03805,2.0383,0.80,0.40
2008.05.19 15:44:55.989,2.03795,2.0383,0.80,0.40
2008.05.19 15:44:56.059,2.03795,2.0383,0.80,1.20
2008.05.19 15:44:56.130,2.03795,2.0383,0.80,0.40
2008.05.19 15:44:56.336,2.03785,2.0383,2.40,0.40
2008.05.19 15:44:56.490,2.03785,2.03825,2.40,0.90
2008.05.19 15:44:56.615,2.03785,2.03825,0.80,0.90
2008.05.19 15:44:59.362,2.03785,2.0383,0.80,2.70
2008.05.19 15:44:59.566,2.03785,2.0383,1.60,2.70
2008.05.19 15:44:59.674,2.03785,2.0383,0.80,1.20
2008.05.19 15:44:59.848,2.03785,2.0383,2.40,1.20
2008.05.19 15:45:00.609,2.03785,2.0383,2.40,0.40
2008.05.19 15:45:00.674,2.03795,2.0383,0.80,0.40
2008.05.19 15:45:01.535,2.03795,2.0383,0.80,1.20
2008.05.19 15:45:01.673,2.03795,2.0383,0.80,0.40
2008.05.19 15:45:02.653,2.03795,2.0383,0.80,1.20
2008.05.19 15:45:03.216,2.03795,2.0383,0.80,0.40
2008.05.19 15:45:03.301,2.03805,2.0383,0.80,0.40
2008.05.19 15:45:07.162,2.03805,2.0383,1.60,0.40
2008.05.19 15:45:07.214,2.03815,2.0383,0.80,0.40
2008.05.19 15:45:13.638,2.03805,2.0383,3.20,0.40
2008.05.19 15:45:13.744,2.03805,2.0383,2.40,0.40
2008.05.19 15:45:13.849,2.03805,2.0383,1.60,0.40
2008.05.19 15:45:14.408,2.03805,2.0383,0.80,0.40
2008.05.19 15:45:16.039,2.03815,2.0383,0.80,0.40
2008.05.19 15:45:16.300,2.03805,2.0383,0.80,0.40
2008.05.19 15:45:16.371,2.03815,2.0383,0.80,0.40
2008.05.19 15:45:16.441,2.03825,2.03845,0.80,2.40
2008.05.19 15:45:17.414,2.03815,2.0384,0.80,0.90
2008.05.19 15:45:17.610,2.03805,2.0383,2.40,0.40
2008.05.19 15:45:17.722,2.03805,2.0383,2.40,1.20
2008.05.19 15:45:17.922,2.03805,2.0383,0.80,1.20
2008.05.19 15:45:18.122,2.03805,2.0383,0.80,0.40
2008.05.19 15:45:18.442,2.03805,2.0383,0.80,1.20
2008.05.19 15:45:18.592,2.03815,2.0383,2.40,1.20
2008.05.19 15:45:18.902,2.03805,2.0383,0.80,1.20
2008.05.19 15:45:19.052,2.03805,2.0383,0.80,0.40
2008.05.19 15:45:19.501,2.03795,2.0383,1.60,0.40
2008.05.19 15:45:20.341,2.03795,2.0383,3.20,0.40
2008.05.19 15:45:20.621,2.03795,2.0383,2.40,0.40
2008.05.19 15:45:21.613,2.03795,2.0383,2.40,1.20
2008.05.19 15:45:22.009,2.03795,2.0383,0.80,1.20
2008.05.19 15:45:23.182,2.03795,2.0383,0.80,0.40
2008.05.19 15:45:23.509,2.03795,2.0383,2.40,0.40
2008.05.19 15:45:24.262,2.03795,2.0383,3.00,0.40
2008.05.19 15:45:25.369,2.03795,2.0383,2.40,1.20
2008.05.19 15:45:25.798,2.03795,2.0383,0.80,1.20
2008.05.19 15:45:27.101,2.03795,2.0383,0.80,0.40
2008.05.19 15:45:27.241,2.03805,2.0383,0.80,0.40
2008.05.19 15:45:27.610,2.03805,2.03835,0.80,0.90
2008.05.19 15:45:35.613,2.03805,2.0384,0.80,3.20
2008.05.19 15:45:35.691,2.03805,2.0384,0.80,2.40
2008.05.19 15:45:35.838,2.03805,2.03845,0.80,0.90
2008.05.19 15:45:35.968,2.03805,2.0385,0.80,3.00
2008.05.19 15:45:36.089,2.03815,2.0385,2.40,3.00
2008.05.19 15:45:36.150,2.03825,2.0385,0.80,0.60
2008.05.19 15:45:36.328,2.03825,2.03855,0.80,3.20
2008.05.19 15:45:36.390,2.03825,2.03855,0.80,1.60
2008.05.19 15:45:38.155,2.03825,2.03855,0.80,2.00
2008.05.19 15:45:38.901,2.03815,2.03855,3.20,2.00
2008.05.19 15:45:38.946,2.03815,2.03845,0.80,0.90
2008.05.19 15:45:39.204,2.03805,2.03845,0.80,0.90
2008.05.19 15:45:41.338,2.03815,2.03845,2.40,0.90
2008.05.19 15:45:41.449,2.03815,2.03855,2.40,3.60
2008.05.19 15:45:41.518,2.03825,2.03855,0.80,3.20
2008.05.19 15:45:41.638,2.03825,2.0385,0.80,0.90
2008.05.19 15:45:41.710,2.03815,2.0385,3.20,0.90
2008.05.19 15:45:41.747,2.03815,2.0385,0.80,0.90
2008.05.19 15:45:43.078,2.03805,2.0384,2.40,0.90
2008.05.19 15:45:43.299,2.03795,2.0383,2.40,0.90
2008.05.19 15:45:43.730,2.03795,2.0383,0.80,0.90
2008.05.19 15:45:44.269,2.03795,2.0384,2.40,0.90
2008.05.19 15:45:44.965,2.03795,2.0383,2.40,0.90
2008.05.19 15:45:45.306,2.03795,2.0383,0.80,0.90
2008.05.19 15:45:49.592,2.03795,2.03835,0.80,3.30
2008.05.19 15:45:49.819,2.03795,2.03835,0.80,0.90
2008.05.19 15:45:50.121,2.03795,2.03835,2.40,0.90
2008.05.19 15:45:50.401,2.03795,2.03835,1.60,0.90
2008.05.19 15:45:50.828,2.03795,2.03835,3.20,0.90
2008.05.19 15:45:52.968,2.03795,2.03835,3.80,0.90
2008.05.19 15:45:58.260,2.03795,2.03835,2.20,0.90
2008.05.19 15:45:58.881,2.03795,2.03835,3.80,0.90
2008.05.19 15:45:59.010,2.03795,2.0382,2.20,0.80
2008.05.19 15:45:59.090,2.03795,2.0382,1.60,0.80
2008.05.19 15:45:59.128,2.03795,2.038,1.60,0.90
2008.05.19 15:45:59.294,2.03795,2.038,0.80,0.90
2008.05.19 15:45:59.332,2.0379,2.038,0.60,0.90
2008.05.19 15:45:59.416,2.03785,2.038,3.20,0.90
2008.05.19 15:45:59.541,2.03785,2.038,0.80,0.90
2008.05.19 15:45:59.635,2.03775,2.038,2.40,0.90
2008.05.19 15:45:59.806,2.03775,2.038,0.80,0.90
2008.05.19 15:46:00.304,2.03775,2.03795,0.80,0.90
2008.05.19 15:46:00.584,2.03765,2.03795,0.80,0.90
2008.05.19 15:46:02.329,2.03765,2.0379,0.80,0.90
2008.05.19 15:46:02.780,2.03765,2.03795,0.80,0.90
2008.05.19 15:46:04.183,2.03765,2.0379,0.80,0.90
2008.05.19 15:46:11.673,2.03765,2.038,0.80,4.10
2008.05.19 15:46:11.881,2.03775,2.038,0.80,4.10
2008.05.19 15:46:11.966,2.03775,2.038,0.80,1.70
2008.05.19 15:46:12.249,2.03775,2.03795,0.80,0.90
2008.05.19 15:46:12.401,2.03765,2.03795,1.60,0.90
2008.05.19 15:46:12.553,2.03765,2.03795,0.80,0.90
2008.05.19 15:46:14.230,2.03755,2.03795,4.80,0.90
2008.05.19 15:46:14.791,2.03755,2.03795,5.60,0.90
2008.05.19 15:46:15.544,2.03755,2.03795,6.40,0.90
2008.05.19 15:46:15.809,2.03755,2.03795,7.00,0.90
2008.05.19 15:46:15.904,2.03765,2.03795,0.80,0.90
2008.05.19 15:46:15.990,2.03775,2.03795,2.40,0.90
2008.05.19 15:46:16.182,2.03785,2.03795,0.80,0.90
2008.05.19 15:46:16.271,2.03785,2.038,0.80,0.90
2008.05.19 15:46:16.493,2.03765,2.038,1.60,0.90
2008.05.19 15:46:20.665,2.03765,2.0379,1.60,0.90
2008.05.19 15:46:21.338,2.03775,2.0379,2.40,0.90
2008.05.19 15:46:21.439,2.03775,2.038,2.40,0.80
2008.05.19 15:46:21.539,2.03785,2.03805,0.80,1.60
2008.05.19 15:46:21.694,2.03785,2.038,0.80,0.90
2008.05.19 15:46:21.897,2.03775,2.038,0.80,0.90
2008.05.19 15:46:22.057,2.03765,2.038,3.20,0.90
2008.05.19 15:46:22.284,2.03765,2.0381,3.20,3.30
2008.05.19 15:46:22.543,2.03775,2.0381,0.80,0.90
2008.05.19 15:46:24.085,2.03775,2.038,0.80,0.90
2008.05.19 15:46:24.282,2.03775,2.0379,0.80,0.90
2008.05.19 15:46:24.541,2.03765,2.0379,2.40,0.90
2008.05.19 15:46:24.635,2.03765,2.0379,0.80,0.90
2008.05.19 15:46:41.280,2.03765,2.03785,0.80,0.90
2008.05.19 15:46:41.402,2.03755,2.03785,2.40,0.90
2008.05.19 15:46:41.661,2.03745,2.03785,5.40,0.90
2008.05.19 15:46:41.734,2.03745,2.03785,3.80,0.90
2008.05.19 15:46:42.191,2.03745,2.03785,1.40,0.90
2008.05.19 15:46:44.707,2.03745,2.0379,1.40,1.70
2008.05.19 15:46:45.351,2.03745,2.03785,3.80,0.90
2008.05.19 15:46:45.459,2.03745,2.03785,1.40,0.90
2008.05.19 15:46:45.566,2.03745,2.03785,0.80,0.90
2008.05.19 15:46:47.451,2.03775,2.03785,0.50,0.90
2008.05.19 15:46:49.443,2.03745,2.03785,0.80,0.90
2008.05.19 15:46:49.572,2.0374,2.03785,0.60,0.90
2008.05.19 15:46:54.747,2.03745,2.03785,0.80,0.90
2008.05.19 15:46:56.788,2.03745,2.0378,0.80,0.90
2008.05.19 15:46:56.944,2.03745,2.0378,0.80,1.70
2008.05.19 15:46:57.402,2.0374,2.0378,0.60,1.70
2008.05.19 15:46:57.966,2.03735,2.03775,3.00,0.90
2008.05.19 15:46:58.738,2.03735,2.03775,2.40,0.90
2008.05.19 15:46:59.274,2.03735,2.0376,2.40,0.90
2008.05.19 15:46:59.385,2.03735,2.0376,1.60,0.90
2008.05.19 15:46:59.481,2.03735,2.0376,0.80,0.90
2008.05.19 15:47:00.205,2.03735,2.03755,0.80,0.90
2008.05.19 15:47:00.447,2.03725,2.0375,0.60,0.80
2008.05.19 15:47:01.058,2.03715,2.0375,7.00,0.80
2008.05.19 15:47:01.174,2.03715,2.0375,5.40,0.80
2008.05.19 15:47:04.025,2.03715,2.0375,4.80,0.80
2008.05.19 15:47:04.711,2.03715,2.0375,4.00,0.80
2008.05.19 15:47:07.933,2.03715,2.0375,1.60,0.80
2008.05.19 15:47:08.409,2.03715,2.0375,0.80,0.80
2008.05.19 15:47:08.591,2.03705,2.03735,2.40,0.90
2008.05.19 15:47:08.950,2.03705,2.03735,0.80,0.90
2008.05.19 15:47:10.837,2.03705,2.03735,1.60,0.90
2008.05.19 15:47:11.694,2.03705,2.03735,0.80,0.90
2008.05.19 15:47:13.598,2.03705,2.03735,1.60,0.90
2008.05.19 15:47:13.804,2.03705,2.03735,0.80,0.90
2008.05.19 15:47:14.010,2.03705,2.0374,3.20,1.70
2008.05.19 15:47:14.216,2.03705,2.0374,4.00,1.70
2008.05.19 15:47:14.422,2.03705,2.0374,4.00,0.80
2008.05.19 15:47:14.837,2.03705,2.0374,5.60,0.80
2008.05.19 15:47:15.228,2.03705,2.0374,3.20,0.80
2008.05.19 15:47:15.431,2.03705,2.03735,2.40,0.90
2008.05.19 15:47:15.812,2.03695,2.03735,2.40,0.90
2008.05.19 15:47:15.988,2.03695,2.0374,0.80,1.70
2008.05.19 15:47:16.337,2.03695,2.0374,2.40,1.70
2008.05.19 15:47:19.457,2.03695,2.0374,3.20,1.70
2008.05.19 15:47:19.789,2.03695,2.0374,2.40,1.70
2008.05.19 15:47:20.411,2.03695,2.0373,2.40,0.90
2008.05.19 15:47:20.508,2.03695,2.0373,0.80,0.90
2008.05.19 15:47:22.803,2.03695,2.0374,0.80,4.10
2008.05.19 15:47:23.047,2.03695,2.0374,1.60,1.70
2008.05.19 15:47:23.426,2.03695,2.0374,2.40,1.70
2008.05.19 15:47:24.064,2.03695,2.03735,2.40,2.40
2008.05.19 15:47:24.166,2.03695,2.0373,2.40,1.70
2008.05.19 15:47:24.382,2.03695,2.0373,0.80,1.70
2008.05.19 15:47:27.425,2.03695,2.0372,0.80,0.90
2008.05.19 15:47:31.910,2.03685,2.0372,0.80,0.90
2008.05.19 15:47:32.016,2.03685,2.0371,0.80,0.90
2008.05.19 15:47:32.226,2.03675,2.037,3.00,0.90
2008.05.19 15:47:32.343,2.03675,2.037,2.40,0.90
2008.05.19 15:47:32.450,2.03675,2.037,0.80,0.90
2008.05.19 15:47:34.917,2.03665,2.037,2.40,1.70
2008.05.19 15:47:35.323,2.03665,2.037,2.40,0.80
2008.05.19 15:47:35.458,2.03665,2.037,4.00,0.80
2008.05.19 15:47:35.539,2.03675,2.037,0.80,0.80
2008.05.19 15:47:35.975,2.03675,2.037,4.00,0.80
2008.05.19 15:47:36.573,2.03675,2.037,0.80,0.80
2008.05.19 15:47:36.906,2.03665,2.037,2.40,0.80
2008.05.19 15:47:37.067,2.03665,2.037,2.40,1.70
2008.05.19 15:47:37.414,2.03675,2.037,0.80,1.70
2008.05.19 15:47:37.589,2.03655,2.037,4.60,0.80
2008.05.19 15:47:37.766,2.03675,2.037,0.80,1.70
2008.05.19 15:47:37.942,2.03665,2.037,1.60,1.70
2008.05.19 15:47:38.414,2.03655,2.0369,3.80,0.90
2008.05.19 15:47:38.570,2.03655,2.0369,0.60,0.90
2008.05.19 15:47:39.686,2.03655,2.0368,0.60,1.70
2008.05.19 15:47:39.916,2.03655,2.0368,0.60,0.80
2008.05.19 15:47:40.032,2.03655,2.0368,1.40,0.80
2008.05.19 15:47:41.296,2.03655,2.0368,2.20,0.80
2008.05.19 15:47:41.468,2.03655,2.0368,1.40,1.70
2008.05.19 15:47:41.648,2.03655,2.0368,0.60,1.70
2008.05.19 15:47:42.828,2.03655,2.0368,0.60,0.80
2008.05.19 15:47:43.001,2.03655,2.0368,1.40,0.80
2008.05.19 15:47:44.073,2.03655,2.0369,1.40,0.90
2008.05.19 15:47:44.548,2.03655,2.03695,1.40,0.90
2008.05.19 15:47:45.508,2.03655,2.03695,2.20,0.90
2008.05.19 15:47:46.406,2.03655,2.037,2.20,1.70
2008.05.19 15:47:46.500,2.03655,2.037,1.60,1.70
2008.05.19 15:47:46.679,2.03655,2.0369,0.80,0.80
2008.05.19 15:47:46.770,2.0365,2.0369,0.60,1.70
2008.05.19 15:47:46.915,2.03645,2.0369,1.60,1.70
2008.05.19 15:47:47.195,2.0364,2.0369,0.60,1.70
2008.05.19 15:47:47.374,2.0364,2.03685,0.60,0.90
2008.05.19 15:47:48.826,2.0364,2.0369,0.60,4.10
2008.05.19 15:47:48.935,2.0364,2.0369,1.40,3.20
2008.05.19 15:47:49.104,2.03645,2.0369,0.60,3.20
2008.05.19 15:47:49.191,2.03645,2.0369,1.40,3.20
2008.05.19 15:47:49.276,2.03645,2.0369,3.00,0.80
2008.05.19 15:47:49.461,2.03645,2.0369,3.80,0.80
2008.05.19 15:47:49.630,2.0365,2.0369,0.60,0.80
2008.05.19 15:47:51.980,2.03655,2.037,0.80,3.30
2008.05.19 15:47:52.111,2.03655,2.037,3.00,0.90
2008.05.19 15:47:52.130,2.03655,2.0369,3.00,0.90
2008.05.19 15:47:52.420,2.03655,2.0369,3.00,1.70
2008.05.19 15:47:52.522,2.03655,2.0369,1.40,1.70
2008.05.19 15:47:52.807,2.03655,2.0369,0.80,1.70
2008.05.19 15:47:54.380,2.03645,2.03685,5.40,2.40
2008.05.19 15:47:54.576,2.03655,2.0369,0.80,1.70
2008.05.19 15:47:55.285,2.03645,2.0367,2.40,1.70
2008.05.19 15:47:55.395,2.03645,2.0367,1.60,1.70
2008.05.19 15:47:55.662,2.03645,2.0367,2.20,1.70
2008.05.19 15:47:55.804,2.03645,2.0367,1.60,1.70
2008.05.19 15:47:55.944,2.03635,2.0367,3.00,0.80
2008.05.19 15:47:56.084,2.03635,2.0367,2.20,0.80
2008.05.19 15:47:57.223,2.0364,2.0367,0.60,0.80
2008.05.19 15:47:58.818,2.0364,2.0368,0.60,2.40
2008.05.19 15:47:58.909,2.03645,2.03685,1.60,0.90
2008.05.19 15:47:59.001,2.03645,2.0369,2.20,3.20
2008.05.19 15:47:59.093,2.03655,2.0369,1.60,0.80
2008.05.19 15:47:59.356,2.03655,2.0369,3.20,0.80
2008.05.19 15:47:59.837,2.03655,2.0369,1.60,0.80
2008.05.19 15:48:01.922,2.03655,2.0368,1.60,0.90
2008.05.19 15:48:02.160,2.03655,2.0369,1.60,0.80
2008.05.19 15:48:02.240,2.03655,2.0369,0.80,0.80
2008.05.19 15:48:02.417,2.03655,2.0369,1.60,0.80
2008.05.19 15:48:03.361,2.03655,2.0369,2.20,0.80
2008.05.19 15:48:03.772,2.03655,2.0368,1.40,0.90
2008.05.19 15:48:03.978,2.03655,2.0368,0.60,1.70
2008.05.19 15:48:04.132,2.03655,2.0368,0.60,0.80
2008.05.19 15:48:04.342,2.03655,2.03685,1.40,2.40
2008.05.19 15:48:04.557,2.03655,2.037,2.20,0.80
2008.05.19 15:48:04.674,2.03655,2.03695,2.20,0.90
2008.05.19 15:48:04.769,2.03655,2.03695,0.60,0.90
2008.05.19 15:48:05.043,2.0366,2.0369,0.60,0.90
2008.05.19 15:48:06.656,2.0366,2.0368,0.60,0.90
2008.05.19 15:48:06.965,2.0366,2.0368,0.60,1.70
2008.05.19 15:48:07.127,2.03655,2.0368,2.20,1.70
2008.05.19 15:48:07.580,2.03655,2.0368,0.60,1.70
2008.05.19 15:48:07.727,2.03655,2.0368,0.60,0.80
2008.05.19 15:48:07.874,2.03665,2.03695,0.80,0.80
2008.05.19 15:48:08.020,2.03665,2.037,0.80,1.70
2008.05.19 15:48:09.339,2.03665,2.0368,0.80,0.90
2008.05.19 15:48:09.441,2.0366,2.0368,0.60,1.70
2008.05.19 15:48:09.609,2.0366,2.0368,0.60,0.80
2008.05.19 15:48:09.837,2.0366,2.0369,0.60,0.90
2008.05.19 15:48:09.968,2.0366,2.03695,0.60,2.40
2008.05.19 15:48:10.009,2.0366,2.037,0.60,1.70
2008.05.19 15:48:10.675,2.03665,2.037,1.60,1.70
2008.05.19 15:48:13.229,2.03665,2.0369,4.00,0.90
2008.05.19 15:48:13.334,2.03675,2.0369,0.80,0.90
2008.05.19 15:48:13.509,2.03675,2.037,0.80,0.80
2008.05.19 15:48:13.645,2.03675,2.037,0.80,1.70
2008.05.19 15:48:13.771,2.03665,2.037,3.20,1.70
2008.05.19 15:48:13.899,2.03665,2.037,1.60,1.70
2008.05.19 15:48:14.193,2.03665,2.037,4.00,0.80
2008.05.19 15:48:14.318,2.03675,2.037,0.80,0.80
2008.05.19 15:48:14.917,2.03665,2.037,4.80,0.80
2008.05.19 15:48:15.059,2.03665,2.037,2.40,0.80
2008.05.19 15:48:15.200,2.03665,2.037,2.40,1.70
2008.05.19 15:48:15.479,2.03665,2.037,1.60,1.70
2008.05.19 15:48:15.595,2.03665,2.037,1.60,4.10
2008.05.19 15:48:15.751,2.03665,2.0369,1.60,0.80
2008.05.19 15:48:15.996,2.03665,2.037,1.60,0.90
2008.05.19 15:48:16.479,2.0366,2.037,0.60,0.90
2008.05.19 15:48:16.641,2.03665,2.037,4.80,0.90
2008.05.19 15:48:16.767,2.03665,2.037,5.40,0.90
2008.05.19 15:48:17.172,2.03665,2.037,7.00,0.90
2008.05.19 15:48:17.818,2.03675,2.0371,0.80,4.10
2008.05.19 15:48:17.924,2.03675,2.0371,0.80,1.70
2008.05.19 15:48:22.461,2.03675,2.0371,1.40,1.70
2008.05.19 15:48:23.903,2.03675,2.0371,2.20,1.70
2008.05.19 15:48:24.078,2.03675,2.0371,3.00,1.70
2008.05.19 15:48:24.457,2.03675,2.0371,4.60,1.70
2008.05.19 15:48:25.265,2.03675,2.0371,3.00,1.70
2008.05.19 15:48:25.526,2.03675,2.0371,4.60,1.70
2008.05.19 15:48:27.147,2.03675,2.0371,4.60,0.80
2008.05.19 15:48:27.461,2.03685,2.0372,0.80,0.90
2008.05.19 15:48:27.538,2.03685,2.0372,2.40,0.90
2008.05.19 15:48:27.708,2.03685,2.03725,2.40,2.40
2008.05.19 15:48:27.776,2.03695,2.03725,0.80,2.40
2008.05.19 15:48:27.840,2.03695,2.0373,0.80,1.70
2008.05.19 15:48:28.537,2.03695,2.03725,0.80,0.90
2008.05.19 15:48:29.079,2.037,2.0373,0.80,0.80
2008.05.19 15:48:29.349,2.03715,2.03735,0.80,1.60
2008.05.19 15:48:29.629,2.0371,2.03745,0.80,0.90
2008.05.19 15:48:29.740,2.0371,2.0375,0.80,0.80
2008.05.19 15:48:29.849,2.03705,2.0375,2.40,0.80
2008.05.19 15:48:30.073,2.03705,2.0374,2.40,0.90
2008.05.19 15:48:31.017,2.03705,2.0374,2.40,1.70
2008.05.19 15:48:31.157,2.03705,2.0374,1.60,1.70
2008.05.19 15:48:31.447,2.03705,2.03725,1.60,0.90
2008.05.19 15:48:31.729,2.03695,2.0373,3.20,2.40
2008.05.19 15:48:31.869,2.03695,2.03725,3.20,0.90
2008.05.19 15:48:32.011,2.03695,2.0372,3.20,0.90
2008.05.19 15:48:32.178,2.03685,2.0372,3.80,0.90
2008.05.19 15:48:32.344,2.03685,2.0372,3.20,0.90
2008.05.19 15:48:32.510,2.03685,2.03725,3.20,3.30
2008.05.19 15:48:32.676,2.03685,2.03725,5.60,3.30
2008.05.19 15:48:32.850,2.03685,2.03725,4.00,0.90
2008.05.19 15:48:34.429,2.03685,2.03715,4.00,0.90
2008.05.19 15:48:34.483,2.03685,2.0372,1.60,0.90
2008.05.19 15:48:34.644,2.03685,2.0372,1.60,1.70
2008.05.19 15:48:35.193,2.03685,2.0372,2.40,1.70
2008.05.19 15:48:36.270,2.03695,2.0372,0.80,1.70
2008.05.19 15:48:36.882,2.03695,2.03715,0.80,0.90
2008.05.19 15:48:39.849,2.03695,2.0372,0.80,0.80
2008.05.19 15:48:40.113,2.03695,2.03725,0.80,0.90
2008.05.19 15:48:40.576,2.03695,2.03725,3.20,0.90
2008.05.19 15:48:41.132,2.03695,2.03725,0.80,0.90
2008.05.19 15:48:41.372,2.0369,2.03725,0.80,0.90
2008.05.19 15:48:41.487,2.0369,2.03715,0.80,0.90
2008.05.19 15:48:41.597,2.03685,2.03715,2.40,0.90
2008.05.19 15:48:42.018,2.03685,2.03715,0.80,0.90
2008.05.19 15:48:44.715,2.03675,2.03715,4.60,0.90
2008.05.19 15:48:44.775,2.03675,2.03715,4.60,3.30
2008.05.19 15:48:44.883,2.03675,2.03695,4.60,0.90
2008.05.19 15:48:45.037,2.03675,2.03695,2.20,0.90
2008.05.19 15:48:45.086,2.03675,2.03695,1.40,0.90
2008.05.19 15:48:45.183,2.03675,2.037,1.40,0.80
2008.05.19 15:48:45.319,2.03675,2.03715,1.40,3.30
2008.05.19 15:48:45.455,2.03675,2.03715,3.80,0.90
2008.05.19 15:48:45.590,2.03685,2.03715,0.80,0.90
2008.05.19 15:48:47.645,2.03685,2.03705,0.80,0.90
2008.05.19 15:48:47.764,2.03675,2.03705,4.60,0.90
2008.05.19 15:48:47.852,2.03675,2.03715,3.80,2.40
2008.05.19 15:48:48.008,2.03675,2.03715,1.40,2.40
2008.05.19 15:48:48.086,2.03685,2.03715,0.80,2.40
2008.05.19 15:48:48.136,2.03685,2.03725,0.80,0.90
2008.05.19 15:48:48.190,2.03685,2.03715,0.80,0.90
2008.05.19 15:48:49.590,2.03675,2.03715,3.80,0.90
2008.05.19 15:48:49.756,2.03675,2.03705,3.80,0.90
2008.05.19 15:48:49.891,2.03675,2.03715,3.20,3.30
2008.05.19 15:48:50.055,2.03675,2.03715,0.80,3.30
2008.05.19 15:48:50.205,2.03685,2.03715,0.80,0.90
2008.05.19 15:48:50.507,2.03685,2.037,0.80,0.90
2008.05.19 15:48:50.730,2.0367,2.037,0.80,1.70
2008.05.19 15:48:50.940,2.03665,2.037,0.80,1.70
2008.05.19 15:48:51.151,2.0366,2.037,0.60,1.70
2008.05.19 15:48:51.725,2.03665,2.037,0.80,1.70
2008.05.19 15:48:55.940,2.03665,2.03695,0.80,0.90
2008.05.19 15:48:56.616,2.03665,2.037,0.80,1.70
2008.05.19 15:49:03.014,2.03665,2.03695,0.80,0.90
2008.05.19 15:49:03.539,2.03665,2.037,0.80,1.70
2008.05.19 15:49:04.091,2.03665,2.03695,0.80,0.90
2008.05.19 15:49:04.384,2.03665,2.03695,1.60,0.90
2008.05.19 15:49:04.655,2.03665,2.03695,0.80,0.90
2008.05.19 15:49:04.788,2.03665,2.037,0.80,0.80
2008.05.19 15:49:04.910,2.03675,2.037,0.80,0.80
2008.05.19 15:49:05.040,2.03675,2.037,3.20,0.80
2008.05.19 15:49:05.162,2.03665,2.0369,2.40,0.80
2008.05.19 15:49:05.421,2.0366,2.0369,0.60,0.80
2008.05.19 15:49:06.691,2.0366,2.037,0.60,1.70
2008.05.19 15:49:07.156,2.0366,2.03695,0.60,0.90
2008.05.19 15:49:08.030,2.03655,2.03695,1.40,0.90
2008.05.19 15:49:08.426,2.03655,2.037,1.40,0.80
2008.05.19 15:49:09.004,2.03655,2.03695,1.40,0.90
2008.05.19 15:49:10.622,2.03655,2.037,1.40,0.80
2008.05.19 15:49:10.948,2.03655,2.03685,0.60,0.90
2008.05.19 15:49:10.995,2.03655,2.03685,1.40,0.90
2008.05.19 15:49:11.041,2.03655,2.0368,1.40,0.80
2008.05.19 15:49:11.210,2.0365,2.0368,0.60,0.80
2008.05.19 15:49:12.008,2.0365,2.03695,0.60,4.10
2008.05.19 15:49:12.118,2.0365,2.03695,0.60,1.70
2008.05.19 15:49:12.229,2.0365,2.03695,0.60,0.90
2008.05.19 15:49:14.263,2.03655,2.037,2.40,0.80
2008.05.19 15:49:14.429,2.03665,2.037,0.80,0.80
2008.05.19 15:49:17.701,2.03665,2.037,1.60,0.80
2008.05.19 15:49:17.820,2.03665,2.037,2.40,0.80
2008.05.19 15:49:17.994,2.0367,2.037,0.80,0.80
2008.05.19 15:49:18.201,2.03685,2.0372,0.80,0.80
2008.05.19 15:49:18.612,2.03675,2.0372,2.40,0.80
2008.05.19 15:49:18.827,2.03675,2.0372,3.20,0.80
2008.05.19 15:49:19.436,2.03675,2.03705,3.20,1.20
2008.05.19 15:49:22.135,2.03685,2.03705,0.80,1.20
2008.05.19 15:49:22.241,2.03685,2.03715,0.80,1.20
2008.05.19 15:49:22.408,2.03685,2.0372,1.60,2.40
2008.05.19 15:49:22.573,2.03685,2.03735,1.60,0.90
2008.05.19 15:49:22.903,2.03685,2.03735,0.80,0.90
2008.05.19 15:49:23.069,2.03685,2.03735,1.60,3.30
2008.05.19 15:49:23.234,2.03685,2.03735,1.60,0.90
2008.05.19 15:49:23.400,2.03685,2.0373,0.80,0.90
2008.05.19 15:49:23.596,2.03685,2.0373,0.80,1.70
2008.05.19 15:49:25.474,2.03685,2.03725,0.80,0.90
2008.05.19 15:49:29.992,2.03685,2.03725,1.60,0.90
2008.05.19 15:49:30.660,2.03685,2.0373,3.20,1.70
2008.05.19 15:49:31.527,2.03695,2.0373,1.60,0.80
2008.05.19 15:49:31.693,2.03705,2.0373,1.60,0.80
2008.05.19 15:49:31.860,2.03705,2.0373,0.80,0.80
2008.05.19 15:49:32.026,2.03705,2.0373,1.60,0.80
2008.05.19 15:49:32.191,2.03705,2.0375,2.40,0.90
2008.05.19 15:49:32.356,2.03705,2.0375,1.60,0.90
2008.05.19 15:49:33.039,2.03715,2.0376,3.20,4.80
2008.05.19 15:49:33.210,2.03715,2.0376,4.00,1.70
2008.05.19 15:49:33.382,2.0371,2.0376,0.80,1.70
2008.05.19 15:49:33.773,2.03725,2.0376,0.80,1.70
2008.05.19 15:49:34.166,2.03725,2.03745,0.80,0.90
2008.05.19 15:49:34.362,2.03705,2.03745,1.60,0.90
2008.05.19 15:49:34.559,2.03715,2.0375,0.80,0.80
2008.05.19 15:49:34.757,2.03705,2.0375,1.60,0.80
2008.05.19 15:49:34.967,2.03705,2.0375,3.20,0.80
2008.05.19 15:49:35.189,2.03705,2.0375,1.60,1.70
2008.05.19 15:49:35.399,2.03715,2.0375,0.80,1.70
2008.05.19 15:49:35.610,2.03705,2.0375,4.00,1.70
2008.05.19 15:49:35.820,2.03705,2.0375,0.80,1.70
2008.05.19 15:49:40.178,2.03705,2.0375,4.00,0.80
2008.05.19 15:49:40.295,2.03715,2.0375,0.80,0.80
2008.05.19 15:49:40.411,2.03715,2.0375,2.40,0.80
2008.05.19 15:49:40.753,2.03715,2.0375,0.80,0.80
2008.05.19 15:49:40.869,2.03715,2.0375,1.60,0.80
2008.05.19 15:49:40.985,2.03715,2.0375,2.40,0.80
2008.05.19 15:49:41.117,2.03715,2.0375,1.60,0.80
2008.05.19 15:49:41.628,2.03715,2.0376,1.60,0.90
2008.05.19 15:49:41.879,2.03715,2.0376,0.80,1.70
2008.05.19 15:49:42.129,2.03715,2.0376,0.80,0.80
2008.05.19 15:49:42.249,2.03715,2.03765,0.80,2.50
2008.05.19 15:49:42.695,2.03715,2.0376,0.80,0.90
2008.05.19 15:49:43.076,2.03715,2.03765,0.80,2.50
2008.05.19 15:49:43.486,2.03715,2.03765,0.80,0.90
2008.05.19 15:49:44.322,2.03715,2.03765,0.80,2.50
2008.05.19 15:49:45.182,2.03715,2.0376,0.80,0.90
2008.05.19 15:49:45.393,2.03715,2.03765,0.80,2.50
2008.05.19 15:49:45.579,2.03715,2.0376,0.80,0.80
2008.05.19 15:49:45.809,2.03715,2.03755,0.80,0.90
2008.05.19 15:49:47.060,2.03715,2.0376,0.80,1.70
2008.05.19 15:49:50.011,2.03715,2.03755,0.80,0.90
2008.05.19 15:49:51.392,2.0372,2.0376,0.80,0.80
2008.05.19 15:49:51.711,2.03735,2.03765,0.80,1.60
2008.05.19 15:49:51.872,2.03735,2.03775,0.80,3.20
2008.05.19 15:49:55.579,2.03735,2.03775,0.80,4.60
2008.05.19 15:49:56.202,2.03735,2.03775,0.80,3.20
2008.05.19 15:49:56.800,2.03735,2.03765,0.80,0.80
2008.05.19 15:49:58.037,2.03735,2.0377,0.80,3.20
2008.05.19 15:49:58.212,2.03735,2.0377,0.80,2.40
2008.05.19 15:50:00.118,2.03735,2.0377,0.80,1.40
2008.05.19 15:50:00.229,2.03745,2.0377,0.80,0.80
2008.05.19 15:50:00.332,2.03745,2.0377,1.60,0.80
2008.05.19 15:50:00.703,2.03745,2.0377,0.80,0.80
2008.05.19 15:50:00.814,2.03735,2.0377,0.80,0.80
2008.05.19 15:50:02.652,2.03745,2.0377,0.80,0.80
2008.05.19 15:50:08.392,2.03745,2.0376,0.80,0.90
2008.05.19 15:50:08.575,2.03745,2.03755,0.80,0.90
2008.05.19 15:50:08.788,2.03735,2.0377,0.80,3.20
2008.05.19 15:50:09.001,2.03735,2.0377,0.80,1.70
2008.05.19 15:50:09.422,2.03735,2.0377,0.80,0.80
2008.05.19 15:50:10.599,2.03735,2.0378,0.80,2.40
2008.05.19 15:50:11.629,2.03735,2.03775,0.80,0.90
2008.05.19 15:50:12.059,2.03725,2.0377,0.80,0.80
2008.05.19 15:50:12.475,2.0372,2.0377,3.20,0.80
2008.05.19 15:50:13.432,2.0372,2.0375,2.40,0.80
2008.05.19 15:50:13.528,2.03715,2.0375,3.00,0.80
2008.05.19 15:50:13.671,2.03715,2.0375,0.60,0.80
2008.05.19 15:50:16.693,2.03715,2.03745,0.60,0.90
2008.05.19 15:50:16.863,2.03715,2.0374,0.60,0.80
2008.05.19 15:50:17.076,2.03705,2.0374,2.20,0.80
2008.05.19 15:50:17.236,2.03705,2.0375,2.20,0.80
2008.05.19 15:50:17.282,2.03715,2.0375,0.80,0.80
2008.05.19 15:50:17.792,2.03715,2.0375,3.20,0.80
2008.05.19 15:50:18.298,2.03705,2.03745,6.20,0.90
2008.05.19 15:50:18.563,2.03705,2.03745,4.60,0.90
2008.05.19 15:50:18.829,2.03715,2.03745,2.40,0.90
2008.05.19 15:50:19.457,2.03715,2.0375,2.40,0.80
2008.05.19 15:50:20.235,2.03715,2.0375,2.40,1.70
2008.05.19 15:50:20.351,2.03705,2.0375,3.80,1.70
2008.05.19 15:50:20.589,2.03705,2.0375,2.20,1.70
2008.05.19 15:50:21.958,2.03705,2.0375,1.60,1.70
2008.05.19 15:50:25.261,2.03705,2.03745,1.60,0.90
2008.05.19 15:50:26.332,2.03705,2.03745,0.80,0.90
2008.05.19 15:50:26.622,2.03705,2.0375,0.80,1.70
2008.05.19 15:50:27.005,2.03705,2.0374,0.80,0.90
2008.05.19 15:50:27.254,2.0369,2.0374,0.60,0.90
2008.05.19 15:50:27.822,2.0369,2.03735,0.60,0.90
2008.05.19 15:50:27.961,2.0369,2.0374,0.60,0.90
2008.05.19 15:50:29.947,2.0369,2.03735,0.60,0.90
2008.05.19 15:50:30.210,2.0369,2.0374,1.40,0.90
2008.05.19 15:50:30.279,2.03695,2.0374,0.60,0.90
2008.05.19 15:50:30.405,2.03695,2.0374,1.40,0.90
2008.05.19 15:50:30.756,2.03695,2.0374,3.00,0.90
2008.05.19 15:50:30.854,2.03695,2.0374,3.80,0.90
2008.05.19 15:50:30.930,2.03695,2.03745,3.80,0.90
2008.05.19 15:50:34.121,2.03705,2.03745,2.40,0.90
2008.05.19 15:50:34.378,2.03695,2.0373,6.20,0.80
2008.05.19 15:50:34.583,2.03695,2.0373,4.60,0.80
2008.05.19 15:50:37.428,2.03695,2.0373,3.80,0.80
2008.05.19 15:50:39.050,2.03695,2.0373,4.60,0.80
2008.05.19 15:50:46.734,2.03695,2.0373,5.40,0.80
2008.05.19 15:50:46.836,2.03695,2.0374,5.40,0.80
2008.05.19 15:50:46.945,2.03705,2.0374,0.80,0.80
2008.05.19 15:50:53.010,2.03705,2.0374,1.60,0.80
2008.05.19 15:50:53.835,2.03705,2.03735,1.60,0.90
2008.05.19 15:50:54.100,2.03705,2.0373,0.80,0.80
2008.05.19 15:50:54.256,2.037,2.0373,0.60,0.80
2008.05.19 15:50:54.342,2.03695,2.0373,0.60,0.80
2008.05.19 15:50:54.860,2.0369,2.0373,0.60,0.80
2008.05.19 15:50:58.986,2.03695,2.0373,2.40,0.80
2008.05.19 15:50:59.227,2.03695,2.0373,3.20,0.80
2008.05.19 15:50:59.408,2.0369,2.0373,0.60,0.80
2008.05.19 15:51:01.319,2.03695,2.0373,0.60,0.80
2008.05.19 15:51:02.299,2.0369,2.0373,0.60,0.80
2008.05.19 15:51:04.214,2.03695,2.0373,1.60,0.80
2008.05.19 15:51:04.362,2.03695,2.0373,4.00,0.80
2008.05.19 15:51:04.961,2.03695,2.0373,4.60,0.80
2008.05.19 15:51:05.209,2.03695,2.0373,3.00,0.80
2008.05.19 15:51:06.465,2.0369,2.0373,0.60,0.80
2008.05.19 15:51:07.132,2.03685,2.0373,4.60,0.80
2008.05.19 15:51:07.523,2.03685,2.0373,5.40,0.80
2008.05.19 15:51:07.872,2.03685,2.0373,4.60,0.80
2008.05.19 15:51:09.869,2.03685,2.0373,5.40,0.80
2008.05.19 15:51:11.702,2.03685,2.0373,6.20,0.80
2008.05.19 15:51:11.936,2.03695,2.0373,2.40,0.80
2008.05.19 15:51:12.198,2.03695,2.0373,3.20,0.80
2008.05.19 15:51:13.870,2.03695,2.0373,0.80,0.80
2008.05.19 15:51:14.214,2.03685,2.0373,0.60,0.80
2008.05.19 15:51:14.629,2.03685,2.0371,0.60,0.80
2008.05.19 15:51:15.048,2.03685,2.0371,1.40,0.80
2008.05.19 15:51:16.648,2.03685,2.0371,0.60,0.80
2008.05.19 15:51:16.937,2.03695,2.0371,2.40,0.80
2008.05.19 15:51:17.105,2.03695,2.0373,2.40,0.80
2008.05.19 15:51:17.285,2.03695,2.0373,3.20,0.80
2008.05.19 15:51:18.475,2.03705,2.0373,0.80,0.80
2008.05.19 15:51:19.518,2.03695,2.0374,4.00,0.80
2008.05.19 15:51:19.921,2.03695,2.0374,5.60,0.80
2008.05.19 15:51:20.045,2.03695,2.0374,6.20,0.80
2008.05.19 15:51:20.219,2.03695,2.0374,4.60,0.80
2008.05.19 15:51:20.355,2.03695,2.0374,3.80,0.80
2008.05.19 15:51:21.236,2.03695,2.0374,1.40,0.80
2008.05.19 15:51:21.595,2.03695,2.0374,3.80,0.80
2008.05.19 15:51:21.901,2.03695,2.0374,1.40,0.80
2008.05.19 15:51:22.232,2.03695,2.0374,3.80,0.80
2008.05.19 15:51:23.072,2.03695,2.0374,1.40,0.80
2008.05.19 15:51:24.120,2.037,2.0374,0.80,0.80
2008.05.19 15:51:24.386,2.03705,2.0374,1.60,0.80
2008.05.19 15:51:24.476,2.0371,2.0374,0.80,0.80
2008.05.19 15:51:24.570,2.03715,2.0374,2.40,0.80
2008.05.19 15:51:24.660,2.03715,2.0376,2.40,0.80
2008.05.19 15:51:24.870,2.03715,2.0376,3.20,0.80
2008.05.19 15:51:25.324,2.03715,2.0376,4.80,0.80
2008.05.19 15:51:26.056,2.03715,2.0376,3.20,0.80
2008.05.19 15:51:28.782,2.03715,2.0376,0.80,0.80
2008.05.19 15:51:28.934,2.03715,2.0374,3.20,0.80
2008.05.19 15:51:29.085,2.03715,2.03755,3.20,2.40
2008.05.19 15:51:29.235,2.03715,2.0376,3.20,0.80
2008.05.19 15:51:30.439,2.03715,2.03745,3.20,0.90
2008.05.19 15:51:30.576,2.03715,2.03745,0.80,0.90
2008.05.19 15:51:30.723,2.0371,2.0374,0.60,0.80
2008.05.19 15:51:31.684,2.03705,2.0374,1.40,0.80
2008.05.19 15:51:32.583,2.03715,2.0374,2.40,0.80
2008.05.19 15:51:32.663,2.03715,2.03755,2.40,5.70
2008.05.19 15:51:32.746,2.03715,2.03755,0.80,2.50
2008.05.19 15:51:32.828,2.03715,2.0374,0.80,0.80
2008.05.19 15:51:33.465,2.03715,2.0376,3.20,0.80
2008.05.19 15:51:34.280,2.03715,2.03755,0.80,0.90
2008.05.19 15:51:34.465,2.0371,2.0374,0.60,0.80
2008.05.19 15:51:36.878,2.0371,2.0373,0.60,0.80
2008.05.19 15:51:36.976,2.037,2.0373,0.60,0.80
2008.05.19 15:51:37.828,2.037,2.0372,0.60,0.80
2008.05.19 15:51:37.907,2.03695,2.0372,0.60,0.80
2008.05.19 15:51:37.991,2.0369,2.0372,0.60,0.80
2008.05.19 15:51:45.278,2.03695,2.0372,2.40,0.80
2008.05.19 15:51:45.369,2.03695,2.0372,3.20,0.80
2008.05.19 15:51:46.630,2.03695,2.0374,3.20,0.80
2008.05.19 15:51:46.879,2.03695,2.03725,3.20,0.90
2008.05.19 15:51:47.033,2.03695,2.03725,0.80,0.90
2008.05.19 15:51:47.116,2.03695,2.0372,0.80,0.80
2008.05.19 15:51:47.235,2.0369,2.0372,0.60,0.80
2008.05.19 15:51:47.438,2.0369,2.0372,1.40,0.80
2008.05.19 15:51:47.543,2.0369,2.03735,1.40,0.80
2008.05.19 15:51:47.694,2.03695,2.0374,3.20,0.80
2008.05.19 15:51:48.566,2.03695,2.0373,0.80,0.80
2008.05.19 15:51:48.969,2.0369,2.0373,1.40,0.80
2008.05.19 15:51:49.321,2.0369,2.0373,0.60,0.80
2008.05.19 15:51:49.890,2.03685,2.0373,7.00,0.80
2008.05.19 15:51:54.581,2.0369,2.0373,0.80,0.80
2008.05.19 15:51:56.908,2.03685,2.0373,7.00,0.80
2008.05.19 15:51:56.964,2.03685,2.0373,3.80,0.80
2008.05.19 15:51:57.131,2.03685,2.0373,2.20,0.80
2008.05.19 15:51:57.505,2.03685,2.0372,2.20,0.80
2008.05.19 15:51:57.764,2.03685,2.0372,1.40,0.80
2008.05.19 15:52:00.492,2.03685,2.0372,3.80,0.80
2008.05.19 15:52:01.112,2.0369,2.0372,0.80,0.80
2008.05.19 15:52:01.887,2.03685,2.0372,3.80,0.80
2008.05.19 15:52:02.342,2.03685,2.0372,3.00,0.80
2008.05.19 15:52:02.561,2.0368,2.0372,2.40,0.80
2008.05.19 15:52:02.645,2.03675,2.0372,3.80,0.80
2008.05.19 15:52:02.983,2.03675,2.0372,3.20,0.80
2008.05.19 15:52:03.426,2.03675,2.0372,3.20,1.70
2008.05.19 15:52:03.906,2.03675,2.0372,3.20,0.80
2008.05.19 15:52:05.336,2.0368,2.0372,0.80,0.80
2008.05.19 15:52:08.297,2.0368,2.0372,3.20,0.80
2008.05.19 15:52:08.401,2.037,2.0372,0.80,0.80
2008.05.19 15:52:08.961,2.037,2.0374,0.80,0.80
2008.05.19 15:52:09.411,2.03705,2.0374,0.80,0.80
2008.05.19 15:52:16.394,2.0369,2.0374,1.40,0.80
2008.05.19 15:52:16.520,2.0369,2.0374,0.80,0.80
2008.05.19 15:52:24.472,2.03695,2.0374,0.80,0.80
2008.05.19 15:52:24.639,2.03695,2.0374,1.60,0.80
2008.05.19 15:52:24.969,2.03705,2.0375,1.60,0.60
2008.05.19 15:52:25.298,2.03705,2.03755,1.60,0.60
2008.05.19 15:52:25.629,2.03705,2.0375,1.60,0.80
2008.05.19 15:52:28.527,2.03705,2.03745,0.80,0.90
2008.05.19 15:52:28.883,2.03705,2.0375,0.80,0.80
2008.05.19 15:52:29.106,2.03695,2.03745,2.40,0.90
2008.05.19 15:52:29.342,2.03695,2.0374,2.40,0.80
2008.05.19 15:52:29.579,2.03695,2.03735,0.80,0.90
2008.05.19 15:52:29.815,2.03685,2.03725,1.60,0.90
2008.05.19 15:52:30.043,2.03685,2.0373,0.80,0.80
2008.05.19 15:52:30.270,2.03685,2.0373,1.60,0.80
2008.05.19 15:52:30.494,2.03685,2.03725,0.80,0.90
2008.05.19 15:52:30.926,2.0368,2.0373,0.80,1.70
2008.05.19 15:52:31.598,2.03675,2.0373,2.20,1.70
2008.05.19 15:52:31.804,2.03675,2.0373,3.00,1.70
2008.05.19 15:52:31.983,2.03675,2.03725,1.60,0.90
2008.05.19 15:52:32.164,2.03675,2.03725,2.40,0.90
2008.05.19 15:52:32.530,2.0368,2.0372,0.80,0.80
2008.05.19 15:52:32.980,2.03675,2.0372,2.40,0.80
2008.05.19 15:52:33.095,2.03675,2.0372,1.60,0.80
2008.05.19 15:52:33.186,2.0368,2.0372,0.80,0.80
2008.05.19 15:52:33.486,2.03675,2.0372,0.80,1.70
2008.05.19 15:52:33.562,2.03675,2.0371,0.80,0.80
2008.05.19 15:52:35.411,2.03675,2.0371,1.60,0.80
2008.05.19 15:52:35.668,2.03675,2.0371,2.40,0.80
2008.05.19 15:52:36.445,2.0368,2.0371,0.80,0.80
2008.05.19 15:52:36.689,2.03675,2.0371,2.40,0.80
2008.05.19 15:52:37.218,2.03675,2.0371,0.80,0.80
2008.05.19 15:52:38.200,2.0367,2.0371,1.40,0.80
2008.05.19 15:52:38.517,2.03675,2.0371,0.80,0.80
2008.05.19 15:52:38.734,2.03675,2.0371,1.60,0.80
2008.05.19 15:52:38.829,2.03675,2.0371,0.80,0.80
2008.05.19 15:52:39.479,2.0367,2.0371,0.80,0.80
2008.05.19 15:52:39.733,2.03665,2.0371,3.80,0.80
2008.05.19 15:52:40.229,2.03665,2.0371,2.20,0.80
2008.05.19 15:52:40.595,2.03665,2.0371,3.00,0.80
2008.05.19 15:52:40.751,2.03665,2.0371,3.80,0.80
2008.05.19 15:52:41.070,2.0367,2.0371,0.60,0.80
2008.05.19 15:52:41.412,2.0367,2.0371,0.60,1.70
2008.05.19 15:52:41.642,2.03665,2.0371,1.40,1.70
2008.05.19 15:52:42.104,2.03665,2.0371,2.20,0.80
2008.05.19 15:52:42.298,2.03675,2.0371,0.80,0.80
2008.05.19 15:52:42.614,2.03675,2.0371,1.60,0.80
2008.05.19 15:52:43.389,2.03675,2.0371,1.60,1.70
2008.05.19 15:52:43.620,2.03675,2.0371,0.80,1.70
2008.05.19 15:52:43.979,2.03665,2.0371,1.40,1.70
2008.05.19 15:52:44.938,2.03665,2.0371,2.20,0.80
2008.05.19 15:52:45.037,2.0367,2.0371,0.80,0.80
2008.05.19 15:52:45.108,2.0367,2.0371,1.40,0.80
2008.05.19 15:52:45.171,2.03675,2.0371,0.80,0.80
2008.05.19 15:52:45.454,2.0369,2.0371,0.80,0.80
2008.05.19 15:52:45.670,2.03695,2.03735,0.80,2.40
2008.05.19 15:52:46.008,2.0369,2.0372,0.80,0.80
2008.05.19 15:52:46.273,2.03685,2.0372,1.60,0.80
2008.05.19 15:52:46.524,2.0368,2.0372,0.80,0.80
2008.05.19 15:52:47.181,2.03685,2.03725,0.80,0.90
2008.05.19 15:52:47.378,2.03685,2.03725,0.80,1.70
2008.05.19 15:52:47.585,2.03685,2.0371,0.80,1.70
2008.05.19 15:52:47.793,2.03665,2.0371,2.40,1.70
2008.05.19 15:52:47.963,2.03665,2.0371,0.80,1.70
2008.05.19 15:52:48.134,2.03665,2.03705,0.80,0.90
2008.05.19 15:52:48.496,2.03665,2.0371,0.80,1.70
2008.05.19 15:52:51.867,2.0366,2.0371,1.40,1.70
2008.05.19 15:52:53.165,2.0366,2.0371,1.40,0.80
2008.05.19 15:52:53.396,2.0366,2.0371,1.40,1.70
2008.05.19 15:52:54.286,2.0366,2.0371,0.80,1.70
2008.05.19 15:52:54.547,2.0366,2.0371,0.80,0.90
2008.05.19 15:52:54.683,2.0366,2.03715,0.80,8.10
2008.05.19 15:52:54.819,2.0366,2.03715,0.80,6.50
2008.05.19 15:52:54.956,2.03655,2.03705,3.00,0.90
2008.05.19 15:52:55.359,2.03655,2.03705,0.60,2.50
2008.05.19 15:52:55.655,2.03655,2.037,0.60,0.90
2008.05.19 15:53:00.582,2.03655,2.03705,2.20,0.90
2008.05.19 15:53:00.642,2.03655,2.03705,3.00,0.90
2008.05.19 15:53:01.930,2.03665,2.0371,0.80,0.80
2008.05.19 15:53:02.233,2.03665,2.03715,1.60,5.70
2008.05.19 15:53:02.337,2.03665,2.03715,1.60,4.90
2008.05.19 15:53:02.519,2.03665,2.03715,1.60,2.50
2008.05.19 15:53:02.587,2.03665,2.03715,1.60,0.90
2008.05.19 15:53:03.111,2.03675,2.0372,0.80,0.60
2008.05.19 15:53:03.292,2.03675,2.03725,1.60,1.60
2008.05.19 15:53:03.546,2.03675,2.03725,0.80,1.60
2008.05.19 15:53:04.355,2.03675,2.03725,1.60,1.60
2008.05.19 15:53:04.937,2.03675,2.03725,1.60,2.40
2008.05.19 15:53:05.278,2.03675,2.03725,1.60,1.70
2008.05.19 15:53:06.128,2.03675,2.03725,0.80,1.70
2008.05.19 15:53:07.607,2.0367,2.0372,3.20,0.80
2008.05.19 15:53:09.363,2.03675,2.0372,0.80,0.80
2008.05.19 15:53:09.499,2.0368,2.0372,0.80,0.80
2008.05.19 15:53:09.770,2.03685,2.0372,0.80,0.80
2008.05.19 15:53:14.029,2.03685,2.0372,1.60,0.80
2008.05.19 15:53:14.198,2.03685,2.0372,0.80,0.80
2008.05.19 15:53:14.502,2.03685,2.0372,1.60,0.80
2008.05.19 15:53:14.967,2.03685,2.0372,0.80,0.80
2008.05.19 15:53:15.078,2.03675,2.0372,4.00,0.80
2008.05.19 15:53:15.310,2.03685,2.0372,0.80,0.80
2008.05.19 15:53:15.597,2.03685,2.0372,0.80,1.70
2008.05.19 15:53:15.768,2.0368,2.0372,0.80,0.80
2008.05.19 15:53:15.939,2.0367,2.03715,2.40,0.90
2008.05.19 15:53:16.120,2.03665,2.03715,1.40,0.90
2008.05.19 15:53:16.291,2.03665,2.03705,0.80,0.90
2008.05.19 15:53:17.408,2.03665,2.0371,0.80,0.80
2008.05.19 15:53:17.651,2.03665,2.03715,0.80,0.90
2008.05.19 15:53:18.431,2.03665,2.037,0.80,0.80
2008.05.19 15:53:18.819,2.03665,2.03715,0.80,3.30
2008.05.19 15:53:19.020,2.03665,2.03715,0.80,0.90
2008.05.19 15:53:19.222,2.03665,2.03705,0.80,0.90
2008.05.19 15:53:19.429,2.03665,2.037,0.80,0.80
2008.05.19 15:53:19.631,2.03665,2.03715,0.80,3.30
2008.05.19 15:53:19.797,2.03665,2.03715,0.80,2.50
2008.05.19 15:53:19.962,2.03665,2.03715,0.80,0.90
2008.05.19 15:53:20.753,2.0366,2.03715,3.80,0.90
2008.05.19 15:53:22.154,2.0366,2.03715,5.40,0.90
2008.05.19 15:53:22.334,2.0367,2.0372,0.80,0.80
2008.05.19 15:53:23.058,2.03665,2.03715,3.00,0.90
2008.05.19 15:53:23.234,2.0367,2.0372,0.80,0.80
2008.05.19 15:53:23.770,2.0367,2.03715,2.40,0.90
2008.05.19 15:53:23.977,2.03665,2.03715,1.40,0.90
2008.05.19 15:53:24.676,2.0367,2.03715,0.60,0.90
2008.05.19 15:53:25.113,2.0367,2.0372,0.60,1.70
2008.05.19 15:53:26.995,2.0367,2.03715,0.60,0.90
2008.05.19 15:53:27.227,2.03665,2.03715,3.00,0.90
2008.05.19 15:53:27.514,2.03675,2.0372,0.80,1.70
2008.05.19 15:53:27.656,2.03675,2.0372,0.80,0.90
2008.05.19 15:53:27.704,2.03675,2.0372,2.40,0.90
2008.05.19 15:53:27.750,2.03675,2.0373,3.20,2.40
2008.05.19 15:53:27.799,2.03675,2.0373,4.00,2.40
2008.05.19 15:53:28.106,2.03685,2.0372,0.80,1.70
2008.05.19 15:53:28.356,2.03675,2.0372,1.60,1.70
2008.05.19 15:53:28.605,2.03665,2.0372,3.80,1.70
2008.05.19 15:53:29.946,2.0367,2.0372,0.80,0.80
2008.05.19 15:53:30.327,2.0367,2.0372,3.20,0.80
2008.05.19 15:53:30.521,2.0367,2.0372,2.40,1.70
2008.05.19 15:53:30.780,2.03665,2.0372,3.80,1.70
2008.05.19 15:53:30.986,2.0367,2.0372,0.80,0.80
2008.05.19 15:53:31.445,2.0367,2.0372,3.20,0.80
2008.05.19 15:53:36.107,2.03675,2.0372,0.80,0.80
2008.05.19 15:53:36.186,2.03675,2.03715,0.80,0.90
2008.05.19 15:53:36.282,2.03675,2.0371,0.80,0.80
2008.05.19 15:53:37.393,2.03665,2.0371,2.20,0.80
2008.05.19 15:53:37.515,2.03665,2.0371,1.40,1.70
2008.05.19 15:53:37.834,2.03665,2.0371,2.20,0.80
2008.05.19 15:53:38.143,2.03665,2.0372,3.80,1.70
2008.05.19 15:53:38.541,2.03665,2.0371,3.00,0.90
2008.05.19 15:53:38.667,2.03655,2.0371,5.40,0.90
2008.05.19 15:53:38.793,2.03655,2.0371,7.80,0.90
2008.05.19 15:53:38.927,2.03655,2.037,7.00,0.90
2008.05.19 15:53:39.052,2.03665,2.037,0.80,1.70
2008.05.19 15:53:39.178,2.03655,2.037,4.00,1.70
2008.05.19 15:53:39.439,2.03655,2.037,2.40,1.70
2008.05.19 15:53:39.564,2.03655,2.03695,2.40,0.90
2008.05.19 15:53:39.775,2.0365,2.0369,0.80,0.80
2008.05.19 15:53:40.013,2.03645,2.0369,4.80,0.80
2008.05.19 15:53:40.224,2.03635,2.0368,3.80,0.80
2008.05.19 15:53:40.434,2.03635,2.0368,3.00,0.80
2008.05.19 15:53:40.645,2.03635,2.0368,1.40,0.80
2008.05.19 15:53:41.056,2.03635,2.0368,0.80,1.70
2008.05.19 15:53:41.701,2.03635,2.0368,0.80,4.10
2008.05.19 15:53:41.993,2.03635,2.0366,0.80,0.90
2008.05.19 15:53:42.069,2.03635,2.0366,0.80,1.70
2008.05.19 15:53:42.230,2.0362,2.0366,0.60,1.70
2008.05.19 15:53:42.563,2.0362,2.0366,0.60,0.80
2008.05.19 15:53:44.880,2.03625,2.0366,0.80,0.80
2008.05.19 15:53:46.311,2.0362,2.03675,3.80,0.90
2008.05.19 15:53:47.380,2.03625,2.03675,0.60,0.90
2008.05.19 15:53:48.014,2.03635,2.03675,2.40,0.90
2008.05.19 15:53:48.115,2.03635,2.03675,2.40,1.90
2008.05.19 15:53:48.215,2.0363,2.03675,2.40,1.90
2008.05.19 15:53:48.439,2.03625,2.03675,1.60,1.90
2008.05.19 15:53:48.590,2.03625,2.03675,2.40,1.00
2008.05.19 15:53:48.717,2.03625,2.03675,1.60,0.90
2008.05.19 15:53:48.843,2.0363,2.03675,2.40,0.90
2008.05.19 15:53:49.141,2.03625,2.03675,1.60,0.90
2008.05.19 15:53:49.266,2.03625,2.0367,1.60,0.80
2008.05.19 15:53:49.447,2.0362,2.0367,3.20,0.80
2008.05.19 15:53:49.629,2.0362,2.0367,3.00,1.70
2008.05.19 15:53:50.034,2.0362,2.0367,0.60,1.70
2008.05.19 15:53:50.648,2.03625,2.0367,0.80,0.80
2008.05.19 15:53:50.773,2.03625,2.0367,3.20,0.80
2008.05.19 15:53:50.889,2.03625,2.0368,6.40,1.70
2008.05.19 15:53:52.904,2.03635,2.0368,0.80,1.70
2008.05.19 15:53:53.129,2.03635,2.0368,0.80,0.80
2008.05.19 15:53:53.568,2.03635,2.0368,0.80,1.70
2008.05.19 15:53:55.158,2.03625,2.0368,6.40,1.70
2008.05.19 15:53:56.173,2.03635,2.0368,0.80,1.70
2008.05.19 15:54:00.459,2.03625,2.0368,6.40,1.70
2008.05.19 15:54:02.302,2.03635,2.0368,0.80,1.70
2008.05.19 15:54:03.752,2.03635,2.0368,0.80,0.80
2008.05.19 15:54:06.089,2.03635,2.03675,0.80,0.90
2008.05.19 15:54:06.196,2.03635,2.0367,0.80,0.80
2008.05.19 15:54:06.630,2.03625,2.0367,0.80,0.80
2008.05.19 15:54:12.538,2.03625,2.0367,1.60,0.80
2008.05.19 15:54:12.667,2.03625,2.0367,4.00,0.80
2008.05.19 15:54:12.719,2.03625,2.0368,4.80,1.70
2008.05.19 15:54:12.898,2.03625,2.0368,5.40,1.70
2008.05.19 15:54:12.949,2.03625,2.0368,7.00,1.70
2008.05.19 15:54:15.178,2.03635,2.0368,0.80,0.90
2008.05.19 15:54:16.070,2.03635,2.03685,0.80,3.30
2008.05.19 15:54:16.282,2.03635,2.03685,1.60,3.30
2008.05.19 15:54:16.589,2.03635,2.0368,1.60,0.90
2008.05.19 15:54:17.197,2.03635,2.0368,0.80,0.90
2008.05.19 15:54:19.154,2.03635,2.0368,0.80,0.80
2008.05.19 15:54:19.408,2.0364,2.0368,0.80,0.80
2008.05.19 15:54:19.733,2.03635,2.0368,3.20,0.80
2008.05.19 15:54:19.948,2.03635,2.0368,2.40,0.80
2008.05.19 15:54:20.154,2.03635,2.0368,1.60,0.80
2008.05.19 15:54:20.361,2.03645,2.0368,1.60,0.80
2008.05.19 15:54:20.742,2.03655,2.0369,0.80,0.80
2008.05.19 15:54:22.740,2.03655,2.0369,0.80,1.70
2008.05.19 15:54:33.660,2.03655,2.0369,0.80,0.80
2008.05.19 15:54:36.361,2.03635,2.0367,1.60,0.80
2008.05.19 15:54:36.562,2.03635,2.03675,1.60,0.90
2008.05.19 15:54:36.700,2.03635,2.03685,1.60,0.90
2008.05.19 15:54:37.022,2.03635,2.03685,3.20,0.90
2008.05.19 15:54:39.915,2.03635,2.03675,3.20,0.90
2008.05.19 15:54:40.021,2.03635,2.0367,3.20,0.80
2008.05.19 15:54:40.395,2.03635,2.0367,1.60,0.80
2008.05.19 15:54:41.415,2.03635,2.0367,1.60,4.00
2008.05.19 15:54:43.495,2.03635,2.03665,0.80,0.90
2008.05.19 15:54:43.703,2.03625,2.03665,1.60,0.90
2008.05.19 15:54:43.820,2.03625,2.0365,1.60,0.80
2008.05.19 15:54:44.050,2.03615,2.0365,3.20,0.80
2008.05.19 15:54:44.580,2.03615,2.0365,1.60,0.80
2008.05.19 15:54:45.577,2.0362,2.0365,0.80,0.80
2008.05.19 15:54:45.946,2.03625,2.0366,0.80,0.80
2008.05.19 15:54:46.026,2.03625,2.0366,1.60,0.80
2008.05.19 15:54:46.125,2.03625,2.0366,2.40,0.80
2008.05.19 15:54:46.281,2.03635,2.0367,0.80,0.80
2008.05.19 15:54:46.540,2.03635,2.0367,1.60,0.80
2008.05.19 15:54:46.844,2.03635,2.0368,1.60,4.00
2008.05.19 15:54:47.943,2.03635,2.0367,1.60,0.80
2008.05.19 15:54:48.274,2.03635,2.0366,1.60,0.90
2008.05.19 15:54:48.474,2.03625,2.0365,1.60,0.80
2008.05.19 15:54:48.761,2.03615,2.0365,4.60,0.80
2008.05.19 15:54:48.943,2.03615,2.0365,4.00,0.80
2008.05.19 15:54:50.328,2.03615,2.0365,1.60,0.80
2008.05.19 15:54:50.500,2.03615,2.0365,0.80,0.80
2008.05.19 15:54:50.779,2.03615,2.0365,0.80,1.70
2008.05.19 15:54:50.930,2.03615,2.0364,0.80,0.90
2008.05.19 15:54:51.060,2.03595,2.0364,1.40,0.90
2008.05.19 15:54:51.202,2.03595,2.03645,0.80,3.30
2008.05.19 15:54:51.343,2.03595,2.03645,0.80,0.90
2008.05.19 15:54:51.623,2.03595,2.0364,0.80,0.90
2008.05.19 15:54:54.781,2.03595,2.03645,0.80,0.90
2008.05.19 15:54:55.883,2.03595,2.0364,0.80,0.90
2008.05.19 15:54:56.160,2.03595,2.03635,0.80,0.90
2008.05.19 15:54:56.318,2.03595,2.0363,0.80,0.80
2008.05.19 15:54:59.137,2.03595,2.0364,0.80,0.90
2008.05.19 15:54:59.183,2.03595,2.0363,0.80,0.90
2008.05.19 15:54:59.229,2.03595,2.0363,0.80,1.70
2008.05.19 15:54:59.459,2.03595,2.0363,0.80,1.60
2008.05.19 15:55:01.049,2.03595,2.0363,0.80,1.70
2008.05.19 15:55:03.709,2.03595,2.0363,0.80,0.80
2008.05.19 15:55:07.644,2.03595,2.0363,0.80,1.70
2008.05.19 15:55:08.159,2.03595,2.0361,0.80,0.90
2008.05.19 15:55:08.386,2.03575,2.036,1.60,0.80
2008.05.19 15:55:08.599,2.03565,2.036,4.60,0.80
2008.05.19 15:55:08.791,2.03565,2.036,4.00,0.80
2008.05.19 15:55:09.601,2.03565,2.0359,0.80,0.90
2008.05.19 15:55:09.777,2.03545,2.0358,3.20,0.80
2008.05.19 15:55:09.898,2.03545,2.03595,1.60,2.50
2008.05.19 15:55:10.020,2.03545,2.0358,1.60,0.80
2008.05.19 15:55:10.688,2.03545,2.0358,2.40,0.80
2008.05.19 15:55:11.053,2.03545,2.0359,2.40,0.80
2008.05.19 15:55:11.290,2.03545,2.0359,1.60,1.70
2008.05.19 15:55:11.531,2.03545,2.03575,1.60,0.90
2008.05.19 15:55:11.765,2.03535,2.0357,1.60,0.80
2008.05.19 15:55:12.009,2.0353,2.0357,0.60,0.80
2008.05.19 15:55:12.178,2.03545,2.0357,0.80,0.80
2008.05.19 15:55:12.508,2.03545,2.0357,1.60,0.80
2008.05.19 15:55:12.675,2.03545,2.0359,0.80,1.70
2008.05.19 15:55:12.984,2.03535,2.0359,1.60,1.70
2008.05.19 15:55:13.130,2.03535,2.0358,0.80,0.90
2008.05.19 15:55:13.275,2.03535,2.0358,0.80,1.70
2008.05.19 15:55:13.754,2.03535,2.0358,0.80,0.80
2008.05.19 15:55:13.900,2.03535,2.0358,4.00,0.80
2008.05.19 15:55:14.928,2.03535,2.0358,4.60,0.80
2008.05.19 15:55:15.107,2.0355,2.0358,0.80,0.80
2008.05.19 15:55:15.280,2.03555,2.0359,3.20,0.80
2008.05.19 15:55:15.529,2.03555,2.0359,0.80,0.80
2008.05.19 15:55:15.699,2.03555,2.0359,3.20,0.80
2008.05.19 15:55:15.785,2.03555,2.0359,4.00,0.80
2008.05.19 15:55:16.800,2.03555,2.03585,1.60,0.90
2008.05.19 15:55:16.946,2.03555,2.0358,0.80,0.80
2008.05.19 15:55:17.113,2.03535,2.0358,6.20,0.80
2008.05.19 15:55:17.455,2.0355,2.0358,0.80,0.80
2008.05.19 15:55:17.535,2.03555,2.0358,3.20,0.80
2008.05.19 15:55:17.617,2.03555,2.0359,4.00,0.80
2008.05.19 15:55:17.700,2.03555,2.0359,4.80,0.80
2008.05.19 15:55:18.289,2.03555,2.0359,6.40,0.80
2008.05.19 15:55:18.591,2.03555,2.0359,4.80,0.80
2008.05.19 15:55:19.026,2.03555,2.0358,0.80,0.80
2008.05.19 15:55:19.172,2.03545,2.0358,1.60,0.80
2008.05.19 15:55:19.327,2.0354,2.0358,1.40,0.80
2008.05.19 15:55:20.187,2.0354,2.0358,0.80,0.80
2008.05.19 15:55:21.421,2.0355,2.0358,0.80,0.80
2008.05.19 15:55:21.502,2.0355,2.0359,0.80,0.80
2008.05.19 15:55:23.003,2.0355,2.0358,0.80,0.80
2008.05.19 15:55:23.312,2.0354,2.0358,0.80,0.80
2008.05.19 15:55:26.813,2.03545,2.0358,0.80,0.80
2008.05.19 15:55:26.871,2.03545,2.0358,1.60,0.80
2008.05.19 15:55:27.038,2.03545,2.0358,2.40,0.80
2008.05.19 15:55:30.926,2.03545,2.0358,3.20,0.80
2008.05.19 15:55:31.065,2.03565,2.0358,2.40,0.80
2008.05.19 15:55:31.203,2.03565,2.036,4.00,0.80
2008.05.19 15:55:31.688,2.03565,2.036,1.60,0.80
2008.05.19 15:55:31.826,2.03565,2.036,0.80,0.80
2008.05.19 15:55:32.029,2.03565,2.03595,0.80,0.90
2008.05.19 15:55:32.232,2.03565,2.03595,0.80,3.30
2008.05.19 15:55:32.435,2.03555,2.0359,2.40,0.80
2008.05.19 15:55:32.643,2.03555,2.0359,0.80,0.80
2008.05.19 15:55:32.844,2.03555,2.0359,1.60,0.80
2008.05.19 15:55:33.468,2.03555,2.0359,2.40,0.80
2008.05.19 15:55:33.707,2.03555,2.03595,1.60,0.90
2008.05.19 15:55:33.945,2.03555,2.036,1.60,0.80
2008.05.19 15:55:35.226,2.03555,2.036,0.80,1.70
2008.05.19 15:55:36.195,2.03555,2.036,1.60,0.80
2008.05.19 15:55:36.351,2.03555,2.036,0.80,1.70
2008.05.19 15:55:36.507,2.03555,2.03595,0.80,0.80
2008.05.19 15:55:36.970,2.03555,2.036,0.80,2.50
2008.05.19 15:55:37.131,2.03555,2.036,0.80,1.70
2008.05.19 15:55:38.193,2.03555,2.036,0.80,0.80
2008.05.19 15:55:38.409,2.03555,2.036,0.80,1.70
2008.05.19 15:55:39.197,2.03555,2.036,0.80,0.80
2008.05.19 15:55:39.677,2.03555,2.036,0.80,1.70
2008.05.19 15:55:40.820,2.03555,2.036,0.80,0.80
2008.05.19 15:55:40.943,2.03555,2.03585,0.80,1.70
2008.05.19 15:55:41.063,2.03555,2.03585,0.80,0.90
2008.05.19 15:55:41.183,2.03535,2.03585,3.80,0.90
2008.05.19 15:55:41.353,2.03535,2.03585,3.20,1.70
2008.05.19 15:55:41.525,2.03535,2.0357,0.80,0.80
2008.05.19 15:55:41.695,2.03535,2.03585,1.60,2.40
2008.05.19 15:55:42.035,2.03535,2.03575,1.60,0.90
2008.05.19 15:55:42.206,2.0353,2.0358,0.80,4.10
2008.05.19 15:55:42.377,2.0353,2.0357,0.80,0.80
2008.05.19 15:55:42.509,2.03535,2.0357,0.80,0.80
2008.05.19 15:55:42.899,2.03535,2.03585,0.80,1.60
2008.05.19 15:55:43.031,2.03535,2.0358,2.40,0.80
2008.05.19 15:55:43.161,2.03535,2.0358,0.80,0.80
2008.05.19 15:55:43.301,2.03535,2.0358,0.80,1.70
2008.05.19 15:55:43.452,2.03535,2.0358,4.00,1.70
2008.05.19 15:55:44.118,2.03535,2.0358,4.80,0.80
2008.05.19 15:55:44.412,2.03535,2.0358,4.00,1.70
2008.05.19 15:55:44.677,2.03535,2.0358,5.60,1.70
2008.05.19 15:55:44.856,2.03535,2.03575,5.60,0.80
2008.05.19 15:55:44.953,2.03535,2.0356,5.60,0.90
2008.05.19 15:55:45.044,2.03535,2.0356,4.00,0.90
2008.05.19 15:55:45.134,2.03525,2.0356,2.40,0.90
2008.05.19 15:55:45.224,2.03525,2.03575,0.80,2.40
2008.05.19 15:55:45.540,2.03525,2.0358,3.20,1.70
2008.05.19 15:55:45.755,2.03525,2.0358,2.40,1.70
2008.05.19 15:55:46.644,2.03535,2.0358,0.80,1.70
2008.05.19 15:55:46.760,2.03535,2.0358,2.40,1.70
2008.05.19 15:55:46.928,2.03535,2.0358,0.80,1.70
2008.05.19 15:55:47.311,2.03535,2.03565,0.80,1.60
2008.05.19 15:55:47.487,2.03535,2.0356,0.80,0.90
2008.05.19 15:55:47.653,2.03525,2.0356,0.80,1.70
2008.05.19 15:55:47.818,2.0352,2.0357,0.80,0.80
2008.05.19 15:55:47.985,2.03515,2.03565,3.20,2.50
2008.05.19 15:55:48.150,2.03515,2.0356,3.20,0.80
2008.05.19 15:55:48.317,2.03515,2.0356,1.60,0.80
2008.05.19 15:55:48.483,2.03515,2.0356,2.40,0.80
2008.05.19 15:55:49.577,2.03525,2.0357,0.80,0.90
2008.05.19 15:55:49.692,2.03525,2.03575,0.80,5.60
2008.05.19 15:55:49.955,2.03525,2.03575,0.80,4.90
2008.05.19 15:55:50.012,2.03525,2.03575,0.80,0.90
2008.05.19 15:55:50.277,2.0352,2.03575,1.40,0.90
2008.05.19 15:55:50.421,2.0352,2.0357,1.40,0.80
2008.05.19 15:55:50.483,2.0352,2.0357,0.80,0.80
2008.05.19 15:55:51.861,2.03525,2.0357,0.80,0.80
2008.05.19 15:55:51.992,2.0353,2.0357,0.80,0.80
2008.05.19 15:55:52.622,2.03525,2.0357,0.80,0.80
2008.05.19 15:55:52.720,2.0352,2.0357,3.20,0.80
2008.05.19 15:55:52.806,2.0352,2.0357,0.80,0.80
2008.05.19 15:55:53.671,2.0352,2.0357,0.80,1.70
2008.05.19 15:55:54.181,2.0352,2.0357,0.80,0.80
2008.05.19 15:55:56.113,2.0352,2.0357,0.80,1.70
2008.05.19 15:55:57.188,2.0352,2.0357,0.80,0.80
2008.05.19 15:55:57.389,2.03515,2.0356,0.80,0.80
2008.05.19 15:55:57.648,2.0351,2.0356,1.40,0.80
2008.05.19 15:55:57.713,2.0352,2.0356,0.80,0.80
2008.05.19 15:55:57.906,2.0351,2.0356,3.80,0.80
2008.05.19 15:55:58.466,2.0351,2.0356,1.40,0.80
2008.05.19 15:55:58.660,2.0352,2.0356,0.80,0.80
2008.05.19 15:56:00.888,2.03515,2.0356,1.60,0.80
2008.05.19 15:56:01.207,2.03515,2.03555,0.80,3.30
2008.05.19 15:56:01.428,2.03515,2.03555,0.80,2.50
2008.05.19 15:56:01.922,2.03515,2.03555,0.80,4.90
2008.05.19 15:56:02.707,2.035,2.0355,1.40,0.80
2008.05.19 15:56:03.188,2.0351,2.0355,0.80,0.80
2008.05.19 15:56:03.304,2.03515,2.0355,0.80,0.80
2008.05.19 15:56:03.435,2.03505,2.0355,0.80,0.80
2008.05.19 15:56:03.501,2.03505,2.0355,3.00,0.80
2008.05.19 15:56:03.759,2.03505,2.0355,2.20,0.80
2008.05.19 15:56:04.136,2.0351,2.0355,0.60,0.80
2008.05.19 15:56:04.856,2.0351,2.0355,1.40,0.80
2008.05.19 15:56:05.005,2.03515,2.0355,1.40,0.80
2008.05.19 15:56:05.157,2.0352,2.0355,0.80,0.80
2008.05.19 15:56:05.281,2.03525,2.03565,0.80,1.60
2008.05.19 15:56:05.332,2.03525,2.0357,0.80,0.80
2008.05.19 15:56:05.383,2.03525,2.0357,1.60,0.80
2008.05.19 15:56:05.892,2.03535,2.0357,0.80,0.80
2008.05.19 15:56:06.113,2.03535,2.03575,1.60,0.60
2008.05.19 15:56:06.283,2.03535,2.0358,1.60,0.60
2008.05.19 15:56:06.495,2.0353,2.03565,2.40,0.90
2008.05.19 15:56:06.715,2.03525,2.03565,1.60,0.90
2008.05.19 15:56:06.926,2.03515,2.03565,3.80,0.90
2008.05.19 15:56:07.136,2.03515,2.03565,2.20,0.90
2008.05.19 15:56:07.437,2.03535,2.0357,0.80,0.80
2008.05.19 15:56:08.181,2.03525,2.03565,0.80,0.90
2008.05.19 15:56:08.272,2.03515,2.03565,2.20,0.90
2008.05.19 15:56:09.897,2.03535,2.03565,0.80,0.90
2008.05.19 15:56:10.333,2.03515,2.03565,2.20,0.90
2008.05.19 15:56:13.151,2.0352,2.03565,2.40,0.90
2008.05.19 15:56:13.951,2.03525,2.0357,0.80,0.80
2008.05.19 15:56:15.063,2.03535,2.0357,0.80,0.80
2008.05.19 15:56:18.339,2.03535,2.03565,0.80,0.90
2008.05.19 15:56:18.388,2.03555,2.03565,0.80,0.90
2008.05.19 15:56:18.575,2.03535,2.03565,0.80,0.90
2008.05.19 15:56:18.755,2.0353,2.0357,3.20,0.80
2008.05.19 15:56:18.939,2.03535,2.03575,0.80,3.20
2008.05.19 15:56:19.132,2.03535,2.03585,1.60,4.90
2008.05.19 15:56:19.312,2.03535,2.03585,1.60,3.30
2008.05.19 15:56:19.493,2.03535,2.03585,0.80,3.30
2008.05.19 15:56:19.944,2.03535,2.03565,0.80,0.90
2008.05.19 15:56:20.185,2.0353,2.0357,0.80,0.80
2008.05.19 15:56:20.412,2.03525,2.0357,3.80,0.80
2008.05.19 15:56:20.638,2.03525,2.0357,3.00,0.80
2008.05.19 15:56:20.795,2.03535,2.03585,0.80,5.60
2008.05.19 15:56:21.272,2.03535,2.03585,0.80,4.00
2008.05.19 15:56:21.904,2.03535,2.0358,0.80,0.90
2008.05.19 15:56:22.154,2.03535,2.0357,0.80,0.90
2008.05.19 15:56:22.291,2.03525,2.0357,2.40,0.90
2008.05.19 15:56:22.417,2.03525,2.03575,3.20,2.40
2008.05.19 15:56:22.543,2.03525,2.0358,3.20,1.70
2008.05.19 15:56:22.668,2.03535,2.0358,0.80,1.70
2008.05.19 15:56:22.794,2.0354,2.0358,0.80,0.80
2008.05.19 15:56:22.959,2.03555,2.0358,0.80,0.80
2008.05.19 15:56:23.292,2.03545,2.0358,0.80,0.80
2008.05.19 15:56:23.457,2.0354,2.03575,2.40,0.90
2008.05.19 15:56:23.622,2.03535,2.0357,0.80,0.80
2008.05.19 15:56:24.077,2.03535,2.03585,1.60,5.70
2008.05.19 15:56:24.378,2.03535,2.03585,1.60,0.90
2008.05.19 15:56:25.328,2.03535,2.0358,0.80,0.90
2008.05.19 15:56:25.444,2.03535,2.03575,0.80,0.90
2008.05.19 15:56:25.788,2.0353,2.03565,0.60,0.90
2008.05.19 15:56:25.929,2.0353,2.0357,0.60,0.80
2008.05.19 15:56:26.799,2.0353,2.0357,1.40,0.80
2008.05.19 15:56:26.920,2.03535,2.03585,1.60,2.50
2008.05.19 15:56:27.277,2.03535,2.03585,1.60,0.90
2008.05.19 15:56:27.728,2.03535,2.03585,0.80,0.90
2008.05.19 15:56:28.274,2.03535,2.03585,0.80,3.30
2008.05.19 15:56:29.356,2.03535,2.03585,0.80,3.90
2008.05.19 15:56:30.023,2.03535,2.03585,0.80,4.70
2008.05.19 15:56:30.482,2.03535,2.0358,0.80,0.90
2008.05.19 15:56:30.845,2.03535,2.03585,0.80,6.30
2008.05.19 15:56:31.001,2.03535,2.0358,0.80,0.80
2008.05.19 15:56:32.064,2.03535,2.0358,0.80,1.70
2008.05.19 15:56:32.215,2.03535,2.0358,1.60,0.80
2008.05.19 15:56:32.771,2.03535,2.0358,4.00,0.80
2008.05.19 15:56:32.912,2.03545,2.0358,0.80,0.80
2008.05.19 15:56:34.502,2.0354,2.0358,2.40,0.80
2008.05.19 15:56:34.647,2.03545,2.03585,0.80,3.30
2008.05.19 15:56:34.793,2.03535,2.03575,1.40,0.90
2008.05.19 15:56:34.939,2.03535,2.0358,1.40,1.70
2008.05.19 15:56:35.085,2.03535,2.0358,4.60,0.80
2008.05.19 15:56:35.230,2.0354,2.0358,2.40,0.80
2008.05.19 15:56:35.630,2.03535,2.0358,4.60,0.80
2008.05.19 15:56:36.979,2.03545,2.0358,0.80,0.80
2008.05.19 15:56:37.150,2.03545,2.03595,4.00,1.60
2008.05.19 15:56:37.320,2.03545,2.03595,3.20,0.90
2008.05.19 15:56:37.639,2.03545,2.03595,0.80,0.90
2008.05.19 15:56:37.792,2.03545,2.03585,0.80,2.40
2008.05.19 15:56:37.945,2.0354,2.0358,3.20,0.80
2008.05.19 15:56:38.097,2.03535,2.0357,3.00,0.80
2008.05.19 15:56:38.250,2.03535,2.0358,2.40,0.80
2008.05.19 15:56:38.980,2.03535,2.0358,0.80,0.80
2008.05.19 15:56:39.837,2.03535,2.03575,0.80,0.90
2008.05.19 15:56:40.027,2.03535,2.0357,0.80,0.80
2008.05.19 15:56:40.638,2.03535,2.0357,1.60,0.80
2008.05.19 15:56:42.082,2.03535,2.0357,0.80,0.80
2008.05.19 15:56:44.189,2.03535,2.0357,1.60,0.80
2008.05.19 15:56:44.873,2.03535,2.0357,0.80,0.80
2008.05.19 15:56:47.203,2.03535,2.0357,1.60,0.80
2008.05.19 15:56:47.610,2.03535,2.0358,1.60,0.80
2008.05.19 15:56:47.999,2.03545,2.0358,0.80,0.80
2008.05.19 15:56:48.182,2.03545,2.0358,1.60,0.80
2008.05.19 15:56:48.551,2.03545,2.0358,0.80,0.80
2008.05.19 15:56:48.926,2.03535,2.0358,1.60,0.80
2008.05.19 15:56:49.136,2.03545,2.0358,0.80,0.80
2008.05.19 15:56:49.347,2.03535,2.0358,1.60,0.80
2008.05.19 15:56:51.816,2.0354,2.0358,2.40,0.80
2008.05.19 15:56:51.918,2.03545,2.0358,1.60,0.80
2008.05.19 15:56:52.135,2.03545,2.0358,2.40,0.80
2008.05.19 15:56:52.480,2.03545,2.0358,1.60,0.80
2008.05.19 15:56:52.645,2.03535,2.0358,3.80,0.80
2008.05.19 15:56:52.809,2.03545,2.0358,0.80,0.80
2008.05.19 15:56:52.985,2.0354,2.0358,2.40,0.80
2008.05.19 15:56:53.141,2.03545,2.0358,0.80,0.80
2008.05.19 15:56:53.611,2.03545,2.0358,2.40,0.80
2008.05.19 15:56:54.316,2.0354,2.0358,2.40,0.80
2008.05.19 15:56:55.024,2.03535,2.0358,1.60,0.80
2008.05.19 15:56:55.504,2.03545,2.0358,1.60,0.80
2008.05.19 15:56:55.708,2.03545,2.0358,2.40,0.80
2008.05.19 15:57:06.573,2.03545,2.0358,1.60,0.80
2008.05.19 15:57:06.852,2.03545,2.0358,0.80,0.80
2008.05.19 15:57:06.953,2.03545,2.0358,1.60,0.80
2008.05.19 15:57:07.356,2.03545,2.0358,0.80,0.80
2008.05.19 15:57:07.457,2.0354,2.0358,2.40,0.80
2008.05.19 15:57:07.558,2.03535,2.0358,1.60,0.80
2008.05.19 15:57:08.907,2.03535,2.0357,1.60,0.80
2008.05.19 15:57:09.210,2.03535,2.0357,0.80,0.80
2008.05.19 15:57:09.453,2.03545,2.0357,0.80,0.80
2008.05.19 15:57:09.505,2.03545,2.0357,1.60,0.80
2008.05.19 15:57:09.561,2.03545,2.03585,2.40,1.60
2008.05.19 15:57:09.672,2.03545,2.0358,1.60,0.80
2008.05.19 15:57:09.885,2.0354,2.0358,2.40,0.80
2008.05.19 15:57:10.060,2.03535,2.0358,1.60,0.80
2008.05.19 15:57:10.588,2.0354,2.0358,2.40,0.80
2008.05.19 15:57:10.945,2.03535,2.0358,1.60,0.80
2008.05.19 15:57:12.385,2.0354,2.0358,0.80,0.80
2008.05.19 15:57:12.910,2.0355,2.0358,0.80,0.80
2008.05.19 15:57:13.071,2.03555,2.0358,0.80,0.80
2008.05.19 15:57:13.611,2.0355,2.0358,0.80,0.80
2008.05.19 15:57:13.757,2.0354,2.0358,3.20,0.80
2008.05.19 15:57:14.014,2.0354,2.0358,0.80,0.80
2008.05.19 15:57:16.458,2.03535,2.0358,3.20,1.70
2008.05.19 15:57:16.586,2.03535,2.0357,3.20,0.80
2008.05.19 15:57:16.750,2.03535,2.0357,1.60,0.80
2008.05.19 15:57:19.943,2.03535,2.0357,1.60,1.70
2008.05.19 15:57:20.279,2.03535,2.0357,0.80,1.70
2008.05.19 15:57:24.917,2.03535,2.0357,0.80,0.80
2008.05.19 15:57:25.008,2.03535,2.03575,0.80,4.00
2008.05.19 15:57:25.088,2.03535,2.03575,0.80,1.60
2008.05.19 15:57:25.585,2.03535,2.0358,0.80,2.40
2008.05.19 15:57:26.267,2.03535,2.0358,0.80,1.40
2008.05.19 15:57:26.970,2.03535,2.03575,0.80,0.90
2008.05.19 15:57:27.105,2.03535,2.03575,0.80,2.50
2008.05.19 15:57:27.166,2.03525,2.0357,0.80,0.80
2008.05.19 15:57:27.606,2.0352,2.0357,0.80,0.80
2008.05.19 15:57:28.039,2.03515,2.0357,4.00,1.70
2008.05.19 15:57:28.209,2.03515,2.0357,1.60,1.70
2008.05.19 15:57:28.717,2.03515,2.0357,1.60,4.10
2008.05.19 15:57:29.202,2.03515,2.03565,1.60,1.60
2008.05.19 15:57:29.611,2.03525,2.03565,0.80,1.60
2008.05.19 15:57:29.747,2.03525,2.03565,1.60,1.60
2008.05.19 15:57:29.882,2.03525,2.0357,1.60,0.80
2008.05.19 15:57:30.624,2.03525,2.0357,0.80,1.70
2008.05.19 15:57:30.732,2.03525,2.0357,0.80,3.30
2008.05.19 15:57:30.849,2.03525,2.0356,0.80,0.80
2008.05.19 15:57:32.211,2.03535,2.0356,0.80,0.80
2008.05.19 15:57:32.933,2.03535,2.03575,0.80,5.60
2008.05.19 15:57:32.994,2.03535,2.03575,0.80,2.20
2008.05.19 15:57:33.176,2.03535,2.03575,0.80,0.60
2008.05.19 15:57:33.646,2.03525,2.0357,4.00,0.80
2008.05.19 15:57:33.768,2.03525,2.0357,3.20,0.80
2008.05.19 15:57:33.888,2.03555,2.0358,0.80,0.90
2008.05.19 15:57:34.014,2.03555,2.03585,0.80,1.60
2008.05.19 15:57:34.135,2.03545,2.0358,2.40,0.80
2008.05.19 15:57:34.256,2.03545,2.0359,0.80,1.40
2008.05.19 15:57:34.378,2.03545,2.0359,0.80,0.80
2008.05.19 15:57:34.498,2.03535,2.0359,4.00,1.70
2008.05.19 15:57:34.939,2.03535,2.0358,2.40,0.80
2008.05.19 15:57:37.962,2.0355,2.0358,0.80,0.80
2008.05.19 15:57:37.994,2.03555,2.0358,0.80,0.80
2008.05.19 15:57:38.622,2.03555,2.0358,1.60,0.80
2008.05.19 15:57:38.694,2.03555,2.0359,2.40,0.80
2008.05.19 15:57:42.939,2.03565,2.0359,0.80,0.80
2008.05.19 15:57:43.074,2.03565,2.0361,0.80,1.40
2008.05.19 15:57:43.362,2.03565,2.0361,0.80,0.80
2008.05.19 15:57:43.979,2.0357,2.0361,0.80,0.80
2008.05.19 15:57:44.114,2.03575,2.0361,1.60,0.80
2008.05.19 15:57:44.250,2.03575,2.0361,0.80,0.80
2008.05.19 15:57:44.351,2.03565,2.0361,2.40,0.80
2008.05.19 15:57:44.596,2.03565,2.0361,0.80,0.80
2008.05.19 15:57:45.321,2.03575,2.0361,0.80,0.80
2008.05.19 15:57:45.633,2.03575,2.0361,2.40,0.80
2008.05.19 15:57:45.872,2.03575,2.0361,0.80,0.80
2008.05.19 15:57:45.981,2.03565,2.0361,3.20,0.80
2008.05.19 15:57:46.246,2.03565,2.0361,0.80,0.80
2008.05.19 15:57:47.315,2.0356,2.0361,0.80,0.80
2008.05.19 15:57:48.668,2.0357,2.0361,0.80,0.80
2008.05.19 15:57:48.857,2.0356,2.0361,0.80,0.80
2008.05.19 15:57:48.979,2.0356,2.0361,3.20,0.80
2008.05.19 15:57:49.218,2.0356,2.0361,0.80,0.80
2008.05.19 15:57:49.554,2.03575,2.0361,0.80,0.80
2008.05.19 15:57:49.721,2.0357,2.0361,0.80,0.80
2008.05.19 15:57:50.221,2.03575,2.0361,0.80,0.80
2008.05.19 15:57:50.538,2.0356,2.0361,3.20,0.80
2008.05.19 15:57:50.728,2.0356,2.0361,0.80,0.80
2008.05.19 15:57:53.398,2.03565,2.0361,0.80,0.80
2008.05.19 15:57:53.501,2.03565,2.0361,1.60,0.80
2008.05.19 15:57:53.615,2.0357,2.0361,0.80,0.80
2008.05.19 15:57:53.666,2.03575,2.0361,0.80,0.80
2008.05.19 15:57:54.311,2.0356,2.0361,0.80,0.80
2008.05.19 15:57:54.856,2.0356,2.0361,3.20,0.80
2008.05.19 15:57:55.045,2.0356,2.0361,0.80,0.80
2008.05.19 15:57:55.218,2.0357,2.0361,0.80,0.80
2008.05.19 15:57:55.293,2.0357,2.0361,0.80,1.40
2008.05.19 15:57:56.845,2.0356,2.0361,3.20,1.40
2008.05.19 15:57:57.280,2.0356,2.0361,0.80,1.40
2008.05.19 15:57:57.946,2.0356,2.0361,0.80,0.80
2008.05.19 15:57:58.252,2.0357,2.0361,0.80,1.40
2008.05.19 15:57:59.926,2.03565,2.0361,2.40,1.40
2008.05.19 15:58:00.268,2.0356,2.0361,0.80,1.40
2008.05.19 15:58:02.272,2.0356,2.0361,0.80,0.80
2008.05.19 15:58:02.470,2.03575,2.0361,0.80,0.80
2008.05.19 15:58:02.880,2.0356,2.0361,0.80,0.80
2008.05.19 15:58:03.356,2.03565,2.0361,2.40,0.80
2008.05.19 15:58:03.537,2.0356,2.0361,0.80,0.80
2008.05.19 15:58:04.762,2.03575,2.0361,0.80,0.80
2008.05.19 15:58:05.392,2.03565,2.0361,0.80,0.80
2008.05.19 15:58:05.522,2.0356,2.0361,0.80,0.80
2008.05.19 15:58:07.561,2.03565,2.0361,0.80,0.80
2008.05.19 15:58:07.900,2.03565,2.0361,3.20,0.80
2008.05.19 15:58:07.961,2.03565,2.0361,2.40,1.70
2008.05.19 15:58:08.021,2.03575,2.0361,0.80,1.70
2008.05.19 15:58:08.208,2.03575,2.0361,0.80,0.80
2008.05.19 15:58:08.270,2.03565,2.03605,3.20,1.60
2008.05.19 15:58:08.490,2.03565,2.0361,0.80,0.80
2008.05.19 15:58:08.768,2.03555,2.0361,4.60,1.70
2008.05.19 15:58:08.958,2.03555,2.0361,4.00,1.70
2008.05.19 15:58:09.206,2.0356,2.0361,2.40,1.70
2008.05.19 15:58:09.851,2.03565,2.0361,0.80,0.80
2008.05.19 15:58:20.351,2.03575,2.0361,0.80,0.80
2008.05.19 15:58:20.552,2.03575,2.0361,1.60,0.80
2008.05.19 15:58:20.717,2.03575,2.0361,0.80,0.80
2008.05.19 15:58:21.100,2.03565,2.0361,0.80,0.80
2008.05.19 15:58:22.659,2.0356,2.0361,2.40,1.70
2008.05.19 15:58:23.133,2.03565,2.0361,0.80,0.80
2008.05.19 15:58:25.639,2.0356,2.0361,2.40,1.70
2008.05.19 15:58:25.849,2.03565,2.0361,0.80,0.80
2008.05.19 15:58:25.960,2.03565,2.0361,0.80,1.40
2008.05.19 15:58:31.268,2.03565,2.0361,0.80,0.80
2008.05.19 15:58:34.533,2.0357,2.0361,0.80,0.80
2008.05.19 15:58:34.697,2.0357,2.03615,0.80,3.00
2008.05.19 15:58:35.039,2.03565,2.03615,4.00,1.40
2008.05.19 15:58:35.126,2.03565,2.03615,1.60,1.40
2008.05.19 15:58:35.187,2.03565,2.0361,1.60,0.80
2008.05.19 15:58:38.924,2.03565,2.0361,1.60,1.40
2008.05.19 15:58:39.142,2.03565,2.0361,0.80,2.40
2008.05.19 15:58:39.256,2.03565,2.0359,0.80,0.80
2008.05.19 15:58:42.405,2.03565,2.0359,1.60,0.80
2008.05.19 15:58:42.675,2.03565,2.0361,1.60,0.80
2008.05.19 15:58:42.766,2.03565,2.0361,1.60,1.40
2008.05.19 15:58:43.068,2.03575,2.0361,1.60,1.40
2008.05.19 15:58:43.218,2.03575,2.0361,2.40,0.80
2008.05.19 15:58:43.369,2.03575,2.0361,1.60,0.80
2008.05.19 15:58:43.521,2.03575,2.0361,0.80,0.80
2008.05.19 15:58:43.674,2.0356,2.0359,3.20,0.80
2008.05.19 15:58:43.983,2.0356,2.0359,0.80,0.80
2008.05.19 15:58:44.304,2.03555,2.0359,2.40,0.80
2008.05.19 15:58:44.892,2.0356,2.0359,0.80,0.80
2008.05.19 15:58:45.142,2.03555,2.0359,2.40,0.80
2008.05.19 15:58:45.989,2.03575,2.0359,0.80,0.80
2008.05.19 15:58:46.140,2.03575,2.0361,1.60,0.80
2008.05.19 15:58:46.292,2.03575,2.0361,0.80,0.80
2008.05.19 15:58:46.443,2.03575,2.0361,0.80,1.70
2008.05.19 15:58:46.519,2.03555,2.0359,4.00,0.80
2008.05.19 15:58:46.741,2.03555,2.0359,2.40,0.80
2008.05.19 15:58:47.308,2.03555,2.0361,4.00,1.70
2008.05.19 15:58:47.508,2.03565,2.0361,0.80,0.80
2008.05.19 15:58:47.719,2.03575,2.0361,0.80,0.80
2008.05.19 15:58:48.024,2.03575,2.0361,2.40,0.80
2008.05.19 15:58:48.245,2.03575,2.0361,0.80,0.80
2008.05.19 15:58:48.541,2.03565,2.0361,2.40,0.80
2008.05.19 15:58:48.733,2.03565,2.0361,0.80,0.80
2008.05.19 15:58:48.955,2.03555,2.0361,4.00,1.70
2008.05.19 15:58:49.187,2.03555,2.0359,4.00,0.80
2008.05.19 15:58:49.419,2.03555,2.0359,2.40,0.80
2008.05.19 15:58:49.650,2.03575,2.0359,0.80,0.80
2008.05.19 15:58:49.881,2.03575,2.0361,1.60,0.80
2008.05.19 15:58:50.303,2.03575,2.0359,0.80,0.80
2008.05.19 15:58:50.494,2.0356,2.0359,0.80,0.80
2008.05.19 15:58:50.686,2.03565,2.0359,0.80,0.80
2008.05.19 15:58:50.877,2.03565,2.0361,0.80,0.80
2008.05.19 15:58:51.912,2.03575,2.0361,1.60,0.80
2008.05.19 15:58:52.193,2.03575,2.0361,2.40,0.80
2008.05.19 15:58:54.414,2.0358,2.0361,0.80,0.80
2008.05.19 15:58:54.957,2.03595,2.0361,0.80,0.80
2008.05.19 15:58:55.076,2.03595,2.0361,1.60,0.80
2008.05.19 15:58:55.146,2.03595,2.0363,2.40,0.80
2008.05.19 15:58:55.476,2.03595,2.0363,3.20,0.80
2008.05.19 15:58:55.750,2.036,2.0363,0.80,0.80
2008.05.19 15:58:56.031,2.03595,2.0363,3.20,0.80
2008.05.19 15:58:57.720,2.03605,2.0363,0.80,0.80
2008.05.19 15:58:57.855,2.03615,2.0363,0.80,0.80
2008.05.19 15:58:58.089,2.03615,2.0365,1.60,0.80
2008.05.19 15:58:58.284,2.03615,2.0365,2.40,0.80
2008.05.19 15:58:59.708,2.03615,2.03655,2.40,0.60
2008.05.19 15:58:59.908,2.03615,2.0366,3.20,1.40
2008.05.19 15:59:00.215,2.03615,2.03655,3.20,2.40
2008.05.19 15:59:00.316,2.03615,2.0365,3.20,0.80
2008.05.19 15:59:02.216,2.03615,2.0366,3.20,0.80
2008.05.19 15:59:02.386,2.0362,2.0366,0.80,0.80
2008.05.19 15:59:02.615,2.0363,2.0366,0.80,0.80
2008.05.19 15:59:02.699,2.03635,2.0367,1.60,0.80
2008.05.19 15:59:02.740,2.03635,2.0367,2.40,0.80
2008.05.19 15:59:03.092,2.03635,2.0367,1.60,0.80
2008.05.19 15:59:03.367,2.03635,2.0367,0.80,0.80
2008.05.19 15:59:04.249,2.03645,2.0366,0.80,0.80
2008.05.19 15:59:04.339,2.03645,2.0366,3.20,0.80
2008.05.19 15:59:04.538,2.03645,2.0368,0.80,0.80
2008.05.19 15:59:05.026,2.03635,2.0368,1.60,0.80
2008.05.19 15:59:06.628,2.03635,2.03675,0.80,0.90
2008.05.19 15:59:06.774,2.03625,2.0367,4.00,0.80
2008.05.19 15:59:06.919,2.03625,2.0367,1.60,0.80
2008.05.19 15:59:07.302,2.0362,2.0367,1.40,0.80
2008.05.19 15:59:08.429,2.0362,2.03665,0.60,0.90
2008.05.19 15:59:08.527,2.0362,2.0365,0.60,0.80
2008.05.19 15:59:08.676,2.0362,2.0365,0.80,0.80
2008.05.19 15:59:08.720,2.0362,2.0367,0.80,3.20
2008.05.19 15:59:09.033,2.0362,2.0367,0.80,0.80
2008.05.19 15:59:10.122,2.03625,2.0367,0.80,0.80
2008.05.19 15:59:10.222,2.03625,2.03675,1.60,1.60
2008.05.19 15:59:10.318,2.03625,2.03675,4.00,1.60
2008.05.19 15:59:10.414,2.03625,2.0368,4.00,4.00
2008.05.19 15:59:11.156,2.03625,2.03675,4.00,1.60
2008.05.19 15:59:11.689,2.03625,2.03675,3.20,2.50
2008.05.19 15:59:11.825,2.03625,2.0367,0.80,0.80
2008.05.19 15:59:16.144,2.03625,2.03665,0.80,1.60
2008.05.19 15:59:16.210,2.03625,2.0365,0.80,0.80
2008.05.19 15:59:17.131,2.03625,2.0367,0.80,3.20
2008.05.19 15:59:17.269,2.03625,2.0367,0.80,0.80
2008.05.19 15:59:17.475,2.03625,2.03665,0.80,1.60
2008.05.19 15:59:19.724,2.03625,2.0365,0.80,0.80
2008.05.19 15:59:21.291,2.03625,2.03665,0.80,2.50
2008.05.19 15:59:21.528,2.03625,2.03665,0.80,1.60
2008.05.19 15:59:22.595,2.03625,2.0367,0.80,0.80
2008.05.19 15:59:24.449,2.03625,2.0365,0.80,0.80
2008.05.19 15:59:26.455,2.03625,2.0366,0.80,0.80
2008.05.19 15:59:27.799,2.0361,2.0366,0.80,0.80
2008.05.19 15:59:28.084,2.03605,2.03655,2.20,0.90
2008.05.19 15:59:28.228,2.03605,2.03655,1.60,0.90
2008.05.19 15:59:28.408,2.03605,2.0365,1.60,0.80
2008.05.19 15:59:29.817,2.03605,2.0363,1.60,0.80
2008.05.19 15:59:30.001,2.03605,2.0363,0.80,0.80
2008.05.19 15:59:31.826,2.03605,2.0364,0.80,0.80
2008.05.19 15:59:31.926,2.03605,2.0364,1.60,0.80
2008.05.19 15:59:32.269,2.03605,2.0364,2.40,0.80
2008.05.19 15:59:32.369,2.03605,2.0364,3.20,0.80
2008.05.19 15:59:34.232,2.03605,2.0364,2.40,0.80
2008.05.19 15:59:34.638,2.03605,2.0364,3.20,0.80
2008.05.19 15:59:36.488,2.03625,2.03655,1.60,1.60
2008.05.19 15:59:37.953,2.03615,2.0364,3.20,0.80
2008.05.19 15:59:38.010,2.0361,2.0364,0.80,0.80
2008.05.19 15:59:38.070,2.03585,2.03635,2.40,0.90
2008.05.19 15:59:38.206,2.0359,2.0364,0.80,1.40
2008.05.19 15:59:38.583,2.0359,2.03635,0.80,2.40
2008.05.19 15:59:38.733,2.03585,2.0363,0.80,0.90
2008.05.19 15:59:38.794,2.03585,2.0363,0.80,4.10
2008.05.19 15:59:39.327,2.03575,2.03625,1.40,1.60
2008.05.19 15:59:40.931,2.03575,2.0362,0.60,0.90
2008.05.19 15:59:41.031,2.03575,2.0361,0.60,0.80
2008.05.19 15:59:41.156,2.03575,2.0361,1.40,0.80
2008.05.19 15:59:41.372,2.03575,2.03625,3.00,1.60
2008.05.19 15:59:41.476,2.03575,2.03625,2.20,1.60
2008.05.19 15:59:41.605,2.03575,2.0363,3.00,4.10
2008.05.19 15:59:41.921,2.03575,2.0361,1.40,0.80
2008.05.19 15:59:42.198,2.03575,2.03625,3.00,1.60
2008.05.19 15:59:42.483,2.03575,2.0361,1.40,0.80
2008.05.19 15:59:42.749,2.03575,2.0361,0.60,0.80
2008.05.19 15:59:43.686,2.03575,2.0361,1.40,0.80
2008.05.19 15:59:44.693,2.03575,2.0361,2.20,0.80
2008.05.19 15:59:46.085,2.03575,2.0361,3.00,0.80
2008.05.19 15:59:51.724,2.03575,2.0361,2.20,0.80
2008.05.19 15:59:51.839,2.03575,2.0361,1.40,0.80
2008.05.19 15:59:51.955,2.03565,2.0361,1.40,0.80
2008.05.19 15:59:52.071,2.03565,2.0361,0.80,0.80
