2008.08.25 07:00:00.665,2.0274,2.02785,1.30,2.70
2008.08.25 07:00:00.970,2.02735,2.02785,1.30,2.70
2008.08.25 07:00:01.268,2.0274,2.02785,1.30,2.70
2008.08.25 07:00:02.163,2.02745,2.02795,1.30,2.70
2008.08.25 07:00:02.259,2.0275,2.02795,1.30,2.70
2008.08.25 07:00:02.807,2.0275,2.028,1.30,2.70
2008.08.25 07:00:03.723,2.02755,2.028,1.30,2.70
2008.08.25 07:00:03.864,2.02755,2.0281,1.30,2.70
2008.08.25 07:00:04.408,2.0275,2.0281,1.30,3.70
2008.08.25 07:00:04.666,2.0275,2.028,1.30,2.70
2008.08.25 07:00:06.175,2.0275,2.028,1.30,3.70
2008.08.25 07:00:06.440,2.02725,2.02795,1.30,1.70
2008.08.25 07:00:06.703,2.02725,2.02785,1.30,1.00
2008.08.25 07:00:06.967,2.02725,2.02775,1.30,1.00
2008.08.25 07:00:07.719,2.0273,2.02785,1.30,3.20
2008.08.25 07:00:07.951,2.0273,2.02785,1.30,5.90
2008.08.25 07:00:08.063,2.0273,2.0278,1.30,2.10
2008.08.25 07:00:08.287,2.0274,2.0278,1.30,2.10
2008.08.25 07:00:08.783,2.02745,2.02785,1.30,5.90
2008.08.25 07:00:09.359,2.0273,2.0278,1.30,2.10
2008.08.25 07:00:09.643,2.02725,2.0277,3.50,2.10
2008.08.25 07:00:09.933,2.02725,2.0277,1.30,3.20
2008.08.25 07:00:10.221,2.0271,2.02765,1.30,2.10
2008.08.25 07:00:10.507,2.0271,2.02755,1.30,2.10
2008.08.25 07:00:11.078,2.0271,2.0275,1.30,2.10
2008.08.25 07:00:11.371,2.0271,2.02745,1.30,2.10
2008.08.25 07:00:11.899,2.02705,2.0275,1.30,2.10
2008.08.25 07:00:12.178,2.027,2.0275,1.30,2.10
2008.08.25 07:00:12.443,2.02695,2.02745,1.30,2.10
2008.08.25 07:00:12.625,2.02685,2.02745,4.50,2.10
2008.08.25 07:00:12.803,2.02685,2.02745,3.50,2.10
2008.08.25 07:00:12.983,2.0268,2.02735,1.30,2.10
2008.08.25 07:00:13.163,2.02685,2.02735,1.30,2.10
2008.08.25 07:00:13.526,2.02685,2.02735,1.30,4.80
2008.08.25 07:00:13.843,2.02685,2.02735,1.30,2.10
2008.08.25 07:00:14.161,2.0268,2.02735,5.40,2.10
2008.08.25 07:00:15.196,2.0268,2.0274,5.40,2.10
2008.08.25 07:00:15.296,2.02695,2.0274,1.30,2.10
2008.08.25 07:00:15.495,2.0269,2.0274,1.30,2.10
2008.08.25 07:00:15.803,2.0269,2.02745,1.30,2.10
2008.08.25 07:00:16.044,2.02695,2.02745,1.30,2.10
2008.08.25 07:00:16.244,2.02695,2.0274,1.30,2.70
2008.08.25 07:00:16.639,2.02695,2.0275,1.30,3.20
2008.08.25 07:00:16.904,2.02695,2.02745,1.30,2.70
2008.08.25 07:00:17.167,2.02695,2.0275,1.30,5.90
2008.08.25 07:00:17.432,2.0269,2.0274,1.30,1.00
2008.08.25 07:00:19.799,2.02685,2.0274,1.30,1.00
2008.08.25 07:00:19.914,2.02685,2.0275,1.30,8.70
2008.08.25 07:00:19.959,2.0268,2.02745,1.30,3.90
2008.08.25 07:00:20.060,2.0268,2.02745,1.30,2.80
2008.08.25 07:00:20.131,2.0268,2.02745,1.30,3.90
2008.08.25 07:00:20.390,2.0268,2.02745,1.30,6.60
2008.08.25 07:00:20.538,2.0268,2.02745,1.30,7.60
2008.08.25 07:00:20.609,2.0268,2.0274,1.30,2.10
2008.08.25 07:00:20.694,2.02685,2.0274,1.30,2.10
2008.08.25 07:00:20.809,2.02675,2.0274,1.30,2.80
2008.08.25 07:00:21.156,2.02675,2.0274,1.30,6.00
2008.08.25 07:00:21.492,2.0269,2.0274,1.30,2.10
2008.08.25 07:00:21.845,2.0269,2.0275,1.30,2.70
2008.08.25 07:00:22.035,2.02695,2.02755,1.30,12.40
2008.08.25 07:00:22.132,2.02695,2.02755,1.30,4.80
2008.08.25 07:00:22.227,2.0271,2.02755,1.30,2.70
2008.08.25 07:00:22.527,2.0271,2.0276,1.30,2.10
2008.08.25 07:00:23.007,2.027,2.0276,1.30,2.10
2008.08.25 07:00:23.291,2.02705,2.0276,1.30,2.10
2008.08.25 07:00:24.304,2.02695,2.0276,1.30,2.80
2008.08.25 07:00:24.464,2.0269,2.0275,2.70,1.00
2008.08.25 07:00:24.623,2.02685,2.0275,3.50,1.00
2008.08.25 07:00:24.783,2.02685,2.02745,4.80,1.00
2008.08.25 07:00:24.943,2.02685,2.02745,8.10,1.70
2008.08.25 07:00:25.103,2.0269,2.02745,3.20,2.80
2008.08.25 07:00:25.307,2.0268,2.02735,1.30,2.70
2008.08.25 07:00:25.511,2.02705,2.02745,1.30,7.00
2008.08.25 07:00:25.715,2.02705,2.02755,1.30,8.10
2008.08.25 07:00:25.919,2.02705,2.02755,1.30,2.70
2008.08.25 07:00:26.459,2.02705,2.0276,1.30,1.00
2008.08.25 07:00:27.131,2.02715,2.02765,1.30,3.20
2008.08.25 07:00:27.555,2.02715,2.02765,1.30,2.10
2008.08.25 07:00:27.694,2.02715,2.0277,1.30,2.10
2008.08.25 07:00:29.135,2.027,2.02765,4.00,2.80
2008.08.25 07:00:29.355,2.027,2.02755,2.70,1.00
2008.08.25 07:00:29.521,2.027,2.02755,2.70,4.90
2008.08.25 07:00:29.682,2.027,2.0275,2.70,2.10
2008.08.25 07:00:29.847,2.027,2.0274,2.70,1.00
2008.08.25 07:00:30.011,2.02675,2.0273,2.70,3.20
2008.08.25 07:00:30.175,2.0267,2.0273,6.70,3.20
2008.08.25 07:00:30.339,2.0267,2.0274,4.50,8.70
2008.08.25 07:00:30.578,2.0267,2.0274,4.50,6.60
2008.08.25 07:00:30.932,2.02675,2.0274,1.30,6.60
2008.08.25 07:00:31.170,2.0268,2.0274,1.30,3.30
2008.08.25 07:00:33.125,2.02675,2.0274,4.50,3.30
2008.08.25 07:00:33.152,2.02675,2.0274,1.30,3.30
2008.08.25 07:00:33.449,2.02675,2.0274,4.00,3.90
2008.08.25 07:00:33.822,2.02675,2.0274,7.20,3.90
2008.08.25 07:00:34.253,2.02675,2.0274,4.50,6.60
2008.08.25 07:00:34.719,2.0268,2.0274,1.30,3.30
2008.08.25 07:00:35.139,2.02675,2.0274,1.30,3.30
2008.08.25 07:00:35.931,2.0269,2.02745,4.50,2.10
2008.08.25 07:00:36.195,2.0269,2.02745,1.30,2.10
2008.08.25 07:00:36.411,2.0267,2.0274,6.20,1.00
2008.08.25 07:00:36.628,2.0267,2.0274,7.20,6.00
2008.08.25 07:00:36.844,2.02675,2.02735,1.30,3.20
2008.08.25 07:00:37.063,2.02675,2.02745,1.30,13.00
2008.08.25 07:00:37.383,2.02675,2.02745,1.30,6.60
2008.08.25 07:00:37.543,2.0268,2.02745,4.00,3.90
2008.08.25 07:00:37.844,2.02685,2.02745,1.30,3.20
2008.08.25 07:00:38.007,2.02685,2.02745,1.30,2.10
2008.08.25 07:00:38.167,2.02685,2.02745,4.50,2.10
2008.08.25 07:00:38.323,2.0269,2.0274,3.20,1.00
2008.08.25 07:00:38.479,2.0268,2.0274,2.70,3.90
2008.08.25 07:00:38.634,2.02675,2.0274,4.00,3.90
2008.08.25 07:00:41.443,2.0268,2.0274,1.30,3.90
2008.08.25 07:00:42.659,2.0268,2.02745,1.30,13.60
2008.08.25 07:00:42.963,2.0268,2.0273,1.30,2.70
2008.08.25 07:00:43.046,2.0268,2.0274,1.30,6.60
2008.08.25 07:00:46.039,2.0267,2.02735,3.50,3.90
2008.08.25 07:00:46.075,2.0267,2.02735,3.50,3.30
2008.08.25 07:00:46.295,2.0267,2.02735,6.20,1.00
2008.08.25 07:00:46.338,2.0267,2.02735,6.20,3.90
2008.08.25 07:00:46.350,2.0267,2.02735,4.00,3.90
2008.08.25 07:00:46.590,2.0267,2.0273,2.70,1.00
2008.08.25 07:00:46.910,2.0267,2.0273,2.70,3.90
2008.08.25 07:00:47.164,2.0267,2.02725,2.70,3.90
2008.08.25 07:00:47.670,2.02685,2.0273,1.30,6.40
2008.08.25 07:00:47.912,2.0269,2.02755,1.30,5.50
2008.08.25 07:00:48.151,2.0269,2.0275,3.20,1.00
2008.08.25 07:00:48.391,2.0268,2.0275,4.00,1.00
2008.08.25 07:00:48.631,2.0268,2.0275,4.00,3.90
2008.08.25 07:00:49.154,2.0268,2.02745,4.00,1.00
2008.08.25 07:00:49.407,2.0269,2.0275,1.30,6.00
2008.08.25 07:00:49.659,2.0269,2.0275,1.30,3.90
2008.08.25 07:00:51.066,2.0269,2.02755,1.30,7.10
2008.08.25 07:00:52.399,2.0269,2.02755,1.30,4.90
2008.08.25 07:00:53.351,2.0269,2.02755,1.30,3.90
2008.08.25 07:00:54.976,2.02695,2.0276,1.30,8.70
2008.08.25 07:00:56.546,2.02705,2.0276,4.50,4.80
2008.08.25 07:00:56.858,2.02705,2.0276,4.50,2.10
2008.08.25 07:00:57.172,2.0271,2.0276,1.30,2.10
2008.08.25 07:00:57.483,2.027,2.0276,1.30,2.10
2008.08.25 07:00:57.628,2.027,2.0276,1.30,4.80
2008.08.25 07:01:01.592,2.027,2.02755,1.30,2.10
2008.08.25 07:01:01.891,2.02695,2.02755,1.30,2.10
2008.08.25 07:01:10.390,2.02695,2.0275,1.30,2.10
2008.08.25 07:01:10.502,2.02685,2.0275,7.20,2.80
2008.08.25 07:01:10.611,2.02685,2.02735,1.30,3.20
2008.08.25 07:01:11.860,2.0267,2.02735,4.00,3.90
2008.08.25 07:01:12.076,2.0267,2.0273,1.30,6.00
2008.08.25 07:01:12.297,2.0267,2.0273,1.30,3.90
2008.08.25 07:01:12.714,2.0267,2.0273,1.30,6.00
2008.08.25 07:01:13.500,2.02665,2.0273,4.50,6.00
2008.08.25 07:01:17.728,2.0266,2.02725,1.30,6.60
2008.08.25 07:01:17.887,2.0265,2.02715,4.00,1.00
2008.08.25 07:01:18.154,2.0265,2.02715,4.00,3.90
2008.08.25 07:01:18.262,2.0266,2.02715,1.30,3.20
2008.08.25 07:01:18.478,2.0266,2.0272,1.30,2.70
2008.08.25 07:01:18.587,2.0267,2.02715,3.20,1.00
2008.08.25 07:01:18.694,2.0267,2.02715,3.20,3.90
2008.08.25 07:01:18.910,2.0267,2.02715,3.20,6.60
2008.08.25 07:01:19.258,2.0267,2.027,3.20,1.00
2008.08.25 07:01:19.499,2.02645,2.027,3.20,3.90
2008.08.25 07:01:19.739,2.02665,2.027,3.20,2.70
2008.08.25 07:01:20.304,2.0266,2.02695,4.50,2.70
2008.08.25 07:01:20.387,2.0266,2.02735,4.50,5.40
2008.08.25 07:01:20.471,2.02665,2.02735,1.30,5.40
2008.08.25 07:01:20.554,2.02675,2.02735,3.20,5.40
2008.08.25 07:01:20.638,2.02675,2.02735,3.20,4.30
2008.08.25 07:01:20.975,2.0268,2.0273,3.20,2.10
2008.08.25 07:01:21.510,2.0268,2.0273,3.20,4.80
2008.08.25 07:01:21.851,2.0267,2.0273,1.30,2.70
2008.08.25 07:01:22.194,2.0267,2.02725,1.30,2.70
2008.08.25 07:01:22.524,2.0268,2.02725,3.20,2.70
2008.08.25 07:01:23.254,2.0268,2.0272,3.20,1.00
2008.08.25 07:01:23.322,2.0268,2.0271,3.20,1.00
2008.08.25 07:01:23.412,2.0268,2.0271,3.20,2.70
2008.08.25 07:01:23.464,2.0267,2.0271,3.20,2.70
2008.08.25 07:01:23.507,2.0267,2.027,3.20,2.70
2008.08.25 07:01:23.727,2.0267,2.02695,3.20,2.70
2008.08.25 07:01:23.860,2.02635,2.02695,8.90,2.70
2008.08.25 07:01:23.903,2.02635,2.02695,6.70,2.70
2008.08.25 07:01:23.952,2.02635,2.02695,4.50,2.70
2008.08.25 07:01:24.206,2.02635,2.02695,1.30,2.70
2008.08.25 07:01:24.250,2.02625,2.02695,8.90,2.70
2008.08.25 07:01:24.294,2.02625,2.0269,8.90,2.70
2008.08.25 07:01:24.974,2.02635,2.0269,7.50,6.60
2008.08.25 07:01:25.314,2.02635,2.0269,7.50,3.90
2008.08.25 07:01:26.136,2.0265,2.0269,2.10,3.90
2008.08.25 07:01:26.446,2.02635,2.02695,8.90,2.70
2008.08.25 07:01:26.722,2.02645,2.02705,3.50,6.60
2008.08.25 07:01:27.226,2.02645,2.02705,6.70,9.80
2008.08.25 07:01:27.940,2.02645,2.02695,6.70,2.70
2008.08.25 07:01:27.999,2.02645,2.02695,3.50,2.70
2008.08.25 07:01:28.834,2.02645,2.02705,3.50,6.60
2008.08.25 07:01:29.326,2.02645,2.02695,3.50,2.70
2008.08.25 07:01:29.819,2.0266,2.02695,1.30,2.70
2008.08.25 07:01:29.911,2.0266,2.0271,1.30,2.70
2008.08.25 07:01:31.246,2.02665,2.0271,1.30,3.20
2008.08.25 07:01:32.202,2.0266,2.0271,2.10,3.90
2008.08.25 07:01:32.429,2.0265,2.027,5.40,3.90
2008.08.25 07:01:32.655,2.0265,2.02695,5.40,1.00
2008.08.25 07:01:32.879,2.0265,2.02695,2.10,3.90
2008.08.25 07:01:34.684,2.0265,2.0269,1.30,3.20
2008.08.25 07:01:34.819,2.0266,2.0269,3.20,3.20
2008.08.25 07:01:34.955,2.0265,2.02715,1.30,11.40
2008.08.25 07:01:35.091,2.02655,2.0272,1.30,16.20
2008.08.25 07:01:35.199,2.02655,2.0271,1.30,3.20
2008.08.25 07:01:35.539,2.02655,2.02715,1.30,10.80
2008.08.25 07:01:35.634,2.0267,2.02715,3.20,7.50
2008.08.25 07:01:35.682,2.0267,2.0272,3.20,8.20
2008.08.25 07:01:35.879,2.0267,2.0272,3.20,6.00
2008.08.25 07:01:35.926,2.0267,2.0272,3.20,9.30
2008.08.25 07:01:35.979,2.0267,2.02715,3.20,3.90
2008.08.25 07:01:37.339,2.0267,2.0271,3.20,3.90
2008.08.25 07:01:37.389,2.0267,2.0271,3.20,3.20
2008.08.25 07:01:37.462,2.0267,2.0272,3.20,3.90
2008.08.25 07:01:37.498,2.0267,2.02715,3.20,2.70
2008.08.25 07:01:38.224,2.02655,2.02715,4.50,2.70
2008.08.25 07:01:38.412,2.02655,2.0272,4.50,6.60
2008.08.25 07:01:38.598,2.0267,2.0272,3.20,6.60
2008.08.25 07:01:38.975,2.0267,2.02715,3.20,2.70
2008.08.25 07:01:39.467,2.0267,2.0272,3.20,6.60
2008.08.25 07:01:39.683,2.02655,2.0272,4.50,6.60
2008.08.25 07:01:40.440,2.0267,2.0272,3.20,6.60
2008.08.25 07:01:40.769,2.0267,2.0272,3.20,3.90
2008.08.25 07:01:40.879,2.0267,2.02705,3.20,1.00
2008.08.25 07:01:40.988,2.02635,2.027,5.60,2.70
2008.08.25 07:01:41.097,2.0264,2.027,1.30,2.70
2008.08.25 07:01:41.766,2.0264,2.0271,1.30,6.60
2008.08.25 07:01:42.857,2.02645,2.02705,3.50,3.90
2008.08.25 07:01:43.462,2.02645,2.027,3.50,2.70
2008.08.25 07:01:43.694,2.02645,2.02705,3.50,3.90
2008.08.25 07:01:44.514,2.02645,2.027,3.50,2.70
2008.08.25 07:01:44.955,2.0265,2.027,2.10,2.70
2008.08.25 07:01:45.822,2.0265,2.02705,2.10,3.90
2008.08.25 07:01:46.238,2.0265,2.02705,2.10,6.60
2008.08.25 07:01:48.212,2.0265,2.0269,2.10,3.20
2008.08.25 07:01:48.347,2.0265,2.02705,2.10,6.60
2008.08.25 07:01:48.849,2.0265,2.02705,2.10,7.60
2008.08.25 07:01:50.556,2.0265,2.027,2.10,2.70
2008.08.25 07:01:51.378,2.02655,2.027,1.30,2.70
2008.08.25 07:01:52.052,2.02655,2.027,3.50,2.70
2008.08.25 07:01:52.258,2.02655,2.0271,3.50,2.70
2008.08.25 07:01:52.478,2.02655,2.0271,1.30,2.70
2008.08.25 07:01:55.464,2.02655,2.0271,3.50,2.70
2008.08.25 07:01:57.665,2.0266,2.0271,2.10,3.30
2008.08.25 07:01:57.999,2.0266,2.027,2.10,3.90
2008.08.25 07:01:58.081,2.02645,2.027,4.30,2.80
2008.08.25 07:01:58.131,2.02645,2.027,4.30,3.90
2008.08.25 07:01:58.312,2.0266,2.02695,1.30,3.20
2008.08.25 07:01:58.463,2.0266,2.027,1.30,2.10
2008.08.25 07:01:58.558,2.0266,2.02695,1.30,2.70
2008.08.25 07:01:58.761,2.0266,2.027,1.30,2.10
2008.08.25 07:01:59.043,2.0266,2.02715,1.30,3.70
2008.08.25 07:01:59.612,2.02665,2.02715,1.30,3.70
2008.08.25 07:02:00.171,2.0266,2.02715,1.30,3.70
2008.08.25 07:02:00.697,2.0266,2.02715,1.30,2.70
2008.08.25 07:02:00.742,2.0267,2.02715,3.20,2.70
2008.08.25 07:02:01.056,2.0267,2.02725,3.20,12.00
2008.08.25 07:02:01.151,2.0267,2.02725,3.20,10.90
2008.08.25 07:02:01.435,2.0266,2.02725,1.30,12.00
2008.08.25 07:02:01.723,2.0266,2.02715,1.30,3.70
2008.08.25 07:02:02.007,2.0267,2.02715,3.20,3.70
2008.08.25 07:02:02.291,2.0266,2.02715,1.30,3.70
2008.08.25 07:02:04.940,2.02675,2.02715,1.30,2.70
2008.08.25 07:02:05.058,2.02675,2.0272,1.30,6.40
2008.08.25 07:02:05.298,2.02675,2.0273,1.30,4.30
2008.08.25 07:02:05.538,2.02675,2.0272,1.30,2.70
2008.08.25 07:02:06.042,2.0268,2.0273,1.30,3.20
2008.08.25 07:02:13.986,2.02685,2.0273,1.30,3.20
2008.08.25 07:02:14.238,2.027,2.0273,1.30,3.20
2008.08.25 07:02:14.575,2.027,2.0274,1.30,3.20
2008.08.25 07:02:15.246,2.02715,2.02765,4.50,2.70
2008.08.25 07:02:15.502,2.0271,2.02765,1.30,2.10
2008.08.25 07:02:15.758,2.0271,2.02775,1.30,4.80
2008.08.25 07:02:16.014,2.02695,2.02755,10.20,1.00
2008.08.25 07:02:16.270,2.02695,2.02725,2.70,1.00
2008.08.25 07:02:16.587,2.02705,2.02725,1.30,1.00
2008.08.25 07:02:16.903,2.0272,2.02765,3.20,2.70
2008.08.25 07:02:17.218,2.02695,2.0277,5.40,7.10
2008.08.25 07:02:17.534,2.0268,2.02745,7.00,1.00
2008.08.25 07:02:17.750,2.0268,2.02745,7.00,3.20
2008.08.25 07:02:17.967,2.02685,2.02735,2.10,3.90
2008.08.25 07:02:18.182,2.02695,2.02735,2.10,3.90
2008.08.25 07:02:18.398,2.02675,2.02735,2.10,3.90
2008.08.25 07:02:19.070,2.02675,2.0273,3.50,3.20
2008.08.25 07:02:19.294,2.0268,2.0274,1.30,3.20
2008.08.25 07:02:19.579,2.02685,2.0275,3.50,3.90
2008.08.25 07:02:19.888,2.02685,2.02735,4.80,3.90
2008.08.25 07:02:20.174,2.0268,2.02735,2.10,3.90
2008.08.25 07:02:20.658,2.0268,2.0273,2.10,1.00
2008.08.25 07:02:20.866,2.0268,2.0275,2.10,3.90
2008.08.25 07:02:21.066,2.02685,2.0274,3.50,5.40
2008.08.25 07:02:21.266,2.0269,2.0274,2.10,2.80
2008.08.25 07:02:21.466,2.027,2.0274,3.20,3.90
2008.08.25 07:02:21.806,2.02695,2.0275,5.40,6.60
2008.08.25 07:02:22.147,2.02705,2.0274,1.30,3.20
2008.08.25 07:02:22.627,2.02705,2.0275,1.30,1.00
2008.08.25 07:02:22.766,2.027,2.0275,2.10,1.00
2008.08.25 07:02:23.055,2.02705,2.0276,1.30,2.10
2008.08.25 07:02:23.539,2.0271,2.0276,1.30,5.40
2008.08.25 07:02:23.742,2.0271,2.0276,1.30,3.20
2008.08.25 07:02:23.946,2.0271,2.0276,3.50,3.20
2008.08.25 07:02:24.151,2.0272,2.0276,1.30,3.20
2008.08.25 07:02:24.694,2.0272,2.02795,1.30,6.00
2008.08.25 07:02:25.034,2.0272,2.02795,1.30,3.90
2008.08.25 07:02:25.374,2.02715,2.02785,4.80,1.00
2008.08.25 07:02:25.514,2.0272,2.0277,2.10,3.20
2008.08.25 07:02:25.654,2.0271,2.0277,4.00,3.20
2008.08.25 07:02:26.074,2.0271,2.0276,2.70,3.20
2008.08.25 07:02:26.354,2.02705,2.0276,8.30,3.20
2008.08.25 07:02:26.495,2.0271,2.0276,1.30,3.20
2008.08.25 07:02:26.836,2.02705,2.02765,2.10,3.90
2008.08.25 07:02:27.180,2.027,2.02765,1.30,8.20
2008.08.25 07:02:27.521,2.027,2.0275,1.30,1.00
2008.08.25 07:02:28.218,2.027,2.02755,1.30,3.70
2008.08.25 07:02:28.822,2.027,2.02755,1.30,2.70
2008.08.25 07:02:32.787,2.0271,2.02755,5.40,2.70
2008.08.25 07:02:33.978,2.0271,2.02765,5.40,17.40
2008.08.25 07:02:34.394,2.02695,2.0276,9.90,8.20
2008.08.25 07:02:34.812,2.02695,2.0276,9.90,4.90
2008.08.25 07:02:35.214,2.02695,2.0276,9.90,2.80
2008.08.25 07:02:35.410,2.02685,2.02745,10.20,3.90
2008.08.25 07:02:35.606,2.0269,2.02745,5.40,3.90
2008.08.25 07:02:35.805,2.0268,2.02735,5.40,1.00
2008.08.25 07:02:36.003,2.02665,2.02725,11.60,1.00
2008.08.25 07:02:36.343,2.0266,2.02715,1.30,3.20
2008.08.25 07:02:36.683,2.02645,2.02705,11.30,3.90
2008.08.25 07:02:37.022,2.02645,2.02705,5.90,6.00
2008.08.25 07:02:37.323,2.0265,2.027,3.20,2.70
2008.08.25 07:02:38.675,2.0265,2.02705,3.20,3.90
2008.08.25 07:02:38.862,2.02645,2.02705,5.90,3.90
2008.08.25 07:02:39.538,2.0265,2.02705,3.20,3.90
2008.08.25 07:02:40.686,2.0265,2.027,3.20,3.90
2008.08.25 07:02:40.790,2.0265,2.027,3.20,4.90
2008.08.25 07:02:41.001,2.0265,2.02695,3.20,1.00
2008.08.25 07:02:41.206,2.0265,2.02695,3.20,3.90
2008.08.25 07:02:41.887,2.0265,2.02695,8.60,3.90
2008.08.25 07:02:42.919,2.0265,2.02695,3.20,3.90
2008.08.25 07:02:45.563,2.0264,2.02695,3.20,3.90
2008.08.25 07:02:45.663,2.02645,2.027,1.30,5.90
2008.08.25 07:02:45.762,2.02645,2.02695,4.50,3.20
2008.08.25 07:02:45.962,2.02645,2.02705,9.90,2.10
2008.08.25 07:02:46.062,2.02645,2.02705,12.10,2.10
2008.08.25 07:02:46.163,2.02645,2.0271,12.10,6.00
2008.08.25 07:02:46.702,2.02645,2.0271,17.00,3.90
2008.08.25 07:02:47.385,2.0265,2.0271,1.30,3.90
2008.08.25 07:02:47.567,2.02645,2.0271,17.00,3.90
2008.08.25 07:02:48.118,2.0266,2.0271,5.40,3.90
2008.08.25 07:02:48.302,2.0266,2.02715,5.40,7.10
2008.08.25 07:02:48.487,2.0266,2.02715,5.40,3.90
2008.08.25 07:02:48.650,2.0266,2.0272,5.40,8.70
2008.08.25 07:02:48.814,2.0266,2.0271,5.40,3.20
2008.08.25 07:02:48.982,2.0266,2.0272,5.40,2.80
2008.08.25 07:02:49.715,2.0268,2.0272,3.20,2.80
2008.08.25 07:02:51.120,2.0267,2.0272,5.40,2.80
2008.08.25 07:02:51.286,2.0267,2.02715,5.40,1.00
2008.08.25 07:02:51.370,2.0267,2.02715,5.40,3.90
2008.08.25 07:02:51.875,2.0266,2.02715,2.70,3.90
2008.08.25 07:02:52.280,2.0266,2.0272,4.00,5.40
2008.08.25 07:02:52.620,2.0266,2.02725,4.00,4.90
2008.08.25 07:02:54.335,2.0266,2.0272,2.70,2.80
2008.08.25 07:02:54.458,2.0266,2.0272,2.70,3.90
2008.08.25 07:02:54.586,2.02655,2.0272,17.00,3.90
2008.08.25 07:02:54.710,2.02655,2.0272,14.80,3.90
2008.08.25 07:02:59.666,2.02655,2.02715,13.50,1.00
2008.08.25 07:02:59.853,2.02655,2.02715,8.10,1.00
2008.08.25 07:03:00.036,2.02655,2.02715,2.70,3.90
2008.08.25 07:03:00.218,2.0265,2.02715,4.00,3.90
2008.08.25 07:03:04.944,2.02655,2.02715,2.70,3.90
2008.08.25 07:03:06.365,2.02655,2.02715,2.70,2.80
2008.08.25 07:03:07.211,2.02655,2.0271,2.70,1.00
2008.08.25 07:03:07.450,2.02655,2.0271,2.70,3.90
2008.08.25 07:03:07.690,2.0265,2.0271,2.70,3.90
2008.08.25 07:03:08.054,2.0265,2.0271,2.70,6.00
2008.08.25 07:03:08.174,2.02655,2.0271,2.70,3.90
2008.08.25 07:03:08.617,2.0265,2.02705,1.30,3.20
2008.08.25 07:03:08.834,2.0265,2.02715,4.00,11.40
2008.08.25 07:03:10.744,2.0265,2.02715,4.00,8.20
2008.08.25 07:03:10.839,2.0265,2.02715,4.00,6.00
2008.08.25 07:03:11.236,2.0266,2.02715,5.40,7.10
2008.08.25 07:03:11.424,2.0266,2.0271,5.40,2.10
2008.08.25 07:03:11.666,2.0266,2.02705,5.40,1.00
2008.08.25 07:03:12.070,2.0265,2.02695,2.70,1.00
2008.08.25 07:03:12.411,2.02635,2.02695,12.90,3.90
2008.08.25 07:03:12.752,2.0264,2.02695,10.80,3.90
2008.08.25 07:03:13.636,2.0265,2.02695,3.20,3.90
2008.08.25 07:03:14.200,2.0265,2.0269,3.20,3.20
2008.08.25 07:03:14.458,2.0265,2.027,3.20,6.00
2008.08.25 07:03:14.586,2.0265,2.027,3.20,3.90
2008.08.25 07:03:17.038,2.0264,2.027,1.30,3.90
2008.08.25 07:03:17.482,2.0264,2.027,4.00,3.90
2008.08.25 07:03:18.739,2.0265,2.027,3.20,3.90
2008.08.25 07:03:20.706,2.0266,2.027,3.20,3.90
2008.08.25 07:03:21.045,2.02635,2.027,4.00,3.90
2008.08.25 07:03:21.154,2.02655,2.027,3.20,3.90
2008.08.25 07:03:21.370,2.02645,2.02705,5.40,3.90
2008.08.25 07:03:21.818,2.0264,2.027,6.70,3.20
2008.08.25 07:03:22.173,2.0265,2.02715,1.30,14.10
2008.08.25 07:03:22.510,2.0265,2.02715,1.30,9.30
2008.08.25 07:03:22.835,2.0265,2.02715,1.30,7.10
2008.08.25 07:03:24.170,2.02645,2.027,5.40,1.00
2008.08.25 07:03:24.238,2.02645,2.027,2.10,1.00
2008.08.25 07:03:24.306,2.0264,2.027,6.20,1.00
2008.08.25 07:03:24.375,2.0265,2.027,3.20,3.90
2008.08.25 07:03:24.579,2.02645,2.02695,4.50,3.20
2008.08.25 07:03:24.659,2.0265,2.027,2.70,3.20
2008.08.25 07:03:24.998,2.02655,2.0271,1.30,3.20
2008.08.25 07:03:25.338,2.0265,2.0271,2.70,3.90
2008.08.25 07:03:25.678,2.02645,2.0271,1.30,3.90
2008.08.25 07:03:25.834,2.0265,2.02715,1.30,10.90
2008.08.25 07:03:25.990,2.0265,2.02715,1.30,8.20
2008.08.25 07:03:26.146,2.02645,2.0271,4.00,3.90
2008.08.25 07:03:26.302,2.02645,2.027,4.00,3.20
2008.08.25 07:03:26.614,2.02645,2.027,1.30,3.20
2008.08.25 07:03:27.110,2.02645,2.0271,1.30,1.70
2008.08.25 07:03:27.455,2.02645,2.0271,11.60,3.90
2008.08.25 07:03:27.795,2.02645,2.0271,9.40,3.90
2008.08.25 07:03:28.114,2.02645,2.027,8.10,1.00
2008.08.25 07:03:28.274,2.02635,2.027,14.80,3.90
2008.08.25 07:03:28.617,2.02635,2.02695,13.50,1.00
2008.08.25 07:03:28.780,2.02635,2.02695,8.10,3.90
2008.08.25 07:03:28.906,2.02635,2.02695,10.20,1.00
2008.08.25 07:03:29.045,2.02635,2.027,6.70,3.30
2008.08.25 07:03:29.170,2.02635,2.027,12.60,3.90
2008.08.25 07:03:30.374,2.0265,2.027,3.20,3.90
2008.08.25 07:03:31.658,2.02625,2.027,7.20,3.90
2008.08.25 07:03:32.506,2.02625,2.027,7.20,6.00
2008.08.25 07:03:32.874,2.02635,2.02695,5.90,1.00
2008.08.25 07:03:33.060,2.02635,2.027,4.50,3.90
2008.08.25 07:03:33.422,2.0264,2.02695,3.20,3.90
2008.08.25 07:03:33.602,2.0263,2.0268,1.30,3.20
2008.08.25 07:03:37.072,2.0264,2.02695,3.20,2.80
2008.08.25 07:03:38.083,2.0264,2.02695,3.20,3.90
2008.08.25 07:03:39.590,2.0264,2.0269,3.20,2.10
2008.08.25 07:03:39.820,2.0263,2.0269,1.30,2.10
2008.08.25 07:03:40.046,2.02625,2.02685,4.80,3.90
2008.08.25 07:03:40.498,2.02625,2.02685,2.70,3.90
2008.08.25 07:03:40.727,2.0262,2.02685,1.30,3.90
2008.08.25 07:03:45.798,2.0263,2.0269,1.30,8.10
2008.08.25 07:03:46.094,2.0263,2.0269,1.30,4.80
2008.08.25 07:03:46.242,2.0263,2.0269,1.30,2.10
2008.08.25 07:03:46.518,2.0264,2.02695,1.30,4.80
2008.08.25 07:03:46.794,2.02635,2.02695,1.30,2.80
2008.08.25 07:03:47.072,2.02635,2.02695,1.30,3.90
2008.08.25 07:03:47.450,2.02635,2.02695,1.30,2.80
2008.08.25 07:03:47.560,2.02635,2.0269,1.30,2.10
2008.08.25 07:03:48.190,2.02635,2.027,1.30,5.50
2008.08.25 07:03:48.930,2.02635,2.0269,1.30,2.10
2008.08.25 07:03:50.018,2.0263,2.0269,2.70,2.80
2008.08.25 07:03:50.347,2.02625,2.0269,7.20,2.80
2008.08.25 07:03:52.175,2.02635,2.02695,1.30,8.10
2008.08.25 07:03:52.438,2.02635,2.0269,1.30,2.10
2008.08.25 07:03:53.146,2.02635,2.02695,1.30,2.80
2008.08.25 07:03:55.676,2.02625,2.0269,8.30,2.80
2008.08.25 07:03:56.090,2.02625,2.0269,5.60,2.80
2008.08.25 07:04:00.082,2.02625,2.0269,8.30,2.80
2008.08.25 07:04:01.872,2.02625,2.0269,9.40,2.80
2008.08.25 07:04:02.214,2.02635,2.02695,1.30,2.80
2008.08.25 07:04:05.906,2.0263,2.02665,2.70,1.00
2008.08.25 07:04:06.082,2.0263,2.02665,2.10,3.90
2008.08.25 07:04:06.222,2.0262,2.02665,2.70,3.90
2008.08.25 07:04:06.362,2.0262,2.02665,2.70,4.90
2008.08.25 07:04:06.642,2.0262,2.02645,5.40,1.00
2008.08.25 07:04:06.781,2.0262,2.02645,5.40,3.90
2008.08.25 07:04:06.926,2.02575,2.0263,2.70,3.90
2008.08.25 07:04:07.066,2.0257,2.0263,7.50,3.90
2008.08.25 07:04:07.741,2.0257,2.0263,8.60,3.90
2008.08.25 07:04:08.081,2.0257,2.0263,1.30,3.90
2008.08.25 07:04:08.329,2.0258,2.0263,1.00,3.90
2008.08.25 07:04:08.577,2.0257,2.0263,1.30,7.10
2008.08.25 07:04:10.177,2.02565,2.0263,8.30,7.10
2008.08.25 07:04:12.011,2.0258,2.0263,1.00,7.10
2008.08.25 07:04:12.447,2.02565,2.02615,2.70,1.00
2008.08.25 07:04:12.783,2.0256,2.02615,3.20,1.00
2008.08.25 07:04:12.902,2.0256,2.0261,3.20,1.70
2008.08.25 07:04:13.021,2.0256,2.0261,4.30,1.70
2008.08.25 07:04:13.910,2.0256,2.0261,3.20,1.70
2008.08.25 07:04:14.049,2.0256,2.0261,4.30,1.70
2008.08.25 07:04:14.189,2.0256,2.0261,3.20,1.70
2008.08.25 07:04:14.810,2.0255,2.02615,4.00,10.30
2008.08.25 07:04:15.150,2.0255,2.02605,2.10,3.90
2008.08.25 07:04:15.490,2.0256,2.02595,3.20,1.00
2008.08.25 07:04:15.831,2.0255,2.0259,1.30,3.20
2008.08.25 07:04:15.955,2.02565,2.02605,3.20,3.70
2008.08.25 07:04:16.079,2.02565,2.026,3.20,1.00
2008.08.25 07:04:16.215,2.02555,2.026,1.30,1.00
2008.08.25 07:04:16.577,2.02565,2.0261,3.20,2.70
2008.08.25 07:04:16.918,2.02555,2.0261,1.30,1.00
2008.08.25 07:04:17.259,2.0257,2.0261,1.30,1.00
2008.08.25 07:04:19.807,2.02565,2.0261,4.50,1.00
2008.08.25 07:04:20.171,2.0257,2.0261,1.30,1.00
2008.08.25 07:04:20.365,2.02565,2.0261,4.50,1.00
2008.08.25 07:04:22.308,2.0257,2.0261,3.20,1.00
2008.08.25 07:04:22.895,2.0256,2.0261,1.30,1.00
2008.08.25 07:04:23.127,2.0256,2.0261,1.30,4.30
2008.08.25 07:04:23.236,2.0256,2.0261,1.30,6.40
2008.08.25 07:04:23.346,2.0256,2.0261,1.30,4.30
2008.08.25 07:04:23.578,2.0256,2.0261,1.30,6.40
2008.08.25 07:04:23.735,2.02555,2.02615,4.50,5.90
2008.08.25 07:04:23.822,2.02555,2.02615,4.50,7.00
2008.08.25 07:04:24.038,2.0256,2.02615,3.20,7.60
2008.08.25 07:04:24.178,2.0256,2.02615,3.20,4.90
2008.08.25 07:04:25.750,2.0256,2.02615,3.20,3.90
2008.08.25 07:04:26.009,2.0256,2.02615,3.20,2.80
2008.08.25 07:04:26.382,2.0256,2.02615,1.30,3.20
2008.08.25 07:04:26.570,2.0256,2.02615,4.00,3.20
2008.08.25 07:04:26.759,2.02575,2.0261,1.00,2.10
2008.08.25 07:04:26.946,2.02565,2.0262,1.30,2.10
2008.08.25 07:04:27.810,2.0258,2.0262,1.00,2.10
2008.08.25 07:04:28.882,2.0257,2.0262,1.30,2.10
2008.08.25 07:04:29.526,2.0258,2.0262,1.00,2.10
2008.08.25 07:04:30.390,2.0257,2.0262,1.30,2.10
2008.08.25 07:04:30.470,2.0257,2.0263,1.30,6.00
2008.08.25 07:04:30.626,2.0258,2.0263,4.30,3.90
2008.08.25 07:04:30.706,2.02575,2.0264,5.60,8.20
2008.08.25 07:04:30.786,2.02585,2.02645,1.30,13.50
2008.08.25 07:04:30.865,2.02585,2.0264,1.30,10.80
2008.08.25 07:04:30.946,2.02585,2.0264,1.30,7.50
2008.08.25 07:04:31.102,2.02585,2.0265,1.30,6.00
2008.08.25 07:04:31.443,2.02585,2.0265,4.00,2.80
2008.08.25 07:04:31.782,2.02585,2.0264,5.10,2.10
2008.08.25 07:04:32.122,2.02585,2.0264,2.40,2.10
2008.08.25 07:04:32.882,2.02585,2.0265,2.40,3.90
2008.08.25 07:04:33.089,2.02585,2.0264,2.40,2.10
2008.08.25 07:04:33.562,2.02585,2.0265,1.30,9.30
2008.08.25 07:04:33.718,2.026,2.0265,1.00,7.10
2008.08.25 07:04:33.874,2.026,2.0265,4.30,7.10
2008.08.25 07:04:34.181,2.026,2.0265,3.20,7.10
2008.08.25 07:04:34.337,2.026,2.0264,3.20,2.10
2008.08.25 07:04:34.928,2.026,2.0265,3.20,7.10
2008.08.25 07:04:35.623,2.02595,2.0265,2.70,2.80
2008.08.25 07:04:35.689,2.0261,2.0265,1.00,2.80
2008.08.25 07:04:35.885,2.0261,2.0265,1.00,2.10
2008.08.25 07:04:36.009,2.0261,2.0266,4.30,7.50
2008.08.25 07:04:36.073,2.0261,2.0267,4.30,3.90
2008.08.25 07:04:36.818,2.0262,2.0267,1.00,6.00
2008.08.25 07:04:39.391,2.0262,2.0267,1.00,7.10
2008.08.25 07:04:39.783,2.0262,2.0267,4.30,3.90
2008.08.25 07:04:40.123,2.0262,2.0267,4.30,2.80
2008.08.25 07:04:40.463,2.0262,2.0267,4.30,3.90
2008.08.25 07:04:41.202,2.0262,2.0267,3.20,3.90
2008.08.25 07:04:41.285,2.0262,2.02675,3.20,3.90
2008.08.25 07:04:41.370,2.0261,2.0266,1.30,3.20
2008.08.25 07:04:41.454,2.02605,2.02665,2.70,4.90
2008.08.25 07:04:41.619,2.026,2.02665,2.70,4.90
2008.08.25 07:04:41.705,2.026,2.0265,2.70,1.00
2008.08.25 07:04:42.047,2.0259,2.02645,3.20,1.00
2008.08.25 07:04:42.385,2.0259,2.02635,3.20,8.70
2008.08.25 07:04:43.062,2.0259,2.0263,3.20,2.70
2008.08.25 07:04:43.178,2.0259,2.0264,3.20,3.30
2008.08.25 07:04:43.294,2.0259,2.0264,3.20,2.70
2008.08.25 07:04:43.421,2.02585,2.0264,4.50,2.70
2008.08.25 07:04:43.526,2.02585,2.0264,5.60,2.70
2008.08.25 07:04:43.642,2.0259,2.02645,4.30,8.70
2008.08.25 07:04:43.757,2.0258,2.02645,4.00,6.00
2008.08.25 07:04:44.094,2.0258,2.0264,1.30,2.70
2008.08.25 07:04:44.538,2.02575,2.02625,1.30,3.20
2008.08.25 07:04:45.642,2.02575,2.02635,1.30,6.60
2008.08.25 07:04:45.866,2.0259,2.02635,1.00,6.60
2008.08.25 07:04:46.398,2.02555,2.0262,3.20,1.00
2008.08.25 07:04:46.666,2.02545,2.0262,12.60,1.00
2008.08.25 07:04:46.934,2.02545,2.0262,10.20,3.90
2008.08.25 07:04:47.274,2.0257,2.0262,1.00,3.90
2008.08.25 07:04:47.613,2.0256,2.02615,1.00,3.90
2008.08.25 07:04:47.954,2.0255,2.02605,2.10,3.90
2008.08.25 07:04:48.109,2.0255,2.026,2.10,3.20
2008.08.25 07:04:48.422,2.02545,2.026,4.00,3.20
2008.08.25 07:04:48.577,2.02545,2.02605,1.30,2.70
2008.08.25 07:04:48.733,2.02535,2.0259,3.50,3.20
2008.08.25 07:04:49.042,2.0253,2.02595,6.20,3.90
2008.08.25 07:04:49.302,2.0253,2.02585,2.10,2.70
2008.08.25 07:04:49.562,2.02525,2.02585,6.70,2.70
2008.08.25 07:04:50.792,2.02525,2.0258,5.40,2.70
2008.08.25 07:04:51.057,2.02525,2.0258,5.60,2.70
2008.08.25 07:04:51.237,2.02525,2.0258,6.70,2.70
2008.08.25 07:04:51.417,2.02525,2.0258,4.50,2.70
2008.08.25 07:04:51.598,2.02525,2.0258,3.50,2.70
2008.08.25 07:04:51.777,2.02525,2.02575,3.50,3.20
2008.08.25 07:04:51.957,2.0253,2.0257,2.10,3.90
2008.08.25 07:04:52.474,2.0252,2.0257,2.10,3.90
2008.08.25 07:04:53.161,2.02515,2.02565,3.50,3.20
2008.08.25 07:04:53.301,2.02515,2.0257,3.50,3.20
2008.08.25 07:04:53.580,2.0252,2.0257,2.10,5.40
2008.08.25 07:04:53.858,2.02525,2.0257,1.30,10.80
2008.08.25 07:04:54.467,2.02525,2.0257,2.40,5.40
2008.08.25 07:04:54.795,2.0254,2.02585,3.20,3.90
2008.08.25 07:04:55.121,2.0254,2.02585,1.00,3.90
2008.08.25 07:04:55.245,2.0254,2.02585,2.10,3.90
2008.08.25 07:04:55.518,2.0254,2.02585,1.00,3.90
2008.08.25 07:04:55.897,2.0254,2.02585,1.00,1.00
2008.08.25 07:04:56.024,2.0255,2.02595,1.00,11.40
2008.08.25 07:04:56.145,2.0255,2.02585,1.00,1.00
2008.08.25 07:04:56.462,2.02525,2.02585,2.10,3.90
2008.08.25 07:04:56.780,2.0252,2.02585,4.80,3.90
2008.08.25 07:04:57.111,2.02535,2.0257,3.20,1.00
2008.08.25 07:04:57.398,2.02505,2.0257,4.30,3.90
2008.08.25 07:04:57.686,2.0251,2.0257,1.00,2.80
2008.08.25 07:04:57.973,2.0253,2.0257,3.20,1.00
2008.08.25 07:04:58.262,2.025,2.0256,2.10,3.20
2008.08.25 07:04:58.795,2.0251,2.0256,1.00,3.20
2008.08.25 07:04:59.313,2.0252,2.0257,1.00,3.90
2008.08.25 07:04:59.581,2.02515,2.02565,3.50,3.20
2008.08.25 07:04:59.849,2.02515,2.02575,3.50,3.90
2008.08.25 07:05:00.117,2.0253,2.02575,2.70,3.90
2008.08.25 07:05:00.386,2.0254,2.02575,2.10,3.90
2008.08.25 07:05:00.653,2.0253,2.02575,2.10,3.90
2008.08.25 07:05:00.841,2.0253,2.0257,2.10,2.80
2008.08.25 07:05:01.030,2.0253,2.0257,3.20,2.80
2008.08.25 07:05:01.402,2.0252,2.0257,2.10,2.80
2008.08.25 07:05:01.741,2.0253,2.0257,1.00,3.90
2008.08.25 07:05:02.426,2.02525,2.0257,2.40,2.10
2008.08.25 07:05:02.588,2.02525,2.0257,4.50,2.10
2008.08.25 07:05:02.747,2.02525,2.0257,3.20,2.10
2008.08.25 07:05:02.905,2.0253,2.0257,2.10,2.10
2008.08.25 07:05:03.067,2.0254,2.0257,1.00,2.10
2008.08.25 07:05:04.075,2.0253,2.02585,2.10,9.30
2008.08.25 07:05:04.435,2.0254,2.02585,3.20,3.90
2008.08.25 07:05:04.615,2.0255,2.02585,1.00,3.90
2008.08.25 07:05:05.294,2.0256,2.02585,1.00,3.90
2008.08.25 07:05:05.634,2.0256,2.0258,1.00,3.20
2008.08.25 07:05:05.921,2.0256,2.0259,1.00,3.20
2008.08.25 07:05:05.990,2.0256,2.0259,1.00,2.10
2008.08.25 07:05:06.250,2.0257,2.026,1.00,2.70
2008.08.25 07:05:06.451,2.0256,2.02605,1.00,4.90
2008.08.25 07:05:06.646,2.0256,2.02605,1.00,1.70
2008.08.25 07:05:06.722,2.0256,2.026,1.00,4.30
2008.08.25 07:05:07.065,2.0256,2.0259,1.00,3.90
2008.08.25 07:05:07.871,2.0255,2.0259,2.10,3.90
2008.08.25 07:05:08.745,2.0255,2.0259,3.20,3.90
2008.08.25 07:05:09.193,2.0255,2.02595,3.20,7.10
2008.08.25 07:05:10.626,2.0255,2.02585,3.20,1.00
2008.08.25 07:05:10.811,2.0254,2.02585,2.10,1.70
2008.08.25 07:05:11.013,2.0254,2.02585,2.10,8.20
2008.08.25 07:05:11.217,2.0254,2.02585,2.10,10.90
2008.08.25 07:05:11.421,2.0254,2.0258,2.10,3.90
2008.08.25 07:05:11.825,2.0254,2.02575,2.10,3.90
2008.08.25 07:05:12.694,2.0254,2.02575,2.10,1.00
2008.08.25 07:05:13.042,2.0254,2.02575,3.20,3.90
2008.08.25 07:05:13.419,2.0254,2.02575,5.40,3.20
2008.08.25 07:05:13.670,2.0254,2.02585,2.10,3.90
2008.08.25 07:05:14.166,2.0253,2.0257,2.70,1.00
2008.08.25 07:05:14.390,2.0253,2.0257,2.10,3.90
2008.08.25 07:05:14.613,2.0252,2.0257,2.10,3.90
2008.08.25 07:05:14.837,2.0253,2.0257,2.10,3.90
2008.08.25 07:05:15.386,2.02545,2.0257,1.00,3.90
2008.08.25 07:05:16.318,2.02545,2.0257,2.10,3.20
2008.08.25 07:05:16.462,2.0254,2.0258,3.20,3.30
2008.08.25 07:05:16.745,2.0254,2.0258,6.40,3.90
2008.08.25 07:05:18.041,2.0254,2.02565,3.20,3.20
2008.08.25 07:05:18.264,2.02555,2.02565,1.00,3.90
2008.08.25 07:05:18.340,2.02555,2.02565,1.00,1.00
2008.08.25 07:05:18.487,2.02575,2.02585,1.00,2.70
2008.08.25 07:05:18.647,2.02575,2.02585,1.00,2.10
2008.08.25 07:05:18.721,2.02555,2.02585,1.00,2.10
2008.08.25 07:05:18.798,2.02575,2.02585,1.00,2.10
2008.08.25 07:05:19.427,2.02575,2.02605,1.00,3.90
2008.08.25 07:05:19.767,2.02555,2.0261,2.70,3.90
2008.08.25 07:05:20.474,2.02555,2.0261,2.70,3.90
2008.08.25 07:05:20.950,2.0256,2.0261,5.90,3.90
2008.08.25 07:05:21.452,2.0256,2.0261,3.70,3.90
2008.08.25 07:05:22.250,2.02575,2.0261,1.00,3.90
2008.08.25 07:05:22.598,2.02565,2.02595,1.00,3.20
2008.08.25 07:05:22.775,2.02565,2.02595,1.00,3.90
2008.08.25 07:05:23.121,2.02565,2.026,1.00,3.90
2008.08.25 07:05:23.850,2.0256,2.026,3.20,3.90
2008.08.25 07:05:24.089,2.0256,2.02595,3.20,3.20
2008.08.25 07:05:24.330,2.0257,2.02605,1.00,3.90
2008.08.25 07:05:24.514,2.0257,2.0261,5.40,5.40
2008.08.25 07:05:24.698,2.02565,2.0261,3.50,2.70
2008.08.25 07:05:24.882,2.02565,2.02615,4.50,2.70
2008.08.25 07:05:25.066,2.0257,2.0262,1.30,2.10
2008.08.25 07:05:25.249,2.02575,2.02635,1.30,13.50
2008.08.25 07:05:25.434,2.0258,2.0263,1.30,4.30
2008.08.25 07:05:25.649,2.02575,2.0263,4.00,3.20
2008.08.25 07:05:25.865,2.02575,2.0263,4.00,4.30
2008.08.25 07:05:26.081,2.02575,2.0263,1.30,3.20
2008.08.25 07:05:26.729,2.02575,2.0263,3.50,3.20
2008.08.25 07:05:26.950,2.0259,2.0264,3.20,3.90
2008.08.25 07:05:28.413,2.0259,2.0264,5.40,3.90
2008.08.25 07:05:29.113,2.0259,2.0264,2.10,3.90
2008.08.25 07:05:29.422,2.02575,2.0264,7.80,3.90
2008.08.25 07:05:29.763,2.0259,2.0264,1.30,2.10
2008.08.25 07:05:30.123,2.0259,2.0264,4.00,2.10
2008.08.25 07:05:30.484,2.0259,2.02655,4.00,6.00
2008.08.25 07:05:32.590,2.0259,2.02655,4.00,9.30
2008.08.25 07:05:32.678,2.0259,2.02655,4.00,10.30
2008.08.25 07:05:32.775,2.0259,2.02655,1.30,13.00
2008.08.25 07:05:32.945,2.0259,2.02655,1.30,10.90
2008.08.25 07:05:33.047,2.0259,2.0265,1.30,2.10
2008.08.25 07:05:33.517,2.0259,2.0265,1.30,4.80
2008.08.25 07:05:33.825,2.0259,2.0265,1.30,2.70
2008.08.25 07:05:34.497,2.0259,2.0265,1.30,5.90
2008.08.25 07:05:34.721,2.02585,2.0265,1.30,6.60
2008.08.25 07:05:35.174,2.026,2.02645,3.20,3.20
2008.08.25 07:05:35.402,2.026,2.02655,3.20,10.90
2008.08.25 07:05:39.806,2.026,2.02655,3.20,13.00
2008.08.25 07:05:41.201,2.026,2.02655,3.20,10.90
2008.08.25 07:05:42.955,2.0259,2.02655,1.30,10.90
2008.08.25 07:05:43.557,2.026,2.02655,3.20,10.90
2008.08.25 07:05:43.833,2.0259,2.02655,1.30,10.90
2008.08.25 07:05:43.973,2.026,2.02655,3.20,10.90
2008.08.25 07:05:44.385,2.026,2.02655,1.30,10.20
2008.08.25 07:05:44.526,2.026,2.0266,1.30,8.70
2008.08.25 07:05:44.805,2.026,2.0265,1.30,3.20
2008.08.25 07:05:45.085,2.026,2.0265,3.20,3.90
2008.08.25 07:05:47.886,2.02595,2.0265,4.50,3.20
2008.08.25 07:05:48.281,2.0261,2.0266,3.20,6.60
2008.08.25 07:05:48.445,2.0261,2.0265,3.20,3.20
2008.08.25 07:05:48.609,2.02595,2.0265,4.50,6.40
2008.08.25 07:05:48.933,2.02595,2.0265,4.50,3.20
2008.08.25 07:05:49.097,2.0261,2.0266,3.20,3.30
2008.08.25 07:05:50.725,2.0261,2.0265,3.20,1.00
2008.08.25 07:05:50.970,2.026,2.0265,8.60,3.90
2008.08.25 07:05:51.439,2.026,2.0265,3.20,3.90
2008.08.25 07:05:54.901,2.026,2.0265,4.30,3.90
2008.08.25 07:05:55.183,2.026,2.0265,3.20,3.90
2008.08.25 07:05:55.882,2.0261,2.0265,1.00,3.90
2008.08.25 07:05:55.930,2.0261,2.0265,1.00,3.20
2008.08.25 07:05:56.130,2.0261,2.0266,1.00,2.80
2008.08.25 07:05:56.182,2.02605,2.02665,2.40,11.30
2008.08.25 07:05:56.313,2.02605,2.02665,2.40,9.10
2008.08.25 07:05:56.361,2.02605,2.02665,2.40,5.90
2008.08.25 07:05:56.409,2.02605,2.02665,2.40,3.70
2008.08.25 07:05:56.581,2.0261,2.0266,1.00,1.70
2008.08.25 07:05:56.629,2.02595,2.0266,5.60,1.70
2008.08.25 07:05:56.979,2.02595,2.0265,9.90,2.10
2008.08.25 07:05:57.320,2.02605,2.0265,2.10,2.10
2008.08.25 07:05:57.660,2.0261,2.0265,1.30,7.50
2008.08.25 07:05:57.822,2.0262,2.0265,1.30,6.40
2008.08.25 07:05:57.981,2.02615,2.0266,1.30,1.00
2008.08.25 07:05:58.141,2.02615,2.0266,1.30,4.30
2008.08.25 07:05:58.301,2.026,2.0266,2.70,3.90
2008.08.25 07:05:58.462,2.026,2.0265,5.40,1.70
2008.08.25 07:05:58.621,2.0261,2.0265,1.00,3.90
2008.08.25 07:05:58.781,2.026,2.0265,8.60,3.90
2008.08.25 07:05:59.109,2.026,2.0265,3.20,6.60
2008.08.25 07:05:59.437,2.02615,2.0265,3.20,5.90
2008.08.25 07:05:59.766,2.02615,2.0266,3.20,2.70
2008.08.25 07:06:00.282,2.02615,2.02675,4.30,5.50
2008.08.25 07:06:00.541,2.0261,2.0266,7.50,1.00
2008.08.25 07:06:00.801,2.0261,2.0265,2.10,3.20
2008.08.25 07:06:01.249,2.026,2.0265,2.10,3.20
2008.08.25 07:06:01.473,2.026,2.0265,3.50,3.20
2008.08.25 07:06:01.697,2.0261,2.02665,3.20,4.40
2008.08.25 07:06:02.957,2.02605,2.02665,4.50,3.70
2008.08.25 07:06:03.131,2.0261,2.0266,3.20,1.70
2008.08.25 07:06:03.217,2.02605,2.0265,2.10,3.20
2008.08.25 07:06:03.305,2.02605,2.02655,2.10,4.90
2008.08.25 07:06:03.393,2.02605,2.0265,3.50,4.30
2008.08.25 07:06:03.481,2.02605,2.0265,3.50,3.20
2008.08.25 07:06:03.569,2.02605,2.02655,6.70,2.70
2008.08.25 07:06:03.825,2.02605,2.02665,6.70,5.90
2008.08.25 07:06:03.913,2.02605,2.02665,6.70,2.70
2008.08.25 07:06:04.213,2.0262,2.02665,1.30,2.70
2008.08.25 07:06:04.429,2.0262,2.0267,1.30,2.10
2008.08.25 07:06:04.857,2.0262,2.02685,1.30,16.30
2008.08.25 07:06:05.790,2.0262,2.02685,1.30,17.40
2008.08.25 07:06:06.045,2.0262,2.02685,1.30,14.10
2008.08.25 07:06:06.301,2.0262,2.02675,5.40,7.60
2008.08.25 07:06:06.625,2.0261,2.02675,1.30,7.60
2008.08.25 07:06:07.334,2.02615,2.02675,1.30,7.00
2008.08.25 07:06:07.497,2.02615,2.0267,1.30,1.00
2008.08.25 07:06:07.737,2.0262,2.0267,1.30,1.00
2008.08.25 07:06:07.978,2.02615,2.0267,6.70,1.00
2008.08.25 07:06:08.218,2.02615,2.0268,6.70,4.40
2008.08.25 07:06:08.458,2.02615,2.0268,1.30,3.30
2008.08.25 07:06:09.350,2.0261,2.02675,1.30,1.00
2008.08.25 07:06:09.469,2.0262,2.02675,3.20,4.90
2008.08.25 07:06:09.632,2.0262,2.0267,3.20,3.30
2008.08.25 07:06:11.710,2.0262,2.0266,3.20,4.30
2008.08.25 07:06:11.794,2.02605,2.0266,4.50,4.30
2008.08.25 07:06:11.837,2.0261,2.0266,3.20,3.90
2008.08.25 07:06:12.379,2.02605,2.02665,5.60,2.70
2008.08.25 07:06:12.720,2.02615,2.02675,1.30,8.10
2008.08.25 07:06:13.058,2.02615,2.02675,2.40,2.70
2008.08.25 07:06:13.300,2.02615,2.0268,2.40,6.00
2008.08.25 07:06:13.522,2.02615,2.0268,2.40,4.90
2008.08.25 07:06:13.741,2.02615,2.02675,3.20,3.90
2008.08.25 07:06:14.185,2.0262,2.02675,1.00,3.90
2008.08.25 07:06:14.365,2.0262,2.02675,3.20,3.90
2008.08.25 07:06:14.797,2.02615,2.02675,4.50,3.90
2008.08.25 07:06:14.978,2.02615,2.02675,4.50,1.00
2008.08.25 07:06:15.335,2.0263,2.02675,1.00,1.00
2008.08.25 07:06:15.501,2.0263,2.02675,1.00,3.90
2008.08.25 07:06:16.325,2.02615,2.02675,5.40,3.90
2008.08.25 07:06:16.581,2.02615,2.02675,4.50,3.90
2008.08.25 07:06:16.837,2.0263,2.02685,1.30,10.20
2008.08.25 07:06:17.093,2.0263,2.02685,1.30,5.90
2008.08.25 07:06:17.349,2.0263,2.02695,1.30,4.90
2008.08.25 07:06:17.585,2.0264,2.02695,1.00,2.80
2008.08.25 07:06:18.053,2.02635,2.0269,2.40,2.10
2008.08.25 07:06:18.290,2.02635,2.0269,1.30,2.10
2008.08.25 07:06:18.526,2.0264,2.0269,1.30,2.10
2008.08.25 07:06:18.661,2.02635,2.0269,1.30,2.10
2008.08.25 07:06:18.929,2.0264,2.0269,1.30,2.10
2008.08.25 07:06:19.665,2.0264,2.027,1.30,3.30
2008.08.25 07:06:20.005,2.0263,2.02695,1.30,1.00
2008.08.25 07:06:20.346,2.0263,2.02695,1.30,6.60
2008.08.25 07:06:22.033,2.0263,2.0269,1.30,3.90
2008.08.25 07:06:22.261,2.0263,2.0269,1.30,6.00
2008.08.25 07:06:23.431,2.02625,2.02685,5.40,3.90
2008.08.25 07:06:23.611,2.02625,2.02685,4.30,4.90
2008.08.25 07:06:23.749,2.02625,2.02685,4.30,8.20
2008.08.25 07:06:24.025,2.02625,2.02685,2.10,10.90
2008.08.25 07:06:24.165,2.0262,2.02685,3.50,10.90
2008.08.25 07:06:24.443,2.0262,2.0268,2.10,3.90
2008.08.25 07:06:24.720,2.0263,2.02685,1.30,10.20
2008.08.25 07:06:25.029,2.0263,2.0268,1.30,3.20
2008.08.25 07:06:25.350,2.0263,2.0268,1.30,4.30
2008.08.25 07:06:25.660,2.02615,2.02675,2.70,1.70
2008.08.25 07:06:25.937,2.0262,2.0267,3.20,2.70
2008.08.25 07:06:26.226,2.0262,2.0267,5.40,2.70
2008.08.25 07:06:26.505,2.0262,2.0267,3.20,2.70
2008.08.25 07:06:26.785,2.0262,2.0266,3.20,1.00
2008.08.25 07:06:27.125,2.02605,2.0267,9.90,8.20
2008.08.25 07:06:27.465,2.02615,2.02675,4.50,2.70
2008.08.25 07:06:27.909,2.0262,2.0267,3.20,1.00
2008.08.25 07:06:28.121,2.02615,2.0268,4.50,2.80
2008.08.25 07:06:28.229,2.02615,2.0267,3.50,1.00
2008.08.25 07:06:28.337,2.02615,2.0267,1.30,1.00
2008.08.25 07:06:28.445,2.02615,2.02675,1.30,3.70
2008.08.25 07:06:29.228,2.0262,2.02675,1.30,3.70
2008.08.25 07:06:34.030,2.0262,2.02665,1.30,2.70
2008.08.25 07:06:34.422,2.02615,2.02665,1.30,2.70
2008.08.25 07:06:34.459,2.02615,2.02675,1.30,3.70
2008.08.25 07:06:35.378,2.02605,2.0267,9.90,3.90
2008.08.25 07:06:35.846,2.02615,2.02675,1.30,7.00
2008.08.25 07:06:36.121,2.02615,2.02675,1.30,3.70
2008.08.25 07:06:37.597,2.02605,2.0266,8.60,1.00
2008.08.25 07:06:37.766,2.02605,2.0266,8.60,3.90
2008.08.25 07:06:37.935,2.0261,2.0266,5.40,3.90
2008.08.25 07:06:39.160,2.0261,2.02655,5.40,2.70
2008.08.25 07:06:39.705,2.0261,2.0266,5.40,4.90
2008.08.25 07:06:40.023,2.0261,2.0266,5.40,3.90
2008.08.25 07:06:40.626,2.0261,2.0266,3.20,3.90
2008.08.25 07:06:41.777,2.0261,2.0266,3.20,2.80
2008.08.25 07:06:42.350,2.02595,2.0266,1.30,3.90
2008.08.25 07:06:42.606,2.0259,2.0265,2.70,3.90
2008.08.25 07:06:42.875,2.02585,2.0264,9.70,1.70
2008.08.25 07:06:43.117,2.02585,2.0264,7.50,3.90
2008.08.25 07:06:43.237,2.0259,2.0264,5.40,3.90
2008.08.25 07:06:43.357,2.0259,2.0264,3.20,3.90
2008.08.25 07:06:43.477,2.0259,2.02635,3.20,1.00
2008.08.25 07:06:43.713,2.0259,2.02635,3.20,3.90
2008.08.25 07:06:43.949,2.0259,2.02635,5.40,3.90
2008.08.25 07:06:44.457,2.0259,2.02635,5.40,3.20
2008.08.25 07:06:44.639,2.0259,2.02645,5.40,3.90
2008.08.25 07:06:45.429,2.0259,2.02645,5.40,4.90
2008.08.25 07:06:45.693,2.0259,2.0264,5.40,1.70
2008.08.25 07:06:46.789,2.0259,2.0264,3.20,1.70
2008.08.25 07:06:47.033,2.0259,2.0264,5.40,1.70
2008.08.25 07:06:47.537,2.0259,2.0264,5.40,4.90
2008.08.25 07:06:49.317,2.0259,2.0264,3.20,4.90
2008.08.25 07:06:50.657,2.0259,2.0263,3.20,1.00
2008.08.25 07:06:50.773,2.0259,2.02625,3.20,1.00
2008.08.25 07:06:50.833,2.0258,2.02625,2.10,1.00
2008.08.25 07:06:50.893,2.0258,2.02615,2.10,1.00
2008.08.25 07:06:51.009,2.02565,2.02615,8.60,1.00
2008.08.25 07:06:51.128,2.02565,2.02615,7.50,1.00
2008.08.25 07:06:51.363,2.02565,2.02605,8.60,1.00
2008.08.25 07:06:51.703,2.0257,2.02615,5.40,3.90
2008.08.25 07:06:52.041,2.0257,2.02605,2.10,1.00
2008.08.25 07:06:52.382,2.0257,2.02615,2.10,6.60
2008.08.25 07:06:52.721,2.0257,2.02625,2.10,6.60
2008.08.25 07:06:52.929,2.0257,2.0262,2.10,3.90
2008.08.25 07:06:53.137,2.0257,2.0261,2.10,3.20
2008.08.25 07:06:53.345,2.0256,2.02615,1.30,5.90
2008.08.25 07:06:54.117,2.0256,2.02615,1.30,3.70
2008.08.25 07:06:54.253,2.0256,2.02615,1.30,7.00
2008.08.25 07:06:54.389,2.0255,2.02615,3.50,7.60
2008.08.25 07:06:54.525,2.0256,2.02615,1.30,10.20
2008.08.25 07:06:54.845,2.0256,2.02615,1.30,3.70
2008.08.25 07:06:55.165,2.0256,2.02615,3.20,7.60
2008.08.25 07:06:56.260,2.0256,2.02615,3.20,6.60
2008.08.25 07:06:56.490,2.0256,2.02615,5.40,6.60
2008.08.25 07:06:56.896,2.0256,2.02615,1.30,3.70
2008.08.25 07:06:57.200,2.0256,2.0261,1.30,4.30
2008.08.25 07:06:57.497,2.0256,2.02615,2.10,8.20
2008.08.25 07:06:57.798,2.02555,2.0261,6.70,4.30
2008.08.25 07:06:58.002,2.02555,2.0261,6.70,1.00
2008.08.25 07:06:58.623,2.0257,2.0262,3.20,6.00
2008.08.25 07:06:58.826,2.02555,2.0261,5.60,1.00
2008.08.25 07:06:59.155,2.02555,2.02615,4.50,3.70
2008.08.25 07:06:59.281,2.0256,2.0261,3.20,1.70
2008.08.25 07:06:59.411,2.0256,2.026,3.20,1.70
2008.08.25 07:06:59.675,2.0256,2.026,3.20,3.90
2008.08.25 07:07:00.230,2.02535,2.0259,2.10,3.90
2008.08.25 07:07:00.539,2.0253,2.02585,3.50,3.20
2008.08.25 07:07:00.845,2.0253,2.026,3.50,6.60
2008.08.25 07:07:01.525,2.02545,2.026,1.30,5.90
2008.08.25 07:07:01.683,2.02545,2.02595,1.30,2.70
2008.08.25 07:07:02.223,2.0256,2.026,3.20,2.70
2008.08.25 07:07:02.561,2.02545,2.026,1.30,2.70
2008.08.25 07:07:02.905,2.0254,2.026,1.30,2.70
2008.08.25 07:07:03.241,2.0254,2.026,3.50,2.70
2008.08.25 07:07:03.445,2.02555,2.026,1.30,2.10
2008.08.25 07:07:03.649,2.02555,2.02615,1.30,16.70
2008.08.25 07:07:03.853,2.02555,2.02615,1.30,3.70
2008.08.25 07:07:04.257,2.0255,2.02615,6.70,3.70
2008.08.25 07:07:04.461,2.02555,2.02615,4.50,3.70
2008.08.25 07:07:04.785,2.02555,2.02615,6.70,3.70
2008.08.25 07:07:05.110,2.0256,2.026,3.20,1.70
2008.08.25 07:07:05.434,2.0256,2.026,3.20,3.90
2008.08.25 07:07:05.621,2.0256,2.02605,3.20,7.60
2008.08.25 07:07:05.718,2.0256,2.02605,3.20,6.60
2008.08.25 07:07:05.905,2.0256,2.02605,3.20,3.90
2008.08.25 07:07:06.001,2.0257,2.02615,3.20,8.70
2008.08.25 07:07:06.098,2.0257,2.02615,3.20,6.60
2008.08.25 07:07:06.193,2.0257,2.02615,3.20,4.40
2008.08.25 07:07:06.289,2.02555,2.02615,6.70,4.40
2008.08.25 07:07:06.385,2.02555,2.02615,6.70,7.60
2008.08.25 07:07:06.693,2.02565,2.0261,4.50,3.20
2008.08.25 07:07:07.001,2.02565,2.02625,7.80,5.90
2008.08.25 07:07:07.309,2.02575,2.02635,1.30,7.60
2008.08.25 07:07:07.529,2.02575,2.02635,1.30,4.40
2008.08.25 07:07:07.750,2.0257,2.0262,6.40,1.00
2008.08.25 07:07:08.186,2.0257,2.0263,6.40,8.20
2008.08.25 07:07:08.406,2.0257,2.02625,1.30,4.30
2008.08.25 07:07:08.549,2.0257,2.02625,1.30,3.20
2008.08.25 07:07:08.693,2.02585,2.0264,3.20,7.60
2008.08.25 07:07:08.837,2.02565,2.02635,1.30,4.90
2008.08.25 07:07:09.123,2.02575,2.02635,1.00,4.90
2008.08.25 07:07:09.265,2.02585,2.0263,1.30,3.20
2008.08.25 07:07:09.409,2.0259,2.0264,1.30,3.20
2008.08.25 07:07:09.733,2.0259,2.0265,1.30,2.70
2008.08.25 07:07:10.057,2.02585,2.0265,7.20,2.80
2008.08.25 07:07:10.382,2.0259,2.0265,1.30,5.90
2008.08.25 07:07:10.705,2.02595,2.0265,4.50,2.70
2008.08.25 07:07:11.129,2.02595,2.02655,4.50,9.70
2008.08.25 07:07:11.853,2.02595,2.0265,4.50,7.50
2008.08.25 07:07:12.414,2.02595,2.02655,4.50,8.20
2008.08.25 07:07:13.529,2.02595,2.02655,4.50,7.50
2008.08.25 07:07:13.845,2.02595,2.0264,1.30,3.20
2008.08.25 07:07:14.505,2.026,2.0264,1.30,3.20
2008.08.25 07:07:16.482,2.02595,2.0264,1.30,3.20
2008.08.25 07:07:17.005,2.02595,2.02655,4.50,9.70
2008.08.25 07:07:17.346,2.02595,2.02655,5.60,9.70
2008.08.25 07:07:17.686,2.026,2.02655,1.30,9.70
2008.08.25 07:07:18.178,2.02595,2.02655,4.50,9.70
2008.08.25 07:07:18.995,2.02595,2.02655,4.50,7.50
2008.08.25 07:07:19.513,2.026,2.02655,1.30,7.50
2008.08.25 07:07:19.677,2.026,2.0264,1.30,3.20
2008.08.25 07:07:20.101,2.02605,2.0265,2.40,5.40
2008.08.25 07:07:20.361,2.02605,2.0265,2.40,4.30
2008.08.25 07:07:23.178,2.0262,2.0265,1.00,4.30
2008.08.25 07:07:24.709,2.02605,2.0265,4.50,4.30
2008.08.25 07:07:24.849,2.02605,2.0265,2.40,4.30
2008.08.25 07:07:25.398,2.02605,2.0265,5.60,4.30
2008.08.25 07:07:25.605,2.02605,2.0265,5.60,3.20
2008.08.25 07:07:25.815,2.0261,2.0265,2.10,3.20
2008.08.25 07:07:26.021,2.026,2.0265,3.50,3.20
2008.08.25 07:07:26.136,2.0261,2.0265,1.00,3.20
2008.08.25 07:07:26.430,2.0261,2.02665,4.30,9.80
2008.08.25 07:07:26.627,2.0261,2.0265,1.00,3.20
2008.08.25 07:07:27.693,2.026,2.0265,3.50,3.20
2008.08.25 07:07:28.681,2.026,2.02645,7.50,1.70
2008.08.25 07:07:28.789,2.026,2.02645,2.10,4.90
2008.08.25 07:07:28.899,2.0259,2.02645,4.80,4.90
2008.08.25 07:07:29.005,2.0259,2.02645,2.10,4.90
2008.08.25 07:07:29.389,2.026,2.02655,1.30,12.40
2008.08.25 07:07:29.669,2.02605,2.02655,1.30,8.10
2008.08.25 07:07:29.950,2.02595,2.02655,2.40,4.90
2008.08.25 07:07:30.230,2.0261,2.0266,1.30,5.90
2008.08.25 07:07:30.473,2.0261,2.0267,1.30,2.70
2008.08.25 07:07:30.958,2.02615,2.0267,1.30,2.70
2008.08.25 07:07:31.201,2.02615,2.02675,1.30,3.70
2008.08.25 07:07:31.317,2.02615,2.0267,1.30,1.00
2008.08.25 07:07:31.433,2.0262,2.0267,2.10,1.00
2008.08.25 07:07:31.885,2.02625,2.0267,2.10,1.00
2008.08.25 07:07:32.376,2.0263,2.0267,1.30,1.00
2008.08.25 07:07:32.717,2.0263,2.02685,3.50,2.70
2008.08.25 07:07:33.059,2.02645,2.02695,1.30,5.90
2008.08.25 07:07:33.399,2.0266,2.02695,1.30,2.70
2008.08.25 07:07:33.602,2.0266,2.0272,1.30,2.70
2008.08.25 07:07:34.620,2.02665,2.02725,1.30,8.10
2008.08.25 07:07:34.700,2.02665,2.02725,1.30,5.90
2008.08.25 07:07:34.933,2.02665,2.02725,1.30,3.30
2008.08.25 07:07:35.240,2.02665,2.02725,1.30,5.50
2008.08.25 07:07:35.657,2.0266,2.02725,4.00,2.80
2008.08.25 07:07:35.997,2.0266,2.02725,4.00,8.20
2008.08.25 07:07:36.629,2.0266,2.0272,4.00,2.80
2008.08.25 07:07:37.604,2.0266,2.02715,2.70,6.00
2008.08.25 07:07:37.805,2.0266,2.02715,1.30,5.40
2008.08.25 07:07:37.993,2.0266,2.02715,1.30,2.10
2008.08.25 07:07:39.380,2.0266,2.0271,1.30,2.10
2008.08.25 07:07:39.501,2.0265,2.0271,2.70,2.80
2008.08.25 07:07:39.777,2.0265,2.02705,2.10,3.90
2008.08.25 07:07:40.053,2.0264,2.02705,1.30,3.90
2008.08.25 07:07:40.329,2.02645,2.02705,2.70,7.10
2008.08.25 07:07:40.605,2.0264,2.027,1.30,2.70
2008.08.25 07:07:41.329,2.0264,2.02695,1.30,2.70
2008.08.25 07:07:42.101,2.0264,2.027,1.30,2.70
2008.08.25 07:07:42.777,2.0265,2.0269,1.30,1.00
2008.08.25 07:07:43.083,2.02645,2.0269,1.30,1.00
2008.08.25 07:07:43.187,2.02645,2.027,1.30,3.70
2008.08.25 07:07:43.289,2.02645,2.02695,1.30,1.00
2008.08.25 07:07:44.521,2.02645,2.0269,1.30,1.00
2008.08.25 07:07:45.125,2.0265,2.0269,1.30,1.00
2008.08.25 07:07:45.251,2.0265,2.027,1.30,2.70
2008.08.25 07:07:45.385,2.0265,2.02705,1.30,9.70
2008.08.25 07:07:45.522,2.02645,2.02705,4.50,9.70
2008.08.25 07:07:45.657,2.02645,2.02705,4.50,8.60
2008.08.25 07:07:45.925,2.02645,2.02705,4.50,5.40
2008.08.25 07:07:46.288,2.02645,2.02705,4.50,7.50
2008.08.25 07:07:46.597,2.02645,2.027,7.20,6.40
2008.08.25 07:07:48.559,2.02645,2.02695,7.20,1.00
2008.08.25 07:07:49.353,2.02645,2.027,7.20,5.40
2008.08.25 07:07:49.433,2.02645,2.027,7.20,3.20
2008.08.25 07:07:52.127,2.02645,2.027,8.30,3.20
2008.08.25 07:07:52.373,2.0266,2.0271,3.20,3.90
2008.08.25 07:07:52.621,2.02655,2.0271,5.90,3.90
2008.08.25 07:07:52.869,2.02645,2.027,7.20,3.20
2008.08.25 07:07:54.101,2.02655,2.027,2.70,3.20
2008.08.25 07:07:54.257,2.02655,2.02715,7.20,6.40
2008.08.25 07:07:54.413,2.02655,2.027,2.70,3.20
2008.08.25 07:07:54.721,2.02645,2.027,7.20,3.20
2008.08.25 07:07:55.421,2.0267,2.027,1.30,3.20
2008.08.25 07:07:55.709,2.0267,2.0271,1.30,1.00
2008.08.25 07:07:55.997,2.0267,2.0272,1.30,2.10
2008.08.25 07:07:56.284,2.0267,2.0273,1.30,5.40
2008.08.25 07:07:56.572,2.02685,2.0273,1.30,3.20
2008.08.25 07:07:57.869,2.02685,2.0272,1.30,2.10
2008.08.25 07:07:57.998,2.02685,2.0273,1.30,5.40
2008.08.25 07:07:59.939,2.0268,2.0273,1.30,5.40
2008.08.25 07:08:01.013,2.0269,2.0273,1.30,5.40
2008.08.25 07:08:01.202,2.0269,2.0273,1.30,2.10
2008.08.25 07:08:01.297,2.0269,2.02745,1.30,8.60
2008.08.25 07:08:01.485,2.02695,2.02745,1.30,8.60
2008.08.25 07:08:01.686,2.02695,2.0274,1.30,6.40
2008.08.25 07:08:02.024,2.0269,2.0274,1.30,6.40
2008.08.25 07:08:03.717,2.0269,2.0274,1.30,5.40
2008.08.25 07:08:05.474,2.0269,2.0274,1.30,3.20
2008.08.25 07:08:05.840,2.02695,2.0274,1.30,3.20
2008.08.25 07:08:06.085,2.027,2.0274,1.30,3.20
2008.08.25 07:08:06.583,2.02695,2.0274,1.30,3.20
2008.08.25 07:08:06.824,2.027,2.0274,1.30,4.30
2008.08.25 07:08:07.165,2.027,2.0274,1.30,2.10
2008.08.25 07:08:07.505,2.027,2.02755,1.30,5.40
2008.08.25 07:08:08.144,2.027,2.02755,1.30,4.30
2008.08.25 07:08:08.284,2.027,2.0275,1.30,2.10
2008.08.25 07:08:08.666,2.027,2.0275,1.30,3.20
2008.08.25 07:08:09.169,2.027,2.02755,1.30,5.40
2008.08.25 07:08:09.445,2.02685,2.0275,4.00,2.80
2008.08.25 07:08:09.709,2.02685,2.0274,4.00,3.20
2008.08.25 07:08:09.973,2.02685,2.0274,4.00,5.40
2008.08.25 07:08:10.241,2.0269,2.0274,1.30,2.10
2008.08.25 07:08:11.037,2.0269,2.02745,1.30,1.00
2008.08.25 07:08:11.693,2.0269,2.0274,1.30,2.10
2008.08.25 07:08:11.801,2.0269,2.02745,1.30,1.00
2008.08.25 07:08:14.218,2.0269,2.0274,1.30,2.10
2008.08.25 07:08:17.093,2.0269,2.02755,1.30,10.90
2008.08.25 07:08:17.769,2.0269,2.02755,1.30,12.00
2008.08.25 07:08:17.919,2.0269,2.02755,1.30,9.80
2008.08.25 07:08:18.473,2.0269,2.02755,1.30,12.00
2008.08.25 07:08:20.033,2.0269,2.02755,1.30,8.20
2008.08.25 07:08:20.202,2.02695,2.0275,1.30,4.30
2008.08.25 07:08:21.058,2.0269,2.02755,1.30,4.90
2008.08.25 07:08:21.188,2.0269,2.02755,1.30,6.00
2008.08.25 07:08:21.250,2.0269,2.0274,1.30,3.20
2008.08.25 07:08:21.315,2.02695,2.0274,1.30,3.20
2008.08.25 07:08:21.514,2.02695,2.0275,4.50,3.20
2008.08.25 07:08:21.577,2.02695,2.02755,4.50,5.90
2008.08.25 07:08:21.641,2.02695,2.02755,4.50,2.70
2008.08.25 07:08:22.381,2.02695,2.0276,4.50,6.60
2008.08.25 07:08:23.061,2.02685,2.0275,7.20,3.90
2008.08.25 07:08:23.195,2.02685,2.0275,4.50,3.90
2008.08.25 07:08:23.388,2.0269,2.02735,3.20,1.00
2008.08.25 07:08:23.649,2.0268,2.0274,2.70,3.90
2008.08.25 07:08:23.719,2.02675,2.0274,1.30,6.60
2008.08.25 07:08:23.849,2.0269,2.0274,1.30,5.90
2008.08.25 07:08:23.917,2.027,2.0274,1.00,5.90
2008.08.25 07:08:23.985,2.02705,2.0274,2.70,6.40
2008.08.25 07:08:24.328,2.02735,2.02755,1.00,3.90
2008.08.25 07:08:24.609,2.0274,2.02795,1.30,1.00
2008.08.25 07:08:24.889,2.02755,2.0281,2.10,5.40
2008.08.25 07:08:25.185,2.0275,2.0282,3.50,2.10
2008.08.25 07:08:25.385,2.02765,2.0282,1.30,2.10
2008.08.25 07:08:25.585,2.02755,2.02825,6.20,11.40
2008.08.25 07:08:25.785,2.0276,2.028,1.30,5.40
2008.08.25 07:08:25.985,2.02755,2.0281,4.80,3.90
2008.08.25 07:08:26.184,2.02755,2.02805,2.70,1.00
2008.08.25 07:08:26.384,2.02755,2.02815,8.10,9.30
2008.08.25 07:08:26.552,2.0276,2.0281,1.30,3.20
2008.08.25 07:08:26.709,2.0277,2.02825,3.20,5.50
2008.08.25 07:08:26.864,2.0277,2.02815,3.20,2.80
2008.08.25 07:08:27.021,2.0276,2.02815,2.70,3.90
2008.08.25 07:08:27.176,2.0275,2.02815,1.30,3.90
2008.08.25 07:08:27.332,2.0275,2.02815,1.30,3.30
2008.08.25 07:08:28.010,2.02745,2.02805,5.40,1.00
2008.08.25 07:08:28.361,2.0275,2.02805,3.20,3.30
2008.08.25 07:08:28.684,2.0275,2.028,3.20,1.00
2008.08.25 07:08:28.848,2.0275,2.028,3.20,3.90
2008.08.25 07:08:31.530,2.0274,2.028,2.10,3.90
2008.08.25 07:08:32.845,2.02745,2.02805,2.70,3.90
2008.08.25 07:08:33.201,2.02745,2.028,2.70,3.90
2008.08.25 07:08:34.700,2.02745,2.028,4.00,6.40
2008.08.25 07:08:34.742,2.0276,2.028,1.00,6.40
2008.08.25 07:08:34.828,2.0276,2.028,1.00,3.20
2008.08.25 07:08:35.302,2.0276,2.02815,1.00,3.90
2008.08.25 07:08:35.852,2.0276,2.0281,2.10,1.00
2008.08.25 07:08:36.105,2.0276,2.028,1.00,3.20
2008.08.25 07:08:37.005,2.02745,2.028,8.10,3.90
2008.08.25 07:08:37.216,2.02745,2.0281,2.40,6.60
2008.08.25 07:08:37.413,2.0275,2.0281,2.70,3.90
2008.08.25 07:08:38.066,2.0276,2.0281,3.20,3.90
2008.08.25 07:08:38.393,2.0275,2.028,2.70,1.00
2008.08.25 07:08:38.649,2.02745,2.028,5.90,3.90
2008.08.25 07:08:38.821,2.0275,2.028,3.20,3.90
2008.08.25 07:08:38.995,2.0276,2.028,3.20,3.90
2008.08.25 07:08:39.085,2.0275,2.028,3.20,3.90
2008.08.25 07:08:39.498,2.0275,2.02785,3.20,1.00
2008.08.25 07:08:39.709,2.02735,2.02805,12.60,3.90
2008.08.25 07:08:39.817,2.0275,2.02805,3.20,3.90
2008.08.25 07:08:40.029,2.0275,2.028,3.20,3.90
2008.08.25 07:08:40.369,2.0275,2.02805,3.20,3.90
2008.08.25 07:08:42.959,2.0275,2.02795,3.20,1.00
2008.08.25 07:08:43.213,2.02735,2.02795,4.80,3.90
2008.08.25 07:08:43.465,2.02735,2.0278,4.80,3.20
2008.08.25 07:08:43.593,2.0274,2.0278,2.10,3.20
2008.08.25 07:08:43.721,2.0274,2.0278,2.10,3.90
2008.08.25 07:08:43.850,2.0273,2.0278,5.40,3.90
2008.08.25 07:08:43.978,2.0273,2.0278,3.20,3.90
2008.08.25 07:08:46.325,2.0273,2.02775,3.20,1.00
2008.08.25 07:08:46.608,2.0273,2.0278,3.20,3.90
2008.08.25 07:08:46.989,2.0273,2.0278,3.20,2.80
2008.08.25 07:08:47.066,2.02715,2.0277,11.60,3.20
2008.08.25 07:08:47.104,2.02715,2.0277,8.90,3.20
2008.08.25 07:08:47.216,2.02715,2.0277,11.00,3.20
2008.08.25 07:08:47.543,2.0273,2.02785,3.20,5.50
2008.08.25 07:08:47.845,2.0273,2.02785,3.20,2.80
2008.08.25 07:08:48.151,2.0273,2.02775,3.20,1.00
2008.08.25 07:08:48.456,2.02715,2.02775,2.70,7.10
2008.08.25 07:08:48.595,2.02715,2.02775,2.70,3.90
2008.08.25 07:08:49.141,2.0272,2.02775,2.10,3.90
2008.08.25 07:08:49.416,2.0272,2.0277,2.10,3.90
2008.08.25 07:08:49.653,2.02705,2.0277,5.60,6.60
2008.08.25 07:08:50.125,2.0271,2.0275,2.10,3.20
2008.08.25 07:08:50.366,2.02705,2.02775,3.50,2.70
2008.08.25 07:08:50.685,2.02705,2.02775,3.50,5.90
2008.08.25 07:08:51.010,2.0271,2.02765,2.10,2.70
2008.08.25 07:08:51.329,2.027,2.02765,1.30,2.70
2008.08.25 07:08:51.649,2.02705,2.02755,1.30,4.80
2008.08.25 07:08:51.949,2.027,2.02755,5.40,2.80
2008.08.25 07:08:52.264,2.027,2.02755,5.40,3.90
2008.08.25 07:08:52.561,2.027,2.0276,1.30,6.60
2008.08.25 07:08:52.805,2.02695,2.02755,11.60,3.90
2008.08.25 07:08:53.050,2.02695,2.02755,6.70,3.90
2008.08.25 07:08:53.294,2.02695,2.02755,3.50,3.90
2008.08.25 07:08:53.641,2.02695,2.02755,6.70,3.90
2008.08.25 07:08:53.749,2.027,2.02755,1.30,3.20
2008.08.25 07:08:54.169,2.027,2.02765,1.30,10.90
2008.08.25 07:08:54.276,2.027,2.0276,1.30,2.70
2008.08.25 07:08:55.049,2.027,2.0276,1.30,3.30
2008.08.25 07:08:55.188,2.02695,2.0276,5.60,6.60
2008.08.25 07:08:55.977,2.0269,2.0275,3.50,3.90
2008.08.25 07:08:56.748,2.0269,2.0273,2.10,1.00
2008.08.25 07:08:56.977,2.0269,2.0273,2.10,3.20
2008.08.25 07:08:57.204,2.0268,2.0274,2.70,8.60
2008.08.25 07:08:57.432,2.02675,2.02735,2.70,3.90
2008.08.25 07:08:57.884,2.0266,2.02715,1.30,2.70
2008.08.25 07:08:58.560,2.0266,2.02705,5.40,1.00
2008.08.25 07:08:58.788,2.0266,2.027,5.40,2.70
2008.08.25 07:08:58.924,2.0265,2.027,1.30,2.70
2008.08.25 07:08:59.324,2.0265,2.02705,1.30,2.70
2008.08.25 07:09:00.032,2.0265,2.02705,1.30,5.90
2008.08.25 07:09:00.212,2.0264,2.02695,2.10,3.90
2008.08.25 07:09:01.112,2.0265,2.02695,1.30,3.20
2008.08.25 07:09:01.485,2.0265,2.0271,1.30,3.90
2008.08.25 07:09:01.672,2.0265,2.0271,4.00,3.90
2008.08.25 07:09:01.860,2.0265,2.0271,6.20,3.90
2008.08.25 07:09:02.200,2.0266,2.0271,2.10,3.90
2008.08.25 07:09:02.878,2.0266,2.02715,2.10,7.10
2008.08.25 07:09:03.371,2.02655,2.02715,4.30,3.90
2008.08.25 07:09:04.105,2.0266,2.02715,2.10,3.90
2008.08.25 07:09:04.734,2.0266,2.0271,2.10,3.20
2008.08.25 07:09:04.916,2.0266,2.0272,2.10,3.90
2008.08.25 07:09:04.976,2.0266,2.02715,3.50,3.20
2008.08.25 07:09:05.398,2.0267,2.02725,1.30,2.70
2008.08.25 07:09:05.604,2.02675,2.02725,3.50,2.70
2008.08.25 07:09:06.017,2.0268,2.0274,2.70,1.70
2008.08.25 07:09:06.225,2.02685,2.0274,4.00,1.00
2008.08.25 07:09:06.368,2.02685,2.0275,4.00,3.90
2008.08.25 07:09:06.512,2.027,2.0275,3.20,3.90
2008.08.25 07:09:06.656,2.02695,2.02755,4.50,1.00
2008.08.25 07:09:06.940,2.02695,2.02755,4.50,3.90
2008.08.25 07:09:07.427,2.02705,2.02765,2.70,1.70
2008.08.25 07:09:08.102,2.02705,2.02755,2.70,1.00
2008.08.25 07:09:08.441,2.02705,2.02755,2.70,3.90
2008.08.25 07:09:08.520,2.02695,2.02755,5.90,3.90
2008.08.25 07:09:08.600,2.02695,2.0276,7.20,3.90
2008.08.25 07:09:08.757,2.02695,2.02755,5.90,3.90
2008.08.25 07:09:08.836,2.02695,2.02755,2.70,3.90
2008.08.25 07:09:08.917,2.02695,2.02745,2.70,1.00
2008.08.25 07:09:09.072,2.02685,2.02745,5.90,1.00
2008.08.25 07:09:09.152,2.02685,2.02745,6.40,3.90
2008.08.25 07:09:09.481,2.0269,2.02755,1.30,6.60
2008.08.25 07:09:10.132,2.02685,2.0274,3.50,3.20
2008.08.25 07:09:10.353,2.02685,2.02745,2.10,3.90
2008.08.25 07:09:10.572,2.0268,2.02745,6.20,3.90
2008.08.25 07:09:11.225,2.0269,2.02745,3.20,3.90
2008.08.25 07:09:11.447,2.02695,2.02745,4.50,3.20
2008.08.25 07:09:11.713,2.027,2.0274,3.20,1.00
2008.08.25 07:09:11.849,2.02685,2.0273,10.20,1.00
2008.08.25 07:09:11.988,2.0269,2.0273,5.40,1.00
2008.08.25 07:09:12.124,2.0269,2.0273,3.20,1.00
2008.08.25 07:09:12.261,2.0269,2.0273,3.20,3.90
2008.08.25 07:09:12.610,2.02655,2.02715,3.50,3.20
2008.08.25 07:09:12.946,2.0265,2.02705,4.80,3.20
2008.08.25 07:09:13.285,2.0265,2.02705,2.10,3.20
2008.08.25 07:09:13.625,2.0265,2.027,2.10,3.20
2008.08.25 07:09:14.026,2.02645,2.027,5.60,3.20
2008.08.25 07:09:14.777,2.02645,2.0271,8.90,3.90
2008.08.25 07:09:14.960,2.02645,2.0271,9.90,3.90
2008.08.25 07:09:15.084,2.0265,2.0271,2.70,3.90
2008.08.25 07:09:15.330,2.0265,2.02715,4.00,7.10
2008.08.25 07:09:15.542,2.02655,2.0271,1.30,3.20
2008.08.25 07:09:15.744,2.02655,2.0272,4.50,3.90
2008.08.25 07:09:15.949,2.0267,2.0272,3.20,3.90
2008.08.25 07:09:16.154,2.0266,2.02725,1.30,6.60
2008.08.25 07:09:16.356,2.0267,2.02725,1.00,3.90
2008.08.25 07:09:18.977,2.02665,2.0273,2.40,3.90
2008.08.25 07:09:19.846,2.02665,2.0273,4.50,3.90
2008.08.25 07:09:19.904,2.0267,2.02725,1.30,3.20
2008.08.25 07:09:20.133,2.02665,2.0273,12.10,3.90
2008.08.25 07:09:20.192,2.02665,2.0273,14.80,3.90
2008.08.25 07:09:20.337,2.0267,2.02735,1.30,3.90
2008.08.25 07:09:20.396,2.0267,2.02725,1.30,3.20
2008.08.25 07:09:20.796,2.02675,2.0273,7.20,3.20
2008.08.25 07:09:21.145,2.02675,2.0274,9.40,3.90
2008.08.25 07:09:21.488,2.0269,2.02745,3.20,3.90
2008.08.25 07:09:21.806,2.02685,2.02745,1.30,2.70
2008.08.25 07:09:22.121,2.02675,2.0274,6.70,3.90
2008.08.25 07:09:22.436,2.02675,2.0274,8.90,3.90
2008.08.25 07:09:23.233,2.0268,2.02745,1.30,7.10
2008.08.25 07:09:23.477,2.0268,2.0274,2.70,3.90
2008.08.25 07:09:23.725,2.0268,2.02745,4.00,7.10
2008.08.25 07:09:23.790,2.0268,2.02745,4.00,3.90
2008.08.25 07:09:24.194,2.0268,2.02745,4.00,7.10
2008.08.25 07:09:24.260,2.0268,2.02745,1.30,7.10
2008.08.25 07:09:24.338,2.02675,2.0274,8.90,3.90
2008.08.25 07:09:24.899,2.02675,2.0274,6.70,3.90
2008.08.25 07:09:26.468,2.02675,2.0274,4.50,3.90
2008.08.25 07:09:26.604,2.02675,2.0273,4.50,3.20
2008.08.25 07:09:28.090,2.02675,2.0274,4.50,3.90
2008.08.25 07:09:28.309,2.0267,2.02735,3.50,3.90
2008.08.25 07:09:30.920,2.0268,2.0273,1.30,3.20
2008.08.25 07:09:31.620,2.02685,2.0273,1.30,3.20
2008.08.25 07:09:31.856,2.02685,2.02745,1.30,11.30
2008.08.25 07:09:32.060,2.02685,2.02745,1.30,5.40
2008.08.25 07:09:33.041,2.0268,2.0274,1.30,1.00
2008.08.25 07:09:33.228,2.0268,2.0273,1.30,6.40
2008.08.25 07:09:33.416,2.02675,2.02735,3.50,9.10
2008.08.25 07:09:33.604,2.02675,2.02735,1.30,5.90
2008.08.25 07:09:35.521,2.0267,2.02735,3.50,6.60
2008.08.25 07:09:35.700,2.0267,2.0273,3.50,2.70
2008.08.25 07:09:35.880,2.0267,2.02735,3.50,3.90
2008.08.25 07:09:36.220,2.02675,2.02735,2.10,3.90
2008.08.25 07:09:36.448,2.0267,2.02735,3.50,3.90
2008.08.25 07:09:36.788,2.0267,2.02735,3.50,7.10
2008.08.25 07:09:37.240,2.0267,2.02735,1.30,7.10
2008.08.25 07:09:37.581,2.02675,2.0274,4.00,3.90
2008.08.25 07:09:37.921,2.02675,2.0274,1.30,3.90
2008.08.25 07:09:38.156,2.02675,2.0273,1.30,3.20
2008.08.25 07:09:38.392,2.0267,2.02735,6.20,3.90
2008.08.25 07:09:38.745,2.0267,2.02735,4.00,7.10
2008.08.25 07:09:38.865,2.02675,2.02735,1.30,3.90
2008.08.25 07:09:39.196,2.0267,2.02735,1.30,3.90
2008.08.25 07:09:39.413,2.02675,2.02735,2.70,3.90
2008.08.25 07:09:39.629,2.0269,2.02735,3.20,3.90
2008.08.25 07:09:39.844,2.0269,2.0274,3.20,2.10
2008.08.25 07:09:40.060,2.0268,2.0273,1.30,3.20
2008.08.25 07:09:40.364,2.02675,2.02735,1.30,6.60
2008.08.25 07:09:40.971,2.02665,2.0273,3.50,3.90
2008.08.25 07:09:41.274,2.0268,2.02725,1.30,3.20
2008.08.25 07:09:41.416,2.0268,2.0273,1.30,3.20
2008.08.25 07:09:42.436,2.0268,2.0273,1.30,3.20
2008.08.25 07:09:43.462,2.02685,2.0273,1.30,3.20
2008.08.25 07:09:44.187,2.02695,2.0273,1.30,3.20
2008.08.25 07:09:44.271,2.02695,2.02755,1.30,3.20
2008.08.25 07:09:44.381,2.02685,2.0275,7.00,1.70
2008.08.25 07:09:44.565,2.0269,2.0275,4.30,1.70
2008.08.25 07:09:44.604,2.0269,2.02745,1.00,3.90
2008.08.25 07:09:44.727,2.0269,2.0275,1.30,5.90
2008.08.25 07:09:44.838,2.0269,2.02735,1.30,3.20
2008.08.25 07:09:45.888,2.027,2.02755,1.30,2.10
2008.08.25 07:09:46.522,2.027,2.02755,3.20,2.80
2008.08.25 07:09:46.674,2.02695,2.02745,1.30,3.20
2008.08.25 07:09:47.113,2.02695,2.0275,1.30,2.10
2008.08.25 07:09:47.620,2.02695,2.0275,1.30,3.20
2008.08.25 07:09:48.474,2.027,2.0275,1.30,3.20
2008.08.25 07:09:48.752,2.027,2.02745,1.30,1.00
2008.08.25 07:09:48.901,2.02695,2.02745,7.20,1.00
2008.08.25 07:09:48.967,2.02695,2.02745,4.00,1.00
2008.08.25 07:09:49.097,2.02695,2.0275,4.00,3.20
2008.08.25 07:09:49.133,2.02695,2.0275,1.30,3.20
2008.08.25 07:09:49.263,2.02705,2.0275,1.30,3.20
2008.08.25 07:09:49.360,2.02705,2.0275,1.30,2.10
2008.08.25 07:09:49.545,2.02705,2.02755,1.30,3.20
2008.08.25 07:09:50.529,2.0271,2.02755,1.30,3.20
2008.08.25 07:09:50.812,2.02705,2.02755,4.00,3.20
2008.08.25 07:09:50.956,2.02705,2.0276,1.30,2.10
2008.08.25 07:09:51.100,2.02715,2.0276,1.30,2.10
2008.08.25 07:09:51.244,2.0271,2.0276,1.30,2.10
2008.08.25 07:09:51.389,2.0271,2.02765,1.30,3.20
2008.08.25 07:09:52.498,2.0271,2.02755,1.30,1.00
2008.08.25 07:09:53.075,2.027,2.02755,1.30,1.00
2008.08.25 07:09:53.374,2.0271,2.0277,1.30,3.20
2008.08.25 07:09:53.673,2.02705,2.0276,2.70,3.90
2008.08.25 07:09:53.777,2.0271,2.0276,1.30,7.50
2008.08.25 07:09:53.980,2.02705,2.0276,4.00,3.20
2008.08.25 07:09:54.484,2.02705,2.02765,2.70,3.90
2008.08.25 07:09:54.772,2.0271,2.02765,1.30,9.10
2008.08.25 07:09:54.960,2.0271,2.02765,1.30,5.90
2008.08.25 07:09:55.333,2.0271,2.0276,4.00,3.20
2008.08.25 07:09:56.204,2.0271,2.0276,2.70,3.90
2008.08.25 07:09:56.438,2.02705,2.02765,1.30,8.60
2008.08.25 07:09:56.556,2.0271,2.02765,1.30,11.30
2008.08.25 07:09:56.792,2.0271,2.02765,1.30,8.60
2008.08.25 07:09:57.312,2.02705,2.02765,4.00,5.40
2008.08.25 07:09:57.884,2.02705,2.02765,1.30,5.40
2008.08.25 07:09:58.172,2.02695,2.0276,5.10,2.80
2008.08.25 07:09:58.320,2.02695,2.0275,3.70,1.00
2008.08.25 07:09:58.399,2.027,2.0275,2.70,1.00
2008.08.25 07:09:58.437,2.027,2.02755,2.70,3.90
2008.08.25 07:09:58.685,2.027,2.02755,2.70,1.70
2008.08.25 07:09:58.724,2.027,2.02755,1.00,1.70
2008.08.25 07:09:58.836,2.027,2.02755,1.00,4.40
2008.08.25 07:09:58.876,2.0269,2.02755,1.30,4.40
2008.08.25 07:09:59.550,2.0269,2.02755,1.30,3.30
2008.08.25 07:09:59.868,2.0269,2.02755,4.00,3.90
2008.08.25 07:10:00.821,2.0269,2.02755,1.30,3.30
2008.08.25 07:10:01.788,2.0269,2.02755,1.30,3.90
2008.08.25 07:10:01.898,2.02695,2.02755,2.70,3.90
2008.08.25 07:10:02.448,2.0269,2.02755,4.00,3.90
2008.08.25 07:10:02.820,2.02705,2.02765,1.30,5.90
2008.08.25 07:10:03.113,2.02705,2.02765,1.30,3.20
2008.08.25 07:10:03.409,2.027,2.02765,4.00,3.20
2008.08.25 07:10:03.705,2.027,2.02765,2.70,7.10
2008.08.25 07:10:03.844,2.02705,2.02765,4.00,6.40
2008.08.25 07:10:04.220,2.02705,2.02765,4.00,3.20
2008.08.25 07:10:04.348,2.02705,2.02765,2.70,3.90
2008.08.25 07:10:04.476,2.027,2.02765,1.30,6.00
2008.08.25 07:10:04.604,2.027,2.02765,1.30,2.80
2008.08.25 07:10:04.920,2.02705,2.02765,5.10,2.10
2008.08.25 07:10:05.237,2.0272,2.02775,2.70,2.10
2008.08.25 07:10:05.552,2.02715,2.02775,6.20,2.10
2008.08.25 07:10:05.860,2.0272,2.02775,1.30,2.10
2008.08.25 07:10:06.472,2.0272,2.02775,4.00,2.10
2008.08.25 07:10:06.780,2.0272,2.0278,1.30,2.10
2008.08.25 07:10:08.238,2.02725,2.0278,1.30,2.10
2008.08.25 07:10:08.673,2.02725,2.02785,1.30,2.10
2008.08.25 07:10:09.056,2.02725,2.02785,1.30,2.80
2008.08.25 07:10:09.424,2.02725,2.02785,4.50,2.80
2008.08.25 07:10:09.728,2.02725,2.02785,4.50,3.90
2008.08.25 07:10:10.032,2.02715,2.0278,13.70,1.00
2008.08.25 07:10:10.291,2.02715,2.0277,10.20,1.00
2008.08.25 07:10:10.544,2.0272,2.0278,1.30,2.10
2008.08.25 07:10:10.800,2.02725,2.02775,4.50,2.70
2008.08.25 07:10:11.056,2.02725,2.0278,4.50,2.10
2008.08.25 07:10:11.652,2.02725,2.0278,1.30,2.10
2008.08.25 07:10:12.250,2.02725,2.0278,4.50,2.10
2008.08.25 07:10:12.588,2.02735,2.02785,1.30,2.10
2008.08.25 07:10:13.264,2.02735,2.0279,1.30,2.10
2008.08.25 07:10:13.380,2.0274,2.0279,1.30,2.10
2008.08.25 07:10:13.499,2.0274,2.0279,1.30,3.20
2008.08.25 07:10:13.612,2.0274,2.028,1.30,5.40
2008.08.25 07:10:13.728,2.0274,2.028,1.30,2.10
2008.08.25 07:10:13.845,2.02735,2.028,3.50,2.80
2008.08.25 07:10:13.960,2.02735,2.0279,1.30,3.20
2008.08.25 07:10:16.104,2.02745,2.0279,1.30,3.20
2008.08.25 07:10:16.244,2.0274,2.0279,1.30,3.20
2008.08.25 07:10:16.384,2.0274,2.028,1.30,5.40
2008.08.25 07:10:16.524,2.0274,2.02795,1.30,3.20
2008.08.25 07:10:16.660,2.0274,2.02795,4.00,3.20
2008.08.25 07:10:16.928,2.0274,2.02805,4.00,2.80
2008.08.25 07:10:18.864,2.0274,2.02795,2.70,1.00
2008.08.25 07:10:19.101,2.0274,2.02795,2.70,3.90
2008.08.25 07:10:19.958,2.0273,2.02795,4.00,3.90
2008.08.25 07:10:20.976,2.0274,2.028,1.30,5.40
2008.08.25 07:10:21.253,2.0274,2.028,1.30,2.10
2008.08.25 07:10:21.541,2.0274,2.0279,1.30,3.20
2008.08.25 07:10:21.817,2.0273,2.0279,4.00,7.10
2008.08.25 07:10:22.080,2.0273,2.0279,4.00,3.90
2008.08.25 07:10:22.344,2.0273,2.0279,1.30,8.70
2008.08.25 07:10:22.608,2.02735,2.0279,1.30,8.10
2008.08.25 07:10:22.872,2.02735,2.0279,1.30,5.40
2008.08.25 07:10:23.116,2.02735,2.0279,1.30,2.10
2008.08.25 07:10:23.600,2.0273,2.02795,1.30,15.20
2008.08.25 07:10:23.844,2.0273,2.02795,1.30,14.10
2008.08.25 07:10:24.320,2.0273,2.02795,1.30,12.00
2008.08.25 07:10:24.797,2.0273,2.02795,1.30,8.70
2008.08.25 07:10:25.085,2.02725,2.02795,8.10,7.20
2008.08.25 07:10:25.372,2.0273,2.0277,5.40,1.00
2008.08.25 07:10:25.660,2.0273,2.0277,3.20,3.90
2008.08.25 07:10:25.949,2.0274,2.0276,1.00,3.90
2008.08.25 07:10:26.164,2.0273,2.0276,4.30,6.60
2008.08.25 07:10:26.804,2.02675,2.02735,1.30,3.20
2008.08.25 07:10:27.744,2.0268,2.02735,1.30,3.20
2008.08.25 07:10:28.060,2.02685,2.0273,1.30,3.20
2008.08.25 07:10:28.344,2.02685,2.02745,4.50,1.00
2008.08.25 07:10:28.628,2.0269,2.0275,1.30,4.80
2008.08.25 07:10:28.918,2.02695,2.0275,1.30,2.70
2008.08.25 07:10:29.132,2.02695,2.02755,1.30,3.90
2008.08.25 07:10:29.348,2.02695,2.02755,1.30,6.00
2008.08.25 07:10:29.564,2.02685,2.0274,2.40,2.10
2008.08.25 07:10:29.780,2.02685,2.0274,3.50,2.10
2008.08.25 07:10:29.996,2.027,2.0274,2.70,2.10
2008.08.25 07:10:30.320,2.027,2.0273,4.00,3.20
2008.08.25 07:10:30.644,2.02705,2.0274,1.30,3.20
2008.08.25 07:10:30.968,2.027,2.0275,1.30,2.10
2008.08.25 07:10:31.149,2.0271,2.02765,1.30,4.80
2008.08.25 07:10:31.328,2.0271,2.02765,1.30,2.70
2008.08.25 07:10:31.508,2.0271,2.02765,1.30,4.80
2008.08.25 07:10:31.864,2.0271,2.02765,1.30,2.70
2008.08.25 07:10:32.200,2.0271,2.02775,1.30,2.80
2008.08.25 07:10:32.853,2.02715,2.02775,4.00,2.10
2008.08.25 07:10:33.092,2.0272,2.02775,1.30,2.10
2008.08.25 07:10:33.332,2.0272,2.0278,1.30,2.80
2008.08.25 07:10:33.808,2.02715,2.0278,3.70,2.10
2008.08.25 07:10:34.048,2.0272,2.02765,1.00,4.80
2008.08.25 07:10:34.248,2.0271,2.0276,5.40,3.90
2008.08.25 07:10:35.036,2.0271,2.0276,5.40,2.80
2008.08.25 07:10:35.332,2.02685,2.0275,1.30,4.90
2008.08.25 07:10:35.920,2.02685,2.0275,1.30,3.90
2008.08.25 07:10:36.180,2.02685,2.0275,1.30,1.70
2008.08.25 07:10:36.696,2.0269,2.0274,1.30,3.20
2008.08.25 07:10:36.956,2.0269,2.02745,1.30,5.40
2008.08.25 07:10:37.296,2.02665,2.02735,3.50,1.00
2008.08.25 07:10:37.636,2.02665,2.02735,1.30,2.80
2008.08.25 07:10:37.978,2.0267,2.02735,2.70,6.00
2008.08.25 07:10:38.318,2.02675,2.02735,4.80,7.10
2008.08.25 07:10:38.552,2.0267,2.02735,1.30,7.10
2008.08.25 07:10:38.796,2.0268,2.0273,1.30,6.40
2008.08.25 07:10:38.916,2.0268,2.0273,1.30,3.20
2008.08.25 07:10:40.518,2.0268,2.02715,2.10,3.20
2008.08.25 07:10:40.740,2.0267,2.02715,2.70,3.20
2008.08.25 07:10:41.456,2.02665,2.0273,4.50,3.30
2008.08.25 07:10:41.596,2.02665,2.02725,4.50,1.00
2008.08.25 07:10:41.736,2.0267,2.02735,1.30,14.10
2008.08.25 07:10:41.876,2.0267,2.02735,1.30,12.00
2008.08.25 07:10:42.019,2.0268,2.0272,2.10,1.00
2008.08.25 07:10:42.157,2.02655,2.0272,2.70,1.00
2008.08.25 07:10:42.497,2.02665,2.0273,1.30,2.10
2008.08.25 07:10:42.838,2.02655,2.0273,4.00,2.80
2008.08.25 07:10:43.179,2.02655,2.0272,9.90,3.90
2008.08.25 07:10:43.320,2.02655,2.0272,7.20,3.90
2008.08.25 07:10:43.464,2.0267,2.02725,1.30,5.40
2008.08.25 07:10:43.608,2.0267,2.0272,1.30,3.20
2008.08.25 07:10:43.752,2.02655,2.0272,9.40,1.00
2008.08.25 07:10:43.896,2.02655,2.0272,9.40,3.90
2008.08.25 07:10:44.794,2.02655,2.0272,6.70,3.90
2008.08.25 07:10:47.929,2.02655,2.0272,4.50,3.90
2008.08.25 07:10:49.317,2.0266,2.02725,1.30,8.70
2008.08.25 07:10:52.340,2.0266,2.02725,1.30,6.60
2008.08.25 07:10:52.812,2.0266,2.02725,3.50,6.60
2008.08.25 07:10:53.573,2.0266,2.02725,1.30,6.60
2008.08.25 07:10:53.828,2.0267,2.02725,1.30,5.90
2008.08.25 07:10:53.996,2.0267,2.02725,1.30,2.70
2008.08.25 07:10:54.661,2.0267,2.0273,1.30,3.90
2008.08.25 07:10:55.441,2.0267,2.02725,1.30,3.20
2008.08.25 07:10:55.690,2.0267,2.02735,1.30,6.60
2008.08.25 07:10:56.598,2.0268,2.02735,3.20,6.60
2008.08.25 07:10:56.852,2.0268,2.02735,3.20,7.60
2008.08.25 07:10:57.035,2.0267,2.02735,1.30,9.80
2008.08.25 07:10:57.288,2.0267,2.0273,1.30,2.70
2008.08.25 07:10:57.628,2.0267,2.02735,1.30,10.90
2008.08.25 07:10:57.969,2.02665,2.02725,4.50,3.90
2008.08.25 07:10:58.309,2.0267,2.02735,1.30,10.30
2008.08.25 07:10:58.465,2.0268,2.02735,2.10,10.30
2008.08.25 07:10:58.936,2.0267,2.02735,1.30,10.30
2008.08.25 07:10:59.328,2.0267,2.02735,1.30,7.10
2008.08.25 07:11:00.984,2.0267,2.02735,1.30,9.80
2008.08.25 07:11:01.625,2.0267,2.02735,1.30,12.00
2008.08.25 07:11:01.828,2.0267,2.02735,1.30,9.80
2008.08.25 07:11:03.968,2.02675,2.02735,1.30,9.10
2008.08.25 07:11:04.040,2.02675,2.02735,4.50,9.10
2008.08.25 07:11:04.117,2.02675,2.0273,4.50,5.40
2008.08.25 07:11:04.265,2.02675,2.0273,4.50,3.20
2008.08.25 07:11:04.493,2.02675,2.0274,4.50,6.60
2008.08.25 07:11:05.005,2.02675,2.0274,6.70,6.60
2008.08.25 07:11:06.808,2.02675,2.0274,4.50,6.60
2008.08.25 07:11:08.486,2.02675,2.0273,4.50,3.20
2008.08.25 07:11:08.693,2.02675,2.0273,1.30,5.40
2008.08.25 07:11:09.745,2.02675,2.0273,1.30,3.20
2008.08.25 07:11:12.628,2.02675,2.0273,4.50,3.20
2008.08.25 07:11:14.464,2.02675,2.0273,1.30,3.20
2008.08.25 07:11:14.584,2.02675,2.0273,4.50,5.40
2008.08.25 07:11:14.680,2.02675,2.0273,1.30,5.40
2008.08.25 07:11:14.893,2.02675,2.0273,4.50,3.20
2008.08.25 07:11:15.308,2.0269,2.0274,1.30,2.70
2008.08.25 07:11:15.612,2.0269,2.02745,1.30,2.10
2008.08.25 07:11:16.884,2.0269,2.0275,1.30,4.80
2008.08.25 07:11:18.473,2.02695,2.0275,1.30,2.10
2008.08.25 07:11:18.845,2.02705,2.0275,1.30,2.10
2008.08.25 07:11:19.032,2.02705,2.0276,1.30,2.10
2008.08.25 07:11:19.233,2.0269,2.02745,2.70,3.90
2008.08.25 07:11:19.289,2.027,2.0274,1.30,3.20
2008.08.25 07:11:19.420,2.027,2.02735,1.30,5.40
2008.08.25 07:11:19.552,2.027,2.0274,1.30,8.10
2008.08.25 07:11:19.620,2.027,2.0274,1.30,3.20
2008.08.25 07:11:19.688,2.027,2.02745,1.30,2.10
2008.08.25 07:11:19.888,2.0271,2.0276,1.30,7.00
2008.08.25 07:11:20.084,2.0271,2.0276,1.30,4.80
2008.08.25 07:11:20.488,2.02715,2.0276,1.30,4.80
2008.08.25 07:11:21.165,2.02715,2.0276,1.30,2.70
2008.08.25 07:11:21.520,2.02715,2.02765,1.30,8.60
2008.08.25 07:11:21.869,2.02705,2.0275,2.70,1.70
2008.08.25 07:11:22.000,2.02705,2.0274,2.70,3.20
2008.08.25 07:11:22.068,2.0269,2.0274,1.30,3.20
2008.08.25 07:11:23.960,2.02695,2.0274,1.30,3.20
2008.08.25 07:11:24.732,2.02695,2.02745,1.30,2.70
2008.08.25 07:11:24.836,2.02685,2.02745,1.30,2.70
2008.08.25 07:11:24.932,2.02685,2.0275,1.30,6.60
2008.08.25 07:11:26.132,2.02675,2.02735,6.20,1.70
2008.08.25 07:11:26.380,2.02675,2.0272,1.30,1.00
2008.08.25 07:11:26.584,2.02675,2.02725,1.30,2.70
2008.08.25 07:11:26.989,2.02675,2.02735,1.30,3.70
2008.08.25 07:11:27.192,2.02675,2.0273,1.30,1.00
2008.08.25 07:11:27.396,2.02675,2.02735,1.30,3.70
2008.08.25 07:11:27.737,2.02675,2.02735,1.30,9.10
2008.08.25 07:11:28.076,2.02675,2.02735,1.30,3.70
2008.08.25 07:11:28.416,2.02675,2.0273,1.30,1.00
2008.08.25 07:11:29.924,2.02675,2.02735,1.30,1.70
2008.08.25 07:11:31.908,2.02675,2.02735,1.30,3.90
2008.08.25 07:11:32.954,2.02675,2.02735,4.50,3.90
2008.08.25 07:11:34.310,2.02675,2.02735,6.70,3.90
2008.08.25 07:11:37.977,2.0269,2.0274,1.30,5.90
2008.08.25 07:11:38.188,2.02695,2.0274,1.30,2.70
2008.08.25 07:11:38.368,2.02705,2.02745,1.30,5.90
2008.08.25 07:11:38.557,2.027,2.02745,1.30,5.90
2008.08.25 07:11:38.737,2.027,2.02745,1.30,2.70
2008.08.25 07:11:38.916,2.027,2.0277,1.30,8.20
2008.08.25 07:11:39.092,2.0271,2.0277,1.30,7.50
2008.08.25 07:11:39.272,2.0271,2.0277,1.30,2.10
2008.08.25 07:11:39.592,2.0271,2.02775,1.30,4.80
2008.08.25 07:11:39.912,2.0272,2.02775,1.30,2.10
2008.08.25 07:11:40.232,2.0271,2.0276,1.30,1.00
2008.08.25 07:11:40.468,2.0271,2.0277,1.30,2.10
2008.08.25 07:11:40.704,2.0271,2.02775,1.30,2.80
2008.08.25 07:11:40.940,2.0272,2.02775,1.30,2.10
2008.08.25 07:11:41.560,2.0272,2.0278,1.30,2.10
2008.08.25 07:11:41.756,2.02725,2.0278,2.70,2.10
2008.08.25 07:11:41.953,2.02725,2.02785,2.70,9.30
2008.08.25 07:11:42.148,2.0272,2.02785,1.30,6.00
2008.08.25 07:11:42.488,2.02735,2.0277,1.30,1.00
2008.08.25 07:11:42.828,2.02735,2.0278,1.30,1.00
2008.08.25 07:11:43.817,2.02735,2.0279,1.30,2.10
2008.08.25 07:11:43.980,2.0272,2.02785,4.00,6.00
2008.08.25 07:11:44.168,2.0272,2.02785,4.00,9.30
2008.08.25 07:11:44.333,2.0272,2.02785,4.00,11.40
2008.08.25 07:11:44.535,2.0272,2.0278,1.30,4.80
2008.08.25 07:11:45.124,2.0273,2.0278,1.30,4.80
2008.08.25 07:11:45.329,2.0272,2.0278,1.30,2.10
2008.08.25 07:11:45.668,2.02725,2.0278,1.30,2.10
2008.08.25 07:11:46.009,2.02725,2.02785,1.30,2.10
2008.08.25 07:11:46.446,2.02725,2.02785,1.30,4.80
2008.08.25 07:11:48.688,2.02725,2.02785,1.30,5.50
2008.08.25 07:11:49.348,2.02725,2.02785,1.30,2.80
2008.08.25 07:11:49.956,2.0273,2.02785,1.30,2.10
2008.08.25 07:11:51.004,2.0273,2.0279,1.30,2.70
2008.08.25 07:11:51.180,2.0273,2.02785,1.30,2.10
2008.08.25 07:11:51.700,2.0273,2.02795,1.30,9.80
2008.08.25 07:11:51.928,2.02715,2.0278,11.00,1.00
2008.08.25 07:11:52.156,2.02715,2.0278,8.90,3.90
2008.08.25 07:11:52.384,2.0272,2.0279,1.30,6.60
2008.08.25 07:11:52.612,2.0273,2.0279,1.30,5.90
2008.08.25 07:11:52.953,2.0274,2.0278,1.30,2.70
2008.08.25 07:11:53.292,2.02725,2.0279,1.30,3.90
2008.08.25 07:11:53.633,2.0273,2.0279,2.70,6.00
2008.08.25 07:11:53.924,2.02735,2.0279,1.30,5.40
2008.08.25 07:11:54.216,2.0275,2.0279,1.30,5.40
2008.08.25 07:11:54.364,2.02745,2.02785,1.30,3.20
2008.08.25 07:11:54.512,2.0272,2.02785,6.20,3.90
2008.08.25 07:11:54.662,2.02735,2.02785,2.70,1.00
2008.08.25 07:11:54.904,2.0272,2.02785,1.30,3.30
2008.08.25 07:11:56.432,2.02725,2.02785,1.30,2.70
2008.08.25 07:11:57.938,2.0272,2.02785,1.30,3.30
2008.08.25 07:11:58.213,2.0273,2.0278,1.30,2.10
2008.08.25 07:11:58.489,2.0272,2.0278,1.30,2.70
2008.08.25 07:11:58.765,2.0272,2.0278,1.30,2.10
2008.08.25 07:11:59.042,2.0272,2.02775,1.30,2.70
2008.08.25 07:11:59.279,2.0272,2.0278,1.30,2.10
2008.08.25 07:11:59.433,2.02735,2.0278,1.30,2.10
2008.08.25 07:11:59.664,2.0274,2.02785,1.30,2.70
2008.08.25 07:12:00.140,2.02705,2.0278,1.30,3.90
2008.08.25 07:12:00.464,2.02705,2.02775,1.30,2.70
2008.08.25 07:12:00.628,2.02715,2.02775,1.30,2.70
2008.08.25 07:12:01.433,2.02725,2.0278,1.30,2.70
2008.08.25 07:12:01.685,2.02735,2.0278,1.30,2.70
2008.08.25 07:12:01.928,2.0273,2.0279,1.30,2.10
2008.08.25 07:12:02.356,2.0273,2.02785,1.30,2.70
2008.08.25 07:12:07.807,2.0273,2.02785,1.30,4.80
2008.08.25 07:12:08.041,2.02725,2.02785,1.30,4.80
2008.08.25 07:12:08.433,2.02725,2.0278,1.30,2.10
2008.08.25 07:12:08.916,2.02725,2.0278,1.30,4.80
2008.08.25 07:12:09.768,2.02725,2.0278,1.30,2.10
2008.08.25 07:12:09.865,2.0272,2.02775,1.30,2.10
2008.08.25 07:12:10.145,2.0272,2.02775,1.30,4.80
2008.08.25 07:12:11.411,2.0273,2.02775,1.30,4.80
2008.08.25 07:12:11.728,2.0273,2.02775,1.30,2.10
2008.08.25 07:12:16.807,2.02715,2.02775,4.50,2.10
2008.08.25 07:12:17.192,2.0271,2.0276,2.70,1.00
2008.08.25 07:12:17.388,2.02725,2.0277,1.30,5.40
2008.08.25 07:12:17.584,2.02725,2.02785,1.30,5.90
2008.08.25 07:12:17.781,2.02725,2.0278,1.30,3.20
2008.08.25 07:12:18.120,2.02715,2.0278,1.30,3.20
2008.08.25 07:12:18.460,2.0272,2.0278,1.30,4.80
2008.08.25 07:12:19.736,2.02705,2.02765,4.00,1.00
2008.08.25 07:12:20.116,2.0271,2.0276,1.30,2.70
2008.08.25 07:12:20.299,2.0271,2.02765,1.30,4.80
2008.08.25 07:12:20.482,2.0271,2.02765,1.30,5.90
2008.08.25 07:12:20.664,2.02705,2.02765,1.30,7.60
2008.08.25 07:12:20.848,2.02705,2.02765,1.30,12.00
2008.08.25 07:12:21.133,2.02705,2.02765,1.30,15.20
2008.08.25 07:12:21.414,2.02705,2.02755,1.30,8.10
2008.08.25 07:12:21.704,2.0271,2.02765,1.30,14.50
2008.08.25 07:12:21.988,2.0271,2.02765,1.30,5.90
2008.08.25 07:12:22.424,2.0271,2.02765,1.30,8.10
2008.08.25 07:12:22.644,2.0271,2.02765,1.30,11.30
2008.08.25 07:12:22.864,2.0271,2.0276,1.30,2.70
2008.08.25 07:12:23.436,2.0271,2.02765,1.30,12.40
2008.08.25 07:12:23.724,2.02705,2.02755,1.30,2.70
2008.08.25 07:12:24.892,2.0271,2.0276,1.30,2.70
2008.08.25 07:12:25.116,2.02715,2.0276,1.30,2.70
2008.08.25 07:12:26.240,2.02715,2.02765,1.30,5.90
2008.08.25 07:12:29.843,2.0272,2.02765,1.30,5.90
2008.08.25 07:12:29.984,2.0272,2.0276,1.30,3.20
2008.08.25 07:12:34.035,2.02725,2.02775,1.30,7.50
2008.08.25 07:12:34.146,2.02725,2.02775,1.30,10.20
2008.08.25 07:12:34.153,2.02725,2.02775,1.30,11.30
2008.08.25 07:12:34.218,2.02725,2.02775,1.30,5.90
2008.08.25 07:12:34.254,2.02725,2.02775,1.30,3.20
2008.08.25 07:12:34.471,2.02725,2.0277,1.30,2.10
2008.08.25 07:12:34.809,2.02715,2.0277,7.20,2.10
2008.08.25 07:12:35.216,2.02715,2.02775,1.30,2.10
2008.08.25 07:12:35.892,2.02715,2.02775,1.30,6.00
2008.08.25 07:12:36.234,2.02715,2.02775,1.30,7.10
2008.08.25 07:12:37.536,2.0272,2.02775,1.30,6.40
2008.08.25 07:12:38.325,2.0272,2.0277,1.30,4.30
2008.08.25 07:12:39.380,2.0272,2.0277,1.30,1.00
2008.08.25 07:12:39.520,2.0273,2.0277,1.30,1.00
2008.08.25 07:12:40.439,2.0272,2.0277,1.30,1.00
2008.08.25 07:12:42.828,2.0272,2.0277,4.00,1.00
2008.08.25 07:12:43.391,2.0272,2.0277,1.30,6.40
2008.08.25 07:12:44.009,2.02735,2.0277,1.30,6.40
2008.08.25 07:12:44.241,2.02735,2.0277,1.30,1.00
2008.08.25 07:12:44.356,2.02735,2.0278,1.30,1.00
2008.08.25 07:12:44.482,2.0273,2.0278,1.30,1.00
2008.08.25 07:12:44.797,2.02735,2.0278,2.70,1.00
2008.08.25 07:12:45.001,2.0273,2.0278,1.30,1.00
2008.08.25 07:12:45.204,2.0273,2.02785,1.30,3.20
2008.08.25 07:12:45.409,2.02735,2.02785,1.30,3.20
2008.08.25 07:12:45.613,2.02735,2.02785,1.30,2.10
2008.08.25 07:12:46.216,2.02725,2.0278,2.70,1.00
2008.08.25 07:12:46.520,2.02725,2.0278,2.70,2.80
2008.08.25 07:12:46.829,2.02715,2.0277,4.50,4.30
2008.08.25 07:12:47.012,2.02715,2.02775,4.50,7.00
2008.08.25 07:12:47.372,2.02715,2.02775,4.50,12.40
2008.08.25 07:12:47.744,2.0272,2.0276,3.20,1.00
2008.08.25 07:12:48.084,2.02705,2.0276,3.50,6.40
2008.08.25 07:12:48.424,2.02705,2.0276,3.50,9.70
2008.08.25 07:12:48.764,2.02705,2.0276,1.30,9.70
2008.08.25 07:12:49.293,2.02705,2.0276,1.30,6.40
2008.08.25 07:12:49.592,2.02705,2.0275,1.30,1.00
2008.08.25 07:12:49.717,2.027,2.0275,1.30,6.40
2008.08.25 07:12:49.996,2.02695,2.0275,6.20,6.40
2008.08.25 07:12:50.275,2.02695,2.0275,4.00,6.40
2008.08.25 07:12:50.555,2.02695,2.0275,1.30,6.40
2008.08.25 07:12:50.695,2.02695,2.0275,3.50,6.40
2008.08.25 07:12:50.835,2.02695,2.0275,1.30,6.40
2008.08.25 07:12:51.148,2.02695,2.0274,1.30,4.30
2008.08.25 07:12:52.247,2.02695,2.0274,3.50,1.00
2008.08.25 07:12:53.616,2.02705,2.0274,1.30,1.00
2008.08.25 07:12:53.841,2.02715,2.0274,1.30,1.00
2008.08.25 07:12:54.068,2.02705,2.0274,3.50,1.00
2008.08.25 07:12:54.296,2.0271,2.0275,2.10,1.00
2008.08.25 07:12:54.524,2.027,2.0275,1.30,1.00
2008.08.25 07:12:54.747,2.027,2.02755,1.30,3.70
2008.08.25 07:12:54.972,2.02695,2.0274,3.50,1.00
2008.08.25 07:12:55.119,2.02695,2.02745,3.50,3.70
2008.08.25 07:12:55.263,2.02695,2.02755,3.50,18.90
2008.08.25 07:12:55.407,2.02695,2.02755,3.50,9.10
2008.08.25 07:12:55.551,2.02695,2.02755,1.30,9.10
2008.08.25 07:12:55.696,2.02705,2.0275,1.30,1.00
2008.08.25 07:12:56.288,2.0268,2.02745,5.60,3.70
2008.08.25 07:12:56.595,2.0268,2.02745,5.60,11.30
2008.08.25 07:12:56.899,2.0268,2.02745,3.50,11.30
2008.08.25 07:12:57.204,2.02695,2.0274,1.30,1.00
2008.08.25 07:12:57.672,2.02695,2.0274,3.50,1.00
2008.08.25 07:12:57.909,2.02705,2.0275,1.30,4.30
2008.08.25 07:12:58.168,2.0271,2.0275,1.30,10.80
2008.08.25 07:12:59.371,2.0271,2.0275,1.30,5.40
2008.08.25 07:12:59.564,2.02705,2.0275,1.30,5.40
2008.08.25 07:12:59.756,2.027,2.0275,1.30,6.40
2008.08.25 07:12:59.954,2.027,2.0275,1.30,1.00
2008.08.25 07:13:00.274,2.02705,2.0275,1.30,1.00
2008.08.25 07:13:00.594,2.0269,2.02725,2.10,3.20
2008.08.25 07:13:00.928,2.02655,2.02725,4.30,5.40
2008.08.25 07:13:01.168,2.02655,2.0272,4.30,3.20
2008.08.25 07:13:01.411,2.0266,2.0272,2.10,3.20
2008.08.25 07:13:01.652,2.0266,2.0272,2.10,3.90
2008.08.25 07:13:02.381,2.0267,2.0272,2.10,6.60
2008.08.25 07:13:02.872,2.0267,2.0271,2.10,3.90
2008.08.25 07:13:03.119,2.0267,2.027,2.10,3.20
2008.08.25 07:13:03.351,2.0267,2.02695,2.10,2.70
2008.08.25 07:13:03.584,2.02645,2.027,2.10,2.70
2008.08.25 07:13:03.819,2.0264,2.027,2.10,2.70
2008.08.25 07:13:04.051,2.0264,2.027,3.50,2.70
2008.08.25 07:13:04.283,2.0264,2.027,5.60,2.70
2008.08.25 07:13:04.419,2.0264,2.02705,4.30,3.90
2008.08.25 07:13:04.555,2.02655,2.0271,1.30,5.90
2008.08.25 07:13:04.691,2.0266,2.0271,5.40,1.00
2008.08.25 07:13:04.827,2.0266,2.0271,2.10,1.00
2008.08.25 07:13:04.963,2.0266,2.0271,2.10,3.90
2008.08.25 07:13:05.235,2.0265,2.0271,2.70,3.90
2008.08.25 07:13:05.499,2.02655,2.0271,1.30,3.20
2008.08.25 07:13:05.763,2.0266,2.02715,1.30,3.20
2008.08.25 07:13:06.028,2.0266,2.0271,1.30,3.20
2008.08.25 07:13:06.296,2.0265,2.02715,4.00,7.10
2008.08.25 07:13:06.519,2.0265,2.027,1.30,3.20
2008.08.25 07:13:06.968,2.02645,2.027,8.90,3.20
2008.08.25 07:13:07.755,2.02645,2.027,6.70,3.20
2008.08.25 07:13:08.492,2.02645,2.027,4.50,3.20
2008.08.25 07:13:08.772,2.02645,2.027,6.70,3.20
2008.08.25 07:13:08.948,2.0265,2.027,1.30,3.20
2008.08.25 07:13:09.093,2.0265,2.027,1.30,4.30
2008.08.25 07:13:09.283,2.02655,2.027,1.30,4.30
2008.08.25 07:13:13.789,2.02655,2.027,1.30,3.20
2008.08.25 07:13:14.135,2.02645,2.027,1.30,4.30
2008.08.25 07:13:14.451,2.02645,2.02705,1.30,7.00
2008.08.25 07:13:14.878,2.02645,2.027,1.30,4.30
2008.08.25 07:13:15.986,2.0265,2.027,1.30,4.30
2008.08.25 07:13:16.172,2.0265,2.027,1.30,1.00
2008.08.25 07:13:18.472,2.02645,2.027,4.00,1.00
2008.08.25 07:13:18.647,2.02645,2.027,4.00,4.30
2008.08.25 07:13:18.821,2.02645,2.027,1.30,4.30
2008.08.25 07:13:19.201,2.0264,2.0269,4.00,1.00
2008.08.25 07:13:19.408,2.0264,2.0269,1.30,1.00
2008.08.25 07:13:20.206,2.0265,2.0269,2.10,1.00
2008.08.25 07:13:21.328,2.02645,2.0269,1.30,1.00
2008.08.25 07:13:22.607,2.02645,2.0269,1.30,6.40
2008.08.25 07:13:22.739,2.0265,2.0269,1.30,5.40
2008.08.25 07:13:23.147,2.0265,2.027,1.30,1.00
2008.08.25 07:13:23.553,2.02665,2.027,1.30,1.00
2008.08.25 07:13:26.098,2.0267,2.02715,1.30,3.20
2008.08.25 07:13:26.448,2.0267,2.0271,1.30,1.00
2008.08.25 07:13:29.743,2.02665,2.0271,1.30,1.00
2008.08.25 07:13:32.558,2.0267,2.0271,1.30,1.00
2008.08.25 07:13:35.549,2.02675,2.0271,1.30,1.00
2008.08.25 07:13:35.664,2.02685,2.0271,1.30,1.00
2008.08.25 07:13:35.780,2.02685,2.02725,1.30,11.30
2008.08.25 07:13:35.900,2.02685,2.02725,1.30,8.60
2008.08.25 07:13:36.019,2.02685,2.0272,1.30,6.40
2008.08.25 07:13:36.355,2.02685,2.0272,1.30,1.00
2008.08.25 07:13:37.576,2.02685,2.02725,1.30,3.20
2008.08.25 07:13:37.775,2.0267,2.02725,1.30,8.60
2008.08.25 07:13:37.973,2.02675,2.0271,1.30,3.20
2008.08.25 07:13:39.119,2.02675,2.0272,1.30,2.10
2008.08.25 07:13:40.343,2.02675,2.0271,1.30,8.60
2008.08.25 07:13:43.222,2.02675,2.0271,1.30,3.20
2008.08.25 07:13:45.270,2.02675,2.0271,1.30,8.60
2008.08.25 07:13:45.819,2.0267,2.0271,1.30,8.60
2008.08.25 07:13:46.031,2.0267,2.0271,1.30,9.70
2008.08.25 07:13:49.105,2.0267,2.0271,1.30,6.40
2008.08.25 07:13:50.111,2.0267,2.0271,1.30,9.70
2008.08.25 07:13:54.206,2.02665,2.0271,1.30,9.70
2008.08.25 07:13:54.669,2.02665,2.02715,1.30,14.50
2008.08.25 07:13:54.776,2.02655,2.02705,1.30,3.70
2008.08.25 07:13:54.884,2.02655,2.0269,1.30,1.00
2008.08.25 07:13:55.904,2.0266,2.02705,1.30,9.10
2008.08.25 07:13:56.209,2.02665,2.02705,1.30,9.10
2008.08.25 07:13:56.519,2.02665,2.02705,1.30,3.70
2008.08.25 07:13:56.771,2.0264,2.027,6.70,1.00
2008.08.25 07:13:57.023,2.0264,2.027,1.30,11.80
2008.08.25 07:13:57.337,2.0266,2.027,1.30,7.50
2008.08.25 07:13:57.675,2.02655,2.027,1.30,8.60
2008.08.25 07:13:58.015,2.02665,2.027,1.30,1.00
2008.08.25 07:13:58.353,2.02675,2.027,1.30,1.00
2008.08.25 07:13:59.020,2.0266,2.027,1.30,1.00
2008.08.25 07:13:59.692,2.0266,2.027,3.20,1.00
2008.08.25 07:13:59.936,2.0266,2.027,3.20,2.70
2008.08.25 07:14:00.403,2.0266,2.027,3.20,1.00
2008.08.25 07:14:00.700,2.0266,2.027,1.30,1.00
2008.08.25 07:14:01.296,2.02655,2.02715,5.90,7.10
2008.08.25 07:14:01.611,2.02665,2.02715,1.30,14.00
2008.08.25 07:14:02.005,2.02665,2.0271,1.30,9.70
2008.08.25 07:14:02.203,2.02665,2.0271,1.30,4.30
2008.08.25 07:14:05.443,2.02665,2.02715,1.30,6.40
2008.08.25 07:14:06.551,2.02665,2.0271,1.30,4.30
2008.08.25 07:14:09.111,2.02655,2.02715,4.50,6.40
2008.08.25 07:14:09.351,2.02655,2.02715,4.50,9.10
2008.08.25 07:14:09.592,2.02655,2.027,4.50,1.00
2008.08.25 07:14:09.837,2.0266,2.02715,3.20,3.70
2008.08.25 07:14:10.035,2.02645,2.027,1.30,1.00
2008.08.25 07:14:10.919,2.02655,2.027,1.30,4.30
2008.08.25 07:14:11.772,2.0265,2.02695,3.20,1.00
2008.08.25 07:14:11.847,2.0265,2.0268,1.00,1.00
2008.08.25 07:14:12.351,2.0264,2.02695,3.20,1.70
2008.08.25 07:14:12.495,2.0264,2.02695,1.00,3.90
2008.08.25 07:14:12.567,2.02655,2.0269,1.30,3.20
2008.08.25 07:14:13.052,2.02655,2.0269,1.30,8.60
2008.08.25 07:14:13.393,2.02655,2.0269,1.30,1.00
2008.08.25 07:14:13.747,2.02655,2.02705,1.30,3.20
2008.08.25 07:14:14.747,2.0265,2.02705,1.30,6.40
2008.08.25 07:14:14.997,2.0265,2.0269,1.30,1.00
2008.08.25 07:14:17.927,2.0264,2.0268,1.30,1.00
2008.08.25 07:14:18.263,2.0264,2.0268,1.30,4.30
2008.08.25 07:14:18.600,2.02635,2.0267,1.30,1.00
2008.08.25 07:14:18.941,2.0264,2.02695,1.30,3.70
2008.08.25 07:14:19.056,2.0265,2.02695,3.20,3.70
2008.08.25 07:14:19.168,2.0265,2.0269,3.20,1.00
2008.08.25 07:14:19.280,2.0264,2.02695,1.30,1.00
2008.08.25 07:14:19.507,2.0264,2.0269,1.30,1.00
2008.08.25 07:14:20.330,2.02635,2.0267,1.30,1.00
2008.08.25 07:14:20.552,2.0264,2.0268,1.30,1.00
2008.08.25 07:14:22.479,2.0264,2.0269,1.30,3.70
2008.08.25 07:14:22.633,2.0264,2.02695,1.30,4.30
2008.08.25 07:14:22.788,2.0264,2.0268,1.30,4.30
2008.08.25 07:14:23.091,2.02635,2.0268,1.30,4.30
2008.08.25 07:14:23.243,2.02625,2.0268,6.70,4.30
2008.08.25 07:14:23.396,2.02625,2.0267,3.50,3.20
2008.08.25 07:14:23.714,2.02635,2.02685,1.30,8.10
2008.08.25 07:14:24.339,2.02635,2.0267,1.30,4.30
2008.08.25 07:14:24.664,2.02625,2.0267,3.50,4.30
2008.08.25 07:14:24.780,2.02625,2.0267,1.30,4.30
2008.08.25 07:14:25.985,2.02625,2.0267,3.50,4.30
2008.08.25 07:14:26.524,2.02625,2.0267,1.30,4.30
2008.08.25 07:14:28.285,2.02615,2.0267,1.30,4.30
2008.08.25 07:14:28.619,2.02615,2.02675,1.30,6.40
2008.08.25 07:14:28.748,2.0263,2.02675,1.30,6.40
2008.08.25 07:14:28.940,2.0263,2.02675,1.30,3.20
2008.08.25 07:14:29.015,2.02625,2.02675,1.30,3.20
2008.08.25 07:14:29.145,2.02625,2.02675,1.30,6.40
2008.08.25 07:14:29.827,2.0262,2.02675,1.30,6.40
2008.08.25 07:14:30.620,2.0261,2.02675,1.30,7.10
2008.08.25 07:14:30.775,2.0261,2.0266,1.30,1.00
2008.08.25 07:14:30.971,2.0261,2.0265,1.30,3.20
2008.08.25 07:14:32.005,2.02605,2.0265,3.50,4.30
2008.08.25 07:14:32.217,2.02605,2.0265,1.30,4.30
2008.08.25 07:14:34.101,2.0261,2.0265,1.30,4.30
2008.08.25 07:14:34.321,2.0261,2.02685,1.30,13.00
2008.08.25 07:14:34.555,2.02625,2.02685,1.30,10.20
2008.08.25 07:14:34.671,2.02625,2.02685,1.30,7.00
2008.08.25 07:14:34.904,2.0263,2.02695,1.30,8.60
2008.08.25 07:14:35.023,2.0263,2.0268,1.30,1.00
2008.08.25 07:14:35.139,2.02635,2.0268,1.30,1.00
2008.08.25 07:14:35.255,2.02635,2.0269,1.30,4.30
2008.08.25 07:14:35.371,2.02635,2.0268,1.30,1.00
2008.08.25 07:14:37.151,2.0266,2.0269,1.30,3.20
2008.08.25 07:14:37.319,2.02665,2.027,1.30,2.70
2008.08.25 07:14:37.623,2.02655,2.02715,1.30,8.10
2008.08.25 07:14:37.843,2.02655,2.0271,1.30,2.70
2008.08.25 07:14:38.880,2.0266,2.0271,1.30,2.70
2008.08.25 07:14:40.129,2.0266,2.02715,1.30,2.70
2008.08.25 07:14:40.772,2.02635,2.027,4.80,1.00
2008.08.25 07:14:40.882,2.02635,2.0269,4.80,1.00
2008.08.25 07:14:41.093,2.02635,2.0269,2.70,1.00
2008.08.25 07:14:41.284,2.0263,2.0269,1.30,1.00
2008.08.25 07:14:41.645,2.0263,2.0269,1.30,2.10
2008.08.25 07:14:41.993,2.0263,2.0268,1.30,2.10
2008.08.25 07:14:46.275,2.0264,2.0268,1.30,2.10
2008.08.25 07:14:46.466,2.0263,2.0268,1.30,4.80
2008.08.25 07:14:46.916,2.0262,2.02665,1.30,3.70
2008.08.25 07:14:47.591,2.02625,2.02665,1.30,3.70
2008.08.25 07:14:48.599,2.0262,2.0266,1.30,1.00
2008.08.25 07:14:49.207,2.02625,2.0267,1.30,2.10
2008.08.25 07:14:57.873,2.02625,2.02675,1.30,4.80
2008.08.25 07:14:58.059,2.02625,2.02675,1.30,8.10
2008.08.25 07:14:58.439,2.02625,2.02675,1.30,4.80
2008.08.25 07:14:59.111,2.02625,2.0267,1.30,2.10
2008.08.25 07:15:00.525,2.02625,2.0267,1.30,1.00
2008.08.25 07:15:00.747,2.02625,2.0268,1.30,2.70
2008.08.25 07:15:00.967,2.02625,2.02685,1.30,5.40
2008.08.25 07:15:01.188,2.02625,2.02685,4.50,7.10
2008.08.25 07:15:01.411,2.02625,2.0267,3.50,2.10
2008.08.25 07:15:01.631,2.02625,2.0267,1.30,2.10
2008.08.25 07:15:02.000,2.02625,2.0267,1.30,1.00
2008.08.25 07:15:02.187,2.02625,2.0268,1.30,2.10
2008.08.25 07:15:02.371,2.02625,2.0268,1.30,3.20
2008.08.25 07:15:02.555,2.02625,2.0268,1.30,2.70
2008.08.25 07:15:04.231,2.0263,2.0268,1.30,2.70
2008.08.25 07:15:04.473,2.0264,2.0268,3.20,2.70
2008.08.25 07:15:05.004,2.0264,2.0268,1.30,2.70
2008.08.25 07:15:06.909,2.02625,2.02685,1.30,7.60
2008.08.25 07:15:06.991,2.02625,2.02685,1.30,8.70
2008.08.25 07:15:07.071,2.02625,2.0268,1.30,2.10
2008.08.25 07:15:07.152,2.02625,2.0267,1.30,1.00
2008.08.25 07:15:07.395,2.02625,2.02675,1.30,3.70
2008.08.25 07:15:07.557,2.02625,2.02675,1.30,5.90
2008.08.25 07:15:07.653,2.02625,2.02675,1.30,7.00
2008.08.25 07:15:08.165,2.02625,2.02675,1.30,4.80
2008.08.25 07:15:08.839,2.0262,2.02675,1.30,7.00
2008.08.25 07:15:08.955,2.02625,2.02675,1.30,7.00
2008.08.25 07:15:09.090,2.02625,2.02675,1.30,10.20
2008.08.25 07:15:09.283,2.02625,2.0266,1.30,1.00
2008.08.25 07:15:09.379,2.02625,2.02665,1.30,3.70
2008.08.25 07:15:09.475,2.02625,2.02665,1.30,2.70
2008.08.25 07:15:09.859,2.0262,2.02665,1.30,5.90
2008.08.25 07:15:10.135,2.0262,2.0266,1.30,3.20
2008.08.25 07:15:10.411,2.0262,2.0267,1.30,1.00
2008.08.25 07:15:10.687,2.0262,2.0267,1.30,2.70
2008.08.25 07:15:11.299,2.0262,2.02675,1.30,3.70
2008.08.25 07:15:11.641,2.02635,2.02675,1.30,2.70
2008.08.25 07:15:11.975,2.02635,2.0268,1.30,2.70
2008.08.25 07:15:12.230,2.02635,2.02685,1.30,2.10
2008.08.25 07:15:12.767,2.0264,2.02695,1.30,6.70
2008.08.25 07:15:12.851,2.0264,2.02695,1.30,2.70
2008.08.25 07:15:13.021,2.02655,2.02695,1.30,2.70
2008.08.25 07:15:14.031,2.02665,2.02695,1.30,2.70
2008.08.25 07:15:14.264,2.02665,2.027,1.30,2.70
2008.08.25 07:15:14.610,2.02665,2.027,1.30,4.80
2008.08.25 07:15:14.959,2.0266,2.02685,1.30,1.00
2008.08.25 07:15:15.075,2.0265,2.02685,1.30,1.00
2008.08.25 07:15:15.260,2.0266,2.02685,1.30,1.00
2008.08.25 07:15:15.820,2.0266,2.02705,1.30,2.70
2008.08.25 07:15:16.008,2.02645,2.0272,2.10,4.80
2008.08.25 07:15:16.271,2.02655,2.02725,2.10,2.70
2008.08.25 07:15:16.791,2.02655,2.0274,4.80,4.80
2008.08.25 07:15:17.742,2.02655,2.0273,2.70,2.10
2008.08.25 07:15:18.272,2.02655,2.02725,2.10,2.70
2008.08.25 07:15:18.717,2.0265,2.02725,4.80,4.80
2008.08.25 07:15:19.159,2.02655,2.02725,2.70,2.10
2008.08.25 07:15:20.169,2.0266,2.02725,2.70,2.10
2008.08.25 07:15:20.987,2.0266,2.0272,2.70,1.00
2008.08.25 07:15:21.104,2.02655,2.02705,1.30,1.00
2008.08.25 07:15:22.207,2.02655,2.02705,1.30,3.70
2008.08.25 07:15:23.014,2.0266,2.02705,1.30,3.70
2008.08.25 07:15:23.192,2.0265,2.02705,2.10,4.40
2008.08.25 07:15:23.372,2.02645,2.02695,1.30,3.70
2008.08.25 07:15:27.107,2.0262,2.0269,4.50,1.70
2008.08.25 07:15:27.231,2.0262,2.0269,4.50,3.90
2008.08.25 07:15:28.282,2.0263,2.02685,3.20,1.00
2008.08.25 07:15:28.620,2.0263,2.02685,1.30,2.70
2008.08.25 07:15:28.723,2.0263,2.02695,1.30,8.70
2008.08.25 07:15:28.932,2.0263,2.02695,1.30,9.80
2008.08.25 07:15:29.719,2.0263,2.02695,1.30,7.10
2008.08.25 07:15:29.919,2.02625,2.02685,5.90,4.90
2008.08.25 07:15:30.119,2.02635,2.0268,1.30,3.20
2008.08.25 07:15:30.319,2.0263,2.0269,1.30,3.90
2008.08.25 07:15:30.935,2.0263,2.0268,1.30,4.30
2008.08.25 07:15:31.151,2.0263,2.02685,3.20,4.90
2008.08.25 07:15:32.793,2.02625,2.0268,4.50,4.30
2008.08.25 07:15:33.055,2.02635,2.02685,1.30,7.00
2008.08.25 07:15:33.315,2.02635,2.0269,1.30,8.10
2008.08.25 07:15:33.575,2.02635,2.0269,1.30,2.10
2008.08.25 07:15:33.837,2.02635,2.0268,1.30,3.20
2008.08.25 07:15:34.440,2.02635,2.0269,1.30,4.80
2008.08.25 07:15:34.684,2.02635,2.0268,1.30,3.20
2008.08.25 07:15:34.991,2.0264,2.0269,1.30,4.80
2008.08.25 07:15:35.175,2.0264,2.02695,1.30,3.20
2008.08.25 07:15:35.359,2.02635,2.02695,1.30,3.20
2008.08.25 07:15:36.584,2.02635,2.02695,1.30,5.90
2008.08.25 07:15:37.224,2.0263,2.0269,1.30,3.90
2008.08.25 07:15:37.327,2.0263,2.02675,1.30,3.20
2008.08.25 07:15:37.527,2.02635,2.02675,1.30,3.20
2008.08.25 07:15:37.927,2.02635,2.02685,1.30,3.20
2008.08.25 07:15:38.263,2.0264,2.02685,1.30,3.20
2008.08.25 07:15:42.093,2.02645,2.0268,1.30,3.20
2008.08.25 07:15:42.212,2.02645,2.0269,1.30,2.70
2008.08.25 07:15:42.575,2.02645,2.0269,1.30,1.00
2008.08.25 07:15:42.691,2.02655,2.027,1.30,4.80
2008.08.25 07:15:43.958,2.02645,2.027,4.50,4.80
2008.08.25 07:15:44.161,2.02645,2.027,1.30,4.80
2008.08.25 07:15:44.527,2.0264,2.027,1.30,4.80
2008.08.25 07:15:44.631,2.0264,2.0269,1.30,1.00
2008.08.25 07:15:44.683,2.0264,2.0269,1.30,3.20
2008.08.25 07:15:44.787,2.0264,2.02695,1.30,5.40
2008.08.25 07:15:44.915,2.02635,2.02695,1.30,5.40
2008.08.25 07:15:44.968,2.02635,2.0268,1.30,3.20
2008.08.25 07:15:45.075,2.0264,2.0268,1.30,3.20
2008.08.25 07:15:45.436,2.0264,2.0269,1.30,3.20
2008.08.25 07:15:45.695,2.02635,2.0269,1.30,3.20
2008.08.25 07:15:46.463,2.0264,2.0268,1.30,3.20
2008.08.25 07:15:56.874,2.0265,2.0268,1.30,3.20
2008.08.25 07:15:57.207,2.0265,2.02695,1.30,3.70
2008.08.25 07:15:57.339,2.02655,2.02695,1.30,3.70
2008.08.25 07:15:57.451,2.02655,2.0269,1.30,1.00
2008.08.25 07:16:01.748,2.02655,2.02705,1.30,7.00
2008.08.25 07:16:02.083,2.0265,2.02705,1.30,7.00
2008.08.25 07:16:05.423,2.0264,2.0269,3.20,1.00
2008.08.25 07:16:05.723,2.02605,2.0266,5.60,3.20
2008.08.25 07:16:05.943,2.02605,2.0266,1.30,3.20
2008.08.25 07:16:06.388,2.0261,2.0266,1.30,3.20
2008.08.25 07:16:07.694,2.0261,2.0265,1.30,3.20
2008.08.25 07:16:08.045,2.0261,2.0265,1.30,4.30
2008.08.25 07:16:08.385,2.02595,2.0265,4.50,7.50
2008.08.25 07:16:08.730,2.02595,2.0265,4.50,2.70
2008.08.25 07:16:09.147,2.0261,2.0265,1.30,2.70
2008.08.25 07:16:09.317,2.0261,2.0265,1.30,6.20
2008.08.25 07:16:09.415,2.026,2.0265,2.10,4.00
2008.08.25 07:16:09.499,2.026,2.0265,2.10,1.80
2008.08.25 07:16:09.895,2.02585,2.0265,4.50,2.70
2008.08.25 07:16:11.815,2.0261,2.0265,1.30,2.70
2008.08.25 07:16:12.004,2.026,2.0264,2.10,3.20
2008.08.25 07:16:12.095,2.02585,2.0265,4.50,7.20
2008.08.25 07:16:12.371,2.02585,2.0265,4.50,2.70
2008.08.25 07:16:12.647,2.0259,2.0265,1.30,2.70
2008.08.25 07:16:12.923,2.0261,2.0265,2.10,2.70
2008.08.25 07:16:13.258,2.0261,2.0266,2.10,2.70
2008.08.25 07:16:13.594,2.026,2.0266,1.30,2.70
2008.08.25 07:16:17.193,2.02615,2.0266,1.30,2.70
2008.08.25 07:16:17.509,2.02615,2.02665,1.30,7.00
2008.08.25 07:16:18.866,2.02615,2.02665,1.30,8.10
2008.08.25 07:16:19.262,2.02615,2.02665,1.30,9.10
2008.08.25 07:16:19.475,2.02615,2.02665,1.30,11.30
2008.08.25 07:16:19.691,2.02615,2.0266,1.30,2.70
2008.08.25 07:16:21.514,2.02615,2.0266,1.30,4.80
2008.08.25 07:16:21.700,2.02615,2.0266,1.30,2.10
2008.08.25 07:16:22.803,2.02615,2.0266,1.30,4.80
2008.08.25 07:16:25.332,2.02615,2.0266,1.30,2.70
2008.08.25 07:16:25.438,2.02625,2.0266,1.30,2.70
2008.08.25 07:16:25.993,2.0263,2.0266,1.30,2.70
2008.08.25 07:16:26.333,2.0264,2.0266,1.30,2.70
2008.08.25 07:16:29.531,2.02645,2.0266,1.30,2.70
2008.08.25 07:16:29.956,2.02655,2.0266,1.30,2.70
2008.08.25 07:16:32.153,2.02655,2.02665,1.30,2.70
2008.08.25 07:16:32.427,2.02655,2.027,1.30,1.00
2008.08.25 07:16:37.838,2.0263,2.0269,1.30,1.00
2008.08.25 07:16:37.982,2.0263,2.0268,1.30,1.00
2008.08.25 07:16:38.427,2.0263,2.02685,1.30,3.70
2008.08.25 07:16:39.618,2.02645,2.02685,1.30,3.70
2008.08.25 07:16:39.964,2.02645,2.02695,1.30,11.30
2008.08.25 07:16:40.136,2.02645,2.02695,1.30,3.20
2008.08.25 07:16:40.308,2.0265,2.02695,1.30,3.20
2008.08.25 07:16:40.423,2.02655,2.02695,1.30,3.20
2008.08.25 07:16:40.810,2.0265,2.02695,1.30,3.20
2008.08.25 07:16:41.146,2.02645,2.02695,1.30,5.90
2008.08.25 07:16:41.465,2.02645,2.0268,1.30,3.20
2008.08.25 07:16:45.151,2.0264,2.0268,1.30,3.20
2008.08.25 07:16:46.635,2.02645,2.0268,1.30,3.20
2008.08.25 07:16:46.776,2.02655,2.0268,1.30,3.20
2008.08.25 07:16:47.507,2.0266,2.0268,1.30,3.20
2008.08.25 07:16:47.816,2.0266,2.02715,1.30,6.40
2008.08.25 07:16:47.865,2.02655,2.02715,1.30,6.40
2008.08.25 07:16:47.949,2.02655,2.02715,1.30,3.20
2008.08.25 07:16:48.070,2.0266,2.02715,1.30,3.20
2008.08.25 07:16:48.406,2.0267,2.0272,1.30,2.70
2008.08.25 07:16:48.743,2.0267,2.02725,1.30,2.10
2008.08.25 07:16:49.170,2.0266,2.02715,1.30,2.10
2008.08.25 07:16:49.262,2.0266,2.027,1.30,1.00
2008.08.25 07:16:49.446,2.0266,2.0271,1.30,2.70
2008.08.25 07:16:49.538,2.0266,2.02715,1.30,2.10
2008.08.25 07:16:49.630,2.0267,2.02715,1.30,2.10
2008.08.25 07:16:53.490,2.02665,2.02715,1.30,2.10
2008.08.25 07:16:54.022,2.02665,2.0272,1.30,4.80
2008.08.25 07:16:55.127,2.02665,2.0272,1.30,2.10
2008.08.25 07:16:55.264,2.02665,2.0272,1.30,4.80
2008.08.25 07:16:57.602,2.02665,2.0272,1.30,2.70
2008.08.25 07:16:57.858,2.02675,2.0272,1.30,2.70
2008.08.25 07:17:00.915,2.02665,2.0272,1.30,2.70
2008.08.25 07:17:03.115,2.02655,2.0272,1.30,3.30
2008.08.25 07:17:03.162,2.02655,2.0271,1.30,1.00
2008.08.25 07:17:03.526,2.02655,2.0272,1.30,8.70
2008.08.25 07:17:03.865,2.02665,2.0272,1.30,4.80
2008.08.25 07:17:04.914,2.02665,2.0271,1.30,1.00
2008.08.25 07:17:05.275,2.02655,2.0271,1.30,2.70
2008.08.25 07:17:06.631,2.02665,2.0271,1.30,2.70
2008.08.25 07:17:06.802,2.02665,2.02705,1.30,2.10
2008.08.25 07:17:06.984,2.02665,2.02705,1.30,7.50
2008.08.25 07:17:07.984,2.02665,2.027,1.30,5.40
2008.08.25 07:17:08.226,2.02665,2.02715,1.30,2.10
2008.08.25 07:17:08.468,2.02665,2.0272,1.30,4.80
2008.08.25 07:17:08.675,2.0267,2.0271,1.30,3.20
2008.08.25 07:17:08.879,2.0266,2.0271,1.30,3.20
2008.08.25 07:17:09.580,2.0267,2.0271,1.30,3.20
2008.08.25 07:17:09.975,2.0268,2.0271,1.30,3.20
2008.08.25 07:17:11.332,2.02675,2.0271,1.30,3.20
2008.08.25 07:17:11.655,2.02675,2.027,1.30,3.20
2008.08.25 07:17:12.028,2.0266,2.027,1.30,3.20
2008.08.25 07:17:12.175,2.0265,2.027,1.30,2.70
2008.08.25 07:17:14.263,2.0265,2.0269,1.30,3.20
2008.08.25 07:17:14.457,2.0265,2.0269,1.30,2.70
2008.08.25 07:17:14.725,2.02645,2.0269,1.30,2.70
2008.08.25 07:17:16.378,2.0265,2.0269,1.30,2.70
2008.08.25 07:17:16.847,2.0265,2.027,1.30,2.70
2008.08.25 07:17:18.788,2.0266,2.027,1.30,2.70
2008.08.25 07:17:18.919,2.0266,2.02705,1.30,9.10
2008.08.25 07:17:19.325,2.0266,2.027,1.30,4.30
2008.08.25 07:17:19.459,2.02665,2.027,1.30,4.30
2008.08.25 07:17:25.430,2.0266,2.027,1.30,4.30
2008.08.25 07:17:26.534,2.02645,2.02685,4.00,3.20
2008.08.25 07:17:27.004,2.0264,2.02685,1.30,3.20
2008.08.25 07:17:27.159,2.0264,2.027,1.30,9.70
2008.08.25 07:17:27.234,2.0264,2.027,1.30,11.80
2008.08.25 07:17:27.498,2.0264,2.02695,1.30,2.70
2008.08.25 07:17:28.982,2.0265,2.0269,1.30,2.70
2008.08.25 07:17:29.246,2.0265,2.0269,1.30,6.40
2008.08.25 07:17:29.630,2.0266,2.0269,1.30,5.40
2008.08.25 07:17:30.207,2.0266,2.02705,1.30,7.00
2008.08.25 07:17:30.391,2.0266,2.02705,1.30,3.70
2008.08.25 07:17:30.574,2.0266,2.027,1.30,2.70
2008.08.25 07:17:30.768,2.02665,2.027,1.30,4.30
2008.08.25 07:17:31.230,2.02675,2.027,1.30,4.30
2008.08.25 07:17:32.951,2.0267,2.027,1.30,4.30
2008.08.25 07:17:36.105,2.0267,2.027,1.30,3.20
2008.08.25 07:17:39.887,2.0268,2.027,1.30,3.20
2008.08.25 07:17:40.031,2.0268,2.02735,1.30,3.20
2008.08.25 07:17:40.246,2.0267,2.02735,1.30,3.20
2008.08.25 07:17:40.330,2.0267,2.0273,1.30,2.70
2008.08.25 07:17:43.494,2.02685,2.02725,1.30,3.20
2008.08.25 07:17:43.691,2.02685,2.0272,1.30,1.00
2008.08.25 07:17:46.154,2.02685,2.0273,1.30,4.80
2008.08.25 07:17:46.334,2.02685,2.0273,1.30,2.70
2008.08.25 07:17:46.695,2.02675,2.02715,1.30,3.20
2008.08.25 07:17:48.552,2.0267,2.0271,1.30,3.20
2008.08.25 07:18:25.768,2.0267,2.02725,1.30,8.60
2008.08.25 07:18:25.878,2.0267,2.02725,1.30,7.00
2008.08.25 07:18:26.096,2.0267,2.02725,1.30,4.30
2008.08.25 07:18:26.206,2.0267,2.02725,1.30,2.10
2008.08.25 07:18:27.490,2.0267,2.0273,1.30,6.60
2008.08.25 07:18:28.675,2.02665,2.0273,1.30,6.60
2008.08.25 07:18:29.958,2.02665,2.0273,1.30,5.50
2008.08.25 07:18:30.197,2.02675,2.0273,1.30,4.80
2008.08.25 07:18:30.314,2.02675,2.0273,1.30,2.10
2008.08.25 07:18:30.434,2.02675,2.02735,4.50,7.50
2008.08.25 07:18:30.592,2.02675,2.0272,1.30,3.20
2008.08.25 07:18:30.751,2.02675,2.02745,1.30,6.40
2008.08.25 07:18:30.907,2.02675,2.0274,1.30,2.70
2008.08.25 07:18:31.063,2.02665,2.0272,1.30,3.20
2008.08.25 07:18:31.840,2.02675,2.02725,1.30,5.90
2008.08.25 07:18:32.147,2.02675,2.0272,1.30,2.10
2008.08.25 07:18:32.454,2.02675,2.0273,1.30,2.70
2008.08.25 07:18:34.300,2.02685,2.0273,1.30,2.70
2008.08.25 07:18:35.030,2.02685,2.0273,1.30,3.20
2008.08.25 07:18:45.500,2.02695,2.0273,1.30,3.20
2008.08.25 07:19:06.120,2.027,2.0273,1.30,3.20
2008.08.25 07:19:06.150,2.027,2.02755,1.30,2.70
2008.08.25 07:19:06.374,2.027,2.02755,1.30,2.10
2008.08.25 07:19:06.449,2.027,2.02765,1.30,2.70
2008.08.25 07:19:07.171,2.0271,2.0276,1.30,3.20
2008.08.25 07:19:07.501,2.0272,2.0276,1.30,1.00
2008.08.25 07:19:07.706,2.0272,2.0277,1.30,2.70
2008.08.25 07:19:08.114,2.0272,2.0277,1.30,2.10
2008.08.25 07:19:08.318,2.0272,2.0278,1.30,2.70
2008.08.25 07:19:09.338,2.0273,2.0278,1.30,2.70
2008.08.25 07:19:09.714,2.0273,2.0278,1.30,1.00
2008.08.25 07:19:10.102,2.0274,2.0278,1.30,1.00
2008.08.25 07:19:11.434,2.0274,2.02795,1.30,5.90
2008.08.25 07:19:11.843,2.0274,2.02795,1.30,3.20
2008.08.25 07:19:11.978,2.0274,2.02795,1.30,4.30
2008.08.25 07:19:12.506,2.0274,2.02785,1.30,1.00
2008.08.25 07:19:13.671,2.0274,2.02795,1.30,3.20
2008.08.25 07:19:14.012,2.0273,2.02795,1.30,10.30
2008.08.25 07:19:14.691,2.02745,2.02795,1.30,9.70
2008.08.25 07:19:14.889,2.02745,2.02795,4.50,6.40
2008.08.25 07:19:14.985,2.02745,2.02795,4.50,3.20
2008.08.25 07:19:16.966,2.02745,2.02795,1.30,5.40
2008.08.25 07:19:17.510,2.0274,2.02795,1.30,5.40
2008.08.25 07:19:17.782,2.0274,2.02785,1.30,1.00
2008.08.25 07:19:17.918,2.0274,2.02795,1.30,8.60
2008.08.25 07:19:18.235,2.02735,2.0278,1.30,3.20
2008.08.25 07:19:18.550,2.02725,2.0278,1.30,3.20
2008.08.25 07:19:18.866,2.0272,2.0278,1.30,3.20
2008.08.25 07:19:19.075,2.0272,2.02785,1.30,5.40
2008.08.25 07:19:22.323,2.0272,2.0277,1.30,4.30
2008.08.25 07:19:22.542,2.0272,2.0277,1.30,3.20
2008.08.25 07:19:22.739,2.02735,2.02775,1.30,5.90
2008.08.25 07:19:22.936,2.02735,2.0278,1.30,5.40
2008.08.25 07:19:23.134,2.0273,2.0279,1.30,7.10
2008.08.25 07:19:23.330,2.0273,2.0279,1.30,4.90
2008.08.25 07:19:23.526,2.0273,2.0279,1.30,3.90
2008.08.25 07:19:23.982,2.0273,2.02785,1.30,2.70
2008.08.25 07:19:24.504,2.02745,2.02785,4.50,2.70
2008.08.25 07:19:24.763,2.0275,2.0279,1.30,1.00
2008.08.25 07:19:29.363,2.0275,2.0279,1.30,4.30
2008.08.25 07:19:29.781,2.0274,2.02795,1.30,7.00
2008.08.25 07:19:29.989,2.0273,2.0278,3.50,3.20
2008.08.25 07:19:30.233,2.0274,2.028,1.30,2.70
2008.08.25 07:19:30.594,2.0274,2.02805,1.30,8.10
2008.08.25 07:19:34.272,2.0274,2.0279,1.30,2.70
2008.08.25 07:19:34.506,2.0274,2.02795,1.30,5.90
2008.08.25 07:19:34.745,2.0273,2.02795,1.30,6.60
2008.08.25 07:19:34.983,2.0273,2.02795,1.30,9.80
2008.08.25 07:19:36.240,2.0273,2.02795,1.30,12.00
2008.08.25 07:19:38.706,2.0272,2.02785,1.30,3.30
2008.08.25 07:19:39.235,2.0272,2.0278,1.30,2.70
2008.08.25 07:19:39.612,2.0272,2.02785,1.30,2.80
2008.08.25 07:19:39.710,2.02715,2.0277,3.70,1.00
2008.08.25 07:19:39.806,2.02715,2.0277,7.00,1.00
2008.08.25 07:19:39.902,2.02715,2.0277,5.90,3.90
2008.08.25 07:19:40.190,2.02715,2.0277,5.90,2.80
2008.08.25 07:19:40.286,2.0272,2.0277,3.20,2.80
2008.08.25 07:19:42.166,2.0272,2.0277,1.30,5.40
2008.08.25 07:19:42.375,2.0272,2.02785,1.30,3.90
2008.08.25 07:19:43.882,2.0273,2.02785,1.30,3.20
2008.08.25 07:19:44.419,2.0273,2.02785,1.30,2.10
2008.08.25 07:19:45.167,2.0272,2.02785,1.30,2.80
2008.08.25 07:19:45.782,2.0272,2.02785,1.30,6.00
2008.08.25 07:19:45.884,2.0272,2.0278,1.30,2.70
2008.08.25 07:19:50.190,2.0272,2.02785,4.00,12.50
2008.08.25 07:19:50.271,2.0273,2.0278,1.30,11.80
2008.08.25 07:19:50.323,2.0273,2.0278,1.30,6.40
2008.08.25 07:19:50.407,2.0273,2.0278,1.30,5.40
2008.08.25 07:19:50.448,2.0273,2.0278,1.30,2.10
2008.08.25 07:19:50.529,2.0273,2.02795,1.30,8.20
2008.08.25 07:19:50.631,2.0274,2.02795,2.70,8.20
2008.08.25 07:19:50.798,2.0274,2.0279,2.70,7.50
2008.08.25 07:19:50.887,2.0274,2.0279,2.70,4.30
2008.08.25 07:19:51.226,2.0274,2.0278,2.70,3.20
2008.08.25 07:19:51.486,2.0274,2.02805,2.70,3.90
2008.08.25 07:19:51.747,2.0275,2.02805,2.70,3.90
2008.08.25 07:19:52.006,2.0275,2.02805,2.70,4.30
2008.08.25 07:19:52.266,2.02745,2.02805,4.00,4.30
2008.08.25 07:19:52.508,2.02755,2.028,1.30,4.30
2008.08.25 07:19:52.626,2.0275,2.028,2.70,4.30
2008.08.25 07:19:52.746,2.02745,2.028,4.00,4.30
2008.08.25 07:19:53.095,2.02745,2.028,6.20,4.30
2008.08.25 07:19:55.650,2.02745,2.028,6.20,3.20
2008.08.25 07:19:55.746,2.0276,2.0281,3.20,3.90
2008.08.25 07:19:56.057,2.02755,2.0281,5.90,3.90
2008.08.25 07:19:56.260,2.02755,2.0281,2.70,3.90
2008.08.25 07:19:56.662,2.02745,2.028,1.30,3.20
2008.08.25 07:19:57.003,2.02745,2.0279,1.30,3.20
2008.08.25 07:19:57.474,2.02735,2.0279,3.50,3.20
2008.08.25 07:19:57.983,2.02735,2.028,6.70,2.80
2008.08.25 07:19:58.106,2.0274,2.028,2.70,1.00
2008.08.25 07:19:58.230,2.02745,2.0281,1.30,3.90
2008.08.25 07:19:58.695,2.02755,2.02805,1.30,3.20
2008.08.25 07:19:59.034,2.02755,2.02815,1.30,3.20
2008.08.25 07:19:59.374,2.02755,2.02815,1.30,6.40
2008.08.25 07:19:59.646,2.02755,2.0281,1.30,4.30
2008.08.25 07:20:00.054,2.0275,2.0281,1.30,4.90
2008.08.25 07:20:00.190,2.0275,2.0281,1.30,9.30
2008.08.25 07:20:00.327,2.0275,2.0281,1.30,7.10
2008.08.25 07:20:00.462,2.0275,2.02805,3.20,1.00
2008.08.25 07:20:00.670,2.0275,2.02805,3.20,2.80
2008.08.25 07:20:01.026,2.0274,2.0279,1.30,3.20
2008.08.25 07:20:01.130,2.02745,2.0279,1.30,3.20
2008.08.25 07:20:01.234,2.02735,2.0279,2.70,3.90
2008.08.25 07:20:01.338,2.0274,2.0279,2.70,4.90
2008.08.25 07:20:01.443,2.02725,2.0279,11.00,3.90
2008.08.25 07:20:01.705,2.02725,2.0279,8.90,3.90
2008.08.25 07:20:03.804,2.0273,2.0279,1.30,3.90
2008.08.25 07:20:04.114,2.0274,2.0278,1.30,3.20
2008.08.25 07:20:07.104,2.0275,2.02795,1.30,2.70
2008.08.25 07:20:07.366,2.0276,2.02805,1.30,8.10
2008.08.25 07:20:07.640,2.0276,2.02805,1.30,2.70
2008.08.25 07:20:07.902,2.0276,2.02815,1.30,11.30
2008.08.25 07:20:08.162,2.0276,2.0281,1.30,6.40
2008.08.25 07:20:08.422,2.0276,2.02815,3.20,7.10
2008.08.25 07:20:08.682,2.0275,2.02815,1.30,12.50
2008.08.25 07:20:08.967,2.0275,2.02805,1.30,3.20
2008.08.25 07:20:09.251,2.02745,2.0281,4.50,6.00
2008.08.25 07:20:09.534,2.0275,2.028,1.30,2.10
2008.08.25 07:20:09.818,2.0275,2.0281,1.30,2.10
2008.08.25 07:20:11.452,2.0275,2.02805,1.30,2.10
2008.08.25 07:20:12.159,2.02745,2.02795,5.90,1.00
2008.08.25 07:20:12.299,2.0275,2.02795,3.20,1.00
2008.08.25 07:20:12.440,2.02745,2.02795,5.90,3.90
2008.08.25 07:20:12.578,2.02745,2.02795,2.70,7.10
2008.08.25 07:20:12.858,2.02745,2.02795,2.70,9.30
2008.08.25 07:20:13.261,2.0273,2.02795,1.30,9.30
2008.08.25 07:20:15.155,2.0273,2.0278,1.30,3.20
2008.08.25 07:20:15.278,2.02725,2.0278,4.00,3.20
2008.08.25 07:20:15.402,2.02725,2.02785,1.30,5.90
2008.08.25 07:20:15.526,2.02725,2.02785,1.30,2.70
2008.08.25 07:20:15.774,2.02725,2.0278,1.30,2.70
2008.08.25 07:20:16.570,2.02725,2.0278,1.30,5.40
2008.08.25 07:20:16.859,2.02715,2.0277,4.50,3.20
2008.08.25 07:20:17.162,2.0272,2.0276,1.30,3.20
2008.08.25 07:20:17.450,2.0271,2.0276,1.30,3.20
2008.08.25 07:20:17.638,2.0272,2.0277,3.20,2.70
2008.08.25 07:20:17.826,2.0271,2.0276,1.30,4.30
2008.08.25 07:20:18.859,2.02705,2.0276,3.50,2.70
2008.08.25 07:20:19.186,2.02705,2.0276,1.30,2.70
2008.08.25 07:20:19.955,2.02705,2.0275,1.30,2.10
2008.08.25 07:20:20.287,2.02705,2.0275,3.50,2.10
2008.08.25 07:20:20.342,2.0271,2.0275,1.30,2.10
2008.08.25 07:20:20.526,2.0271,2.0276,1.30,4.30
2008.08.25 07:20:26.770,2.0271,2.0276,1.30,3.20
2008.08.25 07:20:29.238,2.02715,2.0276,1.30,3.20
2008.08.25 07:20:29.776,2.02715,2.0277,4.50,2.70
2008.08.25 07:20:29.887,2.02715,2.0277,6.70,2.70
2008.08.25 07:20:30.101,2.02715,2.0277,9.40,3.20
2008.08.25 07:20:30.318,2.0272,2.0277,3.50,3.20
2008.08.25 07:20:31.214,2.0273,2.02805,1.30,22.50
2008.08.25 07:20:31.554,2.0273,2.02805,1.30,21.40
2008.08.25 07:20:31.810,2.0273,2.02805,4.00,7.90
2008.08.25 07:20:32.065,2.0273,2.02805,4.00,10.10
2008.08.25 07:20:32.322,2.0273,2.02795,4.00,6.80
2008.08.25 07:20:32.578,2.0273,2.02795,4.00,4.70
2008.08.25 07:20:32.918,2.0274,2.02795,2.10,4.70
2008.08.25 07:20:33.257,2.0273,2.02795,4.00,4.70
2008.08.25 07:20:34.206,2.02735,2.0279,1.30,4.00
2008.08.25 07:20:34.934,2.02735,2.0279,3.50,4.00
2008.08.25 07:20:35.123,2.02735,2.0279,8.30,4.00
2008.08.25 07:20:35.311,2.0274,2.0279,1.30,4.00
2008.08.25 07:20:35.499,2.0274,2.02795,2.10,4.70
2008.08.25 07:20:35.874,2.0274,2.02795,2.10,7.90
2008.08.25 07:20:36.112,2.0274,2.02795,2.10,4.70
2008.08.25 07:20:36.350,2.02745,2.0279,1.30,4.00
2008.08.25 07:20:36.586,2.0276,2.0279,1.30,1.00
2008.08.25 07:20:36.822,2.02755,2.0279,1.30,1.00
2008.08.25 07:20:37.438,2.0276,2.0279,1.30,1.00
2008.08.25 07:20:37.758,2.0276,2.0279,4.00,1.00
2008.08.25 07:20:38.066,2.0276,2.0279,1.30,1.00
2008.08.25 07:20:38.363,2.0277,2.02815,1.30,8.60
2008.08.25 07:20:38.658,2.0277,2.02845,1.30,13.00
2008.08.25 07:20:38.953,2.0277,2.02845,1.30,12.00
2008.08.25 07:20:39.257,2.0277,2.02845,1.30,9.80
2008.08.25 07:20:39.561,2.0277,2.0284,1.30,2.10
2008.08.25 07:20:39.866,2.02755,2.02815,4.00,3.20
2008.08.25 07:20:40.250,2.02785,2.02815,1.30,3.20
2008.08.25 07:20:40.506,2.02765,2.0283,7.50,1.00
2008.08.25 07:20:40.633,2.0276,2.02835,8.90,2.70
2008.08.25 07:20:40.761,2.0276,2.0284,8.90,7.50
2008.08.25 07:20:40.890,2.0276,2.02835,1.30,14.00
2008.08.25 07:20:41.126,2.02755,2.02825,1.30,2.70
2008.08.25 07:20:41.362,2.0278,2.02825,1.30,2.70
2008.08.25 07:20:41.597,2.0278,2.0283,1.30,2.70
2008.08.25 07:20:41.833,2.0278,2.02835,1.30,2.10
2008.08.25 07:20:42.405,2.0278,2.0284,1.30,2.10
2008.08.25 07:20:42.695,2.0279,2.02845,1.30,4.80
2008.08.25 07:20:42.983,2.0279,2.02845,1.30,2.10
2008.08.25 07:20:43.285,2.0279,2.02845,1.30,4.80
2008.08.25 07:20:43.592,2.0279,2.0283,1.30,2.70
2008.08.25 07:20:43.895,2.0279,2.02815,1.30,9.10
2008.08.25 07:20:44.199,2.0279,2.02815,1.30,5.90
2008.08.25 07:20:44.415,2.02745,2.0281,1.30,3.20
2008.08.25 07:20:45.447,2.0276,2.0281,1.30,3.20
2008.08.25 07:20:45.574,2.02765,2.0281,1.30,3.20
2008.08.25 07:20:45.831,2.02755,2.0281,1.30,3.20
2008.08.25 07:20:45.958,2.0276,2.0281,1.30,3.20
2008.08.25 07:20:49.787,2.02765,2.0281,1.30,3.20
2008.08.25 07:20:51.634,2.0277,2.02835,1.30,5.40
2008.08.25 07:20:51.778,2.0277,2.02835,1.30,2.10
2008.08.25 07:20:52.354,2.0277,2.0284,1.30,12.00
2008.08.25 07:20:52.474,2.0277,2.0283,2.10,1.00
2008.08.25 07:20:52.649,2.0277,2.0281,2.10,3.20
2008.08.25 07:20:52.969,2.02765,2.0281,3.50,3.20
2008.08.25 07:20:54.843,2.0277,2.0281,2.10,3.20
2008.08.25 07:20:56.605,2.0276,2.0281,1.30,3.20
2008.08.25 07:20:57.262,2.02765,2.0281,1.30,3.20
2008.08.25 07:20:57.467,2.02765,2.0282,3.50,1.00
2008.08.25 07:20:57.583,2.0277,2.0282,1.30,1.00
2008.08.25 07:20:58.234,2.0277,2.0282,1.30,4.30
2008.08.25 07:20:58.333,2.0277,2.0282,1.30,3.20
2008.08.25 07:20:58.637,2.0277,2.02815,1.30,3.20
2008.08.25 07:20:58.942,2.02765,2.02815,1.30,3.20
2008.08.25 07:20:59.246,2.02765,2.0282,1.30,1.00
2008.08.25 07:20:59.549,2.02765,2.0283,1.30,6.60
2008.08.25 07:21:00.165,2.02765,2.0282,3.50,3.20
2008.08.25 07:21:00.286,2.0277,2.02815,2.10,1.00
2008.08.25 07:21:00.512,2.0277,2.02815,2.10,3.90
2008.08.25 07:21:00.734,2.0276,2.02815,2.10,3.90
2008.08.25 07:21:00.958,2.0276,2.02825,1.30,16.30
2008.08.25 07:21:01.182,2.02765,2.02825,3.50,6.60
2008.08.25 07:21:01.406,2.02765,2.02825,3.50,3.90
2008.08.25 07:21:01.746,2.0277,2.0282,1.30,3.20
2008.08.25 07:21:02.088,2.0277,2.02825,2.70,1.00
2008.08.25 07:21:02.426,2.02765,2.0283,1.30,3.90
2008.08.25 07:21:02.765,2.0277,2.0283,1.30,3.90
2008.08.25 07:21:03.517,2.02775,2.02825,1.30,3.20
2008.08.25 07:21:03.858,2.0278,2.0283,3.20,1.70
2008.08.25 07:21:04.199,2.02765,2.0283,1.30,3.30
2008.08.25 07:21:04.538,2.02765,2.0283,1.30,6.60
2008.08.25 07:21:04.641,2.02765,2.0283,1.30,3.90
2008.08.25 07:21:04.946,2.02775,2.02835,1.30,12.50
2008.08.25 07:21:05.050,2.02775,2.02835,1.30,9.30
2008.08.25 07:21:05.154,2.02775,2.02835,4.50,7.10
2008.08.25 07:21:05.545,2.0278,2.02835,1.30,6.40
2008.08.25 07:21:05.799,2.02785,2.0283,1.30,1.00
2008.08.25 07:21:06.041,2.02785,2.02845,1.30,8.10
2008.08.25 07:21:06.525,2.0278,2.0284,1.30,2.80
2008.08.25 07:21:07.122,2.02785,2.02845,1.30,7.00
2008.08.25 07:21:07.421,2.0279,2.02845,1.30,7.00
2008.08.25 07:21:09.086,2.0279,2.02845,1.30,8.10
2008.08.25 07:21:09.274,2.0279,2.0283,1.30,1.00
2008.08.25 07:21:09.462,2.0279,2.0282,1.30,3.20
2008.08.25 07:21:09.834,2.02785,2.0282,1.30,3.20
2008.08.25 07:21:10.011,2.02775,2.0282,5.60,3.20
2008.08.25 07:21:10.173,2.02775,2.02835,5.60,7.60
2008.08.25 07:21:10.337,2.0278,2.02835,3.50,7.00
2008.08.25 07:21:10.501,2.0278,2.02835,3.50,5.90
2008.08.25 07:21:10.665,2.0278,2.0283,3.50,3.20
2008.08.25 07:21:11.290,2.0279,2.02845,1.30,8.10
2008.08.25 07:21:11.445,2.0279,2.02845,1.30,4.80
2008.08.25 07:21:11.601,2.0279,2.02845,1.30,2.70
2008.08.25 07:21:12.022,2.0279,2.0285,2.10,3.90
2008.08.25 07:21:12.285,2.0279,2.02855,3.50,12.00
2008.08.25 07:21:13.642,2.02805,2.02855,3.20,6.00
2008.08.25 07:21:13.878,2.02805,2.0285,3.20,1.00
2008.08.25 07:21:14.184,2.02815,2.0286,3.20,3.70
2008.08.25 07:21:14.492,2.02815,2.0286,3.20,2.70
2008.08.25 07:21:14.797,2.0282,2.0287,3.20,5.90
2008.08.25 07:21:15.029,2.0282,2.02865,3.20,3.20
2008.08.25 07:21:15.109,2.0282,2.02875,3.20,12.00
2008.08.25 07:21:15.341,2.02815,2.02875,4.50,11.30
2008.08.25 07:21:15.669,2.02815,2.02875,4.50,8.10
2008.08.25 07:21:16.505,2.02815,2.02875,4.50,7.00
2008.08.25 07:21:17.262,2.0282,2.02875,3.20,7.60
2008.08.25 07:21:17.570,2.0282,2.0287,3.20,2.70
2008.08.25 07:21:18.041,2.02805,2.0286,8.90,2.70
2008.08.25 07:21:18.201,2.02805,2.0286,6.70,2.70
2008.08.25 07:21:18.517,2.02805,2.02855,6.70,2.70
2008.08.25 07:21:18.677,2.02805,2.02855,3.50,2.70
2008.08.25 07:21:18.997,2.02805,2.02855,6.70,2.70
2008.08.25 07:21:19.225,2.02805,2.0287,6.70,6.60
2008.08.25 07:21:19.677,2.02805,2.0287,3.50,3.90
2008.08.25 07:21:19.905,2.02805,2.0287,6.70,3.90
2008.08.25 07:21:21.181,2.02805,2.0287,6.70,6.60
2008.08.25 07:21:21.681,2.02805,2.0287,6.70,3.30
2008.08.25 07:21:21.960,2.0281,2.0287,1.30,2.70
2008.08.25 07:21:23.239,2.02815,2.02875,1.30,6.00
2008.08.25 07:21:23.541,2.02815,2.02875,1.30,3.90
2008.08.25 07:21:25.299,2.02815,2.02875,1.30,6.00
2008.08.25 07:21:26.214,2.0281,2.02875,1.30,6.00
2008.08.25 07:21:27.017,2.0281,2.02875,1.30,9.80
2008.08.25 07:21:28.297,2.0281,2.02875,1.30,12.00
2008.08.25 07:21:29.958,2.0281,2.02875,1.30,9.30
2008.08.25 07:21:30.401,2.02815,2.0287,1.30,8.60
2008.08.25 07:21:30.677,2.02815,2.0287,1.30,5.40
2008.08.25 07:21:30.753,2.02815,2.0287,4.50,5.40
2008.08.25 07:21:31.964,2.0282,2.0287,1.30,2.10
2008.08.25 07:21:32.118,2.0282,2.0288,1.30,2.70
2008.08.25 07:21:32.273,2.0282,2.0287,1.30,5.40
2008.08.25 07:21:32.733,2.0282,2.0287,1.30,6.40
2008.08.25 07:21:34.334,2.02815,2.0287,1.30,5.40
2008.08.25 07:21:34.853,2.02815,2.0287,1.30,3.20
2008.08.25 07:21:35.422,2.02815,2.0287,1.30,5.40
2008.08.25 07:21:37.035,2.02815,2.0287,1.30,6.40
2008.08.25 07:21:37.178,2.02815,2.02875,1.30,11.30
2008.08.25 07:21:37.323,2.0281,2.02875,1.30,15.20
2008.08.25 07:21:37.467,2.02815,2.02875,1.30,11.30
2008.08.25 07:21:37.562,2.02815,2.02875,1.30,8.10
2008.08.25 07:21:37.657,2.02815,2.02875,1.30,5.90
2008.08.25 07:21:37.845,2.02815,2.0287,1.30,5.40
2008.08.25 07:21:38.836,2.0282,2.0287,1.30,5.40
2008.08.25 07:21:44.055,2.0282,2.0287,1.30,2.10
2008.08.25 07:21:45.060,2.0282,2.0288,1.30,2.70
2008.08.25 07:21:45.799,2.0282,2.0287,1.30,3.20
2008.08.25 07:21:50.830,2.0282,2.0287,3.50,3.20
2008.08.25 07:21:51.249,2.0282,2.0288,3.50,3.90
2008.08.25 07:21:51.360,2.0282,2.0287,3.50,3.20
2008.08.25 07:21:55.297,2.0283,2.0287,2.10,3.20
2008.08.25 07:21:55.526,2.0282,2.0287,3.50,3.20
2008.08.25 07:22:03.021,2.02825,2.0287,1.30,3.20
2008.08.25 07:22:03.151,2.02825,2.0287,3.50,3.20
2008.08.25 07:22:04.646,2.02825,2.0287,5.60,3.20
2008.08.25 07:22:07.518,2.02825,2.02885,5.60,1.70
2008.08.25 07:22:09.056,2.02825,2.0287,5.60,3.20
2008.08.25 07:22:10.079,2.0283,2.0287,1.30,3.20
2008.08.25 07:22:10.305,2.0284,2.0288,3.20,1.00
2008.08.25 07:22:10.450,2.0283,2.0289,1.30,5.90
2008.08.25 07:22:10.593,2.0283,2.02885,1.30,3.20
2008.08.25 07:22:10.737,2.0283,2.02895,1.30,4.90
2008.08.25 07:22:11.161,2.0284,2.02895,3.20,4.90
2008.08.25 07:22:11.452,2.0283,2.02895,1.30,8.20
2008.08.25 07:22:11.740,2.0283,2.02895,1.30,4.90
2008.08.25 07:22:12.309,2.0284,2.02895,3.20,4.90
2008.08.25 07:22:12.769,2.0285,2.02895,3.20,4.90
2008.08.25 07:22:12.925,2.02825,2.02895,1.30,4.90
2008.08.25 07:22:13.081,2.02835,2.02895,3.20,4.90
2008.08.25 07:22:18.905,2.0283,2.02895,1.30,8.20
2008.08.25 07:22:19.854,2.02835,2.02895,5.90,4.90
2008.08.25 07:22:19.961,2.0284,2.02895,3.20,4.90
2008.08.25 07:22:20.549,2.0283,2.02895,1.30,8.20
2008.08.25 07:22:20.761,2.0284,2.02895,3.20,4.90
2008.08.25 07:22:21.465,2.0283,2.02895,1.30,8.20
2008.08.25 07:22:21.829,2.0283,2.02895,1.30,10.30
2008.08.25 07:22:22.178,2.0283,2.02895,1.30,8.20
2008.08.25 07:22:23.146,2.0284,2.02895,1.00,8.20
2008.08.25 07:22:23.286,2.0284,2.02895,4.30,4.90
2008.08.25 07:22:23.426,2.02835,2.029,5.60,8.70
2008.08.25 07:22:23.988,2.02835,2.029,5.60,6.60
2008.08.25 07:22:24.276,2.02835,2.029,5.60,3.90
2008.08.25 07:22:24.842,2.0284,2.029,1.30,3.90
2008.08.25 07:22:25.127,2.0284,2.029,1.30,7.10
2008.08.25 07:22:25.382,2.0284,2.02905,1.30,13.60
2008.08.25 07:22:25.638,2.0284,2.02905,1.30,12.50
2008.08.25 07:22:25.727,2.0284,2.02905,1.30,10.30
2008.08.25 07:22:26.153,2.0284,2.02905,1.30,9.30
2008.08.25 07:22:26.677,2.02855,2.02905,1.30,9.70
2008.08.25 07:22:26.785,2.02855,2.029,1.30,3.20
2008.08.25 07:22:26.893,2.02855,2.0291,1.30,2.10
2008.08.25 07:22:27.001,2.02855,2.0291,1.30,6.40
2008.08.25 07:22:27.245,2.02855,2.0291,1.30,3.20
2008.08.25 07:22:27.489,2.02855,2.0292,1.30,8.10
2008.08.25 07:22:27.733,2.02855,2.0292,2.00,5.40
2008.08.25 07:22:27.977,2.02855,2.0292,4.50,2.10
2008.08.25 07:22:28.201,2.02855,2.02925,4.50,7.10
2008.08.25 07:22:31.315,2.0286,2.02925,1.30,3.90
2008.08.25 07:22:31.523,2.0286,2.02925,1.30,1.00
2008.08.25 07:22:31.723,2.0287,2.0293,1.30,2.70
2008.08.25 07:22:31.921,2.0287,2.02935,1.30,10.90
2008.08.25 07:22:32.123,2.0287,2.02935,1.30,8.70
2008.08.25 07:22:32.321,2.0287,2.02935,1.30,6.00
2008.08.25 07:22:41.407,2.0288,2.0293,1.30,3.20
2008.08.25 07:22:41.478,2.02885,2.0293,2.00,3.20
2008.08.25 07:22:41.692,2.02885,2.0294,5.10,2.70
2008.08.25 07:22:41.810,2.02885,2.02945,5.10,3.20
2008.08.25 07:22:41.961,2.02885,2.0294,5.10,1.00
2008.08.25 07:22:43.713,2.02885,2.02945,3.20,1.70
2008.08.25 07:22:44.021,2.02885,2.0294,3.20,2.70
2008.08.25 07:22:45.165,2.0287,2.02935,2.00,1.00
2008.08.25 07:22:45.268,2.02865,2.0293,15.30,1.00
2008.08.25 07:22:45.465,2.02865,2.0293,15.30,3.90
2008.08.25 07:22:48.693,2.0287,2.0293,1.30,2.80
2008.08.25 07:22:49.823,2.0287,2.0293,4.50,5.40
2008.08.25 07:22:49.982,2.02875,2.02935,2.10,6.00
2008.08.25 07:22:50.142,2.02875,2.02935,2.10,4.90
2008.08.25 07:22:50.302,2.02875,2.02935,2.10,8.20
2008.08.25 07:22:50.461,2.0287,2.0293,2.00,7.50
2008.08.25 07:22:50.777,2.0287,2.0293,4.10,4.30
2008.08.25 07:22:54.314,2.02875,2.0293,1.30,4.30
2008.08.25 07:22:55.215,2.02875,2.0293,2.00,4.30
2008.08.25 07:22:55.698,2.02875,2.0293,2.00,1.00
2008.08.25 07:22:55.862,2.02875,2.0293,2.00,4.30
2008.08.25 07:22:56.553,2.02875,2.0292,2.00,3.20
2008.08.25 07:22:56.821,2.02865,2.02925,2.00,8.10
2008.08.25 07:22:57.089,2.02865,2.02935,2.00,7.10
2008.08.25 07:22:57.339,2.02875,2.0293,2.00,6.40
2008.08.25 07:22:57.585,2.02875,2.0293,2.00,1.00
2008.08.25 07:22:58.079,2.02875,2.0293,2.00,4.30
2008.08.25 07:23:00.525,2.0287,2.02935,1.30,4.90
2008.08.25 07:23:00.633,2.02865,2.02935,7.20,1.70
2008.08.25 07:23:00.741,2.02865,2.02935,2.00,7.10
2008.08.25 07:23:01.869,2.02865,2.02925,2.00,3.20
2008.08.25 07:23:02.098,2.0286,2.02925,6.70,3.90
2008.08.25 07:23:02.334,2.0286,2.0293,6.70,3.90
2008.08.25 07:23:03.297,2.02865,2.0293,6.30,3.90
2008.08.25 07:23:03.757,2.02865,2.0293,9.50,4.90
2008.08.25 07:23:04.234,2.02865,2.0293,9.10,4.90
2008.08.25 07:23:04.390,2.0286,2.0293,11.70,3.90
2008.08.25 07:23:04.546,2.0286,2.0292,11.70,3.20
2008.08.25 07:23:07.905,2.02865,2.0292,4.50,3.20
2008.08.25 07:23:08.009,2.02865,2.0292,3.20,3.90
2008.08.25 07:23:08.213,2.0285,2.0292,14.30,3.90
2008.08.25 07:23:08.317,2.0285,2.0292,12.10,3.90
2008.08.25 07:23:08.421,2.0285,2.0292,12.10,3.90
2008.08.25 07:23:08.602,2.02855,2.02915,8.60,3.90
2008.08.25 07:23:08.781,2.02855,2.0291,8.60,3.90
2008.08.25 07:23:11.490,2.02855,2.0291,10.80,3.90
2008.08.25 07:23:13.323,2.0286,2.02905,10.80,3.90
2008.08.25 07:23:14.709,2.0286,2.02905,8.60,3.90
2008.08.25 07:23:15.010,2.0286,2.02905,10.80,3.90
2008.08.25 07:23:15.177,2.0286,2.0291,10.80,3.90
2008.08.25 07:23:15.347,2.0286,2.0291,8.60,3.90
2008.08.25 07:23:15.514,2.0287,2.0291,5.40,3.90
2008.08.25 07:23:15.682,2.0286,2.0291,10.80,3.90
2008.08.25 07:23:16.109,2.0286,2.0291,7.50,3.90
2008.08.25 07:23:16.305,2.0286,2.029,2.10,3.20
2008.08.25 07:23:16.501,2.02845,2.0291,9.90,3.90
2008.08.25 07:23:16.601,2.02845,2.0291,7.80,3.90
2008.08.25 07:23:16.797,2.0285,2.02905,6.40,3.90
2008.08.25 07:23:17.309,2.0285,2.02905,1.00,6.60
2008.08.25 07:23:17.643,2.0285,2.029,1.00,3.90
2008.08.25 07:23:17.962,2.0284,2.02895,1.30,3.20
2008.08.25 07:23:18.177,2.0284,2.029,1.30,2.70
2008.08.25 07:23:18.393,2.02835,2.02895,4.50,3.90
2008.08.25 07:23:18.609,2.02835,2.02895,7.80,3.90
2008.08.25 07:23:19.037,2.02835,2.02895,7.80,1.00
2008.08.25 07:23:19.253,2.02835,2.029,14.30,3.90
2008.08.25 07:23:19.501,2.0285,2.029,1.00,3.90
2008.08.25 07:23:20.238,2.02835,2.029,14.30,3.90
2008.08.25 07:23:20.602,2.02835,2.029,11.00,3.90
2008.08.25 07:23:20.783,2.02835,2.02895,11.00,3.90
2008.08.25 07:23:20.964,2.02835,2.02895,9.90,3.90
2008.08.25 07:23:21.468,2.02835,2.02895,7.80,3.90
2008.08.25 07:23:21.777,2.02835,2.02895,5.60,3.90
2008.08.25 07:23:22.087,2.02835,2.02895,7.80,3.90
2008.08.25 07:23:22.790,2.02835,2.02895,4.50,3.90
2008.08.25 07:23:23.285,2.0284,2.0289,2.10,1.00
2008.08.25 07:23:23.453,2.0284,2.02895,5.40,3.90
2008.08.25 07:23:23.690,2.0285,2.029,3.20,3.90
2008.08.25 07:23:23.925,2.02835,2.029,5.60,3.90
2008.08.25 07:23:24.161,2.02835,2.029,8.30,3.90
2008.08.25 07:23:27.034,2.0285,2.029,3.20,3.90
2008.08.25 07:23:27.361,2.0285,2.029,3.20,1.00
2008.08.25 07:23:27.689,2.0285,2.02905,8.60,3.90
2008.08.25 07:23:30.092,2.0286,2.029,5.40,1.00
2008.08.25 07:23:30.197,2.0286,2.029,5.40,3.90
2008.08.25 07:23:30.708,2.0286,2.0289,5.40,1.00
2008.08.25 07:23:30.814,2.0285,2.0289,6.40,1.00
2008.08.25 07:23:31.093,2.0285,2.0289,5.40,3.90
2008.08.25 07:23:31.649,2.02835,2.0289,10.80,3.90
2008.08.25 07:23:33.309,2.02835,2.0289,14.00,3.90
2008.08.25 07:23:33.438,2.02835,2.0289,10.80,3.90
2008.08.25 07:23:33.689,2.0284,2.0289,8.60,3.90
2008.08.25 07:23:34.065,2.0284,2.0288,2.10,1.70
2008.08.25 07:23:34.193,2.0284,2.0288,2.10,3.90
2008.08.25 07:23:34.509,2.0284,2.02885,1.30,4.80
2008.08.25 07:23:34.825,2.0284,2.029,1.30,2.70
2008.08.25 07:23:35.141,2.0285,2.029,1.30,2.70
2008.08.25 07:23:35.457,2.0285,2.0291,1.30,2.80
2008.08.25 07:23:36.101,2.0285,2.02905,1.30,2.70
2008.08.25 07:23:36.673,2.0285,2.0291,1.30,2.80
2008.08.25 07:23:36.949,2.0285,2.02905,1.30,2.70
2008.08.25 07:23:39.677,2.0284,2.02905,1.30,3.30
2008.08.25 07:23:39.883,2.0284,2.02905,1.30,3.90
2008.08.25 07:23:40.286,2.0285,2.0291,1.30,5.40
2008.08.25 07:23:40.689,2.0285,2.0291,1.30,2.10
2008.08.25 07:23:40.946,2.0285,2.029,1.30,3.20
2008.08.25 07:23:41.117,2.0285,2.029,1.30,6.40
2008.08.25 07:23:41.456,2.0284,2.02905,1.30,7.10
2008.08.25 07:23:41.925,2.0284,2.02905,1.30,9.80
2008.08.25 07:23:42.142,2.0284,2.029,1.30,2.70
2008.08.25 07:23:42.569,2.0284,2.02905,1.30,6.60
2008.08.25 07:23:42.785,2.0284,2.02905,1.30,6.00
2008.08.25 07:23:44.602,2.0284,2.02905,1.30,10.90
2008.08.25 07:23:44.858,2.0284,2.02905,1.30,14.10
2008.08.25 07:23:48.625,2.0284,2.02905,1.30,12.00
2008.08.25 07:23:49.300,2.0284,2.02905,1.30,9.80
2008.08.25 07:23:49.978,2.0284,2.02905,1.30,7.10
2008.08.25 07:23:53.205,2.0284,2.02905,1.30,9.80
2008.08.25 07:23:53.778,2.0284,2.02905,1.30,7.10
2008.08.25 07:23:54.161,2.0285,2.029,1.30,6.40
2008.08.25 07:23:54.466,2.0285,2.0291,1.30,2.10
2008.08.25 07:23:55.068,2.0285,2.02915,1.30,11.40
2008.08.25 07:23:55.254,2.0285,2.02915,1.30,14.10
2008.08.25 07:23:55.747,2.0285,2.02915,1.30,12.00
2008.08.25 07:23:56.181,2.0286,2.02915,1.30,11.30
2008.08.25 07:23:56.325,2.0286,2.0291,1.30,6.40
2008.08.25 07:23:56.469,2.0286,2.0292,1.30,5.40
2008.08.25 07:23:56.752,2.02855,2.0292,5.10,2.10
2008.08.25 07:23:57.704,2.02855,2.0292,5.10,2.80
2008.08.25 07:23:58.909,2.02855,2.0292,6.20,7.10
2008.08.25 07:23:59.786,2.0286,2.02915,1.30,5.90
2008.08.25 07:24:00.009,2.0286,2.02905,1.30,2.10
2008.08.25 07:24:00.233,2.0285,2.029,7.50,3.90
2008.08.25 07:24:00.457,2.0285,2.0289,7.50,3.20
2008.08.25 07:24:00.613,2.0284,2.02905,1.30,8.20
2008.08.25 07:24:00.769,2.0284,2.029,1.30,2.70
2008.08.25 07:24:00.925,2.0284,2.0289,1.30,5.40
2008.08.25 07:24:01.081,2.0284,2.02895,3.20,4.90
2008.08.25 07:24:01.237,2.0283,2.0288,3.50,3.20
2008.08.25 07:24:01.393,2.0283,2.0288,1.30,3.20
2008.08.25 07:24:02.893,2.0282,2.0287,3.50,3.20
2008.08.25 07:24:02.936,2.0282,2.0287,1.30,3.20
2008.08.25 07:24:03.021,2.02825,2.02885,1.30,5.50
2008.08.25 07:24:03.190,2.02825,2.02885,1.30,8.70
2008.08.25 07:24:03.234,2.02825,2.02885,1.30,6.00
2008.08.25 07:24:03.297,2.02825,2.0287,1.30,3.20
2008.08.25 07:24:03.343,2.0282,2.0287,1.30,3.20
2008.08.25 07:24:03.843,2.02835,2.0287,1.30,3.20
2008.08.25 07:24:04.181,2.02825,2.0287,1.30,3.20
2008.08.25 07:24:05.133,2.02835,2.0287,1.30,3.20
2008.08.25 07:24:05.416,2.02835,2.02895,1.30,5.40
2008.08.25 07:24:05.699,2.02825,2.02875,1.30,3.20
2008.08.25 07:24:06.021,2.02825,2.02885,1.30,2.10
2008.08.25 07:24:06.105,2.02825,2.0289,1.30,4.80
2008.08.25 07:24:06.188,2.0282,2.0289,1.30,5.50
2008.08.25 07:24:06.450,2.0282,2.0289,1.30,12.00
2008.08.25 07:24:07.069,2.02815,2.0288,1.30,6.00
2008.08.25 07:24:07.369,2.02815,2.0288,1.30,3.90
2008.08.25 07:24:09.533,2.02815,2.0288,1.30,6.60
2008.08.25 07:24:09.842,2.02815,2.0288,1.30,3.90
2008.08.25 07:24:10.149,2.02815,2.0287,2.10,3.90
2008.08.25 07:24:10.253,2.02815,2.02865,3.50,3.20
2008.08.25 07:24:10.356,2.02815,2.0288,3.50,3.90
2008.08.25 07:24:10.900,2.02815,2.0288,1.30,3.90
2008.08.25 07:24:12.577,2.0283,2.02875,1.30,3.20
2008.08.25 07:24:12.754,2.0283,2.0288,1.30,2.10
2008.08.25 07:24:13.101,2.0284,2.02885,1.30,4.80
2008.08.25 07:24:13.341,2.0283,2.0289,1.30,2.10
2008.08.25 07:24:13.582,2.02845,2.029,1.30,5.90
2008.08.25 07:24:13.821,2.02845,2.02905,1.30,8.10
2008.08.25 07:24:14.062,2.02845,2.02905,1.30,5.40
2008.08.25 07:24:14.941,2.0285,2.0289,1.30,3.20
2008.08.25 07:24:15.237,2.02845,2.0289,1.30,3.20
2008.08.25 07:24:15.377,2.0285,2.029,1.30,5.40
2008.08.25 07:24:15.517,2.0285,2.029,1.30,2.70
2008.08.25 07:24:15.657,2.0285,2.029,1.30,3.20
2008.08.25 07:24:15.797,2.02855,2.029,1.30,3.20
2008.08.25 07:24:16.369,2.02855,2.0291,1.30,4.80
2008.08.25 07:24:17.444,2.02855,2.0291,1.30,2.10
2008.08.25 07:24:20.806,2.02855,2.0291,1.30,4.80
2008.08.25 07:24:21.603,2.02845,2.0291,4.50,5.50
2008.08.25 07:24:21.665,2.02845,2.02895,1.30,4.30
2008.08.25 07:24:21.840,2.02845,2.029,1.30,7.00
2008.08.25 07:24:22.057,2.02845,2.029,1.30,2.70
2008.08.25 07:24:22.485,2.02845,2.0291,1.30,8.10
2008.08.25 07:24:22.701,2.02845,2.02905,1.30,5.40
2008.08.25 07:24:23.129,2.02845,2.02905,1.30,10.20
2008.08.25 07:24:23.709,2.02845,2.0289,1.30,3.20
2008.08.25 07:24:23.892,2.02835,2.0289,7.20,3.20
2008.08.25 07:24:24.305,2.02835,2.0289,4.00,3.20
2008.08.25 07:24:24.541,2.02835,2.02895,1.30,5.40
2008.08.25 07:24:24.780,2.02835,2.02895,1.30,8.10
2008.08.25 07:24:25.204,2.02835,2.02895,4.50,8.10
2008.08.25 07:24:25.379,2.02835,2.02895,4.50,5.40
2008.08.25 07:24:35.250,2.02835,2.0288,1.30,3.20
2008.08.25 07:24:36.864,2.02825,2.0289,1.30,6.00
2008.08.25 07:24:37.033,2.02835,2.0289,4.50,5.40
2008.08.25 07:24:37.213,2.02835,2.0289,4.50,2.10
2008.08.25 07:24:37.393,2.02835,2.0289,1.30,2.10
2008.08.25 07:24:37.749,2.02835,2.02885,1.30,2.70
2008.08.25 07:24:37.931,2.02825,2.0288,1.30,2.10
2008.08.25 07:24:38.109,2.02825,2.0287,1.30,2.70
2008.08.25 07:24:38.393,2.02825,2.0288,1.30,4.80
2008.08.25 07:24:38.677,2.02815,2.0287,1.30,1.00
2008.08.25 07:24:38.963,2.0283,2.02875,1.30,4.80
2008.08.25 07:24:39.245,2.0283,2.02875,1.30,2.70
2008.08.25 07:24:39.833,2.0283,2.0288,1.30,3.20
2008.08.25 07:24:40.140,2.02825,2.0287,2.70,1.00
2008.08.25 07:24:40.261,2.02835,2.02875,1.30,3.70
2008.08.25 07:24:40.613,2.0282,2.02875,1.30,3.70
2008.08.25 07:24:40.732,2.0282,2.0287,1.30,1.00
2008.08.25 07:24:41.337,2.0282,2.02865,1.30,4.80
2008.08.25 07:24:41.593,2.02835,2.02865,1.30,4.80
2008.08.25 07:24:41.849,2.0283,2.02875,1.30,3.70
2008.08.25 07:24:42.105,2.0283,2.02875,1.30,2.70
2008.08.25 07:24:42.948,2.0284,2.02875,1.30,2.70
2008.08.25 07:24:43.149,2.02825,2.0288,1.30,2.10
2008.08.25 07:24:43.332,2.02825,2.0287,1.30,2.70
2008.08.25 07:24:43.509,2.0284,2.0287,1.30,2.70
2008.08.25 07:24:43.689,2.02825,2.0287,1.30,2.70
2008.08.25 07:24:44.420,2.0284,2.0287,1.30,2.70
2008.08.25 07:24:44.826,2.0284,2.02885,1.30,13.50
2008.08.25 07:24:45.028,2.0284,2.02885,1.30,4.80
2008.08.25 07:24:46.150,2.02845,2.02885,1.30,4.80
2008.08.25 07:24:46.776,2.02845,2.02885,1.30,2.70
2008.08.25 07:24:49.745,2.02835,2.02885,1.30,2.70
2008.08.25 07:24:50.154,2.02835,2.02885,4.50,2.70
2008.08.25 07:24:52.132,2.02835,2.0289,4.50,4.80
2008.08.25 07:24:53.218,2.02835,2.02885,4.50,2.70
2008.08.25 07:24:54.397,2.02835,2.02885,1.30,2.70
2008.08.25 07:24:54.889,2.02835,2.02885,1.30,4.80
2008.08.25 07:24:55.352,2.02835,2.0288,1.30,2.10
2008.08.25 07:24:55.589,2.02825,2.0287,1.30,3.20
2008.08.25 07:25:00.398,2.02825,2.0287,3.50,3.20
2008.08.25 07:25:00.804,2.02825,2.02885,3.50,4.80
2008.08.25 07:25:01.213,2.02825,2.0288,3.50,2.10
2008.08.25 07:25:01.480,2.02835,2.0288,1.30,2.10
2008.08.25 07:25:01.749,2.02835,2.02895,1.30,9.10
2008.08.25 07:25:02.222,2.02835,2.0289,1.30,2.70
2008.08.25 07:25:02.635,2.02835,2.02875,1.30,3.20
2008.08.25 07:25:02.842,2.02825,2.02875,3.50,3.20
2008.08.25 07:25:04.132,2.02825,2.02875,3.50,5.90
2008.08.25 07:25:04.880,2.0284,2.02875,2.10,2.70
2008.08.25 07:25:05.842,2.0284,2.02885,2.10,5.90
2008.08.25 07:25:06.212,2.0284,2.02885,2.10,4.80
2008.08.25 07:25:06.300,2.02825,2.02885,3.50,4.80
2008.08.25 07:25:06.485,2.02835,2.02885,3.50,4.80
2008.08.25 07:25:06.568,2.02835,2.0288,3.50,2.10
2008.08.25 07:25:06.652,2.0284,2.0288,2.10,3.20
2008.08.25 07:25:06.736,2.0284,2.0288,2.10,1.00
2008.08.25 07:25:06.900,2.02825,2.0288,3.50,1.00
2008.08.25 07:25:07.065,2.02825,2.0288,3.50,3.20
2008.08.25 07:25:07.148,2.02825,2.02885,3.50,5.90
2008.08.25 07:25:07.905,2.02835,2.02875,3.50,2.70
2008.08.25 07:25:08.244,2.02835,2.02885,3.50,2.70
2008.08.25 07:25:10.876,2.0284,2.02885,2.10,2.70
2008.08.25 07:25:10.965,2.0284,2.02885,2.10,3.70
2008.08.25 07:25:11.070,2.02825,2.02885,3.50,3.70
2008.08.25 07:25:11.147,2.02825,2.02875,3.50,2.70
2008.08.25 07:25:11.330,2.0283,2.0288,2.70,3.20
2008.08.25 07:25:11.418,2.02825,2.02875,3.50,2.70
2008.08.25 07:25:11.505,2.0284,2.02875,1.30,2.70
2008.08.25 07:25:11.593,2.0284,2.02885,1.30,7.00
2008.08.25 07:25:11.934,2.0284,2.02895,1.30,5.90
2008.08.25 07:25:13.111,2.0284,2.02885,1.30,2.70
2008.08.25 07:25:13.173,2.02835,2.02885,4.50,2.70
2008.08.25 07:25:13.237,2.02835,2.02885,1.30,2.70
2008.08.25 07:25:14.037,2.02825,2.0287,3.50,3.20
2008.08.25 07:25:14.377,2.02825,2.02875,3.50,5.90
2008.08.25 07:25:15.394,2.0284,2.02875,2.10,2.70
2008.08.25 07:25:15.546,2.02835,2.02875,3.50,2.70
2008.08.25 07:25:15.686,2.02835,2.02885,3.50,7.00
2008.08.25 07:25:15.788,2.02835,2.0288,3.50,4.30
2008.08.25 07:25:15.892,2.02835,2.02885,3.50,7.00
2008.08.25 07:25:15.996,2.02835,2.02885,3.50,4.80
2008.08.25 07:25:16.100,2.02835,2.02885,1.30,2.70
2008.08.25 07:25:17.426,2.02825,2.02885,3.50,2.70
2008.08.25 07:25:17.710,2.02825,2.02875,3.50,5.90
2008.08.25 07:25:19.479,2.02825,2.02875,3.50,2.70
2008.08.25 07:25:20.143,2.02835,2.02885,1.30,7.00
2008.08.25 07:25:20.321,2.02835,2.02885,4.50,4.80
2008.08.25 07:25:20.494,2.02835,2.02885,4.50,2.70
2008.08.25 07:25:21.015,2.0284,2.02885,3.20,2.70
2008.08.25 07:25:21.192,2.0283,2.02885,1.30,2.70
2008.08.25 07:25:24.365,2.0283,2.02885,1.30,3.70
2008.08.25 07:25:24.722,2.02825,2.02885,3.50,2.80
2008.08.25 07:25:24.986,2.02825,2.0287,1.30,3.20
2008.08.25 07:25:25.709,2.02825,2.02875,1.30,5.90
2008.08.25 07:25:27.319,2.0283,2.02875,1.30,5.90
2008.08.25 07:25:27.513,2.0283,2.02875,1.30,2.70
2008.08.25 07:25:27.710,2.0283,2.02885,1.30,2.70
2008.08.25 07:25:28.256,2.0283,2.0289,1.30,4.80
2008.08.25 07:25:28.422,2.02825,2.02875,1.30,3.20
2008.08.25 07:25:31.330,2.02825,2.0287,1.30,4.30
2008.08.25 07:25:31.367,2.0283,2.0287,1.30,4.30
2008.08.25 07:25:31.448,2.0283,2.0287,1.30,3.20
2008.08.25 07:25:31.561,2.0283,2.02885,1.30,7.00
2008.08.25 07:25:31.892,2.0283,2.02885,1.30,8.10
2008.08.25 07:25:31.918,2.0283,2.0287,1.30,1.00
2008.08.25 07:25:31.942,2.02825,2.0287,1.30,1.00
2008.08.25 07:25:32.037,2.02825,2.0287,1.30,4.30
2008.08.25 07:25:32.579,2.02825,2.0287,1.30,3.20
2008.08.25 07:25:38.306,2.0282,2.0287,1.30,3.20
2008.08.25 07:26:00.172,2.02815,2.0287,3.50,3.20
2008.08.25 07:26:00.417,2.02815,2.0287,1.30,3.20
2008.08.25 07:26:03.406,2.02815,2.0287,1.30,4.30
2008.08.25 07:26:03.500,2.0281,2.02875,4.00,4.90
2008.08.25 07:26:03.596,2.0281,2.02875,4.00,6.00
2008.08.25 07:26:03.692,2.0281,2.02875,1.30,14.10
2008.08.25 07:26:03.791,2.0281,2.02875,1.30,13.00
2008.08.25 07:26:04.068,2.0281,2.0287,1.30,2.10
2008.08.25 07:26:04.346,2.0281,2.0286,2.10,3.90
2008.08.25 07:26:04.623,2.02805,2.02855,1.30,3.20
2008.08.25 07:26:04.896,2.02795,2.0285,11.00,2.70
2008.08.25 07:26:05.194,2.02795,2.0286,3.50,3.90
2008.08.25 07:26:05.488,2.02795,2.0286,3.50,6.00
2008.08.25 07:26:05.786,2.02795,2.0285,3.50,3.20
2008.08.25 07:26:06.081,2.028,2.02855,2.10,3.90
2008.08.25 07:26:06.210,2.0279,2.02855,1.30,10.30
2008.08.25 07:26:06.832,2.028,2.0285,2.10,2.70
2008.08.25 07:26:11.924,2.02795,2.0285,3.50,2.70
2008.08.25 07:26:12.300,2.02795,2.0286,3.50,6.60
2008.08.25 07:26:13.716,2.02795,2.0285,3.50,3.20
2008.08.25 07:26:14.137,2.028,2.0285,2.10,3.90
2008.08.25 07:26:14.436,2.02785,2.0284,6.20,2.10
2008.08.25 07:26:14.737,2.02795,2.0285,1.30,2.70
2008.08.25 07:26:15.332,2.02795,2.0285,1.30,4.80
2008.08.25 07:26:15.452,2.028,2.0285,1.30,2.10
2008.08.25 07:26:15.688,2.028,2.02855,1.30,5.40
2008.08.25 07:26:16.876,2.02795,2.0284,1.30,3.20
2008.08.25 07:26:23.345,2.02795,2.0284,3.50,3.20
2008.08.25 07:26:23.520,2.028,2.0284,1.30,3.20
2008.08.25 07:26:23.696,2.028,2.0285,1.30,5.40
2008.08.25 07:26:23.872,2.028,2.0285,1.30,3.20
2008.08.25 07:26:30.295,2.028,2.0286,1.30,2.10
2008.08.25 07:26:30.344,2.028,2.0285,1.30,3.20
2008.08.25 07:26:31.023,2.028,2.02855,1.30,5.90
2008.08.25 07:26:31.459,2.028,2.0285,1.30,3.20
2008.08.25 07:26:31.848,2.028,2.02855,1.30,5.40
2008.08.25 07:26:32.141,2.0279,2.02855,4.00,6.00
2008.08.25 07:26:32.268,2.0279,2.02855,1.30,8.70
2008.08.25 07:26:32.376,2.02785,2.02845,9.90,1.00
2008.08.25 07:26:32.432,2.02785,2.02845,7.80,1.00
2008.08.25 07:26:32.732,2.02785,2.02845,6.70,3.90
2008.08.25 07:26:33.020,2.0279,2.02845,3.20,7.10
2008.08.25 07:26:33.592,2.0279,2.02845,5.40,7.10
2008.08.25 07:26:37.378,2.0279,2.0284,1.30,6.40
2008.08.25 07:26:37.521,2.0279,2.0284,1.30,3.20
2008.08.25 07:26:37.665,2.0279,2.0285,1.30,2.10
2008.08.25 07:26:38.780,2.0279,2.02845,5.40,3.90
2008.08.25 07:26:39.294,2.0279,2.02845,5.40,7.10
2008.08.25 07:26:39.626,2.0279,2.02845,3.20,7.10
2008.08.25 07:26:41.911,2.0279,2.02845,5.40,7.10
2008.08.25 07:26:43.574,2.0279,2.02845,3.20,7.10
2008.08.25 07:26:45.508,2.0279,2.02845,5.40,7.10
2008.08.25 07:26:45.829,2.0279,2.02845,3.20,7.10
2008.08.25 07:26:47.457,2.0278,2.0283,1.30,3.20
2008.08.25 07:26:47.940,2.0279,2.02845,5.40,7.10
2008.08.25 07:26:48.184,2.0279,2.02845,5.40,9.30
2008.08.25 07:26:49.613,2.0279,2.0283,2.10,3.20
2008.08.25 07:26:49.952,2.0279,2.0285,5.40,5.90
2008.08.25 07:26:50.292,2.0279,2.02855,5.40,9.30
2008.08.25 07:26:51.357,2.0279,2.0283,2.10,3.20
2008.08.25 07:26:52.389,2.0279,2.02845,5.40,9.30
2008.08.25 07:26:53.375,2.0279,2.0284,5.40,3.90
2008.08.25 07:26:53.708,2.0279,2.02835,2.10,5.40
2008.08.25 07:26:54.376,2.02775,2.02835,3.50,5.40
2008.08.25 07:26:54.580,2.0278,2.02835,1.30,5.40
2008.08.25 07:26:56.937,2.0278,2.02835,1.30,2.10
2008.08.25 07:26:57.477,2.0278,2.02835,1.30,5.40
2008.08.25 07:26:59.700,2.02775,2.0282,3.50,3.20
2008.08.25 07:27:01.441,2.0278,2.0282,1.30,3.20
2008.08.25 07:27:01.634,2.0278,2.0283,1.30,6.40
2008.08.25 07:27:01.696,2.0278,2.0283,1.30,4.30
2008.08.25 07:27:01.746,2.0278,2.0283,1.30,1.00
2008.08.25 07:27:01.848,2.0278,2.0284,1.30,4.80
2008.08.25 07:27:02.419,2.0279,2.0284,1.30,2.70
2008.08.25 07:27:02.757,2.0279,2.0284,1.30,3.70
2008.08.25 07:27:03.124,2.0279,2.02835,1.30,1.00
2008.08.25 07:27:03.936,2.0279,2.02845,1.30,6.40
2008.08.25 07:27:06.261,2.0279,2.02845,1.30,7.50
2008.08.25 07:27:09.704,2.0279,2.02845,1.30,6.40
2008.08.25 07:27:10.300,2.0279,2.02845,1.30,7.50
2008.08.25 07:27:10.877,2.028,2.0284,1.30,1.00
2008.08.25 07:27:11.081,2.028,2.0285,1.30,2.10
2008.08.25 07:27:13.477,2.028,2.02855,1.30,5.40
2008.08.25 07:27:17.044,2.028,2.0285,1.30,3.20
2008.08.25 07:27:17.628,2.028,2.02855,1.30,5.40
2008.08.25 07:27:18.193,2.028,2.0285,1.30,3.20
2008.08.25 07:27:18.448,2.028,2.0285,1.30,2.10
2008.08.25 07:27:18.944,2.028,2.0285,1.30,3.20
2008.08.25 07:27:23.169,2.02795,2.0285,1.30,3.20
2008.08.25 07:27:23.340,2.02795,2.02855,1.30,6.20
2008.08.25 07:27:23.428,2.02795,2.0284,1.30,3.20
2008.08.25 07:27:24.396,2.028,2.0284,1.30,3.20
2008.08.25 07:27:25.409,2.02795,2.0284,1.30,3.20
2008.08.25 07:27:35.881,2.0279,2.0284,1.30,3.20
2008.08.25 07:27:42.098,2.0279,2.0284,1.30,4.30
2008.08.25 07:27:51.069,2.02795,2.0284,1.30,4.30
2008.08.25 07:27:51.232,2.02795,2.0284,1.30,1.00
2008.08.25 07:27:51.556,2.02795,2.0284,1.30,4.30
2008.08.25 07:27:52.032,2.02795,2.0284,1.30,6.40
2008.08.25 07:28:00.857,2.02795,2.0284,1.30,4.30
2008.08.25 07:28:06.562,2.0279,2.0284,1.30,4.30
2008.08.25 07:28:06.784,2.0279,2.0284,1.30,1.00
2008.08.25 07:28:06.889,2.02795,2.0284,1.30,1.00
2008.08.25 07:28:06.991,2.02795,2.0285,1.30,5.90
2008.08.25 07:28:07.066,2.02795,2.02845,1.30,3.20
2008.08.25 07:28:07.300,2.02795,2.02855,1.30,5.40
2008.08.25 07:28:07.488,2.02795,2.02855,1.30,7.50
2008.08.25 07:28:08.157,2.02795,2.02855,1.30,8.20
2008.08.25 07:28:08.284,2.02795,2.02855,1.30,7.10
2008.08.25 07:28:08.412,2.02795,2.02855,1.30,3.90
2008.08.25 07:28:08.540,2.02785,2.02845,7.20,3.90
2008.08.25 07:28:08.668,2.02785,2.02845,4.00,1.70
2008.08.25 07:28:08.796,2.02785,2.02845,4.00,7.10
2008.08.25 07:28:08.924,2.02785,2.02845,1.30,7.10
2008.08.25 07:28:09.052,2.02795,2.0284,1.30,5.40
2008.08.25 07:28:09.180,2.02795,2.0285,1.30,2.70
2008.08.25 07:28:09.644,2.0279,2.0285,1.30,2.70
2008.08.25 07:28:09.985,2.0279,2.0284,1.30,3.20
2008.08.25 07:28:10.325,2.02785,2.0285,1.30,5.50
2008.08.25 07:28:10.407,2.02785,2.0285,1.30,8.70
2008.08.25 07:28:10.566,2.028,2.0285,1.30,8.10
2008.08.25 07:28:10.762,2.0279,2.0285,1.30,5.40
2008.08.25 07:28:10.995,2.0279,2.02845,1.30,2.10
2008.08.25 07:28:11.040,2.02785,2.02845,5.90,2.80
2008.08.25 07:28:11.088,2.02785,2.02845,2.70,7.10
2008.08.25 07:28:11.161,2.02785,2.02845,2.70,9.30
2008.08.25 07:28:11.207,2.02785,2.02845,2.70,12.50
2008.08.25 07:28:11.709,2.0278,2.0284,1.30,2.70
2008.08.25 07:28:11.931,2.0278,2.0283,1.30,1.00
2008.08.25 07:28:13.224,2.0278,2.02835,5.40,2.20
2008.08.25 07:28:13.676,2.0278,2.02835,1.30,4.30
2008.08.25 07:28:14.208,2.0278,2.0283,1.30,3.70
2008.08.25 07:28:15.279,2.0278,2.0283,1.30,1.60
2008.08.25 07:28:16.693,2.0278,2.0283,1.30,1.00
2008.08.25 07:28:17.366,2.02785,2.0283,1.30,1.00
2008.08.25 07:28:17.460,2.02785,2.0284,1.30,5.90
2008.08.25 07:28:17.556,2.02785,2.0284,1.30,2.70
2008.08.25 07:28:17.644,2.02785,2.02845,1.30,7.10
2008.08.25 07:28:17.806,2.02785,2.02845,1.30,4.90
2008.08.25 07:28:18.121,2.02785,2.02845,1.30,7.10
2008.08.25 07:28:18.677,2.0278,2.0284,1.30,3.90
2008.08.25 07:28:18.836,2.0278,2.0284,1.30,7.10
2008.08.25 07:28:18.996,2.0278,2.0284,1.30,3.90
2008.08.25 07:28:19.192,2.0278,2.0283,1.30,1.00
2008.08.25 07:28:19.580,2.0278,2.0283,1.30,3.20
2008.08.25 07:28:20.944,2.0278,2.0283,1.30,3.70
2008.08.25 07:28:23.896,2.0278,2.0283,1.30,4.00
2008.08.25 07:28:24.566,2.0277,2.02835,1.30,4.70
2008.08.25 07:28:24.850,2.02775,2.0283,1.30,4.00
2008.08.25 07:28:25.148,2.0278,2.0283,1.30,2.10
2008.08.25 07:28:25.442,2.0277,2.0283,1.30,2.70
2008.08.25 07:28:27.268,2.0278,2.0283,1.30,2.70
2008.08.25 07:28:27.424,2.0278,2.0284,1.30,3.20
2008.08.25 07:28:28.436,2.02785,2.0284,1.30,2.10
2008.08.25 07:28:29.168,2.0279,2.0284,1.30,2.10
2008.08.25 07:28:29.368,2.0279,2.02845,1.30,2.10
2008.08.25 07:28:29.752,2.0279,2.02845,3.20,6.00
2008.08.25 07:28:29.940,2.02785,2.02845,4.50,5.40
2008.08.25 07:28:30.133,2.02785,2.02845,4.50,10.80
2008.08.25 07:28:30.320,2.02785,2.02845,4.50,4.80
2008.08.25 07:28:30.692,2.02795,2.02845,1.30,4.80
2008.08.25 07:28:30.828,2.02795,2.02845,1.30,2.10
2008.08.25 07:28:33.712,2.028,2.0285,1.30,2.10
2008.08.25 07:28:33.960,2.02795,2.0285,1.30,2.10
2008.08.25 07:28:36.053,2.028,2.0285,1.30,2.10
2008.08.25 07:28:36.183,2.02795,2.0285,1.30,2.10
2008.08.25 07:28:40.033,2.0279,2.0285,1.30,2.80
2008.08.25 07:28:41.689,2.02795,2.0285,1.30,2.10
2008.08.25 07:28:42.039,2.0279,2.0285,1.30,2.80
2008.08.25 07:28:43.814,2.0279,2.02845,1.30,2.10
2008.08.25 07:28:44.729,2.0279,2.02845,1.30,4.30
2008.08.25 07:28:47.637,2.0279,2.02845,1.30,5.40
2008.08.25 07:28:48.070,2.0279,2.02845,1.30,4.30
2008.08.25 07:28:49.586,2.0279,2.02845,1.30,5.40
2008.08.25 07:28:50.320,2.0279,2.02845,1.30,4.30
2008.08.25 07:28:51.218,2.02785,2.02845,1.30,4.30
2008.08.25 07:28:55.836,2.02785,2.02845,1.30,2.10
2008.08.25 07:29:03.580,2.02785,2.02845,4.00,2.10
2008.08.25 07:29:04.635,2.02785,2.02845,1.30,2.10
2008.08.25 07:29:06.507,2.02785,2.0285,1.30,6.00
2008.08.25 07:29:15.233,2.02785,2.02845,1.30,4.30
2008.08.25 07:29:18.815,2.02785,2.02845,1.30,2.10
2008.08.25 07:29:22.876,2.02785,2.02845,4.00,2.10
2008.08.25 07:29:23.343,2.02785,2.02845,1.30,2.10
2008.08.25 07:29:36.324,2.02795,2.02845,1.30,2.10
2008.08.25 07:29:36.448,2.0279,2.02845,2.70,2.10
2008.08.25 07:29:36.889,2.02785,2.02845,1.30,2.10
2008.08.25 07:29:37.204,2.0279,2.02845,1.30,2.10
2008.08.25 07:29:37.855,2.0279,2.0285,1.30,2.80
2008.08.25 07:29:38.162,2.0279,2.02845,3.20,1.00
2008.08.25 07:29:38.480,2.0279,2.0285,1.30,2.80
2008.08.25 07:29:38.819,2.0278,2.0284,2.70,1.00
2008.08.25 07:29:38.936,2.02775,2.0283,1.30,1.00
2008.08.25 07:29:39.053,2.02775,2.0283,1.30,4.30
2008.08.25 07:29:39.169,2.0277,2.02835,4.00,10.30
2008.08.25 07:29:39.625,2.0277,2.02835,1.30,10.30
2008.08.25 07:29:40.300,2.0277,2.02835,1.30,11.20
2008.08.25 07:29:41.296,2.0277,2.02835,1.30,12.20
2008.08.25 07:29:41.745,2.02775,2.0283,1.30,11.60
2008.08.25 07:29:41.783,2.02775,2.0283,1.30,9.70
2008.08.25 07:29:41.832,2.02775,2.0283,1.30,5.40
2008.08.25 07:29:41.851,2.0278,2.0283,1.30,5.40
2008.08.25 07:29:41.914,2.0278,2.0284,1.30,3.20
2008.08.25 07:29:43.474,2.0279,2.02835,1.30,1.00
2008.08.25 07:29:44.711,2.0279,2.02845,1.30,6.40
2008.08.25 07:29:45.272,2.02795,2.02835,1.30,1.00
2008.08.25 07:29:45.557,2.0279,2.02835,1.30,1.00
2008.08.25 07:29:45.896,2.0279,2.02845,1.30,5.40
2008.08.25 07:29:45.961,2.028,2.02845,1.30,5.40
2008.08.25 07:29:46.092,2.028,2.02845,1.30,4.30
2008.08.25 07:29:46.243,2.028,2.02845,1.30,2.10
2008.08.25 07:29:46.615,2.028,2.0285,1.30,4.80
2008.08.25 07:29:46.747,2.028,2.0285,1.30,2.10
2008.08.25 07:29:47.395,2.028,2.02855,1.30,4.30
2008.08.25 07:29:47.835,2.0279,2.02855,1.30,4.90
2008.08.25 07:29:48.007,2.02795,2.02845,1.30,2.10
2008.08.25 07:29:48.527,2.02795,2.0285,1.30,2.10
2008.08.25 07:29:48.703,2.02795,2.0285,1.30,4.80
2008.08.25 07:29:50.364,2.02795,2.0284,1.30,2.10
2008.08.25 07:29:50.560,2.028,2.0284,1.30,2.10
2008.08.25 07:29:52.261,2.028,2.0285,1.30,2.10
2008.08.25 07:29:52.691,2.028,2.02855,1.30,3.20
2008.08.25 07:29:52.796,2.02795,2.02855,1.30,3.90
2008.08.25 07:29:52.980,2.02795,2.02845,1.30,2.10
2008.08.25 07:29:53.535,2.02795,2.0285,1.30,4.80
2008.08.25 07:29:53.808,2.0279,2.0285,1.30,4.80
2008.08.25 07:29:55.431,2.0279,2.0284,1.30,2.10
2008.08.25 07:29:55.713,2.028,2.0284,1.30,2.10
2008.08.25 07:29:56.675,2.02785,2.02845,1.30,4.30
2008.08.25 07:29:56.867,2.02795,2.02845,1.30,4.30
2008.08.25 07:29:56.959,2.02795,2.02845,1.30,2.10
2008.08.25 07:29:57.123,2.0279,2.02845,3.20,2.80
2008.08.25 07:29:57.287,2.02775,2.02835,4.00,2.10
2008.08.25 07:29:57.455,2.02775,2.02835,4.00,5.40
2008.08.25 07:29:57.623,2.02775,2.0283,7.20,2.10
2008.08.25 07:29:57.792,2.02785,2.0283,1.30,2.10
2008.08.25 07:29:57.959,2.02785,2.0284,1.30,2.10
2008.08.25 07:30:01.031,2.0279,2.0284,1.30,2.10
2008.08.25 07:30:01.468,2.028,2.02845,1.30,6.40
2008.08.25 07:30:01.612,2.028,2.02845,1.30,5.40
2008.08.25 07:30:03.553,2.02805,2.02845,1.30,5.40
2008.08.25 07:30:03.717,2.0281,2.02845,1.30,2.10
2008.08.25 07:30:03.904,2.02805,2.0285,1.30,2.10
2008.08.25 07:30:05.397,2.0281,2.0285,1.30,2.10
2008.08.25 07:30:05.781,2.02805,2.0285,1.30,3.20
2008.08.25 07:30:05.888,2.02805,2.0285,1.30,2.10
2008.08.25 07:30:05.943,2.02805,2.02845,1.30,2.10
2008.08.25 07:30:06.047,2.02805,2.02845,1.30,5.40
2008.08.25 07:30:06.391,2.02805,2.0284,1.30,3.20
2008.08.25 07:30:06.763,2.02805,2.02825,1.30,3.20
2008.08.25 07:30:07.107,2.0278,2.02825,1.30,3.20
2008.08.25 07:30:08.711,2.0279,2.0282,1.30,3.20
2008.08.25 07:30:08.891,2.02785,2.02845,4.50,3.20
2008.08.25 07:30:09.835,2.0279,2.02845,1.30,3.20
2008.08.25 07:30:09.987,2.02795,2.02835,1.30,1.00
2008.08.25 07:30:10.195,2.02805,2.02845,1.30,4.80
2008.08.25 07:30:10.404,2.0281,2.02845,1.30,4.80
2008.08.25 07:30:10.611,2.0281,2.02845,1.30,4.30
2008.08.25 07:30:10.820,2.02805,2.0284,1.30,2.10
2008.08.25 07:30:11.028,2.02805,2.02845,4.50,4.30
2008.08.25 07:30:11.196,2.02795,2.02845,1.30,4.30
2008.08.25 07:30:11.364,2.02795,2.02845,1.30,2.10
2008.08.25 07:30:11.710,2.028,2.0285,1.30,2.70
2008.08.25 07:30:12.040,2.028,2.02855,1.30,5.40
2008.08.25 07:30:12.255,2.02795,2.02855,1.30,17.20
2008.08.25 07:30:12.469,2.02795,2.02845,1.30,2.10
2008.08.25 07:30:13.107,2.02795,2.0285,1.30,4.80
2008.08.25 07:30:14.105,2.02805,2.0285,1.30,4.80
2008.08.25 07:30:14.380,2.02805,2.02855,1.30,12.90
2008.08.25 07:30:14.524,2.02795,2.0284,1.30,2.10
2008.08.25 07:30:14.807,2.0281,2.0285,1.30,4.30
2008.08.25 07:30:14.951,2.02805,2.0285,1.30,2.10
2008.08.25 07:30:15.098,2.028,2.02855,1.30,4.80
2008.08.25 07:30:15.253,2.028,2.02855,1.30,7.00
2008.08.25 07:30:15.507,2.028,2.02855,1.30,4.80
2008.08.25 07:30:16.264,2.028,2.02855,1.30,2.70
2008.08.25 07:30:16.515,2.0279,2.02845,2.70,1.00
2008.08.25 07:30:16.587,2.0278,2.0283,3.50,1.00
2008.08.25 07:30:16.735,2.0278,2.0283,1.30,1.00
2008.08.25 07:30:16.880,2.0278,2.0283,1.30,6.40
2008.08.25 07:30:17.045,2.0278,2.0283,1.30,3.20
2008.08.25 07:30:17.191,2.02785,2.0283,1.30,3.20
2008.08.25 07:30:17.268,2.0278,2.0283,1.30,1.80
2008.08.25 07:30:17.344,2.0278,2.0283,1.30,5.10
2008.08.25 07:30:17.694,2.0278,2.0283,1.30,7.20
2008.08.25 07:30:18.033,2.0278,2.0283,1.30,2.70
2008.08.25 07:30:20.080,2.0278,2.0283,1.30,7.20
2008.08.25 07:30:21.344,2.02775,2.02835,1.30,7.90
2008.08.25 07:30:21.472,2.02775,2.02835,1.30,9.00
2008.08.25 07:30:21.551,2.02775,2.0282,1.30,1.00
2008.08.25 07:30:21.720,2.0276,2.02825,1.30,1.70
2008.08.25 07:30:21.776,2.0276,2.02825,1.30,5.50
2008.08.25 07:30:21.891,2.0277,2.02825,1.30,4.80
2008.08.25 07:30:21.947,2.0277,2.02815,1.30,2.70
2008.08.25 07:30:22.171,2.0277,2.0282,1.30,2.70
2008.08.25 07:30:22.227,2.0277,2.0281,1.30,3.20
2008.08.25 07:30:22.339,2.0277,2.0281,1.30,4.30
2008.08.25 07:30:22.478,2.0276,2.0281,1.30,4.30
2008.08.25 07:30:22.719,2.0276,2.02815,1.30,9.10
2008.08.25 07:30:22.960,2.0276,2.028,1.30,1.00
2008.08.25 07:30:26.885,2.02755,2.028,1.30,1.00
2008.08.25 07:30:27.082,2.02755,2.0279,1.30,3.20
2008.08.25 07:30:29.212,2.02755,2.02805,1.30,7.50
2008.08.25 07:30:29.419,2.0276,2.02805,1.30,7.50
2008.08.25 07:30:29.515,2.0276,2.028,1.30,4.30
2008.08.25 07:30:38.024,2.0276,2.028,1.30,1.00
2008.08.25 07:30:38.495,2.02755,2.028,1.30,1.00
2008.08.25 07:30:38.639,2.02755,2.02805,1.30,3.70
2008.08.25 07:30:38.979,2.02755,2.0279,1.30,3.20
2008.08.25 07:30:43.873,2.02755,2.02805,1.30,4.30
2008.08.25 07:30:44.195,2.02755,2.02805,1.30,2.70
2008.08.25 07:30:44.523,2.0276,2.02805,1.30,2.70
2008.08.25 07:30:44.687,2.02765,2.02815,1.30,8.60
2008.08.25 07:30:44.851,2.02765,2.02815,1.30,7.50
2008.08.25 07:30:45.191,2.0277,2.0281,1.30,4.80
2008.08.25 07:30:49.179,2.0277,2.0281,1.30,3.70
2008.08.25 07:30:50.195,2.0277,2.0281,1.30,4.80
2008.08.25 07:31:00.214,2.0277,2.0281,1.30,3.70
2008.08.25 07:31:00.468,2.0277,2.0281,1.30,1.00
2008.08.25 07:31:00.619,2.0277,2.02825,1.30,3.70
2008.08.25 07:31:00.772,2.02775,2.02825,4.50,3.70
2008.08.25 07:31:00.927,2.02775,2.02825,1.30,2.70
2008.08.25 07:31:01.235,2.02785,2.02825,4.50,1.00
2008.08.25 07:31:01.635,2.02785,2.0283,4.50,1.60
2008.08.25 07:31:02.235,2.0279,2.0283,3.20,1.60
2008.08.25 07:31:02.435,2.02775,2.02835,1.30,7.50
2008.08.25 07:31:03.093,2.02785,2.02835,1.30,7.50
2008.08.25 07:31:03.339,2.02785,2.0283,4.50,1.60
2008.08.25 07:31:04.247,2.02775,2.0283,1.30,4.80
2008.08.25 07:31:04.471,2.02775,2.02835,1.30,7.50
2008.08.25 07:31:05.320,2.0279,2.0283,3.20,1.60
2008.08.25 07:31:06.331,2.0278,2.0283,1.30,4.80
2008.08.25 07:31:06.503,2.02775,2.02835,1.30,8.20
2008.08.25 07:31:06.954,2.02765,2.0282,5.60,3.20
2008.08.25 07:31:07.863,2.02765,2.0282,4.30,3.70
2008.08.25 07:31:08.035,2.0277,2.0281,2.10,4.80
2008.08.25 07:31:08.208,2.02765,2.0281,3.50,3.70
2008.08.25 07:31:09.355,2.02765,2.02825,3.50,2.70
2008.08.25 07:31:09.447,2.02775,2.02825,1.30,2.70
2008.08.25 07:31:09.876,2.028,2.02835,1.00,8.10
2008.08.25 07:31:10.215,2.028,2.0283,1.00,3.20
2008.08.25 07:31:10.551,2.02775,2.0283,1.30,4.30
2008.08.25 07:31:10.671,2.02775,2.0283,4.50,1.00
2008.08.25 07:31:10.792,2.02775,2.02835,4.50,3.70
2008.08.25 07:31:10.915,2.02775,2.02835,1.30,7.00
2008.08.25 07:31:11.037,2.02775,2.02835,1.30,3.70
2008.08.25 07:31:11.159,2.02765,2.0284,3.50,3.30
2008.08.25 07:31:11.292,2.02765,2.0283,3.50,3.20
2008.08.25 07:31:11.416,2.0278,2.02835,3.20,2.70
2008.08.25 07:31:11.539,2.0278,2.02835,2.10,5.90
2008.08.25 07:31:11.659,2.0279,2.0283,2.10,3.20
2008.08.25 07:31:11.957,2.02805,2.0283,1.00,3.20
2008.08.25 07:31:12.255,2.02785,2.0283,2.10,3.20
2008.08.25 07:31:12.553,2.0278,2.0284,3.50,1.00
2008.08.25 07:31:12.851,2.0278,2.0284,8.20,1.00
2008.08.25 07:31:13.043,2.0278,2.0284,3.50,1.00
2008.08.25 07:31:13.619,2.02785,2.0284,1.30,1.00
2008.08.25 07:31:13.847,2.0281,2.0283,1.00,3.20
2008.08.25 07:31:13.923,2.0279,2.0284,2.10,1.00
2008.08.25 07:31:13.999,2.0279,2.02845,2.10,3.20
2008.08.25 07:31:14.075,2.02775,2.02845,1.30,3.20
2008.08.25 07:31:14.151,2.02775,2.02845,2.40,2.10
2008.08.25 07:31:14.227,2.02775,2.0285,4.50,6.60
2008.08.25 07:31:14.379,2.02785,2.0285,1.30,5.90
2008.08.25 07:31:14.457,2.02785,2.0285,1.30,7.50
2008.08.25 07:31:14.959,2.028,2.0285,1.30,1.00
2008.08.25 07:31:15.295,2.028,2.0285,1.30,3.20
2008.08.25 07:31:15.632,2.0281,2.0285,1.30,3.20
2008.08.25 07:31:15.879,2.02825,2.02865,1.00,3.20
2008.08.25 07:31:16.111,2.02825,2.0286,1.00,2.10
2008.08.25 07:31:16.343,2.02795,2.0286,4.50,2.70
2008.08.25 07:31:16.575,2.02795,2.02845,1.30,3.20
2008.08.25 07:31:16.807,2.02785,2.02845,6.20,3.20
2008.08.25 07:31:16.999,2.02785,2.02845,1.30,3.20
2008.08.25 07:31:17.587,2.02795,2.02855,1.30,8.10
2008.08.25 07:31:17.783,2.02795,2.02845,1.30,2.70
2008.08.25 07:31:18.067,2.02795,2.02845,1.30,5.90
2008.08.25 07:31:18.649,2.02795,2.0284,1.30,3.20
2008.08.25 07:31:20.155,2.0279,2.0284,1.30,3.20
2008.08.25 07:31:22.158,2.02795,2.0284,1.30,3.20
2008.08.25 07:31:23.040,2.02795,2.0284,1.30,5.40
2008.08.25 07:31:23.261,2.02795,2.0284,1.30,3.20
2008.08.25 07:31:23.479,2.02795,2.0284,1.30,4.30
2008.08.25 07:31:23.702,2.0279,2.02845,1.30,8.60
2008.08.25 07:31:23.924,2.0279,2.0283,1.30,3.20
2008.08.25 07:31:25.559,2.02785,2.0283,1.30,3.20
2008.08.25 07:31:25.840,2.02785,2.0283,1.30,5.40
2008.08.25 07:31:26.255,2.02785,2.0283,1.30,3.20
2008.08.25 07:31:26.391,2.0278,2.0283,1.30,3.20
2008.08.25 07:31:28.707,2.02755,2.02825,4.00,4.90
2008.08.25 07:31:29.046,2.02765,2.0282,1.30,2.70
2008.08.25 07:31:29.209,2.02765,2.02825,1.30,2.70
2008.08.25 07:31:29.373,2.0278,2.02825,1.30,2.70
2008.08.25 07:31:29.536,2.0277,2.0283,1.30,3.20
2008.08.25 07:31:29.713,2.0277,2.02835,1.30,17.80
2008.08.25 07:31:29.875,2.02775,2.02825,1.30,2.70
2008.08.25 07:31:30.035,2.0276,2.0281,1.30,3.20
2008.08.25 07:31:30.676,2.0276,2.02815,1.30,5.90
2008.08.25 07:31:30.999,2.02765,2.0282,1.30,7.00
2008.08.25 07:31:31.320,2.02765,2.02815,1.30,4.30
2008.08.25 07:31:31.584,2.02775,2.0283,1.30,9.10
2008.08.25 07:31:31.715,2.02765,2.0282,1.30,1.00
2008.08.25 07:31:31.847,2.02775,2.0282,1.30,1.00
2008.08.25 07:31:32.383,2.02765,2.0282,1.30,1.00
2008.08.25 07:31:32.663,2.02765,2.0283,1.30,1.70
2008.08.25 07:31:32.804,2.02775,2.02825,1.30,1.00
2008.08.25 07:31:33.087,2.02775,2.02835,1.30,7.00
2008.08.25 07:31:33.227,2.02765,2.0282,1.30,1.00
2008.08.25 07:31:33.467,2.02765,2.0281,4.00,1.00
2008.08.25 07:31:33.707,2.0276,2.02815,4.30,13.00
2008.08.25 07:31:33.947,2.0276,2.0281,1.30,2.70
2008.08.25 07:31:34.437,2.0276,2.0281,2.10,3.70
2008.08.25 07:31:34.715,2.0275,2.0281,1.30,1.70
2008.08.25 07:31:34.991,2.0275,2.02805,3.20,7.60
2008.08.25 07:31:35.268,2.0275,2.02795,3.20,1.00
2008.08.25 07:31:35.551,2.0274,2.0279,1.30,3.20
2008.08.25 07:31:35.831,2.0274,2.02795,1.30,5.90
2008.08.25 07:31:36.391,2.0275,2.02795,1.30,5.90
2008.08.25 07:31:36.543,2.0275,2.02795,1.30,2.70
2008.08.25 07:31:36.847,2.0275,2.028,1.30,2.70
2008.08.25 07:31:40.061,2.02745,2.028,1.30,2.70
2008.08.25 07:31:42.144,2.0276,2.028,1.30,2.70
2008.08.25 07:31:42.562,2.0276,2.028,1.30,1.00
2008.08.25 07:31:43.997,2.0275,2.028,1.30,1.00
2008.08.25 07:31:44.196,2.02745,2.028,5.60,2.70
2008.08.25 07:31:44.383,2.02745,2.0279,1.30,3.20
2008.08.25 07:31:44.556,2.02745,2.02795,1.30,5.90
2008.08.25 07:31:46.759,2.02745,2.02795,1.30,7.00
2008.08.25 07:31:49.147,2.0274,2.02795,1.30,7.00
2008.08.25 07:31:49.766,2.0274,2.02795,1.30,5.90
2008.08.25 07:31:49.894,2.02745,2.02795,1.30,5.90
2008.08.25 07:31:50.170,2.02745,2.0279,1.30,3.20
2008.08.25 07:31:52.294,2.0275,2.0279,1.30,3.20
2008.08.25 07:31:52.400,2.0275,2.02795,1.30,1.00
2008.08.25 07:31:58.939,2.0275,2.028,1.30,1.00
2008.08.25 07:32:00.183,2.0276,2.028,1.30,1.00
2008.08.25 07:32:00.431,2.0275,2.028,1.30,1.00
2008.08.25 07:32:00.556,2.0275,2.0279,1.30,1.00
2008.08.25 07:32:00.679,2.0276,2.0279,1.30,1.00
2008.08.25 07:32:00.813,2.02755,2.0279,1.30,1.00
2008.08.25 07:32:00.939,2.02765,2.028,1.30,1.00
2008.08.25 07:32:01.187,2.02765,2.02805,1.30,1.00
2008.08.25 07:32:01.581,2.02765,2.0281,1.30,3.20
2008.08.25 07:32:02.951,2.02765,2.0282,1.30,2.10
2008.08.25 07:32:03.150,2.0277,2.0282,1.30,3.20
2008.08.25 07:32:03.344,2.0277,2.02815,1.30,1.00
2008.08.25 07:32:04.230,2.02765,2.02805,4.00,1.00
2008.08.25 07:32:04.747,2.02765,2.02805,2.70,1.00
2008.08.25 07:32:05.263,2.02755,2.02805,1.30,1.00
2008.08.25 07:32:05.583,2.0275,2.02815,4.00,7.10
2008.08.25 07:32:05.903,2.02755,2.0281,1.30,5.40
2008.08.25 07:32:06.224,2.02755,2.0281,1.30,1.00
2008.08.25 07:32:07.119,2.02765,2.0281,1.30,1.00
2008.08.25 07:32:07.540,2.02765,2.0281,1.30,4.30
2008.08.25 07:32:07.944,2.02765,2.0281,1.30,3.20
2008.08.25 07:32:09.402,2.0277,2.0281,1.30,3.20
2008.08.25 07:32:11.307,2.02775,2.0281,1.30,3.20
2008.08.25 07:32:11.740,2.0277,2.0281,1.30,3.20
2008.08.25 07:32:12.125,2.0277,2.0281,1.30,4.30
2008.08.25 07:32:12.214,2.02765,2.0281,1.30,4.30
2008.08.25 07:32:15.179,2.02765,2.0281,1.30,3.20
2008.08.25 07:32:15.424,2.0276,2.0281,1.30,3.20
2008.08.25 07:32:16.267,2.02775,2.0281,1.30,3.20
2008.08.25 07:32:21.313,2.02775,2.0281,1.30,3.20
2008.08.25 07:32:23.899,2.0277,2.0281,1.30,3.20
2008.08.25 07:32:24.123,2.02765,2.0281,1.30,3.20
2008.08.25 07:32:25.294,2.02775,2.0281,1.30,3.20
2008.08.25 07:32:27.043,2.0278,2.0281,1.30,3.20
2008.08.25 07:32:28.132,2.02765,2.0281,2.70,3.20
2008.08.25 07:32:28.459,2.0276,2.0281,1.30,3.20
2008.08.25 07:32:28.951,2.02775,2.02825,1.30,15.10
2008.08.25 07:32:29.115,2.02775,2.0282,1.30,12.90
2008.08.25 07:32:29.379,2.0278,2.0282,1.30,6.40
2008.08.25 07:32:29.643,2.0278,2.0281,1.30,3.20
2008.08.25 07:32:29.907,2.02775,2.0281,1.30,3.20
2008.08.25 07:32:30.171,2.0279,2.0281,1.30,3.20
2008.08.25 07:32:30.435,2.0279,2.02845,1.30,1.00
2008.08.25 07:32:30.739,2.02785,2.02855,1.30,5.40
2008.08.25 07:32:31.043,2.02785,2.02855,1.30,7.50
2008.08.25 07:32:31.743,2.02785,2.02845,1.30,7.50
2008.08.25 07:32:32.271,2.0279,2.02845,1.30,7.50
2008.08.25 07:32:37.687,2.0279,2.02845,1.30,12.90
2008.08.25 07:32:37.919,2.02775,2.0283,1.30,1.00
2008.08.25 07:32:38.035,2.02775,2.0282,1.30,3.20
2008.08.25 07:32:39.651,2.0278,2.0282,1.30,3.20
2008.08.25 07:32:41.575,2.02785,2.0282,1.30,3.20
2008.08.25 07:32:41.741,2.02785,2.02845,1.30,2.70
2008.08.25 07:32:41.763,2.02785,2.02845,1.30,8.60
2008.08.25 07:32:41.860,2.02785,2.02845,1.30,5.40
2008.08.25 07:32:41.907,2.02785,2.02845,1.30,3.20
2008.08.25 07:32:41.951,2.02795,2.02845,1.30,3.20
2008.08.25 07:32:43.038,2.02795,2.0284,1.30,4.30
2008.08.25 07:32:43.374,2.02795,2.0284,1.30,1.00
2008.08.25 07:32:44.426,2.02795,2.0284,1.30,2.10
2008.08.25 07:32:44.655,2.02785,2.0284,1.30,2.10
2008.08.25 07:32:45.478,2.0279,2.0284,1.30,2.10
2008.08.25 07:32:45.779,2.0279,2.0284,1.30,1.00
2008.08.25 07:32:46.944,2.0278,2.02845,4.00,1.70
2008.08.25 07:32:47.029,2.0278,2.02845,4.00,2.80
2008.08.25 07:32:47.070,2.0278,2.02845,1.30,6.00
2008.08.25 07:32:47.182,2.0278,2.02845,1.30,8.70
2008.08.25 07:32:47.230,2.0278,2.0283,1.30,1.00
2008.08.25 07:32:47.583,2.0279,2.0283,1.30,1.00
2008.08.25 07:32:48.942,2.02785,2.0283,1.30,1.00
2008.08.25 07:32:49.547,2.02785,2.02835,1.30,1.00
2008.08.25 07:32:49.751,2.028,2.02845,1.30,8.60
2008.08.25 07:32:49.950,2.028,2.02845,1.30,6.40
2008.08.25 07:32:50.150,2.028,2.0284,1.30,3.20
2008.08.25 07:32:51.213,2.0279,2.0284,1.30,3.20
2008.08.25 07:32:53.814,2.02785,2.0284,1.30,3.20
2008.08.25 07:32:53.918,2.02785,2.02845,1.30,8.60
2008.08.25 07:32:54.766,2.0278,2.02845,1.30,9.30
2008.08.25 07:32:55.094,2.0278,2.02845,1.30,12.50
2008.08.25 07:32:55.270,2.02785,2.0284,1.30,2.70
2008.08.25 07:32:55.435,2.02785,2.0283,1.30,3.20
2008.08.25 07:32:55.731,2.0279,2.0284,1.30,2.10
2008.08.25 07:32:56.027,2.0279,2.0284,1.30,3.20
2008.08.25 07:32:56.324,2.0279,2.0284,1.30,2.10
2008.08.25 07:32:56.698,2.0279,2.0284,1.30,3.20
2008.08.25 07:32:57.906,2.0279,2.0284,1.30,5.90
2008.08.25 07:33:00.018,2.0278,2.0284,1.30,6.60
2008.08.25 07:33:00.224,2.0278,2.0283,1.30,3.20
2008.08.25 07:33:00.404,2.02775,2.0283,1.30,5.40
2008.08.25 07:33:00.980,2.02775,2.02835,1.30,8.10
2008.08.25 07:33:01.343,2.02775,2.02835,4.50,4.80
2008.08.25 07:33:01.511,2.02775,2.02835,1.30,8.10
2008.08.25 07:33:01.623,2.02775,2.02835,4.50,4.80
2008.08.25 07:33:02.928,2.02775,2.0283,4.50,2.10
2008.08.25 07:33:04.275,2.02775,2.0283,1.30,5.40
2008.08.25 07:33:04.411,2.0278,2.0283,1.30,5.40
2008.08.25 07:33:04.752,2.0278,2.0283,1.30,6.40
2008.08.25 07:33:06.063,2.0278,2.0283,1.30,11.80
2008.08.25 07:33:06.462,2.0278,2.0283,1.30,12.40
2008.08.25 07:33:06.706,2.0278,2.0283,1.30,14.50
2008.08.25 07:33:09.243,2.02775,2.0283,1.30,14.50
2008.08.25 07:33:09.612,2.0279,2.0283,1.30,14.50
2008.08.25 07:33:09.792,2.0279,2.0283,1.30,13.50
2008.08.25 07:33:10.066,2.0279,2.0283,1.30,5.90
2008.08.25 07:33:11.906,2.02765,2.02835,4.00,6.60
2008.08.25 07:33:11.984,2.02765,2.0282,4.00,3.20
2008.08.25 07:33:12.134,2.02765,2.0282,1.30,3.20
2008.08.25 07:33:12.211,2.02765,2.0283,1.30,3.20
2008.08.25 07:33:12.286,2.0277,2.0283,2.70,3.20
2008.08.25 07:33:12.363,2.02775,2.0283,1.30,3.20
2008.08.25 07:33:17.652,2.02785,2.0282,1.30,3.20
2008.08.25 07:33:17.783,2.02785,2.02845,1.30,6.40
2008.08.25 07:33:17.975,2.02785,2.02845,1.30,2.10
2008.08.25 07:33:20.624,2.02795,2.0284,1.30,2.10
2008.08.25 07:33:20.775,2.02795,2.02845,1.30,5.40
2008.08.25 07:33:21.055,2.0279,2.02845,1.30,8.60
2008.08.25 07:33:21.194,2.02785,2.02845,1.30,8.60
2008.08.25 07:33:21.334,2.02785,2.02845,1.30,9.10
2008.08.25 07:33:21.755,2.0279,2.0283,1.30,3.20
2008.08.25 07:33:21.934,2.0279,2.0283,1.30,3.70
2008.08.25 07:33:22.115,2.02795,2.0283,1.30,3.70
2008.08.25 07:33:22.295,2.02795,2.02845,1.30,4.80
2008.08.25 07:33:22.654,2.0279,2.02845,1.30,4.80
2008.08.25 07:33:22.835,2.0279,2.02845,1.30,8.10
2008.08.25 07:33:23.091,2.0279,2.0284,1.30,5.40
2008.08.25 07:33:23.603,2.0278,2.02835,2.70,1.00
2008.08.25 07:33:23.859,2.0277,2.0282,1.30,8.60
2008.08.25 07:33:23.958,2.0277,2.0282,1.30,10.80
2008.08.25 07:33:24.258,2.02775,2.0281,1.30,3.20
2008.08.25 07:33:24.570,2.02775,2.0282,1.30,10.80
2008.08.25 07:33:24.670,2.0277,2.0282,1.30,10.80
2008.08.25 07:33:24.771,2.0277,2.0281,1.30,3.20
2008.08.25 07:33:25.780,2.02775,2.02825,1.30,6.40
2008.08.25 07:33:26.116,2.0278,2.0282,1.30,8.10
2008.08.25 07:33:26.176,2.0278,2.0282,1.30,5.90
2008.08.25 07:33:26.236,2.0278,2.0282,1.30,1.00
2008.08.25 07:33:26.577,2.02775,2.0282,1.30,1.00
2008.08.25 07:33:26.761,2.02775,2.0282,4.50,1.00
2008.08.25 07:33:27.231,2.02775,2.02835,4.50,5.90
2008.08.25 07:33:27.638,2.02775,2.0282,4.50,1.00
2008.08.25 07:33:27.843,2.0278,2.0282,1.30,1.00
2008.08.25 07:33:28.617,2.02775,2.0282,1.30,1.00
2008.08.25 07:33:28.779,2.02775,2.0282,4.50,1.00
2008.08.25 07:33:29.466,2.02775,2.02835,4.50,5.90
2008.08.25 07:33:29.674,2.02775,2.0283,4.50,4.80
2008.08.25 07:33:29.732,2.02785,2.0282,1.30,1.00
2008.08.25 07:33:30.178,2.028,2.02845,1.30,2.70
2008.08.25 07:33:30.851,2.028,2.0285,1.30,1.00
2008.08.25 07:33:31.187,2.02795,2.02845,2.70,14.70
2008.08.25 07:33:31.467,2.02785,2.02845,1.30,12.50
2008.08.25 07:33:31.888,2.028,2.0284,1.30,10.80
2008.08.25 07:33:32.011,2.028,2.0284,1.30,8.60
2008.08.25 07:33:32.147,2.028,2.0284,1.30,3.20
2008.08.25 07:33:32.394,2.0279,2.0284,4.00,3.20
2008.08.25 07:33:32.774,2.0279,2.0284,1.30,3.20
2008.08.25 07:33:33.371,2.0278,2.0284,2.70,3.90
2008.08.25 07:33:33.608,2.02775,2.0283,8.90,1.00
2008.08.25 07:33:34.078,2.0279,2.0284,1.30,5.90
2008.08.25 07:33:34.170,2.0279,2.0284,1.30,2.70
2008.08.25 07:33:34.354,2.0279,2.02855,1.30,7.50
2008.08.25 07:33:34.446,2.02795,2.02855,1.30,5.40
2008.08.25 07:33:34.539,2.02795,2.02855,1.30,8.60
2008.08.25 07:33:34.826,2.02795,2.0285,1.30,4.30
2008.08.25 07:33:34.919,2.02795,2.0285,1.30,1.00
2008.08.25 07:33:35.256,2.0282,2.02855,1.30,1.00
2008.08.25 07:33:35.927,2.0283,2.0287,1.30,3.20
2008.08.25 07:33:36.264,2.0284,2.0287,1.30,1.00
2008.08.25 07:33:36.399,2.0284,2.02885,1.30,4.30
2008.08.25 07:33:36.533,2.0284,2.0288,1.30,2.10
2008.08.25 07:33:36.799,2.0283,2.0288,1.30,2.10
2008.08.25 07:33:36.935,2.02835,2.0287,1.30,3.20
2008.08.25 07:33:37.179,2.0283,2.0287,1.30,3.20
2008.08.25 07:33:37.423,2.02845,2.0287,1.30,3.20
2008.08.25 07:33:37.902,2.02845,2.02885,1.30,10.20
2008.08.25 07:33:38.142,2.0284,2.0288,1.30,2.10
2008.08.25 07:33:38.418,2.0284,2.0287,1.30,3.20
2008.08.25 07:33:38.694,2.0284,2.02875,1.30,2.10
2008.08.25 07:33:38.970,2.0284,2.0287,1.30,5.40
2008.08.25 07:33:39.462,2.0285,2.0287,1.30,5.40
2008.08.25 07:33:39.678,2.0285,2.02885,1.30,8.60
2008.08.25 07:33:40.110,2.0285,2.0288,1.30,6.40
2008.08.25 07:33:40.550,2.0285,2.0287,1.30,3.20
2008.08.25 07:33:40.772,2.02855,2.02875,1.30,1.00
2008.08.25 07:33:40.991,2.02845,2.02875,1.30,1.00
2008.08.25 07:33:41.211,2.0284,2.0287,1.30,3.20
2008.08.25 07:33:41.620,2.02825,2.0287,1.30,3.20
2008.08.25 07:33:41.863,2.02825,2.0286,1.30,1.00
2008.08.25 07:33:41.943,2.02825,2.0287,1.30,5.40
2008.08.25 07:33:42.103,2.02825,2.0285,1.30,3.20
2008.08.25 07:33:42.287,2.02825,2.0287,1.30,3.20
2008.08.25 07:33:42.505,2.02825,2.0285,1.30,3.20
2008.08.25 07:33:42.819,2.0282,2.0285,1.30,3.20
2008.08.25 07:33:45.066,2.02825,2.0284,1.30,3.20
2008.08.25 07:33:45.458,2.0282,2.0284,1.30,3.20
2008.08.25 07:33:47.095,2.0283,2.0284,1.30,3.20
2008.08.25 07:33:47.453,2.0283,2.0288,1.30,2.10
2008.08.25 07:33:48.489,2.0282,2.0287,1.30,2.10
2008.08.25 07:33:49.686,2.0282,2.0285,1.30,3.20
2008.08.25 07:33:53.078,2.0282,2.0288,1.30,3.20
2008.08.25 07:33:57.164,2.02805,2.02865,5.90,1.70
2008.08.25 07:33:57.306,2.02805,2.0285,2.70,3.20
2008.08.25 07:33:57.378,2.028,2.0285,4.00,3.20
2008.08.25 07:33:57.523,2.028,2.0285,1.30,3.20
2008.08.25 07:34:01.874,2.028,2.0284,1.30,4.30
2008.08.25 07:34:01.918,2.02795,2.0284,1.30,4.30
2008.08.25 07:34:01.962,2.02795,2.0284,1.30,5.40
2008.08.25 07:34:02.243,2.02795,2.0284,1.30,4.30
2008.08.25 07:34:02.802,2.02795,2.0284,1.30,3.20
2008.08.25 07:34:03.082,2.02795,2.0284,1.30,4.30
2008.08.25 07:34:03.547,2.028,2.0284,1.30,4.30
2008.08.25 07:34:03.732,2.02795,2.0284,1.30,1.00
2008.08.25 07:34:03.918,2.02795,2.0283,1.30,4.30
2008.08.25 07:34:04.438,2.0277,2.0283,1.30,4.30
2008.08.25 07:34:06.728,2.0279,2.02835,1.30,4.30
2008.08.25 07:34:06.960,2.0279,2.0284,1.30,5.40
2008.08.25 07:34:07.074,2.0279,2.0285,1.30,2.70
2008.08.25 07:34:07.534,2.0279,2.02855,1.30,8.60
2008.08.25 07:34:07.778,2.028,2.02855,1.30,6.40
2008.08.25 07:34:08.455,2.028,2.0284,1.30,5.40
2008.08.25 07:34:08.694,2.02775,2.02845,1.30,11.40
2008.08.25 07:34:09.174,2.02775,2.02845,4.00,13.60
2008.08.25 07:34:09.426,2.02775,2.02845,1.30,15.70
2008.08.25 07:34:09.678,2.02775,2.02845,1.30,14.70
2008.08.25 07:34:09.930,2.0278,2.02845,1.30,17.90
2008.08.25 07:34:10.414,2.0278,2.02845,1.30,14.70
2008.08.25 07:34:10.646,2.0279,2.02835,1.30,1.00
2008.08.25 07:34:10.878,2.0279,2.0284,1.30,5.40
2008.08.25 07:34:11.110,2.02785,2.0284,1.30,4.30
2008.08.25 07:34:11.423,2.0278,2.0283,1.30,2.10
2008.08.25 07:34:11.735,2.0278,2.0282,1.30,1.00
2008.08.25 07:34:12.046,2.0278,2.02825,1.30,3.20
2008.08.25 07:34:12.358,2.02765,2.0281,1.30,3.20
2008.08.25 07:34:14.550,2.02765,2.02825,1.30,15.70
2008.08.25 07:34:14.735,2.0277,2.0282,1.30,3.20
2008.08.25 07:34:14.918,2.0277,2.0282,1.30,2.10
2008.08.25 07:34:16.072,2.0277,2.02825,1.30,3.20
2008.08.25 07:34:16.302,2.02775,2.02825,4.50,2.10
2008.08.25 07:34:16.554,2.02775,2.0283,4.50,2.10
2008.08.25 07:34:20.953,2.02775,2.02835,4.50,6.40
2008.08.25 07:34:21.830,2.02775,2.0283,4.50,2.10
2008.08.25 07:34:24.635,2.02775,2.0283,4.50,3.20
2008.08.25 07:34:30.736,2.02775,2.0283,4.50,2.10
2008.08.25 07:34:31.239,2.02775,2.02835,4.50,7.50
2008.08.25 07:34:32.480,2.02775,2.0282,4.50,1.00
2008.08.25 07:34:32.617,2.02775,2.0282,1.30,1.00
2008.08.25 07:34:32.945,2.02775,2.0282,4.50,1.00
2008.08.25 07:34:32.965,2.02775,2.02825,4.50,1.00
2008.08.25 07:34:33.336,2.02775,2.0283,4.50,3.20
2008.08.25 07:34:34.559,2.02775,2.02825,4.50,2.10
2008.08.25 07:34:35.514,2.02775,2.02815,1.30,1.00
2008.08.25 07:34:37.510,2.02775,2.0282,1.30,2.10
2008.08.25 07:34:37.662,2.02775,2.02825,1.30,4.80
2008.08.25 07:34:37.966,2.02775,2.02825,4.50,4.80
2008.08.25 07:34:38.118,2.02775,2.02825,4.50,2.70
2008.08.25 07:34:38.422,2.02775,2.02825,4.50,1.00
2008.08.25 07:34:38.846,2.02775,2.0282,4.50,1.00
2008.08.25 07:34:39.118,2.02785,2.0282,1.30,1.00
2008.08.25 07:34:39.390,2.02785,2.02835,1.30,5.40
2008.08.25 07:34:39.662,2.02785,2.0283,1.30,3.20
2008.08.25 07:34:39.934,2.02785,2.0283,1.30,6.40
2008.08.25 07:34:40.159,2.02785,2.0283,1.30,2.70
2008.08.25 07:34:41.970,2.0276,2.0283,1.30,3.30
2008.08.25 07:34:42.083,2.0276,2.02815,1.30,3.20
2008.08.25 07:34:42.906,2.02745,2.02815,6.20,3.90
2008.08.25 07:34:43.106,2.0275,2.0281,1.30,3.90
2008.08.25 07:34:43.306,2.0276,2.02805,1.30,3.20
2008.08.25 07:34:43.482,2.0276,2.02815,1.30,8.10
2008.08.25 07:34:44.162,2.0276,2.0281,1.30,5.40
2008.08.25 07:34:45.627,2.0276,2.0281,1.30,6.40
2008.08.25 07:34:47.670,2.0276,2.02805,1.30,1.00
2008.08.25 07:34:51.882,2.0275,2.02805,1.30,1.00
2008.08.25 07:34:52.100,2.0275,2.02805,1.30,3.70
2008.08.25 07:34:52.165,2.0275,2.02805,1.30,2.70
2008.08.25 07:34:52.335,2.0276,2.02805,1.30,2.70
2008.08.25 07:34:52.534,2.0276,2.0281,1.30,8.60
2008.08.25 07:34:52.646,2.0276,2.0281,1.30,6.40
2008.08.25 07:34:53.598,2.0276,2.02805,1.30,1.00
2008.08.25 07:35:01.126,2.0276,2.028,1.30,1.00
2008.08.25 07:35:01.470,2.0276,2.0281,1.30,3.20
2008.08.25 07:35:03.162,2.0276,2.0281,1.30,4.30
2008.08.25 07:35:03.538,2.0276,2.0281,1.30,3.20
2008.08.25 07:35:04.408,2.0276,2.0281,1.30,5.40
2008.08.25 07:35:05.422,2.0276,2.0281,1.30,3.20
2008.08.25 07:35:06.355,2.0276,2.0282,1.30,5.90
2008.08.25 07:35:06.788,2.0276,2.0281,1.30,1.00
2008.08.25 07:35:06.906,2.0276,2.0281,1.30,4.30
2008.08.25 07:35:07.338,2.0276,2.0281,1.30,1.00
2008.08.25 07:35:07.554,2.0276,2.0282,1.30,3.70
2008.08.25 07:35:09.426,2.02755,2.0281,1.30,1.00
2008.08.25 07:35:11.138,2.02755,2.0282,1.30,7.10
2008.08.25 07:35:11.501,2.02755,2.0282,1.30,4.90
2008.08.25 07:35:12.682,2.02755,2.0281,1.30,1.00
2008.08.25 07:35:16.775,2.02755,2.0281,1.30,4.30
2008.08.25 07:35:17.112,2.02755,2.02815,1.30,7.00
2008.08.25 07:35:17.195,2.02755,2.02815,1.30,9.10
2008.08.25 07:35:17.850,2.02755,2.02815,1.30,11.30
2008.08.25 07:35:19.558,2.02755,2.02805,1.30,1.00
2008.08.25 07:35:20.427,2.0275,2.0281,1.30,4.90
2008.08.25 07:35:20.812,2.0275,2.0281,1.30,3.90
2008.08.25 07:35:21.388,2.0275,2.028,1.30,2.10
2008.08.25 07:35:21.579,2.0275,2.028,1.30,1.00
2008.08.25 07:35:21.988,2.0275,2.028,1.30,3.20
2008.08.25 07:35:22.410,2.0275,2.028,1.30,1.00
2008.08.25 07:35:23.403,2.0275,2.0279,1.30,1.00
2008.08.25 07:35:23.968,2.02745,2.0279,1.30,1.00
2008.08.25 07:35:31.958,2.02745,2.02795,1.30,1.00
2008.08.25 07:35:33.679,2.02745,2.0279,1.30,1.00
2008.08.25 07:35:43.446,2.02745,2.028,1.30,3.20
2008.08.25 07:35:45.802,2.02735,2.0279,5.60,3.20
2008.08.25 07:35:46.002,2.02735,2.0279,1.30,3.20
2008.08.25 07:35:47.620,2.0274,2.0279,1.30,3.20
2008.08.25 07:35:54.201,2.02735,2.0279,2.40,3.20
2008.08.25 07:35:54.462,2.02735,2.0279,1.30,3.20
2008.08.25 07:35:57.950,2.0274,2.0279,1.30,3.20
2008.08.25 07:35:59.322,2.02735,2.0279,3.50,3.20
2008.08.25 07:35:59.518,2.02735,2.0279,1.30,10.80
2008.08.25 07:35:59.714,2.02735,2.0279,1.30,14.00
2008.08.25 07:35:59.914,2.02725,2.02785,3.50,2.70
2008.08.25 07:36:00.314,2.02725,2.0279,3.50,3.90
2008.08.25 07:36:01.911,2.02735,2.02785,1.30,3.20
2008.08.25 07:36:02.031,2.02735,2.02795,1.30,14.50
2008.08.25 07:36:02.150,2.02735,2.02795,1.30,13.50
2008.08.25 07:36:04.672,2.02735,2.02795,1.30,14.50
2008.08.25 07:36:05.478,2.02735,2.02795,1.30,16.70
2008.08.25 07:36:07.290,2.02725,2.0279,1.30,13.60
2008.08.25 07:36:07.464,2.02735,2.02795,1.30,16.70
2008.08.25 07:36:08.373,2.02725,2.0279,1.30,13.60
2008.08.25 07:36:08.578,2.02725,2.0279,1.30,3.90
2008.08.25 07:36:08.987,2.02725,2.0278,1.30,1.00
2008.08.25 07:36:10.142,2.02725,2.0279,1.30,4.90
2008.08.25 07:36:10.458,2.02735,2.02795,1.30,15.60
2008.08.25 07:36:10.607,2.02735,2.02795,1.30,8.10
2008.08.25 07:36:10.902,2.02735,2.02795,1.30,10.20
2008.08.25 07:36:11.198,2.02735,2.02795,1.30,10.90
2008.08.25 07:36:11.505,2.02735,2.02785,1.30,1.00
2008.08.25 07:36:11.670,2.0274,2.02785,1.30,1.00
2008.08.25 07:36:12.195,2.0274,2.02795,1.30,15.60
2008.08.25 07:36:12.370,2.0274,2.0278,1.30,2.10
2008.08.25 07:36:13.254,2.02735,2.02795,1.30,8.20
2008.08.25 07:36:13.378,2.02735,2.02795,1.30,10.90
2008.08.25 07:36:13.502,2.02735,2.02785,1.30,1.00
2008.08.25 07:36:13.770,2.02735,2.0279,1.30,3.20
2008.08.25 07:36:14.658,2.02735,2.02795,1.30,20.60
2008.08.25 07:36:15.106,2.0274,2.02795,1.30,17.80
2008.08.25 07:36:15.330,2.0274,2.02795,1.30,13.50
2008.08.25 07:36:15.554,2.0274,2.02795,1.30,8.10
2008.08.25 07:36:15.778,2.0274,2.02795,1.30,11.30
2008.08.25 07:36:16.054,2.02735,2.02795,1.30,15.20
2008.08.25 07:36:16.330,2.02735,2.02795,1.30,20.60
2008.08.25 07:36:16.994,2.0274,2.02795,1.30,19.90
2008.08.25 07:36:17.118,2.02735,2.02795,1.30,20.60
2008.08.25 07:36:17.241,2.02735,2.02795,1.30,17.40
2008.08.25 07:36:17.490,2.02735,2.02795,1.30,18.40
2008.08.25 07:36:17.613,2.02735,2.02795,1.30,19.50
2008.08.25 07:36:18.093,2.02735,2.02795,1.30,21.70
2008.08.25 07:36:18.410,2.0274,2.02795,1.30,21.00
2008.08.25 07:36:18.827,2.0274,2.02795,1.30,15.60
2008.08.25 07:36:19.010,2.0274,2.02795,1.30,5.90
2008.08.25 07:36:19.194,2.0274,2.0279,1.30,3.20
2008.08.25 07:36:27.958,2.0274,2.0279,1.30,4.30
2008.08.25 07:36:28.054,2.0273,2.02775,2.70,3.20
2008.08.25 07:36:28.778,2.0272,2.02775,1.30,3.20
2008.08.25 07:36:29.120,2.02725,2.0277,1.30,3.20
2008.08.25 07:36:29.459,2.0273,2.02785,1.30,1.00
2008.08.25 07:36:30.070,2.0274,2.02785,1.30,1.00
2008.08.25 07:36:30.274,2.0274,2.02795,1.30,7.00
2008.08.25 07:36:30.479,2.0274,2.02795,1.30,5.90
2008.08.25 07:36:30.758,2.0274,2.02785,1.30,2.70
2008.08.25 07:36:31.049,2.02725,2.0277,3.50,3.20
2008.08.25 07:36:31.331,2.02725,2.0277,1.30,3.20
2008.08.25 07:36:32.784,2.02725,2.02775,1.30,1.00
2008.08.25 07:36:33.114,2.02725,2.02775,3.50,1.00
2008.08.25 07:36:33.341,2.02725,2.02785,2.10,8.10
2008.08.25 07:36:33.510,2.0272,2.02785,2.10,8.10
2008.08.25 07:36:33.964,2.0272,2.0277,2.10,3.20
2008.08.25 07:36:34.307,2.0273,2.02805,1.30,19.50
2008.08.25 07:36:34.645,2.0273,2.02805,1.30,12.00
2008.08.25 07:36:34.991,2.0273,2.02795,1.30,1.00
2008.08.25 07:36:40.746,2.0274,2.02785,1.30,1.00
2008.08.25 07:36:40.987,2.0274,2.02795,1.30,5.90
2008.08.25 07:36:41.388,2.0274,2.0279,1.30,3.20
2008.08.25 07:36:48.123,2.02735,2.0279,1.30,3.20
2008.08.25 07:36:48.546,2.02735,2.0279,1.30,4.30
2008.08.25 07:36:48.817,2.02735,2.02795,1.30,6.40
2008.08.25 07:36:48.953,2.0273,2.0279,4.00,3.90
2008.08.25 07:36:49.105,2.0273,2.0279,1.30,1.70
2008.08.25 07:36:49.619,2.0273,2.02775,1.30,3.20
2008.08.25 07:36:49.945,2.0272,2.02775,1.30,3.20
2008.08.25 07:36:52.492,2.0272,2.02775,5.40,6.60
2008.08.25 07:36:52.615,2.0272,2.02775,5.40,7.60
2008.08.25 07:36:52.738,2.0272,2.02775,1.30,9.10
2008.08.25 07:36:53.069,2.0272,2.0277,1.30,3.20
2008.08.25 07:36:53.693,2.02735,2.02795,1.30,4.30
2008.08.25 07:36:53.902,2.02745,2.02795,4.50,1.00
2008.08.25 07:36:54.310,2.0275,2.02795,1.30,1.00
2008.08.25 07:36:54.718,2.02755,2.0279,1.30,1.00
2008.08.25 07:36:54.922,2.02755,2.028,1.30,1.00
2008.08.25 07:36:57.121,2.02745,2.02785,2.70,1.00
2008.08.25 07:36:57.231,2.02745,2.02785,2.70,1.70
2008.08.25 07:36:57.384,2.02745,2.02775,2.70,3.20
2008.08.25 07:36:57.478,2.02745,2.02775,4.00,3.20
2008.08.25 07:36:57.502,2.02745,2.0278,4.00,3.20
2008.08.25 07:36:57.557,2.02745,2.02785,1.30,5.90
2008.08.25 07:36:57.606,2.02745,2.02785,4.50,5.90
2008.08.25 07:36:57.638,2.02745,2.02785,4.50,2.70
2008.08.25 07:36:57.672,2.02755,2.02785,1.30,2.70
2008.08.25 07:36:57.889,2.02755,2.02795,1.30,3.20
2008.08.25 07:36:57.938,2.02755,2.02795,1.30,1.00
2008.08.25 07:37:04.698,2.02755,2.028,1.30,1.00
2008.08.25 07:37:06.680,2.0274,2.0278,2.70,3.20
2008.08.25 07:37:06.903,2.02745,2.028,4.50,8.60
2008.08.25 07:37:07.131,2.0275,2.02815,1.30,3.20
2008.08.25 07:37:07.356,2.02745,2.02815,4.50,3.20
2008.08.25 07:37:07.433,2.02745,2.02815,4.50,9.10
2008.08.25 07:37:07.753,2.0275,2.02805,1.30,7.00
2008.08.25 07:37:07.833,2.0275,2.02805,1.30,3.70
2008.08.25 07:37:08.153,2.02755,2.02805,1.30,3.70
2008.08.25 07:37:08.313,2.0275,2.02805,1.30,2.70
2008.08.25 07:37:08.474,2.02755,2.02805,1.30,2.70
2008.08.25 07:37:08.994,2.02755,2.0281,1.30,2.10
2008.08.25 07:37:14.425,2.02755,2.02815,1.30,3.20
2008.08.25 07:37:16.475,2.02745,2.02795,2.70,1.00
2008.08.25 07:37:16.693,2.0272,2.0278,4.30,3.20
2008.08.25 07:37:16.788,2.0274,2.0278,1.30,3.20
2008.08.25 07:37:16.982,2.02755,2.02795,1.30,2.70
2008.08.25 07:37:17.271,2.0275,2.02795,1.30,2.70
2008.08.25 07:37:17.462,2.02745,2.028,1.30,2.10
2008.08.25 07:37:17.558,2.02745,2.02815,1.30,9.30
2008.08.25 07:37:17.805,2.0275,2.02815,1.30,2.80
2008.08.25 07:37:18.557,2.02755,2.02815,1.30,2.10
2008.08.25 07:37:19.501,2.0275,2.0281,1.30,2.10
2008.08.25 07:37:19.750,2.0275,2.02815,1.30,7.10
2008.08.25 07:37:22.407,2.0275,2.0281,1.30,2.10
2008.08.25 07:37:23.956,2.02755,2.0281,1.30,2.10
2008.08.25 07:37:27.050,2.02755,2.02815,1.30,3.20
2008.08.25 07:37:28.645,2.02755,2.02815,1.30,2.10
2008.08.25 07:37:31.238,2.0275,2.02815,1.30,2.80
2008.08.25 07:37:31.338,2.0275,2.02815,1.30,6.00
2008.08.25 07:37:31.439,2.0275,2.02815,1.30,12.00
2008.08.25 07:37:32.438,2.0275,2.0281,1.30,2.10
2008.08.25 07:37:34.620,2.0275,2.0281,1.30,3.20
2008.08.25 07:37:35.600,2.0275,2.028,1.30,1.00
2008.08.25 07:37:41.233,2.02755,2.028,1.30,1.00
2008.08.25 07:37:43.778,2.02755,2.02795,1.30,1.00
2008.08.25 07:37:44.561,2.02755,2.028,1.30,1.00
2008.08.25 07:37:44.876,2.02755,2.02795,1.30,1.00
2008.08.25 07:37:45.290,2.02755,2.0282,1.30,2.80
2008.08.25 07:37:46.119,2.0275,2.0282,1.30,2.80
2008.08.25 07:37:46.355,2.0275,2.02815,1.30,6.00
2008.08.25 07:37:51.622,2.02755,2.02815,1.30,6.00
2008.08.25 07:37:52.173,2.02755,2.02815,1.30,2.80
2008.08.25 07:37:53.453,2.02755,2.02815,1.30,6.00
2008.08.25 07:37:54.018,2.0275,2.02815,1.30,6.00
2008.08.25 07:37:54.181,2.0275,2.02815,1.30,9.30
2008.08.25 07:37:54.345,2.0275,2.02815,1.30,6.00
2008.08.25 07:37:55.353,2.02755,2.02815,1.30,6.00
2008.08.25 07:37:55.621,2.02755,2.02815,1.30,3.90
2008.08.25 07:37:55.865,2.02755,2.0282,1.30,8.70
2008.08.25 07:37:57.317,2.02755,2.02815,1.30,2.70
2008.08.25 07:38:00.329,2.0275,2.02815,1.30,3.30
2008.08.25 07:38:02.145,2.02755,2.0281,1.30,2.70
2008.08.25 07:38:02.302,2.02755,2.02815,1.30,6.60
2008.08.25 07:38:02.482,2.02755,2.02815,1.30,3.30
2008.08.25 07:38:02.662,2.0275,2.02815,1.30,3.30
2008.08.25 07:38:03.017,2.0275,2.02815,1.30,6.60
2008.08.25 07:38:04.920,2.02765,2.02815,1.30,5.90
2008.08.25 07:38:04.945,2.02765,2.02815,1.30,9.10
2008.08.25 07:38:05.017,2.02765,2.0281,1.30,6.40
2008.08.25 07:38:05.159,2.02765,2.0281,1.30,3.20
2008.08.25 07:38:05.225,2.02765,2.0282,1.30,2.70
2008.08.25 07:38:07.144,2.0277,2.02825,1.30,4.80
2008.08.25 07:38:12.806,2.0277,2.0282,1.30,2.70
2008.08.25 07:38:13.705,2.0276,2.0282,1.30,2.70
2008.08.25 07:38:13.920,2.0276,2.0281,2.10,3.90
2008.08.25 07:38:14.086,2.0276,2.0281,4.30,3.90
2008.08.25 07:38:14.421,2.0276,2.0281,1.00,3.90
2008.08.25 07:38:14.589,2.0276,2.02805,1.00,2.70
2008.08.25 07:38:14.925,2.0276,2.02815,1.00,6.60
2008.08.25 07:38:15.559,2.02755,2.02815,2.40,2.70
2008.08.25 07:38:15.873,2.0277,2.02815,1.30,2.70
2008.08.25 07:38:16.190,2.0277,2.0283,1.30,2.10
2008.08.25 07:38:16.355,2.0277,2.0283,1.30,1.00
2008.08.25 07:38:16.681,2.0277,2.0284,1.30,2.10
2008.08.25 07:38:17.723,2.0278,2.0284,1.30,4.80
2008.08.25 07:38:17.975,2.0278,2.0284,1.30,2.10
2008.08.25 07:38:18.058,2.02785,2.0284,1.30,2.10
2008.08.25 07:38:20.332,2.02785,2.0283,1.30,1.00
2008.08.25 07:38:20.825,2.0278,2.0283,1.30,1.00
2008.08.25 07:38:22.097,2.0278,2.02845,1.30,10.90
2008.08.25 07:38:22.153,2.0278,2.02845,1.30,6.60
2008.08.25 07:38:22.677,2.0278,2.02845,1.30,3.90
2008.08.25 07:38:24.618,2.0278,2.02845,1.30,4.90
2008.08.25 07:38:25.153,2.0278,2.02845,1.30,3.90
2008.08.25 07:38:25.833,2.02785,2.02845,1.30,3.90
2008.08.25 07:38:26.686,2.02785,2.02835,1.30,1.00
2008.08.25 07:38:26.884,2.02785,2.02845,1.30,3.90
2008.08.25 07:38:30.129,2.0278,2.02845,1.30,3.90
2008.08.25 07:38:30.687,2.0278,2.02845,1.30,4.90
2008.08.25 07:38:31.258,2.0278,2.0284,1.30,1.70
2008.08.25 07:38:31.542,2.0278,2.02845,1.30,8.20
2008.08.25 07:38:31.687,2.0278,2.02835,1.30,1.00
2008.08.25 07:38:31.831,2.0278,2.0284,1.30,1.70
2008.08.25 07:38:32.801,2.0278,2.0284,1.30,3.90
2008.08.25 07:38:32.961,2.0278,2.02825,1.30,1.00
2008.08.25 07:38:34.045,2.0278,2.0284,1.30,3.90
2008.08.25 07:38:34.664,2.0278,2.0283,1.30,1.00
2008.08.25 07:38:35.021,2.02775,2.02835,7.00,1.70
2008.08.25 07:38:35.202,2.0278,2.02835,3.20,1.70
2008.08.25 07:38:38.553,2.0278,2.0283,3.20,1.70
2008.08.25 07:38:38.717,2.0278,2.0283,3.20,4.90
2008.08.25 07:38:38.882,2.0278,2.02825,3.20,1.00
2008.08.25 07:38:39.045,2.02765,2.0281,4.80,3.20
2008.08.25 07:38:39.372,2.0277,2.0281,1.00,3.20
2008.08.25 07:38:40.461,2.0277,2.02815,1.00,3.90
2008.08.25 07:38:40.645,2.0277,2.02815,1.00,7.10
2008.08.25 07:38:40.893,2.0277,2.0281,1.00,3.90
2008.08.25 07:38:41.391,2.0276,2.0281,3.20,3.90
2008.08.25 07:38:50.094,2.0275,2.0281,1.30,3.90
2008.08.25 07:38:50.609,2.0275,2.02815,1.30,3.90
2008.08.25 07:38:50.929,2.0275,2.02815,3.50,3.90
2008.08.25 07:38:51.341,2.0276,2.02815,2.10,3.90
2008.08.25 07:38:52.029,2.02755,2.02815,4.30,3.90
2008.08.25 07:38:52.169,2.02755,2.0281,5.60,3.20
2008.08.25 07:38:52.445,2.0276,2.0281,1.30,3.20
2008.08.25 07:38:52.585,2.0276,2.02815,3.50,3.20
2008.08.25 07:38:52.726,2.0276,2.02825,6.20,4.90
2008.08.25 07:38:52.866,2.0277,2.02825,2.10,4.90
2008.08.25 07:38:56.077,2.0277,2.0281,2.10,3.20
2008.08.25 07:38:56.898,2.0276,2.0281,6.20,3.20
2008.08.25 07:38:58.901,2.0277,2.0281,2.10,3.20
2008.08.25 07:38:59.127,2.0277,2.02835,2.70,3.90
2008.08.25 07:39:01.010,2.02775,2.02825,4.50,3.20
2008.08.25 07:39:01.520,2.02775,2.0284,4.50,6.00
2008.08.25 07:39:01.773,2.02775,2.0284,7.20,6.00
2008.08.25 07:39:02.030,2.02775,2.0283,4.00,3.20
2008.08.25 07:39:02.285,2.02775,2.0283,2.70,3.90
2008.08.25 07:39:02.687,2.0277,2.0283,2.70,3.90
2008.08.25 07:39:20.493,2.02785,2.02825,1.30,3.20
2008.08.25 07:39:20.721,2.02785,2.0284,1.30,2.10
2008.08.25 07:39:23.126,2.0279,2.0284,1.30,2.10
2008.08.25 07:39:23.705,2.02785,2.0284,4.50,2.10
2008.08.25 07:39:24.025,2.02785,2.0284,1.30,2.10
2008.08.25 07:39:27.668,2.02785,2.02845,1.30,2.10
2008.08.25 07:39:27.803,2.02785,2.02845,4.50,5.40
2008.08.25 07:39:28.010,2.0279,2.02845,2.70,5.40
2008.08.25 07:39:28.142,2.0279,2.02845,2.70,2.10
2008.08.25 07:39:28.533,2.02785,2.02845,1.30,2.10
2008.08.25 07:39:30.198,2.02785,2.02845,4.00,2.10
2008.08.25 07:39:30.633,2.02785,2.02845,1.30,2.10
2008.08.25 07:39:31.230,2.0279,2.02845,1.30,2.10
2008.08.25 07:39:32.904,2.0279,2.0285,1.30,3.20
2008.08.25 07:39:32.989,2.0279,2.0285,1.30,2.10
2008.08.25 07:39:33.677,2.0279,2.0284,1.30,3.20
2008.08.25 07:39:33.841,2.028,2.0284,1.30,3.20
2008.08.25 07:39:40.946,2.02815,2.0284,1.30,3.20
2008.08.25 07:39:41.094,2.0281,2.0284,1.30,3.20
2008.08.25 07:39:41.242,2.0281,2.02865,1.30,2.10
2008.08.25 07:39:41.941,2.02805,2.02855,1.30,3.20
2008.08.25 07:39:42.129,2.02795,2.02845,2.70,3.20
2008.08.25 07:39:42.318,2.02805,2.0284,1.30,3.20
2008.08.25 07:39:42.506,2.02805,2.02855,1.30,8.10
2008.08.25 07:39:42.702,2.02805,2.02855,1.30,5.90
2008.08.25 07:39:42.898,2.02805,2.0285,1.30,3.20
2008.08.25 07:39:44.864,2.028,2.0285,1.30,3.20
2008.08.25 07:39:45.402,2.02805,2.0285,1.30,3.20
2008.08.25 07:39:46.798,2.0281,2.0285,1.30,3.20
2008.08.25 07:39:47.027,2.0281,2.02865,1.30,6.40
2008.08.25 07:39:47.141,2.0281,2.02865,1.30,3.20
2008.08.25 07:39:50.505,2.0281,2.0286,1.30,1.00
2008.08.25 07:39:57.436,2.0281,2.0286,1.30,3.20
2008.08.25 07:39:57.857,2.0281,2.0286,1.30,1.00
2008.08.25 07:39:59.278,2.02805,2.0286,5.60,1.00
2008.08.25 07:40:01.715,2.02805,2.0286,4.50,1.00
2008.08.25 07:40:02.046,2.0281,2.0286,1.30,1.00
2008.08.25 07:40:02.194,2.0281,2.02865,3.20,3.90
2008.08.25 07:40:02.342,2.028,2.0285,1.30,3.20
2008.08.25 07:40:04.078,2.028,2.02855,1.30,5.40
2008.08.25 07:40:05.201,2.028,2.0285,1.30,3.20
2008.08.25 07:40:05.661,2.0279,2.0284,4.00,1.00
2008.08.25 07:40:05.817,2.0279,2.0284,4.00,4.30
2008.08.25 07:40:05.973,2.0279,2.0284,1.30,4.30
2008.08.25 07:40:06.282,2.0279,2.0284,1.30,3.20
2008.08.25 07:40:07.271,2.0279,2.0284,1.30,4.30
2008.08.25 07:40:14.917,2.02805,2.0284,1.30,4.30
2008.08.25 07:40:15.265,2.02785,2.0284,1.30,1.00
2008.08.25 07:40:15.461,2.02785,2.0284,1.30,4.30
2008.08.25 07:40:16.109,2.02785,2.0284,1.30,1.00
2008.08.25 07:40:16.307,2.0279,2.0284,1.30,4.30
2008.08.25 07:40:17.070,2.0279,2.0284,1.30,1.00
2008.08.25 07:40:17.326,2.0279,2.0284,1.30,4.30
2008.08.25 07:40:18.385,2.0279,2.0284,1.30,1.00
2008.08.25 07:40:18.481,2.028,2.0284,1.30,1.00
2008.08.25 07:40:18.665,2.02805,2.02845,1.30,1.00
2008.08.25 07:40:18.849,2.02805,2.0286,1.30,2.70
2008.08.25 07:40:19.392,2.02805,2.02865,1.30,1.70
2008.08.25 07:40:20.890,2.02795,2.0286,9.90,1.70
2008.08.25 07:40:21.016,2.02795,2.0286,9.90,3.90
2008.08.25 07:40:21.147,2.02795,2.0286,3.50,3.90
2008.08.25 07:40:21.273,2.0281,2.0286,2.10,3.90
2008.08.25 07:40:21.402,2.02805,2.02855,3.50,3.20
2008.08.25 07:40:21.709,2.02805,2.0286,3.50,5.90
2008.08.25 07:40:21.894,2.02805,2.02865,1.30,3.90
2008.08.25 07:40:22.077,2.028,2.02865,1.30,1.70
2008.08.25 07:40:22.261,2.028,2.02865,1.30,4.90
2008.08.25 07:40:22.447,2.028,2.02865,1.30,7.60
2008.08.25 07:40:23.169,2.028,2.02865,1.30,8.70
2008.08.25 07:40:23.497,2.0281,2.02865,2.10,8.70
2008.08.25 07:40:24.496,2.028,2.02865,1.30,7.60
2008.08.25 07:40:24.581,2.028,2.0285,1.30,3.20
2008.08.25 07:40:25.483,2.028,2.02865,1.30,7.60
2008.08.25 07:40:25.570,2.028,2.02865,1.30,4.90
2008.08.25 07:40:25.981,2.02815,2.02875,1.30,12.40
2008.08.25 07:40:26.322,2.02815,2.02875,1.30,9.10
2008.08.25 07:40:26.661,2.02815,2.0287,1.30,3.20
2008.08.25 07:40:34.576,2.0282,2.02885,4.00,3.90
2008.08.25 07:40:34.743,2.0283,2.02885,1.30,2.70
2008.08.25 07:40:35.107,2.0283,2.0289,1.30,2.80
2008.08.25 07:40:35.709,2.0283,2.0289,1.30,2.10
2008.08.25 07:40:37.640,2.0283,2.0289,1.30,2.80
2008.08.25 07:40:39.389,2.0282,2.0288,2.70,1.70
2008.08.25 07:40:39.547,2.02815,2.0288,6.70,6.60
2008.08.25 07:40:39.701,2.0282,2.0288,1.30,2.70
2008.08.25 07:40:40.010,2.0283,2.0289,1.30,2.70
2008.08.25 07:40:40.532,2.0283,2.02895,1.30,15.20
2008.08.25 07:40:40.960,2.0283,2.02895,1.30,13.00
2008.08.25 07:40:41.908,2.0283,2.02895,1.30,12.00
2008.08.25 07:40:42.527,2.0283,2.02895,1.30,14.10
2008.08.25 07:40:43.448,2.0282,2.02875,2.70,1.00
2008.08.25 07:40:43.627,2.02815,2.02875,8.60,1.00
2008.08.25 07:40:43.660,2.0282,2.02875,6.40,3.90
2008.08.25 07:40:43.697,2.0282,2.02875,3.20,7.10
2008.08.25 07:40:43.733,2.0282,2.02875,2.10,7.10
2008.08.25 07:40:43.769,2.0282,2.02875,2.10,9.80
2008.08.25 07:40:43.805,2.0281,2.02875,1.30,9.10
2008.08.25 07:40:43.931,2.0281,2.02875,1.30,5.90
2008.08.25 07:40:43.969,2.0281,2.02875,1.30,2.70
2008.08.25 07:40:44.785,2.0281,2.02875,1.30,3.90
2008.08.25 07:40:45.825,2.02805,2.0287,8.30,3.90
2008.08.25 07:40:45.944,2.02805,2.0287,5.60,3.90
2008.08.25 07:40:46.064,2.0281,2.02875,1.30,6.60
2008.08.25 07:40:52.132,2.0281,2.02875,1.30,3.30
2008.08.25 07:40:52.365,2.02815,2.02875,1.30,2.70
2008.08.25 07:40:52.649,2.02815,2.0288,1.30,3.90
2008.08.25 07:40:53.033,2.02815,2.0288,3.50,3.90
2008.08.25 07:40:54.068,2.0282,2.02885,1.30,12.00
2008.08.25 07:40:54.360,2.02825,2.02885,1.30,8.60
2008.08.25 07:40:54.458,2.02825,2.02885,1.30,5.40
2008.08.25 07:40:57.318,2.0283,2.02885,1.30,5.40
2008.08.25 07:40:57.585,2.02835,2.0289,4.50,2.10
2008.08.25 07:41:02.648,2.0284,2.0289,3.20,2.80
2008.08.25 07:41:02.804,2.02835,2.02885,4.50,2.10
2008.08.25 07:41:02.884,2.02835,2.02885,4.50,3.20
2008.08.25 07:41:02.964,2.02835,2.0288,1.30,3.20
2008.08.25 07:41:03.044,2.02835,2.02895,4.50,12.40
2008.08.25 07:41:04.796,2.02835,2.02895,4.50,13.50
2008.08.25 07:41:05.605,2.02835,2.02895,4.50,12.40
2008.08.25 07:41:06.267,2.02835,2.02895,4.50,11.30
2008.08.25 07:41:06.521,2.02835,2.02895,4.50,12.40
2008.08.25 07:41:06.777,2.02835,2.02895,4.50,13.50
2008.08.25 07:41:07.938,2.02835,2.02885,4.50,1.00
2008.08.25 07:41:08.920,2.02835,2.02895,4.50,13.50
2008.08.25 07:41:09.460,2.0284,2.02895,1.30,13.50
2008.08.25 07:41:09.802,2.02835,2.02895,4.50,12.40
2008.08.25 07:41:10.140,2.02835,2.02895,4.50,11.30
2008.08.25 07:41:13.106,2.02835,2.02895,4.50,12.40
2008.08.25 07:41:16.196,2.0284,2.02895,3.20,16.30
2008.08.25 07:41:17.733,2.0283,2.0288,2.10,3.20
2008.08.25 07:41:17.834,2.0282,2.0288,2.70,3.20
2008.08.25 07:41:17.934,2.02815,2.0288,6.70,3.20
2008.08.25 07:41:18.694,2.02815,2.0288,6.70,4.30
2008.08.25 07:41:21.664,2.02815,2.0287,6.70,5.40
2008.08.25 07:41:24.708,2.02815,2.0287,6.70,4.30
2008.08.25 07:41:26.473,2.0282,2.0287,1.30,4.30
2008.08.25 07:41:26.624,2.02815,2.0287,8.90,4.30
2008.08.25 07:41:28.577,2.0282,2.0287,1.30,4.30
2008.08.25 07:41:29.677,2.02825,2.0287,1.30,4.30
2008.08.25 07:41:29.946,2.0283,2.02885,1.30,2.70
2008.08.25 07:41:30.350,2.02835,2.02885,1.30,2.70
2008.08.25 07:41:30.486,2.02835,2.02895,1.30,13.50
2008.08.25 07:41:30.622,2.02835,2.02895,1.30,11.30
2008.08.25 07:41:30.756,2.02835,2.02895,1.30,5.90
2008.08.25 07:41:31.577,2.02835,2.02895,3.50,3.70
2008.08.25 07:41:31.885,2.02835,2.02895,8.90,3.70
2008.08.25 07:41:31.968,2.02835,2.02895,9.90,3.70
2008.08.25 07:41:31.994,2.0284,2.02895,2.10,3.70
2008.08.25 07:41:32.013,2.0285,2.02895,1.00,2.70
2008.08.25 07:41:32.199,2.02865,2.02895,1.30,2.70
2008.08.25 07:41:32.654,2.02865,2.029,1.30,2.10
2008.08.25 07:41:32.816,2.0286,2.02935,6.20,5.90
2008.08.25 07:41:33.086,2.0287,2.02935,2.00,4.80
2008.08.25 07:41:33.354,2.02875,2.02935,2.00,2.70
2008.08.25 07:41:33.622,2.02885,2.02935,2.00,2.70
2008.08.25 07:41:33.904,2.02875,2.0295,2.00,20.60
2008.08.25 07:41:34.092,2.02875,2.0295,2.00,23.80
2008.08.25 07:41:34.488,2.02865,2.02935,9.10,1.00
2008.08.25 07:41:34.702,2.02865,2.0293,6.30,3.20
2008.08.25 07:41:34.900,2.02865,2.0292,2.00,3.20
2008.08.25 07:41:35.240,2.02865,2.0293,4.00,2.70
2008.08.25 07:41:35.582,2.0285,2.0292,13.90,1.70
2008.08.25 07:41:35.924,2.0285,2.02905,4.00,3.20
2008.08.25 07:41:38.712,2.02855,2.029,1.30,5.40
2008.08.25 07:41:39.038,2.0285,2.029,2.00,3.20
2008.08.25 07:41:40.252,2.0285,2.0291,2.00,2.70
2008.08.25 07:41:40.685,2.0285,2.02915,2.00,9.30
2008.08.25 07:41:41.244,2.02855,2.0291,1.30,2.70
2008.08.25 07:41:42.701,2.0285,2.02895,2.10,10.90
2008.08.25 07:41:42.757,2.0284,2.02895,2.10,18.40
2008.08.25 07:41:43.015,2.0284,2.02885,2.10,1.00
2008.08.25 07:41:43.181,2.0284,2.02885,2.10,3.90
2008.08.25 07:41:43.340,2.0284,2.02885,2.10,3.30
2008.08.25 07:41:43.397,2.02825,2.02885,4.30,6.60
2008.08.25 07:41:43.744,2.02825,2.02885,4.30,9.80
2008.08.25 07:41:44.140,2.0283,2.02885,2.10,9.80
2008.08.25 07:41:45.441,2.0283,2.0287,2.10,3.90
2008.08.25 07:41:45.645,2.02815,2.02865,8.60,3.20
2008.08.25 07:41:45.741,2.02815,2.02875,8.60,3.90
2008.08.25 07:41:45.836,2.0282,2.0287,1.30,3.20
2008.08.25 07:41:46.176,2.0282,2.0288,1.30,3.90
2008.08.25 07:41:46.516,2.02825,2.02885,3.50,7.00
2008.08.25 07:41:46.856,2.0283,2.0288,2.10,1.70
2008.08.25 07:41:47.326,2.0283,2.0288,2.10,3.90
2008.08.25 07:41:48.328,2.02825,2.02875,1.30,3.20
2008.08.25 07:41:48.401,2.02825,2.02885,1.30,8.10
2008.08.25 07:41:48.548,2.02825,2.02885,1.30,5.90
2008.08.25 07:41:50.052,2.02825,2.02885,1.30,6.40
2008.08.25 07:41:51.921,2.02825,2.02885,1.30,7.10
2008.08.25 07:41:52.149,2.02825,2.02885,1.30,10.30
2008.08.25 07:41:52.226,2.02815,2.0288,6.70,4.40
2008.08.25 07:41:52.368,2.02815,2.0288,6.70,3.90
2008.08.25 07:41:54.510,2.0282,2.0288,1.30,3.90
2008.08.25 07:41:54.725,2.0282,2.0288,1.30,6.60
2008.08.25 07:41:54.928,2.02825,2.02885,1.30,8.60
2008.08.25 07:41:55.134,2.02825,2.0287,1.30,3.20
2008.08.25 07:41:57.006,2.0283,2.0287,1.30,3.20
2008.08.25 07:41:59.607,2.02825,2.0287,3.50,3.20
2008.08.25 07:42:03.328,2.0283,2.0287,2.10,3.20
2008.08.25 07:42:03.396,2.0283,2.0287,2.10,3.70
2008.08.25 07:42:04.290,2.0283,2.0287,2.10,1.00
2008.08.25 07:42:04.820,2.0283,2.0287,3.20,1.00
2008.08.25 07:42:05.844,2.0283,2.0287,3.20,3.70
2008.08.25 07:42:09.900,2.0283,2.0287,3.20,4.80
2008.08.25 07:42:10.096,2.0283,2.0287,1.00,4.80
2008.08.25 07:42:10.944,2.0283,2.0287,1.00,3.70
2008.08.25 07:42:11.469,2.0284,2.0287,3.20,1.00
2008.08.25 07:42:11.734,2.0284,2.02885,1.30,2.70
2008.08.25 07:42:11.997,2.0285,2.0289,1.00,7.00
2008.08.25 07:42:12.244,2.0285,2.0289,1.00,4.80
2008.08.25 07:42:12.493,2.0285,2.0289,1.00,3.70
2008.08.25 07:42:12.741,2.0284,2.02895,1.00,5.50
2008.08.25 07:42:12.989,2.0284,2.02895,1.00,8.70
2008.08.25 07:42:13.097,2.02835,2.02895,2.40,10.80
2008.08.25 07:42:13.204,2.02835,2.02895,2.40,9.10
2008.08.25 07:42:13.416,2.02835,2.0289,4.50,3.20
2008.08.25 07:42:14.136,2.02835,2.0289,3.50,3.20
2008.08.25 07:42:14.533,2.02835,2.0289,4.50,3.20
2008.08.25 07:42:14.733,2.02835,2.0289,5.60,3.20
2008.08.25 07:42:14.932,2.02835,2.0289,3.50,3.20
2008.08.25 07:42:15.932,2.02835,2.0289,5.60,3.20
2008.08.25 07:42:17.277,2.02835,2.029,5.60,3.90
2008.08.25 07:42:17.378,2.0284,2.02895,2.00,3.20
2008.08.25 07:42:17.623,2.02845,2.02895,3.20,3.20
2008.08.25 07:42:17.715,2.02845,2.02905,3.20,13.60
2008.08.25 07:42:17.920,2.02845,2.02905,3.20,15.70
2008.08.25 07:42:17.940,2.02845,2.02905,3.20,19.00
2008.08.25 07:42:18.163,2.02835,2.02905,2.00,22.20
2008.08.25 07:42:18.500,2.0283,2.0289,2.00,1.00
2008.08.25 07:42:18.840,2.0283,2.02895,2.00,3.70
2008.08.25 07:42:20.301,2.02835,2.02895,1.30,4.30
2008.08.25 07:42:22.067,2.02835,2.02895,1.30,3.20
2008.08.25 07:42:23.376,2.02835,2.02895,1.30,2.70
2008.08.25 07:42:23.472,2.02845,2.02895,1.30,2.70
2008.08.25 07:42:23.780,2.02845,2.02905,1.30,13.00
2008.08.25 07:42:23.865,2.02845,2.02905,2.00,7.00
2008.08.25 07:42:24.063,2.0285,2.02905,2.00,2.70
2008.08.25 07:42:24.448,2.0285,2.02905,2.00,1.00
2008.08.25 07:42:25.392,2.0285,2.0291,2.00,3.20
2008.08.25 07:42:25.732,2.0284,2.02905,2.00,6.60
2008.08.25 07:42:26.072,2.0285,2.02905,2.00,2.70
2008.08.25 07:42:26.428,2.0285,2.0291,2.00,2.10
2008.08.25 07:42:26.785,2.0285,2.02915,4.50,3.90
2008.08.25 07:42:26.964,2.0285,2.02915,4.50,2.80
2008.08.25 07:42:27.365,2.02855,2.02915,2.00,2.10
2008.08.25 07:42:28.676,2.02865,2.02915,1.30,2.10
2008.08.25 07:42:31.843,2.02855,2.02915,1.30,2.10
2008.08.25 07:42:34.446,2.02855,2.0292,1.30,6.00
2008.08.25 07:42:35.072,2.0285,2.02915,4.50,3.20
2008.08.25 07:42:35.328,2.0285,2.02915,2.00,5.90
2008.08.25 07:42:35.836,2.0285,2.029,2.00,3.20
2008.08.25 07:42:36.232,2.0285,2.0291,2.00,2.10
2008.08.25 07:42:37.302,2.0285,2.029,4.50,3.20
2008.08.25 07:42:38.412,2.0285,2.0291,2.00,2.10
2008.08.25 07:42:39.364,2.02845,2.02905,12.80,2.10
2008.08.25 07:42:39.540,2.02845,2.02905,8.30,2.10
2008.08.25 07:42:39.716,2.0285,2.02905,2.00,2.10
2008.08.25 07:42:39.920,2.0285,2.02915,2.00,4.80
2008.08.25 07:42:40.124,2.02845,2.02915,12.80,2.80
2008.08.25 07:42:40.728,2.02845,2.029,12.80,1.00
2008.08.25 07:42:41.036,2.0285,2.029,4.50,1.00
2008.08.25 07:42:41.332,2.0285,2.029,8.90,1.00
2008.08.25 07:42:41.628,2.0286,2.02915,4.30,2.80
2008.08.25 07:42:41.924,2.02855,2.02915,5.60,2.10
2008.08.25 07:42:42.448,2.02855,2.0291,5.60,2.10
2008.08.25 07:42:42.972,2.0285,2.02915,8.90,2.10
2008.08.25 07:42:44.876,2.0285,2.02915,10.60,2.10
2008.08.25 07:42:45.252,2.0285,2.02915,8.90,2.10
2008.08.25 07:42:46.943,2.02855,2.02915,7.20,3.20
2008.08.25 07:42:47.425,2.02855,2.0291,4.50,2.10
2008.08.25 07:42:50.497,2.02855,2.02915,4.50,2.10
2008.08.25 07:42:50.682,2.0285,2.02915,10.60,2.10
2008.08.25 07:42:50.864,2.0285,2.02915,8.90,2.10
2008.08.25 07:42:53.192,2.0285,2.02915,7.80,2.10
2008.08.25 07:42:53.271,2.0285,2.02915,5.20,4.80
2008.08.25 07:42:53.295,2.0285,2.02915,5.20,5.90
2008.08.25 07:42:54.384,2.0285,2.02915,6.30,4.80
2008.08.25 07:42:54.547,2.02855,2.029,5.60,1.00
2008.08.25 07:42:54.869,2.02855,2.029,4.50,1.00
2008.08.25 07:42:56.232,2.02855,2.0289,4.50,1.00
2008.08.25 07:43:03.209,2.02855,2.02905,4.50,3.20
2008.08.25 07:43:03.728,2.0285,2.029,5.20,1.00
2008.08.25 07:43:09.237,2.02855,2.029,4.50,2.10
2008.08.25 07:43:09.398,2.0285,2.029,5.20,1.00
2008.08.25 07:43:11.584,2.0285,2.029,6.30,1.00
2008.08.25 07:43:11.892,2.0285,2.029,7.80,1.00
2008.08.25 07:43:12.465,2.0285,2.02905,8.90,1.00
2008.08.25 07:43:12.916,2.0285,2.02915,6.30,3.20
2008.08.25 07:43:13.369,2.0285,2.02915,10.60,3.20
2008.08.25 07:43:14.144,2.02865,2.02915,1.30,3.20
2008.08.25 07:43:14.333,2.02855,2.02915,8.30,3.20
2008.08.25 07:43:14.692,2.0286,2.02915,2.00,3.20
2008.08.25 07:43:15.428,2.0286,2.0291,2.00,1.00
2008.08.25 07:43:15.827,2.0286,2.0292,2.00,3.20
2008.08.25 07:43:16.054,2.02855,2.0292,6.20,3.90
2008.08.25 07:43:16.252,2.02855,2.02915,5.10,2.10
2008.08.25 07:43:16.668,2.02855,2.02915,2.90,3.20
2008.08.25 07:43:17.840,2.0286,2.02915,2.00,3.20
2008.08.25 07:43:17.968,2.0286,2.02915,5.20,3.20
2008.08.25 07:43:18.213,2.02865,2.02915,5.10,2.10
2008.08.25 07:43:18.345,2.02865,2.0292,5.10,2.10
2008.08.25 07:43:20.300,2.02865,2.02925,5.10,4.30
2008.08.25 07:43:20.516,2.02865,2.02925,5.10,3.20
2008.08.25 07:43:23.244,2.0287,2.02925,1.30,4.30
2008.08.25 07:43:25.776,2.02865,2.02925,5.10,3.20
2008.08.25 07:43:28.813,2.02865,2.0292,5.10,1.00
2008.08.25 07:43:28.888,2.0287,2.0292,2.00,1.00
2008.08.25 07:43:28.964,2.0287,2.0293,2.00,5.90
2008.08.25 07:43:29.040,2.0287,2.0293,3.10,5.90
2008.08.25 07:43:29.116,2.0287,2.0293,3.10,3.20
2008.08.25 07:43:29.456,2.02875,2.0293,1.00,3.90
2008.08.25 07:43:30.036,2.0287,2.0293,3.10,3.20
2008.08.25 07:43:32.396,2.0287,2.0293,3.10,2.10
2008.08.25 07:43:32.476,2.0287,2.02935,3.10,3.20
2008.08.25 07:43:34.876,2.0287,2.0293,3.10,2.10
2008.08.25 07:43:35.013,2.0287,2.0293,3.10,3.20
2008.08.25 07:43:38.151,2.0287,2.0292,3.10,1.00
2008.08.25 07:43:39.892,2.0287,2.0293,3.10,2.10
2008.08.25 07:43:45.348,2.0289,2.02935,3.20,2.10
2008.08.25 07:43:45.448,2.0288,2.02935,5.20,2.10
2008.08.25 07:43:46.016,2.02885,2.02935,5.10,2.10
2008.08.25 07:43:47.028,2.0288,2.02935,5.20,2.10
2008.08.25 07:43:53.492,2.0289,2.02935,3.20,2.10
2008.08.25 07:43:53.614,2.02885,2.0293,3.20,2.10
2008.08.25 07:43:53.696,2.0287,2.0293,6.30,2.10
2008.08.25 07:43:53.844,2.0287,2.0293,2.00,2.10
2008.08.25 07:43:53.906,2.0287,2.0292,5.20,1.00
2008.08.25 07:43:54.015,2.02875,2.0292,3.20,1.00
2008.08.25 07:43:54.044,2.02875,2.02925,3.20,3.20
2008.08.25 07:43:54.552,2.0286,2.02925,2.00,6.60
2008.08.25 07:43:55.228,2.0286,2.02925,5.20,9.80
2008.08.25 07:43:55.940,2.02865,2.02925,3.20,10.60
2008.08.25 07:43:56.104,2.02865,2.0292,3.20,2.10
2008.08.25 07:43:59.468,2.0286,2.0292,1.30,2.10
2008.08.25 07:43:59.596,2.02855,2.02905,5.10,1.00
2008.08.25 07:43:59.725,2.0285,2.02925,4.50,2.80
2008.08.25 07:43:59.888,2.0285,2.02915,4.50,1.00
2008.08.25 07:44:00.054,2.0285,2.0292,2.00,7.00
2008.08.25 07:44:00.217,2.0284,2.02905,12.10,1.00
2008.08.25 07:44:00.700,2.0284,2.02905,6.20,4.30
2008.08.25 07:44:01.083,2.0284,2.029,6.20,5.40
2008.08.25 07:44:02.895,2.02845,2.02905,3.50,6.00
2008.08.25 07:44:02.986,2.02845,2.02905,1.30,6.00
2008.08.25 07:44:09.592,2.02845,2.029,1.30,5.40
2008.08.25 07:44:09.792,2.0284,2.029,2.00,4.30
2008.08.25 07:44:10.264,2.0284,2.029,2.00,1.00
2008.08.25 07:44:11.251,2.0284,2.029,2.00,4.30
2008.08.25 07:44:11.476,2.0284,2.029,2.00,5.40
2008.08.25 07:44:12.127,2.0284,2.02905,2.00,6.00
2008.08.25 07:44:12.347,2.0284,2.02905,2.00,4.90
2008.08.25 07:44:13.652,2.02845,2.02905,1.30,7.10
2008.08.25 07:44:13.809,2.02845,2.02895,1.30,1.00
2008.08.25 07:44:13.976,2.02835,2.02895,9.10,1.00
2008.08.25 07:44:14.296,2.02835,2.02895,5.90,1.00
2008.08.25 07:44:14.452,2.02835,2.029,6.20,2.80
2008.08.25 07:44:14.788,2.0284,2.029,2.70,3.90
2008.08.25 07:44:15.124,2.0284,2.02905,5.90,3.90
2008.08.25 07:44:15.460,2.02835,2.029,11.30,3.90
2008.08.25 07:44:16.440,2.02835,2.02905,9.50,3.90
2008.08.25 07:44:16.852,2.0284,2.02905,5.90,3.90
2008.08.25 07:44:17.724,2.0284,2.02905,5.90,4.90
2008.08.25 07:44:18.176,2.0284,2.02905,5.90,3.90
2008.08.25 07:44:20.246,2.0284,2.02905,4.00,3.90
2008.08.25 07:44:21.144,2.02845,2.029,2.70,1.00
2008.08.25 07:44:21.504,2.0284,2.029,4.40,3.90
2008.08.25 07:44:21.684,2.02835,2.029,8.10,3.90
2008.08.25 07:44:21.864,2.02835,2.02905,8.50,7.10
2008.08.25 07:44:22.044,2.02835,2.02905,5.10,9.80
2008.08.25 07:44:22.347,2.02835,2.02905,9.90,3.90
2008.08.25 07:44:23.847,2.02835,2.02905,9.90,4.90
2008.08.25 07:44:24.103,2.0284,2.02905,2.00,4.90
2008.08.25 07:44:25.381,2.02845,2.02905,1.30,3.90
2008.08.25 07:44:25.409,2.0284,2.02905,1.30,3.90
2008.08.25 07:44:25.600,2.02845,2.02905,2.70,3.90
2008.08.25 07:44:25.900,2.02845,2.02905,2.70,1.70
2008.08.25 07:44:27.551,2.02845,2.02905,4.00,1.70
2008.08.25 07:44:27.840,2.02845,2.02905,1.30,4.90
2008.08.25 07:44:27.960,2.02845,2.02895,1.30,1.00
2008.08.25 07:44:28.317,2.02835,2.029,9.40,1.70
2008.08.25 07:44:28.433,2.0283,2.029,10.60,3.90
2008.08.25 07:44:28.553,2.0283,2.029,8.90,3.90
2008.08.25 07:44:29.626,2.02835,2.02905,6.20,10.90
2008.08.25 07:44:29.853,2.02835,2.029,4.00,2.70
2008.08.25 07:44:30.080,2.02835,2.02905,4.00,15.20
2008.08.25 07:44:35.191,2.0284,2.02905,1.30,14.10
2008.08.25 07:44:35.976,2.02835,2.02905,4.00,13.00
2008.08.25 07:44:37.836,2.02835,2.02905,6.70,10.30
2008.08.25 07:44:38.887,2.02835,2.02905,6.70,11.40
2008.08.25 07:44:39.547,2.0284,2.02905,1.30,10.30
2008.08.25 07:44:39.676,2.0284,2.02905,1.30,8.20
2008.08.25 07:44:40.168,2.02845,2.02905,2.70,8.20
2008.08.25 07:44:40.296,2.02845,2.02905,2.70,10.30
2008.08.25 07:44:45.379,2.0284,2.02905,4.00,10.30
2008.08.25 07:44:46.784,2.02835,2.02905,8.50,7.10
2008.08.25 07:44:46.964,2.02835,2.02905,8.50,3.90
2008.08.25 07:44:47.457,2.02835,2.02905,8.50,9.30
2008.08.25 07:44:48.347,2.02835,2.02905,8.50,2.80
2008.08.25 07:44:48.951,2.0284,2.02905,4.00,6.00
2008.08.25 07:44:49.312,2.0284,2.02905,4.00,9.30
2008.08.25 07:44:49.628,2.0284,2.0289,2.70,1.00
2008.08.25 07:44:49.946,2.0283,2.0289,2.70,1.00
2008.08.25 07:44:50.105,2.0283,2.0289,2.70,3.90
2008.08.25 07:44:50.349,2.0283,2.02895,4.00,6.00
2008.08.25 07:44:50.472,2.0284,2.02895,3.20,2.80
2008.08.25 07:44:50.595,2.0284,2.0289,5.40,1.00
2008.08.25 07:44:50.719,2.0284,2.02885,2.10,3.90
2008.08.25 07:44:50.844,2.02825,2.02885,4.80,3.90
2008.08.25 07:44:50.968,2.02835,2.0288,1.30,3.20
2008.08.25 07:44:51.092,2.02835,2.0289,4.50,2.70
2008.08.25 07:44:51.431,2.0283,2.02885,2.10,3.90
2008.08.25 07:44:53.961,2.02835,2.0288,1.30,3.20
2008.08.25 07:44:54.018,2.02835,2.0289,4.50,5.40
2008.08.25 07:44:54.067,2.02835,2.0289,4.50,8.10
2008.08.25 07:44:54.147,2.02835,2.0289,4.50,4.80
2008.08.25 07:44:54.379,2.02835,2.0289,4.50,2.10
2008.08.25 07:44:54.884,2.02835,2.0289,6.70,2.10
2008.08.25 07:44:56.243,2.02835,2.02895,6.70,2.80
2008.08.25 07:44:57.792,2.02835,2.02895,5.90,2.80
2008.08.25 07:44:58.183,2.02835,2.02895,5.90,3.90
2008.08.25 07:44:58.831,2.0284,2.02895,2.70,3.90
2008.08.25 07:45:00.255,2.02835,2.02895,5.90,3.90
2008.08.25 07:45:01.496,2.0284,2.02885,3.20,1.00
2008.08.25 07:45:01.837,2.0283,2.02885,2.70,3.90
2008.08.25 07:45:02.176,2.0283,2.02895,4.00,3.90
2008.08.25 07:45:02.273,2.0283,2.0289,2.70,1.00
2008.08.25 07:45:02.460,2.02835,2.0289,1.30,3.20
2008.08.25 07:45:02.555,2.02835,2.0289,3.50,3.20
2008.08.25 07:45:02.743,2.02835,2.029,3.50,5.50
2008.08.25 07:45:02.931,2.0283,2.029,4.10,3.30
2008.08.25 07:45:03.027,2.0283,2.029,4.10,3.90
2008.08.25 07:45:04.135,2.02835,2.0289,2.10,3.90
2008.08.25 07:45:04.323,2.02835,2.0289,3.20,3.90
2008.08.25 07:45:08.689,2.0284,2.0289,3.20,4.90
2008.08.25 07:45:09.111,2.0284,2.0289,3.20,3.90
2008.08.25 07:45:14.942,2.0284,2.0289,2.10,3.90
2008.08.25 07:45:23.586,2.0284,2.02885,2.10,3.20
2008.08.25 07:45:23.750,2.0284,2.02895,2.10,8.20
2008.08.25 07:45:23.833,2.0284,2.0289,2.10,3.90
2008.08.25 07:45:23.998,2.0284,2.0288,2.10,3.20
2008.08.25 07:45:24.543,2.0284,2.02895,2.10,8.20
2008.08.25 07:45:26.960,2.0284,2.02895,2.10,10.90
2008.08.25 07:45:30.852,2.0284,2.0289,2.10,3.90
2008.08.25 07:45:31.071,2.0284,2.0289,2.10,6.60
2008.08.25 07:45:32.144,2.0284,2.0289,2.10,3.90
2008.08.25 07:45:38.299,2.0284,2.0288,2.10,3.20
2008.08.25 07:45:51.403,2.02835,2.0288,4.80,3.20
2008.08.25 07:45:55.979,2.0284,2.0288,2.10,3.20
2008.08.25 07:45:56.954,2.02835,2.0288,4.80,3.20
2008.08.25 07:46:00.929,2.0284,2.0288,2.10,3.20
2008.08.25 07:46:11.681,2.0283,2.0288,2.70,3.20
2008.08.25 07:46:14.556,2.02825,2.0288,6.20,3.20
2008.08.25 07:46:24.358,2.02825,2.02885,4.80,3.90
2008.08.25 07:46:24.684,2.02825,2.0288,6.20,3.20
2008.08.25 07:46:44.324,2.02825,2.02885,4.80,3.90
2008.08.25 07:46:44.657,2.02825,2.0288,6.20,3.20
2008.08.25 07:46:48.989,2.02825,2.0288,4.00,3.20
2008.08.25 07:47:00.120,2.02825,2.0288,2.70,3.90
2008.08.25 07:47:00.284,2.02825,2.02875,2.70,1.00
2008.08.25 07:47:00.444,2.02825,2.02875,2.70,3.90
2008.08.25 07:47:00.767,2.0282,2.02875,2.70,3.90
2008.08.25 07:47:00.927,2.02815,2.02875,6.20,3.90
2008.08.25 07:47:01.501,2.02825,2.0287,1.30,3.20
2008.08.25 07:47:01.756,2.02825,2.0287,4.00,3.20
2008.08.25 07:47:02.011,2.02825,2.0287,7.20,3.20
2008.08.25 07:47:02.519,2.02825,2.02875,4.80,3.90
2008.08.25 07:47:02.640,2.02825,2.02875,2.70,3.90
2008.08.25 07:47:03.575,2.02815,2.02875,6.20,3.90
2008.08.25 07:47:03.939,2.0282,2.0287,1.30,3.20
2008.08.25 07:47:04.136,2.0282,2.0288,4.00,3.90
2008.08.25 07:47:04.178,2.0282,2.0288,4.00,8.20
2008.08.25 07:47:04.223,2.0282,2.0288,4.00,2.80
2008.08.25 07:47:07.192,2.0282,2.02875,2.70,1.00
2008.08.25 07:47:07.468,2.0282,2.02875,2.70,3.90
2008.08.25 07:47:07.743,2.02815,2.02875,7.20,3.90
2008.08.25 07:47:09.267,2.02815,2.02875,9.40,3.90
2008.08.25 07:47:09.285,2.0283,2.0287,1.30,3.20
2008.08.25 07:47:09.494,2.0284,2.0288,1.00,11.80
2008.08.25 07:47:09.566,2.0284,2.02875,1.00,1.00
2008.08.25 07:47:09.618,2.0284,2.02875,2.70,1.00
2008.08.25 07:47:10.128,2.02805,2.02875,8.30,3.90
2008.08.25 07:47:10.448,2.0282,2.02875,2.10,3.90
2008.08.25 07:47:11.263,2.02815,2.02875,12.60,3.90
2008.08.25 07:47:11.623,2.0282,2.02875,2.10,3.90
2008.08.25 07:47:12.164,2.02815,2.02875,8.30,3.90
2008.08.25 07:47:13.277,2.0282,2.0287,1.30,3.20
2008.08.25 07:47:13.432,2.0282,2.0287,4.00,3.20
2008.08.25 07:47:13.463,2.0282,2.0288,4.00,11.40
2008.08.25 07:47:13.548,2.0282,2.0288,4.00,6.00
2008.08.25 07:47:34.535,2.0283,2.0288,2.10,6.00
2008.08.25 07:47:39.043,2.0283,2.0288,2.10,4.90
2008.08.25 07:47:39.151,2.0283,2.0288,2.10,6.00
2008.08.25 07:47:43.952,2.0283,2.02885,2.10,10.30
2008.08.25 07:47:44.420,2.0283,2.02885,2.10,9.30
2008.08.25 07:47:51.462,2.0283,2.0288,2.10,4.90
2008.08.25 07:47:52.537,2.0283,2.0288,2.10,6.00
2008.08.25 07:48:01.403,2.0282,2.0288,2.70,6.00
2008.08.25 07:48:02.500,2.0282,2.02865,2.70,3.20
2008.08.25 07:48:02.622,2.0282,2.0288,2.70,15.70
2008.08.25 07:48:02.660,2.0282,2.0288,2.70,6.00
2008.08.25 07:48:02.757,2.0282,2.0288,2.70,8.20
2008.08.25 07:48:02.871,2.0282,2.0288,2.70,6.00
2008.08.25 07:48:03.830,2.0282,2.0288,2.70,8.20
2008.08.25 07:48:04.036,2.0282,2.02865,2.70,1.00
2008.08.25 07:48:04.239,2.0282,2.02865,2.10,3.90
2008.08.25 07:48:04.443,2.0281,2.02865,2.70,3.90
2008.08.25 07:48:05.575,2.0281,2.02865,2.70,1.00
2008.08.25 07:48:05.758,2.0281,2.02875,4.00,4.90
2008.08.25 07:48:06.194,2.0281,2.02875,4.00,6.00
2008.08.25 07:48:06.327,2.0281,2.02865,2.70,1.00
2008.08.25 07:48:06.461,2.0281,2.02865,2.70,1.70
2008.08.25 07:48:06.596,2.02805,2.02865,8.10,4.90
2008.08.25 07:48:07.273,2.02805,2.0286,9.40,4.30
2008.08.25 07:48:07.618,2.0282,2.0287,2.10,3.90
2008.08.25 07:48:14.073,2.02815,2.0287,4.80,3.90
2008.08.25 07:48:19.125,2.0282,2.0287,2.10,3.90
2008.08.25 07:48:21.670,2.0282,2.02865,1.30,3.20
2008.08.25 07:48:22.199,2.0282,2.0289,1.30,7.10
2008.08.25 07:48:22.464,2.02825,2.02875,2.70,3.20
2008.08.25 07:48:22.740,2.02815,2.02875,6.20,3.20
2008.08.25 07:48:23.231,2.02815,2.0288,6.20,3.90
2008.08.25 07:48:24.908,2.02815,2.0287,6.20,1.00
2008.08.25 07:48:25.003,2.02815,2.02865,6.20,3.20
2008.08.25 07:48:25.172,2.02815,2.0287,4.80,3.90
2008.08.25 07:48:25.314,2.0282,2.0287,2.10,3.90
2008.08.25 07:48:25.875,2.0282,2.02865,2.10,3.90
2008.08.25 07:48:26.015,2.02805,2.02865,10.20,4.90
2008.08.25 07:48:27.586,2.02805,2.02865,10.20,6.00
2008.08.25 07:48:28.064,2.02805,2.02865,8.10,6.00
2008.08.25 07:48:32.762,2.02805,2.02865,8.10,7.10
2008.08.25 07:48:34.902,2.02805,2.02865,5.90,7.10
2008.08.25 07:48:39.066,2.02805,2.02855,5.90,1.00
2008.08.25 07:48:39.187,2.0281,2.02855,3.20,3.90
2008.08.25 07:48:39.267,2.0281,2.02855,3.20,4.90
2008.08.25 07:48:39.387,2.0281,2.02855,3.20,3.90
2008.08.25 07:48:39.497,2.028,2.0285,2.70,3.20
2008.08.25 07:48:39.596,2.028,2.02855,2.70,3.90
2008.08.25 07:48:39.678,2.028,2.02855,2.70,1.70
2008.08.25 07:48:40.054,2.02795,2.0286,4.50,3.90
2008.08.25 07:48:40.400,2.028,2.0286,2.70,3.90
2008.08.25 07:48:41.250,2.02805,2.0286,2.70,3.90
2008.08.25 07:48:42.832,2.02805,2.02855,2.70,3.20
2008.08.25 07:48:42.976,2.02805,2.02865,5.90,6.00
2008.08.25 07:48:44.283,2.02805,2.02865,8.10,6.00
2008.08.25 07:48:44.816,2.0281,2.02865,2.70,6.00
2008.08.25 07:48:45.003,2.0281,2.02865,2.70,3.90
2008.08.25 07:48:47.523,2.02805,2.02855,2.70,1.00
2008.08.25 07:48:47.721,2.02805,2.0286,2.70,3.90
2008.08.25 07:48:47.916,2.02805,2.0286,4.80,3.90
2008.08.25 07:48:48.668,2.0281,2.0286,1.30,3.20
2008.08.25 07:48:48.757,2.02815,2.0286,5.90,3.20
2008.08.25 07:48:48.939,2.0282,2.0286,3.20,3.20
2008.08.25 07:48:49.173,2.0282,2.02875,3.20,2.80
2008.08.25 07:48:49.326,2.0282,2.02875,3.20,3.90
2008.08.25 07:48:49.436,2.02815,2.02875,5.90,3.90
2008.08.25 07:48:50.423,2.02815,2.02875,5.90,1.00
2008.08.25 07:48:50.699,2.0282,2.0288,2.70,2.80
2008.08.25 07:48:50.819,2.0282,2.0288,2.70,8.20
2008.08.25 07:48:52.460,2.0282,2.0288,4.00,7.10
2008.08.25 07:48:56.430,2.0282,2.0288,4.00,1.70
2008.08.25 07:48:57.632,2.0282,2.0287,4.00,1.00
2008.08.25 07:48:59.921,2.0282,2.0287,2.70,1.00
2008.08.25 07:49:00.142,2.0282,2.02875,2.70,1.70
2008.08.25 07:49:00.155,2.0282,2.02875,2.70,3.90
2008.08.25 07:49:00.199,2.0282,2.02875,2.70,4.90
2008.08.25 07:49:00.557,2.0282,2.02865,2.70,1.00
2008.08.25 07:49:00.795,2.0281,2.02865,4.00,1.00
2008.08.25 07:49:01.015,2.0281,2.0286,4.00,1.00
2008.08.25 07:49:01.235,2.0281,2.02865,2.70,2.80
2008.08.25 07:49:01.455,2.0281,2.02855,2.70,1.00
2008.08.25 07:49:01.738,2.02805,2.02855,7.00,1.00
2008.08.25 07:49:02.592,2.0281,2.02855,2.70,1.00
2008.08.25 07:49:03.470,2.0281,2.0286,2.70,3.20
2008.08.25 07:49:03.705,2.0282,2.0286,3.20,3.20
2008.08.25 07:49:03.970,2.0282,2.0286,3.20,4.30
2008.08.25 07:49:10.179,2.0282,2.0286,3.20,3.70
2008.08.25 07:49:10.691,2.02815,2.0286,2.70,1.00
2008.08.25 07:49:10.930,2.02815,2.0286,5.90,1.00
2008.08.25 07:49:11.155,2.02815,2.02865,2.70,2.20
2008.08.25 07:49:11.378,2.0281,2.02865,2.70,5.50
2008.08.25 07:49:11.602,2.02805,2.02865,7.00,5.50
2008.08.25 07:49:13.421,2.02805,2.02865,7.00,6.60
2008.08.25 07:49:13.628,2.02805,2.0286,3.70,4.40
2008.08.25 07:49:13.707,2.02805,2.0286,3.70,3.90
2008.08.25 07:49:13.786,2.02805,2.02855,3.70,3.90
2008.08.25 07:49:14.728,2.02805,2.02855,3.70,4.90
2008.08.25 07:49:14.956,2.02805,2.0286,3.70,4.90
2008.08.25 07:49:15.247,2.02805,2.0286,2.70,4.90
2008.08.25 07:49:15.392,2.02805,2.0286,3.70,4.90
2008.08.25 07:49:17.643,2.02805,2.02855,3.70,4.30
2008.08.25 07:49:17.848,2.02805,2.02855,7.00,4.30
2008.08.25 07:49:18.028,2.02805,2.02865,7.00,8.70
2008.08.25 07:49:18.624,2.02805,2.02855,7.00,1.00
2008.08.25 07:49:18.954,2.0281,2.02855,1.30,1.00
2008.08.25 07:49:19.122,2.0281,2.02865,1.30,2.10
2008.08.25 07:49:19.290,2.02815,2.02865,2.70,2.10
2008.08.25 07:49:19.374,2.02815,2.0287,2.70,2.10
2008.08.25 07:49:22.658,2.02815,2.0287,2.70,2.80
2008.08.25 07:49:23.004,2.02815,2.0287,2.70,6.00
2008.08.25 07:49:23.803,2.02805,2.0286,2.70,1.00
2008.08.25 07:49:23.942,2.02805,2.0286,2.70,3.90
2008.08.25 07:49:24.660,2.02805,2.0286,2.70,4.90
2008.08.25 07:49:25.074,2.02805,2.0285,2.70,3.20
2008.08.25 07:49:25.603,2.02805,2.0286,2.70,3.90
2008.08.25 07:49:30.782,2.02805,2.0286,2.70,4.90
2008.08.25 07:49:30.904,2.02805,2.0285,2.70,3.20
2008.08.25 07:49:31.310,2.02805,2.0286,2.70,3.90
2008.08.25 07:49:33.292,2.02805,2.02865,2.70,4.90
2008.08.25 07:49:36.394,2.02805,2.02865,2.70,6.00
2008.08.25 07:49:36.942,2.02805,2.0285,2.70,3.20
2008.08.25 07:49:38.431,2.0281,2.0285,2.70,3.20
2008.08.25 07:49:39.502,2.0281,2.02865,2.70,1.70
2008.08.25 07:49:40.415,2.0281,2.02865,2.70,4.90
2008.08.25 07:49:45.448,2.0281,2.02865,2.70,1.70
2008.08.25 07:49:45.707,2.0282,2.0286,2.70,1.00
2008.08.25 07:49:50.864,2.0282,2.02875,2.70,8.20
2008.08.25 07:49:52.378,2.0282,2.02875,2.70,7.10
2008.08.25 07:49:53.143,2.0282,2.02875,2.70,4.90
2008.08.25 07:49:53.750,2.0282,2.02875,2.70,7.10
2008.08.25 07:49:54.262,2.0282,2.02875,2.70,3.90
2008.08.25 07:49:54.535,2.0282,2.02875,2.70,7.10
2008.08.25 07:50:02.635,2.0282,2.0287,2.70,3.90
2008.08.25 07:50:03.199,2.0282,2.02865,2.70,3.20
2008.08.25 07:50:03.303,2.0282,2.02875,2.70,7.10
2008.08.25 07:50:03.406,2.0283,2.02875,1.30,6.40
2008.08.25 07:50:03.510,2.0283,2.02875,1.30,2.10
2008.08.25 07:50:03.625,2.02835,2.0288,2.70,3.20
2008.08.25 07:50:03.730,2.0283,2.0288,1.30,2.10
2008.08.25 07:50:03.842,2.02835,2.0288,2.70,2.10
2008.08.25 07:50:03.955,2.02835,2.0288,2.70,5.40
2008.08.25 07:50:04.290,2.02835,2.0288,2.70,2.10
2008.08.25 07:50:04.404,2.02835,2.02875,2.70,1.00
2008.08.25 07:50:04.630,2.02825,2.02875,2.70,1.70
2008.08.25 07:50:05.003,2.02825,2.02875,2.70,4.90
2008.08.25 07:50:05.266,2.0282,2.02875,2.70,7.10
2008.08.25 07:50:05.526,2.0282,2.02875,2.70,8.20
2008.08.25 07:50:08.852,2.0282,2.02875,2.70,4.90
2008.08.25 07:50:10.098,2.0282,2.0287,2.70,2.10
2008.08.25 07:50:10.122,2.0282,2.02865,2.70,1.00
2008.08.25 07:50:10.239,2.0281,2.02865,2.70,1.00
2008.08.25 07:50:10.259,2.0281,2.02865,2.70,1.70
2008.08.25 07:50:10.284,2.0281,2.0285,2.70,3.20
2008.08.25 07:50:16.262,2.0281,2.0286,2.70,3.90
2008.08.25 07:50:18.637,2.0281,2.0286,2.70,1.70
2008.08.25 07:50:18.698,2.0281,2.0286,2.70,1.00
2008.08.25 07:50:18.936,2.0281,2.02865,2.70,1.00
2008.08.25 07:50:19.000,2.0281,2.02865,2.70,3.90
2008.08.25 07:50:19.559,2.0282,2.02865,2.70,3.90
2008.08.25 07:50:23.985,2.0282,2.0287,2.70,5.40
2008.08.25 07:50:24.159,2.0282,2.02865,2.70,3.20
2008.08.25 07:50:24.263,2.02825,2.02865,2.70,3.20
2008.08.25 07:50:24.456,2.02825,2.02875,2.70,5.40
2008.08.25 07:50:24.630,2.02825,2.0287,2.70,3.20
2008.08.25 07:50:32.869,2.02825,2.0287,2.70,4.30
2008.08.25 07:50:33.581,2.02825,2.0287,2.70,3.20
2008.08.25 07:50:40.767,2.02825,2.0287,2.70,4.30
2008.08.25 07:50:41.210,2.02825,2.0287,2.70,3.20
2008.08.25 07:50:41.766,2.02825,2.0287,2.70,5.40
2008.08.25 07:50:42.018,2.02815,2.0286,4.00,3.20
2008.08.25 07:50:42.270,2.02815,2.0286,2.70,3.20
2008.08.25 07:50:43.777,2.02815,2.0287,2.70,1.70
2008.08.25 07:50:43.942,2.02815,2.0287,4.00,2.10
2008.08.25 07:50:44.088,2.02815,2.0287,4.00,1.00
2008.08.25 07:50:44.378,2.0282,2.0287,2.70,1.00
2008.08.25 07:50:44.522,2.02825,2.0287,1.30,1.00
2008.08.25 07:50:44.811,2.02825,2.02875,1.30,3.20
2008.08.25 07:50:44.958,2.02825,2.02885,1.30,4.00
2008.08.25 07:50:45.214,2.02835,2.02885,2.70,3.20
2008.08.25 07:50:45.471,2.02835,2.0288,4.00,1.00
2008.08.25 07:50:45.726,2.0284,2.0288,2.70,1.00
2008.08.25 07:50:47.456,2.0284,2.0289,2.70,4.30
2008.08.25 07:50:47.680,2.0284,2.0289,4.00,4.30
2008.08.25 07:50:52.312,2.0284,2.02895,2.70,4.90
2008.08.25 07:50:52.539,2.0284,2.02895,2.70,8.20
2008.08.25 07:50:55.659,2.0284,2.02885,2.70,1.00
2008.08.25 07:50:55.867,2.0284,2.0287,2.70,3.20
2008.08.25 07:50:56.306,2.0284,2.02905,2.70,8.20
2008.08.25 07:51:05.538,2.02845,2.02895,2.70,8.20
2008.08.25 07:51:10.592,2.02845,2.0289,2.70,7.50
2008.08.25 07:51:10.970,2.02845,2.0289,2.70,4.30
2008.08.25 07:51:11.220,2.02845,2.02895,2.70,4.90
2008.08.25 07:51:11.342,2.02845,2.02895,2.70,8.20
2008.08.25 07:51:11.462,2.0284,2.02895,2.70,8.20
2008.08.25 07:51:13.554,2.02845,2.02895,2.70,8.20
2008.08.25 07:51:14.206,2.0284,2.02895,2.70,8.20
2008.08.25 07:51:14.782,2.02845,2.02895,2.70,8.20
2008.08.25 07:51:17.198,2.02845,2.02895,2.70,9.30
2008.08.25 07:51:17.871,2.02845,2.02895,2.70,8.20
2008.08.25 07:51:18.244,2.02845,2.02895,2.70,9.30
2008.08.25 07:51:19.015,2.02845,2.0288,2.70,3.20
2008.08.25 07:51:19.162,2.0284,2.0288,2.70,3.20
2008.08.25 07:51:23.175,2.0284,2.02885,2.70,1.00
2008.08.25 07:51:24.266,2.0284,2.02895,2.70,9.30
2008.08.25 07:51:26.042,2.0284,2.02895,2.70,8.20
2008.08.25 07:51:26.468,2.02845,2.0289,1.30,7.50
2008.08.25 07:51:26.615,2.02845,2.0289,1.30,3.20
2008.08.25 07:51:26.760,2.0286,2.029,2.70,9.70
2008.08.25 07:51:26.906,2.02855,2.029,4.40,8.60
2008.08.25 07:51:27.051,2.02855,2.029,4.40,1.00
2008.08.25 07:51:27.654,2.0286,2.029,4.40,1.00
2008.08.25 07:51:27.966,2.02865,2.02905,4.40,1.00
2008.08.25 07:51:28.278,2.02865,2.0291,4.40,1.00
2008.08.25 07:51:28.763,2.02865,2.0292,5.90,3.20
2008.08.25 07:51:29.108,2.0287,2.0292,4.40,3.20
2008.08.25 07:51:29.627,2.0287,2.02915,4.40,1.00
2008.08.25 07:51:30.130,2.0287,2.02925,4.40,3.20
2008.08.25 07:51:30.618,2.0287,2.02925,4.40,2.10
2008.08.25 07:51:30.822,2.0287,2.02925,4.40,2.80
2008.08.25 07:51:31.434,2.0287,2.0292,4.40,2.10
2008.08.25 07:51:31.842,2.02865,2.0292,4.40,2.10
2008.08.25 07:51:32.386,2.0287,2.0292,4.40,2.10
2008.08.25 07:51:35.330,2.0287,2.02925,4.40,2.10
2008.08.25 07:51:36.791,2.02875,2.02925,4.40,2.10
2008.08.25 07:51:37.691,2.02875,2.0293,5.90,2.10
2008.08.25 07:51:42.762,2.0288,2.02935,2.70,3.90
2008.08.25 07:51:42.983,2.02875,2.02935,5.90,2.80
2008.08.25 07:51:43.202,2.02875,2.02935,5.90,4.90
2008.08.25 07:51:58.022,2.0288,2.02935,2.70,3.90
2008.08.25 07:51:58.246,2.02875,2.02925,7.00,1.00
2008.08.25 07:51:58.814,2.0287,2.02925,7.40,1.00
2008.08.25 07:52:00.294,2.02875,2.02925,7.00,1.00
2008.08.25 07:52:00.914,2.02875,2.02935,7.00,5.40
2008.08.25 07:52:01.114,2.0287,2.02935,7.40,5.40
2008.08.25 07:52:01.214,2.0287,2.02935,7.40,2.10
2008.08.25 07:52:02.698,2.02875,2.02935,5.10,3.20
2008.08.25 07:52:03.068,2.02875,2.02935,5.10,3.90
2008.08.25 07:52:03.254,2.0288,2.02925,2.70,1.00
2008.08.25 07:52:04.203,2.02875,2.0293,7.00,3.20
2008.08.25 07:52:05.102,2.0287,2.0293,7.40,3.20
2008.08.25 07:52:05.233,2.0287,2.02915,7.40,1.00
2008.08.25 07:52:05.630,2.02875,2.02915,7.00,1.00
2008.08.25 07:52:08.643,2.0288,2.02915,4.00,1.00
2008.08.25 07:52:08.933,2.0287,2.02915,7.00,1.00
2008.08.25 07:52:09.063,2.0287,2.02915,5.90,1.00
2008.08.25 07:52:09.586,2.02865,2.02925,6.30,3.20
2008.08.25 07:52:09.778,2.02865,2.0292,6.30,2.10
2008.08.25 07:52:10.595,2.0287,2.0292,4.50,2.10
2008.08.25 07:52:10.799,2.0287,2.0292,4.50,3.20
2008.08.25 07:52:11.002,2.0287,2.0292,6.30,3.20
2008.08.25 07:52:11.206,2.0287,2.0291,2.00,1.00
2008.08.25 07:52:12.393,2.0287,2.0291,6.30,1.00
2008.08.25 07:52:14.675,2.02875,2.0291,2.70,1.00
2008.08.25 07:52:15.050,2.02865,2.0291,5.90,1.00
2008.08.25 07:52:15.102,2.02875,2.0291,2.00,1.00
2008.08.25 07:52:15.454,2.02875,2.02915,5.60,1.00
2008.08.25 07:52:15.986,2.02865,2.0291,6.30,1.00
2008.08.25 07:52:18.999,2.02875,2.02905,1.30,1.00
2008.08.25 07:52:19.139,2.0287,2.02905,4.00,1.00
2008.08.25 07:52:19.290,2.0287,2.0292,4.00,2.10
2008.08.25 07:52:19.894,2.02865,2.0292,4.40,2.80
2008.08.25 07:52:20.242,2.0286,2.0292,5.90,2.80
2008.08.25 07:52:20.954,2.0286,2.0292,5.90,2.10
2008.08.25 07:52:21.562,2.0286,2.0292,5.90,2.80
2008.08.25 07:52:22.494,2.0286,2.0292,5.90,2.10
2008.08.25 07:52:23.418,2.0286,2.02925,5.90,3.90
2008.08.25 07:52:23.559,2.0286,2.0292,5.90,2.10
2008.08.25 07:52:23.718,2.0286,2.0292,4.40,2.80
2008.08.25 07:52:23.996,2.02855,2.0292,5.90,2.80
2008.08.25 07:52:24.434,2.02855,2.0291,4.40,1.00
2008.08.25 07:52:24.498,2.02845,2.0291,18.20,1.00
2008.08.25 07:52:24.690,2.02845,2.0291,11.70,3.90
2008.08.25 07:52:25.790,2.0285,2.0291,5.90,4.90
2008.08.25 07:52:29.196,2.0286,2.0291,2.70,4.90
2008.08.25 07:52:33.131,2.0286,2.0291,2.70,6.00
2008.08.25 07:52:34.133,2.0285,2.0291,2.70,6.00
2008.08.25 07:52:34.179,2.02845,2.02905,7.60,1.70
2008.08.25 07:52:34.667,2.02845,2.02905,3.20,1.70
2008.08.25 07:52:35.280,2.0284,2.02905,9.10,1.70
2008.08.25 07:52:37.053,2.02845,2.02905,3.20,1.70
2008.08.25 07:52:37.266,2.02845,2.029,6.30,4.30
2008.08.25 07:52:37.477,2.02845,2.029,10.60,1.00
2008.08.25 07:52:38.021,2.02845,2.02905,4.40,1.70
2008.08.25 07:52:38.294,2.02835,2.02905,6.20,1.70
2008.08.25 07:52:38.838,2.0284,2.029,1.30,1.70
2008.08.25 07:52:38.904,2.0284,2.029,1.30,3.90
2008.08.25 07:52:43.343,2.02845,2.02905,1.30,8.10
2008.08.25 07:52:43.554,2.0284,2.02905,2.00,4.80
2008.08.25 07:52:45.178,2.0284,2.02905,2.00,2.70
2008.08.25 07:52:46.512,2.02865,2.02905,1.30,2.70
2008.08.25 07:52:46.714,2.02865,2.0291,1.30,2.10
2008.08.25 07:52:47.278,2.02865,2.02915,1.30,2.10
2008.08.25 07:52:48.337,2.02875,2.02915,1.30,3.20
2008.08.25 07:52:50.254,2.0288,2.02915,1.30,3.20
2008.08.25 07:52:51.943,2.02875,2.02915,2.00,2.10
2008.08.25 07:52:52.162,2.02875,2.0292,2.00,2.10
2008.08.25 07:52:53.705,2.02875,2.0292,2.00,3.20
2008.08.25 07:52:54.665,2.02875,2.0291,2.00,1.00
2008.08.25 07:52:55.093,2.0289,2.0291,2.00,1.00
2008.08.25 07:52:55.226,2.0289,2.0292,2.00,2.10
2008.08.25 07:52:55.314,2.02875,2.0292,2.00,2.10
2008.08.25 07:52:55.858,2.02875,2.0292,2.00,4.80
2008.08.25 07:52:57.514,2.0287,2.0292,2.00,4.80
2008.08.25 07:53:00.845,2.0287,2.0292,2.00,2.10
2008.08.25 07:53:02.632,2.02875,2.02925,1.30,2.10
2008.08.25 07:53:02.975,2.0287,2.02925,2.00,3.20
2008.08.25 07:53:04.271,2.0287,2.02925,2.00,5.90
2008.08.25 07:53:06.170,2.0287,2.02925,2.00,9.10
2008.08.25 07:53:06.348,2.0287,2.02925,2.00,7.00
2008.08.25 07:53:06.527,2.0287,2.02925,2.00,3.70
2008.08.25 07:53:07.086,2.02875,2.02925,1.30,2.70
2008.08.25 07:53:08.226,2.02875,2.0293,1.30,2.10
2008.08.25 07:53:08.907,2.0288,2.02935,2.00,13.50
2008.08.25 07:53:08.982,2.0289,2.02935,2.00,13.50
2008.08.25 07:53:09.057,2.0289,2.02935,2.00,8.10
2008.08.25 07:53:09.134,2.0289,2.0293,2.00,2.70
2008.08.25 07:53:09.301,2.0289,2.0293,2.00,3.20
2008.08.25 07:53:09.857,2.02885,2.0293,2.00,3.20
2008.08.25 07:53:10.469,2.02885,2.0293,2.00,4.30
2008.08.25 07:53:10.738,2.02885,2.0293,2.00,3.20
2008.08.25 07:53:11.006,2.0288,2.0293,2.00,5.40
2008.08.25 07:53:11.253,2.0288,2.0293,2.00,6.40
2008.08.25 07:53:12.213,2.0288,2.02935,2.00,6.40
2008.08.25 07:53:12.509,2.0288,2.02935,2.00,8.60
2008.08.25 07:53:15.213,2.02885,2.02935,1.30,7.50
2008.08.25 07:53:16.157,2.0288,2.02935,2.00,8.60
2008.08.25 07:53:17.455,2.0288,2.02935,2.00,7.50
2008.08.25 07:53:18.948,2.0288,2.02935,2.00,8.60
2008.08.25 07:53:20.809,2.02885,2.0293,1.30,6.40
2008.08.25 07:53:24.045,2.0288,2.0293,2.00,4.30
2008.08.25 07:53:24.698,2.0288,2.0293,2.00,6.40
2008.08.25 07:53:25.136,2.02875,2.02935,8.30,7.10
2008.08.25 07:53:25.274,2.02875,2.02935,1.30,8.20
2008.08.25 07:53:25.409,2.02875,2.02925,1.30,1.00
2008.08.25 07:53:25.546,2.02875,2.0292,1.30,3.20
2008.08.25 07:53:25.681,2.02875,2.02925,1.30,5.40
2008.08.25 07:53:25.817,2.02865,2.02925,4.50,5.40
2008.08.25 07:53:26.334,2.02865,2.02925,4.50,7.00
2008.08.25 07:53:26.577,2.02865,2.0292,4.50,2.10
2008.08.25 07:53:31.179,2.02875,2.0292,1.30,2.10
2008.08.25 07:53:32.366,2.02865,2.0292,4.00,2.10
2008.08.25 07:53:32.673,2.0287,2.0292,2.00,2.10
2008.08.25 07:53:34.157,2.0288,2.0292,2.00,2.10
2008.08.25 07:53:34.858,2.02875,2.0292,2.00,2.10
2008.08.25 07:53:35.766,2.02865,2.0292,6.30,2.10
2008.08.25 07:53:35.926,2.02865,2.0292,7.80,2.10
2008.08.25 07:53:37.448,2.02885,2.0292,1.30,2.10
2008.08.25 07:53:37.654,2.0288,2.0293,2.00,2.10
2008.08.25 07:53:39.293,2.0288,2.02935,2.00,2.10
2008.08.25 07:53:41.693,2.0288,2.02935,2.00,5.40
2008.08.25 07:53:42.982,2.02885,2.02935,1.30,2.10
2008.08.25 07:53:43.481,2.02875,2.02935,9.90,2.10
2008.08.25 07:53:43.778,2.02875,2.02935,5.10,3.20
2008.08.25 07:53:44.179,2.02865,2.02925,9.10,2.80
2008.08.25 07:53:44.497,2.0286,2.02925,4.50,2.80
2008.08.25 07:53:44.657,2.0286,2.0292,4.50,2.10
2008.08.25 07:53:45.090,2.0287,2.0292,5.20,2.10
2008.08.25 07:53:45.362,2.0287,2.0292,2.00,2.10
2008.08.25 07:53:45.497,2.02865,2.0292,6.70,2.10
2008.08.25 07:53:46.864,2.02865,2.02915,4.50,2.10
2008.08.25 07:53:47.101,2.0286,2.02915,6.30,2.10
2008.08.25 07:53:47.716,2.02865,2.02915,2.70,2.10
2008.08.25 07:53:47.951,2.02855,2.0291,6.70,2.10
2008.08.25 07:53:48.046,2.02855,2.0291,4.50,2.10
2008.08.25 07:53:49.066,2.02855,2.0291,7.20,2.10
2008.08.25 07:54:00.864,2.02855,2.0291,4.50,2.10
2008.08.25 07:54:01.002,2.02855,2.029,4.50,1.00
2008.08.25 07:54:02.221,2.0285,2.02905,5.20,3.20
2008.08.25 07:54:04.446,2.0285,2.02905,5.20,2.10
2008.08.25 07:54:04.662,2.0285,2.02905,5.20,3.20
2008.08.25 07:54:08.547,2.0285,2.02905,1.30,6.40
2008.08.25 07:54:22.051,2.0285,2.02905,1.30,3.20
2008.08.25 07:54:22.181,2.0285,2.02905,4.00,3.20
2008.08.25 07:54:22.409,2.0285,2.029,4.00,1.00
2008.08.25 07:54:22.637,2.02855,2.029,2.00,1.00
2008.08.25 07:54:28.651,2.0285,2.029,2.70,1.00
2008.08.25 07:54:28.906,2.0284,2.029,8.50,1.00
2008.08.25 07:54:29.033,2.0284,2.029,2.00,2.10
2008.08.25 07:54:29.161,2.0284,2.029,2.00,1.00
2008.08.25 07:54:29.289,2.02835,2.02905,9.90,3.90
2008.08.25 07:54:29.417,2.02835,2.02905,7.80,4.90
2008.08.25 07:54:29.545,2.02835,2.02905,7.80,7.10
2008.08.25 07:54:29.673,2.02835,2.02905,4.50,4.90
2008.08.25 07:54:30.449,2.0284,2.02905,2.00,4.90
2008.08.25 07:54:36.018,2.02845,2.02905,6.70,4.90
2008.08.25 07:54:36.233,2.0284,2.029,7.40,1.00
2008.08.25 07:54:36.450,2.02845,2.029,7.20,1.00
2008.08.25 07:54:37.918,2.02845,2.02915,4.50,10.30
2008.08.25 07:54:38.153,2.0284,2.0291,8.50,3.90
2008.08.25 07:54:38.768,2.0284,2.0291,11.70,3.90
2008.08.25 07:54:39.003,2.0284,2.02905,8.50,1.00
2008.08.25 07:54:39.162,2.0284,2.02905,11.70,1.00
2008.08.25 07:54:42.489,2.02855,2.0291,1.30,4.30
2008.08.25 07:54:42.829,2.0286,2.0292,2.00,4.80
2008.08.25 07:54:43.169,2.02855,2.0292,9.40,4.80
2008.08.25 07:54:43.510,2.0285,2.0292,8.50,5.50
2008.08.25 07:54:43.711,2.02855,2.0292,12.40,2.80
2008.08.25 07:54:46.651,2.02855,2.0292,11.70,2.10
2008.08.25 07:54:46.921,2.02865,2.0292,2.00,2.10
2008.08.25 07:54:47.489,2.0287,2.02925,4.00,2.10
2008.08.25 07:54:48.081,2.0287,2.0293,4.50,2.10
2008.08.25 07:54:50.873,2.02865,2.0293,11.70,2.10
2008.08.25 07:54:51.413,2.02865,2.02935,6.30,10.30
2008.08.25 07:54:52.061,2.02865,2.02935,9.50,7.10
2008.08.25 07:54:52.573,2.0287,2.02935,4.00,10.30
2008.08.25 07:54:53.861,2.02865,2.02935,6.30,11.40
2008.08.25 07:54:54.167,2.02865,2.02935,6.30,10.30
2008.08.25 07:54:54.309,2.02865,2.02935,2.00,13.00
2008.08.25 07:54:54.465,2.02865,2.02935,2.00,14.10
2008.08.25 07:54:54.558,2.02865,2.0293,2.00,2.10
2008.08.25 07:54:55.011,2.0286,2.0293,2.00,2.80
2008.08.25 07:54:55.350,2.0286,2.02925,2.00,2.70
2008.08.25 07:54:56.727,2.0286,2.02925,2.00,3.70
2008.08.25 07:54:58.790,2.02865,2.02915,1.30,1.00
2008.08.25 07:54:59.479,2.02865,2.02925,1.30,3.20
2008.08.25 07:54:59.585,2.0286,2.02925,2.00,6.40
2008.08.25 07:54:59.641,2.0286,2.02915,2.00,1.00
2008.08.25 07:55:00.137,2.0286,2.0292,2.00,3.20
2008.08.25 07:55:00.501,2.0286,2.02905,2.00,1.00
2008.08.25 07:55:00.860,2.0285,2.0292,2.00,8.60
2008.08.25 07:55:01.218,2.0286,2.02915,2.00,5.40
2008.08.25 07:55:01.413,2.0286,2.02925,2.00,2.10
2008.08.25 07:55:01.805,2.0285,2.02915,4.50,3.20
2008.08.25 07:55:02.541,2.0285,2.029,4.50,1.00
2008.08.25 07:55:02.881,2.02845,2.029,9.50,1.00
2008.08.25 07:55:03.222,2.02845,2.0291,9.50,2.80
2008.08.25 07:55:03.401,2.0285,2.0291,4.50,2.10
2008.08.25 07:55:04.326,2.02855,2.029,1.30,1.00
2008.08.25 07:55:04.414,2.02855,2.029,4.00,1.00
2008.08.25 07:55:04.502,2.02865,2.029,1.30,1.00
2008.08.25 07:55:06.273,2.0286,2.02915,2.00,3.20
2008.08.25 07:55:06.409,2.0286,2.029,2.00,1.00
2008.08.25 07:55:06.681,2.02865,2.029,2.00,1.00
2008.08.25 07:55:07.105,2.02865,2.0293,2.00,3.20
2008.08.25 07:55:07.393,2.02865,2.02925,2.00,1.00
2008.08.25 07:55:08.614,2.02865,2.0291,4.50,1.00
2008.08.25 07:55:09.441,2.0286,2.0291,6.30,1.00
2008.08.25 07:55:09.602,2.0286,2.0291,2.00,1.00
2008.08.25 07:55:09.693,2.0286,2.02895,2.00,1.00
2008.08.25 07:55:10.237,2.0285,2.02895,5.90,1.00
2008.08.25 07:55:10.461,2.02845,2.02895,2.00,1.00
2008.08.25 07:55:11.750,2.0285,2.0289,1.30,1.00
2008.08.25 07:55:11.937,2.02845,2.0289,1.30,1.00
2008.08.25 07:55:12.573,2.02845,2.02885,4.00,1.00
2008.08.25 07:55:13.377,2.02845,2.02885,1.30,1.00
2008.08.25 07:55:13.954,2.02845,2.02895,4.50,1.00
2008.08.25 07:55:14.242,2.02845,2.029,7.20,6.40
2008.08.25 07:55:14.529,2.0284,2.02895,5.20,1.00
2008.08.25 07:55:16.164,2.0284,2.02895,2.00,1.00
2008.08.25 07:55:17.858,2.0284,2.0289,5.20,1.00
2008.08.25 07:55:18.045,2.0284,2.02895,5.20,1.00
2008.08.25 07:55:23.852,2.0285,2.02895,3.20,1.00
2008.08.25 07:55:24.013,2.0284,2.02895,1.30,1.00
2008.08.25 07:55:24.833,2.0284,2.02885,1.00,1.00
2008.08.25 07:55:24.986,2.0284,2.02885,1.00,1.70
2008.08.25 07:55:25.153,2.02845,2.0288,1.30,4.30
2008.08.25 07:55:25.322,2.02845,2.0288,1.30,3.20
2008.08.25 07:55:25.405,2.0284,2.02885,1.30,1.00
2008.08.25 07:55:25.489,2.0284,2.0289,1.30,2.70
2008.08.25 07:55:25.573,2.02845,2.0289,1.30,2.70
2008.08.25 07:55:25.741,2.02845,2.02895,1.30,1.00
2008.08.25 07:55:26.592,2.02845,2.02895,4.50,1.00
2008.08.25 07:55:27.014,2.02835,2.0289,6.70,1.00
2008.08.25 07:55:27.231,2.02835,2.0289,4.50,1.00
2008.08.25 07:55:27.887,2.02845,2.0289,1.30,1.00
2008.08.25 07:55:28.057,2.02845,2.029,4.50,7.00
2008.08.25 07:55:28.238,2.0283,2.029,12.80,1.70
2008.08.25 07:55:28.426,2.0283,2.0289,10.60,1.00
2008.08.25 07:55:28.614,2.0283,2.0289,6.20,1.00
2008.08.25 07:55:30.169,2.0283,2.0289,6.20,2.10
2008.08.25 07:55:32.957,2.02835,2.029,2.40,3.30
2008.08.25 07:55:33.153,2.02835,2.029,5.10,3.90
2008.08.25 07:55:33.349,2.0285,2.02905,1.30,7.50
2008.08.25 07:55:33.545,2.02845,2.029,2.00,2.10
2008.08.25 07:55:34.091,2.02845,2.029,2.00,1.00
2008.08.25 07:55:34.249,2.02855,2.0291,6.20,2.10
2008.08.25 07:55:35.037,2.02845,2.0291,4.00,2.10
2008.08.25 07:55:35.668,2.0285,2.029,1.30,1.00
2008.08.25 07:55:35.978,2.0284,2.02885,2.70,1.00
2008.08.25 07:55:36.188,2.0285,2.0289,1.30,5.90
2008.08.25 07:55:36.398,2.0285,2.02885,1.30,2.70
2008.08.25 07:55:37.227,2.0285,2.0289,1.30,1.00
2008.08.25 07:55:37.601,2.0285,2.02905,1.30,3.20
2008.08.25 07:55:38.161,2.0285,2.02895,1.30,1.00
2008.08.25 07:55:41.100,2.02845,2.02895,1.30,1.00
2008.08.25 07:55:41.761,2.02845,2.02905,1.30,7.50
2008.08.25 07:55:41.949,2.0284,2.02895,2.00,1.00
2008.08.25 07:55:44.149,2.0283,2.029,7.40,1.70
2008.08.25 07:55:44.269,2.0283,2.02895,5.90,1.70
2008.08.25 07:55:44.389,2.0283,2.02895,5.90,3.90
2008.08.25 07:55:44.509,2.02825,2.02895,6.30,7.10
2008.08.25 07:55:44.718,2.0283,2.02895,1.30,9.80
2008.08.25 07:55:47.137,2.0282,2.0289,6.70,3.90
2008.08.25 07:55:47.428,2.02825,2.0288,1.30,1.00
2008.08.25 07:55:48.446,2.0284,2.0288,1.30,1.00
2008.08.25 07:55:48.593,2.0284,2.0289,1.30,7.00
2008.08.25 07:55:48.738,2.0282,2.02895,11.70,1.00
2008.08.25 07:55:48.893,2.02825,2.02895,4.00,4.90
2008.08.25 07:55:49.023,2.02825,2.02895,4.00,8.20
2008.08.25 07:55:49.330,2.02825,2.02895,1.30,8.20
2008.08.25 07:55:50.197,2.02835,2.0289,1.30,7.50
2008.08.25 07:55:50.261,2.02835,2.0289,1.30,4.30
2008.08.25 07:55:50.314,2.02835,2.0289,1.30,1.00
2008.08.25 07:55:50.733,2.0284,2.029,1.30,6.40
2008.08.25 07:55:50.878,2.02835,2.02895,4.50,4.30
2008.08.25 07:55:50.920,2.02835,2.02895,4.50,1.00
2008.08.25 07:55:52.978,2.0283,2.029,6.30,1.70
2008.08.25 07:55:53.085,2.0283,2.0289,4.50,4.30
2008.08.25 07:55:55.418,2.02835,2.02895,1.30,7.00
2008.08.25 07:55:57.095,2.02825,2.0289,2.40,3.30
2008.08.25 07:55:57.231,2.02825,2.0289,1.30,6.60
2008.08.25 07:55:57.653,2.02825,2.02885,1.30,2.70
2008.08.25 07:56:00.579,2.02815,2.0288,6.70,1.00
2008.08.25 07:56:00.817,2.02815,2.0287,6.70,3.20
2008.08.25 07:56:00.865,2.02815,2.02875,6.70,5.90
2008.08.25 07:56:00.958,2.02815,2.02875,4.50,5.90
2008.08.25 07:56:01.007,2.02815,2.02875,1.30,5.90
2008.08.25 07:56:03.432,2.02825,2.02875,1.30,5.90
2008.08.25 07:56:03.841,2.02825,2.0287,1.30,3.20
2008.08.25 07:56:09.799,2.0282,2.0287,2.40,3.20
2008.08.25 07:56:10.585,2.0283,2.0287,2.10,4.30
2008.08.25 07:56:10.942,2.0282,2.0287,1.30,4.30
2008.08.25 07:56:11.207,2.0282,2.0287,1.30,5.40
2008.08.25 07:56:14.050,2.02825,2.0287,1.30,5.40
2008.08.25 07:56:14.250,2.02825,2.0287,1.30,3.20
2008.08.25 07:56:15.963,2.02825,2.0286,1.30,2.10
2008.08.25 07:56:16.202,2.02825,2.02875,1.30,5.40
2008.08.25 07:56:17.398,2.0282,2.0287,2.00,3.20
2008.08.25 07:56:19.279,2.0282,2.0287,2.00,4.30
2008.08.25 07:56:19.409,2.0281,2.0287,11.30,3.90
2008.08.25 07:56:19.457,2.0281,2.0287,5.90,1.70
2008.08.25 07:56:19.629,2.02815,2.02875,4.50,3.20
2008.08.25 07:56:19.772,2.02815,2.02875,4.50,6.40
2008.08.25 07:56:19.881,2.02815,2.0287,2.00,2.70
2008.08.25 07:56:20.593,2.02815,2.02875,2.00,3.20
2008.08.25 07:56:20.941,2.0282,2.0287,1.30,1.00
2008.08.25 07:56:21.515,2.0281,2.0286,1.30,1.00
2008.08.25 07:56:22.202,2.0282,2.0286,1.30,1.00
2008.08.25 07:56:22.401,2.0282,2.0287,1.30,11.80
2008.08.25 07:56:22.601,2.0281,2.0287,2.00,11.80
2008.08.25 07:56:22.997,2.0281,2.0287,2.00,1.00
2008.08.25 07:56:24.876,2.0282,2.0287,2.00,1.00
2008.08.25 07:56:24.921,2.0282,2.0288,2.00,5.90
2008.08.25 07:56:24.969,2.0282,2.0287,2.00,3.20
2008.08.25 07:56:26.921,2.02815,2.0287,7.80,3.20
2008.08.25 07:56:30.825,2.02815,2.02885,4.50,10.30
2008.08.25 07:56:30.989,2.02815,2.0288,2.00,5.90
2008.08.25 07:56:31.167,2.02815,2.0287,5.10,3.20
2008.08.25 07:56:33.013,2.02815,2.0288,2.00,2.70
2008.08.25 07:56:33.157,2.02815,2.0287,5.10,3.20
2008.08.25 07:56:34.273,2.02815,2.0288,2.00,2.70
2008.08.25 07:56:34.337,2.0281,2.0288,2.00,3.30
2008.08.25 07:56:34.412,2.0281,2.0288,2.00,6.60
2008.08.25 07:56:34.479,2.0282,2.0288,2.00,5.90
2008.08.25 07:56:34.605,2.0282,2.0288,2.00,2.70
2008.08.25 07:56:35.161,2.0282,2.02885,2.00,16.80
2008.08.25 07:56:35.401,2.0282,2.0287,2.00,3.20
2008.08.25 07:56:37.517,2.02815,2.0287,9.90,3.20
2008.08.25 07:56:51.483,2.02825,2.0287,1.30,3.20
2008.08.25 07:56:51.739,2.0281,2.0287,14.90,3.20
2008.08.25 07:56:51.995,2.0281,2.0288,8.90,12.20
2008.08.25 07:56:52.249,2.0281,2.0288,8.90,3.90
2008.08.25 07:56:52.733,2.0281,2.0287,4.50,4.30
2008.08.25 07:56:52.977,2.0281,2.0287,4.10,4.30
2008.08.25 07:56:54.962,2.0282,2.0287,2.00,4.30
2008.08.25 07:56:55.125,2.0282,2.0287,2.00,3.20
2008.08.25 07:56:55.337,2.0282,2.0288,2.90,2.70
2008.08.25 07:56:55.394,2.02815,2.0288,8.30,2.70
2008.08.25 07:56:55.466,2.02815,2.0287,8.30,3.20
2008.08.25 07:56:55.523,2.0282,2.0287,7.00,3.20
2008.08.25 07:56:55.681,2.02815,2.0287,11.00,3.20
2008.08.25 07:56:56.137,2.0282,2.0287,1.30,3.20
2008.08.25 07:56:56.480,2.02815,2.02865,7.00,1.70
2008.08.25 07:56:56.837,2.0282,2.02875,2.70,4.90
2008.08.25 07:56:57.078,2.02815,2.0287,8.10,1.00
2008.08.25 07:56:57.317,2.0281,2.0286,10.60,3.20
2008.08.25 07:56:57.557,2.02815,2.0286,6.70,3.20
2008.08.25 07:56:57.797,2.02815,2.02895,4.50,8.20
2008.08.25 07:56:58.105,2.02815,2.0288,12.80,3.20
2008.08.25 07:56:58.413,2.02815,2.02875,4.40,7.10
2008.08.25 07:56:58.722,2.028,2.02875,13.90,7.10
2008.08.25 07:56:59.029,2.028,2.02865,10.60,7.10
2008.08.25 07:56:59.165,2.028,2.02865,8.90,7.10
2008.08.25 07:56:59.697,2.02805,2.02855,2.10,1.00
2008.08.25 07:56:59.834,2.02795,2.02855,10.20,1.00
2008.08.25 07:56:59.969,2.028,2.02865,9.90,8.20
2008.08.25 07:57:00.253,2.028,2.02865,11.70,8.20
2008.08.25 07:57:00.537,2.028,2.02865,9.50,8.20
2008.08.25 07:57:02.392,2.02805,2.02865,9.40,8.20
2008.08.25 07:57:03.945,2.02805,2.02865,8.10,8.20
2008.08.25 07:57:04.605,2.02805,2.02865,9.40,8.20
2008.08.25 07:57:04.804,2.0281,2.02865,2.70,8.20
2008.08.25 07:57:05.149,2.0281,2.02865,2.70,4.90
2008.08.25 07:57:05.174,2.0281,2.02865,2.70,1.70
2008.08.25 07:57:05.374,2.0281,2.0286,4.00,1.00
2008.08.25 07:57:05.601,2.0281,2.02875,4.00,4.90
2008.08.25 07:57:06.977,2.02815,2.0287,8.30,4.30
2008.08.25 07:57:07.125,2.02815,2.0287,10.50,3.20
2008.08.25 07:57:07.418,2.02815,2.0287,14.90,3.20
2008.08.25 07:57:11.657,2.02825,2.0287,1.30,3.20
2008.08.25 07:57:11.885,2.02825,2.02885,2.10,8.20
2008.08.25 07:57:12.113,2.0282,2.0287,6.70,3.20
2008.08.25 07:57:12.294,2.02815,2.0287,14.90,3.20
2008.08.25 07:57:12.473,2.02825,2.02885,2.10,8.20
2008.08.25 07:57:12.653,2.0282,2.0287,6.70,3.20
2008.08.25 07:57:12.833,2.0282,2.0288,6.70,4.30
2008.08.25 07:57:13.038,2.02825,2.02885,2.10,4.90
2008.08.25 07:57:13.218,2.02815,2.0287,14.90,3.20
2008.08.25 07:57:13.425,2.0282,2.0287,4.50,3.20
2008.08.25 07:57:13.633,2.02825,2.02885,2.10,4.90
2008.08.25 07:57:13.841,2.02825,2.0288,4.00,7.50
2008.08.25 07:57:14.049,2.02835,2.0288,5.40,3.20
2008.08.25 07:57:14.257,2.02835,2.02895,2.10,9.80
2008.08.25 07:57:14.384,2.02835,2.02895,2.10,10.90
2008.08.25 07:57:14.513,2.02835,2.0289,2.10,3.90
2008.08.25 07:57:14.652,2.0284,2.0289,2.00,3.20
2008.08.25 07:57:14.781,2.0284,2.02905,2.00,9.10
2008.08.25 07:57:14.909,2.0285,2.029,2.00,4.30
2008.08.25 07:57:15.161,2.02855,2.029,2.00,1.00
2008.08.25 07:57:16.433,2.0285,2.029,2.70,1.00
2008.08.25 07:57:16.661,2.0285,2.0291,2.70,3.90
2008.08.25 07:57:17.112,2.02845,2.0291,7.00,1.70
2008.08.25 07:57:17.592,2.02845,2.0291,7.00,3.90
2008.08.25 07:57:23.533,2.0285,2.02915,4.00,7.10
2008.08.25 07:57:23.651,2.0285,2.02915,5.90,7.10
2008.08.25 07:57:23.878,2.0285,2.02915,5.90,3.90
2008.08.25 07:57:26.669,2.0285,2.02915,5.90,2.80
2008.08.25 07:57:27.153,2.02845,2.029,12.10,3.20
2008.08.25 07:57:27.501,2.02845,2.02915,13.20,7.10
2008.08.25 07:57:27.677,2.0285,2.02915,5.90,3.90
2008.08.25 07:57:28.049,2.0285,2.029,5.90,3.20
2008.08.25 07:57:28.319,2.02855,2.02915,2.70,3.90
2008.08.25 07:57:28.517,2.02855,2.02915,3.70,3.90
2008.08.25 07:57:29.423,2.02855,2.02915,2.70,3.90
2008.08.25 07:57:29.512,2.02855,2.029,2.70,3.20
2008.08.25 07:57:31.093,2.02845,2.029,12.10,3.20
2008.08.25 07:57:31.382,2.02855,2.0291,1.00,3.90
2008.08.25 07:57:31.712,2.0285,2.0291,7.00,3.90
2008.08.25 07:57:36.102,2.02855,2.02915,5.10,3.90
2008.08.25 07:57:36.262,2.0285,2.02915,7.40,4.90
2008.08.25 07:57:36.421,2.0285,2.02915,12.80,4.90
2008.08.25 07:57:37.049,2.02865,2.02915,3.20,1.20
2008.08.25 07:57:37.405,2.0285,2.02915,9.50,2.20
2008.08.25 07:57:37.605,2.0285,2.02915,12.60,4.90
2008.08.25 07:57:37.804,2.0285,2.02915,12.60,3.90
2008.08.25 07:57:38.005,2.0285,2.02915,17.10,3.90
2008.08.25 07:57:38.205,2.02855,2.02925,13.20,8.20
2008.08.25 07:57:39.050,2.0285,2.0292,10.60,3.90
2008.08.25 07:57:39.334,2.02855,2.02915,9.90,3.20
2008.08.25 07:57:39.413,2.02855,2.02925,9.90,8.20
2008.08.25 07:57:39.572,2.0285,2.0292,14.90,3.90
2008.08.25 07:57:39.802,2.0285,2.0292,12.80,3.90
2008.08.25 07:57:42.925,2.0287,2.02915,1.30,3.20
2008.08.25 07:57:43.201,2.0287,2.0292,1.30,1.00
2008.08.25 07:57:43.781,2.0287,2.0293,2.70,3.30
2008.08.25 07:57:44.089,2.0288,2.0293,2.70,2.10
2008.08.25 07:57:44.397,2.0288,2.02935,2.70,10.90
2008.08.25 07:57:44.705,2.02875,2.0293,2.70,3.30
2008.08.25 07:57:45.113,2.0289,2.0293,2.70,3.30
2008.08.25 07:57:45.269,2.0289,2.0293,2.70,7.50
2008.08.25 07:57:45.424,2.0289,2.0293,2.70,4.30
2008.08.25 07:57:45.681,2.0289,2.0293,2.70,1.00
2008.08.25 07:57:46.189,2.0289,2.0293,3.50,1.00
2008.08.25 07:57:46.469,2.0289,2.0294,3.50,1.00
2008.08.25 07:57:46.778,2.0289,2.02935,2.70,2.20
2008.08.25 07:57:46.900,2.02885,2.02935,1.00,5.50
2008.08.25 07:57:47.033,2.02875,2.02935,8.30,5.50
2008.08.25 07:57:47.153,2.0289,2.0293,1.00,1.00
2008.08.25 07:57:47.273,2.0289,2.02945,1.80,7.00
2008.08.25 07:57:47.392,2.0289,2.0294,3.50,4.30
2008.08.25 07:57:47.725,2.0289,2.0294,3.50,1.00
2008.08.25 07:57:49.326,2.029,2.02955,2.70,9.70
2008.08.25 07:57:49.666,2.029,2.02955,2.70,6.40
2008.08.25 07:57:49.834,2.0291,2.02955,2.70,5.40
2008.08.25 07:57:50.030,2.0291,2.02965,2.70,4.30
2008.08.25 07:57:50.225,2.0291,2.0296,2.70,2.10
2008.08.25 07:57:52.170,2.0291,2.0296,3.50,2.10
2008.08.25 07:57:52.582,2.029,2.02955,3.70,1.20
2008.08.25 07:57:52.789,2.029,2.02955,2.70,2.20
2008.08.25 07:57:52.997,2.029,2.02955,2.70,8.70
2008.08.25 07:57:53.204,2.0289,2.02955,4.00,8.70
2008.08.25 07:57:54.904,2.0289,2.02955,4.00,9.80
2008.08.25 07:57:57.314,2.029,2.02955,3.20,6.60
2008.08.25 07:57:59.039,2.0289,2.02955,4.00,6.60
2008.08.25 07:57:59.157,2.0289,2.02955,2.90,6.60
2008.08.25 07:57:59.370,2.0289,2.0294,1.80,1.00
2008.08.25 07:57:59.478,2.02885,2.02945,4.00,2.20
2008.08.25 07:57:59.689,2.02885,2.02945,2.90,5.50
2008.08.25 07:57:59.901,2.02885,2.02945,1.00,5.50
2008.08.25 07:58:00.210,2.02885,2.02945,1.00,6.60
2008.08.25 07:58:01.489,2.02885,2.02945,1.00,5.50
2008.08.25 07:58:01.666,2.02885,2.0293,1.00,1.00
2008.08.25 07:58:01.843,2.0288,2.0293,2.70,4.30
2008.08.25 07:58:02.018,2.02875,2.0293,7.80,4.30
2008.08.25 07:58:02.581,2.02875,2.0293,5.60,4.30
2008.08.25 07:58:02.864,2.02875,2.0293,2.90,4.30
2008.08.25 07:58:06.370,2.02875,2.0293,2.90,3.20
2008.08.25 07:58:06.459,2.0289,2.0294,1.00,5.90
2008.08.25 07:58:06.621,2.0289,2.0294,1.80,6.40
2008.08.25 07:58:06.785,2.029,2.0294,3.20,3.20
2008.08.25 07:58:06.948,2.029,2.02955,3.20,6.60
2008.08.25 07:58:07.112,2.029,2.02955,3.20,9.30
2008.08.25 07:58:07.276,2.029,2.02955,3.20,6.60
2008.08.25 07:58:11.132,2.029,2.02955,1.00,6.60
2008.08.25 07:58:11.316,2.029,2.02955,1.00,5.50
2008.08.25 07:58:11.672,2.02895,2.0296,6.20,8.20
2008.08.25 07:58:12.140,2.02895,2.0296,8.90,5.50
2008.08.25 07:58:12.457,2.02895,2.0295,8.90,1.00
2008.08.25 07:58:12.693,2.029,2.0295,5.40,1.00
2008.08.25 07:58:13.160,2.029,2.0296,5.40,5.50
2008.08.25 07:58:13.398,2.029,2.0296,5.40,8.20
2008.08.25 07:58:13.814,2.029,2.0295,5.40,1.00
2008.08.25 07:58:14.388,2.02905,2.0295,1.00,1.00
2008.08.25 07:58:14.575,2.02905,2.0296,1.00,3.20
2008.08.25 07:58:14.779,2.02905,2.0296,1.00,1.00
2008.08.25 07:58:14.981,2.0291,2.02965,1.00,2.20
2008.08.25 07:58:15.386,2.029,2.02965,3.50,2.20
2008.08.25 07:58:15.588,2.02905,2.02965,2.70,4.40
2008.08.25 07:58:15.804,2.02905,2.02965,2.70,2.20
2008.08.25 07:58:16.233,2.02905,2.02965,2.70,7.60
2008.08.25 07:58:16.449,2.02905,2.02965,2.70,4.40
2008.08.25 07:58:17.844,2.02905,2.02965,2.70,2.20
2008.08.25 07:58:20.571,2.02905,2.0296,3.50,1.00
2008.08.25 07:58:20.659,2.02905,2.0297,3.50,6.60
2008.08.25 07:58:20.720,2.02905,2.0297,3.50,3.30
2008.08.25 07:58:20.989,2.02905,2.0297,6.70,3.30
2008.08.25 07:58:23.660,2.02905,2.0297,7.80,3.30
2008.08.25 07:58:23.783,2.0292,2.0297,1.00,2.10
2008.08.25 07:58:24.029,2.02925,2.02975,2.70,4.40
2008.08.25 07:58:24.153,2.02925,2.0296,2.70,3.20
2008.08.25 07:58:24.637,2.0291,2.0296,3.50,3.20
2008.08.25 07:58:25.368,2.0292,2.0296,1.00,3.20
2008.08.25 07:58:25.553,2.02925,2.02975,2.70,3.20
2008.08.25 07:58:25.988,2.02925,2.0296,2.70,3.20
2008.08.25 07:58:26.246,2.0291,2.0296,3.50,3.20
2008.08.25 07:58:28.776,2.0291,2.0296,2.70,4.30
2008.08.25 07:58:29.076,2.0291,2.0296,3.50,4.30
2008.08.25 07:58:29.205,2.0291,2.0296,5.10,3.20
2008.08.25 07:58:31.235,2.0291,2.0296,7.20,3.20
2008.08.25 07:58:31.673,2.0291,2.02975,7.20,7.60
2008.08.25 07:58:31.808,2.02915,2.02975,4.80,7.60
2008.08.25 07:58:32.209,2.02915,2.0296,4.80,3.20
2008.08.25 07:58:32.479,2.0292,2.0296,2.10,3.20
2008.08.25 07:58:32.613,2.0291,2.0296,7.20,3.20
2008.08.25 07:58:34.527,2.0291,2.0296,5.10,3.20
2008.08.25 07:58:36.020,2.0291,2.0296,10.50,3.20
2008.08.25 07:58:36.780,2.0292,2.0296,2.10,3.20
2008.08.25 07:58:36.909,2.02915,2.02975,2.70,5.50
2008.08.25 07:58:37.288,2.0291,2.02975,13.70,5.50
2008.08.25 07:58:38.226,2.0292,2.02975,2.10,5.50
2008.08.25 07:58:38.560,2.0291,2.02975,3.50,5.50
2008.08.25 07:58:38.725,2.0292,2.02975,2.70,2.20
2008.08.25 07:58:39.185,2.0292,2.0297,3.50,1.00
2008.08.25 07:58:39.492,2.0292,2.02975,3.50,3.20
2008.08.25 07:58:39.650,2.0292,2.02985,2.90,15.70
2008.08.25 07:58:40.052,2.0292,2.02985,3.50,13.00
2008.08.25 07:58:40.259,2.0293,2.02985,2.70,13.00
2008.08.25 07:58:40.660,2.0293,2.02985,2.70,11.80
2008.08.25 07:58:40.864,2.0293,2.0298,2.70,8.60
2008.08.25 07:58:41.064,2.0293,2.0298,3.50,5.40
2008.08.25 07:58:42.712,2.0293,2.0298,3.50,3.20
2008.08.25 07:58:43.096,2.02935,2.0298,3.50,3.20
2008.08.25 07:58:43.220,2.02935,2.0298,2.70,3.20
2008.08.25 07:58:43.477,2.0294,2.02995,2.70,5.50
2008.08.25 07:58:43.600,2.02935,2.02995,3.70,5.50
2008.08.25 07:58:43.844,2.02935,2.02995,2.70,5.50
2008.08.25 07:58:44.313,2.02945,2.02995,1.00,4.40
2008.08.25 07:58:44.489,2.0295,2.02995,1.00,1.20
2008.08.25 07:58:44.664,2.02945,2.0299,2.90,1.00
2008.08.25 07:58:44.841,2.0295,2.02995,1.00,2.20
2008.08.25 07:58:45.016,2.02935,2.02995,8.90,5.50
2008.08.25 07:58:45.217,2.02935,2.02985,8.10,1.20
2008.08.25 07:58:45.417,2.02935,2.0298,8.10,1.00
2008.08.25 07:58:45.617,2.02935,2.02985,2.70,1.20
2008.08.25 07:58:45.816,2.02935,2.02985,8.10,4.40
2008.08.25 07:58:46.016,2.0294,2.02985,5.40,4.40
2008.08.25 07:58:47.029,2.0294,2.02985,5.40,5.50
2008.08.25 07:58:47.176,2.02925,2.02985,12.40,2.20
2008.08.25 07:58:49.902,2.02935,2.0298,1.00,1.00
2008.08.25 07:58:49.958,2.02935,2.02985,1.00,3.20
2008.08.25 07:58:50.016,2.02935,2.02985,4.00,3.20
2008.08.25 07:58:50.172,2.02935,2.02995,4.00,4.40
2008.08.25 07:58:51.394,2.02935,2.02995,4.00,6.60
2008.08.25 07:58:51.588,2.02935,2.02995,4.00,4.40
2008.08.25 07:58:51.832,2.0294,2.0299,5.10,3.20
2008.08.25 07:58:52.078,2.0294,2.0299,11.60,3.20
2008.08.25 07:58:54.139,2.02935,2.0299,15.30,3.20
2008.08.25 07:58:54.358,2.02935,2.0299,4.50,3.20
2008.08.25 07:58:54.576,2.02935,2.0299,3.50,3.20
2008.08.25 07:58:59.413,2.02935,2.0299,4.50,3.20
2008.08.25 07:58:59.533,2.02935,2.0299,5.60,3.20
2008.08.25 07:59:01.144,2.02935,2.0299,2.90,3.20
2008.08.25 07:59:01.868,2.02935,2.0299,5.60,3.20
2008.08.25 07:59:02.752,2.02935,2.0299,11.00,3.20
2008.08.25 07:59:03.101,2.02935,2.0299,9.90,3.20
2008.08.25 07:59:03.277,2.02935,2.0299,8.90,3.20
2008.08.25 07:59:03.452,2.02935,2.03,8.90,4.40
2008.08.25 07:59:03.628,2.0294,2.03,6.20,3.30
2008.08.25 07:59:03.804,2.0294,2.03,3.50,3.30
2008.08.25 07:59:04.072,2.0294,2.0299,3.50,3.20
2008.08.25 07:59:04.341,2.0294,2.0299,6.20,4.30
2008.08.25 07:59:04.608,2.0293,2.02995,3.50,9.80
2008.08.25 07:59:04.876,2.02935,2.0298,2.70,4.30
2008.08.25 07:59:05.100,2.02925,2.0298,12.10,7.50
2008.08.25 07:59:05.324,2.02925,2.0298,4.00,4.30
2008.08.25 07:59:05.548,2.02925,2.02985,5.90,5.50
2008.08.25 07:59:05.772,2.02925,2.02985,2.70,9.80
2008.08.25 07:59:06.008,2.0292,2.02945,6.20,3.20
2008.08.25 07:59:06.228,2.0292,2.0298,5.40,7.10
2008.08.25 07:59:06.449,2.0292,2.0297,5.40,4.40
2008.08.25 07:59:06.668,2.02895,2.0297,5.40,1.20
2008.08.25 07:59:06.889,2.02895,2.0296,5.40,1.20
2008.08.25 07:59:07.145,2.02895,2.0294,5.40,4.40
2008.08.25 07:59:07.400,2.0288,2.0294,3.20,4.40
2008.08.25 07:59:08.420,2.02885,2.0294,8.10,4.40
2008.08.25 07:59:08.682,2.02885,2.02935,5.40,1.20
2008.08.25 07:59:08.940,2.02885,2.02935,4.30,4.40
2008.08.25 07:59:10.884,2.02885,2.0293,4.30,3.20
2008.08.25 07:59:11.048,2.02885,2.0297,7.00,2.70
2008.08.25 07:59:11.324,2.02885,2.0297,4.80,2.70
2008.08.25 07:59:11.600,2.02885,2.0297,2.70,4.80
2008.08.25 07:59:12.151,2.029,2.02945,2.70,3.20
2008.08.25 07:59:12.501,2.029,2.02935,2.70,1.20
2008.08.25 07:59:12.676,2.029,2.02935,2.70,4.40
2008.08.25 07:59:13.025,2.029,2.0293,2.70,3.20
2008.08.25 07:59:13.304,2.029,2.0293,2.70,1.20
2008.08.25 07:59:13.584,2.02875,2.02925,5.40,2.70
2008.08.25 07:59:13.864,2.02885,2.02915,2.10,3.20
2008.08.25 07:59:14.145,2.02875,2.02915,2.10,3.20
2008.08.25 07:59:14.426,2.02885,2.02915,2.10,2.70
2008.08.25 07:59:14.562,2.02885,2.0294,2.10,1.20
2008.08.25 07:59:14.698,2.0288,2.0294,2.10,1.20
2008.08.25 07:59:15.345,2.02885,2.02945,2.10,4.40
2008.08.25 07:59:15.441,2.02885,2.02945,2.10,7.10
2008.08.25 07:59:15.628,2.02875,2.0294,8.30,7.10
2008.08.25 07:59:15.724,2.0289,2.0294,5.40,7.10
2008.08.25 07:59:15.912,2.02885,2.0294,7.50,7.10
2008.08.25 07:59:16.008,2.02885,2.0294,8.30,5.90
2008.08.25 07:59:16.104,2.02885,2.0295,8.30,10.30
2008.08.25 07:59:16.201,2.029,2.0295,5.40,7.60
2008.08.25 07:59:16.481,2.029,2.0295,5.40,4.40
2008.08.25 07:59:17.037,2.029,2.02935,5.40,1.00
2008.08.25 07:59:17.317,2.0291,2.02945,5.40,1.00
2008.08.25 07:59:17.944,2.02905,2.02945,6.20,1.00
2008.08.25 07:59:18.122,2.02905,2.02965,10.50,2.70
2008.08.25 07:59:18.300,2.02925,2.02965,1.00,2.70
2008.08.25 07:59:18.717,2.02925,2.02985,6.20,2.70
2008.08.25 07:59:19.215,2.0294,2.02985,4.00,2.70
2008.08.25 07:59:19.473,2.0295,2.02985,9.40,2.70
2008.08.25 07:59:19.741,2.0295,2.0299,9.40,4.30
2008.08.25 07:59:20.008,2.02945,2.0299,6.20,3.20
2008.08.25 07:59:20.144,2.02945,2.0299,6.20,1.00
2008.08.25 07:59:20.280,2.02935,2.0299,6.20,1.00
2008.08.25 07:59:20.417,2.0294,2.0299,6.20,2.70
2008.08.25 07:59:20.662,2.0294,2.02995,6.20,2.70
2008.08.25 07:59:20.904,2.0295,2.02995,4.30,2.70
2008.08.25 07:59:21.149,2.02965,2.0301,1.00,2.70
2008.08.25 07:59:22.201,2.02965,2.03005,1.00,2.70
2008.08.25 07:59:22.773,2.02975,2.03005,1.00,2.70
2008.08.25 07:59:23.144,2.02975,2.0301,1.00,2.70
2008.08.25 07:59:23.332,2.02965,2.0301,1.00,2.70
2008.08.25 07:59:24.825,2.02965,2.03005,1.00,2.70
2008.08.25 07:59:25.968,2.02965,2.0301,1.00,2.70
2008.08.25 07:59:26.358,2.02965,2.0301,6.20,2.70
2008.08.25 07:59:26.608,2.02965,2.0301,1.00,2.70
2008.08.25 07:59:26.736,2.02965,2.03015,1.00,5.90
2008.08.25 07:59:27.054,2.0297,2.03015,1.00,3.70
2008.08.25 07:59:27.976,2.0297,2.0301,1.00,1.00
2008.08.25 07:59:28.558,2.02975,2.03015,1.00,3.70
2008.08.25 07:59:28.754,2.02975,2.03015,1.00,2.70
2008.08.25 07:59:28.948,2.0297,2.03015,1.00,2.70
2008.08.25 07:59:29.444,2.02975,2.03015,1.00,2.70
2008.08.25 07:59:30.270,2.02975,2.0302,1.00,3.70
2008.08.25 07:59:30.989,2.02975,2.03015,1.00,1.00
2008.08.25 07:59:31.916,2.02975,2.03025,1.00,7.00
2008.08.25 07:59:33.516,2.02975,2.03025,1.00,5.90
2008.08.25 07:59:35.716,2.02975,2.03025,1.00,7.00
2008.08.25 07:59:35.866,2.02975,2.03025,1.00,9.10
2008.08.25 07:59:36.013,2.02975,2.03025,1.00,8.10
2008.08.25 07:59:36.161,2.02975,2.03025,1.00,5.40
2008.08.25 07:59:36.944,2.0298,2.03025,1.00,5.40
2008.08.25 07:59:37.204,2.0298,2.03025,1.00,2.10
2008.08.25 07:59:37.465,2.0298,2.0303,1.00,4.80
2008.08.25 07:59:37.725,2.0298,2.0303,1.00,2.10
2008.08.25 07:59:38.170,2.0298,2.03025,1.00,2.10
2008.08.25 07:59:39.806,2.02975,2.03025,1.00,2.10
2008.08.25 07:59:40.303,2.0297,2.03025,9.40,2.10
2008.08.25 07:59:40.452,2.0297,2.03025,9.40,3.20
2008.08.25 07:59:40.498,2.0297,2.03025,9.40,5.40
2008.08.25 07:59:42.968,2.0297,2.03025,9.40,4.30
2008.08.25 07:59:43.195,2.0297,2.0303,6.20,7.00
2008.08.25 07:59:43.420,2.0297,2.0302,6.20,1.00
2008.08.25 07:59:43.581,2.0297,2.0302,9.40,3.20
2008.08.25 07:59:47.222,2.02975,2.0302,1.00,3.20
2008.08.25 07:59:49.158,2.0297,2.0302,9.40,3.20
2008.08.25 07:59:55.981,2.0297,2.0302,9.40,1.00
2008.08.25 07:59:59.444,2.0297,2.0302,9.40,2.10
2008.08.25 07:59:59.648,2.0297,2.0302,9.40,4.30
2008.08.25 07:59:59.954,2.0297,2.0302,9.40,2.70
