2014.02.20 19:00:05.938,1.70408,1.70419,1.00,1.00
2014.02.20 19:00:06.090,1.70406,1.70419,2.33,1.00
2014.02.20 19:00:07.001,1.70405,1.70419,3.15,1.00
2014.02.20 19:00:09.651,1.70409,1.70419,1.00,1.00
2014.02.20 19:00:09.854,1.70406,1.70419,1.10,1.00
2014.02.20 19:00:09.904,1.70406,1.70419,1.10,1.38
2014.02.20 19:00:10.254,1.70409,1.70419,1.00,1.38
2014.02.20 19:00:10.465,1.7041,1.70422,1.00,1.38
2014.02.20 19:00:11.455,1.70412,1.70422,1.00,1.38
2014.02.20 19:00:11.911,1.7041,1.70422,2.63,1.13
2014.02.20 19:00:13.773,1.70409,1.70422,4.20,1.13
2014.02.20 19:00:21.129,1.70409,1.70422,2.33,1.38
2014.02.20 19:00:21.441,1.70409,1.70418,1.00,1.00
2014.02.20 19:00:21.644,1.70406,1.70418,1.38,1.50
2014.02.20 19:00:21.897,1.70404,1.70416,1.88,1.00
2014.02.20 19:00:22.166,1.70404,1.70416,1.00,1.00
2014.02.20 19:00:24.027,1.70404,1.70416,1.00,1.50
2014.02.20 19:00:24.353,1.70401,1.70413,1.65,1.00
2014.02.20 19:00:26.070,1.70399,1.70412,1.65,1.00
2014.02.20 19:00:26.172,1.70397,1.70401,1.13,1.13
2014.02.20 19:00:26.223,1.70397,1.70401,1.00,1.13
2014.02.20 19:00:26.324,1.70386,1.70399,1.00,1.48
2014.02.20 19:00:26.527,1.70382,1.70396,1.13,1.88
2014.02.20 19:00:26.578,1.70382,1.70396,1.13,2.25
2014.02.20 19:00:26.679,1.70381,1.70393,1.58,1.13
2014.02.20 19:00:26.932,1.70379,1.70394,1.58,1.88
2014.02.20 19:00:27.034,1.70379,1.70391,1.58,1.00
2014.02.20 19:00:27.136,1.70379,1.70394,1.50,2.03
2014.02.20 19:00:28.038,1.70379,1.70394,1.50,3.75
2014.02.20 19:00:28.089,1.70379,1.70391,1.50,1.00
2014.02.20 19:00:33.764,1.70379,1.70393,1.50,1.95
2014.02.20 19:00:34.280,1.70379,1.70392,1.50,1.88
2014.02.20 19:00:36.925,1.70381,1.70392,1.00,1.88
2014.02.20 19:00:38.925,1.70381,1.70393,1.00,2.33
2014.02.20 19:00:55.681,1.70381,1.70395,1.50,2.70
2014.02.20 19:00:55.897,1.70381,1.70395,1.50,2.78
2014.02.20 19:00:58.771,1.70381,1.70387,1.50,1.00
2014.02.20 19:00:59.153,1.70379,1.70385,1.00,1.00
2014.02.20 19:00:59.364,1.70381,1.70388,1.00,1.75
2014.02.20 19:00:59.566,1.70378,1.70387,1.00,1.13
2014.02.20 19:00:59.668,1.70378,1.70391,1.50,1.75
2014.02.20 19:01:00.190,1.70379,1.70393,1.00,2.03
2014.02.20 19:01:00.694,1.7038,1.70393,1.00,1.13
2014.02.20 19:01:05.612,1.70383,1.70392,1.00,2.63
2014.02.20 19:01:10.723,1.70382,1.70391,1.00,2.25
2014.02.20 19:01:12.070,1.70382,1.70391,1.00,2.25
2014.02.20 19:01:19.541,1.70383,1.70393,1.00,2.63
2014.02.20 19:01:20.089,1.70382,1.70394,1.50,3.00
2014.02.20 19:01:23.674,1.70382,1.70393,1.50,3.00
2014.02.20 19:01:31.925,1.70382,1.70389,1.50,1.13
2014.02.20 19:01:32.230,1.70374,1.70384,1.00,2.25
2014.02.20 19:01:32.331,1.70372,1.70384,1.00,2.33
2014.02.20 19:01:34.549,1.70372,1.70379,1.00,1.88
2014.02.20 19:01:34.752,1.70371,1.70377,1.00,1.88
2014.02.20 19:01:34.904,1.70367,1.70379,1.00,3.38
2014.02.20 19:01:35.438,1.70367,1.70376,1.00,1.13
2014.02.20 19:01:36.974,1.70368,1.70376,1.00,1.13
2014.02.20 19:01:37.279,1.70369,1.70378,1.00,1.88
2014.02.20 19:01:37.973,1.70369,1.70377,1.00,1.88
2014.02.20 19:01:38.292,1.70367,1.70376,1.00,1.88
2014.02.20 19:01:38.900,1.70366,1.70376,1.00,1.88
2014.02.20 19:01:39.102,1.70365,1.70374,1.00,1.88
2014.02.20 19:01:40.794,1.70364,1.70374,1.50,1.88
2014.02.20 19:01:41.927,1.70364,1.70375,1.00,2.25
2014.02.20 19:01:43.843,1.70363,1.70376,1.13,3.75
2014.02.20 19:01:44.191,1.70363,1.70376,1.13,3.75
2014.02.20 19:01:47.857,1.70361,1.70375,1.65,2.63
2014.02.20 19:01:54.501,1.70361,1.70374,1.58,2.25
2014.02.20 19:01:54.704,1.70359,1.70371,2.70,1.88
2014.02.20 19:01:55.111,1.70359,1.70372,1.58,3.38
2014.02.20 19:01:55.384,1.70359,1.70372,1.58,3.38
2014.02.20 19:01:57.663,1.7036,1.70373,1.00,2.63
2014.02.20 19:02:00.615,1.70361,1.70372,1.00,1.00
2014.02.20 19:02:00.819,1.70364,1.70375,1.00,1.13
2014.02.20 19:02:02.293,1.70365,1.70376,1.00,1.50
2014.02.20 19:02:02.925,1.70365,1.70376,1.00,1.13
2014.02.20 19:02:03.587,1.70364,1.70376,1.00,1.13
2014.02.20 19:02:03.901,1.70364,1.7037,1.00,1.00
2014.02.20 19:02:19.339,1.70364,1.70371,1.00,1.00
2014.02.20 19:02:20.143,1.70364,1.70372,1.00,1.00
2014.02.20 19:02:20.832,1.7036,1.70372,3.45,1.00
2014.02.20 19:02:20.883,1.70364,1.70372,1.00,1.00
2014.02.20 19:02:24.637,1.70362,1.70372,1.00,1.00
2014.02.20 19:02:25.076,1.70359,1.70372,1.50,1.00
2014.02.20 19:02:28.781,1.70359,1.70369,1.50,1.00
2014.02.20 19:02:29.760,1.70359,1.70368,1.50,1.00
2014.02.20 19:02:30.227,1.7036,1.7037,1.88,1.00
2014.02.20 19:02:30.277,1.70364,1.70372,1.00,1.00
2014.02.20 19:02:35.593,1.70364,1.70373,1.13,1.50
2014.02.20 19:02:36.080,1.70369,1.70373,1.00,1.00
2014.02.20 19:02:36.615,1.70369,1.70374,1.00,1.00
2014.02.20 19:02:40.528,1.70369,1.70376,1.00,1.00
2014.02.20 19:02:48.532,1.70369,1.70376,1.00,1.38
2014.02.20 19:02:48.583,1.70364,1.70372,1.58,1.00
2014.02.20 19:02:48.634,1.70364,1.70371,2.25,1.00
2014.02.20 19:02:49.194,1.70364,1.7037,1.00,1.00
2014.02.20 19:02:51.610,1.70362,1.70367,1.00,1.13
2014.02.20 19:02:51.915,1.70357,1.70361,1.00,1.00
2014.02.20 19:02:51.966,1.70354,1.70361,1.50,1.00
2014.02.20 19:02:52.067,1.70352,1.70361,1.00,1.00
2014.02.20 19:02:52.660,1.70349,1.7036,1.50,1.00
2014.02.20 19:02:55.603,1.70347,1.7036,1.88,1.00
2014.02.20 19:02:57.522,1.70347,1.7036,2.40,1.00
2014.02.20 19:02:57.573,1.70354,1.7036,1.00,1.00
2014.02.20 19:02:58.002,1.7035,1.70361,1.00,1.13
2014.02.20 19:02:58.631,1.70349,1.70361,1.95,1.13
2014.02.20 19:02:59.737,1.70349,1.7036,1.88,1.00
2014.02.20 19:03:07.073,1.70349,1.70361,1.13,2.25
2014.02.20 19:03:09.529,1.7035,1.70363,1.00,1.10
2014.02.20 19:03:10.087,1.70349,1.70362,1.13,1.00
2014.02.20 19:03:11.862,1.70349,1.70362,1.50,1.00
2014.02.20 19:03:12.217,1.70349,1.70362,3.45,1.00
2014.02.20 19:03:15.076,1.70349,1.70362,1.58,3.00
2014.02.20 19:03:15.177,1.70349,1.70356,1.20,1.00
2014.02.20 19:03:15.431,1.70341,1.70351,1.00,1.50
2014.02.20 19:03:15.584,1.70337,1.70349,1.00,1.00
2014.02.20 19:03:15.736,1.70335,1.70348,1.00,1.88
2014.02.20 19:03:15.950,1.70339,1.70348,1.00,1.88
2014.02.20 19:03:21.158,1.70335,1.70347,1.00,1.88
2014.02.20 19:03:21.717,1.70334,1.70347,1.50,1.13
2014.02.20 19:03:23.462,1.70339,1.70344,1.00,1.00
2014.02.20 19:03:25.289,1.70339,1.70349,1.00,1.38
2014.02.20 19:03:26.514,1.70339,1.70346,1.00,1.00
2014.02.20 19:03:27.019,1.70339,1.70348,1.00,1.88
2014.02.20 19:03:27.071,1.70342,1.70348,2.25,1.50
2014.02.20 19:03:27.223,1.70347,1.70357,1.75,1.00
2014.02.20 19:03:27.477,1.7035,1.70364,1.00,1.88
2014.02.20 19:03:29.150,1.70354,1.70362,1.00,1.00
2014.02.20 19:03:36.555,1.70354,1.70362,1.38,1.00
2014.02.20 19:03:36.808,1.70354,1.70366,1.00,1.50
2014.02.20 19:03:37.691,1.70354,1.70366,1.50,1.00
2014.02.20 19:03:37.792,1.70354,1.70366,1.88,1.00
2014.02.20 19:03:43.410,1.70354,1.70366,1.95,1.00
2014.02.20 19:03:50.960,1.70354,1.70366,1.95,1.00
2014.02.20 19:03:54.289,1.70354,1.70366,1.95,1.75
2014.02.20 19:03:54.594,1.70347,1.70354,1.00,1.00
2014.02.20 19:03:54.746,1.70343,1.70353,1.00,1.00
2014.02.20 19:03:54.898,1.70343,1.70351,1.00,1.50
2014.02.20 19:03:54.949,1.7034,1.70351,1.00,1.50
2014.02.20 19:03:55.905,1.7034,1.7035,1.00,1.00
2014.02.20 19:03:56.433,1.7034,1.70349,1.00,1.00
2014.02.20 19:04:02.107,1.7034,1.70351,1.13,1.88
2014.02.20 19:04:04.340,1.7034,1.70353,1.50,1.00
2014.02.20 19:04:04.543,1.70342,1.70353,1.00,1.00
2014.02.20 19:04:09.551,1.70342,1.70353,1.38,1.00
2014.02.20 19:04:12.335,1.70342,1.70348,1.00,1.00
2014.02.20 19:04:12.639,1.70327,1.7034,1.08,2.13
2014.02.20 19:04:12.690,1.70327,1.70333,1.00,1.00
2014.02.20 19:04:12.742,1.70324,1.70331,1.43,1.00
2014.02.20 19:04:12.793,1.70322,1.70329,1.48,1.00
2014.02.20 19:04:12.844,1.70323,1.70328,1.00,1.00
2014.02.20 19:04:12.895,1.70315,1.70324,1.15,1.00
2014.02.20 19:04:12.997,1.70311,1.7032,3.08,1.00
2014.02.20 19:04:13.048,1.70316,1.70321,1.08,1.00
2014.02.20 19:04:13.150,1.70306,1.70316,1.95,1.00
2014.02.20 19:04:13.200,1.70312,1.70317,1.38,1.00
2014.02.20 19:04:13.302,1.70299,1.70314,3.38,1.11
2014.02.20 19:04:13.403,1.70299,1.70314,2.78,1.11
2014.02.20 19:04:13.505,1.70301,1.70312,2.03,1.00
2014.02.20 19:04:13.859,1.70304,1.70312,1.00,1.00
2014.02.20 19:04:14.162,1.70309,1.70317,2.25,1.90
2014.02.20 19:04:14.214,1.70312,1.70317,1.08,1.00
2014.02.20 19:04:14.315,1.70319,1.70327,1.38,1.00
2014.02.20 19:04:14.467,1.7032,1.70327,1.00,1.00
2014.02.20 19:04:14.670,1.70321,1.70331,1.00,1.00
2014.02.20 19:04:17.454,1.70321,1.70333,1.00,1.00
2014.02.20 19:04:19.443,1.70321,1.70334,1.38,1.00
2014.02.20 19:04:19.545,1.70322,1.70336,1.13,1.00
2014.02.20 19:04:20.051,1.70322,1.70336,1.28,1.00
2014.02.20 19:04:20.954,1.70322,1.70335,1.18,1.00
2014.02.20 19:04:21.679,1.70322,1.70334,1.00,1.00
2014.02.20 19:04:25.123,1.70322,1.70335,1.10,1.00
2014.02.20 19:04:25.677,1.70322,1.70336,1.10,1.00
2014.02.20 19:04:28.977,1.70322,1.70337,1.20,1.00
2014.02.20 19:04:29.640,1.70323,1.70337,1.00,1.00
2014.02.20 19:04:30.191,1.70323,1.70337,1.38,1.00
2014.02.20 19:04:31.339,1.70323,1.70337,1.13,1.00
2014.02.20 19:04:33.805,1.70324,1.70337,1.00,1.00
2014.02.20 19:04:34.406,1.70324,1.70338,1.65,1.13
2014.02.20 19:04:36.954,1.70324,1.70338,1.50,1.13
2014.02.20 19:04:37.055,1.70324,1.70336,1.50,1.00
2014.02.20 19:04:39.857,1.70324,1.70336,1.58,1.00
2014.02.20 19:04:40.060,1.70327,1.70338,1.10,1.00
2014.02.20 19:04:43.047,1.70329,1.70338,1.00,1.00
2014.02.20 19:04:49.071,1.70329,1.70339,1.00,1.00
2014.02.20 19:04:49.593,1.70329,1.7034,1.00,2.63
2014.02.20 19:04:50.962,1.70329,1.70339,1.00,1.88
2014.02.20 19:04:54.492,1.70329,1.7034,1.00,2.63
2014.02.20 19:04:57.289,1.70329,1.70339,1.00,2.63
2014.02.20 19:04:57.819,1.70329,1.70338,1.00,1.88
2014.02.20 19:04:58.508,1.70329,1.70339,1.50,1.88
2014.02.20 19:04:59.042,1.70329,1.7034,1.50,1.88
2014.02.20 19:04:59.828,1.70329,1.70339,1.50,1.88
2014.02.20 19:05:00.453,1.70329,1.70338,1.50,1.88
2014.02.20 19:05:00.971,1.70326,1.70337,1.65,1.88
2014.02.20 19:05:01.519,1.70326,1.70338,1.18,1.88
2014.02.20 19:05:02.140,1.70326,1.70339,1.18,1.88
2014.02.20 19:05:03.214,1.70326,1.70338,1.18,1.88
2014.02.20 19:05:03.719,1.70326,1.70337,1.18,1.88
2014.02.20 19:05:07.801,1.70326,1.70338,1.18,1.88
2014.02.20 19:05:07.903,1.70329,1.7034,1.00,2.63
2014.02.20 19:05:17.490,1.70334,1.7034,1.00,1.00
2014.02.20 19:05:17.642,1.70334,1.70344,1.38,1.38
2014.02.20 19:05:18.150,1.70331,1.70343,2.25,1.13
2014.02.20 19:05:18.359,1.70334,1.70342,1.00,1.00
2014.02.20 19:05:18.868,1.70334,1.70344,1.00,1.88
2014.02.20 19:05:24.638,1.70334,1.70342,1.00,1.00
2014.02.20 19:05:30.970,1.70334,1.70342,1.00,1.38
2014.02.20 19:05:31.444,1.7033,1.70342,1.38,1.38
2014.02.20 19:05:31.495,1.7033,1.70342,1.38,1.38
2014.02.20 19:05:31.849,1.70329,1.70339,1.00,1.38
2014.02.20 19:05:32.069,1.70329,1.7034,1.00,1.88
2014.02.20 19:05:32.613,1.70329,1.7034,1.28,2.25
2014.02.20 19:05:33.126,1.70329,1.7034,1.13,2.25
2014.02.20 19:05:35.814,1.70332,1.7034,1.00,1.13
2014.02.20 19:05:39.709,1.70328,1.7034,1.48,1.13
2014.02.20 19:05:42.734,1.70328,1.7034,1.20,1.13
2014.02.20 19:05:42.887,1.70331,1.7034,1.00,1.13
2014.02.20 19:05:44.674,1.70331,1.70339,1.00,1.00
2014.02.20 19:05:48.130,1.70331,1.70339,1.00,1.38
2014.02.20 19:05:48.384,1.70331,1.70343,1.38,1.00
2014.02.20 19:05:48.435,1.70332,1.70343,1.20,1.00
2014.02.20 19:05:48.589,1.70333,1.70342,1.00,1.38
2014.02.20 19:05:48.691,1.7033,1.70342,1.00,3.00
2014.02.20 19:05:49.589,1.7033,1.7034,1.00,1.88
2014.02.20 19:05:51.871,1.70329,1.7034,1.13,1.88
2014.02.20 19:05:52.130,1.70332,1.70341,1.00,2.25
2014.02.20 19:05:52.654,1.70332,1.7034,1.00,1.88
2014.02.20 19:05:53.188,1.70332,1.70341,1.00,2.25
2014.02.20 19:06:03.642,1.70332,1.70342,1.00,2.25
2014.02.20 19:06:05.335,1.70329,1.7034,1.00,3.00
2014.02.20 19:06:06.244,1.70329,1.7034,1.00,1.50
2014.02.20 19:06:06.295,1.70327,1.70336,1.00,1.95
2014.02.20 19:06:06.448,1.70324,1.7033,1.00,1.00
2014.02.20 19:06:06.549,1.70318,1.70331,1.00,1.85
2014.02.20 19:06:06.600,1.70317,1.70328,1.00,1.38
2014.02.20 19:06:06.702,1.70318,1.70332,1.00,1.48
2014.02.20 19:06:06.753,1.70318,1.70328,1.15,1.00
2014.02.20 19:06:06.854,1.7032,1.70335,2.03,1.88
2014.02.20 19:06:06.905,1.7032,1.70335,2.03,1.50
2014.02.20 19:06:07.170,1.70324,1.70335,1.00,1.00
2014.02.20 19:06:09.048,1.70325,1.70339,1.00,1.55
2014.02.20 19:06:18.471,1.70324,1.70338,1.50,1.38
2014.02.20 19:06:20.236,1.70324,1.70338,1.50,1.00
2014.02.20 19:06:20.656,1.70324,1.70338,1.50,1.38
2014.02.20 19:06:21.854,1.70324,1.70338,1.50,1.00
2014.02.20 19:06:22.384,1.70324,1.70338,1.50,1.38
2014.02.20 19:06:22.841,1.70327,1.70337,1.00,1.38
2014.02.20 19:06:24.956,1.70327,1.70337,1.00,1.00
2014.02.20 19:06:25.644,1.70327,1.70338,1.00,1.00
2014.02.20 19:06:25.957,1.70329,1.70339,1.00,1.13
2014.02.20 19:06:31.995,1.70329,1.7034,1.00,1.88
2014.02.20 19:06:32.525,1.70329,1.70342,1.00,2.25
2014.02.20 19:06:32.677,1.70329,1.70342,1.18,1.50
2014.02.20 19:06:33.187,1.70331,1.70343,1.00,1.00
2014.02.20 19:06:38.487,1.70331,1.70342,1.00,1.00
2014.02.20 19:06:38.542,1.70327,1.70341,1.28,1.00
2014.02.20 19:06:38.891,1.7033,1.70342,1.00,1.00
2014.02.20 19:06:44.274,1.7033,1.70343,1.00,1.13
2014.02.20 19:06:44.578,1.70333,1.70344,1.00,1.38
2014.02.20 19:06:45.721,1.70334,1.70343,1.00,1.13
2014.02.20 19:06:46.025,1.70339,1.70343,1.00,1.13
2014.02.20 19:06:47.262,1.70335,1.70343,1.00,1.38
2014.02.20 19:06:49.165,1.70335,1.70343,1.00,1.38
2014.02.20 19:06:49.385,1.70339,1.70344,1.00,1.50
2014.02.20 19:06:49.442,1.70339,1.70344,1.00,1.00
2014.02.20 19:06:49.949,1.70339,1.70345,1.00,1.00
2014.02.20 19:06:52.904,1.70339,1.70346,1.00,1.00
2014.02.20 19:06:59.606,1.70339,1.70347,1.00,1.88
2014.02.20 19:07:01.448,1.70339,1.70349,1.00,1.13
2014.02.20 19:07:06.181,1.70346,1.70353,1.00,1.50
2014.02.20 19:07:06.232,1.70349,1.70353,1.00,1.00
2014.02.20 19:07:06.335,1.70349,1.70355,1.00,1.00
2014.02.20 19:07:06.387,1.70349,1.70355,1.15,1.00
2014.02.20 19:07:06.589,1.70352,1.7036,1.00,1.13
2014.02.20 19:07:07.092,1.70352,1.70362,1.00,1.38
2014.02.20 19:07:07.461,1.70352,1.70362,1.00,1.13
2014.02.20 19:07:07.741,1.70353,1.70364,1.95,1.00
2014.02.20 19:07:08.292,1.70354,1.70364,1.00,1.00
2014.02.20 19:07:08.545,1.70354,1.70365,1.65,1.38
2014.02.20 19:07:08.749,1.70354,1.70366,3.53,1.00
2014.02.20 19:07:09.337,1.70354,1.70366,3.53,1.00
2014.02.20 19:07:09.439,1.70359,1.70367,1.00,1.38
2014.02.20 19:07:09.765,1.70354,1.70367,1.65,1.75
2014.02.20 19:07:09.972,1.70354,1.70367,1.65,1.75
2014.02.20 19:07:11.167,1.70354,1.70365,3.53,1.13
2014.02.20 19:07:12.731,1.70359,1.70365,1.00,1.00
2014.02.20 19:07:13.089,1.70359,1.70367,1.00,1.00
2014.02.20 19:07:13.190,1.70364,1.70368,1.00,1.13
2014.02.20 19:07:13.600,1.70356,1.70365,2.40,1.00
2014.02.20 19:07:16.148,1.70359,1.70365,1.00,1.00
2014.02.20 19:07:20.306,1.70363,1.70369,1.00,1.00
2014.02.20 19:07:23.750,1.70359,1.70365,1.00,1.00
2014.02.20 19:07:23.954,1.70359,1.70363,1.00,1.13
2014.02.20 19:07:24.106,1.70345,1.70355,1.00,1.38
2014.02.20 19:07:24.208,1.70343,1.70355,1.00,1.38
2014.02.20 19:07:24.719,1.7034,1.70354,1.15,1.50
2014.02.20 19:07:26.797,1.7034,1.70354,1.15,1.13
2014.02.20 19:07:26.950,1.70344,1.70354,1.00,1.00
2014.02.20 19:07:27.355,1.70344,1.70356,1.00,1.00
2014.02.20 19:07:27.881,1.70344,1.70354,1.00,1.00
2014.02.20 19:07:29.121,1.7034,1.70354,2.63,1.00
2014.02.20 19:07:29.223,1.7034,1.70353,2.63,1.50
2014.02.20 19:07:29.527,1.70339,1.7035,2.63,1.00
2014.02.20 19:07:29.881,1.70339,1.70348,1.00,1.00
2014.02.20 19:07:31.754,1.70339,1.7035,1.00,1.00
2014.02.20 19:07:32.429,1.70339,1.7035,1.38,1.00
2014.02.20 19:07:33.072,1.7034,1.7035,1.88,1.00
2014.02.20 19:07:33.731,1.70339,1.7035,1.00,1.00
2014.02.20 19:07:38.737,1.7034,1.7035,1.88,1.00
2014.02.20 19:07:39.042,1.70349,1.70353,1.00,1.00
2014.02.20 19:07:39.245,1.70353,1.70361,1.00,1.00
2014.02.20 19:07:39.347,1.70354,1.70365,1.00,3.45
2014.02.20 19:07:39.449,1.7035,1.70364,1.00,1.13
2014.02.20 19:07:39.550,1.70349,1.70362,1.58,1.00
2014.02.20 19:07:40.189,1.70352,1.70362,1.88,1.00
2014.02.20 19:07:40.548,1.70354,1.70362,1.28,1.00
2014.02.20 19:07:40.656,1.70356,1.70366,1.88,1.00
2014.02.20 19:07:40.758,1.70356,1.70368,2.03,1.00
2014.02.20 19:07:40.809,1.70359,1.70368,1.00,1.00
2014.02.20 19:07:42.525,1.70356,1.70368,2.03,1.00
2014.02.20 19:07:42.576,1.7036,1.70368,1.88,1.00
2014.02.20 19:07:42.982,1.70361,1.70371,1.88,1.00
2014.02.20 19:07:43.555,1.70361,1.70372,1.88,1.50
2014.02.20 19:07:45.928,1.70359,1.70372,1.20,1.50
2014.02.20 19:07:46.130,1.70357,1.7037,1.08,1.00
2014.02.20 19:07:46.537,1.70357,1.7037,1.00,1.38
2014.02.20 19:07:46.841,1.7035,1.70363,1.00,1.13
2014.02.20 19:07:52.888,1.7035,1.70365,1.50,2.33
2014.02.20 19:07:53.538,1.7035,1.70365,1.50,4.20
2014.02.20 19:07:55.040,1.70348,1.70362,1.00,1.58
2014.02.20 19:07:55.745,1.70347,1.70361,1.50,1.38
2014.02.20 19:07:56.509,1.70347,1.70359,1.00,1.13
2014.02.20 19:07:57.852,1.70347,1.70361,1.50,2.25
2014.02.20 19:07:58.004,1.70345,1.70358,1.00,1.55
2014.02.20 19:08:02.880,1.70349,1.70358,1.00,1.38
2014.02.20 19:08:03.134,1.70344,1.70358,1.00,1.88
2014.02.20 19:08:03.654,1.70344,1.70358,1.00,1.88
2014.02.20 19:08:04.165,1.70344,1.70356,1.00,1.38
2014.02.20 19:08:04.216,1.70349,1.70356,1.00,1.38
2014.02.20 19:08:05.149,1.70349,1.70356,1.00,1.13
2014.02.20 19:08:06.475,1.70349,1.70356,1.00,1.50
2014.02.20 19:08:06.779,1.70349,1.70357,1.00,1.00
2014.02.20 19:08:07.283,1.70349,1.70358,1.00,1.50
2014.02.20 19:08:12.736,1.70349,1.70358,1.00,1.50
2014.02.20 19:08:23.777,1.70349,1.70358,1.00,1.50
2014.02.20 19:08:42.937,1.70349,1.7036,1.00,1.88
2014.02.20 19:08:43.675,1.70349,1.7036,1.13,1.00
2014.02.20 19:08:50.359,1.70347,1.7036,1.58,1.13
2014.02.20 19:09:12.869,1.70347,1.70361,2.78,1.00
2014.02.20 19:09:12.971,1.70355,1.70362,1.00,2.63
2014.02.20 19:09:13.325,1.7035,1.70362,1.00,1.38
2014.02.20 19:09:13.870,1.70349,1.70362,1.10,1.88
2014.02.20 19:09:25.896,1.70347,1.70361,3.53,1.38
2014.02.20 19:09:25.997,1.70347,1.70361,1.58,1.38
2014.02.20 19:09:31.328,1.70347,1.70361,3.08,1.00
2014.02.20 19:09:31.838,1.7035,1.70362,1.00,1.00
2014.02.20 19:09:40.664,1.7035,1.70362,1.00,1.38
2014.02.20 19:09:40.968,1.70344,1.70354,1.38,1.00
2014.02.20 19:09:41.221,1.70342,1.70351,1.13,1.00
2014.02.20 19:09:41.677,1.70344,1.70352,1.38,1.00
2014.02.20 19:09:41.956,1.70344,1.70355,1.38,1.00
2014.02.20 19:09:45.105,1.70344,1.70355,1.88,1.00
2014.02.20 19:09:48.729,1.70344,1.70357,1.50,3.38
2014.02.20 19:09:53.775,1.70344,1.70357,1.00,1.95
2014.02.20 19:09:54.932,1.70344,1.70355,1.00,1.00
2014.02.20 19:09:55.480,1.70344,1.70357,1.50,1.13
2014.02.20 19:09:58.400,1.70344,1.70357,1.50,1.45
2014.02.20 19:09:58.673,1.70344,1.70354,1.00,1.00
2014.02.20 19:10:03.185,1.70344,1.70354,1.13,1.18
2014.02.20 19:10:03.579,1.70344,1.70351,1.00,1.00
2014.02.20 19:10:32.335,1.70344,1.70351,1.88,1.00
2014.02.20 19:10:32.437,1.70344,1.70351,1.88,1.00
2014.02.20 19:10:32.539,1.70344,1.70354,1.88,1.00
2014.02.20 19:10:32.898,1.70344,1.70356,1.50,1.13
2014.02.20 19:10:34.382,1.70344,1.70355,1.00,1.00
2014.02.20 19:10:36.277,1.70344,1.70355,1.38,1.00
2014.02.20 19:10:36.739,1.70349,1.70355,1.00,1.38
2014.02.20 19:10:39.626,1.70349,1.70355,1.00,1.00
2014.02.20 19:10:39.931,1.70351,1.70358,1.00,1.00
2014.02.20 19:10:40.033,1.70351,1.70361,1.00,1.00
2014.02.20 19:10:40.236,1.70356,1.70361,1.50,1.00
2014.02.20 19:10:40.440,1.70359,1.70366,1.00,1.00
2014.02.20 19:10:40.541,1.70359,1.70368,1.38,1.00
2014.02.20 19:10:43.945,1.70359,1.70368,1.00,1.00
2014.02.20 19:10:50.754,1.70359,1.70371,1.00,1.88
2014.02.20 19:11:05.418,1.70364,1.70371,1.00,1.50
2014.02.20 19:11:05.723,1.70359,1.70371,1.00,1.50
2014.02.20 19:11:08.406,1.70356,1.70366,1.95,1.00
2014.02.20 19:11:08.609,1.70352,1.70363,1.88,1.00
2014.02.20 19:11:08.660,1.70352,1.70363,1.88,1.38
2014.02.20 19:11:08.711,1.70349,1.70361,1.18,1.50
2014.02.20 19:11:09.232,1.70349,1.70361,1.00,2.25
2014.02.20 19:11:09.849,1.70349,1.70359,1.00,1.00
2014.02.20 19:11:18.188,1.70349,1.7036,1.00,1.00
2014.02.20 19:11:34.862,1.7035,1.70362,1.00,1.13
2014.02.20 19:11:35.015,1.70351,1.70365,1.95,1.50
2014.02.20 19:11:35.116,1.70353,1.70365,1.00,1.00
2014.02.20 19:11:35.679,1.70352,1.70364,1.88,1.00
2014.02.20 19:11:36.001,1.70354,1.70365,1.00,1.00
2014.02.20 19:11:37.726,1.70354,1.70367,2.63,1.00
2014.02.20 19:11:37.878,1.70354,1.70364,1.88,1.00
2014.02.20 19:11:37.979,1.70354,1.70367,1.88,1.00
2014.02.20 19:11:38.182,1.70356,1.70367,1.88,1.00
2014.02.20 19:11:38.695,1.70355,1.70368,1.88,1.50
2014.02.20 19:11:46.696,1.70356,1.70368,1.88,1.13
2014.02.20 19:11:47.303,1.70355,1.70368,1.88,1.13
2014.02.20 19:11:49.294,1.70355,1.70368,1.88,1.38
2014.02.20 19:11:52.483,1.70355,1.70368,1.88,1.00
2014.02.20 19:11:52.945,1.70357,1.70368,1.88,1.00
2014.02.20 19:11:54.019,1.70359,1.70368,1.00,1.00
2014.02.20 19:11:54.223,1.70364,1.70375,1.13,1.10
2014.02.20 19:11:54.274,1.70364,1.70375,1.50,1.10
2014.02.20 19:11:54.376,1.70364,1.70375,1.00,1.00
2014.02.20 19:11:54.578,1.70365,1.70379,1.00,1.15
2014.02.20 19:11:54.683,1.70367,1.70379,1.88,1.15
2014.02.20 19:11:54.784,1.70367,1.70379,1.00,1.00
2014.02.20 19:11:55.289,1.70368,1.70379,1.00,1.00
2014.02.20 19:11:55.340,1.70368,1.70379,2.63,1.00
2014.02.20 19:11:57.299,1.70368,1.70379,2.63,1.00
2014.02.20 19:11:59.557,1.70368,1.70379,1.13,1.00
2014.02.20 19:12:01.604,1.70368,1.70379,1.00,1.18
2014.02.20 19:12:01.706,1.70365,1.70379,2.63,1.65
2014.02.20 19:12:01.807,1.70365,1.70374,1.00,1.00
2014.02.20 19:12:02.212,1.70366,1.70377,2.63,1.00
2014.02.20 19:12:02.465,1.70367,1.70379,1.88,1.10
2014.02.20 19:12:02.971,1.70368,1.70379,1.88,1.10
2014.02.20 19:12:03.816,1.70369,1.70379,1.88,1.00
2014.02.20 19:12:04.624,1.70368,1.70379,1.88,1.00
2014.02.20 19:12:04.906,1.70372,1.70379,1.88,1.00
2014.02.20 19:12:05.209,1.70376,1.70383,1.88,1.10
2014.02.20 19:12:07.656,1.70377,1.70383,1.88,1.00
2014.02.20 19:12:08.177,1.70377,1.70385,1.88,1.48
2014.02.20 19:12:08.830,1.70376,1.70385,1.88,1.48
2014.02.20 19:12:09.447,1.70376,1.70385,1.88,1.20
2014.02.20 19:12:09.677,1.70375,1.70385,1.88,1.95
2014.02.20 19:12:10.678,1.70374,1.70383,1.88,1.38
2014.02.20 19:12:11.489,1.70373,1.70383,1.88,1.38
2014.02.20 19:12:17.792,1.70374,1.70382,1.88,1.13
2014.02.20 19:12:18.096,1.70369,1.70383,2.25,1.48
2014.02.20 19:12:18.349,1.70371,1.70382,1.88,1.13
2014.02.20 19:12:18.897,1.70372,1.70382,1.88,1.13
2014.02.20 19:12:22.862,1.70371,1.70382,1.88,1.13
2014.02.20 19:12:26.142,1.70374,1.70382,1.88,1.13
2014.02.20 19:12:32.197,1.70373,1.70383,1.88,1.48
2014.02.20 19:12:33.388,1.70372,1.70383,1.88,1.48
2014.02.20 19:12:34.050,1.70372,1.7038,1.88,1.00
2014.02.20 19:12:36.624,1.70373,1.7038,1.88,1.00
2014.02.20 19:12:37.734,1.70372,1.7038,1.88,1.00
2014.02.20 19:12:38.291,1.70373,1.7038,1.88,1.00
2014.02.20 19:12:38.949,1.70374,1.7038,1.88,1.00
2014.02.20 19:12:42.021,1.70372,1.7038,1.88,1.00
2014.02.20 19:12:42.123,1.70368,1.7038,1.88,1.50
2014.02.20 19:12:42.276,1.70368,1.70377,1.88,1.00
2014.02.20 19:12:44.853,1.7037,1.70377,1.88,1.00
2014.02.20 19:12:44.904,1.7037,1.7038,1.88,1.00
2014.02.20 19:12:47.084,1.70374,1.7038,1.88,1.00
2014.02.20 19:12:47.442,1.70376,1.7038,1.88,1.00
2014.02.20 19:12:49.621,1.70375,1.7038,1.88,1.00
2014.02.20 19:12:50.129,1.70375,1.70381,1.88,1.00
2014.02.20 19:12:50.711,1.70374,1.70381,2.63,1.00
2014.02.20 19:12:53.134,1.70371,1.70381,1.88,1.00
2014.02.20 19:12:55.727,1.7037,1.70381,1.88,1.00
2014.02.20 19:12:58.390,1.70372,1.70381,1.88,1.00
2014.02.20 19:12:59.202,1.70372,1.70382,1.88,1.00
2014.02.20 19:13:00.361,1.70373,1.70382,1.88,1.00
2014.02.20 19:13:01.181,1.70374,1.70382,1.88,1.13
2014.02.20 19:13:01.384,1.70372,1.70382,1.88,1.13
2014.02.20 19:13:02.047,1.70373,1.70382,1.88,1.13
2014.02.20 19:13:02.662,1.70372,1.70386,1.88,2.40
2014.02.20 19:13:03.594,1.70372,1.70386,1.88,2.40
2014.02.20 19:13:03.646,1.70374,1.70386,1.00,2.33
2014.02.20 19:13:07.434,1.70372,1.70383,2.25,1.38
2014.02.20 19:13:08.116,1.70372,1.70385,1.88,1.50
2014.02.20 19:13:09.206,1.70373,1.70385,1.88,1.50
2014.02.20 19:13:10.212,1.70374,1.70385,1.88,1.50
2014.02.20 19:13:13.485,1.70374,1.70386,2.63,1.95
2014.02.20 19:13:13.536,1.70377,1.70386,1.88,1.95
2014.02.20 19:13:13.663,1.70377,1.70386,1.88,1.58
2014.02.20 19:13:15.156,1.70376,1.70386,1.88,1.50
2014.02.20 19:13:16.093,1.70377,1.70386,1.88,1.50
2014.02.20 19:13:17.514,1.70378,1.70386,1.88,1.50
2014.02.20 19:13:18.010,1.70378,1.70384,1.88,1.00
2014.02.20 19:13:20.256,1.70377,1.70384,1.88,1.00
2014.02.20 19:13:22.567,1.70378,1.70384,1.88,1.00
2014.02.20 19:13:24.077,1.70381,1.70394,3.01,1.50
2014.02.20 19:13:24.332,1.70393,1.70397,2.63,1.50
2014.02.20 19:13:24.484,1.70389,1.70397,1.50,1.00
2014.02.20 19:13:24.586,1.70389,1.70402,1.50,1.50
2014.02.20 19:13:25.111,1.70389,1.70402,1.00,1.50
2014.02.20 19:13:25.639,1.7039,1.70402,1.88,1.50
2014.02.20 19:13:30.221,1.70395,1.70402,1.88,1.00
2014.02.20 19:13:30.279,1.70395,1.70405,1.88,1.50
2014.02.20 19:13:30.533,1.70394,1.70407,1.50,1.00
2014.02.20 19:13:31.210,1.70394,1.70406,3.38,1.00
2014.02.20 19:13:34.677,1.70399,1.70406,1.00,1.00
2014.02.20 19:13:35.534,1.70399,1.70404,1.00,1.00
2014.02.20 19:13:37.501,1.70399,1.70405,1.00,1.00
2014.02.20 19:13:37.602,1.70399,1.70407,1.00,1.50
2014.02.20 19:13:37.755,1.70399,1.7041,1.00,1.10
2014.02.20 19:13:38.433,1.70399,1.70409,1.00,1.00
2014.02.20 19:13:38.951,1.70399,1.70409,1.00,1.38
2014.02.20 19:13:40.775,1.70399,1.70409,1.00,1.50
2014.02.20 19:13:41.029,1.70403,1.70413,1.88,1.00
2014.02.20 19:13:41.334,1.70405,1.70415,1.00,1.38
2014.02.20 19:13:41.638,1.70407,1.70416,1.00,1.38
2014.02.20 19:13:48.307,1.70407,1.70416,1.00,1.00
2014.02.20 19:13:48.560,1.70407,1.70418,1.00,1.00
2014.02.20 19:13:48.662,1.70405,1.70418,1.00,1.00
2014.02.20 19:13:49.512,1.70405,1.70418,1.00,1.38
2014.02.20 19:13:49.816,1.70409,1.70417,1.00,1.58
2014.02.20 19:13:50.260,1.70404,1.70417,1.38,1.58
2014.02.20 19:13:50.362,1.70404,1.70414,1.00,1.85
2014.02.20 19:13:50.463,1.70399,1.70409,1.00,1.65
2014.02.20 19:13:50.514,1.70399,1.70408,1.50,1.90
2014.02.20 19:13:50.770,1.70395,1.70404,3.00,1.10
2014.02.20 19:13:51.499,1.70397,1.70404,1.00,1.00
2014.02.20 19:13:52.028,1.70397,1.70405,1.00,1.00
2014.02.20 19:13:54.782,1.70397,1.70406,1.00,1.10
2014.02.20 19:13:57.858,1.70396,1.70406,1.88,1.00
2014.02.20 19:14:02.007,1.70396,1.70407,1.88,1.00
2014.02.20 19:14:05.193,1.70397,1.70407,1.88,1.00
2014.02.20 19:14:05.611,1.70401,1.70408,1.88,1.13
2014.02.20 19:14:05.712,1.70405,1.7041,1.88,1.20
2014.02.20 19:14:05.814,1.70406,1.70413,1.88,1.00
2014.02.20 19:14:05.915,1.70406,1.70416,1.88,1.13
2014.02.20 19:14:06.466,1.70405,1.7042,3.38,1.88
2014.02.20 19:14:06.569,1.70409,1.7042,1.00,1.38
2014.02.20 19:14:07.703,1.70409,1.7042,1.00,1.38
2014.02.20 19:14:08.223,1.70407,1.7042,1.38,1.38
2014.02.20 19:14:08.885,1.7041,1.7042,1.00,1.38
2014.02.20 19:14:09.459,1.7041,1.70421,1.00,1.00
2014.02.20 19:14:09.985,1.7041,1.70422,1.00,1.20
2014.02.20 19:14:17.877,1.70408,1.70422,1.13,1.20
2014.02.20 19:14:20.667,1.70408,1.70422,1.38,1.20
2014.02.20 19:14:21.482,1.70409,1.70422,1.88,1.20
2014.02.20 19:14:21.786,1.70411,1.70422,1.38,1.48
2014.02.20 19:14:22.439,1.70411,1.70423,1.38,1.50
2014.02.20 19:14:22.695,1.70414,1.70423,1.88,1.00
2014.02.20 19:14:23.253,1.70414,1.70425,1.88,1.28
2014.02.20 19:14:24.753,1.70418,1.70425,1.00,1.20
2014.02.20 19:14:25.058,1.70421,1.70432,2.63,1.00
2014.02.20 19:14:25.261,1.70421,1.70436,4.13,2.03
2014.02.20 19:14:25.312,1.70421,1.70436,4.50,2.40
2014.02.20 19:14:25.413,1.70421,1.70435,3.38,1.10
2014.02.20 19:14:25.723,1.7042,1.70433,2.63,1.00
2014.02.20 19:14:26.248,1.7042,1.70433,2.63,1.00
2014.02.20 19:14:26.563,1.70436,1.70444,2.63,1.00
2014.02.20 19:14:26.614,1.70436,1.70443,3.00,1.00
2014.02.20 19:14:26.766,1.70437,1.70448,1.00,1.13
2014.02.20 19:14:27.020,1.70437,1.70452,3.38,2.03
2014.02.20 19:14:27.359,1.70444,1.70452,1.00,1.00
2014.02.20 19:14:27.561,1.70439,1.70452,1.88,1.00
2014.02.20 19:14:27.663,1.70439,1.70452,1.88,1.08
2014.02.20 19:14:27.815,1.70439,1.70452,1.88,1.00
2014.02.20 19:14:27.866,1.70439,1.70452,2.33,1.00
2014.02.20 19:14:28.018,1.70444,1.70458,2.63,1.10
2014.02.20 19:14:28.120,1.70444,1.70456,1.38,1.00
2014.02.20 19:14:28.272,1.70443,1.70456,1.00,1.10
2014.02.20 19:14:28.322,1.70443,1.70456,1.00,1.08
2014.02.20 19:14:28.843,1.70442,1.70456,1.13,1.15
2014.02.20 19:14:29.376,1.7044,1.70455,1.50,1.15
2014.02.20 19:14:30.686,1.7044,1.70455,1.75,1.18
2014.02.20 19:14:31.155,1.70449,1.70458,2.63,1.50
2014.02.20 19:14:31.206,1.70449,1.70461,3.75,1.00
2014.02.20 19:14:32.140,1.70448,1.70461,1.13,1.00
2014.02.20 19:14:32.394,1.70447,1.70456,1.13,1.00
2014.02.20 19:14:32.546,1.70445,1.70456,1.00,1.00
2014.02.20 19:14:33.637,1.70445,1.70456,1.38,1.00
2014.02.20 19:14:33.841,1.70445,1.7046,1.38,1.28
2014.02.20 19:14:34.094,1.70446,1.7046,2.25,1.00
2014.02.20 19:14:34.636,1.70446,1.7046,2.25,1.00
2014.02.20 19:14:36.946,1.70447,1.70461,2.25,3.08
2014.02.20 19:14:37.249,1.70461,1.70466,1.88,1.20
2014.02.20 19:14:37.300,1.70461,1.70466,1.88,1.20
2014.02.20 19:14:37.351,1.70461,1.70471,2.03,1.00
2014.02.20 19:14:37.402,1.7046,1.70471,2.40,1.00
2014.02.20 19:14:37.605,1.70461,1.70474,2.40,1.38
2014.02.20 19:14:38.202,1.70459,1.70474,3.15,1.00
2014.02.20 19:14:38.406,1.70459,1.70474,2.03,1.00
2014.02.20 19:14:38.609,1.70459,1.70473,1.53,1.38
2014.02.20 19:14:38.761,1.70456,1.7047,1.50,2.63
2014.02.20 19:14:38.969,1.70454,1.70466,1.38,1.00
2014.02.20 19:14:39.032,1.70452,1.70466,1.00,1.00
2014.02.20 19:14:39.134,1.70454,1.70466,1.00,1.00
2014.02.20 19:14:39.336,1.70452,1.70466,1.00,1.00
2014.02.20 19:14:39.387,1.70451,1.70463,1.58,1.00
2014.02.20 19:14:43.700,1.70449,1.70463,2.25,1.00
2014.02.20 19:14:44.005,1.70464,1.7047,1.00,1.00
2014.02.20 19:14:44.056,1.70459,1.7047,1.75,1.00
2014.02.20 19:14:44.107,1.70465,1.7047,1.00,1.00
2014.02.20 19:14:44.310,1.70466,1.70472,1.00,1.00
2014.02.20 19:14:45.175,1.70465,1.70472,1.50,1.00
2014.02.20 19:14:46.001,1.70463,1.70472,1.00,1.00
2014.02.20 19:14:48.394,1.70462,1.70472,3.38,1.00
2014.02.20 19:14:48.495,1.70462,1.70475,2.63,1.00
2014.02.20 19:14:51.372,1.70463,1.70475,1.00,1.00
2014.02.20 19:14:52.000,1.70464,1.70475,1.00,1.00
2014.02.20 19:14:52.423,1.70466,1.70475,1.00,1.00
2014.02.20 19:14:54.691,1.70467,1.70475,2.25,1.00
2014.02.20 19:14:54.944,1.70471,1.70477,2.63,3.75
2014.02.20 19:14:55.046,1.70473,1.70477,1.88,3.75
2014.02.20 19:14:57.640,1.70474,1.70482,1.88,1.00
2014.02.20 19:14:57.944,1.70472,1.70479,3.38,1.00
2014.02.20 19:14:58.148,1.7047,1.70477,2.33,1.50
2014.02.20 19:14:58.249,1.70469,1.70474,1.00,1.00
2014.02.20 19:14:58.452,1.70459,1.70472,2.03,1.00
2014.02.20 19:14:58.604,1.70459,1.70472,1.28,1.00
2014.02.20 19:14:59.128,1.70462,1.70471,2.25,1.00
2014.02.20 19:14:59.629,1.70462,1.70472,2.25,1.00
2014.02.20 19:14:59.680,1.70462,1.70472,2.25,1.00
2014.02.20 19:15:00.230,1.70461,1.70472,2.25,1.00
2014.02.20 19:15:00.743,1.7046,1.7047,2.25,1.00
2014.02.20 19:15:00.845,1.70459,1.7047,1.00,1.00
2014.02.20 19:15:00.896,1.70458,1.70466,1.88,1.38
2014.02.20 19:15:00.998,1.70452,1.70463,1.15,1.50
2014.02.20 19:15:01.099,1.70451,1.70465,1.00,3.53
2014.02.20 19:15:01.259,1.70449,1.70463,1.00,1.65
2014.02.20 19:15:01.696,1.70447,1.70461,3.00,1.10
2014.02.20 19:15:02.009,1.70454,1.70462,1.58,1.10
2014.02.20 19:15:02.161,1.70456,1.70467,3.00,1.00
2014.02.20 19:15:02.212,1.70456,1.7047,3.00,1.50
2014.02.20 19:15:02.566,1.70456,1.70468,1.88,1.00
2014.02.20 19:15:02.821,1.70453,1.70466,1.00,1.10
2014.02.20 19:15:03.183,1.70451,1.70464,1.88,1.08
2014.02.20 19:15:03.692,1.7045,1.70464,1.00,1.18
2014.02.20 19:15:04.211,1.70449,1.70464,4.13,1.18
2014.02.20 19:15:04.575,1.70449,1.70465,4.13,2.33
2014.02.20 19:15:04.930,1.70451,1.70465,1.38,1.50
2014.02.20 19:15:05.476,1.70452,1.70466,1.38,1.88
2014.02.20 19:15:07.874,1.70451,1.70466,1.10,2.63
2014.02.20 19:15:08.279,1.7045,1.70464,3.38,1.00
2014.02.20 19:15:09.008,1.7045,1.70464,1.50,1.00
2014.02.20 19:15:10.630,1.70452,1.70464,1.88,1.00
2014.02.20 19:15:11.212,1.70451,1.70464,1.88,1.00
2014.02.20 19:15:11.759,1.70451,1.70463,1.88,1.00
2014.02.20 19:15:12.280,1.70452,1.70463,1.88,1.10
2014.02.20 19:15:12.585,1.70454,1.70461,1.00,1.00
2014.02.20 19:15:12.737,1.70448,1.70461,1.88,1.50
2014.02.20 19:15:13.300,1.70449,1.70461,1.38,1.10
2014.02.20 19:15:15.043,1.70451,1.70461,1.88,1.10
2014.02.20 19:15:20.618,1.70449,1.70461,3.00,1.00
2014.02.20 19:15:22.378,1.70449,1.70461,1.00,1.75
2014.02.20 19:15:22.480,1.70446,1.70453,1.00,1.00
2014.02.20 19:15:22.531,1.70439,1.70453,1.13,1.58
2014.02.20 19:15:22.582,1.70444,1.70452,1.00,1.15
2014.02.20 19:15:22.683,1.70438,1.70452,1.38,1.53
2014.02.20 19:15:22.785,1.70437,1.70447,3.38,1.10
2014.02.20 19:15:24.474,1.70442,1.70447,1.00,1.00
2014.02.20 19:15:24.525,1.70443,1.7045,1.88,1.00
2014.02.20 19:15:24.729,1.70443,1.70448,1.88,1.00
2014.02.20 19:15:24.780,1.70437,1.70448,1.75,1.00
2014.02.20 19:15:30.692,1.7044,1.70448,1.00,1.00
2014.02.20 19:15:30.743,1.70446,1.70454,2.25,1.08
2014.02.20 19:15:30.895,1.7045,1.70456,2.63,1.00
2014.02.20 19:15:30.946,1.70454,1.70464,1.88,1.10
2014.02.20 19:15:30.997,1.70456,1.7046,1.88,1.00
2014.02.20 19:15:31.048,1.70452,1.7046,1.50,1.00
2014.02.20 19:15:31.100,1.70455,1.70462,1.00,1.00
2014.02.20 19:15:31.354,1.70456,1.70468,1.38,1.10
2014.02.20 19:15:31.406,1.70455,1.70468,1.00,1.10
2014.02.20 19:15:31.458,1.70455,1.70465,1.00,1.00
2014.02.20 19:15:32.163,1.70454,1.70465,4.13,1.00
2014.02.20 19:15:32.671,1.70455,1.70465,1.00,1.00
2014.02.20 19:15:33.178,1.70455,1.70465,3.00,1.00
2014.02.20 19:15:33.482,1.70455,1.70465,1.38,1.00
2014.02.20 19:15:37.620,1.70455,1.70465,1.13,1.00
2014.02.20 19:15:38.166,1.70456,1.70465,1.00,1.00
2014.02.20 19:15:38.672,1.70456,1.70468,1.00,1.10
2014.02.20 19:15:39.300,1.70457,1.70468,1.00,1.10
2014.02.20 19:15:40.014,1.70457,1.70471,1.13,1.15
2014.02.20 19:15:40.521,1.70457,1.70471,1.13,1.18
2014.02.20 19:15:43.512,1.70457,1.70469,1.13,1.75
2014.02.20 19:15:43.664,1.70453,1.70462,1.00,2.70
2014.02.20 19:15:43.766,1.7045,1.70462,1.13,2.70
2014.02.20 19:15:43.868,1.70452,1.7046,1.00,1.00
2014.02.20 19:15:43.969,1.70452,1.70464,1.00,1.00
2014.02.20 19:15:44.071,1.70453,1.70467,1.00,1.50
2014.02.20 19:15:46.832,1.70453,1.70466,1.00,1.00
2014.02.20 19:15:47.369,1.70453,1.70467,1.00,1.13
2014.02.20 19:15:48.956,1.70453,1.70467,1.38,1.13
2014.02.20 19:15:49.459,1.70456,1.70467,1.10,1.00
2014.02.20 19:15:49.771,1.70459,1.70467,1.10,1.00
2014.02.20 19:15:50.091,1.70459,1.70467,1.10,1.38
2014.02.20 19:15:50.142,1.70456,1.70466,1.50,1.38
2014.02.20 19:15:50.294,1.70454,1.70468,1.00,1.55
2014.02.20 19:15:50.598,1.70454,1.70468,3.00,1.28
2014.02.20 19:15:51.104,1.70459,1.70469,1.38,1.50
2014.02.20 19:15:54.071,1.70459,1.70468,1.00,1.00
2014.02.20 19:15:54.613,1.70458,1.70468,1.00,1.00
2014.02.20 19:15:58.471,1.70457,1.70468,1.00,2.63
2014.02.20 19:15:58.573,1.70455,1.70468,1.00,3.15
2014.02.20 19:15:58.624,1.70455,1.70461,1.00,1.00
2014.02.20 19:15:58.675,1.70453,1.70461,1.00,1.00
2014.02.20 19:15:58.828,1.7045,1.70461,1.88,1.00
2014.02.20 19:15:59.688,1.7045,1.70458,1.00,1.00
2014.02.20 19:16:01.146,1.7045,1.70461,1.13,1.00
2014.02.20 19:16:01.489,1.70452,1.70462,1.00,1.00
2014.02.20 19:16:01.590,1.70452,1.70464,1.00,1.13
2014.02.20 19:16:02.897,1.70452,1.70464,1.00,1.38
2014.02.20 19:16:02.999,1.70452,1.70461,1.00,1.00
2014.02.20 19:16:03.050,1.7045,1.70461,1.00,1.08
2014.02.20 19:16:03.304,1.70446,1.70461,4.50,2.63
2014.02.20 19:16:03.487,1.70448,1.70457,1.13,1.00
2014.02.20 19:16:04.124,1.70448,1.70461,1.13,1.00
2014.02.20 19:16:05.848,1.70448,1.70461,1.13,1.88
2014.02.20 19:16:11.578,1.70448,1.70456,1.13,1.38
2014.02.20 19:16:11.964,1.70444,1.70456,1.38,1.95
2014.02.20 19:16:12.069,1.70449,1.70456,1.00,1.88
2014.02.20 19:16:12.374,1.7045,1.70456,1.13,1.00
2014.02.20 19:16:12.476,1.70449,1.70459,1.13,1.10
2014.02.20 19:16:12.831,1.70449,1.70454,1.00,1.00
2014.02.20 19:16:13.034,1.70449,1.70458,1.88,1.00
2014.02.20 19:16:14.353,1.70449,1.70461,1.00,3.83
2014.02.20 19:16:15.089,1.70449,1.70456,1.00,1.00
2014.02.20 19:16:15.191,1.70446,1.70456,1.88,2.78
2014.02.20 19:16:15.649,1.70449,1.70455,1.00,1.00
2014.02.20 19:16:15.700,1.70449,1.70457,1.00,1.00
2014.02.20 19:16:15.751,1.70454,1.7046,1.00,1.00
2014.02.20 19:16:16.105,1.70454,1.70461,1.00,1.00
2014.02.20 19:16:17.340,1.70454,1.70461,1.00,1.38
2014.02.20 19:16:17.442,1.70453,1.70461,1.50,1.00
2014.02.20 19:16:17.493,1.7045,1.70461,1.00,1.00
2014.02.20 19:16:18.050,1.70449,1.70461,3.00,1.00
2014.02.20 19:16:18.152,1.70454,1.70461,1.00,1.00
2014.02.20 19:16:18.456,1.70459,1.70467,1.00,4.28
2014.02.20 19:16:18.659,1.70459,1.70466,1.00,1.38
2014.02.20 19:16:18.711,1.70454,1.70466,1.00,1.38
2014.02.20 19:16:18.862,1.70454,1.70463,1.00,1.00
2014.02.20 19:16:19.180,1.70454,1.7046,1.00,1.00
2014.02.20 19:16:19.738,1.70454,1.70463,1.00,1.00
2014.02.20 19:16:21.020,1.70454,1.70463,1.00,1.88
2014.02.20 19:16:21.222,1.70453,1.70463,1.00,1.58
2014.02.20 19:16:21.273,1.70449,1.70459,1.00,1.00
2014.02.20 19:16:21.596,1.70454,1.70459,1.00,1.00
2014.02.20 19:16:21.748,1.70454,1.70464,1.00,1.88
2014.02.20 19:16:22.275,1.70454,1.70462,1.00,1.00
2014.02.20 19:16:26.703,1.70454,1.70466,1.00,1.65
2014.02.20 19:16:30.349,1.70452,1.70465,1.00,2.33
2014.02.20 19:16:30.653,1.70454,1.70461,1.00,1.00
2014.02.20 19:16:40.714,1.70451,1.70461,1.00,1.13
2014.02.20 19:16:40.866,1.70447,1.7046,1.08,2.25
2014.02.20 19:16:40.967,1.70446,1.70461,1.50,4.65
2014.02.20 19:16:42.753,1.70446,1.7046,1.50,2.33
2014.02.20 19:16:42.855,1.70446,1.70456,1.13,1.00
2014.02.20 19:16:43.159,1.70433,1.70447,1.38,3.00
2014.02.20 19:16:43.210,1.70432,1.70446,1.50,1.50
2014.02.20 19:16:43.311,1.70432,1.70446,1.13,1.88
2014.02.20 19:16:43.863,1.70432,1.70443,1.00,1.00
2014.02.20 19:16:45.808,1.70432,1.70446,1.50,1.38
2014.02.20 19:16:49.266,1.70439,1.70447,1.00,1.50
2014.02.20 19:16:49.469,1.70444,1.7045,1.50,1.00
2014.02.20 19:16:49.521,1.70447,1.70459,1.88,2.70
2014.02.20 19:16:49.572,1.70449,1.70459,1.00,1.88
2014.02.20 19:16:49.673,1.70449,1.70464,1.50,1.95
2014.02.20 19:16:50.070,1.70451,1.70461,1.00,1.38
2014.02.20 19:16:50.625,1.70451,1.70461,1.00,1.00
2014.02.20 19:16:52.376,1.70451,1.70464,1.00,1.13
2014.02.20 19:16:55.753,1.70452,1.70464,1.00,1.13
2014.02.20 19:16:56.258,1.70452,1.70464,1.18,1.13
2014.02.20 19:16:56.834,1.70452,1.70464,3.53,1.00
2014.02.20 19:16:56.936,1.70461,1.70468,1.10,1.00
2014.02.20 19:16:57.138,1.70466,1.7047,1.88,1.00
2014.02.20 19:16:58.025,1.70467,1.70477,1.88,1.13
2014.02.20 19:16:58.519,1.70469,1.70477,1.00,1.13
2014.02.20 19:16:58.570,1.70469,1.70473,1.00,1.00
2014.02.20 19:16:59.347,1.70469,1.70477,1.00,1.00
2014.02.20 19:16:59.859,1.70468,1.70477,1.00,1.00
2014.02.20 19:17:00.365,1.70467,1.70471,1.00,1.00
2014.02.20 19:17:00.670,1.70469,1.70477,1.00,1.00
2014.02.20 19:17:02.081,1.70469,1.70476,1.00,1.38
2014.02.20 19:17:09.179,1.70465,1.70475,1.20,1.00
2014.02.20 19:17:09.876,1.70462,1.70467,1.00,1.00
2014.02.20 19:17:11.752,1.70462,1.70469,1.38,1.00
2014.02.20 19:17:14.139,1.70462,1.70469,1.00,1.00
2014.02.20 19:17:14.839,1.70461,1.70469,1.13,1.00
2014.02.20 19:17:15.803,1.7046,1.70469,1.00,1.38
2014.02.20 19:17:15.854,1.70459,1.70469,1.58,3.00
2014.02.20 19:17:15.955,1.70457,1.70466,1.00,3.00
2014.02.20 19:17:16.006,1.70452,1.70465,1.20,1.45
2014.02.20 19:17:16.159,1.70449,1.70459,1.88,1.00
2014.02.20 19:17:16.312,1.70449,1.70457,1.50,1.00
2014.02.20 19:17:16.482,1.70449,1.70461,1.50,1.10
2014.02.20 19:17:18.252,1.70449,1.70456,1.50,1.00
2014.02.20 19:17:19.140,1.70447,1.70456,1.13,1.00
2014.02.20 19:17:24.628,1.70449,1.70456,1.00,1.00
2014.02.20 19:17:25.394,1.70449,1.70456,1.38,1.00
2014.02.20 19:17:25.698,1.70454,1.70467,1.00,1.00
2014.02.20 19:17:25.800,1.70454,1.70465,1.00,1.00
2014.02.20 19:17:26.945,1.70454,1.70465,1.88,1.00
2014.02.20 19:17:27.198,1.70459,1.70467,1.00,1.00
2014.02.20 19:17:29.799,1.70459,1.70467,1.00,1.38
2014.02.20 19:17:30.103,1.70449,1.70464,2.25,1.10
2014.02.20 19:17:30.204,1.70449,1.70461,1.88,1.00
2014.02.20 19:17:37.381,1.70449,1.70461,1.00,1.00
2014.02.20 19:17:38.158,1.70447,1.70461,1.13,1.00
2014.02.20 19:17:42.259,1.70447,1.70456,1.13,1.00
2014.02.20 19:17:43.026,1.70447,1.7046,1.13,1.00
2014.02.20 19:17:43.327,1.70449,1.7046,1.00,1.00
2014.02.20 19:17:43.666,1.70449,1.7046,1.38,1.00
2014.02.20 19:17:45.675,1.70449,1.70456,1.00,1.00
2014.02.20 19:17:46.550,1.70449,1.7046,1.00,1.00
2014.02.20 19:17:57.010,1.70449,1.7046,1.50,1.18
2014.02.20 19:17:57.327,1.70449,1.70455,1.50,1.00
2014.02.20 19:18:03.787,1.70446,1.70455,1.13,1.00
2014.02.20 19:18:07.363,1.70446,1.70455,1.13,1.00
2014.02.20 19:18:07.617,1.70446,1.70455,2.25,1.00
2014.02.20 19:18:08.040,1.70445,1.70455,1.00,1.15
2014.02.20 19:18:08.344,1.70444,1.70448,1.00,1.00
2014.02.20 19:18:09.637,1.70444,1.70454,1.38,1.65
2014.02.20 19:18:09.790,1.70444,1.70454,1.38,1.00
2014.02.20 19:18:09.891,1.70444,1.7045,1.38,1.00
2014.02.20 19:18:10.725,1.70445,1.70456,2.25,1.18
2014.02.20 19:18:11.093,1.70453,1.70458,1.00,1.10
2014.02.20 19:18:11.347,1.70447,1.70454,1.13,1.00
2014.02.20 19:18:11.398,1.70447,1.70454,1.13,1.00
2014.02.20 19:18:13.915,1.70446,1.70454,1.00,1.00
2014.02.20 19:18:16.683,1.70446,1.7046,1.50,1.10
2014.02.20 19:18:16.835,1.70454,1.70462,1.00,1.53
2014.02.20 19:18:19.195,1.70454,1.70462,1.38,1.15
2014.02.20 19:18:19.246,1.70455,1.70462,1.00,1.15
2014.02.20 19:18:19.449,1.7046,1.70465,1.38,1.00
2014.02.20 19:18:20.463,1.70462,1.70468,1.00,1.00
2014.02.20 19:18:34.085,1.70462,1.70471,1.00,1.00
2014.02.20 19:18:40.010,1.70462,1.70468,1.00,1.00
2014.02.20 19:18:44.510,1.70461,1.70468,1.00,1.00
2014.02.20 19:18:47.819,1.70459,1.70468,1.50,1.00
2014.02.20 19:18:47.869,1.70459,1.70468,1.50,1.38
2014.02.20 19:18:47.971,1.70453,1.70465,1.00,1.53
2014.02.20 19:18:48.072,1.70452,1.70463,1.13,1.58
2014.02.20 19:18:48.376,1.70448,1.70458,1.00,1.00
2014.02.20 19:18:48.427,1.70446,1.70458,1.00,1.00
2014.02.20 19:18:51.341,1.70446,1.70456,1.00,1.00
2014.02.20 19:18:55.852,1.70446,1.70459,1.00,1.10
2014.02.20 19:18:56.634,1.70451,1.70459,1.00,1.00
2014.02.20 19:18:56.836,1.70451,1.70461,1.00,1.10
2014.02.20 19:19:02.825,1.7045,1.70461,1.00,1.10
2014.02.20 19:19:21.355,1.70448,1.70461,2.63,1.38
2014.02.20 19:19:21.457,1.70448,1.70461,2.63,1.50
2014.02.20 19:19:21.661,1.70444,1.70455,1.00,1.00
2014.02.20 19:19:21.916,1.70442,1.70455,1.00,1.18
2014.02.20 19:19:22.018,1.70442,1.7045,1.00,1.00
2014.02.20 19:19:22.069,1.7044,1.7045,1.00,1.00
2014.02.20 19:19:36.766,1.7044,1.7045,1.00,1.75
2014.02.20 19:19:36.868,1.70435,1.70445,1.08,1.13
2014.02.20 19:19:36.919,1.70435,1.70445,1.00,1.20
2014.02.20 19:19:37.071,1.70434,1.70447,1.38,1.50
2014.02.20 19:19:37.223,1.70439,1.70444,1.00,1.00
2014.02.20 19:19:37.505,1.70441,1.70446,1.38,1.00
2014.02.20 19:19:37.619,1.70444,1.70452,1.00,1.38
2014.02.20 19:19:37.771,1.70448,1.70454,1.00,1.38
2014.02.20 19:19:37.923,1.70444,1.70452,1.00,1.00
2014.02.20 19:19:38.631,1.70444,1.70455,1.00,1.00
2014.02.20 19:19:39.156,1.70445,1.70455,1.13,1.00
2014.02.20 19:19:39.517,1.70445,1.70458,1.13,1.00
2014.02.20 19:19:41.154,1.70445,1.70458,1.13,1.38
2014.02.20 19:19:41.473,1.70445,1.70454,1.13,1.00
2014.02.20 19:19:41.787,1.70436,1.70448,1.88,1.38
2014.02.20 19:19:42.243,1.70433,1.70444,1.00,1.13
2014.02.20 19:19:43.575,1.70433,1.70446,1.00,1.88
2014.02.20 19:19:48.936,1.70433,1.70446,1.00,2.70
2014.02.20 19:19:50.225,1.70431,1.70446,1.50,3.45
2014.02.20 19:19:52.006,1.70431,1.70446,1.58,1.88
2014.02.20 19:19:52.598,1.70431,1.70446,1.50,1.88
2014.02.20 19:19:54.144,1.70434,1.70446,1.00,2.63
2014.02.20 19:19:54.296,1.70431,1.70446,1.50,2.78
2014.02.20 19:19:55.529,1.70431,1.70446,1.50,4.28
2014.02.20 19:20:00.276,1.70431,1.70445,1.50,1.95
2014.02.20 19:20:01.268,1.70431,1.70445,1.50,1.95
2014.02.20 19:20:06.718,1.70431,1.70446,1.50,4.28
2014.02.20 19:20:09.600,1.70431,1.70446,1.50,4.28
2014.02.20 19:20:09.894,1.70431,1.70446,1.50,3.75
2014.02.20 19:20:17.866,1.70435,1.70446,1.00,1.00
2014.02.20 19:20:19.489,1.70435,1.70447,1.00,2.33
2014.02.20 19:20:20.148,1.70435,1.70446,1.00,1.88
2014.02.20 19:20:21.585,1.70435,1.70445,1.00,1.88
2014.02.20 19:20:31.551,1.70435,1.70442,1.00,1.88
2014.02.20 19:20:31.705,1.70433,1.70443,1.00,1.88
2014.02.20 19:20:31.908,1.70431,1.70442,1.00,1.88
2014.02.20 19:20:33.281,1.70431,1.70441,1.00,1.88
2014.02.20 19:20:35.297,1.70431,1.70442,1.00,1.88
2014.02.20 19:20:35.804,1.70431,1.70443,1.00,1.88
2014.02.20 19:20:36.110,1.7043,1.70441,1.00,1.00
2014.02.20 19:20:40.163,1.70431,1.70442,1.00,1.88
2014.02.20 19:20:40.971,1.70431,1.70441,1.00,1.88
2014.02.20 19:20:42.261,1.70431,1.70442,1.00,1.88
2014.02.20 19:20:47.136,1.70431,1.70441,1.00,1.88
2014.02.20 19:20:47.441,1.70424,1.70438,4.13,1.00
2014.02.20 19:20:47.745,1.70423,1.70437,1.50,1.10
2014.02.20 19:20:48.576,1.70423,1.70434,1.50,1.88
2014.02.20 19:20:49.684,1.70423,1.70435,1.50,1.88
2014.02.20 19:20:50.261,1.70423,1.70434,1.50,1.88
2014.02.20 19:20:51.311,1.70423,1.70434,1.13,1.88
2014.02.20 19:20:55.408,1.70423,1.70433,1.13,1.88
2014.02.20 19:21:03.210,1.70423,1.70432,1.13,1.88
2014.02.20 19:21:08.192,1.70423,1.70433,1.13,1.88
2014.02.20 19:21:09.154,1.70422,1.70432,1.38,1.88
2014.02.20 19:21:15.214,1.70422,1.70433,1.38,2.63
2014.02.20 19:21:15.726,1.70422,1.70432,1.38,1.88
2014.02.20 19:21:19.117,1.70423,1.70433,1.13,1.88
2014.02.20 19:21:23.542,1.70423,1.70436,1.13,1.00
2014.02.20 19:21:24.150,1.70423,1.70433,1.13,1.88
2014.02.20 19:21:25.383,1.70424,1.70438,1.48,1.58
2014.02.20 19:21:25.434,1.70424,1.70438,1.93,1.50
2014.02.20 19:21:25.738,1.70427,1.7044,1.75,1.00
2014.02.20 19:21:26.413,1.7043,1.7044,1.00,1.88
2014.02.20 19:21:29.441,1.7043,1.70439,1.00,1.88
2014.02.20 19:21:29.980,1.7043,1.7044,1.50,1.88
2014.02.20 19:21:30.031,1.7043,1.70445,1.50,1.88
2014.02.20 19:21:33.272,1.7043,1.70445,1.88,1.95
2014.02.20 19:21:34.006,1.7043,1.70445,1.88,2.03
2014.02.20 19:21:35.618,1.7043,1.7044,1.50,1.88
2014.02.20 19:21:36.971,1.7043,1.70441,1.50,1.88
2014.02.20 19:21:37.637,1.7043,1.7044,1.50,1.88
2014.02.20 19:21:48.834,1.7043,1.70441,1.50,1.88
2014.02.20 19:21:56.703,1.7043,1.7044,1.50,1.88
2014.02.20 19:22:00.351,1.7043,1.70439,1.00,1.88
2014.02.20 19:22:06.026,1.7043,1.7044,1.00,2.63
2014.02.20 19:22:09.361,1.7043,1.70441,1.50,1.88
2014.02.20 19:22:11.525,1.7043,1.7044,1.00,1.88
2014.02.20 19:22:12.736,1.7043,1.70441,1.00,2.63
2014.02.20 19:22:13.889,1.7043,1.70442,1.50,1.88
2014.02.20 19:22:14.665,1.7043,1.70441,1.00,2.63
2014.02.20 19:22:17.165,1.7043,1.70441,1.38,1.00
2014.02.20 19:22:17.469,1.70439,1.70444,1.00,1.00
2014.02.20 19:22:17.571,1.70434,1.70444,1.50,1.00
2014.02.20 19:22:20.864,1.70434,1.70444,1.84,2.63
2014.02.20 19:22:20.915,1.70435,1.70444,1.09,2.63
2014.02.20 19:22:21.017,1.70441,1.70451,4.58,1.00
2014.02.20 19:22:21.068,1.70446,1.70451,1.50,1.00
2014.02.20 19:22:21.170,1.70448,1.70453,1.08,1.00
2014.02.20 19:22:21.272,1.70449,1.70453,1.10,1.00
2014.02.20 19:22:21.374,1.70449,1.70459,1.10,1.88
2014.02.20 19:22:21.743,1.70449,1.70461,1.10,1.00
2014.02.20 19:22:23.015,1.70449,1.70461,1.15,1.00
2014.02.20 19:22:26.610,1.7045,1.70461,1.10,1.00
2014.02.20 19:22:32.829,1.70449,1.70461,1.10,1.13
2014.02.20 19:22:33.134,1.70444,1.70455,1.00,1.88
2014.02.20 19:22:33.781,1.70444,1.70454,1.00,1.00
2014.02.20 19:22:44.935,1.70445,1.70454,1.00,1.00
2014.02.20 19:22:45.037,1.70445,1.70458,1.00,3.15
2014.02.20 19:22:45.514,1.70445,1.70458,1.75,1.18
2014.02.20 19:22:46.060,1.7045,1.70458,1.38,1.00
2014.02.20 19:22:46.111,1.7045,1.70461,1.38,1.00
2014.02.20 19:22:51.532,1.70449,1.7046,1.38,1.00
2014.02.20 19:22:56.875,1.70449,1.70459,1.38,1.88
2014.02.20 19:23:00.312,1.70449,1.7046,1.38,2.63
2014.02.20 19:23:19.978,1.70449,1.7046,1.38,1.00
2014.02.20 19:23:20.523,1.70449,1.7046,1.38,1.00
2014.02.20 19:23:25.895,1.70447,1.70461,1.88,1.50
2014.02.20 19:23:34.252,1.70451,1.7046,1.38,1.00
2014.02.20 19:23:39.137,1.70451,1.70461,1.75,1.00
2014.02.20 19:23:39.239,1.70451,1.7046,1.38,1.00
2014.02.20 19:23:39.392,1.70452,1.70461,1.38,1.00
2014.02.20 19:23:39.698,1.70455,1.70465,1.38,1.00
2014.02.20 19:23:40.157,1.70458,1.70465,1.38,1.00
2014.02.20 19:23:40.942,1.70458,1.70465,1.13,1.00
2014.02.20 19:23:52.817,1.70459,1.70465,1.00,1.00
2014.02.20 19:23:53.184,1.70462,1.70473,1.13,3.38
2014.02.20 19:23:53.387,1.70482,1.70495,3.34,1.20
2014.02.20 19:23:53.438,1.70484,1.70495,1.38,1.20
2014.02.20 19:23:53.539,1.70482,1.70496,1.00,3.45
2014.02.20 19:23:53.590,1.70482,1.70491,1.38,1.38
2014.02.20 19:23:53.692,1.70484,1.70497,1.58,4.58
2014.02.20 19:23:53.743,1.70484,1.70488,1.58,1.00
2014.02.20 19:23:54.049,1.70486,1.7049,1.00,1.00
2014.02.20 19:23:54.254,1.70486,1.70494,1.00,1.00
2014.02.20 19:23:54.931,1.70488,1.70494,1.88,1.00
2014.02.20 19:23:55.706,1.70489,1.70494,1.88,1.00
2014.02.20 19:23:56.620,1.70486,1.70494,1.88,1.00
2014.02.20 19:23:57.595,1.70487,1.70494,1.00,1.38
2014.02.20 19:23:57.646,1.70485,1.70494,1.10,1.38
2014.02.20 19:23:57.697,1.70484,1.70494,1.45,1.38
2014.02.20 19:23:58.001,1.70487,1.70497,1.00,4.13
2014.02.20 19:23:59.016,1.70487,1.70494,1.20,1.00
2014.02.20 19:23:59.985,1.70487,1.70491,1.00,1.00
2014.02.20 19:24:09.303,1.70487,1.70497,1.50,3.75
2014.02.20 19:24:09.809,1.70487,1.70491,1.50,1.00
2014.02.20 19:24:10.086,1.70488,1.70497,1.00,3.75
2014.02.20 19:24:10.343,1.70486,1.70491,1.13,1.00
2014.02.20 19:24:10.673,1.70489,1.70497,1.00,3.75
2014.02.20 19:24:10.864,1.70489,1.70497,1.13,3.75
2014.02.20 19:24:12.105,1.7049,1.70497,1.00,4.13
2014.02.20 19:24:12.705,1.7049,1.70499,1.00,1.00
2014.02.20 19:24:12.807,1.7049,1.70501,1.00,1.00
2014.02.20 19:24:12.858,1.7049,1.70501,1.38,1.00
2014.02.20 19:24:17.788,1.70494,1.70501,1.88,1.00
2014.02.20 19:24:18.366,1.70493,1.70501,1.88,1.00
2014.02.20 19:24:18.923,1.70492,1.70501,1.20,1.00
2014.02.20 19:24:19.522,1.70494,1.70501,1.00,1.00
2014.02.20 19:24:24.957,1.70494,1.70503,1.00,1.38
2014.02.20 19:24:25.261,1.70485,1.70491,1.38,1.00
2014.02.20 19:24:25.312,1.70485,1.70496,1.75,1.10
2014.02.20 19:24:25.818,1.70484,1.70496,1.75,1.00
2014.02.20 19:24:26.991,1.70482,1.70496,2.03,1.38
2014.02.20 19:24:27.092,1.70482,1.70494,1.65,2.25
2014.02.20 19:24:27.397,1.70477,1.70486,1.50,1.00
2014.02.20 19:24:27.448,1.70474,1.70486,1.58,1.00
2014.02.20 19:24:27.752,1.70472,1.70486,1.13,1.50
2014.02.20 19:24:27.803,1.70474,1.70486,1.00,1.00
2014.02.20 19:24:28.006,1.70472,1.70485,1.13,1.00
2014.02.20 19:24:28.527,1.7047,1.70484,1.50,1.10
2014.02.20 19:24:28.628,1.7047,1.7048,1.50,1.00
2014.02.20 19:24:28.730,1.70471,1.70482,1.13,1.00
2014.02.20 19:24:28.782,1.70472,1.70486,2.63,1.10
2014.02.20 19:24:28.833,1.70472,1.70481,1.00,1.00
2014.02.20 19:24:29.137,1.70472,1.70481,1.38,1.00
2014.02.20 19:24:29.244,1.70472,1.70486,1.38,1.15
2014.02.20 19:24:29.699,1.70472,1.70478,1.00,1.00
2014.02.20 19:24:30.776,1.70473,1.70477,1.00,1.00
2014.02.20 19:24:30.878,1.70469,1.70477,1.38,1.00
2014.02.20 19:24:30.979,1.70466,1.70478,1.38,1.10
2014.02.20 19:24:31.030,1.70466,1.70474,1.38,1.00
2014.02.20 19:24:31.335,1.70471,1.70479,1.00,1.00
2014.02.20 19:24:31.624,1.70471,1.70484,1.38,4.47
2014.02.20 19:24:32.653,1.70471,1.70484,1.38,1.20
2014.02.20 19:24:33.922,1.70471,1.70484,1.00,1.20
2014.02.20 19:24:33.973,1.70471,1.70481,1.00,1.00
2014.02.20 19:24:34.275,1.70471,1.70481,1.38,1.00
2014.02.20 19:24:34.842,1.70471,1.70484,1.38,1.20
2014.02.20 19:24:35.367,1.70473,1.70484,2.25,1.20
2014.02.20 19:24:35.468,1.70474,1.70484,1.38,1.00
2014.02.20 19:24:35.723,1.70474,1.70487,1.38,1.10
2014.02.20 19:24:36.336,1.70473,1.70486,1.38,1.00
2014.02.20 19:24:38.680,1.70474,1.70486,1.88,1.00
2014.02.20 19:24:39.034,1.70474,1.70486,1.38,1.50
2014.02.20 19:24:39.359,1.70474,1.70485,1.38,1.00
2014.02.20 19:24:40.047,1.70474,1.70485,1.38,1.00
2014.02.20 19:24:41.801,1.70474,1.70486,1.38,1.50
2014.02.20 19:24:42.943,1.70474,1.70486,1.38,1.00
2014.02.20 19:24:43.162,1.70477,1.70488,1.13,1.88
2014.02.20 19:24:43.680,1.70477,1.70487,1.13,1.88
2014.02.20 19:24:44.186,1.70476,1.70486,1.38,1.88
2014.02.20 19:24:44.288,1.70475,1.70485,1.50,1.88
2014.02.20 19:24:44.440,1.70473,1.70483,1.38,1.88
2014.02.20 19:24:45.149,1.70473,1.70484,1.88,1.88
2014.02.20 19:24:45.684,1.70473,1.70485,1.88,1.88
2014.02.20 19:24:46.047,1.70473,1.70483,1.38,1.88
2014.02.20 19:24:46.573,1.70473,1.70484,1.38,1.00
2014.02.20 19:24:49.162,1.70473,1.70483,1.00,1.88
2014.02.20 19:24:50.144,1.70473,1.70484,1.00,1.00
2014.02.20 19:24:53.516,1.70471,1.70484,1.38,2.63
2014.02.20 19:24:54.234,1.70471,1.70484,1.38,1.00
2014.02.20 19:24:54.904,1.70471,1.70484,1.38,1.00
2014.02.20 19:24:55.518,1.70471,1.70484,1.38,2.63
2014.02.20 19:24:55.907,1.7047,1.70484,1.20,3.38
2014.02.20 19:24:55.957,1.70469,1.70481,2.78,1.88
2014.02.20 19:24:56.261,1.70463,1.70476,1.38,2.63
2014.02.20 19:24:56.767,1.70463,1.70476,1.38,2.63
2014.02.20 19:24:57.358,1.70463,1.70476,1.38,2.63
2014.02.20 19:24:57.868,1.70463,1.70476,1.38,1.00
2014.02.20 19:25:00.945,1.70463,1.70476,1.38,1.00
2014.02.20 19:25:06.310,1.70463,1.70476,2.70,1.00
2014.02.20 19:25:06.614,1.70474,1.70478,1.20,1.00
2014.02.20 19:25:06.665,1.70474,1.70481,1.20,1.00
2014.02.20 19:25:06.950,1.70474,1.70486,1.95,1.00
2014.02.20 19:25:11.561,1.70474,1.70486,1.95,1.00
2014.02.20 19:25:11.668,1.70474,1.70486,1.95,1.00
2014.02.20 19:25:15.126,1.70474,1.70484,1.58,1.88
2014.02.20 19:25:15.844,1.70475,1.70483,1.00,1.00
2014.02.20 19:25:19.780,1.70474,1.70483,2.63,1.00
2014.02.20 19:25:19.983,1.70474,1.70487,2.63,1.88
2014.02.20 19:25:20.451,1.70474,1.70486,2.03,1.00
2014.02.20 19:25:20.920,1.70474,1.70486,2.78,1.00
2014.02.20 19:25:21.441,1.70475,1.70486,1.48,1.00
2014.02.20 19:25:21.796,1.70474,1.70487,2.03,2.63
2014.02.20 19:25:21.999,1.70474,1.70486,1.00,2.63
2014.02.20 19:25:22.100,1.70473,1.70481,1.20,1.00
2014.02.20 19:25:22.329,1.70473,1.70484,1.20,1.00
2014.02.20 19:25:26.275,1.70473,1.70486,2.33,1.00
2014.02.20 19:25:28.480,1.70473,1.70484,1.58,1.00
2014.02.20 19:25:28.658,1.70473,1.70486,2.33,1.00
2014.02.20 19:25:28.982,1.70473,1.70484,1.58,1.00
2014.02.20 19:25:30.033,1.70474,1.70484,1.00,1.00
2014.02.20 19:25:41.880,1.70474,1.70486,1.88,1.00
2014.02.20 19:25:43.343,1.70474,1.70488,2.63,1.00
2014.02.20 19:25:44.312,1.70474,1.70486,1.88,1.00
2014.02.20 19:25:45.867,1.70474,1.70483,1.00,1.00
2014.02.20 19:25:51.644,1.70471,1.70483,1.48,1.00
2014.02.20 19:26:01.715,1.70478,1.70483,1.00,1.00
2014.02.20 19:26:01.869,1.70474,1.70483,1.00,1.00
2014.02.20 19:26:02.407,1.70475,1.70483,1.00,1.00
2014.02.20 19:26:04.464,1.70475,1.70483,1.00,1.95
2014.02.20 19:26:04.617,1.70469,1.70474,1.00,2.25
2014.02.20 19:26:04.668,1.70465,1.70474,1.00,2.25
2014.02.20 19:26:05.247,1.70465,1.70473,1.00,1.00
2014.02.20 19:26:10.793,1.70465,1.70473,1.00,1.38
2014.02.20 19:26:10.945,1.70464,1.70468,1.00,1.88
2014.02.20 19:26:11.199,1.70457,1.70465,1.00,2.25
2014.02.20 19:26:11.301,1.70459,1.70467,1.00,2.25
2014.02.20 19:26:11.351,1.70459,1.70468,1.00,1.88
2014.02.20 19:26:11.403,1.70459,1.70466,1.00,1.00
2014.02.20 19:26:13.403,1.70459,1.70465,1.00,1.88
2014.02.20 19:26:13.921,1.70459,1.70466,1.00,1.00
2014.02.20 19:26:14.636,1.7046,1.70466,1.00,2.63
2014.02.20 19:26:14.940,1.70452,1.70461,1.00,1.75
2014.02.20 19:26:14.991,1.70449,1.7046,1.00,1.38
2014.02.20 19:26:15.042,1.70449,1.7046,1.00,1.45
2014.02.20 19:26:15.549,1.70445,1.70453,1.00,1.13
2014.02.20 19:26:15.650,1.70445,1.70451,1.00,1.88
2014.02.20 19:26:19.495,1.70445,1.70452,1.00,1.88
2014.02.20 19:26:20.170,1.70445,1.70452,1.00,1.88
2014.02.20 19:26:21.194,1.70445,1.70454,1.00,2.25
2014.02.20 19:26:23.236,1.70445,1.70453,1.00,2.25
2014.02.20 19:26:23.337,1.70447,1.70454,1.00,2.25
2014.02.20 19:26:26.785,1.70448,1.70455,1.00,2.25
2014.02.20 19:26:27.079,1.70449,1.70456,1.00,1.88
2014.02.20 19:26:27.130,1.70449,1.70456,1.38,1.88
2014.02.20 19:26:27.181,1.70449,1.7046,2.25,1.50
2014.02.20 19:26:27.232,1.70456,1.7046,1.00,1.50
2014.02.20 19:26:27.384,1.70459,1.70468,1.13,1.38
2014.02.20 19:26:27.637,1.70459,1.70471,1.13,2.25
2014.02.20 19:26:29.021,1.70459,1.7047,1.13,1.88
2014.02.20 19:26:29.123,1.70459,1.70463,1.13,1.88
2014.02.20 19:26:29.275,1.70451,1.70459,1.00,2.25
2014.02.20 19:26:29.528,1.7045,1.70457,1.00,1.00
2014.02.20 19:26:29.933,1.7045,1.70455,1.00,1.88
2014.02.20 19:26:32.636,1.70449,1.70455,1.00,1.88
2014.02.20 19:26:32.737,1.70445,1.70454,1.00,1.88
2014.02.20 19:26:33.155,1.70447,1.70454,1.00,1.88
2014.02.20 19:26:33.206,1.70447,1.70457,1.00,1.88
2014.02.20 19:26:33.409,1.7045,1.70457,1.00,1.00
2014.02.20 19:26:33.561,1.70451,1.70459,1.00,2.63
2014.02.20 19:26:37.477,1.70451,1.7046,1.00,3.38
2014.02.20 19:26:38.036,1.70451,1.70461,1.00,1.88
2014.02.20 19:26:39.623,1.70451,1.70462,1.95,1.00
2014.02.20 19:26:39.674,1.70454,1.70462,1.50,1.00
2014.02.20 19:26:39.827,1.70454,1.70466,1.00,1.00
2014.02.20 19:26:40.181,1.70455,1.70461,1.00,1.00
2014.02.20 19:26:40.282,1.70455,1.70468,1.00,1.00
2014.02.20 19:26:40.384,1.70454,1.70466,1.50,1.00
2014.02.20 19:26:40.587,1.70452,1.70466,1.13,1.50
2014.02.20 19:26:40.765,1.70452,1.70463,1.13,1.88
2014.02.20 19:26:42.385,1.70452,1.70464,1.00,1.88
2014.02.20 19:26:42.702,1.7045,1.70459,1.00,2.25
2014.02.20 19:26:43.110,1.70447,1.70459,1.00,2.25
2014.02.20 19:26:44.859,1.70448,1.7046,1.00,3.00
2014.02.20 19:26:50.468,1.70448,1.70457,1.00,3.00
2014.02.20 19:26:51.141,1.70447,1.70456,1.00,2.25
2014.02.20 19:26:53.666,1.70447,1.70453,1.00,1.88
2014.02.20 19:26:53.716,1.70443,1.70453,1.00,1.88
2014.02.20 19:26:53.818,1.70443,1.70451,1.00,1.00
2014.02.20 19:26:53.882,1.70443,1.70454,1.00,2.25
2014.02.20 19:26:54.442,1.70444,1.70455,1.00,1.38
2014.02.20 19:26:56.192,1.70444,1.70452,1.00,1.00
2014.02.20 19:26:56.419,1.70444,1.70456,1.00,3.00
2014.02.20 19:26:56.981,1.70444,1.70453,1.00,1.00
2014.02.20 19:26:58.101,1.70444,1.70456,1.00,1.88
2014.02.20 19:27:01.599,1.70444,1.70453,1.00,1.00
2014.02.20 19:27:02.190,1.70443,1.70453,1.00,1.00
2014.02.20 19:27:02.599,1.70443,1.70453,1.00,1.38
2014.02.20 19:27:04.105,1.70443,1.70453,1.00,1.88
2014.02.20 19:27:04.156,1.70441,1.70453,1.00,2.63
2014.02.20 19:27:04.258,1.70441,1.70451,1.00,1.50
2014.02.20 19:27:04.779,1.70441,1.70451,1.00,1.88
2014.02.20 19:27:09.630,1.70441,1.70451,1.00,1.38
2014.02.20 19:27:09.731,1.70441,1.70451,1.00,1.88
2014.02.20 19:27:09.782,1.70438,1.70451,1.00,3.75
2014.02.20 19:27:09.833,1.7044,1.70451,1.00,1.88
2014.02.20 19:27:09.935,1.70438,1.70451,1.13,1.88
2014.02.20 19:27:10.036,1.7044,1.7045,1.00,1.38
2014.02.20 19:27:10.290,1.70441,1.70454,1.38,1.00
2014.02.20 19:27:10.817,1.70443,1.70454,1.00,1.00
2014.02.20 19:27:13.292,1.70443,1.70456,1.00,1.10
2014.02.20 19:27:13.915,1.70442,1.70456,1.50,1.50
2014.02.20 19:27:17.315,1.70442,1.70455,1.00,1.00
2014.02.20 19:27:18.208,1.70442,1.70451,1.00,1.00
2014.02.20 19:27:25.669,1.70442,1.70455,1.00,1.00
2014.02.20 19:27:27.988,1.70443,1.70455,1.00,1.00
2014.02.20 19:27:28.294,1.70444,1.70455,1.38,1.00
2014.02.20 19:27:28.600,1.70449,1.70459,1.65,1.50
2014.02.20 19:27:28.702,1.70447,1.70459,1.10,1.38
2014.02.20 19:27:28.804,1.70447,1.7046,1.00,2.25
2014.02.20 19:27:29.057,1.70449,1.70461,1.00,1.00
2014.02.20 19:27:29.361,1.70449,1.70464,1.50,1.88
2014.02.20 19:27:30.809,1.70449,1.70464,1.88,1.88
2014.02.20 19:27:30.910,1.70454,1.70464,1.00,1.00
2014.02.20 19:27:31.214,1.70459,1.70469,1.00,3.00
2014.02.20 19:27:31.572,1.70457,1.70466,1.00,1.13
2014.02.20 19:27:32.162,1.70456,1.70468,1.00,1.00
2014.02.20 19:27:32.669,1.70456,1.70469,1.18,3.38
2014.02.20 19:27:33.597,1.70456,1.70467,1.00,2.25
2014.02.20 19:27:34.112,1.70456,1.70466,1.00,1.88
2014.02.20 19:27:35.639,1.70456,1.70465,1.00,1.88
2014.02.20 19:27:36.469,1.70456,1.70464,1.00,1.88
2014.02.20 19:27:40.373,1.70455,1.70464,1.00,1.88
2014.02.20 19:27:42.987,1.70455,1.70463,1.00,1.88
2014.02.20 19:27:47.752,1.70455,1.70464,1.00,1.88
2014.02.20 19:27:51.857,1.70455,1.70463,1.00,1.88
2014.02.20 19:27:52.365,1.70455,1.70464,1.00,1.88
2014.02.20 19:27:57.630,1.70455,1.70466,1.00,2.63
2014.02.20 19:27:59.656,1.70455,1.70465,1.00,1.88
2014.02.20 19:28:00.183,1.70455,1.70466,1.00,2.63
2014.02.20 19:28:01.999,1.70455,1.70465,1.00,1.88
2014.02.20 19:28:02.219,1.70455,1.70465,1.00,2.25
2014.02.20 19:28:04.497,1.70455,1.70464,1.00,2.63
2014.02.20 19:28:05.147,1.70455,1.70462,1.00,1.88
2014.02.20 19:28:05.468,1.70453,1.7046,1.00,1.00
2014.02.20 19:28:13.880,1.70454,1.7046,1.00,1.00
2014.02.20 19:28:14.133,1.70462,1.70471,1.13,1.10
2014.02.20 19:28:14.234,1.70465,1.70471,1.00,1.00
2014.02.20 19:28:14.437,1.70463,1.70475,1.00,1.88
2014.02.20 19:28:15.119,1.70463,1.70474,1.00,3.00
2014.02.20 19:28:15.533,1.7046,1.70473,1.55,1.88
2014.02.20 19:28:16.211,1.7046,1.7047,1.45,1.00
2014.02.20 19:28:18.624,1.70462,1.7047,1.00,1.00
2014.02.20 19:28:18.675,1.70462,1.70474,3.00,1.00
2014.02.20 19:28:18.726,1.70467,1.70474,1.00,1.00
2014.02.20 19:28:18.878,1.70467,1.70477,1.00,1.00
2014.02.20 19:28:20.059,1.70467,1.70477,1.00,1.38
2014.02.20 19:28:20.842,1.70467,1.70477,1.00,1.38
2014.02.20 19:28:21.203,1.70469,1.70477,1.00,1.38
2014.02.20 19:28:21.422,1.70467,1.70477,1.00,1.38
2014.02.20 19:28:24.432,1.70466,1.70477,1.00,1.38
2014.02.20 19:28:24.534,1.70463,1.70473,1.00,2.25
2014.02.20 19:28:24.635,1.7046,1.7047,1.45,1.88
2014.02.20 19:28:24.686,1.7046,1.70468,1.45,1.13
2014.02.20 19:28:26.059,1.70462,1.70468,1.00,1.13
2014.02.20 19:28:26.262,1.70469,1.70477,1.00,1.00
2014.02.20 19:28:26.465,1.70472,1.70477,1.00,1.00
2014.02.20 19:28:49.962,1.70473,1.70477,1.00,1.00
2014.02.20 19:29:00.103,1.70472,1.70477,1.00,1.00
2014.02.20 19:29:06.426,1.70468,1.70477,1.13,1.00
2014.02.20 19:29:07.588,1.70468,1.70475,1.00,1.88
2014.02.20 19:29:07.740,1.70462,1.70471,1.00,1.00
2014.02.20 19:29:07.892,1.70462,1.70474,1.00,2.03
2014.02.20 19:29:08.839,1.70464,1.70474,1.00,1.65
2014.02.20 19:29:08.940,1.70462,1.70474,1.00,1.00
2014.02.20 19:29:10.643,1.70464,1.70474,1.00,1.00
2014.02.20 19:29:11.296,1.70465,1.70474,1.00,1.00
2014.02.20 19:29:12.595,1.70465,1.70476,1.00,1.13
2014.02.20 19:29:24.058,1.70467,1.70477,1.13,1.00
2014.02.20 19:29:29.731,1.70468,1.70477,1.00,1.00
2014.02.20 19:29:50.590,1.70469,1.70477,1.00,1.00
2014.02.20 19:29:50.894,1.70474,1.70479,1.00,1.00
2014.02.20 19:29:51.877,1.70477,1.70486,1.00,1.38
2014.02.20 19:29:51.980,1.70479,1.70483,2.63,1.00
2014.02.20 19:29:52.082,1.70482,1.70487,1.00,3.75
2014.02.20 19:29:52.285,1.70476,1.70483,1.00,1.00
2014.02.20 19:29:52.437,1.7047,1.70482,1.00,1.48
2014.02.20 19:29:52.539,1.70464,1.70477,1.58,1.50
2014.02.20 19:29:52.641,1.70461,1.70473,2.25,1.28
2014.02.20 19:29:52.742,1.70459,1.70469,1.00,1.00
2014.02.20 19:29:52.793,1.70455,1.70469,1.20,1.00
2014.02.20 19:29:52.895,1.70455,1.70467,1.13,1.00
2014.02.20 19:30:06.426,1.70456,1.70467,1.00,1.00
2014.02.20 19:30:07.024,1.70457,1.70467,1.00,1.00
2014.02.20 19:30:12.914,1.70459,1.70467,1.00,1.00
2014.02.20 19:30:13.218,1.70458,1.70469,1.00,1.13
2014.02.20 19:30:13.269,1.70459,1.70473,1.00,1.13
2014.02.20 19:30:13.372,1.70458,1.70469,1.00,1.00
2014.02.20 19:30:15.902,1.70457,1.70469,1.13,1.00
2014.02.20 19:30:18.358,1.70455,1.70467,1.38,1.00
2014.02.20 19:30:25.917,1.70458,1.70467,1.00,1.00
2014.02.20 19:30:33.306,1.70458,1.70469,1.00,1.00
2014.02.20 19:30:44.983,1.70457,1.70469,2.25,1.00
2014.02.20 19:30:45.084,1.70459,1.70471,1.50,1.00
2014.02.20 19:30:45.907,1.70459,1.70474,2.25,2.03
2014.02.20 19:30:46.059,1.70459,1.7047,3.38,1.00
2014.02.20 19:30:49.101,1.7046,1.7047,1.88,1.00
2014.02.20 19:30:49.405,1.70473,1.70483,3.00,1.28
2014.02.20 19:30:49.456,1.70474,1.70479,3.75,1.00
2014.02.20 19:31:04.400,1.70472,1.70479,1.00,1.00
2014.02.20 19:31:04.604,1.7047,1.70479,1.00,1.00
2014.02.20 19:31:05.634,1.7047,1.70479,1.00,1.75
2014.02.20 19:31:05.686,1.70465,1.70478,1.10,2.70
2014.02.20 19:31:05.737,1.70465,1.70476,1.00,2.25
2014.02.20 19:31:05.788,1.70461,1.70475,1.13,1.85
2014.02.20 19:31:06.041,1.70464,1.70473,1.00,1.13
2014.02.20 19:31:06.346,1.70468,1.70474,1.00,1.00
2014.02.20 19:31:06.549,1.70469,1.70477,2.63,1.00
2014.02.20 19:31:07.105,1.70471,1.70477,1.88,1.00
2014.02.20 19:31:07.409,1.70474,1.70479,1.00,1.00
2014.02.20 19:31:07.800,1.70474,1.70485,1.88,1.00
2014.02.20 19:31:08.104,1.70479,1.70487,1.00,1.13
2014.02.20 19:31:17.533,1.70473,1.70479,1.00,1.00
2014.02.20 19:31:17.634,1.70475,1.70479,1.00,1.00
2014.02.20 19:31:17.889,1.70472,1.70479,1.00,1.00
2014.02.20 19:31:19.246,1.70472,1.70479,1.00,1.38
2014.02.20 19:31:19.348,1.70466,1.70476,1.00,1.38
2014.02.20 19:31:19.399,1.70465,1.70475,1.00,1.13
2014.02.20 19:31:19.450,1.70462,1.70475,1.38,1.20
2014.02.20 19:31:19.551,1.70462,1.70476,1.00,1.65
2014.02.20 19:31:19.652,1.70462,1.70469,1.00,1.00
2014.02.20 19:31:19.754,1.7046,1.70469,3.00,1.00
2014.02.20 19:31:21.514,1.70459,1.70469,1.00,1.00
2014.02.20 19:31:21.565,1.7046,1.70469,1.88,1.15
2014.02.20 19:31:22.461,1.70461,1.70466,2.25,1.00
2014.02.20 19:31:22.613,1.70461,1.70469,1.88,1.00
2014.02.20 19:31:25.584,1.7046,1.70469,1.88,1.00
2014.02.20 19:31:26.096,1.70459,1.70469,3.38,1.00
2014.02.20 19:31:32.630,1.70459,1.70469,1.00,1.15
2014.02.20 19:31:34.711,1.70459,1.70469,1.00,1.10
2014.02.20 19:31:36.638,1.70459,1.70469,1.00,1.08
2014.02.20 19:31:39.769,1.70459,1.70466,1.00,1.00
2014.02.20 19:31:41.792,1.70459,1.70466,1.00,1.18
2014.02.20 19:31:50.697,1.70459,1.70466,1.00,1.15
2014.02.20 19:31:58.466,1.70454,1.70466,1.88,1.15
2014.02.20 19:32:00.707,1.70454,1.70466,1.88,1.58
2014.02.20 19:32:01.309,1.70454,1.70466,1.38,1.15
2014.02.20 19:32:01.663,1.70454,1.70466,1.38,1.18
2014.02.20 19:32:02.170,1.70455,1.70466,2.25,1.10
2014.02.20 19:32:02.271,1.70455,1.70466,1.88,1.10
2014.02.20 19:32:02.800,1.70454,1.70466,3.00,1.18
2014.02.20 19:32:05.688,1.70454,1.70466,3.75,1.18
2014.02.20 19:32:07.303,1.70455,1.70466,2.25,1.00
2014.02.20 19:32:08.118,1.70454,1.70466,3.00,1.08
2014.02.20 19:32:08.168,1.70455,1.70466,1.00,1.08
2014.02.20 19:32:08.270,1.70454,1.70466,1.50,1.95
2014.02.20 19:32:08.371,1.70451,1.70465,2.25,1.28
2014.02.20 19:32:08.574,1.70451,1.70463,1.00,1.58
2014.02.20 19:32:08.625,1.70448,1.70462,1.38,1.15
2014.02.20 19:32:08.726,1.70447,1.70457,1.13,1.00
2014.02.20 19:32:19.572,1.70446,1.70457,3.00,1.00
2014.02.20 19:32:20.079,1.70447,1.70457,1.13,1.00
2014.02.20 19:32:21.459,1.70448,1.70457,1.00,1.10
2014.02.20 19:32:21.561,1.70448,1.70461,1.13,1.65
2014.02.20 19:32:21.814,1.70448,1.70458,1.13,1.00
2014.02.20 19:32:25.127,1.70449,1.70458,1.00,1.00
2014.02.20 19:32:25.640,1.70452,1.70458,1.00,1.00
2014.02.20 19:32:27.054,1.7045,1.70458,1.00,1.00
2014.02.20 19:32:29.687,1.70448,1.70458,1.00,1.00
2014.02.20 19:32:30.669,1.7045,1.70458,1.00,1.00
2014.02.20 19:32:33.777,1.70447,1.70458,1.00,1.10
2014.02.20 19:32:34.317,1.70447,1.70458,1.00,1.18
2014.02.20 19:32:34.573,1.70447,1.70455,1.00,1.00
2014.02.20 19:32:35.344,1.70447,1.70458,1.00,1.18
2014.02.20 19:32:36.548,1.70447,1.70455,1.00,1.00
2014.02.20 19:32:37.884,1.70448,1.70455,1.00,1.00
2014.02.20 19:32:38.554,1.70447,1.70455,1.00,1.00
2014.02.20 19:32:41.735,1.70447,1.70458,1.00,1.18
2014.02.20 19:32:44.387,1.70447,1.70455,1.00,1.00
2014.02.20 19:32:47.125,1.70447,1.70455,1.00,1.88
2014.02.20 19:32:47.328,1.70443,1.70452,2.63,1.38
2014.02.20 19:32:47.379,1.7044,1.70452,1.13,1.45
2014.02.20 19:32:47.581,1.70443,1.70447,1.13,1.00
2014.02.20 19:32:47.683,1.70441,1.7045,1.75,1.00
2014.02.20 19:32:47.784,1.70441,1.7045,1.00,1.00
2014.02.20 19:32:48.139,1.70441,1.70453,1.00,1.55
2014.02.20 19:32:50.298,1.70441,1.70449,1.00,1.00
2014.02.20 19:32:51.020,1.70443,1.70449,1.00,1.00
2014.02.20 19:32:51.537,1.70442,1.70449,1.00,1.00
2014.02.20 19:32:52.943,1.70441,1.70449,1.13,1.00
2014.02.20 19:32:56.737,1.70439,1.70449,1.50,1.00
2014.02.20 19:32:56.838,1.70439,1.70449,1.00,1.48
2014.02.20 19:32:56.940,1.70434,1.70445,1.50,1.20
2014.02.20 19:32:57.042,1.7043,1.70443,1.00,1.20
2014.02.20 19:32:57.245,1.70434,1.70439,1.00,1.10
2014.02.20 19:32:57.346,1.70429,1.70444,1.50,2.70
2014.02.20 19:32:57.888,1.70429,1.70439,1.50,1.00
2014.02.20 19:32:58.586,1.7043,1.70439,1.88,1.00
2014.02.20 19:32:58.687,1.70429,1.70444,3.75,2.03
2014.02.20 19:32:58.900,1.70429,1.7044,3.00,1.00
2014.02.20 19:32:59.422,1.7043,1.7044,1.88,1.00
2014.02.20 19:32:59.988,1.70429,1.7044,1.88,1.00
2014.02.20 19:33:00.291,1.70432,1.7044,1.38,1.00
2014.02.20 19:33:00.595,1.70436,1.70446,4.58,1.00
2014.02.20 19:33:00.646,1.70441,1.70445,1.00,1.00
2014.02.20 19:33:00.798,1.70442,1.7045,1.13,1.13
2014.02.20 19:33:01.505,1.70442,1.70451,1.88,1.13
2014.02.20 19:33:01.606,1.70442,1.70454,1.88,1.13
2014.02.20 19:33:01.657,1.70446,1.70454,1.00,1.13
2014.02.20 19:33:03.532,1.70444,1.70456,1.38,1.00
2014.02.20 19:33:03.952,1.70444,1.70454,1.50,1.00
2014.02.20 19:33:06.241,1.70444,1.70457,1.50,1.50
2014.02.20 19:33:09.245,1.70444,1.70454,2.25,1.00
2014.02.20 19:33:13.823,1.70449,1.70454,1.00,1.00
2014.02.20 19:33:14.076,1.70449,1.70458,1.00,1.00
2014.02.20 19:33:14.178,1.70444,1.70458,2.25,1.00
2014.02.20 19:33:14.279,1.70444,1.70456,1.88,1.00
2014.02.20 19:33:16.854,1.70444,1.70456,1.88,1.00
2014.02.20 19:33:18.262,1.70435,1.70446,1.13,1.48
2014.02.20 19:33:18.313,1.70432,1.70446,1.13,1.48
2014.02.20 19:33:18.857,1.70431,1.70442,1.38,1.00
2014.02.20 19:33:22.051,1.70435,1.70442,1.88,1.00
2014.02.20 19:33:22.356,1.7044,1.70446,2.25,1.00
2014.02.20 19:33:22.458,1.70439,1.70449,1.48,1.00
2014.02.20 19:33:22.561,1.70439,1.70452,1.48,1.00
2014.02.20 19:33:23.334,1.70441,1.70452,1.00,2.63
2014.02.20 19:33:23.385,1.70437,1.70451,1.15,2.25
2014.02.20 19:33:23.538,1.70433,1.70445,1.48,1.13
2014.02.20 19:33:23.640,1.7043,1.70442,2.78,1.00
2014.02.20 19:33:23.844,1.7043,1.70442,2.63,1.00
2014.02.20 19:33:25.227,1.70429,1.70442,3.75,1.00
2014.02.20 19:33:26.185,1.70431,1.70442,1.00,1.00
2014.02.20 19:33:26.438,1.70431,1.70442,1.00,1.08
2014.02.20 19:33:26.489,1.70429,1.70439,1.50,1.10
2014.02.20 19:33:26.731,1.70426,1.70436,1.50,1.00
2014.02.20 19:33:26.992,1.70423,1.70436,1.00,1.13
2014.02.20 19:33:27.042,1.70422,1.70432,1.00,1.00
2014.02.20 19:33:30.618,1.70424,1.70432,1.00,1.00
2014.02.20 19:33:33.763,1.70422,1.70432,1.13,1.00
2014.02.20 19:33:34.596,1.70421,1.70432,1.00,1.00
2014.02.20 19:33:34.648,1.70424,1.70432,1.00,1.00
2014.02.20 19:33:34.902,1.70421,1.70432,1.00,1.00
2014.02.20 19:33:35.215,1.70419,1.70432,2.63,1.00
2014.02.20 19:33:35.417,1.70417,1.70428,1.00,1.38
2014.02.20 19:33:35.519,1.70414,1.70426,1.08,1.13
2014.02.20 19:33:35.571,1.70413,1.70426,1.00,1.88
2014.02.20 19:33:35.673,1.70411,1.70425,1.00,1.00
2014.02.20 19:33:35.724,1.70411,1.70422,1.00,1.00
2014.02.20 19:33:36.254,1.70409,1.70421,1.18,1.00
2014.02.20 19:33:36.559,1.70409,1.70418,1.00,1.00
2014.02.20 19:33:36.711,1.70409,1.7042,1.00,1.00
2014.02.20 19:33:47.312,1.70409,1.70423,1.88,1.20
2014.02.20 19:33:47.493,1.70409,1.70423,1.88,3.08
2014.02.20 19:33:48.193,1.70409,1.70419,1.88,1.00
2014.02.20 19:33:48.572,1.70409,1.70422,1.88,1.00
2014.02.20 19:33:57.572,1.70409,1.70421,1.13,1.00
2014.02.20 19:33:57.898,1.70409,1.70423,1.88,3.08
2014.02.20 19:33:58.437,1.70409,1.70422,1.50,1.88
2014.02.20 19:33:58.952,1.70409,1.70421,1.00,1.00
2014.02.20 19:34:04.273,1.7041,1.70421,1.00,1.00
2014.02.20 19:34:04.779,1.70411,1.70421,1.00,1.00
2014.02.20 19:34:07.247,1.7041,1.70421,1.00,1.00
2014.02.20 19:34:07.501,1.70413,1.70421,1.00,1.00
2014.02.20 19:34:07.718,1.7041,1.70421,1.00,1.00
2014.02.20 19:34:07.972,1.7041,1.70423,1.00,3.00
2014.02.20 19:34:08.327,1.70414,1.70424,1.00,1.38
2014.02.20 19:34:08.580,1.70416,1.70429,1.13,1.08
2014.02.20 19:34:08.631,1.70416,1.70429,1.88,1.00
2014.02.20 19:34:08.682,1.70419,1.70432,1.00,1.15
2014.02.20 19:34:08.942,1.70419,1.70432,1.13,1.10
2014.02.20 19:34:09.696,1.70421,1.70432,1.00,1.10
2014.02.20 19:34:10.253,1.70419,1.70432,1.13,3.45
2014.02.20 19:34:11.228,1.70419,1.7043,1.13,1.00
2014.02.20 19:34:11.532,1.70408,1.70422,1.13,2.40
2014.02.20 19:34:11.583,1.70414,1.70422,1.00,2.40
2014.02.20 19:34:11.684,1.70409,1.70423,1.00,1.53
2014.02.20 19:34:12.283,1.70408,1.70421,1.13,1.18
2014.02.20 19:34:12.958,1.70408,1.70421,1.88,1.08
2014.02.20 19:34:13.161,1.70417,1.70427,1.88,1.00
2014.02.20 19:34:13.414,1.70419,1.70431,1.00,1.48
2014.02.20 19:34:13.617,1.70419,1.70431,1.00,1.10
2014.02.20 19:34:14.150,1.70418,1.70432,1.50,1.18
2014.02.20 19:34:14.872,1.70421,1.70433,1.00,1.15
2014.02.20 19:34:15.168,1.70418,1.70432,1.38,1.18
2014.02.20 19:34:15.430,1.70418,1.70429,1.38,1.00
2014.02.20 19:34:17.295,1.70418,1.70431,1.38,1.58
2014.02.20 19:34:19.466,1.70418,1.70431,1.00,2.03
2014.02.20 19:34:19.719,1.70412,1.70424,1.00,1.45
2014.02.20 19:34:19.922,1.70409,1.70422,1.00,1.18
2014.02.20 19:34:20.074,1.70407,1.70421,1.00,1.65
2014.02.20 19:34:22.822,1.70409,1.70421,1.00,1.65
2014.02.20 19:34:23.227,1.70413,1.70421,1.00,1.00
2014.02.20 19:34:23.430,1.70414,1.70426,1.00,1.00
2014.02.20 19:34:23.531,1.70411,1.70424,1.38,1.00
2014.02.20 19:34:23.835,1.70409,1.70421,1.00,1.55
2014.02.20 19:34:24.426,1.70406,1.70421,1.88,2.03
2014.02.20 19:34:24.528,1.70406,1.70421,2.63,1.55
2014.02.20 19:34:24.832,1.70418,1.7043,1.00,1.13
2014.02.20 19:34:26.092,1.70418,1.70431,1.50,1.00
2014.02.20 19:34:26.710,1.70418,1.70433,1.50,2.03
2014.02.20 19:34:27.261,1.70418,1.70433,1.50,1.88
2014.02.20 19:34:27.330,1.70418,1.70431,1.50,1.00
2014.02.20 19:34:27.673,1.70422,1.70431,1.00,1.00
2014.02.20 19:34:35.789,1.70422,1.70435,1.00,1.50
2014.02.20 19:34:36.068,1.7042,1.70434,1.00,1.20
2014.02.20 19:34:36.556,1.7042,1.70431,1.00,1.00
2014.02.20 19:34:45.243,1.7042,1.70433,1.13,1.88
2014.02.20 19:34:45.445,1.70419,1.7043,1.00,1.00
2014.02.20 19:34:48.386,1.70419,1.70433,1.00,3.00
2014.02.20 19:34:57.216,1.70419,1.70431,1.00,1.88
2014.02.20 19:34:57.744,1.70418,1.70433,1.50,3.90
2014.02.20 19:35:00.273,1.70419,1.70433,1.00,2.03
2014.02.20 19:35:00.781,1.7042,1.70434,1.50,1.38
2014.02.20 19:35:06.050,1.70423,1.70433,1.00,1.00
2014.02.20 19:35:06.588,1.70423,1.70435,1.00,1.50
2014.02.20 19:35:07.053,1.70423,1.70431,1.00,1.00
2014.02.20 19:35:07.357,1.70423,1.70435,1.00,1.50
2014.02.20 19:35:08.042,1.70423,1.70433,1.00,1.00
2014.02.20 19:35:09.086,1.70423,1.70433,1.00,1.38
2014.02.20 19:35:14.197,1.70423,1.70431,1.00,1.00
2014.02.20 19:35:14.703,1.70423,1.70433,1.00,1.48
2014.02.20 19:35:16.452,1.70418,1.70433,1.95,1.88
2014.02.20 19:35:17.427,1.70418,1.70433,1.88,1.95
2014.02.20 19:35:18.034,1.70422,1.70433,1.00,1.38
2014.02.20 19:35:18.489,1.70422,1.70426,1.00,1.00
2014.02.20 19:35:18.692,1.70422,1.70431,1.00,1.00
2014.02.20 19:35:19.527,1.70418,1.70431,1.95,1.00
2014.02.20 19:35:20.517,1.70421,1.70431,1.00,1.00
2014.02.20 19:35:20.746,1.70418,1.70431,1.95,1.00
2014.02.20 19:35:20.847,1.70421,1.70431,1.00,1.00
2014.02.20 19:35:21.654,1.70421,1.70426,1.00,1.00
2014.02.20 19:35:21.756,1.70418,1.70426,1.00,1.00
2014.02.20 19:35:22.018,1.70418,1.70431,1.00,1.58
2014.02.20 19:35:24.264,1.70416,1.7043,1.00,1.00
2014.02.20 19:35:26.315,1.70418,1.7043,1.88,1.00
2014.02.20 19:35:26.820,1.70418,1.70431,2.63,1.20
2014.02.20 19:35:27.369,1.7042,1.70431,2.63,1.10
2014.02.20 19:35:27.471,1.70423,1.70435,1.00,1.50
2014.02.20 19:35:27.834,1.70425,1.70435,1.00,1.00
2014.02.20 19:35:28.352,1.70426,1.70436,1.00,1.50
2014.02.20 19:35:28.879,1.70426,1.70436,1.00,1.00
2014.02.20 19:35:30.904,1.70429,1.70437,1.50,1.00
2014.02.20 19:35:31.108,1.70435,1.70446,1.00,2.25
2014.02.20 19:35:32.572,1.70435,1.70448,1.00,1.10
2014.02.20 19:35:33.283,1.70435,1.70448,1.00,1.48
2014.02.20 19:35:33.588,1.70431,1.70443,1.00,2.78
2014.02.20 19:35:33.841,1.70433,1.70447,1.88,1.20
2014.02.20 19:35:33.943,1.70436,1.70448,1.00,1.50
2014.02.20 19:35:34.468,1.70437,1.70446,1.00,1.00
2014.02.20 19:35:36.565,1.70437,1.70441,1.00,1.00
2014.02.20 19:35:36.667,1.70437,1.70448,1.00,1.13
2014.02.20 19:35:40.452,1.70437,1.7045,1.00,2.40
2014.02.20 19:35:42.089,1.70438,1.7045,1.00,1.65
2014.02.20 19:35:42.596,1.70439,1.70452,1.00,1.20
2014.02.20 19:35:43.187,1.7044,1.70452,1.00,1.20
2014.02.20 19:35:54.136,1.70439,1.70451,1.00,1.50
2014.02.20 19:35:55.874,1.70439,1.70446,1.00,1.50
2014.02.20 19:35:56.127,1.7043,1.70441,1.00,1.50
2014.02.20 19:35:56.991,1.7043,1.7044,1.00,1.38
2014.02.20 19:35:57.732,1.70429,1.7044,1.00,1.38
2014.02.20 19:36:08.495,1.70429,1.7044,3.83,1.10
2014.02.20 19:36:08.800,1.70435,1.70445,1.00,1.13
2014.02.20 19:36:09.104,1.70437,1.70445,1.00,1.13
2014.02.20 19:36:09.369,1.70437,1.70449,1.00,1.00
2014.02.20 19:36:12.867,1.70437,1.70449,1.00,1.38
2014.02.20 19:36:13.171,1.70427,1.7044,1.00,1.48
2014.02.20 19:36:13.475,1.70427,1.70437,1.00,1.00
2014.02.20 19:36:14.137,1.70427,1.70437,1.38,1.00
2014.02.20 19:36:14.512,1.70427,1.70441,1.00,1.28
2014.02.20 19:36:15.199,1.70427,1.70441,1.13,1.18
2014.02.20 19:36:16.836,1.70427,1.70441,2.63,1.18
2014.02.20 19:36:17.645,1.70428,1.70441,1.88,1.18
2014.02.20 19:36:18.149,1.7043,1.70441,1.00,1.18
2014.02.20 19:36:18.301,1.70433,1.70443,1.00,1.08
2014.02.20 19:36:18.604,1.70443,1.70451,1.00,1.00
2014.02.20 19:36:18.756,1.70441,1.70451,1.00,1.00
2014.02.20 19:36:19.694,1.70442,1.70451,2.63,1.00
2014.02.20 19:36:19.796,1.70443,1.70456,1.13,1.18
2014.02.20 19:36:20.049,1.70444,1.70457,1.00,1.00
2014.02.20 19:36:20.202,1.70445,1.70455,1.00,1.00
2014.02.20 19:36:20.455,1.70439,1.70452,1.45,1.00
2014.02.20 19:36:21.217,1.70439,1.70452,1.00,1.00
2014.02.20 19:36:21.734,1.70439,1.70453,1.00,3.00
2014.02.20 19:36:22.284,1.70439,1.70453,1.00,3.38
2014.02.20 19:36:22.815,1.70439,1.70451,1.00,1.00
2014.02.20 19:36:23.360,1.70439,1.70453,1.13,3.15
2014.02.20 19:36:23.682,1.70439,1.70453,1.38,1.55
2014.02.20 19:36:23.985,1.70439,1.70452,1.00,2.40
2014.02.20 19:36:24.087,1.70439,1.70449,1.00,1.00
2014.02.20 19:36:24.734,1.70436,1.70449,1.00,1.10
2014.02.20 19:36:24.786,1.70436,1.70446,1.00,1.00
2014.02.20 19:36:25.312,1.70436,1.70447,1.00,1.00
2014.02.20 19:36:31.643,1.70433,1.70447,1.28,1.00
2014.02.20 19:36:32.902,1.70433,1.70448,1.55,1.00
2014.02.20 19:36:34.513,1.70435,1.70448,1.88,1.00
2014.02.20 19:36:34.817,1.70438,1.70448,1.00,1.00
2014.02.20 19:36:34.870,1.70438,1.70451,1.50,2.63
2014.02.20 19:36:35.123,1.70438,1.70453,2.25,1.58
2014.02.20 19:36:35.636,1.7044,1.70453,1.13,1.00
2014.02.20 19:36:36.078,1.70443,1.70453,1.00,1.00
2014.02.20 19:36:37.727,1.70439,1.70453,1.88,1.13
2014.02.20 19:36:42.220,1.70439,1.70453,1.50,1.00
2014.02.20 19:36:42.272,1.70442,1.70451,1.00,1.00
2014.02.20 19:36:57.423,1.70442,1.7045,1.00,1.88
2014.02.20 19:37:01.030,1.70436,1.7045,1.28,3.38
2014.02.20 19:37:01.232,1.70431,1.7044,1.00,1.88
2014.02.20 19:37:01.862,1.70431,1.70439,1.00,1.88
2014.02.20 19:37:01.913,1.70427,1.70439,1.13,1.88
2014.02.20 19:37:02.207,1.70428,1.70442,3.00,1.18
2014.02.20 19:37:02.410,1.70435,1.70448,1.00,1.50
2014.02.20 19:37:02.815,1.70435,1.7045,1.95,1.88
2014.02.20 19:37:02.916,1.70439,1.7045,1.00,1.13
2014.02.20 19:37:08.705,1.7044,1.7045,1.88,1.00
2014.02.20 19:37:09.010,1.70447,1.70458,1.00,1.85
2014.02.20 19:37:09.061,1.70447,1.7046,1.00,1.90
2014.02.20 19:37:09.214,1.70449,1.7046,1.00,1.48
2014.02.20 19:37:09.519,1.70452,1.70464,1.50,1.38
2014.02.20 19:37:10.181,1.70453,1.70466,1.00,1.00
2014.02.20 19:37:10.629,1.70454,1.70461,1.50,1.00
2014.02.20 19:37:23.177,1.70454,1.70466,1.00,1.65
2014.02.20 19:37:23.227,1.70451,1.70462,1.50,1.55
2014.02.20 19:37:23.329,1.70449,1.7046,2.63,1.18
2014.02.20 19:37:23.975,1.70448,1.70461,1.00,1.58
2014.02.20 19:37:24.026,1.7045,1.70461,1.88,1.00
2014.02.20 19:37:24.228,1.70453,1.70466,1.50,1.00
2014.02.20 19:37:24.739,1.70454,1.70467,1.00,1.13
2014.02.20 19:37:25.490,1.70454,1.70466,1.00,1.00
2014.02.20 19:37:25.692,1.70453,1.70463,1.38,1.00
2014.02.20 19:37:25.794,1.70453,1.70466,1.38,1.13
2014.02.20 19:37:26.332,1.70453,1.70466,1.00,1.00
2014.02.20 19:37:26.585,1.70453,1.70468,1.38,1.10
2014.02.20 19:37:41.943,1.70454,1.70468,1.88,1.00
2014.02.20 19:37:48.063,1.70455,1.70466,1.00,1.00
2014.02.20 19:37:48.272,1.70455,1.70468,1.00,1.00
2014.02.20 19:37:57.465,1.70454,1.70468,1.88,1.00
2014.02.20 19:38:00.903,1.70455,1.70468,1.00,1.00
2014.02.20 19:38:04.912,1.70454,1.70468,1.50,1.00
2014.02.20 19:38:06.638,1.70454,1.70466,1.50,1.00
2014.02.20 19:38:10.599,1.70454,1.70468,2.25,1.00
2014.02.20 19:38:10.867,1.70454,1.70466,1.50,1.00
2014.02.20 19:38:11.426,1.70455,1.70466,1.00,1.00
2014.02.20 19:38:22.711,1.70455,1.70465,1.00,1.00
2014.02.20 19:38:23.355,1.70455,1.70466,1.00,1.00
2014.02.20 19:38:29.530,1.70455,1.70466,1.00,1.38
2014.02.20 19:38:29.734,1.70452,1.70465,1.13,1.20
2014.02.20 19:38:42.171,1.70454,1.70465,1.00,1.20
2014.02.20 19:38:42.474,1.70454,1.70467,1.13,1.58
2014.02.20 19:38:46.044,1.70454,1.70462,1.00,1.00
2014.02.20 19:38:46.349,1.7045,1.70457,1.00,1.00
2014.02.20 19:38:46.458,1.70447,1.70457,1.00,1.00
2014.02.20 19:38:50.659,1.70447,1.70457,1.00,1.88
2014.02.20 19:38:50.862,1.70444,1.70453,1.00,1.00
2014.02.20 19:38:50.963,1.70444,1.70451,1.00,1.00
2014.02.20 19:38:51.065,1.70441,1.70451,1.00,1.00
2014.02.20 19:38:51.166,1.70438,1.70451,1.00,1.00
2014.02.20 19:38:52.405,1.70438,1.70451,1.00,1.38
2014.02.20 19:38:53.587,1.70438,1.70449,1.00,1.00
2014.02.20 19:38:55.077,1.70438,1.70446,1.00,1.00
2014.02.20 19:38:56.131,1.70433,1.70446,1.00,1.88
2014.02.20 19:38:56.232,1.70435,1.70446,1.00,2.25
2014.02.20 19:38:56.761,1.70435,1.70446,1.00,1.00
2014.02.20 19:38:57.075,1.70435,1.70446,1.00,1.75
2014.02.20 19:38:57.437,1.70435,1.70441,1.00,1.00
2014.02.20 19:38:59.011,1.7043,1.70441,1.10,1.00
2014.02.20 19:39:01.132,1.7043,1.70443,1.10,1.13
2014.02.20 19:39:01.335,1.70434,1.70444,1.00,1.13
2014.02.20 19:39:01.689,1.70434,1.7044,1.00,1.00
2014.02.20 19:39:01.994,1.70427,1.70436,1.00,1.00
2014.02.20 19:39:02.095,1.70425,1.70436,1.00,1.00
2014.02.20 19:39:02.330,1.70427,1.70436,1.00,1.00
2014.02.20 19:39:02.855,1.70427,1.70437,1.00,1.00
2014.02.20 19:39:03.058,1.70425,1.70437,1.00,1.00
2014.02.20 19:39:17.411,1.70425,1.70438,1.13,1.00
2014.02.20 19:39:17.462,1.70425,1.70438,2.63,1.00
2014.02.20 19:39:18.171,1.70428,1.70438,1.00,1.00
2014.02.20 19:39:23.210,1.70428,1.70437,1.00,1.00
2014.02.20 19:39:23.514,1.70424,1.7043,1.13,1.00
2014.02.20 19:39:23.615,1.70421,1.70431,1.00,1.50
2014.02.20 19:39:23.666,1.70421,1.70431,1.38,1.00
2014.02.20 19:39:23.970,1.70421,1.70433,1.00,1.93
2014.02.20 19:39:24.528,1.70421,1.70434,2.63,1.88
2014.02.20 19:39:25.068,1.70422,1.70434,2.25,1.50
2014.02.20 19:39:25.220,1.70425,1.70434,2.63,1.00
2014.02.20 19:39:25.322,1.70424,1.70434,1.00,1.10
2014.02.20 19:39:25.475,1.70423,1.70431,1.13,1.00
2014.02.20 19:39:25.577,1.70421,1.70436,3.38,2.03
2014.02.20 19:39:25.779,1.70424,1.70432,1.13,1.00
2014.02.20 19:39:25.881,1.70421,1.70432,1.38,1.00
2014.02.20 19:39:25.982,1.70422,1.70432,3.38,1.00
2014.02.20 19:39:26.084,1.70421,1.70431,2.70,1.00
2014.02.20 19:39:26.236,1.70421,1.70433,2.63,1.13
2014.02.20 19:39:26.753,1.70421,1.70433,1.13,1.13
2014.02.20 19:39:27.287,1.70421,1.70433,1.00,1.38
2014.02.20 19:39:27.439,1.7042,1.7043,1.95,1.00
2014.02.20 19:39:27.541,1.70421,1.70434,1.00,2.03
2014.02.20 19:39:27.895,1.7042,1.7043,1.85,1.00
2014.02.20 19:39:27.997,1.70421,1.70434,1.38,1.00
2014.02.20 19:39:28.351,1.70418,1.70433,1.88,1.58
2014.02.20 19:39:28.503,1.70418,1.70433,1.88,2.78
2014.02.20 19:39:29.292,1.70418,1.70433,2.70,1.08
2014.02.20 19:39:29.798,1.70419,1.70433,1.00,1.20
2014.02.20 19:39:30.051,1.70419,1.70433,1.00,2.33
2014.02.20 19:39:30.638,1.70421,1.70433,1.00,2.33
2014.02.20 19:39:32.401,1.70416,1.70431,1.88,2.78
2014.02.20 19:39:32.986,1.70416,1.70431,1.88,2.78
2014.02.20 19:39:33.736,1.70415,1.70428,2.33,1.13
2014.02.20 19:39:34.426,1.70415,1.70428,1.95,1.13
2014.02.20 19:39:37.517,1.70415,1.70428,1.85,1.00
2014.02.20 19:39:38.023,1.70421,1.70431,1.00,1.50
2014.02.20 19:39:38.530,1.70419,1.70431,3.75,1.00
2014.02.20 19:39:38.945,1.70419,1.70429,1.13,1.00
2014.02.20 19:39:39.097,1.70414,1.70428,1.88,1.00
2014.02.20 19:39:39.250,1.70419,1.70428,1.00,1.00
2014.02.20 19:39:39.789,1.70419,1.70429,1.13,1.00
2014.02.20 19:39:40.099,1.70419,1.70429,3.00,1.00
2014.02.20 19:39:40.453,1.7042,1.70433,1.95,1.00
2014.02.20 19:39:40.968,1.7042,1.70433,1.95,1.00
2014.02.20 19:39:41.744,1.70422,1.70433,1.88,1.00
2014.02.20 19:39:41.947,1.70421,1.70434,2.25,1.50
2014.02.20 19:39:42.468,1.70419,1.70434,3.00,1.50
2014.02.20 19:39:42.989,1.7042,1.70434,1.13,1.00
2014.02.20 19:39:43.227,1.70422,1.70434,1.88,1.00
2014.02.20 19:39:45.291,1.70423,1.70431,1.00,1.20
2014.02.20 19:39:45.595,1.70413,1.70425,1.13,1.00
2014.02.20 19:39:47.128,1.70412,1.70425,1.88,1.00
2014.02.20 19:39:47.703,1.70412,1.70425,1.88,1.00
2014.02.20 19:39:49.547,1.70412,1.70425,1.88,1.00
2014.02.20 19:39:50.184,1.70412,1.70425,1.88,1.00
2014.02.20 19:39:50.543,1.70416,1.70426,1.00,1.00
2014.02.20 19:39:52.425,1.70413,1.70426,1.20,1.00
2014.02.20 19:39:54.149,1.70413,1.70426,1.10,2.25
2014.02.20 19:39:54.200,1.70413,1.70421,1.10,1.00
2014.02.20 19:39:54.505,1.7041,1.7042,1.38,1.00
2014.02.20 19:39:54.556,1.70412,1.70424,1.88,1.00
2014.02.20 19:39:54.607,1.70412,1.70419,1.88,1.00
2014.02.20 19:39:54.709,1.70412,1.70426,3.53,1.50
2014.02.20 19:39:55.214,1.70415,1.70426,1.00,1.50
2014.02.20 19:39:55.866,1.70415,1.70426,1.00,1.00
2014.02.20 19:40:16.316,1.70415,1.70428,2.63,1.00
2014.02.20 19:40:21.269,1.70416,1.70428,1.88,1.00
2014.02.20 19:40:21.798,1.70417,1.70428,1.00,1.00
2014.02.20 19:40:29.336,1.70417,1.70426,1.88,1.00
2014.02.20 19:40:30.926,1.70419,1.70426,1.88,1.50
2014.02.20 19:40:32.470,1.70418,1.70426,1.88,1.00
2014.02.20 19:40:33.144,1.70417,1.70426,1.88,1.00
2014.02.20 19:40:40.939,1.70416,1.70426,1.88,1.00
2014.02.20 19:40:42.758,1.70417,1.70426,1.88,1.00
2014.02.20 19:40:42.860,1.70417,1.70428,1.88,1.50
2014.02.20 19:40:46.502,1.70418,1.70428,1.88,1.50
2014.02.20 19:40:53.964,1.70417,1.70428,1.88,1.50
2014.02.20 19:40:57.240,1.70418,1.70428,1.88,1.50
2014.02.20 19:41:00.741,1.70417,1.70428,1.88,1.00
2014.02.20 19:41:02.043,1.70417,1.7043,2.63,1.10
2014.02.20 19:41:02.144,1.70424,1.70431,1.00,1.00
2014.02.20 19:41:02.245,1.70425,1.70434,1.88,1.50
2014.02.20 19:41:02.549,1.70425,1.70438,1.88,1.00
2014.02.20 19:41:03.056,1.70426,1.70439,1.88,1.00
2014.02.20 19:41:03.723,1.7043,1.70439,1.88,1.00
2014.02.20 19:41:04.354,1.7043,1.70441,1.88,1.00
2014.02.20 19:41:05.229,1.7043,1.70442,1.88,1.50
2014.02.20 19:41:09.628,1.70429,1.70442,1.00,1.50
2014.02.20 19:41:11.055,1.70429,1.70442,1.38,1.50
2014.02.20 19:41:11.373,1.70434,1.70442,1.88,1.00
2014.02.20 19:41:11.627,1.70439,1.70448,1.50,1.00
2014.02.20 19:41:11.729,1.70439,1.70451,1.50,1.00
2014.02.20 19:41:28.498,1.70439,1.70451,1.88,1.18
2014.02.20 19:41:29.238,1.70439,1.70448,1.13,1.00
2014.02.20 19:41:32.106,1.70438,1.70448,1.00,1.00
2014.02.20 19:41:32.411,1.70431,1.7044,1.00,1.10
2014.02.20 19:41:32.563,1.70427,1.7044,1.38,1.10
2014.02.20 19:41:32.615,1.70427,1.70438,1.38,1.10
2014.02.20 19:41:38.735,1.70427,1.70441,1.38,1.10
2014.02.20 19:41:49.163,1.70431,1.70441,2.63,1.10
2014.02.20 19:41:49.468,1.70445,1.70455,1.88,1.50
2014.02.20 19:41:49.519,1.70445,1.70453,1.88,1.00
2014.02.20 19:41:49.620,1.70444,1.70457,1.00,1.13
2014.02.20 19:41:52.975,1.70445,1.70458,1.88,1.48
2014.02.20 19:41:53.489,1.70444,1.70458,3.38,1.48
2014.02.20 19:41:57.758,1.70444,1.70456,1.00,1.00
2014.02.20 19:41:58.621,1.70445,1.70456,1.88,1.00
2014.02.20 19:42:00.048,1.70445,1.70458,2.25,1.10
2014.02.20 19:42:00.794,1.70444,1.70457,1.50,1.00
2014.02.20 19:42:02.287,1.70445,1.70459,1.00,1.28
2014.02.20 19:42:03.105,1.70444,1.70457,1.50,1.00
2014.02.20 19:42:05.010,1.70444,1.70455,1.50,1.00
2014.02.20 19:42:06.874,1.70444,1.70457,3.38,1.00
2014.02.20 19:42:07.151,1.70446,1.70457,1.88,1.00
2014.02.20 19:42:07.354,1.70446,1.70459,1.88,1.13
2014.02.20 19:42:08.056,1.70445,1.70459,2.63,1.13
2014.02.20 19:42:08.569,1.70445,1.70459,2.63,1.20
2014.02.20 19:42:09.281,1.70446,1.70459,1.88,1.28
2014.02.20 19:42:10.647,1.70446,1.70456,1.88,1.00
2014.02.20 19:42:12.023,1.70445,1.70456,2.63,1.00
2014.02.20 19:42:13.068,1.70445,1.70459,1.00,2.03
2014.02.20 19:42:13.599,1.70445,1.70456,1.00,1.00
2014.02.20 19:42:15.095,1.70446,1.70456,1.88,1.00
2014.02.20 19:42:15.247,1.70449,1.70461,1.00,1.95
2014.02.20 19:42:18.413,1.70449,1.70459,1.50,1.00
2014.02.20 19:42:19.324,1.70449,1.70463,1.50,1.20
2014.02.20 19:42:20.600,1.70449,1.70459,1.50,1.00
2014.02.20 19:42:22.358,1.70451,1.70459,1.00,1.00
2014.02.20 19:42:23.342,1.70449,1.70459,3.75,1.00
2014.02.20 19:42:24.740,1.70449,1.70459,2.25,1.00
2014.02.20 19:42:25.945,1.70449,1.70459,3.75,1.00
2014.02.20 19:42:26.097,1.70451,1.70459,1.00,1.00
2014.02.20 19:42:28.610,1.70449,1.70459,3.75,1.00
2014.02.20 19:42:29.826,1.70451,1.70459,1.00,1.00
2014.02.20 19:42:32.955,1.70452,1.70459,1.88,1.00
2014.02.20 19:42:34.682,1.70451,1.70459,2.63,1.00
2014.02.20 19:42:35.280,1.7045,1.70459,1.88,1.00
2014.02.20 19:42:39.268,1.70449,1.70459,3.75,1.00
2014.02.20 19:42:47.230,1.7045,1.70459,1.88,1.00
2014.02.20 19:42:49.330,1.70449,1.70459,3.75,1.00
2014.02.20 19:42:49.939,1.7045,1.70459,1.88,1.00
2014.02.20 19:42:52.023,1.70449,1.70459,2.25,1.00
2014.02.20 19:42:52.328,1.70445,1.70457,1.38,1.85
2014.02.20 19:42:52.379,1.70445,1.70457,1.38,2.33
2014.02.20 19:42:52.480,1.70445,1.70453,1.38,1.00
2014.02.20 19:42:52.821,1.70444,1.70453,1.00,1.00
2014.02.20 19:43:03.393,1.70443,1.70451,1.88,1.00
2014.02.20 19:43:03.595,1.70444,1.70453,2.63,1.00
2014.02.20 19:43:11.746,1.70445,1.70453,1.88,1.00
2014.02.20 19:43:13.602,1.70444,1.70453,2.63,1.00
2014.02.20 19:43:13.703,1.70444,1.70456,2.63,1.13
2014.02.20 19:43:18.005,1.70443,1.70454,1.88,1.00
2014.02.20 19:43:18.429,1.70451,1.70462,2.25,1.10
2014.02.20 19:43:18.581,1.70451,1.70462,2.25,1.00
2014.02.20 19:43:18.632,1.70451,1.70459,2.25,1.00
2014.02.20 19:43:18.734,1.70452,1.70462,1.88,1.00
2014.02.20 19:43:19.085,1.70452,1.70462,1.88,1.38
2014.02.20 19:43:19.187,1.70449,1.70458,1.13,1.00
2014.02.20 19:43:19.238,1.70447,1.70456,1.10,1.38
2014.02.20 19:43:19.340,1.70442,1.70453,1.00,1.28
2014.02.20 19:43:19.391,1.70442,1.70448,1.00,1.00
2014.02.20 19:43:19.442,1.70438,1.70448,1.00,1.00
2014.02.20 19:43:20.100,1.70438,1.70446,1.00,1.00
2014.02.20 19:43:20.151,1.70436,1.70446,1.00,1.00
2014.02.20 19:43:20.202,1.70434,1.70446,1.88,1.58
2014.02.20 19:43:20.436,1.70434,1.70444,1.88,1.00
2014.02.20 19:43:20.926,1.70436,1.70444,1.88,1.00
2014.02.20 19:43:21.736,1.70436,1.70446,1.88,1.00
2014.02.20 19:43:22.295,1.70438,1.70446,1.88,1.00
2014.02.20 19:43:26.434,1.70437,1.70446,2.25,1.00
2014.02.20 19:43:28.255,1.70438,1.70446,1.88,1.00
2014.02.20 19:43:28.759,1.70438,1.70447,1.88,1.10
2014.02.20 19:43:32.817,1.70438,1.7045,1.88,2.40
2014.02.20 19:43:32.868,1.70438,1.7045,1.88,2.33
2014.02.20 19:43:33.485,1.70437,1.7045,2.63,1.58
2014.02.20 19:43:36.736,1.70437,1.70449,2.63,1.00
2014.02.20 19:43:38.138,1.70437,1.7045,2.25,1.58
2014.02.20 19:43:38.418,1.70437,1.70449,2.25,1.18
2014.02.20 19:44:00.588,1.70438,1.70449,1.88,1.18
2014.02.20 19:44:01.107,1.70436,1.70449,2.25,1.18
2014.02.20 19:44:11.628,1.70438,1.70449,1.00,1.18
2014.02.20 19:44:12.151,1.70439,1.7045,1.00,1.15
2014.02.20 19:44:12.789,1.70436,1.7045,3.00,1.65
2014.02.20 19:44:14.712,1.70436,1.70446,3.00,1.00
2014.02.20 19:44:14.967,1.70436,1.7045,3.00,1.58
2014.02.20 19:44:16.606,1.70436,1.7045,1.38,1.58
2014.02.20 19:44:17.150,1.70435,1.7045,1.13,1.65
2014.02.20 19:44:17.958,1.70435,1.70447,1.00,1.08
2014.02.20 19:44:18.263,1.70432,1.70444,2.25,1.08
2014.02.20 19:44:18.618,1.70432,1.70441,1.38,1.00
2014.02.20 19:44:18.987,1.70429,1.70441,2.63,1.00
2014.02.20 19:44:19.841,1.7043,1.70441,1.00,1.00
2014.02.20 19:44:20.044,1.70431,1.70444,1.88,1.50
2014.02.20 19:44:20.597,1.7043,1.70444,1.88,1.65
2014.02.20 19:44:22.867,1.70434,1.70444,1.00,1.95
2014.02.20 19:44:23.172,1.70434,1.70447,1.50,1.50
2014.02.20 19:44:23.680,1.70434,1.70446,1.00,1.00
2014.02.20 19:44:23.832,1.70443,1.70448,1.00,1.20
2014.02.20 19:44:24.239,1.70443,1.70448,1.00,1.95
2014.02.20 19:44:26.162,1.70434,1.70448,2.63,1.95
2014.02.20 19:44:26.264,1.70433,1.70446,3.75,1.00
2014.02.20 19:44:26.771,1.70434,1.70446,1.00,1.00
2014.02.20 19:44:28.136,1.70434,1.70446,1.00,1.48
2014.02.20 19:44:28.237,1.70431,1.70444,3.00,1.08
2014.02.20 19:44:28.541,1.70429,1.70441,1.88,1.00
2014.02.20 19:44:28.643,1.70429,1.70441,1.00,1.00
2014.02.20 19:44:30.641,1.7043,1.70441,1.88,1.00
2014.02.20 19:44:32.272,1.7043,1.70444,1.88,1.58
2014.02.20 19:44:32.475,1.70432,1.70444,1.88,1.58
2014.02.20 19:44:32.976,1.70431,1.70444,1.88,1.58
2014.02.20 19:44:35.738,1.70432,1.70444,1.88,1.58
2014.02.20 19:44:39.626,1.70433,1.70444,1.88,1.58
2014.02.20 19:44:40.235,1.70432,1.70444,1.88,1.58
2014.02.20 19:44:42.212,1.70431,1.70444,1.88,1.58
2014.02.20 19:44:42.733,1.70431,1.70441,1.88,1.50
2014.02.20 19:44:43.884,1.70432,1.70441,1.88,1.00
2014.02.20 19:44:46.643,1.70432,1.70441,2.25,1.00
2014.02.20 19:44:46.796,1.70432,1.70443,2.25,1.00
2014.02.20 19:44:46.950,1.70432,1.70443,1.88,1.00
2014.02.20 19:44:47.526,1.70433,1.70443,1.88,1.00
2014.02.20 19:44:48.083,1.70434,1.70444,1.88,1.58
2014.02.20 19:44:48.613,1.70435,1.70444,1.88,1.50
2014.02.20 19:44:49.153,1.70436,1.70444,1.88,1.00
2014.02.20 19:44:49.809,1.70435,1.70444,1.88,1.00
2014.02.20 19:44:50.525,1.70436,1.70444,1.88,1.00
2014.02.20 19:44:50.727,1.70436,1.70446,1.88,1.58
2014.02.20 19:44:58.107,1.70437,1.70446,1.88,1.10
2014.02.20 19:44:58.614,1.70436,1.70446,1.88,1.10
2014.02.20 19:45:00.153,1.70434,1.70446,1.00,1.10
2014.02.20 19:45:01.092,1.70435,1.70446,1.88,1.58
2014.02.20 19:45:01.681,1.70436,1.70446,1.88,1.58
2014.02.20 19:45:02.495,1.70435,1.70446,1.88,1.58
2014.02.20 19:45:04.995,1.70436,1.70446,1.88,1.00
2014.02.20 19:45:08.863,1.70438,1.70446,1.88,1.50
2014.02.20 19:45:09.168,1.70444,1.70448,1.00,1.00
2014.02.20 19:45:09.270,1.70451,1.70461,2.25,1.63
2014.02.20 19:45:09.371,1.70451,1.70455,1.88,1.00
2014.02.20 19:45:09.523,1.70451,1.7046,2.63,1.20
2014.02.20 19:45:09.574,1.70455,1.7046,1.88,1.00
2014.02.20 19:45:09.625,1.70455,1.70465,1.88,1.00
2014.02.20 19:45:09.676,1.70452,1.70466,2.63,2.33
2014.02.20 19:45:09.778,1.70452,1.70464,2.63,1.00
2014.02.20 19:45:10.279,1.70454,1.70464,1.88,1.50
2014.02.20 19:45:10.586,1.70454,1.70461,1.88,1.00
2014.02.20 19:45:11.501,1.70453,1.70461,1.88,1.00
2014.02.20 19:45:12.212,1.70452,1.70461,2.25,1.00
2014.02.20 19:45:13.915,1.7045,1.70461,3.00,1.00
2014.02.20 19:45:14.385,1.7045,1.70459,1.88,1.38
2014.02.20 19:45:14.435,1.70446,1.70459,1.48,1.50
2014.02.20 19:45:14.537,1.70443,1.70456,4.88,1.13
2014.02.20 19:45:14.690,1.70446,1.70456,1.00,1.18
2014.02.20 19:45:14.792,1.70449,1.70459,1.00,1.58
2014.02.20 19:45:29.910,1.70449,1.70458,1.00,1.00
2014.02.20 19:45:30.012,1.70446,1.70451,1.38,1.13
2014.02.20 19:45:30.319,1.70439,1.70446,1.38,1.10
2014.02.20 19:45:30.422,1.70433,1.70446,1.13,1.10
2014.02.20 19:45:31.472,1.70432,1.70446,1.88,1.95
2014.02.20 19:45:31.625,1.70434,1.70446,1.00,1.95
2014.02.20 19:45:32.175,1.70432,1.70446,1.88,1.95
2014.02.20 19:45:33.600,1.70434,1.70446,2.25,2.63
2014.02.20 19:45:33.904,1.70446,1.7045,1.00,1.00
2014.02.20 19:45:33.955,1.70442,1.70451,1.24,1.00
2014.02.20 19:45:34.006,1.70449,1.7046,1.00,1.88
2014.02.20 19:45:34.107,1.70449,1.7046,1.00,1.50
2014.02.20 19:45:34.158,1.70445,1.7046,2.25,1.50
2014.02.20 19:45:34.663,1.70446,1.70459,1.88,1.00
2014.02.20 19:45:34.917,1.70446,1.70459,3.15,1.00
2014.02.20 19:45:35.018,1.70448,1.70462,3.00,1.00
2014.02.20 19:45:35.221,1.70448,1.7046,2.63,1.00
2014.02.20 19:45:38.288,1.70449,1.70461,1.00,1.13
2014.02.20 19:45:39.848,1.70449,1.7046,1.00,1.00
2014.02.20 19:45:40.246,1.70451,1.7046,1.88,1.00
2014.02.20 19:45:40.550,1.70453,1.70462,1.88,1.00
2014.02.20 19:45:41.112,1.70451,1.70463,1.88,1.00
2014.02.20 19:45:41.634,1.70449,1.70463,3.90,1.00
2014.02.20 19:45:42.242,1.70451,1.70463,1.00,1.00
2014.02.20 19:45:43.393,1.70451,1.70463,1.00,1.88
2014.02.20 19:45:43.495,1.70451,1.7046,1.13,1.00
2014.02.20 19:45:44.053,1.70449,1.70459,1.38,1.00
2014.02.20 19:45:44.764,1.70446,1.70459,2.63,1.00
2014.02.20 19:45:44.866,1.70446,1.70459,2.63,1.00
2014.02.20 19:45:45.374,1.70448,1.70459,1.13,1.00
2014.02.20 19:45:46.443,1.70447,1.70459,1.88,1.00
2014.02.20 19:45:46.532,1.70449,1.70459,1.00,1.00
2014.02.20 19:45:48.296,1.70446,1.70458,1.00,1.00
2014.02.20 19:45:50.484,1.70447,1.70458,1.88,1.00
2014.02.20 19:45:50.946,1.7045,1.70458,1.88,1.00
2014.02.20 19:45:50.997,1.7045,1.70461,1.88,1.50
2014.02.20 19:45:51.503,1.70449,1.70461,3.38,1.00
2014.02.20 19:45:56.230,1.7045,1.70461,1.00,1.00
2014.02.20 19:45:56.635,1.70452,1.70461,1.10,1.00
2014.02.20 19:45:56.896,1.70449,1.70461,1.95,1.00
2014.02.20 19:45:57.048,1.7045,1.70461,1.20,1.00
2014.02.20 19:45:57.659,1.70449,1.70461,2.25,1.00
2014.02.20 19:46:00.346,1.70449,1.70461,1.13,1.45
2014.02.20 19:46:00.599,1.70442,1.70451,1.00,1.13
2014.02.20 19:46:00.754,1.70439,1.7045,1.50,1.00
2014.02.20 19:46:00.907,1.70439,1.70451,1.50,2.33
2014.02.20 19:46:00.957,1.70436,1.70449,1.00,1.38
2014.02.20 19:46:01.008,1.70436,1.70449,1.00,1.85
2014.02.20 19:46:01.160,1.7043,1.70444,2.78,1.00
2014.02.20 19:46:03.382,1.7043,1.70444,1.18,1.00
2014.02.20 19:46:03.686,1.70435,1.70448,1.38,1.00
2014.02.20 19:46:03.787,1.70436,1.7045,1.38,1.13
2014.02.20 19:46:06.108,1.70436,1.7045,1.38,1.00
2014.02.20 19:46:06.211,1.70439,1.70451,1.53,1.00
2014.02.20 19:46:06.465,1.70444,1.70458,1.50,1.50
2014.02.20 19:46:12.749,1.70444,1.70456,2.63,1.00
2014.02.20 19:46:12.851,1.70443,1.70456,1.00,1.88
2014.02.20 19:46:12.953,1.70443,1.70453,1.00,1.00
2014.02.20 19:46:13.257,1.70438,1.7045,1.38,1.00
2014.02.20 19:46:13.615,1.70438,1.70446,1.13,1.00
2014.02.20 19:46:16.651,1.70438,1.7045,1.38,1.00
2014.02.20 19:46:19.690,1.70439,1.70452,1.38,1.20
2014.02.20 19:46:19.994,1.70446,1.7046,4.28,1.50
2014.02.20 19:46:20.298,1.70448,1.70456,1.13,1.00
2014.02.20 19:46:20.399,1.70446,1.7046,1.95,1.00
2014.02.20 19:46:20.925,1.70447,1.70461,1.00,1.88
2014.02.20 19:46:23.448,1.70448,1.70461,1.00,1.13
2014.02.20 19:46:23.984,1.70448,1.7046,1.00,1.00
2014.02.20 19:46:24.337,1.70448,1.70455,1.00,1.00
2014.02.20 19:46:25.758,1.70448,1.7046,1.00,1.00
2014.02.20 19:46:28.967,1.70448,1.70459,1.00,2.25
2014.02.20 19:46:29.221,1.70441,1.70453,1.00,1.00
2014.02.20 19:46:30.421,1.70438,1.70453,1.50,1.88
2014.02.20 19:46:30.742,1.70438,1.70453,1.50,1.88
2014.02.20 19:46:35.924,1.70438,1.7045,1.00,2.63
2014.02.20 19:46:36.227,1.70438,1.70444,1.00,1.00
2014.02.20 19:46:36.278,1.70433,1.70444,1.00,1.00
2014.02.20 19:46:36.481,1.70431,1.70444,1.13,1.13
2014.02.20 19:46:37.490,1.70431,1.70444,1.00,1.38
2014.02.20 19:46:38.005,1.70431,1.70444,1.00,1.38
2014.02.20 19:46:39.761,1.70431,1.70444,1.00,1.13
2014.02.20 19:46:40.017,1.70431,1.70444,1.00,1.38
2014.02.20 19:46:43.389,1.70429,1.70442,1.50,1.13
2014.02.20 19:46:43.984,1.70429,1.70441,1.00,1.00
2014.02.20 19:46:46.573,1.70431,1.70441,2.25,1.00
2014.02.20 19:46:47.079,1.70434,1.70441,1.00,1.00
2014.02.20 19:46:49.101,1.70429,1.70441,1.00,1.00
2014.02.20 19:46:50.803,1.70429,1.70441,1.08,1.00
2014.02.20 19:46:50.860,1.70432,1.70441,1.88,1.00
2014.02.20 19:46:51.013,1.70435,1.70444,1.88,1.50
2014.02.20 19:46:51.418,1.70433,1.70447,1.88,2.33
2014.02.20 19:46:51.621,1.70433,1.70442,1.88,1.00
2014.02.20 19:46:51.672,1.70429,1.70441,1.00,1.00
2014.02.20 19:46:54.630,1.70431,1.70441,1.88,1.00
2014.02.20 19:46:54.933,1.7043,1.70441,2.63,1.00
2014.02.20 19:46:55.453,1.70431,1.70441,1.00,1.00
2014.02.20 19:46:55.554,1.70434,1.70441,1.00,1.00
2014.02.20 19:46:55.808,1.70434,1.70444,2.63,1.00
2014.02.20 19:46:56.133,1.70434,1.70447,2.70,1.88
2014.02.20 19:46:56.651,1.70432,1.70445,1.15,1.00
2014.02.20 19:46:59.211,1.70433,1.70446,2.03,1.00
2014.02.20 19:46:59.902,1.70433,1.70447,2.03,1.50
2014.02.20 19:47:04.541,1.70439,1.70447,1.00,1.50
2014.02.20 19:47:04.795,1.70434,1.70447,2.33,1.00
2014.02.20 19:47:05.301,1.70434,1.70448,1.85,1.13
2014.02.20 19:47:05.909,1.70434,1.70448,1.10,1.00
2014.02.20 19:47:06.531,1.70433,1.70444,1.18,1.00
2014.02.20 19:47:06.734,1.70433,1.70446,1.55,1.50
2014.02.20 19:47:06.785,1.70433,1.70446,1.53,1.00
2014.02.20 19:47:07.089,1.7044,1.70451,1.55,1.00
2014.02.20 19:47:07.401,1.70442,1.70453,2.78,1.00
2014.02.20 19:47:07.503,1.70445,1.70455,1.38,1.00
2014.02.20 19:47:07.722,1.70444,1.70457,1.38,1.50
2014.02.20 19:47:09.453,1.70445,1.70455,3.00,1.00
2014.02.20 19:47:09.807,1.70444,1.70454,1.38,1.65
2014.02.20 19:47:10.112,1.70444,1.70452,1.00,1.10
2014.02.20 19:47:10.214,1.70444,1.70448,1.00,1.00
2014.02.20 19:47:10.417,1.7044,1.70446,1.00,1.00
2014.02.20 19:47:11.081,1.70439,1.70446,1.75,1.00
2014.02.20 19:47:16.259,1.70439,1.70447,1.38,1.00
2014.02.20 19:47:19.601,1.70444,1.70448,2.25,1.00
2014.02.20 19:47:19.653,1.70444,1.7045,3.38,1.00
2014.02.20 19:47:19.805,1.70445,1.70454,2.40,1.00
2014.02.20 19:47:19.857,1.70445,1.70456,2.40,1.00
2014.02.20 19:47:19.908,1.70447,1.70456,2.33,1.00
2014.02.20 19:47:20.212,1.70454,1.70458,1.00,1.00
2014.02.20 19:47:20.264,1.70454,1.70459,1.00,1.00
2014.02.20 19:47:21.167,1.70454,1.70462,1.00,1.00
2014.02.20 19:47:25.561,1.70454,1.70464,1.13,1.00
2014.02.20 19:47:28.176,1.70452,1.70464,1.38,1.00
2014.02.20 19:47:30.601,1.70451,1.7046,1.10,2.25
2014.02.20 19:47:30.905,1.70445,1.70454,1.13,1.00
2014.02.20 19:47:31.342,1.70441,1.70454,1.88,1.00
2014.02.20 19:47:31.879,1.70444,1.70454,2.63,1.00
2014.02.20 19:47:32.133,1.70451,1.70462,1.00,1.38
2014.02.20 19:47:32.285,1.70451,1.70462,1.13,1.00
2014.02.20 19:47:32.336,1.70451,1.70464,1.13,1.50
2014.02.20 19:47:33.720,1.70452,1.70464,1.38,1.50
2014.02.20 19:47:40.217,1.70453,1.70464,1.00,1.00
2014.02.20 19:47:43.150,1.70452,1.70464,1.75,1.00
2014.02.20 19:47:45.692,1.70451,1.70464,1.88,1.00
2014.02.20 19:47:45.971,1.70451,1.70462,1.50,1.88
2014.02.20 19:47:46.310,1.70446,1.70455,1.00,1.00
2014.02.20 19:47:46.361,1.70444,1.70456,1.00,1.50
2014.02.20 19:47:46.904,1.7044,1.70455,2.70,1.50
2014.02.20 19:48:01.431,1.70441,1.70455,1.38,1.00
2014.02.20 19:48:04.760,1.70441,1.70455,1.75,1.00
2014.02.20 19:48:05.318,1.70442,1.70455,1.50,1.00
2014.02.20 19:48:06.724,1.70442,1.70455,1.38,1.00
2014.02.20 19:48:06.926,1.7044,1.70455,1.88,1.50
2014.02.20 19:48:08.560,1.7044,1.70455,2.25,1.50
2014.02.20 19:48:09.801,1.7044,1.70455,4.13,1.50
2014.02.20 19:48:09.903,1.7044,1.70455,4.13,1.50
2014.02.20 19:48:10.482,1.7044,1.70455,2.25,1.50
2014.02.20 19:48:10.700,1.7044,1.70455,1.88,1.88
2014.02.20 19:48:10.871,1.7044,1.70455,1.88,1.88
2014.02.20 19:48:11.395,1.7044,1.70455,1.88,2.03
2014.02.20 19:48:12.850,1.7044,1.70455,1.88,3.90
2014.02.20 19:48:13.223,1.7044,1.70453,1.88,1.88
2014.02.20 19:48:13.633,1.7044,1.70453,1.88,1.88
2014.02.20 19:48:14.145,1.7044,1.70452,1.38,1.88
2014.02.20 19:48:14.702,1.7044,1.70451,1.38,1.88
2014.02.20 19:48:16.443,1.7044,1.70451,1.38,1.88
2014.02.20 19:48:17.156,1.70439,1.7045,2.25,1.88
2014.02.20 19:48:17.866,1.70439,1.70451,2.25,1.88
2014.02.20 19:48:20.999,1.70439,1.70451,2.63,1.88
2014.02.20 19:48:21.636,1.70439,1.70452,2.63,2.70
2014.02.20 19:48:26.032,1.70439,1.70452,2.63,1.00
2014.02.20 19:48:26.590,1.70439,1.70452,2.63,1.00
2014.02.20 19:48:26.720,1.70444,1.70452,1.00,1.00
2014.02.20 19:48:26.872,1.70442,1.70454,1.50,1.00
2014.02.20 19:48:26.923,1.70442,1.70454,1.38,1.00
2014.02.20 19:48:31.408,1.70442,1.70454,1.38,1.00
2014.02.20 19:48:31.713,1.70441,1.70451,1.38,1.50
2014.02.20 19:48:31.866,1.7044,1.70451,1.50,1.50
2014.02.20 19:48:32.401,1.7044,1.70451,1.50,1.50
2014.02.20 19:48:36.680,1.7044,1.70451,1.38,1.50
2014.02.20 19:48:37.397,1.7044,1.70446,1.38,1.00
2014.02.20 19:48:37.499,1.7044,1.70451,1.38,1.50
2014.02.20 19:48:37.550,1.7044,1.70451,1.00,1.88
2014.02.20 19:48:37.601,1.7044,1.7045,1.38,1.00
2014.02.20 19:48:37.703,1.70436,1.70442,1.15,1.00
2014.02.20 19:48:37.857,1.7043,1.70436,1.00,1.00
2014.02.20 19:48:37.958,1.70427,1.70436,1.00,1.00
2014.02.20 19:48:38.110,1.70427,1.70439,2.63,1.00
2014.02.20 19:48:38.416,1.70439,1.70446,1.00,1.00
2014.02.20 19:48:38.467,1.70438,1.70446,1.38,1.00
2014.02.20 19:48:38.518,1.70438,1.70449,1.48,1.08
2014.02.20 19:48:38.619,1.70442,1.70451,1.00,1.50
2014.02.20 19:48:38.721,1.70439,1.70451,1.00,1.50
2014.02.20 19:48:39.159,1.70441,1.70451,1.00,1.00
2014.02.20 19:48:39.463,1.70433,1.70441,1.00,1.10
2014.02.20 19:48:39.616,1.70429,1.70436,1.13,1.00
2014.02.20 19:48:40.140,1.70424,1.70436,1.88,1.00
2014.02.20 19:48:40.440,1.70424,1.70436,1.00,1.00
2014.02.20 19:48:40.680,1.70422,1.70435,1.13,1.10
2014.02.20 19:48:41.782,1.70423,1.70436,1.00,1.18
2014.02.20 19:48:42.030,1.70423,1.70433,1.00,1.88
2014.02.20 19:48:42.547,1.70422,1.70433,1.00,1.88
2014.02.20 19:48:43.403,1.70422,1.70434,1.00,1.88
2014.02.20 19:48:44.311,1.70422,1.70435,1.00,2.70
2014.02.20 19:48:45.046,1.7042,1.70433,2.25,1.88
2014.02.20 19:48:45.148,1.7042,1.70435,2.63,3.45
2014.02.20 19:48:45.250,1.7042,1.70433,2.25,1.88
2014.02.20 19:48:45.503,1.7042,1.70434,1.88,1.88
2014.02.20 19:48:46.152,1.7042,1.70435,1.88,1.58
2014.02.20 19:48:46.253,1.7042,1.70433,1.88,1.88
2014.02.20 19:48:46.793,1.7042,1.70434,1.88,1.88
2014.02.20 19:48:47.602,1.7042,1.70435,1.88,3.45
2014.02.20 19:48:48.118,1.7042,1.70434,1.88,1.88
2014.02.20 19:48:49.177,1.7042,1.70433,1.88,1.88
2014.02.20 19:48:49.694,1.7042,1.70432,1.88,1.88
2014.02.20 19:48:51.170,1.7042,1.70432,1.38,1.88
2014.02.20 19:48:51.473,1.70426,1.70433,1.00,1.88
2014.02.20 19:48:51.626,1.70426,1.70435,1.00,1.88
2014.02.20 19:48:51.727,1.7043,1.70437,1.00,1.38
2014.02.20 19:48:52.032,1.70438,1.70446,1.00,1.13
2014.02.20 19:48:52.519,1.70438,1.70449,1.00,3.00
2014.02.20 19:48:53.191,1.70443,1.70449,1.00,1.00
2014.02.20 19:48:53.242,1.70443,1.70454,1.00,1.88
2014.02.20 19:48:53.343,1.70447,1.70454,1.00,2.63
2014.02.20 19:48:53.853,1.70448,1.70456,1.00,3.00
2014.02.20 19:48:54.759,1.70448,1.70458,1.00,2.63
2014.02.20 19:48:56.548,1.70448,1.70459,1.00,3.45
2014.02.20 19:48:57.109,1.70448,1.70458,1.00,1.88
2014.02.20 19:48:57.683,1.70448,1.70457,1.00,2.25
2014.02.20 19:48:59.493,1.70448,1.70456,1.00,1.88
2014.02.20 19:49:04.902,1.70448,1.70455,1.00,1.88
2014.02.20 19:49:06.120,1.70448,1.70457,1.00,2.63
2014.02.20 19:49:06.925,1.70448,1.70457,1.00,1.00
2014.02.20 19:49:07.910,1.70449,1.70458,1.00,1.88
2014.02.20 19:49:08.155,1.70453,1.70462,1.00,1.00
2014.02.20 19:49:08.658,1.70453,1.70461,1.00,2.63
2014.02.20 19:49:08.760,1.70453,1.70464,1.00,2.63
2014.02.20 19:49:09.514,1.70453,1.70464,1.00,1.88
2014.02.20 19:49:09.874,1.70453,1.70464,1.00,1.95
2014.02.20 19:49:10.179,1.70449,1.70456,1.00,2.25
2014.02.20 19:49:11.516,1.70448,1.70456,1.00,2.25
2014.02.20 19:49:11.567,1.70446,1.70456,1.00,2.25
2014.02.20 19:49:13.155,1.70446,1.70457,1.00,3.08
2014.02.20 19:49:15.998,1.70446,1.70456,1.00,2.25
2014.02.20 19:49:16.607,1.70445,1.70456,1.00,1.88
2014.02.20 19:49:17.939,1.70445,1.70455,1.00,1.88
2014.02.20 19:49:18.832,1.70447,1.70455,1.00,1.88
2014.02.20 19:49:18.884,1.70447,1.70459,1.38,1.65
2014.02.20 19:49:18.935,1.70454,1.70461,1.00,1.43
2014.02.20 19:49:18.986,1.70457,1.70461,1.13,1.00
2014.02.20 19:49:19.139,1.70457,1.70462,1.13,1.00
2014.02.20 19:49:19.240,1.70457,1.70467,1.00,1.38
2014.02.20 19:49:19.782,1.70457,1.70467,1.00,1.10
2014.02.20 19:49:21.970,1.70457,1.70466,1.00,1.00
2014.02.20 19:49:22.867,1.70457,1.70467,1.00,2.70
2014.02.20 19:49:24.577,1.70457,1.70466,1.00,1.88
2014.02.20 19:49:25.090,1.70457,1.70467,1.00,2.63
2014.02.20 19:49:28.072,1.7046,1.70467,1.00,1.00
2014.02.20 19:49:28.636,1.7046,1.70468,1.00,1.88
2014.02.20 19:49:31.073,1.7046,1.70469,1.00,1.88
2014.02.20 19:49:31.612,1.7046,1.7047,1.00,1.88
2014.02.20 19:49:32.218,1.7046,1.70469,1.00,1.88
2014.02.20 19:49:32.703,1.70458,1.70468,1.00,1.88
2014.02.20 19:49:33.061,1.70458,1.70467,1.00,2.03
2014.02.20 19:49:34.201,1.70455,1.70467,1.00,2.03
2014.02.20 19:49:36.335,1.70455,1.70467,1.00,1.88
2014.02.20 19:49:36.700,1.70455,1.7047,1.88,3.45
2014.02.20 19:49:37.105,1.70458,1.7047,1.13,1.10
2014.02.20 19:49:37.409,1.70458,1.7047,1.50,1.00
2014.02.20 19:49:37.724,1.7046,1.7047,1.38,1.00
2014.02.20 19:49:38.119,1.7046,1.70473,1.85,1.00
2014.02.20 19:49:38.722,1.7046,1.70473,1.85,1.00
2014.02.20 19:49:40.929,1.7046,1.70473,1.48,2.63
2014.02.20 19:49:41.463,1.7046,1.70472,1.10,1.88
2014.02.20 19:49:42.406,1.7046,1.70471,1.00,1.00
2014.02.20 19:49:46.431,1.7046,1.70469,1.00,1.88
2014.02.20 19:49:46.633,1.70458,1.70468,1.00,1.88
2014.02.20 19:49:46.735,1.70458,1.7047,1.00,1.88
2014.02.20 19:49:51.010,1.70458,1.70467,1.00,1.88
2014.02.20 19:49:51.112,1.70458,1.70469,1.00,1.88
2014.02.20 19:49:51.656,1.70458,1.7047,1.00,1.88
2014.02.20 19:49:51.708,1.70458,1.70468,1.00,1.88
2014.02.20 19:49:52.287,1.70458,1.70469,1.00,1.88
2014.02.20 19:49:54.079,1.70459,1.70469,1.00,1.88
2014.02.20 19:49:54.234,1.70459,1.70472,2.25,1.00
2014.02.20 19:49:54.740,1.7046,1.70473,1.00,2.63
2014.02.20 19:49:54.960,1.70458,1.70472,1.95,1.88
2014.02.20 19:49:57.171,1.70458,1.70471,1.50,1.88
2014.02.20 19:49:58.556,1.70458,1.70468,1.00,2.78
2014.02.20 19:49:58.610,1.70454,1.70468,3.45,1.20
2014.02.20 19:49:58.916,1.70455,1.70469,3.00,1.00
2014.02.20 19:49:59.433,1.70457,1.70469,2.25,1.00
2014.02.20 19:49:59.737,1.70459,1.7047,1.88,1.00
2014.02.20 19:50:00.325,1.70458,1.7047,1.88,1.00
2014.02.20 19:50:00.731,1.70456,1.70469,1.13,1.00
2014.02.20 19:50:01.131,1.70459,1.70469,1.00,1.00
2014.02.20 19:50:01.389,1.70459,1.70472,1.00,1.13
2014.02.20 19:50:01.902,1.7046,1.70472,1.00,1.00
2014.02.20 19:50:01.953,1.7046,1.70472,1.88,1.00
2014.02.20 19:50:05.892,1.70463,1.70471,1.00,1.00
2014.02.20 19:50:06.095,1.70457,1.70468,1.00,1.00
2014.02.20 19:50:06.297,1.70457,1.70466,1.00,1.00
2014.02.20 19:50:06.550,1.70457,1.7047,1.38,1.00
2014.02.20 19:50:07.085,1.70464,1.70471,1.00,1.00
2014.02.20 19:50:07.238,1.70464,1.70475,1.00,1.13
2014.02.20 19:50:07.491,1.70465,1.70477,1.00,1.88
2014.02.20 19:50:07.542,1.70465,1.70477,1.38,1.88
2014.02.20 19:50:07.643,1.70465,1.70477,1.00,1.88
2014.02.20 19:50:09.011,1.70465,1.70474,1.00,1.00
2014.02.20 19:50:10.622,1.70463,1.70474,1.00,1.00
2014.02.20 19:50:11.480,1.70462,1.70474,1.00,1.00
2014.02.20 19:50:12.006,1.7046,1.70474,1.38,1.13
2014.02.20 19:50:13.137,1.7046,1.70474,1.00,1.13
2014.02.20 19:50:14.941,1.70462,1.70474,1.88,1.13
2014.02.20 19:50:15.348,1.70464,1.70474,1.88,1.13
2014.02.20 19:50:16.359,1.70463,1.70474,1.88,1.00
2014.02.20 19:50:20.402,1.70462,1.70474,2.70,1.00
2014.02.20 19:50:29.842,1.70464,1.70474,1.00,1.00
2014.02.20 19:50:30.398,1.70465,1.70474,1.00,1.00
2014.02.20 19:50:33.190,1.70466,1.70477,1.38,1.50
2014.02.20 19:50:33.242,1.70469,1.70477,1.13,1.50
2014.02.20 19:50:37.089,1.70468,1.70476,1.38,1.00
2014.02.20 19:50:37.700,1.70468,1.70475,1.00,1.00
2014.02.20 19:50:50.175,1.70467,1.70475,1.00,1.00
2014.02.20 19:50:50.849,1.70467,1.70472,1.00,1.00
2014.02.20 19:50:51.849,1.70466,1.70472,1.00,1.00
2014.02.20 19:50:52.557,1.70464,1.70472,1.50,1.00
2014.02.20 19:50:55.078,1.70462,1.70471,2.25,1.00
2014.02.20 19:50:55.129,1.70462,1.70471,1.88,1.00
2014.02.20 19:50:55.282,1.7046,1.70471,1.00,1.00
2014.02.20 19:50:55.861,1.70458,1.70471,3.38,1.00
2014.02.20 19:50:56.256,1.70459,1.70472,3.00,1.00
2014.02.20 19:50:56.358,1.7046,1.70471,1.88,1.00
2014.02.20 19:50:56.907,1.70459,1.70471,2.25,1.00
2014.02.20 19:51:03.988,1.70459,1.70472,1.13,1.00
2014.02.20 19:51:04.039,1.70459,1.70472,1.38,1.00
2014.02.20 19:51:11.364,1.70462,1.70472,1.00,1.38
2014.02.20 19:51:11.467,1.70457,1.70468,1.13,2.03
2014.02.20 19:51:11.518,1.70457,1.70465,1.00,1.88
2014.02.20 19:51:11.569,1.70454,1.70465,1.88,1.88
2014.02.20 19:51:11.620,1.70454,1.70466,1.88,1.00
2014.02.20 19:51:11.722,1.70455,1.70466,1.00,1.00
2014.02.20 19:51:11.989,1.70452,1.70466,1.50,1.88
2014.02.20 19:51:12.511,1.70452,1.70465,1.00,1.00
2014.02.20 19:51:12.629,1.70452,1.70462,1.00,1.00
2014.02.20 19:51:16.708,1.7045,1.70465,1.58,3.00
2014.02.20 19:51:17.214,1.7045,1.70463,1.00,1.00
2014.02.20 19:51:21.115,1.70448,1.70459,1.13,1.00
2014.02.20 19:51:21.658,1.70448,1.70461,2.25,1.00
2014.02.20 19:51:22.205,1.70448,1.7046,1.50,1.00
2014.02.20 19:51:24.949,1.70448,1.70461,2.25,1.00
2014.02.20 19:51:46.977,1.70448,1.7046,1.13,1.00
2014.02.20 19:51:47.517,1.70448,1.70461,2.25,1.00
2014.02.20 19:51:48.342,1.70449,1.70462,1.13,1.88
2014.02.20 19:51:48.954,1.70449,1.70463,1.13,3.45
2014.02.20 19:51:51.238,1.70449,1.7046,1.13,1.00
2014.02.20 19:51:57.229,1.70448,1.7046,1.20,1.00
2014.02.20 19:51:57.794,1.70449,1.70461,1.00,1.00
2014.02.20 19:51:58.808,1.70451,1.70461,1.00,1.00
2014.02.20 19:52:03.150,1.70451,1.70464,1.00,2.25
2014.02.20 19:52:03.416,1.70451,1.70461,1.00,1.00
2014.02.20 19:52:04.137,1.70451,1.70464,1.00,2.25
2014.02.20 19:52:04.291,1.70451,1.70461,1.00,1.00
2014.02.20 19:52:07.483,1.70451,1.70456,1.00,1.00
2014.02.20 19:52:07.738,1.70445,1.70456,1.00,1.50
2014.02.20 19:52:07.789,1.70445,1.70451,1.00,1.00
2014.02.20 19:52:07.840,1.70442,1.70451,3.45,1.00
2014.02.20 19:52:14.510,1.70443,1.70451,1.00,1.00
2014.02.20 19:52:14.611,1.70441,1.70451,1.00,1.00
2014.02.20 19:52:14.662,1.70441,1.70451,1.00,1.08
2014.02.20 19:52:14.713,1.70439,1.70451,1.50,1.53
2014.02.20 19:52:14.865,1.70436,1.70449,1.00,1.13
2014.02.20 19:52:15.068,1.70438,1.70451,1.00,1.50
2014.02.20 19:52:15.372,1.70439,1.70451,1.65,1.50
2014.02.20 19:52:17.250,1.70443,1.70451,1.88,1.00
2014.02.20 19:52:18.104,1.70444,1.70451,1.88,1.00
2014.02.20 19:52:18.257,1.70444,1.70456,2.33,1.00
2014.02.20 19:52:18.409,1.70444,1.70456,1.75,1.00
2014.02.20 19:52:18.460,1.7045,1.70458,1.38,1.00
2014.02.20 19:52:18.663,1.70449,1.70461,2.63,2.40
2014.02.20 19:52:18.867,1.70446,1.70458,1.00,1.00
2014.02.20 19:52:18.969,1.70444,1.70458,1.00,1.50
2014.02.20 19:52:19.477,1.70444,1.70457,1.00,1.38
2014.02.20 19:52:24.823,1.70443,1.70457,1.50,2.25
2014.02.20 19:52:33.690,1.70443,1.70456,1.00,1.50
2014.02.20 19:52:33.994,1.70438,1.70451,1.00,1.95
2014.02.20 19:52:34.045,1.70436,1.70451,1.50,3.08
2014.02.20 19:52:34.096,1.70436,1.70451,1.50,3.08
2014.02.20 19:52:39.057,1.70436,1.70449,1.38,1.00
2014.02.20 19:52:39.380,1.70441,1.70451,1.13,1.00
2014.02.20 19:52:43.274,1.7044,1.70451,1.20,1.00
2014.02.20 19:52:43.578,1.70437,1.70446,1.38,1.00
2014.02.20 19:52:43.730,1.70437,1.70446,1.00,1.00
2014.02.20 19:52:43.831,1.70434,1.70446,1.13,1.50
2014.02.20 19:52:53.144,1.70434,1.70445,1.10,1.88
2014.02.20 19:52:53.648,1.70432,1.70444,3.53,1.00
2014.02.20 19:52:59.753,1.70434,1.70446,1.20,1.00
2014.02.20 19:53:04.135,1.70432,1.70444,3.08,1.00
2014.02.20 19:53:05.673,1.70439,1.70444,1.00,1.00
2014.02.20 19:53:05.926,1.70443,1.70451,1.00,1.00
2014.02.20 19:53:06.240,1.70441,1.70455,2.03,1.50
2014.02.20 19:53:09.730,1.7044,1.70455,3.83,1.50
2014.02.20 19:53:10.431,1.70441,1.70455,1.88,1.50
2014.02.20 19:53:10.963,1.7044,1.70451,1.10,1.00
2014.02.20 19:53:11.472,1.70439,1.70451,1.00,1.00
2014.02.20 19:53:16.335,1.70438,1.70451,1.00,1.00
2014.02.20 19:53:37.171,1.70438,1.70451,1.48,1.00
2014.02.20 19:53:37.426,1.70442,1.70451,1.50,1.00
2014.02.20 19:53:37.932,1.70444,1.70451,2.33,1.00
2014.02.20 19:53:38.185,1.70445,1.70454,1.20,1.00
2014.02.20 19:53:38.825,1.70446,1.70454,1.13,1.00
2014.02.20 19:53:47.225,1.70446,1.70459,1.13,1.00
2014.02.20 19:53:49.949,1.70446,1.70455,1.13,1.00
2014.02.20 19:53:50.860,1.70446,1.70459,1.13,1.00
2014.02.20 19:54:08.815,1.70449,1.70459,1.00,1.00
2014.02.20 19:54:09.194,1.70449,1.70454,1.00,1.00
2014.02.20 19:54:09.346,1.70449,1.7046,1.00,1.00
2014.02.20 19:54:09.499,1.7045,1.70461,1.48,1.50
2014.02.20 19:54:09.846,1.70452,1.70464,1.58,1.00
2014.02.20 19:54:11.722,1.70456,1.70464,1.08,1.00
2014.02.20 19:54:12.026,1.70457,1.70467,1.15,1.00
2014.02.20 19:54:12.077,1.70457,1.70469,1.15,1.00
2014.02.20 19:54:12.388,1.7046,1.70474,2.33,1.13
2014.02.20 19:54:12.692,1.70463,1.70472,1.53,1.00
2014.02.20 19:54:13.055,1.70469,1.70474,1.00,1.00
2014.02.20 19:54:19.890,1.70469,1.70482,1.00,1.00
2014.02.20 19:54:20.295,1.7047,1.70483,1.28,1.00
2014.02.20 19:54:20.587,1.70469,1.70483,1.50,1.50
2014.02.20 19:54:21.096,1.70469,1.70483,1.50,1.50
2014.02.20 19:54:21.663,1.70469,1.70478,1.13,1.00
2014.02.20 19:54:23.734,1.70469,1.70483,1.13,1.50
2014.02.20 19:54:25.050,1.70469,1.70483,1.58,1.50
2014.02.20 19:54:25.253,1.70471,1.70485,1.10,1.00
2014.02.20 19:54:28.817,1.7047,1.7048,1.18,1.00
2014.02.20 19:54:29.121,1.70471,1.70484,1.10,1.00
2014.02.20 19:54:33.856,1.70471,1.70484,1.48,1.00
2014.02.20 19:54:34.058,1.70476,1.70487,1.38,1.50
2014.02.20 19:54:34.312,1.70478,1.70489,1.00,1.00
2014.02.20 19:54:36.325,1.70479,1.70489,1.00,1.00
2014.02.20 19:54:37.914,1.70479,1.70492,1.00,1.13
2014.02.20 19:54:40.546,1.7048,1.70492,1.00,1.13
2014.02.20 19:54:40.801,1.70479,1.70494,2.25,1.95
2014.02.20 19:54:42.406,1.70479,1.70487,1.50,1.00
2014.02.20 19:54:47.151,1.70475,1.70487,1.28,1.00
2014.02.20 19:54:47.252,1.70475,1.70485,1.28,1.00
2014.02.20 19:54:48.047,1.70475,1.70488,1.28,1.00
2014.02.20 19:54:49.361,1.70479,1.70488,1.00,1.00
2014.02.20 19:54:53.543,1.70479,1.7049,1.00,1.50
2014.02.20 19:55:00.349,1.70477,1.7049,1.00,1.00
2014.02.20 19:55:00.450,1.70475,1.70488,1.65,1.00
2014.02.20 19:55:00.754,1.70479,1.7049,1.00,1.00
2014.02.20 19:55:03.309,1.70478,1.7049,1.00,1.00
2014.02.20 19:55:12.860,1.70478,1.7049,1.00,1.38
2014.02.20 19:55:23.095,1.70475,1.70489,1.00,1.13
2014.02.20 19:55:25.871,1.70477,1.7049,1.00,1.00
2014.02.20 19:55:26.426,1.70475,1.7049,1.50,1.50
2014.02.20 19:55:32.497,1.70475,1.7049,1.88,1.50
2014.02.20 19:55:32.700,1.70478,1.7049,1.00,1.00
2014.02.20 19:55:38.273,1.70475,1.7049,2.03,1.50
2014.02.20 19:55:38.844,1.70479,1.7049,1.00,1.00
2014.02.20 19:55:49.271,1.70479,1.7049,1.00,1.38
2014.02.20 19:55:49.424,1.70474,1.70485,1.00,1.10
2014.02.20 19:55:49.526,1.70472,1.70483,1.00,1.00
2014.02.20 19:55:49.901,1.70472,1.70483,1.38,1.00
2014.02.20 19:55:49.953,1.70472,1.70485,1.38,1.00
2014.02.20 19:55:54.142,1.70474,1.70484,1.13,1.88
2014.02.20 19:55:54.703,1.70471,1.70483,1.38,1.00
2014.02.20 19:55:55.604,1.70471,1.70483,1.13,1.00
2014.02.20 19:55:55.706,1.70469,1.70483,1.88,3.08
2014.02.20 19:55:55.757,1.70469,1.7048,1.50,1.10
2014.02.20 19:55:57.649,1.70469,1.70479,1.00,1.88
2014.02.20 19:55:58.452,1.70469,1.7048,1.00,1.00
2014.02.20 19:55:59.755,1.70469,1.70481,1.00,3.38
2014.02.20 19:55:59.806,1.70469,1.70481,3.00,1.50
2014.02.20 19:55:59.958,1.70471,1.70485,3.08,1.50
2014.02.20 19:56:00.571,1.70475,1.70485,1.00,1.00
2014.02.20 19:56:01.085,1.70474,1.70485,1.13,1.00
2014.02.20 19:56:04.151,1.70471,1.70483,1.38,1.00
2014.02.20 19:56:09.262,1.70471,1.70483,1.38,1.00
2014.02.20 19:56:09.565,1.70469,1.7048,1.88,1.88
2014.02.20 19:56:10.268,1.70469,1.70481,1.88,2.63
2014.02.20 19:56:15.152,1.70469,1.70481,1.88,2.78
2014.02.20 19:56:15.203,1.70469,1.70479,1.50,1.88
2014.02.20 19:56:15.305,1.70469,1.70476,1.50,1.00
2014.02.20 19:56:15.406,1.70465,1.70475,1.38,1.00
2014.02.20 19:56:15.924,1.70464,1.70476,1.50,1.00
2014.02.20 19:56:16.464,1.70464,1.70475,1.38,1.00
2014.02.20 19:56:16.817,1.70464,1.70473,1.38,1.00
2014.02.20 19:56:17.495,1.70464,1.70473,1.38,1.00
2014.02.20 19:56:17.851,1.70464,1.70473,1.38,1.00
2014.02.20 19:56:18.004,1.70465,1.70476,1.38,1.00
2014.02.20 19:56:18.156,1.70465,1.70476,1.13,1.13
2014.02.20 19:56:18.662,1.70464,1.70476,1.00,1.88
2014.02.20 19:56:18.850,1.70464,1.70474,1.38,1.88
2014.02.20 19:56:19.417,1.70464,1.70474,1.00,1.88
2014.02.20 19:56:20.303,1.70464,1.70474,1.38,1.88
2014.02.20 19:56:20.855,1.70464,1.70473,1.38,1.88
2014.02.20 19:56:22.619,1.70464,1.70474,1.00,1.88
2014.02.20 19:56:24.346,1.70464,1.70473,1.00,1.88
2014.02.20 19:56:24.865,1.70464,1.70474,1.00,2.63
2014.02.20 19:56:29.465,1.70464,1.70474,1.38,1.00
2014.02.20 19:56:29.769,1.7047,1.70482,3.90,1.38
2014.02.20 19:56:29.921,1.70473,1.70485,1.55,1.13
2014.02.20 19:56:30.124,1.70475,1.70488,1.48,1.13
2014.02.20 19:56:33.348,1.70475,1.70486,1.48,1.00
2014.02.20 19:56:33.451,1.70475,1.70488,1.08,1.13
2014.02.20 19:56:33.552,1.70475,1.70486,1.28,1.00
2014.02.20 19:56:34.097,1.70475,1.70486,1.20,1.00
2014.02.20 19:56:35.220,1.70475,1.70489,1.20,1.38
2014.02.20 19:56:38.198,1.70475,1.70486,1.20,1.00
2014.02.20 19:56:41.444,1.70474,1.70486,1.50,1.00
2014.02.20 19:56:49.596,1.70472,1.70484,1.55,1.00
2014.02.20 19:56:52.541,1.70472,1.70484,1.55,1.00
2014.02.20 19:56:52.694,1.70474,1.70486,1.20,1.00
2014.02.20 19:56:53.597,1.70472,1.70483,1.53,1.00
2014.02.20 19:56:58.727,1.70472,1.70483,1.38,1.00
2014.02.20 19:57:00.755,1.70472,1.70486,1.38,1.50
2014.02.20 19:57:06.002,1.70472,1.70483,1.38,1.00
2014.02.20 19:57:17.146,1.7047,1.70482,1.38,1.95
2014.02.20 19:57:17.248,1.70468,1.70482,1.38,3.08
2014.02.20 19:57:17.553,1.70465,1.70475,1.00,1.08
2014.02.20 19:57:17.806,1.7046,1.70473,1.13,1.10
2014.02.20 19:57:18.339,1.7046,1.7047,1.13,1.00
2014.02.20 19:57:19.908,1.70459,1.7047,1.88,1.00
2014.02.20 19:57:20.211,1.70456,1.7047,1.20,1.00
2014.02.20 19:57:22.313,1.70456,1.7047,1.48,1.00
2014.02.20 19:57:22.414,1.70456,1.7047,1.48,1.13
2014.02.20 19:57:31.385,1.70455,1.70469,3.15,1.00
2014.02.20 19:57:36.601,1.70455,1.70469,1.55,1.00
2014.02.20 19:57:36.967,1.7046,1.70469,2.25,1.00
2014.02.20 19:57:37.221,1.70458,1.70472,1.53,1.88
2014.02.20 19:57:37.748,1.70457,1.70472,2.03,1.88
2014.02.20 19:57:41.882,1.70457,1.70472,2.03,1.88
2014.02.20 19:57:42.771,1.70458,1.70472,1.90,1.50
2014.02.20 19:57:43.283,1.7046,1.70472,1.55,1.00
2014.02.20 19:57:43.592,1.70461,1.70472,1.50,1.00
2014.02.20 19:57:43.644,1.70461,1.70475,2.33,1.00
2014.02.20 19:57:43.796,1.70462,1.70476,1.53,1.50
2014.02.20 19:57:44.201,1.70467,1.70478,1.13,1.00
2014.02.20 19:57:44.709,1.70464,1.70477,2.40,1.00
2014.02.20 19:57:45.216,1.70467,1.70478,1.13,1.88
2014.02.20 19:57:48.365,1.70464,1.70477,2.40,1.88
2014.02.20 19:57:48.518,1.70464,1.70478,2.40,2.63
2014.02.20 19:57:49.141,1.70468,1.70479,1.10,2.63
2014.02.20 19:57:49.650,1.70468,1.70479,1.48,2.63
2014.02.20 19:57:51.287,1.70468,1.70478,1.48,1.88
2014.02.20 19:57:51.591,1.70468,1.70475,1.48,1.88
2014.02.20 19:57:51.844,1.70459,1.7047,1.18,1.00
2014.02.20 19:57:51.895,1.70459,1.70467,1.00,1.00
2014.02.20 19:57:52.402,1.70459,1.70467,1.38,1.00
2014.02.20 19:57:52.907,1.70459,1.7047,1.38,1.00
2014.02.20 19:57:53.509,1.70455,1.70469,1.50,1.00
2014.02.20 19:57:57.651,1.70455,1.70469,1.50,1.00
2014.02.20 19:57:57.803,1.70455,1.70469,1.55,1.00
2014.02.20 19:57:57.904,1.70454,1.70467,2.25,1.00
2014.02.20 19:57:58.507,1.70453,1.70465,1.50,1.00
2014.02.20 19:58:00.645,1.70453,1.70465,1.50,1.00
2014.02.20 19:58:00.747,1.70455,1.7047,2.03,1.88
2014.02.20 19:58:01.051,1.70458,1.70471,1.10,3.75
2014.02.20 19:58:01.406,1.7046,1.70471,1.00,3.75
2014.02.20 19:58:10.715,1.7046,1.70473,1.00,2.63
2014.02.20 19:58:10.918,1.7046,1.70471,1.00,1.00
2014.02.20 19:58:14.560,1.70461,1.70471,1.00,1.00
2014.02.20 19:58:15.177,1.70461,1.7047,1.00,1.00
2014.02.20 19:58:16.713,1.70461,1.70471,1.10,1.00
2014.02.20 19:58:17.493,1.70461,1.7047,1.10,1.00
2014.02.20 19:58:18.135,1.70461,1.70471,1.58,1.00
2014.02.20 19:58:21.681,1.70461,1.70466,1.10,1.00
2014.02.20 19:58:21.985,1.70453,1.7046,1.00,1.88
2014.02.20 19:58:22.189,1.70449,1.70461,1.38,2.63
2014.02.20 19:58:22.547,1.70447,1.70459,2.33,1.00
2014.02.20 19:58:22.598,1.70447,1.70459,1.20,1.00
2014.02.20 19:58:22.873,1.70447,1.70461,1.88,2.63
2014.02.20 19:58:23.076,1.70449,1.70461,1.00,2.63
2014.02.20 19:58:26.660,1.7045,1.70464,1.00,3.00
2014.02.20 19:58:26.812,1.70451,1.70464,1.08,1.00
2014.02.20 19:58:26.964,1.70453,1.70466,1.15,3.00
2014.02.20 19:58:27.268,1.70459,1.7047,1.18,1.50
2014.02.20 19:58:27.571,1.70462,1.70472,1.15,2.25
2014.02.20 19:58:28.116,1.70466,1.7047,1.00,1.88
2014.02.20 19:58:28.319,1.70466,1.70473,1.00,2.25
2014.02.20 19:58:28.587,1.70466,1.70474,1.00,2.63
2014.02.20 19:58:28.688,1.70466,1.70476,1.18,2.63
2014.02.20 19:58:28.790,1.70468,1.70476,1.18,2.63
2014.02.20 19:58:29.095,1.70477,1.70484,1.10,1.13
2014.02.20 19:58:29.400,1.70479,1.70487,1.00,1.38
2014.02.20 19:58:29.552,1.70479,1.70488,1.00,2.25
2014.02.20 19:58:32.790,1.70479,1.70486,1.00,1.88
2014.02.20 19:58:32.892,1.70477,1.70485,1.00,1.88
2014.02.20 19:58:35.541,1.70477,1.70486,1.00,2.63
2014.02.20 19:58:36.935,1.70477,1.70485,1.00,1.88
2014.02.20 19:58:37.190,1.70477,1.70487,1.50,2.25
2014.02.20 19:58:38.474,1.70477,1.70486,1.50,1.88
2014.02.20 19:58:40.528,1.70477,1.70484,1.50,1.00
2014.02.20 19:58:40.579,1.7046,1.70479,1.38,7.76
2014.02.20 19:58:40.631,1.70461,1.70471,1.00,1.13
2014.02.20 19:58:40.783,1.70452,1.70459,1.00,1.13
2014.02.20 19:58:40.834,1.70453,1.70461,1.00,1.00
2014.02.20 19:58:40.885,1.70455,1.70462,1.00,1.95
2014.02.20 19:58:40.936,1.70442,1.70458,1.90,1.00
2014.02.20 19:58:40.987,1.70442,1.70458,1.90,1.00
2014.02.20 19:58:41.038,1.70443,1.70456,1.90,1.00
2014.02.20 19:58:41.289,1.70451,1.70462,1.00,1.13
2014.02.20 19:58:41.340,1.70453,1.70462,1.00,1.00
2014.02.20 19:58:41.796,1.70455,1.70462,1.00,1.88
2014.02.20 19:58:42.099,1.70457,1.70463,1.00,1.88
2014.02.20 19:58:42.201,1.70457,1.70464,1.00,1.88
2014.02.20 19:58:42.707,1.70457,1.70465,1.00,1.88
2014.02.20 19:58:43.213,1.70457,1.70464,1.00,1.88
2014.02.20 19:58:43.718,1.70457,1.70463,1.00,1.88
2014.02.20 19:58:45.107,1.70456,1.70463,1.00,1.88
2014.02.20 19:58:45.208,1.70453,1.70463,1.10,1.88
2014.02.20 19:58:46.447,1.70453,1.70463,1.00,2.33
2014.02.20 19:58:46.751,1.70441,1.7045,1.20,1.88
2014.02.20 19:58:46.802,1.70445,1.7045,1.00,1.88
2014.02.20 19:58:46.954,1.70442,1.7045,1.00,1.88
2014.02.20 19:58:47.420,1.7044,1.7045,1.50,1.88
2014.02.20 19:58:49.515,1.7044,1.70452,1.00,2.63
2014.02.20 19:58:50.205,1.7044,1.70451,1.00,1.88
2014.02.20 19:58:50.719,1.70441,1.70452,1.00,1.00
2014.02.20 19:58:51.620,1.7044,1.70452,2.63,1.88
2014.02.20 19:58:51.979,1.70438,1.7045,1.18,1.88
2014.02.20 19:58:52.493,1.70438,1.70451,1.13,3.38
2014.02.20 19:58:55.990,1.70438,1.70451,1.20,1.38
2014.02.20 19:58:56.294,1.70434,1.70443,1.00,1.93
2014.02.20 19:58:56.636,1.70428,1.7044,1.38,1.13
2014.02.20 19:58:57.016,1.70428,1.7044,1.00,1.00
2014.02.20 19:58:57.332,1.70425,1.7044,1.95,1.88
2014.02.20 19:58:57.383,1.70425,1.70437,1.38,1.00
2014.02.20 19:58:58.655,1.70424,1.70437,1.38,1.00
2014.02.20 19:58:59.160,1.70422,1.70437,1.38,1.38
2014.02.20 19:58:59.464,1.70434,1.70444,1.38,1.50
2014.02.20 19:58:59.717,1.70434,1.70444,1.13,1.00
2014.02.20 19:59:00.393,1.70434,1.70446,1.38,1.00
2014.02.20 19:59:00.494,1.70434,1.70446,1.00,1.00
2014.02.20 19:59:02.674,1.70434,1.70444,1.00,1.00
2014.02.20 19:59:02.776,1.70434,1.70446,1.00,1.00
2014.02.20 19:59:02.988,1.70434,1.70444,1.00,1.00
2014.02.20 19:59:05.320,1.70431,1.70444,1.65,1.00
2014.02.20 19:59:05.624,1.70434,1.70446,1.00,1.50
2014.02.20 19:59:07.412,1.70434,1.70445,1.00,1.00
2014.02.20 19:59:10.994,1.70434,1.70446,1.88,1.00
2014.02.20 19:59:11.894,1.70434,1.70444,1.13,1.00
2014.02.20 19:59:12.348,1.70434,1.70446,1.88,1.00
2014.02.20 19:59:13.096,1.70434,1.70445,1.13,1.00
2014.02.20 19:59:13.360,1.70434,1.70445,1.38,1.00
2014.02.20 19:59:13.869,1.70436,1.70446,1.13,1.00
2014.02.20 19:59:14.021,1.70436,1.70449,1.20,1.00
2014.02.20 19:59:14.699,1.70438,1.70451,1.00,1.00
2014.02.20 19:59:15.004,1.70436,1.70451,1.88,2.03
2014.02.20 19:59:15.106,1.70433,1.70446,1.50,1.00
2014.02.20 19:59:15.208,1.70435,1.70447,1.00,1.00
2014.02.20 19:59:17.032,1.70437,1.70447,1.88,1.00
2014.02.20 19:59:17.184,1.70438,1.70449,2.63,1.00
2014.02.20 19:59:17.487,1.70439,1.70449,1.00,1.00
2014.02.20 19:59:18.290,1.70439,1.70451,1.13,1.00
2014.02.20 19:59:18.807,1.70438,1.7045,1.38,1.00
2014.02.20 19:59:19.989,1.70444,1.7045,1.00,1.00
2014.02.20 19:59:20.243,1.70444,1.70453,1.00,1.00
2014.02.20 19:59:22.833,1.70444,1.70454,1.00,1.50
2014.02.20 19:59:29.185,1.7044,1.70454,2.33,1.88
2014.02.20 19:59:29.737,1.7044,1.70452,2.33,1.00
2014.02.20 19:59:30.243,1.70441,1.70452,1.88,1.00
2014.02.20 19:59:30.753,1.70442,1.70452,1.00,1.00
2014.02.20 19:59:31.273,1.70442,1.70452,3.00,1.00
2014.02.20 19:59:32.350,1.70442,1.70452,3.45,1.00
2014.02.20 19:59:32.623,1.70449,1.70456,1.38,1.00
2014.02.20 19:59:34.932,1.70451,1.70456,2.25,1.00
2014.02.20 19:59:35.237,1.70449,1.70461,2.03,1.00
2014.02.20 19:59:35.288,1.70449,1.70463,2.03,1.50
2014.02.20 19:59:35.543,1.70454,1.70465,1.48,1.00
2014.02.20 19:59:35.594,1.70454,1.70465,1.48,1.00
2014.02.20 19:59:35.747,1.70454,1.70467,1.55,1.00
2014.02.20 19:59:36.254,1.70455,1.70466,2.25,1.00
2014.02.20 19:59:38.334,1.70456,1.70468,1.38,1.00
2014.02.20 19:59:38.846,1.70458,1.7047,1.38,1.00
2014.02.20 19:59:38.897,1.70459,1.70467,1.13,1.00
2014.02.20 19:59:39.201,1.70457,1.70467,1.38,1.00
2014.02.20 19:59:39.568,1.70457,1.7047,1.38,1.00
2014.02.20 19:59:40.031,1.70461,1.70472,1.13,1.00
2014.02.20 19:59:40.336,1.70459,1.7047,1.88,1.13
2014.02.20 19:59:40.696,1.70459,1.7047,1.38,1.13
2014.02.20 19:59:41.115,1.70459,1.70473,1.88,1.00
2014.02.20 19:59:41.424,1.70459,1.70471,2.25,1.00
2014.02.20 19:59:41.677,1.7046,1.70473,1.55,1.00
2014.02.20 19:59:42.884,1.70459,1.7047,1.38,1.00
2014.02.20 19:59:43.545,1.70455,1.70469,1.48,1.00
2014.02.20 19:59:44.051,1.70455,1.70469,1.48,1.00
2014.02.20 19:59:44.631,1.70454,1.70467,2.03,1.00
2014.02.20 19:59:46.627,1.70459,1.70467,1.38,1.00
2014.02.20 19:59:47.193,1.70459,1.70469,1.38,1.00
2014.02.20 19:59:49.411,1.70464,1.70472,1.13,1.00
2014.02.20 19:59:54.029,1.70459,1.70467,1.38,1.00
2014.02.20 19:59:54.790,1.70459,1.70467,1.38,1.00
2014.02.20 19:59:55.796,1.70459,1.70465,1.00,1.88
2014.02.20 19:59:55.898,1.70453,1.70465,1.13,1.95
2014.02.20 19:59:56.051,1.70452,1.70464,1.00,1.00
2014.02.20 19:59:56.152,1.70449,1.70461,1.88,1.00
2014.02.20 19:59:56.203,1.70449,1.70461,1.13,1.00
2014.02.20 19:59:56.654,1.70449,1.70459,1.13,1.00
2014.02.20 19:59:57.159,1.70449,1.70458,1.13,1.88
2014.02.20 19:59:57.572,1.70449,1.70456,1.00,1.88
2014.02.20 19:59:57.878,1.70438,1.70448,1.00,1.88
2014.02.20 19:59:58.230,1.70434,1.70447,1.50,1.50
2014.02.20 19:59:58.992,1.70435,1.70447,1.00,1.00
2014.02.20 19:59:59.838,1.70435,1.70445,1.00,1.00
2014.02.20 19:59:59.993,1.70432,1.70445,1.13,1.00
