2016.01.08 16:00:00.017,1.71113,1.71127,1.00,2.25
2016.01.08 16:00:00.070,1.7112,1.71124,1.00,1.50
2016.01.08 16:00:00.122,1.71116,1.71122,1.00,1.37
2016.01.08 16:00:00.175,1.71131,1.71135,1.00,2.32
2016.01.08 16:00:00.227,1.71125,1.71134,1.87,1.95
2016.01.08 16:00:00.278,1.71134,1.71141,1.37,3.30
2016.01.08 16:00:00.381,1.71139,1.71143,1.00,1.12
2016.01.08 16:00:00.432,1.71144,1.7115,1.00,1.50
2016.01.08 16:00:00.483,1.71136,1.71145,4.87,2.25
2016.01.08 16:00:00.845,1.71139,1.71146,1.37,1.87
2016.01.08 16:00:00.896,1.71142,1.71157,1.00,1.12
2016.01.08 16:00:00.948,1.71146,1.71157,1.00,3.00
2016.01.08 16:00:01.102,1.71148,1.71161,1.00,1.00
2016.01.08 16:00:01.207,1.7115,1.71161,1.50,1.00
2016.01.08 16:00:01.259,1.7115,1.71163,1.50,1.00
2016.01.08 16:00:01.311,1.71145,1.71163,1.75,1.50
2016.01.08 16:00:01.783,1.71154,1.71166,1.00,2.32
2016.01.08 16:00:02.192,1.71156,1.71168,1.50,1.37
2016.01.08 16:00:02.346,1.71154,1.71172,1.37,1.50
2016.01.08 16:00:02.397,1.71154,1.71172,1.50,1.00
2016.01.08 16:00:02.500,1.71153,1.7117,1.87,1.00
2016.01.08 16:00:02.831,1.71158,1.71172,2.62,1.50
2016.01.08 16:00:03.145,1.71159,1.7117,1.00,1.12
2016.01.08 16:00:03.197,1.71157,1.71168,1.12,1.37
2016.01.08 16:00:03.249,1.7115,1.71164,1.00,1.37
2016.01.08 16:00:03.352,1.71148,1.71159,1.00,1.37
2016.01.08 16:00:03.455,1.71146,1.71158,1.00,1.12
2016.01.08 16:00:03.506,1.71146,1.71158,1.00,1.00
2016.01.08 16:00:03.776,1.71146,1.71155,1.00,1.37
2016.01.08 16:00:04.049,1.71144,1.71158,1.00,1.12
2016.01.08 16:00:04.100,1.71143,1.71158,1.00,1.37
2016.01.08 16:00:04.152,1.71145,1.71157,1.00,1.12
2016.01.08 16:00:04.558,1.71144,1.71154,1.00,1.57
2016.01.08 16:00:05.004,1.71146,1.71156,1.00,1.57
2016.01.08 16:00:05.362,1.71144,1.71156,1.00,1.20
2016.01.08 16:00:05.415,1.71144,1.71156,1.00,1.47
2016.01.08 16:00:05.722,1.71152,1.71156,1.00,1.00
2016.01.08 16:00:06.101,1.71149,1.71159,1.00,1.10
2016.01.08 16:00:06.203,1.71148,1.7116,1.00,1.87
2016.01.08 16:00:06.306,1.71146,1.7116,1.00,1.87
2016.01.08 16:00:06.408,1.71146,1.71159,1.00,2.62
2016.01.08 16:00:06.561,1.71142,1.71158,1.00,2.32
2016.01.08 16:00:06.664,1.71141,1.71152,1.00,1.50
2016.01.08 16:00:07.039,1.71147,1.71154,1.00,1.95
2016.01.08 16:00:07.142,1.71147,1.71159,1.00,3.07
2016.01.08 16:00:07.193,1.7115,1.7116,1.00,1.12
2016.01.08 16:00:07.244,1.7115,1.71159,1.00,1.00
2016.01.08 16:00:07.296,1.71146,1.71159,1.12,1.00
2016.01.08 16:00:07.347,1.71144,1.7116,1.50,1.10
2016.01.08 16:00:07.399,1.71147,1.7116,1.00,1.50
2016.01.08 16:00:07.705,1.71154,1.71162,1.00,1.50
2016.01.08 16:00:08.326,1.71158,1.71167,1.00,1.12
2016.01.08 16:00:08.838,1.71159,1.71165,1.00,1.37
2016.01.08 16:00:08.889,1.71159,1.71165,1.00,1.00
2016.01.08 16:00:08.992,1.71161,1.71166,1.00,1.00
2016.01.08 16:00:09.365,1.71165,1.71176,1.00,2.40
2016.01.08 16:00:09.672,1.71162,1.71172,1.00,1.00
2016.01.08 16:00:09.723,1.71162,1.71173,1.00,1.87
2016.01.08 16:00:09.826,1.7116,1.7117,1.00,1.12
2016.01.08 16:00:09.878,1.71162,1.71169,1.00,1.00
2016.01.08 16:00:10.410,1.71162,1.71171,1.00,1.12
2016.01.08 16:00:10.614,1.71164,1.71171,1.00,1.00
2016.01.08 16:00:10.922,1.71161,1.71171,1.50,1.00
2016.01.08 16:00:10.974,1.71164,1.71171,1.00,1.00
2016.01.08 16:00:11.401,1.71171,1.71179,1.00,1.37
2016.01.08 16:00:11.452,1.71169,1.7118,1.12,1.57
2016.01.08 16:00:11.504,1.71167,1.71179,1.00,1.12
2016.01.08 16:00:11.930,1.71172,1.71181,1.00,1.12
2016.01.08 16:00:11.986,1.7117,1.7118,1.00,1.12
2016.01.08 16:00:12.037,1.71165,1.71177,1.12,2.25
2016.01.08 16:00:12.089,1.71163,1.71177,1.00,2.62
2016.01.08 16:00:12.140,1.71162,1.71174,1.00,2.25
2016.01.08 16:00:12.492,1.71161,1.71168,1.00,1.37
2016.01.08 16:00:12.543,1.71161,1.71174,1.00,1.27
2016.01.08 16:00:12.646,1.71158,1.71173,1.37,1.87
2016.01.08 16:00:12.697,1.71155,1.71172,1.50,1.11
2016.01.08 16:00:13.005,1.71157,1.71166,1.00,1.37
2016.01.08 16:00:13.402,1.71157,1.71162,1.00,1.00
2016.01.08 16:00:13.454,1.71153,1.71162,1.00,1.37
2016.01.08 16:00:13.607,1.71148,1.71161,1.37,1.00
2016.01.08 16:00:13.658,1.71148,1.71161,1.37,1.37
2016.01.08 16:00:13.811,1.71151,1.71161,1.00,1.00
2016.01.08 16:00:13.863,1.71151,1.71162,1.00,2.25
2016.01.08 16:00:14.017,1.71149,1.71165,1.37,1.75
2016.01.08 16:00:14.328,1.71149,1.71165,1.12,1.75
2016.01.08 16:00:14.532,1.71147,1.71165,1.37,3.37
2016.01.08 16:00:14.687,1.71147,1.71164,1.00,1.99
2016.01.08 16:00:14.739,1.71147,1.71164,1.00,1.61
2016.01.08 16:00:14.791,1.71144,1.7116,1.75,1.37
2016.01.08 16:00:15.567,1.71143,1.71159,1.37,1.12
2016.01.08 16:00:15.619,1.71141,1.71159,1.87,2.25
2016.01.08 16:00:15.826,1.71146,1.71161,1.50,1.87
2016.01.08 16:00:15.931,1.71147,1.71161,1.37,1.50
2016.01.08 16:00:16.238,1.71143,1.71156,1.87,1.00
2016.01.08 16:00:16.655,1.71139,1.71155,3.82,1.50
2016.01.08 16:00:16.707,1.71139,1.71155,2.32,1.50
2016.01.08 16:00:16.758,1.71139,1.71149,1.50,1.00
2016.01.08 16:00:16.861,1.71138,1.71151,1.87,1.00
2016.01.08 16:00:16.912,1.71139,1.71154,1.50,1.00
2016.01.08 16:00:16.965,1.71139,1.71151,1.37,1.00
2016.01.08 16:00:17.169,1.71138,1.71154,1.87,1.37
2016.01.08 16:00:17.221,1.71138,1.71154,1.37,1.37
2016.01.08 16:00:17.495,1.71138,1.71154,1.12,1.87
2016.01.08 16:00:17.599,1.71138,1.71154,1.87,1.00
2016.01.08 16:00:17.651,1.71138,1.71156,3.00,1.50
2016.01.08 16:00:17.703,1.7114,1.71157,1.12,1.50
2016.01.08 16:00:17.958,1.71139,1.71157,2.25,1.50
2016.01.08 16:00:18.010,1.71139,1.71157,1.00,1.37
2016.01.08 16:00:18.580,1.7114,1.71155,1.12,1.37
2016.01.08 16:00:18.682,1.7114,1.71153,1.00,1.00
2016.01.08 16:00:18.785,1.71139,1.71151,1.37,1.00
2016.01.08 16:00:18.939,1.71139,1.71153,1.37,1.00
2016.01.08 16:00:19.179,1.71139,1.7115,1.37,1.00
2016.01.08 16:00:19.713,1.71139,1.7115,2.62,1.00
2016.01.08 16:00:19.766,1.71139,1.71156,2.62,1.87
2016.01.08 16:00:19.869,1.71142,1.71158,1.37,2.32
2016.01.08 16:00:20.708,1.71144,1.71157,1.87,1.00
2016.01.08 16:00:21.396,1.71143,1.71159,1.50,1.37
2016.01.08 16:00:21.498,1.71148,1.71161,1.00,1.00
2016.01.08 16:00:21.549,1.71148,1.71162,1.37,1.00
2016.01.08 16:00:21.861,1.71146,1.71161,1.75,1.00
2016.01.08 16:00:22.218,1.71146,1.71164,1.75,1.50
2016.01.08 16:00:22.320,1.71146,1.71164,1.00,1.87
2016.01.08 16:00:22.625,1.71145,1.71163,1.50,1.37
2016.01.08 16:00:23.299,1.71149,1.71164,1.87,1.87
2016.01.08 16:00:23.464,1.71158,1.71175,1.12,1.37
2016.01.08 16:00:23.567,1.71158,1.71175,2.62,1.00
2016.01.08 16:00:23.873,1.71156,1.71171,1.37,1.37
2016.01.08 16:00:24.340,1.71162,1.71171,1.10,1.00
2016.01.08 16:00:24.443,1.71162,1.71178,1.47,1.50
2016.01.08 16:00:24.494,1.71161,1.71179,1.50,3.37
2016.01.08 16:00:24.598,1.71162,1.71176,1.37,1.00
2016.01.08 16:00:24.908,1.7116,1.71176,1.50,2.25
2016.01.08 16:00:25.323,1.7116,1.7118,1.87,1.75
2016.01.08 16:00:25.374,1.71162,1.71181,1.57,1.50
2016.01.08 16:00:25.426,1.71164,1.7118,1.87,1.12
2016.01.08 16:00:25.732,1.71163,1.71177,2.70,1.37
2016.01.08 16:00:25.784,1.71162,1.71177,1.12,1.37
2016.01.08 16:00:26.340,1.71162,1.71179,1.00,1.37
2016.01.08 16:00:26.596,1.71165,1.7118,1.00,1.12
2016.01.08 16:00:26.750,1.71163,1.7118,1.50,1.12
2016.01.08 16:00:27.047,1.71165,1.71178,1.00,1.12
2016.01.08 16:00:27.098,1.71162,1.71178,1.37,1.12
2016.01.08 16:00:27.690,1.71165,1.71178,1.00,1.12
2016.01.08 16:00:28.149,1.71168,1.7118,1.00,1.12
2016.01.08 16:00:28.200,1.71168,1.7118,1.00,1.00
2016.01.08 16:00:28.582,1.71168,1.71172,1.00,1.87
2016.01.08 16:00:28.633,1.7116,1.71172,1.00,4.50
2016.01.08 16:00:28.736,1.71158,1.71172,1.00,1.75
2016.01.08 16:00:28.787,1.71158,1.71172,1.00,1.50
2016.01.08 16:00:28.889,1.71156,1.7117,1.00,1.75
2016.01.08 16:00:28.992,1.71153,1.71169,1.12,1.00
2016.01.08 16:00:29.564,1.71153,1.71166,1.00,1.87
2016.01.08 16:00:29.920,1.71153,1.71165,1.00,1.00
2016.01.08 16:00:29.972,1.71153,1.71169,1.12,1.47
2016.01.08 16:00:30.074,1.71151,1.71169,1.87,1.87
2016.01.08 16:00:30.125,1.7115,1.71169,2.25,3.75
2016.01.08 16:00:30.738,1.71147,1.71163,2.25,1.37
2016.01.08 16:00:31.045,1.71149,1.71162,2.62,1.37
2016.01.08 16:00:31.408,1.71148,1.71161,1.37,1.37
2016.01.08 16:00:31.729,1.71145,1.71161,1.12,1.37
2016.01.08 16:00:31.886,1.71147,1.71163,1.12,1.87
2016.01.08 16:00:31.938,1.71147,1.71165,1.12,1.87
2016.01.08 16:00:31.990,1.71147,1.71165,1.00,3.75
2016.01.08 16:00:32.094,1.71146,1.71163,1.00,1.87
2016.01.08 16:00:32.146,1.71145,1.71159,1.00,1.37
2016.01.08 16:00:32.668,1.71143,1.71153,1.00,1.37
2016.01.08 16:00:32.720,1.71143,1.71159,1.00,1.87
2016.01.08 16:00:32.823,1.71144,1.71156,1.12,1.00
2016.01.08 16:00:33.143,1.71145,1.71154,1.00,1.00
2016.01.08 16:00:33.348,1.71147,1.71161,1.12,1.37
2016.01.08 16:00:33.779,1.71145,1.71154,1.50,1.00
2016.01.08 16:00:33.833,1.71145,1.71157,1.37,1.12
2016.01.08 16:00:33.885,1.71142,1.71151,2.25,1.00
2016.01.08 16:00:34.090,1.7114,1.71157,1.00,1.57
2016.01.08 16:00:34.193,1.71144,1.71158,1.00,2.62
2016.01.08 16:00:34.764,1.71147,1.71163,1.00,3.37
2016.01.08 16:00:34.815,1.71144,1.71158,1.00,1.00
2016.01.08 16:00:35.121,1.71149,1.71164,1.12,2.62
2016.01.08 16:00:35.325,1.71149,1.71167,1.12,1.12
2016.01.08 16:00:35.789,1.7115,1.71166,1.00,1.12
2016.01.08 16:00:35.841,1.71148,1.71166,1.00,2.25
2016.01.08 16:00:35.892,1.71148,1.71165,1.12,1.37
2016.01.08 16:00:35.943,1.71148,1.71165,1.50,1.00
2016.01.08 16:00:36.096,1.71156,1.71168,1.00,1.57
2016.01.08 16:00:36.250,1.71157,1.71174,1.75,1.47
2016.01.08 16:00:36.301,1.71158,1.71171,1.12,1.00
2016.01.08 16:00:36.717,1.71167,1.71177,1.00,2.25
2016.01.08 16:00:36.768,1.71175,1.71192,1.37,1.87
2016.01.08 16:00:36.820,1.71172,1.7119,2.70,1.00
2016.01.08 16:00:36.923,1.71172,1.71188,1.87,1.00
2016.01.08 16:00:37.026,1.71173,1.71188,1.00,1.00
2016.01.08 16:00:37.179,1.71173,1.71186,1.00,1.00
2016.01.08 16:00:38.007,1.71165,1.7118,1.75,1.00
2016.01.08 16:00:38.061,1.71165,1.71178,1.12,1.00
2016.01.08 16:00:38.113,1.71163,1.7118,1.87,1.37
2016.01.08 16:00:38.215,1.71164,1.7118,1.37,1.37
2016.01.08 16:00:38.680,1.71165,1.71182,1.37,1.12
2016.01.08 16:00:39.008,1.71169,1.71186,1.37,2.25
2016.01.08 16:00:39.267,1.7116,1.71175,1.00,1.07
2016.01.08 16:00:39.319,1.7116,1.71171,1.00,1.00
2016.01.08 16:00:39.423,1.71153,1.7117,1.12,1.12
2016.01.08 16:00:39.475,1.71153,1.71167,1.00,1.00
2016.01.08 16:00:39.578,1.71151,1.71167,1.12,1.12
2016.01.08 16:00:39.680,1.71151,1.71163,1.37,1.00
2016.01.08 16:00:40.049,1.71149,1.71157,1.50,1.00
2016.01.08 16:00:40.101,1.71142,1.71159,1.47,1.00
2016.01.08 16:00:40.255,1.71147,1.71161,1.37,1.37
2016.01.08 16:00:40.662,1.71144,1.71159,1.57,1.37
2016.01.08 16:00:41.031,1.71147,1.71159,1.00,1.37
2016.01.08 16:00:41.338,1.71158,1.71167,1.87,1.12
2016.01.08 16:00:41.441,1.71166,1.71177,1.37,1.50
2016.01.08 16:00:41.689,1.71164,1.71178,2.02,1.12
2016.01.08 16:00:41.744,1.71164,1.71182,1.20,1.50
2016.01.08 16:00:42.153,1.71164,1.71177,1.85,1.00
2016.01.08 16:00:42.257,1.71162,1.71175,1.00,1.00
2016.01.08 16:00:42.309,1.7116,1.71173,1.87,1.12
2016.01.08 16:00:42.361,1.71159,1.71173,1.20,1.50
2016.01.08 16:00:42.515,1.71162,1.71177,1.12,1.37
2016.01.08 16:00:42.821,1.71169,1.71183,1.87,2.25
2016.01.08 16:00:43.099,1.71166,1.71182,1.12,2.70
2016.01.08 16:00:43.151,1.71168,1.71182,1.37,1.12
2016.01.08 16:00:43.202,1.71171,1.71184,1.37,1.50
2016.01.08 16:00:43.254,1.71171,1.71186,2.25,1.12
2016.01.08 16:00:43.356,1.71174,1.71187,1.50,1.12
2016.01.08 16:00:43.664,1.71175,1.71187,1.00,1.37
2016.01.08 16:00:44.184,1.71174,1.71185,1.00,1.12
2016.01.08 16:00:44.286,1.71171,1.71183,1.12,1.00
2016.01.08 16:00:44.338,1.71169,1.71183,1.00,1.87
2016.01.08 16:00:44.389,1.71166,1.71183,2.25,2.62
2016.01.08 16:00:44.441,1.71166,1.71182,1.87,1.95
2016.01.08 16:00:44.492,1.71169,1.71182,1.37,1.47
2016.01.08 16:00:44.747,1.71173,1.71187,1.37,1.20
2016.01.08 16:00:45.414,1.71169,1.71183,1.00,1.20
2016.01.08 16:00:45.722,1.71168,1.71177,1.00,1.87
2016.01.08 16:00:45.826,1.71168,1.71176,1.00,1.37
2016.01.08 16:00:45.877,1.71168,1.71178,1.00,1.12
2016.01.08 16:00:46.081,1.71162,1.71176,1.12,1.00
2016.01.08 16:00:46.429,1.7116,1.71174,1.50,1.00
2016.01.08 16:00:46.846,1.71158,1.71174,1.37,2.25
2016.01.08 16:00:47.053,1.71157,1.7117,1.12,1.37
2016.01.08 16:00:47.104,1.7116,1.71173,1.00,1.37
2016.01.08 16:00:47.481,1.71155,1.71167,1.10,1.00
2016.01.08 16:00:47.583,1.71152,1.71163,1.12,1.37
2016.01.08 16:00:47.635,1.71156,1.71167,1.00,1.00
2016.01.08 16:00:47.687,1.71153,1.71168,1.00,1.37
2016.01.08 16:00:47.841,1.71156,1.71167,1.00,2.25
2016.01.08 16:00:47.893,1.71152,1.71167,2.25,1.75
2016.01.08 16:00:47.995,1.7115,1.71163,1.50,1.00
2016.01.08 16:00:48.148,1.7115,1.71159,1.00,1.37
2016.01.08 16:00:48.406,1.71151,1.7116,1.00,1.00
2016.01.08 16:00:48.458,1.71151,1.7116,1.37,1.00
2016.01.08 16:00:48.662,1.71148,1.7116,1.95,1.37
2016.01.08 16:00:48.765,1.71151,1.71164,1.50,1.12
2016.01.08 16:00:49.001,1.71151,1.71165,1.75,1.12
2016.01.08 16:00:49.623,1.71151,1.71164,1.75,1.12
2016.01.08 16:00:49.932,1.71151,1.71163,1.75,1.00
2016.01.08 16:00:50.592,1.71155,1.71168,1.37,1.50
2016.01.08 16:00:50.643,1.7116,1.71175,1.00,1.47
2016.01.08 16:00:50.798,1.71162,1.71177,1.00,1.95
2016.01.08 16:00:50.901,1.71164,1.71178,1.00,2.25
2016.01.08 16:00:50.952,1.71165,1.71178,1.00,1.12
2016.01.08 16:00:51.207,1.71163,1.71179,1.12,1.10
2016.01.08 16:00:51.520,1.71165,1.71178,3.00,1.00
2016.01.08 16:00:52.031,1.71166,1.71181,1.00,1.50
2016.01.08 16:00:52.083,1.71166,1.71181,1.00,1.00
2016.01.08 16:00:52.134,1.71164,1.71182,3.37,1.37
2016.01.08 16:00:52.185,1.71164,1.7118,2.62,1.00
2016.01.08 16:00:52.811,1.71164,1.7118,1.65,1.37
2016.01.08 16:00:52.871,1.71171,1.71181,1.00,1.37
2016.01.08 16:00:52.973,1.71171,1.71182,1.00,1.37
2016.01.08 16:00:53.024,1.71168,1.71182,1.00,1.37
2016.01.08 16:00:53.076,1.71171,1.71181,1.00,1.00
2016.01.08 16:00:53.280,1.71168,1.71181,1.00,1.12
2016.01.08 16:00:53.332,1.71168,1.71181,1.00,1.75
2016.01.08 16:00:53.797,1.71165,1.71178,1.50,1.00
2016.01.08 16:00:53.850,1.71165,1.71176,1.50,1.50
2016.01.08 16:00:54.105,1.71163,1.71179,2.62,1.50
2016.01.08 16:00:54.411,1.71164,1.71177,1.95,1.00
2016.01.08 16:00:54.979,1.71162,1.71175,1.65,1.00
2016.01.08 16:00:55.032,1.71163,1.71178,1.37,1.12
2016.01.08 16:00:55.084,1.71165,1.71178,1.12,1.00
2016.01.08 16:00:55.187,1.71162,1.71176,1.95,1.00
2016.01.08 16:00:55.291,1.71162,1.71175,1.12,1.00
2016.01.08 16:00:55.446,1.71162,1.71175,1.12,1.00
2016.01.08 16:00:56.019,1.71165,1.71175,1.50,1.00
2016.01.08 16:00:56.174,1.71162,1.71175,1.57,1.00
2016.01.08 16:00:56.707,1.71162,1.71174,1.95,1.00
2016.01.08 16:00:56.758,1.71161,1.71172,1.37,1.00
2016.01.08 16:00:57.132,1.71161,1.71169,1.12,1.37
2016.01.08 16:00:57.184,1.71155,1.71169,1.50,1.00
2016.01.08 16:00:57.288,1.71154,1.71168,2.25,1.37
2016.01.08 16:00:57.594,1.71149,1.71163,1.12,1.12
2016.01.08 16:00:58.172,1.7115,1.71164,1.12,2.25
2016.01.08 16:00:58.224,1.71153,1.71167,1.12,1.50
2016.01.08 16:00:58.275,1.71153,1.71167,3.00,1.00
2016.01.08 16:00:58.428,1.71155,1.7117,1.37,1.00
2016.01.08 16:00:58.581,1.71155,1.71173,1.00,2.32
2016.01.08 16:00:58.684,1.71155,1.71171,1.00,1.00
2016.01.08 16:00:59.206,1.71159,1.71173,2.62,1.10
2016.01.08 16:00:59.563,1.71158,1.71166,1.12,1.50
2016.01.08 16:00:59.615,1.71154,1.71166,1.12,1.37
2016.01.08 16:00:59.666,1.71156,1.71163,1.00,1.12
2016.01.08 16:00:59.819,1.71156,1.71167,1.12,1.00
2016.01.08 16:01:00.411,1.71158,1.7117,1.12,1.87
2016.01.08 16:01:00.615,1.71162,1.71174,1.12,1.00
2016.01.08 16:01:00.667,1.71165,1.71179,1.00,2.62
2016.01.08 16:01:00.718,1.71166,1.71181,1.00,1.12
2016.01.08 16:01:00.821,1.71166,1.71183,1.75,1.50
2016.01.08 16:01:00.924,1.7117,1.71183,1.00,1.00
2016.01.08 16:01:01.244,1.71171,1.71187,1.12,2.32
2016.01.08 16:01:01.296,1.71173,1.71187,1.00,1.10
2016.01.08 16:01:01.398,1.71171,1.71187,1.12,1.50
2016.01.08 16:01:01.602,1.71173,1.71187,1.00,1.50
2016.01.08 16:01:01.857,1.7117,1.71186,1.12,1.00
2016.01.08 16:01:02.749,1.7117,1.71182,1.00,1.00
2016.01.08 16:01:02.802,1.7117,1.71185,1.00,1.00
2016.01.08 16:01:02.904,1.7117,1.71182,1.00,1.00
2016.01.08 16:01:03.476,1.71168,1.7118,1.00,1.37
2016.01.08 16:01:03.531,1.71167,1.71183,1.00,1.57
2016.01.08 16:01:03.582,1.71166,1.71182,1.50,1.50
2016.01.08 16:01:03.888,1.71168,1.71182,1.50,1.00
2016.01.08 16:01:04.107,1.71169,1.71184,1.87,1.00
2016.01.08 16:01:04.210,1.71169,1.71182,1.87,1.00
2016.01.08 16:01:04.531,1.71169,1.71182,1.12,1.47
2016.01.08 16:01:04.796,1.71172,1.71184,1.00,1.37
2016.01.08 16:01:04.847,1.7117,1.71184,1.20,1.37
2016.01.08 16:01:04.899,1.71172,1.71183,1.00,1.50
2016.01.08 16:01:05.207,1.71179,1.71183,1.00,1.12
2016.01.08 16:01:05.632,1.71179,1.71194,1.00,2.32
2016.01.08 16:01:05.937,1.71178,1.71196,1.12,3.75
2016.01.08 16:01:05.988,1.71178,1.71194,1.12,2.25
2016.01.08 16:01:06.142,1.71178,1.71194,1.00,1.12
2016.01.08 16:01:06.673,1.71173,1.71185,1.00,1.37
2016.01.08 16:01:06.927,1.71173,1.71189,1.00,1.75
2016.01.08 16:01:07.030,1.71175,1.71186,1.00,1.00
2016.01.08 16:01:07.335,1.71178,1.71189,1.00,1.00
2016.01.08 16:01:07.971,1.71178,1.71195,1.50,1.57
2016.01.08 16:01:08.022,1.71184,1.71197,1.00,2.62
2016.01.08 16:01:08.124,1.71185,1.712,1.00,2.62
2016.01.08 16:01:08.176,1.71189,1.712,1.00,1.50
2016.01.08 16:01:08.227,1.71185,1.71202,2.25,1.12
2016.01.08 16:01:08.330,1.71184,1.71197,1.00,1.00
2016.01.08 16:01:08.983,1.71185,1.71196,1.00,1.00
2016.01.08 16:01:09.035,1.71184,1.712,1.87,1.47
2016.01.08 16:01:09.343,1.71187,1.71201,1.00,1.37
2016.01.08 16:01:09.700,1.71187,1.71199,1.00,1.37
2016.01.08 16:01:10.077,1.71189,1.71204,1.00,1.95
2016.01.08 16:01:10.232,1.71184,1.71201,1.12,1.75
2016.01.08 16:01:10.591,1.71181,1.71199,1.75,1.85
2016.01.08 16:01:10.848,1.71189,1.71201,1.00,2.62
2016.01.08 16:01:11.194,1.71186,1.71199,1.00,1.20
2016.01.08 16:01:11.246,1.71187,1.712,1.12,1.07
2016.01.08 16:01:11.700,1.71186,1.71201,1.00,1.12
2016.01.08 16:01:12.007,1.71184,1.71199,1.37,1.00
2016.01.08 16:01:12.320,1.71186,1.712,1.37,1.12
2016.01.08 16:01:12.626,1.71193,1.71206,1.00,2.25
2016.01.08 16:01:13.137,1.71194,1.71206,1.00,1.12
2016.01.08 16:01:13.575,1.71192,1.71206,1.00,1.00
2016.01.08 16:01:13.829,1.71188,1.71206,1.12,2.32
2016.01.08 16:01:13.931,1.71187,1.71204,1.00,1.87
2016.01.08 16:01:14.422,1.7119,1.71204,1.12,1.87
2016.01.08 16:01:14.474,1.71191,1.71205,1.00,1.95
2016.01.08 16:01:14.731,1.71193,1.71206,1.00,1.50
2016.01.08 16:01:15.798,1.71193,1.71199,1.00,1.37
2016.01.08 16:01:15.850,1.71185,1.71197,1.12,1.00
2016.01.08 16:01:15.901,1.71184,1.71197,1.12,1.50
2016.01.08 16:01:15.953,1.71184,1.71198,1.37,1.37
2016.01.08 16:01:16.059,1.71187,1.71199,1.00,1.37
2016.01.08 16:01:16.162,1.71188,1.712,1.00,1.00
2016.01.08 16:01:16.316,1.71185,1.71199,1.27,1.12
2016.01.08 16:01:16.368,1.71184,1.71193,1.87,1.00
2016.01.08 16:01:16.697,1.71183,1.71197,1.57,1.00
2016.01.08 16:01:16.802,1.71186,1.71198,1.00,1.37
2016.01.08 16:01:16.904,1.71183,1.71196,1.20,1.37
2016.01.08 16:01:16.956,1.71182,1.71193,2.25,1.37
2016.01.08 16:01:17.059,1.71182,1.71195,1.87,1.50
2016.01.08 16:01:17.161,1.71181,1.71196,2.62,1.37
2016.01.08 16:01:17.264,1.7118,1.71193,1.75,1.37
2016.01.08 16:01:17.316,1.71178,1.71193,3.00,1.75
2016.01.08 16:01:17.419,1.71178,1.71192,1.00,1.37
2016.01.08 16:01:17.746,1.71176,1.71186,1.10,1.12
2016.01.08 16:01:17.902,1.71174,1.71188,1.00,1.87
2016.01.08 16:01:18.056,1.71172,1.71188,1.57,1.50
2016.01.08 16:01:18.210,1.71173,1.71188,1.00,2.62
2016.01.08 16:01:18.364,1.71169,1.71183,1.20,1.37
2016.01.08 16:01:18.726,1.7117,1.7118,1.37,1.12
2016.01.08 16:01:18.830,1.7117,1.71184,1.12,1.12
2016.01.08 16:01:19.085,1.7117,1.71182,1.00,1.00
2016.01.08 16:01:19.495,1.7117,1.71182,1.12,1.37
2016.01.08 16:01:19.884,1.71169,1.71178,1.00,1.37
2016.01.08 16:01:20.139,1.71167,1.71181,1.50,1.37
2016.01.08 16:01:20.292,1.71166,1.71176,1.87,1.00
2016.01.08 16:01:20.598,1.71166,1.7118,1.37,1.12
2016.01.08 16:01:20.935,1.71163,1.71175,1.01,1.37
2016.01.08 16:01:21.088,1.71162,1.71174,1.87,1.37
2016.01.08 16:01:21.190,1.71159,1.71173,1.20,1.75
2016.01.08 16:01:21.242,1.7116,1.71174,1.00,2.62
2016.01.08 16:01:21.499,1.71174,1.71186,1.00,1.00
2016.01.08 16:01:21.551,1.71177,1.71187,1.37,1.00
2016.01.08 16:01:21.904,1.71177,1.71191,2.25,1.00
2016.01.08 16:01:21.955,1.71179,1.71189,1.00,1.00
2016.01.08 16:01:22.007,1.71179,1.71194,1.00,1.00
2016.01.08 16:01:22.060,1.71179,1.71194,1.12,1.12
2016.01.08 16:01:22.315,1.71182,1.71199,1.12,3.75
2016.01.08 16:01:22.366,1.71182,1.71196,1.12,1.00
2016.01.08 16:01:22.570,1.71182,1.71197,1.50,1.75
2016.01.08 16:01:23.157,1.71181,1.71194,1.00,1.12
2016.01.08 16:01:23.208,1.71178,1.7119,1.00,1.87
2016.01.08 16:01:23.262,1.71178,1.71187,1.00,2.62
2016.01.08 16:01:23.315,1.71175,1.71187,1.00,2.62
2016.01.08 16:01:23.367,1.71173,1.71187,1.50,2.62
2016.01.08 16:01:23.520,1.71173,1.71187,1.74,1.00
2016.01.08 16:01:23.878,1.71174,1.71192,1.06,3.00
2016.01.08 16:01:24.197,1.71177,1.71192,1.24,1.50
2016.01.08 16:01:24.248,1.71177,1.71193,1.61,2.25
2016.01.08 16:01:24.452,1.71177,1.71191,1.74,1.00
2016.01.08 16:01:24.759,1.71179,1.71194,2.11,1.12
2016.01.08 16:01:24.810,1.71179,1.71197,2.11,3.37
2016.01.08 16:01:24.913,1.71183,1.71197,1.50,2.25
2016.01.08 16:01:25.285,1.71187,1.712,1.24,1.75
2016.01.08 16:01:25.795,1.71186,1.712,1.24,1.87
2016.01.08 16:01:25.847,1.71186,1.712,1.00,1.87
2016.01.08 16:01:26.233,1.71184,1.71199,1.06,1.87
2016.01.08 16:01:26.340,1.71186,1.71199,1.00,1.37
2016.01.08 16:01:26.851,1.71182,1.71192,3.24,1.00
2016.01.08 16:01:27.157,1.71182,1.71192,1.12,1.12
2016.01.08 16:01:27.576,1.71181,1.71192,2.19,1.12
2016.01.08 16:01:27.881,1.71179,1.71191,1.10,1.87
2016.01.08 16:01:28.496,1.71177,1.71191,1.74,1.00
2016.01.08 16:01:28.902,1.71177,1.71191,1.10,1.00
2016.01.08 16:01:29.602,1.71178,1.71191,2.25,1.00
2016.01.08 16:01:29.653,1.71179,1.71193,1.10,1.00
2016.01.08 16:01:30.110,1.71179,1.7119,1.20,1.00
2016.01.08 16:01:30.263,1.71178,1.71192,1.50,1.12
2016.01.08 16:01:30.914,1.71178,1.71191,2.25,1.00
2016.01.08 16:01:31.070,1.71179,1.71193,1.10,1.00
2016.01.08 16:01:31.326,1.71178,1.7119,1.12,1.00
2016.01.08 16:01:31.581,1.71177,1.71192,1.57,1.00
2016.01.08 16:01:31.633,1.71179,1.71194,1.00,2.62
2016.01.08 16:01:32.054,1.71175,1.71193,1.65,1.37
2016.01.08 16:01:32.107,1.71174,1.71193,4.50,3.37
2016.01.08 16:01:32.468,1.71175,1.71188,1.50,1.00
2016.01.08 16:01:33.081,1.71172,1.71189,1.20,1.00
2016.01.08 16:01:33.133,1.71172,1.71188,1.47,1.00
2016.01.08 16:01:33.491,1.71171,1.71188,2.40,1.50
2016.01.08 16:01:33.697,1.7117,1.71186,1.00,1.50
2016.01.08 16:01:34.115,1.7117,1.71186,1.47,1.50
2016.01.08 16:01:34.523,1.7117,1.71182,1.50,1.00
2016.01.08 16:01:34.731,1.71172,1.71185,1.37,1.00
2016.01.08 16:01:34.783,1.7117,1.71185,1.12,1.00
2016.01.08 16:01:35.251,1.71169,1.71184,2.62,1.00
2016.01.08 16:01:35.404,1.71169,1.71184,2.62,1.00
2016.01.08 16:01:35.912,1.7117,1.71184,1.12,1.00
2016.01.08 16:01:36.440,1.7117,1.71182,1.12,1.00
2016.01.08 16:01:36.950,1.71169,1.71181,1.37,1.00
2016.01.08 16:01:37.308,1.7117,1.71182,1.37,1.00
2016.01.08 16:01:37.841,1.7117,1.71184,2.32,1.00
2016.01.08 16:01:38.978,1.71168,1.71179,1.00,1.00
2016.01.08 16:01:39.137,1.71161,1.71176,1.57,1.00
2016.01.08 16:01:39.189,1.71161,1.71176,1.20,1.00
2016.01.08 16:01:39.241,1.71161,1.71174,1.10,1.00
2016.01.08 16:01:39.919,1.7116,1.71177,1.47,1.50
2016.01.08 16:01:40.431,1.71162,1.71174,1.00,1.00
2016.01.08 16:01:40.483,1.71162,1.71176,1.00,1.12
2016.01.08 16:01:40.636,1.7116,1.71173,1.29,1.00
2016.01.08 16:01:41.712,1.71159,1.71172,1.49,1.00
2016.01.08 16:01:42.136,1.71168,1.71174,1.49,1.00
2016.01.08 16:01:42.190,1.71168,1.71181,1.49,1.00
2016.01.08 16:01:42.344,1.71165,1.71182,1.56,1.00
2016.01.08 16:01:42.737,1.71169,1.71183,1.21,1.00
2016.01.08 16:01:42.839,1.71169,1.71185,1.21,1.10
2016.01.08 16:01:43.218,1.71169,1.71185,1.56,1.00
2016.01.08 16:01:43.525,1.71166,1.7118,1.19,1.00
2016.01.08 16:01:43.628,1.71165,1.7118,1.59,1.37
2016.01.08 16:01:43.832,1.71166,1.7118,1.46,1.00
2016.01.08 16:01:43.934,1.71166,1.71183,1.66,1.00
2016.01.08 16:01:44.258,1.7117,1.71187,1.12,1.50
2016.01.08 16:01:44.614,1.71169,1.71182,1.87,1.37
2016.01.08 16:01:44.665,1.71167,1.71182,1.96,1.75
2016.01.08 16:01:44.717,1.71166,1.7118,1.10,1.37
2016.01.08 16:01:44.920,1.71166,1.71183,1.22,1.87
2016.01.08 16:01:45.023,1.71168,1.71182,1.00,1.12
2016.01.08 16:01:45.325,1.71177,1.71182,1.00,1.00
2016.01.08 16:01:45.381,1.71177,1.71188,1.00,1.00
2016.01.08 16:01:45.432,1.71179,1.71193,1.50,1.12
2016.01.08 16:01:45.637,1.71181,1.71198,1.45,1.87
2016.01.08 16:01:45.841,1.7118,1.71196,1.57,1.50
2016.01.08 16:01:45.943,1.7118,1.71194,1.48,1.12
2016.01.08 16:01:45.994,1.71178,1.71194,1.73,1.12
2016.01.08 16:01:46.564,1.71178,1.71191,1.00,1.50
2016.01.08 16:01:46.972,1.71175,1.7119,1.00,1.00
2016.01.08 16:01:47.024,1.71175,1.7119,1.00,2.25
2016.01.08 16:01:47.547,1.71175,1.71189,1.00,1.37
2016.01.08 16:01:47.853,1.71178,1.71193,1.00,3.00
2016.01.08 16:01:48.367,1.71177,1.7119,1.50,1.75
2016.01.08 16:01:48.754,1.71177,1.7119,1.00,1.75
2016.01.08 16:01:49.212,1.7118,1.7119,1.00,2.25
2016.01.08 16:01:49.315,1.71178,1.71188,1.00,1.00
2016.01.08 16:01:49.367,1.7118,1.71188,1.00,1.12
2016.01.08 16:01:49.694,1.71174,1.71188,1.00,1.12
2016.01.08 16:01:49.797,1.71172,1.71188,1.00,2.62
2016.01.08 16:01:49.900,1.71171,1.71187,1.12,1.95
2016.01.08 16:01:50.183,1.71168,1.71185,2.62,1.83
2016.01.08 16:01:50.387,1.71172,1.71185,1.00,1.83
2016.01.08 16:01:50.438,1.71172,1.71186,1.00,1.28
2016.01.08 16:01:50.540,1.7117,1.71186,1.37,2.03
2016.01.08 16:01:50.868,1.7117,1.71185,1.00,2.03
2016.01.08 16:01:51.022,1.71168,1.71185,1.00,2.78
2016.01.08 16:01:51.329,1.71165,1.7118,2.25,1.20
2016.01.08 16:01:51.845,1.71165,1.71179,1.87,1.08
2016.01.08 16:01:52.220,1.71165,1.71179,1.00,1.45
2016.01.08 16:01:52.983,1.71164,1.71179,1.50,1.45
2016.01.08 16:01:53.186,1.71164,1.71179,1.50,1.45
2016.01.08 16:01:53.391,1.71161,1.71179,2.62,2.70
2016.01.08 16:01:53.443,1.71161,1.71178,1.00,1.20
2016.01.08 16:01:53.546,1.7116,1.71176,1.12,1.58
2016.01.08 16:01:54.277,1.7116,1.71173,1.00,1.95
2016.01.08 16:01:54.329,1.71158,1.71173,1.00,1.45
2016.01.08 16:01:54.381,1.71158,1.71174,1.37,1.20
2016.01.08 16:01:54.738,1.71157,1.71174,2.62,1.45
2016.01.08 16:01:55.264,1.7116,1.71171,1.00,1.45
2016.01.08 16:01:55.323,1.7116,1.71177,1.37,2.40
2016.01.08 16:01:55.374,1.7116,1.71177,1.37,3.48
2016.01.08 16:01:55.833,1.71162,1.71177,1.50,1.51
2016.01.08 16:01:55.936,1.71161,1.71177,1.00,1.89
2016.01.08 16:01:56.467,1.71165,1.71178,1.12,1.37
2016.01.08 16:01:56.621,1.71164,1.71179,1.37,1.00
2016.01.08 16:01:56.724,1.71163,1.71177,1.57,1.08
2016.01.08 16:01:56.980,1.71161,1.71176,2.02,1.20
2016.01.08 16:01:57.083,1.71161,1.71177,3.07,1.37
2016.01.08 16:01:57.496,1.71165,1.71179,1.57,1.08
2016.01.08 16:01:57.956,1.71164,1.71177,1.00,3.38
2016.01.08 16:01:58.008,1.71161,1.71177,1.00,3.38
2016.01.08 16:01:58.161,1.71164,1.71177,1.00,1.38
2016.01.08 16:01:58.263,1.71159,1.71176,1.12,1.50
2016.01.08 16:01:58.316,1.71161,1.71176,1.00,1.50
2016.01.08 16:01:58.639,1.71164,1.71176,1.00,1.50
2016.01.08 16:01:58.691,1.71167,1.71179,1.00,1.01
2016.01.08 16:01:58.999,1.71171,1.71185,1.00,2.63
2016.01.08 16:01:59.050,1.71171,1.71186,1.00,1.13
2016.01.08 16:01:59.203,1.71171,1.71188,1.75,1.88
2016.01.08 16:01:59.255,1.71173,1.71189,1.00,1.88
2016.01.08 16:01:59.627,1.71173,1.71191,1.12,1.75
2016.01.08 16:01:59.779,1.71171,1.71188,1.37,1.38
2016.01.08 16:01:59.881,1.71171,1.71189,1.00,4.50
2016.01.08 16:01:59.983,1.71171,1.71185,1.75,1.38
2016.01.08 16:02:00.086,1.71171,1.71185,1.12,1.38
2016.01.08 16:02:00.187,1.71171,1.71185,1.00,3.00
2016.01.08 16:02:00.340,1.71169,1.71185,1.57,3.00
2016.01.08 16:02:00.865,1.71169,1.71185,1.12,1.75
2016.01.08 16:02:01.378,1.71175,1.71184,1.00,1.50
2016.01.08 16:02:02.007,1.71177,1.7119,1.00,1.37
2016.01.08 16:02:02.058,1.71175,1.71191,1.20,1.50
2016.01.08 16:02:02.161,1.71174,1.71187,1.37,2.25
2016.01.08 16:02:02.213,1.71172,1.71187,2.20,2.25
2016.01.08 16:02:02.265,1.71172,1.71187,1.12,1.50
2016.01.08 16:02:02.316,1.71172,1.71187,1.00,1.50
2016.01.08 16:02:02.369,1.7117,1.71186,1.10,1.00
2016.01.08 16:02:02.523,1.71168,1.71185,1.10,1.47
2016.01.08 16:02:02.976,1.71166,1.7118,1.00,1.37
2016.01.08 16:02:03.282,1.71163,1.71178,3.07,1.75
2016.01.08 16:02:03.589,1.71161,1.71175,2.32,2.62
2016.01.08 16:02:04.101,1.71164,1.71175,1.00,1.87
2016.01.08 16:02:04.580,1.71164,1.71178,1.50,1.85
2016.01.08 16:02:04.784,1.71166,1.71177,1.00,1.50
2016.01.08 16:02:05.083,1.71167,1.71182,1.20,1.50
2016.01.08 16:02:05.136,1.71171,1.71183,1.00,1.37
2016.01.08 16:02:05.442,1.7117,1.71177,1.00,1.87
2016.01.08 16:02:05.619,1.71172,1.71184,1.00,1.95
2016.01.08 16:02:05.670,1.71172,1.71184,1.00,1.87
2016.01.08 16:02:05.875,1.71168,1.7118,1.50,1.12
2016.01.08 16:02:06.193,1.71167,1.71176,1.00,1.87
2016.01.08 16:02:06.350,1.71167,1.71181,1.50,3.00
2016.01.08 16:02:06.452,1.71167,1.71177,1.00,1.87
2016.01.08 16:02:06.757,1.71164,1.71173,1.00,1.87
2016.01.08 16:02:06.909,1.71167,1.71177,1.00,1.87
2016.01.08 16:02:07.269,1.71162,1.71177,1.87,2.62
2016.01.08 16:02:07.788,1.71163,1.71177,1.00,3.37
2016.01.08 16:02:08.109,1.71166,1.7118,1.00,1.95
2016.01.08 16:02:08.160,1.71167,1.71181,1.37,2.62
2016.01.08 16:02:08.500,1.71167,1.71179,1.50,2.25
2016.01.08 16:02:08.907,1.71169,1.71182,1.10,1.37
2016.01.08 16:02:09.009,1.71167,1.71179,3.00,2.62
2016.01.08 16:02:09.213,1.71169,1.71182,1.10,1.37
2016.01.08 16:02:09.264,1.71172,1.71182,1.00,1.00
2016.01.08 16:02:09.316,1.71172,1.71184,1.50,1.12
2016.01.08 16:02:09.869,1.71174,1.71186,1.10,2.25
2016.01.08 16:02:09.922,1.71174,1.71188,1.50,1.37
2016.01.08 16:02:10.179,1.71172,1.71183,1.00,1.00
2016.01.08 16:02:10.487,1.71173,1.71187,1.00,1.75
2016.01.08 16:02:10.538,1.71173,1.71186,1.50,1.00
2016.01.08 16:02:10.902,1.71173,1.71187,1.12,1.37
2016.01.08 16:02:11.214,1.71175,1.71187,1.00,1.37
2016.01.08 16:02:11.318,1.71173,1.71185,1.50,1.37
2016.01.08 16:02:12.119,1.71173,1.71188,2.25,1.87
2016.01.08 16:02:12.628,1.71178,1.71188,1.00,1.87
2016.01.08 16:02:12.732,1.71173,1.71188,2.25,1.87
2016.01.08 16:02:13.210,1.71174,1.71187,1.00,1.87
2016.01.08 16:02:13.519,1.7117,1.71187,1.50,3.07
2016.01.08 16:02:13.723,1.71169,1.71184,2.32,1.87
2016.01.08 16:02:14.028,1.71169,1.71181,1.50,1.87
2016.01.08 16:02:14.405,1.71167,1.71177,2.25,1.87
2016.01.08 16:02:14.511,1.71163,1.71178,1.00,1.37
2016.01.08 16:02:14.716,1.71166,1.71179,1.00,1.50
2016.01.08 16:02:14.920,1.71167,1.71182,1.12,1.50
2016.01.08 16:02:14.972,1.71167,1.71176,1.12,1.00
2016.01.08 16:02:15.382,1.7116,1.71172,1.00,1.50
2016.01.08 16:02:15.692,1.71157,1.71169,1.20,1.87
2016.01.08 16:02:15.794,1.71157,1.7117,1.12,1.87
2016.01.08 16:02:16.049,1.71159,1.71173,1.95,1.75
2016.01.08 16:02:16.151,1.71159,1.71172,1.57,1.37
2016.01.08 16:02:16.884,1.71158,1.7117,1.12,1.37
2016.01.08 16:02:17.189,1.7115,1.71165,1.00,1.12
2016.01.08 16:02:17.876,1.71148,1.71163,1.95,1.12
2016.01.08 16:02:17.930,1.71148,1.71158,1.10,1.75
2016.01.08 16:02:18.032,1.71146,1.71159,1.95,1.00
2016.01.08 16:02:18.135,1.71148,1.71162,1.00,1.00
2016.01.08 16:02:18.186,1.71152,1.71164,1.00,1.87
2016.01.08 16:02:18.492,1.71152,1.71166,1.27,1.75
2016.01.08 16:02:18.877,1.71151,1.71166,2.62,1.37
2016.01.08 16:02:19.032,1.71156,1.71168,1.12,2.25
2016.01.08 16:02:19.187,1.71154,1.71165,1.75,1.00
2016.01.08 16:02:19.495,1.71152,1.71165,1.00,1.50
2016.01.08 16:02:20.005,1.71151,1.71162,1.00,2.25
2016.01.08 16:02:20.514,1.71152,1.71162,1.37,1.87
2016.01.08 16:02:20.566,1.7115,1.71164,1.85,1.37
2016.01.08 16:02:20.668,1.71151,1.71164,2.25,1.37
2016.01.08 16:02:20.770,1.7115,1.71164,1.85,1.37
2016.01.08 16:02:21.351,1.71151,1.71162,1.00,1.50
2016.01.08 16:02:21.881,1.71149,1.71163,1.87,1.37
2016.01.08 16:02:22.329,1.71148,1.71161,1.12,2.25
2016.01.08 16:02:22.433,1.71148,1.71164,1.37,4.20
2016.01.08 16:02:22.536,1.7115,1.71165,1.12,1.87
2016.01.08 16:02:22.943,1.71151,1.71168,1.50,1.20
2016.01.08 16:02:23.326,1.71153,1.71168,1.00,2.40
2016.01.08 16:02:23.636,1.71151,1.71164,1.00,1.87
2016.01.08 16:02:24.301,1.71152,1.71164,1.00,1.87
2016.01.08 16:02:25.001,1.71151,1.71164,1.00,1.87
2016.01.08 16:02:25.657,1.71151,1.71164,1.37,1.87
2016.01.08 16:02:26.172,1.71148,1.71156,1.95,1.87
2016.01.08 16:02:26.638,1.71147,1.71161,1.37,1.50
2016.01.08 16:02:26.691,1.71147,1.71162,1.50,3.00
2016.01.08 16:02:26.742,1.71147,1.71162,1.87,3.00
2016.01.08 16:02:27.050,1.71152,1.71162,1.00,1.87
2016.01.08 16:02:27.255,1.7115,1.71162,1.12,1.87
2016.01.08 16:02:27.686,1.71153,1.71165,2.25,1.37
2016.01.08 16:02:28.161,1.71154,1.71166,1.12,1.87
2016.01.08 16:02:28.263,1.71156,1.71172,1.07,3.75
2016.01.08 16:02:28.778,1.71156,1.71171,1.57,1.75
2016.01.08 16:02:29.034,1.71159,1.71172,1.47,1.87
2016.01.08 16:02:29.362,1.71158,1.71172,1.20,1.87
2016.01.08 16:02:30.018,1.71158,1.71172,2.02,1.87
2016.01.08 16:02:30.223,1.71162,1.71175,1.37,1.87
2016.01.08 16:02:30.977,1.71165,1.7118,1.50,1.87
2016.01.08 16:02:31.080,1.71172,1.71182,1.00,1.87
2016.01.08 16:02:31.182,1.71169,1.71182,1.50,1.87
2016.01.08 16:02:31.337,1.71169,1.7118,1.12,1.00
2016.01.08 16:02:31.592,1.71166,1.7118,4.12,1.00
2016.01.08 16:02:32.014,1.71169,1.71182,1.00,1.50
2016.01.08 16:02:32.326,1.71168,1.71182,1.00,1.50
2016.01.08 16:02:32.378,1.71166,1.71182,1.20,1.50
2016.01.08 16:02:32.684,1.71162,1.71176,1.20,1.00
2016.01.08 16:02:32.736,1.71162,1.71178,1.12,1.37
2016.01.08 16:02:33.337,1.71171,1.71178,1.12,1.00
2016.01.08 16:02:33.389,1.71169,1.7118,1.12,1.00
2016.01.08 16:02:33.441,1.71169,1.71178,1.00,1.37
2016.01.08 16:02:33.492,1.71166,1.71178,1.50,1.75
2016.01.08 16:02:33.595,1.71162,1.71175,1.95,1.00
2016.01.08 16:02:33.748,1.71162,1.71179,1.12,1.95
2016.01.08 16:02:33.800,1.71164,1.71179,1.00,1.20
2016.01.08 16:02:34.107,1.71168,1.71182,2.25,1.62
2016.01.08 16:02:34.527,1.71171,1.71187,1.85,1.56
2016.01.08 16:02:34.629,1.71173,1.71187,1.50,1.56
2016.01.08 16:02:34.886,1.71177,1.71189,1.50,1.01
2016.01.08 16:02:34.938,1.71178,1.71192,1.12,1.75
2016.01.08 16:02:34.990,1.71179,1.71197,1.45,1.95
2016.01.08 16:02:35.041,1.71182,1.71197,1.00,1.95
2016.01.08 16:02:35.524,1.7118,1.71192,1.00,1.57
2016.01.08 16:02:35.629,1.71175,1.71191,1.00,1.47
2016.01.08 16:02:35.834,1.71175,1.7119,1.00,1.50
2016.01.08 16:02:36.039,1.71175,1.71184,1.00,1.37
2016.01.08 16:02:36.345,1.7116,1.71173,1.37,1.12
2016.01.08 16:02:36.714,1.7116,1.71173,1.37,1.57
2016.01.08 16:02:36.985,1.71162,1.71173,1.00,1.12
2016.01.08 16:02:37.240,1.71158,1.71168,1.00,1.37
2016.01.08 16:02:37.825,1.71148,1.71157,1.00,1.37
2016.01.08 16:02:37.883,1.71141,1.71154,1.00,1.50
2016.01.08 16:02:37.935,1.71141,1.71154,1.00,1.12
2016.01.08 16:02:38.088,1.71138,1.71154,1.12,1.12
2016.01.08 16:02:38.445,1.71141,1.71157,1.00,2.20
2016.01.08 16:02:38.846,1.71144,1.71153,1.50,1.95
2016.01.08 16:02:38.897,1.71137,1.71152,1.00,1.37
2016.01.08 16:02:39.459,1.71138,1.71153,1.00,1.37
2016.01.08 16:02:39.884,1.71142,1.71156,1.00,1.95
2016.01.08 16:02:39.986,1.71139,1.71156,1.00,1.95
2016.01.08 16:02:40.646,1.7114,1.71155,1.00,1.12
2016.01.08 16:02:40.799,1.71139,1.71152,1.12,3.37
2016.01.08 16:02:41.379,1.71133,1.71149,1.07,2.25
2016.01.08 16:02:41.889,1.71132,1.71151,1.87,2.25
2016.01.08 16:02:42.532,1.71134,1.71151,1.20,1.20
2016.01.08 16:02:42.583,1.71134,1.71152,1.57,1.87
2016.01.08 16:02:43.448,1.71134,1.71151,1.12,1.37
2016.01.08 16:02:43.786,1.71138,1.7115,1.00,1.00
2016.01.08 16:02:44.298,1.71136,1.7115,1.12,1.12
2016.01.08 16:02:44.400,1.71136,1.71148,1.12,1.37
2016.01.08 16:02:44.722,1.71134,1.71148,1.20,1.12
2016.01.08 16:02:44.989,1.71134,1.71148,1.20,1.37
2016.01.08 16:02:45.449,1.71133,1.71148,1.12,1.37
2016.01.08 16:02:45.703,1.71132,1.71145,1.85,1.37
2016.01.08 16:02:45.805,1.71132,1.71145,1.10,1.37
2016.01.08 16:02:46.287,1.71131,1.71145,1.50,1.37
2016.01.08 16:02:46.492,1.71128,1.71142,2.02,1.37
2016.01.08 16:02:47.418,1.71128,1.71142,1.87,1.37
2016.01.08 16:02:47.929,1.71127,1.71143,1.37,1.37
2016.01.08 16:02:49.113,1.71132,1.71145,1.00,1.37
2016.01.08 16:02:49.320,1.71129,1.71144,1.00,1.12
2016.01.08 16:02:49.474,1.71129,1.71145,1.00,1.12
2016.01.08 16:02:50.060,1.71129,1.71147,3.24,1.50
2016.01.08 16:02:50.112,1.7113,1.71147,1.67,1.00
2016.01.08 16:02:50.677,1.71133,1.71148,1.00,1.87
2016.01.08 16:02:50.779,1.7113,1.71148,1.32,3.00
2016.01.08 16:02:51.313,1.71129,1.71147,1.00,1.87
2016.01.08 16:02:51.822,1.71129,1.71147,1.32,1.87
2016.01.08 16:02:51.924,1.71128,1.71144,1.24,1.00
2016.01.08 16:02:52.641,1.71132,1.71147,2.11,1.50
2016.01.08 16:02:52.794,1.71132,1.71147,1.81,1.00
2016.01.08 16:02:53.151,1.71133,1.71148,1.47,1.00
2016.01.08 16:02:53.203,1.71133,1.7115,1.47,1.00
2016.01.08 16:02:53.666,1.71149,1.71154,1.12,1.00
2016.01.08 16:02:53.717,1.71173,1.71189,1.12,2.25
2016.01.08 16:02:53.768,1.71176,1.71191,1.12,2.25
2016.01.08 16:02:53.820,1.71176,1.71195,2.32,3.00
2016.01.08 16:02:53.871,1.71177,1.71197,1.20,3.45
2016.01.08 16:02:53.922,1.71182,1.71194,1.47,1.00
2016.01.08 16:02:54.025,1.7118,1.71194,1.50,1.00
2016.01.08 16:02:54.178,1.71184,1.71199,1.75,1.75
2016.01.08 16:02:54.229,1.71184,1.71199,1.75,1.37
2016.01.08 16:02:54.601,1.71187,1.71196,1.00,1.12
2016.01.08 16:02:54.907,1.7117,1.71179,1.74,1.87
2016.01.08 16:02:54.958,1.71174,1.71191,1.37,3.00
2016.01.08 16:02:55.061,1.71176,1.71191,1.00,1.00
2016.01.08 16:02:55.215,1.71175,1.71194,3.00,1.87
2016.01.08 16:02:55.266,1.71176,1.71194,1.57,1.12
2016.01.08 16:02:55.854,1.71182,1.71194,1.00,1.00
2016.01.08 16:02:55.908,1.71182,1.71197,1.00,1.47
2016.01.08 16:02:56.266,1.71182,1.71199,1.37,1.12
2016.01.08 16:02:56.419,1.71182,1.71197,1.37,1.00
2016.01.08 16:02:56.726,1.71188,1.71205,1.50,1.85
2016.01.08 16:02:57.043,1.71187,1.71205,1.95,1.47
2016.01.08 16:02:57.351,1.71186,1.71203,2.62,1.37
2016.01.08 16:02:57.606,1.7118,1.71198,2.25,1.95
2016.01.08 16:02:58.122,1.71179,1.71197,1.95,1.50
2016.01.08 16:02:58.428,1.71183,1.712,1.12,1.37
2016.01.08 16:02:58.784,1.71188,1.71204,1.00,1.37
2016.01.08 16:02:58.835,1.71188,1.71206,1.87,2.25
2016.01.08 16:02:59.413,1.71194,1.71205,1.00,1.00
2016.01.08 16:03:00.641,1.71191,1.71209,1.57,1.75
2016.01.08 16:03:03.607,1.71194,1.71205,1.00,1.00
2016.01.08 16:03:03.709,1.71194,1.71209,2.62,1.00
2016.01.08 16:03:03.811,1.71196,1.71211,1.12,1.00
2016.01.08 16:03:04.120,1.712,1.71217,1.95,1.12
2016.01.08 16:03:04.969,1.71204,1.71218,1.00,1.50
2016.01.08 16:03:05.072,1.71201,1.71218,1.75,1.12
2016.01.08 16:03:05.175,1.712,1.71217,2.25,1.00
2016.01.08 16:03:05.226,1.71203,1.71217,1.00,1.00
2016.01.08 16:03:06.020,1.71206,1.71224,1.57,3.37
2016.01.08 16:03:06.072,1.71206,1.71224,1.47,1.50
2016.01.08 16:03:06.601,1.71208,1.71224,1.00,1.50
2016.01.08 16:03:06.703,1.71208,1.71224,1.00,1.50
2016.01.08 16:03:07.260,1.7121,1.71227,1.12,1.47
2016.01.08 16:03:07.567,1.71213,1.71231,1.87,1.45
2016.01.08 16:03:07.928,1.7121,1.71227,1.42,1.65
2016.01.08 16:03:08.352,1.71214,1.71226,2.25,1.87
2016.01.08 16:03:08.405,1.71217,1.71229,1.04,1.00
2016.01.08 16:03:08.508,1.71221,1.71234,1.37,1.75
2016.01.08 16:03:08.681,1.71219,1.71234,1.07,1.12
2016.01.08 16:03:09.459,1.71217,1.71232,2.70,1.37
2016.01.08 16:03:09.510,1.71217,1.71232,1.00,1.37
2016.01.08 16:03:11.910,1.71218,1.71235,1.37,1.95
2016.01.08 16:03:12.216,1.71219,1.71237,2.02,1.50
2016.01.08 16:03:13.211,1.7123,1.71241,1.20,1.75
2016.01.08 16:03:13.264,1.71231,1.71247,1.12,1.37
2016.01.08 16:03:13.791,1.71231,1.71247,1.00,1.00
2016.01.08 16:03:14.194,1.7123,1.71247,1.50,1.37
2016.01.08 16:03:14.246,1.71231,1.71247,1.45,1.00
2016.01.08 16:03:14.759,1.71231,1.7125,1.95,1.85
2016.01.08 16:03:15.307,1.71241,1.71249,1.50,1.12
2016.01.08 16:03:15.565,1.71256,1.71271,1.37,1.85
2016.01.08 16:03:15.618,1.71256,1.71272,1.37,1.50
2016.01.08 16:03:15.670,1.71254,1.71272,1.87,1.00
2016.01.08 16:03:15.772,1.71256,1.71274,1.47,1.37
2016.01.08 16:03:15.824,1.71256,1.71275,2.32,1.50
2016.01.08 16:03:16.079,1.71257,1.71271,1.37,1.00
2016.01.08 16:03:16.130,1.71256,1.71273,2.70,1.00
2016.01.08 16:03:16.558,1.71258,1.71274,1.87,2.32
2016.01.08 16:03:17.092,1.71259,1.71274,1.00,1.37
2016.01.08 16:03:17.503,1.71257,1.71274,1.20,1.87
2016.01.08 16:03:17.778,1.71259,1.71276,1.00,1.95
2016.01.08 16:03:17.830,1.71256,1.71274,1.95,1.75
2016.01.08 16:03:17.936,1.71256,1.71268,1.57,1.00
2016.01.08 16:03:18.139,1.71255,1.71271,1.87,1.50
2016.01.08 16:03:18.241,1.71255,1.71268,1.50,1.37
2016.01.08 16:03:18.934,1.71245,1.71262,1.00,1.37
2016.01.08 16:03:19.138,1.71245,1.71262,1.50,1.37
2016.01.08 16:03:19.546,1.71245,1.71259,1.20,1.00
2016.01.08 16:03:19.648,1.71244,1.71259,1.12,1.12
2016.01.08 16:03:20.153,1.71241,1.71259,1.20,1.50
2016.01.08 16:03:20.873,1.71241,1.71257,1.85,1.00
2016.01.08 16:03:20.925,1.7124,1.71257,1.50,1.75
2016.01.08 16:03:20.976,1.7124,1.71257,1.45,1.75
2016.01.08 16:03:21.602,1.71239,1.71254,1.00,3.00
2016.01.08 16:03:21.654,1.71233,1.71248,1.87,1.12
2016.01.08 16:03:22.011,1.71231,1.71249,1.10,1.75
2016.01.08 16:03:22.113,1.71233,1.71249,1.00,1.75
2016.01.08 16:03:22.374,1.71231,1.71246,1.10,1.00
2016.01.08 16:03:22.753,1.7123,1.71244,1.57,1.00
2016.01.08 16:03:23.060,1.71226,1.71238,1.57,1.00
2016.01.08 16:03:23.368,1.71226,1.71234,1.37,1.12
2016.01.08 16:03:23.709,1.71225,1.71232,1.37,1.00
2016.01.08 16:03:23.964,1.71217,1.71232,1.12,1.00
2016.01.08 16:03:25.358,1.71217,1.71232,1.50,1.00
2016.01.08 16:03:25.868,1.71217,1.71232,1.20,1.50
2016.01.08 16:03:26.278,1.71227,1.71242,1.00,1.12
2016.01.08 16:03:26.584,1.71234,1.71248,1.37,1.37
2016.01.08 16:03:26.991,1.71234,1.71251,2.02,1.50
2016.01.08 16:03:27.311,1.71236,1.71252,1.00,1.12
2016.01.08 16:03:27.571,1.71237,1.71252,1.00,1.37
2016.01.08 16:03:27.877,1.7123,1.71247,1.95,1.75
2016.01.08 16:03:28.400,1.7123,1.71245,1.45,1.50
2016.01.08 16:03:28.910,1.7123,1.71247,1.57,1.75
2016.01.08 16:03:30.577,1.7123,1.71249,1.95,1.75
2016.01.08 16:03:30.628,1.7123,1.71249,1.95,1.75
2016.01.08 16:03:31.167,1.71231,1.71247,1.87,1.50
2016.01.08 16:03:31.677,1.71231,1.71247,1.45,1.00
2016.01.08 16:03:33.373,1.7123,1.71247,1.37,1.75
2016.01.08 16:03:33.643,1.71229,1.71245,1.12,1.95
2016.01.08 16:03:33.696,1.71226,1.71241,1.00,1.00
2016.01.08 16:03:33.747,1.71226,1.71243,1.00,1.20
2016.01.08 16:03:33.899,1.71227,1.71241,1.10,1.00
2016.01.08 16:03:34.103,1.71227,1.71243,1.95,1.12
2016.01.08 16:03:34.357,1.71229,1.71243,1.00,1.12
2016.01.08 16:03:34.825,1.71235,1.7125,2.25,1.50
2016.01.08 16:03:35.032,1.71237,1.71253,1.10,1.37
2016.01.08 16:03:35.592,1.71236,1.71253,1.99,1.37
2016.01.08 16:03:35.643,1.71236,1.71249,1.99,1.00
2016.01.08 16:03:36.060,1.7123,1.71245,1.87,1.00
2016.01.08 16:03:36.111,1.71229,1.71245,1.99,1.37
2016.01.08 16:03:36.214,1.71229,1.71242,1.99,1.37
2016.01.08 16:03:36.317,1.71226,1.7124,1.87,1.12
2016.01.08 16:03:36.368,1.71226,1.71239,1.00,1.00
2016.01.08 16:03:36.471,1.71222,1.71239,2.70,1.00
2016.01.08 16:03:36.522,1.71222,1.71239,1.20,1.00
2016.01.08 16:03:36.573,1.71221,1.71236,2.32,1.12
2016.01.08 16:03:37.328,1.71219,1.71234,2.70,1.12
2016.01.08 16:03:37.379,1.71218,1.71234,1.23,1.12
2016.01.08 16:03:37.635,1.71216,1.7123,1.87,1.37
2016.01.08 16:03:37.842,1.71212,1.71228,1.12,1.12
2016.01.08 16:03:38.300,1.71211,1.71227,1.00,1.87
2016.01.08 16:03:38.355,1.71208,1.71226,1.20,1.75
2016.01.08 16:03:38.508,1.71209,1.71226,1.50,1.37
2016.01.08 16:03:38.560,1.71209,1.71227,1.94,1.12
2016.01.08 16:03:38.866,1.7121,1.71226,1.87,1.50
2016.01.08 16:03:39.389,1.7121,1.71227,1.87,1.12
2016.01.08 16:03:39.544,1.71212,1.71229,1.17,1.12
2016.01.08 16:03:39.595,1.71215,1.71229,1.12,1.12
2016.01.08 16:03:39.902,1.71216,1.71234,1.87,1.75
2016.01.08 16:03:39.954,1.71216,1.71235,3.00,1.12
2016.01.08 16:03:40.056,1.71221,1.71233,1.00,1.37
2016.01.08 16:03:40.568,1.71226,1.71237,1.00,1.12
2016.01.08 16:03:40.619,1.71222,1.71237,1.07,1.12
2016.01.08 16:03:40.722,1.71225,1.7124,1.37,2.62
2016.01.08 16:03:41.045,1.71228,1.71243,2.25,1.37
2016.01.08 16:03:41.199,1.71229,1.71244,1.45,1.00
2016.01.08 16:03:41.301,1.71228,1.71242,2.62,1.00
2016.01.08 16:03:41.693,1.71234,1.71245,1.00,1.00
2016.01.08 16:03:41.745,1.71234,1.71252,2.25,1.87
2016.01.08 16:03:41.949,1.71234,1.71249,1.07,1.37
2016.01.08 16:03:42.457,1.71232,1.71248,2.25,1.75
2016.01.08 16:03:44.316,1.71238,1.71252,1.37,1.50
2016.01.08 16:03:44.672,1.71243,1.71255,1.00,1.37
2016.01.08 16:03:44.876,1.71246,1.71261,1.57,1.87
2016.01.08 16:03:44.927,1.71246,1.71261,2.70,1.12
2016.01.08 16:03:45.664,1.71246,1.7126,1.57,1.00
2016.01.08 16:03:46.743,1.71247,1.7126,1.47,1.00
2016.01.08 16:03:47.198,1.71242,1.71255,1.57,1.00
2016.01.08 16:03:47.555,1.71242,1.71256,1.95,1.87
2016.01.08 16:03:47.657,1.71241,1.71256,2.25,1.50
2016.01.08 16:03:47.709,1.71243,1.71254,1.50,1.00
2016.01.08 16:03:47.864,1.71239,1.71254,1.57,1.37
2016.01.08 16:03:48.383,1.71238,1.71254,2.62,1.37
2016.01.08 16:03:48.996,1.71239,1.71254,1.95,1.37
2016.01.08 16:03:49.098,1.71239,1.71255,2.32,1.00
2016.01.08 16:03:49.621,1.71239,1.71255,1.45,1.00
2016.01.08 16:03:50.129,1.71239,1.71255,2.32,1.00
2016.01.08 16:03:50.484,1.71243,1.71255,1.00,1.00
2016.01.08 16:03:50.979,1.71245,1.71259,1.12,1.00
2016.01.08 16:03:51.490,1.71245,1.71259,1.50,1.12
2016.01.08 16:03:52.172,1.71243,1.71258,1.95,1.00
2016.01.08 16:03:52.335,1.71242,1.71258,2.32,1.00
2016.01.08 16:03:52.488,1.71242,1.71255,1.07,1.00
2016.01.08 16:03:52.590,1.71241,1.71255,1.20,1.12
2016.01.08 16:03:53.098,1.7124,1.71255,1.00,1.50
2016.01.08 16:03:53.789,1.71239,1.71252,1.12,1.00
2016.01.08 16:03:53.996,1.71239,1.71255,1.12,1.50
2016.01.08 16:03:54.048,1.71239,1.71255,1.37,1.00
2016.01.08 16:03:54.360,1.71235,1.71248,1.45,1.37
2016.01.08 16:03:54.463,1.7123,1.71243,1.37,1.37
2016.01.08 16:03:54.618,1.71228,1.71246,1.87,2.32
2016.01.08 16:03:54.670,1.71231,1.71246,1.00,1.20
2016.01.08 16:03:54.995,1.71243,1.71255,1.57,1.37
2016.01.08 16:03:55.305,1.71248,1.71256,1.00,1.37
2016.01.08 16:03:56.080,1.71248,1.7126,1.00,1.00
2016.01.08 16:03:56.251,1.71248,1.71263,1.00,1.00
2016.01.08 16:03:56.353,1.71245,1.71261,1.95,1.00
2016.01.08 16:03:56.659,1.71243,1.71253,1.87,1.00
2016.01.08 16:03:56.710,1.71242,1.71253,1.75,1.00
2016.01.08 16:03:56.812,1.71242,1.71256,1.00,1.87
2016.01.08 16:03:56.864,1.71242,1.71249,1.00,1.00
2016.01.08 16:03:57.412,1.71233,1.71249,1.12,1.12
2016.01.08 16:03:58.175,1.71232,1.71247,1.47,1.00
2016.01.08 16:03:58.378,1.71232,1.7125,1.47,1.50
2016.01.08 16:03:58.834,1.71231,1.7125,1.95,3.00
2016.01.08 16:03:59.142,1.71226,1.7124,1.85,1.00
2016.01.08 16:03:59.448,1.71227,1.71237,1.50,1.00
2016.01.08 16:03:59.500,1.71227,1.71239,1.00,1.00
2016.01.08 16:03:59.810,1.7122,1.71238,2.25,1.12
2016.01.08 16:03:59.866,1.7122,1.71235,1.20,1.00
2016.01.08 16:04:00.375,1.7122,1.71233,1.10,1.00
2016.01.08 16:04:00.477,1.71217,1.71232,1.50,1.00
2016.01.08 16:04:00.530,1.71216,1.7123,1.85,1.00
2016.01.08 16:04:01.176,1.71217,1.71232,1.50,1.00
2016.01.08 16:04:01.330,1.71219,1.71234,1.00,1.00
2016.01.08 16:04:01.636,1.71218,1.71234,1.95,1.00
2016.01.08 16:04:01.892,1.71221,1.71237,1.57,1.00
2016.01.08 16:04:02.222,1.71221,1.71237,1.57,1.00
2016.01.08 16:04:02.528,1.71222,1.71235,1.37,1.00
2016.01.08 16:04:02.631,1.7122,1.71232,1.00,1.00
2016.01.08 16:04:03.202,1.71218,1.71234,1.50,1.12
2016.01.08 16:04:03.358,1.7122,1.71237,1.37,1.57
2016.01.08 16:04:03.514,1.71223,1.7124,1.12,2.32
2016.01.08 16:04:03.617,1.71226,1.7124,1.00,1.20
2016.01.08 16:04:03.928,1.71225,1.71234,1.00,1.00
2016.01.08 16:04:04.210,1.71223,1.71234,1.00,1.00
2016.01.08 16:04:04.262,1.71224,1.71238,1.12,1.10
2016.01.08 16:04:04.467,1.71227,1.71239,1.00,1.00
2016.01.08 16:04:05.519,1.71228,1.71239,1.00,1.00
2016.01.08 16:04:06.033,1.7123,1.71241,1.00,1.12
2016.01.08 16:04:06.137,1.7123,1.71243,1.00,1.12
2016.01.08 16:04:06.239,1.71233,1.71246,1.00,1.12
2016.01.08 16:04:06.655,1.7124,1.7125,1.00,1.50
2016.01.08 16:04:07.012,1.7124,1.71247,1.00,1.00
2016.01.08 16:04:07.064,1.71237,1.71247,1.00,1.12
2016.01.08 16:04:07.800,1.71233,1.71248,1.87,1.47
2016.01.08 16:04:07.852,1.71232,1.71248,1.12,1.95
2016.01.08 16:04:07.956,1.71239,1.7125,1.00,1.87
2016.01.08 16:04:08.007,1.71239,1.7125,1.00,1.50
2016.01.08 16:04:08.515,1.71238,1.71247,1.00,1.00
2016.01.08 16:04:09.700,1.71236,1.71249,1.50,1.50
2016.01.08 16:04:10.159,1.71236,1.71249,1.49,1.50
2016.01.08 16:04:10.715,1.71235,1.71247,1.49,1.12
2016.01.08 16:04:11.023,1.71235,1.71245,1.49,1.00
2016.01.08 16:04:11.127,1.71233,1.71247,1.12,1.12
2016.01.08 16:04:11.179,1.71236,1.71249,1.00,3.07
2016.01.08 16:04:11.567,1.71237,1.71248,1.49,1.00
2016.01.08 16:04:11.623,1.71237,1.71248,1.08,1.00
2016.01.08 16:04:11.674,1.71237,1.71248,1.11,1.00
2016.01.08 16:04:11.980,1.71237,1.71247,1.00,1.37
2016.01.08 16:04:12.524,1.71236,1.71245,1.00,1.00
2016.01.08 16:04:12.888,1.7123,1.71244,1.46,1.75
2016.01.08 16:04:13.092,1.7123,1.71244,1.46,1.12
2016.01.08 16:04:13.603,1.71232,1.71246,1.08,1.37
2016.01.08 16:04:13.654,1.71232,1.7125,2.33,3.37
2016.01.08 16:04:13.705,1.71235,1.7125,1.08,1.12
2016.01.08 16:04:13.757,1.71237,1.7125,1.58,1.00
2016.01.08 16:04:14.026,1.71237,1.7125,1.83,1.00
2016.01.08 16:04:14.078,1.71241,1.71257,1.46,1.50
2016.01.08 16:04:14.181,1.71244,1.71257,1.08,1.00
2016.01.08 16:04:14.435,1.71243,1.71257,1.21,1.00
2016.01.08 16:04:14.588,1.71241,1.71257,1.11,1.37
2016.01.08 16:04:15.272,1.71241,1.71256,1.18,1.12
2016.01.08 16:04:15.780,1.71241,1.71256,1.18,1.12
2016.01.08 16:04:16.086,1.71241,1.71255,1.46,1.37
2016.01.08 16:04:16.762,1.71239,1.71254,1.08,1.75
2016.01.08 16:04:17.292,1.71241,1.71258,1.21,3.00
2016.01.08 16:04:17.818,1.71245,1.71259,1.21,1.50
2016.01.08 16:04:18.349,1.71247,1.71259,1.08,1.50
2016.01.08 16:04:18.553,1.71248,1.71261,1.08,1.00
2016.01.08 16:04:19.167,1.71251,1.71261,1.08,1.00
2016.01.08 16:04:19.372,1.71249,1.71263,1.58,1.00
2016.01.08 16:04:19.425,1.71258,1.71262,1.00,1.00
2016.01.08 16:04:19.527,1.71258,1.71267,1.00,1.75
2016.01.08 16:04:19.630,1.71258,1.71267,1.00,1.12
2016.01.08 16:04:19.681,1.71253,1.71268,1.96,1.50
2016.01.08 16:04:19.733,1.71255,1.7127,1.11,2.25
2016.01.08 16:04:20.051,1.71259,1.7127,1.12,2.25
2016.01.08 16:04:20.103,1.71255,1.7127,1.37,1.37
2016.01.08 16:04:20.315,1.71253,1.7127,1.11,1.37
2016.01.08 16:04:20.570,1.71253,1.71264,1.12,1.00
2016.01.08 16:04:20.673,1.7125,1.71262,1.00,1.00
2016.01.08 16:04:20.724,1.7125,1.71262,1.00,1.75
2016.01.08 16:04:20.878,1.71248,1.7126,1.00,1.37
2016.01.08 16:04:21.250,1.71246,1.71259,1.12,1.00
2016.01.08 16:04:21.555,1.71247,1.71259,1.40,1.00
2016.01.08 16:04:21.862,1.71262,1.71272,1.00,1.00
2016.01.08 16:04:21.913,1.71261,1.71274,2.15,1.00
2016.01.08 16:04:22.228,1.71261,1.7127,1.78,1.00
2016.01.08 16:04:22.280,1.71256,1.71267,1.40,1.00
2016.01.08 16:04:22.434,1.71254,1.71264,1.37,1.00
2016.01.08 16:04:22.485,1.71254,1.71267,1.37,1.00
2016.01.08 16:04:22.536,1.71255,1.71266,1.03,1.00
2016.01.08 16:04:22.640,1.71262,1.71273,1.78,1.27
2016.01.08 16:04:22.742,1.71262,1.71276,1.40,1.12
2016.01.08 16:04:22.895,1.71262,1.71276,1.65,1.12
2016.01.08 16:04:23.349,1.7126,1.71274,1.03,1.00
2016.01.08 16:04:23.452,1.71259,1.71272,2.53,1.00
2016.01.08 16:04:23.655,1.71259,1.71272,2.15,1.00
2016.01.08 16:04:23.962,1.71258,1.71271,1.03,1.37
2016.01.08 16:04:24.745,1.71248,1.71257,2.25,1.95
2016.01.08 16:04:24.798,1.71238,1.71252,1.12,1.00
2016.01.08 16:04:24.850,1.71238,1.71252,1.00,1.00
2016.01.08 16:04:25.793,1.71236,1.71248,1.37,1.00
2016.01.08 16:04:25.844,1.71234,1.71248,1.57,1.00
2016.01.08 16:04:26.251,1.71234,1.71245,1.47,1.00
2016.01.08 16:04:26.302,1.71232,1.71245,1.85,1.00
2016.01.08 16:04:26.920,1.71229,1.71245,3.43,1.00
2016.01.08 16:04:27.276,1.71229,1.71243,3.80,1.00
2016.01.08 16:04:27.585,1.7123,1.71245,1.37,1.87
2016.01.08 16:04:27.637,1.7123,1.71243,1.00,1.00
2016.01.08 16:04:27.952,1.71232,1.71249,2.15,1.37
2016.01.08 16:04:28.005,1.71234,1.71249,1.03,1.00
2016.01.08 16:04:28.108,1.71234,1.71247,1.40,1.00
2016.01.08 16:04:28.211,1.71234,1.71247,1.00,1.00
2016.01.08 16:04:28.484,1.71232,1.71246,1.47,1.50
2016.01.08 16:04:28.536,1.71231,1.71249,1.03,1.87
2016.01.08 16:04:28.588,1.71231,1.71249,1.40,1.12
2016.01.08 16:04:28.741,1.71234,1.71249,1.37,1.12
2016.01.08 16:04:29.260,1.71232,1.71248,1.57,1.00
2016.01.08 16:04:29.531,1.71233,1.71244,1.00,1.00
2016.01.08 16:04:29.838,1.71229,1.71244,1.75,1.12
2016.01.08 16:04:30.318,1.71227,1.71243,1.37,1.37
2016.01.08 16:04:30.420,1.71224,1.71241,1.37,1.00
2016.01.08 16:04:30.471,1.71224,1.71241,1.37,1.75
2016.01.08 16:04:30.980,1.71224,1.71241,1.37,1.50
2016.01.08 16:04:31.614,1.71223,1.71239,2.02,1.50
2016.01.08 16:04:32.085,1.71222,1.71236,1.20,1.00
2016.01.08 16:04:33.079,1.71216,1.71226,1.75,1.87
2016.01.08 16:04:33.131,1.71216,1.71224,1.37,1.75
2016.01.08 16:04:33.182,1.71216,1.71224,1.37,1.12
2016.01.08 16:04:33.234,1.7121,1.71222,1.87,1.00
2016.01.08 16:04:33.286,1.7121,1.71221,1.12,1.00
2016.01.08 16:04:33.542,1.71205,1.71217,1.37,1.00
2016.01.08 16:04:33.890,1.71199,1.71216,1.75,1.12
2016.01.08 16:04:33.993,1.71197,1.71214,1.37,1.87
2016.01.08 16:04:34.507,1.71194,1.71212,2.32,1.75
2016.01.08 16:04:35.035,1.71193,1.71211,1.50,1.50
2016.01.08 16:04:35.268,1.71193,1.71206,1.12,1.00
2016.01.08 16:04:35.422,1.7119,1.71206,1.37,1.00
2016.01.08 16:04:35.474,1.71188,1.71203,1.75,1.00
2016.01.08 16:04:36.103,1.71187,1.71202,1.50,1.00
2016.01.08 16:04:36.155,1.71187,1.71202,1.00,1.00
2016.01.08 16:04:36.207,1.71189,1.71206,1.00,1.95
2016.01.08 16:04:36.704,1.71195,1.71211,1.12,1.12
2016.01.08 16:04:36.758,1.71195,1.71209,1.12,1.00
2016.01.08 16:04:37.331,1.71193,1.71206,1.37,1.00
2016.01.08 16:04:37.636,1.71186,1.71199,1.37,1.50
2016.01.08 16:04:37.739,1.71182,1.71196,1.37,1.12
2016.01.08 16:04:37.841,1.7118,1.71195,1.50,1.00
2016.01.08 16:04:37.943,1.71179,1.71195,1.00,1.00
2016.01.08 16:04:38.473,1.71178,1.71194,1.95,1.12
2016.01.08 16:04:38.930,1.71178,1.71194,1.00,1.50
2016.01.08 16:04:39.437,1.71177,1.71193,1.00,1.00
2016.01.08 16:04:39.981,1.71177,1.71193,1.50,1.00
2016.01.08 16:04:40.943,1.71177,1.71189,1.00,2.32
2016.01.08 16:04:41.002,1.71172,1.71185,1.37,1.00
2016.01.08 16:04:41.513,1.71172,1.71185,1.00,1.00
2016.01.08 16:04:42.006,1.7117,1.71187,1.75,1.50
2016.01.08 16:04:42.315,1.71174,1.71191,1.12,1.10
2016.01.08 16:04:42.418,1.71174,1.71192,1.50,1.07
2016.01.08 16:04:42.944,1.71182,1.71195,1.00,1.50
2016.01.08 16:04:43.380,1.71182,1.71195,1.00,1.50
2016.01.08 16:04:44.078,1.71177,1.71194,1.00,1.50
2016.01.08 16:04:44.719,1.71176,1.71191,1.75,1.75
2016.01.08 16:04:44.771,1.71173,1.71188,1.00,1.50
2016.01.08 16:04:44.873,1.7117,1.7119,1.75,1.95
2016.01.08 16:04:44.924,1.71169,1.7119,2.25,2.32
2016.01.08 16:04:45.258,1.71171,1.7119,2.25,1.75
2016.01.08 16:04:45.514,1.71172,1.71192,1.50,2.70
2016.01.08 16:04:45.719,1.71173,1.71188,1.75,1.12
2016.01.08 16:04:45.770,1.71172,1.71188,1.00,2.25
2016.01.08 16:04:45.873,1.71168,1.71185,2.25,1.00
2016.01.08 16:04:45.924,1.71168,1.71185,1.50,1.75
2016.01.08 16:04:46.261,1.71165,1.71182,1.50,1.00
2016.01.08 16:04:46.668,1.71167,1.71182,1.37,1.00
2016.01.08 16:04:46.821,1.71167,1.71187,1.95,1.75
2016.01.08 16:04:47.911,1.71167,1.71184,1.57,1.50
2016.01.08 16:04:48.755,1.7117,1.71188,1.50,1.75
2016.01.08 16:04:48.857,1.7117,1.71185,1.00,1.12
2016.01.08 16:04:48.909,1.7117,1.71185,1.00,1.75
2016.01.08 16:04:49.115,1.71168,1.71185,1.50,1.50
2016.01.08 16:04:49.166,1.7117,1.71187,1.50,1.87
2016.01.08 16:04:49.218,1.7117,1.71187,1.50,1.12
2016.01.08 16:04:49.837,1.71173,1.71189,1.00,1.00
2016.01.08 16:04:50.144,1.71175,1.71189,1.00,1.00
2016.01.08 16:04:50.913,1.71173,1.71189,1.47,1.00
2016.01.08 16:04:51.221,1.71174,1.71192,1.00,1.50
2016.01.08 16:04:51.272,1.71174,1.71192,1.95,1.00
2016.01.08 16:04:51.848,1.71188,1.71201,1.00,1.75
2016.01.08 16:04:51.951,1.71188,1.71203,1.00,1.00
2016.01.08 16:04:52.002,1.7119,1.71203,1.00,1.00
2016.01.08 16:04:52.382,1.71195,1.71205,1.00,1.37
2016.01.08 16:04:52.893,1.71197,1.71204,1.00,1.37
2016.01.08 16:04:52.945,1.71194,1.71211,1.00,1.75
2016.01.08 16:04:53.149,1.71194,1.71209,1.00,1.00
2016.01.08 16:04:53.251,1.71194,1.71211,1.00,1.00
2016.01.08 16:04:53.658,1.71196,1.71214,1.00,1.57
2016.01.08 16:04:54.201,1.71195,1.71212,1.50,1.00
2016.01.08 16:04:54.562,1.71197,1.71212,1.50,1.50
2016.01.08 16:04:55.024,1.71203,1.7122,1.00,2.25
2016.01.08 16:04:55.075,1.71202,1.7122,1.65,1.00
2016.01.08 16:04:55.127,1.71203,1.7122,1.12,1.00
2016.01.08 16:04:55.397,1.71202,1.71222,2.40,1.87
2016.01.08 16:04:55.600,1.71205,1.7122,1.75,1.00
2016.01.08 16:04:55.702,1.71205,1.71222,1.12,1.12
2016.01.08 16:04:56.524,1.71209,1.71227,1.75,1.37
2016.01.08 16:04:57.049,1.7121,1.71226,1.00,1.12
2016.01.08 16:04:57.878,1.71209,1.71226,1.75,1.12
2016.01.08 16:04:57.982,1.71207,1.71225,2.70,1.00
2016.01.08 16:04:58.138,1.71207,1.71223,1.57,1.00
2016.01.08 16:04:58.292,1.71206,1.71225,1.57,1.95
2016.01.08 16:04:58.508,1.71207,1.71225,1.50,2.32
2016.01.08 16:04:58.961,1.7121,1.71228,1.37,1.75
2016.01.08 16:04:59.114,1.71204,1.71221,1.50,1.37
2016.01.08 16:04:59.522,1.71207,1.71221,1.00,1.00
2016.01.08 16:05:00.990,1.71208,1.71226,1.00,1.87
2016.01.08 16:05:01.315,1.71214,1.7123,1.00,1.00
2016.01.08 16:05:01.417,1.71219,1.71233,1.00,1.87
2016.01.08 16:05:01.571,1.71224,1.71239,1.37,1.00
2016.01.08 16:05:01.622,1.71224,1.71241,1.00,1.12
2016.01.08 16:05:01.775,1.71222,1.71241,1.47,1.75
2016.01.08 16:05:02.198,1.71224,1.71241,1.95,1.50
2016.01.08 16:05:02.556,1.71225,1.71241,1.47,1.12
2016.01.08 16:05:02.710,1.71222,1.71238,3.75,1.37
2016.01.08 16:05:02.761,1.71222,1.71238,2.32,1.12
2016.01.08 16:05:02.864,1.71226,1.71241,1.00,1.50
2016.01.08 16:05:03.186,1.71225,1.71242,1.00,1.50
2016.01.08 16:05:03.390,1.71224,1.71242,2.62,1.00
2016.01.08 16:05:03.645,1.71227,1.71245,1.00,1.12
2016.01.08 16:05:03.696,1.71227,1.71243,1.00,1.00
2016.01.08 16:05:03.849,1.71225,1.71243,1.00,1.50
2016.01.08 16:05:03.901,1.71225,1.71241,1.00,1.00
2016.01.08 16:05:04.560,1.71224,1.71241,1.20,2.25
2016.01.08 16:05:04.867,1.71222,1.71237,1.20,1.50
2016.01.08 16:05:05.021,1.71221,1.71235,1.10,1.50
2016.01.08 16:05:05.682,1.71217,1.71231,2.25,1.00
2016.01.08 16:05:05.733,1.71217,1.71231,1.00,1.00
2016.01.08 16:05:06.141,1.71214,1.71231,1.50,1.50
2016.01.08 16:05:06.745,1.71219,1.71236,1.00,1.50
2016.01.08 16:05:06.796,1.71219,1.71237,1.00,1.50
2016.01.08 16:05:07.308,1.71219,1.71237,1.37,1.00
2016.01.08 16:05:07.946,1.7122,1.71238,1.12,1.87
2016.01.08 16:05:07.998,1.7122,1.71239,1.87,3.15
2016.01.08 16:05:08.391,1.71218,1.71234,1.50,1.00
2016.01.08 16:05:08.443,1.71218,1.71234,1.00,1.00
2016.01.08 16:05:08.953,1.71218,1.71237,1.50,2.25
2016.01.08 16:05:09.265,1.71221,1.71232,1.00,1.12
2016.01.08 16:05:09.317,1.71219,1.71231,1.00,1.00
2016.01.08 16:05:10.079,1.71216,1.71231,1.37,1.12
2016.01.08 16:05:10.130,1.71214,1.71228,1.50,1.37
2016.01.08 16:05:10.635,1.71213,1.7123,1.87,1.75
2016.01.08 16:05:10.687,1.71219,1.7123,1.00,1.75
2016.01.08 16:05:10.890,1.71221,1.71234,1.00,1.50
2016.01.08 16:05:10.992,1.71222,1.71236,1.00,1.50
2016.01.08 16:05:11.563,1.71224,1.7124,1.00,1.12
2016.01.08 16:05:11.716,1.71226,1.71241,1.00,1.37
2016.01.08 16:05:11.768,1.71227,1.71243,1.00,1.50
2016.01.08 16:05:12.327,1.71228,1.71244,1.00,1.75
2016.01.08 16:05:12.379,1.71231,1.71244,1.00,1.75
2016.01.08 16:05:12.481,1.71234,1.71247,1.00,1.12
2016.01.08 16:05:13.126,1.71234,1.71245,1.00,1.37
2016.01.08 16:05:13.179,1.71235,1.71247,1.12,1.37
2016.01.08 16:05:13.231,1.71234,1.71249,1.50,1.75
2016.01.08 16:05:13.283,1.71239,1.71249,1.00,1.00
2016.01.08 16:05:13.335,1.71242,1.71254,1.00,1.75
2016.01.08 16:05:13.491,1.71245,1.71257,1.00,1.37
2016.01.08 16:05:13.696,1.71245,1.71261,1.00,1.37
2016.01.08 16:05:13.799,1.71243,1.71261,1.12,1.87
2016.01.08 16:05:14.318,1.71241,1.71261,1.57,1.50
2016.01.08 16:05:14.573,1.7124,1.71261,2.32,3.75
2016.01.08 16:05:15.291,1.7124,1.71259,1.95,2.62
2016.01.08 16:05:15.600,1.71243,1.71261,2.25,1.37
2016.01.08 16:05:16.112,1.71244,1.71264,1.10,1.75
2016.01.08 16:05:16.555,1.71241,1.71259,1.37,1.87
2016.01.08 16:05:16.789,1.71239,1.71256,1.87,1.00
2016.01.08 16:05:16.891,1.71239,1.71258,1.12,1.50
2016.01.08 16:05:16.942,1.7124,1.71259,1.50,1.10
2016.01.08 16:05:16.994,1.71243,1.71261,1.12,2.62
2016.01.08 16:05:17.609,1.71245,1.71263,1.37,1.12
2016.01.08 16:05:17.661,1.71247,1.71266,1.37,1.20
2016.01.08 16:05:18.018,1.71249,1.71267,1.12,1.87
2016.01.08 16:05:18.799,1.7125,1.71268,1.12,1.50
2016.01.08 16:05:19.105,1.7125,1.71268,1.87,1.00
2016.01.08 16:05:19.512,1.7125,1.71269,1.87,1.37
2016.01.08 16:05:19.990,1.71249,1.71263,1.47,1.00
2016.01.08 16:05:20.093,1.71244,1.7126,2.32,1.12
2016.01.08 16:05:20.246,1.71244,1.7126,1.00,1.12
2016.01.08 16:05:20.501,1.71242,1.71256,1.00,1.00
2016.01.08 16:05:20.705,1.71242,1.71259,1.87,1.50
2016.01.08 16:05:21.230,1.71242,1.71256,1.00,1.00
2016.01.08 16:05:21.282,1.71239,1.71256,1.37,1.00
2016.01.08 16:05:21.589,1.71237,1.71255,1.85,1.12
2016.01.08 16:05:22.014,1.71237,1.71256,1.95,2.62
2016.01.08 16:05:22.331,1.71236,1.71254,3.75,1.75
2016.01.08 16:05:22.536,1.71237,1.71254,1.00,1.12
2016.01.08 16:05:22.689,1.71235,1.71253,1.12,1.37
2016.01.08 16:05:22.791,1.71235,1.71253,1.00,1.50
2016.01.08 16:05:22.944,1.71234,1.71248,1.00,1.00
2016.01.08 16:05:23.466,1.71234,1.7125,1.00,1.12
2016.01.08 16:05:23.518,1.71234,1.7125,1.00,1.75
2016.01.08 16:05:23.825,1.71234,1.71251,1.62,1.87
2016.01.08 16:05:24.456,1.71238,1.71253,1.62,1.00
2016.01.08 16:05:24.508,1.71237,1.71254,1.24,1.87
2016.01.08 16:05:24.712,1.71241,1.71255,1.16,1.00
2016.01.08 16:05:25.061,1.71242,1.71256,1.12,1.37
2016.01.08 16:05:25.607,1.7124,1.71253,1.62,1.00
2016.01.08 16:05:25.811,1.71235,1.71253,3.12,1.00
2016.01.08 16:05:26.168,1.71238,1.71254,1.62,1.12
2016.01.08 16:05:26.761,1.71239,1.71253,1.12,1.12
2016.01.08 16:05:26.813,1.71234,1.7125,1.87,1.00
2016.01.08 16:05:26.916,1.71234,1.71248,1.37,1.12
2016.01.08 16:05:27.122,1.71232,1.71245,1.49,1.50
2016.01.08 16:05:27.710,1.71227,1.71245,1.87,2.25
2016.01.08 16:05:27.813,1.71228,1.71245,1.99,1.50
2016.01.08 16:05:28.121,1.71231,1.71245,1.49,1.12
2016.01.08 16:05:28.223,1.71231,1.71247,1.49,1.50
2016.01.08 16:05:28.376,1.71231,1.71248,2.37,1.95
2016.01.08 16:05:29.012,1.71235,1.71252,1.87,1.50
2016.01.08 16:05:29.065,1.71235,1.71252,1.87,1.12
2016.01.08 16:05:29.575,1.71237,1.71254,1.99,1.87
2016.01.08 16:05:29.677,1.71237,1.71254,1.49,1.87
2016.01.08 16:05:30.133,1.71235,1.71251,1.49,1.50
2016.01.08 16:05:30.916,1.71233,1.71247,1.24,1.00
2016.01.08 16:05:31.256,1.7123,1.71242,1.37,1.12
2016.01.08 16:05:31.358,1.7123,1.71243,1.37,2.25
2016.01.08 16:05:31.512,1.7123,1.71244,1.37,1.00
2016.01.08 16:05:31.564,1.71233,1.71246,1.00,1.87
2016.01.08 16:05:32.347,1.71233,1.71244,1.00,1.75
2016.01.08 16:05:32.399,1.71228,1.71244,1.75,1.75
2016.01.08 16:05:33.136,1.71229,1.71243,1.37,1.00
2016.01.08 16:05:33.687,1.71228,1.71242,1.50,1.00
2016.01.08 16:05:33.739,1.71227,1.71242,1.85,1.50
2016.01.08 16:05:34.402,1.71232,1.71242,1.00,1.50
2016.01.08 16:05:34.925,1.71256,1.71264,2.25,1.00
2016.01.08 16:05:34.976,1.71258,1.71273,1.37,1.12
2016.01.08 16:05:35.028,1.7126,1.71275,1.00,2.25
2016.01.08 16:05:35.181,1.71264,1.71275,1.37,1.00
2016.01.08 16:05:35.284,1.71272,1.71281,1.12,1.10
2016.01.08 16:05:35.335,1.71273,1.71283,1.00,1.00
2016.01.08 16:05:35.387,1.71271,1.71285,1.12,1.50
2016.01.08 16:05:35.439,1.71276,1.7129,1.87,3.00
2016.01.08 16:05:35.541,1.71276,1.71289,1.50,1.87
2016.01.08 16:05:35.902,1.71272,1.71286,4.12,1.00
2016.01.08 16:05:36.665,1.71272,1.71288,3.37,1.37
2016.01.08 16:05:37.298,1.71278,1.71288,1.87,1.12
2016.01.08 16:05:37.360,1.71278,1.71293,2.25,1.50
2016.01.08 16:05:37.666,1.71282,1.71293,1.87,1.50
2016.01.08 16:05:37.768,1.71282,1.71293,1.87,1.00
2016.01.08 16:05:37.820,1.71282,1.71295,1.87,1.50
2016.01.08 16:05:37.923,1.71282,1.71291,1.87,1.00
2016.01.08 16:05:37.975,1.71278,1.71289,1.20,1.00
2016.01.08 16:05:38.240,1.71278,1.71286,1.12,1.00
2016.01.08 16:05:38.293,1.71272,1.71286,2.62,2.25
2016.01.08 16:05:38.500,1.71276,1.71286,1.37,1.50
2016.01.08 16:05:38.654,1.71278,1.71291,2.25,1.37
2016.01.08 16:05:39.021,1.71278,1.71287,2.25,1.00
2016.01.08 16:05:39.073,1.71276,1.71287,1.95,1.00
2016.01.08 16:05:39.427,1.71271,1.71277,1.37,1.00
2016.01.08 16:05:39.582,1.71269,1.71282,1.87,1.00
2016.01.08 16:05:39.994,1.71268,1.71283,1.12,1.50
2016.01.08 16:05:40.315,1.71267,1.71283,4.12,1.37
2016.01.08 16:05:40.419,1.7127,1.71284,1.37,1.37
2016.01.08 16:05:40.470,1.71271,1.71286,1.12,1.50
2016.01.08 16:05:40.522,1.71273,1.71286,1.75,1.37
2016.01.08 16:05:40.624,1.71273,1.71289,1.12,1.50
2016.01.08 16:05:40.975,1.71275,1.71289,1.50,1.00
2016.01.08 16:05:41.027,1.71277,1.71292,1.12,1.50
2016.01.08 16:05:41.396,1.71273,1.71285,2.62,1.00
2016.01.08 16:05:41.702,1.71262,1.71268,1.37,5.25
2016.01.08 16:05:41.753,1.71256,1.7126,1.50,1.00
2016.01.08 16:05:41.805,1.71251,1.71258,1.00,1.00
2016.01.08 16:05:41.857,1.71251,1.7126,1.00,1.00
2016.01.08 16:05:41.960,1.71248,1.71262,1.37,1.50
2016.01.08 16:05:42.286,1.71252,1.7127,2.02,1.50
2016.01.08 16:05:42.643,1.71256,1.71272,1.00,1.37
2016.01.08 16:05:43.224,1.71262,1.71277,1.00,1.50
2016.01.08 16:05:43.734,1.7126,1.71278,1.75,1.75
2016.01.08 16:05:44.042,1.71262,1.71278,1.12,1.75
2016.01.08 16:05:44.692,1.71262,1.7128,2.32,1.87
2016.01.08 16:05:44.794,1.71262,1.7128,2.25,2.25
2016.01.08 16:05:45.204,1.71267,1.71279,1.12,1.12
2016.01.08 16:05:45.573,1.71268,1.71285,2.32,1.75
2016.01.08 16:05:45.675,1.71268,1.71283,2.32,1.87
2016.01.08 16:05:46.186,1.71268,1.71283,1.87,1.12
2016.01.08 16:05:46.623,1.71268,1.71276,2.62,1.00
2016.01.08 16:05:46.930,1.71276,1.71288,1.87,1.12
2016.01.08 16:05:47.135,1.7128,1.71295,1.00,2.62
2016.01.08 16:05:47.187,1.7128,1.71293,1.00,1.75
2016.01.08 16:05:47.549,1.71279,1.71294,1.12,1.50
2016.01.08 16:05:47.601,1.71279,1.71294,1.47,1.00
2016.01.08 16:05:47.915,1.71276,1.71288,1.45,1.00
2016.01.08 16:05:48.017,1.71274,1.71291,1.57,1.12
2016.01.08 16:05:48.120,1.71273,1.71291,4.87,1.87
2016.01.08 16:05:49.190,1.71272,1.71291,1.95,1.75
2016.01.08 16:05:49.292,1.71274,1.71291,1.82,1.12
2016.01.08 16:05:49.445,1.71275,1.71293,1.12,1.50
2016.01.08 16:05:49.547,1.71275,1.71294,1.85,1.00
2016.01.08 16:05:49.835,1.71276,1.71292,1.00,2.25
2016.01.08 16:05:50.144,1.71267,1.71282,1.95,1.00
2016.01.08 16:05:50.453,1.71263,1.71279,3.45,1.12
2016.01.08 16:05:50.871,1.71263,1.71276,3.07,1.12
2016.01.08 16:05:50.922,1.7126,1.71274,1.12,1.00
2016.01.08 16:05:50.974,1.7126,1.71274,1.37,1.00
2016.01.08 16:05:51.026,1.7126,1.71276,1.37,1.00
2016.01.08 16:05:51.179,1.71261,1.71277,1.37,1.00
2016.01.08 16:05:51.484,1.71268,1.71285,1.47,1.75
2016.01.08 16:05:51.586,1.71269,1.71286,1.75,1.00
2016.01.08 16:05:52.182,1.7127,1.71287,1.75,1.00
2016.01.08 16:05:52.886,1.71269,1.71289,3.00,1.50
2016.01.08 16:05:53.388,1.7127,1.71285,1.50,1.50
2016.01.08 16:05:54.533,1.71271,1.71289,1.50,1.57
2016.01.08 16:05:54.738,1.71277,1.71293,1.12,1.50
2016.01.08 16:05:54.842,1.71278,1.71294,2.62,1.12
2016.01.08 16:05:54.894,1.71279,1.71298,1.87,2.70
2016.01.08 16:05:54.946,1.71279,1.71298,3.00,1.95
2016.01.08 16:05:55.099,1.71279,1.71297,1.87,1.12
2016.01.08 16:05:55.811,1.71281,1.71301,1.75,2.70
2016.01.08 16:05:55.867,1.71288,1.71304,1.87,1.50
2016.01.08 16:05:56.173,1.71289,1.71307,1.87,1.12
2016.01.08 16:05:56.478,1.71289,1.71305,1.87,1.00
2016.01.08 16:05:57.291,1.71289,1.713,2.25,1.00
2016.01.08 16:05:57.343,1.71287,1.713,1.47,1.00
2016.01.08 16:05:57.633,1.71285,1.713,1.12,2.25
2016.01.08 16:05:57.788,1.71282,1.713,1.87,1.00
2016.01.08 16:05:57.891,1.71283,1.71302,3.37,1.85
2016.01.08 16:05:57.942,1.71285,1.71302,1.37,1.00
2016.01.08 16:05:58.313,1.71284,1.71302,1.50,1.75
2016.01.08 16:05:58.843,1.71284,1.71301,1.85,1.12
2016.01.08 16:05:59.149,1.71289,1.71305,2.25,1.00
2016.01.08 16:06:00.030,1.71289,1.71306,1.95,1.00
2016.01.08 16:06:00.082,1.71286,1.71305,1.50,1.87
2016.01.08 16:06:00.133,1.71285,1.71305,1.20,1.87
2016.01.08 16:06:00.744,1.71286,1.71305,3.37,1.50
2016.01.08 16:06:01.626,1.71286,1.71303,1.12,1.00
2016.01.08 16:06:01.931,1.71287,1.71306,1.37,1.87
2016.01.08 16:06:02.442,1.71286,1.71303,1.57,1.00
2016.01.08 16:06:02.749,1.71285,1.71303,1.75,1.75
2016.01.08 16:06:03.811,1.71284,1.71297,1.87,1.00
2016.01.08 16:06:04.066,1.71281,1.71296,1.87,1.50
2016.01.08 16:06:04.939,1.71281,1.71298,3.37,1.00
2016.01.08 16:06:05.259,1.7128,1.713,1.85,1.12
2016.01.08 16:06:05.361,1.71279,1.71298,2.32,1.75
2016.01.08 16:06:05.968,1.71279,1.71295,1.00,1.50
2016.01.08 16:06:06.883,1.71279,1.71293,1.50,1.00
2016.01.08 16:06:07.256,1.71279,1.71296,1.50,1.75
2016.01.08 16:06:07.769,1.71282,1.71299,1.12,1.75
2016.01.08 16:06:08.659,1.71288,1.71299,1.87,1.00
2016.01.08 16:06:08.711,1.71288,1.71305,1.87,1.75
2016.01.08 16:06:08.975,1.71288,1.71306,2.62,1.00
2016.01.08 16:06:09.588,1.71297,1.71309,1.00,1.00
2016.01.08 16:06:09.894,1.71295,1.71307,1.12,1.00
2016.01.08 16:06:10.098,1.71292,1.71307,1.37,1.37
2016.01.08 16:06:10.200,1.71292,1.71307,1.37,1.87
2016.01.08 16:06:10.252,1.71292,1.71304,1.37,1.00
2016.01.08 16:06:10.594,1.71289,1.71303,1.00,1.12
2016.01.08 16:06:11.005,1.71286,1.71302,1.87,1.37
2016.01.08 16:06:11.311,1.71283,1.71297,2.20,1.00
2016.01.08 16:06:11.651,1.71283,1.71295,1.50,2.25
2016.01.08 16:06:11.703,1.71274,1.71289,3.00,1.87
2016.01.08 16:06:11.958,1.71274,1.71288,1.75,1.75
2016.01.08 16:06:12.324,1.71271,1.71281,2.70,1.00
2016.01.08 16:06:12.377,1.71269,1.71279,1.87,1.00
2016.01.08 16:06:12.428,1.71267,1.71279,1.50,1.00
2016.01.08 16:06:12.480,1.71266,1.7128,1.12,1.87
2016.01.08 16:06:13.001,1.71263,1.71279,1.20,1.75
2016.01.08 16:06:13.918,1.71263,1.71279,1.45,2.25
2016.01.08 16:06:14.020,1.71263,1.71279,1.20,2.25
2016.01.08 16:06:14.072,1.71263,1.71279,3.45,1.12
2016.01.08 16:06:14.225,1.71266,1.71281,1.47,1.00
2016.01.08 16:06:14.380,1.71265,1.71281,2.20,1.12
2016.01.08 16:06:14.534,1.71264,1.71277,1.87,1.00
2016.01.08 16:06:14.637,1.71262,1.71275,1.07,1.00
2016.01.08 16:06:14.962,1.71257,1.71272,1.82,1.50
2016.01.08 16:06:15.064,1.71258,1.71272,1.10,2.25
2016.01.08 16:06:15.572,1.71255,1.71272,3.00,1.00
2016.01.08 16:06:16.374,1.71255,1.71265,1.12,1.50
2016.01.08 16:06:16.443,1.7125,1.71265,1.07,1.87
2016.01.08 16:06:16.494,1.71248,1.71262,2.62,1.12
2016.01.08 16:06:16.954,1.71249,1.71262,1.50,1.00
2016.01.08 16:06:17.359,1.71254,1.7127,2.25,1.47
2016.01.08 16:06:17.412,1.71256,1.71271,1.50,1.00
2016.01.08 16:06:17.465,1.71256,1.71273,1.50,1.87
2016.01.08 16:06:17.873,1.71256,1.71271,1.12,1.00
2016.01.08 16:06:18.470,1.71259,1.71272,1.47,1.00
2016.01.08 16:06:18.521,1.71259,1.71274,1.47,1.50
2016.01.08 16:06:18.929,1.71259,1.71277,1.95,1.75
2016.01.08 16:06:19.086,1.71262,1.71278,1.12,2.25
2016.01.08 16:06:20.005,1.71262,1.71279,1.45,1.12
2016.01.08 16:06:20.313,1.71264,1.7128,2.77,1.87
2016.01.08 16:06:20.619,1.71264,1.7128,2.02,1.75
2016.01.08 16:06:20.771,1.71263,1.71277,1.12,1.50
2016.01.08 16:06:21.293,1.71263,1.71279,1.50,1.07
2016.01.08 16:06:21.396,1.71266,1.71281,1.12,2.57
2016.01.08 16:06:21.448,1.71266,1.71281,3.07,1.70
2016.01.08 16:06:21.754,1.71266,1.71279,2.32,1.07
2016.01.08 16:06:21.857,1.71267,1.71281,1.87,1.07
2016.01.08 16:06:21.909,1.71267,1.71282,1.87,1.07
2016.01.08 16:06:22.012,1.71266,1.71283,1.27,1.32
2016.01.08 16:06:22.321,1.71264,1.71281,3.82,1.32
2016.01.08 16:06:22.628,1.71261,1.71275,1.45,1.45
2016.01.08 16:06:23.305,1.7126,1.71276,1.37,1.07
2016.01.08 16:06:23.612,1.71259,1.71274,2.77,1.70
2016.01.08 16:06:23.715,1.71259,1.71276,2.40,2.95
2016.01.08 16:06:24.070,1.71261,1.71278,2.70,1.82
2016.01.08 16:06:24.724,1.71263,1.71278,1.87,1.00
2016.01.08 16:06:25.081,1.71263,1.71276,1.12,1.00
2016.01.08 16:06:25.592,1.71263,1.71276,1.12,1.67
2016.01.08 16:06:26.291,1.71263,1.71274,1.12,1.00
2016.01.08 16:06:26.498,1.7126,1.71274,1.20,1.00
2016.01.08 16:06:26.808,1.71261,1.71274,1.37,1.67
2016.01.08 16:06:26.911,1.71259,1.71274,2.70,1.42
2016.01.08 16:06:26.963,1.71259,1.71274,1.57,1.42
2016.01.08 16:06:27.244,1.71259,1.71274,1.07,2.55
2016.01.08 16:06:27.552,1.71255,1.71267,1.00,1.05
2016.01.08 16:06:28.592,1.71255,1.71267,1.00,1.30
2016.01.08 16:06:29.121,1.71252,1.71267,2.70,1.05
2016.01.08 16:06:32.134,1.71252,1.71264,1.95,1.00
2016.01.08 16:06:33.336,1.7125,1.71265,1.37,1.42
2016.01.08 16:06:33.743,1.7125,1.71264,1.37,1.42
2016.01.08 16:06:34.126,1.7125,1.71264,1.00,1.80
2016.01.08 16:06:34.432,1.71244,1.71256,1.87,1.67
2016.01.08 16:06:35.442,1.71244,1.71255,1.87,1.37
2016.01.08 16:06:37.149,1.71249,1.71254,1.87,1.00
2016.01.08 16:06:37.251,1.71249,1.71259,1.87,1.75
2016.01.08 16:06:37.354,1.71248,1.71259,1.87,1.00
2016.01.08 16:06:38.083,1.71249,1.7126,1.87,1.12
2016.01.08 16:06:38.440,1.7125,1.71262,1.75,1.12
2016.01.08 16:06:38.949,1.71249,1.71263,1.85,1.12
2016.01.08 16:06:39.226,1.71252,1.71263,2.25,1.12
2016.01.08 16:06:39.277,1.71252,1.71266,2.25,1.37
2016.01.08 16:06:40.095,1.71252,1.71267,2.25,1.00
2016.01.08 16:06:40.720,1.71253,1.71268,2.62,1.75
2016.01.08 16:06:41.258,1.7125,1.71265,1.50,1.12
2016.01.08 16:06:41.360,1.71249,1.71264,1.20,1.87
2016.01.08 16:06:41.411,1.71249,1.71264,1.20,2.62
2016.01.08 16:06:41.958,1.71246,1.71262,1.82,1.87
2016.01.08 16:06:43.259,1.71245,1.71256,1.50,1.00
2016.01.08 16:06:43.413,1.71241,1.71252,1.50,1.12
2016.01.08 16:06:43.465,1.71238,1.7125,1.87,1.12
2016.01.08 16:06:43.568,1.71237,1.7125,1.20,1.00
2016.01.08 16:06:43.721,1.71235,1.71248,1.50,1.12
2016.01.08 16:06:44.057,1.71233,1.71245,1.12,1.37
2016.01.08 16:06:44.110,1.71225,1.71239,1.87,1.00
2016.01.08 16:06:44.627,1.71225,1.71241,1.37,3.07
2016.01.08 16:06:45.153,1.71233,1.7124,1.87,1.00
2016.01.08 16:06:45.205,1.7124,1.71254,1.57,2.25
2016.01.08 16:06:45.307,1.71243,1.71257,1.75,1.75
2016.01.08 16:06:45.358,1.71243,1.71259,1.85,1.87
2016.01.08 16:06:45.409,1.71248,1.71257,1.37,1.37
2016.01.08 16:06:45.512,1.71246,1.71257,1.12,1.00
2016.01.08 16:06:45.614,1.71244,1.71258,1.50,1.75
2016.01.08 16:06:45.768,1.71242,1.71255,1.12,1.87
2016.01.08 16:06:45.820,1.71241,1.71254,1.45,1.50
2016.01.08 16:06:46.346,1.71239,1.71254,1.85,2.62
2016.01.08 16:06:46.855,1.71238,1.71253,1.57,1.12
2016.01.08 16:06:47.260,1.71237,1.7125,1.12,1.00
2016.01.08 16:06:47.413,1.71235,1.7125,3.37,1.00
2016.01.08 16:06:47.465,1.71235,1.7125,1.95,1.50
2016.01.08 16:06:47.619,1.71235,1.71247,1.00,1.00
2016.01.08 16:06:48.615,1.71234,1.71251,1.87,2.25
2016.01.08 16:06:48.921,1.71236,1.7125,1.00,1.37
2016.01.08 16:06:48.973,1.71234,1.7125,1.12,1.87
2016.01.08 16:06:49.024,1.71233,1.71245,1.57,1.00
2016.01.08 16:06:49.229,1.71226,1.7124,1.12,1.50
2016.01.08 16:06:49.816,1.71225,1.71239,1.20,1.12
2016.01.08 16:06:50.327,1.71225,1.71241,1.85,1.50
2016.01.08 16:06:51.221,1.71225,1.71238,1.47,1.00
2016.01.08 16:06:51.272,1.71225,1.7124,1.47,1.12
2016.01.08 16:06:51.375,1.71225,1.7124,1.20,1.75
2016.01.08 16:06:51.583,1.71222,1.71237,1.45,1.87
2016.01.08 16:06:51.687,1.7122,1.71235,2.70,1.75
2016.01.08 16:06:52.286,1.71218,1.71231,1.50,1.75
2016.01.08 16:06:52.338,1.71216,1.71231,1.95,1.75
2016.01.08 16:06:52.492,1.71216,1.71231,1.95,1.37
2016.01.08 16:06:53.576,1.71217,1.71231,1.50,1.37
2016.01.08 16:06:54.084,1.71219,1.71235,1.00,1.12
2016.01.08 16:06:55.444,1.71221,1.71236,1.00,1.12
2016.01.08 16:06:55.597,1.71221,1.71237,1.50,1.12
2016.01.08 16:06:56.212,1.71222,1.71237,1.00,1.12
2016.01.08 16:06:56.752,1.71223,1.71236,1.00,1.00
2016.01.08 16:06:57.294,1.7122,1.71236,1.95,1.00
2016.01.08 16:06:57.838,1.71221,1.71237,1.12,1.95
2016.01.08 16:06:57.890,1.71215,1.71226,1.00,1.00
2016.01.08 16:06:57.993,1.71213,1.71226,1.20,1.37
2016.01.08 16:06:58.352,1.7121,1.71222,1.12,1.00
2016.01.08 16:06:58.506,1.71205,1.71219,2.62,1.00
2016.01.08 16:06:59.024,1.71205,1.71218,1.00,1.00
2016.01.08 16:06:59.127,1.71203,1.71214,1.95,1.00
2016.01.08 16:06:59.280,1.71201,1.71217,1.57,1.75
2016.01.08 16:06:59.383,1.71204,1.71221,1.12,2.32
2016.01.08 16:06:59.689,1.7121,1.71223,1.20,1.37
2016.01.08 16:06:59.843,1.7121,1.71223,1.95,1.00
2016.01.08 16:07:00.376,1.7121,1.71222,1.50,1.37
2016.01.08 16:07:00.734,1.71207,1.71217,1.75,1.00
2016.01.08 16:07:00.942,1.71201,1.71212,1.47,1.00
2016.01.08 16:07:00.994,1.71199,1.71209,3.37,1.00
2016.01.08 16:07:01.491,1.71199,1.71209,1.00,1.12
2016.01.08 16:07:01.543,1.71192,1.71202,1.87,1.00
2016.01.08 16:07:01.645,1.71192,1.712,1.12,1.00
2016.01.08 16:07:01.951,1.7119,1.712,1.00,1.00
2016.01.08 16:07:02.158,1.71189,1.71195,1.00,1.00
2016.01.08 16:07:02.209,1.71186,1.71193,1.07,1.00
2016.01.08 16:07:02.479,1.7118,1.71191,1.37,1.87
2016.01.08 16:07:02.530,1.71174,1.71186,1.00,1.00
2016.01.08 16:07:02.632,1.71172,1.71185,1.00,1.00
2016.01.08 16:07:02.887,1.71171,1.71189,1.00,1.75
2016.01.08 16:07:02.938,1.71175,1.7119,1.12,1.20
2016.01.08 16:07:03.142,1.71178,1.71194,1.57,1.50
2016.01.08 16:07:03.193,1.71178,1.71191,1.95,1.00
2016.01.08 16:07:03.590,1.71176,1.71187,1.00,1.00
2016.01.08 16:07:03.847,1.71175,1.71189,1.37,1.00
2016.01.08 16:07:04.000,1.71176,1.71191,1.00,1.00
2016.01.08 16:07:04.932,1.71176,1.71191,1.87,1.50
2016.01.08 16:07:04.983,1.7118,1.71194,1.00,1.37
2016.01.08 16:07:05.442,1.71179,1.71191,1.00,1.00
2016.01.08 16:07:05.802,1.71178,1.71193,1.65,1.12
2016.01.08 16:07:06.717,1.71179,1.71191,1.00,1.00
2016.01.08 16:07:06.972,1.71184,1.712,1.50,1.12
2016.01.08 16:07:07.024,1.71187,1.71198,1.37,1.00
2016.01.08 16:07:07.321,1.71183,1.71196,1.50,1.00
2016.01.08 16:07:07.372,1.71183,1.71194,1.12,1.00
2016.01.08 16:07:07.577,1.71181,1.71197,3.37,1.37
2016.01.08 16:07:07.629,1.71183,1.71199,2.25,1.20
2016.01.08 16:07:07.782,1.71185,1.71197,1.07,1.00
2016.01.08 16:07:08.038,1.71184,1.71198,1.87,1.00
2016.01.08 16:07:08.800,1.71184,1.71195,1.50,1.00
2016.01.08 16:07:08.953,1.71182,1.71194,1.12,1.00
2016.01.08 16:07:09.055,1.71178,1.71193,1.20,1.00
2016.01.08 16:07:09.361,1.71177,1.7119,2.25,1.00
2016.01.08 16:07:09.748,1.71177,1.7119,1.10,1.00
2016.01.08 16:07:10.053,1.71175,1.71185,1.47,1.12
2016.01.08 16:07:10.359,1.71166,1.71181,3.00,1.37
2016.01.08 16:07:10.410,1.71166,1.71181,3.00,1.12
2016.01.08 16:07:10.939,1.71166,1.71173,1.82,1.87
2016.01.08 16:07:11.245,1.71127,1.71145,2.20,1.00
2016.01.08 16:07:11.652,1.71127,1.71146,1.00,2.02
2016.01.08 16:07:12.273,1.71134,1.71148,1.00,1.50
2016.01.08 16:07:12.580,1.71141,1.71159,1.87,1.87
2016.01.08 16:07:12.939,1.71143,1.71157,1.00,1.12
2016.01.08 16:07:13.275,1.71139,1.71157,4.12,1.12
2016.01.08 16:07:13.836,1.71139,1.71155,1.12,1.37
2016.01.08 16:07:14.602,1.71137,1.71152,1.57,1.37
2016.01.08 16:07:15.010,1.71135,1.7115,1.57,1.50
2016.01.08 16:07:15.061,1.71133,1.7115,3.00,1.87
2016.01.08 16:07:15.164,1.71131,1.71147,1.95,1.12
2016.01.08 16:07:15.967,1.71132,1.71149,1.12,1.50
2016.01.08 16:07:16.019,1.71132,1.71149,1.12,1.50
2016.01.08 16:07:16.070,1.7113,1.71147,1.50,1.00
2016.01.08 16:07:16.273,1.71134,1.71151,1.37,1.75
2016.01.08 16:07:16.377,1.71133,1.71151,2.25,1.50
2016.01.08 16:07:16.530,1.71134,1.7115,1.47,1.75
2016.01.08 16:07:16.951,1.7113,1.71144,1.12,1.12
2016.01.08 16:07:17.002,1.71124,1.71142,1.57,1.75
2016.01.08 16:07:17.461,1.71121,1.7114,1.75,1.00
2016.01.08 16:07:17.888,1.71119,1.71135,1.50,1.12
2016.01.08 16:07:18.198,1.71115,1.71119,1.12,1.00
2016.01.08 16:07:18.352,1.71103,1.71119,1.95,1.50
2016.01.08 16:07:18.404,1.71103,1.71115,1.95,1.00
2016.01.08 16:07:19.140,1.71093,1.71107,1.50,1.00
2016.01.08 16:07:19.346,1.71092,1.71105,1.12,1.00
2016.01.08 16:07:19.602,1.71083,1.71098,2.32,1.00
2016.01.08 16:07:19.653,1.71083,1.7109,1.57,1.00
2016.01.08 16:07:19.808,1.71067,1.71082,3.75,1.37
2016.01.08 16:07:20.197,1.71042,1.71054,1.07,1.00
2016.01.08 16:07:20.249,1.71046,1.71054,1.87,1.00
2016.01.08 16:07:20.300,1.71046,1.71059,1.87,1.75
2016.01.08 16:07:20.351,1.71041,1.7106,1.95,1.75
2016.01.08 16:07:20.403,1.71047,1.71063,1.37,1.95
2016.01.08 16:07:20.455,1.71047,1.71063,1.37,1.20
2016.01.08 16:07:20.918,1.71063,1.71072,2.62,1.12
2016.01.08 16:07:20.974,1.71065,1.71082,1.20,1.12
2016.01.08 16:07:21.128,1.71068,1.71076,1.50,1.00
2016.01.08 16:07:21.283,1.71071,1.71089,1.12,1.87
2016.01.08 16:07:21.335,1.7107,1.71087,1.20,1.00
2016.01.08 16:07:21.540,1.7107,1.71087,2.40,1.00
2016.01.08 16:07:21.809,1.71074,1.71087,1.00,1.00
2016.01.08 16:07:21.864,1.71073,1.71094,1.00,1.82
2016.01.08 16:07:22.170,1.71072,1.71093,1.65,2.40
2016.01.08 16:07:22.376,1.71073,1.71094,2.25,1.00
2016.01.08 16:07:22.428,1.71073,1.71094,2.25,1.37
2016.01.08 16:07:22.585,1.71075,1.71096,3.00,1.10
2016.01.08 16:07:22.894,1.71079,1.71095,1.37,1.00
2016.01.08 16:07:22.946,1.71081,1.711,1.37,1.87
2016.01.08 16:07:23.194,1.71089,1.71106,1.37,1.20
2016.01.08 16:07:23.246,1.71089,1.71108,1.37,2.25
2016.01.08 16:07:23.349,1.71091,1.71111,1.50,1.95
2016.01.08 16:07:23.454,1.71094,1.71111,1.00,1.47
2016.01.08 16:07:23.557,1.71096,1.71115,1.00,1.57
2016.01.08 16:07:23.609,1.71098,1.71115,1.00,1.57
2016.01.08 16:07:23.924,1.71098,1.71119,1.95,1.95
2016.01.08 16:07:23.978,1.71098,1.71115,1.10,1.00
2016.01.08 16:07:24.284,1.71093,1.71109,1.75,1.00
2016.01.08 16:07:24.336,1.71092,1.71109,1.50,1.00
2016.01.08 16:07:24.438,1.71091,1.71109,1.27,1.00
2016.01.08 16:07:24.642,1.7109,1.71109,1.57,1.47
2016.01.08 16:07:24.966,1.71089,1.71101,1.12,1.37
2016.01.08 16:07:25.119,1.71084,1.71101,1.37,1.47
2016.01.08 16:07:25.171,1.71082,1.71097,1.12,1.00
2016.01.08 16:07:25.324,1.71078,1.71097,1.20,1.00
2016.01.08 16:07:26.006,1.71077,1.71097,1.87,1.00
2016.01.08 16:07:26.057,1.71081,1.711,1.50,1.37
2016.01.08 16:07:26.466,1.71085,1.71103,1.12,1.20
2016.01.08 16:07:26.517,1.71085,1.71105,1.57,1.37
2016.01.08 16:07:27.723,1.71084,1.71105,3.00,1.50
2016.01.08 16:07:27.775,1.71084,1.71102,1.50,1.00
2016.01.08 16:07:27.979,1.7108,1.71103,1.12,2.25
2016.01.08 16:07:28.409,1.71087,1.71103,1.00,1.75
2016.01.08 16:07:28.563,1.71085,1.71103,1.12,1.50
2016.01.08 16:07:28.716,1.71085,1.711,1.00,3.00
2016.01.08 16:07:28.768,1.71079,1.711,3.75,3.00
2016.01.08 16:07:28.819,1.71082,1.711,1.50,1.37
2016.01.08 16:07:28.871,1.71085,1.71102,1.00,1.57
2016.01.08 16:07:29.412,1.7109,1.71102,1.00,1.37
2016.01.08 16:07:29.464,1.71091,1.71107,1.00,1.87
2016.01.08 16:07:29.568,1.71088,1.71104,1.87,1.00
2016.01.08 16:07:29.672,1.71085,1.71107,2.32,1.95
2016.01.08 16:07:29.877,1.71084,1.71104,1.45,1.87
2016.01.08 16:07:29.981,1.71082,1.71101,1.57,1.50
2016.01.08 16:07:30.391,1.7108,1.71094,1.37,1.00
2016.01.08 16:07:30.997,1.7108,1.71096,1.37,1.12
2016.01.08 16:07:31.156,1.7108,1.71094,1.37,1.00
2016.01.08 16:07:31.582,1.71077,1.71091,1.10,1.50
2016.01.08 16:07:31.633,1.71072,1.71084,1.00,1.00
2016.01.08 16:07:31.736,1.71072,1.71087,1.00,1.00
2016.01.08 16:07:31.788,1.71072,1.71089,1.12,1.85
2016.01.08 16:07:32.096,1.71075,1.71091,1.37,1.10
2016.01.08 16:07:32.148,1.71077,1.71091,1.50,1.00
2016.01.08 16:07:32.250,1.71078,1.71094,1.12,1.00
2016.01.08 16:07:32.565,1.7108,1.71098,2.32,1.37
2016.01.08 16:07:33.076,1.71084,1.71099,1.47,1.37
2016.01.08 16:07:33.592,1.71083,1.71098,1.57,1.00
2016.01.08 16:07:33.643,1.71083,1.71102,1.57,1.50
2016.01.08 16:07:33.694,1.71084,1.71102,1.47,1.50
2016.01.08 16:07:34.002,1.7109,1.71106,1.00,1.12
2016.01.08 16:07:34.885,1.7109,1.71106,1.95,1.00
2016.01.08 16:07:35.702,1.71091,1.71107,1.20,1.12
2016.01.08 16:07:36.453,1.71093,1.71107,1.00,1.00
2016.01.08 16:07:36.606,1.71097,1.71113,1.50,1.00
2016.01.08 16:07:36.709,1.71097,1.71111,1.50,1.00
2016.01.08 16:07:36.812,1.71096,1.71111,1.20,1.00
2016.01.08 16:07:37.185,1.71099,1.71111,1.00,1.00
2016.01.08 16:07:37.697,1.71097,1.71112,1.45,1.00
2016.01.08 16:07:38.005,1.711,1.71115,1.00,1.87
2016.01.08 16:07:38.268,1.711,1.71115,1.00,1.12
2016.01.08 16:07:38.778,1.71101,1.71116,1.00,1.37
2016.01.08 16:07:39.033,1.711,1.71115,1.00,1.50
2016.01.08 16:07:39.506,1.71093,1.71113,2.70,1.87
2016.01.08 16:07:39.913,1.71096,1.71111,1.75,1.00
2016.01.08 16:07:40.117,1.71093,1.71108,1.57,1.00
2016.01.08 16:07:40.271,1.71092,1.7111,3.00,1.57
2016.01.08 16:07:40.589,1.71096,1.71111,1.12,1.00
2016.01.08 16:07:40.897,1.711,1.71116,1.00,1.50
2016.01.08 16:07:40.949,1.711,1.71114,1.00,1.00
2016.01.08 16:07:41.153,1.711,1.71116,1.00,1.00
2016.01.08 16:07:41.205,1.71101,1.71117,1.50,1.00
2016.01.08 16:07:41.682,1.71105,1.7112,1.10,1.00
2016.01.08 16:07:42.242,1.71104,1.71122,1.95,1.12
2016.01.08 16:07:42.940,1.71111,1.71123,1.00,1.00
2016.01.08 16:07:43.093,1.71104,1.71119,2.25,1.00
2016.01.08 16:07:43.144,1.71104,1.71117,1.50,1.00
2016.01.08 16:07:43.248,1.71101,1.71115,1.57,1.00
2016.01.08 16:07:43.401,1.711,1.71117,1.37,1.12
2016.01.08 16:07:43.987,1.711,1.71116,1.50,1.00
2016.01.08 16:07:44.501,1.71097,1.71116,2.70,1.50
2016.01.08 16:07:45.012,1.71099,1.71116,1.57,1.12
2016.01.08 16:07:45.445,1.71099,1.71114,1.10,1.00
2016.01.08 16:07:45.751,1.71095,1.71112,1.10,1.00
2016.01.08 16:07:45.853,1.71098,1.71113,1.00,1.00
2016.01.08 16:07:46.614,1.71096,1.71109,1.00,1.37
2016.01.08 16:07:46.665,1.7109,1.71107,1.50,1.00
2016.01.08 16:07:47.023,1.71093,1.71108,1.00,1.00
2016.01.08 16:07:47.329,1.71092,1.71108,1.85,1.00
2016.01.08 16:07:47.860,1.71092,1.71109,1.85,1.00
2016.01.08 16:07:48.065,1.71089,1.71108,1.50,1.57
2016.01.08 16:07:48.168,1.71088,1.71106,1.50,1.12
2016.01.08 16:07:48.720,1.71095,1.71112,1.00,1.50
2016.01.08 16:07:49.025,1.71098,1.71114,1.00,1.57
2016.01.08 16:07:49.331,1.71102,1.71118,1.57,1.50
2016.01.08 16:07:50.175,1.71101,1.71118,2.32,1.37
2016.01.08 16:07:50.329,1.71103,1.7112,1.00,1.87
2016.01.08 16:07:50.380,1.71105,1.7112,1.00,1.12
2016.01.08 16:07:50.432,1.71105,1.71123,1.87,1.00
2016.01.08 16:07:50.534,1.71106,1.71125,1.20,1.10
2016.01.08 16:07:50.586,1.71108,1.71127,1.10,1.87
2016.01.08 16:07:50.894,1.71111,1.71127,1.12,1.00
2016.01.08 16:07:51.216,1.71111,1.71124,1.00,1.12
2016.01.08 16:07:51.268,1.71106,1.71122,1.00,1.00
2016.01.08 16:07:51.370,1.71105,1.71119,1.57,1.00
2016.01.08 16:07:51.577,1.711,1.71118,2.32,1.00
2016.01.08 16:07:51.628,1.711,1.71115,1.20,1.12
2016.01.08 16:07:51.935,1.71099,1.71118,2.25,1.20
2016.01.08 16:07:52.669,1.71103,1.71119,1.00,1.50
2016.01.08 16:07:52.976,1.71105,1.71121,1.50,1.00
2016.01.08 16:07:53.490,1.71102,1.7112,1.37,1.20
2016.01.08 16:07:53.868,1.71101,1.71118,1.00,1.00
2016.01.08 16:07:54.991,1.71103,1.7112,1.00,2.32
2016.01.08 16:07:55.297,1.71103,1.71121,3.00,1.87
2016.01.08 16:07:55.349,1.71103,1.71121,1.00,2.32
2016.01.08 16:07:55.502,1.71102,1.71117,1.12,1.00
2016.01.08 16:07:55.553,1.71101,1.71117,1.00,1.37
2016.01.08 16:07:55.655,1.71097,1.71115,1.37,1.50
2016.01.08 16:07:55.974,1.711,1.71113,1.12,1.27
2016.01.08 16:07:56.228,1.71103,1.71121,1.00,2.32
2016.01.08 16:07:56.280,1.71104,1.71121,2.25,1.45
2016.01.08 16:07:56.535,1.71111,1.71128,1.00,1.87
2016.01.08 16:07:57.076,1.71111,1.71128,1.20,1.00
2016.01.08 16:07:57.128,1.71115,1.71132,1.00,1.45
2016.01.08 16:07:57.637,1.71113,1.7113,2.25,1.00
2016.01.08 16:07:58.573,1.71113,1.7113,1.87,1.00
2016.01.08 16:07:58.882,1.71116,1.7113,1.12,1.00
2016.01.08 16:07:59.139,1.71121,1.71139,1.87,1.57
2016.01.08 16:07:59.243,1.71122,1.71136,1.00,1.50
2016.01.08 16:07:59.346,1.71117,1.71134,1.20,1.37
2016.01.08 16:07:59.737,1.71114,1.71133,1.57,1.75
2016.01.08 16:07:59.841,1.71114,1.71133,1.20,1.85
2016.01.08 16:08:00.046,1.7111,1.71129,1.00,1.50
2016.01.08 16:08:00.149,1.71113,1.71129,1.00,1.75
2016.01.08 16:08:00.302,1.71111,1.71129,1.00,1.75
2016.01.08 16:08:00.354,1.7111,1.71129,1.00,2.62
2016.01.08 16:08:00.557,1.7111,1.71127,1.12,1.20
2016.01.08 16:08:00.982,1.71111,1.71129,1.50,1.50
2016.01.08 16:08:01.085,1.71109,1.71128,1.50,1.00
2016.01.08 16:08:01.136,1.71109,1.71128,1.50,1.37
2016.01.08 16:08:01.392,1.71107,1.71125,1.47,1.00
2016.01.08 16:08:02.146,1.71106,1.71124,1.50,1.00
2016.01.08 16:08:02.200,1.71109,1.71125,1.50,1.50
2016.01.08 16:08:02.872,1.71111,1.71125,1.00,1.00
2016.01.08 16:08:03.418,1.71111,1.71126,1.00,1.00
2016.01.08 16:08:04.009,1.71111,1.71125,1.00,1.87
2016.01.08 16:08:04.872,1.71111,1.71127,1.00,1.20
2016.01.08 16:08:05.381,1.71108,1.71125,1.12,1.50
2016.01.08 16:08:05.433,1.71108,1.71121,1.00,1.87
2016.01.08 16:08:05.949,1.71101,1.71116,1.00,1.12
2016.01.08 16:08:06.003,1.71103,1.71118,1.00,1.50
2016.01.08 16:08:06.308,1.711,1.71118,1.12,1.00
2016.01.08 16:08:06.360,1.711,1.71118,1.12,1.12
2016.01.08 16:08:07.302,1.71097,1.71111,1.50,1.12
2016.01.08 16:08:07.365,1.71091,1.71109,1.20,1.50
2016.01.08 16:08:07.570,1.71091,1.71109,1.45,1.00
2016.01.08 16:08:08.095,1.71091,1.71098,1.45,1.00
2016.01.08 16:08:08.553,1.7107,1.7108,1.75,1.12
2016.01.08 16:08:08.605,1.71061,1.71073,1.07,1.00
2016.01.08 16:08:08.660,1.71058,1.71073,1.87,1.37
2016.01.08 16:08:08.712,1.71058,1.71071,1.00,1.00
2016.01.08 16:08:08.764,1.71055,1.71071,1.10,1.00
2016.01.08 16:08:09.173,1.71052,1.71069,1.87,1.00
2016.01.08 16:08:09.538,1.71047,1.71062,1.50,1.37
2016.01.08 16:08:09.642,1.71045,1.71063,2.70,1.37
2016.01.08 16:08:09.695,1.71045,1.71063,1.10,1.37
2016.01.08 16:08:09.746,1.71048,1.71064,1.00,1.37
2016.01.08 16:08:09.901,1.71051,1.71066,1.00,1.07
2016.01.08 16:08:09.952,1.71054,1.71069,1.00,1.50
2016.01.08 16:08:10.005,1.71054,1.71071,1.12,1.95
2016.01.08 16:08:10.470,1.7105,1.71069,1.87,1.00
2016.01.08 16:08:10.725,1.71049,1.71066,3.07,1.00
2016.01.08 16:08:11.027,1.71047,1.71065,3.37,1.37
2016.01.08 16:08:11.180,1.71047,1.71065,2.32,1.37
2016.01.08 16:08:11.911,1.71049,1.71065,1.50,1.37
2016.01.08 16:08:12.369,1.71049,1.71066,1.00,1.50
2016.01.08 16:08:12.420,1.71049,1.71059,1.00,1.00
2016.01.08 16:08:12.624,1.71037,1.71052,1.85,1.37
2016.01.08 16:08:12.726,1.71035,1.71053,1.95,1.12
2016.01.08 16:08:13.011,1.71037,1.71055,1.95,1.75
2016.01.08 16:08:13.115,1.71043,1.7106,1.00,1.12
2016.01.08 16:08:13.218,1.71044,1.7106,1.00,1.00
2016.01.08 16:08:13.728,1.71043,1.7106,1.57,1.00
2016.01.08 16:08:13.779,1.71043,1.7106,1.20,2.62
2016.01.08 16:08:14.193,1.71041,1.71058,1.12,1.37
2016.01.08 16:08:14.295,1.71038,1.71053,2.25,1.00
2016.01.08 16:08:14.807,1.7104,1.71055,1.00,1.87
2016.01.08 16:08:14.859,1.71038,1.71055,1.00,1.87
2016.01.08 16:08:14.911,1.71036,1.71055,2.40,1.87
2016.01.08 16:08:15.519,1.71036,1.71052,1.27,1.00
2016.01.08 16:08:15.571,1.7104,1.71056,1.12,1.37
2016.01.08 16:08:15.674,1.71043,1.71056,1.00,1.37
2016.01.08 16:08:16.189,1.71043,1.71056,1.00,1.37
2016.01.08 16:08:17.214,1.71043,1.71058,1.00,1.57
2016.01.08 16:08:17.747,1.71044,1.71057,1.00,1.57
2016.01.08 16:08:18.055,1.71058,1.71065,1.00,1.12
2016.01.08 16:08:18.107,1.71058,1.71069,1.00,1.12
2016.01.08 16:08:18.209,1.71058,1.71074,1.00,2.32
2016.01.08 16:08:18.464,1.7106,1.71074,1.00,1.20
2016.01.08 16:08:18.516,1.71058,1.71073,1.12,1.10
2016.01.08 16:08:18.875,1.7106,1.71075,1.00,2.20
2016.01.08 16:08:19.197,1.71062,1.71075,1.00,1.45
2016.01.08 16:08:19.604,1.71065,1.71077,1.00,1.95
2016.01.08 16:08:19.858,1.71067,1.71082,1.00,1.45
2016.01.08 16:08:19.910,1.71069,1.71081,1.00,1.10
2016.01.08 16:08:20.215,1.71069,1.71085,1.50,1.50
2016.01.08 16:08:20.420,1.71067,1.71084,1.12,1.20
2016.01.08 16:08:20.523,1.71067,1.71081,1.00,1.20
2016.01.08 16:08:20.678,1.71065,1.71081,1.00,1.20
2016.01.08 16:08:21.194,1.71064,1.7108,1.00,1.45
2016.01.08 16:08:21.453,1.71064,1.7108,1.75,1.07
2016.01.08 16:08:21.504,1.71067,1.71083,1.00,1.87
2016.01.08 16:08:21.607,1.71065,1.71082,1.00,1.45
2016.01.08 16:08:22.597,1.71068,1.71083,1.00,1.37
2016.01.08 16:08:22.649,1.71068,1.71084,1.00,1.10
2016.01.08 16:08:24.134,1.71069,1.71087,1.50,1.65
2016.01.08 16:08:24.694,1.71074,1.71088,1.00,3.00
2016.01.08 16:08:24.746,1.71072,1.71088,1.00,1.87
2016.01.08 16:08:25.464,1.71078,1.7109,1.00,1.50
2016.01.08 16:08:25.515,1.71078,1.71093,1.00,1.00
2016.01.08 16:08:25.568,1.7108,1.71093,1.12,1.00
2016.01.08 16:08:25.670,1.7108,1.71098,1.12,1.12
2016.01.08 16:08:25.723,1.71084,1.71099,1.00,1.95
2016.01.08 16:08:25.827,1.71082,1.71099,1.00,1.20
2016.01.08 16:08:25.878,1.71084,1.71099,1.00,1.20
2016.01.08 16:08:26.032,1.71084,1.711,1.00,1.37
2016.01.08 16:08:26.185,1.71086,1.711,1.00,1.00
2016.01.08 16:08:26.517,1.71088,1.71104,1.50,1.87
2016.01.08 16:08:26.569,1.71088,1.71104,1.50,1.10
2016.01.08 16:08:26.875,1.71085,1.71104,1.75,1.50
2016.01.08 16:08:27.132,1.71088,1.71104,1.50,1.00
2016.01.08 16:08:27.844,1.71086,1.71102,1.12,1.12
2016.01.08 16:08:27.895,1.71086,1.71103,1.12,1.00
2016.01.08 16:08:28.201,1.71082,1.71103,1.57,2.32
2016.01.08 16:08:28.849,1.71086,1.71103,1.00,1.95
2016.01.08 16:08:28.901,1.71081,1.71101,1.57,1.12
2016.01.08 16:08:29.713,1.7108,1.71097,1.00,1.50
2016.01.08 16:08:30.026,1.71076,1.71093,1.00,1.82
2016.01.08 16:08:30.128,1.71071,1.71092,2.02,2.40
2016.01.08 16:08:30.230,1.71074,1.71093,1.75,1.87
2016.01.08 16:08:30.535,1.71074,1.71095,4.50,2.25
2016.01.08 16:08:32.192,1.7108,1.71096,1.00,2.25
2016.01.08 16:08:32.763,1.71088,1.71104,1.75,1.00
2016.01.08 16:08:32.815,1.71091,1.71109,1.00,1.95
2016.01.08 16:08:33.223,1.71093,1.71111,1.00,1.12
2016.01.08 16:08:33.274,1.71093,1.71113,1.00,1.95
2016.01.08 16:08:33.326,1.71095,1.71113,1.50,1.07
2016.01.08 16:08:33.788,1.71104,1.71121,1.37,1.87
2016.01.08 16:08:33.842,1.71104,1.71122,1.75,1.00
2016.01.08 16:08:34.046,1.71106,1.71122,1.12,1.00
2016.01.08 16:08:34.250,1.71106,1.71122,1.37,1.00
2016.01.08 16:08:34.660,1.71106,1.71125,1.12,1.57
2016.01.08 16:08:35.167,1.71106,1.71123,1.12,1.00
2016.01.08 16:08:35.269,1.71105,1.71125,1.95,1.12
2016.01.08 16:08:35.371,1.71104,1.71123,2.25,1.00
2016.01.08 16:08:36.245,1.71108,1.71124,1.00,1.00
2016.01.08 16:08:37.687,1.71107,1.71126,1.12,1.87
2016.01.08 16:08:37.993,1.71109,1.71126,1.75,1.00
2016.01.08 16:08:38.300,1.71115,1.71134,1.50,1.47
2016.01.08 16:08:38.625,1.71116,1.71134,1.45,1.12
2016.01.08 16:08:38.676,1.71116,1.71132,1.50,1.00
2016.01.08 16:08:39.444,1.71115,1.71132,1.75,1.00
2016.01.08 16:08:40.128,1.71115,1.71131,1.75,1.00
2016.01.08 16:08:40.230,1.71115,1.71131,1.00,1.00
2016.01.08 16:08:40.281,1.71113,1.71131,1.00,1.00
2016.01.08 16:08:40.384,1.71115,1.71132,1.00,1.10
2016.01.08 16:08:40.690,1.71116,1.71133,1.12,1.00
2016.01.08 16:08:40.843,1.71114,1.71132,1.47,1.00
2016.01.08 16:08:40.945,1.71114,1.71132,1.47,1.50
2016.01.08 16:08:41.294,1.71117,1.71135,1.00,1.12
2016.01.08 16:08:41.551,1.7112,1.71139,1.10,1.20
2016.01.08 16:08:42.391,1.71122,1.7114,1.00,1.50
2016.01.08 16:08:42.699,1.7112,1.7114,1.10,2.25
2016.01.08 16:08:43.357,1.7112,1.71138,1.10,1.00
2016.01.08 16:08:43.561,1.7112,1.71139,1.95,1.20
2016.01.08 16:08:44.250,1.7112,1.71139,2.25,1.00
2016.01.08 16:08:44.460,1.7112,1.71139,2.25,1.50
2016.01.08 16:08:44.663,1.71121,1.71135,1.20,1.00
2016.01.08 16:08:44.968,1.7112,1.71138,1.47,1.37
2016.01.08 16:08:45.172,1.7112,1.7114,1.57,1.20
2016.01.08 16:08:45.274,1.7112,1.7114,1.57,1.20
2016.01.08 16:08:45.644,1.71122,1.71141,1.00,1.87
2016.01.08 16:08:46.018,1.71122,1.71141,1.00,1.00
2016.01.08 16:08:46.272,1.71121,1.71142,1.85,1.87
2016.01.08 16:08:46.578,1.71121,1.71136,1.00,1.12
2016.01.08 16:08:46.681,1.71118,1.71136,1.50,1.12
2016.01.08 16:08:46.998,1.7112,1.71132,1.00,1.37
2016.01.08 16:08:47.151,1.71114,1.71132,1.50,2.25
2016.01.08 16:08:47.253,1.71113,1.71129,1.00,1.00
2016.01.08 16:08:47.660,1.71115,1.71131,1.00,1.07
2016.01.08 16:08:48.324,1.71114,1.7113,1.87,1.00
2016.01.08 16:08:48.486,1.71114,1.71128,1.12,1.00
2016.01.08 16:08:48.894,1.71111,1.7113,1.20,1.10
2016.01.08 16:08:49.573,1.71116,1.71131,1.12,1.57
2016.01.08 16:08:49.880,1.71123,1.71143,1.75,2.25
2016.01.08 16:08:49.982,1.71126,1.71145,1.87,2.62
2016.01.08 16:08:50.289,1.71126,1.71145,3.45,1.37
2016.01.08 16:08:50.694,1.71129,1.71148,1.50,1.87
2016.01.08 16:08:50.745,1.71129,1.71149,1.50,1.82
2016.01.08 16:08:51.257,1.7113,1.7115,1.12,2.25
2016.01.08 16:08:51.309,1.71129,1.71149,2.32,1.85
2016.01.08 16:08:51.900,1.71126,1.71132,1.12,1.12
2016.01.08 16:08:51.967,1.71113,1.71129,1.57,1.00
2016.01.08 16:08:52.173,1.71113,1.7113,1.57,1.12
2016.01.08 16:08:52.429,1.71113,1.7113,1.12,1.20
2016.01.08 16:08:52.481,1.71115,1.71131,1.00,1.57
2016.01.08 16:08:52.634,1.71115,1.71132,1.00,1.50
2016.01.08 16:08:53.017,1.71116,1.71133,1.00,1.45
2016.01.08 16:08:53.125,1.71114,1.71133,1.20,1.57
2016.01.08 16:08:53.176,1.71113,1.71133,2.32,3.45
2016.01.08 16:08:53.685,1.71115,1.71132,1.00,1.20
2016.01.08 16:08:54.401,1.71116,1.71129,1.00,1.00
2016.01.08 16:08:54.505,1.71118,1.71132,1.12,1.00
2016.01.08 16:08:54.608,1.7112,1.71136,1.37,1.37
2016.01.08 16:08:55.168,1.7112,1.71136,1.37,1.00
2016.01.08 16:08:55.980,1.71119,1.71136,1.95,1.00
2016.01.08 16:08:56.337,1.71119,1.71134,1.12,1.00
2016.01.08 16:08:56.491,1.71114,1.71131,1.20,1.12
2016.01.08 16:08:57.274,1.71117,1.71135,1.37,1.12
2016.01.08 16:08:57.326,1.7112,1.71138,1.87,1.37
2016.01.08 16:08:57.988,1.71123,1.71138,1.00,1.37
2016.01.08 16:08:58.090,1.71123,1.71141,1.00,1.82
2016.01.08 16:08:58.418,1.71127,1.71143,1.37,2.70
2016.01.08 16:08:58.623,1.71128,1.71144,1.37,1.12
2016.01.08 16:08:58.827,1.71128,1.71145,1.12,1.10
2016.01.08 16:08:58.879,1.71128,1.71146,1.12,1.20
2016.01.08 16:08:58.981,1.71129,1.71146,1.00,1.12
2016.01.08 16:08:59.393,1.71132,1.71149,1.00,1.82
2016.01.08 16:08:59.710,1.71138,1.71153,1.00,1.45
2016.01.08 16:08:59.812,1.71139,1.71155,1.00,1.45
2016.01.08 16:08:59.864,1.71141,1.71155,1.12,1.45
2016.01.08 16:09:00.018,1.71141,1.71159,2.32,1.47
2016.01.08 16:09:00.274,1.71141,1.71159,1.57,1.20
2016.01.08 16:09:00.801,1.71141,1.71159,1.12,2.70
2016.01.08 16:09:00.852,1.71139,1.71157,2.25,1.00
2016.01.08 16:09:01.008,1.71139,1.71154,1.37,1.00
2016.01.08 16:09:01.110,1.71138,1.71158,3.45,1.85
2016.01.08 16:09:01.212,1.71144,1.71158,1.37,1.85
2016.01.08 16:09:01.315,1.71144,1.71159,1.50,1.95
2016.01.08 16:09:01.519,1.71143,1.7116,2.25,2.70
2016.01.08 16:09:01.867,1.71145,1.71161,1.12,1.10
2016.01.08 16:09:01.927,1.71145,1.71158,1.12,1.00
2016.01.08 16:09:02.080,1.71142,1.71159,1.50,1.50
2016.01.08 16:09:02.131,1.71143,1.71157,1.37,1.37
2016.01.08 16:09:02.690,1.71147,1.71158,1.00,1.57
2016.01.08 16:09:03.290,1.71147,1.7116,1.00,1.12
2016.01.08 16:09:03.341,1.71147,1.71163,1.50,1.12
2016.01.08 16:09:03.545,1.71147,1.71163,2.62,1.12
2016.01.08 16:09:03.853,1.71151,1.71167,1.00,2.25
2016.01.08 16:09:04.160,1.71152,1.71168,1.00,1.85
2016.01.08 16:09:04.508,1.71158,1.71167,1.50,1.12
2016.01.08 16:09:04.613,1.71154,1.71172,3.00,1.12
2016.01.08 16:09:04.665,1.71161,1.71173,1.37,1.12
2016.01.08 16:09:04.716,1.71164,1.71174,1.37,1.00
2016.01.08 16:09:04.768,1.7117,1.71176,1.37,1.00
2016.01.08 16:09:04.820,1.71174,1.71182,1.37,1.45
2016.01.08 16:09:04.923,1.71173,1.71184,1.37,1.00
2016.01.08 16:09:05.178,1.71176,1.71187,1.45,1.75
2016.01.08 16:09:05.697,1.71174,1.71185,1.87,1.00
2016.01.08 16:09:06.208,1.71174,1.71185,1.12,1.00
2016.01.08 16:09:06.966,1.71138,1.71153,2.25,1.00
2016.01.08 16:09:07.017,1.71138,1.71148,2.25,1.00
2016.01.08 16:09:07.119,1.71137,1.7115,1.37,1.12
2016.01.08 16:09:07.170,1.71133,1.7115,1.95,1.12
2016.01.08 16:09:07.222,1.71133,1.71148,1.57,1.00
2016.01.08 16:09:07.426,1.71128,1.71145,1.20,1.00
2016.01.08 16:09:07.528,1.71127,1.71137,1.12,1.00
2016.01.08 16:09:07.912,1.71119,1.71129,1.12,1.00
2016.01.08 16:09:07.964,1.71116,1.71125,1.37,1.00
2016.01.08 16:09:08.016,1.71114,1.71125,1.87,1.00
2016.01.08 16:09:08.168,1.71112,1.71125,1.87,1.12
2016.01.08 16:09:08.577,1.71109,1.71125,1.87,2.25
2016.01.08 16:09:09.046,1.71104,1.71119,2.25,1.37
2016.01.08 16:09:09.352,1.71103,1.71118,1.37,1.87
2016.01.08 16:09:09.710,1.71101,1.71115,1.87,1.12
2016.01.08 16:09:10.355,1.71096,1.71112,1.87,1.50
2016.01.08 16:09:10.407,1.71096,1.71107,1.87,1.00
2016.01.08 16:09:10.561,1.71094,1.71107,1.12,1.37
2016.01.08 16:09:10.868,1.71092,1.7111,2.25,3.00
2016.01.08 16:09:12.949,1.71088,1.71106,1.50,1.12
2016.01.08 16:09:13.001,1.71086,1.71106,2.62,1.12
2016.01.08 16:09:13.411,1.71089,1.71105,1.07,1.75
2016.01.08 16:09:13.836,1.71093,1.71107,1.00,1.87
2016.01.08 16:09:14.160,1.7109,1.71108,2.62,2.25
2016.01.08 16:09:14.212,1.7109,1.71108,1.87,2.25
2016.01.08 16:09:14.467,1.71089,1.71105,1.57,1.00
2016.01.08 16:09:14.620,1.71088,1.71105,1.20,1.00
2016.01.08 16:09:14.722,1.71086,1.71102,3.82,1.12
2016.01.08 16:09:14.876,1.71084,1.711,1.07,1.00
2016.01.08 16:09:14.927,1.71084,1.711,1.07,1.50
2016.01.08 16:09:15.291,1.71081,1.711,1.57,3.67
2016.01.08 16:09:15.342,1.71081,1.711,1.57,1.12
2016.01.08 16:09:15.547,1.71081,1.71098,1.95,1.75
2016.01.08 16:09:15.855,1.71079,1.71094,1.82,1.00
2016.01.08 16:09:16.010,1.71079,1.71096,2.25,1.75
2016.01.08 16:09:16.415,1.7108,1.71098,1.20,1.50
2016.01.08 16:09:16.467,1.71081,1.711,1.47,1.87
2016.01.08 16:09:16.772,1.71079,1.71098,1.95,1.75
2016.01.08 16:09:18.032,1.71077,1.71096,2.25,1.87
2016.01.08 16:09:18.543,1.71078,1.71094,1.07,1.75
2016.01.08 16:09:18.925,1.7108,1.71096,1.00,1.12
2016.01.08 16:09:19.435,1.7108,1.71096,1.47,1.37
2016.01.08 16:09:19.690,1.71077,1.71092,1.12,1.00
2016.01.08 16:09:19.742,1.71077,1.71093,1.12,2.62
2016.01.08 16:09:20.155,1.71075,1.71092,1.50,3.30
2016.01.08 16:09:20.206,1.71073,1.71091,1.95,1.75
2016.01.08 16:09:20.359,1.71072,1.71091,1.50,1.85
2016.01.08 16:09:22.465,1.7107,1.71084,1.12,1.00
2016.01.08 16:09:22.568,1.71068,1.71082,1.12,1.00
2016.01.08 16:09:22.889,1.71066,1.71086,1.07,3.37
2016.01.08 16:09:23.402,1.71065,1.71085,1.95,2.70
2016.01.08 16:09:24.333,1.71062,1.71082,2.25,1.87
2016.01.08 16:09:24.841,1.71062,1.71079,1.87,1.50
2016.01.08 16:09:24.994,1.71061,1.71079,1.50,1.50
2016.01.08 16:09:25.046,1.71061,1.71079,1.12,1.50
2016.01.08 16:09:25.978,1.7106,1.71079,1.95,1.75
2016.01.08 16:09:26.132,1.71061,1.7108,1.50,1.57
2016.01.08 16:09:26.183,1.71062,1.7108,1.10,1.50
2016.01.08 16:09:26.235,1.71062,1.71077,1.10,1.00
2016.01.08 16:09:26.439,1.71061,1.71079,1.20,1.00
2016.01.08 16:09:26.541,1.7106,1.71077,3.00,1.12
2016.01.08 16:09:27.016,1.71057,1.71074,2.25,1.12
2016.01.08 16:09:27.634,1.71061,1.71076,1.12,1.50
2016.01.08 16:09:27.838,1.71065,1.71083,1.37,3.00
2016.01.08 16:09:27.992,1.71067,1.71084,1.50,1.50
2016.01.08 16:09:28.384,1.71069,1.71086,1.50,1.50
2016.01.08 16:09:28.590,1.71076,1.71092,1.20,1.75
2016.01.08 16:09:28.693,1.71077,1.71094,1.95,2.25
2016.01.08 16:09:28.999,1.71083,1.71094,1.47,1.12
2016.01.08 16:09:29.621,1.71083,1.71098,1.57,1.50
2016.01.08 16:09:29.680,1.71083,1.71098,1.95,1.00
2016.01.08 16:09:29.833,1.71083,1.711,1.85,1.50
2016.01.08 16:09:30.343,1.71089,1.71101,1.10,1.75
2016.01.08 16:09:30.809,1.71089,1.71102,1.10,1.00
2016.01.08 16:09:31.063,1.71089,1.71102,1.20,1.50
2016.01.08 16:09:31.368,1.71096,1.71107,1.75,1.00
2016.01.08 16:09:31.571,1.71094,1.71107,1.45,1.00
2016.01.08 16:09:32.197,1.71093,1.71108,2.62,1.00
2016.01.08 16:09:32.250,1.71095,1.71105,1.10,1.00
2016.01.08 16:09:32.454,1.71091,1.71105,1.95,1.00
2016.01.08 16:09:33.518,1.71093,1.71106,1.20,1.00
2016.01.08 16:09:33.671,1.71093,1.71108,1.47,1.12
2016.01.08 16:09:33.824,1.71096,1.71108,1.37,1.00
2016.01.08 16:09:33.876,1.71096,1.7111,1.37,1.12
2016.01.08 16:09:33.978,1.71096,1.7111,1.37,1.50
2016.01.08 16:09:34.233,1.71093,1.71107,1.57,1.00
2016.01.08 16:09:34.636,1.71093,1.7111,2.70,1.37
2016.01.08 16:09:34.790,1.71095,1.71112,1.50,1.47
2016.01.08 16:09:34.893,1.71095,1.71111,2.32,1.00
2016.01.08 16:09:35.301,1.71097,1.71112,1.50,1.50
2016.01.08 16:09:35.404,1.71097,1.71112,1.50,1.00
2016.01.08 16:09:35.676,1.71096,1.71112,1.75,1.47
2016.01.08 16:09:35.727,1.71097,1.71112,1.00,1.20
2016.01.08 16:09:36.245,1.71095,1.71113,1.50,1.37
2016.01.08 16:09:36.296,1.71097,1.71114,1.50,1.95
2016.01.08 16:09:36.661,1.71093,1.71111,2.25,1.50
2016.01.08 16:09:36.713,1.71092,1.71106,1.00,1.00
2016.01.08 16:09:36.872,1.71092,1.71108,1.37,1.12
2016.01.08 16:09:37.139,1.71094,1.71113,1.95,2.70
2016.01.08 16:09:37.445,1.71098,1.71113,1.00,1.00
2016.01.08 16:09:37.771,1.71101,1.71117,1.07,3.75
2016.01.08 16:09:38.079,1.71095,1.71111,2.25,2.25
2016.01.08 16:09:38.181,1.71096,1.71111,1.07,1.37
2016.01.08 16:09:38.884,1.71095,1.71113,1.12,1.87
2016.01.08 16:09:38.936,1.71094,1.71112,1.50,1.50
2016.01.08 16:09:39.445,1.71095,1.71112,1.10,2.49
2016.01.08 16:09:41.793,1.71099,1.71113,1.00,1.00
2016.01.08 16:09:42.622,1.711,1.71113,1.00,1.00
2016.01.08 16:09:43.148,1.71102,1.71113,1.00,1.00
2016.01.08 16:09:43.250,1.71102,1.71117,1.00,1.00
2016.01.08 16:09:43.353,1.71103,1.71119,1.12,1.12
2016.01.08 16:09:43.763,1.71103,1.71122,1.95,1.85
2016.01.08 16:09:44.227,1.71106,1.71118,1.00,1.12
2016.01.08 16:09:44.279,1.71103,1.71118,1.37,1.12
2016.01.08 16:09:44.483,1.71108,1.71121,1.00,3.37
2016.01.08 16:09:44.585,1.71109,1.71124,1.37,1.95
2016.01.08 16:09:44.790,1.71106,1.71121,1.87,1.00
2016.01.08 16:09:44.892,1.71106,1.71121,1.12,1.50
2016.01.08 16:09:45.227,1.71109,1.71125,1.37,1.37
2016.01.08 16:09:45.752,1.7111,1.71124,1.07,1.37
2016.01.08 16:09:46.986,1.71108,1.71124,1.75,1.37
2016.01.08 16:09:47.088,1.71106,1.71119,1.12,1.12
2016.01.08 16:09:47.662,1.71105,1.71119,1.87,1.12
2016.01.08 16:09:47.714,1.71107,1.71121,1.00,1.50
2016.01.08 16:09:47.817,1.71107,1.71121,1.00,1.00
2016.01.08 16:09:48.427,1.71107,1.71121,1.87,1.00
2016.01.08 16:09:49.143,1.7111,1.71126,1.37,1.12
2016.01.08 16:09:50.146,1.71112,1.71121,1.12,1.12
2016.01.08 16:09:50.199,1.71108,1.71123,1.00,1.25
2016.01.08 16:09:50.353,1.71111,1.71124,1.00,1.70
2016.01.08 16:09:50.405,1.71111,1.71125,1.00,2.82
2016.01.08 16:09:51.586,1.71109,1.71123,1.20,1.00
2016.01.08 16:09:52.094,1.71107,1.71123,3.00,1.37
2016.01.08 16:09:52.247,1.71105,1.71121,1.00,2.37
2016.01.08 16:09:52.299,1.71107,1.71121,1.00,2.00
2016.01.08 16:09:52.649,1.71105,1.71122,1.00,1.12
2016.01.08 16:09:52.703,1.71107,1.71121,1.00,1.00
2016.01.08 16:09:53.010,1.71108,1.71123,1.00,1.00
2016.01.08 16:09:53.530,1.71108,1.71124,1.00,1.87
2016.01.08 16:09:53.634,1.71104,1.71122,1.95,1.12
2016.01.08 16:09:54.178,1.71106,1.71123,1.00,1.97
2016.01.08 16:09:54.535,1.71106,1.71122,1.00,1.00
2016.01.08 16:09:54.689,1.71108,1.71122,1.00,1.00
2016.01.08 16:09:55.223,1.71116,1.71125,1.37,1.50
2016.01.08 16:09:55.277,1.71118,1.71134,1.12,1.12
2016.01.08 16:09:55.329,1.71118,1.71134,1.00,1.50
2016.01.08 16:09:55.431,1.71118,1.71134,1.12,1.12
2016.01.08 16:09:55.533,1.71118,1.71134,1.00,1.37
2016.01.08 16:09:56.574,1.71117,1.71134,1.65,1.87
2016.01.08 16:09:56.981,1.71119,1.71134,1.00,1.57
2016.01.08 16:09:57.083,1.71119,1.71134,1.20,1.12
2016.01.08 16:09:57.135,1.71121,1.71134,1.00,1.00
2016.01.08 16:09:57.772,1.71126,1.71143,1.47,1.12
2016.01.08 16:09:57.875,1.71126,1.71143,1.85,1.12
2016.01.08 16:09:57.927,1.71126,1.71143,1.85,1.50
2016.01.08 16:09:58.289,1.71124,1.71143,3.00,1.87
2016.01.08 16:09:58.750,1.71125,1.71142,1.57,1.00
2016.01.08 16:09:58.802,1.71131,1.71142,1.00,1.00
2016.01.08 16:09:59.315,1.71132,1.71142,1.00,1.00
2016.01.08 16:09:59.778,1.71135,1.7115,1.95,1.50
2016.01.08 16:09:59.830,1.71138,1.71152,1.12,1.00
2016.01.08 16:10:00.340,1.71142,1.71156,1.00,1.87
2016.01.08 16:10:00.870,1.71143,1.71157,1.00,1.85
2016.01.08 16:10:00.922,1.71145,1.71157,1.00,1.85
2016.01.08 16:10:01.280,1.71143,1.7116,1.10,1.12
2016.01.08 16:10:01.581,1.71146,1.71161,1.00,1.20
2016.01.08 16:10:01.634,1.71148,1.71163,1.00,1.87
2016.01.08 16:10:01.736,1.71152,1.71168,1.12,1.95
2016.01.08 16:10:02.148,1.71148,1.71166,3.37,1.12
2016.01.08 16:10:02.250,1.71148,1.71162,1.12,1.37
2016.01.08 16:10:02.301,1.7115,1.71162,1.00,1.37
2016.01.08 16:10:02.353,1.71151,1.71166,1.00,3.00
2016.01.08 16:10:02.455,1.71151,1.71166,1.00,1.12
2016.01.08 16:10:02.557,1.71151,1.71168,1.00,1.82
2016.01.08 16:10:03.192,1.7115,1.71168,1.12,1.20
2016.01.08 16:10:03.251,1.71148,1.71165,1.12,1.85
2016.01.08 16:10:03.560,1.71148,1.71166,1.50,2.70
2016.01.08 16:10:04.295,1.71151,1.71167,1.37,1.37
2016.01.08 16:10:04.803,1.71152,1.71171,1.50,4.12
2016.01.08 16:10:05.733,1.71153,1.71168,1.50,1.37
2016.01.08 16:10:05.787,1.71152,1.71168,1.75,1.00
2016.01.08 16:10:06.042,1.7115,1.71167,1.20,1.00
2016.01.08 16:10:06.799,1.71151,1.71169,1.00,1.50
2016.01.08 16:10:07.309,1.71151,1.71169,1.50,1.87
2016.01.08 16:10:07.411,1.71151,1.71167,1.37,1.37
2016.01.08 16:10:07.947,1.71144,1.71163,1.12,1.20
2016.01.08 16:10:08.467,1.71144,1.7116,1.00,1.00
2016.01.08 16:10:08.620,1.71144,1.7116,1.00,1.87
2016.01.08 16:10:09.182,1.71141,1.7116,1.50,2.70
2016.01.08 16:10:09.607,1.71141,1.7116,1.75,1.57
2016.01.08 16:10:09.760,1.71141,1.7116,1.37,1.95
2016.01.08 16:10:09.964,1.71141,1.7116,1.50,1.20
2016.01.08 16:10:10.371,1.7114,1.7116,1.50,4.32
2016.01.08 16:10:10.695,1.71135,1.71151,1.82,1.12
2016.01.08 16:10:10.747,1.71131,1.71147,1.47,1.75
2016.01.08 16:10:10.951,1.7113,1.71146,1.00,1.37
2016.01.08 16:10:11.053,1.71128,1.71147,1.87,1.37
2016.01.08 16:10:11.105,1.71128,1.71147,1.00,1.87
2016.01.08 16:10:11.412,1.71128,1.71146,1.00,3.37
2016.01.08 16:10:11.779,1.71131,1.71146,1.37,1.00
2016.01.08 16:10:11.831,1.71133,1.71146,1.37,1.00
2016.01.08 16:10:11.882,1.71133,1.7115,1.37,1.75
2016.01.08 16:10:12.035,1.71133,1.7115,1.12,1.37
2016.01.08 16:10:12.289,1.7113,1.71148,1.75,1.50
2016.01.08 16:10:12.597,1.71121,1.7114,2.25,1.20
2016.01.08 16:10:13.126,1.71121,1.71136,1.87,1.47
2016.01.08 16:10:13.484,1.71118,1.71135,1.12,1.00
2016.01.08 16:10:13.586,1.71118,1.71136,1.00,1.87
2016.01.08 16:10:14.504,1.71121,1.71136,1.00,1.24
2016.01.08 16:10:15.015,1.71121,1.71138,1.00,2.25
2016.01.08 16:10:15.731,1.7112,1.71139,1.87,2.62
2016.01.08 16:10:16.037,1.71125,1.71138,1.00,1.50
2016.01.08 16:10:16.244,1.71131,1.71146,1.12,1.00
2016.01.08 16:10:16.346,1.71133,1.71148,1.12,1.87
2016.01.08 16:10:16.881,1.71135,1.7115,1.00,1.75
2016.01.08 16:10:17.142,1.71135,1.71152,1.00,1.87
2016.01.08 16:10:17.346,1.71133,1.71147,1.00,1.37
2016.01.08 16:10:17.908,1.71133,1.71147,1.37,1.37
2016.01.08 16:10:18.860,1.71132,1.71148,3.00,1.37
2016.01.08 16:10:19.371,1.71135,1.71147,1.00,1.37
2016.01.08 16:10:19.880,1.71136,1.71148,1.00,1.37
2016.01.08 16:10:20.135,1.71134,1.71147,1.00,1.37
2016.01.08 16:10:21.277,1.71131,1.71148,1.75,1.37
2016.01.08 16:10:21.766,1.71134,1.71147,1.37,1.37
2016.01.08 16:10:21.817,1.71135,1.71147,1.12,1.37
2016.01.08 16:10:22.072,1.71135,1.71149,1.12,1.00
2016.01.08 16:10:22.276,1.71135,1.71149,1.37,1.00
2016.01.08 16:10:23.101,1.71138,1.71156,1.37,2.62
2016.01.08 16:10:23.653,1.7114,1.71156,1.37,1.50
2016.01.08 16:10:25.660,1.71139,1.71157,1.87,1.87
2016.01.08 16:10:26.118,1.7114,1.71152,1.00,1.00
2016.01.08 16:10:26.220,1.71136,1.71151,1.95,1.12
2016.01.08 16:10:26.272,1.71136,1.71145,1.37,1.37
2016.01.08 16:10:26.973,1.71134,1.7115,1.75,1.87
2016.01.08 16:10:27.430,1.71134,1.71149,1.50,1.37
2016.01.08 16:10:27.583,1.71134,1.71149,1.75,1.37
2016.01.08 16:10:28.029,1.71133,1.71147,2.25,1.37
2016.01.08 16:10:28.096,1.71133,1.71145,1.00,1.00
2016.01.08 16:10:28.606,1.71128,1.71145,1.20,1.50
2016.01.08 16:10:29.101,1.71133,1.71147,1.12,1.00
2016.01.08 16:10:29.459,1.71133,1.71144,1.12,1.37
2016.01.08 16:10:29.561,1.7113,1.71144,1.87,1.00
2016.01.08 16:10:29.764,1.7113,1.71143,1.75,1.37
2016.01.08 16:10:30.451,1.71126,1.71141,1.12,1.12
2016.01.08 16:10:30.503,1.71126,1.71139,1.12,1.00
2016.01.08 16:10:30.656,1.71123,1.71135,2.62,1.00
2016.01.08 16:10:30.758,1.71123,1.71133,1.87,1.12
2016.01.08 16:10:30.861,1.71118,1.71134,1.12,1.50
2016.01.08 16:10:30.966,1.71119,1.71133,2.25,1.00
2016.01.08 16:10:31.378,1.71121,1.71136,1.20,1.87
2016.01.08 16:10:31.481,1.71122,1.71136,1.45,1.37
2016.01.08 16:10:31.685,1.71121,1.71136,2.32,1.50
2016.01.08 16:10:31.940,1.71122,1.71138,1.37,1.00
2016.01.08 16:10:32.344,1.71125,1.71142,1.37,1.12
2016.01.08 16:10:32.600,1.71129,1.71145,1.50,1.87
2016.01.08 16:10:32.702,1.7113,1.71146,1.50,1.00
2016.01.08 16:10:33.009,1.71132,1.71147,1.87,1.00
2016.01.08 16:10:33.341,1.7113,1.71144,1.75,1.00
2016.01.08 16:10:33.647,1.71133,1.7115,2.62,1.10
2016.01.08 16:10:33.904,1.71138,1.71153,1.37,1.00
2016.01.08 16:10:34.562,1.71136,1.71148,1.37,1.12
2016.01.08 16:10:34.766,1.71131,1.71147,2.25,1.12
2016.01.08 16:10:35.245,1.7113,1.71147,2.70,1.12
2016.01.08 16:10:35.776,1.7113,1.71147,2.32,1.50
2016.01.08 16:10:35.878,1.7113,1.71142,1.95,1.00
2016.01.08 16:10:36.133,1.71126,1.71142,3.07,1.00
2016.01.08 16:10:36.185,1.71126,1.7114,3.07,1.00
2016.01.08 16:10:36.236,1.7113,1.71145,1.00,1.85
2016.01.08 16:10:36.288,1.71132,1.71145,1.00,1.85
2016.01.08 16:10:36.593,1.71132,1.71148,1.95,1.50
2016.01.08 16:10:36.986,1.71133,1.71146,1.50,2.25
2016.01.08 16:10:37.044,1.71128,1.71143,1.12,1.00
2016.01.08 16:10:37.402,1.7113,1.71146,1.37,1.12
2016.01.08 16:10:37.708,1.71129,1.71146,1.75,2.62
2016.01.08 16:10:37.759,1.7113,1.71146,1.12,1.50
2016.01.08 16:10:38.364,1.71132,1.71148,2.25,1.00
2016.01.08 16:10:38.874,1.71134,1.71147,1.37,1.00
2016.01.08 16:10:38.976,1.71131,1.71145,1.85,1.00
2016.01.08 16:10:39.078,1.71132,1.71145,1.37,1.00
2016.01.08 16:10:39.181,1.71132,1.71143,1.37,1.00
2016.01.08 16:10:39.555,1.7113,1.71145,1.50,1.00
2016.01.08 16:10:39.826,1.71134,1.71146,1.12,1.00
2016.01.08 16:10:39.980,1.71133,1.71143,1.00,1.00
2016.01.08 16:10:40.083,1.71131,1.71143,2.25,1.00
2016.01.08 16:10:40.237,1.7113,1.71141,1.12,1.00
2016.01.08 16:10:40.288,1.71129,1.71145,2.25,1.00
2016.01.08 16:10:40.340,1.71129,1.71143,2.25,1.00
2016.01.08 16:10:40.857,1.71129,1.71142,1.37,1.00
2016.01.08 16:10:41.164,1.71121,1.71135,1.20,1.00
2016.01.08 16:10:41.267,1.7112,1.71135,1.82,1.00
2016.01.08 16:10:42.196,1.71119,1.71133,1.87,1.00
2016.01.08 16:10:42.401,1.71116,1.71129,1.37,1.00
2016.01.08 16:10:42.504,1.71116,1.71126,1.00,1.00
2016.01.08 16:10:42.555,1.71116,1.71128,1.00,1.00
2016.01.08 16:10:42.658,1.71114,1.71125,1.75,1.00
2016.01.08 16:10:42.711,1.71112,1.71125,1.07,1.37
2016.01.08 16:10:42.762,1.7111,1.71121,1.37,1.00
2016.01.08 16:10:43.102,1.71108,1.71121,2.40,1.87
2016.01.08 16:10:43.362,1.71093,1.71108,1.00,1.37
2016.01.08 16:10:43.515,1.71093,1.71108,1.12,1.00
2016.01.08 16:10:43.821,1.7109,1.71104,1.20,1.00
2016.01.08 16:10:44.134,1.71089,1.71102,1.37,1.50
2016.01.08 16:10:44.187,1.71086,1.71102,1.50,1.50
2016.01.08 16:10:44.546,1.71086,1.711,1.50,1.00
2016.01.08 16:10:44.852,1.71092,1.7111,3.75,3.00
2016.01.08 16:10:45.056,1.71099,1.71116,1.50,1.87
2016.01.08 16:10:45.637,1.71104,1.71116,2.25,1.00
2016.01.08 16:10:45.945,1.71105,1.71123,2.32,1.87
2016.01.08 16:10:45.996,1.71105,1.71123,2.32,1.87
2016.01.08 16:10:46.100,1.71108,1.71122,2.25,1.00
2016.01.08 16:10:46.151,1.71111,1.71123,1.00,1.12
2016.01.08 16:10:46.254,1.71114,1.71129,1.37,1.87
2016.01.08 16:10:46.458,1.71114,1.7113,2.25,1.00
2016.01.08 16:10:46.893,1.71114,1.7113,1.50,1.00
2016.01.08 16:10:46.944,1.71112,1.71131,2.25,1.87
2016.01.08 16:10:47.047,1.71112,1.7113,1.87,1.50
2016.01.08 16:10:47.556,1.71112,1.71128,1.00,1.20
2016.01.08 16:10:47.608,1.71114,1.7113,1.00,2.32
2016.01.08 16:10:47.930,1.71116,1.7113,1.12,1.47
2016.01.08 16:10:47.982,1.7112,1.71138,1.50,3.37
2016.01.08 16:10:48.033,1.71122,1.71138,1.00,2.62
2016.01.08 16:10:48.339,1.71125,1.71139,1.00,1.95
2016.01.08 16:10:49.019,1.71125,1.71139,1.00,1.12
2016.01.08 16:10:49.392,1.71129,1.71141,1.00,1.75
2016.01.08 16:10:49.799,1.71132,1.71144,1.00,1.75
2016.01.08 16:10:49.851,1.71132,1.71145,1.00,1.12
2016.01.08 16:10:49.953,1.71132,1.71145,1.00,1.00
2016.01.08 16:10:50.055,1.71133,1.71148,1.87,1.87
2016.01.08 16:10:50.361,1.71137,1.7115,1.50,1.75
2016.01.08 16:10:50.667,1.71159,1.71167,1.50,1.87
2016.01.08 16:10:50.718,1.7116,1.71173,1.37,1.00
2016.01.08 16:10:51.177,1.7116,1.71177,2.25,1.37
2016.01.08 16:10:51.594,1.71159,1.71175,2.32,1.37
2016.01.08 16:10:51.899,1.71164,1.71181,1.00,1.57
2016.01.08 16:10:51.950,1.71163,1.71182,1.87,1.95
2016.01.08 16:10:52.052,1.71165,1.71182,1.87,1.00
2016.01.08 16:10:52.154,1.71165,1.71178,1.37,1.37
2016.01.08 16:10:52.206,1.71162,1.71177,1.20,1.37
2016.01.08 16:10:52.257,1.71162,1.71177,1.45,1.37
2016.01.08 16:10:52.641,1.71161,1.71178,1.87,1.37
2016.01.08 16:10:52.744,1.7116,1.71177,1.37,1.87
2016.01.08 16:10:53.152,1.7116,1.71176,1.37,1.12
2016.01.08 16:10:53.254,1.71158,1.71176,1.47,1.50
2016.01.08 16:10:54.049,1.71158,1.71175,1.47,1.00
2016.01.08 16:10:54.559,1.7116,1.71179,2.25,1.37
2016.01.08 16:10:55.245,1.7116,1.71172,2.25,1.50
2016.01.08 16:10:55.452,1.71155,1.7117,2.25,1.37
2016.01.08 16:10:55.503,1.71153,1.71171,1.57,1.37
2016.01.08 16:10:55.555,1.71155,1.71171,1.00,1.00
2016.01.08 16:10:55.657,1.71156,1.71172,1.50,1.00
2016.01.08 16:10:56.369,1.71157,1.71172,1.12,1.12
2016.01.08 16:10:56.575,1.7116,1.71177,1.10,1.50
2016.01.08 16:10:56.986,1.71158,1.71174,1.00,1.50
2016.01.08 16:10:57.692,1.71155,1.71174,2.70,1.87
2016.01.08 16:10:57.744,1.71153,1.71171,2.32,1.12
2016.01.08 16:10:57.795,1.71155,1.71172,1.20,1.00
2016.01.08 16:10:57.949,1.71157,1.71173,1.37,1.37
2016.01.08 16:10:58.560,1.71156,1.71173,2.25,1.37
2016.01.08 16:10:59.085,1.71157,1.71177,1.20,1.87
2016.01.08 16:10:59.289,1.71168,1.71179,1.37,1.12
2016.01.08 16:10:59.341,1.71171,1.71181,1.00,1.00
2016.01.08 16:10:59.392,1.71169,1.71181,1.37,1.50
2016.01.08 16:10:59.444,1.71166,1.71181,1.10,1.12
2016.01.08 16:10:59.495,1.71168,1.71184,1.00,1.37
2016.01.08 16:10:59.597,1.71165,1.71183,1.07,1.87
2016.01.08 16:11:00.115,1.71164,1.7118,1.87,1.12
2016.01.08 16:11:00.725,1.71163,1.7118,1.00,1.12
2016.01.08 16:11:01.030,1.71164,1.71181,1.37,1.37
2016.01.08 16:11:01.637,1.71164,1.71178,1.37,1.50
2016.01.08 16:11:01.744,1.71165,1.71183,1.12,1.82
2016.01.08 16:11:01.846,1.71165,1.71183,1.50,1.50
2016.01.08 16:11:02.458,1.71167,1.71183,1.00,1.50
2016.01.08 16:11:02.819,1.71169,1.71187,1.75,1.87
2016.01.08 16:11:03.023,1.71166,1.71185,3.07,1.12
2016.01.08 16:11:03.381,1.71168,1.71187,1.75,2.25
2016.01.08 16:11:03.920,1.71181,1.71193,1.37,1.12
2016.01.08 16:11:03.971,1.71175,1.7119,1.50,1.50
2016.01.08 16:11:04.073,1.71173,1.71192,1.75,1.12
2016.01.08 16:11:04.227,1.71175,1.71193,1.00,1.95
2016.01.08 16:11:04.278,1.71176,1.71193,1.37,1.27
2016.01.08 16:11:04.584,1.71181,1.71195,1.12,1.12
2016.01.08 16:11:04.635,1.71176,1.71193,1.00,1.50
2016.01.08 16:11:04.968,1.71176,1.71193,1.37,1.00
2016.01.08 16:11:05.517,1.7118,1.71196,1.37,2.70
2016.01.08 16:11:05.824,1.71182,1.71199,1.87,1.37
2016.01.08 16:11:06.344,1.71183,1.71199,1.12,1.37
2016.01.08 16:11:06.598,1.71183,1.712,1.12,2.25
2016.01.08 16:11:06.801,1.71181,1.71197,1.50,1.37
2016.01.08 16:11:06.954,1.71177,1.71195,1.00,2.25
2016.01.08 16:11:07.482,1.71178,1.71195,1.00,1.00
2016.01.08 16:11:07.787,1.71178,1.71197,2.25,1.00
2016.01.08 16:11:07.839,1.71178,1.712,2.32,3.75
2016.01.08 16:11:08.364,1.71182,1.712,1.12,2.62
2016.01.08 16:11:08.518,1.71179,1.71197,1.50,1.37
2016.01.08 16:11:08.622,1.71178,1.71198,1.95,1.87
2016.01.08 16:11:09.131,1.71177,1.71196,1.87,1.50
2016.01.08 16:11:09.826,1.71176,1.71195,3.00,2.70
2016.01.08 16:11:09.879,1.71176,1.71193,1.00,1.12
2016.01.08 16:11:10.032,1.71175,1.71193,1.75,1.12
2016.01.08 16:11:10.135,1.71174,1.71191,1.50,1.00
2016.01.08 16:11:10.868,1.71176,1.71193,1.10,3.00
2016.01.08 16:11:10.920,1.71178,1.71197,1.12,1.12
2016.01.08 16:11:11.228,1.71176,1.71193,1.20,1.00
2016.01.08 16:11:11.535,1.71176,1.71191,1.00,1.00
2016.01.08 16:11:11.998,1.71178,1.71197,2.25,1.37
2016.01.08 16:11:12.406,1.71177,1.71197,1.95,1.50
2016.01.08 16:11:12.457,1.71177,1.71195,1.47,1.12
2016.01.08 16:11:12.559,1.71176,1.71195,1.12,2.25
2016.01.08 16:11:12.763,1.71174,1.71192,1.07,1.87
2016.01.08 16:11:13.738,1.71172,1.71192,2.62,1.12
2016.01.08 16:11:14.045,1.71172,1.71192,1.12,1.12
2016.01.08 16:11:14.352,1.7117,1.71186,1.37,1.50
2016.01.08 16:11:14.675,1.71166,1.71181,1.37,1.00
2016.01.08 16:11:14.726,1.71166,1.71181,1.00,1.00
2016.01.08 16:11:15.936,1.71166,1.71185,1.75,3.00
2016.01.08 16:11:16.140,1.71169,1.71183,1.50,1.00
2016.01.08 16:11:16.242,1.7117,1.71186,1.00,1.12
2016.01.08 16:11:16.344,1.71167,1.71186,1.50,1.75
2016.01.08 16:11:16.497,1.71167,1.71186,1.12,2.62
2016.01.08 16:11:17.032,1.71167,1.71182,1.00,1.37
2016.01.08 16:11:17.090,1.71162,1.7118,1.00,1.50
2016.01.08 16:11:17.142,1.71161,1.71179,1.87,1.37
2016.01.08 16:11:17.447,1.71156,1.71173,1.50,1.12
2016.01.08 16:11:17.651,1.71155,1.71172,1.37,1.50
2016.01.08 16:11:18.339,1.71153,1.71171,1.50,2.25
2016.01.08 16:11:19.683,1.71153,1.71171,1.00,2.25
2016.01.08 16:11:20.498,1.7115,1.71169,1.50,1.37
2016.01.08 16:11:21.384,1.71153,1.71169,1.12,1.00
2016.01.08 16:11:21.674,1.71154,1.71173,1.10,1.12
2016.01.08 16:11:22.081,1.71155,1.71174,1.95,1.00
2016.01.08 16:11:22.469,1.71154,1.71172,1.50,1.75
2016.01.08 16:11:22.779,1.7115,1.71165,1.12,1.00
2016.01.08 16:11:23.695,1.7115,1.71162,1.00,1.00
2016.01.08 16:11:23.746,1.71145,1.71164,1.47,1.75
2016.01.08 16:11:23.797,1.71144,1.71164,1.07,1.87
2016.01.08 16:11:24.307,1.71141,1.7116,1.87,1.75
2016.01.08 16:11:24.512,1.71135,1.71152,1.50,1.00
2016.01.08 16:11:24.982,1.71142,1.71159,1.50,1.37
2016.01.08 16:11:25.237,1.71137,1.71158,1.87,1.75
2016.01.08 16:11:25.288,1.71137,1.71156,2.62,1.00
2016.01.08 16:11:25.390,1.71138,1.71158,1.85,1.37
2016.01.08 16:11:25.696,1.71137,1.71155,1.50,1.37
2016.01.08 16:11:26.269,1.71139,1.71155,1.12,1.00
2016.01.08 16:11:26.372,1.71141,1.71159,1.00,1.12
2016.01.08 16:11:26.881,1.71141,1.71159,1.37,1.12
2016.01.08 16:11:27.034,1.71144,1.71159,1.00,1.00
2016.01.08 16:11:27.361,1.71146,1.71161,1.75,1.37
2016.01.08 16:11:27.412,1.71148,1.71165,1.50,1.50
2016.01.08 16:11:27.515,1.71146,1.71163,1.12,1.00
2016.01.08 16:11:27.566,1.71145,1.7116,1.12,1.37
2016.01.08 16:11:27.719,1.7114,1.71158,1.12,1.00
2016.01.08 16:11:28.509,1.7114,1.71157,1.37,1.00
2016.01.08 16:11:28.561,1.71139,1.71156,1.37,1.50
2016.01.08 16:11:29.020,1.7114,1.71159,1.00,2.25
2016.01.08 16:11:29.900,1.71143,1.71161,1.12,1.87
2016.01.08 16:11:29.952,1.71143,1.71164,1.87,1.12
2016.01.08 16:11:30.004,1.71148,1.71166,1.00,2.70
2016.01.08 16:11:30.107,1.71148,1.71166,1.20,1.37
2016.01.08 16:11:30.616,1.71148,1.71166,1.10,1.75
2016.01.08 16:11:30.946,1.71149,1.71166,1.50,1.50
2016.01.08 16:11:31.254,1.71151,1.71167,1.37,1.75
2016.01.08 16:11:31.305,1.7115,1.71167,1.37,1.75
2016.01.08 16:11:31.714,1.71149,1.71166,1.47,1.75
2016.01.08 16:11:32.129,1.71149,1.71166,1.47,1.12
2016.01.08 16:11:32.637,1.71149,1.71167,1.95,1.50
2016.01.08 16:11:32.740,1.71149,1.71165,1.47,1.00
2016.01.08 16:11:33.306,1.71143,1.71161,1.12,1.75
2016.01.08 16:11:33.612,1.7114,1.71158,1.57,1.37
2016.01.08 16:11:33.919,1.71148,1.71166,1.62,1.12
2016.01.08 16:11:34.022,1.71151,1.71167,1.10,1.00
2016.01.08 16:11:34.811,1.71147,1.71165,1.87,1.37
2016.01.08 16:11:34.863,1.71146,1.71166,1.87,1.12
2016.01.08 16:11:34.965,1.71149,1.71163,1.00,1.00
2016.01.08 16:11:35.118,1.71149,1.71166,1.10,1.37
2016.01.08 16:11:35.627,1.7115,1.71166,1.00,1.37
2016.01.08 16:11:35.729,1.71152,1.71168,1.00,1.50
2016.01.08 16:11:35.781,1.71152,1.71169,1.10,1.50
2016.01.08 16:11:36.068,1.71152,1.71169,1.87,1.50
2016.01.08 16:11:36.376,1.71152,1.71167,1.10,1.37
2016.01.08 16:11:36.684,1.71154,1.7117,1.10,1.12
2016.01.08 16:11:36.736,1.71154,1.71172,1.47,1.50
2016.01.08 16:11:36.789,1.71155,1.71172,1.12,1.12
2016.01.08 16:11:37.218,1.71158,1.71175,1.00,2.25
2016.01.08 16:11:37.525,1.71158,1.71172,1.00,1.50
2016.01.08 16:11:37.629,1.71158,1.71174,1.00,1.87
2016.01.08 16:11:38.445,1.7116,1.71175,1.00,1.37
2016.01.08 16:11:38.598,1.71163,1.71179,1.00,1.12
2016.01.08 16:11:39.069,1.7116,1.71179,1.57,1.12
2016.01.08 16:11:39.121,1.7116,1.71179,1.07,1.50
2016.01.08 16:11:39.223,1.71159,1.71179,1.20,1.75
2016.01.08 16:11:39.622,1.71158,1.71175,1.07,1.50
2016.01.08 16:11:39.680,1.71156,1.71173,1.37,1.50
2016.01.08 16:11:39.732,1.71153,1.71166,1.75,1.75
2016.01.08 16:11:39.784,1.71152,1.71166,1.37,1.75
2016.01.08 16:11:39.835,1.71152,1.7116,1.00,1.37
2016.01.08 16:11:39.938,1.71147,1.71161,1.00,1.50
2016.01.08 16:11:40.675,1.7115,1.71165,1.00,1.00
2016.01.08 16:11:40.727,1.71152,1.71168,1.00,1.75
2016.01.08 16:11:40.778,1.71152,1.71168,1.00,1.00
2016.01.08 16:11:40.829,1.71149,1.71169,1.87,1.53
2016.01.08 16:11:40.931,1.71149,1.71168,1.50,1.59
2016.01.08 16:11:41.237,1.71147,1.71165,1.00,1.99
2016.01.08 16:11:41.339,1.71144,1.71164,1.12,2.37
2016.01.08 16:11:42.021,1.71148,1.71164,1.00,1.37
2016.01.08 16:11:42.541,1.71145,1.71164,1.57,1.00
2016.01.08 16:11:42.593,1.71144,1.71164,1.12,2.07
2016.01.08 16:11:42.644,1.71142,1.71162,2.32,1.99
2016.01.08 16:11:43.117,1.71146,1.71161,1.00,1.37
2016.01.08 16:11:43.627,1.71145,1.71161,1.00,1.00
2016.01.08 16:11:44.752,1.71144,1.71163,1.00,3.13
2016.01.08 16:11:45.059,1.71142,1.7116,1.00,1.17
2016.01.08 16:11:45.406,1.7115,1.7116,1.00,1.00
2016.01.08 16:11:45.782,1.71153,1.71165,1.37,1.75
2016.01.08 16:11:45.833,1.71157,1.71176,1.50,1.50
2016.01.08 16:11:45.986,1.71161,1.71176,1.00,1.12
2016.01.08 16:11:46.394,1.71157,1.71173,1.47,1.00
2016.01.08 16:11:46.821,1.7115,1.7117,1.57,1.88
2016.01.08 16:11:46.976,1.71149,1.71167,1.75,1.37
2016.01.08 16:11:47.587,1.71148,1.71167,1.87,1.50
2016.01.08 16:11:47.639,1.71147,1.71164,1.12,1.00
2016.01.08 16:11:47.965,1.71147,1.71159,1.00,1.00
2016.01.08 16:11:48.478,1.71143,1.71159,1.00,1.00
2016.01.08 16:11:49.259,1.71143,1.71158,1.00,1.00
2016.01.08 16:11:49.515,1.71146,1.71158,1.00,1.00
2016.01.08 16:11:50.544,1.71148,1.71161,1.00,1.87
2016.01.08 16:11:51.009,1.71149,1.71161,1.00,1.50
2016.01.08 16:11:51.163,1.71146,1.71161,1.12,1.17
2016.01.08 16:11:51.266,1.71144,1.71159,1.00,1.26
2016.01.08 16:11:51.749,1.71144,1.71154,1.00,1.00
2016.01.08 16:11:52.269,1.71144,1.71157,1.00,2.25
2016.01.08 16:11:52.990,1.71144,1.71158,1.00,1.87
2016.01.08 16:11:53.400,1.71143,1.71158,1.00,1.00
2016.01.08 16:11:53.552,1.71145,1.71158,1.00,1.12
2016.01.08 16:11:54.689,1.71147,1.71158,1.00,1.12
2016.01.08 16:11:55.194,1.71151,1.71163,1.00,1.87
2016.01.08 16:11:55.398,1.71149,1.71163,1.00,1.75
2016.01.08 16:11:55.652,1.71151,1.71165,1.00,1.75
2016.01.08 16:11:55.805,1.71153,1.71163,1.00,1.00
2016.01.08 16:11:56.008,1.71154,1.71167,1.00,1.37
2016.01.08 16:11:56.059,1.71156,1.71168,1.00,1.87
2016.01.08 16:11:56.613,1.71156,1.71168,1.00,1.37
2016.01.08 16:11:56.664,1.71156,1.7117,1.00,2.25
2016.01.08 16:11:57.275,1.71156,1.71168,1.00,1.50
2016.01.08 16:11:57.479,1.71153,1.71166,1.50,1.00
2016.01.08 16:11:57.805,1.71153,1.71166,1.00,1.75
2016.01.08 16:11:59.005,1.71153,1.71165,1.00,1.57
2016.01.08 16:11:59.989,1.71147,1.71166,1.75,3.37
2016.01.08 16:12:00.091,1.71145,1.71159,2.25,1.50
2016.01.08 16:12:00.401,1.71146,1.71158,1.00,1.87
2016.01.08 16:12:00.504,1.71147,1.71157,1.00,1.12
2016.01.08 16:12:00.708,1.7115,1.71157,1.00,1.00
2016.01.08 16:12:00.912,1.7115,1.7116,1.12,1.37
2016.01.08 16:12:01.014,1.71152,1.71162,1.12,1.57
2016.01.08 16:12:01.587,1.7116,1.71168,1.00,1.87
2016.01.08 16:12:01.639,1.71163,1.7117,1.12,1.00
2016.01.08 16:12:01.895,1.71168,1.71176,1.00,2.25
2016.01.08 16:12:02.151,1.7117,1.71179,1.12,1.12
2016.01.08 16:12:02.306,1.71165,1.71177,1.50,1.00
2016.01.08 16:12:02.636,1.71164,1.71178,2.62,1.45
2016.01.08 16:12:02.739,1.71164,1.71178,2.25,1.57
2016.01.08 16:12:03.247,1.71164,1.71176,2.25,1.00
2016.01.08 16:12:04.038,1.71164,1.71175,1.37,1.37
2016.01.08 16:12:04.347,1.71154,1.7117,1.12,2.02
2016.01.08 16:12:04.857,1.71157,1.71169,1.00,1.87
2016.01.08 16:12:05.228,1.71154,1.71169,1.50,1.75
2016.01.08 16:12:05.534,1.71166,1.71176,1.00,1.87
2016.01.08 16:12:06.199,1.71165,1.71177,1.00,1.12
2016.01.08 16:12:06.806,1.71163,1.71177,1.00,1.12
2016.01.08 16:12:07.163,1.71164,1.71178,1.50,1.12
2016.01.08 16:12:09.199,1.71164,1.71177,1.87,1.12
2016.01.08 16:12:10.168,1.71165,1.7118,1.50,3.07
2016.01.08 16:12:11.203,1.71165,1.71179,1.75,1.20
2016.01.08 16:12:11.711,1.71168,1.71179,1.00,1.20
2016.01.08 16:12:12.016,1.71166,1.7118,1.87,2.62
2016.01.08 16:12:12.898,1.71165,1.71181,1.87,1.93
2016.01.08 16:12:13.153,1.71165,1.7118,1.87,1.20
2016.01.08 16:12:13.357,1.71165,1.71179,1.87,1.00
2016.01.08 16:12:13.459,1.71162,1.71179,1.20,1.00
2016.01.08 16:12:13.562,1.71164,1.71181,1.12,2.12
2016.01.08 16:12:13.905,1.71162,1.71174,1.08,1.00
2016.01.08 16:12:14.217,1.71161,1.71171,2.58,1.00
2016.01.08 16:12:14.268,1.71157,1.71169,1.75,1.00
2016.01.08 16:12:14.321,1.71155,1.71166,1.61,1.00
2016.01.08 16:12:14.373,1.71154,1.71162,1.00,1.00
2016.01.08 16:12:14.476,1.71149,1.71162,1.23,1.00
2016.01.08 16:12:14.985,1.71148,1.71162,1.50,1.00
2016.01.08 16:12:15.544,1.71148,1.71161,1.50,1.00
2016.01.08 16:12:15.850,1.71147,1.71163,1.37,1.00
2016.01.08 16:12:16.954,1.71146,1.71162,1.57,1.00
2016.01.08 16:12:17.056,1.71145,1.71162,1.12,1.75
2016.01.08 16:12:17.158,1.71146,1.71162,1.10,1.75
2016.01.08 16:12:17.260,1.71146,1.71162,1.10,1.50
2016.01.08 16:12:18.035,1.71144,1.7116,3.06,1.00
2016.01.08 16:12:18.340,1.71137,1.71151,1.48,1.00
2016.01.08 16:12:19.114,1.71136,1.7115,1.63,1.00
2016.01.08 16:12:19.419,1.71134,1.7115,1.93,1.75
2016.01.08 16:12:19.572,1.71136,1.7115,1.48,1.75
2016.01.08 16:12:19.674,1.71136,1.7115,1.48,1.00
2016.01.08 16:12:20.947,1.71133,1.71149,1.93,1.00
2016.01.08 16:12:21.253,1.71133,1.7115,2.68,1.00
2016.01.08 16:12:22.207,1.71133,1.71148,1.95,1.00
2016.01.08 16:12:22.515,1.71127,1.71139,1.50,1.00
2016.01.08 16:12:22.618,1.71125,1.71139,1.00,1.00
2016.01.08 16:12:22.928,1.71122,1.71133,2.61,1.00
2016.01.08 16:12:23.134,1.71108,1.71117,1.00,1.00
2016.01.08 16:12:23.339,1.71106,1.71117,1.00,1.00
2016.01.08 16:12:23.913,1.71103,1.71115,1.50,1.00
2016.01.08 16:12:24.580,1.71102,1.71121,1.57,2.25
2016.01.08 16:12:24.685,1.7111,1.71121,1.00,1.87
2016.01.08 16:12:24.788,1.7111,1.71121,1.00,1.00
2016.01.08 16:12:25.292,1.7111,1.71122,1.00,1.00
2016.01.08 16:12:25.697,1.71107,1.71126,2.06,1.12
2016.01.08 16:12:25.748,1.71108,1.71124,1.29,1.12
2016.01.08 16:12:26.256,1.7111,1.71126,1.00,1.12
2016.01.08 16:12:26.583,1.71113,1.71126,1.00,1.12
2016.01.08 16:12:26.787,1.7111,1.71125,1.10,1.37
2016.01.08 16:12:26.840,1.7111,1.71125,1.10,1.12
2016.01.08 16:12:27.148,1.71106,1.71119,1.47,1.00
2016.01.08 16:12:27.251,1.71106,1.71119,1.20,1.00
2016.01.08 16:12:27.619,1.71105,1.71122,1.50,1.00
2016.01.08 16:12:27.670,1.71112,1.7112,1.00,1.75
2016.01.08 16:12:27.824,1.71116,1.71123,1.12,1.00
2016.01.08 16:12:27.926,1.71116,1.7113,1.37,2.25
2016.01.08 16:12:28.030,1.71116,1.71133,1.12,2.62
2016.01.08 16:12:28.132,1.71116,1.71132,1.12,1.12
2016.01.08 16:12:28.184,1.71116,1.71132,1.12,1.12
2016.01.08 16:12:28.662,1.71118,1.7113,1.00,1.12
2016.01.08 16:12:28.969,1.71123,1.71141,1.87,3.45
2016.01.08 16:12:29.174,1.71126,1.71141,1.37,1.20
2016.01.08 16:12:29.785,1.71131,1.71143,1.69,1.75
2016.01.08 16:12:29.837,1.71134,1.71147,1.12,2.25
2016.01.08 16:12:29.889,1.71136,1.71147,1.00,2.25
2016.01.08 16:12:29.941,1.71136,1.71147,1.87,1.00
2016.01.08 16:12:30.044,1.71136,1.71151,1.87,1.12
2016.01.08 16:12:30.248,1.71133,1.71151,1.95,1.12
2016.01.08 16:12:30.835,1.71147,1.71158,1.37,2.25
2016.01.08 16:12:30.937,1.71148,1.71158,1.12,1.00
2016.01.08 16:12:31.345,1.71154,1.71163,1.00,1.37
2016.01.08 16:12:31.884,1.71153,1.71163,1.00,1.37
2016.01.08 16:12:32.196,1.71155,1.71163,1.00,1.37
2016.01.08 16:12:32.505,1.71159,1.71166,1.00,2.62
2016.01.08 16:12:32.558,1.71159,1.71166,1.00,1.00
2016.01.08 16:12:32.711,1.71161,1.71166,1.00,1.00
2016.01.08 16:12:33.030,1.7116,1.71168,1.00,2.62
2016.01.08 16:12:33.082,1.71155,1.71163,1.00,1.50
2016.01.08 16:12:33.184,1.71158,1.71163,1.00,1.00
2016.01.08 16:12:33.236,1.7116,1.71166,1.00,1.57
2016.01.08 16:12:33.545,1.71163,1.7117,1.00,1.12
2016.01.08 16:12:33.647,1.71163,1.71171,1.00,1.20
2016.01.08 16:12:34.320,1.71163,1.71171,1.00,1.47
2016.01.08 16:12:34.728,1.7116,1.71172,1.00,1.50
2016.01.08 16:12:35.510,1.71162,1.71171,1.00,1.47
2016.01.08 16:12:35.561,1.71159,1.71171,1.12,1.20
2016.01.08 16:12:35.663,1.71156,1.71167,1.00,1.87
2016.01.08 16:12:35.715,1.71154,1.71167,1.50,2.32
2016.01.08 16:12:35.970,1.71156,1.71166,1.00,1.47
2016.01.08 16:12:36.552,1.71156,1.71168,1.00,1.87
2016.01.08 16:12:37.059,1.71156,1.71167,1.00,1.37
2016.01.08 16:12:38.462,1.71153,1.71167,1.50,1.95
2016.01.08 16:12:38.565,1.71148,1.71163,1.00,2.02
2016.01.08 16:12:38.616,1.7115,1.71163,1.00,2.02
2016.01.08 16:12:39.098,1.71147,1.71162,1.00,1.37
2016.01.08 16:12:39.252,1.71144,1.7116,1.12,1.65
2016.01.08 16:12:39.561,1.71144,1.71156,1.12,1.37
2016.01.08 16:12:40.091,1.71145,1.71156,1.00,1.12
2016.01.08 16:12:40.144,1.71145,1.71157,1.00,1.00
2016.01.08 16:12:40.708,1.71145,1.71157,1.37,1.00
2016.01.08 16:12:41.707,1.71145,1.71157,1.50,1.00
2016.01.08 16:12:41.961,1.71145,1.71158,1.50,1.27
2016.01.08 16:12:42.175,1.71144,1.71157,1.37,1.12
2016.01.08 16:12:42.276,1.71144,1.71153,1.00,1.00
2016.01.08 16:12:42.701,1.71147,1.71153,1.00,1.00
2016.01.08 16:12:42.805,1.71147,1.71157,1.12,1.12
2016.01.08 16:12:42.856,1.71147,1.71158,1.12,3.45
2016.01.08 16:12:43.112,1.71147,1.71158,1.50,1.47
2016.01.08 16:12:43.775,1.71151,1.71161,1.00,1.47
2016.01.08 16:12:44.080,1.71161,1.71166,1.37,1.12
2016.01.08 16:12:44.183,1.71161,1.7117,1.37,1.12
2016.01.08 16:12:44.337,1.71159,1.71171,1.00,1.57
2016.01.08 16:12:44.391,1.71154,1.71169,1.12,1.50
2016.01.08 16:12:44.493,1.71156,1.71167,1.12,1.37
2016.01.08 16:12:44.868,1.71158,1.71167,1.50,1.12
2016.01.08 16:12:44.919,1.71154,1.71166,1.12,1.47
2016.01.08 16:12:44.970,1.71154,1.71166,1.00,1.47
2016.01.08 16:12:45.072,1.71154,1.71164,1.12,1.00
2016.01.08 16:12:45.225,1.71154,1.71167,1.12,1.37
2016.01.08 16:12:45.428,1.7115,1.71167,1.12,1.57
2016.01.08 16:12:45.480,1.71147,1.71163,1.12,1.50
2016.01.08 16:12:46.161,1.71146,1.71161,1.00,1.57
2016.01.08 16:12:46.468,1.71148,1.71161,1.00,3.37
2016.01.08 16:12:46.774,1.71151,1.71162,1.00,1.37
2016.01.08 16:12:47.130,1.71146,1.71161,1.50,1.45
2016.01.08 16:12:47.234,1.71149,1.71159,1.00,1.00
2016.01.08 16:12:47.489,1.71147,1.71161,1.00,1.12
2016.01.08 16:12:47.541,1.71145,1.71161,1.00,1.12
2016.01.08 16:12:47.796,1.71148,1.7116,1.00,2.32
2016.01.08 16:12:48.649,1.71146,1.7116,1.00,1.12
2016.01.08 16:12:48.700,1.71143,1.71161,1.12,3.37
2016.01.08 16:12:48.803,1.71142,1.71156,1.00,1.37
2016.01.08 16:12:49.132,1.71144,1.71156,1.00,1.12
2016.01.08 16:12:49.388,1.71147,1.71157,1.00,1.00
2016.01.08 16:12:49.442,1.71153,1.71158,1.00,1.12
2016.01.08 16:12:49.775,1.71154,1.71164,1.00,2.25
2016.01.08 16:12:49.827,1.71154,1.71163,1.00,1.00
2016.01.08 16:12:50.244,1.71155,1.71167,1.00,3.00
2016.01.08 16:12:50.296,1.71155,1.71166,1.00,1.10
2016.01.08 16:12:50.448,1.71159,1.71169,1.00,1.37
2016.01.08 16:12:50.500,1.71157,1.71169,1.00,1.12
2016.01.08 16:12:50.602,1.7116,1.7117,1.00,1.12
2016.01.08 16:12:50.703,1.71159,1.71172,1.00,1.87
2016.01.08 16:12:50.755,1.71161,1.71172,1.00,1.37
2016.01.08 16:12:50.806,1.71161,1.71173,1.00,1.95
2016.01.08 16:12:50.857,1.71159,1.71173,1.00,1.47
2016.01.08 16:12:51.010,1.71158,1.71173,1.00,1.20
2016.01.08 16:12:51.355,1.7116,1.71174,1.00,3.07
2016.01.08 16:12:51.408,1.71162,1.71175,1.00,1.50
2016.01.08 16:12:52.074,1.71164,1.71175,1.00,1.12
2016.01.08 16:12:52.809,1.71167,1.71175,1.00,1.00
2016.01.08 16:12:53.014,1.71171,1.71184,1.12,1.57
2016.01.08 16:12:53.116,1.71174,1.71185,1.00,2.25
2016.01.08 16:12:53.868,1.71181,1.71185,1.00,1.00
2016.01.08 16:12:53.919,1.7116,1.71169,1.00,1.00
2016.01.08 16:12:53.971,1.71159,1.71169,1.00,1.87
2016.01.08 16:12:54.073,1.71159,1.71169,1.00,1.10
2016.01.08 16:12:54.125,1.71156,1.7117,1.02,1.20
2016.01.08 16:12:54.280,1.71159,1.7117,1.00,1.07
2016.01.08 16:12:54.587,1.7116,1.71171,1.00,1.20
2016.01.08 16:12:54.901,1.71159,1.7117,1.00,1.07
2016.01.08 16:12:55.207,1.71162,1.71172,1.00,1.07
2016.01.08 16:12:55.463,1.71158,1.71172,2.27,1.07
2016.01.08 16:12:55.616,1.7116,1.71169,1.00,1.75
2016.01.08 16:12:55.882,1.7116,1.71169,1.00,1.12
2016.01.08 16:12:55.936,1.71158,1.71169,1.00,1.00
2016.01.08 16:12:56.090,1.71153,1.71169,1.00,1.45
2016.01.08 16:12:56.141,1.71153,1.71166,1.00,1.87
2016.01.08 16:12:56.397,1.7115,1.71163,1.15,1.00
2016.01.08 16:12:56.703,1.7115,1.71164,1.00,1.12
2016.01.08 16:12:57.110,1.71147,1.71162,1.15,1.37
2016.01.08 16:12:57.734,1.71147,1.71164,1.15,1.12
2016.01.08 16:12:58.295,1.71146,1.71163,1.03,1.87
2016.01.08 16:12:58.804,1.71145,1.71162,1.15,1.95
2016.01.08 16:12:59.009,1.71145,1.71161,1.03,1.12
2016.01.08 16:12:59.531,1.71145,1.71158,1.02,1.10
2016.01.08 16:13:00.040,1.71145,1.71159,1.03,1.12
2016.01.08 16:13:01.155,1.71141,1.71158,1.40,1.20
2016.01.08 16:13:01.257,1.71141,1.71158,1.40,1.20
2016.01.08 16:13:02.189,1.71141,1.71158,1.40,1.20
2016.01.08 16:13:02.342,1.71141,1.71155,1.00,1.12
2016.01.08 16:13:02.444,1.71136,1.71152,1.15,1.12
2016.01.08 16:13:02.497,1.71137,1.71152,1.02,1.12
2016.01.08 16:13:02.601,1.71135,1.71151,1.52,2.25
2016.01.08 16:13:02.653,1.71135,1.71148,1.03,1.45
2016.01.08 16:13:03.289,1.71132,1.71147,1.52,1.75
2016.01.08 16:13:03.598,1.71131,1.71144,1.15,1.95
2016.01.08 16:13:03.906,1.71125,1.71142,1.77,1.47
2016.01.08 16:13:04.417,1.71124,1.71137,3.37,1.12
2016.01.08 16:13:04.469,1.71124,1.71137,1.87,1.12
2016.01.08 16:13:04.520,1.71128,1.71137,1.00,1.20
2016.01.08 16:13:04.775,1.71125,1.71138,1.12,1.95
2016.01.08 16:13:05.294,1.71125,1.71139,1.12,2.25
2016.01.08 16:13:05.345,1.71128,1.7114,1.00,1.95
2016.01.08 16:13:05.549,1.7113,1.71144,1.00,1.87
2016.01.08 16:13:06.043,1.71128,1.71145,1.37,1.10
2016.01.08 16:13:06.094,1.71128,1.71145,1.37,3.00
2016.01.08 16:13:06.616,1.71127,1.7114,1.37,1.07
2016.01.08 16:13:06.769,1.71125,1.7114,1.12,1.20
2016.01.08 16:13:06.871,1.71122,1.71138,1.37,1.20
2016.01.08 16:13:06.922,1.71121,1.71135,1.37,1.37
2016.01.08 16:13:06.973,1.71121,1.71134,1.00,1.12
2016.01.08 16:13:07.126,1.71118,1.71134,1.37,2.20
2016.01.08 16:13:07.651,1.71121,1.71135,1.00,1.57
2016.01.08 16:13:07.956,1.71124,1.71137,1.00,1.07
2016.01.08 16:13:08.214,1.71122,1.71138,1.12,1.95
2016.01.08 16:13:08.265,1.71124,1.71138,1.00,1.57
2016.01.08 16:13:08.742,1.71124,1.71138,1.37,1.20
2016.01.08 16:13:08.794,1.71124,1.71138,1.00,1.20
2016.01.08 16:13:09.354,1.71124,1.71138,1.12,1.85
2016.01.08 16:13:09.567,1.71124,1.71138,1.12,1.20
2016.01.08 16:13:10.353,1.71133,1.71146,1.00,1.82
2016.01.08 16:13:10.404,1.71131,1.71146,1.00,1.82
2016.01.08 16:13:10.864,1.71133,1.71146,1.00,1.20
2016.01.08 16:13:11.462,1.71133,1.71148,1.12,1.57
2016.01.08 16:13:11.769,1.71136,1.71149,1.12,1.50
2016.01.08 16:13:12.177,1.71136,1.71153,1.12,1.20
2016.01.08 16:13:12.280,1.71137,1.71153,1.00,1.20
2016.01.08 16:13:12.605,1.7114,1.71153,1.50,1.00
2016.01.08 16:13:12.912,1.71164,1.71173,1.37,1.50
2016.01.08 16:13:12.963,1.71161,1.71177,1.75,1.00
2016.01.08 16:13:13.018,1.71163,1.71177,1.37,2.25
2016.01.08 16:13:13.224,1.71164,1.71178,1.12,1.45
2016.01.08 16:13:13.666,1.71165,1.71181,1.37,1.50
2016.01.08 16:13:14.174,1.71165,1.71182,1.12,1.12
2016.01.08 16:13:14.479,1.71168,1.71182,1.00,1.12
2016.01.08 16:13:15.066,1.71168,1.71181,1.00,1.20
2016.01.08 16:13:15.117,1.71166,1.71181,1.00,1.20
2016.01.08 16:13:15.219,1.71163,1.71181,1.00,1.82
2016.01.08 16:13:15.322,1.71166,1.71181,1.00,1.20
2016.01.08 16:13:15.374,1.71166,1.71181,1.00,1.20
2016.01.08 16:13:15.426,1.71169,1.71181,1.00,1.00
2016.01.08 16:13:15.580,1.71169,1.71184,1.00,1.82
2016.01.08 16:13:16.189,1.71169,1.71183,1.00,1.37
2016.01.08 16:13:16.545,1.71172,1.71187,1.12,1.82
2016.01.08 16:13:16.597,1.71172,1.71187,1.12,1.20
2016.01.08 16:13:16.750,1.71175,1.71187,1.00,1.82
2016.01.08 16:13:16.803,1.71175,1.71187,1.00,1.20
2016.01.08 16:13:17.190,1.71175,1.71185,1.00,1.47
2016.01.08 16:13:17.242,1.71173,1.71185,1.00,1.47
2016.01.08 16:13:17.293,1.71173,1.71187,1.00,1.50
2016.01.08 16:13:17.802,1.71174,1.71188,1.00,1.57
2016.01.08 16:13:18.576,1.71174,1.71187,1.00,1.37
2016.01.08 16:13:18.882,1.71173,1.71185,1.00,1.20
2016.01.08 16:13:19.089,1.71173,1.71185,1.50,1.45
2016.01.08 16:13:19.194,1.71174,1.71186,1.87,1.20
2016.01.08 16:13:19.297,1.71176,1.71188,1.12,1.50
2016.01.08 16:13:19.400,1.71176,1.71189,1.00,1.47
2016.01.08 16:13:19.916,1.71176,1.7119,1.00,1.45
2016.01.08 16:13:19.968,1.71173,1.7119,2.62,1.57
2016.01.08 16:13:20.019,1.71173,1.7119,1.50,1.82
2016.01.08 16:13:20.325,1.7117,1.71187,1.75,1.12
2016.01.08 16:13:20.938,1.7117,1.71187,1.75,1.12
2016.01.08 16:13:21.448,1.71174,1.71189,1.00,1.87
2016.01.08 16:13:21.602,1.71173,1.71189,1.00,1.20
2016.01.08 16:13:21.704,1.71173,1.7119,1.37,1.12
2016.01.08 16:13:22.275,1.71176,1.71191,1.00,1.47
2016.01.08 16:13:22.687,1.71175,1.71192,1.00,1.57
2016.01.08 16:13:22.790,1.71183,1.71194,1.00,1.50
2016.01.08 16:13:22.996,1.71184,1.71197,1.00,1.45
2016.01.08 16:13:23.482,1.71184,1.71197,1.00,2.20
2016.01.08 16:13:23.941,1.71185,1.71198,1.50,1.82
2016.01.08 16:13:23.992,1.71191,1.71202,1.00,1.37
2016.01.08 16:13:24.044,1.71194,1.71202,1.50,1.37
2016.01.08 16:13:24.095,1.71194,1.71207,1.50,1.47
2016.01.08 16:13:24.620,1.71194,1.71208,1.37,1.20
2016.01.08 16:13:25.128,1.7119,1.71208,2.45,1.20
2016.01.08 16:13:25.230,1.7119,1.71206,2.45,1.50
2016.01.08 16:13:25.988,1.71192,1.71207,1.20,1.95
2016.01.08 16:13:26.498,1.71191,1.71205,2.07,1.00
2016.01.08 16:13:27.114,1.7119,1.71207,2.07,1.20
2016.01.08 16:13:27.424,1.7119,1.71204,1.64,2.25
2016.01.08 16:13:28.400,1.71189,1.71204,1.57,1.12
2016.01.08 16:13:28.659,1.7119,1.71204,2.45,1.12
2016.01.08 16:13:29.428,1.7119,1.71207,1.95,2.25
2016.01.08 16:13:29.949,1.7119,1.71205,1.95,1.50
2016.01.08 16:13:30.482,1.71192,1.71205,1.02,1.50
2016.01.08 16:13:31.593,1.71198,1.71209,1.37,2.25
2016.01.08 16:13:31.747,1.71197,1.71213,2.64,2.25
2016.01.08 16:13:31.799,1.71202,1.71216,1.39,2.25
2016.01.08 16:13:31.902,1.71201,1.71217,1.14,3.00
2016.01.08 16:13:32.260,1.71203,1.71219,1.77,3.00
2016.01.08 16:13:32.311,1.71205,1.71216,1.40,1.00
2016.01.08 16:13:32.877,1.71203,1.71216,2.64,1.00
2016.01.08 16:13:33.132,1.71211,1.71223,1.40,1.12
2016.01.08 16:13:33.787,1.71211,1.71225,1.39,1.47
2016.01.08 16:13:35.183,1.71213,1.71227,1.39,1.12
2016.01.08 16:13:35.539,1.71212,1.71229,2.64,1.87
2016.01.08 16:13:35.642,1.71216,1.71229,1.37,1.12
2016.01.08 16:13:35.947,1.71215,1.7123,1.13,1.00
2016.01.08 16:13:36.335,1.71212,1.71223,1.50,1.00
2016.01.08 16:13:36.387,1.71212,1.71223,1.12,1.00
2016.01.08 16:13:36.490,1.7121,1.71224,1.01,1.00
2016.01.08 16:13:36.592,1.71211,1.71226,1.50,1.50
2016.01.08 16:13:36.899,1.7121,1.7122,1.99,1.00
2016.01.08 16:13:37.218,1.71203,1.71214,1.37,1.00
2016.01.08 16:13:37.545,1.71203,1.71212,1.37,1.00
2016.01.08 16:13:37.597,1.71197,1.71207,1.31,1.00
2016.01.08 16:13:37.700,1.71191,1.71205,1.76,1.00
2016.01.08 16:13:37.751,1.71191,1.71205,1.68,1.00
2016.01.08 16:13:37.803,1.71191,1.71203,1.12,1.00
2016.01.08 16:13:38.014,1.71188,1.71206,2.43,1.57
2016.01.08 16:13:38.646,1.71189,1.71206,1.93,1.57
2016.01.08 16:13:39.357,1.71189,1.71204,1.56,1.00
2016.01.08 16:13:39.408,1.71188,1.71201,2.06,1.00
2016.01.08 16:13:39.460,1.71188,1.71201,1.31,1.00
2016.01.08 16:13:39.561,1.71184,1.712,1.76,1.12
2016.01.08 16:13:39.936,1.71188,1.712,1.00,1.12
2016.01.08 16:13:40.447,1.71188,1.712,1.18,1.12
2016.01.08 16:13:41.383,1.71197,1.71205,1.50,1.57
2016.01.08 16:13:41.435,1.71203,1.71216,1.37,1.20
2016.01.08 16:13:41.486,1.71203,1.71217,1.37,1.87
2016.01.08 16:13:41.589,1.71203,1.71219,1.68,2.32
2016.01.08 16:13:41.997,1.71208,1.71221,1.37,2.62
2016.01.08 16:13:42.377,1.71207,1.7122,2.06,1.75
2016.01.08 16:13:42.433,1.71213,1.71225,1.37,2.32
2016.01.08 16:13:42.637,1.71213,1.71226,1.37,1.27
2016.01.08 16:13:42.740,1.71213,1.71224,1.37,1.00
2016.01.08 16:13:42.842,1.71208,1.71222,1.68,1.00
2016.01.08 16:13:43.199,1.7121,1.71223,1.93,1.00
2016.01.08 16:13:43.576,1.7121,1.71225,3.56,1.00
2016.01.08 16:13:43.679,1.7121,1.71226,2.25,1.00
2016.01.08 16:13:43.988,1.71211,1.71228,1.93,2.32
2016.01.08 16:13:44.193,1.71216,1.71232,1.18,2.25
2016.01.08 16:13:44.668,1.71214,1.71229,1.93,1.87
2016.01.08 16:13:44.770,1.71214,1.71229,1.93,1.12
2016.01.08 16:13:46.197,1.71219,1.71231,1.00,1.57
2016.01.08 16:13:46.299,1.71216,1.71231,2.06,1.12
2016.01.08 16:13:46.452,1.71214,1.71231,2.06,3.37
2016.01.08 16:13:46.858,1.71214,1.71231,1.12,1.82
2016.01.08 16:13:46.909,1.71212,1.71228,1.37,1.10
2016.01.08 16:13:47.012,1.7121,1.71227,1.12,1.12
2016.01.08 16:13:47.063,1.71209,1.71224,1.12,1.00
2016.01.08 16:13:47.433,1.71205,1.71221,1.53,1.37
2016.01.08 16:13:47.992,1.71203,1.71221,1.78,1.37
2016.01.08 16:13:48.834,1.71198,1.7121,1.53,1.00
2016.01.08 16:13:49.038,1.71197,1.71213,2.28,1.12
2016.01.08 16:13:50.141,1.71198,1.71212,1.40,1.12
2016.01.08 16:13:50.549,1.71198,1.71212,1.04,1.12
2016.01.08 16:13:50.600,1.71198,1.71211,1.04,1.12
2016.01.08 16:13:50.804,1.71199,1.71215,1.00,1.95
2016.01.08 16:13:50.856,1.71206,1.71216,1.00,3.37
2016.01.08 16:13:50.908,1.71212,1.71217,1.53,2.62
2016.01.08 16:13:50.960,1.71215,1.7122,1.37,1.12
2016.01.08 16:13:51.012,1.71216,1.71225,1.04,1.82
2016.01.08 16:13:51.064,1.71214,1.71226,1.90,1.20
2016.01.08 16:13:51.378,1.71218,1.7123,1.15,1.87
2016.01.08 16:13:51.793,1.71221,1.71232,1.00,1.00
2016.01.08 16:13:52.101,1.71219,1.71236,1.90,1.75
2016.01.08 16:13:52.203,1.71219,1.71233,1.04,1.50
2016.01.08 16:13:52.509,1.71216,1.71232,1.50,1.87
2016.01.08 16:13:52.613,1.71216,1.7123,1.40,1.00
2016.01.08 16:13:52.821,1.71217,1.71233,1.53,1.12
2016.01.08 16:13:53.419,1.71219,1.71232,1.03,1.00
2016.01.08 16:13:53.924,1.71217,1.71232,1.53,1.10
2016.01.08 16:13:54.512,1.71217,1.71232,1.78,1.10
2016.01.08 16:13:54.614,1.71217,1.7123,1.37,1.00
2016.01.08 16:13:54.716,1.71216,1.71229,1.04,1.00
2016.01.08 16:13:54.767,1.71216,1.71227,1.04,1.12
2016.01.08 16:13:54.869,1.71213,1.71227,1.04,1.12
2016.01.08 16:13:55.139,1.71211,1.71225,1.98,1.00
2016.01.08 16:13:55.343,1.71203,1.71216,1.00,1.00
2016.01.08 16:13:55.496,1.712,1.71215,1.12,1.50
2016.01.08 16:13:55.699,1.71198,1.71214,1.90,1.85
2016.01.08 16:13:56.363,1.71201,1.71214,1.04,1.20
2016.01.08 16:13:56.720,1.712,1.71216,1.78,1.12
2016.01.08 16:13:56.771,1.712,1.71214,1.78,1.00
2016.01.08 16:13:57.076,1.71198,1.71207,1.00,1.00
2016.01.08 16:13:57.127,1.71193,1.71207,1.53,1.00
2016.01.08 16:13:57.820,1.71193,1.71206,1.00,1.00
2016.01.08 16:13:57.871,1.71191,1.71205,1.12,1.00
2016.01.08 16:13:58.126,1.71193,1.71205,1.00,1.00
2016.01.08 16:13:58.586,1.71194,1.71208,1.37,1.45
2016.01.08 16:13:59.011,1.71204,1.71213,1.37,1.37
2016.01.08 16:13:59.063,1.71206,1.71221,1.00,3.00
2016.01.08 16:13:59.165,1.71206,1.71221,1.50,1.12
2016.01.08 16:14:00.304,1.71204,1.7122,1.12,1.00
2016.01.08 16:14:00.813,1.71205,1.71222,1.75,3.07
2016.01.08 16:14:01.323,1.71205,1.7122,1.37,1.12
2016.01.08 16:14:02.048,1.71202,1.71221,6.49,1.50
2016.01.08 16:14:02.303,1.71207,1.71221,1.00,1.50
2016.01.08 16:14:02.558,1.71201,1.71218,1.20,1.00
2016.01.08 16:14:02.881,1.71198,1.71215,3.10,1.50
2016.01.08 16:14:03.390,1.71198,1.71213,2.32,1.00
2016.01.08 16:14:03.703,1.71199,1.71213,1.00,1.00
2016.01.08 16:14:04.227,1.71199,1.7121,1.00,1.00
2016.01.08 16:14:04.743,1.71196,1.71209,1.12,1.00
2016.01.08 16:14:04.845,1.71194,1.71209,1.00,1.00
2016.01.08 16:14:05.632,1.7119,1.71203,1.75,1.00
2016.01.08 16:14:05.683,1.7119,1.71203,1.37,1.12
2016.01.08 16:14:05.938,1.7119,1.71206,1.75,1.50
2016.01.08 16:14:05.990,1.7119,1.71206,2.62,1.50
2016.01.08 16:14:06.764,1.71189,1.71203,1.37,1.00
2016.01.08 16:14:07.121,1.71185,1.71202,1.12,1.37
2016.01.08 16:14:07.630,1.71185,1.71202,1.45,1.50
2016.01.08 16:14:08.137,1.71187,1.71202,1.15,1.50
2016.01.08 16:14:08.649,1.71188,1.71202,1.40,1.50
2016.01.08 16:14:09.102,1.71195,1.71205,1.12,1.75
2016.01.08 16:14:09.419,1.71198,1.71211,1.87,1.12
2016.01.08 16:14:09.734,1.71196,1.71211,2.12,1.00
2016.01.08 16:14:09.836,1.71196,1.71208,1.87,1.00
2016.01.08 16:14:09.888,1.71196,1.7121,1.87,1.00
2016.01.08 16:14:10.042,1.71195,1.71208,2.62,1.12
2016.01.08 16:14:10.094,1.71192,1.71206,1.62,1.00
2016.01.08 16:14:10.615,1.71192,1.71206,1.25,1.37
2016.01.08 16:14:11.027,1.71192,1.7121,2.12,3.45
2016.01.08 16:14:11.129,1.71198,1.71212,1.37,1.50
2016.01.08 16:14:11.180,1.71198,1.71214,1.37,2.25
2016.01.08 16:14:11.231,1.71199,1.71214,1.71,1.50
2016.01.08 16:14:11.384,1.71203,1.71214,1.00,1.12
2016.01.08 16:14:11.891,1.71198,1.71214,1.75,1.12
2016.01.08 16:14:12.094,1.71197,1.7121,1.75,1.00
2016.01.08 16:14:12.146,1.71197,1.71209,1.33,1.00
2016.01.08 16:14:12.248,1.71197,1.71206,1.00,1.00
2016.01.08 16:14:12.350,1.7119,1.71205,1.07,1.00
2016.01.08 16:14:13.305,1.71189,1.71207,2.87,1.37
2016.01.08 16:14:13.357,1.7119,1.71209,1.75,1.20
2016.01.08 16:14:13.663,1.71196,1.71213,2.12,1.12
2016.01.08 16:14:13.766,1.71198,1.71215,1.75,2.70
2016.01.08 16:14:13.970,1.71198,1.71215,2.12,1.00
2016.01.08 16:14:14.352,1.71199,1.71215,1.37,1.00
2016.01.08 16:14:14.764,1.71197,1.71214,1.33,1.20
2016.01.08 16:14:14.970,1.71195,1.71214,4.37,1.20
2016.01.08 16:14:15.226,1.71195,1.71214,4.37,1.20
2016.01.08 16:14:16.076,1.71197,1.71214,1.25,1.20
2016.01.08 16:14:16.229,1.71198,1.71216,2.00,1.85
2016.01.08 16:14:16.627,1.71203,1.71217,2.12,1.00
2016.01.08 16:14:17.004,1.71199,1.71213,1.87,1.00
2016.01.08 16:14:17.064,1.71195,1.71213,1.25,1.12
2016.01.08 16:14:17.685,1.71194,1.71212,2.12,1.00
2016.01.08 16:14:17.737,1.71193,1.71212,1.75,1.12
2016.01.08 16:14:17.839,1.71192,1.71212,3.62,1.95
2016.01.08 16:14:18.358,1.712,1.71216,1.25,1.75
2016.01.08 16:14:18.816,1.71198,1.71216,2.50,1.50
2016.01.08 16:14:19.352,1.71204,1.71216,1.00,1.00
2016.01.08 16:14:19.865,1.712,1.71218,1.75,1.37
2016.01.08 16:14:20.170,1.71204,1.7122,1.12,1.45
2016.01.08 16:14:20.788,1.71208,1.71225,1.00,1.87
2016.01.08 16:14:20.891,1.71212,1.71225,1.00,1.00
2016.01.08 16:14:20.942,1.71212,1.71228,1.12,1.20
2016.01.08 16:14:21.095,1.71214,1.71229,1.37,1.37
2016.01.08 16:14:21.198,1.71213,1.7123,1.75,1.00
2016.01.08 16:14:21.608,1.71214,1.7123,1.12,2.25
2016.01.08 16:14:21.981,1.71214,1.7123,1.00,2.25
2016.01.08 16:14:22.503,1.71213,1.7123,1.75,3.00
2016.01.08 16:14:24.334,1.71213,1.7123,1.12,3.00
2016.01.08 16:14:24.656,1.71209,1.71226,1.76,1.00
2016.01.08 16:14:24.964,1.71209,1.71225,1.26,1.37
2016.01.08 16:14:25.473,1.71209,1.71225,1.26,1.12
2016.01.08 16:14:25.933,1.71208,1.71223,1.01,1.00
2016.01.08 16:14:26.242,1.71205,1.71218,1.01,1.87
2016.01.08 16:14:26.294,1.71204,1.71218,1.26,1.87
2016.01.08 16:14:26.346,1.71204,1.71218,1.01,1.12
2016.01.08 16:14:26.652,1.71205,1.71221,1.01,1.12
2016.01.08 16:14:26.805,1.71205,1.71222,1.01,3.37
2016.01.08 16:14:27.224,1.71204,1.7122,1.26,1.12
2016.01.08 16:14:27.326,1.71205,1.71219,1.26,1.50
2016.01.08 16:14:27.531,1.71205,1.71222,1.00,4.20
2016.01.08 16:14:27.633,1.71201,1.71216,1.76,1.00
2016.01.08 16:14:27.887,1.71197,1.71214,1.87,1.12
2016.01.08 16:14:27.939,1.71198,1.71213,1.75,1.37
2016.01.08 16:14:28.488,1.71196,1.71214,1.12,1.50
2016.01.08 16:14:28.540,1.71197,1.71214,1.00,1.50
2016.01.08 16:14:29.049,1.71196,1.71213,1.00,1.95
2016.01.08 16:14:29.558,1.71195,1.71213,1.37,1.95
2016.01.08 16:14:30.020,1.71193,1.71207,1.75,1.00
2016.01.08 16:14:30.225,1.71187,1.71204,1.12,1.50
2016.01.08 16:14:30.277,1.71186,1.71204,1.87,1.50
2016.01.08 16:14:30.329,1.71186,1.71204,1.50,1.50
2016.01.08 16:14:30.431,1.71184,1.71204,3.37,1.87
2016.01.08 16:14:31.280,1.71186,1.71204,2.13,2.62
2016.01.08 16:14:31.332,1.71191,1.71204,1.37,1.00
2016.01.08 16:14:31.383,1.71189,1.71206,1.50,2.25
2016.01.08 16:14:31.954,1.71188,1.71206,1.01,1.37
2016.01.08 16:14:32.112,1.71189,1.71208,1.01,1.57
2016.01.08 16:14:32.625,1.71189,1.71208,1.12,2.32
2016.01.08 16:14:32.677,1.7119,1.71204,1.12,1.00
2016.01.08 16:14:34.118,1.71189,1.71201,1.75,1.00
2016.01.08 16:14:34.375,1.71182,1.71196,1.20,1.00
2016.01.08 16:14:34.630,1.71182,1.71194,1.00,1.00
2016.01.08 16:14:34.991,1.71179,1.71191,1.00,1.00
2016.01.08 16:14:35.247,1.71178,1.71193,1.12,1.00
2016.01.08 16:14:35.350,1.71178,1.71193,1.37,1.00
2016.01.08 16:14:35.655,1.7118,1.71193,1.75,1.00
2016.01.08 16:14:36.306,1.71179,1.71192,1.12,1.00
2016.01.08 16:14:36.413,1.71177,1.71188,1.00,1.00
2016.01.08 16:14:36.619,1.71175,1.7119,1.12,1.00
2016.01.08 16:14:36.824,1.71177,1.71188,1.00,1.00
2016.01.08 16:14:36.876,1.71177,1.71193,1.37,1.12
2016.01.08 16:14:36.979,1.7118,1.71194,1.37,1.85
2016.01.08 16:14:37.031,1.7118,1.71197,1.50,1.50
2016.01.08 16:14:37.392,1.71182,1.71196,1.12,1.00
2016.01.08 16:14:37.444,1.7118,1.71194,1.65,1.00
2016.01.08 16:14:37.597,1.71179,1.71192,1.00,1.00
2016.01.08 16:14:38.055,1.71183,1.71195,1.00,1.50
2016.01.08 16:14:38.159,1.71178,1.71195,1.50,1.50
2016.01.08 16:14:38.703,1.71182,1.71195,1.00,1.00
2016.01.08 16:14:39.280,1.7118,1.71195,1.00,1.00
2016.01.08 16:14:39.331,1.7118,1.71193,1.00,1.00
2016.01.08 16:14:39.652,1.71175,1.7119,1.85,1.00
2016.01.08 16:14:40.171,1.71175,1.7119,1.57,1.00
2016.01.08 16:14:40.532,1.71176,1.71193,1.50,1.12
2016.01.08 16:14:40.634,1.71177,1.71195,2.25,1.37
2016.01.08 16:14:40.939,1.71178,1.71196,2.40,1.50
2016.01.08 16:14:41.860,1.71178,1.71196,3.37,1.50
2016.01.08 16:14:42.368,1.71179,1.71196,1.37,1.12
2016.01.08 16:14:42.720,1.71177,1.71195,1.00,2.62
2016.01.08 16:14:42.774,1.71173,1.71186,1.12,1.00
2016.01.08 16:14:42.825,1.71171,1.71185,2.25,1.00
2016.01.08 16:14:42.979,1.7117,1.71185,1.50,1.00
2016.01.08 16:14:43.032,1.7117,1.71183,1.37,1.00
2016.01.08 16:14:43.338,1.71165,1.71176,1.00,1.00
2016.01.08 16:14:43.440,1.71161,1.71176,1.37,1.00
2016.01.08 16:14:43.492,1.71163,1.71179,1.00,1.00
2016.01.08 16:14:44.126,1.71167,1.71183,1.00,1.00
2016.01.08 16:14:44.432,1.71166,1.7118,1.37,1.00
2016.01.08 16:14:44.534,1.71165,1.7118,1.00,1.00
2016.01.08 16:14:44.942,1.71166,1.71183,1.37,1.12
2016.01.08 16:14:45.370,1.71173,1.71186,1.00,1.00
2016.01.08 16:14:45.424,1.71171,1.71186,1.00,1.00
2016.01.08 16:14:45.781,1.71174,1.71189,1.00,1.75
2016.01.08 16:14:45.985,1.71172,1.71189,1.12,1.75
2016.01.08 16:14:46.619,1.7117,1.71183,1.00,1.00
2016.01.08 16:14:47.128,1.71167,1.71183,1.37,1.00
2016.01.08 16:14:47.616,1.71168,1.71183,1.37,1.00
2016.01.08 16:14:48.022,1.71166,1.71179,1.87,1.00
2016.01.08 16:14:48.073,1.71165,1.71179,1.00,1.00
2016.01.08 16:14:48.226,1.71165,1.71179,1.75,1.00
2016.01.08 16:14:48.277,1.71165,1.71181,1.75,1.00
2016.01.08 16:14:48.481,1.71167,1.71184,1.87,2.32
2016.01.08 16:14:48.839,1.7117,1.71183,1.50,1.00
2016.01.08 16:14:48.942,1.71167,1.71183,2.62,1.00
2016.01.08 16:14:49.306,1.71163,1.71178,1.00,1.82
2016.01.08 16:14:49.358,1.71159,1.71174,1.50,1.00
2016.01.08 16:14:49.460,1.71158,1.71173,1.50,1.00
2016.01.08 16:14:49.968,1.71158,1.71171,1.00,1.00
2016.01.08 16:14:50.273,1.71162,1.7117,1.00,1.00
2016.01.08 16:14:50.608,1.71153,1.71166,1.00,1.00
2016.01.08 16:14:50.710,1.71153,1.71159,1.00,1.00
2016.01.08 16:14:50.967,1.71143,1.71155,1.12,1.00
2016.01.08 16:14:51.170,1.71141,1.71155,1.12,1.00
2016.01.08 16:14:52.158,1.7114,1.71155,1.92,1.00
2016.01.08 16:14:52.718,1.7114,1.71154,1.12,1.00
2016.01.08 16:14:52.821,1.71139,1.71151,1.87,1.00
2016.01.08 16:14:53.075,1.71138,1.71152,1.00,1.00
2016.01.08 16:14:53.611,1.71137,1.71152,1.00,1.00
2016.01.08 16:14:54.853,1.71137,1.71152,1.37,1.00
2016.01.08 16:14:55.188,1.71138,1.71155,1.00,1.87
2016.01.08 16:14:55.849,1.71137,1.71152,1.37,1.00
2016.01.08 16:14:56.259,1.71136,1.71151,1.00,1.00
2016.01.08 16:14:56.766,1.71134,1.71151,1.12,1.37
2016.01.08 16:14:56.999,1.71134,1.71148,1.36,1.00
2016.01.08 16:14:57.488,1.71133,1.71142,1.12,1.87
2016.01.08 16:14:57.539,1.71126,1.71142,1.12,1.00
2016.01.08 16:14:57.947,1.71125,1.71143,1.36,1.12
2016.01.08 16:14:58.622,1.71126,1.7114,1.37,1.00
2016.01.08 16:14:58.776,1.71124,1.7114,1.47,1.00
2016.01.08 16:14:58.929,1.71124,1.71143,2.94,1.50
2016.01.08 16:14:59.235,1.71127,1.71142,1.37,1.00
2016.01.08 16:14:59.336,1.71127,1.71142,1.00,1.00
2016.01.08 16:15:00.186,1.71127,1.71143,1.37,1.00
2016.01.08 16:15:00.578,1.71126,1.71139,1.12,1.00
2016.01.08 16:15:00.834,1.71123,1.7114,1.50,1.57
2016.01.08 16:15:00.936,1.71124,1.71141,1.50,1.87
2016.01.08 16:15:00.987,1.71126,1.71141,1.37,1.12
2016.01.08 16:15:01.472,1.71127,1.71144,1.37,1.47
2016.01.08 16:15:01.881,1.71128,1.71144,1.37,1.37
2016.01.08 16:15:02.627,1.71127,1.71137,2.25,1.00
2016.01.08 16:15:02.678,1.71123,1.71137,1.37,1.00
2016.01.08 16:15:03.188,1.71123,1.71137,1.00,1.00
2016.01.08 16:15:04.483,1.71121,1.71137,1.37,1.87
2016.01.08 16:15:04.787,1.71122,1.71137,3.99,1.12
2016.01.08 16:15:05.228,1.71122,1.7114,3.99,1.00
2016.01.08 16:15:06.091,1.71122,1.7114,3.76,1.50
2016.01.08 16:15:06.837,1.71122,1.71137,2.19,1.00
2016.01.08 16:15:06.888,1.71122,1.71139,1.14,1.12
2016.01.08 16:15:06.991,1.71122,1.71136,2.62,1.00
2016.01.08 16:15:07.197,1.71126,1.71136,1.00,1.00
2016.01.08 16:15:07.351,1.71122,1.71136,1.00,1.00
2016.01.08 16:15:07.980,1.71122,1.71138,1.00,1.50
2016.01.08 16:15:08.184,1.7112,1.71136,1.12,1.00
2016.01.08 16:15:08.235,1.7112,1.71138,1.12,1.00
2016.01.08 16:15:08.287,1.71122,1.71139,1.57,2.25
2016.01.08 16:15:08.594,1.71124,1.7114,1.20,1.87
2016.01.08 16:15:09.219,1.71128,1.7114,1.12,1.12
2016.01.08 16:15:09.728,1.71127,1.71143,1.00,2.25
2016.01.08 16:15:09.780,1.71127,1.71143,1.00,2.25
2016.01.08 16:15:10.288,1.71125,1.71142,1.12,1.00
2016.01.08 16:15:10.825,1.71125,1.71144,2.25,1.87
2016.01.08 16:15:11.285,1.71125,1.71143,1.50,1.12
2016.01.08 16:15:11.596,1.71124,1.71143,1.95,1.12
2016.01.08 16:15:12.089,1.71124,1.71141,1.37,1.75
2016.01.08 16:15:12.608,1.71124,1.71138,1.00,1.00
2016.01.08 16:15:13.174,1.71124,1.71142,1.12,1.50
2016.01.08 16:15:14.592,1.71125,1.71142,1.50,1.50
2016.01.08 16:15:14.795,1.7113,1.71142,1.12,1.00
2016.01.08 16:15:14.897,1.7113,1.71147,1.37,1.85
2016.01.08 16:15:15.320,1.71127,1.71144,1.50,1.00
2016.01.08 16:15:15.422,1.71126,1.71142,1.75,1.00
2016.01.08 16:15:16.087,1.7113,1.71145,1.75,1.12
2016.01.08 16:15:16.414,1.71129,1.71148,1.75,2.62
2016.01.08 16:15:17.112,1.71126,1.7114,2.57,1.12
2016.01.08 16:15:17.169,1.71123,1.7114,1.82,1.37
2016.01.08 16:15:17.221,1.71127,1.71141,1.45,1.87
2016.01.08 16:15:17.528,1.7113,1.71145,1.07,2.25
2016.01.08 16:15:17.835,1.7113,1.71145,1.70,1.75
2016.01.08 16:15:18.185,1.7113,1.71145,1.07,1.00
2016.01.08 16:15:18.491,1.7113,1.71146,1.32,1.12
2016.01.08 16:15:18.543,1.7113,1.71142,1.32,1.00
2016.01.08 16:15:19.018,1.71125,1.7114,1.07,1.00
2016.01.08 16:15:20.043,1.71125,1.71139,1.77,1.00
2016.01.08 16:15:20.246,1.71125,1.71142,1.77,1.12
2016.01.08 16:15:20.568,1.71125,1.71139,1.15,1.00
2016.01.08 16:15:21.093,1.71123,1.7114,1.82,1.00
2016.01.08 16:15:21.402,1.71123,1.71138,1.05,1.00
2016.01.08 16:15:21.953,1.71123,1.71132,1.05,1.00
2016.01.08 16:15:22.055,1.71117,1.71129,1.12,1.37
2016.01.08 16:15:22.728,1.71112,1.7113,1.35,1.50
2016.01.08 16:15:22.782,1.71112,1.7113,1.72,1.50
2016.01.08 16:15:23.240,1.71114,1.71127,1.20,1.12
2016.01.08 16:15:23.292,1.71111,1.71124,2.77,1.00
2016.01.08 16:15:23.445,1.71107,1.71122,2.40,1.50
2016.01.08 16:15:24.033,1.71107,1.71127,3.52,1.12
2016.01.08 16:15:24.135,1.71108,1.71123,1.22,1.00
2016.01.08 16:15:24.340,1.71108,1.71125,1.22,1.75
2016.01.08 16:15:24.802,1.71108,1.71125,1.22,1.75
2016.01.08 16:15:25.239,1.71108,1.71126,1.35,1.37
2016.01.08 16:15:25.760,1.71107,1.71123,1.72,1.00
2016.01.08 16:15:25.862,1.71104,1.71121,2.47,1.12
2016.01.08 16:15:26.068,1.71103,1.71117,2.17,1.00
2016.01.08 16:15:26.654,1.71102,1.71117,1.65,1.00
2016.01.08 16:15:26.758,1.711,1.71119,2.10,3.00
2016.01.08 16:15:26.861,1.71098,1.71117,3.60,2.25
2016.01.08 16:15:27.117,1.71096,1.71115,2.40,1.87
2016.01.08 16:15:27.168,1.71096,1.71112,2.40,1.12
2016.01.08 16:15:27.698,1.71095,1.71112,1.22,1.12
2016.01.08 16:15:27.749,1.71092,1.71109,1.15,1.12
2016.01.08 16:15:27.854,1.71092,1.71109,1.15,1.12
2016.01.08 16:15:28.007,1.71091,1.71109,1.35,1.87
2016.01.08 16:15:28.109,1.71091,1.7111,1.05,1.75
2016.01.08 16:15:28.211,1.71093,1.71112,1.67,1.87
2016.01.08 16:15:28.753,1.71096,1.7111,1.97,1.00
2016.01.08 16:15:28.804,1.71099,1.71117,1.62,1.87
2016.01.08 16:15:29.885,1.71106,1.71118,1.00,1.12
2016.01.08 16:15:30.191,1.7111,1.71123,1.00,1.87
2016.01.08 16:15:30.497,1.7111,1.71125,1.15,1.12
2016.01.08 16:15:31.279,1.7111,1.71128,2.85,1.75
2016.01.08 16:15:31.334,1.71114,1.71129,1.65,1.00
2016.01.08 16:15:31.742,1.71119,1.7113,1.00,1.00
2016.01.08 16:15:32.407,1.7112,1.71131,1.00,1.00
2016.01.08 16:15:32.970,1.71125,1.71135,1.00,1.12
2016.01.08 16:15:33.072,1.71126,1.71138,1.00,2.25
2016.01.08 16:15:33.175,1.71126,1.71139,1.00,1.12
2016.01.08 16:15:33.277,1.71129,1.71141,1.00,1.37
2016.01.08 16:15:33.689,1.7113,1.71143,1.00,1.00
2016.01.08 16:15:33.743,1.71133,1.71143,1.00,1.00
2016.01.08 16:15:34.052,1.71138,1.7115,1.00,1.12
2016.01.08 16:15:34.359,1.71142,1.71154,1.31,1.75
2016.01.08 16:15:34.903,1.71143,1.71156,1.00,1.12
2016.01.08 16:15:34.954,1.71144,1.71158,1.00,1.37
2016.01.08 16:15:35.310,1.71147,1.71157,1.00,1.37
2016.01.08 16:15:35.514,1.71148,1.71161,1.31,1.37
2016.01.08 16:15:36.103,1.71148,1.7116,1.23,1.12
2016.01.08 16:15:36.918,1.71148,1.71164,1.23,1.12
2016.01.08 16:15:36.970,1.71148,1.71164,1.23,1.37
2016.01.08 16:15:37.346,1.71148,1.71164,1.31,1.00
2016.01.08 16:15:37.397,1.71148,1.71162,1.31,1.00
2016.01.08 16:15:37.601,1.71149,1.71164,1.00,1.00
2016.01.08 16:15:37.906,1.71149,1.71166,1.23,1.12
2016.01.08 16:15:38.212,1.71152,1.71168,2.62,1.50
2016.01.08 16:15:38.749,1.71152,1.71165,1.12,1.00
2016.01.08 16:15:39.536,1.71151,1.71165,1.75,1.00
2016.01.08 16:15:40.136,1.71154,1.71171,1.20,1.12
2016.01.08 16:15:40.187,1.71156,1.71171,1.00,1.37
2016.01.08 16:15:40.391,1.71157,1.71174,1.00,2.32
2016.01.08 16:15:40.443,1.71162,1.71174,1.00,2.32
2016.01.08 16:15:40.649,1.71162,1.71177,1.00,1.12
2016.01.08 16:15:40.803,1.71164,1.71178,1.00,1.47
2016.01.08 16:15:41.180,1.71164,1.71179,1.12,1.00
2016.01.08 16:15:41.286,1.71169,1.71179,1.00,1.12
2016.01.08 16:15:41.338,1.71167,1.71181,1.00,1.12
2016.01.08 16:15:41.391,1.7117,1.71183,1.00,1.37
2016.01.08 16:15:41.442,1.7117,1.71184,1.00,1.00
2016.01.08 16:15:41.596,1.71168,1.71186,1.87,1.50
2016.01.08 16:15:41.648,1.71172,1.71186,1.00,1.50
2016.01.08 16:15:42.129,1.71172,1.71186,1.00,1.75
2016.01.08 16:15:42.191,1.71167,1.71183,1.57,1.12
2016.01.08 16:15:42.492,1.71167,1.71181,1.00,1.12
2016.01.08 16:15:42.900,1.71167,1.71181,1.00,1.37
2016.01.08 16:15:44.049,1.71164,1.71181,2.25,1.37
2016.01.08 16:15:44.151,1.71162,1.7118,1.20,1.37
2016.01.08 16:15:44.202,1.71161,1.71179,1.50,1.50
2016.01.08 16:15:44.254,1.7116,1.71177,1.87,1.75
2016.01.08 16:15:44.629,1.71158,1.71175,1.37,1.12
2016.01.08 16:15:44.680,1.71157,1.71175,1.10,1.12
2016.01.08 16:15:44.984,1.71157,1.71171,1.00,1.37
2016.01.08 16:15:45.290,1.7116,1.71172,1.00,1.00
2016.01.08 16:15:45.342,1.71158,1.71172,1.00,1.00
2016.01.08 16:15:46.577,1.71157,1.71176,1.10,1.75
2016.01.08 16:15:47.352,1.71159,1.71176,1.57,3.00
2016.01.08 16:15:47.608,1.71161,1.71175,1.00,1.00
2016.01.08 16:15:48.140,1.71161,1.71179,1.12,1.12
2016.01.08 16:15:48.651,1.71162,1.71179,1.10,1.12
2016.01.08 16:15:49.059,1.71163,1.71181,1.00,1.12
2016.01.08 16:15:50.112,1.71161,1.71181,1.87,1.12
2016.01.08 16:15:50.316,1.71161,1.71181,1.50,1.12
2016.01.08 16:15:50.742,1.71163,1.71181,1.50,1.87
2016.01.08 16:15:51.264,1.71163,1.7118,1.00,1.37
2016.01.08 16:15:51.418,1.71163,1.7118,1.37,1.00
2016.01.08 16:15:51.961,1.71164,1.71182,1.61,1.50
2016.01.08 16:15:52.413,1.71164,1.71182,1.61,1.12
2016.01.08 16:15:52.718,1.71164,1.71182,2.11,1.00
2016.01.08 16:15:53.940,1.71164,1.71182,2.86,1.12
2016.01.08 16:15:54.346,1.71169,1.71184,1.00,2.62
2016.01.08 16:15:55.033,1.71171,1.71188,1.75,1.12
2016.01.08 16:15:55.678,1.71173,1.71187,1.12,1.75
2016.01.08 16:15:55.886,1.71173,1.71187,1.12,1.50
2016.01.08 16:15:56.281,1.71172,1.71187,1.12,1.37
2016.01.08 16:15:56.587,1.71175,1.7119,1.50,1.50
2016.01.08 16:15:56.690,1.71175,1.71191,1.50,1.12
2016.01.08 16:15:57.200,1.71183,1.71193,1.00,1.20
2016.01.08 16:15:57.578,1.71181,1.71197,1.37,1.00
2016.01.08 16:15:58.090,1.7118,1.71197,1.12,1.12
2016.01.08 16:15:58.141,1.71178,1.71194,1.87,1.12
2016.01.08 16:15:58.854,1.71181,1.71195,1.00,1.12
2016.01.08 16:15:59.362,1.7118,1.71195,1.12,1.12
2016.01.08 16:15:59.875,1.71181,1.71196,1.00,1.12
2016.01.08 16:16:00.388,1.71182,1.71196,1.12,1.75
2016.01.08 16:16:00.592,1.71182,1.71196,1.12,1.00
2016.01.08 16:16:01.727,1.71181,1.71196,1.00,1.50
2016.01.08 16:16:01.779,1.71178,1.71196,2.25,1.50
2016.01.08 16:16:01.830,1.71178,1.71192,1.87,1.00
2016.01.08 16:16:02.187,1.7118,1.71194,1.00,1.12
2016.01.08 16:16:02.238,1.7118,1.71194,1.00,1.00
2016.01.08 16:16:03.065,1.71184,1.71197,1.12,1.00
2016.01.08 16:16:03.390,1.71187,1.71203,1.00,1.20
2016.01.08 16:16:03.910,1.71186,1.71203,1.50,1.20
2016.01.08 16:16:04.468,1.71186,1.71201,1.00,1.12
2016.01.08 16:16:05.372,1.71181,1.712,3.00,1.37
2016.01.08 16:16:05.655,1.71181,1.71197,1.12,1.50
2016.01.08 16:16:05.708,1.71177,1.71192,1.00,1.00
2016.01.08 16:16:06.329,1.71177,1.71193,1.00,1.75
2016.01.08 16:16:06.905,1.71177,1.71193,1.00,1.87
2016.01.08 16:16:07.277,1.71175,1.71193,1.00,1.75
2016.01.08 16:16:07.480,1.71172,1.7119,1.95,1.50
2016.01.08 16:16:07.531,1.71172,1.7119,1.57,1.87
2016.01.08 16:16:08.094,1.71162,1.71178,1.37,1.37
2016.01.08 16:16:08.399,1.71159,1.71176,1.37,1.27
2016.01.08 16:16:08.501,1.71161,1.71176,1.37,1.12
2016.01.08 16:16:08.553,1.71161,1.71176,1.12,1.12
2016.01.08 16:16:09.230,1.7116,1.71179,1.00,3.45
2016.01.08 16:16:09.334,1.71157,1.71174,1.12,1.75
2016.01.08 16:16:09.386,1.71157,1.71172,1.00,1.12
2016.01.08 16:16:09.691,1.71157,1.71172,1.00,1.00
2016.01.08 16:16:10.047,1.71159,1.71175,1.00,1.20
2016.01.08 16:16:10.577,1.7116,1.71177,1.20,2.25
2016.01.08 16:16:10.629,1.71162,1.7118,1.00,1.95
2016.01.08 16:16:10.733,1.71162,1.71178,1.00,1.37
2016.01.08 16:16:11.458,1.71159,1.71176,1.47,1.37
2016.01.08 16:16:11.875,1.71158,1.71173,1.00,1.57
2016.01.08 16:16:12.182,1.71156,1.7117,1.37,1.37
2016.01.08 16:16:12.966,1.71159,1.7117,1.00,1.37
2016.01.08 16:16:13.483,1.71156,1.7117,1.50,1.37
2016.01.08 16:16:14.013,1.71156,1.7117,1.00,1.37
2016.01.08 16:16:15.037,1.71159,1.7117,1.00,1.37
2016.01.08 16:16:15.088,1.71159,1.71174,1.00,1.95
2016.01.08 16:16:15.468,1.71162,1.71174,1.00,1.20
2016.01.08 16:16:15.571,1.71165,1.71176,1.00,1.50
2016.01.08 16:16:16.062,1.71169,1.71184,1.50,2.25
2016.01.08 16:16:16.119,1.71173,1.71187,1.50,1.37
2016.01.08 16:16:16.170,1.71171,1.71187,1.00,1.37
2016.01.08 16:16:16.222,1.71171,1.71187,1.00,1.12
2016.01.08 16:16:16.324,1.7117,1.71187,2.25,1.37
2016.01.08 16:16:16.578,1.7117,1.71187,1.00,1.37
2016.01.08 16:16:16.680,1.7117,1.71185,1.00,1.37
2016.01.08 16:16:16.731,1.71168,1.71184,1.00,1.12
2016.01.08 16:16:19.177,1.71168,1.71183,1.12,1.50
2016.01.08 16:16:20.192,1.71168,1.71183,1.37,1.00
2016.01.08 16:16:20.244,1.71169,1.71183,1.75,1.00
2016.01.08 16:16:20.554,1.71174,1.71187,1.00,1.50
2016.01.08 16:16:21.113,1.71173,1.71185,1.00,1.37
2016.01.08 16:16:21.165,1.71173,1.71185,1.00,1.00
2016.01.08 16:16:21.563,1.71169,1.71185,1.50,1.00
2016.01.08 16:16:21.615,1.71169,1.71184,1.00,1.12
2016.01.08 16:16:21.872,1.71162,1.71181,1.57,1.87
2016.01.08 16:16:21.923,1.71161,1.71178,1.87,1.37
2016.01.08 16:16:22.274,1.71158,1.71173,1.57,1.00
2016.01.08 16:16:22.785,1.71158,1.71173,1.57,3.00
2016.01.08 16:16:23.193,1.71158,1.71175,1.45,2.25
2016.01.08 16:16:23.346,1.71158,1.71175,1.95,3.00
2016.01.08 16:16:25.131,1.71163,1.71175,1.00,1.50
2016.01.08 16:16:25.662,1.71162,1.71175,1.00,1.37
2016.01.08 16:16:25.865,1.71159,1.71173,1.57,1.00
2016.01.08 16:16:26.779,1.71158,1.71166,1.07,1.37
2016.01.08 16:16:26.984,1.71151,1.71163,1.07,1.37
2016.01.08 16:16:27.086,1.71148,1.71163,1.10,1.37
2016.01.08 16:16:27.719,1.71145,1.71161,2.20,2.62
2016.01.08 16:16:29.168,1.71153,1.71161,1.70,1.12
2016.01.08 16:16:29.219,1.71157,1.71165,1.41,1.87
2016.01.08 16:16:29.271,1.71158,1.71167,1.90,1.75
2016.01.08 16:16:29.373,1.71166,1.71174,1.07,1.00
2016.01.08 16:16:29.425,1.71166,1.71178,1.07,1.50
2016.01.08 16:16:29.578,1.71167,1.71182,1.15,2.25
2016.01.08 16:16:29.884,1.71167,1.71178,1.07,1.00
2016.01.08 16:16:30.427,1.71166,1.7117,1.12,1.00
2016.01.08 16:16:30.478,1.71157,1.7117,1.52,1.12
2016.01.08 16:16:30.784,1.71155,1.7117,2.20,1.75
2016.01.08 16:16:30.990,1.71154,1.71168,2.27,1.00
2016.01.08 16:16:31.536,1.71154,1.71167,1.10,1.12
2016.01.08 16:16:31.689,1.71151,1.71166,1.95,1.50
2016.01.08 16:16:32.362,1.71151,1.71164,1.95,1.00
2016.01.08 16:16:32.878,1.7115,1.71164,2.25,1.00
2016.01.08 16:16:33.186,1.7115,1.71163,1.12,1.00
2016.01.08 16:16:33.390,1.71147,1.7116,1.12,1.37
2016.01.08 16:16:33.442,1.71145,1.71157,1.57,1.00
2016.01.08 16:16:33.646,1.71144,1.71159,1.44,1.00
2016.01.08 16:16:34.056,1.71143,1.71161,3.44,1.00
2016.01.08 16:16:34.514,1.71144,1.71159,2.32,1.00
2016.01.08 16:16:35.032,1.71143,1.71159,2.69,1.00
2016.01.08 16:16:35.620,1.71143,1.71157,3.07,1.00
2016.01.08 16:16:35.672,1.71143,1.71159,3.82,1.00
2016.01.08 16:16:35.870,1.71144,1.71161,1.94,1.00
2016.01.08 16:16:36.786,1.71146,1.71161,1.00,1.00
2016.01.08 16:16:37.311,1.71147,1.71161,1.00,1.50
2016.01.08 16:16:38.009,1.71147,1.71161,1.46,1.00
2016.01.08 16:16:38.111,1.71148,1.71163,1.00,1.12
2016.01.08 16:16:38.264,1.71149,1.71163,1.27,1.00
2016.01.08 16:16:38.603,1.71156,1.71163,1.37,1.00
2016.01.08 16:16:38.657,1.71156,1.7117,1.37,1.37
2016.01.08 16:16:38.709,1.71153,1.7117,3.89,1.00
2016.01.08 16:16:38.970,1.71151,1.71169,1.95,1.87
2016.01.08 16:16:39.275,1.71151,1.71166,1.45,1.00
2016.01.08 16:16:40.082,1.71152,1.71169,1.27,1.50
2016.01.08 16:16:40.387,1.71148,1.7116,1.64,1.00
2016.01.08 16:16:40.489,1.71145,1.71162,2.25,1.75
2016.01.08 16:16:40.540,1.71145,1.71162,1.82,1.37
2016.01.08 16:16:40.591,1.71147,1.71162,1.12,1.00
2016.01.08 16:16:40.745,1.71145,1.71162,1.82,1.00
2016.01.08 16:16:41.267,1.71145,1.71161,1.12,1.50
2016.01.08 16:16:41.677,1.71153,1.71166,1.00,1.50
2016.01.08 16:16:41.883,1.71153,1.71169,1.00,1.37
2016.01.08 16:16:42.296,1.71151,1.71169,1.20,1.00
2016.01.08 16:16:42.753,1.71156,1.71171,1.00,1.50
2016.01.08 16:16:42.805,1.71156,1.71171,1.37,1.00
2016.01.08 16:16:43.009,1.71161,1.71178,1.12,1.95
2016.01.08 16:16:43.706,1.71156,1.71173,1.10,1.37
2016.01.08 16:16:44.063,1.71155,1.71172,1.20,1.37
2016.01.08 16:16:44.419,1.71156,1.71173,1.20,1.87
2016.01.08 16:16:44.992,1.71161,1.71173,1.00,1.12
2016.01.08 16:16:46.272,1.71159,1.71178,1.37,3.15
2016.01.08 16:16:46.425,1.71158,1.71176,2.25,1.75
2016.01.08 16:16:46.528,1.7116,1.71178,1.12,2.02
2016.01.08 16:16:46.632,1.71161,1.71177,1.12,1.00
2016.01.08 16:16:47.023,1.71165,1.7118,1.00,1.37
2016.01.08 16:16:47.131,1.71164,1.71182,1.37,1.95
2016.01.08 16:16:47.448,1.71172,1.71184,1.00,2.25
2016.01.08 16:16:47.501,1.71171,1.71187,1.87,1.12
2016.01.08 16:16:47.807,1.71172,1.71187,1.00,1.00
2016.01.08 16:16:48.077,1.71168,1.71185,1.65,1.12
2016.01.08 16:16:48.546,1.71164,1.71181,1.50,1.37
2016.01.08 16:16:48.807,1.71166,1.71183,1.00,1.82
2016.01.08 16:16:49.317,1.71167,1.71184,1.00,1.87
2016.01.08 16:16:49.909,1.71165,1.7118,1.20,1.00
2016.01.08 16:16:50.265,1.71164,1.7118,1.87,1.00
2016.01.08 16:16:50.418,1.71169,1.71186,1.12,1.87
2016.01.08 16:16:50.469,1.7117,1.71186,1.00,1.50
2016.01.08 16:16:51.208,1.71167,1.71183,1.12,1.20
2016.01.08 16:16:51.261,1.71169,1.71186,1.12,2.70
2016.01.08 16:16:51.313,1.71169,1.71186,1.12,2.70
2016.01.08 16:16:51.823,1.71169,1.71186,1.87,1.00
2016.01.08 16:16:52.189,1.7117,1.71186,1.00,1.00
2016.01.08 16:16:52.240,1.71169,1.71186,1.87,1.00
2016.01.08 16:16:52.449,1.7117,1.71186,1.00,1.00
2016.01.08 16:16:52.500,1.7117,1.71186,1.00,1.50
2016.01.08 16:16:52.653,1.71166,1.71183,1.10,1.00
2016.01.08 16:16:52.704,1.71165,1.71183,1.00,1.87
2016.01.08 16:16:53.010,1.71156,1.71174,3.37,1.12
2016.01.08 16:16:53.511,1.71156,1.71176,1.95,2.70
2016.01.08 16:16:53.817,1.71156,1.7117,1.10,1.37
2016.01.08 16:16:54.122,1.71153,1.71168,1.12,1.50
2016.01.08 16:16:54.326,1.71151,1.71166,1.47,1.00
2016.01.08 16:16:54.953,1.71151,1.71165,1.47,1.00
2016.01.08 16:16:55.004,1.71151,1.71163,1.47,1.00
2016.01.08 16:16:55.311,1.71144,1.71159,1.20,1.75
2016.01.08 16:16:55.413,1.71142,1.71154,2.70,1.00
2016.01.08 16:16:55.792,1.7114,1.71154,1.50,1.50
2016.01.08 16:16:55.844,1.71135,1.7115,1.37,1.00
2016.01.08 16:16:56.163,1.71133,1.71153,2.62,2.25
2016.01.08 16:16:56.672,1.71135,1.71151,1.50,1.00
2016.01.08 16:16:56.998,1.71136,1.71153,1.00,1.12
2016.01.08 16:16:57.322,1.71136,1.71153,2.25,1.00
2016.01.08 16:16:57.679,1.71136,1.71155,2.32,1.50
2016.01.08 16:16:58.403,1.7114,1.71156,1.12,1.00
2016.01.08 16:16:59.013,1.71141,1.71158,2.62,1.37
2016.01.08 16:16:59.998,1.7114,1.71154,1.75,1.00
2016.01.08 16:17:00.509,1.7114,1.71154,1.37,1.12
2016.01.08 16:17:00.611,1.7114,1.71156,1.37,1.10
2016.01.08 16:17:00.663,1.71142,1.71157,1.50,1.95
2016.01.08 16:17:01.026,1.71139,1.71152,1.00,1.00
2016.01.08 16:17:01.281,1.71131,1.71149,1.12,1.20
2016.01.08 16:17:01.383,1.71133,1.71149,1.37,1.20
2016.01.08 16:17:01.691,1.71136,1.71149,1.50,1.12
2016.01.08 16:17:02.203,1.71135,1.7115,1.50,1.00
2016.01.08 16:17:02.305,1.71135,1.7115,1.87,1.00
2016.01.08 16:17:02.458,1.71135,1.71153,2.25,2.32
2016.01.08 16:17:02.510,1.71135,1.71153,2.25,2.32
2016.01.08 16:17:02.815,1.71138,1.71155,1.50,2.32
2016.01.08 16:17:03.235,1.71145,1.71158,1.00,1.00
2016.01.08 16:17:03.458,1.71145,1.71159,1.87,1.37
2016.01.08 16:17:03.713,1.71142,1.71158,1.65,1.12
2016.01.08 16:17:03.968,1.71142,1.71158,1.37,1.37
2016.01.08 16:17:04.517,1.7114,1.71156,1.50,1.12
2016.01.08 16:17:04.771,1.7114,1.71153,1.12,1.00
2016.01.08 16:17:05.128,1.71136,1.71152,1.87,1.00
2016.01.08 16:17:05.756,1.71134,1.71151,1.37,1.37
2016.01.08 16:17:06.062,1.71132,1.71147,1.12,1.00
2016.01.08 16:17:06.113,1.71131,1.71147,2.62,1.00
2016.01.08 16:17:06.164,1.71131,1.71143,1.12,1.00
2016.01.08 16:17:06.267,1.71128,1.71143,1.50,1.37
2016.01.08 16:17:06.474,1.71129,1.71141,1.50,1.00
2016.01.08 16:17:06.882,1.71135,1.7115,1.00,1.50
2016.01.08 16:17:07.239,1.71133,1.71146,1.37,1.00
2016.01.08 16:17:07.291,1.7113,1.71146,1.87,1.00
2016.01.08 16:17:07.446,1.7113,1.71146,1.00,1.00
2016.01.08 16:17:08.186,1.71132,1.71145,1.87,1.00
2016.01.08 16:17:08.291,1.71129,1.71145,1.87,1.00
2016.01.08 16:17:08.395,1.71129,1.71145,1.00,1.37
2016.01.08 16:17:09.109,1.71129,1.71142,1.00,1.12
2016.01.08 16:17:09.434,1.71128,1.71141,1.37,1.37
2016.01.08 16:17:09.485,1.71121,1.71138,1.20,1.50
2016.01.08 16:17:09.691,1.71118,1.71138,2.47,2.25
2016.01.08 16:17:09.793,1.71123,1.71138,1.50,1.12
2016.01.08 16:17:09.845,1.71123,1.71139,2.02,1.95
2016.01.08 16:17:09.998,1.71124,1.71139,1.87,1.12
2016.01.08 16:17:10.050,1.71124,1.71142,1.87,2.62
2016.01.08 16:17:10.473,1.71123,1.71139,1.87,1.12
2016.01.08 16:17:10.982,1.71123,1.7114,2.25,1.37
2016.01.08 16:17:11.557,1.71123,1.71138,1.87,1.00
2016.01.08 16:17:11.866,1.71123,1.71136,1.50,1.00
2016.01.08 16:17:11.917,1.7112,1.71136,1.75,1.50
2016.01.08 16:17:13.113,1.71121,1.71136,1.87,1.00
2016.01.08 16:17:13.167,1.71123,1.71139,1.50,1.75
2016.01.08 16:17:13.675,1.71119,1.71139,3.52,1.85
2016.01.08 16:17:14.379,1.71122,1.71139,1.50,1.57
2016.01.08 16:17:15.414,1.71127,1.7114,1.87,1.12
2016.01.08 16:17:15.971,1.71128,1.71144,2.25,2.62
2016.01.08 16:17:16.023,1.71128,1.71145,3.90,1.45
2016.01.08 16:17:19.278,1.71129,1.71143,1.00,1.37
2016.01.08 16:17:20.554,1.71126,1.71137,1.00,1.00
2016.01.08 16:17:21.770,1.71122,1.71137,1.75,1.00
2016.01.08 16:17:22.263,1.71124,1.7114,2.02,3.00
2016.01.08 16:17:22.417,1.71128,1.71142,1.50,1.10
2016.01.08 16:17:22.925,1.71125,1.71142,2.77,1.10
2016.01.08 16:17:23.447,1.71128,1.71142,1.00,1.10
2016.01.08 16:17:26.780,1.71125,1.71142,3.52,1.57
2016.01.08 16:17:27.601,1.71127,1.71142,2.02,1.10
2016.01.08 16:17:29.600,1.71126,1.71141,2.40,1.00
2016.01.08 16:17:30.692,1.71127,1.71141,1.65,1.00
2016.01.08 16:17:31.017,1.71135,1.71142,1.87,1.00
2016.01.08 16:17:31.070,1.71135,1.71149,1.87,1.75
2016.01.08 16:17:31.222,1.71138,1.71151,1.37,1.12
2016.01.08 16:17:31.477,1.71135,1.71152,1.87,1.75
2016.01.08 16:17:31.629,1.71139,1.71157,2.02,3.00
2016.01.08 16:17:31.964,1.71141,1.71157,1.12,2.62
2016.01.08 16:17:32.021,1.71141,1.71157,1.75,1.00
2016.01.08 16:17:32.280,1.71141,1.71155,1.75,1.00
2016.01.08 16:17:33.532,1.71144,1.71157,1.12,1.00
2016.01.08 16:17:34.881,1.71141,1.71157,1.37,1.87
2016.01.08 16:17:34.933,1.71138,1.71148,1.37,1.00
2016.01.08 16:17:35.138,1.71134,1.71147,1.27,1.00
2016.01.08 16:17:35.445,1.71134,1.71149,1.52,1.12
2016.01.08 16:17:35.966,1.71134,1.71151,2.77,1.00
2016.01.08 16:17:36.475,1.71135,1.71151,2.77,1.50
2016.01.08 16:17:37.384,1.71137,1.71151,2.02,1.50
2016.01.08 16:17:38.969,1.71137,1.71149,2.02,1.00
2016.01.08 16:17:39.020,1.71135,1.71149,2.02,1.00
2016.01.08 16:17:39.223,1.71133,1.71149,1.27,1.12
2016.01.08 16:17:39.979,1.71132,1.71146,1.27,1.37
2016.01.08 16:17:40.284,1.71133,1.71149,2.77,1.50
2016.01.08 16:17:40.538,1.71133,1.71147,1.52,1.12
2016.01.08 16:17:40.741,1.71132,1.71147,1.27,1.95
2016.01.08 16:17:41.475,1.71133,1.71145,2.40,1.37
2016.01.08 16:17:41.527,1.71133,1.71148,2.40,1.50
2016.01.08 16:17:41.834,1.71134,1.71151,2.77,1.47
2016.01.08 16:17:42.296,1.71134,1.71151,1.52,1.47
2016.01.08 16:17:42.585,1.71137,1.71151,1.15,1.47
2016.01.08 16:17:42.998,1.71136,1.71152,3.52,1.12
2016.01.08 16:17:43.049,1.71136,1.71151,4.27,1.00
2016.01.08 16:17:43.101,1.71138,1.71154,3.15,1.37
2016.01.08 16:17:43.152,1.71138,1.71154,3.15,1.00
2016.01.08 16:17:43.203,1.7114,1.71156,2.40,1.47
2016.01.08 16:17:43.255,1.7114,1.71156,2.40,1.10
2016.01.08 16:17:44.072,1.71141,1.71156,2.02,1.10
2016.01.08 16:17:44.583,1.71142,1.71159,2.25,2.25
2016.01.08 16:17:45.126,1.71143,1.71159,1.12,1.87
2016.01.08 16:17:45.232,1.71141,1.71158,2.62,1.57
2016.01.08 16:17:45.335,1.71142,1.71157,1.37,1.75
2016.01.08 16:17:45.844,1.71141,1.71158,1.12,3.37
2016.01.08 16:17:46.214,1.71138,1.71155,1.87,1.37
2016.01.08 16:17:46.722,1.71136,1.71152,1.37,1.37
2016.01.08 16:17:46.824,1.71136,1.71152,1.12,1.37
2016.01.08 16:17:47.476,1.71136,1.71152,1.12,1.87
2016.01.08 16:17:47.933,1.71139,1.71152,1.37,1.75
2016.01.08 16:17:48.137,1.7114,1.71155,1.50,1.50
2016.01.08 16:17:48.240,1.7114,1.71155,1.75,1.50
2016.01.08 16:17:49.282,1.71143,1.71155,1.12,1.00
2016.01.08 16:17:49.794,1.71143,1.71157,1.50,1.95
2016.01.08 16:17:50.400,1.71141,1.71157,1.12,1.82
2016.01.08 16:17:50.705,1.71141,1.71157,1.12,1.82
2016.01.08 16:17:51.214,1.7114,1.71158,1.87,1.85
2016.01.08 16:17:51.736,1.71144,1.71158,1.37,1.37
2016.01.08 16:17:52.351,1.71142,1.71158,1.87,1.57
2016.01.08 16:17:52.859,1.71142,1.71158,1.37,2.32
2016.01.08 16:17:53.654,1.71142,1.71158,1.75,1.57
2016.01.08 16:17:54.163,1.71145,1.71159,1.50,1.75
2016.01.08 16:17:54.637,1.71145,1.71159,1.75,1.95
2016.01.08 16:17:54.790,1.71147,1.71162,1.50,2.25
2016.01.08 16:17:54.841,1.71147,1.71162,2.62,1.87
2016.01.08 16:17:54.943,1.7115,1.71166,1.75,2.32
2016.01.08 16:17:54.995,1.7115,1.71163,1.75,2.25
2016.01.08 16:17:55.098,1.71153,1.71166,1.12,1.95
2016.01.08 16:17:55.697,1.71147,1.71159,1.12,1.12
2016.01.08 16:17:55.799,1.71147,1.71161,1.12,1.00
2016.01.08 16:17:57.149,1.71147,1.7116,1.12,1.00
2016.01.08 16:17:57.404,1.71147,1.71161,2.62,1.00
2016.01.08 16:17:57.609,1.71147,1.71163,3.37,1.10
2016.01.08 16:17:58.067,1.71149,1.71161,1.00,1.00
2016.01.08 16:17:58.386,1.71148,1.71164,1.50,2.70
2016.01.08 16:17:58.540,1.71148,1.71161,1.50,1.00
2016.01.08 16:17:58.845,1.71143,1.71154,1.75,1.00
2016.01.08 16:17:58.947,1.71141,1.71152,1.12,1.00
2016.01.08 16:17:59.523,1.71139,1.71152,1.12,1.00
2016.01.08 16:17:59.575,1.71139,1.71152,1.37,1.00
2016.01.08 16:17:59.833,1.71139,1.71153,1.12,1.00
2016.01.08 16:18:00.213,1.71138,1.71151,2.25,1.00
2016.01.08 16:18:00.507,1.71138,1.71153,1.75,1.50
2016.01.08 16:18:00.893,1.71136,1.71146,2.25,1.00
2016.01.08 16:18:00.945,1.71134,1.71146,2.25,1.00
2016.01.08 16:18:01.048,1.71134,1.71144,2.25,1.00
2016.01.08 16:18:01.303,1.71134,1.71146,2.25,1.12
2016.01.08 16:18:01.354,1.71136,1.71146,2.25,1.12
2016.01.08 16:18:01.456,1.71134,1.71146,2.25,1.00
2016.01.08 16:18:01.993,1.71133,1.71139,1.37,1.00
2016.01.08 16:18:02.045,1.71129,1.71137,1.00,1.00
2016.01.08 16:18:02.096,1.71129,1.71134,1.00,1.00
2016.01.08 16:18:02.250,1.7112,1.71128,1.00,1.37
2016.01.08 16:18:02.301,1.71114,1.71125,1.87,1.00
2016.01.08 16:18:02.454,1.71109,1.71116,1.00,1.00
2016.01.08 16:18:02.558,1.71102,1.71116,1.00,1.00
2016.01.08 16:18:02.665,1.711,1.71116,1.50,1.00
2016.01.08 16:18:02.768,1.711,1.71116,1.50,1.50
2016.01.08 16:18:03.095,1.71101,1.71118,2.25,1.65
2016.01.08 16:18:03.248,1.71103,1.71118,1.87,1.27
2016.01.08 16:18:03.604,1.71106,1.71119,1.00,1.00
2016.01.08 16:18:04.580,1.71108,1.71121,1.50,1.00
2016.01.08 16:18:04.938,1.71109,1.71123,1.50,1.37
2016.01.08 16:18:05.143,1.71111,1.71125,1.50,1.50
2016.01.08 16:18:05.762,1.7111,1.71125,1.37,1.50
2016.01.08 16:18:06.547,1.71108,1.71122,2.25,1.37
2016.01.08 16:18:07.654,1.71108,1.71122,2.62,1.37
2016.01.08 16:18:07.904,1.71108,1.71117,1.50,1.37
2016.01.08 16:18:07.956,1.711,1.71116,3.00,1.82
2016.01.08 16:18:08.007,1.711,1.71116,3.75,1.45
2016.01.08 16:18:08.059,1.71105,1.71114,1.12,1.00
2016.01.08 16:18:08.458,1.71098,1.71112,1.50,1.00
2016.01.08 16:18:08.509,1.71096,1.7111,2.25,1.00
2016.01.08 16:18:08.816,1.71092,1.71105,1.95,1.00
2016.01.08 16:18:08.869,1.71092,1.71105,1.07,1.00
2016.01.08 16:18:09.446,1.71089,1.71102,1.00,1.00
2016.01.08 16:18:09.498,1.71085,1.71094,1.00,1.00
2016.01.08 16:18:09.651,1.71081,1.71093,2.25,1.00
2016.01.08 16:18:09.702,1.71081,1.71091,1.50,1.00
2016.01.08 16:18:09.855,1.71078,1.7109,1.50,1.00
2016.01.08 16:18:10.210,1.71073,1.71087,1.75,1.00
2016.01.08 16:18:10.261,1.71073,1.71086,1.50,1.00
2016.01.08 16:18:10.726,1.71068,1.71085,4.12,1.00
2016.01.08 16:18:11.418,1.71068,1.71084,2.62,1.00
2016.01.08 16:18:12.120,1.71068,1.71084,1.37,1.87
2016.01.08 16:18:12.426,1.71059,1.71074,1.61,1.37
2016.01.08 16:18:12.477,1.71058,1.71072,1.71,1.00
2016.01.08 16:18:12.681,1.7106,1.71072,1.61,1.00
2016.01.08 16:18:13.253,1.71058,1.71071,1.61,1.00
2016.01.08 16:18:13.416,1.71059,1.71074,1.61,1.12
2016.01.08 16:18:13.467,1.71059,1.71073,2.11,1.00
2016.01.08 16:18:13.570,1.71059,1.71075,1.61,1.12
2016.01.08 16:18:13.622,1.71059,1.71072,1.61,1.00
2016.01.08 16:18:13.929,1.71058,1.71067,1.00,1.12
2016.01.08 16:18:13.980,1.71058,1.71065,1.00,1.00
2016.01.08 16:18:14.468,1.71052,1.71062,1.24,1.00
2016.01.08 16:18:14.570,1.71049,1.71062,1.32,1.87
2016.01.08 16:18:14.673,1.71045,1.71059,1.61,1.00
2016.01.08 16:18:14.930,1.71045,1.71061,1.61,1.12
2016.01.08 16:18:15.349,1.71046,1.71063,1.61,1.75
2016.01.08 16:18:15.401,1.71051,1.71066,1.36,1.50
2016.01.08 16:18:15.555,1.71052,1.71066,1.24,1.50
2016.01.08 16:18:15.985,1.71053,1.7107,1.34,2.32
2016.01.08 16:18:16.708,1.71055,1.7107,1.59,1.50
2016.01.08 16:18:16.759,1.71055,1.71069,1.59,1.00
2016.01.08 16:18:16.861,1.71053,1.71069,2.09,1.00
2016.01.08 16:18:17.069,1.71053,1.71069,1.59,1.75
2016.01.08 16:18:17.120,1.7105,1.71067,1.34,1.12
2016.01.08 16:18:17.171,1.71049,1.71064,2.17,1.00
2016.01.08 16:18:17.703,1.71054,1.71065,1.59,1.00
2016.01.08 16:18:17.754,1.71054,1.7107,1.59,1.37
2016.01.08 16:18:17.856,1.71061,1.71071,1.22,1.12
2016.01.08 16:18:17.959,1.71061,1.71076,1.59,1.00
2016.01.08 16:18:18.215,1.71063,1.71078,1.59,1.27
2016.01.08 16:18:18.420,1.71069,1.71082,1.26,1.12
2016.01.08 16:18:18.937,1.71065,1.71083,1.32,1.12
2016.01.08 16:18:19.191,1.71068,1.71083,1.20,1.00
2016.01.08 16:18:19.556,1.71068,1.71085,1.70,1.12
2016.01.08 16:18:20.211,1.71073,1.71088,1.20,1.00
2016.01.08 16:18:20.568,1.71071,1.71089,1.20,3.45
2016.01.08 16:18:20.825,1.7107,1.71086,1.00,1.37
2016.01.08 16:18:21.360,1.71063,1.7108,1.00,1.47
2016.01.08 16:18:21.667,1.71063,1.71078,1.00,1.57
2016.01.08 16:18:21.975,1.71058,1.71077,1.85,1.37
2016.01.08 16:18:22.027,1.71058,1.71076,1.00,2.25
2016.01.08 16:18:22.354,1.71054,1.71073,1.12,2.62
2016.01.08 16:18:22.405,1.71053,1.71071,1.37,1.12
2016.01.08 16:18:22.762,1.71053,1.71072,1.37,1.20
2016.01.08 16:18:23.068,1.71058,1.7107,1.00,1.75
2016.01.08 16:18:23.171,1.71058,1.71072,2.25,1.37
2016.01.08 16:18:23.499,1.71058,1.71072,1.00,1.00
2016.01.08 16:18:24.010,1.71056,1.71071,1.12,1.00
2016.01.08 16:18:24.264,1.71059,1.71076,1.00,1.75
2016.01.08 16:18:24.315,1.71058,1.71075,1.75,1.00
2016.01.08 16:18:24.621,1.7106,1.71073,1.87,1.00
2016.01.08 16:18:24.942,1.71055,1.71073,1.85,1.50
2016.01.08 16:18:25.044,1.71057,1.71073,1.12,1.00
2016.01.08 16:18:25.351,1.71056,1.71073,1.87,1.12
2016.01.08 16:18:25.403,1.7106,1.71075,1.37,1.12
2016.01.08 16:18:25.505,1.71064,1.71078,1.12,1.20
2016.01.08 16:18:26.055,1.71062,1.71077,1.37,1.00
2016.01.08 16:18:26.565,1.71061,1.71078,1.37,1.12
2016.01.08 16:18:26.921,1.71063,1.7108,1.12,1.37
2016.01.08 16:18:27.333,1.71062,1.7108,1.65,1.12
2016.01.08 16:18:27.384,1.71062,1.71077,1.65,1.00
2016.01.08 16:18:27.690,1.71061,1.71077,1.85,1.00
2016.01.08 16:18:28.981,1.71061,1.71074,1.47,1.00
2016.01.08 16:18:29.032,1.71061,1.71072,1.37,1.00
2016.01.08 16:18:29.236,1.71055,1.7107,1.20,1.00
2016.01.08 16:18:29.643,1.71053,1.71069,1.20,1.00
2016.01.08 16:18:30.136,1.71054,1.71071,1.65,1.00
2016.01.08 16:18:30.187,1.71055,1.71073,1.87,1.12
2016.01.08 16:18:30.239,1.71055,1.7107,1.87,1.00
2016.01.08 16:18:30.748,1.71055,1.71069,1.37,1.00
2016.01.08 16:18:32.585,1.71053,1.71066,1.75,1.00
2016.01.08 16:18:32.636,1.71053,1.71066,1.12,1.00
2016.01.08 16:18:34.398,1.71048,1.71057,2.62,1.00
2016.01.08 16:18:34.449,1.71043,1.71057,1.12,1.00
2016.01.08 16:18:34.805,1.71045,1.7106,1.12,1.00
2016.01.08 16:18:34.909,1.71043,1.71062,2.32,1.50
2016.01.08 16:18:35.012,1.71045,1.71059,1.12,1.00
2016.01.08 16:18:35.063,1.71045,1.71059,1.12,1.00
2016.01.08 16:18:35.165,1.71043,1.71059,1.20,1.00
2016.01.08 16:18:35.525,1.71041,1.71056,1.95,1.00
2016.01.08 16:18:35.932,1.7104,1.71056,1.20,1.75
2016.01.08 16:18:36.955,1.71038,1.71051,1.37,1.00
2016.01.08 16:18:37.518,1.71035,1.71048,1.20,1.00
2016.01.08 16:18:37.569,1.71034,1.71048,1.57,1.00
2016.01.08 16:18:37.773,1.71033,1.7105,1.87,1.12
2016.01.08 16:18:38.336,1.71032,1.7105,2.02,1.50
2016.01.08 16:18:38.489,1.71033,1.71045,1.00,1.00
2016.01.08 16:18:38.592,1.7103,1.71045,1.12,1.00
2016.01.08 16:18:38.847,1.71027,1.71042,1.12,1.00
2016.01.08 16:18:38.898,1.71025,1.7104,1.95,1.00
2016.01.08 16:18:39.196,1.71026,1.7104,1.10,1.75
2016.01.08 16:18:39.248,1.71023,1.71039,3.07,1.50
2016.01.08 16:18:39.452,1.71021,1.71038,1.87,1.00
2016.01.08 16:18:39.554,1.71021,1.71035,1.75,1.00
2016.01.08 16:18:39.606,1.71021,1.71037,1.75,1.00
2016.01.08 16:18:39.861,1.71024,1.71039,1.47,1.00
2016.01.08 16:18:39.964,1.71025,1.71042,2.25,1.00
2016.01.08 16:18:40.291,1.71028,1.71045,2.32,1.87
2016.01.08 16:18:40.817,1.71028,1.71044,1.85,1.00
2016.01.08 16:18:41.223,1.71031,1.71045,1.12,2.62
2016.01.08 16:18:41.632,1.71031,1.71047,1.12,1.87
2016.01.08 16:18:41.734,1.71032,1.71047,1.12,1.12
2016.01.08 16:18:41.989,1.71032,1.71047,1.12,1.12
2016.01.08 16:18:42.345,1.7103,1.71049,2.40,1.37
2016.01.08 16:18:43.070,1.71031,1.71049,1.37,1.12
2016.01.08 16:18:43.425,1.71032,1.7105,1.12,1.12
2016.01.08 16:18:43.683,1.71032,1.71053,2.32,2.62
2016.01.08 16:18:43.735,1.71032,1.71052,2.32,1.12
2016.01.08 16:18:44.227,1.71042,1.71057,1.87,1.57
2016.01.08 16:18:44.279,1.71046,1.71063,1.00,1.00
2016.01.08 16:18:44.380,1.71048,1.71065,1.00,1.95
2016.01.08 16:18:44.889,1.71049,1.71065,1.00,1.37
2016.01.08 16:18:45.917,1.71052,1.71069,1.12,2.25
2016.01.08 16:18:46.230,1.71054,1.71073,1.37,1.12
2016.01.08 16:18:46.333,1.71056,1.71073,1.12,1.37
2016.01.08 16:18:46.385,1.71058,1.71074,1.37,1.87
2016.01.08 16:18:46.589,1.71058,1.71073,1.12,1.12
2016.01.08 16:18:46.917,1.71064,1.71077,1.00,1.37
2016.01.08 16:18:47.280,1.71065,1.71079,1.00,1.20
2016.01.08 16:18:47.484,1.71069,1.7108,1.00,1.37
2016.01.08 16:18:47.639,1.71072,1.71085,1.00,1.00
2016.01.08 16:18:48.037,1.71074,1.71088,1.00,1.00
2016.01.08 16:18:48.546,1.71074,1.71091,1.00,1.87
2016.01.08 16:18:49.229,1.71072,1.71091,1.37,1.87
2016.01.08 16:18:49.744,1.71071,1.7109,1.75,1.10
2016.01.08 16:18:50.049,1.71072,1.71089,1.00,1.00
2016.01.08 16:18:50.662,1.71071,1.71089,1.00,1.20
2016.01.08 16:18:50.713,1.7107,1.71086,1.00,1.00
2016.01.08 16:18:51.428,1.71067,1.71083,1.12,1.00
2016.01.08 16:18:51.479,1.71067,1.71083,1.00,1.00
2016.01.08 16:18:51.531,1.71067,1.71081,1.00,1.00
2016.01.08 16:18:51.856,1.71066,1.71084,1.37,1.12
2016.01.08 16:18:52.009,1.71067,1.71079,2.62,1.00
2016.01.08 16:18:52.060,1.71067,1.71084,2.25,1.57
2016.01.08 16:18:52.163,1.71061,1.71081,1.87,1.45
2016.01.08 16:18:52.470,1.71059,1.71075,1.37,1.37
2016.01.08 16:18:52.829,1.71057,1.71076,1.20,1.67
2016.01.08 16:18:52.933,1.71056,1.71075,1.12,1.80
2016.01.08 16:18:53.440,1.71054,1.71075,1.27,1.50
2016.01.08 16:18:54.260,1.71056,1.71076,1.87,2.32
2016.01.08 16:18:54.414,1.71059,1.71077,1.00,1.95
2016.01.08 16:18:54.772,1.71058,1.71078,1.87,3.37
2016.01.08 16:18:54.928,1.71061,1.7108,1.37,2.62
2016.01.08 16:18:55.083,1.71063,1.71081,1.75,1.65
2016.01.08 16:18:55.528,1.71063,1.71081,1.75,1.20
2016.01.08 16:18:56.052,1.71063,1.71082,1.87,2.25
2016.01.08 16:18:56.154,1.71063,1.71081,1.37,1.12
2016.01.08 16:18:56.707,1.71062,1.71081,1.50,1.87
2016.01.08 16:18:57.014,1.71065,1.71081,1.00,1.00
2016.01.08 16:18:57.371,1.71062,1.71081,1.57,1.75
2016.01.08 16:18:57.990,1.71062,1.7108,1.57,1.00
2016.01.08 16:18:58.297,1.71067,1.71085,1.07,1.75
2016.01.08 16:18:58.399,1.71068,1.71087,1.57,1.50
2016.01.08 16:18:58.653,1.71068,1.71087,1.57,2.25
2016.01.08 16:18:58.704,1.71068,1.71085,1.10,1.00
2016.01.08 16:19:00.150,1.71067,1.71085,1.45,1.00
2016.01.08 16:19:00.202,1.7107,1.71087,1.12,1.00
2016.01.08 16:19:00.735,1.7107,1.71087,1.27,1.37
2016.01.08 16:19:01.345,1.71069,1.71087,1.82,1.87
2016.01.08 16:19:01.448,1.71067,1.71083,1.57,1.00
2016.01.08 16:19:01.767,1.71064,1.71082,1.10,1.12
2016.01.08 16:19:02.074,1.71067,1.71083,1.00,1.37
2016.01.08 16:19:02.178,1.71069,1.71085,1.00,1.00
2016.01.08 16:19:02.229,1.71071,1.71087,1.00,1.50
2016.01.08 16:19:02.281,1.71071,1.71088,1.12,1.12
2016.01.08 16:19:02.536,1.71075,1.71089,1.00,3.15
2016.01.08 16:19:03.209,1.71075,1.71089,1.37,1.37
2016.01.08 16:19:03.725,1.71075,1.71091,1.00,1.20
2016.01.08 16:19:03.879,1.71075,1.71091,1.00,1.47
2016.01.08 16:19:04.408,1.71077,1.71092,1.00,1.37
2016.01.08 16:19:04.714,1.71079,1.71095,1.50,1.50
2016.01.08 16:19:05.020,1.71081,1.71098,1.20,1.12
2016.01.08 16:19:05.385,1.71081,1.711,1.95,1.95
2016.01.08 16:19:05.437,1.71086,1.71101,1.00,1.50
2016.01.08 16:19:05.488,1.71088,1.71104,1.00,1.57
2016.01.08 16:19:05.794,1.71087,1.71104,1.20,1.75
2016.01.08 16:19:07.404,1.71087,1.71104,1.20,1.12
2016.01.08 16:19:07.874,1.71089,1.71107,1.50,1.75
2016.01.08 16:19:07.925,1.71092,1.71108,1.00,1.75
2016.01.08 16:19:08.129,1.71092,1.71109,1.00,1.12
2016.01.08 16:19:08.180,1.71094,1.71109,1.37,1.00
2016.01.08 16:19:08.333,1.71094,1.71111,1.47,1.00
2016.01.08 16:19:08.961,1.71094,1.71111,1.10,1.00
2016.01.08 16:19:09.269,1.71096,1.71111,1.00,1.00
2016.01.08 16:19:10.201,1.71096,1.71113,1.12,1.57
2016.01.08 16:19:10.710,1.71096,1.71113,1.12,1.95
2016.01.08 16:19:11.970,1.71096,1.71113,1.12,1.57
2016.01.08 16:19:12.531,1.71102,1.71113,1.00,1.87
2016.01.08 16:19:12.824,1.71103,1.71121,1.12,1.00
2016.01.08 16:19:13.028,1.71104,1.71123,1.20,1.57
2016.01.08 16:19:14.863,1.71103,1.71123,2.25,1.95
2016.01.08 16:19:15.075,1.71103,1.71119,1.87,1.75
2016.01.08 16:19:15.126,1.71099,1.71116,1.37,1.57
2016.01.08 16:19:15.474,1.71096,1.71115,1.37,1.57
2016.01.08 16:19:15.526,1.71096,1.71115,1.12,1.47
2016.01.08 16:19:15.985,1.711,1.71116,1.50,1.20
2016.01.08 16:19:16.087,1.711,1.71118,1.87,1.95
2016.01.08 16:19:16.138,1.71106,1.7112,1.00,1.95
2016.01.08 16:19:16.343,1.711,1.71119,1.85,1.57
2016.01.08 16:19:16.670,1.71098,1.71116,1.75,2.25
2016.01.08 16:19:16.979,1.711,1.71115,1.00,3.00
2016.01.08 16:19:17.299,1.711,1.71113,1.00,1.57
2016.01.08 16:19:17.756,1.71103,1.71116,2.02,1.12
2016.01.08 16:19:17.858,1.71109,1.71124,1.00,1.50
2016.01.08 16:19:18.317,1.71112,1.71122,1.00,1.00
2016.01.08 16:19:19.373,1.71112,1.71123,1.00,1.50
2016.01.08 16:19:19.902,1.71112,1.71124,1.00,1.87
2016.01.08 16:19:20.213,1.71108,1.71123,1.00,1.87
2016.01.08 16:19:20.586,1.71104,1.71119,1.00,1.20
2016.01.08 16:19:20.638,1.71104,1.71117,1.00,1.85
2016.01.08 16:19:20.944,1.71102,1.71115,1.00,1.00
2016.01.08 16:19:21.097,1.71102,1.71114,1.00,1.37
2016.01.08 16:19:21.726,1.71102,1.71115,1.00,2.25
2016.01.08 16:19:22.397,1.71102,1.71114,1.00,1.50
2016.01.08 16:19:22.687,1.71102,1.71116,1.00,1.12
2016.01.08 16:19:22.739,1.71108,1.71118,1.00,1.37
2016.01.08 16:19:22.790,1.71108,1.71123,1.00,2.25
2016.01.08 16:19:22.842,1.71108,1.71123,1.50,1.50
2016.01.08 16:19:23.279,1.71108,1.71122,1.00,1.57
2016.01.08 16:19:23.330,1.71104,1.71122,1.75,1.47
2016.01.08 16:19:23.381,1.71104,1.71119,1.75,1.12
2016.01.08 16:19:23.433,1.71104,1.71119,1.00,1.75
2016.01.08 16:19:23.484,1.711,1.71114,2.25,1.00
2016.01.08 16:19:23.791,1.71099,1.71109,1.00,1.37
2016.01.08 16:19:24.213,1.71097,1.7111,1.00,1.00
2016.01.08 16:19:24.467,1.71101,1.71111,1.00,1.95
2016.01.08 16:19:24.774,1.71099,1.71111,1.00,1.37
2016.01.08 16:19:25.392,1.71098,1.71111,1.00,1.37
2016.01.08 16:19:25.910,1.71098,1.71111,1.00,1.50
2016.01.08 16:19:26.418,1.71099,1.71112,1.00,2.70
2016.01.08 16:19:27.007,1.71101,1.71112,1.00,1.37
2016.01.08 16:19:27.167,1.71099,1.71114,1.00,1.20
2016.01.08 16:19:27.270,1.71099,1.71113,1.00,1.95
2016.01.08 16:19:27.821,1.71099,1.71112,1.00,1.87
2016.01.08 16:19:28.352,1.71099,1.71111,1.00,1.00
2016.01.08 16:19:28.557,1.71095,1.7111,1.12,1.50
2016.01.08 16:19:28.660,1.71093,1.71108,1.00,1.87
2016.01.08 16:19:29.201,1.71091,1.71102,1.00,1.00
2016.01.08 16:19:29.711,1.71094,1.71104,1.00,1.37
2016.01.08 16:19:30.407,1.71095,1.71108,1.00,1.00
2016.01.08 16:19:30.905,1.71097,1.71109,1.00,1.50
2016.01.08 16:19:31.413,1.71097,1.7111,1.00,1.95
2016.01.08 16:19:32.195,1.71097,1.71109,1.00,1.00
2016.01.08 16:19:32.602,1.71101,1.71112,1.00,1.12
2016.01.08 16:19:32.653,1.71101,1.71113,1.00,1.95
2016.01.08 16:19:33.136,1.71102,1.71116,1.37,1.50
2016.01.08 16:19:33.239,1.71108,1.71121,1.00,3.00
2016.01.08 16:19:33.696,1.71108,1.71119,1.00,1.12
2016.01.08 16:19:34.171,1.71109,1.7112,1.00,1.12
2016.01.08 16:19:34.223,1.71106,1.7112,1.00,1.12
2016.01.08 16:19:34.379,1.71102,1.71119,1.12,2.12
2016.01.08 16:19:34.686,1.71102,1.71113,1.00,1.12
2016.01.08 16:19:35.618,1.71102,1.71112,1.00,1.37
2016.01.08 16:19:35.669,1.71104,1.71112,1.00,1.37
2016.01.08 16:19:35.773,1.71104,1.71116,1.00,1.12
2016.01.08 16:19:36.080,1.71102,1.71114,1.00,1.00
2016.01.08 16:19:36.183,1.71102,1.71114,1.00,1.12
2016.01.08 16:19:37.079,1.711,1.71113,1.00,1.12
2016.01.08 16:19:37.182,1.71098,1.71113,1.00,1.12
2016.01.08 16:19:37.234,1.71098,1.71111,1.00,1.87
2016.01.08 16:19:37.727,1.71096,1.71106,1.00,1.37
2016.01.08 16:19:38.034,1.711,1.71109,1.00,1.12
2016.01.08 16:19:38.086,1.711,1.71109,1.00,1.00
2016.01.08 16:19:38.342,1.71097,1.71109,1.12,1.00
2016.01.08 16:19:38.876,1.71098,1.7111,1.00,1.37
2016.01.08 16:19:39.537,1.711,1.7111,1.00,1.37
2016.01.08 16:19:39.843,1.71105,1.71114,1.00,1.82
2016.01.08 16:19:40.165,1.71116,1.71128,1.00,1.45
2016.01.08 16:19:40.267,1.71119,1.71128,1.00,1.45
2016.01.08 16:19:40.522,1.71122,1.71133,1.00,2.32
2016.01.08 16:19:40.624,1.71124,1.71132,1.00,1.37
2016.01.08 16:19:40.675,1.71122,1.71132,1.00,1.37
2016.01.08 16:19:40.880,1.71124,1.71133,1.00,1.50
2016.01.08 16:19:41.197,1.71121,1.71132,1.00,1.37
2016.01.08 16:19:41.654,1.71119,1.71132,1.00,1.12
2016.01.08 16:19:42.427,1.71116,1.71128,1.00,1.37
2016.01.08 16:19:42.734,1.71109,1.71123,1.37,2.62
2016.01.08 16:19:42.785,1.71109,1.71123,1.37,1.12
2016.01.08 16:19:43.830,1.71096,1.71113,1.75,2.62
2016.01.08 16:19:43.882,1.71095,1.71111,1.12,1.00
2016.01.08 16:19:43.933,1.71093,1.7111,1.82,1.00
2016.01.08 16:19:43.985,1.71092,1.7111,1.87,1.75
2016.01.08 16:19:44.036,1.71091,1.7111,2.10,1.75
2016.01.08 16:19:44.546,1.7109,1.71108,1.80,1.12
2016.01.08 16:19:44.943,1.71103,1.71109,1.75,1.57
2016.01.08 16:19:45.045,1.71109,1.71121,1.45,3.00
2016.01.08 16:19:45.097,1.71109,1.71121,1.45,1.00
2016.01.08 16:19:45.199,1.7111,1.71127,1.47,1.75
2016.01.08 16:19:45.251,1.71113,1.71127,1.75,1.75
2016.01.08 16:19:46.135,1.71112,1.71128,1.12,1.75
2016.01.08 16:19:46.696,1.71112,1.71128,1.50,1.00
2016.01.08 16:19:46.798,1.71113,1.71126,1.95,1.00
2016.01.08 16:19:47.164,1.71117,1.71133,1.37,2.25
2016.01.08 16:19:47.216,1.71116,1.71134,1.20,1.12
2016.01.08 16:19:48.300,1.71118,1.71133,1.00,1.75
2016.01.08 16:19:48.770,1.71118,1.71133,1.00,1.12
2016.01.08 16:19:49.227,1.71118,1.71134,1.00,1.12
2016.01.08 16:19:49.436,1.71118,1.71134,1.00,1.37
2016.01.08 16:19:49.487,1.71118,1.71134,1.00,1.37
2016.01.08 16:19:50.119,1.71118,1.71133,1.00,1.75
2016.01.08 16:19:50.526,1.71116,1.71134,1.12,1.87
2016.01.08 16:19:50.628,1.71116,1.71132,1.95,1.00
2016.01.08 16:19:51.626,1.71118,1.71132,1.37,1.00
2016.01.08 16:19:53.282,1.7112,1.71132,1.75,1.00
2016.01.08 16:19:53.334,1.7112,1.71136,1.75,1.12
2016.01.08 16:19:53.385,1.7112,1.71136,1.00,1.12
2016.01.08 16:19:53.539,1.71118,1.71135,1.50,1.75
2016.01.08 16:19:54.068,1.71116,1.71132,1.20,1.12
2016.01.08 16:19:54.119,1.71116,1.71128,1.47,1.50
2016.01.08 16:19:54.170,1.71113,1.71123,1.12,1.00
2016.01.08 16:19:54.273,1.71111,1.71118,1.00,1.00
2016.01.08 16:19:54.324,1.71106,1.71118,1.50,1.00
2016.01.08 16:19:54.376,1.71104,1.71118,1.00,1.00
2016.01.08 16:19:54.580,1.71102,1.71121,2.62,1.12
2016.01.08 16:19:55.018,1.71104,1.71121,1.75,2.25
2016.01.08 16:19:55.390,1.71103,1.71121,1.95,3.75
2016.01.08 16:19:55.441,1.71103,1.7112,1.95,2.25
2016.01.08 16:19:55.594,1.71102,1.71119,2.32,1.75
2016.01.08 16:19:55.696,1.71102,1.71119,2.70,1.75
2016.01.08 16:19:55.956,1.71102,1.71119,2.70,1.75
2016.01.08 16:19:56.109,1.71102,1.71119,2.70,1.75
2016.01.08 16:19:56.646,1.71102,1.71119,1.57,1.75
2016.01.08 16:19:56.950,1.71102,1.71119,1.95,1.75
2016.01.08 16:19:57.458,1.71099,1.71115,2.20,1.50
2016.01.08 16:19:57.831,1.71099,1.71113,1.00,1.75
2016.01.08 16:19:58.188,1.71096,1.71109,1.77,1.12
2016.01.08 16:19:58.239,1.71096,1.71109,1.12,1.75
2016.01.08 16:19:58.341,1.71093,1.71109,2.97,1.75
2016.01.08 16:19:58.697,1.71093,1.71104,1.77,1.00
2016.01.08 16:19:59.386,1.71087,1.711,1.87,2.25
2016.01.08 16:19:59.443,1.71082,1.71095,1.87,1.00
2016.01.08 16:19:59.495,1.71082,1.71093,1.37,1.00
2016.01.08 16:19:59.546,1.7108,1.71092,2.32,1.00
2016.01.08 16:19:59.598,1.7108,1.71089,1.37,1.00
2016.01.08 16:19:59.650,1.71075,1.71089,1.50,1.50
2016.01.08 16:19:59.854,1.71073,1.71087,1.50,1.12
2016.01.08 16:20:00.059,1.71071,1.71086,1.50,1.50
2016.01.08 16:20:00.110,1.71071,1.71086,1.50,1.50
2016.01.08 16:20:00.488,1.71069,1.71086,2.32,1.50
2016.01.08 16:20:00.540,1.7107,1.71084,1.50,1.75
2016.01.08 16:20:00.644,1.71069,1.71084,1.00,1.37
2016.01.08 16:20:01.557,1.71066,1.71084,1.50,3.00
2016.01.08 16:20:01.863,1.71063,1.71077,1.82,1.00
2016.01.08 16:20:01.967,1.71063,1.71077,1.57,1.00
2016.01.08 16:20:02.171,1.71062,1.71075,1.12,1.00
2016.01.08 16:20:02.274,1.7106,1.71072,1.37,1.00
2016.01.08 16:20:02.622,1.71058,1.7107,1.00,1.00
2016.01.08 16:20:02.775,1.71053,1.71069,1.95,1.37
2016.01.08 16:20:03.158,1.71053,1.71068,1.37,1.20
2016.01.08 16:20:03.260,1.71053,1.71063,1.37,1.00
2016.01.08 16:20:03.853,1.71043,1.7106,1.85,1.75
2016.01.08 16:20:03.956,1.71043,1.7106,1.85,1.50
2016.01.08 16:20:04.159,1.71043,1.7106,1.85,1.87
2016.01.08 16:20:04.464,1.71042,1.71058,2.62,1.75
2016.01.08 16:20:04.516,1.71042,1.71058,1.37,1.75
2016.01.08 16:20:04.954,1.71045,1.7106,1.00,1.95
2016.01.08 16:20:05.056,1.71043,1.7106,1.12,1.47
2016.01.08 16:20:05.158,1.71043,1.71061,1.50,1.95
2016.01.08 16:20:05.468,1.71042,1.71061,3.00,1.95
2016.01.08 16:20:05.723,1.71042,1.71059,1.57,1.12
2016.01.08 16:20:06.146,1.71042,1.71057,1.00,1.00
2016.01.08 16:20:06.456,1.71038,1.71055,1.50,1.12
2016.01.08 16:20:06.762,1.71036,1.71054,1.37,3.07
2016.01.08 16:20:07.386,1.71034,1.7105,1.95,1.37
2016.01.08 16:20:07.438,1.71037,1.71054,1.00,1.82
2016.01.08 16:20:07.489,1.71037,1.71054,1.12,1.12
2016.01.08 16:20:07.693,1.71041,1.71055,1.00,1.00
2016.01.08 16:20:08.662,1.71042,1.71055,1.00,1.00
2016.01.08 16:20:08.816,1.71042,1.71058,1.00,1.37
2016.01.08 16:20:09.071,1.71045,1.71058,1.00,1.37
2016.01.08 16:20:09.552,1.71063,1.71068,1.12,1.37
2016.01.08 16:20:09.604,1.71065,1.71075,1.00,1.00
2016.01.08 16:20:09.757,1.71067,1.71082,1.37,1.12
2016.01.08 16:20:09.859,1.7107,1.71085,1.37,3.37
2016.01.08 16:20:10.012,1.71073,1.71086,1.57,1.00
2016.01.08 16:20:10.115,1.71077,1.71086,1.00,1.00
2016.01.08 16:20:10.217,1.71077,1.71092,1.00,1.75
2016.01.08 16:20:10.986,1.71077,1.71091,1.87,1.37
2016.01.08 16:20:11.801,1.71073,1.71088,1.95,1.12
2016.01.08 16:20:12.005,1.71072,1.71088,3.00,1.00
2016.01.08 16:20:12.208,1.71073,1.71088,1.37,1.37
2016.01.08 16:20:12.513,1.7107,1.71087,1.37,1.95
2016.01.08 16:20:12.615,1.7107,1.71086,1.00,1.12
2016.01.08 16:20:12.717,1.7107,1.71087,1.00,3.07
2016.01.08 16:20:13.255,1.71069,1.71085,1.12,1.10
2016.01.08 16:20:13.509,1.71067,1.7108,1.75,1.00
2016.01.08 16:20:13.611,1.71063,1.71082,1.85,1.37
2016.01.08 16:20:13.713,1.71064,1.71079,1.00,1.37
2016.01.08 16:20:14.095,1.7106,1.71073,1.12,1.37
2016.01.08 16:20:14.285,1.71058,1.71073,1.37,1.12
2016.01.08 16:20:14.409,1.71056,1.71072,1.85,1.00
2016.01.08 16:20:14.971,1.71054,1.71071,1.75,1.10
2016.01.08 16:20:15.022,1.71053,1.7107,1.85,1.87
2016.01.08 16:20:15.771,1.71047,1.71065,2.25,1.57
2016.01.08 16:20:15.926,1.71047,1.71062,1.12,1.95
2016.01.08 16:20:16.385,1.71043,1.71061,1.87,1.45
2016.01.08 16:20:17.210,1.71041,1.71058,1.87,1.95
2016.01.08 16:20:17.365,1.71039,1.71058,2.25,2.70
2016.01.08 16:20:17.521,1.71038,1.71053,1.37,1.95
2016.01.08 16:20:18.013,1.71041,1.71054,1.37,1.12
2016.01.08 16:20:18.065,1.71041,1.71057,1.37,3.00
2016.01.08 16:20:18.373,1.7104,1.71058,1.37,1.47
2016.01.08 16:20:18.630,1.7104,1.71057,1.37,1.87
2016.01.08 16:20:19.154,1.71043,1.7106,1.87,1.20
2016.01.08 16:20:19.461,1.71044,1.71061,1.75,1.47
2016.01.08 16:20:19.513,1.71048,1.71063,1.12,1.87
2016.01.08 16:20:19.717,1.71047,1.71064,1.00,1.65
2016.01.08 16:20:19.818,1.7105,1.71065,1.00,1.45
2016.01.08 16:20:20.304,1.71058,1.71073,1.50,1.00
2016.01.08 16:20:20.357,1.71055,1.71074,1.95,3.07
2016.01.08 16:20:20.614,1.71049,1.71066,1.00,2.70
2016.01.08 16:20:20.717,1.71046,1.71061,1.37,1.37
2016.01.08 16:20:21.289,1.71047,1.7106,1.00,1.37
2016.01.08 16:20:21.597,1.71042,1.7106,1.37,1.95
2016.01.08 16:20:22.604,1.71044,1.71059,1.37,1.12
2016.01.08 16:20:22.655,1.71044,1.71059,1.37,1.10
2016.01.08 16:20:22.757,1.71044,1.7106,1.50,1.45
2016.01.08 16:20:24.284,1.71045,1.71062,1.37,2.25
2016.01.08 16:20:24.817,1.71045,1.71062,1.37,1.50
2016.01.08 16:20:25.268,1.71043,1.71062,2.25,2.25
2016.01.08 16:20:25.320,1.71043,1.7106,1.12,1.50
2016.01.08 16:20:25.527,1.71039,1.71058,1.50,2.25
2016.01.08 16:20:25.681,1.71039,1.71057,1.00,1.45
2016.01.08 16:20:26.202,1.71049,1.71065,1.00,2.25
2016.01.08 16:20:26.559,1.71044,1.71062,1.37,1.00
2016.01.08 16:20:26.610,1.71044,1.71058,1.37,1.00
2016.01.08 16:20:26.662,1.7104,1.71058,2.62,1.50
2016.01.08 16:20:27.220,1.71039,1.71058,2.62,2.25
2016.01.08 16:20:28.042,1.71042,1.71058,1.00,1.87
2016.01.08 16:20:29.259,1.7104,1.71056,1.00,1.87
2016.01.08 16:20:29.567,1.71034,1.71051,1.75,1.57
2016.01.08 16:20:29.920,1.71031,1.71049,1.00,1.27
2016.01.08 16:20:30.327,1.71034,1.7105,1.00,1.50
2016.01.08 16:20:30.836,1.71034,1.7105,1.00,1.20
2016.01.08 16:20:31.521,1.71036,1.7105,1.00,1.20
2016.01.08 16:20:31.828,1.71038,1.71052,1.00,1.00
2016.01.08 16:20:32.137,1.71042,1.71055,1.00,1.12
2016.01.08 16:20:32.341,1.71042,1.71057,1.00,2.32
2016.01.08 16:20:32.393,1.7104,1.71057,1.00,2.32
2016.01.08 16:20:32.912,1.7104,1.71056,1.00,1.50
2016.01.08 16:20:33.424,1.7104,1.71055,1.00,1.20
2016.01.08 16:20:34.957,1.7104,1.71055,1.12,1.10
2016.01.08 16:20:35.926,1.71042,1.71056,1.00,1.12
2016.01.08 16:20:35.977,1.7104,1.71054,1.00,1.00
2016.01.08 16:20:36.079,1.71037,1.71054,1.12,1.50
2016.01.08 16:20:36.233,1.71038,1.71054,1.00,3.37
2016.01.08 16:20:36.335,1.71035,1.71054,1.50,2.62
2016.01.08 16:20:36.869,1.71034,1.7105,1.00,2.25
2016.01.08 16:20:38.932,1.7104,1.7105,1.00,1.20
2016.01.08 16:20:39.084,1.71042,1.71055,1.50,1.12
2016.01.08 16:20:39.135,1.71042,1.71056,1.50,1.37
2016.01.08 16:20:39.969,1.71042,1.71059,1.87,1.20
2016.01.08 16:20:40.480,1.71042,1.71058,1.50,1.00
2016.01.08 16:20:41.256,1.71042,1.7106,1.50,1.82
2016.01.08 16:20:41.766,1.71044,1.71058,1.00,1.00
2016.01.08 16:20:42.071,1.71043,1.71058,2.25,1.00
2016.01.08 16:20:42.467,1.71044,1.7106,1.00,1.57
2016.01.08 16:20:42.518,1.71046,1.7106,1.00,1.57
2016.01.08 16:20:42.776,1.71049,1.71065,1.12,1.20
2016.01.08 16:20:42.879,1.71052,1.71066,1.00,1.50
2016.01.08 16:20:43.084,1.71051,1.71066,1.12,1.00
2016.01.08 16:20:43.337,1.71049,1.71065,1.00,1.12
2016.01.08 16:20:43.661,1.71046,1.71061,1.87,1.00
2016.01.08 16:20:43.763,1.71046,1.71061,1.00,1.00
2016.01.08 16:20:44.273,1.71046,1.71062,1.37,1.57
2016.01.08 16:20:44.375,1.71044,1.71062,1.00,1.57
2016.01.08 16:20:44.903,1.71044,1.71061,1.12,1.87
2016.01.08 16:20:45.426,1.71044,1.7106,1.12,1.95
2016.01.08 16:20:45.528,1.71041,1.71059,1.12,1.12
2016.01.08 16:20:45.579,1.7104,1.71057,2.62,1.75
2016.01.08 16:20:45.954,1.7104,1.71048,1.00,1.00
2016.01.08 16:20:46.005,1.71036,1.71048,2.25,1.00
2016.01.08 16:20:46.260,1.71035,1.71046,1.12,1.00
2016.01.08 16:20:46.413,1.71034,1.71049,1.87,1.00
2016.01.08 16:20:46.515,1.71037,1.71047,1.00,1.00
2016.01.08 16:20:46.566,1.71037,1.7105,1.00,1.00
2016.01.08 16:20:46.719,1.71039,1.7105,1.00,1.00
2016.01.08 16:20:47.321,1.7104,1.71054,1.37,1.00
2016.01.08 16:20:47.376,1.71041,1.7105,1.00,1.00
2016.01.08 16:20:48.554,1.71039,1.71048,1.87,1.00
2016.01.08 16:20:48.605,1.71039,1.71048,1.12,1.00
2016.01.08 16:20:49.026,1.71039,1.7105,1.12,1.00
2016.01.08 16:20:49.129,1.71039,1.71044,1.50,1.00
2016.01.08 16:20:49.181,1.71035,1.71046,3.37,1.87
2016.01.08 16:20:49.284,1.71034,1.71041,1.12,1.47
2016.01.08 16:20:49.386,1.71022,1.71036,1.12,1.12
2016.01.08 16:20:49.758,1.71019,1.71031,1.37,1.00
2016.01.08 16:20:50.166,1.7102,1.71034,1.12,1.00
2016.01.08 16:20:50.218,1.71025,1.71032,1.37,1.00
2016.01.08 16:20:50.675,1.71022,1.7103,1.37,1.00
2016.01.08 16:20:50.961,1.71017,1.71021,1.00,1.00
2016.01.08 16:20:51.013,1.71014,1.71021,1.37,1.00
2016.01.08 16:20:51.522,1.71014,1.71019,1.00,1.00
2016.01.08 16:20:52.280,1.71014,1.71021,1.00,1.00
2016.01.08 16:20:52.635,1.71014,1.71023,1.00,1.00
2016.01.08 16:20:52.739,1.71011,1.71026,1.87,1.00
2016.01.08 16:20:52.843,1.71013,1.71023,1.50,1.00
2016.01.08 16:20:52.997,1.71012,1.71024,1.00,1.00
2016.01.08 16:20:53.049,1.71012,1.71019,1.00,1.00
2016.01.08 16:20:53.372,1.7101,1.71019,1.00,1.00
2016.01.08 16:20:54.136,1.71008,1.71016,1.12,1.00
2016.01.08 16:20:54.187,1.71006,1.71016,1.95,1.00
2016.01.08 16:20:54.739,1.71005,1.71016,1.37,1.00
2016.01.08 16:20:54.897,1.71005,1.71014,1.00,1.00
2016.01.08 16:20:55.203,1.71,1.71011,1.37,1.00
2016.01.08 16:20:55.730,1.70998,1.71008,1.50,1.00
2016.01.08 16:20:56.036,1.70997,1.71006,1.37,1.00
2016.01.08 16:20:57.085,1.70996,1.71007,1.87,1.00
2016.01.08 16:20:58.352,1.70996,1.7101,1.50,1.00
2016.01.08 16:20:58.404,1.70996,1.71008,1.50,1.00
2016.01.08 16:20:59.748,1.70998,1.71005,1.12,1.00
2016.01.08 16:20:59.800,1.70995,1.71003,2.25,1.00
2016.01.08 16:20:59.903,1.70995,1.71,1.00,1.00
2016.01.08 16:21:00.005,1.70993,1.71,1.12,1.00
2016.01.08 16:21:00.108,1.70989,1.71003,2.70,1.00
2016.01.08 16:21:00.836,1.70992,1.71004,1.12,1.00
2016.01.08 16:21:01.148,1.70992,1.71001,1.87,1.00
2016.01.08 16:21:01.605,1.70992,1.71003,1.87,1.00
2016.01.08 16:21:02.445,1.70992,1.71001,1.12,1.00
2016.01.08 16:21:03.176,1.70992,1.71002,1.12,1.00
2016.01.08 16:21:04.167,1.7099,1.71004,1.95,1.00
2016.01.08 16:21:04.320,1.70994,1.71004,1.00,1.00
2016.01.08 16:21:04.372,1.70994,1.71007,1.00,1.00
2016.01.08 16:21:04.526,1.70995,1.71008,1.37,1.00
2016.01.08 16:21:04.951,1.70997,1.71008,1.37,1.00
2016.01.08 16:21:05.294,1.71,1.7101,1.00,1.00
2016.01.08 16:21:05.751,1.70995,1.71006,1.37,1.00
2016.01.08 16:21:05.956,1.70995,1.71009,1.50,1.00
2016.01.08 16:21:06.331,1.71,1.71012,1.00,1.00
2016.01.08 16:21:06.636,1.71,1.7101,1.00,1.00
2016.01.08 16:21:06.992,1.71,1.71007,1.00,1.00
2016.01.08 16:21:07.043,1.70998,1.71007,1.10,1.00
2016.01.08 16:21:07.457,1.70995,1.71007,1.87,1.00
2016.01.08 16:21:07.763,1.70995,1.71009,1.87,1.00
2016.01.08 16:21:08.321,1.70996,1.71012,1.00,1.37
2016.01.08 16:21:08.620,1.70998,1.71013,1.00,2.25
2016.01.08 16:21:08.722,1.70998,1.71013,1.95,1.87
2016.01.08 16:21:09.636,1.70999,1.7101,1.20,1.00
2016.01.08 16:21:10.293,1.70998,1.71013,1.57,1.12
2016.01.08 16:21:10.501,1.71003,1.71017,1.00,2.02
2016.01.08 16:21:11.010,1.71002,1.71015,1.00,1.00
2016.01.08 16:21:11.610,1.71002,1.71013,1.00,1.00
2016.01.08 16:21:11.712,1.71,1.71013,1.00,1.00
2016.01.08 16:21:11.918,1.71002,1.71011,1.00,1.00
2016.01.08 16:21:12.123,1.70999,1.71011,1.50,1.00
2016.01.08 16:21:12.177,1.70999,1.71007,1.50,1.00
2016.01.08 16:21:12.280,1.70999,1.71011,1.50,1.00
2016.01.08 16:21:12.822,1.70996,1.71009,1.87,1.00
2016.01.08 16:21:12.873,1.70995,1.71009,1.57,1.00
2016.01.08 16:21:13.788,1.70995,1.71006,1.00,1.00
2016.01.08 16:21:13.891,1.70993,1.71006,1.00,1.00
2016.01.08 16:21:14.397,1.70993,1.71006,1.37,1.00
2016.01.08 16:21:14.550,1.70994,1.71008,1.50,1.00
2016.01.08 16:21:15.060,1.70994,1.71009,1.50,1.00
2016.01.08 16:21:15.659,1.70994,1.71006,1.50,1.00
2016.01.08 16:21:16.168,1.70993,1.71006,1.50,1.00
2016.01.08 16:21:17.295,1.70994,1.71006,1.00,1.00
2016.01.08 16:21:17.599,1.70996,1.71006,1.00,1.00
2016.01.08 16:21:17.650,1.70996,1.71009,1.00,1.00
2016.01.08 16:21:18.295,1.70992,1.71009,1.50,1.50
2016.01.08 16:21:18.347,1.70992,1.71002,1.50,1.00
2016.01.08 16:21:18.857,1.70993,1.71002,1.00,1.00
2016.01.08 16:21:19.447,1.70988,1.71002,2.62,1.00
2016.01.08 16:21:19.499,1.70988,1.70998,2.25,1.00
2016.01.08 16:21:20.009,1.70988,1.70998,1.00,1.00
2016.01.08 16:21:20.314,1.70984,1.70998,1.27,1.00
2016.01.08 16:21:20.641,1.70983,1.70994,2.25,1.00
2016.01.08 16:21:20.692,1.70983,1.70994,1.12,1.00
2016.01.08 16:21:20.846,1.70979,1.70994,3.37,1.00
2016.01.08 16:21:21.102,1.7098,1.7099,1.10,1.00
2016.01.08 16:21:21.411,1.70974,1.70985,2.25,1.00
2016.01.08 16:21:21.950,1.70969,1.70984,1.50,1.57
2016.01.08 16:21:22.011,1.70968,1.70975,1.00,1.00
2016.01.08 16:21:22.062,1.70962,1.70973,1.20,1.00
2016.01.08 16:21:22.113,1.70962,1.7097,1.12,1.00
2016.01.08 16:21:22.266,1.70957,1.70967,1.00,1.00
2016.01.08 16:21:22.421,1.70957,1.70971,1.00,1.50
2016.01.08 16:21:22.627,1.70963,1.7097,1.37,1.00
2016.01.08 16:21:22.942,1.70957,1.70966,1.12,1.00
2016.01.08 16:21:23.400,1.70958,1.70968,1.00,1.00
2016.01.08 16:21:24.061,1.70958,1.7097,1.00,1.00
2016.01.08 16:21:24.163,1.70963,1.7097,1.00,1.00
2016.01.08 16:21:24.265,1.70958,1.7097,1.00,1.00
2016.01.08 16:21:24.316,1.7096,1.70972,1.00,1.00
2016.01.08 16:21:24.621,1.70963,1.70968,1.00,1.00
2016.01.08 16:21:25.285,1.70963,1.70969,1.00,1.00
2016.01.08 16:21:25.337,1.70958,1.70969,1.00,1.00
2016.01.08 16:21:25.810,1.70957,1.70967,1.00,1.00
2016.01.08 16:21:25.963,1.70953,1.70967,2.32,1.00
2016.01.08 16:21:26.343,1.70954,1.70967,1.12,1.00
2016.01.08 16:21:26.396,1.70954,1.70967,1.00,1.00
2016.01.08 16:21:26.498,1.70954,1.70967,1.12,1.00
2016.01.08 16:21:26.601,1.70954,1.7097,1.12,1.00
2016.01.08 16:21:26.704,1.70954,1.70971,1.12,1.00
2016.01.08 16:21:27.009,1.70963,1.70972,1.00,1.00
2016.01.08 16:21:27.696,1.70963,1.70973,1.00,1.00
2016.01.08 16:21:27.864,1.70963,1.70978,1.00,2.34
2016.01.08 16:21:28.019,1.70962,1.70978,1.12,1.59
2016.01.08 16:21:28.122,1.70962,1.70974,1.12,1.00
2016.01.08 16:21:28.551,1.70968,1.70977,1.00,1.31
2016.01.08 16:21:28.705,1.70974,1.70986,1.37,1.37
2016.01.08 16:21:28.924,1.70976,1.70992,1.12,1.57
2016.01.08 16:21:28.976,1.70978,1.70995,2.25,1.85
2016.01.08 16:21:29.131,1.70983,1.70997,1.00,1.47
2016.01.08 16:21:29.183,1.70982,1.70998,1.75,1.20
2016.01.08 16:21:29.234,1.70982,1.70997,1.75,1.10
2016.01.08 16:21:29.286,1.70982,1.70997,1.12,1.10
2016.01.08 16:21:29.611,1.70982,1.70997,2.25,1.10
2016.01.08 16:21:29.917,1.70984,1.70995,1.00,1.10
2016.01.08 16:21:30.425,1.70983,1.70996,1.00,1.12
2016.01.08 16:21:30.819,1.70983,1.70997,1.75,1.95
2016.01.08 16:21:31.023,1.70983,1.70996,1.12,1.00
2016.01.08 16:21:31.380,1.70982,1.70993,1.00,1.00
2016.01.08 16:21:31.687,1.70982,1.7099,1.00,1.00
2016.01.08 16:21:32.264,1.70982,1.70989,1.00,1.00
2016.01.08 16:21:32.366,1.70978,1.70987,1.00,1.00
2016.01.08 16:21:32.570,1.70978,1.70985,1.00,1.00
2016.01.08 16:21:33.614,1.70977,1.70983,1.00,1.47
2016.01.08 16:21:33.717,1.70973,1.70982,1.00,1.00
2016.01.08 16:21:33.769,1.70973,1.7098,1.00,1.00
2016.01.08 16:21:33.821,1.70972,1.70984,1.00,2.32
2016.01.08 16:21:33.923,1.70972,1.70984,1.00,1.57
2016.01.08 16:21:33.975,1.70972,1.70982,1.00,1.00
2016.01.08 16:21:34.281,1.70973,1.7098,1.00,1.00
2016.01.08 16:21:34.624,1.70972,1.70977,1.00,1.12
2016.01.08 16:21:34.929,1.70962,1.70971,1.37,1.00
2016.01.08 16:21:35.722,1.70963,1.70973,1.12,1.00
2016.01.08 16:21:36.236,1.70963,1.70975,1.00,1.57
2016.01.08 16:21:36.390,1.70963,1.70976,1.00,1.00
2016.01.08 16:21:36.811,1.70973,1.70977,1.00,1.00
2016.01.08 16:21:36.862,1.70973,1.70983,1.37,1.12
2016.01.08 16:21:36.913,1.70974,1.70987,1.50,1.00
2016.01.08 16:21:37.438,1.70974,1.7099,1.37,1.12
2016.01.08 16:21:38.114,1.70974,1.70992,1.37,1.59
2016.01.08 16:21:38.622,1.70974,1.70992,1.37,2.62
2016.01.08 16:21:39.256,1.70974,1.70992,1.87,1.50
2016.01.08 16:21:39.561,1.70977,1.70993,1.37,2.25
2016.01.08 16:21:39.969,1.70977,1.70994,2.62,1.20
2016.01.08 16:21:40.345,1.70982,1.70997,1.37,2.25
2016.01.08 16:21:40.397,1.70982,1.70997,1.37,1.00
2016.01.08 16:21:40.601,1.70982,1.70999,1.37,1.10
2016.01.08 16:21:40.755,1.70984,1.71,1.87,1.12
2016.01.08 16:21:41.060,1.70984,1.70997,1.12,1.00
2016.01.08 16:21:41.770,1.70984,1.70997,1.12,1.37
2016.01.08 16:21:41.924,1.70977,1.70992,1.37,1.00
2016.01.08 16:21:42.233,1.70978,1.7099,1.00,1.00
2016.01.08 16:21:42.285,1.70975,1.7099,1.00,1.00
2016.01.08 16:21:42.337,1.70975,1.70988,1.75,1.00
2016.01.08 16:21:42.440,1.70974,1.70987,1.00,1.12
2016.01.08 16:21:42.840,1.70971,1.70986,1.12,1.75
2016.01.08 16:21:43.250,1.70974,1.70984,1.00,1.12
2016.01.08 16:21:43.404,1.7097,1.70984,1.12,1.12
2016.01.08 16:21:43.847,1.70968,1.70983,1.00,1.57
2016.01.08 16:21:44.153,1.70965,1.70978,1.50,1.00
2016.01.08 16:21:45.568,1.70964,1.70978,1.87,1.00
2016.01.08 16:21:45.873,1.70963,1.70975,1.00,1.00
2016.01.08 16:21:45.925,1.7096,1.70975,1.50,1.12
2016.01.08 16:21:46.129,1.70963,1.70977,1.37,1.87
2016.01.08 16:21:46.447,1.70964,1.70981,1.12,1.87
2016.01.08 16:21:46.600,1.70964,1.70979,1.12,1.00
2016.01.08 16:21:46.755,1.70962,1.70977,1.12,1.12
2016.01.08 16:21:47.010,1.70962,1.7098,1.37,1.85
2016.01.08 16:21:47.061,1.70962,1.7098,1.12,1.20
2016.01.08 16:21:47.638,1.70963,1.70979,1.87,1.00
2016.01.08 16:21:48.210,1.70961,1.70978,3.00,1.00
2016.01.08 16:21:48.841,1.70964,1.70979,1.50,1.12
2016.01.08 16:21:49.147,1.70964,1.70975,1.50,1.00
2016.01.08 16:21:49.198,1.70963,1.70975,1.50,1.00
2016.01.08 16:21:49.249,1.70963,1.70978,1.37,1.50
2016.01.08 16:21:49.300,1.70967,1.7098,1.12,1.50
2016.01.08 16:21:49.454,1.70969,1.70985,1.50,1.87
2016.01.08 16:21:50.315,1.70968,1.70982,1.87,1.00
2016.01.08 16:21:50.424,1.70968,1.70982,2.25,1.12
2016.01.08 16:21:50.629,1.70968,1.70979,1.00,1.00
2016.01.08 16:21:50.731,1.70968,1.70981,1.00,1.12
2016.01.08 16:21:50.885,1.70964,1.70981,1.85,1.75
2016.01.08 16:21:50.988,1.70964,1.70979,1.50,1.12
2016.01.08 16:21:51.090,1.70964,1.70978,1.00,1.00
2016.01.08 16:21:51.830,1.70964,1.7098,1.00,2.13
2016.01.08 16:21:52.085,1.70966,1.7098,1.00,1.10
2016.01.08 16:21:52.704,1.70963,1.7098,2.62,1.85
2016.01.08 16:21:53.010,1.70967,1.70977,1.00,1.00
2016.01.08 16:21:53.215,1.70963,1.70979,1.75,1.50
2016.01.08 16:21:53.369,1.70963,1.70976,1.37,1.00
2016.01.08 16:21:54.082,1.7096,1.70977,1.00,1.95
2016.01.08 16:21:54.134,1.7096,1.70974,1.00,1.00
2016.01.08 16:21:54.287,1.7096,1.70976,1.00,1.20
2016.01.08 16:21:54.440,1.70963,1.70978,1.00,4.12
2016.01.08 16:21:54.645,1.70962,1.70978,1.87,1.87
2016.01.08 16:21:55.283,1.70964,1.70979,1.12,1.00
2016.01.08 16:21:56.048,1.70964,1.70979,1.50,1.00
2016.01.08 16:21:56.404,1.70964,1.70976,1.50,1.00
2016.01.08 16:21:56.759,1.70963,1.70978,1.87,1.00
2016.01.08 16:21:57.014,1.70963,1.70973,1.12,1.00
2016.01.08 16:21:57.269,1.70957,1.70967,1.00,1.00
2016.01.08 16:21:57.422,1.70952,1.70967,2.25,1.12
2016.01.08 16:21:57.474,1.70952,1.70965,1.50,1.00
2016.01.08 16:21:58.280,1.70952,1.70965,1.50,1.00
2016.01.08 16:21:58.587,1.70953,1.70965,1.37,1.00
2016.01.08 16:21:59.191,1.70952,1.70965,1.87,1.12
2016.01.08 16:21:59.293,1.70952,1.70967,1.87,1.50
2016.01.08 16:21:59.600,1.70952,1.70962,1.50,1.00
2016.01.08 16:21:59.908,1.7095,1.70962,1.00,1.00
2016.01.08 16:22:00.290,1.70948,1.70959,1.37,1.00
2016.01.08 16:22:00.494,1.70948,1.70963,1.75,1.00
2016.01.08 16:22:00.596,1.70949,1.70966,1.12,1.12
2016.01.08 16:22:00.902,1.70952,1.70964,1.37,1.00
2016.01.08 16:22:01.262,1.7095,1.70961,1.37,1.00
2016.01.08 16:22:01.767,1.70948,1.70961,1.50,1.00
2016.01.08 16:22:01.870,1.70948,1.70958,1.50,1.00
2016.01.08 16:22:01.972,1.70943,1.70956,2.02,1.00
2016.01.08 16:22:02.023,1.70943,1.70956,1.47,1.00
2016.01.08 16:22:02.075,1.70942,1.70953,1.37,1.00
2016.01.08 16:22:02.594,1.7094,1.70954,1.12,1.00
2016.01.08 16:22:02.696,1.70939,1.70956,1.95,1.00
2016.01.08 16:22:02.900,1.70938,1.70952,3.75,1.00
2016.01.08 16:22:03.306,1.70938,1.7095,3.00,1.00
2016.01.08 16:22:03.357,1.70938,1.70953,3.00,1.00
2016.01.08 16:22:03.408,1.70938,1.7095,2.25,1.00
2016.01.08 16:22:03.612,1.70938,1.7095,1.50,1.12
2016.01.08 16:22:03.980,1.70938,1.70954,1.50,1.50
2016.01.08 16:22:04.132,1.70939,1.70954,1.00,1.00
2016.01.08 16:22:04.234,1.70938,1.7095,1.87,1.00
2016.01.08 16:22:04.743,1.70938,1.7095,1.12,1.00
2016.01.08 16:22:06.891,1.70938,1.70954,1.12,1.50
2016.01.08 16:22:07.557,1.70939,1.70954,1.00,1.12
2016.01.08 16:22:08.293,1.70939,1.70954,1.37,1.00
2016.01.08 16:22:08.397,1.7094,1.70957,1.85,1.00
2016.01.08 16:22:08.805,1.70941,1.70959,2.25,1.95
2016.01.08 16:22:09.615,1.70945,1.7096,1.00,1.37
2016.01.08 16:22:09.667,1.70945,1.70962,1.75,2.25
2016.01.08 16:22:09.770,1.70949,1.70966,1.37,3.45
2016.01.08 16:22:09.872,1.70951,1.70966,1.00,1.12
2016.01.08 16:22:09.976,1.70951,1.70968,1.00,3.82
2016.01.08 16:22:10.233,1.70948,1.70966,2.32,1.50
2016.01.08 16:22:10.488,1.70949,1.70965,1.87,1.37
2016.01.08 16:22:11.013,1.70951,1.70966,1.00,1.75
2016.01.08 16:22:11.524,1.70949,1.70962,1.37,1.00
2016.01.08 16:22:12.048,1.70949,1.70962,1.00,1.00
2016.01.08 16:22:12.557,1.70948,1.70962,1.10,1.00
2016.01.08 16:22:13.253,1.70948,1.70963,1.57,1.39
2016.01.08 16:22:13.559,1.70948,1.70964,1.57,1.76
2016.01.08 16:22:14.067,1.7095,1.70966,1.50,1.75
2016.01.08 16:22:14.169,1.70952,1.70965,1.00,1.00
2016.01.08 16:22:14.271,1.7095,1.70963,1.57,1.00
2016.01.08 16:22:14.900,1.7095,1.70963,1.00,1.00
2016.01.08 16:22:15.412,1.70948,1.70963,2.25,1.26
2016.01.08 16:22:16.510,1.70948,1.70962,2.25,1.00
2016.01.08 16:22:16.917,1.70951,1.70965,1.50,1.01
2016.01.08 16:22:17.223,1.70958,1.70971,1.10,1.00
2016.01.08 16:22:17.752,1.70958,1.70972,1.10,1.00
2016.01.08 16:22:18.228,1.70963,1.70972,1.00,1.00
2016.01.08 16:22:18.279,1.70962,1.70976,1.00,1.01
2016.01.08 16:22:18.381,1.70968,1.70977,1.00,1.64
2016.01.08 16:22:18.638,1.70968,1.70979,1.00,2.14
2016.01.08 16:22:19.061,1.70963,1.70977,1.50,1.39
2016.01.08 16:22:19.569,1.70963,1.70977,1.57,1.00
2016.01.08 16:22:19.621,1.70963,1.70979,1.57,1.12
2016.01.08 16:22:20.263,1.70968,1.70978,1.00,1.01
2016.01.08 16:22:20.773,1.70968,1.7098,1.00,1.76
2016.01.08 16:22:20.926,1.70968,1.70983,1.00,1.00
2016.01.08 16:22:21.079,1.70968,1.70981,1.00,1.00
2016.01.08 16:22:21.404,1.70962,1.70978,2.25,1.12
2016.01.08 16:22:21.709,1.70962,1.70977,1.50,1.50
2016.01.08 16:22:22.764,1.70967,1.70976,1.00,1.12
2016.01.08 16:22:23.301,1.70968,1.70976,1.00,1.00
2016.01.08 16:22:23.405,1.70969,1.7098,1.00,2.93
2016.01.08 16:22:23.456,1.70969,1.70979,1.00,1.05
2016.01.08 16:22:23.558,1.70969,1.7098,1.37,1.50
2016.01.08 16:22:23.977,1.70967,1.70978,1.87,1.00
2016.01.08 16:22:24.284,1.70972,1.7098,1.00,1.12
2016.01.08 16:22:24.335,1.70967,1.70978,1.87,1.00
2016.01.08 16:22:24.387,1.70967,1.70976,1.37,1.00
2016.01.08 16:22:24.542,1.70962,1.70975,1.85,1.00
2016.01.08 16:22:25.467,1.7096,1.70975,2.25,1.12
2016.01.08 16:22:26.603,1.7096,1.70974,1.00,1.00
2016.01.08 16:22:26.656,1.70958,1.70972,1.87,1.00
2016.01.08 16:22:26.861,1.70958,1.70974,2.62,1.00
2016.01.08 16:22:27.064,1.70958,1.70974,2.25,1.00
2016.01.08 16:22:27.779,1.70962,1.70977,1.37,1.00
2016.01.08 16:22:27.983,1.70962,1.70979,1.75,1.12
2016.01.08 16:22:28.930,1.70961,1.70978,1.95,1.00
2016.01.08 16:22:28.982,1.70961,1.70978,1.47,1.00
2016.01.08 16:22:29.033,1.7096,1.70978,1.95,1.00
2016.01.08 16:22:29.593,1.70962,1.70979,2.25,1.50
2016.01.08 16:22:30.231,1.70963,1.70979,1.20,1.50
2016.01.08 16:22:30.590,1.70963,1.7098,2.70,1.50
2016.01.08 16:22:30.692,1.70964,1.7098,1.00,1.50
2016.01.08 16:22:30.796,1.70964,1.70977,1.00,1.00
2016.01.08 16:22:31.360,1.7096,1.70977,2.25,1.00
2016.01.08 16:22:31.666,1.7096,1.70975,3.00,1.00
2016.01.08 16:22:32.076,1.7096,1.70977,3.00,1.00
2016.01.08 16:22:32.631,1.7096,1.70975,3.00,1.00
2016.01.08 16:22:33.039,1.70958,1.70971,1.85,1.00
2016.01.08 16:22:33.090,1.70958,1.70973,1.20,1.00
2016.01.08 16:22:34.032,1.70958,1.70973,1.50,1.27
2016.01.08 16:22:34.084,1.70958,1.70966,1.50,1.00
2016.01.08 16:22:34.136,1.70958,1.7097,1.50,1.00
2016.01.08 16:22:34.239,1.70955,1.70969,1.37,1.00
2016.01.08 16:22:34.290,1.70955,1.70966,1.00,1.00
2016.01.08 16:22:34.393,1.70953,1.70966,1.00,1.00
2016.01.08 16:22:34.445,1.70958,1.7097,1.00,1.75
2016.01.08 16:22:34.547,1.70958,1.7097,1.37,1.00
2016.01.08 16:22:35.177,1.70958,1.7097,1.00,1.37
2016.01.08 16:22:35.280,1.70958,1.70971,1.00,1.87
2016.01.08 16:22:35.991,1.70955,1.70971,1.87,1.12
2016.01.08 16:22:36.195,1.70957,1.70973,2.25,1.00
2016.01.08 16:22:36.467,1.70959,1.70973,1.87,1.00
2016.01.08 16:22:36.520,1.70961,1.70978,1.95,2.62
2016.01.08 16:22:36.571,1.70961,1.70978,2.70,1.50
2016.01.08 16:22:36.623,1.70962,1.70978,1.12,1.50
2016.01.08 16:22:36.979,1.70964,1.7098,1.12,1.12
2016.01.08 16:22:37.234,1.70964,1.70983,1.87,2.25
2016.01.08 16:22:37.285,1.70966,1.70983,1.12,2.25
2016.01.08 16:22:37.996,1.70968,1.70982,1.50,1.00
2016.01.08 16:22:38.714,1.70968,1.70983,1.00,1.12
2016.01.08 16:22:39.155,1.70968,1.70981,1.00,1.00
2016.01.08 16:22:39.462,1.70968,1.70976,1.00,1.00
2016.01.08 16:22:39.615,1.70963,1.70976,1.12,1.00
2016.01.08 16:22:39.718,1.70963,1.70978,1.50,1.00
2016.01.08 16:22:39.922,1.70964,1.70979,1.12,1.00
2016.01.08 16:22:40.341,1.70966,1.70979,1.87,1.00
2016.01.08 16:22:40.393,1.70968,1.70982,1.12,1.00
2016.01.08 16:22:40.597,1.70968,1.70982,3.00,1.00
2016.01.08 16:22:40.649,1.70968,1.70984,3.00,1.00
2016.01.08 16:22:40.955,1.70971,1.70987,1.00,1.50
2016.01.08 16:22:41.627,1.70966,1.70977,2.25,1.00
2016.01.08 16:22:41.679,1.70964,1.70979,1.00,1.12
2016.01.08 16:22:41.730,1.70964,1.70977,1.00,1.00
2016.01.08 16:22:41.883,1.7096,1.70974,1.12,1.00
2016.01.08 16:22:41.934,1.70959,1.70971,1.37,1.00
2016.01.08 16:22:42.144,1.70957,1.70974,1.57,1.50
2016.01.08 16:22:42.348,1.70955,1.70973,3.37,1.60
2016.01.08 16:22:42.872,1.70955,1.70972,2.62,1.00
2016.01.08 16:22:43.025,1.70955,1.70969,1.87,1.00
2016.01.08 16:22:43.331,1.70953,1.70966,1.95,1.37
2016.01.08 16:22:43.484,1.70951,1.70964,1.00,1.37
2016.01.08 16:22:44.622,1.70949,1.70964,1.10,1.37
2016.01.08 16:22:45.393,1.70945,1.70962,2.62,1.12
2016.01.08 16:22:46.326,1.70947,1.70964,1.87,1.37
2016.01.08 16:22:46.428,1.70952,1.70965,1.00,1.37
2016.01.08 16:22:46.779,1.70952,1.70967,1.00,1.00
2016.01.08 16:22:47.035,1.70951,1.70965,1.37,1.00
2016.01.08 16:22:47.443,1.70948,1.70964,1.37,1.12
2016.01.08 16:22:47.820,1.70947,1.70963,1.50,1.37
2016.01.08 16:22:48.246,1.7095,1.70964,1.37,1.12
2016.01.08 16:22:48.779,1.70949,1.70965,1.12,1.00
2016.01.08 16:22:49.292,1.7095,1.70966,1.12,1.00
2016.01.08 16:22:49.648,1.70948,1.70965,1.47,1.37
2016.01.08 16:22:49.801,1.70948,1.70965,1.95,1.12
2016.01.08 16:22:50.560,1.7095,1.70967,1.37,2.70
2016.01.08 16:22:50.618,1.70958,1.70973,1.00,1.87
2016.01.08 16:22:51.126,1.70957,1.70971,1.00,1.12
2016.01.08 16:22:51.178,1.70955,1.70971,1.12,1.12
2016.01.08 16:22:51.229,1.70955,1.70968,1.12,1.00
2016.01.08 16:22:51.331,1.70953,1.7097,1.95,1.00
2016.01.08 16:22:51.383,1.70954,1.70971,1.95,1.75
2016.01.08 16:22:51.728,1.70955,1.70971,2.20,1.37
2016.01.08 16:22:51.783,1.70959,1.70974,1.00,1.00
2016.01.08 16:22:51.834,1.70959,1.70977,1.00,2.57
2016.01.08 16:22:51.886,1.70959,1.70977,1.87,1.07
2016.01.08 16:22:52.192,1.70965,1.70981,1.50,1.50
2016.01.08 16:22:52.498,1.70963,1.7098,1.12,1.32
2016.01.08 16:22:53.079,1.70962,1.70981,1.65,2.95
2016.01.08 16:22:53.588,1.70961,1.70978,2.79,1.12
2016.01.08 16:22:54.223,1.70962,1.70978,1.12,1.37
2016.01.08 16:22:54.739,1.70959,1.70977,4.57,2.62
2016.01.08 16:22:55.432,1.70961,1.7098,1.67,2.25
2016.01.08 16:22:55.486,1.70961,1.7098,3.17,1.87
2016.01.08 16:22:55.691,1.70962,1.7098,1.74,1.87
2016.01.08 16:22:55.997,1.70962,1.70978,2.12,1.00
2016.01.08 16:22:56.151,1.70962,1.7098,2.12,1.00
2016.01.08 16:22:56.744,1.70966,1.70981,1.74,1.12
2016.01.08 16:22:57.308,1.70967,1.70981,1.74,1.12
2016.01.08 16:22:57.563,1.70967,1.70979,1.10,1.00
2016.01.08 16:22:57.945,1.70964,1.70977,2.05,1.00
2016.01.08 16:22:57.996,1.70965,1.70979,1.54,1.12
2016.01.08 16:22:58.251,1.70963,1.70977,3.17,1.00
2016.01.08 16:22:58.556,1.7096,1.70973,1.75,1.12
2016.01.08 16:22:58.760,1.70958,1.7097,1.64,1.00
2016.01.08 16:22:59.287,1.70955,1.70969,1.82,1.00
2016.01.08 16:22:59.441,1.70952,1.70969,1.67,1.00
2016.01.08 16:22:59.644,1.70951,1.70966,2.08,1.00
2016.01.08 16:23:00.588,1.70954,1.70969,1.12,1.00
2016.01.08 16:23:00.945,1.70954,1.70971,3.54,1.00
2016.01.08 16:23:01.621,1.70962,1.70974,1.92,1.00
2016.01.08 16:23:01.673,1.70963,1.70977,1.74,1.00
2016.01.08 16:23:02.186,1.70964,1.70977,1.37,1.00
2016.01.08 16:23:02.662,1.70964,1.70979,1.29,1.00
2016.01.08 16:23:02.817,1.70967,1.7098,1.23,1.00
2016.01.08 16:23:03.023,1.70969,1.70983,1.00,1.00
2016.01.08 16:23:03.331,1.70969,1.70986,1.37,1.50
2016.01.08 16:23:03.382,1.70971,1.70986,1.75,1.50
2016.01.08 16:23:03.734,1.70975,1.70986,1.10,1.00
2016.01.08 16:23:03.786,1.70975,1.70991,1.10,1.00
2016.01.08 16:23:03.838,1.70975,1.70992,2.70,1.00
2016.01.08 16:23:04.155,1.7098,1.70994,1.57,1.00
2016.01.08 16:23:04.516,1.70981,1.70997,1.75,1.00
2016.01.08 16:23:04.833,1.70985,1.71,1.12,1.00
2016.01.08 16:23:05.143,1.70985,1.70997,2.62,1.00
2016.01.08 16:23:05.194,1.70985,1.70999,2.62,1.00
2016.01.08 16:23:05.602,1.70988,1.71004,1.37,1.50
2016.01.08 16:23:05.704,1.7099,1.71008,1.87,1.57
2016.01.08 16:23:06.038,1.70994,1.71009,1.37,1.00
2016.01.08 16:23:06.555,1.70994,1.71008,1.00,1.00
2016.01.08 16:23:06.606,1.70994,1.71006,1.00,1.00
2016.01.08 16:23:07.126,1.70994,1.71008,1.50,1.00
2016.01.08 16:23:07.177,1.70994,1.7101,1.50,1.00
2016.01.08 16:23:07.330,1.70996,1.7101,1.87,1.00
2016.01.08 16:23:07.432,1.70997,1.71013,1.85,1.00
2016.01.08 16:23:08.448,1.70999,1.71013,2.25,1.00
2016.01.08 16:23:08.499,1.71002,1.71017,1.37,1.00
2016.01.08 16:23:08.551,1.71004,1.71019,1.47,1.00
2016.01.08 16:23:08.856,1.71007,1.7102,1.12,1.00
2016.01.08 16:23:08.959,1.71007,1.71022,1.12,1.00
2016.01.08 16:23:09.768,1.71008,1.71023,1.50,1.00
2016.01.08 16:23:10.125,1.71007,1.71023,1.12,1.00
2016.01.08 16:23:10.823,1.71007,1.71023,1.50,1.00
2016.01.08 16:23:11.129,1.71007,1.71023,1.50,1.00
2016.01.08 16:23:11.435,1.71005,1.71023,1.87,1.75
2016.01.08 16:23:11.914,1.71007,1.71023,1.50,1.75
2016.01.08 16:23:12.559,1.71006,1.71023,1.57,1.75
2016.01.08 16:23:13.117,1.71007,1.71023,1.37,1.75
2016.01.08 16:23:13.625,1.71006,1.71023,1.65,1.75
2016.01.08 16:23:13.677,1.71006,1.71023,1.65,1.00
2016.01.08 16:23:14.259,1.71007,1.71023,1.37,1.00
2016.01.08 16:23:14.564,1.71007,1.71025,1.87,1.12
2016.01.08 16:23:14.838,1.71008,1.71025,1.12,1.00
2016.01.08 16:23:15.042,1.71007,1.71022,1.20,1.00
2016.01.08 16:23:15.348,1.71005,1.71022,1.87,1.00
2016.01.08 16:23:15.501,1.71005,1.71023,1.87,1.57
2016.01.08 16:23:16.229,1.71004,1.7102,1.37,1.75
2016.01.08 16:23:16.281,1.71002,1.7102,1.37,2.25
2016.01.08 16:23:16.333,1.71005,1.71022,1.00,2.32
2016.01.08 16:23:16.490,1.7101,1.71024,1.47,1.00
2016.01.08 16:23:16.543,1.71011,1.71028,1.50,1.00
2016.01.08 16:23:16.646,1.71011,1.7103,1.57,1.12
2016.01.08 16:23:16.850,1.71012,1.71027,1.10,1.00
2016.01.08 16:23:17.362,1.71011,1.71027,1.20,1.00
2016.01.08 16:23:17.669,1.71009,1.71025,1.57,1.12
2016.01.08 16:23:18.515,1.71006,1.71024,1.87,1.37
2016.01.08 16:23:18.566,1.71003,1.7102,1.47,1.00
2016.01.08 16:23:18.719,1.71004,1.71017,1.00,1.00
2016.01.08 16:23:18.974,1.71,1.71017,3.75,1.12
2016.01.08 16:23:19.330,1.71,1.71016,1.57,1.00
2016.01.08 16:23:19.781,1.70994,1.71011,1.37,1.50
2016.01.08 16:23:19.833,1.70991,1.71007,1.00,1.00
2016.01.08 16:23:20.392,1.70991,1.71008,1.50,1.12
2016.01.08 16:23:20.915,1.70989,1.71007,1.95,1.00
2016.01.08 16:23:21.436,1.7099,1.71008,1.20,1.00
2016.01.08 16:23:21.588,1.7099,1.7101,1.95,1.20
2016.01.08 16:23:21.639,1.70992,1.71011,1.87,1.57
2016.01.08 16:23:22.003,1.70999,1.71014,1.00,1.50
2016.01.08 16:23:22.054,1.70999,1.71016,1.12,1.00
2016.01.08 16:23:23.243,1.70999,1.71016,1.50,1.00
2016.01.08 16:23:23.513,1.70999,1.71018,1.12,1.87
2016.01.08 16:23:23.716,1.71001,1.71018,1.12,1.00
2016.01.08 16:23:23.869,1.71003,1.71021,1.50,1.57
2016.01.08 16:23:23.971,1.71004,1.71021,1.12,1.00
2016.01.08 16:23:24.022,1.71005,1.71023,1.50,2.25
2016.01.08 16:23:24.725,1.71007,1.71025,1.50,1.87
2016.01.08 16:23:25.184,1.71007,1.71023,1.12,1.37
2016.01.08 16:23:25.881,1.71005,1.71022,1.12,1.50
2016.01.08 16:23:26.188,1.71016,1.71033,1.47,1.50
2016.01.08 16:23:26.496,1.71009,1.71028,2.77,1.00
2016.01.08 16:23:27.006,1.71009,1.71026,1.27,1.00
2016.01.08 16:23:27.163,1.71009,1.71026,2.02,1.00
2016.01.08 16:23:27.382,1.71009,1.71026,1.27,1.00
2016.01.08 16:23:28.006,1.71007,1.71024,1.95,1.12
2016.01.08 16:23:28.111,1.71005,1.71023,1.27,1.50
2016.01.08 16:23:28.388,1.71004,1.71023,1.50,1.75
2016.01.08 16:23:28.491,1.71005,1.71022,1.00,1.00
2016.01.08 16:23:29.596,1.71012,1.71023,1.00,1.00
2016.01.08 16:23:29.651,1.71012,1.7103,1.10,1.87
2016.01.08 16:23:29.804,1.71012,1.71026,1.10,1.00
2016.01.08 16:23:30.007,1.71008,1.71026,1.75,1.00
2016.01.08 16:23:30.679,1.7101,1.71027,1.00,1.20
2016.01.08 16:23:31.301,1.71009,1.71027,1.12,1.47
2016.01.08 16:23:31.606,1.71009,1.71024,1.12,1.00
2016.01.08 16:23:32.317,1.71009,1.71025,1.20,1.00
2016.01.08 16:23:32.579,1.71009,1.71027,1.20,1.00
2016.01.08 16:23:32.834,1.71009,1.71028,1.82,1.50
2016.01.08 16:23:33.719,1.71013,1.71032,1.12,2.25
2016.01.08 16:23:33.975,1.71015,1.71032,1.20,1.75
2016.01.08 16:23:34.467,1.71014,1.71031,2.25,1.00
2016.01.08 16:23:34.627,1.71017,1.71036,1.82,1.87
2016.01.08 16:23:34.729,1.7102,1.71035,1.37,1.00
2016.01.08 16:23:34.832,1.7102,1.71037,1.95,1.12
2016.01.08 16:23:35.614,1.71025,1.71042,1.87,1.75
2016.01.08 16:23:35.718,1.71027,1.71043,1.45,1.12
2016.01.08 16:23:36.221,1.71026,1.71044,1.20,1.00
2016.01.08 16:23:36.374,1.71026,1.71045,1.12,1.00
2016.01.08 16:23:36.476,1.71026,1.71045,1.12,1.00
2016.01.08 16:23:36.869,1.71032,1.71046,1.00,1.37
2016.01.08 16:23:36.920,1.7103,1.71047,1.00,2.25
2016.01.08 16:23:37.428,1.71027,1.71047,1.85,1.50
2016.01.08 16:23:37.531,1.7103,1.71047,1.37,2.25
2016.01.08 16:23:37.869,1.71035,1.71052,1.10,1.50
2016.01.08 16:23:37.920,1.71035,1.71054,1.50,1.75
2016.01.08 16:23:38.022,1.71035,1.71054,1.37,1.50
2016.01.08 16:23:38.227,1.71034,1.71054,1.87,1.87
2016.01.08 16:23:38.330,1.71033,1.7105,1.50,1.00
2016.01.08 16:23:38.484,1.71031,1.71048,1.50,1.00
2016.01.08 16:23:38.910,1.71028,1.71048,3.00,1.75
2016.01.08 16:23:39.013,1.71032,1.71049,1.00,1.00
2016.01.08 16:23:39.167,1.71031,1.71047,1.37,1.00
2016.01.08 16:23:39.625,1.7103,1.71047,1.00,1.00
2016.01.08 16:23:40.286,1.7103,1.71047,1.00,1.87
2016.01.08 16:23:40.338,1.71029,1.71047,1.12,1.87
2016.01.08 16:23:40.918,1.71029,1.71045,1.12,1.00
2016.01.08 16:23:41.579,1.71029,1.71042,1.50,1.00
2016.01.08 16:23:41.637,1.71023,1.7104,1.12,1.37
2016.01.08 16:23:41.892,1.71026,1.71042,1.00,1.75
2016.01.08 16:23:42.045,1.71026,1.71042,1.00,1.75
2016.01.08 16:23:42.650,1.71025,1.71042,1.00,2.25
2016.01.08 16:23:43.062,1.71025,1.71041,1.37,1.50
2016.01.08 16:23:43.215,1.71025,1.71041,1.00,1.50
2016.01.08 16:23:43.419,1.71027,1.71041,1.00,1.50
2016.01.08 16:23:43.939,1.71034,1.71047,1.00,1.00
2016.01.08 16:23:43.991,1.71034,1.71049,1.00,1.12
2016.01.08 16:23:44.308,1.71031,1.71046,1.12,1.37
2016.01.08 16:23:44.360,1.71029,1.71046,2.25,1.50
2016.01.08 16:23:44.512,1.71027,1.71045,1.12,1.50
2016.01.08 16:23:45.177,1.71027,1.71043,1.00,2.25
2016.01.08 16:23:45.380,1.71024,1.71043,1.57,1.50
2016.01.08 16:23:45.431,1.71024,1.7104,1.57,1.00
2016.01.08 16:23:45.939,1.7102,1.7104,2.25,1.75
2016.01.08 16:23:46.425,1.71023,1.71042,1.00,3.00
2016.01.08 16:23:46.834,1.71024,1.71043,1.50,1.37
2016.01.08 16:23:46.936,1.71025,1.71044,1.12,2.62
2016.01.08 16:23:47.039,1.71024,1.71043,1.50,1.12
2016.01.08 16:23:47.691,1.71025,1.71044,1.37,1.87
2016.01.08 16:23:47.743,1.71029,1.71047,1.00,1.50
2016.01.08 16:23:47.794,1.71029,1.71044,1.00,1.00
2016.01.08 16:23:47.845,1.71027,1.71044,1.50,1.00
2016.01.08 16:23:48.151,1.71025,1.7104,1.12,1.00
2016.01.08 16:23:48.357,1.71027,1.71045,1.50,1.87
2016.01.08 16:23:48.780,1.71027,1.71045,1.00,1.12
2016.01.08 16:23:49.549,1.71027,1.71045,1.00,1.00
2016.01.08 16:23:50.261,1.7103,1.71045,1.00,1.00
2016.01.08 16:23:50.669,1.71028,1.71045,1.12,1.37
2016.01.08 16:23:51.375,1.71028,1.71045,1.12,2.25
2016.01.08 16:23:51.781,1.71028,1.71045,1.50,1.87
2016.01.08 16:23:51.883,1.71032,1.71045,1.00,1.87
2016.01.08 16:23:51.986,1.71034,1.71048,1.00,1.00
2016.01.08 16:23:52.619,1.71034,1.71049,1.50,1.00
2016.01.08 16:23:54.532,1.71034,1.71049,1.50,3.00
2016.01.08 16:23:55.675,1.71033,1.71047,1.12,1.12
2016.01.08 16:23:55.878,1.71031,1.71048,1.37,1.87
2016.01.08 16:23:56.083,1.71027,1.71046,1.87,1.12
2016.01.08 16:23:56.287,1.71027,1.71044,1.87,1.00
2016.01.08 16:23:56.775,1.71027,1.71044,1.12,1.37
2016.01.08 16:23:57.283,1.71026,1.71044,1.00,1.75
2016.01.08 16:23:57.386,1.71027,1.71044,1.12,1.12
2016.01.08 16:23:57.866,1.71038,1.71045,1.00,1.37
2016.01.08 16:23:58.380,1.71038,1.71045,1.50,1.00
2016.01.08 16:23:58.482,1.71038,1.71054,1.00,1.50
2016.01.08 16:23:58.586,1.71037,1.71054,1.37,1.87
2016.01.08 16:23:59.073,1.7104,1.71054,1.00,1.12
2016.01.08 16:23:59.316,1.71038,1.71055,1.87,1.37
2016.01.08 16:23:59.521,1.71037,1.71052,1.47,1.00
2016.01.08 16:23:59.624,1.71036,1.71052,1.00,1.12
2016.01.08 16:24:00.352,1.71034,1.71051,1.50,1.00
2016.01.08 16:24:00.510,1.71033,1.71048,1.12,1.75
2016.01.08 16:24:00.562,1.7103,1.71047,1.50,1.50
2016.01.08 16:24:01.070,1.7103,1.71046,1.12,1.12
2016.01.08 16:24:01.637,1.71028,1.71046,2.32,1.12
2016.01.08 16:24:01.892,1.71028,1.71045,1.57,1.00
2016.01.08 16:24:01.995,1.71028,1.71046,2.32,1.00
2016.01.08 16:24:02.097,1.7103,1.71049,1.12,1.50
2016.01.08 16:24:02.200,1.71033,1.7105,1.50,1.50
2016.01.08 16:24:02.302,1.71034,1.71052,2.25,1.37
2016.01.08 16:24:02.739,1.71039,1.71058,1.12,2.25
2016.01.08 16:24:02.842,1.71042,1.71056,1.00,1.00
2016.01.08 16:24:02.893,1.71041,1.71058,1.12,1.50
2016.01.08 16:24:04.195,1.71042,1.71058,1.00,1.00
2016.01.08 16:24:04.603,1.7104,1.71056,1.50,1.00
2016.01.08 16:24:04.858,1.71035,1.71053,1.20,1.00
2016.01.08 16:24:05.615,1.71034,1.71047,1.12,1.00
2016.01.08 16:24:05.669,1.71032,1.71047,1.12,1.00
2016.01.08 16:24:05.772,1.71034,1.71045,1.37,1.00
2016.01.08 16:24:06.392,1.71034,1.71045,1.00,1.00
2016.01.08 16:24:06.648,1.71034,1.71047,1.00,1.00
2016.01.08 16:24:06.750,1.71035,1.71051,1.00,2.62
2016.01.08 16:24:08.449,1.7104,1.71051,1.00,2.25
2016.01.08 16:24:08.909,1.7104,1.71056,1.87,1.50
2016.01.08 16:24:08.961,1.71043,1.71056,1.00,1.50
2016.01.08 16:24:09.063,1.71041,1.71056,1.00,1.50
2016.01.08 16:24:09.520,1.71039,1.71053,1.12,1.00
2016.01.08 16:24:09.827,1.71035,1.71047,1.50,1.00
2016.01.08 16:24:10.361,1.71033,1.71047,1.37,1.00
2016.01.08 16:24:10.618,1.71031,1.71047,1.50,1.00
2016.01.08 16:24:10.670,1.71031,1.71044,1.50,1.00
2016.01.08 16:24:11.318,1.71033,1.71044,1.00,1.00
2016.01.08 16:24:12.080,1.71034,1.71044,1.00,1.00
2016.01.08 16:24:12.825,1.71033,1.71047,1.75,1.00
2016.01.08 16:24:14.118,1.71033,1.71047,1.37,1.00
2016.01.08 16:24:14.630,1.71037,1.71047,1.00,1.00
2016.01.08 16:24:15.417,1.71035,1.71047,2.25,1.00
2016.01.08 16:24:16.705,1.71032,1.71047,1.50,1.00
2016.01.08 16:24:16.960,1.71031,1.71047,1.12,1.00
2016.01.08 16:24:17.265,1.71032,1.71042,1.12,1.00
2016.01.08 16:24:17.761,1.71029,1.71043,1.87,1.00
2016.01.08 16:24:17.813,1.71032,1.71043,1.00,1.00
2016.01.08 16:24:18.169,1.71029,1.71043,1.87,1.00
2016.01.08 16:24:18.527,1.71027,1.71043,1.87,1.00
2016.01.08 16:24:18.852,1.71026,1.71039,1.37,1.00
2016.01.08 16:24:19.310,1.71028,1.71037,1.12,1.00
2016.01.08 16:24:19.616,1.71029,1.71041,1.37,1.00
2016.01.08 16:24:19.769,1.71029,1.71041,1.75,1.00
2016.01.08 16:24:20.391,1.71029,1.71041,1.37,1.00
2016.01.08 16:24:20.544,1.71027,1.71038,1.00,1.00
2016.01.08 16:24:20.647,1.71025,1.71038,1.20,1.00
2016.01.08 16:24:21.162,1.71023,1.71038,1.47,1.00
2016.01.08 16:24:21.672,1.71023,1.71038,1.50,1.00
2016.01.08 16:24:21.928,1.71022,1.71036,1.50,1.00
2016.01.08 16:24:22.609,1.71022,1.71036,1.87,1.00
2016.01.08 16:24:22.664,1.7102,1.71036,1.37,1.50
2016.01.08 16:24:22.716,1.71019,1.71033,1.57,1.00
2016.01.08 16:24:22.768,1.71019,1.71033,1.12,1.00
2016.01.08 16:24:22.871,1.71023,1.71033,1.00,1.00
2016.01.08 16:24:22.923,1.71023,1.71035,1.00,1.00
2016.01.08 16:24:22.974,1.71023,1.71033,1.87,1.00
2016.01.08 16:24:23.026,1.71026,1.71039,1.12,1.00
2016.01.08 16:24:23.077,1.71028,1.71039,1.50,1.00
2016.01.08 16:24:23.129,1.71028,1.71042,1.87,1.00
2016.01.08 16:24:23.186,1.71033,1.71046,1.00,1.37
2016.01.08 16:24:23.339,1.71033,1.71046,1.87,1.00
2016.01.08 16:24:23.748,1.71035,1.71051,1.00,1.37
2016.01.08 16:24:24.331,1.71034,1.71051,1.49,1.12
2016.01.08 16:24:25.362,1.71033,1.71051,1.99,1.00
2016.01.08 16:24:25.465,1.71033,1.71051,1.24,1.50
2016.01.08 16:24:25.568,1.71033,1.71051,1.49,2.25
2016.01.08 16:24:25.720,1.71032,1.71049,1.62,1.00
2016.01.08 16:24:26.257,1.71033,1.71052,1.62,1.50
2016.01.08 16:24:26.767,1.71034,1.71052,1.99,1.50
2016.01.08 16:24:27.072,1.71039,1.71054,1.00,1.50
2016.01.08 16:24:27.466,1.7104,1.71054,1.12,1.00
2016.01.08 16:24:27.569,1.71038,1.71054,1.37,1.50
2016.01.08 16:24:27.672,1.71034,1.71051,1.88,1.75
2016.01.08 16:24:27.978,1.71033,1.71045,1.53,1.00
2016.01.08 16:24:28.773,1.71033,1.71045,1.16,1.00
2016.01.08 16:24:28.824,1.71039,1.71048,1.00,1.00
2016.01.08 16:24:28.876,1.71039,1.7105,1.16,1.00
2016.01.08 16:24:29.288,1.71038,1.71048,1.12,1.00
2016.01.08 16:24:29.957,1.71037,1.71048,1.49,1.00
2016.01.08 16:24:30.796,1.71035,1.71048,1.12,1.00
2016.01.08 16:24:31.334,1.71033,1.71048,1.99,1.00
2016.01.08 16:24:31.744,1.71033,1.71045,1.62,1.00
2016.01.08 16:24:32.208,1.71034,1.71045,1.62,1.00
2016.01.08 16:24:32.611,1.71036,1.71046,1.49,1.00
2016.01.08 16:24:33.121,1.71037,1.71045,1.12,1.00
2016.01.08 16:24:33.628,1.71036,1.71045,1.49,1.00
2016.01.08 16:24:34.671,1.71035,1.71045,1.50,1.00
2016.01.08 16:24:35.276,1.71034,1.71045,1.87,1.00
2016.01.08 16:24:35.580,1.71032,1.71045,2.62,1.00
2016.01.08 16:24:35.632,1.71032,1.71045,2.25,1.00
2016.01.08 16:24:36.684,1.71032,1.71045,2.25,1.00
2016.01.08 16:24:37.041,1.71034,1.71045,1.75,1.00
2016.01.08 16:24:37.549,1.71034,1.71045,1.50,1.00
2016.01.08 16:24:38.797,1.71034,1.71045,1.57,1.00
2016.01.08 16:24:39.321,1.71037,1.71045,1.20,1.00
2016.01.08 16:24:40.093,1.71034,1.71045,1.70,1.00
2016.01.08 16:24:40.625,1.71033,1.71045,1.50,1.00
2016.01.08 16:24:41.134,1.71031,1.71045,1.87,1.00
2016.01.08 16:24:41.287,1.71029,1.71043,2.45,1.00
2016.01.08 16:24:41.786,1.71015,1.71024,1.32,1.00
2016.01.08 16:24:41.837,1.71014,1.71024,1.37,1.00
2016.01.08 16:24:42.447,1.7101,1.71024,1.12,1.12
2016.01.08 16:24:43.004,1.71008,1.71022,1.37,1.00
2016.01.08 16:24:43.613,1.71008,1.71022,1.37,1.50
2016.01.08 16:24:43.816,1.71005,1.7102,1.50,1.50
2016.01.08 16:24:43.867,1.71005,1.71016,1.12,1.00
2016.01.08 16:24:44.545,1.70998,1.7101,1.12,1.00
2016.01.08 16:24:44.853,1.70999,1.7101,1.50,1.00
2016.01.08 16:24:44.956,1.70999,1.7101,1.50,1.00
2016.01.08 16:24:47.469,1.70998,1.7101,1.00,1.00
2016.01.08 16:24:47.623,1.70996,1.71006,1.37,1.00
2016.01.08 16:24:47.928,1.7099,1.71001,1.20,1.12
2016.01.08 16:24:47.979,1.70988,1.71001,1.20,1.12
2016.01.08 16:24:48.298,1.70988,1.71002,1.12,1.50
2016.01.08 16:24:48.806,1.70985,1.71002,2.32,1.12
2016.01.08 16:24:49.111,1.70987,1.71002,1.00,1.75
2016.01.08 16:24:49.539,1.70986,1.70996,1.00,1.12
2016.01.08 16:24:49.590,1.70983,1.70993,1.00,1.00
2016.01.08 16:24:49.895,1.7098,1.70994,1.00,1.00
2016.01.08 16:24:49.997,1.7098,1.70994,1.00,1.12
2016.01.08 16:24:50.719,1.7098,1.70994,1.12,1.75
2016.01.08 16:24:50.978,1.7098,1.70994,2.25,1.00
2016.01.08 16:24:51.029,1.7098,1.70996,3.00,1.50
2016.01.08 16:24:51.335,1.70979,1.70996,2.25,1.75
2016.01.08 16:24:51.488,1.70978,1.70994,2.62,1.37
2016.01.08 16:24:52.070,1.70978,1.70989,2.25,1.37
2016.01.08 16:24:52.128,1.7097,1.70986,1.87,1.00
2016.01.08 16:24:52.435,1.7097,1.70988,2.32,1.50
2016.01.08 16:24:52.538,1.70974,1.70988,1.00,1.50
2016.01.08 16:24:53.048,1.70984,1.70996,1.00,1.12
2016.01.08 16:24:53.099,1.70982,1.70999,1.12,1.87
2016.01.08 16:24:53.458,1.70984,1.70999,1.00,1.12
2016.01.08 16:24:53.765,1.7098,1.70992,1.37,1.00
2016.01.08 16:24:53.817,1.7098,1.70994,1.37,1.00
2016.01.08 16:24:54.320,1.7098,1.70993,1.50,1.00
2016.01.08 16:24:55.401,1.70981,1.70995,1.00,1.00
2016.01.08 16:24:55.695,1.70982,1.70996,1.12,1.00
2016.01.08 16:24:55.848,1.70982,1.70999,1.12,1.23
2016.01.08 16:24:55.950,1.70982,1.70999,2.62,1.00
2016.01.08 16:24:56.255,1.70985,1.70999,1.00,1.29
2016.01.08 16:24:56.408,1.70986,1.71004,1.87,1.29
2016.01.08 16:24:56.459,1.70988,1.71005,1.50,3.54
2016.01.08 16:24:56.833,1.70987,1.71001,1.00,1.00
2016.01.08 16:24:57.349,1.70986,1.71002,1.12,1.54
2016.01.08 16:24:58.037,1.70987,1.71002,1.00,1.54
2016.01.08 16:24:58.419,1.7099,1.71003,1.00,1.87
2016.01.08 16:24:58.522,1.7099,1.71003,1.00,1.50
2016.01.08 16:24:58.573,1.70987,1.71003,1.12,1.50
2016.01.08 16:24:58.777,1.70983,1.70998,2.32,1.00
2016.01.08 16:24:58.879,1.70983,1.70998,1.20,1.00
2016.01.08 16:24:59.316,1.70978,1.70995,1.00,1.86
2016.01.08 16:24:59.418,1.70978,1.70992,1.00,1.00
2016.01.08 16:24:59.724,1.70973,1.70993,2.40,1.87
2016.01.08 16:24:59.775,1.70973,1.7099,1.20,1.12
2016.01.08 16:24:59.826,1.70973,1.70988,1.20,1.36
2016.01.08 16:24:59.979,1.70969,1.70986,1.00,1.11
2016.01.08 16:25:00.082,1.70964,1.70981,1.12,1.00
2016.01.08 16:25:00.729,1.70958,1.70974,2.25,1.37
2016.01.08 16:25:00.782,1.70955,1.7097,1.00,1.00
2016.01.08 16:25:00.986,1.70952,1.70972,2.25,1.11
2016.01.08 16:25:01.753,1.70954,1.70972,1.12,1.49
2016.01.08 16:25:02.060,1.70954,1.70969,1.00,1.87
2016.01.08 16:25:02.165,1.70954,1.70971,1.00,2.25
2016.01.08 16:25:02.217,1.70954,1.70972,1.00,1.75
2016.01.08 16:25:02.887,1.70953,1.70969,2.25,1.00
2016.01.08 16:25:03.601,1.70955,1.70973,1.00,1.49
2016.01.08 16:25:04.510,1.70956,1.70971,1.00,1.11
2016.01.08 16:25:05.024,1.70958,1.70971,1.00,1.11
2016.01.08 16:25:05.540,1.70964,1.7098,1.75,1.74
2016.01.08 16:25:05.592,1.70974,1.70984,1.00,1.12
2016.01.08 16:25:05.846,1.70978,1.70987,1.00,1.12
2016.01.08 16:25:05.947,1.70978,1.7099,1.00,1.12
2016.01.08 16:25:05.999,1.7098,1.70991,1.00,1.12
2016.01.08 16:25:06.050,1.7098,1.70992,1.00,1.37
2016.01.08 16:25:06.305,1.70983,1.70992,1.00,1.00
2016.01.08 16:25:06.680,1.70983,1.70999,1.00,1.87
2016.01.08 16:25:07.197,1.7098,1.70996,1.37,1.87
2016.01.08 16:25:07.249,1.7098,1.70995,1.00,1.75
2016.01.08 16:25:07.503,1.70977,1.70997,1.37,3.00
2016.01.08 16:25:07.845,1.70975,1.7099,1.12,1.75
2016.01.08 16:25:08.302,1.70977,1.70993,1.00,1.75
2016.01.08 16:25:09.102,1.70977,1.70993,1.00,1.75
2016.01.08 16:25:09.770,1.70976,1.70993,1.00,1.75
2016.01.08 16:25:10.351,1.70983,1.70995,1.12,1.37
2016.01.08 16:25:10.403,1.70986,1.70997,1.00,1.00
2016.01.08 16:25:10.456,1.70986,1.70999,1.00,1.00
2016.01.08 16:25:10.713,1.70986,1.71002,1.12,1.50
2016.01.08 16:25:10.815,1.70985,1.70999,1.37,1.37
2016.01.08 16:25:10.969,1.70984,1.70998,1.00,1.12
2016.01.08 16:25:11.124,1.70982,1.70998,1.50,1.00
2016.01.08 16:25:11.490,1.7098,1.70993,1.00,1.00
2016.01.08 16:25:12.231,1.70981,1.70993,1.00,1.00
2016.01.08 16:25:12.455,1.70981,1.70995,1.00,1.00
2016.01.08 16:25:13.116,1.70981,1.70998,1.37,1.00
2016.01.08 16:25:13.371,1.70988,1.70998,1.00,1.00
2016.01.08 16:25:13.423,1.70988,1.71,1.00,1.00
2016.01.08 16:25:13.475,1.7099,1.71002,1.00,1.12
2016.01.08 16:25:14.101,1.70987,1.71006,1.50,1.37
2016.01.08 16:25:14.203,1.70987,1.71002,1.00,2.25
2016.01.08 16:25:14.255,1.70985,1.70998,1.00,1.00
2016.01.08 16:25:14.407,1.70982,1.70997,1.00,1.37
2016.01.08 16:25:14.560,1.70979,1.70997,1.87,1.50
2016.01.08 16:25:15.313,1.70981,1.70997,1.00,1.87
2016.01.08 16:25:15.567,1.7098,1.70997,1.00,1.12
2016.01.08 16:25:15.669,1.7098,1.70994,1.00,1.00
2016.01.08 16:25:15.936,1.70978,1.70994,1.50,1.12
2016.01.08 16:25:16.841,1.70977,1.70991,1.50,1.00
2016.01.08 16:25:17.305,1.70981,1.70995,1.00,1.50
2016.01.08 16:25:17.808,1.70988,1.71,1.12,1.37
2016.01.08 16:25:18.012,1.70988,1.71,1.00,1.00
2016.01.08 16:25:18.063,1.70988,1.70998,1.00,1.00
2016.01.08 16:25:19.205,1.70988,1.70998,1.37,1.00
2016.01.08 16:25:19.256,1.70988,1.71,1.37,1.00
2016.01.08 16:25:19.308,1.70989,1.70998,1.00,1.00
2016.01.08 16:25:20.287,1.70986,1.70998,1.50,1.00
2016.01.08 16:25:22.084,1.70985,1.70997,1.37,1.00
2016.01.08 16:25:22.724,1.7098,1.70997,1.20,1.00
2016.01.08 16:25:22.776,1.7098,1.70993,1.20,1.00
2016.01.08 16:25:22.828,1.70979,1.70992,1.37,1.00
2016.01.08 16:25:22.931,1.70977,1.70992,1.12,1.00
2016.01.08 16:25:23.033,1.70977,1.7099,1.00,1.00
2016.01.08 16:25:23.338,1.70975,1.70988,1.12,1.00
2016.01.08 16:25:23.704,1.70973,1.70988,1.12,1.00
2016.01.08 16:25:23.756,1.70973,1.70985,1.37,1.00
2016.01.08 16:25:24.366,1.70973,1.70985,1.50,1.00
2016.01.08 16:25:25.240,1.70969,1.70984,1.87,1.00
2016.01.08 16:25:25.749,1.70973,1.70984,1.37,1.00
2016.01.08 16:25:25.800,1.70976,1.70987,1.00,1.00
2016.01.08 16:25:26.366,1.70972,1.70987,1.75,1.00
2016.01.08 16:25:26.880,1.70972,1.70987,2.25,1.00
2016.01.08 16:25:27.593,1.70974,1.70987,1.50,1.00
2016.01.08 16:25:27.644,1.70975,1.70988,1.00,1.00
2016.01.08 16:25:28.154,1.70973,1.70987,1.37,1.00
2016.01.08 16:25:30.650,1.70977,1.70989,1.12,1.00
2016.01.08 16:25:30.803,1.70977,1.70991,1.87,1.00
2016.01.08 16:25:30.854,1.70982,1.70991,1.87,1.00
2016.01.08 16:25:31.109,1.70986,1.71,1.50,1.00
2016.01.08 16:25:33.290,1.70987,1.71,1.75,1.00
2016.01.08 16:25:33.657,1.7099,1.71001,1.50,1.00
2016.01.08 16:25:34.827,1.70995,1.71001,1.00,1.00
2016.01.08 16:25:34.981,1.70995,1.7101,1.50,1.00
2016.01.08 16:25:35.083,1.70998,1.7101,1.00,1.00
2016.01.08 16:25:35.667,1.70998,1.7101,1.50,1.00
2016.01.08 16:25:37.594,1.70998,1.7101,1.00,1.00
2016.01.08 16:25:37.696,1.70995,1.7101,1.00,1.00
2016.01.08 16:25:37.747,1.70993,1.71007,1.87,1.00
2016.01.08 16:25:38.126,1.70993,1.71,1.37,1.00
2016.01.08 16:25:38.178,1.70978,1.70991,1.00,1.00
2016.01.08 16:25:38.281,1.70975,1.70991,1.00,1.12
2016.01.08 16:25:38.333,1.70974,1.70988,1.12,1.00
2016.01.08 16:25:38.841,1.70972,1.70989,2.25,1.00
2016.01.08 16:25:39.184,1.70972,1.70989,1.50,1.75
2016.01.08 16:25:39.692,1.70972,1.70986,1.50,1.00
2016.01.08 16:25:40.631,1.7097,1.70986,1.00,1.00
2016.01.08 16:25:41.452,1.70969,1.70986,1.12,1.00
2016.01.08 16:25:41.554,1.70969,1.70984,1.12,1.00
2016.01.08 16:25:41.982,1.70967,1.70981,1.87,1.00
2016.01.08 16:25:42.504,1.70969,1.70981,1.37,1.00
2016.01.08 16:25:42.709,1.70969,1.70983,1.37,1.00
2016.01.08 16:25:43.386,1.70967,1.70983,1.00,1.00
2016.01.08 16:25:43.488,1.70966,1.70979,1.00,1.00
2016.01.08 16:25:43.590,1.70963,1.70979,2.25,1.00
2016.01.08 16:25:44.015,1.70961,1.70976,1.00,1.00
2016.01.08 16:25:44.384,1.70958,1.70974,1.75,1.50
2016.01.08 16:25:44.690,1.70973,1.70981,1.00,1.00
2016.01.08 16:25:44.741,1.70973,1.70984,1.00,1.00
2016.01.08 16:25:44.793,1.70973,1.70986,1.37,1.00
2016.01.08 16:25:44.946,1.70971,1.70988,1.87,1.00
2016.01.08 16:25:45.099,1.7097,1.70987,3.45,1.87
2016.01.08 16:25:45.150,1.7097,1.70985,2.62,1.00
2016.01.08 16:25:45.504,1.70973,1.70985,1.37,1.50
2016.01.08 16:25:45.810,1.70973,1.70988,2.53,1.00
2016.01.08 16:25:46.013,1.70974,1.70988,1.12,1.00
2016.01.08 16:25:46.767,1.70972,1.7098,1.87,1.95
2016.01.08 16:25:47.077,1.70959,1.70975,1.75,1.37
2016.01.08 16:25:47.331,1.70959,1.70975,2.62,1.00
2016.01.08 16:25:48.219,1.70954,1.7097,2.25,1.00
2016.01.08 16:25:48.934,1.70955,1.7097,1.00,1.00
2016.01.08 16:25:50.274,1.70955,1.70968,1.00,1.00
2016.01.08 16:25:50.811,1.70954,1.70969,1.00,1.50
2016.01.08 16:25:51.270,1.70954,1.70965,1.00,1.00
2016.01.08 16:25:51.573,1.70948,1.70963,1.00,1.00
2016.01.08 16:25:51.624,1.70947,1.70964,1.87,1.00
2016.01.08 16:25:51.676,1.70948,1.70966,1.12,1.50
2016.01.08 16:25:52.651,1.70951,1.70968,1.00,1.50
2016.01.08 16:25:53.108,1.70952,1.70969,1.50,1.37
2016.01.08 16:25:53.416,1.70958,1.7097,1.00,1.00
2016.01.08 16:25:53.924,1.70955,1.70971,1.50,1.00
2016.01.08 16:25:54.779,1.70957,1.70971,1.00,1.00
2016.01.08 16:25:55.085,1.70959,1.70973,1.00,1.00
2016.01.08 16:25:55.187,1.70961,1.70978,1.37,1.87
2016.01.08 16:25:55.289,1.70964,1.70977,1.00,1.00
2016.01.08 16:25:55.696,1.70968,1.7098,1.00,1.50
2016.01.08 16:25:56.314,1.70967,1.70981,1.50,1.00
2016.01.08 16:25:56.418,1.70966,1.70981,1.87,1.00
2016.01.08 16:25:56.521,1.70966,1.70981,1.00,1.87
2016.01.08 16:25:56.572,1.70964,1.70981,1.50,1.87
2016.01.08 16:25:57.397,1.70964,1.70977,1.00,1.00
2016.01.08 16:25:57.958,1.70959,1.70977,2.32,1.50
2016.01.08 16:25:58.214,1.70954,1.70972,1.00,1.87
2016.01.08 16:25:58.265,1.70956,1.70972,1.00,1.87
2016.01.08 16:25:58.597,1.70957,1.70972,1.00,1.37
2016.01.08 16:25:58.751,1.70959,1.70972,1.00,1.37
2016.01.08 16:25:59.316,1.70959,1.70972,1.00,1.37
2016.01.08 16:25:59.676,1.70957,1.70974,1.00,1.12
2016.01.08 16:26:00.344,1.70958,1.70974,1.00,1.12
2016.01.08 16:26:00.549,1.70958,1.70973,1.00,1.12
2016.01.08 16:26:01.023,1.70956,1.70973,1.00,1.12
2016.01.08 16:26:01.533,1.70953,1.7097,1.87,1.37
2016.01.08 16:26:01.635,1.70953,1.7097,1.00,1.75
2016.01.08 16:26:01.737,1.70951,1.70967,1.50,1.00
2016.01.08 16:26:01.839,1.70949,1.70966,1.00,1.37
2016.01.08 16:26:02.232,1.70954,1.70964,1.00,1.00
2016.01.08 16:26:02.284,1.70954,1.7097,1.12,1.87
2016.01.08 16:26:02.793,1.70954,1.70971,1.12,1.12
2016.01.08 16:26:03.452,1.70955,1.70972,1.00,1.12
2016.01.08 16:26:03.962,1.70954,1.70969,1.50,1.00
2016.01.08 16:26:05.059,1.70953,1.70966,1.37,1.00
2016.01.08 16:26:05.111,1.70952,1.70966,1.12,1.00
2016.01.08 16:26:05.162,1.70952,1.70969,1.50,1.12
2016.01.08 16:26:05.316,1.70956,1.70971,1.37,1.75
2016.01.08 16:26:05.469,1.70958,1.70976,1.00,1.75
2016.01.08 16:26:05.571,1.70958,1.70976,1.00,1.00
2016.01.08 16:26:06.213,1.70958,1.70977,1.75,1.12
2016.01.08 16:26:06.266,1.70962,1.70979,1.87,1.00
2016.01.08 16:26:06.828,1.70961,1.70977,1.50,1.00
2016.01.08 16:26:07.398,1.70961,1.70975,1.00,1.50
2016.01.08 16:26:07.450,1.70961,1.70977,1.00,1.37
2016.01.08 16:26:07.958,1.70959,1.70977,1.87,1.37
2016.01.08 16:26:09.186,1.70958,1.70976,1.75,1.50
2016.01.08 16:26:09.288,1.70954,1.70972,1.12,1.50
2016.01.08 16:26:09.339,1.70953,1.70969,1.37,1.00
2016.01.08 16:26:09.594,1.70949,1.70965,1.00,1.12
2016.01.08 16:26:10.422,1.70949,1.70966,1.12,1.12
2016.01.08 16:26:10.930,1.70946,1.70966,1.75,2.25
2016.01.08 16:26:10.982,1.70946,1.70965,1.50,1.12
2016.01.08 16:26:11.360,1.70949,1.70965,1.00,1.12
2016.01.08 16:26:11.462,1.70949,1.70966,1.50,1.00
2016.01.08 16:26:11.972,1.70949,1.70966,1.00,1.87
2016.01.08 16:26:12.866,1.70945,1.70962,1.87,1.00
2016.01.08 16:26:12.969,1.70945,1.70964,1.00,3.00
2016.01.08 16:26:13.328,1.70943,1.70962,1.50,2.62
2016.01.08 16:26:13.938,1.70952,1.70962,1.12,1.50
2016.01.08 16:26:14.097,1.70955,1.70974,1.37,3.00
2016.01.08 16:26:14.201,1.70957,1.70973,1.00,1.00
2016.01.08 16:26:16.116,1.70959,1.70976,1.00,1.12
2016.01.08 16:26:16.539,1.70962,1.70977,1.00,1.37
2016.01.08 16:26:16.692,1.70964,1.7098,1.00,1.12
2016.01.08 16:26:17.049,1.70963,1.7098,1.00,1.50
2016.01.08 16:26:17.152,1.70961,1.7098,1.00,3.75
2016.01.08 16:26:17.255,1.7096,1.70978,1.37,1.75
2016.01.08 16:26:17.775,1.7096,1.70977,1.00,1.00
2016.01.08 16:26:19.697,1.7096,1.70977,1.00,1.50
2016.01.08 16:26:20.535,1.7096,1.70978,1.50,1.50
2016.01.08 16:26:20.853,1.7096,1.70975,1.12,1.00
2016.01.08 16:26:20.955,1.70957,1.70975,1.87,1.50
2016.01.08 16:26:21.007,1.70957,1.70975,1.87,1.50
2016.01.08 16:26:21.110,1.70957,1.70975,1.12,2.62
2016.01.08 16:26:21.418,1.70959,1.70977,1.37,2.62
2016.01.08 16:26:22.127,1.7096,1.70977,1.37,1.37
2016.01.08 16:26:22.180,1.7096,1.70977,1.87,1.00
2016.01.08 16:26:23.074,1.7096,1.70978,1.87,1.00
2016.01.08 16:26:23.227,1.7096,1.70978,1.87,1.00
2016.01.08 16:26:23.893,1.70961,1.70979,1.12,1.12
2016.01.08 16:26:25.201,1.70961,1.70979,1.12,1.00
2016.01.08 16:26:25.578,1.70959,1.70975,1.37,1.00
2016.01.08 16:26:25.883,1.70962,1.70979,1.87,1.00
2016.01.08 16:26:26.240,1.70964,1.70981,1.37,1.05
2016.01.08 16:26:26.393,1.70966,1.70983,1.37,1.80
2016.01.08 16:26:26.761,1.70969,1.70987,1.50,1.50
2016.01.08 16:26:27.271,1.70969,1.70987,2.62,1.37
2016.01.08 16:26:28.378,1.70972,1.70989,1.37,1.12
2016.01.08 16:26:28.531,1.70972,1.70989,2.62,1.00
2016.01.08 16:26:29.834,1.70974,1.70988,1.37,1.00
2016.01.08 16:26:29.938,1.70974,1.7099,1.37,1.54
2016.01.08 16:26:30.707,1.70976,1.7099,1.37,1.25
2016.01.08 16:26:30.758,1.70976,1.70991,1.37,1.00
2016.01.08 16:26:30.810,1.70974,1.70991,1.75,1.00
2016.01.08 16:26:30.912,1.70977,1.70989,1.00,1.00
2016.01.08 16:26:31.218,1.70983,1.70996,1.00,1.12
2016.01.08 16:26:31.321,1.70983,1.70997,1.00,1.00
2016.01.08 16:26:31.925,1.70979,1.70998,2.25,2.32
2016.01.08 16:26:32.003,1.70976,1.70993,1.87,1.20
2016.01.08 16:26:32.311,1.70975,1.70992,1.75,2.77
2016.01.08 16:26:33.680,1.70975,1.70992,1.37,2.77
2016.01.08 16:26:33.833,1.70975,1.7099,1.37,1.07
2016.01.08 16:26:34.645,1.70975,1.7099,1.37,1.20
2016.01.08 16:26:36.363,1.70972,1.7098,1.00,1.95
2016.01.08 16:26:36.414,1.70967,1.7098,1.00,1.57
2016.01.08 16:26:36.517,1.70969,1.7098,1.00,1.47
2016.01.08 16:26:36.671,1.70963,1.70979,3.00,1.00
2016.01.08 16:26:36.723,1.70964,1.70979,1.50,1.07
2016.01.08 16:26:37.031,1.70963,1.70978,1.50,1.19
2016.01.08 16:26:37.630,1.70959,1.70976,3.00,1.94
2016.01.08 16:26:38.140,1.70959,1.70973,3.00,1.75
2016.01.08 16:26:38.192,1.70959,1.7097,1.12,1.12
2016.01.08 16:26:38.245,1.70956,1.70967,3.00,1.00
2016.01.08 16:26:38.607,1.70951,1.7097,1.87,1.19
2016.01.08 16:26:39.065,1.70951,1.7097,1.87,1.19
2016.01.08 16:26:39.167,1.70951,1.70967,1.87,1.57
2016.01.08 16:26:39.219,1.7095,1.70965,1.12,1.09
2016.01.08 16:26:39.321,1.70948,1.70963,1.50,1.12
2016.01.08 16:26:39.770,1.70948,1.70961,1.37,1.00
2016.01.08 16:26:39.996,1.70945,1.7096,1.12,1.00
2016.01.08 16:26:40.048,1.70945,1.70958,1.37,1.00
2016.01.08 16:26:40.303,1.7094,1.70954,1.12,1.00
2016.01.08 16:26:40.354,1.7094,1.70958,1.50,1.37
2016.01.08 16:26:40.406,1.70941,1.70957,1.12,1.12
2016.01.08 16:26:40.778,1.7094,1.70955,1.37,1.12
2016.01.08 16:26:41.089,1.70939,1.70952,1.37,1.00
2016.01.08 16:26:41.191,1.70938,1.70952,1.00,1.00
2016.01.08 16:26:41.243,1.70938,1.7095,1.00,1.00
2016.01.08 16:26:41.397,1.70936,1.70952,1.12,1.00
2016.01.08 16:26:41.501,1.70938,1.70952,1.37,1.00
2016.01.08 16:26:41.790,1.70938,1.70952,1.00,1.00
2016.01.08 16:26:41.842,1.70936,1.70955,1.37,1.50
2016.01.08 16:26:41.944,1.70936,1.70954,1.37,1.00
2016.01.08 16:26:42.454,1.70938,1.70956,1.50,2.62
2016.01.08 16:26:42.984,1.70938,1.70955,1.37,1.37
2016.01.08 16:26:43.289,1.7094,1.70958,1.12,1.12
2016.01.08 16:26:43.442,1.7094,1.70959,1.87,1.50
2016.01.08 16:26:44.183,1.70945,1.70958,1.00,1.85
2016.01.08 16:26:44.339,1.70943,1.70958,1.00,1.87
2016.01.08 16:26:44.442,1.70937,1.7095,2.62,1.37
2016.01.08 16:26:44.850,1.70935,1.7095,1.00,3.00
2016.01.08 16:26:45.365,1.70935,1.70949,1.00,1.00
2016.01.08 16:26:45.928,1.70936,1.7095,1.00,3.00
2016.01.08 16:26:46.083,1.70943,1.7095,1.00,1.87
2016.01.08 16:26:46.136,1.70945,1.70955,1.00,1.20
2016.01.08 16:26:46.420,1.70945,1.70956,1.00,1.12
2016.01.08 16:26:46.472,1.70946,1.7096,1.00,1.12
2016.01.08 16:26:46.677,1.70948,1.7096,1.00,1.12
2016.01.08 16:26:46.984,1.70951,1.70962,1.00,1.12
2016.01.08 16:26:47.138,1.70951,1.70963,1.00,1.00
2016.01.08 16:26:47.813,1.70957,1.70966,1.00,1.12
2016.01.08 16:26:47.864,1.7096,1.70971,1.00,1.12
2016.01.08 16:26:47.966,1.70963,1.70972,1.00,1.37
2016.01.08 16:26:48.273,1.70967,1.70982,1.00,1.12
2016.01.08 16:26:48.324,1.7097,1.70982,1.00,1.12
2016.01.08 16:26:48.529,1.70967,1.70983,1.00,1.75
2016.01.08 16:26:48.853,1.70968,1.70983,1.00,1.50
2016.01.08 16:26:48.905,1.70965,1.70983,1.00,1.37
2016.01.08 16:26:49.008,1.70967,1.70982,1.00,1.00
2016.01.08 16:26:49.516,1.70967,1.70985,1.12,2.25
2016.01.08 16:26:50.107,1.70967,1.70982,1.12,1.87
2016.01.08 16:26:51.449,1.70961,1.70976,1.37,1.00
2016.01.08 16:26:51.755,1.7096,1.70977,1.12,1.12
2016.01.08 16:26:51.958,1.70959,1.70977,3.07,1.12
2016.01.08 16:26:52.672,1.70957,1.70965,1.75,1.37
2016.01.08 16:26:52.724,1.70951,1.70965,1.12,1.75
2016.01.08 16:26:52.877,1.70951,1.70964,1.00,1.50
2016.01.08 16:26:53.031,1.70948,1.70964,1.87,3.00
2016.01.08 16:26:53.083,1.70948,1.70962,1.12,1.37
2016.01.08 16:26:53.712,1.7095,1.70964,1.00,1.87
2016.01.08 16:26:53.764,1.7095,1.70965,1.00,1.37
2016.01.08 16:26:54.273,1.70947,1.70966,1.12,2.25
2016.01.08 16:26:54.630,1.70949,1.70966,1.12,1.75
2016.01.08 16:26:55.195,1.7095,1.70966,1.00,1.75
2016.01.08 16:26:55.298,1.70952,1.70968,1.00,1.12
2016.01.08 16:26:55.979,1.70948,1.70963,1.50,1.00
2016.01.08 16:26:56.034,1.70946,1.70961,1.12,1.37
2016.01.08 16:26:56.392,1.70945,1.70961,1.12,1.50
2016.01.08 16:26:57.162,1.70944,1.70962,1.50,1.12
2016.01.08 16:26:57.350,1.70944,1.70962,1.50,1.12
2016.01.08 16:26:57.659,1.70949,1.70963,1.00,1.95
2016.01.08 16:26:57.710,1.70952,1.70963,1.00,1.20
2016.01.08 16:26:57.812,1.70952,1.70965,1.00,1.10
2016.01.08 16:26:57.914,1.70952,1.7097,1.50,1.37
2016.01.08 16:26:58.424,1.70954,1.7097,1.00,1.87
2016.01.08 16:26:58.878,1.70958,1.70973,1.00,1.37
2016.01.08 16:26:59.030,1.70956,1.70973,1.12,1.37
2016.01.08 16:26:59.335,1.70952,1.70971,3.75,1.50
2016.01.08 16:26:59.386,1.70952,1.7097,2.25,1.37
2016.01.08 16:27:00.229,1.70949,1.70966,1.50,1.87
2016.01.08 16:27:00.535,1.70953,1.70968,1.00,1.37
2016.01.08 16:27:00.637,1.70953,1.70968,1.00,1.37
2016.01.08 16:27:00.790,1.70951,1.70968,1.12,1.37
2016.01.08 16:27:01.427,1.70951,1.70969,1.50,1.12
2016.01.08 16:27:01.478,1.70949,1.70965,1.87,1.00
2016.01.08 16:27:01.683,1.70947,1.70964,1.00,1.87
2016.01.08 16:27:01.785,1.70949,1.70964,1.00,1.12
2016.01.08 16:27:01.887,1.70953,1.70966,1.00,1.07
2016.01.08 16:27:01.989,1.70953,1.70968,1.00,1.20
2016.01.08 16:27:02.880,1.70952,1.70969,1.00,1.37
2016.01.08 16:27:02.932,1.70952,1.70966,1.00,1.50
2016.01.08 16:27:03.085,1.70946,1.70964,1.00,1.87
2016.01.08 16:27:03.705,1.70943,1.70963,1.87,1.87
2016.01.08 16:27:03.971,1.70945,1.70962,2.25,1.37
2016.01.08 16:27:04.023,1.70945,1.70962,2.62,1.12
2016.01.08 16:27:04.125,1.70945,1.70963,3.00,1.75
2016.01.08 16:27:04.638,1.70945,1.70961,2.25,1.48
2016.01.08 16:27:05.060,1.70945,1.70961,2.25,2.61
2016.01.08 16:27:05.316,1.70938,1.70957,2.25,1.86
2016.01.08 16:27:05.367,1.70938,1.70955,1.50,1.48
2016.01.08 16:27:05.673,1.70938,1.70949,1.00,1.12
2016.01.08 16:27:05.776,1.70932,1.70949,1.50,1.12
2016.01.08 16:27:06.138,1.70937,1.70953,1.50,1.50
2016.01.08 16:27:06.190,1.70937,1.70954,1.87,1.00
2016.01.08 16:27:06.241,1.70939,1.70954,1.37,1.00
2016.01.08 16:27:06.394,1.70942,1.70959,1.50,1.95
2016.01.08 16:27:06.904,1.70942,1.70959,1.00,1.00
2016.01.08 16:27:07.254,1.70942,1.70959,1.00,2.62
2016.01.08 16:27:07.306,1.70937,1.70956,2.25,1.00
2016.01.08 16:27:07.408,1.70937,1.70956,2.25,1.00
2016.01.08 16:27:07.667,1.70938,1.70954,1.00,1.00
2016.01.08 16:27:08.985,1.70939,1.70957,1.00,1.20
2016.01.08 16:27:09.811,1.70937,1.70957,1.50,1.95
2016.01.08 16:27:10.117,1.70939,1.70958,1.75,2.25
2016.01.08 16:27:10.626,1.70945,1.7096,1.00,1.50
2016.01.08 16:27:11.183,1.70938,1.70954,3.00,1.37
2016.01.08 16:27:11.234,1.70937,1.70954,3.00,1.37
2016.01.08 16:27:11.337,1.70937,1.70954,1.37,2.32
2016.01.08 16:27:11.642,1.70933,1.70952,1.75,2.25
2016.01.08 16:27:11.975,1.70929,1.70944,1.00,1.57
2016.01.08 16:27:12.026,1.70929,1.70945,1.87,1.12
2016.01.08 16:27:12.342,1.70932,1.70946,1.00,1.87
2016.01.08 16:27:12.649,1.70939,1.70953,1.00,1.37
2016.01.08 16:27:12.802,1.70941,1.70956,1.00,2.02
2016.01.08 16:27:13.598,1.70943,1.70954,1.00,1.00
2016.01.08 16:27:13.852,1.70949,1.70962,1.00,1.87
2016.01.08 16:27:14.056,1.7095,1.70963,1.37,1.50
2016.01.08 16:27:14.107,1.70951,1.70965,1.12,1.95
2016.01.08 16:27:14.158,1.70951,1.70966,1.12,1.50
2016.01.08 16:27:14.675,1.7095,1.70966,1.50,1.12
2016.01.08 16:27:15.197,1.70951,1.70965,1.00,1.00
2016.01.08 16:27:16.061,1.70948,1.70964,1.12,1.00
2016.01.08 16:27:16.319,1.70945,1.70964,1.50,1.57
2016.01.08 16:27:16.472,1.70944,1.70962,1.50,1.00
2016.01.08 16:27:16.575,1.70943,1.7096,1.12,1.00
2016.01.08 16:27:17.257,1.70943,1.70961,1.37,1.50
2016.01.08 16:27:17.799,1.70942,1.70961,1.87,1.50
2016.01.08 16:27:18.609,1.70942,1.70961,1.87,2.25
2016.01.08 16:27:18.914,1.70942,1.70961,1.87,1.75
2016.01.08 16:27:19.399,1.70944,1.70961,1.00,1.50
2016.01.08 16:27:19.768,1.70944,1.70961,1.37,1.12
2016.01.08 16:27:20.277,1.70944,1.70962,1.37,1.12
2016.01.08 16:27:21.013,1.7095,1.70968,1.50,1.50
2016.01.08 16:27:21.064,1.70952,1.70969,1.75,1.37
2016.01.08 16:27:21.116,1.70954,1.7097,1.00,1.00
2016.01.08 16:27:21.319,1.70952,1.70966,1.00,1.12
2016.01.08 16:27:21.625,1.70943,1.70963,1.87,2.62
2016.01.08 16:27:21.676,1.70943,1.70963,1.87,2.62
2016.01.08 16:27:22.198,1.70943,1.70961,2.25,1.75
2016.01.08 16:27:22.562,1.70943,1.70962,3.00,2.25
2016.01.08 16:27:22.990,1.70946,1.70962,1.87,1.12
2016.01.08 16:27:23.835,1.70947,1.70962,1.87,1.00
2016.01.08 16:27:24.144,1.7095,1.70963,1.87,1.00
2016.01.08 16:27:24.608,1.7095,1.70961,1.87,1.00
2016.01.08 16:27:24.660,1.70944,1.70961,1.87,1.12
2016.01.08 16:27:25.074,1.7094,1.70961,2.62,1.87
2016.01.08 16:27:26.902,1.70939,1.70956,1.87,1.00
2016.01.08 16:27:26.953,1.70939,1.70956,1.00,1.37
2016.01.08 16:27:27.219,1.70935,1.70954,1.75,1.50
2016.01.08 16:27:27.748,1.70934,1.70953,1.37,1.75
2016.01.08 16:27:27.953,1.70932,1.7095,2.25,1.50
2016.01.08 16:27:28.156,1.70931,1.7095,1.37,2.25
2016.01.08 16:27:28.209,1.70931,1.70945,1.00,1.00
2016.01.08 16:27:28.414,1.70925,1.70942,1.50,1.37
2016.01.08 16:27:28.465,1.70925,1.70942,1.00,1.12
2016.01.08 16:27:28.516,1.70924,1.70942,1.50,1.37
2016.01.08 16:27:28.620,1.70924,1.70943,1.37,1.87
2016.01.08 16:27:28.929,1.70925,1.70943,3.00,1.50
2016.01.08 16:27:29.285,1.70927,1.70943,1.12,1.00
2016.01.08 16:27:29.795,1.70928,1.70944,1.75,1.00
2016.01.08 16:27:30.140,1.70932,1.70948,1.00,1.00
2016.01.08 16:27:30.243,1.70931,1.70948,1.12,1.00
2016.01.08 16:27:30.548,1.7093,1.70948,1.50,1.12
2016.01.08 16:27:31.514,1.7093,1.70946,1.00,1.12
2016.01.08 16:27:31.566,1.7093,1.70946,1.00,1.37
2016.01.08 16:27:32.027,1.70928,1.70943,1.12,1.50
2016.01.08 16:27:32.334,1.70931,1.7094,1.00,1.12
2016.01.08 16:27:32.669,1.70932,1.70948,1.00,1.00
2016.01.08 16:27:32.720,1.70932,1.70947,1.00,1.37
2016.01.08 16:27:33.232,1.70931,1.70948,1.12,1.87
2016.01.08 16:27:33.538,1.7093,1.70945,1.37,1.37
2016.01.08 16:27:34.473,1.7093,1.70946,1.37,1.37
2016.01.08 16:27:35.060,1.70929,1.70945,1.50,1.37
2016.01.08 16:27:35.435,1.7093,1.70947,1.37,1.37
2016.01.08 16:27:36.096,1.7093,1.70947,1.00,1.00
2016.01.08 16:27:36.678,1.70929,1.70947,1.12,1.50
2016.01.08 16:27:36.983,1.70929,1.70939,1.00,1.00
2016.01.08 16:27:37.490,1.70928,1.70939,2.62,1.00
2016.01.08 16:27:38.011,1.70928,1.7094,2.62,1.00
2016.01.08 16:27:38.417,1.70928,1.70936,1.12,1.00
2016.01.08 16:27:38.570,1.70925,1.70936,3.00,1.00
2016.01.08 16:27:38.622,1.70925,1.70931,1.87,1.00
2016.01.08 16:27:39.264,1.70923,1.70931,1.37,1.00
2016.01.08 16:27:39.315,1.70918,1.70932,2.62,1.00
2016.01.08 16:27:39.468,1.70918,1.7093,2.62,1.00
2016.01.08 16:27:39.520,1.70918,1.7093,1.12,1.00
2016.01.08 16:27:40.082,1.70915,1.70927,1.87,1.00
2016.01.08 16:27:40.421,1.70917,1.70931,1.12,1.00
2016.01.08 16:27:40.780,1.70919,1.70928,1.12,1.00
2016.01.08 16:27:40.883,1.70917,1.70927,1.37,1.00
2016.01.08 16:27:40.935,1.70915,1.70925,1.37,1.00
2016.01.08 16:27:40.986,1.70915,1.70925,1.12,1.00
2016.01.08 16:27:41.362,1.70911,1.70924,1.37,1.00
2016.01.08 16:27:41.568,1.7091,1.70924,1.12,1.12
2016.01.08 16:27:42.027,1.70912,1.70927,1.87,1.12
2016.01.08 16:27:42.552,1.70912,1.70928,2.62,1.00
2016.01.08 16:27:42.807,1.70912,1.70926,1.37,1.00
2016.01.08 16:27:44.080,1.70911,1.70928,1.75,1.00
2016.01.08 16:27:44.334,1.70911,1.70926,1.50,1.00
2016.01.08 16:27:44.588,1.70915,1.70933,1.50,1.87
2016.01.08 16:27:45.134,1.70916,1.70931,2.62,1.00
2016.01.08 16:27:45.185,1.70916,1.70928,1.87,1.00
2016.01.08 16:27:45.339,1.70915,1.7093,1.37,1.12
2016.01.08 16:27:45.441,1.70917,1.70932,1.12,1.12
2016.01.08 16:27:45.543,1.70917,1.70934,1.37,1.37
2016.01.08 16:27:46.020,1.70918,1.70935,1.37,1.00
2016.01.08 16:27:46.173,1.70918,1.70931,1.50,1.87
2016.01.08 16:27:46.731,1.70917,1.70931,1.12,1.87
2016.01.08 16:27:47.721,1.70916,1.70931,1.12,1.87
2016.01.08 16:27:48.231,1.70915,1.70926,1.12,1.87
2016.01.08 16:27:48.846,1.70914,1.7092,1.00,1.05
2016.01.08 16:27:48.898,1.70902,1.7092,1.37,2.17
2016.01.08 16:27:49.154,1.709,1.70917,1.12,1.37
2016.01.08 16:27:49.358,1.70898,1.70917,1.50,2.25
2016.01.08 16:27:49.914,1.70898,1.70915,1.00,1.05
2016.01.08 16:27:50.170,1.70895,1.70909,1.00,1.50
2016.01.08 16:27:50.323,1.70891,1.70908,1.50,1.00
2016.01.08 16:27:50.375,1.70893,1.70908,1.00,1.00
2016.01.08 16:27:50.681,1.70894,1.70911,1.75,1.87
2016.01.08 16:27:51.216,1.70894,1.70909,1.00,1.00
2016.01.08 16:27:51.268,1.70892,1.70908,1.00,1.37
2016.01.08 16:27:51.370,1.70891,1.70908,1.00,1.87
2016.01.08 16:27:51.523,1.7089,1.70908,1.00,2.62
2016.01.08 16:27:51.828,1.70888,1.70907,1.37,1.75
2016.01.08 16:27:52.248,1.70888,1.70906,1.37,1.75
2016.01.08 16:27:52.304,1.70888,1.70906,1.37,1.87
2016.01.08 16:27:52.457,1.70887,1.70905,1.12,1.50
2016.01.08 16:27:53.399,1.70887,1.70899,1.12,1.00
2016.01.08 16:27:53.458,1.70881,1.70898,1.00,1.12
2016.01.08 16:27:53.612,1.70878,1.70897,1.60,1.50
2016.01.08 16:27:54.119,1.70879,1.70895,1.00,1.12
2016.01.08 16:27:54.938,1.70878,1.70895,1.00,1.75
2016.01.08 16:27:54.990,1.70878,1.70896,1.50,1.75
2016.01.08 16:27:55.854,1.70877,1.70895,1.12,1.50
2016.01.08 16:27:56.248,1.70877,1.70895,2.73,1.00
2016.01.08 16:27:56.655,1.70878,1.70898,1.37,3.37
2016.01.08 16:27:56.859,1.70877,1.70893,1.00,1.00
2016.01.08 16:27:57.331,1.70877,1.70894,1.75,1.00
2016.01.08 16:27:57.636,1.70881,1.70897,1.51,1.37
2016.01.08 16:27:58.702,1.70883,1.709,1.00,1.00
2016.01.08 16:27:59.958,1.70883,1.709,1.00,1.37
2016.01.08 16:28:00.469,1.70878,1.70896,1.12,1.37
2016.01.08 16:28:00.622,1.70875,1.70893,1.87,1.37
2016.01.08 16:28:00.673,1.70875,1.70893,1.50,1.12
2016.01.08 16:28:00.776,1.70875,1.70894,1.98,2.25
2016.01.08 16:28:01.056,1.70878,1.70894,1.00,1.50
2016.01.08 16:28:01.566,1.70878,1.70897,1.85,1.75
2016.01.08 16:28:01.873,1.70881,1.709,1.23,2.25
2016.01.08 16:28:02.478,1.70883,1.70899,1.00,1.00
2016.01.08 16:28:03.025,1.70883,1.70901,1.00,2.25
2016.01.08 16:28:03.712,1.70882,1.70899,1.37,1.00
2016.01.08 16:28:04.334,1.7088,1.70896,1.12,1.00
2016.01.08 16:28:04.487,1.70878,1.70895,1.12,1.00
2016.01.08 16:28:04.539,1.70875,1.70895,1.12,1.37
2016.01.08 16:28:04.914,1.70877,1.70896,1.12,1.95
2016.01.08 16:28:05.424,1.70878,1.70896,1.00,1.37
2016.01.08 16:28:05.478,1.70881,1.70896,1.00,1.00
2016.01.08 16:28:05.882,1.70883,1.70896,1.00,1.00
2016.01.08 16:28:06.396,1.70883,1.70897,1.00,1.00
2016.01.08 16:28:07.090,1.70881,1.70896,1.00,1.37
2016.01.08 16:28:07.458,1.70876,1.7089,1.37,1.00
2016.01.08 16:28:07.510,1.70873,1.7089,1.12,1.37
2016.01.08 16:28:08.017,1.70873,1.70888,1.12,1.17
2016.01.08 16:28:08.701,1.70873,1.70889,1.12,1.52
2016.01.08 16:28:08.906,1.70873,1.7089,1.50,1.64
2016.01.08 16:28:09.262,1.70876,1.70892,1.00,2.62
2016.01.08 16:28:09.364,1.70878,1.70895,1.00,1.37
2016.01.08 16:28:10.009,1.70881,1.70898,1.00,1.75
2016.01.08 16:28:10.519,1.70881,1.70898,1.00,1.50
2016.01.08 16:28:10.570,1.70881,1.70898,1.00,2.62
2016.01.08 16:28:10.724,1.70881,1.70898,1.00,1.50
2016.01.08 16:28:11.155,1.70881,1.70898,1.00,1.75
2016.01.08 16:28:11.668,1.70882,1.70897,1.12,1.37
2016.01.08 16:28:12.261,1.70881,1.70897,1.12,1.50
2016.01.08 16:28:12.775,1.70882,1.70897,1.00,1.37
2016.01.08 16:28:12.929,1.7088,1.70897,1.50,1.37
2016.01.08 16:28:13.084,1.70882,1.70897,1.00,1.37
2016.01.08 16:28:14.566,1.70884,1.70897,1.00,1.37
2016.01.08 16:28:14.883,1.7088,1.70893,1.12,1.50
2016.01.08 16:28:14.986,1.70874,1.70893,1.87,1.12
2016.01.08 16:28:15.342,1.70875,1.70894,1.37,1.12
2016.01.08 16:28:15.649,1.70873,1.70887,1.87,1.75
2016.01.08 16:28:16.185,1.70871,1.70887,1.37,1.50
2016.01.08 16:28:16.236,1.70871,1.70887,1.37,1.12
2016.01.08 16:28:16.287,1.70871,1.70887,1.00,1.12
2016.01.08 16:28:16.543,1.70872,1.7089,1.37,1.87
2016.01.08 16:28:16.747,1.70872,1.70892,1.75,2.25
2016.01.08 16:28:17.104,1.70874,1.70892,1.37,1.12
2016.01.08 16:28:17.426,1.70881,1.70898,1.50,1.37
2016.01.08 16:28:17.580,1.70883,1.70901,1.00,1.50
2016.01.08 16:28:17.836,1.70879,1.70897,1.85,1.50
2016.01.08 16:28:17.888,1.70879,1.70897,1.85,1.50
2016.01.08 16:28:19.697,1.7088,1.70898,2.25,1.00
2016.01.08 16:28:20.111,1.70879,1.70899,1.37,1.12
2016.01.08 16:28:20.213,1.70879,1.70899,1.75,1.37
2016.01.08 16:28:20.569,1.70881,1.70896,1.12,1.00
2016.01.08 16:28:20.875,1.70876,1.70895,1.75,1.12
2016.01.08 16:28:21.246,1.70876,1.70896,1.50,2.62
2016.01.08 16:28:21.818,1.70876,1.70895,1.12,1.75
2016.01.08 16:28:22.624,1.70877,1.70895,1.37,1.37
2016.01.08 16:28:22.878,1.70876,1.70894,1.50,1.00
2016.01.08 16:28:23.338,1.70876,1.70897,1.75,1.87
2016.01.08 16:28:23.912,1.70879,1.70898,1.12,1.12
2016.01.08 16:28:24.219,1.70885,1.70903,1.00,1.37
2016.01.08 16:28:24.474,1.70885,1.70903,1.87,1.37
2016.01.08 16:28:24.629,1.70889,1.70903,1.00,1.37
2016.01.08 16:28:24.940,1.70892,1.70903,1.12,1.00
2016.01.08 16:28:24.992,1.70894,1.70908,1.00,1.00
2016.01.08 16:28:26.181,1.70894,1.70909,1.37,1.00
2016.01.08 16:28:26.239,1.70896,1.70914,1.12,1.00
2016.01.08 16:28:28.688,1.70905,1.70917,1.00,1.00
2016.01.08 16:28:28.790,1.70905,1.70922,1.00,1.75
2016.01.08 16:28:28.892,1.70905,1.70923,1.12,1.87
2016.01.08 16:28:30.756,1.70906,1.70923,1.00,1.87
2016.01.08 16:28:31.537,1.70908,1.70924,1.00,1.37
2016.01.08 16:28:31.791,1.70908,1.70926,1.20,1.12
2016.01.08 16:28:32.746,1.70906,1.7092,1.20,1.00
2016.01.08 16:28:32.798,1.70905,1.70919,1.12,1.00
2016.01.08 16:28:32.849,1.70904,1.70918,1.87,1.00
2016.01.08 16:28:32.951,1.70899,1.70916,2.25,1.00
2016.01.08 16:28:33.154,1.709,1.70919,1.12,1.12
2016.01.08 16:28:33.408,1.70902,1.7092,1.00,2.62
2016.01.08 16:28:34.123,1.70911,1.70924,1.00,1.00
2016.01.08 16:28:34.638,1.70912,1.7093,1.00,1.91
2016.01.08 16:28:35.168,1.70913,1.7093,1.00,1.54
2016.01.08 16:28:35.693,1.70913,1.7093,1.00,1.54
2016.01.08 16:28:36.050,1.70915,1.7093,1.00,1.37
2016.01.08 16:28:36.429,1.70919,1.70935,1.00,1.21
2016.01.08 16:28:36.480,1.70918,1.70931,1.00,1.16
2016.01.08 16:28:36.685,1.70913,1.70929,1.50,1.21
2016.01.08 16:28:37.006,1.70912,1.70929,1.37,1.54
2016.01.08 16:28:37.057,1.7091,1.70927,1.87,1.21
2016.01.08 16:28:37.109,1.70909,1.70926,3.00,1.54
2016.01.08 16:28:37.483,1.7091,1.70927,1.12,1.96
2016.01.08 16:28:37.538,1.70912,1.7093,1.00,1.54
2016.01.08 16:28:37.591,1.70912,1.70929,1.00,1.29
2016.01.08 16:28:37.902,1.70914,1.70932,1.00,1.87
2016.01.08 16:28:38.208,1.70918,1.70935,1.00,1.12
2016.01.08 16:28:38.682,1.7092,1.70938,1.00,3.16
2016.01.08 16:28:39.494,1.70917,1.70937,1.50,1.55
2016.01.08 16:28:39.545,1.70919,1.70936,1.00,1.05
2016.01.08 16:28:40.070,1.70916,1.70935,1.87,1.93
2016.01.08 16:28:40.627,1.70916,1.70935,1.50,2.30
2016.01.08 16:28:41.693,1.70916,1.70935,1.50,1.50
2016.01.08 16:28:42.099,1.70915,1.70935,1.75,1.50
2016.01.08 16:28:43.122,1.70911,1.7093,1.50,2.62
2016.01.08 16:28:43.739,1.70914,1.7093,1.00,1.37
2016.01.08 16:28:43.841,1.70916,1.70932,1.50,1.00
2016.01.08 16:28:43.893,1.70916,1.70935,1.87,1.87
2016.01.08 16:28:43.944,1.70916,1.70935,2.25,1.50
2016.01.08 16:28:43.995,1.70916,1.70935,2.25,1.37
2016.01.08 16:28:44.320,1.70917,1.70935,1.00,1.37
2016.01.08 16:28:44.473,1.70916,1.70935,2.25,1.37
2016.01.08 16:28:44.983,1.70916,1.70936,2.25,1.50
2016.01.08 16:28:45.601,1.70917,1.70935,1.12,1.87
2016.01.08 16:28:46.008,1.70915,1.70934,2.32,1.00
2016.01.08 16:28:48.345,1.70915,1.70932,1.87,2.25
2016.01.08 16:28:48.396,1.70913,1.70928,1.00,1.37
2016.01.08 16:28:48.599,1.70912,1.70928,1.12,1.37
2016.01.08 16:28:49.211,1.70908,1.70923,1.12,1.75
2016.01.08 16:28:49.581,1.70904,1.70921,1.50,2.00
2016.01.08 16:28:50.054,1.70901,1.70921,1.57,2.00
2016.01.08 16:28:51.024,1.70905,1.70922,1.37,1.37
2016.01.08 16:28:51.686,1.70903,1.70922,1.20,1.25
2016.01.08 16:28:51.789,1.70902,1.70919,1.12,1.75
2016.01.08 16:28:52.239,1.70902,1.70919,1.00,1.75
2016.01.08 16:28:52.545,1.70903,1.70922,1.50,2.50
2016.01.08 16:28:52.596,1.70903,1.70922,1.50,1.37
2016.01.08 16:28:53.961,1.70905,1.70925,2.62,2.87
2016.01.08 16:28:54.385,1.70908,1.70925,1.00,1.75
2016.01.08 16:28:54.436,1.70908,1.70926,1.50,1.71
2016.01.08 16:28:55.050,1.70908,1.70926,1.50,1.33
2016.01.08 16:28:55.559,1.70909,1.70927,1.00,1.75
2016.01.08 16:28:56.336,1.70912,1.70929,1.37,1.33
2016.01.08 16:28:56.856,1.70912,1.70931,1.37,2.12
2016.01.08 16:28:57.685,1.70912,1.70929,1.50,1.25
2016.01.08 16:28:58.649,1.70912,1.70929,1.37,1.25
2016.01.08 16:28:59.236,1.70911,1.70928,1.00,2.12
2016.01.08 16:28:59.339,1.70909,1.70927,2.25,2.25
2016.01.08 16:28:59.645,1.70909,1.70925,1.50,1.87
2016.01.08 16:29:00.154,1.70909,1.70925,1.50,1.87
2016.01.08 16:29:00.521,1.70907,1.70921,1.10,1.24
2016.01.08 16:29:00.626,1.70904,1.70921,1.95,1.99
2016.01.08 16:29:01.084,1.70904,1.7092,1.12,1.87
2016.01.08 16:29:01.594,1.709,1.70917,1.57,1.24
2016.01.08 16:29:02.206,1.709,1.70917,1.07,1.99
2016.01.08 16:29:02.693,1.709,1.70916,1.07,1.24
2016.01.08 16:29:03.020,1.70897,1.70911,1.10,1.49
2016.01.08 16:29:03.189,1.70894,1.70911,1.12,1.24
2016.01.08 16:29:04.736,1.70893,1.7091,1.95,1.24
2016.01.08 16:29:04.940,1.70891,1.70907,2.25,1.24
2016.01.08 16:29:05.317,1.70887,1.709,1.00,1.86
2016.01.08 16:29:05.370,1.70885,1.70901,1.75,1.86
2016.01.08 16:29:05.472,1.70885,1.70902,1.87,1.86
2016.01.08 16:29:05.727,1.70885,1.70899,1.12,2.36
2016.01.08 16:29:05.931,1.7088,1.70896,1.37,1.49
2016.01.08 16:29:06.664,1.70879,1.70896,1.50,1.86
2016.01.08 16:29:06.715,1.70879,1.70897,1.12,3.49
2016.01.08 16:29:06.920,1.70879,1.70897,1.37,2.74
2016.01.08 16:29:07.432,1.7088,1.70898,1.50,1.86
2016.01.08 16:29:07.803,1.70879,1.70895,2.25,1.76
2016.01.08 16:29:07.956,1.70879,1.70894,1.50,1.51
2016.01.08 16:29:08.271,1.70882,1.70895,1.00,1.37
2016.01.08 16:29:08.374,1.70882,1.70896,1.00,1.49
2016.01.08 16:29:08.477,1.70882,1.70899,1.37,2.62
2016.01.08 16:29:09.005,1.70882,1.70899,1.50,1.87
2016.01.08 16:29:09.209,1.70882,1.709,1.50,2.24
2016.01.08 16:29:09.668,1.70882,1.709,1.87,1.74
2016.01.08 16:29:10.432,1.70891,1.70909,2.25,2.24
2016.01.08 16:29:10.538,1.70894,1.70909,1.00,1.37
2016.01.08 16:29:11.267,1.70891,1.70905,1.37,1.37
2016.01.08 16:29:11.319,1.70886,1.70904,1.75,1.37
2016.01.08 16:29:11.421,1.70885,1.70901,1.75,1.87
2016.01.08 16:29:11.727,1.70881,1.70893,1.37,1.00
2016.01.08 16:29:13.764,1.70881,1.70894,1.37,1.00
2016.01.08 16:29:13.968,1.70881,1.70896,1.37,1.00
2016.01.08 16:29:14.173,1.70882,1.70899,1.75,1.50
2016.01.08 16:29:14.631,1.70884,1.70901,1.87,1.00
2016.01.08 16:29:14.682,1.70889,1.70901,1.00,1.00
2016.01.08 16:29:14.734,1.70889,1.70904,1.37,1.12
2016.01.08 16:29:15.344,1.7089,1.709,1.37,1.00
2016.01.08 16:29:15.447,1.70887,1.70899,2.70,1.00
2016.01.08 16:29:15.498,1.70887,1.70901,2.62,1.00
2016.01.08 16:29:15.600,1.70887,1.70903,1.12,1.00
2016.01.08 16:29:15.652,1.70889,1.70903,1.00,1.00
2016.01.08 16:29:15.962,1.70891,1.70904,1.50,1.00
2016.01.08 16:29:16.595,1.70891,1.70905,1.50,1.00
2016.01.08 16:29:17.130,1.70892,1.70906,1.50,1.00
2016.01.08 16:29:17.631,1.70892,1.70905,2.25,1.00
2016.01.08 16:29:18.232,1.70893,1.70905,1.00,1.00
2016.01.08 16:29:18.386,1.70894,1.70907,1.00,1.00
2016.01.08 16:29:18.489,1.70894,1.70909,1.00,1.00
2016.01.08 16:29:18.752,1.70896,1.70909,1.50,1.00
2016.01.08 16:29:18.905,1.70898,1.70913,1.12,1.00
2016.01.08 16:29:19.261,1.70898,1.70916,1.37,1.10
2016.01.08 16:29:19.570,1.70906,1.70919,1.00,1.10
2016.01.08 16:29:19.926,1.70906,1.70924,1.00,2.72
2016.01.08 16:29:20.132,1.70907,1.70924,1.00,2.72
2016.01.08 16:29:20.670,1.70907,1.70925,1.37,1.47
2016.01.08 16:29:21.033,1.70905,1.70923,1.00,1.47
2016.01.08 16:29:21.135,1.70907,1.70923,1.00,1.47
2016.01.08 16:29:21.706,1.70908,1.70925,1.00,1.22
2016.01.08 16:29:22.537,1.70909,1.70925,1.12,1.09
2016.01.08 16:29:22.589,1.70911,1.70925,1.00,1.09
2016.01.08 16:29:22.641,1.70911,1.70927,1.00,1.09
2016.01.08 16:29:23.228,1.70912,1.70931,1.50,1.94
2016.01.08 16:29:23.281,1.70912,1.70931,1.50,1.94
2016.01.08 16:29:23.434,1.70912,1.70931,1.50,1.12
2016.01.08 16:29:23.959,1.70912,1.70933,1.75,1.96
2016.01.08 16:29:24.062,1.70912,1.70931,1.50,1.11
2016.01.08 16:29:24.164,1.70912,1.70931,1.00,1.21
2016.01.08 16:29:24.532,1.70912,1.70932,1.75,1.49
2016.01.08 16:29:24.583,1.70914,1.70932,1.00,1.21
2016.01.08 16:29:25.116,1.70915,1.70933,1.50,1.21
2016.01.08 16:29:25.168,1.70915,1.70933,1.50,1.21
2016.01.08 16:29:25.271,1.70915,1.70933,1.50,1.11
2016.01.08 16:29:25.753,1.70914,1.70932,1.50,1.58
2016.01.08 16:29:26.007,1.70912,1.70933,1.50,3.83
2016.01.08 16:29:26.161,1.70911,1.70928,1.87,1.00
2016.01.08 16:29:26.579,1.70912,1.70931,1.37,1.75
2016.01.08 16:29:27.035,1.70912,1.70929,1.00,1.21
2016.01.08 16:29:27.543,1.70911,1.7093,1.12,1.83
2016.01.08 16:29:27.849,1.70912,1.70929,1.50,1.08
2016.01.08 16:29:28.260,1.70912,1.70931,1.50,1.96
2016.01.08 16:29:28.824,1.70912,1.70931,1.50,1.96
2016.01.08 16:29:29.029,1.70912,1.7093,1.50,1.46
2016.01.08 16:29:29.524,1.70912,1.70923,1.00,1.08
2016.01.08 16:29:29.830,1.70906,1.70925,1.12,1.83
2016.01.08 16:29:29.932,1.70906,1.70925,1.37,1.83
2016.01.08 16:29:30.440,1.70908,1.70925,1.00,1.21
2016.01.08 16:29:31.095,1.70909,1.70925,1.00,1.58
2016.01.08 16:29:31.373,1.7091,1.70926,1.12,1.00
2016.01.08 16:29:31.882,1.7091,1.70926,1.12,1.08
2016.01.08 16:29:33.242,1.70909,1.70926,1.87,1.08
2016.01.08 16:29:33.774,1.70909,1.70925,1.12,1.28
2016.01.08 16:29:33.826,1.70905,1.70921,2.25,1.03
2016.01.08 16:29:34.081,1.70902,1.70919,1.00,1.78
2016.01.08 16:29:34.587,1.70903,1.70918,1.00,1.78
2016.01.08 16:29:34.891,1.70903,1.70917,1.00,1.78
2016.01.08 16:29:35.256,1.70903,1.70919,1.00,2.53
2016.01.08 16:29:35.766,1.70902,1.70918,1.00,1.78
2016.01.08 16:29:35.970,1.70902,1.7092,1.00,2.90
2016.01.08 16:29:36.072,1.70902,1.70918,1.00,1.78
2016.01.08 16:29:37.488,1.70902,1.70918,1.00,1.78
2016.01.08 16:29:38.072,1.70904,1.70918,1.00,1.78
2016.01.08 16:29:38.639,1.70905,1.70918,1.00,1.78
2016.01.08 16:29:38.894,1.70906,1.70921,1.87,1.78
2016.01.08 16:29:38.946,1.70906,1.70919,1.00,1.78
2016.01.08 16:29:39.623,1.70904,1.70918,1.50,1.78
2016.01.08 16:29:39.878,1.70906,1.70918,1.12,1.78
2016.01.08 16:29:40.185,1.70905,1.70922,1.00,1.78
2016.01.08 16:29:40.287,1.70905,1.70918,1.12,1.78
2016.01.08 16:29:40.389,1.70906,1.70922,1.00,1.78
2016.01.08 16:29:40.823,1.70907,1.70923,1.12,1.65
2016.01.08 16:29:40.874,1.70908,1.70923,1.37,1.65
2016.01.08 16:29:41.384,1.70908,1.70923,1.75,1.03
2016.01.08 16:29:41.922,1.70909,1.70926,1.50,2.53
2016.01.08 16:29:42.454,1.70908,1.70924,1.75,1.65
2016.01.08 16:29:42.967,1.70909,1.70926,1.50,1.78
2016.01.08 16:29:43.338,1.70909,1.70924,1.50,1.65
2016.01.08 16:29:43.440,1.70909,1.70926,1.50,1.80
2016.01.08 16:29:44.101,1.70908,1.70925,1.75,1.44
2016.01.08 16:29:44.626,1.70909,1.70924,1.00,1.44
2016.01.08 16:29:44.780,1.70909,1.70925,1.50,1.44
2016.01.08 16:29:44.883,1.7091,1.70927,1.75,1.44
2016.01.08 16:29:45.137,1.7091,1.70927,1.50,1.44
2016.01.08 16:29:47.437,1.70908,1.70925,1.00,1.00
2016.01.08 16:29:48.588,1.70908,1.70927,1.37,1.75
2016.01.08 16:29:49.097,1.70908,1.70928,1.75,2.25
2016.01.08 16:29:49.606,1.70907,1.70927,1.87,1.50
2016.01.08 16:29:50.255,1.70907,1.70926,1.87,1.00
2016.01.08 16:29:50.802,1.70908,1.70927,1.12,1.50
2016.01.08 16:29:51.209,1.70908,1.70925,1.12,1.00
2016.01.08 16:29:52.455,1.70908,1.70926,2.25,1.12
2016.01.08 16:29:52.987,1.70909,1.70927,1.37,1.50
2016.01.08 16:29:53.370,1.70909,1.70926,1.50,1.37
2016.01.08 16:29:53.879,1.70909,1.70924,1.37,1.37
2016.01.08 16:29:54.271,1.70909,1.70927,1.50,1.12
2016.01.08 16:29:54.527,1.7091,1.70928,1.00,1.75
2016.01.08 16:29:54.832,1.70912,1.70929,1.00,2.25
2016.01.08 16:29:54.934,1.70912,1.70929,1.00,1.50
2016.01.08 16:29:55.087,1.70912,1.70927,1.00,1.00
2016.01.08 16:29:55.787,1.70916,1.70927,1.12,1.12
2016.01.08 16:29:55.838,1.70919,1.70933,1.00,1.12
2016.01.08 16:29:55.941,1.7092,1.70937,1.00,1.50
2016.01.08 16:29:56.043,1.7092,1.70937,1.12,1.37
2016.01.08 16:29:56.196,1.7092,1.70939,1.87,1.37
2016.01.08 16:29:56.554,1.70922,1.70941,2.62,2.62
2016.01.08 16:29:56.956,1.70925,1.70941,1.00,1.00
2016.01.08 16:29:57.009,1.70923,1.70942,1.50,1.50
2016.01.08 16:29:57.162,1.70926,1.70942,1.00,1.12
2016.01.08 16:29:57.682,1.70923,1.70942,2.62,1.00
2016.01.08 16:29:57.886,1.70923,1.70942,1.50,1.87
2016.01.08 16:29:58.394,1.70922,1.70941,1.57,3.00
2016.01.08 16:29:59.153,1.70922,1.70938,1.00,1.00
2016.01.08 16:29:59.614,1.70918,1.70933,1.50,1.00
2016.01.08 16:30:00.126,1.70917,1.70935,1.75,1.12
2016.01.08 16:30:00.178,1.70918,1.70936,1.87,1.12
2016.01.08 16:30:00.710,1.70922,1.70939,1.00,1.75
2016.01.08 16:30:00.762,1.70921,1.70938,1.12,1.00
2016.01.08 16:30:00.916,1.7092,1.70935,1.95,1.00
2016.01.08 16:30:01.272,1.70918,1.70938,1.12,1.50
2016.01.08 16:30:01.993,1.70919,1.70938,1.00,1.50
2016.01.08 16:30:02.053,1.70919,1.70938,1.37,1.12
2016.01.08 16:30:02.358,1.70918,1.70935,1.50,1.87
2016.01.08 16:30:02.460,1.70918,1.70935,1.00,2.25
2016.01.08 16:30:02.511,1.70915,1.70931,1.12,1.00
2016.01.08 16:30:02.614,1.70914,1.70931,1.12,2.25
2016.01.08 16:30:02.817,1.70913,1.7093,1.12,2.25
2016.01.08 16:30:03.602,1.70913,1.70931,1.37,2.62
2016.01.08 16:30:04.011,1.70913,1.70928,1.50,1.37
2016.01.08 16:30:04.164,1.70912,1.70928,2.25,1.37
2016.01.08 16:30:04.877,1.70911,1.70928,1.95,1.50
2016.01.08 16:30:05.397,1.70911,1.70928,1.50,1.71
2016.01.08 16:30:05.833,1.70912,1.70928,1.00,1.53
2016.01.08 16:30:05.936,1.70913,1.70928,1.00,1.30
2016.01.08 16:30:05.988,1.70918,1.70928,1.00,1.30
2016.01.08 16:30:06.295,1.70922,1.70934,3.00,2.22
2016.01.08 16:30:06.450,1.70917,1.70931,1.50,2.25
2016.01.08 16:30:06.749,1.70917,1.70931,1.00,2.59
2016.01.08 16:30:06.806,1.70911,1.70928,1.12,1.84
2016.01.08 16:30:07.334,1.70911,1.70928,1.37,1.84
2016.01.08 16:30:07.588,1.70911,1.70929,1.87,1.09
2016.01.08 16:30:08.200,1.70909,1.70928,3.00,1.37
2016.01.08 16:30:08.454,1.70906,1.70923,1.50,1.87
2016.01.08 16:30:08.658,1.70904,1.70923,1.87,2.25
2016.01.08 16:30:08.709,1.70906,1.70923,1.00,1.50
2016.01.08 16:30:09.016,1.7091,1.70925,1.00,1.47
2016.01.08 16:30:09.067,1.7091,1.70926,1.12,1.50
2016.01.08 16:30:09.445,1.70908,1.70927,1.50,1.87
2016.01.08 16:30:09.869,1.7091,1.70927,1.12,1.87
2016.01.08 16:30:10.483,1.7091,1.70928,1.12,1.87
2016.01.08 16:30:10.586,1.7091,1.70928,1.50,1.50
2016.01.08 16:30:10.789,1.70912,1.7093,1.00,1.87
2016.01.08 16:30:10.841,1.70912,1.7093,1.00,1.87
2016.01.08 16:30:11.786,1.70911,1.70931,1.75,1.87
2016.01.08 16:30:12.193,1.70913,1.70931,1.87,1.00
2016.01.08 16:30:12.651,1.70914,1.7093,1.00,1.37
2016.01.08 16:30:12.754,1.70912,1.7093,1.50,1.37
2016.01.08 16:30:13.849,1.70911,1.70928,1.50,1.00
2016.01.08 16:30:13.952,1.7091,1.70927,1.00,1.00
2016.01.08 16:30:14.003,1.70908,1.70928,1.37,2.25
2016.01.08 16:30:14.424,1.70907,1.70928,1.12,4.12
2016.01.08 16:30:15.141,1.70908,1.70927,1.00,1.87
2016.01.08 16:30:15.772,1.70913,1.70923,1.20,1.10
2016.01.08 16:30:15.824,1.70911,1.70921,1.50,1.00
2016.01.08 16:30:15.875,1.70906,1.70921,3.00,1.10
2016.01.08 16:30:15.927,1.70905,1.70921,1.87,2.70
2016.01.08 16:30:15.978,1.70903,1.70918,1.00,1.00
2016.01.08 16:30:16.030,1.70903,1.70918,1.37,1.00
2016.01.08 16:30:16.233,1.70903,1.70919,1.00,1.00
2016.01.08 16:30:16.840,1.70901,1.70918,1.00,1.90
2016.01.08 16:30:16.896,1.70898,1.70916,1.50,1.90
2016.01.08 16:30:16.999,1.70898,1.70914,1.50,2.02
2016.01.08 16:30:17.508,1.70894,1.70911,3.75,1.52
2016.01.08 16:30:17.611,1.70894,1.70911,1.00,1.65
2016.01.08 16:30:18.131,1.70895,1.70912,1.00,2.77
2016.01.08 16:30:18.234,1.70892,1.70906,1.37,1.00
2016.01.08 16:30:18.386,1.70887,1.70904,1.75,1.27
2016.01.08 16:30:18.539,1.70886,1.70901,1.75,1.00
2016.01.08 16:30:18.591,1.70886,1.709,1.75,1.00
2016.01.08 16:30:18.694,1.70883,1.70897,1.75,1.00
2016.01.08 16:30:19.248,1.70881,1.70897,1.75,1.90
2016.01.08 16:30:19.555,1.70874,1.70891,3.00,1.37
2016.01.08 16:30:19.761,1.70874,1.70891,1.12,1.95
2016.01.08 16:30:20.383,1.7087,1.70889,1.50,1.87
2016.01.08 16:30:20.740,1.70868,1.70887,2.25,1.75
2016.01.08 16:30:20.791,1.70868,1.70885,1.12,1.00
2016.01.08 16:30:20.893,1.70868,1.70886,1.00,1.12
2016.01.08 16:30:21.630,1.70868,1.70883,1.00,1.37
2016.01.08 16:30:21.837,1.70868,1.70883,1.00,1.00
2016.01.08 16:30:21.941,1.70868,1.70881,1.00,1.37
2016.01.08 16:30:22.307,1.70868,1.70881,1.00,1.50
2016.01.08 16:30:22.359,1.70867,1.70881,1.00,1.12
2016.01.08 16:30:22.461,1.70866,1.7088,1.37,1.27
2016.01.08 16:30:22.564,1.70863,1.7088,1.12,1.00
2016.01.08 16:30:22.615,1.70863,1.7088,2.25,1.00
2016.01.08 16:30:22.720,1.70862,1.70875,1.12,1.00
2016.01.08 16:30:23.229,1.70859,1.70878,1.37,3.45
2016.01.08 16:30:23.555,1.70859,1.70871,1.37,1.00
2016.01.08 16:30:24.085,1.70857,1.70873,1.12,1.12
2016.01.08 16:30:24.137,1.70857,1.70872,1.12,1.00
2016.01.08 16:30:24.189,1.70857,1.70877,1.75,2.25
2016.01.08 16:30:24.240,1.70858,1.70878,1.87,1.50
2016.01.08 16:30:24.292,1.70859,1.70874,1.12,1.00
2016.01.08 16:30:24.397,1.7086,1.70876,1.12,1.12
2016.01.08 16:30:24.448,1.70861,1.70874,1.00,1.00
2016.01.08 16:30:24.759,1.70857,1.70872,1.37,1.37
2016.01.08 16:30:25.064,1.70857,1.70872,1.00,1.37
2016.01.08 16:30:25.902,1.70853,1.70867,2.25,1.87
2016.01.08 16:30:25.954,1.70849,1.70865,1.75,1.37
2016.01.08 16:30:26.159,1.70849,1.70868,2.25,1.80
2016.01.08 16:30:26.516,1.70849,1.70868,1.75,1.05
2016.01.08 16:30:26.892,1.70853,1.70871,1.37,1.05
2016.01.08 16:30:26.944,1.70853,1.70873,1.75,2.17
2016.01.08 16:30:27.659,1.70855,1.70873,1.37,1.37
2016.01.08 16:30:28.160,1.70857,1.70875,1.00,2.25
2016.01.08 16:30:28.468,1.70859,1.70875,1.00,1.20
2016.01.08 16:30:28.574,1.70859,1.70876,1.00,2.25
2016.01.08 16:30:28.960,1.70861,1.70879,1.12,2.62
2016.01.08 16:30:29.268,1.70859,1.70876,1.12,2.25
2016.01.08 16:30:29.644,1.70857,1.70874,1.50,2.62
2016.01.08 16:30:30.085,1.70857,1.70875,1.87,1.12
2016.01.08 16:30:30.189,1.70857,1.70875,1.00,3.00
2016.01.08 16:30:30.546,1.7086,1.70873,1.00,1.12
2016.01.08 16:30:30.852,1.70861,1.70876,1.00,1.50
2016.01.08 16:30:31.173,1.70861,1.70878,1.00,1.50
2016.01.08 16:30:31.683,1.70865,1.70878,1.00,1.37
2016.01.08 16:30:31.836,1.7086,1.70875,1.50,1.12
2016.01.08 16:30:32.772,1.70858,1.70876,1.00,2.25
2016.01.08 16:30:33.772,1.7086,1.70875,1.00,1.37
2016.01.08 16:30:33.827,1.70857,1.70875,1.50,1.87
2016.01.08 16:30:34.031,1.70855,1.70873,1.00,1.47
2016.01.08 16:30:34.083,1.70855,1.70872,1.00,2.25
2016.01.08 16:30:34.287,1.70855,1.70871,1.00,1.12
2016.01.08 16:30:34.389,1.70855,1.70871,1.00,2.62
2016.01.08 16:30:34.911,1.70857,1.70875,1.00,2.32
2016.01.08 16:30:35.065,1.7086,1.70875,1.00,2.32
2016.01.08 16:30:35.371,1.70863,1.70875,1.00,1.95
2016.01.08 16:30:35.677,1.70865,1.70879,1.00,2.70
2016.01.08 16:30:36.161,1.70863,1.70877,1.00,1.12
2016.01.08 16:30:36.213,1.70861,1.70877,1.00,1.12
2016.01.08 16:30:36.366,1.70861,1.70877,1.00,2.62
2016.01.08 16:30:36.468,1.70857,1.70876,1.50,1.12
2016.01.08 16:30:36.672,1.70857,1.70871,1.50,1.12
2016.01.08 16:30:37.180,1.70856,1.70871,1.50,1.12
2016.01.08 16:30:37.504,1.70854,1.7087,1.37,2.25
2016.01.08 16:30:37.657,1.70851,1.70866,1.50,1.37
2016.01.08 16:30:37.759,1.70851,1.70865,1.00,2.25
2016.01.08 16:30:38.511,1.7085,1.70863,1.00,1.12
2016.01.08 16:30:38.565,1.7085,1.70864,1.00,1.12
2016.01.08 16:30:39.023,1.70847,1.70865,1.00,1.20
2016.01.08 16:30:39.277,1.70847,1.70862,1.00,1.12
2016.01.08 16:30:39.329,1.70845,1.70862,1.00,1.12
2016.01.08 16:30:39.380,1.70845,1.70862,1.00,2.62
2016.01.08 16:30:39.666,1.70846,1.70863,1.00,1.47
2016.01.08 16:30:39.717,1.70851,1.70864,1.00,1.12
2016.01.08 16:30:40.227,1.7085,1.70863,1.00,1.00
2016.01.08 16:30:40.278,1.70848,1.70866,1.00,1.12
2016.01.08 16:30:41.204,1.70847,1.70866,1.00,1.12
2016.01.08 16:30:41.510,1.70845,1.7086,1.00,1.12
2016.01.08 16:30:41.561,1.70843,1.7086,1.12,1.12
2016.01.08 16:30:42.087,1.70842,1.70858,1.00,1.37
2016.01.08 16:30:42.618,1.70841,1.70858,1.00,1.12
2016.01.08 16:30:42.771,1.70839,1.70858,1.87,1.12
2016.01.08 16:30:43.027,1.70843,1.70858,1.00,1.12
2016.01.08 16:30:43.079,1.70843,1.70858,1.00,1.00
2016.01.08 16:30:43.633,1.70842,1.70858,1.00,1.00
2016.01.08 16:30:44.143,1.70844,1.7086,1.00,1.75
2016.01.08 16:30:44.672,1.70859,1.70864,1.00,1.50
2016.01.08 16:30:44.935,1.70865,1.70883,1.87,1.87
2016.01.08 16:30:45.193,1.70865,1.70881,1.50,1.12
2016.01.08 16:30:45.295,1.70863,1.70881,1.50,1.12
2016.01.08 16:30:45.873,1.70864,1.7088,1.00,1.00
2016.01.08 16:30:46.281,1.70867,1.7088,1.00,1.00
2016.01.08 16:30:46.639,1.70869,1.70884,1.00,1.75
2016.01.08 16:30:46.691,1.70869,1.70884,1.00,1.12
2016.01.08 16:30:47.072,1.70874,1.70887,1.00,1.00
2016.01.08 16:30:47.124,1.70874,1.70892,1.00,1.57
2016.01.08 16:30:50.616,1.70873,1.70892,1.12,1.50
2016.01.08 16:30:50.718,1.70871,1.70883,1.87,1.37
2016.01.08 16:30:50.770,1.7087,1.70883,1.50,1.37
2016.01.08 16:30:50.821,1.7087,1.70886,2.25,1.00
2016.01.08 16:30:50.874,1.70874,1.70889,1.00,1.20
2016.01.08 16:30:51.274,1.70876,1.70894,1.00,2.25
2016.01.08 16:30:51.580,1.70874,1.70891,1.87,1.00
2016.01.08 16:30:51.632,1.70874,1.7089,1.12,1.37
2016.01.08 16:30:52.144,1.70873,1.7089,1.00,1.37
2016.01.08 16:30:52.659,1.70872,1.7089,1.00,1.37
2016.01.08 16:30:53.168,1.70872,1.70891,1.00,2.62
2016.01.08 16:30:53.588,1.70873,1.70892,1.75,1.87
2016.01.08 16:30:54.046,1.70877,1.70892,1.00,1.12
2016.01.08 16:30:54.097,1.70877,1.70895,1.37,1.87
2016.01.08 16:30:55.751,1.70877,1.70895,1.50,1.50
2016.01.08 16:30:56.260,1.70877,1.70896,1.50,1.37
2016.01.08 16:30:58.873,1.70878,1.70896,1.87,1.37
2016.01.08 16:30:59.027,1.70883,1.70902,1.37,1.12
2016.01.08 16:30:59.129,1.70885,1.70902,1.00,1.00
2016.01.08 16:30:59.231,1.70887,1.70903,1.50,1.00
2016.01.08 16:30:59.334,1.70889,1.70907,1.00,2.25
2016.01.08 16:30:59.645,1.70894,1.70911,1.50,1.12
2016.01.08 16:31:00.156,1.70891,1.70911,1.12,2.32
2016.01.08 16:31:00.463,1.70888,1.70907,1.87,1.87
2016.01.08 16:31:00.995,1.70888,1.70906,1.37,1.00
2016.01.08 16:31:01.403,1.70887,1.70905,3.00,1.00
2016.01.08 16:31:01.557,1.70887,1.70904,1.00,1.37
2016.01.08 16:31:01.997,1.70885,1.70903,1.00,1.37
2016.01.08 16:31:02.631,1.70884,1.70902,1.00,1.37
2016.01.08 16:31:03.139,1.70884,1.70901,1.50,1.00
2016.01.08 16:31:03.551,1.70882,1.70901,1.37,1.37
2016.01.08 16:31:03.602,1.70881,1.70901,1.00,1.75
2016.01.08 16:31:03.907,1.70878,1.70893,1.50,1.37
2016.01.08 16:31:04.655,1.70878,1.70897,1.12,1.12
2016.01.08 16:31:06.223,1.70878,1.70892,1.00,1.00
2016.01.08 16:31:06.376,1.70877,1.70895,1.12,1.50
2016.01.08 16:31:07.281,1.70879,1.70895,1.00,1.87
2016.01.08 16:31:07.637,1.70876,1.70895,3.00,1.12
2016.01.08 16:31:08.565,1.70876,1.70895,1.87,1.87
2016.01.08 16:31:09.268,1.70876,1.70893,1.87,1.50
2016.01.08 16:31:09.935,1.70878,1.70896,1.00,3.07
2016.01.08 16:31:10.190,1.70876,1.70896,2.25,2.62
2016.01.08 16:31:10.393,1.70879,1.70895,1.00,1.00
2016.01.08 16:31:10.699,1.7088,1.70898,1.87,1.12
2016.01.08 16:31:11.180,1.7088,1.70891,1.87,1.50
2016.01.08 16:31:11.690,1.70879,1.70894,1.37,2.25
2016.01.08 16:31:11.894,1.7088,1.70895,1.37,1.87
2016.01.08 16:31:11.999,1.70882,1.70896,1.47,1.67
2016.01.08 16:31:12.316,1.70883,1.70897,1.47,1.00
2016.01.08 16:31:12.825,1.70882,1.70899,2.32,1.37
2016.01.08 16:31:12.929,1.70884,1.709,1.00,1.37
2016.01.08 16:31:12.981,1.70886,1.709,1.37,1.00
2016.01.08 16:31:13.729,1.70891,1.70903,1.37,1.87
2016.01.08 16:31:13.989,1.70888,1.70903,1.37,1.87
2016.01.08 16:31:14.367,1.70889,1.70901,1.37,1.37
2016.01.08 16:31:14.470,1.70887,1.70901,1.87,1.37
2016.01.08 16:31:14.871,1.70887,1.70904,1.87,1.75
2016.01.08 16:31:15.486,1.70887,1.70905,1.37,2.10
2016.01.08 16:31:15.690,1.70886,1.70902,1.37,2.25
2016.01.08 16:31:16.224,1.70885,1.70901,1.37,1.37
2016.01.08 16:31:16.885,1.70884,1.70902,2.02,2.25
2016.01.08 16:31:17.471,1.70886,1.70902,1.50,1.00
2016.01.08 16:31:17.677,1.70884,1.70901,1.87,1.00
2016.01.08 16:31:17.881,1.70884,1.709,1.00,1.00
2016.01.08 16:31:18.709,1.70883,1.709,1.75,1.50
2016.01.08 16:31:18.812,1.70883,1.70897,1.37,1.50
2016.01.08 16:31:19.120,1.70879,1.70895,1.85,3.00
2016.01.08 16:31:19.529,1.70877,1.70893,2.02,1.75
2016.01.08 16:31:19.930,1.70881,1.70894,1.37,1.12
2016.01.08 16:31:20.133,1.70881,1.70897,1.50,1.37
2016.01.08 16:31:20.235,1.70882,1.70897,1.50,1.37
2016.01.08 16:31:20.744,1.70883,1.70897,1.07,1.00
2016.01.08 16:31:21.552,1.70881,1.70898,2.25,1.37
2016.01.08 16:31:22.112,1.70882,1.70899,1.10,1.12
2016.01.08 16:31:22.831,1.70881,1.70898,2.62,1.37
2016.01.08 16:31:23.139,1.70878,1.70894,1.50,1.87
2016.01.08 16:31:23.597,1.70876,1.70893,1.20,1.75
2016.01.08 16:31:24.292,1.70876,1.70892,1.37,1.37
2016.01.08 16:31:24.648,1.70875,1.70891,1.50,1.37
2016.01.08 16:31:25.243,1.70875,1.70892,1.12,1.50
2016.01.08 16:31:25.600,1.70875,1.70894,1.50,1.50
2016.01.08 16:31:25.955,1.70875,1.70893,1.00,1.12
2016.01.08 16:31:26.293,1.70875,1.70891,1.00,1.12
2016.01.08 16:31:26.847,1.70874,1.7089,1.87,1.37
2016.01.08 16:31:28.063,1.70875,1.7089,1.00,1.37
2016.01.08 16:31:30.088,1.70879,1.7089,1.00,1.37
2016.01.08 16:31:30.139,1.70879,1.70892,1.00,1.12
2016.01.08 16:31:30.465,1.70878,1.70894,1.12,1.87
2016.01.08 16:31:30.876,1.70877,1.70893,1.00,1.50
2016.01.08 16:31:30.981,1.70874,1.7089,2.25,1.37
2016.01.08 16:31:31.564,1.70874,1.7089,1.00,1.50
2016.01.08 16:31:32.074,1.70876,1.70891,1.00,1.87
2016.01.08 16:31:32.125,1.70876,1.70891,1.12,1.37
2016.01.08 16:31:32.229,1.70878,1.70894,1.00,1.75
2016.01.08 16:31:32.902,1.70877,1.70895,1.12,1.75
2016.01.08 16:31:33.207,1.70876,1.70891,1.12,1.87
2016.01.08 16:31:34.160,1.70873,1.7089,1.12,1.12
2016.01.08 16:31:35.386,1.70871,1.70887,1.12,1.50
2016.01.08 16:31:35.437,1.7087,1.70884,1.00,1.00
2016.01.08 16:31:35.743,1.70865,1.70881,1.00,1.87
2016.01.08 16:31:35.845,1.70866,1.70882,1.00,1.37
2016.01.08 16:31:35.947,1.70868,1.70884,1.00,1.35
2016.01.08 16:31:36.712,1.70868,1.70881,1.00,1.75
2016.01.08 16:31:36.764,1.70865,1.70882,1.06,1.75
2016.01.08 16:31:37.181,1.70863,1.70871,1.12,1.12
2016.01.08 16:31:37.336,1.70851,1.70869,1.87,2.10
2016.01.08 16:31:37.540,1.70851,1.70863,1.00,1.37
2016.01.08 16:31:37.884,1.70846,1.70863,1.50,1.35
2016.01.08 16:31:38.038,1.70848,1.70864,1.70,1.87
2016.01.08 16:31:38.140,1.7085,1.70866,1.00,1.12
2016.01.08 16:31:38.398,1.70852,1.70869,1.45,1.75
2016.01.08 16:31:38.604,1.70851,1.70868,1.12,2.10
2016.01.08 16:31:38.707,1.70851,1.70865,1.00,1.37
2016.01.08 16:31:39.031,1.70848,1.70866,1.12,1.72
2016.01.08 16:31:39.134,1.70846,1.70862,2.25,1.37
2016.01.08 16:31:39.239,1.70845,1.70859,1.00,1.22
2016.01.08 16:31:39.596,1.70844,1.70856,1.00,1.60
2016.01.08 16:31:40.358,1.70843,1.70853,1.00,1.50
2016.01.08 16:31:40.460,1.70843,1.70856,1.00,3.00
2016.01.08 16:31:41.071,1.70843,1.70857,1.00,2.62
2016.01.08 16:31:41.584,1.70843,1.70856,1.00,1.50
2016.01.08 16:31:42.092,1.70843,1.70857,1.00,1.37
2016.01.08 16:31:42.449,1.70842,1.70852,1.00,1.37
2016.01.08 16:31:43.282,1.70842,1.70854,1.00,1.87
2016.01.08 16:31:43.739,1.70842,1.70854,1.00,1.00
2016.01.08 16:31:43.841,1.70843,1.70857,1.00,1.87
2016.01.08 16:31:44.332,1.70845,1.70858,1.00,1.37
2016.01.08 16:31:44.841,1.70845,1.70857,1.00,1.37
2016.01.08 16:31:44.943,1.70845,1.7086,1.00,1.50
2016.01.08 16:31:45.096,1.70848,1.70861,1.00,1.12
2016.01.08 16:31:45.728,1.7085,1.70866,1.37,2.62
2016.01.08 16:31:45.780,1.70851,1.70868,1.00,1.12
2016.01.08 16:31:46.916,1.70848,1.70867,1.87,1.87
2016.01.08 16:31:46.969,1.70848,1.70863,1.12,1.50
2016.01.08 16:31:47.283,1.70852,1.70868,1.00,2.25
2016.01.08 16:31:47.974,1.70855,1.70871,1.00,1.75
2016.01.08 16:31:48.076,1.70855,1.70871,1.00,1.37
2016.01.08 16:31:48.332,1.70857,1.70873,1.00,1.75
2016.01.08 16:31:48.639,1.70854,1.70868,1.00,1.12
2016.01.08 16:31:49.331,1.70854,1.70867,1.00,1.00
2016.01.08 16:31:49.789,1.70855,1.70871,1.00,1.00
2016.01.08 16:31:50.297,1.70855,1.7087,1.00,1.00
2016.01.08 16:31:50.730,1.70856,1.70872,1.37,1.37
2016.01.08 16:31:50.832,1.70855,1.70871,1.00,1.00
2016.01.08 16:31:51.341,1.70856,1.70873,1.00,1.12
2016.01.08 16:31:51.443,1.70859,1.70874,1.00,1.87
2016.01.08 16:31:51.647,1.70862,1.70876,1.00,1.37
2016.01.08 16:31:52.032,1.70862,1.70873,1.00,1.87
2016.01.08 16:31:52.087,1.70857,1.70873,1.00,1.87
2016.01.08 16:31:52.494,1.70859,1.70875,1.00,1.87
2016.01.08 16:31:52.545,1.70859,1.70875,1.50,1.50
2016.01.08 16:31:53.533,1.70859,1.70876,2.62,1.12
2016.01.08 16:31:53.584,1.70859,1.70876,2.62,1.12
2016.01.08 16:31:53.890,1.70858,1.70875,1.37,1.37
2016.01.08 16:31:54.450,1.70858,1.70875,1.87,1.37
2016.01.08 16:31:54.952,1.70858,1.70875,1.00,1.87
2016.01.08 16:31:55.464,1.70859,1.70876,1.12,1.37
2016.01.08 16:31:55.978,1.70858,1.70876,1.50,1.75
2016.01.08 16:31:56.437,1.70856,1.7087,1.47,1.00
2016.01.08 16:31:56.901,1.70853,1.70871,1.00,1.75
2016.01.08 16:31:57.780,1.7085,1.7087,3.45,1.87
2016.01.08 16:31:57.832,1.7085,1.70869,2.32,2.62
2016.01.08 16:31:57.884,1.7085,1.70866,1.95,1.12
2016.01.08 16:31:57.986,1.7085,1.70866,1.87,1.00
2016.01.08 16:31:58.728,1.70855,1.7087,1.00,1.50
2016.01.08 16:31:58.779,1.70855,1.70871,1.87,1.50
2016.01.08 16:31:58.983,1.70856,1.70871,1.37,1.00
2016.01.08 16:31:59.339,1.70855,1.70873,2.62,1.00
2016.01.08 16:31:59.964,1.70855,1.70873,2.62,1.12
2016.01.08 16:32:00.219,1.70855,1.70868,3.00,1.00
2016.01.08 16:32:00.271,1.70855,1.70868,1.87,1.00
2016.01.08 16:32:00.373,1.70851,1.70868,3.37,1.12
2016.01.08 16:32:01.039,1.70851,1.70868,3.00,1.00
2016.01.08 16:32:01.090,1.70856,1.70871,1.12,1.00
2016.01.08 16:32:01.701,1.70856,1.70872,1.12,1.00
2016.01.08 16:32:02.332,1.70855,1.70872,3.37,1.00
2016.01.08 16:32:02.661,1.70855,1.70874,4.12,1.50
2016.01.08 16:32:03.253,1.70857,1.70875,1.00,1.87
2016.01.08 16:32:03.582,1.70857,1.70875,1.87,1.37
2016.01.08 16:32:04.143,1.70859,1.70876,1.00,2.25
2016.01.08 16:32:05.051,1.70857,1.70873,1.50,1.37
2016.01.08 16:32:05.256,1.70857,1.7087,1.00,1.00
2016.01.08 16:32:05.739,1.70857,1.7087,1.00,1.37
2016.01.08 16:32:05.895,1.70855,1.7087,1.50,1.00
2016.01.08 16:32:06.048,1.70853,1.7087,1.87,1.00
2016.01.08 16:32:06.506,1.70853,1.70871,1.87,1.12
2016.01.08 16:32:07.009,1.70853,1.70867,1.12,1.12
2016.01.08 16:32:07.162,1.70851,1.70867,1.00,1.12
2016.01.08 16:32:07.482,1.70849,1.70861,1.50,1.12
2016.01.08 16:32:07.534,1.70847,1.70861,3.37,1.12
2016.01.08 16:32:07.586,1.70847,1.70861,1.12,1.75
2016.01.08 16:32:07.740,1.70845,1.70861,1.00,1.87
2016.01.08 16:32:08.391,1.70843,1.70857,1.50,1.50
2016.01.08 16:32:08.494,1.70843,1.70858,1.50,1.37
2016.01.08 16:32:08.802,1.70843,1.70857,1.50,1.12
2016.01.08 16:32:08.905,1.70844,1.70861,1.12,1.12
2016.01.08 16:32:09.007,1.70845,1.70863,1.37,2.25
2016.01.08 16:32:09.477,1.70845,1.70864,4.12,1.12
2016.01.08 16:32:09.640,1.70849,1.70866,1.50,1.50
2016.01.08 16:32:10.048,1.70848,1.70862,1.75,1.37
2016.01.08 16:32:10.100,1.70848,1.70862,1.00,1.37
2016.01.08 16:32:10.202,1.70848,1.70862,1.75,1.37
2016.01.08 16:32:10.564,1.70846,1.70862,4.87,1.37
2016.01.08 16:32:11.092,1.70849,1.70862,1.00,1.37
2016.01.08 16:32:11.144,1.70849,1.70866,1.00,1.57
2016.01.08 16:32:11.798,1.70849,1.70866,1.00,1.12
2016.01.08 16:32:12.310,1.7085,1.70866,1.00,1.50
2016.01.08 16:32:12.516,1.7085,1.70867,1.00,1.12
2016.01.08 16:32:12.935,1.70849,1.70862,1.00,1.37
2016.01.08 16:32:12.986,1.70847,1.70862,1.00,1.37
2016.01.08 16:32:13.472,1.70844,1.70862,2.25,1.12
2016.01.08 16:32:13.677,1.70844,1.7086,1.12,1.37
2016.01.08 16:32:14.026,1.70842,1.70855,1.50,1.87
2016.01.08 16:32:14.332,1.70841,1.70849,1.00,1.37
2016.01.08 16:32:14.485,1.7084,1.7085,1.00,1.37
2016.01.08 16:32:14.536,1.7084,1.7085,1.00,1.75
2016.01.08 16:32:14.638,1.70835,1.70847,1.00,1.37
2016.01.08 16:32:15.027,1.70828,1.70836,1.75,1.37
2016.01.08 16:32:15.079,1.70822,1.70836,2.25,1.87
2016.01.08 16:32:15.130,1.70821,1.70836,1.00,1.87
2016.01.08 16:32:15.284,1.70819,1.70835,1.00,1.50
2016.01.08 16:32:15.337,1.70817,1.70835,1.00,1.65
2016.01.08 16:32:15.490,1.70813,1.7083,1.00,1.50
2016.01.08 16:32:15.541,1.70813,1.70829,1.00,1.50
2016.01.08 16:32:16.225,1.70812,1.70827,1.00,1.12
2016.01.08 16:32:16.290,1.70808,1.70828,1.50,4.87
2016.01.08 16:32:16.443,1.70807,1.70823,1.87,1.75
2016.01.08 16:32:16.495,1.70807,1.70823,1.00,2.25
2016.01.08 16:32:16.648,1.70803,1.70823,2.62,2.25
2016.01.08 16:32:16.751,1.70803,1.70822,1.87,1.00
2016.01.08 16:32:17.127,1.70803,1.7082,1.75,1.00
2016.01.08 16:32:17.230,1.70803,1.7082,1.50,1.37
2016.01.08 16:32:17.332,1.70802,1.70818,1.12,1.37
2016.01.08 16:32:17.537,1.70799,1.70819,3.27,1.87
2016.01.08 16:32:18.049,1.70797,1.7081,2.25,1.37
2016.01.08 16:32:18.101,1.70792,1.70809,2.85,1.50
2016.01.08 16:32:18.203,1.70793,1.70809,1.00,2.25
2016.01.08 16:32:18.306,1.70796,1.70809,1.00,1.50
2016.01.08 16:32:18.511,1.708,1.70816,1.10,1.75
2016.01.08 16:32:18.665,1.708,1.70818,2.70,2.25
2016.01.08 16:32:19.175,1.70801,1.70818,2.25,2.62
2016.01.08 16:32:19.505,1.70805,1.7082,1.00,1.87
2016.01.08 16:32:19.607,1.70806,1.70818,1.00,1.00
2016.01.08 16:32:19.658,1.70808,1.7082,1.00,1.12
2016.01.08 16:32:19.965,1.70815,1.70823,1.00,1.20
2016.01.08 16:32:20.238,1.70817,1.70832,1.87,1.12
2016.01.08 16:32:20.290,1.70822,1.70831,1.00,1.37
2016.01.08 16:32:20.394,1.70824,1.70839,1.37,1.12
2016.01.08 16:32:20.446,1.70828,1.70841,1.00,1.95
2016.01.08 16:32:20.650,1.70828,1.70841,1.00,1.00
2016.01.08 16:32:21.068,1.70828,1.70845,1.00,1.12
2016.01.08 16:32:21.224,1.7083,1.70844,1.00,1.00
2016.01.08 16:32:21.531,1.70834,1.70849,1.00,1.12
2016.01.08 16:32:21.634,1.70834,1.70851,1.12,1.10
2016.01.08 16:32:21.736,1.70831,1.70848,1.87,1.12
2016.01.08 16:32:22.135,1.70838,1.70855,1.00,1.87
2016.01.08 16:32:22.187,1.70841,1.70855,1.00,1.12
2016.01.08 16:32:22.442,1.70842,1.70857,1.00,1.12
2016.01.08 16:32:22.493,1.70844,1.70857,1.00,1.12
2016.01.08 16:32:22.648,1.70842,1.70857,1.00,1.00
2016.01.08 16:32:23.440,1.70841,1.70853,1.00,1.50
2016.01.08 16:32:23.513,1.70831,1.7085,1.75,1.50
2016.01.08 16:32:23.717,1.7083,1.70848,1.12,1.37
2016.01.08 16:32:23.872,1.70831,1.70849,1.12,1.87
2016.01.08 16:32:24.128,1.70831,1.70848,1.00,1.37
2016.01.08 16:32:24.561,1.70831,1.70846,1.00,1.50
2016.01.08 16:32:24.817,1.70827,1.70846,1.75,1.37
2016.01.08 16:32:25.327,1.70825,1.70844,1.75,1.00
2016.01.08 16:32:25.695,1.70822,1.70844,3.15,1.37
2016.01.08 16:32:25.848,1.70822,1.70844,1.75,1.12
2016.01.08 16:32:26.001,1.70822,1.70844,1.75,1.75
2016.01.08 16:32:26.791,1.70825,1.70842,1.07,1.00
2016.01.08 16:32:26.844,1.70825,1.70842,1.57,1.37
2016.01.08 16:32:27.188,1.7082,1.70838,1.75,1.12
2016.01.08 16:32:27.595,1.7082,1.70837,1.12,1.00
2016.01.08 16:32:28.347,1.70821,1.70837,1.00,1.00
2016.01.08 16:32:28.554,1.70819,1.70838,1.87,1.12
2016.01.08 16:32:28.758,1.70819,1.70839,1.75,1.00
2016.01.08 16:32:29.132,1.70822,1.70841,1.75,1.57
2016.01.08 16:32:29.640,1.70822,1.70841,1.50,1.57
2016.01.08 16:32:29.946,1.70816,1.70835,1.37,1.50
2016.01.08 16:32:30.321,1.70813,1.70833,1.57,2.25
2016.01.08 16:32:30.372,1.70815,1.70832,1.12,1.47
2016.01.08 16:32:30.424,1.70815,1.70835,1.12,1.12
2016.01.08 16:32:30.577,1.70815,1.70835,1.87,1.00
2016.01.08 16:32:30.882,1.70821,1.7084,1.00,2.25
2016.01.08 16:32:31.865,1.70821,1.70841,2.25,1.37
2016.01.08 16:32:32.171,1.70822,1.70841,1.00,1.37
2016.01.08 16:32:32.273,1.70822,1.70841,1.00,1.37
2016.01.08 16:32:32.580,1.70822,1.70842,1.50,1.12
2016.01.08 16:32:32.634,1.70825,1.70843,1.00,1.50
2016.01.08 16:32:32.964,1.70825,1.70831,1.00,1.00
2016.01.08 16:32:33.271,1.70822,1.70829,1.50,1.00
2016.01.08 16:32:33.425,1.70825,1.70832,1.00,1.00
2016.01.08 16:32:33.953,1.70819,1.70826,1.00,1.00
2016.01.08 16:32:34.157,1.70816,1.70826,1.12,1.00
2016.01.08 16:32:35.065,1.70816,1.70826,1.37,1.00
2016.01.08 16:32:35.117,1.70814,1.70822,1.75,1.00
2016.01.08 16:32:35.169,1.70814,1.70822,1.50,1.00
2016.01.08 16:32:35.221,1.70814,1.70825,1.50,1.00
2016.01.08 16:32:35.274,1.70814,1.70823,1.12,1.00
2016.01.08 16:32:35.800,1.70814,1.70824,1.50,1.00
2016.01.08 16:32:36.369,1.70822,1.70827,1.37,1.00
2016.01.08 16:32:36.421,1.70823,1.70832,1.00,1.00
2016.01.08 16:32:36.880,1.70824,1.70834,1.00,1.00
2016.01.08 16:32:36.982,1.70823,1.70834,1.95,1.00
2016.01.08 16:32:37.448,1.70824,1.70832,1.20,1.00
2016.01.08 16:32:37.500,1.70823,1.70832,1.82,1.00
2016.01.08 16:32:37.704,1.70821,1.70832,2.70,1.00
2016.01.08 16:32:38.010,1.70823,1.70832,1.87,1.00
2016.01.08 16:32:38.481,1.70832,1.70838,1.37,1.00
2016.01.08 16:32:38.533,1.7083,1.70839,1.50,1.00
2016.01.08 16:32:38.584,1.7083,1.70841,1.50,1.00
2016.01.08 16:32:39.043,1.7083,1.70838,1.50,1.00
2016.01.08 16:32:39.762,1.70827,1.70837,2.62,1.00
2016.01.08 16:32:39.814,1.70824,1.70834,1.12,1.00
2016.01.08 16:32:39.918,1.70829,1.7084,1.00,1.00
2016.01.08 16:32:40.021,1.70829,1.70842,2.25,1.12
2016.01.08 16:32:40.329,1.70833,1.70844,1.12,1.00
2016.01.08 16:32:40.795,1.70831,1.7084,1.45,1.00
2016.01.08 16:32:41.000,1.70828,1.7084,1.95,1.00
2016.01.08 16:32:41.983,1.70829,1.7084,1.12,1.00
2016.01.08 16:32:42.239,1.70827,1.70837,1.50,1.00
2016.01.08 16:32:42.393,1.70825,1.70835,1.00,1.00
2016.01.08 16:32:43.351,1.70822,1.70835,1.87,1.00
2016.01.08 16:32:43.453,1.70821,1.70832,2.32,1.00
2016.01.08 16:32:43.708,1.70818,1.70829,1.20,1.00
2016.01.08 16:32:44.432,1.70824,1.70836,1.50,2.25
2016.01.08 16:32:44.483,1.70824,1.70837,1.57,1.00
2016.01.08 16:32:44.999,1.70823,1.70836,1.87,1.00
2016.01.08 16:32:45.515,1.70823,1.70836,1.00,1.00
2016.01.08 16:32:45.983,1.70822,1.70834,1.55,1.00
2016.01.08 16:32:46.187,1.70817,1.70831,1.37,1.00
2016.01.08 16:32:46.238,1.70816,1.70832,1.10,1.00
2016.01.08 16:32:48.060,1.70816,1.70834,1.20,1.50
2016.01.08 16:32:48.163,1.70816,1.70832,1.12,1.00
2016.01.08 16:32:48.473,1.70815,1.7083,1.12,1.00
2016.01.08 16:32:48.576,1.70815,1.70835,2.62,1.75
2016.01.08 16:32:48.627,1.70818,1.70835,1.00,1.75
2016.01.08 16:32:49.459,1.70816,1.70832,1.37,1.00
2016.01.08 16:32:49.561,1.70813,1.70831,1.95,1.12
2016.01.08 16:32:50.072,1.70813,1.7083,1.50,1.00
2016.01.08 16:32:50.438,1.70812,1.70829,1.12,1.00
2016.01.08 16:32:50.591,1.70809,1.70828,2.25,1.37
2016.01.08 16:32:50.643,1.7081,1.70828,1.00,1.75
2016.01.08 16:32:52.250,1.70809,1.70826,1.00,1.50
2016.01.08 16:32:52.301,1.70809,1.70826,1.00,2.25
2016.01.08 16:32:52.607,1.70807,1.7082,1.47,1.00
2016.01.08 16:32:52.977,1.70804,1.70824,2.70,2.25
2016.01.08 16:32:53.028,1.70808,1.70824,1.00,2.25
2016.01.08 16:32:53.130,1.70809,1.70827,1.37,2.25
2016.01.08 16:32:53.232,1.70811,1.70827,1.00,1.00
2016.01.08 16:32:53.284,1.70811,1.70827,1.87,1.00
2016.01.08 16:32:53.488,1.70812,1.70831,1.37,2.25
2016.01.08 16:32:54.528,1.70812,1.70832,1.87,1.75
2016.01.08 16:32:55.524,1.70813,1.7083,1.37,1.87
2016.01.08 16:32:55.609,1.7081,1.70825,1.00,1.37
2016.01.08 16:32:55.763,1.70806,1.70824,2.32,1.12
2016.01.08 16:32:55.968,1.7081,1.70826,1.12,1.50
2016.01.08 16:32:56.019,1.7081,1.70826,1.50,1.00
2016.01.08 16:32:56.071,1.7081,1.70826,1.50,1.00
2016.01.08 16:32:56.606,1.70808,1.70825,1.27,1.00
2016.01.08 16:32:56.912,1.70814,1.70826,1.00,1.12
2016.01.08 16:32:57.219,1.70816,1.70833,1.75,1.12
2016.01.08 16:32:57.727,1.70824,1.70835,1.37,1.75
2016.01.08 16:32:57.779,1.70824,1.70842,1.87,1.12
2016.01.08 16:32:57.933,1.70824,1.70844,1.87,2.62
2016.01.08 16:32:58.240,1.70828,1.70846,1.37,1.37
2016.01.08 16:32:58.445,1.7083,1.70848,1.87,1.00
2016.01.08 16:32:58.548,1.70831,1.70848,1.87,1.00
2016.01.08 16:32:58.824,1.70833,1.70848,1.00,1.00
2016.01.08 16:32:58.927,1.70832,1.70851,1.37,2.62
2016.01.08 16:32:59.263,1.70831,1.70848,1.12,1.12
2016.01.08 16:32:59.568,1.70827,1.70842,1.12,1.00
2016.01.08 16:32:59.721,1.70821,1.70838,1.75,1.00
2016.01.08 16:32:59.772,1.7082,1.70838,4.12,1.00
2016.01.08 16:33:00.090,1.7082,1.70835,4.12,1.00
2016.01.08 16:33:00.142,1.70815,1.70835,1.50,2.25
2016.01.08 16:33:01.114,1.70814,1.70833,2.25,1.50
2016.01.08 16:33:01.419,1.70814,1.70833,1.50,1.50
2016.01.08 16:33:01.521,1.70814,1.7083,1.00,1.00
2016.01.08 16:33:01.776,1.70813,1.70829,1.00,1.87
2016.01.08 16:33:01.878,1.7081,1.70828,1.00,1.00
2016.01.08 16:33:02.349,1.70809,1.70825,1.12,1.00
2016.01.08 16:33:02.704,1.70809,1.70823,1.12,1.00
2016.01.08 16:33:02.857,1.70806,1.70823,1.12,1.50
2016.01.08 16:33:03.061,1.70808,1.70826,1.87,1.12
2016.01.08 16:33:03.214,1.70809,1.70828,1.50,1.37
2016.01.08 16:33:03.266,1.70809,1.70828,1.75,1.37
2016.01.08 16:33:03.837,1.70817,1.70831,1.00,1.00
2016.01.08 16:33:03.890,1.70817,1.70833,1.00,1.00
2016.01.08 16:33:04.197,1.70815,1.7083,1.12,1.00
2016.01.08 16:33:04.506,1.70807,1.70826,1.12,1.87
2016.01.08 16:33:04.557,1.70807,1.70823,1.00,1.12
2016.01.08 16:33:04.885,1.70798,1.70814,2.70,1.12
2016.01.08 16:33:04.937,1.70798,1.70811,1.12,1.00
2016.01.08 16:33:04.988,1.70796,1.70811,1.12,1.00
2016.01.08 16:33:05.039,1.70791,1.70809,1.42,1.00
2016.01.08 16:33:05.345,1.70785,1.70799,1.00,1.00
2016.01.08 16:33:05.840,1.70781,1.70797,1.50,1.00
2016.01.08 16:33:06.050,1.70781,1.70799,1.00,2.62
2016.01.08 16:33:06.102,1.70781,1.70799,1.87,1.75
2016.01.08 16:33:06.256,1.70783,1.70799,1.00,1.37
2016.01.08 16:33:06.359,1.70783,1.70797,1.00,1.37
2016.01.08 16:33:06.902,1.70782,1.70795,1.00,1.50
2016.01.08 16:33:07.005,1.7078,1.70795,1.00,1.87
2016.01.08 16:33:07.208,1.70784,1.70799,1.00,1.12
2016.01.08 16:33:07.260,1.70784,1.708,1.00,1.50
2016.01.08 16:33:07.735,1.70782,1.70798,1.12,1.50
2016.01.08 16:33:08.050,1.70779,1.70794,1.95,1.00
2016.01.08 16:33:08.254,1.70768,1.70786,1.12,1.37
2016.01.08 16:33:08.610,1.70767,1.70786,1.95,1.87
2016.01.08 16:33:09.126,1.70765,1.70781,1.37,1.00
2016.01.08 16:33:09.177,1.70765,1.70781,1.00,1.00
2016.01.08 16:33:09.381,1.70765,1.70784,1.75,3.00
2016.01.08 16:33:09.636,1.7077,1.70787,1.00,2.62
2016.01.08 16:33:09.688,1.7077,1.70784,1.37,1.00
2016.01.08 16:33:09.842,1.70767,1.70784,1.37,1.00
2016.01.08 16:33:09.893,1.70767,1.70783,1.00,1.00
2016.01.08 16:33:10.221,1.70765,1.70781,1.87,1.00
2016.01.08 16:33:10.374,1.70762,1.70778,1.37,1.00
2016.01.08 16:33:10.425,1.70762,1.70778,1.00,1.75
2016.01.08 16:33:10.477,1.70759,1.70777,1.50,1.37
2016.01.08 16:33:10.733,1.70755,1.70771,1.87,1.00
2016.01.08 16:33:11.486,1.70752,1.70765,1.75,1.00
2016.01.08 16:33:11.742,1.70739,1.70753,1.00,1.00
2016.01.08 16:33:11.794,1.70739,1.70752,1.00,1.37
2016.01.08 16:33:11.845,1.70735,1.7075,1.50,1.12
2016.01.08 16:33:11.896,1.70735,1.70748,1.00,1.37
2016.01.08 16:33:12.341,1.70731,1.7075,1.75,1.37
2016.01.08 16:33:12.394,1.70731,1.70745,1.75,1.00
2016.01.08 16:33:12.704,1.70727,1.70734,1.37,1.00
2016.01.08 16:33:12.807,1.70721,1.70734,1.37,1.00
2016.01.08 16:33:13.271,1.70719,1.70732,1.12,1.00
2016.01.08 16:33:13.377,1.70721,1.70735,1.12,1.00
2016.01.08 16:33:13.429,1.7072,1.70735,1.12,1.00
2016.01.08 16:33:13.888,1.70722,1.70733,1.75,1.00
2016.01.08 16:33:14.205,1.70717,1.70731,2.62,1.00
2016.01.08 16:33:14.256,1.70714,1.70728,1.00,1.00
2016.01.08 16:33:14.308,1.70714,1.70725,1.00,1.00
2016.01.08 16:33:14.513,1.7071,1.70722,1.00,1.00
2016.01.08 16:33:14.667,1.70708,1.70718,1.12,1.00
2016.01.08 16:33:14.820,1.70702,1.70716,1.50,1.00
2016.01.08 16:33:15.152,1.70705,1.70716,2.25,1.00
2016.01.08 16:33:15.208,1.7071,1.70722,1.00,1.37
2016.01.08 16:33:15.553,1.70707,1.70719,1.75,1.00
2016.01.08 16:33:15.604,1.70707,1.70721,1.75,1.12
2016.01.08 16:33:16.300,1.70706,1.70718,1.12,1.00
2016.01.08 16:33:16.402,1.70703,1.70716,1.12,1.00
2016.01.08 16:33:16.504,1.70702,1.70716,1.12,1.00
2016.01.08 16:33:16.862,1.70702,1.70712,1.12,1.00
2016.01.08 16:33:17.378,1.70697,1.70707,1.00,1.50
2016.01.08 16:33:17.430,1.70687,1.70706,1.50,1.12
2016.01.08 16:33:17.633,1.70685,1.70704,1.75,1.00
2016.01.08 16:33:17.939,1.7068,1.707,1.75,1.00
2016.01.08 16:33:17.990,1.70683,1.707,1.00,1.00
2016.01.08 16:33:18.520,1.70679,1.707,1.20,1.37
2016.01.08 16:33:19.087,1.70681,1.707,1.37,1.37
2016.01.08 16:33:19.907,1.70684,1.70698,2.32,1.00
2016.01.08 16:33:19.960,1.70684,1.70704,2.32,1.37
2016.01.08 16:33:20.012,1.70685,1.70704,1.95,1.00
2016.01.08 16:33:20.522,1.70683,1.70704,3.75,1.87
2016.01.08 16:33:20.574,1.70683,1.70701,3.37,1.00
2016.01.08 16:33:21.605,1.70682,1.70701,1.95,1.00
2016.01.08 16:33:21.708,1.70679,1.70698,1.75,1.00
2016.01.08 16:33:22.024,1.70676,1.70693,2.62,1.37
2016.01.08 16:33:22.076,1.70671,1.70692,3.00,1.50
2016.01.08 16:33:22.128,1.70671,1.70691,1.75,1.87
2016.01.08 16:33:22.231,1.70667,1.70687,1.75,1.87
2016.01.08 16:33:22.334,1.70669,1.70686,1.12,1.12
2016.01.08 16:33:22.690,1.70669,1.70686,1.50,1.12
2016.01.08 16:33:23.064,1.70669,1.70689,1.95,1.12
2016.01.08 16:33:23.117,1.70673,1.7069,1.87,2.25
2016.01.08 16:33:23.528,1.70671,1.70684,1.37,1.87
2016.01.08 16:33:23.579,1.70668,1.70684,1.37,1.87
2016.01.08 16:33:24.306,1.70669,1.70686,1.00,1.37
2016.01.08 16:33:24.408,1.70671,1.70688,1.00,1.12
2016.01.08 16:33:24.714,1.70678,1.70692,1.00,1.87
2016.01.08 16:33:24.766,1.70678,1.7069,1.00,1.00
2016.01.08 16:33:24.818,1.70684,1.70695,1.00,2.62
2016.01.08 16:33:24.869,1.70684,1.70694,1.00,1.00
2016.01.08 16:33:25.173,1.7069,1.70694,1.12,1.00
2016.01.08 16:33:25.225,1.70693,1.70704,1.00,2.25
2016.01.08 16:33:25.277,1.70693,1.70706,1.00,1.87
2016.01.08 16:33:25.328,1.70691,1.7071,1.12,1.37
2016.01.08 16:33:25.431,1.70691,1.7071,1.50,1.00
2016.01.08 16:33:25.738,1.707,1.70713,1.00,1.00
2016.01.08 16:33:26.154,1.70695,1.70714,1.37,1.50
2016.01.08 16:33:26.206,1.70695,1.70714,1.00,1.50
2016.01.08 16:33:26.309,1.70693,1.70709,1.75,1.00
2016.01.08 16:33:26.463,1.70693,1.70711,2.25,1.50
2016.01.08 16:33:26.667,1.70694,1.70714,1.50,1.75
2016.01.08 16:33:27.342,1.707,1.70713,1.00,1.37
2016.01.08 16:33:27.393,1.70704,1.70722,1.50,1.37
2016.01.08 16:33:27.444,1.70703,1.70724,1.87,1.37
2016.01.08 16:33:27.648,1.70704,1.70724,1.07,1.12
2016.01.08 16:33:28.057,1.70703,1.7072,1.00,1.00
2016.01.08 16:33:28.370,1.707,1.70714,1.00,1.37
2016.01.08 16:33:28.472,1.70694,1.70714,1.20,1.37
2016.01.08 16:33:28.574,1.70693,1.70714,2.32,1.87
2016.01.08 16:33:28.727,1.70695,1.70716,2.62,3.67
2016.01.08 16:33:28.779,1.70695,1.70716,2.25,1.75
2016.01.08 16:33:29.420,1.70701,1.7072,1.00,1.50
2016.01.08 16:33:29.726,1.70695,1.70717,2.25,1.75
2016.01.08 16:33:30.034,1.70695,1.70713,1.75,1.00
2016.01.08 16:33:30.537,1.70691,1.70713,3.45,1.00
2016.01.08 16:33:31.068,1.70692,1.70714,3.45,1.87
2016.01.08 16:33:33.978,1.70694,1.70714,1.12,1.50
2016.01.08 16:33:34.334,1.7069,1.70707,1.75,1.50
2016.01.08 16:33:34.654,1.70692,1.7071,1.00,1.87
2016.01.08 16:33:35.162,1.70691,1.70711,1.87,1.87
2016.01.08 16:33:36.163,1.70691,1.70712,1.12,1.87
2016.01.08 16:33:36.626,1.70692,1.70706,1.37,1.12
2016.01.08 16:33:36.678,1.70692,1.70706,1.12,1.12
2016.01.08 16:33:36.730,1.70692,1.70704,1.12,1.37
2016.01.08 16:33:36.781,1.70687,1.70704,1.12,1.50
2016.01.08 16:33:37.305,1.70686,1.70704,1.00,1.75
2016.01.08 16:33:37.362,1.70689,1.70706,1.50,1.00
2016.01.08 16:33:37.464,1.70689,1.70708,1.12,1.12
2016.01.08 16:33:37.516,1.70689,1.70708,1.12,1.50
2016.01.08 16:33:38.081,1.70688,1.70706,1.00,1.50
2016.01.08 16:33:38.511,1.7068,1.70696,1.12,1.12
2016.01.08 16:33:38.819,1.70674,1.70691,1.00,1.87
2016.01.08 16:33:39.128,1.70677,1.70694,2.25,1.87
2016.01.08 16:33:39.564,1.70679,1.70696,1.10,1.50
2016.01.08 16:33:39.666,1.70682,1.70696,1.00,1.12
2016.01.08 16:33:39.946,1.70678,1.70694,1.10,1.12
2016.01.08 16:33:39.998,1.70671,1.70689,1.57,1.75
2016.01.08 16:33:40.726,1.70676,1.70694,1.00,1.87
2016.01.08 16:33:40.778,1.70676,1.70694,1.12,1.87
2016.01.08 16:33:40.829,1.70671,1.70691,2.32,1.12
2016.01.08 16:33:40.881,1.70673,1.70691,1.00,1.50
2016.01.08 16:33:40.933,1.7067,1.7069,1.87,1.37
2016.01.08 16:33:40.984,1.7067,1.7069,1.12,3.00
2016.01.08 16:33:41.087,1.7067,1.7069,1.12,1.75
2016.01.08 16:33:41.189,1.70672,1.7069,1.00,1.75
2016.01.08 16:33:41.444,1.7067,1.7069,1.00,1.87
2016.01.08 16:33:41.967,1.7067,1.7069,1.00,3.37
2016.01.08 16:33:42.121,1.7067,1.70689,1.00,2.25
2016.01.08 16:33:42.429,1.7068,1.70697,1.00,2.25
2016.01.08 16:33:42.861,1.70689,1.70697,1.00,1.12
2016.01.08 16:33:43.219,1.70692,1.70699,1.00,1.75
2016.01.08 16:33:43.373,1.70693,1.70699,1.00,1.12
2016.01.08 16:33:43.526,1.70699,1.70704,1.00,1.37
2016.01.08 16:33:43.628,1.70699,1.70708,1.00,1.12
2016.01.08 16:33:44.243,1.70699,1.70706,1.00,1.00
2016.01.08 16:33:44.295,1.70693,1.70707,1.00,1.50
2016.01.08 16:33:44.347,1.70691,1.70707,1.00,1.87
2016.01.08 16:33:44.399,1.70691,1.70706,1.00,1.50
2016.01.08 16:33:44.705,1.70688,1.70702,1.00,3.00
2016.01.08 16:33:44.860,1.70685,1.70698,1.00,1.12
2016.01.08 16:33:45.275,1.70681,1.70696,1.00,1.20
2016.01.08 16:33:45.326,1.70681,1.70696,1.00,1.20
2016.01.08 16:33:45.378,1.70681,1.70696,1.00,1.20
2016.01.08 16:33:45.684,1.70682,1.70693,1.00,1.50
2016.01.08 16:33:45.736,1.70682,1.70691,1.00,1.00
2016.01.08 16:33:45.890,1.70682,1.70693,1.00,1.00
2016.01.08 16:33:46.197,1.70738,1.70747,1.37,1.37
2016.01.08 16:33:46.301,1.70742,1.70755,1.12,1.12
2016.01.08 16:33:46.353,1.70749,1.70756,1.00,1.75
2016.01.08 16:33:46.406,1.70755,1.70759,1.00,1.00
2016.01.08 16:33:46.509,1.70757,1.70769,1.00,2.25
2016.01.08 16:33:46.611,1.70757,1.70773,1.00,1.00
2016.01.08 16:33:46.663,1.70753,1.70772,1.00,1.37
2016.01.08 16:33:46.818,1.70749,1.70772,1.47,1.87
2016.01.08 16:33:47.180,1.70749,1.70766,1.00,1.37
2016.01.08 16:33:47.232,1.70745,1.70765,1.00,1.37
2016.01.08 16:33:47.284,1.70741,1.70765,1.47,1.37
2016.01.08 16:33:47.386,1.70741,1.70762,1.20,1.12
2016.01.08 16:33:47.438,1.70741,1.7076,1.12,1.00
2016.01.08 16:33:47.903,1.70745,1.70759,1.00,1.00
2016.01.08 16:33:47.956,1.7074,1.70756,1.10,1.37
2016.01.08 16:33:48.341,1.70741,1.70754,1.00,1.37
2016.01.08 16:33:48.401,1.70738,1.7075,1.00,1.12
2016.01.08 16:33:48.504,1.70738,1.7075,1.00,1.37
2016.01.08 16:33:48.657,1.70734,1.70748,1.00,1.12
2016.01.08 16:33:48.709,1.70732,1.70748,1.00,1.12
2016.01.08 16:33:49.066,1.70732,1.70747,1.00,1.37
2016.01.08 16:33:49.866,1.7073,1.70746,1.00,1.37
2016.01.08 16:33:49.918,1.7073,1.70742,1.00,1.00
2016.01.08 16:33:50.020,1.70727,1.70742,1.00,1.00
2016.01.08 16:33:50.122,1.70727,1.7074,1.00,1.00
2016.01.08 16:33:50.612,1.70727,1.70743,1.00,1.37
2016.01.08 16:33:50.665,1.70725,1.70742,1.00,1.87
2016.01.08 16:33:50.716,1.70723,1.70742,1.00,2.25
2016.01.08 16:33:50.767,1.70721,1.70742,1.20,2.62
2016.01.08 16:33:50.819,1.70717,1.70734,1.10,1.37
2016.01.08 16:33:51.125,1.70722,1.70734,1.12,1.75
2016.01.08 16:33:51.277,1.70722,1.70735,1.37,1.50
2016.01.08 16:33:51.379,1.70721,1.70738,1.00,1.95
2016.01.08 16:33:51.998,1.70721,1.70736,1.00,1.37
2016.01.08 16:33:52.101,1.70718,1.70735,1.00,2.25
2016.01.08 16:33:52.357,1.70718,1.70731,1.00,1.50
2016.01.08 16:33:52.461,1.70711,1.70731,1.75,1.95
2016.01.08 16:33:52.616,1.70711,1.70726,1.12,1.00
2016.01.08 16:33:53.101,1.70711,1.70726,1.00,1.87
2016.01.08 16:33:53.157,1.70712,1.70729,1.12,1.12
2016.01.08 16:33:53.260,1.70709,1.70727,1.37,1.12
2016.01.08 16:33:53.362,1.70707,1.70724,1.12,2.25
2016.01.08 16:33:53.516,1.70704,1.70723,1.00,1.12
2016.01.08 16:33:55.689,1.70702,1.70715,1.00,1.87
2016.01.08 16:33:55.841,1.70694,1.70712,1.00,2.25
2016.01.08 16:33:55.893,1.70692,1.7071,1.37,2.25
2016.01.08 16:33:56.639,1.70693,1.70706,1.00,1.37
2016.01.08 16:33:56.945,1.70691,1.70707,1.00,1.50
2016.01.08 16:33:56.997,1.7069,1.70704,1.50,1.87
2016.01.08 16:33:57.306,1.70688,1.70704,1.00,3.00
2016.01.08 16:33:57.627,1.70685,1.70701,1.37,3.75
2016.01.08 16:33:57.729,1.70685,1.70701,1.00,2.62
2016.01.08 16:33:58.085,1.70687,1.70701,1.00,1.37
2016.01.08 16:33:58.951,1.7069,1.70705,1.00,2.25
2016.01.08 16:33:59.920,1.70689,1.70705,1.00,1.12
2016.01.08 16:34:00.230,1.70689,1.70704,1.00,3.00
2016.01.08 16:34:01.013,1.70689,1.70703,1.00,1.75
2016.01.08 16:34:01.064,1.70689,1.70703,1.00,1.12
2016.01.08 16:34:01.472,1.70686,1.70702,1.12,1.50
2016.01.08 16:34:02.438,1.70685,1.70701,1.87,1.12
2016.01.08 16:34:02.489,1.70685,1.70698,1.87,1.00
2016.01.08 16:34:02.795,1.70687,1.70702,1.00,1.12
2016.01.08 16:34:02.948,1.70695,1.70709,1.12,1.87
2016.01.08 16:34:03.270,1.70697,1.70711,1.00,1.00
2016.01.08 16:34:03.322,1.70699,1.70711,1.00,1.00
2016.01.08 16:34:03.373,1.70696,1.70711,1.50,1.00
2016.01.08 16:34:03.877,1.70696,1.7071,2.25,1.00
2016.01.08 16:34:04.131,1.70701,1.7071,1.00,1.00
2016.01.08 16:34:04.652,1.70703,1.70712,1.00,1.12
2016.01.08 16:34:04.704,1.7071,1.70723,1.50,1.00
2016.01.08 16:34:04.755,1.70712,1.70726,1.00,1.37
2016.01.08 16:34:05.060,1.70717,1.70733,1.50,1.87
2016.01.08 16:34:05.111,1.70716,1.70733,1.12,1.50
2016.01.08 16:34:05.163,1.70715,1.70733,1.87,1.50
2016.01.08 16:34:05.736,1.70714,1.70727,1.12,1.00
2016.01.08 16:34:06.042,1.70718,1.70733,1.50,1.75
2016.01.08 16:34:06.094,1.70718,1.70733,1.75,1.00
2016.01.08 16:34:06.298,1.70718,1.70734,1.75,1.00
2016.01.08 16:34:06.401,1.70719,1.70735,1.87,1.12
2016.01.08 16:34:06.453,1.70719,1.70735,1.37,1.87
2016.01.08 16:34:06.555,1.70712,1.7073,1.87,1.12
2016.01.08 16:34:06.606,1.70712,1.7073,1.50,1.12
2016.01.08 16:34:06.885,1.70712,1.70729,1.00,1.87
2016.01.08 16:34:07.194,1.70712,1.70728,1.60,1.75
2016.01.08 16:34:07.301,1.70714,1.7073,1.30,1.75
2016.01.08 16:34:07.352,1.70716,1.7073,1.00,1.75
2016.01.08 16:34:07.403,1.70716,1.7073,1.00,1.37
2016.01.08 16:34:07.455,1.70722,1.70734,1.00,3.75
2016.01.08 16:34:07.506,1.70723,1.70734,1.00,2.25
2016.01.08 16:34:07.609,1.70723,1.70734,1.60,1.12
2016.01.08 16:34:08.307,1.70725,1.70738,1.00,1.12
2016.01.08 16:34:08.359,1.70724,1.70738,1.35,1.50
2016.01.08 16:34:08.410,1.70723,1.70738,1.60,1.50
2016.01.08 16:34:08.462,1.70723,1.70736,1.60,1.00
2016.01.08 16:34:08.514,1.7072,1.70736,2.10,1.00
2016.01.08 16:34:08.565,1.7072,1.70736,1.60,1.37
2016.01.08 16:34:08.871,1.70724,1.70738,1.60,1.75
2016.01.08 16:34:09.350,1.70722,1.70737,1.00,1.50
2016.01.08 16:34:09.403,1.70722,1.70734,1.00,1.00
2016.01.08 16:34:09.505,1.7072,1.70733,1.30,1.00
2016.01.08 16:34:09.709,1.70718,1.70734,1.00,1.12
2016.01.08 16:34:09.863,1.70716,1.70732,1.35,1.00
2016.01.08 16:34:10.294,1.70716,1.70729,1.00,1.00
2016.01.08 16:34:10.397,1.70714,1.70732,1.30,2.25
2016.01.08 16:34:10.551,1.70712,1.70732,1.12,3.00
2016.01.08 16:34:10.808,1.70712,1.70729,1.35,2.25
2016.01.08 16:34:11.389,1.70716,1.7073,1.05,1.00
2016.01.08 16:34:11.443,1.70718,1.70734,1.30,1.87
2016.01.08 16:34:11.700,1.70717,1.70734,1.60,2.25
2016.01.08 16:34:11.803,1.70717,1.70734,1.30,2.25
2016.01.08 16:34:12.543,1.70716,1.70733,1.60,1.87
2016.01.08 16:34:12.697,1.70715,1.70733,1.72,1.87
2016.01.08 16:34:12.800,1.70716,1.70733,1.00,1.87
2016.01.08 16:34:12.902,1.70714,1.70728,1.00,1.50
2016.01.08 16:34:13.309,1.7071,1.70728,1.72,1.50
2016.01.08 16:34:13.411,1.7071,1.70726,1.35,1.00
2016.01.08 16:34:13.731,1.7071,1.70725,1.00,1.37
2016.01.08 16:34:14.319,1.70709,1.70725,1.35,1.37
2016.01.08 16:34:15.005,1.70711,1.70727,1.50,1.75
2016.01.08 16:34:15.516,1.70709,1.70727,1.72,1.50
2016.01.08 16:34:15.618,1.70709,1.70727,2.10,1.00
2016.01.08 16:34:16.256,1.70709,1.70727,2.02,1.00
2016.01.08 16:34:16.309,1.70707,1.70725,2.40,1.50
2016.01.08 16:34:16.411,1.7071,1.70728,1.65,1.12
2016.01.08 16:34:16.463,1.70712,1.70728,1.00,1.12
2016.01.08 16:34:16.769,1.70712,1.7073,2.40,1.50
2016.01.08 16:34:17.303,1.70712,1.70728,1.27,1.12
2016.01.08 16:34:17.611,1.70712,1.70729,1.52,1.50
2016.01.08 16:34:18.120,1.70712,1.7073,2.02,1.75
2016.01.08 16:34:18.415,1.70711,1.70729,1.15,1.87
2016.01.08 16:34:18.467,1.7071,1.70726,1.52,1.50
2016.01.08 16:34:18.570,1.70708,1.70724,1.00,1.50
2016.01.08 16:34:18.621,1.70708,1.7072,1.00,1.00
2016.01.08 16:34:18.927,1.70711,1.70726,1.52,1.00
2016.01.08 16:34:19.030,1.70711,1.70725,1.20,1.00
2016.01.08 16:34:19.524,1.70709,1.70727,1.27,1.75
2016.01.08 16:34:19.901,1.70709,1.70726,1.65,1.75
2016.01.08 16:34:20.158,1.7071,1.70728,2.40,1.00
2016.01.08 16:34:20.311,1.7071,1.70728,1.27,1.50
2016.01.08 16:34:20.413,1.7071,1.70728,1.90,1.50
2016.01.08 16:34:20.516,1.7071,1.70728,1.52,1.50
2016.01.08 16:34:20.829,1.7071,1.70729,2.02,2.25
2016.01.08 16:34:21.136,1.70708,1.70721,1.37,1.12
2016.01.08 16:34:21.341,1.70713,1.70728,1.65,1.37
2016.01.08 16:34:21.900,1.70713,1.70731,1.65,1.50
2016.01.08 16:34:22.103,1.70713,1.70731,1.12,1.50
2016.01.08 16:34:22.155,1.70711,1.70728,1.75,1.00
2016.01.08 16:34:22.257,1.70711,1.70728,1.12,1.00
2016.01.08 16:34:22.413,1.70711,1.70728,1.37,1.00
2016.01.08 16:34:23.010,1.70711,1.70729,1.75,1.00
2016.01.08 16:34:23.062,1.70715,1.70735,1.75,2.25
2016.01.08 16:34:23.266,1.70715,1.70735,1.75,1.12
2016.01.08 16:34:23.369,1.70714,1.70733,3.00,1.00
2016.01.08 16:34:23.897,1.70714,1.70733,2.25,1.00
2016.01.08 16:34:24.449,1.70714,1.70727,1.75,1.00
2016.01.08 16:34:24.501,1.70709,1.70727,1.00,2.62
2016.01.08 16:34:24.553,1.70709,1.70727,1.00,1.50
2016.01.08 16:34:24.707,1.70711,1.70727,1.00,1.50
2016.01.08 16:34:24.860,1.70714,1.70732,1.12,1.87
2016.01.08 16:34:25.592,1.70714,1.70732,1.00,1.50
2016.01.08 16:34:25.800,1.70712,1.70732,1.12,1.87
2016.01.08 16:34:26.005,1.70712,1.70727,1.00,1.00
2016.01.08 16:34:26.525,1.70704,1.70714,1.00,1.37
2016.01.08 16:34:26.632,1.70702,1.70714,1.12,1.00
2016.01.08 16:34:27.145,1.70702,1.70717,1.00,1.12
2016.01.08 16:34:27.350,1.70704,1.7072,1.00,3.75
2016.01.08 16:34:27.679,1.70707,1.7072,1.00,2.62
2016.01.08 16:34:27.731,1.70713,1.70731,2.25,1.12
2016.01.08 16:34:28.162,1.70714,1.70733,1.50,3.00
2016.01.08 16:34:28.214,1.70719,1.70736,1.00,1.75
2016.01.08 16:34:28.316,1.70721,1.70734,1.00,1.12
2016.01.08 16:34:28.419,1.70721,1.70736,1.00,1.12
2016.01.08 16:34:28.900,1.70721,1.70737,1.00,1.37
2016.01.08 16:34:28.954,1.70723,1.70737,1.00,1.12
2016.01.08 16:34:29.516,1.70723,1.70737,1.00,1.37
2016.01.08 16:34:30.044,1.70722,1.70737,1.00,1.37
2016.01.08 16:34:30.248,1.70715,1.70732,1.00,1.12
2016.01.08 16:34:30.352,1.70713,1.70728,1.50,1.75
2016.01.08 16:34:30.455,1.70708,1.70725,1.95,1.50
2016.01.08 16:34:30.507,1.70707,1.70721,1.50,1.12
2016.01.08 16:34:30.812,1.70703,1.70718,1.12,1.00
2016.01.08 16:34:31.082,1.70702,1.70718,2.25,1.00
2016.01.08 16:34:31.337,1.70707,1.70721,1.00,1.00
2016.01.08 16:34:31.389,1.70707,1.70724,1.50,1.87
2016.01.08 16:34:31.442,1.70709,1.70724,1.00,1.37
2016.01.08 16:34:31.748,1.70713,1.70728,1.00,1.87
2016.01.08 16:34:32.480,1.70709,1.70725,2.17,1.87
2016.01.08 16:34:32.888,1.7071,1.70725,1.67,1.87
2016.01.08 16:34:32.940,1.7071,1.70728,1.67,3.75
2016.01.08 16:34:33.528,1.70712,1.70727,1.42,1.12
2016.01.08 16:34:34.056,1.70713,1.70731,1.67,1.37
2016.01.08 16:34:34.210,1.70713,1.70729,1.42,1.37
2016.01.08 16:34:34.261,1.70713,1.70728,1.42,1.87
2016.01.08 16:34:34.591,1.70715,1.70728,1.05,1.87
2016.01.08 16:34:35.283,1.7071,1.70722,1.00,2.62
2016.01.08 16:34:35.683,1.707,1.70719,2.17,2.25
2016.01.08 16:34:35.786,1.70699,1.70713,2.17,1.87
2016.01.08 16:34:36.260,1.70699,1.70714,1.67,1.87
2016.01.08 16:34:36.514,1.70701,1.70714,1.67,1.87
2016.01.08 16:34:37.048,1.70705,1.70714,1.05,1.87
2016.01.08 16:34:37.506,1.70703,1.70714,1.42,1.87
2016.01.08 16:34:37.660,1.70698,1.70712,1.12,1.37
2016.01.08 16:34:37.711,1.70695,1.7071,1.12,1.37
2016.01.08 16:34:37.915,1.70698,1.70714,1.05,2.25
2016.01.08 16:34:38.278,1.70701,1.7072,2.17,1.37
2016.01.08 16:34:38.583,1.70705,1.70721,2.17,1.87
2016.01.08 16:34:38.787,1.70706,1.70723,1.67,1.12
2016.01.08 16:34:38.990,1.70708,1.70727,1.05,1.87
2016.01.08 16:34:39.042,1.7071,1.70727,1.67,1.12
2016.01.08 16:34:39.144,1.7071,1.70725,1.05,1.37
2016.01.08 16:34:39.196,1.7071,1.70725,1.05,1.75
2016.01.08 16:34:39.524,1.70706,1.70722,1.05,1.37
2016.01.08 16:34:39.677,1.70705,1.70722,1.80,1.00
2016.01.08 16:34:39.830,1.70705,1.70722,1.62,1.00
2016.01.08 16:34:40.135,1.70705,1.70722,1.62,1.00
2016.01.08 16:34:40.237,1.70705,1.70722,1.62,1.00
2016.01.08 16:34:40.993,1.70706,1.70724,1.99,1.75
2016.01.08 16:34:41.045,1.70714,1.70732,1.12,2.62
2016.01.08 16:34:42.002,1.70718,1.70736,1.49,1.37
2016.01.08 16:34:42.311,1.7072,1.70738,1.24,2.62
2016.01.08 16:34:42.363,1.7072,1.70735,1.24,1.37
2016.01.08 16:34:42.415,1.70718,1.7073,1.99,1.87
2016.01.08 16:34:42.466,1.70718,1.7073,1.49,1.87
2016.01.08 16:34:42.518,1.70717,1.70733,1.24,1.37
2016.01.08 16:34:42.930,1.70713,1.70732,1.99,1.75
2016.01.08 16:34:42.982,1.70714,1.7073,1.24,1.00
2016.01.08 16:34:43.599,1.70712,1.7073,1.24,1.00
2016.01.08 16:34:43.752,1.70712,1.7073,1.24,2.25
2016.01.08 16:34:44.103,1.70713,1.70728,1.12,2.62
2016.01.08 16:34:44.154,1.70713,1.70728,1.12,2.62
2016.01.08 16:34:44.256,1.7071,1.70726,1.12,1.37
2016.01.08 16:34:44.359,1.70705,1.70722,3.12,1.12
2016.01.08 16:34:44.881,1.70705,1.70724,1.49,2.62
2016.01.08 16:34:45.391,1.70703,1.70723,3.12,1.12
2016.01.08 16:34:46.004,1.70705,1.70724,2.37,1.12
2016.01.08 16:34:46.497,1.7071,1.70728,1.24,3.00
2016.01.08 16:34:46.548,1.7071,1.70729,1.99,1.12
2016.01.08 16:34:46.652,1.70713,1.70729,1.49,1.12
2016.01.08 16:34:46.704,1.70713,1.70727,1.49,1.12
2016.01.08 16:34:46.756,1.70716,1.70727,1.49,1.12
2016.01.08 16:34:47.011,1.70715,1.70732,1.12,2.25
2016.01.08 16:34:47.618,1.70715,1.70732,1.62,2.25
2016.01.08 16:34:47.771,1.70716,1.70732,1.87,1.87
2016.01.08 16:34:47.873,1.70715,1.70731,1.00,1.12
2016.01.08 16:34:48.381,1.70714,1.70732,1.00,2.62
2016.01.08 16:34:49.097,1.70714,1.70732,1.00,1.50
2016.01.08 16:34:49.200,1.70715,1.70733,1.62,1.37
2016.01.08 16:34:49.508,1.70718,1.70734,1.12,2.25
2016.01.08 16:34:49.559,1.70718,1.70735,1.12,1.12
2016.01.08 16:34:49.611,1.70718,1.70737,2.25,1.87
2016.01.08 16:34:50.150,1.70715,1.70731,1.37,1.37
2016.01.08 16:34:50.409,1.70713,1.70732,1.37,1.12
2016.01.08 16:34:50.920,1.70713,1.7073,1.12,1.00
2016.01.08 16:34:51.427,1.70716,1.7073,1.00,1.00
2016.01.08 16:34:51.631,1.70718,1.70736,1.00,1.75
2016.01.08 16:34:52.715,1.70716,1.70733,1.00,1.37
2016.01.08 16:34:52.766,1.70714,1.70727,1.00,2.62
2016.01.08 16:34:52.817,1.70709,1.70723,1.47,1.00
2016.01.08 16:34:52.869,1.70709,1.70723,1.37,1.50
2016.01.08 16:34:52.920,1.70706,1.70723,1.50,1.50
2016.01.08 16:34:53.022,1.70703,1.70721,1.37,1.12
2016.01.08 16:34:53.124,1.70701,1.70721,2.25,2.25
2016.01.08 16:34:53.175,1.70701,1.70719,1.12,1.12
2016.01.08 16:34:53.904,1.70704,1.70718,1.12,1.87
2016.01.08 16:34:54.057,1.707,1.70717,1.00,1.37
2016.01.08 16:34:54.261,1.70698,1.70717,1.50,1.12
2016.01.08 16:34:55.005,1.70697,1.70718,1.12,1.75
2016.01.08 16:34:55.464,1.70695,1.70713,1.50,2.25
2016.01.08 16:34:56.238,1.70693,1.70711,2.32,1.00
2016.01.08 16:34:56.546,1.7069,1.70709,1.75,1.12
2016.01.08 16:34:56.852,1.70692,1.70711,1.37,1.12
2016.01.08 16:34:57.005,1.70694,1.70713,1.50,1.37
2016.01.08 16:34:57.387,1.70697,1.70716,1.87,1.37
2016.01.08 16:34:57.642,1.70695,1.70713,1.87,2.62
2016.01.08 16:34:57.795,1.70694,1.70709,1.00,1.00
2016.01.08 16:34:57.948,1.7069,1.70709,1.50,1.47
2016.01.08 16:34:58.439,1.70681,1.70699,1.37,3.37
2016.01.08 16:34:58.650,1.70683,1.70698,1.37,1.00
2016.01.08 16:34:58.856,1.70683,1.70702,1.37,2.25
2016.01.08 16:34:59.390,1.70687,1.70701,1.00,1.00
2016.01.08 16:34:59.442,1.70685,1.70704,1.87,1.37
2016.01.08 16:34:59.646,1.70685,1.70705,1.87,1.87
2016.01.08 16:34:59.991,1.70686,1.70705,1.75,1.50
2016.01.08 16:35:00.507,1.70694,1.70711,1.00,1.00
2016.01.08 16:35:00.559,1.70692,1.70705,1.00,1.00
2016.01.08 16:35:01.068,1.70686,1.70704,1.12,1.12
2016.01.08 16:35:01.611,1.70684,1.70699,1.12,1.12
2016.01.08 16:35:01.764,1.70682,1.70699,1.12,1.00
2016.01.08 16:35:01.867,1.7068,1.70697,1.75,1.00
2016.01.08 16:35:02.329,1.70679,1.70696,1.37,1.00
2016.01.08 16:35:02.970,1.70677,1.70696,1.12,1.75
2016.01.08 16:35:03.276,1.70676,1.70691,1.12,1.00
2016.01.08 16:35:03.582,1.70672,1.70689,1.75,1.00
2016.01.08 16:35:04.187,1.70678,1.70693,1.00,1.00
2016.01.08 16:35:04.444,1.70678,1.70691,1.00,1.00
2016.01.08 16:35:04.751,1.70674,1.70689,1.00,1.00
2016.01.08 16:35:04.854,1.70673,1.70686,1.00,1.00
2016.01.08 16:35:05.317,1.70667,1.70681,1.12,1.00
2016.01.08 16:35:05.368,1.70664,1.70681,1.87,1.00
2016.01.08 16:35:06.504,1.70664,1.70682,1.87,1.00
2016.01.08 16:35:06.606,1.70664,1.7068,1.87,1.00
2016.01.08 16:35:06.863,1.70661,1.70676,1.50,1.00
2016.01.08 16:35:06.915,1.7066,1.70672,1.12,1.00
2016.01.08 16:35:06.966,1.7066,1.70674,1.00,1.00
2016.01.08 16:35:07.843,1.70636,1.70645,1.75,1.00
2016.01.08 16:35:07.945,1.70629,1.70643,2.25,1.12
2016.01.08 16:35:07.997,1.70625,1.70641,1.12,1.00
2016.01.08 16:35:08.048,1.70623,1.70638,1.12,1.00
2016.01.08 16:35:08.202,1.70624,1.70641,1.37,1.37
2016.01.08 16:35:08.670,1.70625,1.70639,1.12,1.37
2016.01.08 16:35:08.773,1.70623,1.7064,1.37,1.37
2016.01.08 16:35:08.976,1.70627,1.70641,1.00,2.62
2016.01.08 16:35:09.028,1.70627,1.70643,1.00,1.87
2016.01.08 16:35:09.079,1.70625,1.70641,1.37,1.00
2016.01.08 16:35:09.131,1.70625,1.70636,1.37,1.87
2016.01.08 16:35:09.667,1.70615,1.70635,1.87,3.00
2016.01.08 16:35:09.769,1.70619,1.70635,1.37,1.10
2016.01.08 16:35:09.975,1.70616,1.70634,1.37,1.12
2016.01.08 16:35:10.179,1.70612,1.70632,1.87,1.50
2016.01.08 16:35:10.332,1.70614,1.70629,1.00,1.00
2016.01.08 16:35:10.754,1.70614,1.70632,1.50,1.50
2016.01.08 16:35:10.856,1.70618,1.70634,1.00,1.12
2016.01.08 16:35:11.161,1.70619,1.70631,1.00,1.37
2016.01.08 16:35:11.263,1.70615,1.70627,1.00,1.00
2016.01.08 16:35:11.315,1.70613,1.70626,1.50,1.00
2016.01.08 16:35:11.366,1.70611,1.70628,1.50,3.00
2016.01.08 16:35:11.898,1.70611,1.70625,1.50,2.25
2016.01.08 16:35:11.950,1.70606,1.70624,1.37,1.75
2016.01.08 16:35:12.514,1.70604,1.70624,1.50,1.75
2016.01.08 16:35:12.669,1.70604,1.70626,2.50,1.75
2016.01.08 16:35:13.040,1.70604,1.70623,1.37,1.37
2016.01.08 16:35:13.971,1.70603,1.70623,1.12,1.37
2016.01.08 16:35:14.396,1.70606,1.70623,1.12,1.12
2016.01.08 16:35:14.600,1.70608,1.70623,1.00,1.00
2016.01.08 16:35:14.907,1.70613,1.70626,1.00,1.00
2016.01.08 16:35:15.010,1.70613,1.70631,1.00,1.75
2016.01.08 16:35:15.294,1.70613,1.70629,1.00,1.12
2016.01.08 16:35:15.659,1.70609,1.70624,1.12,1.37
2016.01.08 16:35:15.761,1.70612,1.70624,1.00,1.37
2016.01.08 16:35:15.864,1.70612,1.70626,1.00,1.00
2016.01.08 16:35:15.915,1.70612,1.70628,1.00,1.12
2016.01.08 16:35:16.424,1.70611,1.70628,1.00,1.12
2016.01.08 16:35:16.746,1.70611,1.70628,1.00,1.75
2016.01.08 16:35:16.951,1.70599,1.70616,1.50,1.00
2016.01.08 16:35:17.003,1.70599,1.70618,1.50,1.12
2016.01.08 16:35:17.105,1.70599,1.70618,1.87,1.37
2016.01.08 16:35:17.207,1.70599,1.70618,1.50,1.12
2016.01.08 16:35:17.862,1.706,1.70618,1.00,1.12
2016.01.08 16:35:18.321,1.706,1.70619,1.12,1.37
2016.01.08 16:35:18.474,1.706,1.7062,1.50,1.37
2016.01.08 16:35:18.525,1.70602,1.7062,1.12,1.37
2016.01.08 16:35:19.199,1.70603,1.70621,1.12,1.12
2016.01.08 16:35:19.250,1.70606,1.70623,1.00,1.12
2016.01.08 16:35:19.607,1.7061,1.70624,1.00,1.95
2016.01.08 16:35:19.658,1.70607,1.70624,1.00,1.95
2016.01.08 16:35:19.710,1.70606,1.70619,1.00,1.12
2016.01.08 16:35:19.812,1.70606,1.70624,1.00,1.24
2016.01.08 16:35:19.863,1.70608,1.70624,1.00,1.75
2016.01.08 16:35:20.198,1.70608,1.70624,1.00,1.00
2016.01.08 16:35:20.300,1.70611,1.70626,1.00,1.37
2016.01.08 16:35:20.763,1.70613,1.70627,1.00,1.12
2016.01.08 16:35:21.112,1.70613,1.7063,1.50,2.25
2016.01.08 16:35:21.164,1.70618,1.70632,1.00,1.75
2016.01.08 16:35:21.216,1.70614,1.70629,1.75,1.00
2016.01.08 16:35:21.319,1.7061,1.70629,2.62,1.12
2016.01.08 16:35:21.422,1.7061,1.70628,1.00,1.12
2016.01.08 16:35:21.731,1.70609,1.70629,3.37,1.75
2016.01.08 16:35:22.167,1.70608,1.70621,1.12,1.00
2016.01.08 16:35:22.478,1.70599,1.70616,1.37,1.37
2016.01.08 16:35:23.256,1.70595,1.70614,1.87,1.37
2016.01.08 16:35:24.124,1.70595,1.70613,1.12,1.12
2016.01.08 16:35:24.394,1.70595,1.7061,1.00,1.37
2016.01.08 16:35:24.447,1.7059,1.70607,1.50,1.37
2016.01.08 16:35:24.601,1.7059,1.70603,2.25,1.00
2016.01.08 16:35:24.908,1.70586,1.70602,1.50,1.37
2016.01.08 16:35:25.592,1.70586,1.706,1.00,1.87
2016.01.08 16:35:25.643,1.70582,1.70598,1.12,1.12
2016.01.08 16:35:25.745,1.70579,1.70597,1.50,1.50
2016.01.08 16:35:25.847,1.70578,1.70594,1.00,1.00
2016.01.08 16:35:25.949,1.70575,1.70594,1.50,1.37
2016.01.08 16:35:26.937,1.70581,1.70594,1.00,1.12
2016.01.08 16:35:26.988,1.70581,1.706,1.50,1.87
2016.01.08 16:35:27.143,1.70584,1.706,1.00,1.87
2016.01.08 16:35:27.449,1.70586,1.70603,1.00,1.12
2016.01.08 16:35:28.028,1.70586,1.70604,1.50,1.50
2016.01.08 16:35:28.080,1.70586,1.70604,1.75,1.37
2016.01.08 16:35:28.387,1.7059,1.70606,1.00,1.37
2016.01.08 16:35:28.439,1.7059,1.70608,1.37,1.57
2016.01.08 16:35:29.214,1.7059,1.70607,1.75,1.07
2016.01.08 16:35:29.571,1.7059,1.70606,1.75,1.57
2016.01.08 16:35:29.877,1.70589,1.70604,1.87,1.95
2016.01.08 16:35:30.651,1.70587,1.70603,3.00,1.82
2016.01.08 16:35:30.702,1.70587,1.70602,3.00,1.47
2016.01.08 16:35:31.009,1.70576,1.7058,1.00,1.12
2016.01.08 16:35:31.060,1.70572,1.70581,1.00,1.37
2016.01.08 16:35:31.112,1.70572,1.70585,1.00,1.00
2016.01.08 16:35:31.163,1.7057,1.70586,1.00,1.45
2016.01.08 16:35:31.647,1.70562,1.70575,1.00,1.00
2016.01.08 16:35:31.952,1.70564,1.70575,1.00,1.00
2016.01.08 16:35:32.054,1.70562,1.70575,1.12,1.00
2016.01.08 16:35:32.106,1.70559,1.70573,2.62,1.00
2016.01.08 16:35:32.157,1.70559,1.70575,1.50,1.00
2016.01.08 16:35:32.208,1.7056,1.70573,1.00,1.00
2016.01.08 16:35:32.729,1.70558,1.70573,1.87,1.00
2016.01.08 16:35:32.831,1.70558,1.70575,1.50,1.00
2016.01.08 16:35:32.883,1.70561,1.70575,1.00,1.00
2016.01.08 16:35:33.140,1.70562,1.70577,1.00,1.00
2016.01.08 16:35:33.242,1.70564,1.7058,1.57,1.00
2016.01.08 16:35:33.980,1.70559,1.70579,1.37,3.00
2016.01.08 16:35:34.032,1.70559,1.70571,1.00,1.00
2016.01.08 16:35:34.288,1.70541,1.70558,1.75,1.12
2016.01.08 16:35:34.340,1.70541,1.70556,1.75,1.00
2016.01.08 16:35:34.494,1.7054,1.70557,1.75,1.00
2016.01.08 16:35:34.597,1.70545,1.70557,1.00,1.00
2016.01.08 16:35:35.010,1.70553,1.70567,1.75,1.47
2016.01.08 16:35:35.113,1.70551,1.70566,1.00,1.00
2016.01.08 16:35:35.165,1.70551,1.70566,1.75,1.00
2016.01.08 16:35:35.472,1.70548,1.70567,2.62,1.45
2016.01.08 16:35:35.677,1.70554,1.7057,1.50,1.41
2016.01.08 16:35:36.180,1.70553,1.7057,1.37,1.41
2016.01.08 16:35:36.282,1.70554,1.70572,1.12,2.16
2016.01.08 16:35:36.793,1.70554,1.7057,1.85,1.28
2016.01.08 16:35:37.107,1.70554,1.7057,1.10,1.66
2016.01.08 16:35:37.261,1.70549,1.70565,1.87,1.37
2016.01.08 16:35:37.313,1.7055,1.70564,1.00,1.50
2016.01.08 16:35:37.416,1.70547,1.70565,1.12,1.75
2016.01.08 16:35:37.727,1.70554,1.70569,1.37,1.28
2016.01.08 16:35:38.390,1.70557,1.70569,1.37,1.41
2016.01.08 16:35:38.800,1.7056,1.70571,1.37,1.28
2016.01.08 16:35:39.005,1.70566,1.70578,1.00,2.32
2016.01.08 16:35:39.056,1.70568,1.70581,1.00,1.75
2016.01.08 16:35:39.209,1.7057,1.70585,1.00,3.00
2016.01.08 16:35:39.635,1.70568,1.70581,1.50,1.12
2016.01.08 16:35:39.787,1.7057,1.70585,1.00,2.62
2016.01.08 16:35:39.839,1.70567,1.70583,1.50,1.12
2016.01.08 16:35:40.093,1.70568,1.70581,1.12,1.00
2016.01.08 16:35:40.195,1.70567,1.70582,1.50,1.12
2016.01.08 16:35:40.809,1.70564,1.7058,1.00,3.45
2016.01.08 16:35:41.317,1.70565,1.70581,1.00,2.25
2016.01.08 16:35:41.523,1.70566,1.7058,1.50,1.00
2016.01.08 16:35:42.211,1.70563,1.70575,1.87,1.12
2016.01.08 16:35:42.268,1.70563,1.70577,1.50,1.95
2016.01.08 16:35:42.320,1.70563,1.70577,1.50,1.95
2016.01.08 16:35:42.473,1.70561,1.70569,1.00,1.12
2016.01.08 16:35:42.526,1.70554,1.70569,1.37,3.00
2016.01.08 16:35:42.628,1.70552,1.70567,1.50,1.12
2016.01.08 16:35:42.731,1.70552,1.70567,1.50,1.12
2016.01.08 16:35:43.037,1.70549,1.70563,1.12,1.12
2016.01.08 16:35:44.643,1.70543,1.70558,1.37,1.12
2016.01.08 16:35:45.103,1.70543,1.70557,1.37,1.00
2016.01.08 16:35:45.207,1.70543,1.70555,1.37,1.50
2016.01.08 16:35:45.360,1.70538,1.70555,1.75,1.12
2016.01.08 16:35:45.618,1.70537,1.70555,1.87,1.75
2016.01.08 16:35:45.931,1.70541,1.70558,2.51,1.12
2016.01.08 16:35:46.543,1.70541,1.70557,1.57,1.75
2016.01.08 16:35:47.019,1.70534,1.7055,1.85,1.00
2016.01.08 16:35:47.528,1.70537,1.70554,1.70,1.50
2016.01.08 16:35:47.834,1.7054,1.70557,2.25,1.12
2016.01.08 16:35:47.885,1.70542,1.70561,1.37,2.25
2016.01.08 16:35:48.201,1.70544,1.70563,1.00,3.37
2016.01.08 16:35:48.506,1.70542,1.7056,2.32,1.12
2016.01.08 16:35:49.518,1.70545,1.70562,1.57,1.12
2016.01.08 16:35:49.569,1.70558,1.70571,1.00,1.95
2016.01.08 16:35:49.671,1.70559,1.70572,1.00,1.37
2016.01.08 16:35:49.723,1.70561,1.70572,1.50,1.37
2016.01.08 16:35:49.927,1.70559,1.7057,1.00,1.37
2016.01.08 16:35:50.029,1.7056,1.7057,1.00,1.12
2016.01.08 16:35:50.235,1.70565,1.70575,1.00,1.50
2016.01.08 16:35:50.287,1.70568,1.70577,1.00,1.37
2016.01.08 16:35:50.621,1.70574,1.70585,1.00,1.12
2016.01.08 16:35:50.927,1.70574,1.70588,1.50,1.75
2016.01.08 16:35:51.131,1.70576,1.70588,1.50,1.87
2016.01.08 16:35:51.234,1.70575,1.70589,1.00,1.20
2016.01.08 16:35:51.285,1.70572,1.70589,1.37,1.57
2016.01.08 16:35:51.656,1.7057,1.70586,1.35,1.00
2016.01.08 16:35:51.860,1.70573,1.70586,1.00,1.37
2016.01.08 16:35:52.370,1.7057,1.70588,1.37,1.47
2016.01.08 16:35:52.422,1.7057,1.70589,1.75,1.87
2016.01.08 16:35:52.525,1.70567,1.70584,2.10,1.12
2016.01.08 16:35:52.860,1.70569,1.70584,1.00,1.37
2016.01.08 16:35:53.264,1.70567,1.70583,1.12,1.12
2016.01.08 16:35:53.673,1.70567,1.70584,1.37,1.12
2016.01.08 16:35:53.724,1.70567,1.70584,1.37,1.12
2016.01.08 16:35:54.055,1.70568,1.70584,1.75,1.37
2016.01.08 16:35:54.361,1.70566,1.70582,1.12,1.12
2016.01.08 16:35:54.463,1.70566,1.7058,1.12,1.00
2016.01.08 16:35:55.312,1.70566,1.7058,1.12,1.50
2016.01.08 16:35:55.623,1.70561,1.70576,2.25,1.12
2016.01.08 16:35:55.725,1.70557,1.70575,1.75,2.25
2016.01.08 16:35:56.030,1.70556,1.70571,2.25,1.12
2016.01.08 16:35:56.579,1.70559,1.70574,1.75,1.37
2016.01.08 16:35:56.783,1.70559,1.70574,1.75,1.37
2016.01.08 16:35:57.918,1.7056,1.70577,1.50,3.00
2016.01.08 16:35:57.970,1.70563,1.7058,1.12,1.75
2016.01.08 16:35:58.482,1.70562,1.7058,2.25,2.25
2016.01.08 16:35:59.043,1.70566,1.70579,1.12,1.00
2016.01.08 16:35:59.247,1.70567,1.70583,1.00,1.50
2016.01.08 16:35:59.705,1.70572,1.70583,1.00,1.37
2016.01.08 16:35:59.756,1.70572,1.70586,1.00,1.50
2016.01.08 16:35:59.808,1.70572,1.70586,1.00,1.00
2016.01.08 16:36:00.138,1.70577,1.70588,1.87,1.37
2016.01.08 16:36:00.190,1.70582,1.706,1.75,1.95
2016.01.08 16:36:00.242,1.70582,1.70597,1.00,1.37
2016.01.08 16:36:00.344,1.70578,1.70597,1.50,1.82
2016.01.08 16:36:00.448,1.70578,1.70592,1.50,1.00
2016.01.08 16:36:00.653,1.70578,1.70594,1.12,1.00
2016.01.08 16:36:00.704,1.70581,1.70595,1.00,1.37
2016.01.08 16:36:01.237,1.70583,1.70597,1.00,1.85
2016.01.08 16:36:01.290,1.70577,1.70593,1.12,1.07
2016.01.08 16:36:01.694,1.70579,1.70593,1.00,1.12
2016.01.08 16:36:01.999,1.70583,1.70598,1.00,1.87
2016.01.08 16:36:02.050,1.70584,1.70598,1.00,1.50
2016.01.08 16:36:02.204,1.70589,1.70601,1.00,1.87
2016.01.08 16:36:02.255,1.70589,1.70602,1.00,1.95
2016.01.08 16:36:02.553,1.70592,1.70603,1.00,1.75
2016.01.08 16:36:02.707,1.70589,1.70605,1.50,1.37
2016.01.08 16:36:02.809,1.70589,1.70605,1.00,1.12
2016.01.08 16:36:02.912,1.70589,1.70605,1.12,1.87
2016.01.08 16:36:03.014,1.70589,1.70605,1.12,1.00
2016.01.08 16:36:03.268,1.70586,1.70603,2.62,1.12
2016.01.08 16:36:03.627,1.70586,1.70603,1.00,1.12
2016.01.08 16:36:03.984,1.70589,1.70603,2.25,1.95
2016.01.08 16:36:04.036,1.70589,1.70604,3.00,1.37
2016.01.08 16:36:04.189,1.70589,1.70607,4.12,2.02
2016.01.08 16:36:04.342,1.70594,1.70609,1.00,1.57
2016.01.08 16:36:04.799,1.70594,1.70608,1.00,1.75
2016.01.08 16:36:05.309,1.70594,1.70607,1.00,1.10
2016.01.08 16:36:05.631,1.70594,1.70609,1.00,1.20
2016.01.08 16:36:06.574,1.70594,1.70609,1.00,2.70
2016.01.08 16:36:06.939,1.70595,1.70609,1.37,1.20
2016.01.08 16:36:07.513,1.70597,1.70612,1.00,1.50
2016.01.08 16:36:07.768,1.70597,1.70614,1.00,1.57
2016.01.08 16:36:07.870,1.706,1.70615,1.00,1.50
2016.01.08 16:36:08.379,1.706,1.70618,1.37,4.57
2016.01.08 16:36:08.853,1.706,1.70616,1.37,1.87
2016.01.08 16:36:09.362,1.706,1.70617,1.87,1.37
2016.01.08 16:36:09.587,1.70604,1.70621,1.00,3.07
2016.01.08 16:36:10.961,1.70604,1.70622,1.50,2.32
2016.01.08 16:36:11.498,1.70605,1.70621,1.00,1.00
2016.01.08 16:36:11.752,1.70611,1.70621,1.00,1.00
2016.01.08 16:36:12.008,1.70617,1.70632,1.00,1.20
2016.01.08 16:36:13.218,1.70616,1.70633,1.00,1.37
2016.01.08 16:36:13.320,1.70614,1.7063,1.10,1.37
2016.01.08 16:36:14.068,1.70615,1.70631,1.00,2.40
2016.01.08 16:36:14.375,1.70626,1.70639,1.00,1.75
2016.01.08 16:36:14.478,1.70628,1.70642,1.00,1.87
2016.01.08 16:36:14.733,1.70632,1.70647,1.00,2.32
2016.01.08 16:36:14.785,1.70632,1.70647,1.00,1.87
2016.01.08 16:36:15.097,1.70632,1.70648,1.87,1.12
2016.01.08 16:36:15.250,1.70632,1.70649,2.40,1.37
2016.01.08 16:36:15.825,1.70633,1.7065,1.37,1.12
2016.01.08 16:36:16.307,1.70635,1.70652,1.37,1.12
2016.01.08 16:36:16.818,1.70635,1.70654,2.40,1.75
2016.01.08 16:36:17.075,1.70635,1.70654,2.40,1.37
2016.01.08 16:36:17.860,1.70636,1.70655,1.87,1.87
2016.01.08 16:36:18.220,1.70639,1.70655,1.00,1.00
2016.01.08 16:36:18.793,1.70639,1.70654,1.00,1.00
2016.01.08 16:36:19.303,1.70637,1.70654,1.12,1.00
2016.01.08 16:36:19.457,1.70637,1.70653,1.00,1.87
2016.01.08 16:36:20.179,1.70637,1.70653,1.00,1.12
2016.01.08 16:36:20.485,1.70634,1.7065,2.70,1.50
2016.01.08 16:36:20.791,1.70634,1.70652,1.95,1.00
2016.01.08 16:36:20.944,1.70635,1.70652,1.00,1.87
2016.01.08 16:36:21.406,1.70632,1.7065,1.12,1.50
2016.01.08 16:36:21.863,1.70634,1.7065,1.00,1.37
2016.01.08 16:36:22.066,1.70634,1.70651,1.00,2.25
2016.01.08 16:36:22.168,1.70634,1.7065,1.50,1.87
2016.01.08 16:36:22.871,1.70632,1.70647,1.00,1.75
2016.01.08 16:36:22.925,1.70629,1.70646,1.00,1.50
2016.01.08 16:36:23.353,1.70631,1.70646,1.00,1.12
2016.01.08 16:36:23.455,1.70631,1.70646,1.50,1.12
2016.01.08 16:36:23.557,1.70632,1.70648,1.50,1.00
2016.01.08 16:36:23.916,1.70634,1.70651,1.85,1.12
2016.01.08 16:36:23.968,1.70636,1.70653,1.07,1.00
2016.01.08 16:36:24.120,1.70639,1.70656,1.12,1.37
2016.01.08 16:36:24.629,1.7064,1.70657,1.00,1.50
2016.01.08 16:36:25.067,1.70633,1.70641,1.75,1.87
2016.01.08 16:36:25.119,1.70625,1.70639,1.12,1.10
2016.01.08 16:36:25.325,1.70621,1.70638,1.75,1.47
2016.01.08 16:36:25.376,1.70621,1.70637,1.50,1.50
2016.01.08 16:36:25.479,1.70618,1.70636,1.87,1.50
2016.01.08 16:36:25.530,1.70618,1.70636,1.87,1.87
2016.01.08 16:36:25.582,1.70618,1.70636,1.50,1.00
2016.01.08 16:36:25.633,1.70617,1.70634,1.10,1.12
2016.01.08 16:36:25.685,1.70615,1.70634,2.62,2.62
2016.01.08 16:36:26.068,1.70618,1.70637,2.32,2.70
2016.01.08 16:36:26.125,1.70622,1.70637,1.00,1.20
2016.01.08 16:36:26.176,1.70622,1.70638,1.00,1.50
2016.01.08 16:36:26.675,1.70631,1.70649,1.12,1.85
2016.01.08 16:36:26.727,1.7063,1.70649,2.62,1.37
2016.01.08 16:36:27.202,1.7063,1.70647,1.12,1.50
2016.01.08 16:36:27.710,1.70631,1.70647,1.00,1.00
2016.01.08 16:36:28.014,1.70627,1.70644,1.85,1.00
2016.01.08 16:36:28.332,1.70628,1.70644,1.37,1.50
2016.01.08 16:36:28.384,1.70626,1.70644,1.20,2.62
2016.01.08 16:36:28.691,1.70621,1.70639,1.87,2.02
2016.01.08 16:36:28.895,1.70621,1.70638,1.00,2.62
2016.01.08 16:36:29.719,1.70618,1.70635,1.75,1.00
2016.01.08 16:36:30.228,1.70618,1.70637,1.12,1.95
2016.01.08 16:36:30.279,1.70618,1.70634,1.12,1.00
2016.01.08 16:36:31.114,1.70607,1.70622,1.00,1.00
2016.01.08 16:36:31.474,1.70607,1.70624,1.00,1.12
2016.01.08 16:36:31.527,1.70607,1.70624,1.87,1.00
2016.01.08 16:36:31.681,1.70609,1.70626,1.85,1.87
2016.01.08 16:36:32.203,1.70612,1.70628,1.57,1.00
2016.01.08 16:36:33.205,1.70613,1.7063,1.37,1.12
2016.01.08 16:36:33.486,1.70613,1.70631,1.87,2.25
2016.01.08 16:36:33.794,1.70613,1.70628,1.50,1.87
2016.01.08 16:36:33.847,1.70616,1.70628,1.37,1.87
2016.01.08 16:36:34.000,1.70618,1.70632,1.95,1.00
2016.01.08 16:36:34.669,1.70616,1.70633,1.85,1.00
2016.01.08 16:36:34.720,1.70615,1.70632,1.95,1.00
2016.01.08 16:36:34.771,1.70615,1.7063,1.57,1.50
2016.01.08 16:36:35.278,1.70614,1.7063,1.00,1.50
2016.01.08 16:36:36.061,1.70612,1.7063,3.07,1.37
2016.01.08 16:36:36.265,1.70613,1.7063,1.10,1.00
2016.01.08 16:36:36.470,1.70613,1.7063,1.47,1.00
2016.01.08 16:36:37.112,1.70614,1.7063,1.85,1.00
2016.01.08 16:36:37.468,1.70617,1.70633,1.50,1.75
2016.01.08 16:36:37.570,1.70619,1.70632,1.37,1.00
2016.01.08 16:36:37.622,1.70622,1.70637,1.50,3.54
2016.01.08 16:36:37.673,1.70623,1.70639,1.57,2.06
2016.01.08 16:36:37.725,1.70623,1.70639,1.57,1.37
2016.01.08 16:36:37.776,1.70625,1.7064,1.50,1.75
2016.01.08 16:36:38.099,1.70628,1.7064,1.00,1.37
2016.01.08 16:36:38.713,1.70627,1.70644,1.12,1.37
2016.01.08 16:36:39.303,1.70624,1.70641,3.00,1.37
2016.01.08 16:36:39.355,1.70624,1.7064,1.75,1.50
2016.01.08 16:36:39.817,1.70624,1.70641,1.10,3.37
2016.01.08 16:36:39.923,1.70625,1.70644,1.50,1.20
2016.01.08 16:36:40.025,1.70626,1.70645,1.87,1.22
2016.01.08 16:36:40.350,1.70636,1.70648,1.12,1.50
2016.01.08 16:36:40.411,1.70639,1.70653,1.37,1.00
2016.01.08 16:36:40.670,1.70641,1.70654,1.47,1.00
2016.01.08 16:36:40.722,1.70641,1.70658,1.47,3.37
2016.01.08 16:36:40.774,1.70641,1.70658,1.47,2.62
2016.01.08 16:36:41.080,1.7064,1.70647,1.12,1.50
2016.01.08 16:36:41.396,1.70631,1.70642,1.50,1.85
2016.01.08 16:36:41.447,1.70625,1.70641,1.00,1.37
2016.01.08 16:36:41.601,1.70625,1.70641,1.00,1.12
2016.01.08 16:36:41.653,1.70623,1.70641,1.12,1.12
2016.01.08 16:36:42.503,1.70623,1.7064,1.00,1.87
2016.01.08 16:36:42.759,1.70623,1.70641,1.65,1.00
2016.01.08 16:36:42.963,1.70625,1.70641,1.00,1.00
2016.01.08 16:36:43.272,1.70624,1.70641,1.00,1.37
2016.01.08 16:36:43.834,1.70617,1.70633,1.00,1.87
2016.01.08 16:36:43.937,1.70619,1.70634,1.00,1.59
2016.01.08 16:36:44.192,1.70614,1.70629,1.87,1.00
2016.01.08 16:36:44.448,1.70607,1.70624,1.95,1.50
2016.01.08 16:36:44.502,1.70606,1.70623,1.20,1.50
2016.01.08 16:36:45.025,1.70605,1.70621,1.37,1.37
2016.01.08 16:36:45.076,1.70605,1.70621,1.37,1.12
2016.01.08 16:36:45.279,1.70603,1.70618,1.37,1.00
2016.01.08 16:36:45.534,1.70603,1.7062,1.12,1.37
2016.01.08 16:36:45.586,1.70606,1.70621,1.00,2.32
2016.01.08 16:36:45.954,1.70605,1.70624,3.00,1.87
2016.01.08 16:36:46.059,1.70607,1.70624,1.47,1.50
2016.01.08 16:36:46.415,1.7061,1.70625,1.37,1.37
2016.01.08 16:36:46.466,1.7061,1.70627,1.37,1.22
2016.01.08 16:36:47.350,1.70613,1.70626,1.12,1.00
2016.01.08 16:36:47.401,1.70619,1.70634,1.10,1.12
2016.01.08 16:36:47.453,1.70619,1.70636,1.20,1.37
2016.01.08 16:36:47.606,1.7062,1.70637,1.47,1.12
2016.01.08 16:36:47.708,1.70622,1.70639,1.95,2.25
2016.01.08 16:36:48.348,1.70625,1.70638,1.37,1.25
2016.01.08 16:36:48.612,1.70618,1.70636,2.25,1.50
2016.01.08 16:36:48.664,1.70618,1.70636,1.00,2.25
2016.01.08 16:36:49.406,1.70619,1.70635,1.00,1.50
2016.01.08 16:36:49.664,1.70619,1.70636,2.25,1.47
2016.01.08 16:36:49.767,1.7062,1.70638,1.12,1.20
2016.01.08 16:36:50.300,1.70621,1.7064,1.12,1.95
2016.01.08 16:36:50.818,1.70621,1.70639,1.37,1.37
2016.01.08 16:36:52.014,1.70621,1.7064,1.75,1.95
2016.01.08 16:36:52.067,1.70623,1.70641,1.37,2.70
2016.01.08 16:36:52.118,1.70623,1.70641,1.75,2.25
2016.01.08 16:36:52.423,1.70621,1.70629,1.87,1.50
2016.01.08 16:36:52.475,1.70614,1.70626,1.37,1.00
2016.01.08 16:36:52.577,1.70608,1.70626,1.87,1.50
2016.01.08 16:36:52.781,1.70608,1.70624,1.37,1.87
2016.01.08 16:36:53.363,1.70607,1.70624,1.50,1.00
2016.01.08 16:36:53.568,1.70606,1.70624,1.37,1.87
2016.01.08 16:36:54.222,1.70607,1.70624,2.25,1.12
2016.01.08 16:36:54.273,1.70608,1.70626,1.12,1.95
2016.01.08 16:36:54.376,1.70611,1.70626,1.87,1.00
2016.01.08 16:36:54.579,1.70613,1.70629,1.00,1.10
2016.01.08 16:36:54.834,1.70618,1.70629,1.00,1.10
2016.01.08 16:36:55.140,1.70626,1.70641,1.37,1.20
2016.01.08 16:36:55.701,1.70626,1.70643,1.87,1.85
2016.01.08 16:36:55.753,1.70626,1.70645,1.87,1.87
2016.01.08 16:36:56.263,1.70626,1.70644,1.87,1.10
2016.01.08 16:36:56.670,1.70626,1.70645,2.25,1.57
2016.01.08 16:36:56.982,1.70626,1.70643,1.00,1.12
2016.01.08 16:36:57.186,1.70624,1.7064,1.00,1.12
2016.01.08 16:36:57.289,1.70621,1.7064,3.00,2.25
2016.01.08 16:36:57.393,1.70621,1.70639,1.50,1.85
2016.01.08 16:36:57.704,1.70624,1.70637,1.00,1.12
2016.01.08 16:36:58.273,1.70621,1.7064,2.25,2.62
2016.01.08 16:36:58.835,1.70624,1.70637,1.00,1.00
2016.01.08 16:36:58.887,1.70624,1.70639,1.00,1.20
2016.01.08 16:36:59.458,1.70624,1.70637,1.00,1.37
2016.01.08 16:36:59.815,1.70622,1.70637,1.50,1.37
2016.01.08 16:37:00.560,1.70612,1.70626,1.10,1.00
2016.01.08 16:37:00.663,1.7061,1.70626,1.00,1.50
2016.01.08 16:37:00.969,1.7062,1.70632,1.00,2.32
2016.01.08 16:37:01.020,1.70622,1.70633,1.00,1.37
2016.01.08 16:37:01.072,1.70622,1.70636,1.00,1.50
2016.01.08 16:37:01.174,1.70626,1.70638,1.00,1.20
2016.01.08 16:37:01.540,1.70628,1.70642,1.00,1.37
2016.01.08 16:37:02.353,1.70628,1.70645,1.00,2.32
2016.01.08 16:37:03.042,1.70628,1.70643,1.00,1.82
2016.01.08 16:37:03.350,1.70627,1.7064,1.00,1.50
2016.01.08 16:37:03.402,1.70624,1.7064,1.12,1.50
2016.01.08 16:37:03.555,1.70626,1.7064,1.00,1.50
2016.01.08 16:37:04.064,1.70628,1.70641,1.00,1.37
2016.01.08 16:37:04.116,1.70626,1.70641,1.12,1.37
2016.01.08 16:37:04.168,1.70628,1.70643,1.00,1.95
2016.01.08 16:37:04.478,1.70627,1.70642,1.00,1.20
2016.01.08 16:37:05.275,1.70627,1.70638,1.00,1.00
2016.01.08 16:37:05.378,1.70627,1.70642,1.00,1.20
2016.01.08 16:37:05.482,1.70627,1.70642,1.00,1.20
2016.01.08 16:37:05.841,1.70627,1.70642,1.00,1.37
2016.01.08 16:37:06.097,1.70628,1.70642,1.00,1.37
2016.01.08 16:37:06.445,1.70629,1.70643,1.37,2.25
2016.01.08 16:37:06.645,1.70631,1.70644,1.12,2.25
2016.01.08 16:37:06.696,1.70631,1.70646,1.12,1.87
2016.01.08 16:37:06.849,1.70634,1.70646,1.00,1.12
2016.01.08 16:37:06.901,1.70634,1.70647,1.00,1.37
2016.01.08 16:37:07.004,1.70634,1.70644,1.00,1.00
2016.01.08 16:37:07.107,1.70634,1.70646,1.00,1.00
2016.01.08 16:37:07.209,1.70632,1.70646,1.00,1.00
2016.01.08 16:37:07.819,1.70632,1.70646,1.37,1.00
2016.01.08 16:37:08.327,1.70629,1.70645,1.37,1.00
2016.01.08 16:37:08.765,1.70629,1.70642,1.37,1.00
2016.01.08 16:37:08.817,1.7063,1.70644,1.00,1.87
2016.01.08 16:37:08.869,1.70633,1.70645,1.00,1.12
2016.01.08 16:37:09.123,1.70633,1.70648,1.00,1.12
2016.01.08 16:37:09.479,1.70633,1.70647,1.00,1.12
2016.01.08 16:37:09.982,1.70633,1.70647,1.00,1.37
2016.01.08 16:37:10.034,1.70633,1.70645,1.87,1.37
2016.01.08 16:37:10.137,1.70637,1.70648,1.37,1.12
2016.01.08 16:37:10.189,1.70642,1.7065,1.00,1.20
2016.01.08 16:37:10.345,1.70647,1.70658,1.00,1.50
2016.01.08 16:37:10.396,1.70647,1.70661,1.00,1.37
2016.01.08 16:37:10.448,1.70647,1.70661,1.00,1.00
2016.01.08 16:37:10.551,1.70649,1.70661,1.00,1.50
2016.01.08 16:37:10.653,1.70649,1.70662,1.00,1.12
2016.01.08 16:37:11.239,1.7065,1.70665,1.00,1.00
2016.01.08 16:37:11.651,1.7065,1.70667,1.37,1.50
2016.01.08 16:37:11.960,1.70656,1.70671,1.37,1.37
2016.01.08 16:37:12.480,1.70656,1.70674,1.37,1.12
2016.01.08 16:37:14.122,1.70656,1.7067,2.25,1.00
2016.01.08 16:37:14.174,1.70659,1.70675,1.00,2.70
2016.01.08 16:37:14.226,1.70659,1.70675,1.00,3.07
2016.01.08 16:37:14.278,1.70659,1.70672,1.00,1.00
2016.01.08 16:37:14.380,1.70655,1.7067,1.20,1.50
2016.01.08 16:37:14.975,1.70654,1.7067,1.00,1.12
2016.01.08 16:37:15.027,1.70658,1.7067,1.00,1.00
2016.01.08 16:37:15.282,1.70658,1.70672,1.00,1.00
2016.01.08 16:37:15.436,1.70657,1.70672,2.25,1.50
2016.01.08 16:37:16.099,1.70657,1.70669,1.87,1.00
2016.01.08 16:37:16.302,1.70655,1.70669,1.95,1.00
2016.01.08 16:37:16.354,1.70655,1.70672,1.95,1.87
2016.01.08 16:37:16.406,1.70655,1.7067,1.87,1.00
2016.01.08 16:37:16.560,1.70652,1.70666,1.00,1.00
2016.01.08 16:37:16.611,1.70652,1.70666,1.00,1.75
2016.01.08 16:37:16.663,1.70649,1.70665,1.00,1.12
2016.01.08 16:37:17.234,1.70653,1.70668,1.00,2.62
2016.01.08 16:37:17.542,1.70653,1.70672,2.62,1.87
2016.01.08 16:37:17.848,1.70662,1.70679,1.57,2.25
2016.01.08 16:37:18.682,1.70659,1.70673,1.12,1.00
2016.01.08 16:37:18.734,1.70659,1.70677,1.37,1.75
2016.01.08 16:37:18.838,1.7066,1.70677,1.00,1.50
2016.01.08 16:37:19.353,1.70659,1.70676,1.12,1.37
2016.01.08 16:37:19.784,1.70657,1.70668,1.00,1.00
2016.01.08 16:37:20.091,1.70629,1.70638,1.37,1.12
2016.01.08 16:37:20.194,1.70621,1.70637,1.00,1.87
2016.01.08 16:37:20.349,1.70621,1.70635,1.00,1.50
2016.01.08 16:37:20.401,1.70618,1.70635,1.50,1.57
2016.01.08 16:37:20.721,1.70619,1.70635,1.37,1.50
2016.01.08 16:37:21.031,1.70622,1.70634,1.00,1.12
2016.01.08 16:37:21.082,1.7062,1.70634,1.12,1.12
2016.01.08 16:37:21.756,1.7062,1.70636,1.87,1.37
2016.01.08 16:37:23.529,1.7062,1.70636,1.37,1.12
2016.01.08 16:37:23.734,1.70623,1.70636,1.00,1.10
2016.01.08 16:37:24.305,1.70604,1.70619,1.87,1.00
2016.01.08 16:37:24.721,1.70605,1.70618,1.75,1.37
2016.01.08 16:37:24.874,1.70604,1.70618,1.50,2.62
2016.01.08 16:37:24.926,1.70601,1.70615,1.12,1.37
2016.01.08 16:37:24.978,1.706,1.70615,1.10,1.37
2016.01.08 16:37:25.030,1.70597,1.70613,1.82,1.75
2016.01.08 16:37:25.081,1.70596,1.70613,2.25,1.95
2016.01.08 16:37:25.410,1.70594,1.70611,1.75,3.07
2016.01.08 16:37:25.716,1.70591,1.70603,1.85,1.50
2016.01.08 16:37:25.768,1.70591,1.70603,1.12,2.25
2016.01.08 16:37:25.870,1.70585,1.70601,1.12,1.37
2016.01.08 16:37:25.921,1.70586,1.70597,1.00,1.37
2016.01.08 16:37:26.655,1.70591,1.70603,1.00,1.12
2016.01.08 16:37:26.708,1.70591,1.70605,1.75,1.00
2016.01.08 16:37:27.015,1.70589,1.70601,1.50,2.25
2016.01.08 16:37:27.693,1.70589,1.70601,1.12,1.37
2016.01.08 16:37:27.745,1.70589,1.70603,1.12,2.62
2016.01.08 16:37:28.526,1.70591,1.70603,1.00,2.25
2016.01.08 16:37:29.966,1.70592,1.70603,1.00,2.25
2016.01.08 16:37:30.170,1.70593,1.70606,1.12,1.20
2016.01.08 16:37:30.582,1.70598,1.70607,1.00,1.37
2016.01.08 16:37:30.684,1.70599,1.7061,1.37,1.82
2016.01.08 16:37:30.735,1.70602,1.70612,1.50,1.87
2016.01.08 16:37:30.787,1.70602,1.70614,1.87,1.45
2016.01.08 16:37:30.839,1.70604,1.70615,1.12,1.00
2016.01.08 16:37:30.890,1.70605,1.70617,1.75,1.50
2016.01.08 16:37:30.942,1.70607,1.70619,1.00,1.12
2016.01.08 16:37:31.044,1.70605,1.70619,1.00,1.12
2016.01.08 16:37:31.096,1.70603,1.70621,1.50,1.81
2016.01.08 16:37:31.147,1.70603,1.70618,1.12,1.37
2016.01.08 16:37:31.300,1.706,1.70618,2.25,2.41
2016.01.08 16:37:31.818,1.706,1.70616,1.87,1.50
2016.01.08 16:37:32.022,1.70602,1.70616,1.00,1.50
2016.01.08 16:37:33.003,1.70601,1.70617,1.00,2.02
2016.01.08 16:37:33.156,1.70597,1.70615,1.87,1.12
2016.01.08 16:37:33.259,1.70596,1.70608,1.37,1.00
2016.01.08 16:37:33.465,1.70594,1.70607,1.00,1.00
2016.01.08 16:37:34.118,1.70594,1.70607,1.00,1.45
2016.01.08 16:37:34.173,1.70591,1.70607,1.50,1.12
2016.01.08 16:37:34.686,1.70596,1.70609,1.00,1.82
2016.01.08 16:37:34.790,1.70596,1.70609,1.00,1.00
2016.01.08 16:37:35.521,1.70596,1.7061,1.50,1.10
2016.01.08 16:37:35.675,1.70598,1.7061,1.00,1.10
2016.01.08 16:37:35.879,1.706,1.70617,1.50,2.62
2016.01.08 16:37:36.405,1.70603,1.70615,1.00,1.00
2016.01.08 16:37:36.456,1.706,1.70614,1.50,1.00
2016.01.08 16:37:36.713,1.70604,1.70614,1.00,1.45
2016.01.08 16:37:36.866,1.70611,1.70621,1.00,1.00
2016.01.08 16:37:36.917,1.70613,1.70623,1.00,1.57
2016.01.08 16:37:36.969,1.70613,1.70625,1.00,1.12
2016.01.08 16:37:37.072,1.70613,1.70626,1.00,1.00
2016.01.08 16:37:37.597,1.70611,1.70626,1.50,1.50
2016.01.08 16:37:38.212,1.70609,1.70624,1.37,1.12
2016.01.08 16:37:38.264,1.70609,1.70624,1.00,2.62
2016.01.08 16:37:38.772,1.70608,1.70621,1.37,1.00
2016.01.08 16:37:38.824,1.7061,1.70624,1.37,1.95
2016.01.08 16:37:38.876,1.70612,1.70625,1.37,1.50
2016.01.08 16:37:38.928,1.70613,1.70625,1.37,1.50
2016.01.08 16:37:38.980,1.70613,1.7063,2.25,1.87
2016.01.08 16:37:39.234,1.70616,1.70632,1.00,2.32
2016.01.08 16:37:39.540,1.70617,1.70632,1.37,2.32
2016.01.08 16:37:39.905,1.70616,1.70632,1.12,2.32
2016.01.08 16:37:40.567,1.70616,1.70629,1.00,1.00
2016.01.08 16:37:40.619,1.70614,1.70629,1.37,2.25
2016.01.08 16:37:40.670,1.70611,1.70627,1.47,1.12
2016.01.08 16:37:40.772,1.70609,1.70626,1.47,1.37
2016.01.08 16:37:41.081,1.70609,1.70623,1.37,1.37
2016.01.08 16:37:41.545,1.70612,1.70624,1.00,1.00
2016.01.08 16:37:41.596,1.70615,1.70626,1.00,2.70
2016.01.08 16:37:41.699,1.70615,1.70628,1.00,1.47
2016.01.08 16:37:41.751,1.70615,1.7063,1.37,2.25
2016.01.08 16:37:41.853,1.70614,1.7063,1.87,1.12
2016.01.08 16:37:42.445,1.70618,1.70632,1.00,1.12
2016.01.08 16:37:42.756,1.70619,1.70635,1.87,1.12
2016.01.08 16:37:43.318,1.70622,1.70636,1.00,1.85
2016.01.08 16:37:43.606,1.70623,1.70636,1.87,1.47
2016.01.08 16:37:43.658,1.70623,1.70637,2.62,1.37
2016.01.08 16:37:44.068,1.7062,1.70634,2.25,1.00
2016.01.08 16:37:44.222,1.70621,1.70637,1.47,1.12
2016.01.08 16:37:44.326,1.70619,1.70636,1.50,1.12
2016.01.08 16:37:44.665,1.70616,1.70631,1.37,1.87
2016.01.08 16:37:44.922,1.70612,1.70626,1.00,1.00
2016.01.08 16:37:45.024,1.70612,1.70626,1.37,1.00
2016.01.08 16:37:45.330,1.70617,1.70626,1.00,1.00
2016.01.08 16:37:45.381,1.70617,1.70629,1.00,1.37
2016.01.08 16:37:45.872,1.70621,1.70633,1.00,1.87
2016.01.08 16:37:46.127,1.70621,1.70636,1.12,1.75
2016.01.08 16:37:46.403,1.70627,1.70637,1.87,1.20
2016.01.08 16:37:46.455,1.70627,1.70639,1.37,1.50
2016.01.08 16:37:46.506,1.70627,1.70639,1.00,1.12
2016.01.08 16:37:46.557,1.70627,1.70642,1.00,1.57
2016.01.08 16:37:46.710,1.70625,1.7064,1.12,1.12
2016.01.08 16:37:47.125,1.70628,1.70642,1.00,1.27
2016.01.08 16:37:47.185,1.70625,1.70641,1.87,1.37
2016.01.08 16:37:47.388,1.70628,1.70642,1.00,1.27
2016.01.08 16:37:47.592,1.70628,1.70643,1.00,2.62
2016.01.08 16:37:47.949,1.70625,1.70643,1.87,1.75
2016.01.08 16:37:48.483,1.70625,1.7064,1.37,1.00
2016.01.08 16:37:49.195,1.70625,1.70641,1.87,1.12
2016.01.08 16:37:49.526,1.70631,1.70643,1.00,2.70
2016.01.08 16:37:49.577,1.70627,1.70641,1.37,1.12
2016.01.08 16:37:49.680,1.70622,1.70638,2.25,1.87
2016.01.08 16:37:49.783,1.70622,1.70636,1.75,1.00
2016.01.08 16:37:49.885,1.70625,1.70639,1.00,1.37
2016.01.08 16:37:49.987,1.70627,1.70641,1.00,1.85
2016.01.08 16:37:50.192,1.70627,1.70645,2.25,1.12
2016.01.08 16:37:50.721,1.7063,1.70645,1.75,1.12
2016.01.08 16:37:50.878,1.70631,1.70647,1.75,1.95
2016.01.08 16:37:51.134,1.7063,1.70645,1.75,1.12
2016.01.08 16:37:51.186,1.70628,1.70642,1.00,1.50
2016.01.08 16:37:51.238,1.70625,1.70641,3.07,1.00
2016.01.08 16:37:51.290,1.70625,1.70642,1.50,2.25
2016.01.08 16:37:51.808,1.70624,1.7064,1.12,1.20
2016.01.08 16:37:51.911,1.70624,1.7064,1.12,1.00
2016.01.08 16:37:51.963,1.70624,1.7064,1.37,1.12
2016.01.08 16:37:52.218,1.70629,1.70643,1.12,1.12
2016.01.08 16:37:52.474,1.70627,1.70644,2.62,1.00
2016.01.08 16:37:52.628,1.7063,1.70647,1.12,1.50
2016.01.08 16:37:53.461,1.7063,1.70647,1.87,1.00
2016.01.08 16:37:54.052,1.70632,1.7065,1.50,1.37
2016.01.08 16:37:54.104,1.70632,1.7065,1.57,1.12
2016.01.08 16:37:54.393,1.70635,1.7065,1.00,1.12
2016.01.08 16:37:55.337,1.70634,1.70652,1.87,2.25
2016.01.08 16:37:55.392,1.70631,1.70646,1.37,1.12
2016.01.08 16:37:55.544,1.70634,1.70652,1.37,2.25
2016.01.08 16:37:55.596,1.70635,1.70652,1.87,1.50
2016.01.08 16:37:55.647,1.70637,1.70652,1.00,1.12
2016.01.08 16:37:55.851,1.70638,1.70655,1.12,1.95
2016.01.08 16:37:56.382,1.70636,1.70652,1.50,1.12
2016.01.08 16:37:56.789,1.7064,1.70653,1.12,1.00
2016.01.08 16:37:57.045,1.70639,1.70656,1.95,1.12
2016.01.08 16:37:57.559,1.70639,1.70654,1.95,2.62
2016.01.08 16:37:57.610,1.70638,1.70649,1.87,1.00
2016.01.08 16:37:57.661,1.70638,1.70651,1.20,1.00
2016.01.08 16:37:57.882,1.70638,1.70644,1.07,1.00
2016.01.08 16:37:58.188,1.70621,1.70628,1.47,1.00
2016.01.08 16:37:58.771,1.70621,1.70625,1.12,1.00
2016.01.08 16:37:58.833,1.70609,1.70624,1.20,1.12
2016.01.08 16:37:59.088,1.70608,1.70624,1.20,1.12
2016.01.08 16:37:59.139,1.70608,1.70624,1.20,1.75
2016.01.08 16:37:59.923,1.70607,1.70624,1.18,1.87
2016.01.08 16:38:00.229,1.70597,1.70612,1.36,1.50
2016.01.08 16:38:00.281,1.70594,1.7061,1.87,1.00
2016.01.08 16:38:00.690,1.70597,1.70613,1.86,1.12
2016.01.08 16:38:00.742,1.70598,1.70615,1.11,1.12
2016.01.08 16:38:01.071,1.70601,1.70617,1.37,3.07
2016.01.08 16:38:01.127,1.70603,1.70622,1.57,2.62
2016.01.08 16:38:01.598,1.70607,1.70623,1.00,2.62
2016.01.08 16:38:01.649,1.70607,1.70623,1.00,2.62
2016.01.08 16:38:01.701,1.70609,1.70623,1.00,1.50
2016.01.08 16:38:02.183,1.70618,1.70635,1.87,1.12
2016.01.08 16:38:02.493,1.70621,1.70639,1.50,1.12
2016.01.08 16:38:03.106,1.70621,1.70641,1.50,3.22
2016.01.08 16:38:03.208,1.70622,1.7064,1.37,1.47
2016.01.08 16:38:03.582,1.70634,1.70641,1.00,1.00
2016.01.08 16:38:03.634,1.70634,1.70647,1.00,1.37
2016.01.08 16:38:03.685,1.70634,1.70651,1.00,2.25
2016.01.08 16:38:03.787,1.70634,1.70651,1.00,2.62
2016.01.08 16:38:04.094,1.70632,1.70651,1.50,3.00
2016.01.08 16:38:04.247,1.70634,1.70649,1.12,1.00
2016.01.08 16:38:04.298,1.70637,1.70649,1.00,1.00
2016.01.08 16:38:04.724,1.7064,1.70653,1.27,1.75
2016.01.08 16:38:04.827,1.7064,1.70655,1.37,3.07
2016.01.08 16:38:04.980,1.7064,1.70655,1.00,3.82
2016.01.08 16:38:06.078,1.70643,1.70651,1.50,1.00
2016.01.08 16:38:06.130,1.70646,1.70662,1.00,1.87
2016.01.08 16:38:06.691,1.70648,1.70662,1.00,1.87
2016.01.08 16:38:06.895,1.7065,1.70668,1.12,1.95
2016.01.08 16:38:06.947,1.70652,1.70667,1.37,1.00
2016.01.08 16:38:07.426,1.70652,1.7067,1.50,1.12
2016.01.08 16:38:07.936,1.70652,1.70668,1.12,1.37
2016.01.08 16:38:08.038,1.70652,1.70668,1.50,1.37
2016.01.08 16:38:09.434,1.7065,1.70668,1.87,1.82
2016.01.08 16:38:10.012,1.7065,1.70666,1.37,1.50
2016.01.08 16:38:10.317,1.70649,1.70666,1.50,1.87
2016.01.08 16:38:10.952,1.70649,1.70666,1.50,1.37
2016.01.08 16:38:11.613,1.70649,1.70666,1.50,1.37
2016.01.08 16:38:11.766,1.70647,1.70662,1.50,1.00
2016.01.08 16:38:12.136,1.7064,1.70656,1.00,1.10
2016.01.08 16:38:12.546,1.70639,1.70655,1.00,1.50
2016.01.08 16:38:12.862,1.70633,1.7065,1.47,1.12
2016.01.08 16:38:12.914,1.70633,1.70648,1.10,1.12
2016.01.08 16:38:13.534,1.70631,1.70648,1.37,1.95
2016.01.08 16:38:13.858,1.70628,1.70645,2.25,1.00
2016.01.08 16:38:13.909,1.70628,1.70645,2.25,1.00
2016.01.08 16:38:14.641,1.70629,1.70645,1.00,1.00
2016.01.08 16:38:14.749,1.70631,1.70646,1.00,1.37
2016.01.08 16:38:15.055,1.70638,1.70653,1.12,1.00
2016.01.08 16:38:15.733,1.70638,1.70656,1.95,1.87
2016.01.08 16:38:15.786,1.70638,1.70655,1.20,1.00
2016.01.08 16:38:16.092,1.70638,1.70654,1.00,1.12
2016.01.08 16:38:16.144,1.70638,1.70654,1.00,1.37
2016.01.08 16:38:16.298,1.70637,1.70654,1.87,1.37
2016.01.08 16:38:16.866,1.70637,1.70654,1.87,1.00
2016.01.08 16:38:17.223,1.70638,1.70654,1.75,1.00
2016.01.08 16:38:17.376,1.70637,1.70654,1.75,1.37
2016.01.08 16:38:17.682,1.70637,1.70654,1.75,1.82
2016.01.08 16:38:18.282,1.70637,1.70654,1.75,1.95
2016.01.08 16:38:18.335,1.70637,1.70653,1.75,1.10
2016.01.08 16:38:18.497,1.70637,1.70653,1.50,1.20
2016.01.08 16:38:18.548,1.70635,1.70651,1.75,1.00
2016.01.08 16:38:18.650,1.70632,1.7065,1.20,1.75
2016.01.08 16:38:18.752,1.7063,1.70647,1.47,1.75
2016.01.08 16:38:18.804,1.70631,1.70647,1.75,1.85
2016.01.08 16:38:18.906,1.70634,1.70647,1.37,1.10
2016.01.08 16:38:19.386,1.70642,1.70653,1.12,1.12
2016.01.08 16:38:19.438,1.70643,1.70659,1.50,1.57
2016.01.08 16:38:19.743,1.70644,1.70661,1.50,1.20
2016.01.08 16:38:20.267,1.70644,1.70662,1.87,2.25
2016.01.08 16:38:20.595,1.70644,1.70658,1.37,1.00
2016.01.08 16:38:21.323,1.70645,1.70658,1.37,1.00
2016.01.08 16:38:21.532,1.70645,1.70661,1.37,1.37
2016.01.08 16:38:22.175,1.70651,1.70664,2.62,1.00
2016.01.08 16:38:22.897,1.70651,1.70664,3.00,1.00
2016.01.08 16:38:23.488,1.70651,1.70663,1.75,1.00
2016.01.08 16:38:23.694,1.70646,1.70658,1.37,1.00
2016.01.08 16:38:23.746,1.70643,1.70657,2.25,1.00
2016.01.08 16:38:23.849,1.70643,1.70654,1.87,1.00
2016.01.08 16:38:24.157,1.70643,1.70656,1.00,1.00
2016.01.08 16:38:24.731,1.70643,1.70658,1.50,1.65
2016.01.08 16:38:24.783,1.70643,1.70658,1.75,1.20
2016.01.08 16:38:25.589,1.70644,1.70659,1.37,1.50
2016.01.08 16:38:26.109,1.70644,1.70656,1.37,1.00
2016.01.08 16:38:26.160,1.70643,1.70656,1.37,1.00
2016.01.08 16:38:26.669,1.70642,1.70658,2.25,1.50
2016.01.08 16:38:27.251,1.70639,1.70653,1.75,1.75
2016.01.08 16:38:27.303,1.70637,1.70645,1.00,1.00
2016.01.08 16:38:27.405,1.70631,1.70645,2.62,1.00
2016.01.08 16:38:27.608,1.70636,1.70649,1.37,1.37
2016.01.08 16:38:27.761,1.70641,1.70654,1.37,1.57
2016.01.08 16:38:28.341,1.70638,1.70654,1.75,1.50
2016.01.08 16:38:28.396,1.70636,1.70644,1.87,1.00
2016.01.08 16:38:28.498,1.7063,1.70641,2.32,1.00
2016.01.08 16:38:28.702,1.70626,1.70644,3.75,1.37
2016.01.08 16:38:28.753,1.70628,1.70644,1.37,1.00
2016.01.08 16:38:28.805,1.70628,1.70644,1.37,1.12
2016.01.08 16:38:29.700,1.70627,1.70643,1.37,1.12
2016.01.08 16:38:30.214,1.70627,1.70643,1.37,1.12
2016.01.08 16:38:30.385,1.70627,1.70641,1.37,1.00
2016.01.08 16:38:30.437,1.70627,1.70644,1.87,1.87
2016.01.08 16:38:30.489,1.7064,1.70644,1.00,1.12
2016.01.08 16:38:30.859,1.70673,1.70684,1.37,1.72
2016.01.08 16:38:30.913,1.70673,1.70686,1.37,1.37
2016.01.08 16:38:31.016,1.7067,1.70681,1.37,1.00
2016.01.08 16:38:31.118,1.70666,1.70681,1.87,1.12
2016.01.08 16:38:31.526,1.70665,1.70678,3.07,1.00
2016.01.08 16:38:31.679,1.70665,1.70675,1.00,1.00
2016.01.08 16:38:31.980,1.7066,1.70675,1.12,1.00
2016.01.08 16:38:32.495,1.70658,1.70674,3.15,1.00
2016.01.08 16:38:32.800,1.70658,1.70674,1.87,1.00
2016.01.08 16:38:33.151,1.70657,1.70672,2.62,1.00
2016.01.08 16:38:34.019,1.70658,1.70674,1.50,1.00
2016.01.08 16:38:34.223,1.70664,1.70678,1.00,2.02
2016.01.08 16:38:34.274,1.70664,1.70678,1.00,1.27
2016.01.08 16:38:34.325,1.70664,1.70674,1.12,1.00
2016.01.08 16:38:34.699,1.70668,1.7068,1.50,1.50
2016.01.08 16:38:34.754,1.70668,1.70685,1.87,1.59
2016.01.08 16:38:34.856,1.70671,1.70685,1.50,1.00
2016.01.08 16:38:35.009,1.70671,1.70683,1.37,1.00
2016.01.08 16:38:35.314,1.70663,1.70676,1.20,1.00
2016.01.08 16:38:35.367,1.70663,1.70676,1.07,1.12
2016.01.08 16:38:35.778,1.70657,1.70672,1.12,1.00
2016.01.08 16:38:35.829,1.70656,1.70672,2.40,1.00
2016.01.08 16:38:36.032,1.70656,1.70672,2.02,1.00
2016.01.08 16:38:36.444,1.70654,1.70671,1.85,1.00
2016.01.08 16:38:36.546,1.70654,1.70667,1.57,1.00
2016.01.08 16:38:37.151,1.70652,1.70665,1.75,1.00
2016.01.08 16:38:37.203,1.70653,1.70668,1.00,2.25
2016.01.08 16:38:37.307,1.70653,1.70665,1.00,1.00
2016.01.08 16:38:37.615,1.70651,1.70666,1.12,1.00
2016.01.08 16:38:37.822,1.70654,1.7067,1.00,2.25
2016.01.08 16:38:37.976,1.70658,1.70671,1.00,1.00
2016.01.08 16:38:38.300,1.7066,1.70674,1.00,1.87
2016.01.08 16:38:38.351,1.7066,1.70674,1.00,1.50
2016.01.08 16:38:38.403,1.70658,1.70674,1.00,1.50
2016.01.08 16:38:38.659,1.70658,1.70674,1.87,1.12
2016.01.08 16:38:39.026,1.70662,1.70677,1.12,1.12
2016.01.08 16:38:39.389,1.70664,1.7068,1.00,1.95
2016.01.08 16:38:39.900,1.70664,1.70681,1.12,3.07
2016.01.08 16:38:41.301,1.70663,1.70681,1.37,1.57
2016.01.08 16:38:41.581,1.7066,1.70667,1.12,1.37
2016.01.08 16:38:41.734,1.7065,1.70659,3.45,1.50
2016.01.08 16:38:42.045,1.70641,1.70654,1.00,3.00
2016.01.08 16:38:42.097,1.70636,1.70654,1.37,2.62
2016.01.08 16:38:42.403,1.70636,1.70654,1.37,1.50
2016.01.08 16:38:42.454,1.70639,1.70654,1.00,1.50
2016.01.08 16:38:42.762,1.70643,1.70661,1.12,1.20
2016.01.08 16:38:43.138,1.70645,1.70663,1.12,1.47
2016.01.08 16:38:43.445,1.70659,1.70669,1.37,1.00
2016.01.08 16:38:43.496,1.70661,1.70675,1.50,1.20
2016.01.08 16:38:43.598,1.70659,1.70677,3.00,2.02
2016.01.08 16:38:43.802,1.70661,1.70677,1.50,2.02
2016.01.08 16:38:44.007,1.70661,1.70677,1.50,1.20
2016.01.08 16:38:44.278,1.70663,1.70677,1.37,1.12
2016.01.08 16:38:44.585,1.70668,1.70684,1.87,1.07
2016.01.08 16:38:44.636,1.70669,1.70686,1.57,1.00
2016.01.08 16:38:45.144,1.70669,1.70686,1.37,1.87
2016.01.08 16:38:45.728,1.70667,1.70684,2.25,1.00
2016.01.08 16:38:46.513,1.70667,1.70684,1.87,1.00
2016.01.08 16:38:46.718,1.7067,1.70686,1.37,1.37
2016.01.08 16:38:47.019,1.70669,1.70683,1.75,1.12
2016.01.08 16:38:47.326,1.70664,1.7068,2.32,1.00
2016.01.08 16:38:47.683,1.70665,1.70682,1.20,1.00
2016.01.08 16:38:48.110,1.70668,1.70683,1.95,1.00
2016.01.08 16:38:48.609,1.70668,1.70686,1.95,1.87
2016.01.08 16:38:48.813,1.70668,1.70686,1.95,1.00
2016.01.08 16:38:49.135,1.70669,1.70683,1.75,1.00
2016.01.08 16:38:49.670,1.70668,1.70683,1.75,1.00
2016.01.08 16:38:50.078,1.70668,1.70685,1.75,1.50
2016.01.08 16:38:50.129,1.70668,1.70683,1.75,1.00
2016.01.08 16:38:50.705,1.70677,1.70691,1.75,1.37
2016.01.08 16:38:50.862,1.70679,1.70695,1.00,1.87
2016.01.08 16:38:51.015,1.70679,1.70695,1.37,1.00
2016.01.08 16:38:51.321,1.70679,1.70693,1.00,1.12
2016.01.08 16:38:51.839,1.70676,1.70693,1.37,1.50
2016.01.08 16:38:51.941,1.70676,1.70693,1.12,1.50
2016.01.08 16:38:53.259,1.70676,1.70693,1.50,1.12
2016.01.08 16:38:53.617,1.70677,1.70691,1.37,1.00
2016.01.08 16:38:53.923,1.70673,1.70685,1.85,1.00
2016.01.08 16:38:54.295,1.70671,1.70681,2.25,1.87
2016.01.08 16:38:54.347,1.70664,1.70678,1.00,1.37
2016.01.08 16:38:54.603,1.70664,1.70675,1.00,1.00
2016.01.08 16:38:54.654,1.70659,1.70674,1.12,1.00
2016.01.08 16:38:54.757,1.70657,1.70673,2.25,1.00
2016.01.08 16:38:54.808,1.70657,1.70673,1.87,1.37
2016.01.08 16:38:55.064,1.70655,1.7067,1.00,1.12
2016.01.08 16:38:55.539,1.70656,1.70673,1.50,1.50
2016.01.08 16:38:55.846,1.70659,1.70674,1.12,1.00
2016.01.08 16:38:56.305,1.70658,1.70671,1.37,1.00
2016.01.08 16:38:56.899,1.70652,1.7067,1.87,1.95
2016.01.08 16:38:57.053,1.70651,1.70666,1.87,1.00
2016.01.08 16:38:57.257,1.70649,1.70663,1.00,1.00
2016.01.08 16:38:57.410,1.70648,1.70666,1.50,1.50
2016.01.08 16:38:57.912,1.70648,1.70666,1.87,1.50
2016.01.08 16:38:58.117,1.70646,1.7066,1.95,1.00
2016.01.08 16:38:58.422,1.70642,1.70655,1.87,1.00
2016.01.08 16:38:58.677,1.70643,1.70661,1.37,2.62
2016.01.08 16:38:58.729,1.70644,1.70661,1.12,2.25
2016.01.08 16:38:59.085,1.70647,1.70661,1.57,1.00
2016.01.08 16:38:59.289,1.70646,1.70664,2.25,1.00
2016.01.08 16:38:59.340,1.70652,1.70666,1.00,1.37
2016.01.08 16:38:59.442,1.70652,1.70667,1.00,1.10
2016.01.08 16:38:59.544,1.70654,1.7067,1.00,1.37
2016.01.08 16:38:59.596,1.70654,1.7067,1.20,1.00
2016.01.08 16:39:00.254,1.70655,1.70674,1.37,1.47
2016.01.08 16:39:00.560,1.70665,1.70682,1.50,1.00
2016.01.08 16:39:00.611,1.70666,1.70682,1.37,1.00
2016.01.08 16:39:01.704,1.70662,1.70679,1.50,1.37
2016.01.08 16:39:02.012,1.70661,1.70674,1.37,1.00
2016.01.08 16:39:02.521,1.70659,1.70676,1.12,1.12
2016.01.08 16:39:02.946,1.70659,1.70674,1.50,1.00
2016.01.08 16:39:03.302,1.70657,1.70672,1.65,1.00
2016.01.08 16:39:03.609,1.70656,1.70672,1.50,1.12
2016.01.08 16:39:04.111,1.70655,1.70672,2.70,1.12
2016.01.08 16:39:04.163,1.70655,1.7067,1.57,1.00
2016.01.08 16:39:04.472,1.70658,1.70677,2.32,2.25
2016.01.08 16:39:04.523,1.70663,1.70677,1.12,1.50
2016.01.08 16:39:04.881,1.70661,1.70677,1.12,1.50
2016.01.08 16:39:05.140,1.70661,1.70677,1.50,1.50
2016.01.08 16:39:05.464,1.70658,1.70675,1.85,1.37
2016.01.08 16:39:05.619,1.70663,1.70678,1.12,1.57
2016.01.08 16:39:05.772,1.70663,1.7068,1.87,1.00
2016.01.08 16:39:05.823,1.70663,1.7068,1.87,1.00
2016.01.08 16:39:06.128,1.70663,1.7068,1.27,1.12
2016.01.08 16:39:06.440,1.70662,1.7068,2.62,1.87
2016.01.08 16:39:06.746,1.70659,1.70675,2.32,1.00
2016.01.08 16:39:07.265,1.70659,1.70674,1.95,1.00
2016.01.08 16:39:07.316,1.70659,1.70674,1.12,1.00
2016.01.08 16:39:07.834,1.70659,1.70675,1.00,1.00
2016.01.08 16:39:08.224,1.70659,1.70675,1.37,1.00
2016.01.08 16:39:08.732,1.7066,1.70675,1.50,1.00
2016.01.08 16:39:09.312,1.7066,1.70675,1.12,1.00
2016.01.08 16:39:09.416,1.70661,1.70675,1.37,1.00
2016.01.08 16:39:09.620,1.70661,1.70677,1.87,1.00
2016.01.08 16:39:09.925,1.70659,1.70677,2.70,1.00
2016.01.08 16:39:10.705,1.70659,1.70677,2.70,1.00
2016.01.08 16:39:10.858,1.70663,1.70677,1.00,1.00
2016.01.08 16:39:11.316,1.70661,1.70679,3.52,1.00
2016.01.08 16:39:11.775,1.70661,1.70679,2.77,1.00
2016.01.08 16:39:12.305,1.70661,1.70678,1.50,1.50
2016.01.08 16:39:12.647,1.70662,1.7068,1.00,1.00
2016.01.08 16:39:12.699,1.70663,1.7068,2.32,1.00
2016.01.08 16:39:13.005,1.70666,1.70682,1.12,1.50
2016.01.08 16:39:13.329,1.70668,1.70682,1.47,1.87
2016.01.08 16:39:13.485,1.70665,1.70684,3.37,2.62
2016.01.08 16:39:13.994,1.70666,1.70682,1.65,1.12
2016.01.08 16:39:14.045,1.70666,1.70682,1.57,1.75
2016.01.08 16:39:14.520,1.70677,1.70693,1.37,1.87
2016.01.08 16:39:14.572,1.70677,1.70693,1.87,1.75
2016.01.08 16:39:15.293,1.70675,1.70691,1.20,1.50
2016.01.08 16:39:15.672,1.70675,1.70688,1.45,1.00
2016.01.08 16:39:15.723,1.70676,1.70686,1.07,1.00
2016.01.08 16:39:15.877,1.70674,1.70686,1.00,1.00
2016.01.08 16:39:16.386,1.70672,1.70687,1.47,1.12
2016.01.08 16:39:17.169,1.70671,1.70686,1.57,1.37
2016.01.08 16:39:17.577,1.7067,1.70684,1.12,1.00
2016.01.08 16:39:17.629,1.7067,1.70686,1.12,1.50
2016.01.08 16:39:18.551,1.70672,1.70686,1.00,1.50
2016.01.08 16:39:18.704,1.70672,1.70689,1.95,1.00
2016.01.08 16:39:18.756,1.70675,1.70688,1.00,1.00
2016.01.08 16:39:19.272,1.70674,1.70689,3.07,1.00
2016.01.08 16:39:20.098,1.70673,1.70689,2.62,1.87
2016.01.08 16:39:20.561,1.70679,1.70696,1.50,1.20
2016.01.08 16:39:20.612,1.70682,1.70699,1.95,2.62
2016.01.08 16:39:20.664,1.70682,1.70699,1.95,1.87
2016.01.08 16:39:21.292,1.70689,1.70701,1.37,1.50
2016.01.08 16:39:21.600,1.70688,1.707,1.57,1.75
2016.01.08 16:39:22.080,1.70692,1.70697,1.95,1.00
2016.01.08 16:39:22.143,1.70696,1.70708,1.00,1.37
2016.01.08 16:39:22.297,1.70698,1.70708,1.37,1.87
2016.01.08 16:39:22.603,1.70698,1.70707,1.12,1.12
2016.01.08 16:39:22.910,1.70695,1.70703,1.37,1.37
2016.01.08 16:39:23.654,1.70695,1.70707,1.37,1.50
2016.01.08 16:39:23.705,1.70699,1.70707,1.37,1.50
2016.01.08 16:39:24.010,1.70699,1.70709,1.37,1.50
2016.01.08 16:39:24.829,1.70699,1.70712,1.37,1.50
2016.01.08 16:39:25.085,1.70702,1.70714,1.37,1.87
2016.01.08 16:39:25.239,1.70702,1.70715,1.37,1.00
2016.01.08 16:39:25.495,1.707,1.70714,2.25,1.00
2016.01.08 16:39:26.043,1.707,1.70715,1.87,3.00
2016.01.08 16:39:26.096,1.70698,1.70713,1.87,1.37
2016.01.08 16:39:26.608,1.70699,1.70715,1.37,2.25
2016.01.08 16:39:26.711,1.70702,1.70715,1.37,1.37
2016.01.08 16:39:26.763,1.70702,1.70717,1.37,1.12
2016.01.08 16:39:26.866,1.70704,1.70717,1.50,1.00
2016.01.08 16:39:26.968,1.70709,1.70719,1.12,1.00
2016.01.08 16:39:27.324,1.70714,1.70722,1.37,1.00
2016.01.08 16:39:27.429,1.70712,1.70722,1.37,1.37
2016.01.08 16:39:27.995,1.70712,1.70726,1.87,1.12
2016.01.08 16:39:28.591,1.70716,1.70729,1.37,1.37
2016.01.08 16:39:29.303,1.70716,1.70729,1.95,1.12
2016.01.08 16:39:29.695,1.70721,1.70732,1.37,2.25
2016.01.08 16:39:29.899,1.70724,1.70737,1.37,2.25
2016.01.08 16:39:30.154,1.70725,1.70731,1.37,1.00
2016.01.08 16:39:30.724,1.70721,1.70731,1.00,1.37
2016.01.08 16:39:30.778,1.70718,1.70732,2.25,1.00
2016.01.08 16:39:30.830,1.70723,1.70734,1.37,1.50
2016.01.08 16:39:31.238,1.70727,1.70737,1.37,1.12
2016.01.08 16:39:31.290,1.70728,1.70738,1.37,1.00
2016.01.08 16:39:31.393,1.70731,1.70744,1.07,1.50
2016.01.08 16:39:31.992,1.70734,1.70746,1.37,1.00
2016.01.08 16:39:32.351,1.70733,1.70743,1.37,1.00
2016.01.08 16:39:32.504,1.70728,1.70743,1.75,1.00
2016.01.08 16:39:32.709,1.70728,1.70742,1.37,1.37
2016.01.08 16:39:33.212,1.70729,1.70741,1.37,1.00
2016.01.08 16:39:33.518,1.70727,1.70739,1.37,1.50
2016.01.08 16:39:34.043,1.70725,1.70736,1.37,1.37
2016.01.08 16:39:34.402,1.70726,1.70738,1.37,1.00
2016.01.08 16:39:34.504,1.70729,1.70738,1.37,1.00
2016.01.08 16:39:34.657,1.70729,1.70742,1.37,2.25
2016.01.08 16:39:35.277,1.7073,1.7074,1.37,1.12
2016.01.08 16:39:35.680,1.7073,1.70738,1.37,1.00
2016.01.08 16:39:35.833,1.70721,1.70733,1.82,1.00
2016.01.08 16:39:36.190,1.70721,1.7073,1.00,1.00
2016.01.08 16:39:36.520,1.70715,1.70725,1.75,1.00
2016.01.08 16:39:36.876,1.70714,1.70725,1.50,1.00
2016.01.08 16:39:37.533,1.70713,1.70724,1.47,1.00
2016.01.08 16:39:37.787,1.70713,1.70726,1.47,1.00
2016.01.08 16:39:38.296,1.70714,1.70726,1.37,1.00
2016.01.08 16:39:38.821,1.70714,1.70725,1.37,1.00
2016.01.08 16:39:39.280,1.70714,1.70728,1.37,1.50
2016.01.08 16:39:39.434,1.70714,1.70728,1.37,1.12
2016.01.08 16:39:40.236,1.70713,1.70727,1.47,1.37
2016.01.08 16:39:40.757,1.70714,1.70726,1.37,1.00
2016.01.08 16:39:40.860,1.70712,1.70725,1.47,1.00
2016.01.08 16:39:41.424,1.70712,1.70724,1.47,1.00
2016.01.08 16:39:41.477,1.70707,1.70719,1.37,1.00
2016.01.08 16:39:42.000,1.70708,1.70719,1.37,1.50
2016.01.08 16:39:42.620,1.70707,1.70719,1.37,1.50
2016.01.08 16:39:42.946,1.70708,1.70722,1.37,1.50
2016.01.08 16:39:43.100,1.70708,1.70725,2.02,1.50
2016.01.08 16:39:43.595,1.70708,1.70721,1.57,1.00
2016.01.08 16:39:44.812,1.70707,1.70719,2.25,1.00
2016.01.08 16:39:45.067,1.70705,1.7072,1.37,1.75
2016.01.08 16:39:45.787,1.70706,1.70717,1.12,1.87
2016.01.08 16:39:45.940,1.70701,1.70717,2.32,2.62
2016.01.08 16:39:46.616,1.70702,1.70715,1.47,1.37
2016.01.08 16:39:47.124,1.70703,1.70716,1.37,1.37
2016.01.08 16:39:47.489,1.70704,1.70712,1.00,1.37
2016.01.08 16:39:47.540,1.707,1.70705,1.00,1.87
2016.01.08 16:39:48.153,1.70696,1.70705,1.37,1.50
2016.01.08 16:39:48.211,1.70701,1.70708,1.45,2.25
2016.01.08 16:39:48.313,1.70701,1.70714,1.45,1.12
2016.01.08 16:39:48.365,1.70703,1.70714,1.37,1.12
2016.01.08 16:39:48.671,1.70708,1.70718,1.50,1.12
2016.01.08 16:39:48.773,1.70708,1.7072,1.57,1.37
2016.01.08 16:39:49.297,1.70709,1.70722,1.05,2.62
2016.01.08 16:39:50.024,1.70708,1.70722,1.47,1.87
2016.01.08 16:39:50.744,1.70708,1.70722,2.25,1.12
2016.01.08 16:39:50.949,1.70709,1.70723,1.05,1.12
2016.01.08 16:39:51.795,1.70713,1.7072,1.00,1.00
2016.01.08 16:39:52.238,1.70718,1.70732,1.68,1.75
2016.01.08 16:39:52.296,1.70721,1.70733,1.05,1.87
2016.01.08 16:39:52.509,1.70722,1.70733,1.43,1.37
2016.01.08 16:39:52.663,1.70724,1.70733,1.00,1.00
2016.01.08 16:39:53.172,1.70724,1.70733,1.30,1.00
2016.01.08 16:39:53.522,1.70723,1.70735,1.05,1.12
2016.01.08 16:39:53.727,1.70727,1.70741,1.00,1.75
2016.01.08 16:39:53.932,1.70727,1.7074,1.30,1.50
2016.01.08 16:39:54.238,1.7073,1.70744,1.30,1.50
2016.01.08 16:39:54.750,1.7073,1.70745,1.80,1.75
2016.01.08 16:39:54.801,1.7073,1.70745,1.80,1.75
2016.01.08 16:39:55.361,1.70732,1.70745,1.30,1.75
2016.01.08 16:39:56.109,1.7073,1.7074,1.05,1.00
2016.01.08 16:39:56.212,1.70732,1.70744,1.30,1.37
2016.01.08 16:39:56.365,1.70732,1.70746,1.68,1.00
2016.01.08 16:39:56.570,1.70734,1.70746,1.68,1.00
2016.01.08 16:39:57.581,1.70734,1.70749,1.80,1.37
2016.01.08 16:39:58.343,1.70732,1.70747,2.25,1.87
2016.01.08 16:39:58.846,1.70735,1.70745,1.00,1.37
2016.01.08 16:39:58.948,1.70732,1.70745,1.37,1.37
2016.01.08 16:39:59.484,1.70731,1.70743,1.12,1.12
2016.01.08 16:39:59.740,1.70728,1.70743,1.87,2.25
2016.01.08 16:40:00.154,1.70727,1.70743,1.50,2.62
2016.01.08 16:40:00.409,1.70725,1.7074,1.12,1.37
2016.01.08 16:40:00.512,1.70722,1.70738,3.37,1.87
2016.01.08 16:40:01.080,1.70723,1.70737,1.75,1.12
2016.01.08 16:40:01.454,1.70727,1.70738,1.00,2.25
2016.01.08 16:40:01.505,1.70724,1.70738,1.50,2.25
2016.01.08 16:40:01.556,1.70727,1.70738,1.00,2.25
2016.01.08 16:40:01.862,1.70727,1.70739,1.00,1.12
2016.01.08 16:40:02.783,1.70732,1.70739,1.00,1.12
2016.01.08 16:40:02.835,1.70733,1.70743,1.12,3.00
2016.01.08 16:40:02.887,1.70733,1.70743,1.12,1.12
2016.01.08 16:40:02.938,1.70735,1.70744,1.00,1.12
2016.01.08 16:40:02.990,1.70735,1.70747,1.00,1.50
2016.01.08 16:40:03.041,1.70735,1.70747,1.00,1.50
2016.01.08 16:40:03.196,1.70737,1.70749,1.00,1.87
2016.01.08 16:40:03.502,1.70734,1.70747,1.12,1.37
2016.01.08 16:40:04.043,1.70734,1.70748,1.12,1.00
2016.01.08 16:40:04.600,1.70736,1.70749,1.50,1.37
2016.01.08 16:40:05.380,1.70736,1.70748,1.00,1.12
2016.01.08 16:40:05.482,1.70732,1.70748,1.50,1.37
2016.01.08 16:40:05.584,1.70731,1.70744,1.50,1.00
2016.01.08 16:40:05.687,1.70732,1.70744,1.00,1.12
2016.01.08 16:40:06.148,1.7073,1.70747,2.25,1.87
2016.01.08 16:40:06.251,1.70732,1.70747,1.00,1.87
2016.01.08 16:40:06.773,1.70731,1.70747,1.75,1.87
2016.01.08 16:40:07.827,1.70731,1.70746,1.87,1.50
2016.01.08 16:40:08.234,1.70731,1.70748,1.75,2.25
2016.01.08 16:40:08.590,1.70734,1.70748,1.12,1.87
2016.01.08 16:40:08.642,1.70734,1.70751,1.12,3.82
2016.01.08 16:40:08.795,1.70736,1.70751,1.75,2.62
2016.01.08 16:40:09.540,1.70736,1.70751,1.75,2.62
2016.01.08 16:40:09.896,1.70735,1.70751,3.19,1.37
2016.01.08 16:40:10.674,1.70735,1.70747,3.19,1.00
2016.01.08 16:40:10.828,1.70732,1.70741,1.24,1.00
2016.01.08 16:40:10.879,1.70727,1.70739,1.26,1.37
2016.01.08 16:40:10.982,1.70723,1.70737,1.49,2.62
2016.01.08 16:40:11.084,1.70723,1.70736,1.49,1.50
2016.01.08 16:40:11.976,1.70722,1.70737,1.87,2.62
2016.01.08 16:40:12.184,1.70721,1.70733,1.37,1.87
2016.01.08 16:40:12.236,1.70718,1.70731,1.49,1.00
2016.01.08 16:40:12.339,1.70715,1.70731,1.99,1.00
2016.01.08 16:40:12.391,1.70715,1.70728,1.16,1.12
2016.01.08 16:40:12.546,1.70711,1.70728,1.62,2.25
2016.01.08 16:40:12.599,1.7071,1.70725,2.14,1.00
2016.01.08 16:40:13.059,1.7071,1.70723,1.89,1.00
2016.01.08 16:40:13.317,1.70701,1.70715,1.50,1.12
2016.01.08 16:40:13.421,1.707,1.70716,2.70,1.12
2016.01.08 16:40:13.576,1.70703,1.70717,1.47,1.00
2016.01.08 16:40:13.953,1.70704,1.70721,1.20,2.25
2016.01.08 16:40:15.244,1.70705,1.70716,1.06,1.00
2016.01.08 16:40:15.747,1.70704,1.70716,1.00,1.00
2016.01.08 16:40:16.468,1.70701,1.70716,1.12,1.37
2016.01.08 16:40:16.774,1.70702,1.70712,1.10,1.00
2016.01.08 16:40:17.334,1.707,1.70712,1.12,1.12
2016.01.08 16:40:17.810,1.70698,1.70709,1.12,1.00
2016.01.08 16:40:17.913,1.70696,1.70708,1.12,1.00
2016.01.08 16:40:18.167,1.70696,1.70705,1.12,1.00
2016.01.08 16:40:18.423,1.70689,1.70699,1.47,1.00
2016.01.08 16:40:18.526,1.70688,1.70697,1.57,1.00
2016.01.08 16:40:19.094,1.70685,1.70696,1.27,1.12
2016.01.08 16:40:19.196,1.70684,1.70696,1.87,1.12
2016.01.08 16:40:19.501,1.70685,1.70694,1.00,1.00
2016.01.08 16:40:19.810,1.7068,1.70686,1.12,1.00
2016.01.08 16:40:19.912,1.70673,1.70686,2.32,1.00
2016.01.08 16:40:20.499,1.70662,1.70678,2.20,1.37
2016.01.08 16:40:20.805,1.70655,1.70668,1.27,1.00
2016.01.08 16:40:21.111,1.70655,1.70666,1.12,1.00
2016.01.08 16:40:21.512,1.70653,1.70666,1.00,1.00
2016.01.08 16:40:22.429,1.70653,1.70669,1.00,1.75
2016.01.08 16:40:23.373,1.70654,1.70671,1.37,1.12
2016.01.08 16:40:23.628,1.7066,1.70679,1.47,3.07
2016.01.08 16:40:23.779,1.70662,1.70679,1.37,1.95
2016.01.08 16:40:24.354,1.70662,1.70679,1.95,1.50
2016.01.08 16:40:24.609,1.70661,1.70677,1.57,1.00
2016.01.08 16:40:25.363,1.70664,1.70677,1.57,1.00
2016.01.08 16:40:25.419,1.70664,1.70682,2.70,1.50
2016.01.08 16:40:26.039,1.70665,1.70682,1.10,1.12
2016.01.08 16:40:26.386,1.70665,1.70682,1.47,1.12
2016.01.08 16:40:26.726,1.70664,1.70679,1.57,1.00
2016.01.08 16:40:27.383,1.70664,1.70676,1.95,1.00
2016.01.08 16:40:27.485,1.70664,1.70676,1.37,1.00
2016.01.08 16:40:27.536,1.70664,1.7068,1.37,1.00
2016.01.08 16:40:27.587,1.70664,1.70678,1.12,1.00
2016.01.08 16:40:28.474,1.70661,1.70678,1.12,1.37
2016.01.08 16:40:28.985,1.70661,1.70675,1.12,1.00
2016.01.08 16:40:30.280,1.70661,1.70675,1.37,1.00
2016.01.08 16:40:31.067,1.70665,1.70675,1.75,1.00
2016.01.08 16:40:31.118,1.70665,1.70683,2.25,1.20
2016.01.08 16:40:31.425,1.70669,1.70686,1.00,1.12
2016.01.08 16:40:31.815,1.70668,1.7068,1.20,1.00
2016.01.08 16:40:32.021,1.70663,1.70682,1.65,2.25
2016.01.08 16:40:32.363,1.70663,1.70679,1.27,1.12
2016.01.08 16:40:32.669,1.70663,1.7068,2.02,1.37
2016.01.08 16:40:32.822,1.70663,1.70681,2.77,1.37
2016.01.08 16:40:32.874,1.70664,1.70681,1.50,1.00
2016.01.08 16:40:33.128,1.70666,1.70682,2.25,1.00
2016.01.08 16:40:33.503,1.70667,1.70686,2.32,1.75
2016.01.08 16:40:33.556,1.70668,1.70686,3.00,1.75
2016.01.08 16:40:33.819,1.7067,1.70688,1.37,1.12
2016.01.08 16:40:33.870,1.70675,1.70688,1.00,1.12
2016.01.08 16:40:33.922,1.70673,1.7069,3.07,2.25
2016.01.08 16:40:33.974,1.70675,1.70689,1.20,1.00
2016.01.08 16:40:34.025,1.70675,1.70693,1.20,1.50
2016.01.08 16:40:34.549,1.70677,1.70693,1.57,1.37
2016.01.08 16:40:34.854,1.70674,1.7069,1.95,1.50
2016.01.08 16:40:35.058,1.70678,1.70695,1.00,1.72
2016.01.08 16:40:35.109,1.70677,1.70695,1.12,1.50
2016.01.08 16:40:35.262,1.70678,1.70695,1.00,1.12
2016.01.08 16:40:36.063,1.70677,1.70695,1.95,1.50
2016.01.08 16:40:36.625,1.70677,1.70693,1.47,1.00
2016.01.08 16:40:36.728,1.70676,1.70692,1.07,1.50
2016.01.08 16:40:37.250,1.70668,1.70685,1.50,1.50
2016.01.08 16:40:38.175,1.70668,1.70685,1.50,1.75
2016.01.08 16:40:38.551,1.70667,1.70685,1.20,1.12
2016.01.08 16:40:38.857,1.70669,1.70686,1.47,1.37
2016.01.08 16:40:39.448,1.70671,1.70688,1.07,2.62
2016.01.08 16:40:39.707,1.70668,1.70685,2.25,1.12
2016.01.08 16:40:40.024,1.70668,1.70682,1.12,1.00
2016.01.08 16:40:40.126,1.70666,1.70682,1.12,1.00
2016.01.08 16:40:40.177,1.70666,1.7068,1.45,1.37
2016.01.08 16:40:40.686,1.70664,1.7068,1.47,1.12
2016.01.08 16:40:40.788,1.70664,1.7068,1.47,1.37
2016.01.08 16:40:41.238,1.70664,1.7068,1.50,1.75
2016.01.08 16:40:41.749,1.70664,1.70682,1.12,3.07
2016.01.08 16:40:42.057,1.70666,1.70681,1.07,1.12
2016.01.08 16:40:43.402,1.70665,1.70676,1.12,1.12
2016.01.08 16:40:43.454,1.70662,1.70676,1.57,1.50
2016.01.08 16:40:44.350,1.70662,1.70676,1.57,1.50
2016.01.08 16:40:44.452,1.7066,1.70676,1.12,1.00
2016.01.08 16:40:44.555,1.7066,1.70673,1.37,1.00
2016.01.08 16:40:45.040,1.70659,1.70668,1.47,1.50
2016.01.08 16:40:45.348,1.70664,1.70677,1.57,1.87
2016.01.08 16:40:45.704,1.70668,1.70675,1.37,1.00
2016.01.08 16:40:46.387,1.70665,1.7068,1.57,4.12
2016.01.08 16:40:46.918,1.70664,1.70676,1.57,1.50
2016.01.08 16:40:47.443,1.70663,1.70674,1.87,1.00
2016.01.08 16:40:48.728,1.70663,1.70676,2.40,1.12
2016.01.08 16:40:49.119,1.70674,1.70688,1.12,3.37
2016.01.08 16:40:49.424,1.70672,1.70684,1.07,1.75
2016.01.08 16:40:49.732,1.70672,1.70677,1.57,1.00
2016.01.08 16:40:50.367,1.70671,1.70676,1.37,1.00
2016.01.08 16:40:50.424,1.70669,1.70674,1.07,1.00
2016.01.08 16:40:51.097,1.70669,1.70674,1.07,1.00
2016.01.08 16:40:51.199,1.70669,1.70679,1.10,3.75
2016.01.08 16:40:51.858,1.70667,1.70674,1.50,1.00
2016.01.08 16:40:52.523,1.70668,1.70678,1.07,2.25
2016.01.08 16:40:52.625,1.70665,1.70673,1.47,1.87
2016.01.08 16:40:52.677,1.70664,1.70669,1.57,1.00
2016.01.08 16:40:52.728,1.70664,1.70669,1.07,1.00
2016.01.08 16:40:53.090,1.70661,1.70666,1.57,1.00
2016.01.08 16:40:53.296,1.7066,1.70666,1.12,2.62
2016.01.08 16:40:53.348,1.70656,1.70666,1.57,2.79
2016.01.08 16:40:53.399,1.70656,1.7066,1.00,1.00
2016.01.08 16:40:54.535,1.70654,1.7066,1.95,1.00
2016.01.08 16:40:55.913,1.70649,1.70653,1.87,1.00
2016.01.08 16:40:55.969,1.70645,1.70655,1.37,2.25
2016.01.08 16:40:56.020,1.70642,1.70651,1.47,1.87
2016.01.08 16:40:56.073,1.70641,1.70651,1.57,2.25
2016.01.08 16:40:56.177,1.7064,1.70653,1.87,2.25
2016.01.08 16:40:56.860,1.70639,1.70654,1.57,2.25
2016.01.08 16:40:57.379,1.7064,1.70654,1.47,2.25
2016.01.08 16:40:57.735,1.70638,1.70654,1.10,3.00
2016.01.08 16:40:58.217,1.70631,1.70646,1.20,2.25
2016.01.08 16:40:58.578,1.70629,1.70647,1.50,1.87
2016.01.08 16:40:59.564,1.7063,1.70645,1.95,3.00
2016.01.08 16:40:59.922,1.70628,1.70643,1.10,1.75
2016.01.08 16:41:00.681,1.70627,1.70641,1.07,1.75
2016.01.08 16:41:00.733,1.70625,1.70638,1.07,1.37
2016.01.08 16:41:01.041,1.7062,1.70636,1.95,3.00
2016.01.08 16:41:01.348,1.70621,1.70634,1.45,1.50
2016.01.08 16:41:01.854,1.70621,1.70639,2.25,2.25
2016.01.08 16:41:01.906,1.70625,1.70638,1.45,1.75
2016.01.08 16:41:02.009,1.70623,1.70635,1.45,1.00
2016.01.08 16:41:02.163,1.70619,1.70635,2.25,1.37
2016.01.08 16:41:02.522,1.70619,1.70632,1.82,1.00
2016.01.08 16:41:03.226,1.7062,1.70632,1.50,1.66
2016.01.08 16:41:03.684,1.70622,1.70635,1.50,1.87
2016.01.08 16:41:04.174,1.70623,1.70635,1.45,1.12
2016.01.08 16:41:04.328,1.70625,1.70641,1.87,1.12
2016.01.08 16:41:04.379,1.70626,1.70641,1.87,1.12
2016.01.08 16:41:04.431,1.70631,1.70641,1.87,1.12
2016.01.08 16:41:04.583,1.70633,1.70645,1.12,1.12
2016.01.08 16:41:05.772,1.70634,1.70648,1.47,1.99
2016.01.08 16:41:07.084,1.70634,1.7065,1.57,1.91
2016.01.08 16:41:07.288,1.70635,1.70651,1.50,2.04
2016.01.08 16:41:07.492,1.70635,1.70649,2.25,1.00
2016.01.08 16:41:08.187,1.7064,1.70651,1.12,1.37
2016.01.08 16:41:08.239,1.7064,1.70655,1.12,2.25
2016.01.08 16:41:08.290,1.7064,1.70655,1.12,2.25
2016.01.08 16:41:08.647,1.70638,1.70655,1.95,2.25
2016.01.08 16:41:09.426,1.70638,1.7065,1.47,1.00
2016.01.08 16:41:09.529,1.70632,1.70649,2.02,1.50
2016.01.08 16:41:09.581,1.70632,1.70647,2.02,1.37
2016.01.08 16:41:09.633,1.70631,1.70645,1.50,1.12
2016.01.08 16:41:09.735,1.7063,1.70645,2.62,1.00
2016.01.08 16:41:09.939,1.7063,1.70647,2.62,1.12
2016.01.08 16:41:10.645,1.70631,1.70647,1.85,1.00
2016.01.08 16:41:11.159,1.70631,1.70648,1.85,1.00
2016.01.08 16:41:11.520,1.70634,1.7065,1.37,1.12
2016.01.08 16:41:11.623,1.70636,1.70652,1.50,1.00
2016.01.08 16:41:11.674,1.70638,1.70654,1.47,1.57
2016.01.08 16:41:12.026,1.70638,1.70653,1.37,1.87
2016.01.08 16:41:12.185,1.70638,1.70653,1.37,1.87
2016.01.08 16:41:12.594,1.7064,1.70656,1.07,1.75
2016.01.08 16:41:12.747,1.70642,1.70656,1.37,1.12
2016.01.08 16:41:13.631,1.70641,1.70657,1.47,1.75
2016.01.08 16:41:13.967,1.70642,1.70657,1.47,1.75
2016.01.08 16:41:14.569,1.70641,1.70655,1.57,1.00
2016.01.08 16:41:14.875,1.7064,1.70653,1.50,1.00
2016.01.08 16:41:14.978,1.70638,1.70653,1.45,1.00
2016.01.08 16:41:15.080,1.70635,1.70652,2.62,1.75
2016.01.08 16:41:15.131,1.70634,1.7065,1.57,1.50
2016.01.08 16:41:15.233,1.70633,1.70648,1.12,1.00
2016.01.08 16:41:15.284,1.70633,1.70647,1.00,1.87
2016.01.08 16:41:15.335,1.7063,1.70647,1.00,3.00
2016.01.08 16:41:15.983,1.70628,1.70646,2.70,1.20
2016.01.08 16:41:16.290,1.70622,1.70632,1.37,1.50
2016.01.08 16:41:16.392,1.70619,1.70633,1.00,1.87
2016.01.08 16:41:16.443,1.70619,1.70628,1.00,1.37
2016.01.08 16:41:16.597,1.70615,1.70628,1.00,1.37
2016.01.08 16:41:17.034,1.70615,1.70626,1.00,1.37
2016.01.08 16:41:17.086,1.70611,1.70623,1.00,1.12
2016.01.08 16:41:18.157,1.70608,1.70623,1.50,1.00
2016.01.08 16:41:18.462,1.70595,1.70602,1.50,1.87
2016.01.08 16:41:18.669,1.70585,1.70597,1.00,1.12
2016.01.08 16:41:18.873,1.70581,1.70597,1.12,1.12
2016.01.08 16:41:18.925,1.70581,1.70596,1.12,2.25
2016.01.08 16:41:19.265,1.70577,1.70589,1.37,1.75
2016.01.08 16:41:19.367,1.70576,1.70586,1.00,1.00
2016.01.08 16:41:19.419,1.70574,1.70588,1.12,2.40
2016.01.08 16:41:20.052,1.70572,1.70582,1.00,1.00
2016.01.08 16:41:20.103,1.70567,1.70581,2.02,1.50
2016.01.08 16:41:20.154,1.70567,1.70578,1.27,1.12
2016.01.08 16:41:20.206,1.70564,1.70578,1.00,1.50
2016.01.08 16:41:20.308,1.70564,1.70576,1.00,1.37
2016.01.08 16:41:20.461,1.70559,1.70569,1.10,1.00
2016.01.08 16:41:20.512,1.70557,1.70569,1.00,1.00
2016.01.08 16:41:20.614,1.70557,1.70569,1.00,1.50
2016.01.08 16:41:20.975,1.70553,1.70569,1.87,1.37
2016.01.08 16:41:21.229,1.70552,1.70565,1.37,1.00
2016.01.08 16:41:21.538,1.70552,1.70561,1.37,1.00
2016.01.08 16:41:21.589,1.70548,1.70561,1.12,1.00
2016.01.08 16:41:22.016,1.70543,1.70553,1.20,1.00
2016.01.08 16:41:22.322,1.70533,1.70545,1.37,1.87
2016.01.08 16:41:22.678,1.70528,1.70543,1.00,1.00
2016.01.08 16:41:23.321,1.70528,1.70537,1.00,1.00
2016.01.08 16:41:23.373,1.70518,1.70536,2.02,1.37
2016.01.08 16:41:23.475,1.70518,1.70536,2.40,1.50
2016.01.08 16:41:23.783,1.70518,1.70533,1.20,1.37
2016.01.08 16:41:24.322,1.70519,1.70536,1.00,1.50
2016.01.08 16:41:25.998,1.70519,1.70534,1.00,1.00
2016.01.08 16:41:26.050,1.70522,1.70534,1.00,1.00
2016.01.08 16:41:26.102,1.70522,1.70537,1.00,2.25
2016.01.08 16:41:26.666,1.70522,1.70537,1.00,1.12
2016.01.08 16:41:26.717,1.70522,1.70535,1.00,1.00
2016.01.08 16:41:27.034,1.70521,1.70539,1.87,2.25
2016.01.08 16:41:27.085,1.70521,1.70538,1.45,1.50
2016.01.08 16:41:27.339,1.70517,1.70532,1.87,1.00
2016.01.08 16:41:27.543,1.70518,1.70534,1.00,1.75
2016.01.08 16:41:27.696,1.70514,1.7053,1.10,1.00
2016.01.08 16:41:27.849,1.70513,1.70529,1.00,1.37
2016.01.08 16:41:28.199,1.70508,1.70519,1.00,1.75
2016.01.08 16:41:28.508,1.70505,1.70517,1.37,1.75
2016.01.08 16:41:28.663,1.70508,1.70518,1.00,1.00
2016.01.08 16:41:28.765,1.70509,1.70521,1.12,1.37
2016.01.08 16:41:28.816,1.70508,1.70524,1.12,1.37
2016.01.08 16:41:29.240,1.70511,1.70525,1.37,1.37
2016.01.08 16:41:29.708,1.70508,1.70526,1.20,1.22
2016.01.08 16:41:29.809,1.70505,1.70517,1.50,1.00
2016.01.08 16:41:30.114,1.70502,1.70517,2.25,1.87
2016.01.08 16:41:30.690,1.70511,1.70517,1.20,1.87
2016.01.08 16:41:30.752,1.70513,1.70529,1.00,2.70
2016.01.08 16:41:30.855,1.70514,1.70529,1.47,1.00
2016.01.08 16:41:31.161,1.70513,1.70531,1.27,1.95
2016.01.08 16:41:31.213,1.7052,1.70531,1.00,1.95
2016.01.08 16:41:31.685,1.70514,1.7053,2.32,1.37
2016.01.08 16:41:31.737,1.70514,1.70527,1.57,1.37
2016.01.08 16:41:32.045,1.70514,1.70522,1.37,1.00
2016.01.08 16:41:32.096,1.70509,1.70522,1.87,1.00
2016.01.08 16:41:32.148,1.70508,1.70522,2.70,1.00
2016.01.08 16:41:32.898,1.70503,1.7051,1.00,1.00
2016.01.08 16:41:32.950,1.70496,1.70509,2.25,1.00
2016.01.08 16:41:33.054,1.70496,1.70509,1.00,1.00
2016.01.08 16:41:33.159,1.70497,1.70509,1.12,1.00
2016.01.08 16:41:33.416,1.70497,1.70511,1.87,1.00
2016.01.08 16:41:33.519,1.70497,1.70509,1.12,1.00
2016.01.08 16:41:33.570,1.70497,1.70512,1.12,1.12
2016.01.08 16:41:34.084,1.70498,1.70513,1.57,1.00
2016.01.08 16:41:34.567,1.70498,1.70516,1.57,1.87
2016.01.08 16:41:34.669,1.70499,1.70518,1.85,1.57
2016.01.08 16:41:34.872,1.70499,1.70515,1.57,1.00
2016.01.08 16:41:34.974,1.70499,1.70512,1.10,1.00
2016.01.08 16:41:35.676,1.70498,1.70509,1.07,1.00
2016.01.08 16:41:35.778,1.70498,1.70511,1.07,1.00
2016.01.08 16:41:35.880,1.70498,1.70513,1.07,1.12
2016.01.08 16:41:36.363,1.70496,1.70509,1.50,1.00
2016.01.08 16:41:36.690,1.70487,1.70503,1.50,1.12
2016.01.08 16:41:36.742,1.70487,1.705,1.50,1.00
2016.01.08 16:41:36.844,1.70487,1.70503,1.50,1.87
2016.01.08 16:41:37.048,1.70487,1.70501,1.12,1.00
2016.01.08 16:41:37.099,1.70487,1.70503,1.12,1.87
2016.01.08 16:41:37.760,1.70488,1.70503,1.12,1.87
2016.01.08 16:41:38.575,1.70489,1.70504,1.57,1.12
2016.01.08 16:41:39.327,1.70496,1.7051,1.12,2.62
2016.01.08 16:41:39.633,1.70498,1.70512,1.12,1.12
2016.01.08 16:41:39.736,1.70499,1.70512,1.45,1.00
2016.01.08 16:41:39.940,1.70502,1.70515,1.37,1.37
2016.01.08 16:41:40.094,1.70502,1.70515,1.87,1.00
2016.01.08 16:41:40.145,1.70504,1.70518,1.37,1.12
2016.01.08 16:41:40.505,1.70506,1.70518,1.37,1.12
2016.01.08 16:41:41.431,1.70504,1.70518,2.32,1.12
2016.01.08 16:41:41.842,1.70501,1.70514,1.95,1.00
2016.01.08 16:41:42.403,1.70501,1.70514,1.95,1.50
2016.01.08 16:41:42.697,1.70499,1.70514,1.57,1.50
2016.01.08 16:41:43.462,1.705,1.70515,1.50,1.75
2016.01.08 16:41:43.615,1.70501,1.70518,1.47,2.25
2016.01.08 16:41:43.667,1.70503,1.70518,2.32,1.50
2016.01.08 16:41:43.922,1.70503,1.70517,1.87,1.50
2016.01.08 16:41:45.461,1.70501,1.70515,1.87,1.37
2016.01.08 16:41:46.051,1.70501,1.70518,2.62,1.57
2016.01.08 16:41:46.307,1.70502,1.70517,1.20,1.37
2016.01.08 16:41:46.359,1.70502,1.70517,1.20,1.12
2016.01.08 16:41:46.714,1.70502,1.7052,2.20,1.00
2016.01.08 16:41:46.765,1.70505,1.70518,1.37,1.00
2016.01.08 16:41:47.499,1.7051,1.70519,1.37,1.00
2016.01.08 16:41:48.049,1.7051,1.70521,1.00,1.37
2016.01.08 16:41:48.801,1.70507,1.70521,1.50,2.62
2016.01.08 16:41:48.956,1.70502,1.70518,1.82,1.37
2016.01.08 16:41:49.058,1.70508,1.70519,1.37,1.20
2016.01.08 16:41:49.161,1.70505,1.70519,1.87,1.47
2016.01.08 16:41:49.314,1.70506,1.70519,1.12,1.37
2016.01.08 16:41:49.417,1.70506,1.70519,1.12,1.37
2016.01.08 16:41:49.519,1.70506,1.70519,1.12,1.37
2016.01.08 16:41:49.774,1.70507,1.70521,1.50,1.67
2016.01.08 16:41:50.111,1.70511,1.70528,2.32,1.50
2016.01.08 16:41:50.266,1.70516,1.7053,1.37,1.12
2016.01.08 16:41:50.318,1.70518,1.70531,1.12,1.00
2016.01.08 16:41:50.868,1.70516,1.7053,1.50,1.00
2016.01.08 16:41:51.371,1.70515,1.7053,2.70,1.00
2016.01.08 16:41:51.473,1.70515,1.70528,2.70,1.00
2016.01.08 16:41:51.574,1.70515,1.7053,3.45,1.00
2016.01.08 16:41:51.727,1.70517,1.7053,1.87,1.00
2016.01.08 16:41:52.084,1.70517,1.70532,1.50,1.12
2016.01.08 16:41:52.186,1.70517,1.7053,1.50,1.00
2016.01.08 16:41:52.339,1.70517,1.7053,1.00,1.00
2016.01.08 16:41:52.749,1.70514,1.70523,1.37,1.00
2016.01.08 16:41:52.801,1.7051,1.70523,1.95,1.00
2016.01.08 16:41:53.312,1.7051,1.70525,1.57,1.00
2016.01.08 16:41:53.516,1.7051,1.70523,1.57,1.00
2016.01.08 16:41:53.990,1.70509,1.70523,2.62,1.37
2016.01.08 16:41:54.247,1.70508,1.7052,1.20,1.00
2016.01.08 16:41:54.400,1.70508,1.70523,1.20,1.00
2016.01.08 16:41:54.451,1.7051,1.70522,1.37,1.00
2016.01.08 16:41:54.553,1.70507,1.70522,2.62,1.12
2016.01.08 16:41:54.604,1.70507,1.7052,1.20,1.00
2016.01.08 16:41:54.909,1.70505,1.70517,1.47,1.00
2016.01.08 16:41:54.960,1.70504,1.70517,1.57,1.00
2016.01.08 16:41:55.542,1.70504,1.70521,1.20,1.57
2016.01.08 16:41:56.052,1.70505,1.70519,1.47,1.00
2016.01.08 16:41:56.217,1.70505,1.70517,1.47,1.00
2016.01.08 16:41:56.269,1.70502,1.70515,1.50,1.00
2016.01.08 16:41:56.371,1.70499,1.70513,1.82,1.00
2016.01.08 16:41:56.525,1.70499,1.70511,1.20,1.00
2016.01.08 16:41:56.576,1.70499,1.70514,1.20,1.00
2016.01.08 16:41:56.879,1.70497,1.70514,1.07,1.57
2016.01.08 16:41:57.033,1.70498,1.70515,1.87,2.62
2016.01.08 16:41:57.340,1.705,1.70518,1.87,1.85
2016.01.08 16:41:57.859,1.70503,1.70518,2.25,1.12
2016.01.08 16:41:58.183,1.70511,1.70516,1.37,1.00
2016.01.08 16:41:58.235,1.70512,1.70527,1.12,1.75
2016.01.08 16:41:59.029,1.7051,1.70524,1.07,1.50
2016.01.08 16:41:59.234,1.70508,1.70521,1.65,1.00
2016.01.08 16:41:59.556,1.70503,1.70518,2.77,1.00
2016.01.08 16:41:59.660,1.70502,1.70518,2.25,1.37
2016.01.08 16:41:59.711,1.70502,1.70518,1.87,1.37
2016.01.08 16:41:59.762,1.70501,1.70518,1.20,1.37
2016.01.08 16:41:59.814,1.70501,1.70515,1.20,1.00
2016.01.08 16:42:00.120,1.70495,1.70505,1.20,1.00
2016.01.08 16:42:00.323,1.70484,1.70498,2.25,1.00
2016.01.08 16:42:00.676,1.70483,1.70495,1.20,1.00
2016.01.08 16:42:00.728,1.70482,1.70495,1.07,1.00
2016.01.08 16:42:01.034,1.70482,1.70495,1.07,2.25
2016.01.08 16:42:01.137,1.70482,1.70495,1.07,1.00
2016.01.08 16:42:01.974,1.705,1.70511,1.47,2.62
2016.01.08 16:42:02.026,1.705,1.70512,1.47,1.12
2016.01.08 16:42:02.537,1.70498,1.70514,2.32,1.12
2016.01.08 16:42:03.330,1.70498,1.70514,1.57,1.12
2016.01.08 16:42:03.534,1.70498,1.70512,1.50,1.00
2016.01.08 16:42:03.841,1.70495,1.70512,1.12,3.07
2016.01.08 16:42:04.349,1.70493,1.70508,1.00,1.57
2016.01.08 16:42:04.452,1.7049,1.70508,1.50,1.50
2016.01.08 16:42:04.503,1.7049,1.70507,1.00,1.47
2016.01.08 16:42:04.810,1.70492,1.70509,2.62,1.47
2016.01.08 16:42:05.309,1.70499,1.70514,1.47,2.25
2016.01.08 16:42:05.363,1.70498,1.70514,1.65,2.25
2016.01.08 16:42:05.415,1.70499,1.70514,1.50,2.25
2016.01.08 16:42:05.523,1.70499,1.70516,1.50,1.00
2016.01.08 16:42:06.185,1.70501,1.70515,1.10,1.00
2016.01.08 16:42:06.236,1.70499,1.70514,1.87,1.37
2016.01.08 16:42:06.558,1.70497,1.70514,1.47,1.87
2016.01.08 16:42:06.610,1.70496,1.70514,1.07,1.45
2016.01.08 16:42:06.933,1.70498,1.70515,1.57,1.37
2016.01.08 16:42:07.239,1.705,1.70517,1.95,1.37
2016.01.08 16:42:07.779,1.70498,1.70516,3.75,1.50
2016.01.08 16:42:07.831,1.70498,1.70514,1.50,1.12
2016.01.08 16:42:07.933,1.70497,1.70514,2.62,2.25
2016.01.08 16:42:09.021,1.70501,1.70515,1.07,1.75
2016.01.08 16:42:09.174,1.70505,1.7052,1.00,1.50
2016.01.08 16:42:09.226,1.70505,1.7052,1.87,1.12
2016.01.08 16:42:09.531,1.70508,1.70522,1.00,1.12
2016.01.08 16:42:10.074,1.7051,1.70522,1.12,1.12
2016.01.08 16:42:10.227,1.70512,1.70528,1.20,1.95
2016.01.08 16:42:10.756,1.70513,1.70528,1.00,1.95
2016.01.08 16:42:10.858,1.70513,1.70528,1.37,2.32
2016.01.08 16:42:11.447,1.70515,1.7053,1.12,1.20
2016.01.08 16:42:12.009,1.70514,1.7053,1.12,1.47
2016.01.08 16:42:12.702,1.70511,1.70522,1.12,1.37
2016.01.08 16:42:12.958,1.70509,1.70522,1.47,1.37
2016.01.08 16:42:13.113,1.70508,1.70521,1.07,1.00
2016.01.08 16:42:13.216,1.70508,1.70523,1.57,1.12
2016.01.08 16:42:13.268,1.70517,1.70523,1.00,1.12
2016.01.08 16:42:13.319,1.70516,1.7053,1.37,1.12
2016.01.08 16:42:13.371,1.70517,1.70531,2.25,1.75
2016.01.08 16:42:13.423,1.70522,1.70535,1.00,1.95
2016.01.08 16:42:13.525,1.70516,1.70532,1.37,1.47
2016.01.08 16:42:13.578,1.70516,1.70532,1.37,1.47
2016.01.08 16:42:13.913,1.70515,1.70529,2.55,1.57
2016.01.08 16:42:13.971,1.70512,1.70522,1.00,1.37
2016.01.08 16:42:14.023,1.70509,1.70522,1.12,1.37
2016.01.08 16:42:14.075,1.70509,1.70522,1.12,2.62
2016.01.08 16:42:14.535,1.70507,1.70515,1.12,1.82
2016.01.08 16:42:14.932,1.70502,1.70511,1.12,1.50
2016.01.08 16:42:15.231,1.70493,1.7051,1.50,1.12
2016.01.08 16:42:15.435,1.70496,1.70511,1.37,1.37
2016.01.08 16:42:15.943,1.70495,1.70511,1.47,1.37
2016.01.08 16:42:16.546,1.70496,1.70511,1.37,1.37
2016.01.08 16:42:16.699,1.70494,1.70511,1.57,1.37
2016.01.08 16:42:16.801,1.70494,1.70511,1.57,1.37
2016.01.08 16:42:17.259,1.70496,1.70512,1.12,1.12
2016.01.08 16:42:17.648,1.70498,1.70511,1.47,1.12
2016.01.08 16:42:18.056,1.70496,1.70511,1.47,1.37
2016.01.08 16:42:18.362,1.705,1.70511,1.12,1.50
2016.01.08 16:42:18.784,1.70506,1.70522,1.47,2.25
2016.01.08 16:42:19.142,1.70509,1.70527,1.65,1.27
2016.01.08 16:42:19.244,1.70509,1.70526,1.27,1.12
2016.01.08 16:42:20.254,1.70509,1.70528,1.57,2.25
2016.01.08 16:42:20.663,1.70509,1.70526,1.37,2.32
2016.01.08 16:42:20.714,1.70506,1.70525,2.32,2.25
2016.01.08 16:42:20.766,1.70506,1.70524,1.57,1.37
2016.01.08 16:42:21.072,1.70504,1.70522,1.50,1.85
2016.01.08 16:42:22.619,1.70504,1.70523,2.25,2.25
2016.01.08 16:42:22.823,1.70505,1.70523,1.20,1.12
2016.01.08 16:42:24.125,1.70507,1.70524,1.07,1.20
2016.01.08 16:42:24.328,1.70508,1.70525,1.10,1.07
2016.01.08 16:42:24.431,1.70508,1.70526,1.20,1.50
2016.01.08 16:42:25.093,1.70507,1.70525,1.12,1.12
2016.01.08 16:42:25.144,1.70505,1.70525,3.45,1.87
2016.01.08 16:42:25.247,1.70505,1.70524,1.95,1.20
2016.01.08 16:42:25.641,1.70505,1.70522,2.32,1.00
2016.01.08 16:42:26.049,1.70506,1.70522,1.47,1.50
2016.01.08 16:42:26.626,1.70508,1.70529,4.57,1.95
2016.01.08 16:42:26.728,1.70512,1.70529,1.12,3.45
2016.01.08 16:42:26.830,1.70508,1.70526,2.70,1.00
2016.01.08 16:42:27.136,1.70512,1.70529,3.37,1.37
2016.01.08 16:42:27.441,1.70516,1.70529,1.95,1.00
2016.01.08 16:42:28.032,1.70513,1.70522,1.00,1.20
2016.01.08 16:42:28.084,1.70505,1.70522,1.37,1.20
2016.01.08 16:42:28.135,1.70504,1.7052,1.57,1.00
2016.01.08 16:42:28.288,1.70502,1.7052,1.95,1.10
2016.01.08 16:42:28.544,1.70505,1.70522,1.00,1.50
2016.01.08 16:42:28.850,1.70503,1.70519,1.50,2.62
2016.01.08 16:42:29.212,1.705,1.70517,1.10,1.85
2016.01.08 16:42:29.264,1.705,1.70518,1.20,1.45
2016.01.08 16:42:29.468,1.705,1.70518,1.20,1.07
2016.01.08 16:42:29.977,1.70501,1.70519,1.37,1.87
2016.01.08 16:42:30.232,1.70501,1.7052,2.25,1.57
2016.01.08 16:42:30.577,1.70505,1.70523,1.37,2.32
2016.01.08 16:42:32.134,1.70505,1.70523,1.87,1.07
2016.01.08 16:42:32.186,1.70506,1.70523,1.75,1.07
2016.01.08 16:42:32.440,1.70511,1.70529,1.50,1.07
2016.01.08 16:42:32.542,1.70513,1.70531,1.50,2.25
2016.01.08 16:42:33.136,1.70512,1.70529,1.20,1.47
2016.01.08 16:42:33.291,1.70507,1.70526,1.87,1.87
2016.01.08 16:42:33.445,1.70506,1.70525,1.00,2.62
2016.01.08 16:42:33.600,1.70508,1.70525,1.00,2.62
2016.01.08 16:42:33.855,1.70508,1.70527,1.00,1.57
2016.01.08 16:42:33.957,1.70508,1.70527,1.87,1.20
2016.01.08 16:42:34.371,1.70512,1.7053,1.12,2.25
2016.01.08 16:42:34.523,1.70517,1.70531,1.00,1.37
2016.01.08 16:42:34.575,1.70518,1.70535,1.37,2.25
2016.01.08 16:42:34.982,1.70517,1.70534,1.50,1.87
2016.01.08 16:42:35.948,1.70528,1.70538,1.95,1.00
2016.01.08 16:42:36.000,1.70531,1.70546,1.00,1.10
2016.01.08 16:42:36.257,1.70531,1.70548,1.75,1.87
2016.01.08 16:42:36.410,1.70531,1.70548,1.95,1.00
2016.01.08 16:42:36.946,1.70532,1.7055,1.95,1.37
2016.01.08 16:42:37.003,1.70532,1.70547,1.75,1.07
2016.01.08 16:42:37.514,1.70532,1.7055,1.75,2.25
2016.01.08 16:42:37.719,1.7053,1.70548,1.87,1.12
2016.01.08 16:42:38.139,1.7053,1.70548,1.75,2.25
2016.01.08 16:42:38.191,1.70529,1.70546,1.12,2.25
2016.01.08 16:42:38.294,1.70528,1.70542,1.00,1.45
2016.01.08 16:42:38.396,1.70525,1.70542,1.00,1.57
2016.01.08 16:42:38.502,1.70525,1.70542,1.12,1.45
2016.01.08 16:42:39.013,1.70524,1.70543,2.62,1.87
2016.01.08 16:42:39.065,1.70527,1.70543,1.00,1.87
2016.01.08 16:42:39.699,1.70524,1.70542,1.37,1.45
2016.01.08 16:42:40.837,1.70527,1.70544,1.75,1.20
2016.01.08 16:42:40.991,1.7053,1.70549,1.20,1.87
2016.01.08 16:42:41.194,1.70535,1.70549,1.00,1.00
2016.01.08 16:42:41.603,1.70531,1.7055,3.07,1.45
2016.01.08 16:42:41.970,1.70527,1.70545,1.20,2.62
2016.01.08 16:42:42.022,1.70526,1.70545,1.20,3.37
2016.01.08 16:42:42.124,1.70524,1.70542,1.57,1.07
2016.01.08 16:42:42.634,1.70524,1.70541,1.57,1.47
2016.01.08 16:42:42.786,1.70522,1.70541,2.70,1.82
2016.01.08 16:42:43.324,1.70523,1.70541,1.37,1.20
2016.01.08 16:42:43.781,1.70524,1.70543,1.20,1.20
2016.01.08 16:42:44.564,1.70525,1.70543,1.00,1.95
2016.01.08 16:42:44.667,1.70528,1.70545,1.07,1.00
2016.01.08 16:42:44.718,1.70529,1.70546,1.85,1.37
2016.01.08 16:42:44.769,1.7053,1.70547,1.37,1.50
2016.01.08 16:42:45.279,1.7053,1.70548,1.37,1.50
2016.01.08 16:42:45.746,1.70536,1.70549,1.20,1.00
2016.01.08 16:42:45.798,1.70538,1.70555,1.00,3.37
2016.01.08 16:42:46.002,1.7054,1.70556,1.87,1.12
2016.01.08 16:42:46.308,1.7054,1.70557,2.62,1.20
2016.01.08 16:42:47.085,1.70542,1.70559,1.12,1.12
2016.01.08 16:42:47.187,1.70544,1.7056,1.00,1.82
2016.01.08 16:42:47.340,1.70547,1.7056,1.00,1.82
2016.01.08 16:42:47.647,1.70555,1.70568,1.12,1.12
2016.01.08 16:42:47.698,1.70553,1.70568,1.50,1.12
2016.01.08 16:42:47.922,1.70558,1.70569,1.37,1.20
2016.01.08 16:42:47.975,1.70563,1.70573,1.95,1.00
2016.01.08 16:42:48.314,1.70564,1.7058,1.12,1.00
2016.01.08 16:42:49.562,1.70563,1.70581,1.00,2.25
2016.01.08 16:42:49.868,1.70559,1.70577,1.95,1.85
2016.01.08 16:42:50.021,1.70557,1.70577,2.70,1.85
2016.01.08 16:42:50.123,1.70558,1.70576,1.50,1.50
2016.01.08 16:42:50.226,1.7056,1.70577,1.00,1.20
2016.01.08 16:42:50.277,1.7056,1.70578,1.20,2.70
2016.01.08 16:42:50.380,1.70562,1.70578,1.37,1.47
2016.01.08 16:42:50.847,1.70564,1.70582,1.87,1.95
2016.01.08 16:42:50.899,1.70567,1.70583,1.00,1.07
2016.01.08 16:42:50.950,1.70569,1.70586,1.12,1.87
2016.01.08 16:42:51.052,1.7057,1.70586,1.95,1.12
2016.01.08 16:42:52.292,1.70567,1.70584,1.10,1.12
2016.01.08 16:42:52.598,1.70565,1.70579,1.95,1.00
2016.01.08 16:42:52.702,1.70563,1.70579,1.20,1.00
2016.01.08 16:42:52.805,1.70563,1.70579,1.57,1.00
2016.01.08 16:42:53.189,1.70563,1.70575,1.57,1.50
2016.01.08 16:42:53.597,1.70563,1.70575,1.00,1.87
2016.01.08 16:42:54.106,1.70561,1.70575,1.47,1.87
2016.01.08 16:42:54.780,1.70559,1.70574,1.57,1.00
2016.01.08 16:42:55.240,1.70561,1.70575,1.27,1.50
2016.01.08 16:42:55.394,1.70564,1.7058,1.10,1.12
2016.01.08 16:42:55.446,1.70569,1.70582,1.12,1.00
2016.01.08 16:42:56.007,1.70585,1.706,1.50,1.00
2016.01.08 16:42:56.421,1.70597,1.70603,1.50,1.00
2016.01.08 16:42:56.523,1.70596,1.70612,1.07,1.75
2016.01.08 16:42:56.727,1.70596,1.70612,1.20,1.12
2016.01.08 16:42:57.869,1.70599,1.70614,1.12,1.50
2016.01.08 16:42:58.194,1.706,1.70616,1.57,1.37
2016.01.08 16:42:58.245,1.706,1.70617,1.95,1.00
2016.01.08 16:42:58.398,1.70603,1.70621,1.47,2.25
2016.01.08 16:42:58.557,1.70604,1.70621,1.37,1.50
2016.01.08 16:42:58.608,1.70604,1.70623,2.25,1.50
2016.01.08 16:42:58.711,1.70608,1.70623,1.37,1.50
2016.01.08 16:42:58.917,1.70609,1.70625,1.20,1.00
2016.01.08 16:42:58.969,1.70609,1.70625,2.25,1.00
2016.01.08 16:42:59.611,1.70608,1.70621,1.87,1.20
2016.01.08 16:42:59.918,1.70607,1.70616,1.37,1.12
2016.01.08 16:43:00.659,1.70613,1.70627,1.12,1.12
2016.01.08 16:43:00.761,1.70616,1.70629,1.87,1.37
2016.01.08 16:43:00.814,1.70619,1.7063,1.37,1.12
2016.01.08 16:43:01.325,1.70619,1.70632,1.00,2.62
2016.01.08 16:43:02.283,1.70619,1.70636,1.87,1.87
2016.01.08 16:43:02.538,1.70623,1.70639,1.00,1.82
2016.01.08 16:43:02.590,1.70625,1.7064,1.75,1.12
2016.01.08 16:43:02.743,1.70626,1.70642,1.12,1.00
2016.01.08 16:43:03.287,1.70628,1.70642,1.12,1.47
2016.01.08 16:43:03.952,1.70625,1.70643,2.62,1.47
2016.01.08 16:43:04.376,1.70629,1.70643,1.12,1.10
2016.01.08 16:43:04.431,1.70629,1.70647,1.95,1.57
2016.01.08 16:43:04.583,1.70629,1.70647,2.25,1.00
2016.01.08 16:43:04.889,1.70631,1.70648,1.57,2.32
2016.01.08 16:43:05.416,1.70629,1.70645,1.00,1.10
2016.01.08 16:43:05.873,1.70634,1.70646,1.00,1.12
2016.01.08 16:43:06.128,1.70634,1.70652,1.27,2.02
2016.01.08 16:43:06.180,1.70633,1.70652,3.00,2.40
2016.01.08 16:43:06.721,1.70633,1.70652,2.25,2.40
2016.01.08 16:43:06.823,1.70634,1.70647,1.57,1.00
2016.01.08 16:43:06.925,1.70632,1.70647,1.95,1.00
2016.01.08 16:43:06.977,1.70632,1.70646,1.50,1.37
2016.01.08 16:43:07.506,1.70627,1.70644,1.95,1.12
2016.01.08 16:43:07.840,1.70627,1.70644,1.10,1.12
2016.01.08 16:43:08.044,1.70626,1.70645,2.62,2.70
2016.01.08 16:43:08.197,1.7063,1.70645,1.20,1.00
2016.01.08 16:43:08.248,1.70631,1.70647,1.37,1.12
2016.01.08 16:43:08.350,1.70631,1.70648,1.12,1.65
2016.01.08 16:43:08.982,1.70631,1.70648,1.95,1.12
2016.01.08 16:43:09.290,1.70635,1.70651,1.87,1.12
2016.01.08 16:43:09.820,1.70637,1.70654,1.10,1.95
2016.01.08 16:43:10.435,1.7064,1.70655,1.12,1.75
2016.01.08 16:43:11.300,1.70638,1.70654,1.00,1.07
2016.01.08 16:43:11.504,1.70637,1.70654,1.95,1.82
2016.01.08 16:43:12.073,1.70639,1.70652,1.37,1.00
2016.01.08 16:43:12.176,1.7064,1.70655,1.20,1.12
2016.01.08 16:43:12.381,1.7064,1.70657,1.87,1.85
2016.01.08 16:43:12.484,1.70643,1.70659,1.37,1.57
2016.01.08 16:43:13.168,1.70643,1.70661,1.27,1.37
2016.01.08 16:43:13.585,1.70643,1.70657,1.95,1.12
2016.01.08 16:43:13.789,1.70638,1.70654,1.57,1.00
2016.01.08 16:43:14.639,1.70637,1.70651,1.00,1.75
2016.01.08 16:43:14.691,1.70634,1.70651,1.37,1.37
2016.01.08 16:43:14.844,1.70634,1.70652,1.37,1.20
2016.01.08 16:43:15.000,1.70635,1.70654,1.20,1.57
2016.01.08 16:43:15.309,1.70639,1.70657,1.12,1.95
2016.01.08 16:43:15.792,1.7064,1.70656,1.00,1.85
2016.01.08 16:43:15.996,1.70639,1.70656,2.62,1.75
2016.01.08 16:43:16.556,1.7064,1.70654,1.12,1.87
2016.01.08 16:43:16.658,1.7064,1.70653,1.37,1.87
2016.01.08 16:43:16.710,1.70636,1.70653,1.12,1.87
2016.01.08 16:43:17.064,1.70636,1.70651,1.12,1.12
2016.01.08 16:43:17.378,1.70631,1.70644,3.67,1.95
2016.01.08 16:43:17.481,1.70633,1.70644,1.00,1.95
2016.01.08 16:43:17.532,1.70633,1.70643,1.00,2.25
2016.01.08 16:43:17.586,1.70626,1.7064,2.25,1.50
2016.01.08 16:43:17.689,1.70628,1.70639,1.00,1.47
2016.01.08 16:43:17.792,1.70624,1.70638,1.75,1.87
2016.01.08 16:43:18.038,1.7062,1.70635,1.50,1.50
2016.01.08 16:43:18.551,1.7062,1.70635,1.37,1.00
2016.01.08 16:43:18.704,1.70623,1.70635,1.37,1.00
2016.01.08 16:43:18.756,1.70621,1.70638,1.85,1.07
2016.01.08 16:43:18.859,1.70624,1.70641,1.95,1.20
2016.01.08 16:43:19.012,1.70626,1.70641,1.75,1.20
2016.01.08 16:43:19.637,1.70631,1.70645,1.00,1.45
2016.01.08 16:43:19.965,1.70632,1.70648,1.75,1.95
2016.01.08 16:43:20.016,1.70635,1.70648,1.00,1.57
2016.01.08 16:43:20.169,1.70635,1.70651,1.00,2.32
2016.01.08 16:43:21.269,1.70633,1.7065,1.85,1.12
2016.01.08 16:43:21.576,1.70624,1.70636,1.57,1.75
2016.01.08 16:43:21.678,1.70616,1.70631,1.20,3.00
2016.01.08 16:43:21.780,1.70614,1.70628,1.12,2.25
2016.01.08 16:43:22.431,1.70621,1.70625,1.00,1.00
2016.01.08 16:43:22.535,1.70621,1.7063,2.32,1.00
2016.01.08 16:43:22.638,1.70621,1.70635,1.57,1.00
2016.01.08 16:43:22.791,1.70621,1.70635,2.32,2.25
2016.01.08 16:43:22.894,1.70621,1.70636,2.32,2.25
2016.01.08 16:43:23.098,1.70621,1.70632,1.00,1.75
2016.01.08 16:43:23.401,1.70615,1.7063,1.12,1.20
2016.01.08 16:43:23.711,1.70612,1.70626,1.85,1.75
2016.01.08 16:43:24.017,1.70607,1.70625,1.95,1.75
2016.01.08 16:43:24.068,1.70608,1.70625,1.85,1.75
2016.01.08 16:43:24.171,1.70607,1.70625,1.95,1.75
2016.01.08 16:43:24.688,1.7061,1.70624,1.00,1.75
2016.01.08 16:43:24.943,1.70606,1.70622,1.37,1.87
2016.01.08 16:43:25.302,1.70603,1.70615,1.37,1.00
2016.01.08 16:43:25.404,1.70601,1.70616,1.00,1.37
2016.01.08 16:43:25.507,1.70598,1.70613,1.10,1.00
2016.01.08 16:43:26.046,1.70596,1.70613,2.32,1.37
2016.01.08 16:43:26.575,1.70599,1.70616,1.12,1.87
2016.01.08 16:43:27.414,1.706,1.70615,1.00,1.12
2016.01.08 16:43:28.003,1.70599,1.70616,1.12,1.12
2016.01.08 16:43:28.828,1.70599,1.70616,1.12,1.12
2016.01.08 16:43:28.879,1.70601,1.70616,1.00,1.12
2016.01.08 16:43:29.184,1.70602,1.70617,1.00,3.45
2016.01.08 16:43:29.586,1.70602,1.70614,1.37,1.00
2016.01.08 16:43:31.134,1.70602,1.70614,1.87,1.00
2016.01.08 16:43:31.189,1.70603,1.7062,2.77,1.75
2016.01.08 16:43:31.701,1.70604,1.7062,1.37,1.50
2016.01.08 16:43:31.908,1.70602,1.70617,1.12,1.37
2016.01.08 16:43:32.274,1.7061,1.7062,1.00,2.25
2016.01.08 16:43:32.325,1.7061,1.70624,1.00,1.75
2016.01.08 16:43:32.530,1.7061,1.70623,1.00,3.00
2016.01.08 16:43:33.338,1.70611,1.70623,1.00,3.00
2016.01.08 16:43:33.798,1.70608,1.70614,1.12,1.00
2016.01.08 16:43:33.952,1.70598,1.70611,1.50,3.00
2016.01.08 16:43:34.623,1.70598,1.7061,1.50,3.75
2016.01.08 16:43:34.828,1.70598,1.70611,1.50,1.85
2016.01.08 16:43:35.387,1.70601,1.70612,1.50,3.67
2016.01.08 16:43:35.439,1.70601,1.70612,1.50,1.12
2016.01.08 16:43:35.490,1.70603,1.70615,1.50,2.25
2016.01.08 16:43:35.542,1.70603,1.70616,1.50,1.37
2016.01.08 16:43:35.932,1.70606,1.70619,1.10,1.20
2016.01.08 16:43:36.239,1.70611,1.70627,1.50,1.27
2016.01.08 16:43:36.342,1.70614,1.70626,1.37,1.00
2016.01.08 16:43:36.444,1.70613,1.70629,1.37,1.10
2016.01.08 16:43:36.496,1.70614,1.70629,1.57,1.00
2016.01.08 16:43:37.017,1.70615,1.70633,2.62,1.75
2016.01.08 16:43:37.170,1.70615,1.70632,1.87,1.00
2016.01.08 16:43:37.527,1.70615,1.70634,1.87,3.45
2016.01.08 16:43:38.128,1.70616,1.70634,1.57,2.32
2016.01.08 16:43:39.744,1.70624,1.70634,1.37,2.25
2016.01.08 16:43:39.800,1.70624,1.70637,1.37,1.12
2016.01.08 16:43:40.311,1.70623,1.70638,1.47,3.00
2016.01.08 16:43:40.822,1.70624,1.70638,1.37,3.00
2016.01.08 16:43:41.323,1.70623,1.70638,1.47,3.00
2016.01.08 16:43:41.731,1.70621,1.70637,1.37,3.37
2016.01.08 16:43:42.036,1.70621,1.70634,1.37,2.25
2016.01.08 16:43:42.347,1.70622,1.70635,1.37,1.00
2016.01.08 16:43:42.755,1.70625,1.7064,1.47,1.95
2016.01.08 16:43:43.259,1.70625,1.70636,1.07,1.00
2016.01.08 16:43:43.941,1.70625,1.70642,1.57,1.75
2016.01.08 16:43:43.993,1.70626,1.70642,1.95,1.75
2016.01.08 16:43:44.146,1.7063,1.70644,1.45,1.12
2016.01.08 16:43:45.775,1.70629,1.70642,1.95,1.75
2016.01.08 16:43:45.930,1.70624,1.70639,1.50,1.50
2016.01.08 16:43:46.032,1.70622,1.70634,1.57,1.37
2016.01.08 16:43:46.441,1.70619,1.70631,1.87,1.75
2016.01.08 16:43:46.493,1.70619,1.70631,1.47,1.00
2016.01.08 16:43:46.544,1.70618,1.70631,1.57,1.75
2016.01.08 16:43:46.646,1.70619,1.70633,1.47,1.50
2016.01.08 16:43:47.154,1.70618,1.70633,1.57,1.37
2016.01.08 16:43:48.105,1.70619,1.70631,1.47,1.00
2016.01.08 16:43:48.157,1.70619,1.70635,1.07,1.47
2016.01.08 16:43:48.260,1.70624,1.70636,1.37,1.12
2016.01.08 16:43:48.771,1.70623,1.70637,1.50,1.75
2016.01.08 16:43:49.180,1.70622,1.70632,1.47,1.00
2016.01.08 16:43:49.543,1.7062,1.70632,1.37,1.00
2016.01.08 16:43:49.900,1.70621,1.70638,1.07,1.87
2016.01.08 16:43:49.952,1.70624,1.70638,1.37,1.87
2016.01.08 16:43:50.054,1.70623,1.70638,1.47,1.00
2016.01.08 16:43:50.711,1.70623,1.70637,1.47,1.37
2016.01.08 16:43:51.017,1.70622,1.70632,1.37,1.75
2016.01.08 16:43:51.069,1.70619,1.70632,1.87,1.75
2016.01.08 16:43:51.484,1.7062,1.70635,1.50,1.50
2016.01.08 16:43:52.057,1.70622,1.70635,1.47,1.00
2016.01.08 16:43:52.159,1.70622,1.70637,1.47,1.12
2016.01.08 16:43:52.668,1.70627,1.70638,1.00,1.37
2016.01.08 16:43:52.720,1.70625,1.70639,1.00,1.12
2016.01.08 16:43:52.771,1.70631,1.70642,5.25,1.20
2016.01.08 16:43:52.874,1.70639,1.70649,1.50,2.25
2016.01.08 16:43:53.190,1.70642,1.70649,1.75,1.87
2016.01.08 16:43:53.242,1.70643,1.70661,2.62,3.67
2016.01.08 16:43:53.293,1.70643,1.70661,2.62,1.75
2016.01.08 16:43:53.446,1.70648,1.70662,1.37,3.75
2016.01.08 16:43:54.139,1.70648,1.70663,1.47,1.87
2016.01.08 16:43:54.191,1.70648,1.70664,1.47,1.50
2016.01.08 16:43:54.702,1.70647,1.70664,1.57,1.50
2016.01.08 16:43:55.553,1.70647,1.70663,1.50,1.12
2016.01.08 16:43:55.859,1.70641,1.70654,1.12,1.50
2016.01.08 16:43:56.385,1.70637,1.70653,1.75,1.87
2016.01.08 16:43:56.726,1.70634,1.7065,1.47,1.00
2016.01.08 16:43:56.879,1.70634,1.70649,1.47,1.50
2016.01.08 16:43:57.286,1.7063,1.70647,1.95,1.87
2016.01.08 16:43:57.749,1.70629,1.70645,3.07,1.87
2016.01.08 16:43:58.055,1.70635,1.70651,1.50,3.00
2016.01.08 16:43:58.106,1.70635,1.7065,1.50,1.00
2016.01.08 16:43:58.799,1.70636,1.70652,1.07,1.47
2016.01.08 16:43:58.851,1.70638,1.70653,1.12,1.00
2016.01.08 16:43:59.191,1.70644,1.70658,1.37,1.87
2016.01.08 16:43:59.244,1.70644,1.70659,1.37,1.87
2016.01.08 16:43:59.296,1.70644,1.7066,1.50,2.32
2016.01.08 16:43:59.399,1.70644,1.7066,2.25,1.12
2016.01.08 16:43:59.502,1.70646,1.7066,1.20,2.25
2016.01.08 16:43:59.607,1.70646,1.70662,1.95,1.12
2016.01.08 16:44:00.283,1.70647,1.70664,1.47,1.95
2016.01.08 16:44:00.791,1.70648,1.70665,1.10,3.00
2016.01.08 16:44:01.066,1.70655,1.70665,1.37,1.87
2016.01.08 16:44:01.118,1.70655,1.7067,1.37,1.20
2016.01.08 16:44:01.169,1.70651,1.70666,1.37,1.00
2016.01.08 16:44:01.221,1.7065,1.70668,1.50,1.95
2016.01.08 16:44:01.272,1.70649,1.70668,1.87,2.77
2016.01.08 16:44:01.780,1.7065,1.70664,1.37,1.00
2016.01.08 16:44:02.310,1.70649,1.70666,1.37,1.12
2016.01.08 16:44:02.768,1.70646,1.70663,1.57,1.47
2016.01.08 16:44:02.870,1.70644,1.7066,1.65,1.37
2016.01.08 16:44:03.551,1.7064,1.70655,1.75,1.45
2016.01.08 16:44:03.603,1.70637,1.70655,1.47,1.57
2016.01.08 16:44:03.859,1.70638,1.70656,1.12,1.85
2016.01.08 16:44:04.166,1.70641,1.70658,1.47,1.47
2016.01.08 16:44:04.217,1.70641,1.70658,1.57,1.10
2016.01.08 16:44:04.371,1.70646,1.7066,1.37,1.12
2016.01.08 16:44:04.715,1.70646,1.70662,1.47,1.20
2016.01.08 16:44:05.391,1.70646,1.70662,1.47,1.47
2016.01.08 16:44:06.392,1.70651,1.70665,1.37,1.12
2016.01.08 16:44:06.495,1.70651,1.70666,1.37,1.12
2016.01.08 16:44:07.288,1.70652,1.70668,1.37,1.12
2016.01.08 16:44:07.406,1.70651,1.70671,2.25,1.50
2016.01.08 16:44:07.914,1.70652,1.7067,1.10,1.37
2016.01.08 16:44:08.593,1.70651,1.7067,2.25,1.00
2016.01.08 16:44:08.899,1.70656,1.70674,1.50,2.25
2016.01.08 16:44:09.307,1.70656,1.70674,1.87,2.25
2016.01.08 16:44:09.510,1.70656,1.70674,1.87,2.25
2016.01.08 16:44:10.219,1.70656,1.70674,1.37,1.87
2016.01.08 16:44:10.625,1.70656,1.70671,1.87,1.00
2016.01.08 16:44:10.727,1.70653,1.70671,2.25,1.20
2016.01.08 16:44:10.779,1.70651,1.70671,1.75,1.65
2016.01.08 16:44:11.574,1.70657,1.70673,1.00,1.87
2016.01.08 16:44:11.880,1.70659,1.70679,1.87,1.85
2016.01.08 16:44:11.931,1.70662,1.7068,1.00,1.87
2016.01.08 16:44:12.688,1.70663,1.70682,1.75,1.57
2016.01.08 16:44:12.996,1.70659,1.70677,1.85,1.37
2016.01.08 16:44:13.098,1.70658,1.70677,1.95,1.75
2016.01.08 16:44:13.820,1.70657,1.70677,1.87,3.45
2016.01.08 16:44:13.922,1.70656,1.70671,1.47,1.00
2016.01.08 16:44:14.432,1.7066,1.70675,1.10,1.12
2016.01.08 16:44:14.636,1.70662,1.7068,1.47,1.00
2016.01.08 16:44:15.313,1.70665,1.70682,1.00,1.12
2016.01.08 16:44:15.570,1.70665,1.70677,1.00,1.00
2016.01.08 16:44:15.622,1.70661,1.70679,1.87,1.12
2016.01.08 16:44:16.028,1.70662,1.7068,1.12,1.37
2016.01.08 16:44:16.130,1.70662,1.7068,1.00,1.37
2016.01.08 16:44:16.397,1.7066,1.70672,3.00,1.37
2016.01.08 16:44:16.449,1.70653,1.70672,2.70,1.87
2016.01.08 16:44:16.552,1.70652,1.7067,1.12,1.00
2016.01.08 16:44:16.605,1.70651,1.70668,3.07,1.00
2016.01.08 16:44:16.658,1.7065,1.70668,1.50,1.00
2016.01.08 16:44:16.865,1.70649,1.70667,1.00,2.40
2016.01.08 16:44:17.019,1.70647,1.70666,1.10,1.50
2016.01.08 16:44:17.076,1.70648,1.70666,1.50,1.00
2016.01.08 16:44:17.582,1.70651,1.70669,1.10,1.12
2016.01.08 16:44:18.821,1.70651,1.70669,1.12,1.12
2016.01.08 16:44:20.373,1.70651,1.70668,1.00,1.12
2016.01.08 16:44:21.243,1.70644,1.70659,1.37,1.00
2016.01.08 16:44:21.549,1.70639,1.70657,1.27,1.37
2016.01.08 16:44:22.208,1.70642,1.7066,1.00,1.37
2016.01.08 16:44:22.529,1.70649,1.70666,1.00,3.37
2016.01.08 16:44:22.580,1.70651,1.70668,1.00,1.85
2016.01.08 16:44:22.784,1.70651,1.70668,1.37,1.87
2016.01.08 16:44:22.836,1.70651,1.70668,1.12,1.87
2016.01.08 16:44:22.938,1.70651,1.70665,1.12,1.37
2016.01.08 16:44:23.446,1.70649,1.70664,1.50,1.37
2016.01.08 16:44:23.984,1.70649,1.70665,1.50,1.37
2016.01.08 16:44:24.504,1.7065,1.70664,1.37,1.37
2016.01.08 16:44:25.126,1.7065,1.70665,1.37,1.37
2016.01.08 16:44:25.229,1.7065,1.70668,1.37,3.00
2016.01.08 16:44:25.331,1.7065,1.70668,1.37,2.62
2016.01.08 16:44:25.637,1.70656,1.7067,1.37,1.50
2016.01.08 16:44:26.639,1.70655,1.70668,1.00,1.00
2016.01.08 16:44:27.721,1.70659,1.70673,1.12,1.75
2016.01.08 16:44:27.773,1.70659,1.70675,1.75,1.37
2016.01.08 16:44:27.824,1.70659,1.70677,2.25,2.25
2016.01.08 16:44:27.977,1.70663,1.70678,1.37,1.37
2016.01.08 16:44:28.029,1.70663,1.7068,1.12,1.37
2016.01.08 16:44:28.080,1.70664,1.7068,2.25,1.37
2016.01.08 16:44:28.132,1.70666,1.70682,1.75,1.12
2016.01.08 16:44:28.234,1.7067,1.70686,1.37,2.32
2016.01.08 16:44:28.806,1.70671,1.70688,1.12,1.47
2016.01.08 16:44:29.111,1.70679,1.70691,1.00,1.37
2016.01.08 16:44:29.162,1.70679,1.70695,1.37,1.12
2016.01.08 16:44:29.366,1.70683,1.70698,1.12,1.37
2016.01.08 16:44:30.315,1.70681,1.70694,1.50,1.50
2016.01.08 16:44:30.620,1.70677,1.70691,1.12,1.37
2016.01.08 16:44:31.249,1.7068,1.70696,1.37,2.40
2016.01.08 16:44:31.402,1.7068,1.70694,1.37,1.00
2016.01.08 16:44:31.605,1.7068,1.70694,1.12,1.00
2016.01.08 16:44:31.809,1.70673,1.70688,1.84,1.50
2016.01.08 16:44:32.288,1.70676,1.7069,1.00,1.12
2016.01.08 16:44:32.746,1.70678,1.7069,1.37,1.00
2016.01.08 16:44:32.849,1.70678,1.70688,1.12,1.00
2016.01.08 16:44:32.902,1.70673,1.70688,1.27,1.12
2016.01.08 16:44:33.005,1.70671,1.70686,1.95,1.00
2016.01.08 16:44:33.424,1.70673,1.70686,1.50,1.00
2016.01.08 16:44:33.577,1.70675,1.70688,1.00,1.00
2016.01.08 16:44:33.679,1.70675,1.70689,1.50,1.50
2016.01.08 16:44:34.136,1.70678,1.70694,1.47,1.75
2016.01.08 16:44:34.820,1.70683,1.70699,2.40,1.12
2016.01.08 16:44:34.922,1.70683,1.70701,2.40,1.87
2016.01.08 16:44:35.075,1.70683,1.70695,2.02,1.00
2016.01.08 16:44:35.127,1.70683,1.70697,1.57,1.12
2016.01.08 16:44:35.179,1.70682,1.70697,1.87,1.12
2016.01.08 16:44:35.230,1.70682,1.707,2.70,1.00
2016.01.08 16:44:35.282,1.70687,1.70703,1.37,2.62
2016.01.08 16:44:35.333,1.70687,1.70703,2.25,1.12
2016.01.08 16:44:35.385,1.70691,1.70705,1.37,1.12
2016.01.08 16:44:35.589,1.70696,1.70712,1.12,1.37
2016.01.08 16:44:36.103,1.70695,1.70713,1.87,1.87
2016.01.08 16:44:36.617,1.70696,1.70713,1.57,1.50
2016.01.08 16:44:37.154,1.70702,1.70715,1.00,1.00
2016.01.08 16:44:37.269,1.70703,1.70721,1.12,1.00
2016.01.08 16:44:37.524,1.70704,1.70721,1.10,1.50
2016.01.08 16:44:37.831,1.70704,1.70716,1.10,1.00
2016.01.08 16:44:37.985,1.70699,1.70716,1.50,1.00
2016.01.08 16:44:38.495,1.707,1.70716,1.00,1.37
2016.01.08 16:44:39.692,1.70698,1.70713,1.87,1.00
2016.01.08 16:44:39.999,1.70699,1.70716,1.37,1.37
2016.01.08 16:44:40.253,1.70698,1.70713,1.95,1.00
2016.01.08 16:44:40.508,1.70694,1.70712,1.75,1.50
2016.01.08 16:44:40.801,1.70695,1.70712,1.65,1.12
2016.01.08 16:44:41.108,1.70701,1.70715,1.37,2.25
2016.01.08 16:44:41.366,1.70698,1.70713,1.50,1.00
2016.01.08 16:44:41.468,1.70698,1.70711,1.50,1.00
2016.01.08 16:44:42.286,1.70697,1.70712,1.37,1.00
2016.01.08 16:44:42.592,1.707,1.70709,1.50,1.00
2016.01.08 16:44:42.695,1.70697,1.70704,1.00,1.00
2016.01.08 16:44:42.900,1.7069,1.70705,1.12,1.00
2016.01.08 16:44:42.951,1.7069,1.707,1.00,1.00
2016.01.08 16:44:43.326,1.70686,1.70699,1.12,1.00
2016.01.08 16:44:43.581,1.70688,1.70702,1.37,2.32
2016.01.08 16:44:43.633,1.70688,1.70703,1.87,1.87
2016.01.08 16:44:44.142,1.70688,1.70702,2.25,1.00
2016.01.08 16:44:44.469,1.70688,1.70697,1.12,1.37
2016.01.08 16:44:44.573,1.70679,1.70692,1.10,1.00
2016.01.08 16:44:44.778,1.7068,1.70693,1.50,1.12
2016.01.08 16:44:45.290,1.70681,1.70693,1.37,1.00
2016.01.08 16:44:45.972,1.70682,1.70695,1.37,1.37
2016.01.08 16:44:46.903,1.70682,1.70697,1.37,1.37
2016.01.08 16:44:47.334,1.70682,1.70697,1.12,1.00
2016.01.08 16:44:47.639,1.70689,1.70703,1.12,1.37
2016.01.08 16:44:47.690,1.70689,1.70705,1.12,1.12
2016.01.08 16:44:47.843,1.70689,1.70705,2.62,1.00
2016.01.08 16:44:50.269,1.707,1.70708,1.50,1.87
2016.01.08 16:44:50.327,1.707,1.70713,1.37,1.87
2016.01.08 16:44:50.789,1.70694,1.70709,1.50,1.00
2016.01.08 16:44:50.842,1.70692,1.70708,1.50,1.12
2016.01.08 16:44:50.894,1.70689,1.70706,2.20,1.37
2016.01.08 16:44:50.997,1.7069,1.70703,1.00,1.37
2016.01.08 16:44:51.520,1.70687,1.70704,1.47,1.37
2016.01.08 16:44:51.623,1.70687,1.70704,1.10,1.87
2016.01.08 16:44:51.928,1.70688,1.70705,1.95,1.37
2016.01.08 16:44:51.980,1.70689,1.70707,1.87,1.87
2016.01.08 16:44:52.032,1.70691,1.70709,1.87,2.62
2016.01.08 16:44:52.085,1.70692,1.70709,1.12,1.12
2016.01.08 16:44:52.481,1.70697,1.70712,1.37,1.00
2016.01.08 16:44:52.989,1.70694,1.70712,2.62,1.37
2016.01.08 16:44:53.142,1.70694,1.70713,1.87,2.25
2016.01.08 16:44:53.697,1.70691,1.70709,1.00,1.12
2016.01.08 16:44:54.065,1.70691,1.70708,1.00,1.87
2016.01.08 16:44:55.298,1.70689,1.70708,1.12,1.75
2016.01.08 16:44:56.359,1.70688,1.70705,1.85,1.75
2016.01.08 16:44:56.462,1.70687,1.70704,1.50,1.37
2016.01.08 16:44:56.665,1.70687,1.70701,1.50,1.12
2016.01.08 16:44:56.716,1.70685,1.70701,2.20,1.12
2016.01.08 16:44:56.768,1.70684,1.70699,1.87,1.00
2016.01.08 16:44:56.819,1.70682,1.70699,2.62,1.00
2016.01.08 16:44:56.972,1.70682,1.70701,2.62,2.62
2016.01.08 16:44:57.074,1.70683,1.707,1.47,1.00
2016.01.08 16:44:57.590,1.70682,1.70701,1.37,2.25
2016.01.08 16:44:57.693,1.70683,1.707,1.87,1.00
2016.01.08 16:44:58.467,1.70683,1.70702,3.45,2.25
2016.01.08 16:44:59.073,1.70684,1.70701,1.00,1.12
2016.01.08 16:44:59.583,1.70683,1.707,1.00,1.12
2016.01.08 16:45:00.315,1.70682,1.70694,1.57,1.00
2016.01.08 16:45:00.627,1.70672,1.70687,1.12,1.00
2016.01.08 16:45:00.680,1.70671,1.70687,1.12,1.00
2016.01.08 16:45:00.783,1.70669,1.70685,1.95,1.00
2016.01.08 16:45:01.265,1.70663,1.70681,1.57,1.00
2016.01.08 16:45:01.625,1.70667,1.70682,1.00,1.75
2016.01.08 16:45:01.779,1.70667,1.70684,1.50,1.87
2016.01.08 16:45:01.830,1.70665,1.70684,1.95,2.62
2016.01.08 16:45:01.882,1.70667,1.70684,1.00,1.87
2016.01.08 16:45:02.345,1.70672,1.70688,1.00,1.37
2016.01.08 16:45:02.396,1.70672,1.7069,1.00,1.12
2016.01.08 16:45:02.774,1.70671,1.70688,1.12,1.37
2016.01.08 16:45:03.181,1.70672,1.7069,1.50,1.50
2016.01.08 16:45:03.725,1.70672,1.7069,1.87,1.00
2016.01.08 16:45:05.171,1.70672,1.7069,3.00,1.00
2016.01.08 16:45:05.273,1.70676,1.7069,1.00,1.00
2016.01.08 16:45:05.781,1.70677,1.70694,1.00,1.87
2016.01.08 16:45:06.171,1.70677,1.70695,1.57,1.37
2016.01.08 16:45:06.222,1.70677,1.70695,2.32,1.00
2016.01.08 16:45:06.274,1.70679,1.70698,1.57,2.25
2016.01.08 16:45:06.377,1.70684,1.707,1.12,1.12
2016.01.08 16:45:06.786,1.70683,1.707,1.20,1.87
2016.01.08 16:45:07.586,1.70682,1.70699,2.62,1.00
2016.01.08 16:45:08.789,1.70684,1.70703,1.37,1.87
2016.01.08 16:45:08.994,1.70684,1.70703,2.25,1.50
2016.01.08 16:45:09.656,1.70684,1.707,2.25,1.00
2016.01.08 16:45:09.986,1.70683,1.70694,1.00,1.37
2016.01.08 16:45:10.037,1.70677,1.70691,2.62,1.00
2016.01.08 16:45:10.190,1.70677,1.70694,2.62,1.00
2016.01.08 16:45:10.699,1.70678,1.70695,1.45,1.37
2016.01.08 16:45:11.065,1.70679,1.70696,1.45,1.00
2016.01.08 16:45:11.435,1.70665,1.70676,1.37,1.57
2016.01.08 16:45:11.487,1.70658,1.70675,1.00,1.12
2016.01.08 16:45:11.944,1.70661,1.70673,1.00,1.37
2016.01.08 16:45:12.046,1.70658,1.70673,1.00,1.37
2016.01.08 16:45:13.071,1.70656,1.70673,1.00,3.52
2016.01.08 16:45:13.123,1.70654,1.70672,1.00,1.75
2016.01.08 16:45:13.493,1.70654,1.70672,1.00,1.75
2016.01.08 16:45:14.029,1.70653,1.7067,1.12,1.37
2016.01.08 16:45:14.491,1.7065,1.70668,2.25,1.87
2016.01.08 16:45:15.332,1.70649,1.70664,1.37,1.37
2016.01.08 16:45:15.858,1.70649,1.70664,1.87,1.37
2016.01.08 16:45:16.566,1.70654,1.70664,1.37,1.37
2016.01.08 16:45:17.079,1.70651,1.70668,1.50,3.37
2016.01.08 16:45:17.131,1.70651,1.70664,1.50,1.87
2016.01.08 16:45:17.233,1.70647,1.70664,1.95,1.87
2016.01.08 16:45:17.708,1.70652,1.70664,1.00,1.87
2016.01.08 16:45:17.759,1.70652,1.70667,1.00,1.87
2016.01.08 16:45:18.780,1.70656,1.70667,1.00,1.87
2016.01.08 16:45:19.090,1.70662,1.70675,1.00,2.62
2016.01.08 16:45:19.449,1.70661,1.70675,1.00,1.12
2016.01.08 16:45:19.551,1.70658,1.70674,1.00,1.37
2016.01.08 16:45:19.603,1.70663,1.70671,1.00,1.00
2016.01.08 16:45:19.705,1.70664,1.70677,1.12,2.25
2016.01.08 16:45:20.169,1.7066,1.70672,1.00,1.37
2016.01.08 16:45:20.680,1.70659,1.70674,1.00,1.37
2016.01.08 16:45:22.064,1.70656,1.70672,1.57,1.12
2016.01.08 16:45:22.218,1.70655,1.70667,1.37,1.00
2016.01.08 16:45:22.269,1.70653,1.70667,1.12,1.00
2016.01.08 16:45:22.473,1.70657,1.70667,1.37,1.00
2016.01.08 16:45:23.151,1.70657,1.7067,1.37,1.00
2016.01.08 16:45:23.408,1.70652,1.70668,1.50,1.00
2016.01.08 16:45:23.460,1.70652,1.70664,1.50,1.00
2016.01.08 16:45:23.512,1.70649,1.70662,1.37,1.12
2016.01.08 16:45:23.614,1.70645,1.70662,2.62,1.50
2016.01.08 16:45:23.820,1.70642,1.70656,1.37,1.50
2016.01.08 16:45:24.181,1.70637,1.70654,2.70,1.75
2016.01.08 16:45:24.436,1.7064,1.70656,1.00,1.37
2016.01.08 16:45:24.488,1.70647,1.70656,1.37,1.37
2016.01.08 16:45:24.540,1.70647,1.70658,1.37,1.50
2016.01.08 16:45:24.795,1.70644,1.70657,1.37,1.00
2016.01.08 16:45:25.333,1.70645,1.70658,1.37,1.50
2016.01.08 16:45:25.384,1.70647,1.7066,1.37,1.12
2016.01.08 16:45:25.540,1.70647,1.70661,1.37,2.25
2016.01.08 16:45:25.643,1.70647,1.70661,1.37,1.12
2016.01.08 16:45:26.147,1.70647,1.70661,1.37,1.50
2016.01.08 16:45:26.718,1.70646,1.70661,1.37,1.50
2016.01.08 16:45:26.770,1.70651,1.70661,1.37,1.50
2016.01.08 16:45:26.821,1.70651,1.70664,1.37,2.25
2016.01.08 16:45:27.026,1.70647,1.70661,1.37,1.00
2016.01.08 16:45:27.082,1.70644,1.70661,1.57,1.00
2016.01.08 16:45:27.133,1.70643,1.70657,2.62,1.00
2016.01.08 16:45:27.337,1.70635,1.7065,1.20,1.50
2016.01.08 16:45:27.813,1.70633,1.70648,2.70,1.75
2016.01.08 16:45:27.915,1.70633,1.70648,1.20,1.75
2016.01.08 16:45:28.119,1.70628,1.70642,2.62,1.00
2016.01.08 16:45:28.425,1.70626,1.7064,1.07,1.75
2016.01.08 16:45:29.150,1.70624,1.7064,1.87,1.75
2016.01.08 16:45:29.557,1.70624,1.70633,1.00,1.00
2016.01.08 16:45:29.608,1.7062,1.70633,1.20,1.00
2016.01.08 16:45:29.710,1.70618,1.70632,1.57,1.00
2016.01.08 16:45:30.095,1.70617,1.70631,1.87,1.37
2016.01.08 16:45:30.402,1.70613,1.70626,1.50,1.00
2016.01.08 16:45:30.453,1.70611,1.70628,2.25,1.75
2016.01.08 16:45:30.505,1.70617,1.7063,1.00,2.25
2016.01.08 16:45:30.557,1.70617,1.70631,1.50,1.12
2016.01.08 16:45:30.608,1.7062,1.70631,1.37,1.12
2016.01.08 16:45:30.660,1.7062,1.70633,1.37,1.37
2016.01.08 16:45:30.863,1.70621,1.70637,1.37,1.50
2016.01.08 16:45:31.453,1.70622,1.70634,1.37,1.00
2016.01.08 16:45:31.810,1.70619,1.70634,1.12,1.50
2016.01.08 16:45:31.912,1.70619,1.70631,1.12,1.00
2016.01.08 16:45:32.116,1.70614,1.7063,1.50,1.37
2016.01.08 16:45:32.219,1.70618,1.70632,1.87,1.37
2016.01.08 16:45:32.672,1.70625,1.70632,1.37,1.00
2016.01.08 16:45:32.725,1.70626,1.70637,1.37,1.00
2016.01.08 16:45:32.930,1.70624,1.70636,1.37,1.00
2016.01.08 16:45:33.084,1.70625,1.70641,1.50,1.50
2016.01.08 16:45:33.137,1.70626,1.70643,1.50,1.12
2016.01.08 16:45:33.641,1.70632,1.70645,1.37,1.12
2016.01.08 16:45:34.156,1.70633,1.70645,1.37,1.12
2016.01.08 16:45:35.388,1.70633,1.70643,1.37,1.00
2016.01.08 16:45:35.440,1.70631,1.70643,1.37,1.00
2016.01.08 16:45:35.492,1.70631,1.70639,1.37,1.00
2016.01.08 16:45:35.543,1.70627,1.70639,1.00,1.00
2016.01.08 16:45:35.595,1.70627,1.70637,1.00,1.00
2016.01.08 16:45:35.898,1.70622,1.70637,2.25,1.00
2016.01.08 16:45:35.950,1.70619,1.70633,1.57,1.87
2016.01.08 16:45:36.256,1.70619,1.70631,1.37,1.50
2016.01.08 16:45:36.512,1.70614,1.7063,1.37,1.00
2016.01.08 16:45:36.945,1.70615,1.7063,1.37,1.00
2016.01.08 16:45:37.250,1.70625,1.7064,1.82,1.37
2016.01.08 16:45:37.707,1.70628,1.70639,1.07,1.37
2016.01.08 16:45:38.074,1.70632,1.70647,1.37,4.12
2016.01.08 16:45:38.228,1.70633,1.70647,2.25,1.50
2016.01.08 16:45:38.736,1.70634,1.70647,1.65,1.37
2016.01.08 16:45:39.012,1.70637,1.7065,1.37,1.12
2016.01.08 16:45:39.578,1.70635,1.70651,1.82,1.37
2016.01.08 16:45:39.989,1.70635,1.70649,1.10,1.37
2016.01.08 16:45:40.783,1.70635,1.70645,1.10,1.00
2016.01.08 16:45:41.039,1.70628,1.70642,1.57,1.37
2016.01.08 16:45:41.141,1.70626,1.70642,2.02,1.37
2016.01.08 16:45:41.243,1.70626,1.70642,1.27,1.12
2016.01.08 16:45:41.295,1.70625,1.70636,1.12,1.00
2016.01.08 16:45:41.448,1.70621,1.70636,1.82,1.00
2016.01.08 16:45:41.551,1.70621,1.70636,1.20,1.00
2016.01.08 16:45:42.023,1.70623,1.70638,2.62,1.12
2016.01.08 16:45:42.177,1.70627,1.70642,1.10,1.00
2016.01.08 16:45:42.230,1.70627,1.70642,2.70,1.00
2016.01.08 16:45:42.740,1.70627,1.70641,1.47,1.00
2016.01.08 16:45:42.970,1.70625,1.70641,2.62,1.00
2016.01.08 16:45:43.637,1.70626,1.70638,1.07,1.00
2016.01.08 16:45:43.791,1.70623,1.70638,1.45,1.12
2016.01.08 16:45:43.893,1.70623,1.70636,1.45,1.00
2016.01.08 16:45:44.097,1.70625,1.70639,1.00,1.87
2016.01.08 16:45:44.199,1.70625,1.70641,1.12,1.12
2016.01.08 16:45:44.775,1.70628,1.70643,1.00,1.37
2016.01.08 16:45:45.285,1.70628,1.70644,1.65,1.37
2016.01.08 16:45:46.242,1.70627,1.70642,3.00,1.00
2016.01.08 16:45:46.547,1.70624,1.70639,1.07,1.37
2016.01.08 16:45:47.676,1.70624,1.70637,1.20,1.00
2016.01.08 16:45:48.593,1.70622,1.70637,1.50,1.12
2016.01.08 16:45:49.215,1.70621,1.70637,2.62,1.50
2016.01.08 16:45:49.737,1.70621,1.70635,2.25,1.00
2016.01.08 16:45:50.043,1.70617,1.70629,1.37,1.37
2016.01.08 16:45:50.094,1.70614,1.70627,1.50,1.12
2016.01.08 16:45:50.510,1.70618,1.7063,1.07,1.00
2016.01.08 16:45:50.946,1.70615,1.70628,1.10,1.12
2016.01.08 16:45:51.780,1.70615,1.70632,1.57,1.75
2016.01.08 16:45:51.933,1.70617,1.70632,1.50,1.75
2016.01.08 16:45:52.035,1.7062,1.70635,1.00,1.50
2016.01.08 16:45:52.289,1.70621,1.70635,1.57,1.50
2016.01.08 16:45:52.543,1.70622,1.70638,1.12,1.75
2016.01.08 16:45:53.105,1.70622,1.70635,1.27,1.00
2016.01.08 16:45:53.361,1.7062,1.70633,1.50,1.00
2016.01.08 16:45:54.092,1.70619,1.70633,1.57,1.00
2016.01.08 16:45:55.790,1.70616,1.7063,1.12,1.00
2016.01.08 16:45:55.842,1.70616,1.70632,1.12,1.00
2016.01.08 16:45:55.893,1.70617,1.70632,1.37,1.00
2016.01.08 16:45:56.199,1.7062,1.70632,1.00,1.00
2016.01.08 16:45:57.280,1.7062,1.70637,1.00,2.62
2016.01.08 16:45:57.586,1.70625,1.70639,1.00,1.75
2016.01.08 16:45:57.688,1.70625,1.70639,1.00,1.75
2016.01.08 16:45:58.036,1.70634,1.7064,1.87,1.00
2016.01.08 16:45:58.088,1.70636,1.70649,1.12,1.00
2016.01.08 16:45:58.601,1.70635,1.70652,1.57,1.50
2016.01.08 16:45:58.654,1.7064,1.70652,1.37,1.50
2016.01.08 16:45:58.706,1.7064,1.70652,1.50,1.12
2016.01.08 16:45:59.082,1.70638,1.70654,1.12,1.75
2016.01.08 16:45:59.186,1.70636,1.70654,1.85,1.00
2016.01.08 16:45:59.417,1.70637,1.70654,2.62,1.12
2016.01.08 16:46:00.393,1.70638,1.70651,1.57,1.00
2016.01.08 16:46:00.649,1.70636,1.70651,1.20,1.00
2016.01.08 16:46:00.904,1.70636,1.70648,1.10,1.00
2016.01.08 16:46:01.496,1.70639,1.70648,1.37,1.00
2016.01.08 16:46:01.547,1.7064,1.70655,1.00,1.00
2016.01.08 16:46:01.599,1.70643,1.70655,1.00,1.00
2016.01.08 16:46:02.160,1.70644,1.70655,1.37,1.00
2016.01.08 16:46:02.759,1.7064,1.70655,1.20,1.37
2016.01.08 16:46:02.810,1.70639,1.70655,1.12,1.50
2016.01.08 16:46:03.014,1.70639,1.70652,1.00,1.00
2016.01.08 16:46:04.105,1.70646,1.7066,1.20,1.87
2016.01.08 16:46:04.156,1.70648,1.70662,1.37,1.00
2016.01.08 16:46:04.208,1.70649,1.70663,1.37,1.00
2016.01.08 16:46:04.565,1.70649,1.70663,1.00,1.00
2016.01.08 16:46:04.821,1.70649,1.70661,1.00,1.00
2016.01.08 16:46:05.305,1.70644,1.70659,1.75,1.00
2016.01.08 16:46:05.828,1.70644,1.70659,1.50,1.00
2016.01.08 16:46:06.385,1.70643,1.70659,1.47,1.37
2016.01.08 16:46:06.947,1.70643,1.70656,1.37,1.00
2016.01.08 16:46:06.998,1.70642,1.70654,1.00,1.00
2016.01.08 16:46:07.101,1.70638,1.70654,1.57,1.00
2016.01.08 16:46:07.152,1.70638,1.70652,1.57,1.00
2016.01.08 16:46:07.703,1.70639,1.70652,1.50,1.00
2016.01.08 16:46:08.590,1.70638,1.70652,1.87,1.00
2016.01.08 16:46:09.140,1.70639,1.70652,1.50,1.00
2016.01.08 16:46:09.396,1.70639,1.70655,1.50,1.12
2016.01.08 16:46:09.448,1.70641,1.70655,1.12,1.12
2016.01.08 16:46:10.210,1.70645,1.70656,1.00,1.00
2016.01.08 16:46:10.719,1.70645,1.70658,1.00,1.37
2016.01.08 16:46:11.229,1.70641,1.70657,1.20,1.12
2016.01.08 16:46:11.796,1.7064,1.70657,1.57,1.87
2016.01.08 16:46:12.204,1.70639,1.70654,1.00,1.12
2016.01.08 16:46:12.460,1.70642,1.70654,1.00,1.12
2016.01.08 16:46:12.562,1.7064,1.70654,1.00,1.12
2016.01.08 16:46:13.042,1.70635,1.7065,1.00,1.00
2016.01.08 16:46:13.858,1.70632,1.70647,1.50,1.00
2016.01.08 16:46:13.960,1.70632,1.70646,1.12,1.00
2016.01.08 16:46:14.287,1.7063,1.70646,1.57,1.00
2016.01.08 16:46:14.744,1.70631,1.70648,1.20,1.12
2016.01.08 16:46:15.168,1.70632,1.70648,2.32,1.12
2016.01.08 16:46:20.182,1.70635,1.70649,1.87,1.37
2016.01.08 16:46:20.339,1.70635,1.70649,1.00,1.37
2016.01.08 16:46:20.850,1.70635,1.70649,1.00,1.37
2016.01.08 16:46:21.003,1.70633,1.70649,1.00,1.50
2016.01.08 16:46:21.055,1.70633,1.70649,1.12,1.37
2016.01.08 16:46:21.435,1.70652,1.70663,1.75,3.00
2016.01.08 16:46:21.487,1.70653,1.70663,1.12,1.00
2016.01.08 16:46:21.540,1.70653,1.70667,1.37,1.37
2016.01.08 16:46:21.746,1.7066,1.70669,1.37,1.87
2016.01.08 16:46:21.799,1.7066,1.7067,1.37,1.00
2016.01.08 16:46:21.851,1.70657,1.7067,1.12,1.00
2016.01.08 16:46:22.578,1.70657,1.70672,1.12,1.37
2016.01.08 16:46:22.844,1.70657,1.70671,1.12,1.12
2016.01.08 16:46:23.353,1.70656,1.70668,1.50,1.37
2016.01.08 16:46:23.455,1.70653,1.70667,1.50,1.00
2016.01.08 16:46:23.664,1.70654,1.70667,1.37,1.37
2016.01.08 16:46:23.974,1.70656,1.70667,1.37,1.37
2016.01.08 16:46:25.008,1.70656,1.70669,1.37,1.50
2016.01.08 16:46:25.821,1.70655,1.70668,1.37,1.12
2016.01.08 16:46:25.923,1.70652,1.70668,1.37,1.37
2016.01.08 16:46:26.613,1.70651,1.70666,2.62,1.00
2016.01.08 16:46:26.767,1.70655,1.70666,1.37,1.00
2016.01.08 16:46:27.296,1.70655,1.70668,1.37,1.37
2016.01.08 16:46:29.034,1.70654,1.70668,1.37,1.37
2016.01.08 16:46:29.932,1.70655,1.70668,1.37,1.37
2016.01.08 16:46:30.492,1.70655,1.70666,1.37,1.00
2016.01.08 16:46:30.543,1.70651,1.70664,1.50,1.00
2016.01.08 16:46:30.747,1.70649,1.70664,1.37,1.00
2016.01.08 16:46:31.272,1.70648,1.70663,1.50,1.00
2016.01.08 16:46:31.868,1.70647,1.70663,1.87,1.00
2016.01.08 16:46:32.123,1.70648,1.70661,1.50,1.00
2016.01.08 16:46:32.944,1.70648,1.70659,1.50,1.00
2016.01.08 16:46:33.097,1.70645,1.70657,1.00,1.00
2016.01.08 16:46:33.214,1.70642,1.70655,1.12,1.00
2016.01.08 16:46:33.265,1.70641,1.70655,1.50,1.00
2016.01.08 16:46:33.418,1.70639,1.70652,1.75,1.00
2016.01.08 16:46:34.050,1.70636,1.70652,1.50,1.00
2016.01.08 16:46:34.560,1.70635,1.70652,1.12,1.00
2016.01.08 16:46:34.612,1.70635,1.70652,1.12,1.00
2016.01.08 16:46:35.605,1.70634,1.70649,2.62,1.00
2016.01.08 16:46:35.657,1.70637,1.70651,1.00,1.00
2016.01.08 16:46:35.962,1.70637,1.70654,1.50,1.00
2016.01.08 16:46:36.267,1.70638,1.70654,3.00,1.00
2016.01.08 16:46:36.420,1.70642,1.70658,1.75,1.00
2016.01.08 16:46:37.138,1.70643,1.7066,1.12,1.00
2016.01.08 16:46:37.597,1.70643,1.7066,1.00,1.00
2016.01.08 16:46:37.699,1.70643,1.70657,1.00,1.00
2016.01.08 16:46:38.218,1.70644,1.70659,1.50,1.00
2016.01.08 16:46:38.270,1.70642,1.70659,1.87,1.00
2016.01.08 16:46:38.372,1.70642,1.70657,1.12,1.00
2016.01.08 16:46:41.347,1.70642,1.7066,1.00,1.12
2016.01.08 16:46:41.601,1.70643,1.70663,1.20,1.50
2016.01.08 16:46:41.906,1.70648,1.70667,1.12,1.12
2016.01.08 16:46:43.781,1.7065,1.70669,1.50,1.37
2016.01.08 16:46:44.253,1.70655,1.70669,1.12,1.37
2016.01.08 16:46:44.408,1.70655,1.70672,1.12,1.35
2016.01.08 16:46:44.612,1.70651,1.70668,2.25,1.12
2016.01.08 16:46:45.308,1.70651,1.70668,1.37,1.50
2016.01.08 16:46:45.513,1.70651,1.70669,2.25,1.00
2016.01.08 16:46:46.127,1.70652,1.70671,1.12,1.50
2016.01.08 16:46:47.866,1.70652,1.70668,1.75,1.00
2016.01.08 16:46:48.272,1.70656,1.70672,1.37,3.00
2016.01.08 16:46:48.624,1.70658,1.70674,1.00,1.50
2016.01.08 16:46:48.677,1.70658,1.70674,1.00,1.12
2016.01.08 16:46:48.830,1.70658,1.70674,1.12,1.00
2016.01.08 16:46:48.933,1.70657,1.70674,1.37,1.12
2016.01.08 16:46:49.137,1.7066,1.70675,1.00,1.75
2016.01.08 16:46:49.240,1.70657,1.70675,1.87,1.50
2016.01.08 16:46:49.610,1.70657,1.70673,2.25,1.00
2016.01.08 16:46:49.661,1.70656,1.70673,1.75,1.50
2016.01.08 16:46:49.865,1.70658,1.70676,1.12,2.25
2016.01.08 16:46:50.380,1.7066,1.70676,1.50,1.12
2016.01.08 16:46:50.702,1.7066,1.70674,1.50,1.00
2016.01.08 16:46:50.808,1.70658,1.70673,1.75,1.00
2016.01.08 16:46:50.860,1.70658,1.70671,1.75,1.00
2016.01.08 16:46:50.911,1.70658,1.70671,1.00,1.00
2016.01.08 16:46:51.179,1.70655,1.70671,1.37,1.00
2016.01.08 16:46:52.144,1.70656,1.70667,1.00,1.50
2016.01.08 16:46:52.197,1.70652,1.70667,1.37,1.50
2016.01.08 16:46:52.707,1.70651,1.70667,1.37,1.50
2016.01.08 16:46:53.942,1.70651,1.70667,1.00,1.00
2016.01.08 16:46:54.673,1.70651,1.70665,1.00,1.00
2016.01.08 16:46:54.827,1.70647,1.70665,1.12,1.00
2016.01.08 16:46:55.132,1.70653,1.70666,1.00,1.00
2016.01.08 16:46:55.235,1.70654,1.70671,1.12,1.00
2016.01.08 16:46:55.531,1.70657,1.70675,1.00,1.50
2016.01.08 16:46:55.585,1.70656,1.70675,1.87,1.50
2016.01.08 16:46:56.114,1.70658,1.70675,1.00,1.37
2016.01.08 16:46:56.368,1.7066,1.70675,1.00,1.87
2016.01.08 16:46:56.420,1.7066,1.70676,1.00,1.12
2016.01.08 16:46:56.524,1.70662,1.7068,1.50,1.82
2016.01.08 16:46:56.728,1.70666,1.70685,1.87,1.50
2016.01.08 16:46:56.998,1.70666,1.70685,2.25,1.37
2016.01.08 16:46:57.049,1.70669,1.70687,1.50,1.12
2016.01.08 16:46:57.458,1.70668,1.70686,1.12,1.50
2016.01.08 16:46:57.509,1.70666,1.70686,3.37,1.75
2016.01.08 16:46:57.816,1.70668,1.70686,1.12,1.12
2016.01.08 16:46:58.362,1.70669,1.70686,1.50,1.50
2016.01.08 16:46:58.668,1.70669,1.70688,1.75,1.12
2016.01.08 16:46:59.690,1.7067,1.70687,1.75,1.12
2016.01.08 16:46:59.794,1.7067,1.70685,1.37,1.00
2016.01.08 16:47:00.101,1.70665,1.70683,3.00,1.00
2016.01.08 16:47:00.637,1.70666,1.70683,1.00,1.50
2016.01.08 16:47:01.171,1.70666,1.70683,1.00,2.25
2016.01.08 16:47:01.769,1.70666,1.70683,1.12,1.50
2016.01.08 16:47:01.821,1.70673,1.70689,1.37,1.37
2016.01.08 16:47:01.924,1.70677,1.70692,1.00,1.75
2016.01.08 16:47:02.032,1.70677,1.70695,2.25,1.12
2016.01.08 16:47:02.084,1.70681,1.70695,1.12,1.12
2016.01.08 16:47:02.238,1.70684,1.70701,1.00,1.37
2016.01.08 16:47:02.341,1.70687,1.70704,1.50,2.25
2016.01.08 16:47:02.762,1.70691,1.70709,1.50,1.10
2016.01.08 16:47:03.029,1.70693,1.70709,1.12,1.00
2016.01.08 16:47:03.334,1.70689,1.70707,1.00,2.25
2016.01.08 16:47:03.385,1.70686,1.70705,1.37,1.50
2016.01.08 16:47:04.117,1.70685,1.70705,1.87,1.75
2016.01.08 16:47:04.437,1.70686,1.70705,1.12,1.12
2016.01.08 16:47:05.970,1.70688,1.70706,1.12,1.12
2016.01.08 16:47:06.546,1.70689,1.70708,1.50,1.50
2016.01.08 16:47:06.649,1.70692,1.70708,1.37,1.00
2016.01.08 16:47:07.208,1.70692,1.70709,1.37,1.00
2016.01.08 16:47:08.839,1.70692,1.70711,1.75,1.50
2016.01.08 16:47:10.169,1.70692,1.70711,1.50,1.12
2016.01.08 16:47:11.614,1.70692,1.70708,1.37,1.00
2016.01.08 16:47:11.665,1.70687,1.70707,1.95,1.12
2016.01.08 16:47:12.210,1.70694,1.70706,1.37,1.00
2016.01.08 16:47:12.274,1.70693,1.70712,1.37,1.50
2016.01.08 16:47:13.345,1.70695,1.70714,1.50,1.87
2016.01.08 16:47:13.650,1.70697,1.70714,1.12,1.00
2016.01.08 16:47:13.702,1.70699,1.70714,1.00,1.00
2016.01.08 16:47:14.997,1.70699,1.70715,1.00,1.12
2016.01.08 16:47:15.843,1.70699,1.70716,1.00,1.37
2016.01.08 16:47:15.895,1.70697,1.70714,1.00,1.12
2016.01.08 16:47:18.369,1.70695,1.70713,2.25,1.00
2016.01.08 16:47:19.683,1.70697,1.70713,1.00,1.00
2016.01.08 16:47:20.205,1.70697,1.70713,1.37,1.00
2016.01.08 16:47:20.715,1.70698,1.70715,1.05,1.12
2016.01.08 16:47:22.527,1.70699,1.70718,1.12,1.75
2016.01.08 16:47:22.935,1.707,1.70719,1.80,1.12
2016.01.08 16:47:22.986,1.70703,1.70723,2.25,1.12
2016.01.08 16:47:23.038,1.70706,1.70723,1.12,1.12
2016.01.08 16:47:23.089,1.70707,1.70727,1.12,2.62
2016.01.08 16:47:23.191,1.70709,1.70728,1.00,1.75
2016.01.08 16:47:24.039,1.7071,1.70728,1.50,1.12
2016.01.08 16:47:24.192,1.7071,1.70728,1.00,1.12
2016.01.08 16:47:24.396,1.7071,1.70728,1.37,1.12
2016.01.08 16:47:24.753,1.70714,1.70728,1.00,1.12
2016.01.08 16:47:25.204,1.7072,1.70734,1.00,1.00
2016.01.08 16:47:25.512,1.70718,1.70734,1.12,1.37
2016.01.08 16:47:26.021,1.70718,1.70738,1.50,1.87
2016.01.08 16:47:26.382,1.70717,1.70733,1.12,1.50
2016.01.08 16:47:26.691,1.70709,1.70728,1.75,1.37
2016.01.08 16:47:26.743,1.70709,1.70728,1.75,1.37
2016.01.08 16:47:26.845,1.70708,1.70725,1.87,1.12
2016.01.08 16:47:27.305,1.70707,1.70721,1.00,1.12
2016.01.08 16:47:27.374,1.70704,1.70721,1.37,1.12
2016.01.08 16:47:27.763,1.70703,1.7072,2.25,1.12
2016.01.08 16:47:28.119,1.70704,1.70722,1.87,1.12
2016.01.08 16:47:28.696,1.70706,1.70722,1.12,1.12
2016.01.08 16:47:28.798,1.70708,1.70721,1.12,1.00
2016.01.08 16:47:29.104,1.70711,1.70729,1.00,1.12
2016.01.08 16:47:29.155,1.70711,1.70729,1.00,1.12
2016.01.08 16:47:29.832,1.70711,1.70729,1.37,1.37
2016.01.08 16:47:30.036,1.70711,1.7073,2.25,1.12
2016.01.08 16:47:30.544,1.70713,1.7073,1.00,1.12
2016.01.08 16:47:31.787,1.70713,1.70731,1.50,1.37
2016.01.08 16:47:31.939,1.70712,1.70732,1.50,1.75
2016.01.08 16:47:32.655,1.70711,1.70728,1.57,1.37
2016.01.08 16:47:34.045,1.70711,1.70728,1.10,1.37
2016.01.08 16:47:34.728,1.70712,1.70728,1.00,1.37
2016.01.08 16:47:36.990,1.70714,1.70728,1.00,1.00
2016.01.08 16:47:37.298,1.70728,1.70739,1.00,1.75
2016.01.08 16:47:37.401,1.70728,1.7074,1.00,1.37
2016.01.08 16:47:37.505,1.70728,1.70739,1.75,1.37
2016.01.08 16:47:38.034,1.7073,1.7074,1.00,1.37
2016.01.08 16:47:38.086,1.7073,1.70748,1.00,1.12
2016.01.08 16:47:38.609,1.70729,1.70748,1.12,1.20
2016.01.08 16:47:38.812,1.70727,1.70747,1.37,2.25
2016.01.08 16:47:39.135,1.70727,1.70747,1.12,2.25
2016.01.08 16:47:39.189,1.70724,1.70744,1.87,1.87
2016.01.08 16:47:39.343,1.70724,1.70744,1.87,1.87
2016.01.08 16:47:41.572,1.70726,1.70745,1.00,2.25
2016.01.08 16:47:41.898,1.70728,1.70746,1.50,1.00
2016.01.08 16:47:42.619,1.70733,1.7075,1.50,1.12
2016.01.08 16:47:42.721,1.70734,1.70749,2.25,1.00
2016.01.08 16:47:43.026,1.70736,1.70754,1.00,2.25
2016.01.08 16:47:43.077,1.70736,1.70755,1.00,1.75
2016.01.08 16:47:43.637,1.70737,1.70755,1.00,1.75
2016.01.08 16:47:43.998,1.7075,1.70759,1.00,3.00
2016.01.08 16:47:44.463,1.70768,1.70785,1.00,1.12
2016.01.08 16:47:45.079,1.70768,1.70785,1.00,1.00
2016.01.08 16:47:46.235,1.70771,1.70785,1.00,1.00
2016.01.08 16:47:47.532,1.70771,1.7079,1.87,3.00
2016.01.08 16:47:47.634,1.70771,1.7079,1.50,1.12
2016.01.08 16:47:48.990,1.70774,1.7079,1.00,1.12
2016.01.08 16:47:49.041,1.70774,1.7079,1.00,1.37
2016.01.08 16:47:49.824,1.70773,1.7079,1.00,1.12
2016.01.08 16:47:50.028,1.70775,1.70795,1.50,1.20
2016.01.08 16:47:50.655,1.70774,1.70794,1.12,1.50
2016.01.08 16:47:51.164,1.70775,1.70794,1.00,1.00
2016.01.08 16:47:51.956,1.70776,1.70797,1.00,1.75
2016.01.08 16:47:52.464,1.70775,1.70796,1.12,1.50
2016.01.08 16:47:53.217,1.70772,1.70794,1.98,1.37
2016.01.08 16:47:53.322,1.70773,1.70792,1.30,1.37
2016.01.08 16:47:53.831,1.70773,1.70794,1.50,1.87
2016.01.08 16:47:53.882,1.70773,1.70794,1.50,1.87
2016.01.08 16:47:54.086,1.70775,1.70797,1.37,1.75
2016.01.08 16:47:54.189,1.70778,1.70798,1.12,1.87
2016.01.08 16:47:54.474,1.7078,1.70798,1.37,1.50
2016.01.08 16:47:54.990,1.70778,1.70798,1.95,1.12
2016.01.08 16:47:55.396,1.70778,1.70798,1.95,1.12
2016.01.08 16:47:56.069,1.70778,1.70794,1.75,1.12
2016.01.08 16:47:56.395,1.7077,1.7079,2.62,1.37
2016.01.08 16:47:56.804,1.7077,1.7079,2.62,1.37
2016.01.08 16:47:56.906,1.7077,1.7079,3.37,1.37
2016.01.08 16:47:57.269,1.70775,1.70794,1.12,1.37
2016.01.08 16:47:57.730,1.70777,1.70794,1.00,1.37
2016.01.08 16:47:57.834,1.70777,1.70796,1.12,1.00
2016.01.08 16:47:57.885,1.7078,1.70797,1.00,1.87
2016.01.08 16:47:58.139,1.70778,1.70796,1.00,1.00
2016.01.08 16:47:58.191,1.70778,1.70796,1.00,1.37
2016.01.08 16:47:58.504,1.70775,1.70796,1.87,1.00
2016.01.08 16:47:58.566,1.70778,1.70794,1.00,1.00
2016.01.08 16:47:59.179,1.70775,1.70794,1.85,1.00
2016.01.08 16:47:59.900,1.70773,1.70791,1.00,1.75
2016.01.08 16:47:59.953,1.70773,1.7079,1.37,1.00
2016.01.08 16:48:00.208,1.70775,1.70795,1.37,2.25
2016.01.08 16:48:00.362,1.7078,1.70799,1.37,1.75
2016.01.08 16:48:00.413,1.7078,1.70797,1.37,1.00
2016.01.08 16:48:01.188,1.70782,1.70801,1.00,3.75
2016.01.08 16:48:01.899,1.70782,1.70801,1.12,1.50
2016.01.08 16:48:02.001,1.70782,1.70802,1.87,1.75
2016.01.08 16:48:02.371,1.70776,1.70796,4.12,1.37
2016.01.08 16:48:02.422,1.70776,1.70792,1.50,1.00
2016.01.08 16:48:02.473,1.70774,1.70792,2.62,1.12
2016.01.08 16:48:02.575,1.70772,1.7079,1.12,1.37
2016.01.08 16:48:02.881,1.7077,1.70789,1.87,1.75
2016.01.08 16:48:03.733,1.70771,1.7079,1.00,1.75
2016.01.08 16:48:04.249,1.70771,1.7079,1.00,1.75
2016.01.08 16:48:04.505,1.7077,1.7079,1.75,1.75
2016.01.08 16:48:04.994,1.70769,1.70788,1.50,1.12
2016.01.08 16:48:05.716,1.70769,1.70788,1.12,1.00
2016.01.08 16:48:06.146,1.7077,1.70781,1.12,1.00
2016.01.08 16:48:06.197,1.70765,1.70781,1.12,1.00
2016.01.08 16:48:06.249,1.70764,1.70776,2.32,1.00
2016.01.08 16:48:06.505,1.70754,1.70769,1.37,1.37
2016.01.08 16:48:06.557,1.70754,1.70765,1.00,1.12
2016.01.08 16:48:06.610,1.70747,1.70765,1.12,1.50
2016.01.08 16:48:06.661,1.70746,1.70765,1.75,1.75
2016.01.08 16:48:06.713,1.70746,1.70765,1.00,1.87
2016.01.08 16:48:07.443,1.70744,1.70765,2.62,1.87
2016.01.08 16:48:10.057,1.70748,1.70765,1.00,1.37
2016.01.08 16:48:10.603,1.70747,1.70765,1.00,1.37
2016.01.08 16:48:11.320,1.70744,1.70765,1.75,1.87
2016.01.08 16:48:11.371,1.70744,1.70763,1.37,1.12
2016.01.08 16:48:11.473,1.70744,1.70763,1.37,1.37
2016.01.08 16:48:13.715,1.70746,1.70764,1.00,1.37
2016.01.08 16:48:14.444,1.70747,1.70764,1.00,1.37
2016.01.08 16:48:14.854,1.70749,1.70763,1.00,1.37
2016.01.08 16:48:15.009,1.70752,1.7077,1.12,1.37
2016.01.08 16:48:15.213,1.70754,1.70772,1.00,1.12
2016.01.08 16:48:15.316,1.70755,1.70773,1.00,1.12
2016.01.08 16:48:15.644,1.70755,1.70776,2.32,1.50
2016.01.08 16:48:15.951,1.70758,1.70776,1.12,1.00
2016.01.08 16:48:16.206,1.70758,1.70777,1.00,1.12
2016.01.08 16:48:16.463,1.70758,1.70777,1.00,1.87
2016.01.08 16:48:16.915,1.70756,1.70774,1.37,1.12
2016.01.08 16:48:17.423,1.70758,1.70776,1.00,1.12
2016.01.08 16:48:17.475,1.7076,1.70776,1.00,1.12
2016.01.08 16:48:17.526,1.70761,1.70777,1.00,1.12
2016.01.08 16:48:17.628,1.70762,1.70782,1.12,1.12
2016.01.08 16:48:18.095,1.70761,1.7078,1.75,1.37
2016.01.08 16:48:18.501,1.70761,1.70776,1.50,1.00
2016.01.08 16:48:18.603,1.70761,1.7078,1.00,1.37
2016.01.08 16:48:19.405,1.7076,1.7078,1.87,1.12
2016.01.08 16:48:19.762,1.70764,1.70781,2.25,1.12
2016.01.08 16:48:19.813,1.70766,1.70783,1.00,1.12
2016.01.08 16:48:19.864,1.70766,1.70785,1.00,1.87
2016.01.08 16:48:19.916,1.70766,1.70785,1.50,1.12
2016.01.08 16:48:20.121,1.70766,1.70785,1.00,1.37
2016.01.08 16:48:20.762,1.70765,1.70785,1.37,1.37
2016.01.08 16:48:21.071,1.70765,1.70785,1.37,1.12
2016.01.08 16:48:22.178,1.70764,1.70782,1.12,1.12
2016.01.08 16:48:22.231,1.70763,1.70781,1.00,1.37
2016.01.08 16:48:22.283,1.70763,1.70781,1.00,1.00
2016.01.08 16:48:22.538,1.7076,1.70779,1.87,1.37
2016.01.08 16:48:22.640,1.70759,1.70778,1.10,1.12
2016.01.08 16:48:22.743,1.70756,1.70776,1.37,1.50
2016.01.08 16:48:23.254,1.70753,1.70772,1.87,1.87
2016.01.08 16:48:23.306,1.70752,1.70772,1.50,1.87
2016.01.08 16:48:23.765,1.70752,1.70772,1.37,1.75
2016.01.08 16:48:24.123,1.70751,1.70771,1.00,1.12
2016.01.08 16:48:24.487,1.7075,1.7077,1.12,1.87
2016.01.08 16:48:24.999,1.70753,1.70773,1.00,1.75
2016.01.08 16:48:25.102,1.70754,1.70774,1.09,2.25
2016.01.08 16:48:25.255,1.70755,1.70772,1.00,1.12
2016.01.08 16:48:25.785,1.70754,1.70772,4.12,1.12
2016.01.08 16:48:25.836,1.70756,1.70772,1.00,1.12
2016.01.08 16:48:26.448,1.70756,1.70775,1.50,1.12
2016.01.08 16:48:26.980,1.70756,1.70775,2.62,1.37
2016.01.08 16:48:27.286,1.70772,1.70785,2.25,1.37
2016.01.08 16:48:27.337,1.70773,1.70791,1.37,1.00
2016.01.08 16:48:27.389,1.70773,1.70793,1.12,1.50
2016.01.08 16:48:27.541,1.70774,1.70791,1.37,1.00
2016.01.08 16:48:28.498,1.70774,1.70795,2.25,1.20
2016.01.08 16:48:28.549,1.70777,1.70795,1.00,1.20
2016.01.08 16:48:28.805,1.70778,1.70796,1.50,1.12
2016.01.08 16:48:29.179,1.70781,1.70799,1.37,1.12
2016.01.08 16:48:29.234,1.70784,1.70801,1.00,1.50
2016.01.08 16:48:29.287,1.70784,1.70801,1.37,1.12
2016.01.08 16:48:29.444,1.70786,1.70805,1.12,1.50
2016.01.08 16:48:29.496,1.70786,1.70805,1.87,1.12
2016.01.08 16:48:29.650,1.7079,1.70808,1.12,1.95
2016.01.08 16:48:29.907,1.70793,1.70812,1.50,1.12
2016.01.08 16:48:29.959,1.70794,1.70814,1.00,2.32
2016.01.08 16:48:30.271,1.70795,1.70816,1.50,1.12
2016.01.08 16:48:30.373,1.70795,1.70816,1.87,1.12
2016.01.08 16:48:30.882,1.70799,1.70816,1.37,1.00
2016.01.08 16:48:30.934,1.70801,1.7082,1.75,1.37
2016.01.08 16:48:31.037,1.70804,1.70821,1.00,1.00
2016.01.08 16:48:31.089,1.70801,1.70821,2.62,1.00
2016.01.08 16:48:32.112,1.70801,1.70821,1.75,1.12
2016.01.08 16:48:32.828,1.70803,1.70821,1.37,1.12
2016.01.08 16:48:33.133,1.708,1.7082,1.12,3.75
2016.01.08 16:48:33.641,1.708,1.70817,1.37,1.37
2016.01.08 16:48:34.167,1.70803,1.70819,1.00,1.12
2016.01.08 16:48:34.781,1.70803,1.70822,1.00,1.75
2016.01.08 16:48:34.984,1.70803,1.70824,1.87,2.25
2016.01.08 16:48:35.514,1.70804,1.70824,1.37,1.75
2016.01.08 16:48:35.566,1.70804,1.70824,1.75,1.75
2016.01.08 16:48:35.618,1.70805,1.70823,1.12,1.00
2016.01.08 16:48:35.669,1.70805,1.70824,1.37,1.50
2016.01.08 16:48:35.720,1.70805,1.70824,1.37,1.12
2016.01.08 16:48:36.078,1.70805,1.70824,1.37,1.00
2016.01.08 16:48:36.897,1.70803,1.70822,1.37,1.00
2016.01.08 16:48:37.101,1.70806,1.70824,1.37,1.00
2016.01.08 16:48:37.203,1.70806,1.70824,1.00,1.37
2016.01.08 16:48:38.951,1.70805,1.70823,1.00,1.12
2016.01.08 16:48:40.422,1.708,1.7082,1.87,1.75
2016.01.08 16:48:40.524,1.70798,1.70817,2.25,1.00
2016.01.08 16:48:40.575,1.70799,1.70817,1.00,1.12
2016.01.08 16:48:40.942,1.70798,1.70816,1.00,1.12
2016.01.08 16:48:41.248,1.70794,1.70814,1.87,1.87
2016.01.08 16:48:41.401,1.70793,1.70813,1.75,1.37
2016.01.08 16:48:41.503,1.70794,1.7081,1.00,1.00
2016.01.08 16:48:42.204,1.70794,1.70814,1.50,1.12
2016.01.08 16:48:42.459,1.70797,1.70814,1.87,1.00
2016.01.08 16:48:42.664,1.70796,1.70817,1.87,1.50
2016.01.08 16:48:42.715,1.70797,1.70817,1.75,1.50
2016.01.08 16:48:42.919,1.70799,1.7082,1.87,2.32
2016.01.08 16:48:43.248,1.70799,1.7082,3.37,1.50
2016.01.08 16:48:43.401,1.708,1.70818,1.00,1.37
2016.01.08 16:48:43.656,1.70798,1.70819,1.12,1.87
2016.01.08 16:48:43.808,1.70797,1.70819,3.07,1.87
2016.01.08 16:48:44.646,1.70799,1.70818,1.12,1.00
2016.01.08 16:48:45.258,1.70797,1.70818,1.85,1.37
2016.01.08 16:48:45.310,1.70797,1.70818,1.57,1.75
2016.01.08 16:48:45.815,1.70796,1.70815,1.37,1.87
2016.01.08 16:48:46.121,1.70794,1.70815,1.37,2.62
2016.01.08 16:48:46.427,1.70793,1.70811,1.12,1.50
2016.01.08 16:48:46.998,1.7079,1.7081,1.87,1.12
2016.01.08 16:48:47.101,1.70792,1.7081,1.00,1.12
2016.01.08 16:48:47.616,1.7079,1.7081,1.12,1.37
2016.01.08 16:48:48.139,1.70791,1.7081,1.37,1.12
2016.01.08 16:48:48.619,1.70791,1.7081,1.12,1.12
2016.01.08 16:48:48.671,1.70791,1.7081,1.12,1.37
2016.01.08 16:48:48.979,1.70785,1.70805,3.37,1.75
2016.01.08 16:48:49.030,1.70785,1.70803,1.12,1.50
2016.01.08 16:48:49.133,1.70784,1.708,1.00,1.00
2016.01.08 16:48:49.236,1.70784,1.70802,1.12,1.37
2016.01.08 16:48:49.658,1.70781,1.708,1.50,1.12
2016.01.08 16:48:49.811,1.70781,1.70802,1.75,1.75
2016.01.08 16:48:50.320,1.70781,1.70802,1.75,1.50
2016.01.08 16:48:50.893,1.70781,1.708,1.37,1.12
2016.01.08 16:48:52.580,1.70792,1.708,1.00,1.12
2016.01.08 16:48:52.631,1.70792,1.70807,1.00,1.00
2016.01.08 16:48:52.785,1.70793,1.70811,1.37,1.37
2016.01.08 16:48:53.242,1.70797,1.70812,1.00,1.37
2016.01.08 16:48:53.294,1.708,1.70816,1.00,1.12
2016.01.08 16:48:53.396,1.70801,1.70819,1.00,1.75
2016.01.08 16:48:53.448,1.70801,1.70819,1.37,1.37
2016.01.08 16:48:53.927,1.70805,1.70822,1.00,1.12
2016.01.08 16:48:54.386,1.70799,1.70819,1.75,1.75
2016.01.08 16:48:54.437,1.708,1.70818,1.00,1.12
2016.01.08 16:48:54.940,1.70798,1.70817,1.37,2.25
2016.01.08 16:48:55.042,1.70798,1.70817,1.12,1.50
2016.01.08 16:48:55.094,1.70802,1.70817,1.00,1.37
2016.01.08 16:48:55.400,1.70811,1.70828,1.00,2.25
2016.01.08 16:48:55.452,1.70811,1.70832,1.12,1.75
2016.01.08 16:48:55.656,1.70811,1.7083,1.50,1.37
2016.01.08 16:48:56.241,1.70811,1.70818,1.37,1.00
2016.01.08 16:48:56.293,1.70799,1.70818,1.37,1.50
2016.01.08 16:48:56.344,1.70799,1.70818,1.12,1.75
2016.01.08 16:48:56.498,1.70795,1.70815,1.50,1.50
2016.01.08 16:48:56.549,1.70795,1.70814,1.50,1.50
2016.01.08 16:48:56.651,1.70792,1.70814,2.25,1.75
2016.01.08 16:48:56.753,1.70792,1.70812,2.25,1.75
2016.01.08 16:48:56.805,1.70792,1.70812,2.25,1.37
2016.01.08 16:48:56.856,1.70792,1.70812,2.25,1.00
2016.01.08 16:48:57.009,1.70797,1.70815,1.87,1.95
2016.01.08 16:48:57.424,1.708,1.70819,1.12,1.75
2016.01.08 16:48:58.779,1.708,1.70817,1.37,1.12
2016.01.08 16:48:59.795,1.70803,1.70817,1.12,1.12
2016.01.08 16:49:00.386,1.70807,1.70817,1.00,1.00
2016.01.08 16:49:00.440,1.70807,1.70826,1.00,1.75
2016.01.08 16:49:01.205,1.70806,1.70828,2.00,1.85
2016.01.08 16:49:01.544,1.70808,1.70828,1.12,1.85
2016.01.08 16:49:04.189,1.7081,1.70829,1.69,1.57
2016.01.08 16:49:04.736,1.7081,1.70827,1.37,1.00
2016.01.08 16:49:04.957,1.70816,1.70831,1.00,1.12
2016.01.08 16:49:05.060,1.70816,1.70833,2.44,1.00
2016.01.08 16:49:05.111,1.70818,1.70836,1.25,1.50
2016.01.08 16:49:05.163,1.70818,1.70837,1.31,1.00
2016.01.08 16:49:05.214,1.70818,1.70837,1.31,1.37
2016.01.08 16:49:05.595,1.70821,1.70839,1.00,1.95
2016.01.08 16:49:06.820,1.70823,1.70837,1.00,1.00
2016.01.08 16:49:07.278,1.70828,1.7084,1.00,1.37
2016.01.08 16:49:07.329,1.70825,1.70843,1.50,1.12
2016.01.08 16:49:08.229,1.7083,1.70844,1.00,1.12
2016.01.08 16:49:08.290,1.7083,1.70848,1.00,1.75
2016.01.08 16:49:09.436,1.7083,1.70846,1.00,1.20
2016.01.08 16:49:09.488,1.70827,1.70846,1.00,1.20
2016.01.08 16:49:09.590,1.70827,1.70846,1.50,1.47
2016.01.08 16:49:09.946,1.7083,1.70847,1.00,1.85
2016.01.08 16:49:10.099,1.7083,1.70847,1.12,1.12
2016.01.08 16:49:10.620,1.70829,1.70848,1.12,1.37
2016.01.08 16:49:10.671,1.70829,1.70848,1.12,1.12
2016.01.08 16:49:12.302,1.70829,1.70848,1.12,1.37
2016.01.08 16:49:12.556,1.7083,1.70849,2.25,1.12
2016.01.08 16:49:12.861,1.70833,1.70849,1.87,1.12
2016.01.08 16:49:13.707,1.70833,1.70849,1.87,1.12
2016.01.08 16:49:14.798,1.70836,1.70855,2.25,1.12
2016.01.08 16:49:14.850,1.70836,1.70853,2.25,1.00
2016.01.08 16:49:15.003,1.70835,1.70854,1.50,1.12
2016.01.08 16:49:16.676,1.70832,1.70852,1.87,1.12
2016.01.08 16:49:16.779,1.7083,1.70847,1.85,1.00
2016.01.08 16:49:16.831,1.7083,1.70849,1.75,1.87
2016.01.08 16:49:16.985,1.70829,1.70844,1.00,1.00
2016.01.08 16:49:17.921,1.70828,1.70844,1.00,1.00
2016.01.08 16:49:20.450,1.70828,1.70845,1.00,1.12
2016.01.08 16:49:21.580,1.70828,1.70843,1.00,1.37
2016.01.08 16:49:21.683,1.70824,1.70841,1.00,1.75
2016.01.08 16:49:21.785,1.7082,1.70838,2.06,1.00
2016.01.08 16:49:22.077,1.70819,1.70834,1.12,2.25
2016.01.08 16:49:22.134,1.70815,1.70832,1.75,1.12
2016.01.08 16:49:23.259,1.70816,1.70833,1.75,1.00
2016.01.08 16:49:23.312,1.70819,1.70836,1.87,1.37
2016.01.08 16:49:23.415,1.70823,1.70839,1.87,1.12
2016.01.08 16:49:23.924,1.70827,1.70846,1.00,1.12
2016.01.08 16:49:24.890,1.70824,1.70844,1.37,1.75
2016.01.08 16:49:25.095,1.70824,1.70844,1.37,2.25
2016.01.08 16:49:25.197,1.70824,1.70844,1.37,2.25
2016.01.08 16:49:25.300,1.70827,1.70845,1.00,1.12
2016.01.08 16:49:25.841,1.7083,1.70844,1.12,1.37
2016.01.08 16:49:25.893,1.70826,1.70842,2.25,1.75
2016.01.08 16:49:25.945,1.70826,1.70842,1.00,1.75
2016.01.08 16:49:26.558,1.70822,1.70841,1.00,1.12
2016.01.08 16:49:26.892,1.70819,1.70836,1.00,1.50
2016.01.08 16:49:27.198,1.70816,1.70834,1.87,1.87
2016.01.08 16:49:27.402,1.70816,1.70834,2.25,1.50
2016.01.08 16:49:28.293,1.70821,1.70837,1.37,1.00
2016.01.08 16:49:28.913,1.70821,1.70839,1.87,1.50
2016.01.08 16:49:29.016,1.70821,1.70835,1.12,1.00
2016.01.08 16:49:29.663,1.70818,1.70835,1.50,1.75
2016.01.08 16:49:30.171,1.70815,1.70832,3.00,1.50
2016.01.08 16:49:30.673,1.70815,1.70832,2.25,1.00
2016.01.08 16:49:31.484,1.70816,1.70833,1.37,1.12
2016.01.08 16:49:31.790,1.70819,1.70833,1.00,1.37
2016.01.08 16:49:32.679,1.70819,1.70833,1.37,1.37
2016.01.08 16:49:33.194,1.70817,1.70833,1.75,1.37
2016.01.08 16:49:33.699,1.70819,1.70837,1.12,1.95
2016.01.08 16:49:34.006,1.70824,1.70838,1.00,1.50
2016.01.08 16:49:34.109,1.70826,1.70841,1.12,3.37
2016.01.08 16:49:34.774,1.70824,1.70841,1.12,1.50
2016.01.08 16:49:38.066,1.70824,1.70841,1.50,1.50
2016.01.08 16:49:38.642,1.70824,1.70841,1.50,1.50
2016.01.08 16:49:39.177,1.70827,1.70841,1.00,1.50
2016.01.08 16:49:39.534,1.70833,1.70848,1.00,1.37
2016.01.08 16:49:39.589,1.70835,1.70852,1.00,1.87
2016.01.08 16:49:39.692,1.70837,1.70852,1.00,1.87
2016.01.08 16:49:40.924,1.7084,1.70856,1.12,1.00
2016.01.08 16:49:41.790,1.70841,1.70856,1.50,1.37
2016.01.08 16:49:42.369,1.70839,1.70856,1.87,1.37
2016.01.08 16:49:42.680,1.70839,1.70856,1.87,1.37
2016.01.08 16:49:42.732,1.70842,1.70856,1.12,1.37
2016.01.08 16:49:43.361,1.70843,1.7086,1.37,1.12
2016.01.08 16:49:43.869,1.70847,1.70861,1.12,1.50
2016.01.08 16:49:44.517,1.7085,1.70862,1.00,1.12
2016.01.08 16:49:44.803,1.7085,1.70867,1.00,1.12
2016.01.08 16:49:45.717,1.7085,1.70868,1.37,1.87
2016.01.08 16:49:47.702,1.70849,1.70864,1.00,1.12
2016.01.08 16:49:47.754,1.70851,1.70864,1.00,1.12
2016.01.08 16:49:48.060,1.70849,1.70865,1.00,1.50
2016.01.08 16:49:48.172,1.70847,1.70862,1.50,1.00
2016.01.08 16:49:48.963,1.70844,1.70858,1.87,1.00
2016.01.08 16:49:49.372,1.70844,1.70858,1.87,1.00
2016.01.08 16:49:50.659,1.70844,1.70858,1.12,1.00
2016.01.08 16:49:50.711,1.70844,1.7086,1.12,1.12
2016.01.08 16:49:50.762,1.70846,1.7086,1.00,1.00
2016.01.08 16:49:50.966,1.70844,1.7086,1.87,1.00
2016.01.08 16:49:51.272,1.70845,1.70858,1.00,1.00
2016.01.08 16:49:51.743,1.70848,1.70862,1.00,1.00
2016.01.08 16:49:51.846,1.70848,1.70864,1.00,2.25
2016.01.08 16:49:52.635,1.70845,1.70864,1.87,2.25
2016.01.08 16:49:53.056,1.70845,1.70861,1.00,1.00
2016.01.08 16:49:53.797,1.70845,1.7086,1.00,1.00
2016.01.08 16:49:54.533,1.70845,1.70861,1.00,1.00
2016.01.08 16:49:55.904,1.70845,1.70858,1.00,1.50
2016.01.08 16:49:56.108,1.70845,1.70859,1.00,1.12
2016.01.08 16:49:57.551,1.70842,1.7086,1.50,1.50
2016.01.08 16:49:58.366,1.70841,1.70858,1.12,1.00
2016.01.08 16:49:58.418,1.70841,1.70855,1.12,1.00
2016.01.08 16:49:58.521,1.70841,1.70858,1.12,1.00
2016.01.08 16:49:58.969,1.70841,1.70858,1.00,1.50
2016.01.08 16:49:59.275,1.70842,1.7086,1.00,2.25
2016.01.08 16:49:59.378,1.70842,1.7086,1.50,1.87
2016.01.08 16:49:59.686,1.70845,1.7086,1.12,1.00
2016.01.08 16:50:00.081,1.70847,1.70863,1.50,1.37
2016.01.08 16:50:00.133,1.7085,1.70866,1.00,1.50
2016.01.08 16:50:00.442,1.70848,1.70863,1.37,1.00
2016.01.08 16:50:00.544,1.70847,1.70863,1.50,1.00
2016.01.08 16:50:00.957,1.70845,1.70862,1.50,1.00
2016.01.08 16:50:01.162,1.70843,1.7086,1.37,1.37
2016.01.08 16:50:01.485,1.70839,1.70857,1.47,1.12
2016.01.08 16:50:01.692,1.70837,1.70856,1.50,1.12
2016.01.08 16:50:02.746,1.70846,1.70853,1.00,1.00
2016.01.08 16:50:02.798,1.70847,1.70856,1.00,1.00
2016.01.08 16:50:02.849,1.70847,1.70862,1.00,1.37
2016.01.08 16:50:03.053,1.7085,1.70865,1.00,1.37
2016.01.08 16:50:03.801,1.7085,1.70866,1.12,1.12
2016.01.08 16:50:04.136,1.70852,1.70868,1.00,1.75
2016.01.08 16:50:04.695,1.7085,1.70868,1.00,1.50
2016.01.08 16:50:05.003,1.7085,1.70867,1.00,1.12
2016.01.08 16:50:05.725,1.70845,1.70862,1.00,1.37
2016.01.08 16:50:06.266,1.70843,1.70862,1.87,1.87
2016.01.08 16:50:06.573,1.70843,1.70862,1.87,1.87
2016.01.08 16:50:06.971,1.70843,1.7086,1.50,1.00
2016.01.08 16:50:08.653,1.70843,1.70862,1.87,1.12
2016.01.08 16:50:09.123,1.70838,1.70853,1.20,1.37
2016.01.08 16:50:09.277,1.70834,1.70853,2.25,1.75
2016.01.08 16:50:09.726,1.70834,1.7085,1.37,1.12
2016.01.08 16:50:09.777,1.70833,1.7085,1.00,1.87
2016.01.08 16:50:09.931,1.7083,1.70847,1.37,1.12
2016.01.08 16:50:09.983,1.70829,1.70847,1.12,1.50
2016.01.08 16:50:10.085,1.70827,1.70844,1.87,1.37
2016.01.08 16:50:10.187,1.70826,1.70843,1.00,1.87
2016.01.08 16:50:10.391,1.70824,1.70841,1.00,1.00
2016.01.08 16:50:10.916,1.70825,1.70841,1.12,1.12
2016.01.08 16:50:11.880,1.70823,1.70838,1.87,1.00
2016.01.08 16:50:12.296,1.70823,1.70836,1.37,1.00
2016.01.08 16:50:12.449,1.7082,1.70834,1.00,1.00
2016.01.08 16:50:12.960,1.7082,1.70835,1.00,2.62
2016.01.08 16:50:14.364,1.70819,1.70834,1.00,1.00
2016.01.08 16:50:14.415,1.70816,1.70831,2.62,1.00
2016.01.08 16:50:14.467,1.70816,1.70831,1.87,1.00
2016.01.08 16:50:14.980,1.70815,1.70831,1.37,1.12
2016.01.08 16:50:15.541,1.70814,1.70831,1.87,1.50
2016.01.08 16:50:15.592,1.70814,1.70831,1.12,1.50
2016.01.08 16:50:16.145,1.70813,1.7083,1.00,1.87
2016.01.08 16:50:16.349,1.70813,1.70828,1.00,1.00
2016.01.08 16:50:16.555,1.70812,1.7083,2.62,1.87
2016.01.08 16:50:16.762,1.70814,1.7083,1.37,1.50
2016.01.08 16:50:17.098,1.70814,1.70828,1.37,1.00
2016.01.08 16:50:17.622,1.70812,1.70828,1.12,1.00
2016.01.08 16:50:17.931,1.70812,1.70829,1.00,2.25
2016.01.08 16:50:17.983,1.70812,1.70829,1.50,1.87
2016.01.08 16:50:18.035,1.70812,1.70828,1.50,1.00
2016.01.08 16:50:18.190,1.70818,1.70833,1.00,2.25
2016.01.08 16:50:18.242,1.7082,1.70835,1.37,1.75
2016.01.08 16:50:18.345,1.70818,1.70833,1.57,1.12
2016.01.08 16:50:18.868,1.70817,1.70832,1.37,1.00
2016.01.08 16:50:19.326,1.70813,1.70829,1.50,1.00
2016.01.08 16:50:19.377,1.70813,1.70829,1.12,1.00
2016.01.08 16:50:19.632,1.70815,1.70831,1.37,1.00
2016.01.08 16:50:20.154,1.70816,1.70831,1.12,1.00
2016.01.08 16:50:20.307,1.70819,1.70838,1.00,1.87
2016.01.08 16:50:20.358,1.70819,1.70838,1.00,1.00
2016.01.08 16:50:20.460,1.7082,1.70838,1.50,1.00
2016.01.08 16:50:20.766,1.70823,1.70839,1.12,1.50
2016.01.08 16:50:21.494,1.70827,1.70839,1.00,1.75
2016.01.08 16:50:21.545,1.70827,1.7084,1.00,1.50
2016.01.08 16:50:21.648,1.70827,1.70843,1.37,1.87
2016.01.08 16:50:21.750,1.70825,1.7084,1.12,1.00
2016.01.08 16:50:21.853,1.70825,1.7084,1.12,1.00
2016.01.08 16:50:22.312,1.70826,1.70843,1.37,2.25
2016.01.08 16:50:22.363,1.70826,1.70843,1.75,1.87
2016.01.08 16:50:23.176,1.70826,1.70845,1.75,1.50
2016.01.08 16:50:23.685,1.70827,1.70845,1.50,1.12
2016.01.08 16:50:24.042,1.70825,1.70845,2.70,1.75
2016.01.08 16:50:24.402,1.70828,1.70846,1.37,1.12
2016.01.08 16:50:24.453,1.70827,1.70844,1.37,1.00
2016.01.08 16:50:24.993,1.70826,1.70844,1.37,1.50
2016.01.08 16:50:25.450,1.70826,1.70842,1.37,1.37
2016.01.08 16:50:25.654,1.70823,1.70841,2.62,1.37
2016.01.08 16:50:26.286,1.70823,1.70841,1.12,1.87
2016.01.08 16:50:26.694,1.70823,1.70842,1.50,1.50
2016.01.08 16:50:27.327,1.70822,1.70841,3.37,1.12
2016.01.08 16:50:28.560,1.70823,1.70842,1.50,1.37
2016.01.08 16:50:28.827,1.70823,1.70843,1.50,1.37
2016.01.08 16:50:29.133,1.70826,1.70845,1.75,1.75
2016.01.08 16:50:29.438,1.70831,1.70846,1.00,1.37
2016.01.08 16:50:29.692,1.70825,1.70841,1.75,1.37
2016.01.08 16:50:30.236,1.70825,1.70844,3.00,1.75
2016.01.08 16:50:30.288,1.70824,1.7084,1.00,1.75
2016.01.08 16:50:31.075,1.70823,1.70842,1.87,1.75
2016.01.08 16:50:31.397,1.70823,1.70843,1.87,2.25
2016.01.08 16:50:31.499,1.70825,1.70844,1.50,1.12
2016.01.08 16:50:32.010,1.70827,1.70845,1.12,1.75
2016.01.08 16:50:33.215,1.70826,1.70843,1.12,1.12
2016.01.08 16:50:34.715,1.70824,1.70843,1.87,1.12
2016.01.08 16:50:35.582,1.70825,1.70844,1.87,1.12
2016.01.08 16:50:35.786,1.70827,1.70845,1.50,1.50
2016.01.08 16:50:36.040,1.70827,1.70845,1.12,1.75
2016.01.08 16:50:36.723,1.70825,1.70845,1.75,1.12
2016.01.08 16:50:36.775,1.70826,1.70844,1.00,1.37
2016.01.08 16:50:36.877,1.70826,1.70846,2.25,2.25
2016.01.08 16:50:37.334,1.70828,1.70847,1.87,3.37
2016.01.08 16:50:39.828,1.70829,1.70849,1.37,1.12
2016.01.08 16:50:41.698,1.7083,1.70849,1.87,1.12
2016.01.08 16:50:41.801,1.70832,1.70851,1.75,1.00
2016.01.08 16:50:41.905,1.70835,1.70851,1.37,1.00
2016.01.08 16:50:42.262,1.70835,1.70854,1.50,1.50
2016.01.08 16:50:42.777,1.70836,1.70851,1.00,1.00
2016.01.08 16:50:43.285,1.70836,1.70851,1.00,1.37
2016.01.08 16:50:44.030,1.70837,1.70854,1.00,1.12
2016.01.08 16:50:44.336,1.70839,1.70855,1.00,1.12
2016.01.08 16:50:44.946,1.70842,1.70857,1.00,1.12
2016.01.08 16:50:46.129,1.70841,1.70856,1.00,1.37
2016.01.08 16:50:46.282,1.70841,1.70856,1.00,1.37
2016.01.08 16:50:46.842,1.70841,1.70855,1.00,1.37
2016.01.08 16:50:46.894,1.70839,1.70855,1.50,1.37
2016.01.08 16:50:47.403,1.70838,1.70855,1.00,1.37
2016.01.08 16:50:47.455,1.70838,1.70854,1.00,1.87
2016.01.08 16:50:47.557,1.70836,1.70854,1.50,1.87
2016.01.08 16:50:48.444,1.70834,1.7085,2.62,1.87
2016.01.08 16:50:49.112,1.70834,1.70849,1.12,1.50
2016.01.08 16:50:49.557,1.70832,1.70845,1.00,1.12
2016.01.08 16:50:50.205,1.70829,1.70844,1.87,1.37
2016.01.08 16:50:50.307,1.70826,1.70841,1.87,1.12
2016.01.08 16:50:50.411,1.70826,1.70841,2.62,1.12
2016.01.08 16:50:50.941,1.70825,1.70841,1.37,1.12
2016.01.08 16:50:51.473,1.70825,1.70843,1.87,1.87
2016.01.08 16:50:52.207,1.70822,1.70835,1.37,1.37
2016.01.08 16:50:52.728,1.70821,1.70834,1.37,1.12
2016.01.08 16:50:53.630,1.7082,1.70834,1.37,1.12
2016.01.08 16:50:54.354,1.70821,1.70834,1.37,1.12
2016.01.08 16:50:55.281,1.7082,1.70834,1.37,1.87
2016.01.08 16:50:55.800,1.70821,1.70838,1.87,3.65
2016.01.08 16:50:55.851,1.70822,1.70838,1.37,1.40
2016.01.08 16:50:56.460,1.70825,1.70842,1.12,1.12
2016.01.08 16:50:57.057,1.70826,1.70842,1.00,1.12
2016.01.08 16:50:57.159,1.70827,1.70842,1.37,1.12
2016.01.08 16:50:59.214,1.70827,1.70841,1.37,1.37
2016.01.08 16:50:59.543,1.70826,1.70841,1.37,1.37
2016.01.08 16:50:59.899,1.70827,1.70843,3.37,1.00
2016.01.08 16:50:59.950,1.7083,1.70847,1.37,1.75
2016.01.08 16:51:00.256,1.70822,1.7084,1.50,1.37
2016.01.08 16:51:00.577,1.7082,1.70833,1.50,2.15
2016.01.08 16:51:00.680,1.70818,1.70831,1.50,1.75
2016.01.08 16:51:00.784,1.70818,1.70831,1.00,1.75
2016.01.08 16:51:00.835,1.70815,1.70831,1.00,1.75
2016.01.08 16:51:01.192,1.70814,1.7083,1.12,1.37
2016.01.08 16:51:01.830,1.70812,1.7083,1.87,1.37
2016.01.08 16:51:02.389,1.70812,1.70829,1.00,1.12
2016.01.08 16:51:02.441,1.70812,1.70829,1.00,1.37
2016.01.08 16:51:03.589,1.7081,1.70829,1.47,1.87
2016.01.08 16:51:03.896,1.7081,1.70829,1.00,1.87
2016.01.08 16:51:04.530,1.70809,1.70828,1.00,1.87
2016.01.08 16:51:04.959,1.7081,1.70829,1.95,1.84
2016.01.08 16:51:05.062,1.70812,1.70829,1.00,1.69
2016.01.08 16:51:05.848,1.70813,1.70829,1.87,1.59
2016.01.08 16:51:05.900,1.70813,1.7083,2.62,2.25
2016.01.08 16:51:06.003,1.70813,1.70827,1.00,1.00
2016.01.08 16:51:06.157,1.70808,1.70824,2.25,1.37
2016.01.08 16:51:06.311,1.70808,1.70826,3.00,1.00
2016.01.08 16:51:06.363,1.70812,1.70826,1.37,1.00
2016.01.08 16:51:06.698,1.70817,1.70831,1.37,1.37
2016.01.08 16:51:06.750,1.70819,1.70834,1.00,1.37
2016.01.08 16:51:07.262,1.70819,1.70836,1.00,1.12
2016.01.08 16:51:07.770,1.7082,1.70835,1.50,1.12
2016.01.08 16:51:08.302,1.7082,1.70833,1.37,1.00
2016.01.08 16:51:08.827,1.7082,1.70838,1.50,1.12
2016.01.08 16:51:08.980,1.70821,1.7084,1.75,2.62
2016.01.08 16:51:09.401,1.70821,1.70837,1.75,1.00
2016.01.08 16:51:09.453,1.70821,1.7084,1.75,1.12
2016.01.08 16:51:09.967,1.70823,1.7084,1.37,1.12
2016.01.08 16:51:10.019,1.70825,1.7084,1.37,1.37
2016.01.08 16:51:11.470,1.70825,1.7084,1.37,1.00
2016.01.08 16:51:12.274,1.70828,1.70845,1.00,1.37
2016.01.08 16:51:12.325,1.70827,1.70845,1.50,1.12
2016.01.08 16:51:12.376,1.70825,1.70844,1.87,1.37
2016.01.08 16:51:12.428,1.70825,1.70844,1.50,2.25
2016.01.08 16:51:12.479,1.70825,1.70843,1.50,2.25
2016.01.08 16:51:12.988,1.70821,1.70837,1.50,1.00
2016.01.08 16:51:13.919,1.70821,1.70838,1.87,1.00
2016.01.08 16:51:14.273,1.70821,1.70839,1.37,1.50
2016.01.08 16:51:14.431,1.70823,1.70841,2.62,1.12
2016.01.08 16:51:14.534,1.70823,1.7084,1.75,1.12
2016.01.08 16:51:14.946,1.70829,1.7084,1.87,1.37
2016.01.08 16:51:15.099,1.70831,1.70844,1.12,1.50
2016.01.08 16:51:15.202,1.70833,1.70844,1.12,1.37
2016.01.08 16:51:15.407,1.70835,1.70851,1.85,1.75
2016.01.08 16:51:15.713,1.70835,1.70852,1.20,1.75
2016.01.08 16:51:17.844,1.70833,1.70851,1.82,2.25
2016.01.08 16:51:18.244,1.70833,1.70851,1.82,2.25
2016.01.08 16:51:19.235,1.70832,1.70847,1.00,1.75
2016.01.08 16:51:19.389,1.70826,1.70845,1.20,1.75
2016.01.08 16:51:19.441,1.70825,1.70845,1.57,3.00
2016.01.08 16:51:19.956,1.70825,1.70844,2.32,1.75
2016.01.08 16:51:20.529,1.70825,1.70845,1.95,2.25
2016.01.08 16:51:20.580,1.70825,1.70844,2.70,1.00
2016.01.08 16:51:20.683,1.70827,1.70844,1.37,1.00
2016.01.08 16:51:21.193,1.70827,1.70846,1.37,1.87
2016.01.08 16:51:22.367,1.7083,1.70846,1.00,1.12
2016.01.08 16:51:22.469,1.7083,1.70848,1.37,1.12
2016.01.08 16:51:22.689,1.70832,1.70849,1.12,1.87
2016.01.08 16:51:23.111,1.70829,1.70848,1.50,1.87
2016.01.08 16:51:23.317,1.70829,1.70845,1.37,1.00
2016.01.08 16:51:23.368,1.70829,1.70847,1.37,1.00
2016.01.08 16:51:24.326,1.70831,1.7085,1.12,1.37
2016.01.08 16:51:24.624,1.70831,1.7085,1.12,1.37
2016.01.08 16:51:25.029,1.70829,1.70851,3.75,3.00
2016.01.08 16:51:25.182,1.70829,1.70849,1.87,2.00
2016.01.08 16:51:25.834,1.70827,1.70847,1.57,1.87
2016.01.08 16:51:26.140,1.70826,1.70844,1.87,2.25
2016.01.08 16:51:27.339,1.70826,1.70846,1.87,3.56
2016.01.08 16:51:27.873,1.70828,1.70846,1.50,1.37
2016.01.08 16:51:27.925,1.70829,1.70848,3.00,2.25
2016.01.08 16:51:27.976,1.70832,1.70848,1.37,1.75
2016.01.08 16:51:28.508,1.70832,1.70851,1.37,2.00
2016.01.08 16:51:30.652,1.7083,1.7085,2.32,1.75
2016.01.08 16:51:31.270,1.70831,1.7085,1.20,1.50
2016.01.08 16:51:31.547,1.70833,1.7085,1.37,1.50
2016.01.08 16:51:31.599,1.70833,1.70851,1.20,2.92
2016.01.08 16:51:31.650,1.70833,1.70852,1.57,1.75
2016.01.08 16:51:31.702,1.70834,1.7085,1.00,1.12
2016.01.08 16:51:31.753,1.70834,1.7085,1.37,1.00
2016.01.08 16:51:31.906,1.70836,1.70852,1.00,1.12
2016.01.08 16:51:32.268,1.70836,1.70854,1.20,2.25
2016.01.08 16:51:32.371,1.70836,1.70854,1.57,1.12
2016.01.08 16:51:32.676,1.70836,1.70852,1.12,1.00
2016.01.08 16:51:32.880,1.70832,1.70849,1.50,1.00
2016.01.08 16:51:33.617,1.70831,1.70848,1.47,1.00
2016.01.08 16:51:33.669,1.70831,1.70848,1.20,1.00
2016.01.08 16:51:34.025,1.70831,1.70845,1.20,1.00
2016.01.08 16:51:34.534,1.70829,1.70844,1.20,1.00
2016.01.08 16:51:37.282,1.70828,1.70842,1.95,1.00
2016.01.08 16:51:37.487,1.70824,1.70839,1.12,1.00
2016.01.08 16:51:37.752,1.70824,1.70839,1.00,1.87
2016.01.08 16:51:37.804,1.70822,1.70835,1.20,1.00
2016.01.08 16:51:38.438,1.70822,1.70835,1.00,1.37
2016.01.08 16:51:38.490,1.70821,1.70835,1.20,1.37
2016.01.08 16:51:38.744,1.70821,1.70833,1.47,1.00
2016.01.08 16:51:39.209,1.70821,1.70831,1.47,1.00
2016.01.08 16:51:39.415,1.70815,1.70828,1.10,1.12
2016.01.08 16:51:39.518,1.70812,1.70823,1.20,1.00
2016.01.08 16:51:39.672,1.70809,1.70821,1.20,1.00
2016.01.08 16:51:39.723,1.70808,1.70819,1.12,1.00
2016.01.08 16:51:40.251,1.70804,1.70818,1.12,1.00
2016.01.08 16:51:40.913,1.70804,1.70816,1.20,1.00
2016.01.08 16:51:41.015,1.70804,1.70814,1.37,1.00
2016.01.08 16:51:41.066,1.70804,1.70816,1.37,1.00
2016.01.08 16:51:41.393,1.70799,1.70813,1.87,1.00
2016.01.08 16:51:42.054,1.70801,1.70815,1.37,1.00
2016.01.08 16:51:42.892,1.70804,1.70814,1.00,1.00
2016.01.08 16:51:43.473,1.70801,1.70814,1.00,1.00
2016.01.08 16:51:44.255,1.70801,1.70811,1.00,1.00
2016.01.08 16:51:44.564,1.70797,1.70813,1.50,1.00
2016.01.08 16:51:44.923,1.70797,1.70811,1.50,1.00
2016.01.08 16:51:45.615,1.70797,1.7081,1.12,1.00
2016.01.08 16:51:45.922,1.70793,1.70807,1.95,1.00
2016.01.08 16:51:46.025,1.70793,1.70807,1.95,1.00
2016.01.08 16:51:46.076,1.70793,1.70805,1.95,1.00
2016.01.08 16:51:46.276,1.70793,1.70807,1.85,1.00
2016.01.08 16:51:46.790,1.70793,1.70806,1.20,1.00
2016.01.08 16:51:47.053,1.70793,1.70808,1.20,1.12
2016.01.08 16:51:47.109,1.70794,1.70808,2.25,1.12
2016.01.08 16:51:47.211,1.70797,1.70808,1.00,1.12
2016.01.08 16:51:47.719,1.70793,1.70807,1.20,1.00
2016.01.08 16:51:47.770,1.70793,1.70809,1.57,1.12
2016.01.08 16:51:47.822,1.70793,1.70809,1.95,1.12
2016.01.08 16:51:48.492,1.70792,1.70806,1.82,1.00
2016.01.08 16:51:50.018,1.70795,1.70811,1.12,1.00
2016.01.08 16:51:50.533,1.70795,1.70812,2.70,1.00
2016.01.08 16:51:51.377,1.70796,1.7081,1.12,1.12
2016.01.08 16:51:51.993,1.70796,1.70806,1.20,1.00
2016.01.08 16:51:52.046,1.70794,1.70808,1.57,1.12
2016.01.08 16:51:52.540,1.70792,1.70808,1.95,1.12
2016.01.08 16:51:53.056,1.70795,1.70809,1.45,1.00
2016.01.08 16:51:53.108,1.70795,1.70811,1.45,1.12
2016.01.08 16:51:56.289,1.70796,1.70811,1.47,1.00
2016.01.08 16:51:57.205,1.70796,1.70809,1.47,1.00
2016.01.08 16:51:57.510,1.70794,1.70807,2.25,1.00
2016.01.08 16:51:57.561,1.70792,1.70807,1.87,1.00
2016.01.08 16:51:58.070,1.7079,1.70806,2.32,1.00
2016.01.08 16:51:58.274,1.70792,1.70808,1.12,1.50
2016.01.08 16:51:58.427,1.70792,1.70808,1.87,1.00
2016.01.08 16:51:58.478,1.70792,1.70812,2.32,1.75
2016.01.08 16:51:58.529,1.70794,1.70812,1.87,1.37
2016.01.08 16:51:58.631,1.70798,1.70812,1.00,1.00
2016.01.08 16:51:59.511,1.70798,1.70816,1.47,1.87
2016.01.08 16:51:59.615,1.708,1.70818,1.47,2.62
2016.01.08 16:51:59.668,1.70805,1.70818,1.00,1.50
2016.01.08 16:51:59.975,1.70804,1.70821,1.12,1.00
2016.01.08 16:52:00.493,1.70804,1.70824,1.95,1.50
2016.01.08 16:52:01.004,1.70807,1.70827,1.50,1.87
2016.01.08 16:52:01.056,1.70811,1.70827,1.87,1.50
2016.01.08 16:52:01.107,1.70814,1.7083,1.00,1.87
2016.01.08 16:52:01.159,1.70814,1.7083,1.50,1.00
2016.01.08 16:52:01.447,1.70819,1.70831,1.87,1.00
2016.01.08 16:52:01.498,1.70822,1.70841,1.37,1.87
2016.01.08 16:52:01.702,1.70823,1.70841,1.00,1.50
2016.01.08 16:52:03.561,1.70824,1.70841,1.00,1.37
2016.01.08 16:52:03.985,1.70826,1.70842,1.12,1.50
2016.01.08 16:52:04.291,1.70829,1.70845,1.00,1.37
2016.01.08 16:52:04.597,1.70832,1.70846,1.00,1.00
2016.01.08 16:52:04.700,1.70832,1.70849,1.87,1.37
2016.01.08 16:52:05.178,1.70837,1.70854,1.12,5.25
2016.01.08 16:52:05.342,1.70837,1.70855,1.12,1.50
2016.01.08 16:52:05.804,1.70838,1.70856,1.50,1.50
2016.01.08 16:52:06.596,1.70838,1.70857,1.87,1.00
2016.01.08 16:52:07.205,1.70838,1.70857,2.25,1.37
2016.01.08 16:52:08.255,1.70842,1.70858,1.00,1.50
2016.01.08 16:52:08.512,1.70849,1.70869,1.50,1.87
2016.01.08 16:52:09.521,1.70852,1.7087,1.37,1.50
2016.01.08 16:52:09.623,1.7085,1.70869,1.50,1.12
2016.01.08 16:52:09.930,1.70858,1.70872,1.12,1.50
2016.01.08 16:52:10.314,1.70858,1.70872,1.87,1.00
2016.01.08 16:52:10.370,1.70858,1.70875,1.12,1.00
2016.01.08 16:52:10.422,1.70856,1.70875,1.95,1.12
2016.01.08 16:52:10.525,1.70856,1.70875,1.20,1.50
2016.01.08 16:52:10.839,1.70855,1.70875,2.32,1.75
2016.01.08 16:52:10.993,1.70855,1.70875,1.95,1.50
2016.01.08 16:52:11.045,1.70855,1.70875,1.87,1.50
2016.01.08 16:52:11.390,1.70855,1.70873,1.75,1.37
2016.01.08 16:52:11.634,1.70852,1.70871,1.20,1.50
2016.01.08 16:52:11.990,1.70851,1.70871,1.87,1.50
2016.01.08 16:52:12.295,1.70851,1.70871,2.25,1.75
2016.01.08 16:52:13.033,1.70852,1.70871,1.20,1.50
2016.01.08 16:52:13.237,1.70851,1.70871,2.62,1.75
2016.01.08 16:52:13.338,1.70852,1.70871,1.47,1.50
2016.01.08 16:52:13.827,1.70851,1.70871,2.62,1.75
2016.01.08 16:52:14.140,1.70851,1.70871,3.00,1.37
2016.01.08 16:52:14.463,1.70851,1.70871,2.62,1.37
2016.01.08 16:52:14.705,1.70851,1.70868,1.87,1.00
2016.01.08 16:52:15.745,1.70851,1.7087,1.87,1.37
2016.01.08 16:52:15.950,1.70849,1.70867,3.15,1.00
2016.01.08 16:52:16.483,1.70849,1.70867,2.25,1.00
2016.01.08 16:52:17.274,1.70843,1.70863,1.87,1.37
2016.01.08 16:52:17.580,1.70846,1.70865,1.37,1.50
2016.01.08 16:52:19.427,1.70845,1.70863,1.00,1.87
2016.01.08 16:52:20.025,1.70841,1.70858,1.00,2.25
2016.01.08 16:52:20.077,1.70838,1.70858,1.10,2.25
2016.01.08 16:52:22.047,1.70838,1.70858,2.62,1.12
2016.01.08 16:52:22.150,1.70847,1.70859,1.00,1.00
2016.01.08 16:52:22.537,1.70858,1.70867,2.25,1.87
2016.01.08 16:52:22.588,1.70862,1.70881,1.50,1.87
2016.01.08 16:52:22.639,1.70862,1.70881,2.25,1.87
2016.01.08 16:52:22.742,1.70866,1.70885,1.50,1.12
2016.01.08 16:52:22.947,1.70867,1.70885,1.47,1.75
2016.01.08 16:52:23.151,1.70866,1.70885,2.25,1.50
2016.01.08 16:52:23.532,1.70866,1.70885,1.87,1.75
2016.01.08 16:52:24.079,1.70866,1.70883,1.50,1.37
2016.01.08 16:52:25.097,1.70863,1.70881,1.19,2.62
2016.01.08 16:52:25.148,1.70859,1.70877,1.95,1.50
2016.01.08 16:52:25.659,1.70857,1.70876,1.75,1.50
2016.01.08 16:52:26.228,1.70857,1.70876,1.12,1.87
2016.01.08 16:52:26.739,1.70857,1.70874,1.12,1.00
2016.01.08 16:52:27.096,1.70857,1.70871,1.37,1.00
2016.01.08 16:52:27.249,1.70853,1.70869,1.50,1.12
2016.01.08 16:52:27.539,1.70853,1.70869,1.50,1.37
2016.01.08 16:52:27.590,1.70853,1.7087,1.12,1.75
2016.01.08 16:52:27.642,1.70856,1.7087,1.37,1.50
2016.01.08 16:52:27.744,1.70851,1.70868,1.37,1.87
2016.01.08 16:52:27.796,1.7085,1.70867,1.12,1.37
2016.01.08 16:52:27.848,1.70847,1.70866,1.87,1.50
2016.01.08 16:52:27.900,1.70847,1.70866,1.87,1.50
2016.01.08 16:52:28.704,1.70845,1.70863,1.37,1.87
2016.01.08 16:52:28.807,1.70847,1.70864,1.00,1.00
2016.01.08 16:52:28.959,1.70846,1.70861,1.87,1.12
2016.01.08 16:52:29.011,1.70843,1.7086,1.12,1.00
2016.01.08 16:52:29.113,1.70842,1.7086,2.25,1.12
2016.01.08 16:52:29.164,1.70842,1.70858,2.25,1.00
2016.01.08 16:52:29.317,1.7084,1.70859,1.50,1.12
2016.01.08 16:52:29.420,1.70842,1.70858,1.00,1.50
2016.01.08 16:52:29.845,1.70837,1.70856,1.12,1.50
2016.01.08 16:52:29.897,1.70837,1.70857,2.62,2.25
2016.01.08 16:52:29.949,1.70838,1.70857,1.87,1.00
2016.01.08 16:52:30.053,1.70839,1.70858,1.87,1.00
2016.01.08 16:52:30.156,1.70839,1.70858,1.87,1.12
2016.01.08 16:52:30.207,1.70839,1.70858,1.00,1.12
2016.01.08 16:52:30.461,1.70838,1.70858,2.62,1.12
2016.01.08 16:52:31.103,1.70838,1.7086,1.87,2.25
2016.01.08 16:52:31.409,1.70843,1.70862,1.37,1.12
2016.01.08 16:52:31.664,1.70844,1.70862,1.50,1.00
2016.01.08 16:52:32.979,1.70842,1.7086,2.25,1.00
2016.01.08 16:52:33.386,1.70842,1.70862,1.87,1.87
2016.01.08 16:52:33.973,1.70842,1.70861,1.95,1.87
2016.01.08 16:52:34.026,1.70838,1.70858,2.25,1.75
2016.01.08 16:52:34.282,1.70838,1.70858,1.20,1.37
2016.01.08 16:52:34.792,1.70841,1.70858,1.00,1.37
2016.01.08 16:52:34.844,1.70843,1.70858,1.00,1.37
2016.01.08 16:52:35.181,1.70847,1.70862,1.00,1.75
2016.01.08 16:52:35.234,1.70849,1.70868,1.75,1.50
2016.01.08 16:52:36.675,1.70849,1.70868,1.75,1.75
2016.01.08 16:52:36.879,1.70849,1.7087,1.95,1.75
2016.01.08 16:52:37.186,1.70852,1.7087,2.62,1.50
2016.01.08 16:52:37.561,1.70854,1.70872,1.37,1.50
2016.01.08 16:52:37.612,1.70858,1.70875,1.00,1.37
2016.01.08 16:52:38.120,1.70859,1.70875,1.00,1.37
2016.01.08 16:52:38.376,1.70859,1.70877,1.50,1.12
2016.01.08 16:52:38.885,1.70859,1.70877,1.50,1.12
2016.01.08 16:52:39.090,1.70858,1.70877,1.50,1.37
2016.01.08 16:52:39.344,1.70856,1.70873,1.20,1.00
2016.01.08 16:52:40.237,1.7086,1.70879,1.50,1.87
2016.01.08 16:52:40.289,1.70864,1.7088,1.00,1.87
2016.01.08 16:52:40.595,1.70865,1.70884,1.50,2.25
2016.01.08 16:52:40.901,1.70865,1.70882,1.12,1.75
2016.01.08 16:52:41.424,1.70861,1.70875,1.50,1.00
2016.01.08 16:52:41.476,1.70859,1.70875,2.25,1.00
2016.01.08 16:52:41.578,1.70859,1.70876,1.12,1.12
2016.01.08 16:52:42.342,1.70858,1.70874,1.87,1.00
2016.01.08 16:52:42.854,1.70859,1.70878,1.12,1.12
2016.01.08 16:52:43.211,1.70863,1.70878,1.00,1.12
2016.01.08 16:52:43.906,1.70863,1.7088,1.00,1.87
2016.01.08 16:52:44.212,1.70867,1.70881,1.00,1.37
2016.01.08 16:52:45.694,1.70869,1.70883,1.00,1.12
2016.01.08 16:52:46.000,1.7087,1.70886,1.37,1.37
2016.01.08 16:52:46.414,1.7087,1.70887,1.50,1.50
2016.01.08 16:52:46.669,1.70874,1.70888,1.00,1.12
2016.01.08 16:52:47.178,1.70873,1.7089,1.12,1.37
2016.01.08 16:52:47.280,1.70873,1.7089,1.12,1.37
2016.01.08 16:52:47.433,1.70875,1.70889,1.00,1.37
2016.01.08 16:52:48.295,1.70875,1.70892,1.00,1.87
2016.01.08 16:52:49.136,1.70876,1.70893,1.12,1.37
2016.01.08 16:52:49.188,1.70879,1.70897,1.12,1.75
2016.01.08 16:52:50.086,1.70882,1.70898,1.00,1.87
2016.01.08 16:52:50.983,1.70882,1.709,1.00,1.50
2016.01.08 16:52:51.238,1.70884,1.709,1.00,1.37
2016.01.08 16:52:51.340,1.70884,1.70902,1.00,2.25
2016.01.08 16:52:52.105,1.70885,1.70901,1.00,1.12
2016.01.08 16:52:52.207,1.70887,1.70902,1.00,1.12
2016.01.08 16:52:52.533,1.70887,1.70904,1.00,1.12
2016.01.08 16:52:52.636,1.70887,1.70904,1.00,1.12
2016.01.08 16:52:52.687,1.70885,1.70904,1.00,1.87
2016.01.08 16:52:53.199,1.70884,1.70899,1.00,1.37
2016.01.08 16:52:53.302,1.70882,1.70899,1.87,1.37
2016.01.08 16:52:53.610,1.70885,1.70899,1.00,1.37
2016.01.08 16:52:54.264,1.70884,1.70901,1.50,1.75
2016.01.08 16:52:54.570,1.7091,1.70925,1.00,1.75
2016.01.08 16:52:54.724,1.70911,1.70931,1.87,2.25
2016.01.08 16:52:54.928,1.70913,1.70932,1.37,1.75
2016.01.08 16:52:55.030,1.70915,1.70932,1.12,1.37
2016.01.08 16:52:55.414,1.70914,1.70934,1.85,1.50
2016.01.08 16:52:55.517,1.70915,1.70936,1.20,1.50
2016.01.08 16:52:55.924,1.70916,1.70935,1.00,1.00
2016.01.08 16:52:57.240,1.70914,1.70933,1.57,1.00
2016.01.08 16:52:57.548,1.70913,1.70931,1.12,1.00
2016.01.08 16:52:58.102,1.70912,1.70929,1.57,1.00
2016.01.08 16:52:58.317,1.70913,1.70932,1.12,1.00
2016.01.08 16:52:58.470,1.70916,1.70935,1.00,1.00
2016.01.08 16:52:58.521,1.70916,1.70937,1.12,1.50
2016.01.08 16:52:58.930,1.70918,1.70937,1.00,1.50
2016.01.08 16:52:59.807,1.70918,1.70937,1.00,1.12
2016.01.08 16:53:00.279,1.70915,1.70934,1.87,1.00
2016.01.08 16:53:00.330,1.70918,1.70938,1.00,1.37
2016.01.08 16:53:00.919,1.70918,1.70936,1.00,1.37
2016.01.08 16:53:00.970,1.70913,1.70936,3.00,1.87
2016.01.08 16:53:01.073,1.70913,1.70933,3.00,1.00
2016.01.08 16:53:01.429,1.70913,1.70933,1.00,1.00
2016.01.08 16:53:01.683,1.70914,1.70936,1.12,1.57
2016.01.08 16:53:02.159,1.70914,1.70933,1.00,3.07
2016.01.08 16:53:02.211,1.7091,1.7093,1.00,1.00
2016.01.08 16:53:02.312,1.70908,1.7093,1.12,1.37
2016.01.08 16:53:02.415,1.70908,1.70927,1.87,1.00
2016.01.08 16:53:02.925,1.70907,1.70927,1.50,1.00
2016.01.08 16:53:03.452,1.70904,1.70926,3.37,1.50
2016.01.08 16:53:03.758,1.709,1.70918,2.62,1.00
2016.01.08 16:53:04.064,1.709,1.70916,1.87,1.00
2016.01.08 16:53:04.708,1.70933,1.70939,1.37,1.00
2016.01.08 16:53:04.759,1.70933,1.70945,1.87,1.00
2016.01.08 16:53:04.862,1.70935,1.70949,1.00,1.00
2016.01.08 16:53:04.914,1.70935,1.70951,1.37,1.00
2016.01.08 16:53:05.221,1.70935,1.70949,1.37,1.00
2016.01.08 16:53:05.950,1.70935,1.70949,1.37,1.00
2016.01.08 16:53:06.103,1.70935,1.70954,1.37,1.75
2016.01.08 16:53:06.613,1.70935,1.70954,1.37,1.75
2016.01.08 16:53:08.125,1.70934,1.70952,1.50,1.12
2016.01.08 16:53:08.741,1.70934,1.70952,1.12,1.12
2016.01.08 16:53:08.793,1.7093,1.70949,3.00,1.00
2016.01.08 16:53:08.845,1.7093,1.70949,1.50,1.00
2016.01.08 16:53:08.947,1.70928,1.70948,1.12,1.12
2016.01.08 16:53:08.998,1.70928,1.70946,1.12,1.00
2016.01.08 16:53:09.305,1.70926,1.70944,1.37,1.00
2016.01.08 16:53:09.738,1.70926,1.70939,1.37,1.00
2016.01.08 16:53:10.449,1.70919,1.70939,2.25,1.00
2016.01.08 16:53:10.825,1.70916,1.70932,1.37,1.87
2016.01.08 16:53:10.876,1.70912,1.7093,1.87,1.00
2016.01.08 16:53:10.928,1.70912,1.70928,1.12,1.00
2016.01.08 16:53:10.979,1.70908,1.70928,1.87,1.00
2016.01.08 16:53:11.233,1.70906,1.70925,1.87,1.00
2016.01.08 16:53:11.538,1.70901,1.70918,1.12,1.00
2016.01.08 16:53:11.589,1.70904,1.70918,1.00,1.00
2016.01.08 16:53:11.640,1.70904,1.70922,1.00,1.00
2016.01.08 16:53:12.302,1.70905,1.70923,1.00,1.00
2016.01.08 16:53:12.413,1.70906,1.70925,1.00,1.12
2016.01.08 16:53:13.042,1.70909,1.70925,1.00,1.00
2016.01.08 16:53:13.094,1.70909,1.70927,1.00,1.87
2016.01.08 16:53:13.506,1.70922,1.70931,1.00,1.10
2016.01.08 16:53:13.558,1.70922,1.70942,1.00,1.50
2016.01.08 16:53:13.660,1.7092,1.70942,1.37,1.50
2016.01.08 16:53:13.966,1.70923,1.70942,1.00,1.50
2016.01.08 16:53:14.273,1.70925,1.70944,1.00,1.87
2016.01.08 16:53:14.694,1.70933,1.70946,1.50,1.12
2016.01.08 16:53:14.847,1.70936,1.70955,1.12,1.47
2016.01.08 16:53:15.102,1.70934,1.70954,1.75,1.87
2016.01.08 16:53:15.205,1.70934,1.70952,1.50,1.00
2016.01.08 16:53:15.308,1.70934,1.70952,1.00,1.12
2016.01.08 16:53:15.978,1.70931,1.70948,1.12,1.37
2016.01.08 16:53:16.081,1.70927,1.70945,2.25,1.00
2016.01.08 16:53:16.183,1.70926,1.70945,2.62,1.50
2016.01.08 16:53:16.285,1.70926,1.70943,1.00,1.50
2016.01.08 16:53:16.804,1.70925,1.70943,1.00,1.50
2016.01.08 16:53:18.177,1.70923,1.7094,1.87,1.00
2016.01.08 16:53:18.381,1.70925,1.70943,1.12,1.12
2016.01.08 16:53:19.023,1.70924,1.70942,1.37,1.87
2016.01.08 16:53:19.177,1.70922,1.7094,1.50,1.50
2016.01.08 16:53:19.686,1.70922,1.7094,1.37,1.87
2016.01.08 16:53:20.403,1.70922,1.7094,1.12,1.50
2016.01.08 16:53:20.607,1.7092,1.70936,1.00,1.12
2016.01.08 16:53:20.914,1.70916,1.70934,1.50,1.12
2016.01.08 16:53:21.551,1.70914,1.70934,1.50,1.12
2016.01.08 16:53:22.401,1.70913,1.70935,2.62,2.25
2016.01.08 16:53:22.911,1.70913,1.70933,1.12,1.87
2016.01.08 16:53:23.232,1.70911,1.7093,2.25,1.75
2016.01.08 16:53:23.869,1.70919,1.70933,1.37,3.30
2016.01.08 16:53:24.185,1.70928,1.70946,1.37,3.67
2016.01.08 16:53:24.236,1.7093,1.70944,1.12,1.00
2016.01.08 16:53:24.491,1.70928,1.70947,1.37,3.75
2016.01.08 16:53:24.643,1.70927,1.70946,1.50,1.75
2016.01.08 16:53:25.170,1.70927,1.70945,1.87,1.75
2016.01.08 16:53:25.965,1.70927,1.70945,1.12,1.75
2016.01.08 16:53:26.067,1.7093,1.70945,1.12,1.75
2016.01.08 16:53:26.118,1.70931,1.70945,1.00,1.50
2016.01.08 16:53:26.221,1.70931,1.70951,1.50,1.75
2016.01.08 16:53:26.425,1.70929,1.70945,1.12,1.00
2016.01.08 16:53:26.751,1.70922,1.70941,3.37,1.37
2016.01.08 16:53:26.805,1.70921,1.70939,1.50,1.00
2016.01.08 16:53:26.857,1.70921,1.70936,1.12,1.00
2016.01.08 16:53:27.163,1.70914,1.70934,1.87,2.25
2016.01.08 16:53:27.671,1.70915,1.70934,2.62,1.75
2016.01.08 16:53:27.723,1.70915,1.70934,2.25,1.75
2016.01.08 16:53:28.256,1.70917,1.70935,1.12,1.37
2016.01.08 16:53:28.309,1.70918,1.70939,1.50,2.25
2016.01.08 16:53:28.360,1.70919,1.70939,1.37,2.25
2016.01.08 16:53:28.516,1.70919,1.70936,1.00,1.00
2016.01.08 16:53:28.619,1.70916,1.70932,1.37,1.50
2016.01.08 16:53:28.671,1.70914,1.70932,2.25,1.50
2016.01.08 16:53:28.722,1.70914,1.70932,1.75,1.75
2016.01.08 16:53:28.926,1.70916,1.70936,1.50,1.75
2016.01.08 16:53:28.978,1.70918,1.70937,1.37,1.75
2016.01.08 16:53:29.029,1.70918,1.70937,2.25,1.12
2016.01.08 16:53:29.399,1.70919,1.70938,1.12,1.12
2016.01.08 16:53:29.858,1.70932,1.70942,1.00,2.25
2016.01.08 16:53:30.012,1.70937,1.70953,1.12,1.75
2016.01.08 16:53:30.066,1.70939,1.70956,1.50,1.75
2016.01.08 16:53:30.168,1.70941,1.7096,1.87,1.00
2016.01.08 16:53:30.648,1.7094,1.70959,1.00,2.25
2016.01.08 16:53:30.955,1.7094,1.70959,1.12,1.50
2016.01.08 16:53:32.049,1.70941,1.7096,1.50,1.12
2016.01.08 16:53:33.987,1.70939,1.70959,1.12,1.00
2016.01.08 16:53:34.039,1.70939,1.70956,1.12,1.00
2016.01.08 16:53:34.447,1.70936,1.70954,2.25,1.00
2016.01.08 16:53:34.810,1.70932,1.7095,1.87,2.25
2016.01.08 16:53:34.964,1.70931,1.70949,1.50,1.00
2016.01.08 16:53:35.370,1.70931,1.70946,1.50,1.00
2016.01.08 16:53:35.676,1.70926,1.70943,1.37,1.50
2016.01.08 16:53:35.778,1.70926,1.70943,1.00,1.50
2016.01.08 16:53:36.417,1.70929,1.70946,1.37,2.62
2016.01.08 16:53:36.469,1.70925,1.70944,1.00,1.50
2016.01.08 16:53:36.520,1.70925,1.70944,1.00,1.75
2016.01.08 16:53:36.826,1.70938,1.7095,1.00,3.07
2016.01.08 16:53:36.929,1.70942,1.70955,2.62,1.00
2016.01.08 16:53:36.980,1.70946,1.70955,1.12,1.00
2016.01.08 16:53:37.032,1.70947,1.70963,1.00,1.12
2016.01.08 16:53:37.083,1.70949,1.70963,1.37,1.12
2016.01.08 16:53:37.135,1.7095,1.70967,1.37,1.00
2016.01.08 16:53:37.403,1.70952,1.7097,1.12,1.12
2016.01.08 16:53:37.915,1.70953,1.70972,1.12,1.37
2016.01.08 16:53:38.119,1.70949,1.70969,1.12,1.87
2016.01.08 16:53:38.493,1.70947,1.70966,1.00,1.37
2016.01.08 16:53:38.798,1.70944,1.70962,1.50,1.75
2016.01.08 16:53:38.850,1.70944,1.70962,1.50,1.75
2016.01.08 16:53:38.901,1.70942,1.70962,2.25,1.75
2016.01.08 16:53:38.953,1.70942,1.70962,1.50,1.75
2016.01.08 16:53:39.157,1.70942,1.70961,2.25,1.00
2016.01.08 16:53:39.740,1.70942,1.70961,3.07,1.00
2016.01.08 16:53:41.018,1.70945,1.70961,1.00,1.00
2016.01.08 16:53:41.433,1.70946,1.70966,1.37,1.50
2016.01.08 16:53:41.840,1.70946,1.70966,1.12,1.75
2016.01.08 16:53:42.537,1.70946,1.70964,1.00,1.75
2016.01.08 16:53:43.049,1.70944,1.70964,1.50,1.75
2016.01.08 16:53:43.101,1.70944,1.70965,2.62,3.37
2016.01.08 16:53:43.152,1.70946,1.70965,1.00,1.50
2016.01.08 16:53:43.666,1.70947,1.70965,1.12,1.50
2016.01.08 16:53:43.717,1.70947,1.70965,1.87,1.50
2016.01.08 16:53:44.226,1.70947,1.70965,1.00,1.50
2016.01.08 16:53:45.573,1.70944,1.70963,1.37,1.50
2016.01.08 16:53:45.624,1.70944,1.70959,1.37,1.00
2016.01.08 16:53:45.676,1.70941,1.70959,1.00,1.50
2016.01.08 16:53:45.727,1.70941,1.70957,1.00,1.12
2016.01.08 16:53:45.779,1.70939,1.70957,1.50,1.12
2016.01.08 16:53:45.882,1.70937,1.70957,1.12,1.87
2016.01.08 16:53:46.289,1.70935,1.70955,2.25,1.75
2016.01.08 16:53:46.717,1.70947,1.70957,1.00,2.25
2016.01.08 16:53:46.768,1.70947,1.70959,1.37,1.37
2016.01.08 16:53:46.820,1.70953,1.70962,1.00,2.62
2016.01.08 16:53:46.872,1.70953,1.70963,1.12,1.37
2016.01.08 16:53:46.924,1.70953,1.70963,2.25,1.37
2016.01.08 16:53:47.229,1.70959,1.70973,1.37,1.37
2016.01.08 16:53:48.028,1.70958,1.70976,1.87,1.12
2016.01.08 16:53:48.079,1.70958,1.70977,1.50,1.87
2016.01.08 16:53:48.182,1.70959,1.70977,1.50,1.50
2016.01.08 16:53:48.284,1.70959,1.70978,2.06,1.57
2016.01.08 16:53:48.488,1.70964,1.70982,1.87,1.50
2016.01.08 16:53:48.774,1.70964,1.70982,1.00,1.12
2016.01.08 16:53:49.296,1.70963,1.70984,1.37,1.85
2016.01.08 16:53:49.398,1.70967,1.70982,1.00,1.00
2016.01.08 16:53:50.101,1.70965,1.70981,1.00,1.00
2016.01.08 16:53:50.152,1.7096,1.70981,2.25,1.75
2016.01.08 16:53:50.458,1.7096,1.70981,2.62,1.75
2016.01.08 16:53:50.560,1.7096,1.70976,1.12,1.00
2016.01.08 16:53:50.612,1.70959,1.70976,1.87,1.20
2016.01.08 16:53:50.766,1.70956,1.70971,1.37,1.00
2016.01.08 16:53:51.198,1.70974,1.70986,1.37,1.87
2016.01.08 16:53:51.249,1.70977,1.70984,1.37,1.00
2016.01.08 16:53:51.351,1.70972,1.70985,1.12,1.00
2016.01.08 16:53:51.454,1.70971,1.70987,1.12,1.00
2016.01.08 16:53:51.506,1.70969,1.70987,1.75,1.12
2016.01.08 16:53:51.609,1.70968,1.70989,1.12,1.12
2016.01.08 16:53:51.712,1.70968,1.70987,1.12,1.00
2016.01.08 16:53:51.763,1.70968,1.70989,1.12,1.50
2016.01.08 16:53:51.865,1.70968,1.70987,1.00,1.50
2016.01.08 16:53:52.193,1.70966,1.70987,1.87,1.50
2016.01.08 16:53:52.295,1.70968,1.70987,1.00,1.50
2016.01.08 16:53:52.499,1.70967,1.70987,1.75,1.00
2016.01.08 16:53:53.008,1.7097,1.70989,1.37,1.50
2016.01.08 16:53:53.700,1.70976,1.70989,1.37,1.00
2016.01.08 16:53:53.761,1.70976,1.70994,2.25,1.00
2016.01.08 16:53:53.813,1.70978,1.70997,1.75,1.00
2016.01.08 16:53:53.864,1.70981,1.70995,1.37,1.00
2016.01.08 16:53:53.916,1.70977,1.70994,1.00,1.00
2016.01.08 16:53:54.018,1.70975,1.70993,1.00,1.12
2016.01.08 16:53:54.070,1.70976,1.7099,1.00,1.00
2016.01.08 16:53:54.375,1.70964,1.70985,3.07,1.50
2016.01.08 16:53:54.427,1.70964,1.70983,3.00,1.37
2016.01.08 16:53:54.811,1.70966,1.70982,1.00,1.12
2016.01.08 16:53:55.219,1.70962,1.70978,1.75,1.00
2016.01.08 16:53:55.322,1.70961,1.70978,1.50,1.12
2016.01.08 16:53:55.981,1.70959,1.7098,1.00,1.95
2016.01.08 16:53:56.033,1.70959,1.7098,1.37,1.87
2016.01.08 16:53:56.340,1.70961,1.7098,1.37,1.12
2016.01.08 16:53:58.256,1.70964,1.70984,1.37,1.50
2016.01.08 16:53:58.543,1.70964,1.70986,3.37,2.25
2016.01.08 16:53:58.849,1.70967,1.70986,1.37,1.00
2016.01.08 16:53:59.103,1.70967,1.70986,1.00,1.00
2016.01.08 16:53:59.205,1.70966,1.70987,1.37,1.75
2016.01.08 16:53:59.795,1.70966,1.70985,1.37,1.75
2016.01.08 16:54:00.254,1.70966,1.70987,1.50,1.50
2016.01.08 16:54:02.390,1.70968,1.70988,1.50,1.85
2016.01.08 16:54:02.718,1.70972,1.7099,1.37,1.10
2016.01.08 16:54:03.237,1.70972,1.70991,1.37,1.12
2016.01.08 16:54:04.059,1.70972,1.7099,1.37,1.00
2016.01.08 16:54:04.163,1.70971,1.7099,1.87,1.50
2016.01.08 16:54:04.712,1.70973,1.7099,1.00,1.00
2016.01.08 16:54:05.222,1.70972,1.70991,1.75,1.00
2016.01.08 16:54:05.530,1.70969,1.70988,1.87,1.37
2016.01.08 16:54:05.581,1.70968,1.70986,1.12,1.50
2016.01.08 16:54:05.633,1.70966,1.70984,2.62,1.12
2016.01.08 16:54:06.141,1.70965,1.70984,1.12,1.50
2016.01.08 16:54:06.673,1.70965,1.70984,1.75,1.00
2016.01.08 16:54:06.776,1.70964,1.70982,1.87,1.00
2016.01.08 16:54:06.878,1.70964,1.70982,1.12,1.00
2016.01.08 16:54:07.337,1.70961,1.70981,1.37,1.37
2016.01.08 16:54:07.388,1.70961,1.70981,1.37,1.75
2016.01.08 16:54:07.755,1.70959,1.70981,3.00,1.75
2016.01.08 16:54:07.857,1.70959,1.70979,1.87,1.75
2016.01.08 16:54:08.163,1.70954,1.70975,1.87,1.75
2016.01.08 16:54:08.266,1.70954,1.70975,1.37,1.75
2016.01.08 16:54:09.171,1.70953,1.70973,1.87,1.50
2016.01.08 16:54:09.784,1.70953,1.70968,1.37,1.00
2016.01.08 16:54:09.886,1.70949,1.70968,1.87,1.12
2016.01.08 16:54:09.938,1.7095,1.70968,1.50,1.12
2016.01.08 16:54:10.885,1.7095,1.70964,1.12,1.00
2016.01.08 16:54:10.987,1.70944,1.70964,1.12,1.00
2016.01.08 16:54:11.140,1.70944,1.70961,1.37,1.00
2016.01.08 16:54:11.736,1.70944,1.70961,1.37,1.00
2016.01.08 16:54:12.246,1.70943,1.70964,1.12,1.37
2016.01.08 16:54:12.298,1.70943,1.70964,1.87,1.12
2016.01.08 16:54:12.842,1.70948,1.70965,1.00,1.00
2016.01.08 16:54:13.392,1.70948,1.70963,1.00,1.00
2016.01.08 16:54:13.849,1.70944,1.70961,1.50,1.00
2016.01.08 16:54:13.900,1.70941,1.70961,1.12,1.00
2016.01.08 16:54:13.952,1.70941,1.70957,1.12,1.00
2016.01.08 16:54:14.105,1.7094,1.70957,1.37,1.00
2016.01.08 16:54:15.466,1.7094,1.70957,1.12,1.12
2016.01.08 16:54:16.873,1.7094,1.70959,1.12,1.12
2016.01.08 16:54:17.076,1.7094,1.70959,1.75,1.00
2016.01.08 16:54:17.801,1.7094,1.70956,1.75,1.00
2016.01.08 16:54:18.005,1.70937,1.70954,1.00,1.00
2016.01.08 16:54:18.107,1.70937,1.70954,1.75,1.00
2016.01.08 16:54:19.734,1.70937,1.70957,1.75,2.25
2016.01.08 16:54:21.227,1.70937,1.70954,1.75,1.00
2016.01.08 16:54:22.718,1.70937,1.70954,1.12,1.12
2016.01.08 16:54:26.011,1.70935,1.70954,2.25,1.00
2016.01.08 16:54:26.949,1.70935,1.70953,2.62,1.00
2016.01.08 16:54:27.001,1.70933,1.70949,1.87,1.00
2016.01.08 16:54:27.308,1.70926,1.7094,1.00,1.50
2016.01.08 16:54:27.360,1.70924,1.7094,1.00,1.50
2016.01.08 16:54:27.514,1.70923,1.70939,1.12,1.00
2016.01.08 16:54:28.056,1.70923,1.70942,1.37,1.37
2016.01.08 16:54:28.108,1.70926,1.70942,1.37,1.37
2016.01.08 16:54:28.211,1.70926,1.70943,1.87,1.00
2016.01.08 16:54:28.314,1.70927,1.70945,1.12,1.00
2016.01.08 16:54:28.723,1.70929,1.70947,1.87,1.50
2016.01.08 16:54:29.258,1.70929,1.70946,1.75,1.12
2016.01.08 16:54:29.412,1.70929,1.70946,1.12,1.00
2016.01.08 16:54:30.102,1.70929,1.70947,1.12,1.00
2016.01.08 16:54:30.689,1.70929,1.70943,1.12,1.00
2016.01.08 16:54:30.740,1.70927,1.70943,1.00,1.00
2016.01.08 16:54:30.842,1.70926,1.70942,1.00,1.37
2016.01.08 16:54:31.350,1.70923,1.70943,1.75,1.87
2016.01.08 16:54:31.401,1.70923,1.70943,1.75,1.12
2016.01.08 16:54:31.941,1.70925,1.70944,1.12,1.50
2016.01.08 16:54:32.348,1.70928,1.70947,1.87,1.75
2016.01.08 16:54:32.401,1.7093,1.70947,1.12,1.12
2016.01.08 16:54:32.453,1.70933,1.70949,1.37,1.75
2016.01.08 16:54:32.504,1.70933,1.7095,1.87,1.00
2016.01.08 16:54:33.047,1.70934,1.70952,1.12,1.50
2016.01.08 16:54:33.580,1.70933,1.70952,1.12,1.00
2016.01.08 16:54:33.936,1.70938,1.70956,1.50,1.27
2016.01.08 16:54:34.595,1.7095,1.70958,1.00,1.37
2016.01.08 16:54:34.649,1.7095,1.7097,1.87,1.50
2016.01.08 16:54:35.161,1.70957,1.70973,1.00,1.47
2016.01.08 16:54:35.587,1.70962,1.70981,1.87,1.37
2016.01.08 16:54:35.639,1.70962,1.70981,2.25,1.00
2016.01.08 16:54:35.741,1.70963,1.70983,1.75,1.87
2016.01.08 16:54:36.722,1.70963,1.70983,1.75,1.12
2016.01.08 16:54:36.827,1.70963,1.70983,1.75,1.50
2016.01.08 16:54:37.101,1.70963,1.70981,1.75,1.00
2016.01.08 16:54:37.409,1.70961,1.70979,1.50,1.00
2016.01.08 16:54:37.978,1.70953,1.7097,2.62,1.00
2016.01.08 16:54:38.033,1.70953,1.70968,1.50,1.00
2016.01.08 16:54:38.292,1.70953,1.70966,1.00,1.00
2016.01.08 16:54:38.347,1.7095,1.70966,1.00,1.50
2016.01.08 16:54:38.501,1.70948,1.70966,1.50,1.50
2016.01.08 16:54:39.094,1.70946,1.70966,1.75,1.87
2016.01.08 16:54:39.507,1.70946,1.70964,1.37,1.37
2016.01.08 16:54:39.558,1.70946,1.70963,1.00,1.00
2016.01.08 16:54:40.829,1.70946,1.70964,1.37,1.50
2016.01.08 16:54:41.911,1.70949,1.70967,1.50,1.87
2016.01.08 16:54:42.421,1.70948,1.70967,1.75,1.87
2016.01.08 16:54:43.471,1.70944,1.70959,3.37,1.12
2016.01.08 16:54:43.523,1.70944,1.70958,1.00,1.00
2016.01.08 16:54:43.576,1.70942,1.70956,1.00,1.12
2016.01.08 16:54:43.680,1.70939,1.70955,1.12,1.12
2016.01.08 16:54:44.040,1.70938,1.70955,1.00,1.87
2016.01.08 16:54:44.143,1.70938,1.70955,1.00,1.50
2016.01.08 16:54:44.246,1.70936,1.70955,1.00,1.87
2016.01.08 16:54:44.589,1.70937,1.70955,1.37,1.37
2016.01.08 16:54:44.641,1.70937,1.70956,2.62,1.50
2016.01.08 16:54:48.530,1.70939,1.70956,1.00,1.00
2016.01.08 16:54:48.866,1.70941,1.70956,1.12,1.00
2016.01.08 16:54:49.069,1.70943,1.7096,1.12,1.50
2016.01.08 16:54:49.882,1.70945,1.70962,1.00,2.62
2016.01.08 16:54:49.983,1.70945,1.70962,1.50,1.87
2016.01.08 16:54:50.304,1.70948,1.70962,1.00,1.12
2016.01.08 16:54:50.814,1.70948,1.70966,1.87,1.50
2016.01.08 16:54:51.883,1.70951,1.70968,1.12,1.75
2016.01.08 16:54:52.189,1.70953,1.70971,1.00,1.82
2016.01.08 16:54:52.241,1.70955,1.70971,1.00,1.82
2016.01.08 16:54:52.648,1.70953,1.70971,1.00,1.20
2016.01.08 16:54:53.057,1.70949,1.70968,1.50,2.62
2016.01.08 16:54:53.373,1.70949,1.70967,1.50,1.75
2016.01.08 16:54:54.245,1.70946,1.70964,1.50,1.50
2016.01.08 16:54:54.347,1.70949,1.70963,1.00,1.00
2016.01.08 16:54:54.855,1.70949,1.70966,1.00,1.75
2016.01.08 16:54:58.430,1.70951,1.70967,1.00,1.87
2016.01.08 16:54:58.481,1.70951,1.70967,1.00,1.87
2016.01.08 16:54:58.786,1.70952,1.70968,1.00,1.50
2016.01.08 16:54:59.193,1.70954,1.70972,1.00,1.75
2016.01.08 16:55:00.007,1.70954,1.70972,1.50,1.00
2016.01.08 16:55:00.160,1.70958,1.70973,1.00,1.37
2016.01.08 16:55:00.695,1.70959,1.70973,1.12,1.00
2016.01.08 16:55:01.318,1.70957,1.70973,1.87,1.00
2016.01.08 16:55:01.521,1.70956,1.70973,1.12,1.12
2016.01.08 16:55:03.425,1.70957,1.70973,1.00,1.12
2016.01.08 16:55:04.112,1.70962,1.70973,1.00,1.00
2016.01.08 16:55:04.432,1.70964,1.70978,1.00,3.00
2016.01.08 16:55:04.483,1.70964,1.70983,1.12,1.12
2016.01.08 16:55:04.535,1.70967,1.70983,1.00,1.12
2016.01.08 16:55:04.586,1.70967,1.70983,1.00,1.00
2016.01.08 16:55:05.828,1.70965,1.70983,1.37,2.25
2016.01.08 16:55:06.590,1.70965,1.70983,2.25,1.00
2016.01.08 16:55:07.115,1.70965,1.70985,2.25,1.50
2016.01.08 16:55:07.623,1.70966,1.70985,1.75,1.87
2016.01.08 16:55:10.084,1.70967,1.70985,1.12,1.50
2016.01.08 16:55:11.139,1.70965,1.70983,2.25,1.12
2016.01.08 16:55:11.404,1.70965,1.70983,2.25,1.75
2016.01.08 16:55:11.458,1.70961,1.70979,1.50,2.25
2016.01.08 16:55:11.858,1.70962,1.7098,1.50,1.37
2016.01.08 16:55:11.965,1.7097,1.70988,1.00,1.50
2016.01.08 16:55:12.683,1.7097,1.70988,1.12,2.25
2016.01.08 16:55:14.592,1.7097,1.70988,1.37,1.00
2016.01.08 16:55:15.100,1.70973,1.7099,1.00,1.87
2016.01.08 16:55:15.639,1.7097,1.70989,1.50,1.87
2016.01.08 16:55:16.148,1.7097,1.70987,1.00,1.00
2016.01.08 16:55:17.246,1.70971,1.70988,1.00,1.50
2016.01.08 16:55:17.298,1.70971,1.70988,1.75,1.00
2016.01.08 16:55:17.400,1.70971,1.70989,1.00,1.12
2016.01.08 16:55:17.707,1.70971,1.70987,1.00,1.00
2016.01.08 16:55:18.118,1.70972,1.70989,1.00,1.12
2016.01.08 16:55:19.381,1.7097,1.70988,2.25,1.00
2016.01.08 16:55:19.897,1.7097,1.70987,1.50,1.00
2016.01.08 16:55:19.999,1.70969,1.70987,1.37,1.50
2016.01.08 16:55:20.572,1.70969,1.70985,1.00,1.50
2016.01.08 16:55:21.943,1.70968,1.70985,1.50,1.50
2016.01.08 16:55:22.670,1.70968,1.70987,2.25,3.00
2016.01.08 16:55:23.299,1.70969,1.70987,1.00,1.37
2016.01.08 16:55:23.604,1.70963,1.70979,1.12,2.62
2016.01.08 16:55:23.859,1.70956,1.70967,1.00,1.00
2016.01.08 16:55:23.962,1.70949,1.70964,1.87,1.37
2016.01.08 16:55:24.013,1.70949,1.70964,1.12,1.37
2016.01.08 16:55:24.376,1.70945,1.70963,3.00,1.12
2016.01.08 16:55:24.428,1.70945,1.70963,1.87,1.87
2016.01.08 16:55:24.936,1.70945,1.70964,1.87,1.75
2016.01.08 16:55:25.866,1.70947,1.70966,1.50,2.62
2016.01.08 16:55:26.172,1.70945,1.70963,2.62,1.50
2016.01.08 16:55:26.223,1.70945,1.70961,2.62,1.00
2016.01.08 16:55:26.529,1.70945,1.70958,1.00,1.00
2016.01.08 16:55:27.281,1.70942,1.70958,1.87,1.00
2016.01.08 16:55:27.642,1.70942,1.70956,1.50,1.00
2016.01.08 16:55:28.219,1.70945,1.70964,1.37,3.00
2016.01.08 16:55:28.575,1.70945,1.7096,1.00,1.12
2016.01.08 16:55:28.830,1.70943,1.7096,1.12,1.12
2016.01.08 16:55:28.983,1.70942,1.70958,1.50,2.25
2016.01.08 16:55:29.517,1.70937,1.70956,2.62,1.75
2016.01.08 16:55:29.569,1.70935,1.70953,2.25,1.50
2016.01.08 16:55:29.773,1.70935,1.70951,1.50,1.00
2016.01.08 16:55:29.825,1.70934,1.70951,1.37,1.12
2016.01.08 16:55:29.877,1.70933,1.70951,1.12,1.87
2016.01.08 16:55:30.612,1.7093,1.70947,1.50,2.25
2016.01.08 16:55:31.123,1.7093,1.70947,1.00,1.50
2016.01.08 16:55:33.539,1.7093,1.70947,1.37,1.50
2016.01.08 16:55:33.796,1.7093,1.70949,2.62,1.50
2016.01.08 16:55:33.847,1.70933,1.70949,1.00,1.00
2016.01.08 16:55:34.153,1.7093,1.70948,1.87,1.37
2016.01.08 16:55:35.102,1.70931,1.70948,1.37,1.87
2016.01.08 16:55:35.562,1.70931,1.7095,2.62,1.75
2016.01.08 16:55:35.665,1.70932,1.7095,1.37,1.37
2016.01.08 16:55:35.767,1.70934,1.7095,1.50,1.37
2016.01.08 16:55:35.870,1.70935,1.70953,1.50,1.00
2016.01.08 16:55:36.412,1.70936,1.70952,1.37,1.00
2016.01.08 16:55:36.626,1.70936,1.70952,1.00,1.50
2016.01.08 16:55:36.679,1.70936,1.7095,1.00,1.50
2016.01.08 16:55:36.999,1.70934,1.70946,1.12,1.00
2016.01.08 16:55:37.321,1.70927,1.70942,1.00,1.00
2016.01.08 16:55:37.830,1.70926,1.70942,1.50,1.00
2016.01.08 16:55:37.983,1.70927,1.7094,1.00,1.00
2016.01.08 16:55:38.676,1.70922,1.70937,1.00,1.00
2016.01.08 16:55:39.184,1.70921,1.70938,1.00,1.37
2016.01.08 16:55:39.712,1.7092,1.70938,1.00,1.87
2016.01.08 16:55:40.228,1.70919,1.70938,2.62,1.87
2016.01.08 16:55:40.584,1.70919,1.70935,1.12,1.00
2016.01.08 16:55:41.181,1.70919,1.70936,1.12,1.87
2016.01.08 16:55:41.689,1.70915,1.70935,1.87,1.50
2016.01.08 16:55:43.903,1.70915,1.70935,2.25,2.25
2016.01.08 16:55:44.235,1.70916,1.70932,1.50,1.00
2016.01.08 16:55:44.540,1.70916,1.70935,1.87,1.12
2016.01.08 16:55:44.958,1.70919,1.70937,1.87,1.12
2016.01.08 16:55:45.216,1.70921,1.70938,1.00,1.87
2016.01.08 16:55:45.267,1.70918,1.70935,1.12,1.00
2016.01.08 16:55:45.319,1.70919,1.70935,1.00,1.12
2016.01.08 16:55:45.421,1.70917,1.70935,1.00,1.50
2016.01.08 16:55:45.473,1.70917,1.70932,1.00,1.00
2016.01.08 16:55:45.780,1.70921,1.70938,1.37,1.12
2016.01.08 16:55:46.101,1.70921,1.70941,2.25,3.37
2016.01.08 16:55:46.711,1.70922,1.70941,1.75,1.50
2016.01.08 16:55:47.016,1.70932,1.70945,1.00,1.12
2016.01.08 16:55:47.378,1.70932,1.70947,1.50,1.00
2016.01.08 16:55:47.430,1.70934,1.70952,1.50,1.37
2016.01.08 16:55:48.103,1.70935,1.70953,1.37,1.47
2016.01.08 16:55:48.995,1.70935,1.70952,1.37,1.37
2016.01.08 16:55:49.098,1.70932,1.70952,2.25,3.00
2016.01.08 16:55:49.404,1.70931,1.70949,1.12,1.57
2016.01.08 16:55:50.217,1.70931,1.70949,1.87,1.12
2016.01.08 16:55:50.527,1.70933,1.70951,1.75,1.47
2016.01.08 16:55:50.833,1.70931,1.70941,1.12,1.37
2016.01.08 16:55:50.936,1.70931,1.7094,1.37,1.37
2016.01.08 16:55:51.266,1.70932,1.70943,1.50,1.45
2016.01.08 16:55:51.421,1.70929,1.7094,1.12,1.47
2016.01.08 16:55:51.728,1.70925,1.70936,1.00,1.87
2016.01.08 16:55:51.831,1.70923,1.70931,1.37,1.37
2016.01.08 16:55:51.934,1.70923,1.70934,1.37,1.37
2016.01.08 16:55:52.263,1.70918,1.70929,1.37,1.37
2016.01.08 16:55:52.315,1.70918,1.70929,1.00,1.50
2016.01.08 16:55:52.666,1.70916,1.70925,2.25,1.37
2016.01.08 16:55:52.718,1.70912,1.70926,1.12,1.37
2016.01.08 16:55:52.820,1.7091,1.70921,1.37,1.37
2016.01.08 16:55:53.467,1.70904,1.70919,1.50,1.47
2016.01.08 16:55:54.029,1.70904,1.7092,1.87,2.25
2016.01.08 16:55:54.677,1.70904,1.70919,1.37,1.47
2016.01.08 16:55:54.830,1.70903,1.70919,1.12,1.47
2016.01.08 16:55:55.338,1.70901,1.70918,2.25,1.37
2016.01.08 16:55:55.914,1.70902,1.70916,1.12,1.37
2016.01.08 16:55:56.423,1.709,1.70915,1.50,1.37
2016.01.08 16:55:56.474,1.709,1.70915,1.12,1.37
2016.01.08 16:55:56.729,1.70897,1.70911,1.87,1.37
2016.01.08 16:55:57.349,1.70897,1.70911,1.00,1.37
2016.01.08 16:55:58.016,1.70898,1.70911,1.00,1.37
2016.01.08 16:55:58.444,1.70894,1.70911,1.00,1.50
2016.01.08 16:55:58.648,1.70892,1.70908,1.50,1.37
2016.01.08 16:55:58.954,1.7089,1.70907,1.50,1.37
2016.01.08 16:55:59.158,1.70888,1.70903,1.00,1.87
2016.01.08 16:55:59.646,1.70881,1.70897,1.00,2.25
2016.01.08 16:55:59.951,1.70878,1.70893,1.50,1.37
2016.01.08 16:56:00.364,1.70877,1.70889,1.00,1.37
2016.01.08 16:56:01.015,1.70876,1.70889,1.12,1.37
2016.01.08 16:56:01.067,1.70876,1.70893,1.50,2.25
2016.01.08 16:56:01.424,1.70872,1.7089,1.50,1.00
2016.01.08 16:56:01.527,1.70871,1.7089,3.00,1.12
2016.01.08 16:56:01.629,1.70871,1.70887,2.25,1.37
2016.01.08 16:56:02.249,1.7087,1.70888,1.87,1.57
2016.01.08 16:56:02.758,1.7087,1.70887,1.00,1.47
2016.01.08 16:56:03.869,1.7087,1.70888,1.00,1.57
2016.01.08 16:56:04.278,1.70871,1.70887,1.50,1.37
2016.01.08 16:56:04.329,1.70871,1.7089,1.50,1.87
2016.01.08 16:56:04.443,1.70873,1.70889,1.75,1.37
2016.01.08 16:56:05.053,1.70873,1.7089,1.75,1.37
2016.01.08 16:56:05.358,1.70878,1.7089,1.00,1.37
2016.01.08 16:56:05.461,1.70878,1.70893,1.00,1.57
2016.01.08 16:56:05.564,1.70879,1.70895,1.12,1.47
2016.01.08 16:56:08.660,1.70877,1.70896,1.87,1.47
2016.01.08 16:56:09.355,1.70877,1.70895,1.87,1.37
2016.01.08 16:56:09.407,1.70881,1.70895,1.00,1.37
2016.01.08 16:56:09.740,1.70887,1.70903,1.00,1.75
2016.01.08 16:56:10.075,1.70882,1.70901,1.75,1.12
2016.01.08 16:56:10.177,1.70882,1.709,1.37,1.75
2016.01.08 16:56:10.686,1.70882,1.70899,1.00,1.37
2016.01.08 16:56:11.928,1.70884,1.70899,1.00,1.37
2016.01.08 16:56:11.980,1.70882,1.70899,1.12,1.37
2016.01.08 16:56:12.383,1.7088,1.70896,1.50,1.50
2016.01.08 16:56:12.435,1.7088,1.70896,1.00,1.50
2016.01.08 16:56:13.249,1.7088,1.70897,1.12,1.95
2016.01.08 16:56:13.794,1.70878,1.70896,1.12,1.50
2016.01.08 16:56:13.998,1.70879,1.70896,1.75,1.37
2016.01.08 16:56:14.354,1.70875,1.70894,1.50,2.62
2016.01.08 16:56:14.558,1.70878,1.70893,1.00,1.37
2016.01.08 16:56:15.183,1.70878,1.70894,1.00,1.37
2016.01.08 16:56:15.489,1.70879,1.70896,1.75,1.47
2016.01.08 16:56:15.897,1.7088,1.70898,2.25,1.95
2016.01.08 16:56:16.524,1.7088,1.70897,1.00,2.25
2016.01.08 16:56:16.576,1.70878,1.70897,1.87,2.25
2016.01.08 16:56:17.135,1.70878,1.70896,1.87,1.47
2016.01.08 16:56:17.957,1.70878,1.70897,1.87,3.00
2016.01.08 16:56:18.475,1.70878,1.70897,1.37,2.70
2016.01.08 16:56:18.781,1.70878,1.70893,1.12,1.37
2016.01.08 16:56:19.187,1.70876,1.70893,1.00,1.65
2016.01.08 16:56:19.699,1.70873,1.70893,1.75,2.32
2016.01.08 16:56:19.801,1.70873,1.70889,1.75,1.37
2016.01.08 16:56:20.578,1.70874,1.70891,1.00,1.10
2016.01.08 16:56:20.783,1.70874,1.70893,1.75,1.50
2016.01.08 16:56:21.089,1.70871,1.70888,1.12,1.37
2016.01.08 16:56:21.295,1.70868,1.70885,1.50,1.00
2016.01.08 16:56:21.722,1.70866,1.70884,2.25,1.12
2016.01.08 16:56:22.181,1.70866,1.70883,1.12,1.00
2016.01.08 16:56:23.195,1.70867,1.70883,1.00,1.00
2016.01.08 16:56:23.707,1.70867,1.70884,1.00,1.87
2016.01.08 16:56:24.439,1.70865,1.70884,1.37,1.87
2016.01.08 16:56:25.207,1.70866,1.70883,1.87,1.00
2016.01.08 16:56:26.023,1.70865,1.70883,1.87,1.12
2016.01.08 16:56:26.901,1.70864,1.70883,1.37,1.12
2016.01.08 16:56:27.424,1.70866,1.70879,1.00,1.00
2016.01.08 16:56:27.577,1.70866,1.70885,1.00,3.00
2016.01.08 16:56:27.679,1.70866,1.70885,1.50,3.00
2016.01.08 16:56:27.833,1.70868,1.70886,1.12,1.37
2016.01.08 16:56:27.935,1.70866,1.70886,1.50,1.12
2016.01.08 16:56:28.511,1.70866,1.70881,1.00,1.37
2016.01.08 16:56:28.613,1.70864,1.70882,1.87,1.12
2016.01.08 16:56:31.489,1.70859,1.70878,1.12,1.87
2016.01.08 16:56:31.545,1.70859,1.70878,1.00,1.12
2016.01.08 16:56:31.596,1.70859,1.70878,1.00,1.12
2016.01.08 16:56:32.524,1.70857,1.70873,1.12,1.00
2016.01.08 16:56:33.834,1.70855,1.70876,1.12,4.05
2016.01.08 16:56:34.994,1.70853,1.70872,1.87,1.12
2016.01.08 16:56:35.317,1.70849,1.70865,1.12,1.00
2016.01.08 16:56:35.419,1.70847,1.70864,1.37,1.00
2016.01.08 16:56:35.710,1.70847,1.70863,1.37,1.12
2016.01.08 16:56:36.222,1.70845,1.70863,1.75,1.00
2016.01.08 16:56:36.537,1.70844,1.70862,1.00,1.50
2016.01.08 16:56:38.712,1.70842,1.70858,1.00,1.00
2016.01.08 16:56:39.018,1.7084,1.70856,1.50,1.75
2016.01.08 16:56:39.749,1.70838,1.70855,1.37,1.00
2016.01.08 16:56:39.852,1.70833,1.70852,2.25,1.75
2016.01.08 16:56:40.107,1.70838,1.70854,1.00,1.12
2016.01.08 16:56:40.158,1.70834,1.70853,1.87,1.00
2016.01.08 16:56:40.413,1.70838,1.70853,1.00,1.00
2016.01.08 16:56:40.798,1.70832,1.70851,3.45,1.00
2016.01.08 16:56:41.118,1.70832,1.70852,1.87,1.75
2016.01.08 16:56:41.729,1.70832,1.70852,1.87,1.75
2016.01.08 16:56:42.256,1.7083,1.7085,1.87,1.75
2016.01.08 16:56:42.842,1.7083,1.7085,1.87,1.75
2016.01.08 16:56:44.331,1.70831,1.7085,1.12,1.12
2016.01.08 16:56:45.941,1.70831,1.7085,1.50,1.87
2016.01.08 16:56:47.629,1.70833,1.7085,1.00,1.37
2016.01.08 16:56:48.251,1.70834,1.70851,1.00,1.37
2016.01.08 16:56:48.962,1.70834,1.70851,1.00,1.87
2016.01.08 16:56:49.268,1.70834,1.70849,1.00,1.47
2016.01.08 16:56:49.851,1.70834,1.70848,1.00,1.37
2016.01.08 16:56:50.361,1.70834,1.70849,1.00,1.47
2016.01.08 16:56:51.669,1.70832,1.70849,1.00,1.47
2016.01.08 16:56:52.358,1.70831,1.70848,1.00,1.47
2016.01.08 16:56:52.512,1.70824,1.70843,4.80,1.00
2016.01.08 16:56:52.817,1.70821,1.70839,1.75,1.37
2016.01.08 16:56:53.545,1.70823,1.7084,1.12,1.50
2016.01.08 16:56:54.053,1.70823,1.70839,1.12,1.37
2016.01.08 16:56:54.665,1.70828,1.70846,1.00,1.37
2016.01.08 16:56:55.173,1.70825,1.70846,1.87,1.37
2016.01.08 16:56:56.164,1.70828,1.70846,1.00,2.62
2016.01.08 16:56:56.216,1.70827,1.70846,2.25,1.37
2016.01.08 16:56:56.318,1.70826,1.70846,1.75,1.50
2016.01.08 16:56:56.370,1.70826,1.70846,2.25,1.37
2016.01.08 16:56:56.472,1.70828,1.70848,1.75,1.50
2016.01.08 16:56:56.829,1.7083,1.70846,1.00,1.20
2016.01.08 16:56:56.880,1.70828,1.70844,1.37,1.12
2016.01.08 16:56:56.931,1.70828,1.70844,1.00,1.12
2016.01.08 16:56:57.084,1.70827,1.70844,1.87,1.87
2016.01.08 16:56:57.419,1.70827,1.70846,1.87,1.57
2016.01.08 16:56:57.623,1.70829,1.70849,1.12,2.25
2016.01.08 16:56:57.929,1.70828,1.70846,1.12,1.00
2016.01.08 16:56:58.677,1.70828,1.70846,1.12,1.50
2016.01.08 16:56:59.207,1.70828,1.70848,1.75,1.87
2016.01.08 16:56:59.749,1.70828,1.70848,2.25,1.00
2016.01.08 16:57:00.274,1.70831,1.7085,1.00,2.25
2016.01.08 16:57:00.614,1.70831,1.7085,1.12,3.00
2016.01.08 16:57:00.767,1.70831,1.7085,1.12,2.25
2016.01.08 16:57:04.775,1.70833,1.70852,1.12,1.37
2016.01.08 16:57:04.828,1.70833,1.70853,1.87,1.12
2016.01.08 16:57:04.932,1.70837,1.70851,1.00,1.00
2016.01.08 16:57:05.240,1.70838,1.70855,1.12,1.37
2016.01.08 16:57:05.756,1.70837,1.70854,1.75,1.37
2016.01.08 16:57:05.858,1.70837,1.70854,1.50,1.37
2016.01.08 16:57:06.368,1.70837,1.70854,1.75,1.37
2016.01.08 16:57:07.113,1.70837,1.70855,1.75,1.37
2016.01.08 16:57:07.510,1.70835,1.70852,1.75,1.45
2016.01.08 16:57:07.613,1.70831,1.7085,1.75,2.28
2016.01.08 16:57:07.715,1.70831,1.70848,1.37,1.08
2016.01.08 16:57:07.920,1.70831,1.70846,1.00,1.08
2016.01.08 16:57:08.236,1.70824,1.70841,1.75,1.20
2016.01.08 16:57:08.398,1.70824,1.70841,1.00,1.57
2016.01.08 16:57:08.907,1.70822,1.70841,1.50,1.85
2016.01.08 16:57:12.609,1.70828,1.70843,1.00,1.87
2016.01.08 16:57:13.189,1.70828,1.70844,1.00,1.95
2016.01.08 16:57:13.694,1.70828,1.70843,1.00,1.50
2016.01.08 16:57:14.309,1.70828,1.70841,1.00,1.12
2016.01.08 16:57:14.360,1.70828,1.70842,1.00,1.75
2016.01.08 16:57:14.566,1.70828,1.70842,1.00,1.50
2016.01.08 16:57:15.126,1.7083,1.70842,1.00,1.00
2016.01.08 16:57:15.664,1.70828,1.70842,1.00,1.12
2016.01.08 16:57:15.797,1.7083,1.70842,1.00,1.12
2016.01.08 16:57:16.255,1.70828,1.70842,1.00,1.87
2016.01.08 16:57:16.307,1.70828,1.70841,1.00,2.25
2016.01.08 16:57:16.812,1.70829,1.7084,1.00,2.62
2016.01.08 16:57:17.513,1.70829,1.7084,1.00,1.50
2016.01.08 16:57:17.784,1.70831,1.70847,1.87,3.00
2016.01.08 16:57:17.836,1.70833,1.70847,1.00,1.87
2016.01.08 16:57:18.041,1.70831,1.70848,1.87,1.12
2016.01.08 16:57:18.295,1.70831,1.70847,1.50,1.00
2016.01.08 16:57:18.832,1.70831,1.70849,1.37,3.07
2016.01.08 16:57:19.035,1.70831,1.70848,1.50,2.25
2016.01.08 16:57:19.341,1.70831,1.70848,1.37,1.12
2016.01.08 16:57:19.853,1.70831,1.70849,1.37,2.62
2016.01.08 16:57:20.209,1.7083,1.70849,1.87,1.00
2016.01.08 16:57:20.311,1.7083,1.70847,2.25,1.37
2016.01.08 16:57:20.363,1.70831,1.70847,1.00,1.50
2016.01.08 16:57:20.617,1.7083,1.70843,1.00,1.37
2016.01.08 16:57:21.154,1.7083,1.70842,1.00,1.37
2016.01.08 16:57:21.702,1.7083,1.70843,1.00,1.37
2016.01.08 16:57:22.029,1.7083,1.70845,1.00,1.37
2016.01.08 16:57:22.675,1.70831,1.70848,1.87,1.37
2016.01.08 16:57:23.761,1.70832,1.70846,1.00,1.37
2016.01.08 16:57:24.302,1.70832,1.70846,1.12,1.00
2016.01.08 16:57:24.353,1.70834,1.70846,1.00,1.12
2016.01.08 16:57:24.557,1.70836,1.70849,1.00,1.00
2016.01.08 16:57:24.950,1.70839,1.7085,1.00,1.00
2016.01.08 16:57:25.396,1.70837,1.7085,1.00,1.00
2016.01.08 16:57:25.550,1.70838,1.70851,1.00,1.12
2016.01.08 16:57:26.005,1.70845,1.70856,1.00,3.00
2016.01.08 16:57:26.056,1.70844,1.70859,1.00,1.87
2016.01.08 16:57:26.311,1.70849,1.70862,1.00,1.12
2016.01.08 16:57:26.362,1.70851,1.70864,1.00,1.12
2016.01.08 16:57:26.464,1.70851,1.70867,1.00,1.50
2016.01.08 16:57:26.821,1.70851,1.70865,1.00,1.37
2016.01.08 16:57:27.141,1.70851,1.70866,1.00,1.00
2016.01.08 16:57:27.194,1.7085,1.70867,1.00,1.95
2016.01.08 16:57:28.394,1.7085,1.70867,1.00,1.20
2016.01.08 16:57:28.445,1.70848,1.70867,1.00,1.95
2016.01.08 16:57:28.599,1.70848,1.70862,1.00,1.12
2016.01.08 16:57:28.855,1.70848,1.70863,1.00,1.00
2016.01.08 16:57:29.110,1.70847,1.70861,1.00,1.00
2016.01.08 16:57:29.643,1.70846,1.70861,1.12,1.00
2016.01.08 16:57:30.017,1.70848,1.70861,1.00,1.00
2016.01.08 16:57:30.323,1.70855,1.7087,1.12,1.37
2016.01.08 16:57:30.898,1.70855,1.70873,1.12,1.75
2016.01.08 16:57:31.102,1.70853,1.7087,1.00,1.37
2016.01.08 16:57:31.409,1.70857,1.70872,1.00,1.95
2016.01.08 16:57:31.715,1.70859,1.70874,1.00,1.75
2016.01.08 16:57:32.126,1.70861,1.70874,1.00,1.50
2016.01.08 16:57:32.194,1.70864,1.70878,1.00,1.87
2016.01.08 16:57:33.458,1.70862,1.70878,1.00,1.87
2016.01.08 16:57:33.765,1.70864,1.70878,1.00,1.37
2016.01.08 16:57:33.816,1.70864,1.70879,1.00,1.00
2016.01.08 16:57:34.366,1.70864,1.7088,1.50,1.87
2016.01.08 16:57:34.621,1.70862,1.70878,1.12,1.00
2016.01.08 16:57:35.138,1.70862,1.70878,1.00,1.37
2016.01.08 16:57:35.991,1.70861,1.70877,1.12,1.12
2016.01.08 16:57:36.042,1.70861,1.70876,1.12,1.50
2016.01.08 16:57:37.048,1.70861,1.70879,1.87,1.95
2016.01.08 16:57:37.506,1.70861,1.70879,2.25,1.37
2016.01.08 16:57:38.054,1.70861,1.70878,2.25,1.37
2016.01.08 16:57:38.309,1.70861,1.70879,1.50,1.87
2016.01.08 16:57:38.867,1.70862,1.70879,1.00,1.50
2016.01.08 16:57:39.661,1.70862,1.70878,1.00,1.37
2016.01.08 16:57:40.826,1.70862,1.70879,1.00,1.50
2016.01.08 16:57:41.329,1.70862,1.70878,1.00,1.37
2016.01.08 16:57:41.839,1.70861,1.70876,1.00,1.00
2016.01.08 16:57:41.941,1.70861,1.70874,1.00,1.37
2016.01.08 16:57:43.111,1.70861,1.70876,1.00,1.75
2016.01.08 16:57:43.533,1.70861,1.70878,1.00,1.85
2016.01.08 16:57:44.054,1.70864,1.7088,1.00,1.37
2016.01.08 16:57:45.089,1.70866,1.7088,1.00,1.37
2016.01.08 16:57:45.417,1.70866,1.70881,1.00,1.37
2016.01.08 16:57:45.926,1.70866,1.70881,1.00,1.12
2016.01.08 16:57:46.231,1.70868,1.70881,1.00,1.12
2016.01.08 16:57:46.751,1.70873,1.70886,1.00,2.62
2016.01.08 16:57:46.803,1.70873,1.70889,1.00,1.75
2016.01.08 16:57:47.312,1.70874,1.70889,1.00,1.37
2016.01.08 16:57:48.348,1.70874,1.7089,1.00,1.57
2016.01.08 16:57:48.765,1.70874,1.70892,1.00,1.87
2016.01.08 16:57:49.275,1.70875,1.70891,1.00,1.37
2016.01.08 16:57:49.377,1.70875,1.70892,1.00,1.12
2016.01.08 16:57:49.799,1.70885,1.70898,1.12,1.00
2016.01.08 16:57:49.903,1.70885,1.709,1.87,1.00
2016.01.08 16:57:50.006,1.70885,1.70903,1.00,1.12
2016.01.08 16:57:50.057,1.70885,1.70903,1.00,1.37
2016.01.08 16:57:50.313,1.70885,1.70905,1.12,2.25
2016.01.08 16:57:50.364,1.70885,1.70901,1.12,1.37
2016.01.08 16:57:50.797,1.70889,1.70901,1.87,1.87
2016.01.08 16:57:50.849,1.70892,1.7091,1.12,1.50
2016.01.08 16:57:50.901,1.70895,1.7091,1.00,1.12
2016.01.08 16:57:51.208,1.70895,1.7091,1.00,1.12
2016.01.08 16:57:52.065,1.70896,1.70914,1.12,1.87
2016.01.08 16:57:52.117,1.70901,1.70917,1.12,1.12
2016.01.08 16:57:52.219,1.70899,1.70917,1.00,2.25
2016.01.08 16:57:52.270,1.70898,1.70914,1.37,1.12
2016.01.08 16:57:52.779,1.70901,1.70917,1.00,1.75
2016.01.08 16:57:53.094,1.70901,1.70917,1.00,1.37
2016.01.08 16:57:54.024,1.70901,1.7092,1.37,1.75
2016.01.08 16:57:54.441,1.70905,1.70925,1.12,1.12
2016.01.08 16:57:54.543,1.70905,1.70923,1.00,1.50
2016.01.08 16:57:54.595,1.70905,1.7092,1.00,1.50
2016.01.08 16:57:54.901,1.70899,1.70912,1.00,1.12
2016.01.08 16:57:55.486,1.70899,1.70917,1.37,1.75
2016.01.08 16:57:55.843,1.70901,1.7092,1.12,2.25
2016.01.08 16:57:55.996,1.70904,1.70921,1.00,2.25
2016.01.08 16:57:56.302,1.70904,1.70924,1.37,1.75
2016.01.08 16:57:56.404,1.70903,1.7092,1.00,1.37
2016.01.08 16:57:56.998,1.70902,1.7092,2.62,1.37
2016.01.08 16:57:57.307,1.70904,1.70923,1.00,2.25
2016.01.08 16:57:57.411,1.70901,1.70923,2.25,1.95
2016.01.08 16:57:58.089,1.70904,1.70923,1.00,1.75
2016.01.08 16:57:58.968,1.70905,1.70924,1.37,1.87
2016.01.08 16:57:59.020,1.70906,1.70924,1.00,1.12
2016.01.08 16:57:59.384,1.70907,1.70925,1.00,1.00
2016.01.08 16:57:59.740,1.70905,1.70924,1.50,1.37
2016.01.08 16:58:00.097,1.70908,1.70922,1.37,1.00
2016.01.08 16:58:00.399,1.70909,1.70927,1.87,1.37
2016.01.08 16:58:00.838,1.70911,1.70927,1.37,1.37
2016.01.08 16:58:01.144,1.70927,1.7094,1.00,1.75
2016.01.08 16:58:01.198,1.70927,1.70944,1.37,1.12
2016.01.08 16:58:01.302,1.70928,1.70945,1.12,1.37
2016.01.08 16:58:01.456,1.7093,1.70945,1.00,1.37
2016.01.08 16:58:01.871,1.70932,1.70947,1.00,1.00
2016.01.08 16:58:02.024,1.70936,1.7095,1.00,1.12
2016.01.08 16:58:02.279,1.7094,1.70956,1.12,1.00
2016.01.08 16:58:02.381,1.70942,1.70957,1.00,1.00
2016.01.08 16:58:02.867,1.70943,1.7096,1.37,1.95
2016.01.08 16:58:03.174,1.70945,1.7096,1.37,1.50
2016.01.08 16:58:03.684,1.70945,1.70961,1.37,1.12
2016.01.08 16:58:04.295,1.70947,1.70963,1.87,1.87
2016.01.08 16:58:04.348,1.70948,1.70964,1.37,1.50
2016.01.08 16:58:04.858,1.70947,1.70962,1.87,1.00
2016.01.08 16:58:05.062,1.70946,1.70962,1.37,1.00
2016.01.08 16:58:06.008,1.70945,1.70964,3.37,1.37
2016.01.08 16:58:06.994,1.70948,1.70965,1.37,1.37
2016.01.08 16:58:09.417,1.70946,1.70965,1.87,1.75
2016.01.08 16:58:09.840,1.70949,1.70966,1.50,1.00
2016.01.08 16:58:09.891,1.70949,1.70966,3.37,1.00
2016.01.08 16:58:10.044,1.70952,1.70972,1.12,2.25
2016.01.08 16:58:10.146,1.70953,1.70972,1.12,1.87
2016.01.08 16:58:10.675,1.70953,1.70972,1.12,1.00
2016.01.08 16:58:12.679,1.70953,1.70972,1.12,1.37
2016.01.08 16:58:12.935,1.70953,1.70968,1.12,1.00
2016.01.08 16:58:13.393,1.70948,1.70967,1.37,1.87
2016.01.08 16:58:13.813,1.70946,1.70965,1.75,1.37
2016.01.08 16:58:14.080,1.70943,1.7096,1.12,1.50
2016.01.08 16:58:14.182,1.70943,1.7096,1.12,2.25
2016.01.08 16:58:14.284,1.70937,1.70955,2.25,1.00
2016.01.08 16:58:14.386,1.70937,1.70957,1.37,3.00
2016.01.08 16:58:14.539,1.70937,1.70955,2.25,1.00
2016.01.08 16:58:15.012,1.70938,1.70958,1.12,1.87
2016.01.08 16:58:15.063,1.70939,1.70958,2.25,1.37
2016.01.08 16:58:15.573,1.70939,1.70958,2.25,1.87
2016.01.08 16:58:16.388,1.70939,1.70955,1.87,1.00
2016.01.08 16:58:17.050,1.70939,1.70956,3.37,1.50
2016.01.08 16:58:17.152,1.7094,1.70959,1.87,1.75
2016.01.08 16:58:17.575,1.70956,1.7096,1.50,1.00
2016.01.08 16:58:17.627,1.70958,1.70972,1.00,2.25
2016.01.08 16:58:17.729,1.70958,1.70976,2.25,2.25
2016.01.08 16:58:18.136,1.70959,1.70981,2.62,1.75
2016.01.08 16:58:18.187,1.7096,1.70979,1.37,1.00
2016.01.08 16:58:18.869,1.70961,1.70982,1.37,1.87
2016.01.08 16:58:20.310,1.70964,1.70983,1.87,1.37
2016.01.08 16:58:20.514,1.70964,1.70983,1.37,1.75
2016.01.08 16:58:21.501,1.70964,1.70983,1.37,2.25
2016.01.08 16:58:22.010,1.70963,1.70981,1.37,1.00
2016.01.08 16:58:23.132,1.70963,1.70981,1.37,1.50
2016.01.08 16:58:23.387,1.70963,1.70981,1.37,2.25
2016.01.08 16:58:23.439,1.70963,1.70981,1.37,1.50
2016.01.08 16:58:23.594,1.70963,1.70984,1.87,1.95
2016.01.08 16:58:24.009,1.70963,1.70984,1.37,1.95
2016.01.08 16:58:24.467,1.7096,1.70982,1.47,2.25
2016.01.08 16:58:24.518,1.70959,1.70977,1.20,1.00
2016.01.08 16:58:24.621,1.70958,1.70978,1.85,1.87
2016.01.08 16:58:24.934,1.70957,1.70975,1.12,1.12
2016.01.08 16:58:25.689,1.70959,1.70977,1.12,1.00
2016.01.08 16:58:25.994,1.70963,1.70979,1.00,1.00
2016.01.08 16:58:26.248,1.70962,1.70982,1.12,2.70
2016.01.08 16:58:26.578,1.70964,1.70982,1.50,1.50
2016.01.08 16:58:27.100,1.70965,1.70984,1.50,1.12
2016.01.08 16:58:27.455,1.70965,1.70987,1.50,2.32
2016.01.08 16:58:27.976,1.70965,1.70982,1.75,1.50
2016.01.08 16:58:28.493,1.70965,1.70982,1.12,1.57
2016.01.08 16:58:29.438,1.70966,1.7098,1.00,1.00
2016.01.08 16:58:29.898,1.70963,1.70981,1.37,1.12
2016.01.08 16:58:30.306,1.70965,1.70982,1.37,1.12
2016.01.08 16:58:30.622,1.70962,1.70981,1.50,1.00
2016.01.08 16:58:30.979,1.70962,1.70981,1.75,1.12
2016.01.08 16:58:31.339,1.70961,1.70977,1.37,1.00
2016.01.08 16:58:31.668,1.70961,1.70977,1.37,1.37
2016.01.08 16:58:31.720,1.70957,1.70975,1.95,1.12
2016.01.08 16:58:31.773,1.70957,1.70973,1.57,1.37
2016.01.08 16:58:32.335,1.70956,1.70973,1.12,2.25
2016.01.08 16:58:32.858,1.70956,1.70971,1.00,1.50
2016.01.08 16:58:33.466,1.70956,1.70971,1.00,1.12
2016.01.08 16:58:33.670,1.70951,1.7097,1.75,1.37
2016.01.08 16:58:33.825,1.70952,1.7097,1.12,1.00
2016.01.08 16:58:34.114,1.70954,1.70972,1.00,2.62
2016.01.08 16:58:34.523,1.70953,1.70974,1.50,1.85
2016.01.08 16:58:35.237,1.70954,1.70971,1.37,1.00
2016.01.08 16:58:35.746,1.70955,1.70974,1.50,1.37
2016.01.08 16:58:35.848,1.70955,1.70974,1.37,1.12
2016.01.08 16:58:35.950,1.70957,1.70975,1.00,1.20
2016.01.08 16:58:36.402,1.70957,1.70976,1.50,1.00
2016.01.08 16:58:36.812,1.70959,1.70979,1.87,1.12
2016.01.08 16:58:37.067,1.70959,1.7098,1.87,1.75
2016.01.08 16:58:37.984,1.70959,1.70976,1.37,1.50
2016.01.08 16:58:38.290,1.70954,1.70974,2.25,1.12
2016.01.08 16:58:38.597,1.70953,1.70974,1.87,1.75
2016.01.08 16:58:39.126,1.70951,1.7097,1.37,1.75
2016.01.08 16:58:39.230,1.7095,1.70968,1.00,1.12
2016.01.08 16:58:39.281,1.7095,1.70965,1.00,1.00
2016.01.08 16:58:39.589,1.70947,1.70962,1.12,1.75
2016.01.08 16:58:39.640,1.70947,1.70962,1.12,1.50
2016.01.08 16:58:39.692,1.70947,1.70957,1.12,1.00
2016.01.08 16:58:39.795,1.70944,1.70963,2.25,2.62
2016.01.08 16:58:39.846,1.70942,1.70963,2.62,2.62
2016.01.08 16:58:40.365,1.70942,1.70963,2.62,1.87
2016.01.08 16:58:40.782,1.70942,1.70961,1.00,1.75
2016.01.08 16:58:40.834,1.7094,1.70959,2.62,1.75
2016.01.08 16:58:40.936,1.70942,1.70961,1.50,1.37
2016.01.08 16:58:41.038,1.70945,1.70963,1.37,2.02
2016.01.08 16:58:41.411,1.70946,1.70963,1.12,1.50
2016.01.08 16:58:41.672,1.70945,1.70963,1.00,1.12
2016.01.08 16:58:42.030,1.70943,1.70962,1.50,1.85
2016.01.08 16:58:42.235,1.70943,1.70961,1.12,1.00
2016.01.08 16:58:42.288,1.70943,1.70961,1.12,2.32
2016.01.08 16:58:42.606,1.70937,1.70958,3.07,1.50
2016.01.08 16:58:42.658,1.70937,1.70957,2.70,1.37
2016.01.08 16:58:42.913,1.70936,1.70957,1.75,1.12
2016.01.08 16:58:42.964,1.70936,1.70957,1.50,1.12
2016.01.08 16:58:43.841,1.70937,1.70957,1.87,1.12
2016.01.08 16:58:43.996,1.7094,1.70957,1.37,1.12
2016.01.08 16:58:44.048,1.7094,1.70958,1.50,1.37
2016.01.08 16:58:44.657,1.7094,1.70957,1.37,1.75
2016.01.08 16:58:45.836,1.7094,1.70958,1.87,1.37
2016.01.08 16:58:46.089,1.70942,1.70958,1.37,1.00
2016.01.08 16:58:46.672,1.70945,1.70962,1.37,2.25
2016.01.08 16:58:48.152,1.70946,1.70964,1.12,1.95
2016.01.08 16:58:49.386,1.70946,1.70964,1.50,1.57
2016.01.08 16:58:49.437,1.70946,1.70965,1.87,2.25
2016.01.08 16:58:50.342,1.70946,1.70966,1.50,2.25
2016.01.08 16:58:50.879,1.70946,1.70966,1.50,2.25
2016.01.08 16:58:50.930,1.70946,1.70964,1.50,1.75
2016.01.08 16:58:51.438,1.70946,1.70963,1.50,1.50
2016.01.08 16:58:52.290,1.70946,1.70963,1.12,1.50
2016.01.08 16:58:52.347,1.70946,1.70961,1.00,1.75
2016.01.08 16:58:52.855,1.70946,1.70961,1.00,1.75
2016.01.08 16:58:53.058,1.70942,1.70961,2.25,1.87
2016.01.08 16:58:53.565,1.70946,1.70961,1.00,1.87
2016.01.08 16:58:54.631,1.70944,1.70962,1.12,1.12
2016.01.08 16:58:55.410,1.70944,1.70962,1.37,1.75
2016.01.08 16:58:55.513,1.70944,1.70962,1.37,1.75
2016.01.08 16:58:56.596,1.70944,1.70961,1.37,3.00
2016.01.08 16:58:57.410,1.70941,1.70958,1.37,1.75
2016.01.08 16:58:57.461,1.70941,1.70958,1.37,1.75
2016.01.08 16:58:58.044,1.70943,1.7096,1.37,2.25
2016.01.08 16:58:58.096,1.70943,1.70962,1.37,1.75
2016.01.08 16:58:58.199,1.70944,1.70963,2.25,1.87
2016.01.08 16:58:59.007,1.70944,1.70962,1.75,1.75
2016.01.08 16:58:59.109,1.70944,1.70961,1.00,1.20
2016.01.08 16:58:59.630,1.70942,1.7096,1.37,1.20
2016.01.08 16:58:59.935,1.70942,1.70958,1.87,1.00
2016.01.08 16:59:00.037,1.7094,1.70958,1.50,1.20
2016.01.08 16:59:00.088,1.7094,1.70956,1.12,1.00
2016.01.08 16:59:00.393,1.70938,1.70951,1.75,1.00
2016.01.08 16:59:01.087,1.70936,1.70951,1.50,1.00
2016.01.08 16:59:01.189,1.70936,1.70955,1.87,1.50
2016.01.08 16:59:01.393,1.70938,1.70956,1.37,2.62
2016.01.08 16:59:01.966,1.70944,1.70956,1.87,1.75
2016.01.08 16:59:02.017,1.70944,1.70962,1.87,1.95
2016.01.08 16:59:02.120,1.70947,1.70966,1.50,2.32
2016.01.08 16:59:02.476,1.70949,1.70965,1.37,1.00
2016.01.08 16:59:03.393,1.70949,1.70965,1.00,1.00
2016.01.08 16:59:03.914,1.70949,1.70965,1.00,1.37
2016.01.08 16:59:03.965,1.70949,1.70964,1.00,1.50
2016.01.08 16:59:04.119,1.70947,1.70964,1.12,2.25
2016.01.08 16:59:04.671,1.70946,1.70964,1.50,1.87
2016.01.08 16:59:04.722,1.70946,1.70962,1.12,1.87
2016.01.08 16:59:05.029,1.70935,1.70951,1.37,1.87
2016.01.08 16:59:05.606,1.70929,1.70943,1.37,3.00
2016.01.08 16:59:05.710,1.70933,1.70946,1.37,1.75
2016.01.08 16:59:05.814,1.70934,1.70952,1.75,1.75
2016.01.08 16:59:05.866,1.70932,1.70951,2.62,1.75
2016.01.08 16:59:06.122,1.70931,1.70945,1.37,1.00
2016.01.08 16:59:06.174,1.70928,1.70945,1.50,1.50
2016.01.08 16:59:06.225,1.70927,1.70945,1.37,4.12
2016.01.08 16:59:06.639,1.70937,1.70945,1.00,1.87
2016.01.08 16:59:06.691,1.70937,1.70953,1.00,1.50
2016.01.08 16:59:06.844,1.70937,1.70954,1.37,1.37
2016.01.08 16:59:07.115,1.70939,1.70958,1.00,2.62
2016.01.08 16:59:07.725,1.70936,1.70955,2.25,1.50
2016.01.08 16:59:07.987,1.70936,1.70955,1.12,3.00
2016.01.08 16:59:08.292,1.70933,1.70952,1.12,1.87
2016.01.08 16:59:08.904,1.70931,1.7095,1.50,1.12
2016.01.08 16:59:09.414,1.70933,1.70952,1.12,3.45
2016.01.08 16:59:09.950,1.70931,1.70952,3.00,1.87
2016.01.08 16:59:10.596,1.70932,1.70945,1.37,2.25
2016.01.08 16:59:10.648,1.70927,1.70936,1.00,1.00
2016.01.08 16:59:10.699,1.70927,1.70936,1.00,1.75
2016.01.08 16:59:10.751,1.70921,1.70936,1.50,1.75
2016.01.08 16:59:11.007,1.70919,1.70936,1.00,1.50
2016.01.08 16:59:11.212,1.70919,1.70935,1.00,1.75
2016.01.08 16:59:12.116,1.70919,1.70934,1.00,1.00
2016.01.08 16:59:12.625,1.70919,1.70934,1.37,1.00
2016.01.08 16:59:13.065,1.70924,1.70934,1.00,1.00
2016.01.08 16:59:13.371,1.70926,1.70942,1.37,1.37
2016.01.08 16:59:14.148,1.70929,1.70947,1.00,1.00
2016.01.08 16:59:14.200,1.70929,1.70948,1.00,1.12
2016.01.08 16:59:14.730,1.70929,1.70948,1.00,1.12
2016.01.08 16:59:17.139,1.70929,1.70949,1.00,1.75
2016.01.08 16:59:17.546,1.70929,1.70948,1.00,1.75
2016.01.08 16:59:17.800,1.70925,1.70942,1.87,1.00
2016.01.08 16:59:18.349,1.70925,1.70941,1.00,1.00
2016.01.08 16:59:18.654,1.70925,1.70944,1.50,2.25
2016.01.08 16:59:18.756,1.70925,1.70942,1.00,1.37
2016.01.08 16:59:19.509,1.70924,1.70942,1.50,1.50
2016.01.08 16:59:19.833,1.70925,1.70943,1.37,1.00
2016.01.08 16:59:20.758,1.70924,1.70942,1.12,2.25
2016.01.08 16:59:21.218,1.70926,1.70942,1.00,2.25
2016.01.08 16:59:21.473,1.70928,1.70947,1.00,1.75
2016.01.08 16:59:21.626,1.70928,1.7095,1.12,5.40
2016.01.08 16:59:22.209,1.70929,1.70949,1.00,1.12
2016.01.08 16:59:22.363,1.70929,1.70948,1.37,1.20
2016.01.08 16:59:22.670,1.70931,1.70945,1.12,1.50
2016.01.08 16:59:23.204,1.70931,1.70945,1.12,2.25
2016.01.08 16:59:23.669,1.70928,1.70945,1.37,2.25
2016.01.08 16:59:24.986,1.70926,1.70944,1.37,1.75
2016.01.08 16:59:25.038,1.70925,1.70944,1.12,1.75
2016.01.08 16:59:25.141,1.70924,1.70938,1.37,1.00
2016.01.08 16:59:25.454,1.70923,1.7094,1.37,2.25
2016.01.08 16:59:25.556,1.70923,1.7094,1.12,2.25
2016.01.08 16:59:26.065,1.70921,1.70941,2.25,1.75
2016.01.08 16:59:26.167,1.70924,1.70942,1.00,2.25
2016.01.08 16:59:26.269,1.70924,1.70943,1.12,3.37
2016.01.08 16:59:26.321,1.70924,1.70943,1.37,2.25
2016.01.08 16:59:26.372,1.70927,1.70947,1.37,4.20
2016.01.08 16:59:26.973,1.70934,1.70947,1.50,3.82
2016.01.08 16:59:27.025,1.70938,1.70956,1.00,1.37
2016.01.08 16:59:27.079,1.70938,1.70957,1.00,1.00
2016.01.08 16:59:27.239,1.7094,1.70958,1.00,1.50
2016.01.08 16:59:28.181,1.7094,1.70958,1.00,2.62
2016.01.08 16:59:28.232,1.70938,1.70956,1.00,1.00
2016.01.08 16:59:28.741,1.70939,1.70956,1.00,1.00
2016.01.08 16:59:29.184,1.70938,1.70953,1.00,1.75
2016.01.08 16:59:29.239,1.70933,1.70952,1.12,1.12
2016.01.08 16:59:29.342,1.70935,1.70953,1.00,1.12
2016.01.08 16:59:29.393,1.70935,1.70953,1.00,1.12
2016.01.08 16:59:29.444,1.70938,1.70953,1.00,1.37
2016.01.08 16:59:29.750,1.70948,1.70965,1.00,1.12
2016.01.08 16:59:30.286,1.70949,1.70966,1.00,1.12
2016.01.08 16:59:30.668,1.70944,1.70964,2.25,1.12
2016.01.08 16:59:30.721,1.70948,1.70964,1.00,1.20
2016.01.08 16:59:30.772,1.70949,1.70965,1.00,1.75
2016.01.08 16:59:30.925,1.70949,1.70966,1.00,1.37
2016.01.08 16:59:30.977,1.70951,1.70966,1.00,1.37
2016.01.08 16:59:31.079,1.70949,1.70966,1.00,1.37
2016.01.08 16:59:31.715,1.70949,1.70966,1.00,1.12
2016.01.08 16:59:31.971,1.70949,1.70966,1.00,1.12
2016.01.08 16:59:32.073,1.70949,1.70964,1.00,1.00
2016.01.08 16:59:32.379,1.70946,1.70962,1.00,1.00
2016.01.08 16:59:32.729,1.70943,1.70964,1.50,1.12
2016.01.08 16:59:32.935,1.70945,1.70965,1.00,3.45
2016.01.08 16:59:33.090,1.70944,1.70962,1.00,1.00
2016.01.08 16:59:33.446,1.70944,1.70964,1.37,1.12
2016.01.08 16:59:33.948,1.70944,1.70961,1.00,1.12
2016.01.08 16:59:34.050,1.70941,1.70961,1.87,1.12
2016.01.08 16:59:34.152,1.70941,1.70961,1.00,2.62
2016.01.08 16:59:35.188,1.7094,1.70958,2.25,1.00
2016.01.08 16:59:35.802,1.70942,1.70958,1.00,1.00
2016.01.08 16:59:36.530,1.70943,1.70962,1.00,1.75
2016.01.08 16:59:37.213,1.70945,1.70964,1.00,3.00
2016.01.08 16:59:37.316,1.70945,1.70963,1.50,1.00
2016.01.08 16:59:37.368,1.70947,1.70963,1.00,1.00
2016.01.08 16:59:38.213,1.70948,1.70965,1.00,1.12
2016.01.08 16:59:38.764,1.70948,1.70966,1.57,1.37
2016.01.08 16:59:38.865,1.70948,1.70966,1.57,1.00
2016.01.08 16:59:39.462,1.70948,1.70966,1.00,1.00
2016.01.08 16:59:40.454,1.7095,1.70966,1.00,1.00
2016.01.08 16:59:42.285,1.7095,1.70965,1.50,1.12
2016.01.08 16:59:42.622,1.70948,1.70963,1.00,1.12
2016.01.08 16:59:43.156,1.70949,1.70965,1.00,1.12
2016.01.08 16:59:43.824,1.70957,1.70967,1.00,2.55
2016.01.08 16:59:43.876,1.70957,1.70975,1.00,1.87
2016.01.08 16:59:44.030,1.70957,1.70976,1.50,1.50
2016.01.08 16:59:44.234,1.70959,1.70975,1.00,1.37
2016.01.08 16:59:44.287,1.70957,1.70975,1.00,1.37
2016.01.08 16:59:44.440,1.70956,1.70976,1.10,3.00
2016.01.08 16:59:44.542,1.70956,1.70976,1.20,1.75
2016.01.08 16:59:45.071,1.70956,1.70973,1.10,1.37
2016.01.08 16:59:45.601,1.70955,1.70973,1.00,1.37
2016.01.08 16:59:45.908,1.7095,1.70966,1.10,1.12
2016.01.08 16:59:46.010,1.70947,1.70965,1.00,1.87
2016.01.08 16:59:46.061,1.70945,1.70965,1.57,2.62
2016.01.08 16:59:46.113,1.70945,1.70965,1.57,2.62
2016.01.08 16:59:46.378,1.70946,1.70965,1.00,1.87
2016.01.08 16:59:46.481,1.70948,1.70968,1.00,1.37
2016.01.08 16:59:46.532,1.7095,1.70968,1.12,1.37
2016.01.08 16:59:46.737,1.7095,1.7097,1.37,1.50
2016.01.08 16:59:47.043,1.7095,1.70968,1.37,1.37
2016.01.08 16:59:47.645,1.7095,1.70967,1.37,1.75
2016.01.08 16:59:47.697,1.7095,1.70964,1.00,1.75
2016.01.08 16:59:47.952,1.70944,1.7096,1.37,1.00
2016.01.08 16:59:48.956,1.70945,1.70963,1.37,2.25
2016.01.08 16:59:49.422,1.70948,1.70962,1.00,1.00
2016.01.08 16:59:49.526,1.70948,1.70967,1.12,1.12
2016.01.08 16:59:50.158,1.70941,1.70951,1.37,1.12
2016.01.08 16:59:50.367,1.70932,1.70945,1.50,1.75
2016.01.08 16:59:50.419,1.70932,1.70945,1.50,1.37
2016.01.08 16:59:50.470,1.70932,1.70949,1.00,1.00
2016.01.08 16:59:51.448,1.70932,1.7095,2.25,1.00
2016.01.08 16:59:52.134,1.70932,1.70947,2.25,1.00
2016.01.08 16:59:52.547,1.70932,1.7095,2.25,1.00
2016.01.08 16:59:52.649,1.70934,1.70952,1.37,1.00
2016.01.08 16:59:52.955,1.70934,1.70951,1.37,1.37
2016.01.08 16:59:53.261,1.70932,1.70949,1.50,1.50
2016.01.08 16:59:53.651,1.70932,1.7095,2.25,1.12
2016.01.08 16:59:54.371,1.70932,1.70951,2.25,1.12
2016.01.08 16:59:54.627,1.70933,1.7095,1.50,1.00
2016.01.08 16:59:55.131,1.70935,1.70952,1.00,1.87
2016.01.08 16:59:55.452,1.70939,1.70955,1.12,1.12
2016.01.08 16:59:55.706,1.70939,1.70957,1.50,1.00
2016.01.08 16:59:56.402,1.70939,1.70958,2.62,1.87
2016.01.08 16:59:56.787,1.70945,1.70959,1.12,1.37
2016.01.08 16:59:56.940,1.7095,1.70965,1.00,1.12
2016.01.08 16:59:57.042,1.70952,1.70967,1.00,2.25
2016.01.08 16:59:57.791,1.70955,1.70968,1.00,1.37
2016.01.08 16:59:57.944,1.70957,1.7097,1.00,1.12
2016.01.08 16:59:58.097,1.70959,1.7097,1.00,1.12
2016.01.08 16:59:58.302,1.70962,1.70975,1.00,1.00
2016.01.08 16:59:58.974,1.70962,1.70977,2.32,1.37
2016.01.08 16:59:59.034,1.70965,1.7098,1.37,1.50
2016.01.08 16:59:59.621,1.70965,1.7098,1.12,1.00
2016.01.08 16:59:59.672,1.70967,1.70982,1.12,3.00
