2013.10.16 14:00:00.055,1.57922,1.57933,3.38,1.13
2013.10.16 14:00:00.419,1.5791,1.57927,1.20,1.58
2013.10.16 14:00:00.486,1.5791,1.57928,1.20,1.50
2013.10.16 14:00:00.727,1.5791,1.57929,1.20,1.50
2013.10.16 14:00:00.858,1.5791,1.57929,1.20,1.50
2013.10.16 14:00:01.216,1.57913,1.57929,1.50,1.50
2013.10.16 14:00:01.395,1.57925,1.57948,4.51,1.13
2013.10.16 14:00:01.515,1.57928,1.57946,2.30,3.00
2013.10.16 14:00:01.934,1.57927,1.57941,1.13,1.13
2013.10.16 14:00:01.995,1.57924,1.57941,1.99,1.50
2013.10.16 14:00:02.054,1.57924,1.57941,1.84,1.50
2013.10.16 14:00:02.355,1.57924,1.5794,1.50,2.25
2013.10.16 14:00:03.065,1.57924,1.5794,1.58,1.50
2013.10.16 14:00:03.387,1.57921,1.57935,1.13,3.38
2013.10.16 14:00:03.746,1.57921,1.57934,3.35,2.63
2013.10.16 14:00:03.865,1.57921,1.57935,3.35,1.50
2013.10.16 14:00:03.925,1.57921,1.57935,3.35,1.50
2013.10.16 14:00:04.466,1.57921,1.57933,3.35,1.20
2013.10.16 14:00:05.255,1.57919,1.57933,1.58,1.50
2013.10.16 14:00:05.496,1.57919,1.57932,1.09,1.50
2013.10.16 14:00:05.798,1.57924,1.57934,2.59,1.43
2013.10.16 14:00:05.926,1.57924,1.57937,3.80,1.58
2013.10.16 14:00:06.107,1.57923,1.57937,1.65,1.65
2013.10.16 14:00:06.346,1.57921,1.57933,1.65,1.92
2013.10.16 14:00:06.528,1.57921,1.57933,1.28,1.84
2013.10.16 14:00:06.595,1.57922,1.57934,2.25,1.13
2013.10.16 14:00:06.955,1.57918,1.57926,1.05,1.32
2013.10.16 14:00:07.315,1.57904,1.57921,1.62,1.95
2013.10.16 14:00:07.375,1.57904,1.57919,2.29,1.58
2013.10.16 14:00:07.797,1.57906,1.57922,3.38,1.50
2013.10.16 14:00:07.868,1.57907,1.57922,2.70,1.50
2013.10.16 14:00:07.995,1.57907,1.57923,2.33,2.25
2013.10.16 14:00:08.298,1.57905,1.57921,1.65,2.40
2013.10.16 14:00:08.426,1.57904,1.57919,1.65,1.65
2013.10.16 14:00:08.965,1.57904,1.57916,1.65,1.50
2013.10.16 14:00:09.086,1.57904,1.57917,1.50,1.58
2013.10.16 14:00:09.625,1.5791,1.57924,1.50,2.18
2013.10.16 14:00:10.045,1.57929,1.57944,2.03,1.13
2013.10.16 14:00:10.166,1.57921,1.57946,2.25,1.13
2013.10.16 14:00:10.225,1.57927,1.57946,3.01,1.13
2013.10.16 14:00:10.408,1.57927,1.57945,5.63,1.58
2013.10.16 14:00:10.475,1.57927,1.57945,3.75,1.65
2013.10.16 14:00:10.955,1.57927,1.57944,1.88,1.13
2013.10.16 14:00:11.076,1.57928,1.57946,2.25,2.03
2013.10.16 14:00:11.136,1.57928,1.57942,1.50,1.09
2013.10.16 14:00:11.666,1.57928,1.57942,1.50,1.09
2013.10.16 14:00:11.744,1.5792,1.57934,1.20,1.50
2013.10.16 14:00:11.932,1.57921,1.57935,3.34,1.13
2013.10.16 14:00:12.358,1.5792,1.57933,1.20,1.50
2013.10.16 14:00:12.426,1.5792,1.5793,1.20,1.50
2013.10.16 14:00:12.845,1.5792,1.57936,3.49,2.03
2013.10.16 14:00:12.966,1.5792,1.57937,1.65,2.40
2013.10.16 14:00:13.025,1.57921,1.57937,3.68,2.40
2013.10.16 14:00:13.085,1.57921,1.57937,3.68,1.65
2013.10.16 14:00:13.206,1.57922,1.57938,2.29,1.50
2013.10.16 14:00:13.265,1.57924,1.57943,2.75,1.20
2013.10.16 14:00:13.386,1.57925,1.57943,3.45,1.13
2013.10.16 14:00:13.565,1.57925,1.5794,2.41,1.13
2013.10.16 14:00:13.925,1.57924,1.57941,2.03,1.28
2013.10.16 14:00:14.346,1.57924,1.5794,3.00,1.13
2013.10.16 14:00:14.826,1.57925,1.57945,3.19,1.28
2013.10.16 14:00:15.126,1.57925,1.57943,2.71,1.13
2013.10.16 14:00:15.308,1.57925,1.57942,2.33,1.50
2013.10.16 14:00:15.366,1.57925,1.5794,1.65,1.13
2013.10.16 14:00:15.737,1.57925,1.5794,1.50,1.69
2013.10.16 14:00:15.985,1.57921,1.57936,1.50,1.73
2013.10.16 14:00:16.408,1.57917,1.57931,1.13,1.13
2013.10.16 14:00:16.715,1.57914,1.57931,1.95,1.13
2013.10.16 14:00:17.136,1.5791,1.57931,1.95,1.13
2013.10.16 14:00:17.316,1.5791,1.57923,1.69,1.84
2013.10.16 14:00:17.675,1.57908,1.57917,1.50,1.13
2013.10.16 14:00:17.795,1.57902,1.57921,1.50,1.20
2013.10.16 14:00:17.974,1.57899,1.57921,1.69,1.20
2013.10.16 14:00:18.035,1.57899,1.57921,1.69,1.20
2013.10.16 14:00:18.096,1.57901,1.57922,2.86,1.13
2013.10.16 14:00:18.336,1.57908,1.57926,2.60,1.13
2013.10.16 14:00:18.698,1.57908,1.57926,2.70,1.13
2013.10.16 14:00:19.464,1.57955,1.57964,2.97,1.13
2013.10.16 14:00:19.658,1.57955,1.57965,1.13,1.88
2013.10.16 14:00:20.338,1.57953,1.57962,1.50,3.38
2013.10.16 14:00:20.466,1.57951,1.57967,1.69,1.13
2013.10.16 14:00:20.765,1.57951,1.57966,1.50,1.13
2013.10.16 14:00:20.826,1.57951,1.57967,1.50,1.13
2013.10.16 14:00:21.185,1.57949,1.57958,1.50,1.13
2013.10.16 14:00:21.305,1.57948,1.57958,1.13,1.13
2013.10.16 14:00:21.487,1.57949,1.57959,1.50,1.50
2013.10.16 14:00:21.615,1.57945,1.57959,1.88,1.88
2013.10.16 14:00:21.736,1.57944,1.57957,2.25,1.88
2013.10.16 14:00:22.295,1.57934,1.57949,1.50,1.88
2013.10.16 14:00:22.607,1.57926,1.57943,1.69,1.13
2013.10.16 14:00:22.787,1.57926,1.57942,1.88,1.13
2013.10.16 14:00:22.966,1.57926,1.57944,1.50,1.13
2013.10.16 14:00:23.026,1.57926,1.57944,1.50,1.50
2013.10.16 14:00:23.086,1.57926,1.57944,1.50,1.50
2013.10.16 14:00:23.146,1.57926,1.57943,1.50,1.13
2013.10.16 14:00:23.207,1.57926,1.5794,1.50,1.50
2013.10.16 14:00:23.266,1.57923,1.5794,1.13,1.50
2013.10.16 14:00:23.327,1.57923,1.57939,1.13,1.88
2013.10.16 14:00:23.506,1.57923,1.57939,1.13,2.25
2013.10.16 14:00:23.925,1.57923,1.57937,1.13,1.13
2013.10.16 14:00:24.164,1.57923,1.57939,1.13,1.88
2013.10.16 14:00:24.348,1.57923,1.57936,1.13,1.13
2013.10.16 14:00:24.596,1.57921,1.57936,1.69,1.50
2013.10.16 14:00:24.716,1.57921,1.57937,1.69,2.44
2013.10.16 14:00:24.835,1.5792,1.57937,1.69,2.25
2013.10.16 14:00:24.955,1.5792,1.57935,1.69,1.50
2013.10.16 14:00:25.135,1.5792,1.57933,2.25,1.50
2013.10.16 14:00:25.374,1.5792,1.57935,2.07,2.25
2013.10.16 14:00:25.494,1.5792,1.57935,1.32,2.70
2013.10.16 14:00:25.554,1.5792,1.57935,1.69,2.70
2013.10.16 14:00:25.614,1.5792,1.57937,2.97,1.50
2013.10.16 14:00:25.975,1.5792,1.57944,3.84,1.28
2013.10.16 14:00:26.095,1.5792,1.57944,3.91,1.20
2013.10.16 14:00:26.394,1.57924,1.57946,2.22,1.28
2013.10.16 14:00:26.575,1.57927,1.57944,4.13,1.32
2013.10.16 14:00:26.635,1.57927,1.57943,3.45,1.32
2013.10.16 14:00:26.696,1.57924,1.5794,2.33,1.69
2013.10.16 14:00:27.245,1.57924,1.57932,1.58,1.50
2013.10.16 14:00:27.325,1.57921,1.57929,1.77,1.73
2013.10.16 14:00:27.636,1.57924,1.57935,2.22,1.05
2013.10.16 14:00:27.696,1.57924,1.57937,2.97,1.20
2013.10.16 14:00:27.876,1.57924,1.5794,4.09,1.50
2013.10.16 14:00:27.937,1.57924,1.5794,3.00,2.25
2013.10.16 14:00:28.475,1.57924,1.57937,2.40,1.88
2013.10.16 14:00:28.776,1.57926,1.57938,4.47,1.20
2013.10.16 14:00:29.085,1.5794,1.57949,3.34,1.88
2013.10.16 14:00:29.386,1.5794,1.57953,4.13,1.69
2013.10.16 14:00:29.445,1.5794,1.57953,4.13,1.13
2013.10.16 14:00:29.505,1.5794,1.57953,2.97,1.13
2013.10.16 14:00:29.626,1.57941,1.57956,2.44,1.50
2013.10.16 14:00:29.745,1.57943,1.57958,3.01,1.88
2013.10.16 14:00:29.925,1.57944,1.57956,2.67,1.50
2013.10.16 14:00:29.985,1.57946,1.57958,2.67,1.13
2013.10.16 14:00:30.228,1.57945,1.57959,1.95,1.13
2013.10.16 14:00:30.356,1.57943,1.57955,1.50,1.13
2013.10.16 14:00:30.476,1.57945,1.57959,2.45,1.88
2013.10.16 14:00:30.536,1.57945,1.57959,3.20,1.05
2013.10.16 14:00:30.655,1.57947,1.57965,3.34,2.70
2013.10.16 14:00:30.776,1.57947,1.57961,1.58,1.13
2013.10.16 14:00:30.840,1.57947,1.57962,1.65,1.50
2013.10.16 14:00:30.906,1.57947,1.57962,1.28,1.50
2013.10.16 14:00:30.966,1.57947,1.57963,2.40,1.95
2013.10.16 14:00:31.325,1.57949,1.57966,2.63,2.25
2013.10.16 14:00:31.446,1.5795,1.57967,3.08,1.28
2013.10.16 14:00:31.565,1.5795,1.57965,1.92,1.50
2013.10.16 14:00:31.866,1.5795,1.57963,3.23,1.13
2013.10.16 14:00:32.165,1.5795,1.57964,1.84,2.25
2013.10.16 14:00:32.406,1.5795,1.57966,1.50,2.33
2013.10.16 14:00:32.467,1.5795,1.57965,3.12,1.20
2013.10.16 14:00:32.586,1.5795,1.57965,1.50,1.20
2013.10.16 14:00:32.945,1.57949,1.57958,1.47,1.28
2013.10.16 14:00:33.246,1.5795,1.57965,2.26,2.33
2013.10.16 14:00:33.306,1.5795,1.57965,2.26,1.58
2013.10.16 14:00:33.365,1.57958,1.57965,2.86,1.13
2013.10.16 14:00:34.264,1.57958,1.57966,5.19,1.50
2013.10.16 14:00:34.566,1.57965,1.57976,2.25,2.25
2013.10.16 14:00:34.626,1.57965,1.57978,1.58,1.50
2013.10.16 14:00:34.686,1.57967,1.57978,3.38,1.50
2013.10.16 14:00:35.229,1.57967,1.57977,3.68,1.50
2013.10.16 14:00:35.308,1.57963,1.57972,1.50,1.13
2013.10.16 14:00:35.377,1.57962,1.57972,1.13,1.20
2013.10.16 14:00:35.436,1.57962,1.57973,3.38,1.20
2013.10.16 14:00:35.560,1.57962,1.57973,1.20,1.50
2013.10.16 14:00:35.626,1.57959,1.57972,2.07,1.58
2013.10.16 14:00:35.745,1.57959,1.57972,1.32,1.95
2013.10.16 14:00:36.045,1.57954,1.57969,2.33,3.45
2013.10.16 14:00:36.167,1.57954,1.57968,2.44,1.58
2013.10.16 14:00:36.346,1.57954,1.57962,1.13,1.50
2013.10.16 14:00:36.765,1.57954,1.57962,1.20,1.13
2013.10.16 14:00:36.885,1.57949,1.57961,2.07,1.13
2013.10.16 14:00:37.064,1.57949,1.57961,1.09,1.13
2013.10.16 14:00:37.124,1.57949,1.57961,1.28,1.13
2013.10.16 14:00:37.545,1.57946,1.57962,1.95,1.28
2013.10.16 14:00:37.725,1.57947,1.57961,4.13,1.50
2013.10.16 14:00:37.965,1.57947,1.57956,1.65,1.13
2013.10.16 14:00:38.505,1.57945,1.57957,1.13,1.13
2013.10.16 14:00:38.565,1.57945,1.57956,1.13,1.50
2013.10.16 14:00:38.626,1.57941,1.57956,1.13,3.08
2013.10.16 14:00:38.745,1.57939,1.57954,1.50,1.20
2013.10.16 14:00:39.106,1.57936,1.57944,1.50,1.47
2013.10.16 14:00:39.645,1.57932,1.57942,1.50,1.20
2013.10.16 14:00:39.946,1.57927,1.57937,1.69,2.18
2013.10.16 14:00:40.306,1.5792,1.5793,1.69,1.13
2013.10.16 14:00:40.485,1.57915,1.57923,1.50,1.13
2013.10.16 14:00:40.845,1.57915,1.57922,1.13,1.28
2013.10.16 14:00:41.025,1.57898,1.57911,1.47,3.38
2013.10.16 14:00:41.085,1.57898,1.57909,1.47,1.20
2013.10.16 14:00:41.145,1.57902,1.5791,2.59,1.35
2013.10.16 14:00:41.265,1.57902,1.57912,3.34,1.13
2013.10.16 14:00:41.326,1.57904,1.57914,3.01,1.88
2013.10.16 14:00:41.385,1.57904,1.57912,2.63,1.28
2013.10.16 14:00:41.445,1.57901,1.57912,1.13,1.28
2013.10.16 14:00:41.504,1.57898,1.57912,1.13,2.25
2013.10.16 14:00:41.805,1.57898,1.5791,1.50,1.50
2013.10.16 14:00:42.165,1.57892,1.57901,1.02,1.50
2013.10.16 14:00:42.225,1.57891,1.57903,2.14,1.58
2013.10.16 14:00:42.525,1.57891,1.57902,1.88,1.65
2013.10.16 14:00:42.585,1.57891,1.57899,1.88,1.88
2013.10.16 14:00:42.945,1.57891,1.57898,1.28,1.13
2013.10.16 14:00:43.640,1.57892,1.57901,2.37,1.50
2013.10.16 14:00:43.710,1.57894,1.57907,2.30,1.13
2013.10.16 14:00:43.837,1.57896,1.57906,2.74,1.13
2013.10.16 14:00:44.139,1.57896,1.57905,1.02,1.13
2013.10.16 14:00:44.208,1.57896,1.5791,3.49,1.65
2013.10.16 14:00:44.336,1.57901,1.57913,2.45,1.13
2013.10.16 14:00:44.875,1.57902,1.5791,3.35,1.50
2013.10.16 14:00:44.995,1.57902,1.5791,1.50,1.50
2013.10.16 14:00:45.195,1.57902,1.5791,1.77,1.50
2013.10.16 14:00:45.496,1.57902,1.57918,4.32,1.88
2013.10.16 14:00:46.006,1.57904,1.57918,7.47,1.88
2013.10.16 14:00:46.366,1.57907,1.57918,3.53,1.88
2013.10.16 14:00:46.725,1.57911,1.5792,4.36,1.50
2013.10.16 14:00:46.905,1.57905,1.57918,3.34,1.88
2013.10.16 14:00:47.025,1.57904,1.57916,1.50,1.65
2013.10.16 14:00:47.148,1.57903,1.57918,1.02,2.03
2013.10.16 14:00:47.217,1.57902,1.57917,1.32,1.95
2013.10.16 14:00:47.276,1.57902,1.57916,2.07,1.65
2013.10.16 14:00:47.336,1.57903,1.57918,2.97,2.03
2013.10.16 14:00:47.517,1.57905,1.57918,3.00,1.65
2013.10.16 14:00:47.637,1.57906,1.5792,3.38,1.95
2013.10.16 14:00:47.697,1.57907,1.5792,3.00,1.20
2013.10.16 14:00:47.757,1.57912,1.57921,2.26,1.50
2013.10.16 14:00:47.814,1.57912,1.5792,2.25,1.50
2013.10.16 14:00:47.875,1.57914,1.57923,2.71,1.69
2013.10.16 14:00:48.174,1.57918,1.57928,3.27,1.50
2013.10.16 14:00:48.294,1.57919,1.57935,2.97,1.65
2013.10.16 14:00:48.474,1.57921,1.57937,2.97,1.88
2013.10.16 14:00:48.655,1.57922,1.57938,2.70,1.50
2013.10.16 14:00:48.715,1.57922,1.57938,1.20,1.50
2013.10.16 14:00:49.075,1.57909,1.57922,1.88,1.58
2013.10.16 14:00:49.376,1.57914,1.57926,3.00,3.68
2013.10.16 14:00:49.557,1.57919,1.5793,2.59,2.25
2013.10.16 14:00:49.679,1.57923,1.5793,2.56,2.25
2013.10.16 14:00:49.746,1.57925,1.57934,3.05,3.75
2013.10.16 14:00:49.808,1.57925,1.57935,3.12,2.63
2013.10.16 14:00:49.936,1.57925,1.57932,2.18,1.69
2013.10.16 14:00:50.006,1.57925,1.57939,2.74,2.70
2013.10.16 14:00:50.066,1.57925,1.57936,1.99,1.32
2013.10.16 14:00:50.187,1.57924,1.57936,1.84,2.03
2013.10.16 14:00:50.725,1.57923,1.57936,1.20,1.20
2013.10.16 14:00:50.785,1.57923,1.57934,1.28,1.13
2013.10.16 14:00:51.145,1.57923,1.57939,2.97,1.50
2013.10.16 14:00:51.205,1.57924,1.5794,3.76,1.20
2013.10.16 14:00:51.264,1.57925,1.57941,2.82,1.20
2013.10.16 14:00:51.325,1.57925,1.57943,3.19,1.95
2013.10.16 14:00:51.685,1.57925,1.57941,2.26,1.20
2013.10.16 14:00:51.805,1.57926,1.57941,3.35,1.13
2013.10.16 14:00:52.484,1.5793,1.57941,3.35,1.13
2013.10.16 14:00:52.569,1.57925,1.57935,1.88,1.13
2013.10.16 14:00:52.694,1.57924,1.57935,1.88,1.13
2013.10.16 14:00:52.755,1.57922,1.57935,2.25,1.13
2013.10.16 14:00:52.994,1.57922,1.57939,4.66,1.65
2013.10.16 14:00:53.114,1.57923,1.5794,3.57,1.65
2013.10.16 14:00:53.236,1.57925,1.5794,2.41,1.50
2013.10.16 14:00:53.537,1.57927,1.57943,3.12,1.13
2013.10.16 14:00:54.015,1.57934,1.57944,1.47,1.50
2013.10.16 14:00:54.376,1.5794,1.57951,1.05,1.50
2013.10.16 14:00:54.495,1.57939,1.57951,1.05,1.50
2013.10.16 14:00:54.615,1.57936,1.57951,2.74,1.50
2013.10.16 14:00:55.374,1.57937,1.57952,1.58,2.25
2013.10.16 14:00:55.735,1.57944,1.57953,1.50,1.50
2013.10.16 14:00:55.855,1.57942,1.57956,2.14,1.88
2013.10.16 14:00:56.156,1.57942,1.57954,1.92,1.13
2013.10.16 14:00:56.637,1.57938,1.5795,1.58,1.88
2013.10.16 14:00:56.756,1.57935,1.5795,2.33,2.82
2013.10.16 14:00:56.825,1.57934,1.57948,1.20,1.50
2013.10.16 14:00:57.307,1.57934,1.57949,2.48,1.58
2013.10.16 14:00:57.435,1.57934,1.57948,2.48,1.13
2013.10.16 14:00:57.675,1.57929,1.57942,1.50,1.13
2013.10.16 14:00:57.795,1.57929,1.57942,1.13,1.88
2013.10.16 14:00:58.335,1.57927,1.57941,1.20,1.88
2013.10.16 14:00:58.695,1.57932,1.57941,1.13,1.13
2013.10.16 14:00:58.996,1.57936,1.57949,2.85,1.20
2013.10.16 14:00:59.362,1.57941,1.57954,1.35,3.00
2013.10.16 14:00:59.425,1.57941,1.57952,1.35,1.13
2013.10.16 14:00:59.545,1.57941,1.57953,2.25,1.13
2013.10.16 14:01:00.085,1.57941,1.57954,1.73,1.13
2013.10.16 14:01:00.387,1.57942,1.57955,1.43,1.88
2013.10.16 14:01:00.805,1.57939,1.57953,2.48,1.13
2013.10.16 14:01:01.345,1.57941,1.57953,1.20,1.13
2013.10.16 14:01:01.998,1.57947,1.57953,1.20,1.50
2013.10.16 14:01:02.071,1.57951,1.5796,1.32,1.05
2013.10.16 14:01:02.141,1.57954,1.5796,2.44,1.05
2013.10.16 14:01:02.207,1.57957,1.57968,1.13,1.58
2013.10.16 14:01:02.265,1.57957,1.57968,1.13,1.28
2013.10.16 14:01:02.327,1.57955,1.57969,1.95,1.65
2013.10.16 14:01:02.805,1.5796,1.57971,1.20,1.13
2013.10.16 14:01:02.866,1.5796,1.57971,1.20,1.13
2013.10.16 14:01:02.926,1.57959,1.57971,2.33,1.13
2013.10.16 14:01:03.105,1.57962,1.57972,1.13,1.13
2013.10.16 14:01:03.406,1.57964,1.57971,1.69,1.13
2013.10.16 14:01:03.708,1.57962,1.57975,1.95,1.28
2013.10.16 14:01:04.245,1.57961,1.57976,1.09,2.33
2013.10.16 14:01:04.304,1.57959,1.57972,1.65,1.43
2013.10.16 14:01:04.725,1.5795,1.57965,1.20,1.13
2013.10.16 14:01:04.785,1.5795,1.57965,1.20,1.20
2013.10.16 14:01:05.027,1.57949,1.57964,1.65,1.28
2013.10.16 14:01:05.086,1.57951,1.57965,1.50,1.28
2013.10.16 14:01:05.205,1.5795,1.57966,1.58,2.33
2013.10.16 14:01:05.505,1.57952,1.57966,1.65,1.13
2013.10.16 14:01:05.755,1.57954,1.57967,1.95,1.13
2013.10.16 14:01:06.056,1.57927,1.57948,1.58,1.13
2013.10.16 14:01:06.115,1.57927,1.57942,1.95,1.13
2013.10.16 14:01:06.475,1.57927,1.57936,1.58,1.88
2013.10.16 14:01:06.596,1.57925,1.57938,1.13,2.82
2013.10.16 14:01:06.716,1.57921,1.57932,1.50,1.20
2013.10.16 14:01:06.776,1.57923,1.57933,1.50,1.13
2013.10.16 14:01:06.835,1.57924,1.57939,1.50,2.44
2013.10.16 14:01:06.896,1.57924,1.57939,1.50,2.25
2013.10.16 14:01:07.075,1.57923,1.57938,1.58,1.69
2013.10.16 14:01:07.135,1.57924,1.57938,1.13,1.13
2013.10.16 14:01:07.314,1.57923,1.57938,1.50,1.13
2013.10.16 14:01:07.435,1.57922,1.57938,4.13,1.13
2013.10.16 14:01:07.794,1.5792,1.57934,1.50,1.13
2013.10.16 14:01:07.975,1.5792,1.57934,1.50,1.13
2013.10.16 14:01:08.515,1.57918,1.5793,1.95,1.88
2013.10.16 14:01:08.695,1.57918,1.57928,1.02,1.50
2013.10.16 14:01:09.175,1.57918,1.57932,1.09,1.39
2013.10.16 14:01:09.534,1.57927,1.57936,2.63,2.25
2013.10.16 14:01:09.715,1.57921,1.57935,1.09,1.02
2013.10.16 14:01:09.775,1.57919,1.57935,2.70,1.02
2013.10.16 14:01:09.834,1.57921,1.57936,1.09,2.78
2013.10.16 14:01:09.956,1.57921,1.57936,1.09,2.78
2013.10.16 14:01:10.274,1.57919,1.57934,2.40,1.65
2013.10.16 14:01:10.334,1.57919,1.57933,1.65,1.58
2013.10.16 14:01:10.636,1.57919,1.57931,1.20,1.95
2013.10.16 14:01:11.174,1.57919,1.5793,1.13,1.28
2013.10.16 14:01:11.484,1.57917,1.57928,1.50,1.28
2013.10.16 14:01:11.844,1.57916,1.57926,1.50,1.13
2013.10.16 14:01:11.905,1.57917,1.57926,1.50,1.20
2013.10.16 14:01:12.794,1.57914,1.57926,1.50,1.95
2013.10.16 14:01:12.855,1.57913,1.57926,2.70,1.95
2013.10.16 14:01:13.095,1.5791,1.57926,1.20,2.70
2013.10.16 14:01:13.155,1.57911,1.57926,1.58,2.78
2013.10.16 14:01:13.395,1.57911,1.57924,1.58,1.20
2013.10.16 14:01:13.455,1.57908,1.57924,3.45,1.20
2013.10.16 14:01:13.637,1.57908,1.57923,2.33,1.13
2013.10.16 14:01:13.939,1.57911,1.57922,1.02,2.33
2013.10.16 14:01:14.125,1.5791,1.57925,2.33,1.58
2013.10.16 14:01:14.666,1.57909,1.57922,1.13,1.28
2013.10.16 14:01:14.784,1.57908,1.57921,1.13,1.69
2013.10.16 14:01:15.085,1.57906,1.57914,1.13,1.28
2013.10.16 14:01:15.624,1.57904,1.57919,1.69,3.38
2013.10.16 14:01:15.945,1.57903,1.57918,1.77,1.58
2013.10.16 14:01:16.064,1.57904,1.57919,2.44,1.88
2013.10.16 14:01:16.244,1.57904,1.57919,2.52,1.28
2013.10.16 14:01:16.905,1.57904,1.57919,2.52,1.28
2013.10.16 14:01:17.085,1.57904,1.57916,1.77,1.13
2013.10.16 14:01:17.445,1.579,1.57915,2.44,1.20
2013.10.16 14:01:17.804,1.57904,1.57913,2.25,1.13
2013.10.16 14:01:17.864,1.57904,1.57914,2.44,1.58
2013.10.16 14:01:17.924,1.57906,1.57914,1.50,1.58
2013.10.16 14:01:18.705,1.57904,1.57913,1.69,1.88
2013.10.16 14:01:18.765,1.57904,1.57912,1.69,1.13
2013.10.16 14:01:18.824,1.579,1.57912,2.03,1.13
2013.10.16 14:01:18.946,1.579,1.5791,1.88,1.20
2013.10.16 14:01:19.064,1.57899,1.57907,1.50,1.13
2013.10.16 14:01:19.185,1.57898,1.57907,1.50,1.13
2013.10.16 14:01:19.304,1.579,1.5791,1.50,1.20
2013.10.16 14:01:19.835,1.57895,1.57908,2.22,1.20
2013.10.16 14:01:20.015,1.5789,1.57905,2.40,1.13
2013.10.16 14:01:20.375,1.57888,1.57901,2.33,1.50
2013.10.16 14:01:20.434,1.57888,1.57902,2.63,1.50
2013.10.16 14:01:20.554,1.5789,1.57902,1.58,1.50
2013.10.16 14:01:20.675,1.57891,1.57902,1.65,1.50
2013.10.16 14:01:21.202,1.57889,1.57905,1.95,1.95
2013.10.16 14:01:21.278,1.57888,1.57903,1.58,1.13
2013.10.16 14:01:21.585,1.57887,1.57898,1.13,1.02
2013.10.16 14:01:21.824,1.57881,1.57896,1.47,2.70
2013.10.16 14:01:22.006,1.57885,1.57897,1.50,1.65
2013.10.16 14:01:22.545,1.57888,1.579,1.50,1.20
2013.10.16 14:01:22.666,1.57888,1.57901,1.50,1.28
2013.10.16 14:01:22.785,1.57885,1.57899,1.65,1.13
2013.10.16 14:01:23.145,1.57887,1.579,1.50,1.28
2013.10.16 14:01:23.265,1.57886,1.57901,2.40,2.40
2013.10.16 14:01:23.328,1.57888,1.57901,1.50,2.40
2013.10.16 14:01:23.755,1.57889,1.57904,1.58,2.22
2013.10.16 14:01:23.875,1.57889,1.57901,1.58,1.13
2013.10.16 14:01:24.176,1.57885,1.57896,1.50,1.50
2013.10.16 14:01:24.235,1.57884,1.57898,2.25,1.84
2013.10.16 14:01:24.356,1.57883,1.57891,1.88,1.13
2013.10.16 14:01:24.415,1.57883,1.57891,1.88,1.13
2013.10.16 14:01:24.774,1.57878,1.5789,1.13,1.28
2013.10.16 14:01:24.836,1.57876,1.5789,1.77,1.28
2013.10.16 14:01:25.197,1.57872,1.5789,1.09,1.58
2013.10.16 14:01:25.316,1.57868,1.57876,1.09,1.50
2013.10.16 14:01:25.376,1.57861,1.57875,1.50,1.13
2013.10.16 14:01:25.436,1.57861,1.57875,1.50,1.13
2013.10.16 14:01:25.496,1.57862,1.57876,1.32,2.25
2013.10.16 14:01:25.617,1.57864,1.57877,2.40,1.50
2013.10.16 14:01:25.795,1.57866,1.57879,1.50,1.20
2013.10.16 14:01:25.855,1.57866,1.57879,1.50,1.20
2013.10.16 14:01:25.975,1.57866,1.57879,1.50,1.20
2013.10.16 14:01:26.035,1.57866,1.57879,2.44,1.20
2013.10.16 14:01:26.216,1.57867,1.57882,2.25,1.58
2013.10.16 14:01:26.456,1.57868,1.57884,1.13,1.88
2013.10.16 14:01:26.635,1.57871,1.57884,1.84,1.13
2013.10.16 14:01:26.754,1.57873,1.57881,1.95,1.50
2013.10.16 14:01:26.814,1.57874,1.57889,2.40,1.20
2013.10.16 14:01:26.936,1.57873,1.57889,1.58,1.20
2013.10.16 14:01:26.996,1.57872,1.57889,3.00,2.89
2013.10.16 14:01:27.055,1.57871,1.57886,1.50,1.50
2013.10.16 14:01:27.115,1.5787,1.57883,3.15,1.13
2013.10.16 14:01:27.295,1.57864,1.5788,1.95,1.20
2013.10.16 14:01:27.355,1.57864,1.5788,1.95,1.20
2013.10.16 14:01:27.714,1.57863,1.57876,1.65,1.13
2013.10.16 14:01:28.074,1.57865,1.57875,2.25,1.32
2013.10.16 14:01:28.134,1.57865,1.57876,1.50,1.95
2013.10.16 14:01:28.448,1.57868,1.57876,1.50,1.50
2013.10.16 14:01:28.579,1.57868,1.57876,1.50,1.50
2013.10.16 14:01:28.827,1.57866,1.57874,1.13,1.13
2013.10.16 14:01:28.895,1.57861,1.57873,1.58,1.69
2013.10.16 14:01:29.016,1.5786,1.57868,1.43,1.13
2013.10.16 14:01:29.076,1.57859,1.57867,1.88,1.02
2013.10.16 14:01:29.136,1.57859,1.57872,1.13,1.09
2013.10.16 14:01:29.255,1.57862,1.57873,1.77,1.88
2013.10.16 14:01:29.314,1.57862,1.57873,1.50,3.08
2013.10.16 14:01:29.556,1.57855,1.57869,2.25,1.13
2013.10.16 14:01:29.675,1.57848,1.57858,1.05,1.13
2013.10.16 14:01:29.735,1.57849,1.57856,2.63,1.50
2013.10.16 14:01:29.794,1.5785,1.57858,1.50,1.50
2013.10.16 14:01:29.975,1.5785,1.5786,1.65,1.50
2013.10.16 14:01:30.094,1.57852,1.57866,1.28,2.40
2013.10.16 14:01:30.154,1.57854,1.57868,1.58,2.44
2013.10.16 14:01:30.214,1.57854,1.57868,1.65,1.32
2013.10.16 14:01:30.840,1.57869,1.57878,1.50,1.65
2013.10.16 14:01:31.149,1.57872,1.57882,1.50,1.95
2013.10.16 14:01:31.219,1.57872,1.57882,1.50,1.50
2013.10.16 14:01:31.406,1.57867,1.57879,2.18,1.13
2013.10.16 14:01:31.465,1.57868,1.5788,1.69,1.50
2013.10.16 14:01:31.586,1.57873,1.57883,1.50,1.13
2013.10.16 14:01:31.765,1.57876,1.5789,1.13,2.40
2013.10.16 14:01:31.885,1.57877,1.57891,1.13,2.22
2013.10.16 14:01:32.066,1.5788,1.57891,1.50,1.47
2013.10.16 14:01:32.250,1.57879,1.57893,2.25,1.13
2013.10.16 14:01:32.377,1.57879,1.5789,1.50,1.13
2013.10.16 14:01:32.497,1.57881,1.57891,1.50,1.13
2013.10.16 14:01:32.625,1.57881,1.57893,2.55,1.50
2013.10.16 14:01:33.225,1.57882,1.57895,1.50,1.50
2013.10.16 14:01:34.954,1.57883,1.57895,1.13,1.50
2013.10.16 14:01:35.255,1.57883,1.57893,2.25,1.32
2013.10.16 14:01:35.435,1.57883,1.57893,2.93,1.50
2013.10.16 14:01:35.914,1.57883,1.57895,1.73,1.13
2013.10.16 14:01:36.156,1.57887,1.57899,1.80,1.50
2013.10.16 14:01:36.645,1.57891,1.57902,1.80,1.50
2013.10.16 14:01:36.945,1.57893,1.57904,1.05,1.13
2013.10.16 14:01:37.305,1.57904,1.57913,2.25,1.13
2013.10.16 14:01:37.365,1.57906,1.57913,1.50,1.13
2013.10.16 14:01:37.485,1.57904,1.57921,1.92,3.08
2013.10.16 14:01:37.545,1.57904,1.57921,1.92,1.13
2013.10.16 14:01:37.604,1.57904,1.57922,1.73,2.44
2013.10.16 14:01:37.664,1.57906,1.57918,2.10,1.50
2013.10.16 14:01:38.205,1.57904,1.57916,2.55,1.50
2013.10.16 14:01:38.327,1.57907,1.57916,1.50,1.50
2013.10.16 14:01:38.564,1.57904,1.57916,1.50,1.50
2013.10.16 14:01:38.744,1.57904,1.57916,1.50,1.50
2013.10.16 14:01:39.285,1.57903,1.57916,1.50,1.50
2013.10.16 14:01:39.465,1.57899,1.57907,1.80,1.50
2013.10.16 14:01:39.707,1.57898,1.57906,1.88,1.58
2013.10.16 14:01:40.553,1.5789,1.57904,3.30,1.50
2013.10.16 14:01:40.632,1.57893,1.57907,1.05,1.13
2013.10.16 14:01:40.698,1.57899,1.57911,1.50,2.74
2013.10.16 14:01:41.064,1.579,1.57911,1.50,1.88
2013.10.16 14:01:41.596,1.57901,1.57911,1.58,1.13
2013.10.16 14:01:41.835,1.57898,1.57911,2.70,1.13
2013.10.16 14:01:41.955,1.579,1.57911,1.20,1.13
2013.10.16 14:01:42.675,1.57902,1.57915,1.65,1.58
2013.10.16 14:01:43.226,1.57902,1.57914,2.40,1.32
2013.10.16 14:01:43.585,1.57902,1.57913,1.50,1.47
2013.10.16 14:01:43.705,1.57902,1.57913,1.50,2.07
2013.10.16 14:01:43.885,1.57901,1.57913,1.13,1.47
2013.10.16 14:01:44.430,1.57901,1.57912,1.13,1.09
2013.10.16 14:01:44.976,1.57901,1.57913,1.58,1.32
2013.10.16 14:01:45.335,1.57908,1.57917,1.50,2.25
2013.10.16 14:01:45.516,1.57908,1.57921,1.50,1.65
2013.10.16 14:01:45.635,1.57916,1.57923,1.13,1.17
2013.10.16 14:01:45.938,1.57919,1.57926,1.32,1.88
2013.10.16 14:01:46.004,1.57921,1.57926,1.13,1.88
2013.10.16 14:01:46.450,1.57914,1.57928,1.20,1.09
2013.10.16 14:01:47.074,1.57914,1.57929,2.40,1.73
2013.10.16 14:01:47.194,1.57914,1.57926,1.65,1.32
2013.10.16 14:01:47.436,1.5791,1.5792,1.50,1.20
2013.10.16 14:01:47.495,1.57906,1.5792,1.65,1.39
2013.10.16 14:01:47.795,1.57906,1.57917,2.44,1.02
2013.10.16 14:01:47.915,1.5791,1.57919,1.50,1.20
2013.10.16 14:01:47.975,1.5791,1.57921,1.50,1.77
2013.10.16 14:01:48.035,1.5791,1.57922,1.50,1.09
2013.10.16 14:01:48.574,1.5791,1.57924,1.50,1.39
2013.10.16 14:01:48.696,1.57909,1.57924,2.25,2.14
2013.10.16 14:01:48.756,1.57908,1.57921,1.20,1.95
2013.10.16 14:01:49.117,1.57901,1.57916,2.03,1.65
2013.10.16 14:01:49.538,1.57898,1.57916,2.03,3.27
2013.10.16 14:01:49.656,1.57898,1.57912,1.95,1.32
2013.10.16 14:01:49.725,1.57893,1.57906,2.03,1.50
2013.10.16 14:01:49.964,1.57893,1.57906,1.50,1.20
2013.10.16 14:01:50.268,1.5789,1.57901,1.77,1.13
2013.10.16 14:01:50.335,1.5789,1.57904,2.44,1.50
2013.10.16 14:01:50.456,1.57888,1.57899,1.88,1.50
2013.10.16 14:01:51.226,1.57859,1.57876,1.50,2.82
2013.10.16 14:01:51.297,1.57854,1.57868,1.65,1.58
2013.10.16 14:01:51.415,1.57856,1.57868,1.50,1.13
2013.10.16 14:01:51.474,1.57854,1.57868,1.58,1.13
2013.10.16 14:01:51.535,1.57852,1.57866,1.69,1.20
2013.10.16 14:01:51.896,1.57847,1.57856,1.77,2.25
2013.10.16 14:01:51.955,1.5785,1.57864,1.50,1.58
2013.10.16 14:01:52.075,1.57852,1.57866,1.58,1.58
2013.10.16 14:01:52.195,1.57852,1.57869,1.02,1.50
2013.10.16 14:01:52.376,1.57852,1.57868,1.58,1.20
2013.10.16 14:01:52.555,1.57853,1.57866,1.50,1.65
2013.10.16 14:01:52.675,1.5785,1.57866,2.03,1.65
2013.10.16 14:01:52.735,1.5785,1.57865,1.95,1.13
2013.10.16 14:01:53.036,1.57855,1.57866,1.58,1.13
2013.10.16 14:01:53.395,1.57858,1.57869,1.50,1.50
2013.10.16 14:01:53.515,1.57858,1.57872,1.50,1.50
2013.10.16 14:01:53.937,1.57859,1.57874,2.33,1.95
2013.10.16 14:01:54.355,1.57861,1.57876,1.58,1.95
2013.10.16 14:01:54.415,1.57861,1.57876,1.58,1.95
2013.10.16 14:01:54.676,1.57862,1.57877,1.58,1.65
2013.10.16 14:01:54.915,1.57862,1.57877,1.20,1.65
2013.10.16 14:01:55.277,1.57864,1.57874,1.50,2.25
2013.10.16 14:01:55.395,1.57862,1.57875,1.95,2.89
2013.10.16 14:01:55.946,1.57861,1.57873,1.20,1.69
2013.10.16 14:01:56.126,1.57861,1.57875,2.33,1.50
2013.10.16 14:01:56.306,1.57865,1.57875,1.13,1.50
2013.10.16 14:01:56.606,1.57865,1.57875,1.50,1.58
2013.10.16 14:01:56.726,1.57865,1.57877,1.65,1.50
2013.10.16 14:01:57.280,1.57866,1.57878,1.13,1.65
2013.10.16 14:01:57.586,1.57873,1.57884,1.50,1.17
2013.10.16 14:01:57.645,1.57874,1.57888,1.58,1.20
2013.10.16 14:01:57.765,1.57874,1.57887,1.20,1.58
2013.10.16 14:01:57.945,1.57876,1.5789,1.13,1.20
2013.10.16 14:01:58.005,1.57877,1.5789,1.50,1.20
2013.10.16 14:01:58.366,1.5787,1.57879,1.99,1.50
2013.10.16 14:01:58.546,1.57865,1.57878,1.50,1.20
2013.10.16 14:01:58.784,1.57863,1.57876,1.50,1.20
2013.10.16 14:01:58.844,1.57863,1.57876,1.50,1.20
2013.10.16 14:01:59.025,1.5786,1.57875,2.63,1.50
2013.10.16 14:01:59.455,1.57861,1.57875,1.13,1.20
2013.10.16 14:01:59.996,1.5786,1.57872,1.50,1.95
2013.10.16 14:02:00.355,1.5786,1.57871,1.50,1.50
2013.10.16 14:02:00.475,1.5786,1.57872,1.50,2.33
2013.10.16 14:02:01.272,1.57856,1.57867,1.50,1.50
2013.10.16 14:02:01.467,1.57859,1.57868,1.50,1.58
2013.10.16 14:02:01.705,1.57856,1.5787,1.50,1.50
2013.10.16 14:02:01.885,1.57852,1.57868,1.69,2.63
2013.10.16 14:02:02.184,1.57853,1.57868,1.88,1.69
2013.10.16 14:02:02.486,1.57855,1.57866,1.58,1.13
2013.10.16 14:02:02.665,1.57853,1.57863,1.58,1.32
2013.10.16 14:02:03.145,1.57851,1.57863,1.58,1.13
2013.10.16 14:02:03.504,1.57848,1.57861,1.50,1.02
2013.10.16 14:02:03.564,1.57848,1.5786,1.50,1.32
2013.10.16 14:02:03.684,1.57846,1.5786,1.28,1.32
2013.10.16 14:02:03.864,1.57846,1.57862,1.28,1.65
2013.10.16 14:02:03.925,1.57847,1.57861,1.58,1.20
2013.10.16 14:02:04.285,1.57853,1.57863,1.58,1.13
2013.10.16 14:02:04.525,1.57851,1.57863,1.50,1.28
2013.10.16 14:02:04.706,1.57851,1.57865,1.50,2.40
2013.10.16 14:02:04.827,1.5785,1.57865,1.58,1.65
2013.10.16 14:02:05.064,1.5785,1.57861,1.65,1.13
2013.10.16 14:02:05.305,1.57849,1.57861,1.95,1.88
2013.10.16 14:02:05.368,1.57849,1.57861,1.65,1.88
2013.10.16 14:02:05.734,1.57849,1.57861,1.65,1.88
2013.10.16 14:02:06.219,1.57849,1.57861,1.20,2.07
2013.10.16 14:02:06.466,1.57852,1.57864,1.65,1.13
2013.10.16 14:02:06.704,1.57855,1.57866,1.50,1.20
2013.10.16 14:02:07.184,1.57855,1.57866,1.50,1.20
2013.10.16 14:02:07.364,1.57852,1.57866,2.03,1.20
2013.10.16 14:02:07.485,1.57851,1.57861,1.65,1.13
2013.10.16 14:02:07.845,1.57844,1.57854,2.03,1.13
2013.10.16 14:02:07.906,1.57842,1.57855,2.25,1.13
2013.10.16 14:02:07.965,1.57843,1.57857,1.65,1.50
2013.10.16 14:02:08.209,1.57846,1.57857,1.65,1.50
2013.10.16 14:02:08.336,1.57849,1.57861,1.50,1.65
2013.10.16 14:02:08.396,1.57851,1.57862,1.50,1.65
2013.10.16 14:02:08.756,1.57853,1.57866,1.58,1.69
2013.10.16 14:02:09.185,1.57854,1.57867,1.50,1.13
2013.10.16 14:02:09.246,1.57854,1.57869,1.88,1.32
2013.10.16 14:02:09.365,1.57854,1.57867,1.95,1.13
2013.10.16 14:02:09.735,1.57854,1.57866,1.58,1.32
2013.10.16 14:02:09.860,1.57859,1.57866,2.25,1.13
2013.10.16 14:02:10.166,1.57865,1.57876,1.65,1.13
2013.10.16 14:02:11.081,1.57866,1.57876,1.58,1.13
2013.10.16 14:02:11.386,1.57864,1.57872,1.50,1.32
2013.10.16 14:02:11.805,1.57863,1.5787,1.50,1.02
2013.10.16 14:02:11.984,1.57864,1.57873,1.50,1.65
2013.10.16 14:02:12.105,1.57859,1.57871,1.28,1.50
2013.10.16 14:02:12.644,1.5786,1.57874,1.65,1.20
2013.10.16 14:02:13.485,1.57862,1.57874,1.58,1.13
2013.10.16 14:02:13.726,1.57864,1.57876,2.25,1.28
2013.10.16 14:02:14.156,1.57863,1.57877,2.40,1.50
2013.10.16 14:02:14.276,1.57867,1.57878,1.50,1.58
2013.10.16 14:02:14.397,1.57868,1.5788,1.13,1.50
2013.10.16 14:02:14.457,1.57871,1.57884,1.84,1.13
2013.10.16 14:02:14.578,1.57875,1.57885,1.09,1.50
2013.10.16 14:02:14.765,1.57874,1.57886,1.95,1.13
2013.10.16 14:02:14.826,1.57874,1.57885,1.95,1.13
2013.10.16 14:02:15.004,1.57873,1.57885,1.65,1.13
2013.10.16 14:02:15.544,1.57872,1.57885,2.33,1.20
2013.10.16 14:02:16.245,1.5787,1.57882,1.77,1.13
2013.10.16 14:02:16.544,1.57872,1.57886,1.58,2.40
2013.10.16 14:02:16.724,1.57872,1.57886,2.40,1.13
2013.10.16 14:02:17.145,1.57873,1.57886,2.40,1.13
2013.10.16 14:02:17.504,1.57874,1.57886,1.58,1.13
2013.10.16 14:02:17.625,1.57874,1.57886,2.33,1.13
2013.10.16 14:02:17.685,1.57876,1.57888,1.88,1.28
2013.10.16 14:02:17.864,1.57877,1.57891,1.65,1.20
2013.10.16 14:02:18.345,1.57877,1.57892,1.65,1.20
2013.10.16 14:02:18.645,1.57877,1.57892,1.95,1.13
2013.10.16 14:02:19.185,1.57876,1.57889,1.95,1.13
2013.10.16 14:02:21.004,1.57877,1.57891,1.65,1.95
2013.10.16 14:02:21.082,1.57887,1.57898,1.58,1.13
2013.10.16 14:02:21.494,1.57889,1.57903,1.13,2.33
2013.10.16 14:02:21.807,1.57889,1.57901,1.13,1.58
2013.10.16 14:02:21.926,1.5789,1.57904,1.20,1.13
2013.10.16 14:02:22.407,1.57892,1.57906,1.20,2.03
2013.10.16 14:02:22.529,1.57896,1.57908,1.13,1.58
2013.10.16 14:02:22.596,1.57903,1.57909,1.13,1.02
2013.10.16 14:02:22.718,1.57903,1.57915,1.13,1.28
2013.10.16 14:02:23.025,1.57901,1.57915,1.28,1.13
2013.10.16 14:02:23.086,1.57901,1.57913,1.20,1.02
2013.10.16 14:02:23.445,1.57902,1.57913,1.20,1.69
2013.10.16 14:02:23.506,1.57901,1.57913,1.20,1.69
2013.10.16 14:02:23.745,1.57903,1.57916,1.09,1.50
2013.10.16 14:02:23.808,1.57903,1.57916,1.84,1.13
2013.10.16 14:02:24.105,1.57907,1.57918,1.05,1.13
2013.10.16 14:02:24.344,1.57904,1.57918,1.05,1.88
2013.10.16 14:02:24.645,1.5791,1.5792,1.50,1.88
2013.10.16 14:02:24.767,1.57908,1.57919,1.13,1.13
2013.10.16 14:02:25.306,1.57907,1.57921,1.50,1.28
2013.10.16 14:02:26.294,1.57905,1.57916,1.80,1.13
2013.10.16 14:02:27.208,1.57905,1.5792,2.55,2.25
2013.10.16 14:02:27.564,1.57907,1.57922,1.80,1.69
2013.10.16 14:02:27.865,1.57911,1.57923,1.05,1.32
2013.10.16 14:02:28.404,1.5791,1.57924,2.55,1.13
2013.10.16 14:02:29.326,1.57911,1.57924,1.50,1.13
2013.10.16 14:02:29.745,1.57909,1.57922,3.00,1.32
2013.10.16 14:02:30.165,1.57908,1.57922,2.25,1.13
2013.10.16 14:02:30.225,1.5791,1.57922,1.50,1.13
2013.10.16 14:02:30.726,1.5791,1.57921,1.50,1.65
2013.10.16 14:02:31.084,1.5791,1.57921,2.25,1.95
2013.10.16 14:02:31.710,1.57914,1.57922,2.25,1.50
2013.10.16 14:02:31.778,1.5791,1.57921,1.50,2.03
2013.10.16 14:02:32.144,1.57911,1.57921,1.50,1.20
2013.10.16 14:02:32.387,1.5791,1.57921,1.50,1.20
2013.10.16 14:02:33.446,1.57907,1.57921,1.50,2.78
2013.10.16 14:02:33.505,1.57907,1.57921,1.50,2.78
2013.10.16 14:02:34.094,1.57907,1.5792,1.50,1.28
2013.10.16 14:02:34.395,1.5789,1.57902,1.13,1.13
2013.10.16 14:02:34.755,1.57885,1.57898,2.33,1.13
2013.10.16 14:02:35.536,1.57886,1.57897,1.50,1.28
2013.10.16 14:02:35.984,1.57888,1.579,1.50,1.58
2013.10.16 14:02:36.045,1.57891,1.57901,1.50,1.50
2013.10.16 14:02:36.224,1.57891,1.57903,1.50,2.22
2013.10.16 14:02:36.344,1.57892,1.57903,1.13,1.09
2013.10.16 14:02:36.644,1.5789,1.57902,1.20,1.58
2013.10.16 14:02:36.766,1.57891,1.57902,2.70,1.50
2013.10.16 14:02:37.296,1.57891,1.57902,2.25,1.65
2013.10.16 14:02:37.534,1.57889,1.57902,1.13,1.65
2013.10.16 14:02:37.715,1.57886,1.57898,1.58,1.50
2013.10.16 14:02:37.954,1.57883,1.57896,1.58,1.58
2013.10.16 14:02:38.374,1.57882,1.57896,3.53,1.58
2013.10.16 14:02:38.735,1.57879,1.57889,1.50,1.50
2013.10.16 14:02:38.794,1.57878,1.57889,1.13,1.58
2013.10.16 14:02:38.856,1.57875,1.57887,1.58,1.88
2013.10.16 14:02:39.095,1.57874,1.57887,1.50,2.33
2013.10.16 14:02:39.700,1.57873,1.57887,1.50,1.95
2013.10.16 14:02:40.139,1.57874,1.57887,1.50,1.95
2013.10.16 14:02:40.377,1.57876,1.57887,1.50,1.65
2013.10.16 14:02:40.808,1.57879,1.57887,1.50,1.65
2013.10.16 14:02:40.926,1.57875,1.57886,2.25,1.58
2013.10.16 14:02:40.986,1.57875,1.57887,2.25,1.65
2013.10.16 14:02:41.106,1.57875,1.57886,1.58,1.50
2013.10.16 14:02:41.777,1.57875,1.57885,1.50,1.88
2013.10.16 14:02:43.714,1.57873,1.57882,1.50,1.13
2013.10.16 14:02:45.727,1.57871,1.57881,1.65,1.13
2013.10.16 14:02:46.445,1.5787,1.57879,1.50,1.88
2013.10.16 14:02:46.745,1.57869,1.57879,1.58,1.88
2013.10.16 14:02:46.806,1.57868,1.57876,1.20,1.13
2013.10.16 14:02:47.046,1.57861,1.57871,1.88,1.13
2013.10.16 14:02:47.584,1.57859,1.5787,1.50,1.28
2013.10.16 14:02:47.765,1.57861,1.57873,1.69,1.13
2013.10.16 14:02:48.066,1.57875,1.57885,1.13,1.35
2013.10.16 14:02:48.194,1.57874,1.57886,1.58,1.50
2013.10.16 14:02:48.256,1.57874,1.57883,1.58,1.13
2013.10.16 14:02:48.556,1.57866,1.57876,1.32,1.20
2013.10.16 14:02:48.615,1.57865,1.57876,1.32,1.20
2013.10.16 14:02:48.735,1.57861,1.57876,2.44,2.44
2013.10.16 14:02:48.855,1.57861,1.57873,1.50,1.20
2013.10.16 14:02:49.215,1.57856,1.57868,1.50,2.63
2013.10.16 14:02:49.335,1.57856,1.57868,1.69,1.50
2013.10.16 14:02:49.395,1.57852,1.57866,1.95,1.32
2013.10.16 14:02:49.515,1.57852,1.57864,2.63,2.63
2013.10.16 14:02:49.636,1.57852,1.57864,1.47,1.88
2013.10.16 14:02:49.697,1.57851,1.57864,1.88,2.25
2013.10.16 14:02:49.755,1.57851,1.57861,1.13,1.28
2013.10.16 14:02:49.935,1.57842,1.57856,1.20,1.39
2013.10.16 14:02:49.995,1.57842,1.57856,1.32,1.50
2013.10.16 14:02:50.115,1.57842,1.57857,2.07,1.13
2013.10.16 14:02:50.179,1.57845,1.5786,1.50,1.69
2013.10.16 14:02:50.736,1.57845,1.5786,1.50,1.50
2013.10.16 14:02:50.855,1.57846,1.57861,1.50,2.25
2013.10.16 14:02:50.914,1.57848,1.57861,1.58,1.50
2013.10.16 14:02:50.974,1.57847,1.57861,1.65,1.13
2013.10.16 14:02:51.395,1.57848,1.57862,2.40,1.20
2013.10.16 14:02:51.904,1.57851,1.57862,1.58,1.13
2013.10.16 14:02:52.264,1.57852,1.57866,1.50,1.28
2013.10.16 14:02:52.504,1.57852,1.57866,1.50,1.88
2013.10.16 14:02:53.015,1.57851,1.57866,1.50,1.58
2013.10.16 14:02:53.075,1.57851,1.57866,1.58,1.28
2013.10.16 14:02:53.194,1.57851,1.57862,1.58,1.50
2013.10.16 14:02:53.858,1.5785,1.57862,1.65,1.50
2013.10.16 14:02:54.375,1.57853,1.57866,1.50,1.28
2013.10.16 14:02:54.915,1.57853,1.57866,1.58,1.28
2013.10.16 14:02:55.474,1.57852,1.57866,1.50,1.28
2013.10.16 14:02:55.835,1.57859,1.57866,1.13,1.28
2013.10.16 14:02:56.015,1.57864,1.57876,1.50,1.28
2013.10.16 14:02:56.076,1.57865,1.57876,1.50,1.28
2013.10.16 14:02:56.255,1.57859,1.57871,1.88,2.25
2013.10.16 14:02:56.494,1.57857,1.57871,1.02,2.40
2013.10.16 14:02:56.735,1.57856,1.57871,1.65,1.65
2013.10.16 14:02:57.275,1.57862,1.57872,1.13,2.40
2013.10.16 14:02:57.516,1.57866,1.57875,1.13,1.13
2013.10.16 14:02:57.635,1.57874,1.57885,1.13,2.33
2013.10.16 14:02:57.756,1.5787,1.57885,1.88,1.20
2013.10.16 14:02:57.935,1.57871,1.57886,1.47,1.65
2013.10.16 14:02:58.055,1.57871,1.57886,1.47,1.65
2013.10.16 14:02:58.655,1.57871,1.57886,1.77,1.58
2013.10.16 14:02:58.774,1.57873,1.57886,1.09,1.50
2013.10.16 14:02:59.074,1.57874,1.57886,1.20,1.50
2013.10.16 14:02:59.582,1.57874,1.57886,1.95,1.50
2013.10.16 14:02:59.886,1.57874,1.57886,1.95,1.50
2013.10.16 14:03:00.064,1.57874,1.57886,1.65,1.50
2013.10.16 14:03:00.365,1.57875,1.57886,1.77,1.50
2013.10.16 14:03:00.484,1.57875,1.5789,2.52,1.28
2013.10.16 14:03:00.605,1.57875,1.5789,2.82,1.20
2013.10.16 14:03:00.965,1.57877,1.5789,1.39,1.13
2013.10.16 14:03:01.205,1.57883,1.57891,1.13,1.58
2013.10.16 14:03:01.325,1.57882,1.57892,1.13,2.25
2013.10.16 14:03:01.444,1.5788,1.57891,1.20,1.50
2013.10.16 14:03:01.756,1.57877,1.5789,1.09,1.50
2013.10.16 14:03:01.816,1.5788,1.5789,2.22,1.50
2013.10.16 14:03:02.177,1.57879,1.57888,1.58,1.50
2013.10.16 14:03:02.236,1.57879,1.57888,1.28,1.50
2013.10.16 14:03:02.715,1.57877,1.57891,1.58,1.65
2013.10.16 14:03:03.325,1.57879,1.57891,1.09,1.95
2013.10.16 14:03:03.626,1.57879,1.57892,1.39,1.58
2013.10.16 14:03:03.685,1.57881,1.57894,2.03,1.65
2013.10.16 14:03:03.926,1.57882,1.57896,2.22,1.28
2013.10.16 14:03:04.164,1.57884,1.57897,1.65,1.20
2013.10.16 14:03:04.464,1.57882,1.57895,1.47,1.20
2013.10.16 14:03:04.525,1.57882,1.57895,1.47,2.78
2013.10.16 14:03:04.645,1.57883,1.57895,1.09,1.20
2013.10.16 14:03:04.705,1.57889,1.57898,1.69,1.58
2013.10.16 14:03:04.885,1.57894,1.57904,1.28,1.13
2013.10.16 14:03:05.005,1.57894,1.57905,1.62,1.88
2013.10.16 14:03:05.065,1.57894,1.57907,1.62,1.13
2013.10.16 14:03:05.496,1.57894,1.57906,1.62,1.13
2013.10.16 14:03:05.616,1.57892,1.57906,2.48,1.88
2013.10.16 14:03:05.736,1.57891,1.57906,1.80,1.95
2013.10.16 14:03:05.796,1.57891,1.57906,1.43,1.95
2013.10.16 14:03:05.855,1.57891,1.57902,1.43,1.50
2013.10.16 14:03:06.038,1.57888,1.57901,1.09,1.13
2013.10.16 14:03:06.285,1.57887,1.57901,1.77,1.88
2013.10.16 14:03:06.405,1.57887,1.57901,1.95,1.88
2013.10.16 14:03:06.724,1.57887,1.57899,1.20,1.50
2013.10.16 14:03:07.025,1.5789,1.57898,1.20,1.13
2013.10.16 14:03:07.085,1.57891,1.579,1.54,1.13
2013.10.16 14:03:07.206,1.57892,1.57906,1.84,1.65
2013.10.16 14:03:07.325,1.57893,1.57908,1.09,1.65
2013.10.16 14:03:07.866,1.57893,1.57908,2.03,1.65
2013.10.16 14:03:08.166,1.57893,1.57906,1.65,1.50
2013.10.16 14:03:08.227,1.57893,1.57907,1.65,2.52
2013.10.16 14:03:08.286,1.57893,1.57905,1.65,1.50
2013.10.16 14:03:08.465,1.57889,1.57905,1.62,1.65
2013.10.16 14:03:08.646,1.57889,1.57901,1.54,1.58
2013.10.16 14:03:08.765,1.57886,1.57901,1.65,2.33
2013.10.16 14:03:08.824,1.57886,1.57901,1.28,2.40
2013.10.16 14:03:08.885,1.57886,1.57898,1.28,1.50
2013.10.16 14:03:09.005,1.57881,1.57896,1.20,1.58
2013.10.16 14:03:09.065,1.57881,1.57895,1.20,1.58
2013.10.16 14:03:09.126,1.57883,1.57892,1.50,1.13
2013.10.16 14:03:09.305,1.57886,1.57897,1.20,1.50
2013.10.16 14:03:09.366,1.57886,1.57897,1.95,1.50
2013.10.16 14:03:09.425,1.57886,1.57899,2.37,1.13
2013.10.16 14:03:09.485,1.57887,1.57899,1.13,1.13
2013.10.16 14:03:09.844,1.57893,1.57906,1.65,1.50
2013.10.16 14:03:10.085,1.57893,1.57906,1.65,1.50
2013.10.16 14:03:10.359,1.57893,1.57906,2.40,1.88
2013.10.16 14:03:10.484,1.57893,1.57906,2.59,1.50
2013.10.16 14:03:10.605,1.57894,1.57906,1.65,1.50
2013.10.16 14:03:10.905,1.57891,1.57906,2.22,1.88
2013.10.16 14:03:10.964,1.5789,1.57904,2.22,1.58
2013.10.16 14:03:11.025,1.57888,1.57902,1.28,1.58
2013.10.16 14:03:11.205,1.57886,1.579,1.17,1.13
2013.10.16 14:03:11.386,1.57879,1.5789,3.08,1.50
2013.10.16 14:03:11.505,1.57879,1.57891,2.70,1.50
2013.10.16 14:03:11.566,1.57878,1.5789,1.58,1.50
2013.10.16 14:03:11.685,1.57877,1.57889,1.65,1.50
2013.10.16 14:03:11.926,1.57879,1.57888,1.17,1.50
2013.10.16 14:03:11.984,1.5788,1.57891,1.17,1.50
2013.10.16 14:03:12.613,1.5788,1.57893,1.09,1.65
2013.10.16 14:03:12.855,1.5788,1.57893,1.43,1.58
2013.10.16 14:03:12.915,1.57878,1.57893,3.94,1.58
2013.10.16 14:03:13.218,1.57876,1.5789,1.28,1.50
2013.10.16 14:03:13.344,1.57874,1.57887,1.28,1.50
2013.10.16 14:03:13.405,1.57873,1.57887,1.65,1.50
2013.10.16 14:03:13.588,1.57872,1.57886,1.58,1.50
2013.10.16 14:03:13.947,1.57871,1.57883,1.43,1.50
2013.10.16 14:03:15.404,1.57873,1.57884,1.95,1.50
2013.10.16 14:03:15.465,1.57874,1.57884,1.58,1.50
2013.10.16 14:03:15.645,1.57875,1.57889,1.39,1.65
2013.10.16 14:03:15.704,1.57876,1.57889,1.32,1.65
2013.10.16 14:03:16.064,1.57877,1.5789,1.13,1.65
2013.10.16 14:03:16.245,1.57877,1.5789,1.13,1.65
2013.10.16 14:03:16.725,1.57877,1.57892,1.95,2.03
2013.10.16 14:03:16.785,1.57877,1.57892,1.95,2.03
2013.10.16 14:03:16.965,1.57877,1.57891,1.58,1.28
2013.10.16 14:03:17.026,1.57876,1.57889,1.84,1.13
2013.10.16 14:03:17.544,1.57876,1.57888,2.89,1.13
2013.10.16 14:03:17.885,1.57876,1.57888,2.89,1.13
2013.10.16 14:03:18.004,1.57876,1.57888,2.89,1.13
2013.10.16 14:03:18.125,1.57876,1.57889,2.14,1.13
2013.10.16 14:03:18.365,1.57878,1.57891,1.65,1.20
2013.10.16 14:03:18.425,1.57879,1.57891,2.10,1.20
2013.10.16 14:03:18.726,1.57877,1.57891,2.33,1.58
2013.10.16 14:03:18.845,1.57875,1.57891,1.95,1.58
2013.10.16 14:03:19.025,1.57876,1.57891,2.03,1.58
2013.10.16 14:03:19.267,1.57883,1.57892,1.13,1.58
2013.10.16 14:03:20.285,1.57881,1.57891,1.88,1.50
2013.10.16 14:03:20.587,1.5788,1.57892,1.17,1.95
2013.10.16 14:03:20.765,1.57875,1.57887,1.39,1.50
2013.10.16 14:03:20.885,1.57877,1.57889,1.65,1.50
2013.10.16 14:03:21.186,1.5788,1.5789,1.73,1.50
2013.10.16 14:03:21.246,1.5788,1.57891,1.39,1.13
2013.10.16 14:03:21.486,1.57877,1.57889,1.58,1.13
2013.10.16 14:03:21.665,1.57876,1.57889,2.25,1.13
2013.10.16 14:03:21.845,1.57878,1.57889,1.20,1.50
2013.10.16 14:03:21.906,1.57879,1.5789,2.03,1.13
2013.10.16 14:03:22.500,1.5788,1.57892,1.28,1.50
2013.10.16 14:03:22.585,1.57881,1.57893,1.20,1.50
2013.10.16 14:03:23.136,1.57882,1.57893,1.54,1.50
2013.10.16 14:03:23.436,1.57885,1.57896,1.09,1.50
2013.10.16 14:03:23.617,1.57886,1.57896,1.09,1.50
2013.10.16 14:03:23.976,1.57885,1.57895,1.50,1.50
2013.10.16 14:03:24.576,1.57885,1.579,2.44,2.63
2013.10.16 14:03:24.755,1.57887,1.57902,1.50,1.88
2013.10.16 14:03:25.116,1.57887,1.579,1.20,1.50
2013.10.16 14:03:25.661,1.57886,1.57901,1.95,1.58
2013.10.16 14:03:26.086,1.57887,1.57901,1.65,2.25
2013.10.16 14:03:26.266,1.57888,1.57903,1.95,1.88
2013.10.16 14:03:26.386,1.57888,1.57903,2.70,1.13
2013.10.16 14:03:26.685,1.57889,1.57903,1.65,1.13
2013.10.16 14:03:27.226,1.57888,1.57902,1.20,1.88
2013.10.16 14:03:28.245,1.5789,1.57902,1.09,1.88
2013.10.16 14:03:28.785,1.57886,1.57897,1.95,1.50
2013.10.16 14:03:28.845,1.57886,1.57901,1.95,1.88
2013.10.16 14:03:28.965,1.57885,1.579,1.50,1.13
2013.10.16 14:03:29.156,1.57888,1.579,1.20,1.13
2013.10.16 14:03:29.457,1.57884,1.57897,1.50,1.50
2013.10.16 14:03:29.814,1.57881,1.57892,1.20,1.50
2013.10.16 14:03:30.235,1.57878,1.57892,1.95,1.88
2013.10.16 14:03:30.295,1.57878,1.57891,1.95,1.13
2013.10.16 14:03:30.415,1.57882,1.57895,1.50,1.28
2013.10.16 14:03:30.596,1.57882,1.57897,1.65,2.89
2013.10.16 14:03:30.955,1.57882,1.57895,1.13,2.40
2013.10.16 14:03:31.015,1.57882,1.57892,1.50,1.50
2013.10.16 14:03:31.375,1.57879,1.57893,1.65,1.77
2013.10.16 14:03:31.675,1.57878,1.57892,2.33,1.88
2013.10.16 14:03:32.489,1.57878,1.57891,1.20,1.50
2013.10.16 14:03:32.614,1.57878,1.57892,1.20,1.88
2013.10.16 14:03:33.126,1.57878,1.57891,1.20,1.50
2013.10.16 14:03:34.035,1.57882,1.57892,1.20,1.50
2013.10.16 14:03:34.575,1.57884,1.57892,1.20,1.50
2013.10.16 14:03:34.948,1.57884,1.57891,1.20,1.50
2013.10.16 14:03:35.127,1.57883,1.57891,1.65,1.50
2013.10.16 14:03:35.365,1.57882,1.57891,1.95,1.50
2013.10.16 14:03:36.845,1.57881,1.57893,1.20,1.50
2013.10.16 14:03:37.387,1.57882,1.57894,1.95,1.13
2013.10.16 14:03:37.745,1.57884,1.57891,1.13,1.32
2013.10.16 14:03:38.106,1.57883,1.57892,1.20,1.50
2013.10.16 14:03:38.167,1.57882,1.57893,1.95,1.50
2013.10.16 14:03:38.646,1.57879,1.57892,1.28,1.50
2013.10.16 14:03:38.825,1.57877,1.57892,2.33,1.88
2013.10.16 14:03:38.885,1.57877,1.57891,1.58,1.13
2013.10.16 14:03:39.186,1.57877,1.57889,1.20,1.50
2013.10.16 14:03:39.738,1.57878,1.5789,1.20,1.50
2013.10.16 14:03:40.096,1.57877,1.57891,1.28,1.50
2013.10.16 14:03:40.755,1.57875,1.57888,1.28,1.50
2013.10.16 14:03:41.295,1.57876,1.57891,1.65,2.52
2013.10.16 14:03:41.476,1.57875,1.57888,1.28,1.50
2013.10.16 14:03:41.595,1.57873,1.57887,1.20,1.50
2013.10.16 14:03:41.716,1.57873,1.57887,1.20,1.50
2013.10.16 14:03:42.077,1.57872,1.57885,1.95,1.50
2013.10.16 14:03:42.758,1.57873,1.57886,1.58,1.50
2013.10.16 14:03:43.108,1.57871,1.57885,1.13,1.65
2013.10.16 14:03:43.181,1.5787,1.57884,1.95,1.65
2013.10.16 14:03:43.308,1.57873,1.57888,1.65,1.65
2013.10.16 14:03:43.366,1.57873,1.57888,1.65,1.65
2013.10.16 14:03:43.665,1.57874,1.57889,2.03,1.65
2013.10.16 14:03:43.966,1.57875,1.57889,2.70,1.58
2013.10.16 14:03:44.327,1.57875,1.57889,1.58,1.95
2013.10.16 14:03:45.946,1.5787,1.57883,1.95,1.13
2013.10.16 14:03:46.246,1.57871,1.57882,1.58,1.13
2013.10.16 14:03:46.544,1.57869,1.57883,1.58,1.65
2013.10.16 14:03:46.905,1.57864,1.5788,1.65,1.95
2013.10.16 14:03:47.145,1.57866,1.57878,1.50,1.20
2013.10.16 14:03:47.505,1.57873,1.57884,1.20,1.50
2013.10.16 14:03:48.046,1.57874,1.57887,1.20,1.58
2013.10.16 14:03:48.465,1.57873,1.57884,1.20,1.02
2013.10.16 14:03:48.706,1.57861,1.57876,2.25,1.50
2013.10.16 14:03:48.777,1.57861,1.57876,2.25,1.50
2013.10.16 14:03:49.394,1.57863,1.57877,2.03,1.58
2013.10.16 14:03:49.515,1.57864,1.57877,1.20,1.65
2013.10.16 14:03:49.700,1.57867,1.57878,1.13,1.65
2013.10.16 14:03:51.145,1.57871,1.57883,1.69,1.20
2013.10.16 14:03:51.265,1.57875,1.57888,1.13,1.28
2013.10.16 14:03:51.385,1.57873,1.57887,1.50,1.50
2013.10.16 14:03:51.624,1.57873,1.57888,2.93,1.65
2013.10.16 14:03:51.805,1.57875,1.57891,2.03,1.65
2013.10.16 14:03:52.165,1.57875,1.57891,2.03,1.65
2013.10.16 14:03:52.747,1.57877,1.57892,1.50,1.95
2013.10.16 14:03:53.334,1.57879,1.57892,1.50,1.20
2013.10.16 14:03:53.925,1.5788,1.57893,1.50,1.65
2013.10.16 14:03:54.885,1.57876,1.57889,1.65,1.13
2013.10.16 14:03:55.185,1.57875,1.5789,1.95,1.13
2013.10.16 14:03:55.305,1.57875,1.57889,1.95,1.13
2013.10.16 14:03:56.154,1.57875,1.57889,1.95,1.13
2013.10.16 14:03:56.754,1.57877,1.57891,1.20,1.88
2013.10.16 14:03:57.295,1.57878,1.57889,2.33,1.13
2013.10.16 14:03:57.655,1.57878,1.5789,1.28,1.13
2013.10.16 14:03:58.225,1.57878,1.57891,2.03,1.88
2013.10.16 14:03:58.736,1.5788,1.57893,1.28,1.50
2013.10.16 14:03:59.217,1.5788,1.57891,1.28,1.50
2013.10.16 14:03:59.575,1.57874,1.57887,1.58,1.69
2013.10.16 14:03:59.935,1.57873,1.57887,1.28,2.52
2013.10.16 14:03:59.995,1.57872,1.57887,1.95,2.52
2013.10.16 14:04:00.175,1.57873,1.57884,1.20,1.50
2013.10.16 14:04:00.295,1.57874,1.57885,1.20,1.13
2013.10.16 14:04:00.415,1.57874,1.57886,1.50,1.58
2013.10.16 14:04:00.816,1.57873,1.57881,1.28,1.13
2013.10.16 14:04:01.117,1.57873,1.57882,1.28,1.13
2013.10.16 14:04:01.656,1.57877,1.57887,1.95,1.50
2013.10.16 14:04:01.717,1.57877,1.57887,2.03,1.50
2013.10.16 14:04:02.374,1.57879,1.57893,1.13,1.58
2013.10.16 14:04:02.496,1.57878,1.57887,2.03,1.13
2013.10.16 14:04:02.744,1.57878,1.57886,1.58,1.13
2013.10.16 14:04:02.806,1.57878,1.57891,1.58,1.58
2013.10.16 14:04:02.865,1.57879,1.57893,2.07,1.65
2013.10.16 14:04:02.985,1.57879,1.57894,2.22,1.20
2013.10.16 14:04:03.104,1.57879,1.57896,1.47,3.90
2013.10.16 14:04:03.683,1.57878,1.57891,1.13,1.88
2013.10.16 14:04:04.066,1.57875,1.57888,1.13,1.32
2013.10.16 14:04:04.306,1.57871,1.57884,1.62,1.13
2013.10.16 14:04:04.366,1.57871,1.57883,1.47,1.13
2013.10.16 14:04:04.547,1.57871,1.57885,1.47,1.20
2013.10.16 14:04:04.728,1.57869,1.57883,1.28,1.13
2013.10.16 14:04:04.975,1.57872,1.57885,1.50,1.28
2013.10.16 14:04:05.515,1.57872,1.57885,1.50,1.28
2013.10.16 14:04:06.074,1.57872,1.57886,2.25,2.03
2013.10.16 14:04:06.375,1.57873,1.57881,1.50,1.13
2013.10.16 14:04:06.435,1.5787,1.57881,1.50,1.13
2013.10.16 14:04:06.495,1.5787,1.5788,1.32,1.13
2013.10.16 14:04:06.554,1.57869,1.5788,1.84,1.13
2013.10.16 14:04:06.616,1.57872,1.57881,1.50,1.50
2013.10.16 14:04:06.916,1.57872,1.57881,2.25,1.13
2013.10.16 14:04:07.395,1.57868,1.57882,1.95,1.50
2013.10.16 14:04:07.455,1.57868,1.57881,1.50,1.58
2013.10.16 14:04:07.695,1.57868,1.57876,1.50,1.13
2013.10.16 14:04:08.496,1.57867,1.57876,1.50,1.13
2013.10.16 14:04:09.023,1.57866,1.57876,2.25,1.13
2013.10.16 14:04:09.567,1.57868,1.57876,1.50,1.13
2013.10.16 14:04:09.687,1.57868,1.57876,1.50,1.13
2013.10.16 14:04:09.809,1.57871,1.5788,1.50,1.20
2013.10.16 14:04:09.996,1.57872,1.57882,1.58,1.13
2013.10.16 14:04:10.115,1.57873,1.57885,1.13,1.20
2013.10.16 14:04:10.835,1.5787,1.57882,1.88,1.20
2013.10.16 14:04:11.374,1.57869,1.5788,1.20,1.50
2013.10.16 14:04:12.264,1.57874,1.57881,1.13,1.50
2013.10.16 14:04:12.385,1.57875,1.57885,1.13,1.28
2013.10.16 14:04:12.925,1.57876,1.57885,2.03,1.13
2013.10.16 14:04:12.985,1.57879,1.57889,1.20,2.07
2013.10.16 14:04:13.345,1.57879,1.57889,1.88,2.07
2013.10.16 14:04:13.884,1.57879,1.57889,1.58,1.13
2013.10.16 14:04:13.945,1.57879,1.57889,1.58,1.88
2013.10.16 14:04:14.638,1.57877,1.57889,2.33,2.63
2013.10.16 14:04:14.711,1.57877,1.57889,2.33,1.88
2013.10.16 14:04:14.780,1.57877,1.57889,1.95,1.88
2013.10.16 14:04:15.028,1.57877,1.57886,1.50,1.88
2013.10.16 14:04:15.636,1.57876,1.57886,1.28,1.50
2013.10.16 14:04:16.115,1.57876,1.57886,1.28,1.50
2013.10.16 14:04:16.595,1.57879,1.5789,1.50,1.13
2013.10.16 14:04:16.655,1.57879,1.57889,2.63,1.13
2013.10.16 14:04:17.204,1.5788,1.57889,1.58,1.13
2013.10.16 14:04:17.446,1.57877,1.57887,1.95,1.13
2013.10.16 14:04:17.994,1.57877,1.57886,1.58,1.13
2013.10.16 14:04:18.554,1.57876,1.57886,2.40,1.13
2013.10.16 14:04:18.675,1.57876,1.57885,1.65,1.13
2013.10.16 14:04:18.974,1.57874,1.57885,1.20,1.13
2013.10.16 14:04:19.505,1.57875,1.57885,1.28,1.13
2013.10.16 14:04:20.045,1.57876,1.57884,1.58,1.13
2013.10.16 14:04:20.406,1.57876,1.57887,1.95,1.13
2013.10.16 14:04:20.526,1.57879,1.57888,1.65,1.13
2013.10.16 14:04:20.586,1.57879,1.57892,1.65,1.13
2013.10.16 14:04:21.065,1.57878,1.57889,1.20,1.13
2013.10.16 14:04:21.184,1.57876,1.57889,1.95,1.13
2013.10.16 14:04:22.041,1.57875,1.57883,1.20,1.50
2013.10.16 14:04:22.287,1.57871,1.57881,1.13,1.13
2013.10.16 14:04:22.348,1.57868,1.57881,1.28,1.13
2013.10.16 14:04:22.825,1.57872,1.57882,1.20,1.50
2013.10.16 14:04:23.126,1.57873,1.57885,1.13,1.65
2013.10.16 14:04:23.725,1.57875,1.57889,1.92,1.13
2013.10.16 14:04:23.845,1.57876,1.57889,1.13,1.50
2013.10.16 14:04:25.227,1.57876,1.57888,1.28,1.13
2013.10.16 14:04:25.764,1.57876,1.57888,1.20,1.13
2013.10.16 14:04:26.266,1.57876,1.57887,1.13,1.95
2013.10.16 14:04:26.954,1.57876,1.57887,1.13,1.58
2013.10.16 14:04:27.511,1.57876,1.57889,1.28,1.69
2013.10.16 14:04:29.675,1.57877,1.57889,1.20,1.13
2013.10.16 14:04:30.216,1.57877,1.57889,1.05,1.20
2013.10.16 14:04:31.157,1.57877,1.57889,1.13,1.58
2013.10.16 14:04:31.526,1.57877,1.57887,1.13,1.65
2013.10.16 14:04:31.585,1.57877,1.57887,1.13,1.28
2013.10.16 14:04:31.765,1.57877,1.57887,1.13,1.50
2013.10.16 14:04:32.335,1.57878,1.57887,1.50,1.50
2013.10.16 14:04:32.844,1.57878,1.57887,1.58,1.50
2013.10.16 14:04:33.514,1.57878,1.57887,1.58,1.50
2013.10.16 14:04:33.755,1.57876,1.57886,1.13,1.13
2013.10.16 14:04:34.295,1.57876,1.57887,1.88,1.95
2013.10.16 14:04:34.665,1.57877,1.57887,1.20,1.13
2013.10.16 14:04:34.725,1.57876,1.57887,1.13,1.50
2013.10.16 14:04:34.789,1.57877,1.57887,1.13,1.13
2013.10.16 14:04:36.351,1.57877,1.57889,2.03,2.82
2013.10.16 14:04:38.934,1.57877,1.57889,1.13,2.40
2013.10.16 14:04:39.115,1.57875,1.57888,1.32,1.58
2013.10.16 14:04:39.296,1.57874,1.57886,1.13,2.03
2013.10.16 14:04:39.415,1.57874,1.57884,1.13,1.09
2013.10.16 14:04:39.475,1.57875,1.57884,1.13,1.09
2013.10.16 14:04:39.594,1.57869,1.57882,1.65,1.32
2013.10.16 14:04:39.895,1.57868,1.57881,2.33,1.20
2013.10.16 14:04:40.195,1.57867,1.57881,1.50,2.03
2013.10.16 14:04:40.895,1.57867,1.57881,1.50,1.65
2013.10.16 14:04:41.406,1.57867,1.57878,1.13,1.13
2013.10.16 14:04:41.765,1.57867,1.57878,1.13,1.58
2013.10.16 14:04:42.628,1.57867,1.57878,1.13,1.20
2013.10.16 14:04:43.774,1.57867,1.5788,1.13,2.33
2013.10.16 14:04:44.996,1.57867,1.57879,1.13,1.65
2013.10.16 14:04:45.175,1.57867,1.57878,1.13,1.95
2013.10.16 14:04:45.355,1.57867,1.57876,1.13,1.58
2013.10.16 14:04:45.475,1.57867,1.57876,1.13,1.58
2013.10.16 14:04:45.895,1.57866,1.57876,1.20,1.50
2013.10.16 14:04:46.015,1.57862,1.57875,1.20,1.20
2013.10.16 14:04:46.075,1.57862,1.57872,1.20,1.13
2013.10.16 14:04:46.375,1.57859,1.57871,1.88,1.95
2013.10.16 14:04:46.435,1.57859,1.57871,1.88,1.95
2013.10.16 14:04:46.735,1.57857,1.5787,1.13,1.28
2013.10.16 14:04:47.247,1.57857,1.5787,1.13,1.58
2013.10.16 14:04:47.326,1.57861,1.5787,1.50,1.50
2013.10.16 14:04:47.517,1.57858,1.57867,1.50,1.88
2013.10.16 14:04:47.637,1.57857,1.57866,1.50,1.13
2013.10.16 14:04:47.698,1.57858,1.57869,1.50,2.03
2013.10.16 14:04:48.425,1.57857,1.57868,1.13,1.13
2013.10.16 14:04:48.665,1.57857,1.57868,1.50,1.13
2013.10.16 14:04:49.145,1.57858,1.57868,1.13,1.88
2013.10.16 14:04:49.685,1.57857,1.57866,1.13,1.50
2013.10.16 14:04:50.057,1.57859,1.57869,1.88,1.20
2013.10.16 14:04:50.416,1.57859,1.57868,2.63,1.13
2013.10.16 14:04:50.975,1.5786,1.57871,1.13,1.28
2013.10.16 14:04:51.215,1.5786,1.57871,1.13,1.20
2013.10.16 14:04:51.826,1.57861,1.5787,1.88,1.88
2013.10.16 14:04:52.987,1.5786,1.5787,1.13,1.88
2013.10.16 14:04:53.855,1.57861,1.5787,1.13,1.88
2013.10.16 14:04:54.191,1.57859,1.57868,1.13,1.13
2013.10.16 14:04:54.734,1.57858,1.57867,1.65,1.13
2013.10.16 14:04:56.745,1.57859,1.5787,1.28,1.88
2013.10.16 14:04:56.865,1.57864,1.5787,1.13,1.13
2013.10.16 14:04:57.107,1.57868,1.57878,1.88,1.13
2013.10.16 14:04:57.288,1.57872,1.57879,1.50,1.88
2013.10.16 14:04:57.347,1.57872,1.57881,1.50,1.13
2013.10.16 14:04:57.466,1.57868,1.57881,1.58,1.13
2013.10.16 14:04:57.646,1.57868,1.57881,1.20,1.58
2013.10.16 14:04:57.827,1.57868,1.57882,1.20,2.22
2013.10.16 14:04:58.594,1.57871,1.57882,1.13,1.13
2013.10.16 14:04:58.661,1.57869,1.57882,1.47,1.13
2013.10.16 14:04:59.205,1.57864,1.57879,2.97,2.25
2013.10.16 14:04:59.446,1.57865,1.57879,1.02,1.50
2013.10.16 14:05:00.106,1.5787,1.57879,1.13,1.65
2013.10.16 14:05:00.645,1.57868,1.57878,1.13,1.50
2013.10.16 14:05:01.187,1.57868,1.57877,1.13,1.50
2013.10.16 14:05:01.375,1.57868,1.57876,1.13,1.50
2013.10.16 14:05:01.675,1.57862,1.57877,1.65,2.40
2013.10.16 14:05:02.096,1.57862,1.57874,1.13,1.95
2013.10.16 14:05:02.275,1.5786,1.57873,1.50,1.20
2013.10.16 14:05:02.335,1.57857,1.57868,1.20,1.13
2013.10.16 14:05:02.454,1.57857,1.57868,1.20,1.13
2013.10.16 14:05:02.965,1.57856,1.57868,1.20,1.13
2013.10.16 14:05:03.084,1.57856,1.5787,1.20,1.28
2013.10.16 14:05:03.265,1.57859,1.5787,1.09,1.28
2013.10.16 14:05:03.567,1.57858,1.5787,1.13,1.84
2013.10.16 14:05:04.106,1.5786,1.57867,1.13,1.50
2013.10.16 14:05:04.537,1.57861,1.57873,1.13,1.28
2013.10.16 14:05:05.195,1.57862,1.57874,1.28,1.69
2013.10.16 14:05:05.315,1.57862,1.57874,1.20,1.02
2013.10.16 14:05:06.245,1.57865,1.57874,1.13,1.69
2013.10.16 14:05:06.485,1.57865,1.57874,1.13,1.69
2013.10.16 14:05:06.848,1.5786,1.57872,1.20,1.88
2013.10.16 14:05:07.404,1.57861,1.57867,1.20,1.13
2013.10.16 14:05:07.765,1.57854,1.57868,1.65,1.50
2013.10.16 14:05:08.307,1.57853,1.57865,2.33,1.13
2013.10.16 14:05:08.381,1.57854,1.57866,1.58,1.20
2013.10.16 14:05:08.626,1.57855,1.57871,1.13,1.20
2013.10.16 14:05:08.747,1.57859,1.57871,1.50,1.50
2013.10.16 14:05:08.805,1.57856,1.57869,1.17,1.88
2013.10.16 14:05:09.046,1.57855,1.57869,2.63,1.50
2013.10.16 14:05:09.166,1.57862,1.57873,1.50,1.65
2013.10.16 14:05:09.226,1.57859,1.57873,3.08,1.28
2013.10.16 14:05:09.286,1.57859,1.57873,2.25,1.95
2013.10.16 14:05:09.405,1.57859,1.57873,2.25,1.28
2013.10.16 14:05:09.765,1.57857,1.57871,3.00,2.03
2013.10.16 14:05:09.886,1.57858,1.5787,1.99,1.50
2013.10.16 14:05:09.947,1.5786,1.57871,1.77,1.50
2013.10.16 14:05:10.306,1.57861,1.57873,2.07,1.28
2013.10.16 14:05:10.666,1.57857,1.57873,1.65,1.65
2013.10.16 14:05:11.025,1.57859,1.57871,1.58,1.20
2013.10.16 14:05:11.406,1.57856,1.57869,3.08,1.13
2013.10.16 14:05:11.525,1.57855,1.57868,1.28,1.50
2013.10.16 14:05:12.066,1.57855,1.5787,1.95,1.65
2013.10.16 14:05:13.285,1.57854,1.57866,1.84,1.88
2013.10.16 14:05:13.345,1.57854,1.57866,1.50,2.03
2013.10.16 14:05:13.657,1.57854,1.57865,1.50,1.20
2013.10.16 14:05:13.895,1.57852,1.57866,1.13,2.63
2013.10.16 14:05:14.017,1.57853,1.57866,1.13,2.63
2013.10.16 14:05:14.349,1.57855,1.57866,1.50,2.63
2013.10.16 14:05:14.645,1.57853,1.57865,1.13,1.13
2013.10.16 14:05:15.184,1.57853,1.57866,1.13,2.63
2013.10.16 14:05:15.726,1.57854,1.57866,1.13,1.50
2013.10.16 14:05:16.335,1.57853,1.57866,1.58,1.50
2013.10.16 14:05:16.815,1.57853,1.57867,1.58,1.50
2013.10.16 14:05:17.138,1.5785,1.57865,2.33,2.25
2013.10.16 14:05:17.496,1.57849,1.57861,1.28,1.50
2013.10.16 14:05:17.616,1.57852,1.57864,1.13,2.70
2013.10.16 14:05:17.735,1.5785,1.57864,1.28,2.33
2013.10.16 14:05:17.795,1.5785,1.57863,1.28,1.50
2013.10.16 14:05:18.155,1.5785,1.57865,2.03,1.65
2013.10.16 14:05:18.815,1.5785,1.57865,1.28,2.40
2013.10.16 14:05:18.935,1.5785,1.57862,1.28,1.50
2013.10.16 14:05:19.558,1.57848,1.57861,2.33,2.25
2013.10.16 14:05:19.806,1.57849,1.57863,1.28,1.50
2013.10.16 14:05:20.445,1.57853,1.57866,1.69,1.65
2013.10.16 14:05:20.624,1.57854,1.57869,1.58,1.65
2013.10.16 14:05:20.745,1.57856,1.57869,1.88,1.65
2013.10.16 14:05:20.805,1.57855,1.57866,1.13,1.50
2013.10.16 14:05:21.165,1.57854,1.57864,1.13,2.25
2013.10.16 14:05:21.635,1.57854,1.57864,1.88,1.50
2013.10.16 14:05:22.114,1.57858,1.57866,1.13,1.50
2013.10.16 14:05:22.834,1.57859,1.57866,1.50,1.50
2013.10.16 14:05:23.563,1.5786,1.57867,1.58,1.50
2013.10.16 14:05:24.065,1.57858,1.57871,2.03,1.88
2013.10.16 14:05:24.596,1.57858,1.57871,1.28,1.88
2013.10.16 14:05:24.656,1.57857,1.57869,1.58,1.50
2013.10.16 14:05:25.644,1.57861,1.57869,1.13,1.50
2013.10.16 14:05:25.825,1.57861,1.57868,1.13,1.50
2013.10.16 14:05:26.365,1.57861,1.57871,1.88,1.20
2013.10.16 14:05:26.485,1.5786,1.57871,1.28,1.50
2013.10.16 14:05:26.785,1.57858,1.57867,1.88,1.13
2013.10.16 14:05:27.025,1.57855,1.57867,1.20,1.88
2013.10.16 14:05:27.328,1.57851,1.57863,1.58,1.50
2013.10.16 14:05:27.456,1.57852,1.57863,1.13,1.50
2013.10.16 14:05:27.516,1.57851,1.57862,1.50,1.20
2013.10.16 14:05:27.877,1.57849,1.57864,1.47,1.58
2013.10.16 14:05:27.996,1.57853,1.57864,1.13,1.65
2013.10.16 14:05:28.116,1.57854,1.57866,1.13,1.58
2013.10.16 14:05:28.536,1.57849,1.57862,1.20,1.95
2013.10.16 14:05:28.657,1.57848,1.57861,1.20,1.58
2013.10.16 14:05:28.786,1.57848,1.57859,1.20,1.88
2013.10.16 14:05:28.907,1.57844,1.57856,4.32,1.13
2013.10.16 14:05:28.968,1.57844,1.57856,3.94,1.50
2013.10.16 14:05:29.026,1.57844,1.57856,3.34,1.13
2013.10.16 14:05:29.086,1.57844,1.57856,1.09,2.25
2013.10.16 14:05:29.715,1.57841,1.57854,1.50,1.69
2013.10.16 14:05:30.244,1.57835,1.57845,1.28,1.13
2013.10.16 14:05:30.383,1.57834,1.57847,2.33,1.50
2013.10.16 14:05:30.638,1.57841,1.57849,1.20,1.50
2013.10.16 14:05:30.766,1.57839,1.57849,1.28,1.50
2013.10.16 14:05:30.885,1.57839,1.57849,1.13,1.58
2013.10.16 14:05:31.125,1.57836,1.57847,2.03,1.88
2013.10.16 14:05:31.425,1.57838,1.57848,1.13,1.50
2013.10.16 14:05:31.608,1.57838,1.57847,1.20,1.50
2013.10.16 14:05:31.678,1.57836,1.57847,1.28,1.50
2013.10.16 14:05:31.805,1.57838,1.57849,1.20,1.50
2013.10.16 14:05:32.165,1.57838,1.57849,1.28,1.50
2013.10.16 14:05:32.505,1.57839,1.57848,1.28,1.50
2013.10.16 14:05:32.745,1.57844,1.57849,2.63,1.50
2013.10.16 14:05:32.805,1.57844,1.57852,2.63,1.50
2013.10.16 14:05:33.106,1.57848,1.57858,1.65,3.00
2013.10.16 14:05:33.228,1.57849,1.57856,1.65,1.50
2013.10.16 14:05:33.407,1.57852,1.57858,1.09,1.50
2013.10.16 14:05:33.465,1.57854,1.57864,1.58,1.50
2013.10.16 14:05:33.707,1.57853,1.57864,1.99,3.00
2013.10.16 14:05:33.778,1.57864,1.57873,1.50,1.28
2013.10.16 14:05:33.839,1.57865,1.57876,1.13,2.63
2013.10.16 14:05:33.968,1.57862,1.57876,1.50,3.38
2013.10.16 14:05:34.035,1.57861,1.57871,3.00,1.13
2013.10.16 14:05:34.155,1.57861,1.57871,1.88,1.20
2013.10.16 14:05:34.276,1.57862,1.57873,1.95,1.50
2013.10.16 14:05:34.336,1.57862,1.57874,1.95,1.50
2013.10.16 14:05:34.515,1.57867,1.57877,1.13,1.20
2013.10.16 14:05:34.815,1.57861,1.57875,2.40,1.13
2013.10.16 14:05:34.935,1.57865,1.57875,1.13,1.28
2013.10.16 14:05:35.055,1.57864,1.57875,1.13,1.28
2013.10.16 14:05:35.175,1.57869,1.57879,1.13,1.39
2013.10.16 14:05:35.235,1.57866,1.57878,1.50,1.02
2013.10.16 14:05:35.296,1.5787,1.57878,1.13,1.02
2013.10.16 14:05:35.596,1.57863,1.57877,1.13,1.88
2013.10.16 14:05:35.717,1.57864,1.57878,1.13,1.84
2013.10.16 14:05:36.077,1.57858,1.57868,1.50,1.88
2013.10.16 14:05:36.195,1.57854,1.57872,3.00,2.25
2013.10.16 14:05:36.257,1.57854,1.57871,3.38,1.50
2013.10.16 14:05:36.316,1.57854,1.57863,3.00,1.84
2013.10.16 14:05:36.496,1.5785,1.57864,1.20,1.58
2013.10.16 14:05:36.679,1.57854,1.57865,1.50,1.95
2013.10.16 14:05:36.737,1.57854,1.57868,1.65,1.32
2013.10.16 14:05:36.855,1.57859,1.57868,1.28,1.32
2013.10.16 14:05:37.096,1.57856,1.57866,1.65,1.32
2013.10.16 14:05:37.394,1.57851,1.57866,1.65,1.95
2013.10.16 14:05:38.058,1.57849,1.57864,1.50,1.58
2013.10.16 14:05:38.125,1.57849,1.57864,1.88,1.20
2013.10.16 14:05:38.485,1.5785,1.57864,1.13,3.38
2013.10.16 14:05:38.605,1.57851,1.57865,1.13,3.38
2013.10.16 14:05:38.666,1.5785,1.57865,1.09,3.00
2013.10.16 14:05:39.026,1.57858,1.57867,1.65,2.33
2013.10.16 14:05:39.206,1.57862,1.57871,1.02,1.50
2013.10.16 14:05:39.265,1.57862,1.57876,1.09,2.03
2013.10.16 14:05:39.386,1.57863,1.57878,1.65,1.65
2013.10.16 14:05:39.566,1.57864,1.57879,1.20,2.40
2013.10.16 14:05:39.867,1.57863,1.57879,2.59,1.50
2013.10.16 14:05:39.927,1.57863,1.57877,1.88,1.13
2013.10.16 14:05:40.048,1.5786,1.57874,2.03,1.02
2013.10.16 14:05:40.165,1.57859,1.57873,2.33,1.32
2013.10.16 14:05:40.226,1.57859,1.57873,2.03,1.39
2013.10.16 14:05:40.465,1.5786,1.57871,1.13,1.69
2013.10.16 14:05:40.826,1.57855,1.57871,1.58,3.27
2013.10.16 14:05:41.006,1.57855,1.5787,1.20,1.09
2013.10.16 14:05:41.247,1.57864,1.57871,1.13,2.52
2013.10.16 14:05:41.545,1.57872,1.57886,1.32,2.03
2013.10.16 14:05:41.847,1.57869,1.57886,3.04,1.58
2013.10.16 14:05:42.026,1.57869,1.57883,1.28,1.50
2013.10.16 14:05:42.146,1.57869,1.57883,1.28,1.50
2013.10.16 14:05:42.709,1.5787,1.57883,1.02,1.50
2013.10.16 14:05:43.317,1.57878,1.57889,1.13,1.43
2013.10.16 14:05:43.436,1.57877,1.57886,2.10,1.20
2013.10.16 14:05:43.496,1.57875,1.57886,1.13,1.13
2013.10.16 14:05:43.558,1.57875,1.57886,1.13,1.50
2013.10.16 14:05:43.738,1.57872,1.57887,1.13,1.50
2013.10.16 14:05:43.797,1.57871,1.57885,1.50,1.02
2013.10.16 14:05:44.157,1.5787,1.57876,1.13,1.20
2013.10.16 14:05:44.396,1.57862,1.57876,1.20,1.58
2013.10.16 14:05:44.635,1.57861,1.57872,1.58,1.13
2013.10.16 14:05:44.819,1.57861,1.57874,1.20,1.20
2013.10.16 14:05:44.886,1.57868,1.57876,1.13,1.58
2013.10.16 14:05:45.246,1.57875,1.5788,1.20,2.63
2013.10.16 14:05:45.366,1.57875,1.57883,1.28,1.50
2013.10.16 14:05:45.676,1.57875,1.57886,1.28,1.88
2013.10.16 14:05:46.215,1.57871,1.57882,1.50,1.20
2013.10.16 14:05:46.275,1.57871,1.57882,1.13,1.20
2013.10.16 14:05:46.395,1.57866,1.57876,1.95,1.13
2013.10.16 14:05:46.515,1.57862,1.57876,2.40,1.95
2013.10.16 14:05:46.575,1.57862,1.57876,2.40,1.58
2013.10.16 14:05:47.375,1.57861,1.57876,2.40,1.58
2013.10.16 14:05:47.510,1.57861,1.57876,2.22,1.58
2013.10.16 14:05:47.575,1.57861,1.57876,1.47,1.95
2013.10.16 14:05:47.635,1.57861,1.57876,2.22,1.95
2013.10.16 14:05:47.816,1.57861,1.57876,1.47,1.58
2013.10.16 14:05:48.327,1.57862,1.57876,1.28,1.58
2013.10.16 14:05:48.845,1.57862,1.57876,1.28,1.58
2013.10.16 14:05:49.406,1.57859,1.57873,2.78,1.50
2013.10.16 14:05:49.466,1.57859,1.57873,1.58,1.50
2013.10.16 14:05:49.705,1.57857,1.57872,1.28,3.53
2013.10.16 14:05:50.304,1.57857,1.57871,1.28,1.58
2013.10.16 14:05:50.759,1.57856,1.57871,2.40,2.33
2013.10.16 14:05:51.065,1.5787,1.57882,1.20,1.50
2013.10.16 14:05:51.245,1.57872,1.57882,1.13,1.13
2013.10.16 14:05:51.304,1.57872,1.57887,1.88,1.88
2013.10.16 14:05:51.365,1.57873,1.57888,1.65,1.47
2013.10.16 14:05:51.425,1.57874,1.57888,1.20,1.28
2013.10.16 14:05:51.665,1.57877,1.57892,1.58,1.65
2013.10.16 14:05:51.725,1.57876,1.57892,1.84,2.03
2013.10.16 14:05:51.964,1.57876,1.57891,2.22,1.28
2013.10.16 14:05:52.145,1.57877,1.57893,1.20,2.40
2013.10.16 14:05:52.205,1.57879,1.57893,1.20,1.28
2013.10.16 14:05:52.865,1.5788,1.57894,1.28,1.28
2013.10.16 14:05:53.226,1.57879,1.57896,2.03,1.95
2013.10.16 14:05:53.526,1.5788,1.57896,1.58,1.58
2013.10.16 14:05:53.586,1.5788,1.57895,1.58,1.50
2013.10.16 14:05:54.405,1.57883,1.57897,1.20,2.03
2013.10.16 14:05:54.717,1.57883,1.57897,1.50,1.58
2013.10.16 14:05:54.897,1.57884,1.57896,1.20,1.58
2013.10.16 14:05:55.446,1.57881,1.57891,2.25,1.50
2013.10.16 14:05:55.927,1.57877,1.57891,1.69,2.70
2013.10.16 14:05:56.046,1.57876,1.57891,2.03,2.40
2013.10.16 14:05:56.108,1.57878,1.5789,1.32,1.65
2013.10.16 14:05:56.227,1.57876,1.57891,3.00,2.70
2013.10.16 14:05:56.587,1.57878,1.57891,1.65,1.50
2013.10.16 14:05:57.445,1.57881,1.57889,1.13,1.05
2013.10.16 14:05:57.520,1.57874,1.57889,1.58,1.50
2013.10.16 14:05:57.706,1.57874,1.57888,2.59,1.65
2013.10.16 14:05:57.766,1.57875,1.57888,1.32,1.65
2013.10.16 14:05:58.460,1.57877,1.5789,1.20,1.58
2013.10.16 14:05:58.645,1.57877,1.57887,1.20,1.50
2013.10.16 14:05:58.886,1.5787,1.57881,2.33,1.13
2013.10.16 14:05:58.946,1.5787,1.57881,2.33,1.13
2013.10.16 14:05:59.065,1.57871,1.57885,1.13,2.63
2013.10.16 14:05:59.606,1.57874,1.57884,1.13,1.65
2013.10.16 14:05:59.665,1.57871,1.57883,1.13,1.58
2013.10.16 14:05:59.905,1.57872,1.57886,1.13,2.33
2013.10.16 14:05:59.965,1.57872,1.57886,1.13,1.95
2013.10.16 14:06:00.385,1.57874,1.57886,1.13,1.65
2013.10.16 14:06:01.235,1.57876,1.57886,1.13,1.47
2013.10.16 14:06:01.355,1.57874,1.57882,1.13,1.50
2013.10.16 14:06:01.536,1.57874,1.57883,1.13,1.50
2013.10.16 14:06:01.715,1.57874,1.57882,1.13,1.50
2013.10.16 14:06:02.075,1.5787,1.5788,1.13,1.20
2013.10.16 14:06:02.435,1.57869,1.57878,1.13,1.20
2013.10.16 14:06:02.676,1.57865,1.57875,1.09,1.20
2013.10.16 14:06:02.735,1.57864,1.57876,2.25,2.63
2013.10.16 14:06:02.856,1.57863,1.57873,1.13,1.20
2013.10.16 14:06:03.095,1.57851,1.57865,2.63,1.50
2013.10.16 14:06:03.155,1.57851,1.57858,2.63,1.13
2013.10.16 14:06:03.456,1.57845,1.57853,1.88,1.50
2013.10.16 14:06:03.577,1.57839,1.57849,3.23,1.50
2013.10.16 14:06:03.636,1.57839,1.57846,3.23,1.13
2013.10.16 14:06:03.697,1.57839,1.57844,1.05,1.13
2013.10.16 14:06:03.936,1.57839,1.57845,1.05,1.20
2013.10.16 14:06:04.056,1.57835,1.57846,2.18,2.33
2013.10.16 14:06:04.117,1.57835,1.57846,1.88,2.63
2013.10.16 14:06:04.188,1.57831,1.57845,1.13,1.13
2013.10.16 14:06:04.257,1.57829,1.5784,1.58,1.13
2013.10.16 14:06:04.558,1.57825,1.57833,1.20,1.02
2013.10.16 14:06:04.869,1.57818,1.57826,1.13,1.28
2013.10.16 14:06:04.996,1.57812,1.57825,1.13,2.78
2013.10.16 14:06:05.055,1.57812,1.57825,1.13,3.08
2013.10.16 14:06:05.176,1.57814,1.57825,1.13,2.33
2013.10.16 14:06:05.298,1.57814,1.57825,1.13,1.28
2013.10.16 14:06:05.486,1.57812,1.57822,1.13,1.13
2013.10.16 14:06:05.727,1.57806,1.57823,1.88,1.20
2013.10.16 14:06:06.324,1.5781,1.57823,1.20,1.20
2013.10.16 14:06:06.400,1.57805,1.57812,1.05,1.13
2013.10.16 14:06:06.718,1.57796,1.57806,1.88,1.13
2013.10.16 14:06:06.908,1.57794,1.57802,1.50,2.25
2013.10.16 14:06:07.147,1.57791,1.578,1.13,1.02
2013.10.16 14:06:07.449,1.57784,1.57792,1.13,1.13
2013.10.16 14:06:07.520,1.57777,1.57791,1.20,1.13
2013.10.16 14:06:07.649,1.5777,1.57788,1.32,1.13
2013.10.16 14:06:07.716,1.57767,1.57784,1.58,1.13
2013.10.16 14:06:07.777,1.5777,1.57785,1.13,1.13
2013.10.16 14:06:07.836,1.57772,1.57786,1.88,2.63
2013.10.16 14:06:07.896,1.57771,1.57784,1.13,1.32
2013.10.16 14:06:08.016,1.57762,1.57776,1.13,1.50
2013.10.16 14:06:08.258,1.57756,1.57766,1.69,2.07
2013.10.16 14:06:08.447,1.5775,1.57762,4.50,1.13
2013.10.16 14:06:08.566,1.57755,1.57772,1.13,1.28
2013.10.16 14:06:08.626,1.57759,1.57773,1.13,1.58
2013.10.16 14:06:08.748,1.57765,1.57772,1.50,1.28
2013.10.16 14:06:08.927,1.57757,1.57766,1.50,1.69
2013.10.16 14:06:09.047,1.57755,1.57766,1.13,1.69
2013.10.16 14:06:09.107,1.57755,1.57766,1.13,3.19
2013.10.16 14:06:09.167,1.57754,1.5776,1.13,1.13
2013.10.16 14:06:09.346,1.57739,1.57757,1.13,1.13
2013.10.16 14:06:09.525,1.57744,1.57756,1.13,1.58
2013.10.16 14:06:09.707,1.5774,1.57753,1.88,1.50
2013.10.16 14:06:10.017,1.57737,1.5775,1.69,1.84
2013.10.16 14:06:10.076,1.57737,1.5775,1.69,1.47
2013.10.16 14:06:10.255,1.57722,1.57744,2.82,1.28
2013.10.16 14:06:10.315,1.57722,1.57737,3.57,1.13
2013.10.16 14:06:10.496,1.57723,1.57736,1.13,1.24
2013.10.16 14:06:10.556,1.57723,1.57734,1.13,1.24
2013.10.16 14:06:10.916,1.57708,1.57723,1.88,4.02
2013.10.16 14:06:10.975,1.5771,1.57729,1.88,1.88
2013.10.16 14:06:11.035,1.57701,1.5771,1.02,1.50
2013.10.16 14:06:11.216,1.57689,1.57706,1.69,1.69
2013.10.16 14:06:11.456,1.57693,1.57708,1.13,2.44
2013.10.16 14:06:11.516,1.57696,1.57715,1.69,1.02
2013.10.16 14:06:11.637,1.5769,1.57708,1.13,1.32
2013.10.16 14:06:11.757,1.57687,1.57701,1.50,1.13
2013.10.16 14:06:11.817,1.57686,1.57701,1.50,1.13
2013.10.16 14:06:11.938,1.57685,1.57701,1.88,1.13
2013.10.16 14:06:11.997,1.57684,1.57701,3.38,1.88
2013.10.16 14:06:12.058,1.57684,1.577,1.50,1.69
2013.10.16 14:06:12.129,1.57683,1.57694,2.25,1.32
2013.10.16 14:06:12.197,1.57676,1.57692,1.50,1.13
2013.10.16 14:06:12.318,1.57674,1.57691,1.50,1.50
2013.10.16 14:06:12.436,1.57677,1.57691,1.50,1.50
2013.10.16 14:06:12.496,1.57677,1.57696,2.25,2.25
2013.10.16 14:06:12.797,1.57672,1.57688,2.63,1.50
2013.10.16 14:06:13.479,1.57674,1.57687,1.32,1.50
2013.10.16 14:06:13.787,1.57674,1.57689,2.63,1.13
2013.10.16 14:06:13.909,1.57679,1.57695,1.50,1.69
2013.10.16 14:06:14.218,1.57684,1.57698,1.50,1.09
2013.10.16 14:06:14.277,1.57684,1.57696,1.50,1.20
2013.10.16 14:06:14.578,1.57686,1.57695,1.13,1.20
2013.10.16 14:06:14.706,1.57685,1.57695,1.09,1.50
2013.10.16 14:06:14.768,1.57695,1.57711,3.76,1.88
2013.10.16 14:06:15.076,1.57709,1.57723,4.89,2.02
2013.10.16 14:06:15.146,1.57714,1.57722,1.13,1.50
2013.10.16 14:06:15.205,1.57715,1.57725,1.88,2.02
2013.10.16 14:06:15.265,1.57716,1.57733,1.58,2.25
2013.10.16 14:06:15.566,1.57718,1.57727,2.40,2.02
2013.10.16 14:06:16.091,1.57717,1.57725,1.20,2.77
2013.10.16 14:06:16.182,1.57715,1.57733,3.00,1.60
2013.10.16 14:06:16.366,1.57716,1.57733,1.13,1.60
2013.10.16 14:06:16.486,1.57727,1.57734,1.88,1.88
2013.10.16 14:06:16.605,1.57733,1.57763,1.13,2.44
2013.10.16 14:06:16.847,1.57759,1.57769,4.10,2.44
2013.10.16 14:06:16.965,1.57742,1.57753,1.69,1.60
2013.10.16 14:06:17.025,1.57744,1.57755,3.57,2.44
2013.10.16 14:06:17.266,1.57747,1.57809,10.14,2.25
2013.10.16 14:06:17.388,1.57769,1.5778,1.20,2.37
2013.10.16 14:06:17.577,1.57768,1.57785,1.13,2.75
2013.10.16 14:06:17.639,1.57771,1.57796,1.09,1.13
2013.10.16 14:06:17.707,1.57771,1.57793,1.09,1.13
2013.10.16 14:06:17.767,1.57771,1.57792,1.09,1.50
2013.10.16 14:06:17.828,1.57768,1.57782,1.50,2.63
2013.10.16 14:06:18.018,1.57764,1.57774,1.13,1.13
2013.10.16 14:06:18.135,1.5777,1.57778,1.13,1.20
2013.10.16 14:06:18.436,1.57776,1.57789,3.76,1.69
2013.10.16 14:06:18.555,1.57778,1.57783,1.50,1.50
2013.10.16 14:06:18.616,1.57772,1.57787,1.20,1.39
2013.10.16 14:06:18.795,1.57768,1.57776,1.13,1.58
2013.10.16 14:06:19.096,1.57751,1.5777,1.50,2.52
2013.10.16 14:06:19.156,1.57743,1.57757,2.25,1.88
2013.10.16 14:06:19.399,1.57743,1.57759,1.50,3.38
2013.10.16 14:06:19.529,1.5774,1.57759,2.82,3.00
2013.10.16 14:06:20.077,1.57738,1.57755,1.69,1.09
2013.10.16 14:06:20.626,1.57738,1.57755,1.69,1.88
2013.10.16 14:06:21.296,1.57725,1.57735,1.13,1.69
2013.10.16 14:06:21.383,1.57721,1.57731,1.13,1.50
2013.10.16 14:06:21.448,1.57716,1.57733,1.50,1.50
2013.10.16 14:06:21.517,1.57716,1.57731,1.50,1.13
2013.10.16 14:06:21.756,1.57713,1.57726,1.50,1.13
2013.10.16 14:06:21.935,1.57705,1.57723,1.50,1.50
2013.10.16 14:06:21.995,1.57705,1.57723,1.50,1.50
2013.10.16 14:06:22.115,1.57699,1.5772,1.58,1.13
2013.10.16 14:06:22.355,1.57709,1.57729,1.95,1.50
2013.10.16 14:06:22.416,1.57714,1.57731,1.13,1.50
2013.10.16 14:06:22.478,1.57715,1.57731,1.13,1.50
2013.10.16 14:06:22.787,1.57721,1.57734,1.50,1.13
2013.10.16 14:06:23.087,1.5772,1.57739,1.50,1.50
2013.10.16 14:06:23.145,1.5772,1.57742,2.07,1.50
2013.10.16 14:06:23.627,1.57721,1.5774,1.13,1.02
2013.10.16 14:06:23.987,1.57722,1.57742,1.02,1.95
2013.10.16 14:06:24.415,1.57718,1.57735,1.32,1.13
2013.10.16 14:06:24.475,1.57711,1.57735,1.39,1.13
2013.10.16 14:06:24.896,1.57711,1.57735,1.32,1.13
2013.10.16 14:06:25.201,1.57713,1.57736,1.02,1.54
2013.10.16 14:06:25.267,1.57719,1.57736,1.32,1.20
2013.10.16 14:06:25.398,1.57726,1.57736,1.69,1.95
2013.10.16 14:06:25.588,1.57735,1.57748,3.64,1.58
2013.10.16 14:06:25.657,1.5774,1.57751,2.67,1.13
2013.10.16 14:06:25.718,1.57744,1.57757,1.13,1.50
2013.10.16 14:06:26.026,1.57746,1.57756,1.50,1.05
2013.10.16 14:06:26.147,1.57742,1.57752,1.58,1.58
2013.10.16 14:06:26.268,1.57743,1.57752,1.02,1.58
2013.10.16 14:06:26.458,1.57736,1.57751,1.20,1.13
2013.10.16 14:06:26.699,1.57739,1.57751,1.20,1.13
2013.10.16 14:06:26.817,1.5774,1.57755,1.13,1.95
2013.10.16 14:06:26.938,1.57739,1.57752,1.50,1.47
2013.10.16 14:06:27.296,1.57736,1.57747,1.58,2.25
2013.10.16 14:06:27.416,1.57737,1.57747,1.09,1.50
2013.10.16 14:06:27.896,1.57735,1.57747,1.09,2.25
2013.10.16 14:06:27.960,1.57735,1.57747,1.39,2.25
2013.10.16 14:06:28.148,1.57734,1.57744,1.84,1.50
2013.10.16 14:06:28.206,1.57734,1.57746,1.84,1.50
2013.10.16 14:06:28.267,1.57734,1.5774,1.84,1.50
2013.10.16 14:06:28.799,1.57734,1.57744,1.09,1.13
2013.10.16 14:06:28.938,1.57741,1.57753,1.09,2.25
2013.10.16 14:06:29.176,1.5774,1.57749,1.77,1.09
2013.10.16 14:06:29.416,1.5774,1.57751,1.58,1.50
2013.10.16 14:06:29.658,1.57741,1.5775,1.50,1.20
2013.10.16 14:06:30.020,1.5774,1.57751,1.69,1.77
2013.10.16 14:06:30.387,1.57742,1.57751,1.02,1.77
2013.10.16 14:06:30.508,1.57747,1.57755,1.13,1.02
2013.10.16 14:06:30.578,1.57747,1.57754,1.13,1.80
2013.10.16 14:06:31.116,1.57749,1.57757,1.50,1.50
2013.10.16 14:06:31.356,1.57748,1.57757,1.20,1.88
2013.10.16 14:06:31.416,1.57746,1.57754,1.39,1.69
2013.10.16 14:06:31.477,1.57746,1.57754,1.09,1.69
2013.10.16 14:06:31.597,1.57745,1.57752,1.02,1.13
2013.10.16 14:06:32.017,1.57744,1.57749,1.02,2.25
2013.10.16 14:06:32.136,1.57742,1.57753,1.02,2.33
2013.10.16 14:06:32.197,1.57748,1.57761,1.50,1.95
2013.10.16 14:06:32.377,1.57748,1.57757,2.44,1.13
2013.10.16 14:06:32.436,1.57749,1.57765,1.20,1.17
2013.10.16 14:06:32.495,1.57753,1.57766,1.50,1.65
2013.10.16 14:06:32.556,1.57752,1.57766,1.58,1.65
2013.10.16 14:06:32.678,1.57749,1.57759,1.65,1.88
2013.10.16 14:06:33.036,1.57754,1.57767,1.95,2.33
2013.10.16 14:06:33.215,1.57754,1.5776,2.33,3.75
2013.10.16 14:06:33.336,1.57754,1.57764,1.50,1.50
2013.10.16 14:06:33.396,1.5775,1.57761,1.20,1.13
2013.10.16 14:06:33.756,1.57748,1.57756,1.65,3.00
2013.10.16 14:06:33.815,1.57748,1.57758,1.65,2.25
2013.10.16 14:06:33.875,1.57749,1.57758,1.50,2.25
2013.10.16 14:06:33.995,1.57749,1.57763,1.50,1.20
2013.10.16 14:06:34.527,1.57748,1.57759,1.58,1.50
2013.10.16 14:06:34.890,1.57748,1.57754,1.58,1.13
2013.10.16 14:06:35.137,1.57747,1.57755,1.58,1.02
2013.10.16 14:06:35.268,1.57745,1.57756,1.13,2.07
2013.10.16 14:06:35.628,1.57736,1.57746,2.82,1.13
2013.10.16 14:06:35.698,1.57742,1.57749,1.32,1.05
2013.10.16 14:06:35.755,1.57736,1.57749,1.77,1.13
2013.10.16 14:06:35.815,1.57737,1.5775,1.77,1.13
2013.10.16 14:06:35.936,1.57736,1.57749,1.69,1.20
2013.10.16 14:06:36.296,1.57732,1.57747,1.02,1.09
2013.10.16 14:06:36.476,1.57734,1.57746,1.50,2.22
2013.10.16 14:06:36.776,1.57737,1.57746,1.50,1.09
2013.10.16 14:06:36.896,1.57737,1.57746,2.25,1.02
2013.10.16 14:06:37.527,1.57736,1.57748,2.25,1.13
2013.10.16 14:06:37.663,1.57735,1.57746,1.50,1.20
2013.10.16 14:06:37.788,1.57734,1.57747,1.50,1.20
2013.10.16 14:06:37.976,1.57734,1.57747,1.50,1.95
2013.10.16 14:06:38.277,1.57734,1.57747,1.50,1.20
2013.10.16 14:06:38.587,1.57735,1.5775,1.73,1.20
2013.10.16 14:06:38.648,1.57738,1.57751,1.20,1.50
2013.10.16 14:06:38.776,1.57736,1.57751,1.20,1.50
2013.10.16 14:06:38.957,1.57737,1.57751,1.02,1.65
2013.10.16 14:06:39.076,1.57739,1.57751,1.02,1.50
2013.10.16 14:06:39.625,1.57745,1.57757,1.69,1.20
2013.10.16 14:06:39.745,1.57745,1.57757,1.02,1.13
2013.10.16 14:06:39.805,1.57744,1.57757,2.63,1.13
2013.10.16 14:06:39.925,1.57745,1.57756,1.05,1.58
2013.10.16 14:06:40.226,1.57747,1.57757,1.20,1.50
2013.10.16 14:06:41.005,1.57749,1.57762,1.20,1.50
2013.10.16 14:06:41.365,1.57754,1.57762,1.20,1.50
2013.10.16 14:06:41.786,1.57748,1.57762,3.75,1.69
2013.10.16 14:06:41.906,1.57747,1.57761,1.50,1.39
2013.10.16 14:06:42.567,1.57745,1.57751,1.50,1.65
2013.10.16 14:06:43.105,1.57745,1.57751,1.50,1.58
2013.10.16 14:06:44.405,1.57747,1.57759,1.50,1.88
2013.10.16 14:06:44.706,1.57747,1.57759,1.28,1.88
2013.10.16 14:06:45.126,1.57755,1.57764,1.13,1.50
2013.10.16 14:06:45.438,1.57757,1.57765,1.02,1.50
2013.10.16 14:06:45.977,1.57751,1.57764,2.82,1.50
2013.10.16 14:06:46.037,1.5775,1.57763,1.32,1.50
2013.10.16 14:06:46.096,1.57752,1.57764,1.20,1.50
2013.10.16 14:06:46.797,1.57758,1.57766,1.13,1.50
2013.10.16 14:06:46.881,1.57752,1.57765,1.69,1.50
2013.10.16 14:06:46.948,1.57753,1.57765,1.39,1.50
2013.10.16 14:06:47.187,1.57754,1.57764,1.13,1.50
2013.10.16 14:06:47.317,1.57753,1.57765,1.58,1.50
2013.10.16 14:06:47.497,1.57754,1.57765,1.95,1.50
2013.10.16 14:06:47.616,1.57755,1.57765,1.58,1.50
2013.10.16 14:06:47.676,1.57754,1.57765,1.54,1.50
2013.10.16 14:06:47.915,1.57754,1.57764,1.50,1.58
2013.10.16 14:06:48.035,1.57753,1.57763,1.50,2.40
2013.10.16 14:06:48.395,1.57753,1.57763,2.52,1.50
2013.10.16 14:06:48.457,1.57753,1.57764,1.77,1.50
2013.10.16 14:06:48.905,1.57759,1.5777,1.50,1.50
2013.10.16 14:06:49.026,1.57762,1.57777,1.02,1.65
2013.10.16 14:06:49.385,1.57764,1.57779,1.58,1.20
2013.10.16 14:06:49.565,1.57763,1.57776,1.20,1.58
2013.10.16 14:06:49.685,1.5776,1.57775,1.65,1.65
2013.10.16 14:06:50.115,1.57757,1.57771,1.20,1.65
2013.10.16 14:06:50.176,1.57754,1.57771,4.02,1.65
2013.10.16 14:06:50.355,1.57757,1.57772,1.77,2.40
2013.10.16 14:06:50.656,1.5776,1.57773,1.50,1.20
2013.10.16 14:06:50.775,1.57759,1.57773,1.88,1.13
2013.10.16 14:06:50.955,1.57756,1.57771,1.65,1.58
2013.10.16 14:06:51.377,1.57756,1.57764,1.20,1.69
2013.10.16 14:06:51.555,1.57751,1.57766,1.02,1.84
2013.10.16 14:06:51.615,1.5775,1.57764,1.02,1.13
2013.10.16 14:06:51.795,1.57752,1.57767,2.07,1.39
2013.10.16 14:06:51.915,1.57752,1.57764,1.32,1.50
2013.10.16 14:06:51.976,1.57752,1.57764,2.07,1.50
2013.10.16 14:06:52.095,1.57753,1.57766,1.50,1.50
2013.10.16 14:06:52.155,1.57749,1.57764,1.09,1.50
2013.10.16 14:06:52.215,1.57749,1.57764,1.09,1.50
2013.10.16 14:06:52.336,1.57749,1.57766,1.09,1.50
2013.10.16 14:06:52.694,1.57752,1.57759,1.50,1.13
2013.10.16 14:06:52.876,1.5775,1.57759,1.50,1.20
2013.10.16 14:06:53.114,1.57747,1.57762,1.50,1.95
2013.10.16 14:06:53.356,1.57748,1.57761,1.39,1.50
2013.10.16 14:06:53.415,1.57748,1.57764,1.28,2.25
2013.10.16 14:06:53.716,1.57748,1.57763,1.39,1.50
2013.10.16 14:06:54.075,1.5775,1.57764,2.44,1.50
2013.10.16 14:06:54.139,1.5775,1.57764,1.50,1.50
2013.10.16 14:06:54.747,1.57751,1.57766,1.65,1.50
2013.10.16 14:06:54.806,1.57753,1.57766,1.13,1.50
2013.10.16 14:06:54.879,1.57751,1.57766,1.50,1.50
2013.10.16 14:06:55.428,1.57751,1.57768,1.69,1.13
2013.10.16 14:06:55.616,1.57753,1.57771,1.20,1.65
2013.10.16 14:06:56.511,1.57753,1.57771,1.20,1.65
2013.10.16 14:06:56.647,1.57754,1.57771,1.13,1.58
2013.10.16 14:06:56.827,1.57749,1.57767,4.32,1.58
2013.10.16 14:06:56.886,1.5775,1.57766,1.20,1.58
2013.10.16 14:06:57.365,1.5775,1.57761,1.20,1.50
2013.10.16 14:06:57.486,1.5775,1.57761,1.95,1.13
2013.10.16 14:06:57.547,1.5775,1.57764,1.50,1.09
2013.10.16 14:06:57.607,1.57749,1.57764,3.27,1.28
2013.10.16 14:06:57.667,1.57749,1.57764,2.52,2.03
2013.10.16 14:06:57.785,1.57749,1.57764,3.94,1.88
2013.10.16 14:06:58.144,1.57753,1.57764,1.20,1.50
2013.10.16 14:06:58.385,1.57752,1.57769,1.65,1.58
2013.10.16 14:06:58.745,1.57755,1.57771,2.82,2.63
2013.10.16 14:06:58.926,1.57756,1.57771,1.50,1.50
2013.10.16 14:06:59.165,1.57755,1.57771,1.09,2.03
2013.10.16 14:06:59.225,1.57755,1.5777,1.65,1.95
2013.10.16 14:06:59.345,1.57754,1.5777,2.14,1.58
2013.10.16 14:06:59.405,1.57755,1.5777,1.20,1.50
2013.10.16 14:06:59.765,1.57757,1.57774,2.82,1.50
2013.10.16 14:07:00.071,1.57764,1.57779,1.50,2.25
2013.10.16 14:07:00.377,1.57765,1.5778,3.08,1.69
2013.10.16 14:07:00.557,1.57765,1.57779,2.33,1.50
2013.10.16 14:07:00.677,1.57765,1.57776,2.33,1.50
2013.10.16 14:07:00.857,1.57761,1.57776,2.63,1.50
2013.10.16 14:07:01.097,1.57762,1.57776,1.50,1.69
2013.10.16 14:07:01.456,1.57761,1.57776,1.65,1.09
2013.10.16 14:07:01.517,1.57759,1.57775,1.20,1.20
2013.10.16 14:07:01.636,1.57754,1.57771,2.70,1.09
2013.10.16 14:07:01.696,1.57754,1.57771,2.63,1.39
2013.10.16 14:07:01.756,1.57754,1.57771,1.13,1.39
2013.10.16 14:07:01.935,1.57752,1.57771,1.28,2.44
2013.10.16 14:07:02.175,1.57752,1.57768,1.28,1.20
2013.10.16 14:07:02.357,1.5775,1.57766,1.13,1.95
2013.10.16 14:07:02.717,1.57749,1.57765,1.69,3.38
2013.10.16 14:07:02.835,1.57749,1.57765,1.69,1.50
2013.10.16 14:07:03.136,1.57749,1.57763,1.69,1.50
2013.10.16 14:07:03.495,1.57749,1.57764,1.69,2.25
2013.10.16 14:07:03.737,1.57749,1.57762,1.50,1.50
2013.10.16 14:07:03.795,1.57744,1.57761,1.65,1.95
2013.10.16 14:07:03.977,1.57744,1.5776,1.58,1.69
2013.10.16 14:07:04.275,1.57739,1.57754,1.50,1.13
2013.10.16 14:07:04.815,1.57735,1.57748,1.20,1.13
2013.10.16 14:07:04.935,1.57729,1.57745,2.14,1.13
2013.10.16 14:07:04.999,1.57729,1.57744,1.39,1.13
2013.10.16 14:07:05.057,1.57729,1.57746,1.65,1.28
2013.10.16 14:07:05.177,1.57729,1.57746,1.95,1.47
2013.10.16 14:07:05.766,1.57729,1.57743,1.95,1.13
2013.10.16 14:07:05.838,1.57734,1.57746,1.50,1.13
2013.10.16 14:07:05.895,1.57734,1.57749,1.50,1.28
2013.10.16 14:07:06.137,1.57734,1.5775,1.88,1.28
2013.10.16 14:07:06.497,1.57734,1.5775,1.88,1.50
2013.10.16 14:07:07.035,1.57739,1.57752,1.50,1.77
2013.10.16 14:07:07.395,1.57739,1.57751,1.50,1.20
2013.10.16 14:07:07.455,1.57741,1.57754,1.20,1.13
2013.10.16 14:07:07.874,1.57739,1.57754,1.20,1.88
2013.10.16 14:07:08.175,1.57739,1.57758,2.14,1.95
2013.10.16 14:07:08.235,1.57739,1.57754,2.14,1.50
2013.10.16 14:07:08.655,1.57739,1.57753,1.20,1.50
2013.10.16 14:07:08.715,1.57739,1.57753,1.20,1.50
2013.10.16 14:07:08.956,1.57742,1.57759,1.88,1.20
2013.10.16 14:07:09.075,1.57748,1.57762,1.13,1.32
2013.10.16 14:07:09.139,1.57748,1.57756,1.20,1.13
2013.10.16 14:07:09.208,1.57744,1.57756,1.50,1.13
2013.10.16 14:07:09.326,1.57744,1.57758,1.50,2.07
2013.10.16 14:07:09.626,1.57747,1.57761,1.92,1.20
2013.10.16 14:07:09.806,1.57747,1.57761,1.99,1.13
2013.10.16 14:07:09.926,1.57749,1.57761,1.58,1.13
2013.10.16 14:07:10.046,1.57749,1.57765,1.58,3.08
2013.10.16 14:07:10.106,1.57749,1.57765,1.58,3.08
2013.10.16 14:07:10.647,1.57746,1.57761,1.20,2.40
2013.10.16 14:07:10.828,1.57745,1.5776,1.02,1.20
2013.10.16 14:07:10.957,1.57745,1.57756,2.33,1.50
2013.10.16 14:07:11.075,1.57741,1.57756,2.33,1.65
2013.10.16 14:07:11.257,1.57739,1.57756,2.40,1.65
2013.10.16 14:07:11.677,1.57739,1.57756,2.40,1.65
2013.10.16 14:07:11.736,1.57739,1.57755,2.40,1.20
2013.10.16 14:07:12.096,1.5774,1.57755,1.50,1.95
2013.10.16 14:07:12.275,1.57744,1.57756,1.69,1.65
2013.10.16 14:07:12.455,1.57744,1.5776,1.77,1.95
2013.10.16 14:07:12.518,1.57743,1.57756,1.95,1.13
2013.10.16 14:07:12.876,1.57738,1.57752,1.13,1.20
2013.10.16 14:07:13.655,1.5774,1.57751,1.28,1.50
2013.10.16 14:07:14.148,1.57739,1.57755,1.58,1.58
2013.10.16 14:07:14.327,1.57742,1.57756,1.17,1.65
2013.10.16 14:07:14.506,1.57745,1.57757,1.13,1.32
2013.10.16 14:07:15.123,1.57744,1.57757,1.58,1.39
2013.10.16 14:07:15.196,1.57749,1.57758,1.13,1.20
2013.10.16 14:07:15.268,1.57749,1.57759,1.13,1.09
2013.10.16 14:07:15.336,1.5775,1.57765,1.13,1.77
2013.10.16 14:07:15.456,1.57752,1.57765,1.13,1.32
2013.10.16 14:07:15.770,1.57749,1.57765,1.54,2.33
2013.10.16 14:07:15.897,1.57749,1.57763,1.47,3.38
2013.10.16 14:07:16.267,1.57749,1.57762,1.13,3.94
2013.10.16 14:07:16.326,1.57748,1.57762,2.22,1.20
2013.10.16 14:07:16.866,1.57739,1.5776,3.38,5.07
2013.10.16 14:07:17.046,1.57744,1.57756,1.13,2.44
2013.10.16 14:07:17.345,1.57741,1.57753,1.13,1.02
2013.10.16 14:07:17.465,1.5774,1.57754,1.13,1.13
2013.10.16 14:07:17.645,1.57743,1.57754,1.13,1.13
2013.10.16 14:07:18.006,1.5774,1.57752,1.13,1.62
2013.10.16 14:07:18.125,1.57735,1.57749,1.88,1.09
2013.10.16 14:07:18.246,1.57735,1.57746,1.43,1.50
2013.10.16 14:07:18.426,1.57731,1.57741,1.20,1.13
2013.10.16 14:07:18.486,1.5773,1.57741,1.13,1.58
2013.10.16 14:07:18.545,1.5773,1.57743,1.50,1.13
2013.10.16 14:07:18.606,1.57734,1.57744,1.32,1.65
2013.10.16 14:07:18.665,1.5774,1.57758,1.13,1.69
2013.10.16 14:07:18.785,1.57744,1.57759,1.88,1.32
2013.10.16 14:07:18.906,1.57747,1.57761,1.20,1.28
2013.10.16 14:07:18.965,1.57744,1.57761,1.58,2.03
2013.10.16 14:07:19.085,1.57749,1.57761,1.13,1.28
2013.10.16 14:07:19.275,1.57749,1.57762,1.28,1.77
2013.10.16 14:07:19.585,1.57749,1.57762,1.28,1.69
2013.10.16 14:07:19.765,1.57749,1.57763,1.28,1.50
2013.10.16 14:07:19.826,1.57749,1.57766,2.03,1.65
2013.10.16 14:07:19.946,1.57751,1.57767,1.20,1.58
2013.10.16 14:07:20.247,1.57764,1.57773,1.13,1.28
2013.10.16 14:07:20.486,1.57766,1.5778,1.13,1.20
2013.10.16 14:07:20.606,1.57766,1.57781,1.20,2.93
2013.10.16 14:07:21.025,1.57767,1.57777,1.13,1.13
2013.10.16 14:07:21.325,1.57763,1.57776,1.58,1.32
2013.10.16 14:07:21.925,1.57766,1.57777,1.13,1.28
2013.10.16 14:07:21.986,1.57765,1.57776,1.50,1.20
2013.10.16 14:07:22.345,1.57766,1.57777,1.88,1.13
2013.10.16 14:07:22.764,1.57767,1.57781,1.13,2.52
2013.10.16 14:07:23.185,1.5777,1.57779,1.50,1.47
2013.10.16 14:07:23.695,1.5777,1.57781,1.88,1.47
2013.10.16 14:07:23.935,1.5777,1.5778,1.88,1.39
2013.10.16 14:07:24.295,1.57769,1.57779,1.13,1.09
2013.10.16 14:07:24.595,1.5777,1.57782,1.13,1.43
2013.10.16 14:07:24.715,1.57773,1.57784,1.13,1.20
2013.10.16 14:07:25.547,1.57772,1.57781,1.13,1.13
2013.10.16 14:07:25.619,1.57772,1.57781,1.13,1.20
2013.10.16 14:07:25.866,1.57772,1.57782,1.13,1.13
2013.10.16 14:07:26.415,1.57773,1.57785,1.13,1.20
2013.10.16 14:07:26.536,1.57774,1.57785,1.13,1.20
2013.10.16 14:07:26.736,1.57773,1.57784,1.13,1.28
2013.10.16 14:07:27.036,1.57777,1.57786,1.13,1.20
2013.10.16 14:07:27.215,1.57778,1.5779,1.13,1.28
2013.10.16 14:07:27.335,1.57778,1.5779,1.28,1.13
2013.10.16 14:07:27.395,1.57778,1.5779,1.20,1.13
2013.10.16 14:07:27.935,1.57779,1.5779,1.13,1.13
2013.10.16 14:07:28.298,1.57779,1.57792,1.28,1.50
2013.10.16 14:07:28.534,1.57781,1.57796,1.20,2.03
2013.10.16 14:07:28.955,1.57781,1.57794,1.28,1.13
2013.10.16 14:07:29.015,1.57782,1.57791,1.28,1.50
2013.10.16 14:07:29.257,1.57778,1.5779,1.50,1.20
2013.10.16 14:07:29.376,1.5778,1.5779,1.13,1.28
2013.10.16 14:07:29.495,1.57774,1.57787,1.28,2.07
2013.10.16 14:07:29.555,1.57773,1.57787,1.20,2.22
2013.10.16 14:07:29.795,1.57775,1.57786,1.13,1.58
2013.10.16 14:07:29.975,1.57771,1.57786,1.28,1.58
2013.10.16 14:07:30.331,1.57773,1.57786,1.20,1.58
2013.10.16 14:07:30.885,1.57774,1.57785,1.13,1.88
2013.10.16 14:07:31.005,1.57774,1.57784,1.13,1.13
2013.10.16 14:07:31.185,1.57769,1.57786,2.82,1.58
2013.10.16 14:07:31.366,1.57771,1.57786,2.03,1.88
2013.10.16 14:07:31.425,1.57773,1.57786,1.20,1.58
2013.10.16 14:07:31.604,1.57771,1.57786,1.28,1.58
2013.10.16 14:07:32.156,1.57771,1.57786,1.13,1.95
2013.10.16 14:07:32.640,1.57772,1.57786,1.13,1.95
2013.10.16 14:07:32.886,1.57773,1.57786,1.13,1.95
2013.10.16 14:07:33.245,1.57775,1.57786,1.13,1.95
2013.10.16 14:07:33.365,1.57769,1.57786,1.28,1.95
2013.10.16 14:07:33.896,1.57769,1.57786,1.58,1.65
2013.10.16 14:07:34.540,1.57773,1.57786,1.13,1.95
2013.10.16 14:07:35.106,1.57774,1.57785,1.13,1.20
2013.10.16 14:07:35.615,1.57774,1.57784,1.13,1.20
2013.10.16 14:07:35.795,1.57773,1.57784,1.13,1.20
2013.10.16 14:07:35.975,1.57775,1.57786,1.13,1.95
2013.10.16 14:07:36.515,1.57775,1.57786,1.13,1.95
2013.10.16 14:07:37.073,1.57778,1.5779,1.13,1.28
2013.10.16 14:07:37.445,1.57778,1.57791,1.13,2.03
2013.10.16 14:07:37.748,1.57781,1.57791,1.13,2.03
2013.10.16 14:07:37.866,1.57781,1.57791,1.13,2.03
2013.10.16 14:07:38.425,1.57781,1.57791,1.13,1.28
2013.10.16 14:07:38.785,1.5778,1.57791,1.13,1.02
2013.10.16 14:07:39.275,1.57779,1.5779,1.13,1.13
2013.10.16 14:07:40.402,1.57781,1.57791,1.13,1.20
2013.10.16 14:07:40.466,1.57783,1.57792,1.13,1.05
2013.10.16 14:07:40.526,1.57783,1.57795,1.13,1.09
2013.10.16 14:07:41.066,1.57782,1.57795,1.95,1.20
2013.10.16 14:07:41.185,1.57782,1.57795,1.20,1.28
2013.10.16 14:07:41.426,1.57784,1.57796,1.50,1.20
2013.10.16 14:07:42.146,1.57781,1.57795,1.28,2.14
2013.10.16 14:07:42.325,1.57776,1.57791,3.00,1.69
2013.10.16 14:07:42.445,1.57776,1.57791,1.20,1.84
2013.10.16 14:07:42.745,1.57778,1.57791,1.13,1.84
2013.10.16 14:07:43.285,1.57781,1.57791,1.13,1.09
2013.10.16 14:07:44.105,1.57776,1.57791,1.84,1.84
2013.10.16 14:07:44.226,1.57775,1.57787,1.39,1.50
2013.10.16 14:07:44.286,1.57773,1.57787,2.52,1.50
2013.10.16 14:07:44.527,1.57774,1.57788,1.28,1.50
2013.10.16 14:07:44.705,1.57779,1.57793,1.28,1.95
2013.10.16 14:07:44.887,1.57778,1.57788,1.13,1.50
2013.10.16 14:07:45.006,1.57774,1.57788,1.20,1.50
2013.10.16 14:07:45.125,1.57773,1.57788,1.28,1.65
2013.10.16 14:07:45.186,1.57773,1.57787,1.13,1.20
2013.10.16 14:07:45.488,1.57775,1.57787,1.13,1.09
2013.10.16 14:07:45.856,1.57776,1.57786,1.13,1.50
2013.10.16 14:07:46.216,1.57771,1.57783,1.13,2.22
2013.10.16 14:07:46.397,1.57766,1.57781,1.20,2.78
2013.10.16 14:07:46.456,1.57769,1.57781,1.69,2.03
2013.10.16 14:07:46.816,1.57778,1.57786,1.20,1.88
2013.10.16 14:07:47.056,1.5778,1.5779,1.13,1.88
2013.10.16 14:07:47.908,1.57781,1.57791,1.13,2.07
2013.10.16 14:07:48.269,1.57782,1.57792,1.13,1.77
2013.10.16 14:07:48.397,1.57782,1.57797,1.20,2.03
2013.10.16 14:07:48.587,1.5779,1.57797,1.13,1.28
2013.10.16 14:07:48.706,1.57791,1.57802,1.20,1.88
2013.10.16 14:07:48.825,1.57791,1.57801,1.20,1.88
2013.10.16 14:07:49.007,1.57791,1.57806,1.28,1.95
2013.10.16 14:07:49.066,1.57791,1.57806,1.28,1.58
2013.10.16 14:07:49.127,1.57792,1.57806,1.77,1.50
2013.10.16 14:07:49.666,1.57794,1.57806,1.39,1.50
2013.10.16 14:07:49.726,1.57796,1.57807,1.20,1.32
2013.10.16 14:07:49.847,1.57793,1.57806,1.58,1.13
2013.10.16 14:07:50.385,1.57793,1.57801,1.95,1.50
2013.10.16 14:07:51.179,1.57793,1.57806,1.95,1.95
2013.10.16 14:07:51.446,1.57795,1.57808,1.13,1.47
2013.10.16 14:07:51.750,1.57796,1.57806,1.28,1.50
2013.10.16 14:07:51.824,1.57797,1.57808,1.65,1.69
2013.10.16 14:07:51.888,1.57795,1.57806,1.58,1.50
2013.10.16 14:07:51.946,1.57795,1.57806,1.28,1.50
2013.10.16 14:07:52.306,1.57795,1.57806,1.13,1.50
2013.10.16 14:07:52.936,1.57795,1.57807,1.13,1.02
2013.10.16 14:07:53.605,1.57799,1.57808,1.50,1.28
2013.10.16 14:07:53.726,1.578,1.57806,1.13,1.50
2013.10.16 14:07:53.846,1.57795,1.57806,1.13,1.50
2013.10.16 14:07:53.966,1.57794,1.57806,1.58,1.50
2013.10.16 14:07:54.026,1.57794,1.57806,1.28,1.50
2013.10.16 14:07:54.217,1.57794,1.57806,1.28,1.50
2013.10.16 14:07:54.765,1.57796,1.57806,1.13,2.33
2013.10.16 14:07:55.065,1.57792,1.57806,2.40,2.70
2013.10.16 14:07:55.246,1.57796,1.57806,1.13,1.95
2013.10.16 14:07:55.921,1.57795,1.57806,1.28,1.50
2013.10.16 14:07:55.987,1.57794,1.57806,1.28,1.50
2013.10.16 14:07:56.348,1.57795,1.57806,1.20,1.88
2013.10.16 14:07:56.766,1.57796,1.57806,1.13,2.07
2013.10.16 14:07:56.885,1.57794,1.57804,1.13,1.95
2013.10.16 14:07:57.065,1.57795,1.57804,1.13,1.58
2013.10.16 14:07:57.584,1.57796,1.57804,1.13,1.50
2013.10.16 14:07:57.652,1.57796,1.57806,1.13,1.20
2013.10.16 14:07:57.716,1.57799,1.57806,1.50,1.13
2013.10.16 14:07:58.618,1.57795,1.57806,1.28,2.63
2013.10.16 14:07:59.161,1.57795,1.57806,1.28,2.25
2013.10.16 14:07:59.686,1.57795,1.57806,1.28,2.25
2013.10.16 14:08:00.716,1.57796,1.57806,1.13,2.25
2013.10.16 14:08:01.354,1.57796,1.57806,1.13,2.25
2013.10.16 14:08:01.865,1.57796,1.57806,1.13,2.25
2013.10.16 14:08:02.405,1.57796,1.57806,1.13,2.25
2013.10.16 14:08:02.465,1.57796,1.57806,1.13,2.25
2013.10.16 14:08:02.787,1.57801,1.5781,1.13,2.33
2013.10.16 14:08:02.906,1.57801,1.5781,1.13,1.58
2013.10.16 14:08:03.267,1.57803,1.57813,1.13,1.13
2013.10.16 14:08:03.826,1.57804,1.57813,1.13,1.13
2013.10.16 14:08:04.530,1.57804,1.57813,1.13,1.20
2013.10.16 14:08:04.607,1.57801,1.57811,1.13,1.88
2013.10.16 14:08:05.476,1.57801,1.5781,1.13,1.50
2013.10.16 14:08:05.657,1.57802,1.57811,1.13,1.32
2013.10.16 14:08:05.836,1.57796,1.5781,1.28,1.20
2013.10.16 14:08:05.897,1.57798,1.57808,1.13,1.13
2013.10.16 14:08:06.016,1.57799,1.5781,1.13,1.20
2013.10.16 14:08:06.136,1.57799,1.57811,1.13,1.84
2013.10.16 14:08:06.196,1.57802,1.57811,1.13,1.84
2013.10.16 14:08:06.756,1.578,1.57811,1.28,1.69
2013.10.16 14:08:06.875,1.57802,1.57811,1.20,1.69
2013.10.16 14:08:07.115,1.578,1.57811,1.28,1.69
2013.10.16 14:08:07.175,1.57802,1.57811,1.20,1.69
2013.10.16 14:08:07.725,1.578,1.57811,1.28,1.69
2013.10.16 14:08:08.266,1.57802,1.57811,1.20,2.07
2013.10.16 14:08:08.948,1.57802,1.57811,1.13,1.77
2013.10.16 14:08:09.007,1.57799,1.57809,1.13,1.28
2013.10.16 14:08:09.575,1.57799,1.5781,1.28,1.13
2013.10.16 14:08:09.696,1.57803,1.57814,1.13,2.40
2013.10.16 14:08:10.291,1.57805,1.57816,1.13,1.02
2013.10.16 14:08:10.745,1.57806,1.57817,1.20,1.13
2013.10.16 14:08:11.327,1.57811,1.57819,1.13,1.65
2013.10.16 14:08:11.628,1.57817,1.5783,1.13,1.28
2013.10.16 14:08:11.987,1.57813,1.57826,1.58,1.32
2013.10.16 14:08:12.166,1.57809,1.57819,1.65,1.13
2013.10.16 14:08:12.227,1.57811,1.57821,1.50,1.13
2013.10.16 14:08:12.289,1.57809,1.57821,1.13,3.00
2013.10.16 14:08:12.358,1.57813,1.57821,1.50,2.25
2013.10.16 14:08:12.487,1.57809,1.57821,1.13,2.33
2013.10.16 14:08:12.726,1.57808,1.57818,1.13,1.02
2013.10.16 14:08:12.787,1.57804,1.57817,1.95,1.02
2013.10.16 14:08:12.969,1.57803,1.57814,1.13,1.28
2013.10.16 14:08:13.265,1.57805,1.57815,1.50,1.28
2013.10.16 14:08:13.446,1.57805,1.57816,1.50,1.20
2013.10.16 14:08:13.506,1.57804,1.57817,1.88,2.07
2013.10.16 14:08:13.566,1.57801,1.57813,1.50,1.28
2013.10.16 14:08:13.866,1.57803,1.57812,1.50,1.58
2013.10.16 14:08:14.046,1.57804,1.57812,1.50,1.58
2013.10.16 14:08:14.106,1.57804,1.57812,1.50,1.20
2013.10.16 14:08:14.688,1.57803,1.57813,1.50,1.58
2013.10.16 14:08:15.266,1.57799,1.57811,1.13,2.03
2013.10.16 14:08:15.326,1.57799,1.57811,1.88,2.03
2013.10.16 14:08:15.445,1.578,1.57811,1.13,2.03
2013.10.16 14:08:15.805,1.57799,1.57811,1.32,1.20
2013.10.16 14:08:15.865,1.578,1.57811,1.20,1.13
2013.10.16 14:08:16.226,1.57804,1.57812,1.50,1.20
2013.10.16 14:08:16.527,1.57807,1.57821,3.60,1.50
2013.10.16 14:08:16.709,1.57807,1.57816,1.32,1.50
2013.10.16 14:08:16.886,1.57805,1.57816,2.14,1.50
2013.10.16 14:08:17.205,1.57804,1.57816,1.50,1.95
2013.10.16 14:08:17.396,1.57805,1.57816,1.50,2.25
2013.10.16 14:08:17.955,1.57809,1.57816,1.13,1.13
2013.10.16 14:08:18.016,1.57809,1.57818,1.13,2.03
2013.10.16 14:08:18.195,1.57809,1.57818,1.88,1.13
2013.10.16 14:08:18.256,1.57808,1.57818,1.13,1.13
2013.10.16 14:08:18.495,1.57808,1.57819,1.13,2.03
2013.10.16 14:08:19.008,1.57808,1.57819,1.13,2.03
2013.10.16 14:08:19.246,1.5781,1.57821,1.13,2.14
2013.10.16 14:08:20.046,1.5781,1.57821,1.13,2.14
2013.10.16 14:08:20.879,1.57809,1.57821,1.50,2.14
2013.10.16 14:08:21.126,1.57807,1.57821,1.28,1.95
2013.10.16 14:08:21.730,1.57809,1.5782,2.25,1.28
2013.10.16 14:08:22.286,1.57808,1.57821,1.50,1.58
2013.10.16 14:08:23.705,1.57808,1.5782,1.50,1.28
2013.10.16 14:08:24.247,1.57807,1.57819,1.50,1.28
2013.10.16 14:08:24.486,1.57806,1.57814,1.50,1.13
2013.10.16 14:08:24.789,1.57803,1.57813,2.25,1.28
2013.10.16 14:08:25.035,1.57801,1.57815,1.58,1.28
2013.10.16 14:08:25.156,1.57801,1.57813,2.33,1.13
2013.10.16 14:08:25.338,1.57801,1.57812,1.58,1.13
2013.10.16 14:08:25.457,1.57802,1.57814,1.50,1.20
2013.10.16 14:08:25.997,1.57808,1.57817,1.50,1.65
2013.10.16 14:08:26.538,1.57803,1.57814,1.58,1.13
2013.10.16 14:08:26.716,1.57803,1.57812,1.50,1.13
2013.10.16 14:08:27.816,1.57803,1.57813,1.50,1.13
2013.10.16 14:08:29.915,1.578,1.57811,2.03,1.13
2013.10.16 14:08:30.157,1.57799,1.5781,1.58,1.13
2013.10.16 14:08:31.156,1.578,1.5781,1.50,1.13
2013.10.16 14:08:33.716,1.57799,1.57809,1.65,1.13
2013.10.16 14:08:34.387,1.57799,1.57809,1.65,1.13
2013.10.16 14:08:34.746,1.57804,1.57815,1.50,1.65
2013.10.16 14:08:35.117,1.57799,1.57811,3.08,1.13
2013.10.16 14:08:35.627,1.57803,1.57811,1.50,1.13
2013.10.16 14:08:35.807,1.57807,1.57816,1.50,1.13
2013.10.16 14:08:36.716,1.57809,1.5782,2.33,1.13
2013.10.16 14:08:37.255,1.57811,1.57824,1.50,1.65
2013.10.16 14:08:37.898,1.57814,1.57824,1.50,1.28
2013.10.16 14:08:38.196,1.57815,1.57828,1.17,2.78
2013.10.16 14:08:38.556,1.57819,1.57829,1.88,1.13
2013.10.16 14:08:38.977,1.57819,1.5783,3.64,1.13
2013.10.16 14:08:39.038,1.57821,1.57831,1.65,1.13
2013.10.16 14:08:39.399,1.57822,1.5783,1.20,1.13
2013.10.16 14:08:39.648,1.57819,1.5783,1.65,1.13
2013.10.16 14:08:40.007,1.57814,1.57826,2.40,1.13
2013.10.16 14:08:40.068,1.57814,1.57827,3.15,1.13
2013.10.16 14:08:40.443,1.57809,1.57823,1.09,2.33
2013.10.16 14:08:40.510,1.57814,1.57823,1.50,1.58
2013.10.16 14:08:40.576,1.57812,1.57826,1.50,2.78
2013.10.16 14:08:40.636,1.57813,1.57825,1.50,1.65
2013.10.16 14:08:41.197,1.57812,1.57825,1.58,1.58
2013.10.16 14:08:41.273,1.57815,1.57829,1.50,1.65
2013.10.16 14:08:41.400,1.57822,1.57829,1.13,1.58
2013.10.16 14:08:41.588,1.57824,1.57835,1.50,1.20
2013.10.16 14:08:41.706,1.57824,1.57834,2.40,1.13
2013.10.16 14:08:42.007,1.57821,1.57831,1.58,1.50
2013.10.16 14:08:42.067,1.57818,1.5783,1.20,1.20
2013.10.16 14:08:42.126,1.57815,1.57828,2.59,1.13
2013.10.16 14:08:42.366,1.57815,1.57828,2.59,1.13
2013.10.16 14:08:42.926,1.57815,1.57828,3.34,1.13
2013.10.16 14:08:43.236,1.57819,1.57828,1.50,1.13
2013.10.16 14:08:43.537,1.57816,1.57825,1.28,1.13
2013.10.16 14:08:44.428,1.57815,1.57826,1.50,1.65
2013.10.16 14:08:44.489,1.57811,1.57822,2.78,1.88
2013.10.16 14:08:44.608,1.57811,1.57822,1.28,1.88
2013.10.16 14:08:44.846,1.57811,1.57822,1.65,1.88
2013.10.16 14:08:45.406,1.57811,1.57825,1.95,1.13
2013.10.16 14:08:45.466,1.57811,1.57824,1.95,1.13
2013.10.16 14:08:45.587,1.57812,1.57826,1.58,2.63
2013.10.16 14:08:46.186,1.5782,1.5783,1.50,1.65
2013.10.16 14:08:46.546,1.57829,1.57836,2.03,1.50
2013.10.16 14:08:46.607,1.57831,1.5784,1.02,1.05
2013.10.16 14:08:46.666,1.57829,1.5784,2.14,1.13
2013.10.16 14:08:46.905,1.5783,1.57841,1.09,1.13
2013.10.16 14:08:47.085,1.57831,1.57841,1.02,1.13
2013.10.16 14:08:47.227,1.57831,1.57841,1.77,1.13
2013.10.16 14:08:47.745,1.57831,1.57841,1.02,1.13
2013.10.16 14:08:48.185,1.57831,1.57839,1.58,1.13
2013.10.16 14:08:48.744,1.57831,1.57839,1.58,1.13
2013.10.16 14:08:49.057,1.57834,1.57841,1.50,1.13
2013.10.16 14:08:49.368,1.57839,1.57846,1.32,1.50
2013.10.16 14:08:49.440,1.57844,1.5785,1.13,1.50
2013.10.16 14:08:49.507,1.57844,1.57855,1.95,1.88
2013.10.16 14:08:49.626,1.57842,1.57856,1.58,2.44
2013.10.16 14:08:49.686,1.57842,1.57856,1.20,2.07
2013.10.16 14:08:49.748,1.57841,1.57853,3.08,1.88
2013.10.16 14:08:49.808,1.57843,1.57853,1.50,1.13
2013.10.16 14:08:50.167,1.5784,1.57851,1.65,1.50
2013.10.16 14:08:50.526,1.57838,1.5785,2.03,1.13
2013.10.16 14:08:51.295,1.57837,1.57851,2.70,1.88
2013.10.16 14:08:51.617,1.57838,1.57851,1.20,1.13
2013.10.16 14:08:52.157,1.57839,1.57852,1.58,1.20
2013.10.16 14:08:52.217,1.5784,1.57852,1.13,1.20
2013.10.16 14:08:52.397,1.57841,1.57852,1.28,1.50
2013.10.16 14:08:52.698,1.57837,1.57846,2.25,1.32
2013.10.16 14:08:52.817,1.57837,1.57842,1.88,1.13
2013.10.16 14:08:52.879,1.57837,1.57842,2.63,1.13
2013.10.16 14:08:52.948,1.57834,1.57842,1.13,1.13
2013.10.16 14:08:53.008,1.57834,1.57842,1.13,1.13
2013.10.16 14:08:53.187,1.57828,1.57841,1.65,1.88
2013.10.16 14:08:53.246,1.57828,1.57841,1.65,1.50
2013.10.16 14:08:53.726,1.5783,1.5784,1.50,1.13
2013.10.16 14:08:54.056,1.57828,1.57839,1.65,1.13
2013.10.16 14:08:54.117,1.57832,1.57841,1.13,1.13
2013.10.16 14:08:54.236,1.57836,1.57846,1.50,2.63
2013.10.16 14:08:54.297,1.57836,1.57846,1.50,2.63
2013.10.16 14:08:54.479,1.57834,1.57845,1.65,1.32
2013.10.16 14:08:54.607,1.57833,1.57842,1.20,1.13
2013.10.16 14:08:54.666,1.5783,1.57841,1.13,1.13
2013.10.16 14:08:54.727,1.5783,1.57839,1.13,1.13
2013.10.16 14:08:54.786,1.5783,1.57839,1.28,1.13
2013.10.16 14:08:54.906,1.5783,1.5784,1.88,1.13
2013.10.16 14:08:55.206,1.5783,1.57841,1.50,2.25
2013.10.16 14:08:56.606,1.57828,1.57842,1.65,1.58
2013.10.16 14:08:56.966,1.5783,1.57838,1.50,1.13
2013.10.16 14:08:57.086,1.57829,1.5784,2.25,1.20
2013.10.16 14:08:57.205,1.5783,1.57842,2.03,1.13
2013.10.16 14:08:57.327,1.57831,1.57842,1.58,1.13
2013.10.16 14:08:57.638,1.5783,1.57839,1.65,1.13
2013.10.16 14:08:58.176,1.5783,1.57839,1.50,1.13
2013.10.16 14:08:58.677,1.57828,1.57838,1.65,1.13
2013.10.16 14:08:58.858,1.57829,1.57839,1.58,1.13
2013.10.16 14:08:58.976,1.57831,1.57841,1.13,1.13
2013.10.16 14:08:59.275,1.5783,1.57843,1.13,2.03
2013.10.16 14:08:59.826,1.5783,1.5784,2.03,1.13
2013.10.16 14:09:00.067,1.57831,1.57841,1.20,1.13
2013.10.16 14:09:00.640,1.57831,1.57841,1.20,1.13
2013.10.16 14:09:01.871,1.57834,1.57846,1.95,1.13
2013.10.16 14:09:02.226,1.57833,1.57844,2.70,1.13
2013.10.16 14:09:02.586,1.57835,1.57844,1.95,1.13
2013.10.16 14:09:02.706,1.57835,1.57846,1.65,1.13
2013.10.16 14:09:02.827,1.57835,1.57847,1.95,1.50
2013.10.16 14:09:02.947,1.57834,1.57846,1.95,1.13
2013.10.16 14:09:03.477,1.57834,1.57846,1.95,1.50
2013.10.16 14:09:03.659,1.57834,1.57846,1.13,1.88
2013.10.16 14:09:03.786,1.57833,1.57846,1.58,1.20
2013.10.16 14:09:03.905,1.57834,1.57846,1.50,1.20
2013.10.16 14:09:04.147,1.57832,1.57844,1.65,1.13
2013.10.16 14:09:04.386,1.57834,1.57847,1.65,1.88
2013.10.16 14:09:04.506,1.57834,1.57845,1.65,1.13
2013.10.16 14:09:04.686,1.57832,1.57845,1.95,1.13
2013.10.16 14:09:04.865,1.57831,1.57843,2.25,1.13
2013.10.16 14:09:05.045,1.57831,1.57841,1.65,1.13
2013.10.16 14:09:05.305,1.57831,1.57842,2.40,1.13
2013.10.16 14:09:05.847,1.57831,1.57841,1.65,1.88
2013.10.16 14:09:06.387,1.57833,1.5784,1.13,1.13
2013.10.16 14:09:06.746,1.57835,1.57843,1.58,1.13
2013.10.16 14:09:07.107,1.57843,1.57849,1.13,1.50
2013.10.16 14:09:07.168,1.57843,1.5785,1.13,1.50
2013.10.16 14:09:07.289,1.57844,1.57851,1.20,1.13
2013.10.16 14:09:07.407,1.57838,1.5785,1.20,1.88
2013.10.16 14:09:07.527,1.57835,1.57844,1.88,1.13
2013.10.16 14:09:07.647,1.57836,1.5785,1.58,1.28
2013.10.16 14:09:07.706,1.57837,1.5785,1.50,1.28
2013.10.16 14:09:07.766,1.57839,1.5785,1.50,1.28
2013.10.16 14:09:07.887,1.57839,1.57852,1.50,2.33
2013.10.16 14:09:08.066,1.57842,1.57854,1.50,1.28
2013.10.16 14:09:08.246,1.57843,1.57856,1.13,2.03
2013.10.16 14:09:08.609,1.57842,1.57854,1.50,1.28
2013.10.16 14:09:08.681,1.57844,1.57856,2.33,1.95
2013.10.16 14:09:09.106,1.57845,1.57856,1.88,1.13
2013.10.16 14:09:09.244,1.57845,1.57858,3.00,1.28
2013.10.16 14:09:09.567,1.57846,1.57861,2.52,1.65
2013.10.16 14:09:09.687,1.5785,1.57862,2.25,1.13
2013.10.16 14:09:09.867,1.5785,1.57862,2.25,1.50
2013.10.16 14:09:10.105,1.57849,1.57862,1.58,1.58
2013.10.16 14:09:10.226,1.57849,1.57862,1.58,1.58
2013.10.16 14:09:10.346,1.57849,1.57861,2.33,1.13
2013.10.16 14:09:10.826,1.57847,1.5786,1.58,1.32
2013.10.16 14:09:10.887,1.57845,1.5786,1.58,2.44
2013.10.16 14:09:11.659,1.57845,1.57856,1.50,1.13
2013.10.16 14:09:12.037,1.57845,1.57855,1.28,1.13
2013.10.16 14:09:12.157,1.57844,1.57852,1.28,1.13
2013.10.16 14:09:12.277,1.57845,1.57853,1.13,1.13
2013.10.16 14:09:12.337,1.57848,1.57856,1.50,1.88
2013.10.16 14:09:12.456,1.57849,1.57858,2.25,1.32
2013.10.16 14:09:12.761,1.5785,1.5786,1.58,1.32
2013.10.16 14:09:12.948,1.57844,1.57856,1.65,1.13
2013.10.16 14:09:13.127,1.57842,1.57853,2.03,1.13
2013.10.16 14:09:13.186,1.57842,1.57854,2.03,1.13
2013.10.16 14:09:13.308,1.57844,1.57854,2.07,1.13
2013.10.16 14:09:13.786,1.57844,1.57856,1.13,1.32
2013.10.16 14:09:14.208,1.57836,1.57849,2.33,1.13
2013.10.16 14:09:14.388,1.57836,1.57849,1.05,2.63
2013.10.16 14:09:14.696,1.57834,1.57845,1.20,1.13
2013.10.16 14:09:14.937,1.57833,1.57846,1.65,1.13
2013.10.16 14:09:15.239,1.57833,1.57842,1.02,1.13
2013.10.16 14:09:15.306,1.57834,1.57844,1.50,1.13
2013.10.16 14:09:15.426,1.57835,1.57844,1.50,1.88
2013.10.16 14:09:15.546,1.57834,1.57844,1.84,1.13
2013.10.16 14:09:15.669,1.57834,1.57846,1.69,1.28
2013.10.16 14:09:16.147,1.57837,1.57846,1.50,1.13
2013.10.16 14:09:16.266,1.57836,1.57845,2.33,1.13
2013.10.16 14:09:16.696,1.57837,1.57845,1.50,1.13
2013.10.16 14:09:16.756,1.57837,1.57847,1.50,1.20
2013.10.16 14:09:16.876,1.57839,1.57851,2.25,1.88
2013.10.16 14:09:17.416,1.57843,1.57852,1.50,1.28
2013.10.16 14:09:17.656,1.57837,1.5785,2.78,1.13
2013.10.16 14:09:17.776,1.57837,1.5785,1.13,1.28
2013.10.16 14:09:18.315,1.57835,1.57845,1.65,1.13
2013.10.16 14:09:18.634,1.57835,1.57846,1.65,1.13
2013.10.16 14:09:19.669,1.57833,1.57842,2.70,1.13
2013.10.16 14:09:20.230,1.57833,1.57842,2.70,1.13
2013.10.16 14:09:20.746,1.57834,1.57842,1.65,1.13
2013.10.16 14:09:20.866,1.57833,1.57842,1.58,1.13
2013.10.16 14:09:21.896,1.57833,1.57843,1.50,1.13
2013.10.16 14:09:21.963,1.57833,1.57843,1.58,1.13
2013.10.16 14:09:22.767,1.57835,1.57842,1.50,1.13
2013.10.16 14:09:23.276,1.57837,1.57845,1.50,1.13
2013.10.16 14:09:23.516,1.57837,1.57848,1.50,1.28
2013.10.16 14:09:23.636,1.57839,1.5785,1.50,1.13
2013.10.16 14:09:23.817,1.57839,1.57852,3.08,1.13
2013.10.16 14:09:24.316,1.57841,1.57851,1.58,1.13
2013.10.16 14:09:24.559,1.57845,1.57855,1.65,1.13
2013.10.16 14:09:24.809,1.57845,1.57854,1.65,1.13
2013.10.16 14:09:25.356,1.57844,1.57853,1.65,1.13
2013.10.16 14:09:26.316,1.57843,1.57855,1.65,1.13
2013.10.16 14:09:26.436,1.57844,1.57855,1.28,1.13
2013.10.16 14:09:26.796,1.57844,1.57856,3.08,1.13
2013.10.16 14:09:27.096,1.57846,1.57856,1.13,1.13
2013.10.16 14:09:27.216,1.57846,1.57856,1.13,1.13
2013.10.16 14:09:27.336,1.57847,1.57856,1.13,1.13
2013.10.16 14:09:27.656,1.57849,1.57858,1.13,1.95
2013.10.16 14:09:27.836,1.57849,1.57858,1.13,1.58
2013.10.16 14:09:28.376,1.57847,1.57857,1.13,1.13
2013.10.16 14:09:28.436,1.57844,1.57857,2.03,1.13
2013.10.16 14:09:28.806,1.57847,1.57856,1.13,1.50
2013.10.16 14:09:29.445,1.57848,1.57856,1.13,1.50
2013.10.16 14:09:29.765,1.57848,1.57857,1.13,1.50
2013.10.16 14:09:30.067,1.57844,1.57856,1.28,1.13
2013.10.16 14:09:30.246,1.57847,1.57857,1.32,1.13
2013.10.16 14:09:30.623,1.57845,1.57857,1.09,1.13
2013.10.16 14:09:31.017,1.57847,1.57857,1.88,1.13
2013.10.16 14:09:31.076,1.57849,1.57861,1.13,2.40
2013.10.16 14:09:31.136,1.57849,1.57861,1.13,2.40
2013.10.16 14:09:31.259,1.57851,1.57861,1.20,1.50
2013.10.16 14:09:31.387,1.57851,1.57861,2.33,1.95
2013.10.16 14:09:31.506,1.57853,1.57861,1.20,1.13
2013.10.16 14:09:31.626,1.57851,1.57862,2.03,1.13
2013.10.16 14:09:31.686,1.57851,1.57862,1.28,1.13
2013.10.16 14:09:31.805,1.57851,1.57863,1.65,1.13
2013.10.16 14:09:32.474,1.57852,1.57864,1.20,1.13
2013.10.16 14:09:32.545,1.57854,1.57866,1.28,1.50
2013.10.16 14:09:33.114,1.57856,1.57869,1.28,1.13
2013.10.16 14:09:33.633,1.57856,1.57866,1.65,1.13
2013.10.16 14:09:33.937,1.57857,1.57869,1.58,1.13
2013.10.16 14:09:34.917,1.57857,1.57866,1.58,1.13
2013.10.16 14:09:34.975,1.57857,1.57866,1.58,1.13
2013.10.16 14:09:35.276,1.57859,1.57871,2.44,1.28
2013.10.16 14:09:35.336,1.57859,1.57873,3.19,2.33
2013.10.16 14:09:35.636,1.57859,1.57872,2.40,1.13
2013.10.16 14:09:36.058,1.57855,1.57864,1.95,2.25
2013.10.16 14:09:36.416,1.57851,1.57864,1.58,1.58
2013.10.16 14:09:36.536,1.57851,1.57867,2.33,1.20
2013.10.16 14:09:37.076,1.57854,1.57865,1.20,1.20
2013.10.16 14:09:37.316,1.57854,1.57865,1.50,1.95
2013.10.16 14:09:37.376,1.57854,1.57865,1.50,1.95
2013.10.16 14:09:37.677,1.57861,1.57871,1.13,1.65
2013.10.16 14:09:38.036,1.57863,1.57873,1.84,1.13
2013.10.16 14:09:38.336,1.57873,1.57882,1.20,3.19
2013.10.16 14:09:38.396,1.57874,1.57887,1.28,1.88
2013.10.16 14:09:38.636,1.57875,1.57885,1.28,1.50
2013.10.16 14:09:38.996,1.57871,1.57883,1.88,1.13
2013.10.16 14:09:39.249,1.57874,1.57885,1.58,1.13
2013.10.16 14:09:39.436,1.57876,1.57887,1.13,1.32
2013.10.16 14:09:39.496,1.57875,1.57885,1.28,1.13
2013.10.16 14:09:39.736,1.57873,1.57882,1.28,1.88
2013.10.16 14:09:40.216,1.57875,1.57883,1.20,1.50
2013.10.16 14:09:40.456,1.57872,1.57883,2.33,1.13
2013.10.16 14:09:40.517,1.57874,1.57882,1.58,1.50
2013.10.16 14:09:40.996,1.57874,1.57885,1.13,1.28
2013.10.16 14:09:41.236,1.57871,1.57881,1.20,1.13
2013.10.16 14:09:41.355,1.57869,1.57881,1.28,1.88
2013.10.16 14:09:41.597,1.5787,1.57882,1.20,1.88
2013.10.16 14:09:42.253,1.57867,1.57881,1.28,2.40
2013.10.16 14:09:42.509,1.57865,1.57876,1.28,1.13
2013.10.16 14:09:42.581,1.57862,1.57876,2.70,1.13
2013.10.16 14:09:42.888,1.57861,1.57873,1.65,1.13
2013.10.16 14:09:43.194,1.57861,1.57872,1.20,1.13
2013.10.16 14:09:43.498,1.57859,1.57871,2.03,1.13
2013.10.16 14:09:44.056,1.57858,1.57869,3.49,1.13
2013.10.16 14:09:44.116,1.57858,1.57871,3.49,1.88
2013.10.16 14:09:44.250,1.57859,1.5787,1.65,1.13
2013.10.16 14:09:44.567,1.57859,1.57869,1.65,1.13
2013.10.16 14:09:45.121,1.57858,1.57869,3.04,1.13
2013.10.16 14:09:45.431,1.57854,1.57867,1.92,1.20
2013.10.16 14:09:45.557,1.57854,1.57867,1.47,2.03
2013.10.16 14:09:45.807,1.57854,1.57864,1.47,1.13
2013.10.16 14:09:46.106,1.57852,1.57864,1.09,1.13
2013.10.16 14:09:46.226,1.57853,1.57863,1.20,1.50
2013.10.16 14:09:46.285,1.57853,1.57864,1.20,1.13
2013.10.16 14:09:46.466,1.57854,1.57866,1.13,1.20
2013.10.16 14:09:46.647,1.57855,1.57867,1.95,1.13
2013.10.16 14:09:46.828,1.57858,1.57869,1.50,1.28
2013.10.16 14:09:47.309,1.57857,1.5787,1.13,1.28
2013.10.16 14:09:47.496,1.57859,1.57871,1.50,1.95
2013.10.16 14:09:47.615,1.57859,1.5787,1.13,1.50
2013.10.16 14:09:47.735,1.57859,1.57871,1.13,1.58
2013.10.16 14:09:48.270,1.57858,1.5787,1.58,1.13
2013.10.16 14:09:48.336,1.57858,1.5787,1.58,1.13
2013.10.16 14:09:48.637,1.57859,1.57868,1.50,1.13
2013.10.16 14:09:48.937,1.57855,1.57866,3.15,1.13
2013.10.16 14:09:48.996,1.57855,1.57866,3.15,1.13
2013.10.16 14:09:49.306,1.57853,1.57862,1.20,1.13
2013.10.16 14:09:49.426,1.57851,1.57859,2.40,1.13
2013.10.16 14:09:49.907,1.57848,1.5786,1.50,1.20
2013.10.16 14:09:49.967,1.57848,1.5786,1.50,1.20
2013.10.16 14:09:50.326,1.57843,1.57854,2.33,1.13
2013.10.16 14:09:50.385,1.57843,1.57854,2.33,1.13
2013.10.16 14:09:50.446,1.57843,1.57854,2.33,1.13
2013.10.16 14:09:50.746,1.57837,1.57849,3.08,1.13
2013.10.16 14:09:50.926,1.57838,1.5785,2.25,1.20
2013.10.16 14:09:51.106,1.57838,1.57854,2.70,2.63
2013.10.16 14:09:51.227,1.57839,1.57854,1.65,2.63
2013.10.16 14:09:51.940,1.57838,1.57853,2.70,3.08
2013.10.16 14:09:52.009,1.57836,1.57851,1.50,3.38
2013.10.16 14:09:52.328,1.57841,1.57852,2.52,1.13
2013.10.16 14:09:52.397,1.57841,1.57852,2.52,1.13
2013.10.16 14:09:52.697,1.57841,1.57854,1.50,1.28
2013.10.16 14:09:52.757,1.57841,1.57855,1.13,2.70
2013.10.16 14:09:52.998,1.57837,1.5785,1.65,1.69
2013.10.16 14:09:53.057,1.57834,1.5785,4.20,2.07
2013.10.16 14:09:53.416,1.5783,1.57842,1.20,1.13
2013.10.16 14:09:54.196,1.5783,1.57841,1.95,1.13
2013.10.16 14:09:54.736,1.5783,1.57842,1.95,1.13
2013.10.16 14:09:55.246,1.57832,1.57842,1.65,1.50
2013.10.16 14:09:55.866,1.5783,1.57841,1.88,1.95
2013.10.16 14:09:55.926,1.5783,1.57841,1.50,2.03
2013.10.16 14:09:56.047,1.57827,1.57839,1.28,1.13
2013.10.16 14:09:56.166,1.57827,1.57839,1.65,1.13
2013.10.16 14:09:57.380,1.57828,1.57841,1.02,2.33
2013.10.16 14:09:57.630,1.57832,1.57842,2.29,1.13
2013.10.16 14:09:57.698,1.57834,1.57843,1.58,1.13
2013.10.16 14:09:57.757,1.57834,1.57844,2.25,1.13
2013.10.16 14:09:57.817,1.57836,1.57845,1.13,1.13
2013.10.16 14:09:58.177,1.57842,1.57852,1.50,1.28
2013.10.16 14:09:58.715,1.57844,1.57855,1.50,2.03
2013.10.16 14:09:59.146,1.5784,1.57854,1.65,1.28
2013.10.16 14:09:59.686,1.57841,1.57852,1.58,1.13
2013.10.16 14:09:59.927,1.57838,1.57851,1.50,1.47
2013.10.16 14:09:59.987,1.57836,1.57849,2.33,1.39
2013.10.16 14:10:00.406,1.57833,1.57847,1.50,2.03
2013.10.16 14:10:00.526,1.57834,1.57847,1.65,1.88
2013.10.16 14:10:00.827,1.57835,1.57849,1.28,2.22
2013.10.16 14:10:01.394,1.57836,1.57849,1.58,1.47
2013.10.16 14:10:01.468,1.57834,1.57844,2.25,1.13
2013.10.16 14:10:01.987,1.57837,1.57841,1.50,1.13
2013.10.16 14:10:02.526,1.57837,1.57846,1.50,2.25
2013.10.16 14:10:02.828,1.57838,1.57847,1.65,1.13
2013.10.16 14:10:03.067,1.57835,1.57846,1.58,1.13
2013.10.16 14:10:03.606,1.5783,1.57844,2.78,1.13
2013.10.16 14:10:04.287,1.57834,1.57844,1.13,1.13
2013.10.16 14:10:04.716,1.57835,1.57846,1.13,3.83
2013.10.16 14:10:04.776,1.57832,1.57845,1.13,2.40
2013.10.16 14:10:04.957,1.57834,1.57845,1.20,1.50
2013.10.16 14:10:05.016,1.57832,1.57845,1.50,1.65
2013.10.16 14:10:05.076,1.57831,1.57841,1.50,1.13
2013.10.16 14:10:05.556,1.57834,1.57844,1.50,1.58
2013.10.16 14:10:05.916,1.57833,1.57844,1.50,1.13
2013.10.16 14:10:06.387,1.57836,1.57844,1.50,1.13
2013.10.16 14:10:07.048,1.57833,1.57844,1.13,1.88
2013.10.16 14:10:07.107,1.57832,1.57841,1.95,1.13
2013.10.16 14:10:07.647,1.57834,1.57845,1.58,1.13
2013.10.16 14:10:07.767,1.57834,1.57845,1.58,1.13
2013.10.16 14:10:08.588,1.57831,1.57841,1.13,1.13
2013.10.16 14:10:08.646,1.57828,1.57838,2.70,1.32
2013.10.16 14:10:08.766,1.57828,1.57836,2.25,1.69
2013.10.16 14:10:08.827,1.57828,1.57836,1.50,1.50
2013.10.16 14:10:09.197,1.57833,1.57839,1.50,2.63
2013.10.16 14:10:09.329,1.57837,1.57849,1.65,1.13
2013.10.16 14:10:09.458,1.57838,1.57849,1.09,1.13
2013.10.16 14:10:09.879,1.57839,1.57849,1.65,1.13
2013.10.16 14:10:10.007,1.57839,1.57851,2.33,1.20
2013.10.16 14:10:10.646,1.57839,1.57852,2.33,2.40
2013.10.16 14:10:10.726,1.57849,1.57855,1.13,2.70
2013.10.16 14:10:10.978,1.57844,1.57857,1.20,2.03
2013.10.16 14:10:11.049,1.57843,1.57857,1.65,1.95
2013.10.16 14:10:11.236,1.57846,1.57856,1.69,1.28
2013.10.16 14:10:11.598,1.57846,1.5786,1.58,1.95
2013.10.16 14:10:11.837,1.57845,1.5786,2.03,2.37
2013.10.16 14:10:11.897,1.57845,1.57859,1.28,1.77
2013.10.16 14:10:12.256,1.57841,1.57855,1.28,1.58
2013.10.16 14:10:12.318,1.57841,1.57855,1.47,1.95
2013.10.16 14:10:12.669,1.57845,1.57855,1.13,1.20
2013.10.16 14:10:12.970,1.57845,1.57855,1.88,1.20
2013.10.16 14:10:13.276,1.57848,1.57862,2.78,1.58
2013.10.16 14:10:13.636,1.57849,1.57862,2.52,1.20
2013.10.16 14:10:13.877,1.5785,1.5786,1.20,1.13
2013.10.16 14:10:14.117,1.5785,1.57859,1.50,1.20
2013.10.16 14:10:14.428,1.57848,1.57855,1.50,1.20
2013.10.16 14:10:14.846,1.57844,1.57851,1.13,1.13
2013.10.16 14:10:15.146,1.57843,1.57851,1.50,1.28
2013.10.16 14:10:15.386,1.57842,1.57847,1.50,1.13
2013.10.16 14:10:15.566,1.57841,1.57847,3.00,1.13
2013.10.16 14:10:15.626,1.57841,1.57847,1.50,1.13
2013.10.16 14:10:15.990,1.5784,1.57847,1.50,1.13
2013.10.16 14:10:16.058,1.57837,1.57847,1.58,1.13
2013.10.16 14:10:16.536,1.57837,1.57848,1.95,1.88
2013.10.16 14:10:16.596,1.57837,1.57848,1.88,1.13
2013.10.16 14:10:16.717,1.57837,1.57849,1.50,1.20
2013.10.16 14:10:16.917,1.57839,1.57851,1.50,2.40
2013.10.16 14:10:17.037,1.57839,1.57851,1.50,2.03
2013.10.16 14:10:17.157,1.57839,1.57851,1.50,1.28
2013.10.16 14:10:17.278,1.57839,1.57851,1.65,1.13
2013.10.16 14:10:17.346,1.57839,1.57851,3.08,1.20
2013.10.16 14:10:17.467,1.57839,1.57852,1.84,1.88
2013.10.16 14:10:17.526,1.57839,1.57851,1.47,1.50
2013.10.16 14:10:17.827,1.57838,1.57849,1.13,1.28
2013.10.16 14:10:17.946,1.57835,1.57842,1.65,1.32
2013.10.16 14:10:18.006,1.57834,1.57842,1.50,1.32
2013.10.16 14:10:18.186,1.57831,1.57841,1.50,1.13
2013.10.16 14:10:18.367,1.57828,1.57841,1.20,1.13
2013.10.16 14:10:18.487,1.57826,1.57839,1.28,1.13
2013.10.16 14:10:18.607,1.57825,1.57839,1.65,1.13
2013.10.16 14:10:19.137,1.57825,1.57839,1.65,1.13
2013.10.16 14:10:19.451,1.57821,1.57831,1.50,1.50
2013.10.16 14:10:19.520,1.57818,1.5783,1.28,1.13
2013.10.16 14:10:19.586,1.57817,1.5783,1.20,1.20
2013.10.16 14:10:19.828,1.57817,1.57831,1.13,2.03
2013.10.16 14:10:19.946,1.57817,1.57831,1.13,2.03
2013.10.16 14:10:20.307,1.57817,1.57829,1.13,1.58
2013.10.16 14:10:20.366,1.57814,1.57827,1.65,1.13
2013.10.16 14:10:20.906,1.57814,1.57828,1.88,2.40
2013.10.16 14:10:21.207,1.57813,1.57825,1.95,1.13
2013.10.16 14:10:21.567,1.57808,1.57819,1.50,2.03
2013.10.16 14:10:21.869,1.57808,1.57821,1.50,2.03
2013.10.16 14:10:21.938,1.57806,1.57819,2.78,1.13
2013.10.16 14:10:22.120,1.57806,1.57821,2.63,1.95
2013.10.16 14:10:22.189,1.57806,1.57821,2.33,2.78
2013.10.16 14:10:22.487,1.57807,1.5782,1.50,1.13
2013.10.16 14:10:22.547,1.57805,1.57819,2.03,1.50
2013.10.16 14:10:22.886,1.57805,1.57818,1.20,1.02
2013.10.16 14:10:23.006,1.57806,1.57818,1.50,1.02
2013.10.16 14:10:23.187,1.57806,1.57821,1.50,1.95
2013.10.16 14:10:23.306,1.57807,1.5782,1.13,2.40
2013.10.16 14:10:23.658,1.57808,1.57819,1.13,1.28
2013.10.16 14:10:23.716,1.57808,1.57819,1.13,2.03
2013.10.16 14:10:24.076,1.57809,1.57819,1.13,1.28
2013.10.16 14:10:24.397,1.57811,1.57821,1.13,1.95
2013.10.16 14:10:24.936,1.57812,1.57823,1.88,2.63
2013.10.16 14:10:25.116,1.57812,1.57823,1.88,1.28
2013.10.16 14:10:25.177,1.57813,1.57824,1.13,1.20
2013.10.16 14:10:25.356,1.57814,1.57825,1.32,2.03
2013.10.16 14:10:25.416,1.57814,1.57827,1.32,1.65
2013.10.16 14:10:25.967,1.57817,1.57826,1.13,2.33
2013.10.16 14:10:26.356,1.57814,1.57826,2.07,2.25
2013.10.16 14:10:26.417,1.57814,1.57826,2.07,2.33
2013.10.16 14:10:26.536,1.57815,1.57826,2.07,2.03
2013.10.16 14:10:27.087,1.57816,1.57826,1.09,1.13
2013.10.16 14:10:27.446,1.57819,1.57831,1.65,1.13
2013.10.16 14:10:28.477,1.57822,1.5783,1.69,1.13
2013.10.16 14:10:28.561,1.57825,1.57836,2.03,1.13
2013.10.16 14:10:29.516,1.57826,1.57835,1.28,1.13
2013.10.16 14:10:29.817,1.57826,1.5784,1.58,1.50
2013.10.16 14:10:30.119,1.57834,1.57842,1.17,1.50
2013.10.16 14:10:30.178,1.57838,1.57846,1.09,1.13
2013.10.16 14:10:30.253,1.57844,1.57852,1.50,2.33
2013.10.16 14:10:30.684,1.57851,1.57863,2.33,1.20
2013.10.16 14:10:30.811,1.57853,1.57864,1.13,1.65
2013.10.16 14:10:30.937,1.57853,1.57864,1.13,2.40
2013.10.16 14:10:31.058,1.57855,1.57865,1.13,1.28
2013.10.16 14:10:31.426,1.57855,1.57862,1.13,1.50
2013.10.16 14:10:31.966,1.57855,1.57866,1.13,4.20
2013.10.16 14:10:32.146,1.5785,1.57865,1.28,1.58
2013.10.16 14:10:32.206,1.5785,1.57865,1.28,2.33
2013.10.16 14:10:32.627,1.57852,1.57866,1.20,2.52
2013.10.16 14:10:32.745,1.57853,1.57864,1.28,1.13
2013.10.16 14:10:33.248,1.57852,1.57864,1.88,1.28
2013.10.16 14:10:33.846,1.57852,1.57866,1.88,3.08
2013.10.16 14:10:34.027,1.57852,1.57866,1.95,2.78
2013.10.16 14:10:34.210,1.57852,1.57866,1.28,3.83
2013.10.16 14:10:34.518,1.5785,1.57863,3.08,1.13
2013.10.16 14:10:34.699,1.57853,1.57863,1.13,1.13
2013.10.16 14:10:34.937,1.57854,1.57864,1.58,1.13
2013.10.16 14:10:34.997,1.57853,1.57863,2.70,1.13
2013.10.16 14:10:35.057,1.57854,1.57867,1.20,1.39
2013.10.16 14:10:35.117,1.57854,1.57867,1.88,2.22
2013.10.16 14:10:35.176,1.57857,1.57867,1.50,1.65
2013.10.16 14:10:35.416,1.57861,1.57871,1.65,1.88
2013.10.16 14:10:35.897,1.57862,1.57871,1.50,1.65
2013.10.16 14:10:36.076,1.5786,1.57875,2.25,1.95
2013.10.16 14:10:36.556,1.57858,1.57871,1.13,2.33
2013.10.16 14:10:36.676,1.57854,1.57866,2.25,1.58
2013.10.16 14:10:36.736,1.57854,1.57866,1.88,2.03
2013.10.16 14:10:36.976,1.57853,1.57865,1.88,1.28
2013.10.16 14:10:37.156,1.57856,1.57866,1.13,1.28
2013.10.16 14:10:37.912,1.57854,1.57866,3.23,1.13
2013.10.16 14:10:37.986,1.57859,1.57869,2.25,1.13
2013.10.16 14:10:38.306,1.57864,1.57874,1.13,1.20
2013.10.16 14:10:38.666,1.57864,1.57871,1.13,1.50
2013.10.16 14:10:39.175,1.57863,1.57871,1.20,1.50
2013.10.16 14:10:39.840,1.57863,1.57871,1.20,1.50
2013.10.16 14:10:40.977,1.5786,1.5787,1.77,1.84
2013.10.16 14:10:41.218,1.5786,1.57872,1.20,1.88
2013.10.16 14:10:41.398,1.57858,1.5787,2.25,2.07
2013.10.16 14:10:41.517,1.57856,1.5787,2.03,2.52
2013.10.16 14:10:41.696,1.57855,1.57867,1.20,1.02
2013.10.16 14:10:41.999,1.57851,1.57861,1.88,1.13
2013.10.16 14:10:42.358,1.57849,1.57859,1.13,3.27
2013.10.16 14:10:42.598,1.57841,1.57856,1.50,1.20
2013.10.16 14:10:42.659,1.5784,1.57852,1.58,1.13
2013.10.16 14:10:42.966,1.57839,1.57847,1.50,1.13
2013.10.16 14:10:43.087,1.5784,1.57848,1.13,1.88
2013.10.16 14:10:43.147,1.57838,1.57846,1.88,1.13
2013.10.16 14:10:43.626,1.57837,1.57846,1.13,1.95
2013.10.16 14:10:43.687,1.57837,1.57846,1.13,1.95
2013.10.16 14:10:44.226,1.57838,1.57847,1.13,1.28
2013.10.16 14:10:44.287,1.5784,1.57849,1.13,1.13
2013.10.16 14:10:44.347,1.57844,1.5785,1.50,1.13
2013.10.16 14:10:44.466,1.57844,1.57855,2.63,1.13
2013.10.16 14:10:44.587,1.57844,1.57856,2.78,1.88
2013.10.16 14:10:44.766,1.57846,1.57856,1.58,1.13
2013.10.16 14:10:45.007,1.57844,1.57857,2.40,1.13
2013.10.16 14:10:45.066,1.57844,1.57857,2.33,2.25
2013.10.16 14:10:45.367,1.57835,1.57847,3.08,1.32
2013.10.16 14:10:45.427,1.57834,1.57847,3.83,1.39
2013.10.16 14:10:45.667,1.57839,1.57849,1.13,1.28
2013.10.16 14:10:45.728,1.57839,1.57851,1.13,1.28
2013.10.16 14:10:46.030,1.57843,1.57853,1.13,1.28
2013.10.16 14:10:46.577,1.57838,1.57851,2.63,1.28
2013.10.16 14:10:46.776,1.57839,1.57851,1.50,1.65
2013.10.16 14:10:46.987,1.57838,1.57851,1.50,1.65
2013.10.16 14:10:47.736,1.57837,1.57851,1.88,2.40
2013.10.16 14:10:48.276,1.57837,1.57851,1.13,1.65
2013.10.16 14:10:48.456,1.57837,1.57851,1.13,1.65
2013.10.16 14:10:49.007,1.57836,1.5785,1.95,1.28
2013.10.16 14:10:49.559,1.57836,1.57848,1.88,1.20
2013.10.16 14:10:49.858,1.57836,1.57848,1.88,1.58
2013.10.16 14:10:50.037,1.57836,1.57848,1.88,1.58
2013.10.16 14:10:50.546,1.57836,1.57847,1.88,1.58
2013.10.16 14:10:51.287,1.57836,1.57848,1.13,1.65
2013.10.16 14:10:51.616,1.57836,1.57851,1.88,3.45
2013.10.16 14:10:52.108,1.57841,1.5785,1.32,1.65
2013.10.16 14:10:52.407,1.57845,1.57856,1.99,1.13
2013.10.16 14:10:52.772,1.57848,1.57858,2.40,1.88
2013.10.16 14:10:53.077,1.57848,1.57857,1.65,2.25
2013.10.16 14:10:53.197,1.57848,1.57857,2.78,1.65
2013.10.16 14:10:53.257,1.57848,1.57857,2.97,1.58
2013.10.16 14:10:53.318,1.57849,1.5786,1.69,1.20
2013.10.16 14:10:53.616,1.57844,1.57859,2.33,1.65
2013.10.16 14:10:53.676,1.57844,1.57857,2.33,1.20
2013.10.16 14:10:53.978,1.57839,1.57848,2.14,1.13
2013.10.16 14:10:54.047,1.5784,1.57848,1.65,1.13
2013.10.16 14:10:54.288,1.57841,1.57851,3.23,1.13
2013.10.16 14:10:54.597,1.57848,1.57858,1.32,2.63
2013.10.16 14:10:54.838,1.57847,1.57856,1.09,1.13
2013.10.16 14:10:54.899,1.57845,1.57853,1.20,1.13
2013.10.16 14:10:54.967,1.57843,1.57853,1.95,1.13
2013.10.16 14:10:55.208,1.57843,1.57855,1.95,1.13
2013.10.16 14:10:55.326,1.57845,1.57858,1.28,1.13
2013.10.16 14:10:55.386,1.57847,1.5786,1.50,2.14
2013.10.16 14:10:55.747,1.57847,1.57855,1.09,1.13
2013.10.16 14:10:56.287,1.57846,1.57856,1.58,1.05
2013.10.16 14:10:57.056,1.57847,1.57856,2.25,1.13
2013.10.16 14:10:57.296,1.57849,1.57861,1.13,1.58
2013.10.16 14:10:57.357,1.57849,1.57861,1.20,1.50
2013.10.16 14:10:57.417,1.57849,1.57861,1.20,1.50
2013.10.16 14:10:57.656,1.57849,1.57861,1.20,2.44
2013.10.16 14:10:57.716,1.57849,1.57858,1.13,3.45
2013.10.16 14:10:58.017,1.57842,1.57853,1.50,3.00
2013.10.16 14:10:58.077,1.57838,1.57851,1.50,2.33
2013.10.16 14:10:58.139,1.57836,1.57849,1.58,1.88
2013.10.16 14:10:58.268,1.5783,1.57846,3.45,1.88
2013.10.16 14:10:58.387,1.5783,1.57843,1.50,4.21
2013.10.16 14:10:58.448,1.5783,1.57843,1.50,3.38
2013.10.16 14:10:58.749,1.57834,1.5785,2.10,1.58
2013.10.16 14:10:58.810,1.57838,1.57851,2.97,3.00
2013.10.16 14:10:59.299,1.57842,1.5785,1.13,3.91
2013.10.16 14:10:59.427,1.57838,1.57849,3.00,4.47
2013.10.16 14:10:59.488,1.5784,1.57849,1.13,2.63
2013.10.16 14:10:59.800,1.57827,1.57841,2.25,3.08
2013.10.16 14:10:59.869,1.57825,1.57834,1.50,3.38
2013.10.16 14:11:00.046,1.57818,1.57831,2.03,3.00
2013.10.16 14:11:00.106,1.57819,1.57831,1.47,1.50
2013.10.16 14:11:00.527,1.57827,1.57836,2.25,1.13
2013.10.16 14:11:00.648,1.57825,1.57836,2.25,1.13
2013.10.16 14:11:00.711,1.57825,1.57837,2.25,1.09
2013.10.16 14:11:00.958,1.57818,1.57829,3.00,2.26
2013.10.16 14:11:01.020,1.57818,1.57828,2.25,2.63
2013.10.16 14:11:01.326,1.57808,1.5782,3.19,2.82
2013.10.16 14:11:01.390,1.57808,1.57817,1.69,2.82
2013.10.16 14:11:01.517,1.57805,1.57813,1.32,2.63
2013.10.16 14:11:01.638,1.57801,1.57812,1.32,2.63
2013.10.16 14:11:01.698,1.57801,1.57812,1.32,1.13
2013.10.16 14:11:01.767,1.57801,1.57812,1.13,1.13
2013.10.16 14:11:01.829,1.57803,1.57812,1.13,1.50
2013.10.16 14:11:02.142,1.57789,1.57794,1.50,1.13
2013.10.16 14:11:02.269,1.5778,1.57794,1.50,1.13
2013.10.16 14:11:02.456,1.57779,1.57794,3.30,1.13
2013.10.16 14:11:02.577,1.5778,1.57794,1.50,1.13
2013.10.16 14:11:02.878,1.57783,1.57791,1.05,1.50
2013.10.16 14:11:02.996,1.57782,1.57788,1.50,1.13
2013.10.16 14:11:03.116,1.5778,1.57788,2.25,1.13
2013.10.16 14:11:03.179,1.57774,1.57788,2.93,1.88
2013.10.16 14:11:04.125,1.57775,1.57789,2.22,2.25
2013.10.16 14:11:04.206,1.57783,1.57792,1.50,1.13
2013.10.16 14:11:04.277,1.57782,1.57792,1.50,1.13
2013.10.16 14:11:04.459,1.57782,1.57794,1.50,1.13
2013.10.16 14:11:04.829,1.57782,1.57795,1.09,1.13
2013.10.16 14:11:05.018,1.57786,1.57796,1.13,1.50
2013.10.16 14:11:05.141,1.57786,1.57797,1.13,1.13
2013.10.16 14:11:05.207,1.57785,1.57796,1.50,1.13
2013.10.16 14:11:05.506,1.57785,1.57796,1.13,1.13
2013.10.16 14:11:05.808,1.57786,1.57795,1.13,1.13
2013.10.16 14:11:06.177,1.57786,1.57798,1.50,1.13
2013.10.16 14:11:06.295,1.57786,1.57798,1.50,1.13
2013.10.16 14:11:06.478,1.57786,1.57797,1.13,1.13
2013.10.16 14:11:06.839,1.57785,1.57796,1.84,1.50
2013.10.16 14:11:07.147,1.57781,1.57795,1.88,1.13
2013.10.16 14:11:07.267,1.57775,1.57786,2.25,1.88
2013.10.16 14:11:07.387,1.57771,1.57785,1.13,1.13
2013.10.16 14:11:07.806,1.57771,1.57783,1.13,1.50
2013.10.16 14:11:07.866,1.57771,1.57783,1.13,1.13
2013.10.16 14:11:07.927,1.57769,1.57783,3.00,1.88
2013.10.16 14:11:08.287,1.57778,1.57787,1.13,1.13
2013.10.16 14:11:08.468,1.57771,1.57785,1.88,1.13
2013.10.16 14:11:08.587,1.57773,1.57786,1.50,1.50
2013.10.16 14:11:08.826,1.57777,1.57786,1.50,1.13
2013.10.16 14:11:09.128,1.57775,1.57786,1.13,1.13
2013.10.16 14:11:09.486,1.57774,1.57791,2.25,3.57
2013.10.16 14:11:09.966,1.57774,1.57789,2.25,2.74
2013.10.16 14:11:10.026,1.57774,1.57789,2.59,1.05
2013.10.16 14:11:10.567,1.57772,1.57787,1.13,2.63
2013.10.16 14:11:10.686,1.57771,1.57785,1.13,2.63
2013.10.16 14:11:10.988,1.57773,1.57785,1.13,2.63
2013.10.16 14:11:11.706,1.57773,1.57785,1.13,1.13
2013.10.16 14:11:13.118,1.57775,1.57786,1.09,1.13
2013.10.16 14:11:13.249,1.57775,1.57787,1.65,1.88
2013.10.16 14:11:13.316,1.57778,1.57787,1.50,1.88
2013.10.16 14:11:13.376,1.57775,1.57787,1.65,1.88
2013.10.16 14:11:13.558,1.57775,1.57787,1.47,1.13
2013.10.16 14:11:13.798,1.57777,1.5779,1.13,1.88
2013.10.16 14:11:14.038,1.57778,1.57793,1.50,1.13
2013.10.16 14:11:14.278,1.57782,1.57795,1.09,1.50
2013.10.16 14:11:14.338,1.57784,1.57796,1.50,2.63
2013.10.16 14:11:14.697,1.57788,1.57796,1.09,1.13
2013.10.16 14:11:14.756,1.57788,1.57799,1.09,1.20
2013.10.16 14:11:14.937,1.57789,1.57801,1.50,1.50
2013.10.16 14:11:15.176,1.57788,1.57801,1.84,1.13
2013.10.16 14:11:15.236,1.57788,1.57801,1.84,1.13
2013.10.16 14:11:15.600,1.57792,1.57802,1.13,1.50
2013.10.16 14:11:15.671,1.57793,1.57805,1.13,1.50
2013.10.16 14:11:15.917,1.57791,1.57805,1.88,1.05
2013.10.16 14:11:16.099,1.57792,1.57805,1.88,1.50
2013.10.16 14:11:16.218,1.57792,1.57805,1.50,1.80
2013.10.16 14:11:16.576,1.57786,1.57801,1.50,2.63
2013.10.16 14:11:16.636,1.57786,1.57801,1.50,3.38
2013.10.16 14:11:16.696,1.57787,1.57801,1.13,3.38
2013.10.16 14:11:17.657,1.57789,1.57799,1.50,1.13
2013.10.16 14:11:18.077,1.57787,1.57799,1.13,1.13
2013.10.16 14:11:18.556,1.57787,1.578,1.50,1.13
2013.10.16 14:11:18.616,1.57786,1.578,1.50,1.13
2013.10.16 14:11:19.337,1.57786,1.578,1.88,1.13
2013.10.16 14:11:19.458,1.57787,1.578,1.50,1.13
2013.10.16 14:11:19.759,1.57788,1.57803,1.13,1.13
2013.10.16 14:11:20.292,1.57788,1.57803,1.32,1.13
2013.10.16 14:11:20.838,1.57789,1.57803,1.69,1.88
2013.10.16 14:11:21.396,1.57787,1.57801,2.07,1.13
2013.10.16 14:11:21.457,1.57787,1.57801,1.50,1.13
2013.10.16 14:11:21.517,1.57786,1.57801,1.50,1.88
2013.10.16 14:11:21.816,1.57788,1.57801,1.50,1.13
2013.10.16 14:11:22.568,1.57789,1.57801,2.25,1.13
2013.10.16 14:11:22.893,1.57783,1.57791,2.25,1.13
2013.10.16 14:11:23.017,1.57784,1.57791,1.50,1.13
2013.10.16 14:11:23.077,1.57784,1.57791,1.50,1.13
2013.10.16 14:11:23.436,1.57784,1.57796,1.50,1.13
2013.10.16 14:11:23.677,1.57784,1.57796,1.50,1.13
2013.10.16 14:11:24.204,1.57784,1.57796,1.50,1.13
2013.10.16 14:11:24.747,1.57784,1.57797,2.44,1.13
2013.10.16 14:11:24.987,1.57784,1.57796,2.44,1.13
2013.10.16 14:11:25.106,1.57786,1.57796,1.69,1.13
2013.10.16 14:11:26.216,1.57788,1.578,1.50,2.03
2013.10.16 14:11:26.397,1.57792,1.57801,1.50,1.13
2013.10.16 14:11:26.697,1.57792,1.57803,1.88,1.88
2013.10.16 14:11:26.758,1.57795,1.57803,1.50,1.88
2013.10.16 14:11:27.148,1.57794,1.57806,1.50,2.03
2013.10.16 14:11:27.326,1.57793,1.57801,1.50,1.13
2013.10.16 14:11:27.446,1.5779,1.578,1.28,1.32
2013.10.16 14:11:27.927,1.57784,1.57796,2.33,1.13
2013.10.16 14:11:27.987,1.57785,1.57796,1.50,1.13
2013.10.16 14:11:28.476,1.57788,1.57796,1.69,1.13
2013.10.16 14:11:28.777,1.5779,1.57796,1.80,1.13
2013.10.16 14:11:29.201,1.57789,1.57796,1.05,1.13
2013.10.16 14:11:29.627,1.57785,1.57794,1.20,1.13
2013.10.16 14:11:29.926,1.57785,1.57794,1.65,1.13
2013.10.16 14:11:30.348,1.57784,1.57796,1.65,1.88
2013.10.16 14:11:30.709,1.57788,1.57796,1.69,1.13
2013.10.16 14:11:31.644,1.57788,1.57798,1.50,1.13
2013.10.16 14:11:31.986,1.57785,1.57797,1.50,1.13
2013.10.16 14:11:32.886,1.57784,1.57798,1.58,1.65
2013.10.16 14:11:33.066,1.57776,1.57792,1.88,2.90
2013.10.16 14:11:33.126,1.57776,1.57792,1.28,2.97
2013.10.16 14:11:33.367,1.57776,1.57792,2.03,1.20
2013.10.16 14:11:33.726,1.57781,1.57793,1.28,1.88
2013.10.16 14:11:33.846,1.57779,1.57791,1.58,1.88
2013.10.16 14:11:34.328,1.57779,1.57787,1.20,1.50
2013.10.16 14:11:34.448,1.57778,1.57786,1.13,1.50
2013.10.16 14:11:34.508,1.57772,1.57782,1.95,1.13
2013.10.16 14:11:34.568,1.57772,1.57782,1.65,1.13
2013.10.16 14:11:34.687,1.57769,1.57782,2.33,1.20
2013.10.16 14:11:34.866,1.57769,1.57782,1.58,1.20
2013.10.16 14:11:35.417,1.57767,1.57781,1.65,1.50
2013.10.16 14:11:35.599,1.5777,1.57785,1.58,2.63
2013.10.16 14:11:36.086,1.57771,1.57785,1.65,2.25
2013.10.16 14:11:36.147,1.57771,1.57785,1.65,1.50
2013.10.16 14:11:36.747,1.57771,1.57786,1.65,1.58
2013.10.16 14:11:37.106,1.57771,1.57786,1.65,1.58
2013.10.16 14:11:37.739,1.57777,1.57789,2.07,1.65
2013.10.16 14:11:38.096,1.57777,1.57791,1.20,1.50
2013.10.16 14:11:38.337,1.57776,1.5779,1.65,1.50
2013.10.16 14:11:38.396,1.57776,1.5779,1.65,1.50
2013.10.16 14:11:38.757,1.57778,1.5779,1.13,1.13
2013.10.16 14:11:39.116,1.57784,1.57795,1.32,1.58
2013.10.16 14:11:39.177,1.57784,1.57798,2.14,2.63
2013.10.16 14:11:39.298,1.57789,1.57798,1.20,1.50
2013.10.16 14:11:39.477,1.57784,1.57794,1.58,1.50
2013.10.16 14:11:39.717,1.57781,1.57794,3.08,2.25
2013.10.16 14:11:39.777,1.57781,1.57793,3.08,1.50
2013.10.16 14:11:40.136,1.57781,1.5779,1.95,1.13
2013.10.16 14:11:40.257,1.57784,1.57795,1.13,1.20
2013.10.16 14:11:40.377,1.57784,1.57795,1.13,1.20
2013.10.16 14:11:41.153,1.57784,1.57795,1.20,1.13
2013.10.16 14:11:41.289,1.57785,1.57796,1.13,1.88
2013.10.16 14:11:41.838,1.57784,1.57794,1.20,1.13
2013.10.16 14:11:41.956,1.57784,1.57794,1.13,1.13
2013.10.16 14:11:42.076,1.57784,1.57796,1.13,1.20
2013.10.16 14:11:42.317,1.57787,1.57799,1.65,1.13
2013.10.16 14:11:42.877,1.57789,1.578,1.65,1.13
2013.10.16 14:11:42.997,1.57789,1.57801,1.65,1.88
2013.10.16 14:11:43.297,1.5779,1.57802,1.95,1.13
2013.10.16 14:11:43.823,1.5779,1.57801,1.65,1.13
2013.10.16 14:11:44.337,1.5779,1.57802,1.50,1.65
2013.10.16 14:11:44.516,1.57786,1.578,3.90,1.13
2013.10.16 14:11:45.067,1.5779,1.57801,1.58,1.95
2013.10.16 14:11:45.397,1.57791,1.57803,1.28,1.13
2013.10.16 14:11:45.456,1.57791,1.57805,1.28,1.88
2013.10.16 14:11:45.516,1.57794,1.57805,1.95,1.13
2013.10.16 14:11:45.876,1.57798,1.57806,1.65,1.13
2013.10.16 14:11:46.177,1.57798,1.57807,1.20,1.13
2013.10.16 14:11:46.656,1.57798,1.57806,1.65,1.13
2013.10.16 14:11:47.196,1.57798,1.5781,1.50,2.03
2013.10.16 14:11:47.376,1.578,1.57811,1.58,1.13
2013.10.16 14:11:47.916,1.578,1.5781,1.65,1.13
2013.10.16 14:11:49.316,1.57801,1.57811,1.65,1.32
2013.10.16 14:11:49.376,1.57799,1.57811,2.63,1.39
2013.10.16 14:11:50.036,1.57797,1.57807,1.13,2.07
2013.10.16 14:11:50.156,1.57794,1.57806,1.65,1.50
2013.10.16 14:11:50.336,1.57795,1.57806,1.28,1.13
2013.10.16 14:11:50.456,1.57795,1.57807,1.58,1.13
2013.10.16 14:11:50.996,1.57794,1.57806,1.95,1.88
2013.10.16 14:11:51.765,1.57795,1.57803,1.65,1.13
2013.10.16 14:11:52.077,1.57795,1.57803,1.50,1.13
2013.10.16 14:11:55.567,1.57795,1.57806,2.03,1.13
2013.10.16 14:11:56.666,1.57798,1.57808,1.58,1.13
2013.10.16 14:11:57.087,1.57794,1.57804,1.50,1.13
2013.10.16 14:11:57.207,1.57793,1.57803,1.20,1.13
2013.10.16 14:11:57.928,1.57795,1.57804,2.33,1.13
2013.10.16 14:11:58.346,1.57796,1.57805,1.50,1.13
2013.10.16 14:11:58.767,1.57795,1.57804,1.50,1.13
2013.10.16 14:11:59.147,1.57796,1.57808,1.13,1.58
2013.10.16 14:11:59.460,1.578,1.57813,1.28,1.13
2013.10.16 14:11:59.526,1.57802,1.57813,1.13,1.88
2013.10.16 14:11:59.706,1.57802,1.57814,1.13,1.39
2013.10.16 14:11:59.767,1.578,1.57811,1.65,1.50
2013.10.16 14:12:01.016,1.57796,1.5781,1.13,1.39
2013.10.16 14:12:01.077,1.57794,1.57806,1.28,1.88
2013.10.16 14:12:01.136,1.57794,1.57805,1.13,1.65
2013.10.16 14:12:01.197,1.57793,1.57804,1.13,1.65
2013.10.16 14:12:01.376,1.57793,1.57805,1.13,1.28
2013.10.16 14:12:01.856,1.57785,1.57799,3.42,1.50
2013.10.16 14:12:01.915,1.57786,1.57803,1.99,3.53
2013.10.16 14:12:02.399,1.57789,1.57798,1.65,1.50
2013.10.16 14:12:02.964,1.5779,1.57798,1.13,1.58
2013.10.16 14:12:03.039,1.57785,1.578,2.03,2.03
2013.10.16 14:12:03.347,1.57785,1.578,2.33,2.33
2013.10.16 14:12:03.970,1.57786,1.578,1.88,1.50
2013.10.16 14:12:05.046,1.57788,1.578,1.28,1.50
2013.10.16 14:12:05.405,1.57788,1.57801,1.28,3.08
2013.10.16 14:12:05.527,1.57788,1.57801,1.28,3.08
2013.10.16 14:12:05.587,1.57788,1.578,1.28,1.50
2013.10.16 14:12:05.769,1.57785,1.57793,1.28,1.50
2013.10.16 14:12:06.186,1.57783,1.57793,1.13,1.50
2013.10.16 14:12:06.366,1.5778,1.57791,1.28,1.50
2013.10.16 14:12:06.606,1.57778,1.57791,1.62,2.25
2013.10.16 14:12:07.026,1.57778,1.57791,1.54,2.25
2013.10.16 14:12:07.446,1.57776,1.57786,1.43,1.50
2013.10.16 14:12:07.887,1.57779,1.57792,1.13,2.40
2013.10.16 14:12:08.126,1.57779,1.57792,1.28,2.25
2013.10.16 14:12:08.678,1.57777,1.57791,1.35,2.25
2013.10.16 14:12:08.977,1.57777,1.57791,1.35,2.25
2013.10.16 14:12:09.535,1.57777,1.57788,1.05,1.50
2013.10.16 14:12:10.055,1.57777,1.57788,1.05,1.50
2013.10.16 14:12:10.370,1.57775,1.57788,2.97,1.65
2013.10.16 14:12:10.677,1.57769,1.5778,1.20,1.32
2013.10.16 14:12:10.796,1.57764,1.57774,1.84,1.13
2013.10.16 14:12:10.917,1.57765,1.57782,1.28,2.33
2013.10.16 14:12:10.977,1.57764,1.57779,2.22,1.39
2013.10.16 14:12:11.516,1.57765,1.57775,1.20,1.13
2013.10.16 14:12:11.696,1.57765,1.57775,1.13,1.20
2013.10.16 14:12:11.876,1.5776,1.57775,1.28,1.20
2013.10.16 14:12:11.936,1.5776,1.57774,1.58,1.20
2013.10.16 14:12:12.057,1.5776,1.57774,1.20,1.28
2013.10.16 14:12:12.789,1.5776,1.57774,1.20,1.28
2013.10.16 14:12:13.351,1.5776,1.57774,1.20,1.28
2013.10.16 14:12:13.717,1.5776,1.57771,1.28,1.88
2013.10.16 14:12:13.897,1.5776,1.57771,1.20,1.88
2013.10.16 14:12:14.137,1.5776,1.57771,1.50,1.88
2013.10.16 14:12:14.256,1.5776,1.57771,1.28,1.88
2013.10.16 14:12:14.556,1.57758,1.57769,1.58,1.50
2013.10.16 14:12:15.096,1.57758,1.57766,1.95,1.13
2013.10.16 14:12:15.157,1.57757,1.57766,1.20,1.13
2013.10.16 14:12:15.217,1.57756,1.57766,1.28,1.13
2013.10.16 14:12:15.538,1.57759,1.57768,1.13,1.88
2013.10.16 14:12:19.146,1.57756,1.57768,2.78,1.13
2013.10.16 14:12:19.269,1.57756,1.57766,2.40,1.13
2013.10.16 14:12:19.517,1.57748,1.57762,2.33,1.13
2013.10.16 14:12:19.758,1.57748,1.57757,2.25,2.03
2013.10.16 14:12:19.819,1.57745,1.57755,1.88,1.20
2013.10.16 14:12:20.367,1.57744,1.57756,1.13,3.08
2013.10.16 14:12:20.676,1.57741,1.57755,1.13,1.28
2013.10.16 14:12:20.739,1.57741,1.57753,1.13,1.13
2013.10.16 14:12:20.799,1.57739,1.5775,2.33,1.20
2013.10.16 14:12:20.856,1.57739,1.57748,2.25,1.13
2013.10.16 14:12:21.396,1.57737,1.57749,2.89,1.13
2013.10.16 14:12:21.576,1.57739,1.57751,1.50,2.70
2013.10.16 14:12:21.696,1.57737,1.57749,1.47,1.50
2013.10.16 14:12:21.756,1.57736,1.57749,1.47,2.33
2013.10.16 14:12:21.936,1.57736,1.57749,1.20,2.40
2013.10.16 14:12:23.196,1.57736,1.57749,2.78,1.50
2013.10.16 14:12:23.258,1.57737,1.5775,1.58,1.58
2013.10.16 14:12:23.656,1.57736,1.57748,2.40,1.13
2013.10.16 14:12:24.016,1.57737,1.57749,1.28,1.13
2013.10.16 14:12:24.557,1.57737,1.57747,1.13,1.13
2013.10.16 14:12:25.096,1.57735,1.57746,1.28,1.13
2013.10.16 14:12:25.157,1.57735,1.57746,2.70,1.50
2013.10.16 14:12:25.702,1.57733,1.57745,1.13,1.32
2013.10.16 14:12:25.766,1.57732,1.57745,1.50,2.07
2013.10.16 14:12:26.006,1.57731,1.57745,1.88,1.13
2013.10.16 14:12:26.126,1.57732,1.57746,1.50,1.13
2013.10.16 14:12:26.366,1.57733,1.57746,1.50,1.13
2013.10.16 14:12:26.667,1.57733,1.57746,1.13,1.88
2013.10.16 14:12:27.176,1.57733,1.57746,1.13,1.13
2013.10.16 14:12:27.480,1.57733,1.57746,1.88,1.88
2013.10.16 14:12:27.546,1.57733,1.57746,1.88,1.88
2013.10.16 14:12:27.846,1.57733,1.57746,2.25,1.13
2013.10.16 14:12:28.147,1.57733,1.57743,1.50,1.13
2013.10.16 14:12:30.486,1.57732,1.57744,1.13,2.07
2013.10.16 14:12:30.606,1.57731,1.57744,1.13,2.07
2013.10.16 14:12:31.736,1.57732,1.57746,1.50,1.13
2013.10.16 14:12:31.917,1.57736,1.57747,1.13,1.58
2013.10.16 14:12:32.218,1.5774,1.57751,1.50,1.13
2013.10.16 14:12:32.457,1.57742,1.57753,1.95,1.50
2013.10.16 14:12:33.107,1.57748,1.57761,1.13,1.65
2013.10.16 14:12:33.466,1.57749,1.57758,1.50,1.13
2013.10.16 14:12:33.526,1.57749,1.57762,1.88,1.58
2013.10.16 14:12:33.646,1.57753,1.57763,1.13,1.20
2013.10.16 14:12:33.766,1.57753,1.57763,1.13,1.65
2013.10.16 14:12:34.007,1.5775,1.57761,1.88,1.58
2013.10.16 14:12:34.128,1.5775,1.57761,1.88,1.58
2013.10.16 14:12:34.547,1.57749,1.57761,1.88,1.65
2013.10.16 14:12:35.627,1.57749,1.57761,2.14,1.50
2013.10.16 14:12:35.748,1.57749,1.57761,1.77,1.88
2013.10.16 14:12:35.866,1.57751,1.57761,1.13,1.88
2013.10.16 14:12:35.986,1.5775,1.57761,1.69,1.88
2013.10.16 14:12:36.107,1.5775,1.57761,2.22,1.88
2013.10.16 14:12:36.168,1.5775,1.57761,2.22,1.88
2013.10.16 14:12:36.526,1.5775,1.57761,1.84,1.32
2013.10.16 14:12:36.706,1.5775,1.5776,1.09,1.88
2013.10.16 14:12:37.186,1.57752,1.57761,1.69,1.88
2013.10.16 14:12:37.246,1.57752,1.57763,1.69,1.13
2013.10.16 14:12:37.607,1.57758,1.57766,1.50,1.13
2013.10.16 14:12:37.667,1.57759,1.57768,1.88,1.28
2013.10.16 14:12:37.727,1.57764,1.57772,2.25,1.13
2013.10.16 14:12:37.907,1.57766,1.57772,2.25,1.13
2013.10.16 14:12:38.147,1.57765,1.5778,1.02,1.28
2013.10.16 14:12:38.206,1.57765,1.57775,1.39,1.13
2013.10.16 14:12:38.386,1.57765,1.57776,1.02,1.13
2013.10.16 14:12:38.819,1.57762,1.57774,2.33,1.13
2013.10.16 14:12:39.307,1.57763,1.57772,1.50,1.13
2013.10.16 14:12:39.667,1.57759,1.57772,3.53,1.13
2013.10.16 14:12:40.176,1.57759,1.57771,1.58,1.88
2013.10.16 14:12:40.477,1.57751,1.57762,2.63,1.20
2013.10.16 14:12:40.597,1.5775,1.5776,1.50,1.69
2013.10.16 14:12:40.656,1.57751,1.57761,1.50,1.77
2013.10.16 14:12:40.716,1.57752,1.57763,2.25,1.28
2013.10.16 14:12:40.837,1.57752,1.57763,2.70,1.13
2013.10.16 14:12:40.956,1.57753,1.57766,1.95,1.50
2013.10.16 14:12:41.016,1.57756,1.57766,1.20,1.50
2013.10.16 14:12:41.376,1.57762,1.57774,1.50,1.88
2013.10.16 14:12:41.796,1.57759,1.57771,1.28,1.88
2013.10.16 14:12:41.916,1.57759,1.57768,1.28,1.50
2013.10.16 14:12:42.216,1.57759,1.5777,1.65,1.13
2013.10.16 14:12:42.396,1.5776,1.57769,1.28,1.32
2013.10.16 14:12:42.456,1.57757,1.57766,1.65,1.50
2013.10.16 14:12:43.256,1.57757,1.57766,1.50,1.50
2013.10.16 14:12:43.376,1.57757,1.57766,1.50,1.50
2013.10.16 14:12:43.867,1.57757,1.5777,2.25,1.65
2013.10.16 14:12:43.927,1.57759,1.57771,1.50,1.95
2013.10.16 14:12:43.986,1.57758,1.57768,1.13,1.13
2013.10.16 14:12:44.526,1.57757,1.57766,1.50,1.39
2013.10.16 14:12:44.586,1.57753,1.57766,1.13,1.39
2013.10.16 14:12:45.126,1.57756,1.57768,3.38,1.20
2013.10.16 14:12:45.247,1.57759,1.57771,1.13,2.03
2013.10.16 14:12:45.716,1.57759,1.57769,1.95,1.13
2013.10.16 14:12:45.896,1.57759,1.57771,1.95,1.69
2013.10.16 14:12:45.956,1.57759,1.5777,1.20,1.88
2013.10.16 14:12:46.316,1.57752,1.57764,2.44,1.20
2013.10.16 14:12:46.498,1.57752,1.57764,1.32,1.20
2013.10.16 14:12:46.616,1.57751,1.57764,1.50,1.58
2013.10.16 14:12:47.466,1.57749,1.57761,2.33,1.20
2013.10.16 14:12:47.646,1.57747,1.57761,1.58,1.65
2013.10.16 14:12:47.827,1.57744,1.57757,2.03,1.39
2013.10.16 14:12:48.305,1.57746,1.57757,1.50,1.20
2013.10.16 14:12:48.666,1.57744,1.57756,1.20,1.88
2013.10.16 14:12:50.276,1.57743,1.57753,1.28,1.69
2013.10.16 14:12:50.816,1.57742,1.57754,1.88,2.14
2013.10.16 14:12:51.126,1.57744,1.57754,1.50,1.20
2013.10.16 14:12:51.366,1.57743,1.57754,1.20,1.13
2013.10.16 14:12:51.787,1.57743,1.57756,1.20,1.28
2013.10.16 14:12:52.340,1.57741,1.57755,1.58,1.50
2013.10.16 14:12:52.646,1.57738,1.57751,1.50,2.70
2013.10.16 14:12:52.771,1.57737,1.57751,1.13,2.70
2013.10.16 14:12:52.949,1.57737,1.57749,1.13,1.02
2013.10.16 14:12:53.447,1.57737,1.5775,1.13,1.09
2013.10.16 14:12:54.025,1.57736,1.57746,1.13,1.50
2013.10.16 14:12:54.507,1.57737,1.57746,1.13,1.50
2013.10.16 14:12:56.617,1.57736,1.57746,1.20,1.13
2013.10.16 14:12:56.856,1.57735,1.57746,1.58,1.13
2013.10.16 14:12:56.976,1.57732,1.57745,3.08,1.32
2013.10.16 14:12:57.156,1.57732,1.57746,2.25,1.95
2013.10.16 14:12:57.336,1.57732,1.57745,1.88,1.47
2013.10.16 14:12:58.856,1.57732,1.57743,1.88,1.13
2013.10.16 14:12:59.157,1.57731,1.5774,1.13,1.69
2013.10.16 14:12:59.397,1.57733,1.57743,1.13,2.63
2013.10.16 14:12:59.457,1.5773,1.57741,1.13,3.38
2013.10.16 14:12:59.517,1.57736,1.57741,1.50,1.88
2013.10.16 14:12:59.697,1.57737,1.57741,1.13,1.88
2013.10.16 14:12:59.757,1.57736,1.57744,1.13,2.25
2013.10.16 14:13:00.307,1.57737,1.57746,1.13,1.05
2013.10.16 14:13:00.606,1.57737,1.57745,1.13,1.13
2013.10.16 14:13:00.666,1.57734,1.57743,1.13,1.50
2013.10.16 14:13:00.847,1.57733,1.57739,1.13,1.50
2013.10.16 14:13:00.967,1.57727,1.57741,1.13,1.50
2013.10.16 14:13:01.026,1.57727,1.5774,1.13,1.13
2013.10.16 14:13:01.147,1.57728,1.5774,1.13,2.55
2013.10.16 14:13:01.207,1.57727,1.57739,1.13,2.10
2013.10.16 14:13:01.267,1.57724,1.57738,1.50,2.10
2013.10.16 14:13:01.507,1.57722,1.57736,1.88,2.48
2013.10.16 14:13:01.746,1.57723,1.57737,1.13,1.35
2013.10.16 14:13:01.866,1.57724,1.57737,1.13,1.35
2013.10.16 14:13:02.167,1.57724,1.57737,1.20,1.50
2013.10.16 14:13:02.228,1.57724,1.57738,1.20,1.50
2013.10.16 14:13:02.287,1.57727,1.57738,1.13,1.50
2013.10.16 14:13:02.590,1.57719,1.57725,1.13,1.13
2013.10.16 14:13:02.777,1.57715,1.57723,1.05,2.44
2013.10.16 14:13:02.897,1.57712,1.57722,1.50,2.25
2013.10.16 14:13:03.527,1.57715,1.57729,1.13,2.10
2013.10.16 14:13:03.669,1.57715,1.57729,1.88,1.05
2013.10.16 14:13:04.028,1.57719,1.5773,1.20,1.05
2013.10.16 14:13:04.148,1.57724,1.57732,1.13,1.50
2013.10.16 14:13:04.387,1.57724,1.57736,1.50,1.50
2013.10.16 14:13:04.926,1.57724,1.57736,1.50,1.13
2013.10.16 14:13:05.656,1.57722,1.57735,1.58,1.88
2013.10.16 14:13:05.898,1.57722,1.57732,1.50,1.13
2013.10.16 14:13:06.137,1.57722,1.57732,1.50,1.13
2013.10.16 14:13:07.218,1.57722,1.57731,1.13,1.13
2013.10.16 14:13:07.276,1.57723,1.57731,1.50,1.13
2013.10.16 14:13:07.636,1.5773,1.57739,1.50,1.17
2013.10.16 14:13:07.938,1.57734,1.57741,1.13,1.13
2013.10.16 14:13:07.997,1.57734,1.57745,1.50,1.05
2013.10.16 14:13:08.177,1.57735,1.57746,1.13,1.43
2013.10.16 14:13:08.537,1.57731,1.57742,1.50,1.13
2013.10.16 14:13:08.597,1.57729,1.57744,1.69,1.05
2013.10.16 14:13:09.136,1.5773,1.57743,1.65,1.50
2013.10.16 14:13:09.676,1.57728,1.57741,2.40,1.50
2013.10.16 14:13:09.856,1.57728,1.57741,2.33,1.58
2013.10.16 14:13:10.288,1.5773,1.57741,1.13,1.65
2013.10.16 14:13:10.467,1.57736,1.57748,1.50,2.33
2013.10.16 14:13:10.588,1.57734,1.57746,2.29,1.58
2013.10.16 14:13:11.128,1.57732,1.57741,1.20,2.25
2013.10.16 14:13:11.478,1.57732,1.57741,1.20,2.25
2013.10.16 14:13:11.719,1.5773,1.57741,2.40,1.50
2013.10.16 14:13:12.634,1.5773,1.57741,1.50,1.50
2013.10.16 14:13:12.718,1.5773,1.57741,2.03,1.50
2013.10.16 14:13:12.790,1.5773,1.57741,2.03,1.50
2013.10.16 14:13:12.917,1.5773,1.57742,2.03,1.13
2013.10.16 14:13:13.158,1.57729,1.57742,3.15,1.88
2013.10.16 14:13:13.459,1.57728,1.57737,1.50,1.13
2013.10.16 14:13:13.526,1.57725,1.57737,2.78,1.13
2013.10.16 14:13:13.709,1.57726,1.5774,1.54,2.03
2013.10.16 14:13:14.068,1.57723,1.57731,2.63,1.50
2013.10.16 14:13:14.607,1.57721,1.57735,2.59,1.58
2013.10.16 14:13:14.726,1.57722,1.57735,1.02,1.20
2013.10.16 14:13:15.267,1.57723,1.57736,1.09,2.63
2013.10.16 14:13:15.698,1.57725,1.57737,1.65,1.13
2013.10.16 14:13:16.059,1.5772,1.57731,2.03,1.88
2013.10.16 14:13:16.366,1.5772,1.57727,1.50,1.13
2013.10.16 14:13:16.428,1.57718,1.57727,1.50,1.13
2013.10.16 14:13:16.787,1.57715,1.57727,1.65,1.88
2013.10.16 14:13:16.907,1.57714,1.57726,1.28,1.13
2013.10.16 14:13:17.208,1.57713,1.57725,1.50,1.13
2013.10.16 14:13:17.388,1.57712,1.57724,2.40,1.13
2013.10.16 14:13:17.868,1.57713,1.57724,1.02,1.13
2013.10.16 14:13:18.098,1.57713,1.57726,1.02,1.58
2013.10.16 14:13:18.278,1.57714,1.57727,1.32,2.03
2013.10.16 14:13:18.577,1.57716,1.5773,1.28,1.88
2013.10.16 14:13:18.637,1.57716,1.57728,1.28,1.13
2013.10.16 14:13:18.696,1.57716,1.57729,1.28,1.13
2013.10.16 14:13:18.997,1.57715,1.57729,1.09,1.88
2013.10.16 14:13:19.686,1.57716,1.57729,1.95,1.05
2013.10.16 14:13:20.226,1.57716,1.5773,2.33,1.80
2013.10.16 14:13:20.586,1.57716,1.5773,2.03,1.95
2013.10.16 14:13:21.088,1.57716,1.57727,1.28,1.13
2013.10.16 14:13:21.207,1.57716,1.57727,2.03,1.13
2013.10.16 14:13:21.566,1.57716,1.57727,1.65,1.88
2013.10.16 14:13:22.131,1.57715,1.57726,1.47,1.13
2013.10.16 14:13:22.388,1.57717,1.57726,1.84,1.13
2013.10.16 14:13:22.748,1.57719,1.5773,2.67,1.50
2013.10.16 14:13:22.869,1.57719,1.5773,1.95,1.50
2013.10.16 14:13:22.996,1.57719,1.57731,1.95,1.88
2013.10.16 14:13:23.058,1.57719,1.5773,1.58,1.50
2013.10.16 14:13:23.298,1.57717,1.57727,1.28,1.50
2013.10.16 14:13:23.716,1.57712,1.57726,1.13,1.47
2013.10.16 14:13:23.838,1.57711,1.57726,1.13,1.77
2013.10.16 14:13:24.139,1.5771,1.5772,1.50,1.95
2013.10.16 14:13:24.446,1.5771,1.57722,1.50,1.58
2013.10.16 14:13:24.626,1.5771,1.57724,3.08,1.28
2013.10.16 14:13:24.928,1.57713,1.57723,1.13,2.33
2013.10.16 14:13:25.046,1.57713,1.57723,1.13,1.58
2013.10.16 14:13:25.226,1.57713,1.57723,1.13,1.58
2013.10.16 14:13:25.527,1.57714,1.57724,1.13,1.65
2013.10.16 14:13:25.647,1.57709,1.57723,2.03,1.77
2013.10.16 14:13:26.069,1.57713,1.57726,1.13,1.95
2013.10.16 14:13:26.128,1.57713,1.57726,1.88,1.95
2013.10.16 14:13:26.848,1.57718,1.57727,1.13,1.65
2013.10.16 14:13:27.208,1.57714,1.57726,1.13,1.65
2013.10.16 14:13:27.326,1.57712,1.57726,1.20,2.40
2013.10.16 14:13:27.387,1.57712,1.57726,1.20,3.15
2013.10.16 14:13:27.747,1.57715,1.57726,1.13,1.65
2013.10.16 14:13:27.868,1.57715,1.57727,1.50,2.40
2013.10.16 14:13:28.047,1.57719,1.57732,1.50,1.65
2013.10.16 14:13:28.228,1.57718,1.57731,2.03,2.25
2013.10.16 14:13:28.408,1.57721,1.57733,2.22,1.50
2013.10.16 14:13:28.468,1.57721,1.57735,2.22,1.58
2013.10.16 14:13:28.647,1.57721,1.57734,1.02,1.13
2013.10.16 14:13:28.948,1.57721,1.57735,1.09,1.95
2013.10.16 14:13:29.067,1.57721,1.57732,1.09,1.13
2013.10.16 14:13:29.426,1.57721,1.57734,1.09,1.20
2013.10.16 14:13:29.976,1.5772,1.57734,2.78,1.13
2013.10.16 14:13:30.496,1.57719,1.57731,1.50,1.28
2013.10.16 14:13:30.556,1.57718,1.57731,1.88,1.28
2013.10.16 14:13:31.224,1.57718,1.5773,1.28,1.50
2013.10.16 14:13:31.540,1.57716,1.57726,1.28,1.32
2013.10.16 14:13:31.609,1.57716,1.57726,1.20,2.14
2013.10.16 14:13:31.797,1.57714,1.57727,1.69,2.03
2013.10.16 14:13:31.859,1.57715,1.57726,1.13,1.28
2013.10.16 14:13:32.106,1.57714,1.57726,1.58,1.95
2013.10.16 14:13:32.227,1.57712,1.57726,1.50,3.00
2013.10.16 14:13:32.468,1.57706,1.5772,1.13,1.58
2013.10.16 14:13:32.826,1.57707,1.57721,1.32,1.28
2013.10.16 14:13:33.307,1.57707,1.57722,1.47,2.70
2013.10.16 14:13:33.938,1.57709,1.57722,1.95,1.20
2013.10.16 14:13:34.116,1.57711,1.57726,1.50,1.88
2013.10.16 14:13:34.242,1.57713,1.57726,1.28,1.13
2013.10.16 14:13:34.309,1.57715,1.57726,1.20,1.13
2013.10.16 14:13:34.377,1.57718,1.5773,1.20,1.50
2013.10.16 14:13:34.676,1.57718,1.57731,2.03,2.25
2013.10.16 14:13:34.797,1.57722,1.57735,1.13,2.33
2013.10.16 14:13:34.976,1.57722,1.57736,1.20,2.03
2013.10.16 14:13:35.447,1.57721,1.57736,1.28,2.78
2013.10.16 14:13:35.927,1.57719,1.57736,3.08,2.78
2013.10.16 14:13:36.407,1.57719,1.57732,2.33,1.50
2013.10.16 14:13:36.846,1.57719,1.57732,1.58,1.50
2013.10.16 14:13:37.207,1.57718,1.57727,1.50,1.50
2013.10.16 14:13:37.386,1.57717,1.57726,1.02,1.50
2013.10.16 14:13:37.506,1.57716,1.57726,1.09,1.50
2013.10.16 14:13:37.686,1.57714,1.57726,1.28,1.50
2013.10.16 14:13:38.556,1.57714,1.57726,1.28,1.50
2013.10.16 14:13:38.616,1.57714,1.57726,1.88,1.50
2013.10.16 14:13:38.736,1.57714,1.57727,2.63,1.50
2013.10.16 14:13:39.747,1.57717,1.57728,1.28,1.50
2013.10.16 14:13:40.288,1.57717,1.57731,2.03,1.20
2013.10.16 14:13:40.468,1.57716,1.57726,1.28,1.50
2013.10.16 14:13:40.706,1.57715,1.57726,1.95,1.50
2013.10.16 14:13:42.105,1.57714,1.57727,1.28,1.88
2013.10.16 14:13:42.596,1.57715,1.57728,1.28,1.50
2013.10.16 14:13:43.266,1.57715,1.57727,1.28,1.50
2013.10.16 14:13:43.567,1.57713,1.57726,2.33,1.50
2013.10.16 14:13:44.107,1.57713,1.57726,1.20,1.58
2013.10.16 14:13:44.486,1.57713,1.57724,1.95,1.13
2013.10.16 14:13:45.276,1.57715,1.57727,1.50,1.28
2013.10.16 14:13:45.476,1.57715,1.57726,1.65,1.13
2013.10.16 14:13:45.596,1.57714,1.57724,1.58,1.47
2013.10.16 14:13:45.900,1.57708,1.57717,1.13,1.77
2013.10.16 14:13:45.968,1.57705,1.57717,1.13,1.84
2013.10.16 14:13:46.027,1.57704,1.57713,2.63,1.50
2013.10.16 14:13:46.566,1.57701,1.57713,1.28,1.50
2013.10.16 14:13:47.128,1.57704,1.57714,1.20,1.50
2013.10.16 14:13:47.247,1.57704,1.57716,1.20,1.50
2013.10.16 14:13:47.667,1.57705,1.57719,2.07,1.28
2013.10.16 14:13:47.847,1.57707,1.57721,1.50,1.28
2013.10.16 14:13:48.087,1.57706,1.57721,2.40,1.20
2013.10.16 14:13:48.447,1.57709,1.57721,1.50,1.20
2013.10.16 14:13:48.750,1.57709,1.57721,1.58,1.13
2013.10.16 14:13:48.997,1.5771,1.57722,1.65,1.13
2013.10.16 14:13:49.177,1.57711,1.57723,1.09,1.50
2013.10.16 14:13:49.299,1.57711,1.57725,1.09,1.50
2013.10.16 14:13:49.359,1.57713,1.57724,1.58,1.50
2013.10.16 14:13:49.668,1.5772,1.5773,1.13,1.13
2013.10.16 14:13:49.967,1.57724,1.57736,1.20,1.88
2013.10.16 14:13:50.266,1.57726,1.57741,1.65,2.03
2013.10.16 14:13:50.747,1.57725,1.57739,1.65,1.50
2013.10.16 14:13:51.418,1.57725,1.5774,2.40,1.65
2013.10.16 14:13:52.350,1.57725,1.57737,1.88,1.28
2013.10.16 14:13:52.673,1.57727,1.57736,1.13,1.65
2013.10.16 14:13:53.166,1.57725,1.57736,1.50,2.03
2013.10.16 14:13:53.226,1.57725,1.57736,1.50,2.03
2013.10.16 14:13:53.467,1.57725,1.57736,1.50,1.28
2013.10.16 14:13:53.648,1.57727,1.57736,2.52,1.13
2013.10.16 14:13:53.769,1.57729,1.57739,1.69,2.07
2013.10.16 14:13:54.387,1.5773,1.57739,1.50,1.13
2013.10.16 14:13:54.506,1.57731,1.57741,1.50,1.20
2013.10.16 14:13:55.546,1.57732,1.57743,1.88,1.20
2013.10.16 14:13:55.726,1.57732,1.57746,2.82,2.52
2013.10.16 14:13:55.787,1.57732,1.57746,3.15,2.52
2013.10.16 14:13:56.206,1.57732,1.57744,1.69,1.28
2013.10.16 14:13:56.756,1.57731,1.57744,1.13,2.52
2013.10.16 14:13:56.876,1.5773,1.57742,2.07,1.58
2013.10.16 14:13:57.177,1.57732,1.57741,1.50,1.28
2013.10.16 14:13:57.690,1.57733,1.57741,1.50,1.20
2013.10.16 14:13:58.348,1.57733,1.57742,2.22,1.28
2013.10.16 14:13:58.650,1.57736,1.57745,1.69,1.28
2013.10.16 14:13:59.276,1.57736,1.57746,1.32,1.28
2013.10.16 14:13:59.816,1.57735,1.57745,1.50,1.28
2013.10.16 14:14:00.652,1.57734,1.57745,1.50,1.13
2013.10.16 14:14:01.196,1.57733,1.57745,1.20,1.88
2013.10.16 14:14:01.257,1.57732,1.57742,1.95,1.13
2013.10.16 14:14:01.620,1.57726,1.57739,2.25,1.50
2013.10.16 14:14:01.688,1.57726,1.57737,1.13,1.65
2013.10.16 14:14:01.987,1.57727,1.57739,2.07,2.33
2013.10.16 14:14:02.288,1.57729,1.57741,1.88,2.03
2013.10.16 14:14:02.870,1.57722,1.57737,1.58,2.40
2013.10.16 14:14:02.996,1.57724,1.57737,1.58,2.52
2013.10.16 14:14:03.236,1.57726,1.57738,1.95,1.20
2013.10.16 14:14:03.356,1.57726,1.57738,1.13,1.95
2013.10.16 14:14:03.477,1.57721,1.57736,2.40,1.95
2013.10.16 14:14:03.656,1.5772,1.57733,2.33,1.13
2013.10.16 14:14:03.896,1.57719,1.57731,1.20,1.88
2013.10.16 14:14:04.436,1.57719,1.57731,1.39,1.50
2013.10.16 14:14:04.957,1.57719,1.57733,1.39,1.28
2013.10.16 14:14:05.328,1.5772,1.57733,1.13,1.28
2013.10.16 14:14:05.508,1.5772,1.57733,1.13,1.28
2013.10.16 14:14:06.012,1.57724,1.57735,1.88,1.65
2013.10.16 14:14:06.077,1.57724,1.57735,1.88,1.65
2013.10.16 14:14:06.376,1.57724,1.57737,1.13,2.03
2013.10.16 14:14:06.916,1.5772,1.57735,3.08,1.50
2013.10.16 14:14:07.448,1.5772,1.57734,2.33,1.13
2013.10.16 14:14:07.508,1.5772,1.57734,2.78,1.20
2013.10.16 14:14:07.808,1.57719,1.57731,2.03,1.50
2013.10.16 14:14:08.666,1.57721,1.57733,1.20,1.13
2013.10.16 14:14:08.786,1.57723,1.57733,1.58,1.05
2013.10.16 14:14:09.309,1.57723,1.57732,1.58,1.05
2013.10.16 14:14:10.027,1.57726,1.57732,1.50,1.13
2013.10.16 14:14:10.327,1.57726,1.57738,4.69,1.28
2013.10.16 14:14:10.447,1.57727,1.57735,2.44,1.13
2013.10.16 14:14:10.626,1.57727,1.57735,1.50,1.13
2013.10.16 14:14:10.867,1.57726,1.57735,1.50,1.13
2013.10.16 14:14:11.169,1.57731,1.57737,1.04,1.50
2013.10.16 14:14:11.288,1.57732,1.57744,1.13,1.58
2013.10.16 14:14:11.527,1.57732,1.57741,1.65,1.13
2013.10.16 14:14:12.068,1.57732,1.57741,1.65,1.13
2013.10.16 14:14:12.607,1.57731,1.57741,2.54,1.88
2013.10.16 14:14:13.222,1.57731,1.57741,2.54,1.88
2013.10.16 14:14:13.296,1.57731,1.57741,2.16,1.13
2013.10.16 14:14:14.017,1.57733,1.57743,2.70,1.13
2013.10.16 14:14:14.736,1.57733,1.57744,2.70,1.88
2013.10.16 14:14:17.728,1.57731,1.57741,1.19,1.13
2013.10.16 14:14:17.946,1.57731,1.57741,1.94,1.13
2013.10.16 14:14:18.066,1.57732,1.57745,1.65,1.20
2013.10.16 14:14:18.247,1.57734,1.57746,1.13,2.03
2013.10.16 14:14:18.309,1.57734,1.57746,1.13,1.28
2013.10.16 14:14:18.428,1.57733,1.57745,1.13,1.65
2013.10.16 14:14:18.547,1.57737,1.57746,1.13,1.65
2013.10.16 14:14:18.608,1.57734,1.57745,2.63,1.20
2013.10.16 14:14:18.787,1.57734,1.57745,1.58,1.13
2013.10.16 14:14:19.328,1.57735,1.57745,1.13,1.50
2013.10.16 14:14:19.389,1.57732,1.57744,1.50,1.20
2013.10.16 14:14:19.449,1.57732,1.57741,1.50,1.50
2013.10.16 14:14:19.568,1.57732,1.57741,2.25,1.50
2013.10.16 14:14:19.746,1.57731,1.57741,1.11,1.50
2013.10.16 14:14:19.867,1.57731,1.57741,1.04,1.58
2013.10.16 14:14:20.227,1.57731,1.57741,1.04,1.28
2013.10.16 14:14:20.286,1.57728,1.57739,1.04,1.20
2013.10.16 14:14:21.737,1.57725,1.57737,2.78,1.13
2013.10.16 14:14:22.587,1.57726,1.57737,1.58,1.13
2013.10.16 14:14:23.906,1.57725,1.57736,2.40,1.13
2013.10.16 14:14:24.026,1.57725,1.57736,2.78,1.13
2013.10.16 14:14:24.148,1.57729,1.57737,1.50,1.13
2013.10.16 14:14:24.447,1.57733,1.57743,1.65,1.32
2013.10.16 14:14:24.988,1.57739,1.57748,1.50,1.20
2013.10.16 14:14:25.349,1.57745,1.57752,1.50,2.37
2013.10.16 14:14:25.477,1.57744,1.57752,1.58,2.37
2013.10.16 14:14:25.596,1.57744,1.57752,1.95,2.37
2013.10.16 14:14:25.656,1.57744,1.57756,2.29,2.44
2013.10.16 14:14:25.717,1.57745,1.57756,1.17,2.44
2013.10.16 14:14:25.909,1.57744,1.57756,1.47,1.13
2013.10.16 14:14:25.970,1.57745,1.57756,1.09,1.20
2013.10.16 14:14:26.040,1.57745,1.57757,1.09,1.88
2013.10.16 14:14:26.106,1.57743,1.57757,2.29,1.58
2013.10.16 14:14:26.167,1.57742,1.57757,1.88,3.45
2013.10.16 14:14:26.290,1.57744,1.57757,1.13,1.95
2013.10.16 14:14:26.539,1.57745,1.57757,1.13,1.95
2013.10.16 14:14:26.838,1.57749,1.57764,2.14,1.20
2013.10.16 14:14:27.017,1.57751,1.57766,1.02,3.15
2013.10.16 14:14:27.197,1.5775,1.57765,1.39,1.20
2013.10.16 14:14:27.500,1.57756,1.57766,1.13,2.40
2013.10.16 14:14:27.859,1.57759,1.57768,1.32,1.88
2013.10.16 14:14:27.920,1.57759,1.57771,1.50,2.40
2013.10.16 14:14:28.047,1.57759,1.57771,1.09,1.20
2013.10.16 14:14:28.228,1.57757,1.5777,1.20,2.25
2013.10.16 14:14:28.529,1.57755,1.57764,1.13,1.88
2013.10.16 14:14:28.589,1.57753,1.57763,1.50,1.65
2013.10.16 14:14:28.659,1.57749,1.57762,1.58,1.58
2013.10.16 14:14:28.717,1.57746,1.57762,1.24,3.15
2013.10.16 14:14:28.839,1.57745,1.5776,1.62,2.33
2013.10.16 14:14:28.899,1.57749,1.5776,1.32,2.33
2013.10.16 14:14:29.258,1.57742,1.57756,1.58,1.13
2013.10.16 14:14:29.379,1.5774,1.57755,1.58,1.28
2013.10.16 14:14:29.736,1.57742,1.57756,2.03,1.95
2013.10.16 14:14:30.098,1.57742,1.57754,1.92,1.50
2013.10.16 14:14:30.459,1.57737,1.57749,1.62,1.13
2013.10.16 14:14:30.577,1.57734,1.57746,1.69,1.58
2013.10.16 14:14:30.697,1.5773,1.57745,1.95,1.50
2013.10.16 14:14:30.999,1.57729,1.57742,1.20,1.65
2013.10.16 14:14:31.059,1.57729,1.57742,1.13,1.95
2013.10.16 14:14:31.642,1.57726,1.5774,1.24,2.78
2013.10.16 14:14:31.710,1.57726,1.57739,1.24,1.20
2013.10.16 14:14:31.780,1.57725,1.57737,1.47,1.20
2013.10.16 14:14:32.414,1.57725,1.57737,1.47,1.58
2013.10.16 14:14:32.485,1.57722,1.57735,1.13,1.20
2013.10.16 14:14:32.609,1.57723,1.57736,1.13,3.00
2013.10.16 14:14:32.668,1.57723,1.57736,1.28,2.25
2013.10.16 14:14:32.847,1.57725,1.5774,1.88,3.83
2013.10.16 14:14:32.968,1.57725,1.5774,1.28,1.65
2013.10.16 14:14:33.506,1.57725,1.57738,1.28,1.50
2013.10.16 14:14:34.847,1.57725,1.57738,1.20,1.58
2013.10.16 14:14:35.147,1.57722,1.57736,2.03,1.65
2013.10.16 14:14:35.688,1.57722,1.57736,2.03,1.65
2013.10.16 14:14:36.246,1.5772,1.57736,1.58,3.15
2013.10.16 14:14:36.427,1.57719,1.57733,2.37,1.58
2013.10.16 14:14:36.809,1.57719,1.57733,2.37,1.95
2013.10.16 14:14:37.350,1.57719,1.57734,2.37,1.65
2013.10.16 14:14:37.676,1.57721,1.57734,1.28,1.50
2013.10.16 14:14:37.736,1.57721,1.57736,2.63,3.00
2013.10.16 14:14:37.797,1.57721,1.57733,2.10,1.13
2013.10.16 14:14:38.100,1.57715,1.57724,3.75,2.44
2013.10.16 14:14:38.228,1.57714,1.5772,1.05,1.13
2013.10.16 14:14:38.408,1.57712,1.57719,1.88,1.50
2013.10.16 14:14:38.707,1.57706,1.57715,2.33,1.88
2013.10.16 14:14:38.827,1.57703,1.57716,1.13,3.38
2013.10.16 14:14:38.888,1.57701,1.57716,1.65,2.70
2013.10.16 14:14:39.127,1.57702,1.57714,1.99,1.88
2013.10.16 14:14:39.187,1.57702,1.57714,1.99,1.13
2013.10.16 14:14:39.727,1.57704,1.57717,1.24,2.25
2013.10.16 14:14:40.247,1.57706,1.57717,1.50,1.65
2013.10.16 14:14:40.429,1.5771,1.57721,1.50,1.77
2013.10.16 14:14:40.549,1.57709,1.57722,1.95,1.39
2013.10.16 14:14:40.618,1.57712,1.57722,1.17,2.14
2013.10.16 14:14:40.860,1.57718,1.57726,2.63,1.05
2013.10.16 14:14:40.929,1.57718,1.57729,2.55,1.50
2013.10.16 14:14:41.057,1.57719,1.57729,1.58,1.13
2013.10.16 14:14:41.381,1.57718,1.57731,1.65,1.50
2013.10.16 14:14:42.081,1.57719,1.57732,1.58,1.58
2013.10.16 14:14:42.278,1.57719,1.57734,2.22,1.58
2013.10.16 14:14:42.458,1.57721,1.57737,2.03,1.95
2013.10.16 14:14:42.641,1.57721,1.57737,2.33,1.65
2013.10.16 14:14:42.951,1.57721,1.57735,1.95,1.13
2013.10.16 14:14:43.079,1.57721,1.57736,1.20,1.20
2013.10.16 14:14:43.147,1.57721,1.57736,2.63,1.20
2013.10.16 14:14:43.266,1.57721,1.57736,2.63,1.88
2013.10.16 14:14:43.507,1.57721,1.57736,2.63,1.13
2013.10.16 14:14:43.686,1.57721,1.57735,2.63,1.50
2013.10.16 14:14:43.926,1.57721,1.57736,3.08,2.70
2013.10.16 14:14:43.987,1.57721,1.57735,2.70,1.13
2013.10.16 14:14:44.648,1.57721,1.57733,1.20,1.13
2013.10.16 14:14:44.776,1.57721,1.57735,1.58,1.13
2013.10.16 14:14:45.227,1.57723,1.57738,2.59,2.03
2013.10.16 14:14:45.288,1.57726,1.57739,1.13,1.95
2013.10.16 14:14:45.647,1.57729,1.57744,1.65,1.20
2013.10.16 14:14:45.827,1.5773,1.57744,1.84,1.20
2013.10.16 14:14:45.887,1.5773,1.57744,1.95,1.13
2013.10.16 14:14:46.306,1.5773,1.57745,1.39,1.88
2013.10.16 14:14:47.288,1.57732,1.57745,1.65,1.13
2013.10.16 14:14:47.408,1.57732,1.57745,1.95,1.13
2013.10.16 14:14:48.176,1.57732,1.57745,1.95,1.88
2013.10.16 14:14:48.719,1.57731,1.57744,1.65,1.95
2013.10.16 14:14:49.244,1.57731,1.57744,1.65,1.13
2013.10.16 14:14:49.828,1.5773,1.57743,2.70,1.13
2013.10.16 14:14:49.947,1.5773,1.57743,2.70,1.13
2013.10.16 14:14:50.127,1.5773,1.57743,1.95,1.88
2013.10.16 14:14:50.246,1.57731,1.57745,1.65,1.20
2013.10.16 14:14:50.486,1.57732,1.57745,1.84,1.20
2013.10.16 14:14:50.996,1.57732,1.57745,1.84,1.13
2013.10.16 14:14:51.236,1.57733,1.57746,1.65,1.13
2013.10.16 14:14:51.297,1.57743,1.57749,1.28,1.20
2013.10.16 14:14:51.417,1.57743,1.57749,1.17,1.20
2013.10.16 14:14:51.477,1.57741,1.5775,2.59,1.20
2013.10.16 14:14:51.536,1.57738,1.5775,1.13,1.20
2013.10.16 14:14:52.187,1.57739,1.5775,2.25,1.28
2013.10.16 14:14:52.488,1.57739,1.57749,1.84,1.20
2013.10.16 14:14:52.916,1.57739,1.57751,2.25,2.03
2013.10.16 14:14:53.277,1.5774,1.57751,1.50,1.20
2013.10.16 14:14:53.637,1.5774,1.57752,1.88,1.28
2013.10.16 14:14:53.942,1.57744,1.57755,2.25,1.28
2013.10.16 14:14:54.007,1.57744,1.57756,1.50,2.40
2013.10.16 14:14:54.127,1.57745,1.57756,1.50,1.65
2013.10.16 14:14:54.487,1.5775,1.57761,1.50,1.58
2013.10.16 14:14:54.547,1.5775,1.57761,1.50,1.58
2013.10.16 14:14:54.727,1.57751,1.57763,1.50,1.58
2013.10.16 14:14:55.097,1.57752,1.57763,1.13,1.20
2013.10.16 14:14:55.156,1.57752,1.57764,1.13,2.03
2013.10.16 14:14:55.217,1.5775,1.57764,1.58,1.28
2013.10.16 14:14:55.804,1.57749,1.57764,3.53,1.28
2013.10.16 14:14:56.111,1.57751,1.57761,1.13,1.13
2013.10.16 14:14:56.419,1.57734,1.57746,4.50,3.57
2013.10.16 14:14:56.548,1.57725,1.57738,1.50,1.05
2013.10.16 14:14:56.607,1.57726,1.57739,1.50,1.58
2013.10.16 14:14:56.667,1.57727,1.57741,1.13,1.13
2013.10.16 14:14:56.848,1.57725,1.57736,1.20,1.13
2013.10.16 14:14:57.150,1.57722,1.57733,1.88,1.13
2013.10.16 14:14:57.459,1.57726,1.57736,1.13,1.58
2013.10.16 14:14:57.769,1.57731,1.57737,1.50,1.50
2013.10.16 14:14:57.827,1.57727,1.57735,1.95,1.13
2013.10.16 14:14:58.007,1.57723,1.57738,2.25,1.13
2013.10.16 14:14:58.066,1.57723,1.57738,1.65,1.28
2013.10.16 14:14:58.428,1.57722,1.57736,1.65,1.13
2013.10.16 14:14:58.606,1.57721,1.57734,1.20,1.20
2013.10.16 14:14:58.788,1.5772,1.57735,2.03,1.28
2013.10.16 14:14:58.907,1.5772,1.57735,1.50,1.58
2013.10.16 14:14:59.227,1.57721,1.57735,1.50,1.58
2013.10.16 14:14:59.406,1.57719,1.57735,2.33,1.58
2013.10.16 14:14:59.526,1.57722,1.57735,1.13,1.20
2013.10.16 14:14:59.827,1.57727,1.57737,1.13,1.28
2013.10.16 14:15:00.187,1.57725,1.57735,2.22,1.32
2013.10.16 14:15:00.306,1.5772,1.57732,1.20,1.13
2013.10.16 14:15:00.366,1.57719,1.57732,3.00,1.28
2013.10.16 14:15:00.547,1.57719,1.57731,1.50,1.20
2013.10.16 14:15:00.907,1.57716,1.57729,1.50,1.13
2013.10.16 14:15:01.557,1.57714,1.57729,2.25,1.88
2013.10.16 14:15:01.906,1.57717,1.57727,1.50,1.13
2013.10.16 14:15:02.147,1.57716,1.57728,1.13,2.03
2013.10.16 14:15:02.266,1.57715,1.57728,2.40,2.33
2013.10.16 14:15:02.567,1.5772,1.5773,1.50,1.50
2013.10.16 14:15:02.746,1.57727,1.5774,1.13,3.08
2013.10.16 14:15:02.926,1.57731,1.5774,1.88,1.02
2013.10.16 14:15:03.227,1.57735,1.57746,2.22,1.88
2013.10.16 14:15:03.287,1.57735,1.57748,1.58,1.20
2013.10.16 14:15:03.347,1.57737,1.57749,1.13,1.20
2013.10.16 14:15:03.708,1.57736,1.57745,1.50,1.13
2013.10.16 14:15:03.889,1.57736,1.57746,1.13,1.58
2013.10.16 14:15:03.957,1.57735,1.57746,1.13,2.03
2013.10.16 14:15:04.077,1.57734,1.57746,1.50,2.03
2013.10.16 14:15:04.378,1.5773,1.5774,2.63,1.95
2013.10.16 14:15:04.438,1.57725,1.57738,1.50,1.65
2013.10.16 14:15:04.738,1.57726,1.57739,1.58,1.20
2013.10.16 14:15:05.097,1.57724,1.57737,1.20,1.95
2013.10.16 14:15:05.398,1.5772,1.57729,1.13,3.45
2013.10.16 14:15:05.638,1.57707,1.57719,1.20,1.20
2013.10.16 14:15:05.758,1.57707,1.57719,1.50,1.28
2013.10.16 14:15:06.307,1.57707,1.57719,1.50,1.95
2013.10.16 14:15:06.432,1.57707,1.57719,1.50,1.65
2013.10.16 14:15:06.946,1.57705,1.57717,1.05,1.65
2013.10.16 14:15:07.008,1.57705,1.57716,1.05,1.65
2013.10.16 14:15:07.068,1.57702,1.57715,1.05,1.28
2013.10.16 14:15:07.128,1.57702,1.57713,1.05,1.20
2013.10.16 14:15:07.428,1.577,1.57711,1.50,1.28
2013.10.16 14:15:07.730,1.57701,1.57711,1.50,1.28
2013.10.16 14:15:07.980,1.57697,1.57707,1.20,1.32
2013.10.16 14:15:08.166,1.57694,1.57706,2.82,1.58
2013.10.16 14:15:08.227,1.57699,1.57706,1.50,1.50
2013.10.16 14:15:08.288,1.57699,1.57706,3.00,1.28
2013.10.16 14:15:08.767,1.57699,1.5771,1.95,1.20
2013.10.16 14:15:09.253,1.57699,1.57711,1.50,1.28
2013.10.16 14:15:09.860,1.57699,1.57708,1.50,1.13
2013.10.16 14:15:10.168,1.57701,1.5771,1.50,1.13
2013.10.16 14:15:10.870,1.57693,1.57707,1.20,2.78
2013.10.16 14:15:10.939,1.57693,1.57706,1.13,1.65
2013.10.16 14:15:11.001,1.57691,1.57704,1.95,1.20
2013.10.16 14:15:11.258,1.57694,1.57706,1.95,1.20
2013.10.16 14:15:11.318,1.57697,1.57708,1.13,2.70
2013.10.16 14:15:11.497,1.57694,1.57707,1.65,1.13
2013.10.16 14:15:11.868,1.57695,1.57707,2.03,1.13
2013.10.16 14:15:11.988,1.57695,1.5771,2.03,1.95
2013.10.16 14:15:12.537,1.57697,1.57707,1.65,1.32
2013.10.16 14:15:12.657,1.57693,1.57702,1.65,1.13
2013.10.16 14:15:12.777,1.57693,1.57707,1.88,1.65
2013.10.16 14:15:12.897,1.57698,1.57706,1.13,1.65
2013.10.16 14:15:13.017,1.57699,1.5771,1.13,2.03
2013.10.16 14:15:13.796,1.57699,1.57711,1.13,1.58
2013.10.16 14:15:14.102,1.57702,1.57713,1.13,1.84
2013.10.16 14:15:14.226,1.577,1.5771,1.13,1.13
2013.10.16 14:15:14.346,1.57702,1.57712,1.13,1.65
2013.10.16 14:15:14.407,1.57702,1.57713,1.50,1.28
2013.10.16 14:15:14.528,1.57711,1.57723,1.13,1.65
2013.10.16 14:15:14.587,1.5771,1.57721,1.69,1.58
2013.10.16 14:15:14.946,1.57714,1.57726,1.20,1.50
2013.10.16 14:15:15.198,1.57714,1.5773,1.50,2.89
2013.10.16 14:15:15.438,1.57714,1.5773,1.80,2.82
2013.10.16 14:15:15.976,1.57713,1.5773,1.13,2.33
2013.10.16 14:15:16.707,1.57714,1.57726,1.58,1.50
2013.10.16 14:15:17.266,1.57714,1.57728,1.58,1.88
2013.10.16 14:15:17.536,1.57714,1.57728,2.33,1.13
2013.10.16 14:15:17.776,1.57716,1.5773,1.28,2.33
2013.10.16 14:15:17.837,1.57717,1.57731,1.20,2.40
2013.10.16 14:15:18.256,1.57721,1.57735,1.20,2.40
2013.10.16 14:15:18.316,1.57721,1.57735,1.58,2.25
2013.10.16 14:15:18.857,1.57723,1.57736,1.28,1.88
2013.10.16 14:15:18.917,1.57723,1.57736,1.28,1.13
2013.10.16 14:15:18.977,1.57725,1.57737,1.20,1.13
2013.10.16 14:15:19.158,1.57727,1.5774,1.13,1.28
2013.10.16 14:15:19.407,1.57729,1.57741,1.13,2.97
2013.10.16 14:15:19.706,1.57726,1.57741,1.20,2.22
2013.10.16 14:15:19.934,1.57726,1.57741,1.20,2.22
2013.10.16 14:15:20.306,1.57728,1.57741,1.13,2.52
2013.10.16 14:15:21.270,1.57728,1.57739,1.13,1.20
2013.10.16 14:15:21.648,1.57727,1.57739,1.50,1.58
2013.10.16 14:15:21.829,1.57722,1.57731,1.50,1.32
2013.10.16 14:15:21.888,1.57721,1.57731,1.50,1.69
2013.10.16 14:15:22.246,1.57713,1.57726,1.13,1.58
2013.10.16 14:15:22.367,1.57714,1.57727,1.13,1.13
2013.10.16 14:15:22.606,1.57709,1.57726,3.53,2.33
2013.10.16 14:15:22.848,1.57712,1.57725,1.13,1.65
2013.10.16 14:15:22.909,1.57709,1.57722,1.28,1.50
2013.10.16 14:15:22.968,1.57709,1.57722,1.28,1.69
2013.10.16 14:15:23.087,1.57709,1.57719,1.20,1.02
2013.10.16 14:15:23.266,1.57705,1.57716,1.20,1.13
2013.10.16 14:15:23.567,1.57701,1.57716,2.33,1.50
2013.10.16 14:15:24.048,1.57699,1.57715,2.70,1.95
2013.10.16 14:15:24.166,1.57699,1.57714,2.70,1.28
2013.10.16 14:15:25.066,1.57704,1.57715,1.13,1.58
2013.10.16 14:15:25.126,1.57704,1.57715,1.13,1.28
2013.10.16 14:15:25.246,1.577,1.57715,1.95,1.58
2013.10.16 14:15:25.547,1.577,1.57715,2.03,2.03
2013.10.16 14:15:26.228,1.57704,1.57715,1.13,1.65
2013.10.16 14:15:26.468,1.57704,1.57715,1.13,1.65
2013.10.16 14:15:27.006,1.577,1.57715,2.78,2.40
2013.10.16 14:15:27.546,1.577,1.57715,1.58,2.40
2013.10.16 14:15:28.107,1.57701,1.57715,1.13,2.40
2013.10.16 14:15:28.656,1.57701,1.57713,1.13,1.58
2013.10.16 14:15:28.986,1.57701,1.57714,1.13,1.65
2013.10.16 14:15:29.166,1.57705,1.57715,1.13,1.65
2013.10.16 14:15:29.526,1.57706,1.57716,1.28,1.50
2013.10.16 14:15:29.647,1.57706,1.57719,1.28,1.58
2013.10.16 14:15:30.067,1.57706,1.57721,1.28,2.52
2013.10.16 14:15:30.128,1.57706,1.5772,1.28,1.50
2013.10.16 14:15:30.568,1.57705,1.57719,2.78,1.95
2013.10.16 14:15:30.629,1.57706,1.57719,1.28,1.95
2013.10.16 14:15:30.688,1.57705,1.57718,2.03,1.13
2013.10.16 14:15:31.177,1.57705,1.57719,2.33,1.88
2013.10.16 14:15:31.842,1.57709,1.57718,1.65,1.13
2013.10.16 14:15:31.913,1.57712,1.57726,1.20,2.03
2013.10.16 14:15:32.102,1.57714,1.57726,1.20,1.50
2013.10.16 14:15:32.410,1.57709,1.5772,1.50,1.28
2013.10.16 14:15:32.538,1.57707,1.5772,1.13,1.65
2013.10.16 14:15:32.658,1.57707,1.57718,1.13,1.58
2013.10.16 14:15:32.837,1.57707,1.57717,1.13,1.50
2013.10.16 14:15:33.137,1.57708,1.57717,1.13,1.95
2013.10.16 14:15:33.437,1.57709,1.57718,1.88,1.20
2013.10.16 14:15:33.559,1.57704,1.57718,1.50,1.95
2013.10.16 14:15:33.799,1.57705,1.57718,1.13,2.70
2013.10.16 14:15:34.036,1.57704,1.57718,1.13,2.33
2013.10.16 14:15:34.277,1.57704,1.57718,1.28,2.03
2013.10.16 14:15:34.458,1.57706,1.57718,1.13,1.65
2013.10.16 14:15:34.938,1.57706,1.57716,1.13,1.65
2013.10.16 14:15:35.428,1.57704,1.57715,2.07,1.65
2013.10.16 14:15:35.727,1.57704,1.57716,1.47,1.50
2013.10.16 14:15:36.327,1.57704,1.57715,1.47,1.50
2013.10.16 14:15:37.108,1.57704,1.57715,1.13,1.65
2013.10.16 14:15:37.346,1.57703,1.57715,1.13,1.58
2013.10.16 14:15:38.186,1.57701,1.57714,1.28,1.13
2013.10.16 14:15:38.727,1.57707,1.57716,1.50,1.58
2013.10.16 14:15:38.849,1.57708,1.57719,1.13,1.65
2013.10.16 14:15:38.967,1.57706,1.57717,1.20,1.50
2013.10.16 14:15:39.268,1.57701,1.57713,2.40,1.13
2013.10.16 14:15:39.927,1.57703,1.57713,1.13,1.20
2013.10.16 14:15:40.766,1.57704,1.57714,1.13,1.65
2013.10.16 14:15:40.839,1.57703,1.57714,1.13,1.28
2013.10.16 14:15:41.218,1.577,1.57714,1.95,1.28
2013.10.16 14:15:41.587,1.57701,1.57714,2.25,1.28
2013.10.16 14:15:42.067,1.57704,1.57716,1.13,1.20
2013.10.16 14:15:42.248,1.57705,1.57716,1.28,1.13
2013.10.16 14:15:43.537,1.57705,1.57718,1.28,1.13
2013.10.16 14:15:44.136,1.57705,1.57716,1.28,1.13
2013.10.16 14:15:45.180,1.57707,1.57718,2.78,1.28
2013.10.16 14:15:45.366,1.57713,1.57728,2.52,2.03
2013.10.16 14:15:45.547,1.57709,1.57723,1.95,1.20
2013.10.16 14:15:45.787,1.57707,1.5772,1.65,1.13
2013.10.16 14:15:45.906,1.57709,1.57719,1.13,1.20
2013.10.16 14:15:46.157,1.57709,1.57719,1.13,1.20
2013.10.16 14:15:46.281,1.57707,1.57719,1.13,2.03
2013.10.16 14:15:46.531,1.57702,1.57718,2.03,3.08
2013.10.16 14:15:46.776,1.57705,1.57716,1.13,1.65
2013.10.16 14:15:47.338,1.57705,1.57715,1.13,1.20
2013.10.16 14:15:47.697,1.57701,1.57715,2.03,1.20
2013.10.16 14:15:48.117,1.57703,1.57711,1.13,1.50
2013.10.16 14:15:48.179,1.57699,1.57712,1.65,1.50
2013.10.16 14:15:49.447,1.57701,1.57713,1.20,1.50
2013.10.16 14:15:50.116,1.57702,1.57714,1.13,1.95
2013.10.16 14:15:50.686,1.57701,1.57714,1.20,2.70
2013.10.16 14:15:50.806,1.57697,1.57711,1.28,1.95
2013.10.16 14:15:50.867,1.57695,1.57711,1.47,3.00
2013.10.16 14:15:50.926,1.57695,1.5771,1.39,1.28
2013.10.16 14:15:51.687,1.57695,1.5771,1.39,2.03
2013.10.16 14:15:51.819,1.57695,1.57706,1.20,1.13
2013.10.16 14:15:52.597,1.57696,1.57706,1.13,2.14
2013.10.16 14:15:52.717,1.57696,1.57706,1.13,2.25
2013.10.16 14:15:52.778,1.57691,1.57706,1.13,1.95
2013.10.16 14:15:52.897,1.57692,1.57706,1.13,1.20
2013.10.16 14:15:53.276,1.57694,1.57707,1.88,1.28
2013.10.16 14:15:53.882,1.57694,1.57707,1.69,1.28
2013.10.16 14:15:54.067,1.57696,1.57709,1.13,1.65
2013.10.16 14:15:54.426,1.57699,1.57712,1.65,1.20
2013.10.16 14:15:54.967,1.57699,1.57712,2.40,1.20
2013.10.16 14:15:55.687,1.57699,1.5771,1.13,1.20
2013.10.16 14:15:56.828,1.57699,1.5771,1.65,1.20
2013.10.16 14:15:57.437,1.57699,1.57711,1.65,1.65
2013.10.16 14:15:58.336,1.57699,1.57712,1.84,1.20
2013.10.16 14:15:58.517,1.57697,1.57709,2.22,1.20
2013.10.16 14:15:58.577,1.57695,1.57709,1.28,1.20
2013.10.16 14:15:59.417,1.57695,1.57709,1.13,1.58
2013.10.16 14:15:59.476,1.57695,1.5771,1.20,2.78
2013.10.16 14:15:59.837,1.57696,1.5771,1.28,2.33
2013.10.16 14:15:59.956,1.57696,1.5771,1.28,2.70
2013.10.16 14:16:00.417,1.57695,1.57706,1.95,1.32
2013.10.16 14:16:00.656,1.57691,1.57704,1.65,1.13
2013.10.16 14:16:00.716,1.57692,1.57706,1.20,1.28
2013.10.16 14:16:00.956,1.57692,1.57706,1.20,1.28
2013.10.16 14:16:01.016,1.57692,1.57706,1.20,1.28
2013.10.16 14:16:01.260,1.57694,1.57709,1.88,2.63
2013.10.16 14:16:01.567,1.57695,1.57708,1.20,1.20
2013.10.16 14:16:01.627,1.57696,1.57709,1.20,1.58
2013.10.16 14:16:02.368,1.57697,1.57709,1.13,2.03
2013.10.16 14:16:02.897,1.57698,1.57708,1.13,1.58
2013.10.16 14:16:03.291,1.57698,1.57709,1.13,1.28
2013.10.16 14:16:03.478,1.57699,1.5771,1.13,2.03
2013.10.16 14:16:05.380,1.57695,1.57711,2.03,4.95
2013.10.16 14:16:05.928,1.57699,1.57711,1.13,3.83
2013.10.16 14:16:06.049,1.57701,1.57711,1.13,1.28
2013.10.16 14:16:06.117,1.57701,1.57712,1.13,1.65
2013.10.16 14:16:06.637,1.57699,1.57712,1.13,1.65
2013.10.16 14:16:06.996,1.57699,1.57712,1.13,2.03
2013.10.16 14:16:07.536,1.57697,1.57712,1.54,2.03
2013.10.16 14:16:07.959,1.57701,1.57711,1.13,1.28
2013.10.16 14:16:08.080,1.577,1.57711,1.13,1.28
2013.10.16 14:16:08.148,1.577,1.57712,1.13,2.78
2013.10.16 14:16:08.327,1.57698,1.5771,1.13,1.58
2013.10.16 14:16:08.507,1.57698,1.57709,1.13,2.33
2013.10.16 14:16:08.568,1.57698,1.57706,1.13,3.38
2013.10.16 14:16:08.627,1.57695,1.57706,1.32,3.83
2013.10.16 14:16:08.807,1.57693,1.57705,1.50,1.28
2013.10.16 14:16:08.868,1.57694,1.57705,1.50,1.88
2013.10.16 14:16:08.987,1.57696,1.57706,1.69,2.33
2013.10.16 14:16:09.227,1.57696,1.57706,1.32,2.63
2013.10.16 14:16:09.347,1.57696,1.57706,1.13,1.20
2013.10.16 14:16:09.707,1.57694,1.57706,1.13,1.88
2013.10.16 14:16:09.827,1.57693,1.57706,1.13,2.25
2013.10.16 14:16:10.006,1.57694,1.57705,1.13,1.20
2013.10.16 14:16:10.127,1.57697,1.57708,1.20,1.13
2013.10.16 14:16:10.367,1.57698,1.57708,1.13,2.14
2013.10.16 14:16:10.488,1.57693,1.57705,2.03,1.13
2013.10.16 14:16:10.667,1.5769,1.57705,6.08,1.13
2013.10.16 14:16:10.907,1.57691,1.57704,1.20,1.58
2013.10.16 14:16:11.027,1.5769,1.57703,1.13,1.28
2013.10.16 14:16:11.387,1.57687,1.577,1.88,2.03
2013.10.16 14:16:11.448,1.57689,1.577,1.50,1.28
2013.10.16 14:16:12.075,1.57691,1.57704,1.20,1.20
2013.10.16 14:16:12.326,1.57697,1.57708,1.13,1.65
2013.10.16 14:16:12.687,1.57697,1.57708,1.50,1.65
2013.10.16 14:16:12.868,1.57694,1.57708,3.08,2.40
2013.10.16 14:16:13.347,1.57694,1.57706,1.95,1.13
2013.10.16 14:16:13.827,1.57692,1.57705,1.50,1.13
2013.10.16 14:16:14.069,1.57694,1.57705,1.20,1.13
2013.10.16 14:16:14.607,1.57694,1.57706,1.95,1.20
2013.10.16 14:16:14.667,1.57695,1.57709,1.50,1.13
2013.10.16 14:16:14.966,1.57704,1.57712,1.09,1.20
2013.10.16 14:16:15.506,1.57704,1.57717,1.99,1.13
2013.10.16 14:16:15.686,1.57704,1.57717,2.33,1.13
2013.10.16 14:16:15.807,1.577,1.57709,1.20,1.13
2013.10.16 14:16:15.926,1.57694,1.57708,1.58,1.58
2013.10.16 14:16:16.227,1.57691,1.57706,1.65,1.77
2013.10.16 14:16:16.347,1.5769,1.57701,2.70,1.13
2013.10.16 14:16:16.406,1.57692,1.57702,1.95,1.13
2013.10.16 14:16:16.766,1.5769,1.57705,2.03,1.28
2013.10.16 14:16:17.287,1.5769,1.57704,1.65,1.95
2013.10.16 14:16:17.676,1.57696,1.57704,1.13,1.20
2013.10.16 14:16:17.737,1.57701,1.57708,1.50,1.13
2013.10.16 14:16:17.856,1.57702,1.5771,1.50,1.13
2013.10.16 14:16:18.096,1.57702,1.57714,1.50,1.28
2013.10.16 14:16:18.397,1.57698,1.57708,2.40,1.32
2013.10.16 14:16:18.457,1.57698,1.57706,1.58,1.13
2013.10.16 14:16:18.518,1.57698,1.57706,1.50,2.25
2013.10.16 14:16:18.577,1.57695,1.57706,1.02,2.25
2013.10.16 14:16:18.638,1.57692,1.57705,1.84,1.13
2013.10.16 14:16:18.757,1.57691,1.57706,1.69,2.33
2013.10.16 14:16:18.819,1.57691,1.57706,1.50,2.33
2013.10.16 14:16:18.887,1.57695,1.57707,1.50,2.25
2013.10.16 14:16:18.947,1.57694,1.57706,1.50,1.28
2013.10.16 14:16:19.007,1.57694,1.57704,1.50,1.20
2013.10.16 14:16:19.187,1.57692,1.57702,1.50,1.13
2013.10.16 14:16:19.247,1.57689,1.57702,1.58,1.20
2013.10.16 14:16:19.666,1.57685,1.577,1.99,1.28
2013.10.16 14:16:19.786,1.57684,1.57696,1.58,1.39
2013.10.16 14:16:19.967,1.57679,1.57695,3.08,1.58
2013.10.16 14:16:20.027,1.57679,1.57693,1.65,1.13
2013.10.16 14:16:20.207,1.57679,1.57694,2.40,1.20
2013.10.16 14:16:20.326,1.57679,1.57692,1.65,1.13
2013.10.16 14:16:20.567,1.57679,1.57692,1.58,2.03
2013.10.16 14:16:20.626,1.57676,1.57691,2.33,1.50
2013.10.16 14:16:20.747,1.57681,1.57693,1.02,1.58
2013.10.16 14:16:21.106,1.57685,1.577,1.58,1.50
2013.10.16 14:16:21.833,1.57683,1.57695,1.02,1.13
2013.10.16 14:16:21.902,1.57684,1.57696,1.50,1.20
2013.10.16 14:16:22.772,1.57681,1.57696,3.15,2.70
2013.10.16 14:16:22.957,1.57681,1.57694,2.03,1.88
2013.10.16 14:16:23.078,1.57682,1.57691,1.88,1.13
2013.10.16 14:16:23.138,1.57682,1.57692,1.13,1.13
2013.10.16 14:16:23.199,1.57682,1.57691,1.50,1.13
2013.10.16 14:16:23.509,1.5768,1.57694,3.00,1.95
2013.10.16 14:16:23.868,1.5768,1.57685,1.88,1.13
2013.10.16 14:16:24.048,1.57676,1.57686,1.05,2.63
2013.10.16 14:16:24.170,1.57675,1.57686,1.13,1.20
2013.10.16 14:16:24.297,1.57673,1.57687,2.03,1.95
2013.10.16 14:16:24.538,1.57676,1.57691,1.58,3.83
2013.10.16 14:16:24.897,1.57676,1.57689,1.50,1.47
2013.10.16 14:16:24.956,1.57674,1.57686,1.58,1.50
2013.10.16 14:16:25.198,1.57672,1.57686,1.65,2.70
2013.10.16 14:16:25.496,1.57677,1.57685,1.50,1.13
2013.10.16 14:16:25.797,1.57679,1.57686,2.25,1.13
2013.10.16 14:16:25.860,1.57679,1.57689,2.25,1.20
2013.10.16 14:16:26.290,1.57679,1.57691,2.70,2.25
2013.10.16 14:16:26.417,1.57679,1.57691,1.58,1.13
2013.10.16 14:16:26.478,1.57676,1.57689,2.40,1.20
2013.10.16 14:16:27.018,1.57677,1.5769,1.50,1.28
2013.10.16 14:16:27.139,1.57683,1.57695,1.69,1.20
2013.10.16 14:16:27.257,1.57686,1.57698,1.58,1.50
2013.10.16 14:16:27.377,1.57686,1.57698,2.33,1.13
2013.10.16 14:16:27.738,1.57688,1.57699,1.58,1.88
2013.10.16 14:16:27.919,1.57693,1.57706,1.84,2.33
2013.10.16 14:16:27.987,1.57695,1.57706,1.50,2.33
2013.10.16 14:16:28.048,1.57695,1.57706,1.50,1.58
2013.10.16 14:16:28.107,1.57693,1.57706,1.02,1.58
2013.10.16 14:16:28.167,1.57693,1.57704,1.02,1.58
2013.10.16 14:16:28.466,1.5769,1.57701,1.65,1.13
2013.10.16 14:16:28.647,1.57691,1.57702,1.58,1.13
2013.10.16 14:16:28.947,1.57689,1.57699,1.58,1.13
2013.10.16 14:16:29.007,1.57687,1.57699,1.65,1.13
2013.10.16 14:16:29.897,1.57689,1.57701,1.13,1.65
2013.10.16 14:16:29.958,1.5769,1.57701,1.50,1.65
2013.10.16 14:16:30.137,1.57691,1.57702,2.25,1.20
2013.10.16 14:16:30.617,1.57689,1.577,1.58,1.13
2013.10.16 14:16:31.140,1.57689,1.577,1.50,1.13
2013.10.16 14:16:31.667,1.57689,1.577,1.88,1.13
2013.10.16 14:16:31.727,1.5769,1.57702,1.50,1.28
2013.10.16 14:16:32.030,1.57694,1.57703,1.50,1.50
2013.10.16 14:16:32.279,1.57694,1.57706,1.50,1.58
2013.10.16 14:16:32.337,1.57694,1.57705,1.50,1.13
2013.10.16 14:16:32.697,1.57695,1.57709,1.54,1.28
2013.10.16 14:16:32.757,1.57697,1.57711,1.95,2.03
2013.10.16 14:16:33.237,1.57699,1.57711,1.13,2.03
2013.10.16 14:16:33.666,1.57699,1.57711,1.88,2.03
2013.10.16 14:16:33.786,1.57699,1.57711,2.03,1.88
2013.10.16 14:16:34.518,1.57701,1.57713,1.50,1.20
2013.10.16 14:16:34.638,1.57701,1.57713,1.69,1.20
2013.10.16 14:16:34.697,1.57703,1.57713,1.84,1.20
2013.10.16 14:16:34.999,1.57709,1.57717,2.25,1.20
2013.10.16 14:16:35.297,1.57709,1.5772,1.50,1.13
2013.10.16 14:16:35.417,1.57708,1.57722,2.67,1.28
2013.10.16 14:16:35.657,1.57708,1.57722,2.25,1.58
2013.10.16 14:16:36.551,1.5771,1.57722,1.13,1.58
2013.10.16 14:16:37.096,1.5771,1.57724,1.58,2.03
2013.10.16 14:16:37.350,1.57714,1.57724,1.50,1.28
2013.10.16 14:16:37.657,1.57723,1.57737,1.88,1.50
2013.10.16 14:16:37.776,1.57726,1.57739,1.28,1.50
2013.10.16 14:16:37.837,1.57726,1.57738,1.28,1.13
2013.10.16 14:16:38.136,1.57727,1.57738,3.08,1.13
2013.10.16 14:16:38.439,1.57739,1.57746,1.13,1.50
2013.10.16 14:16:38.796,1.57736,1.5775,1.20,2.33
2013.10.16 14:16:38.976,1.57735,1.57748,2.63,1.09
2013.10.16 14:16:39.156,1.57736,1.57751,1.13,2.33
2013.10.16 14:16:39.217,1.57736,1.57748,1.13,1.02
2013.10.16 14:16:39.756,1.57736,1.57748,1.88,1.02
2013.10.16 14:16:39.937,1.57735,1.57748,1.58,1.77
2013.10.16 14:16:40.297,1.57731,1.57742,1.13,1.28
2013.10.16 14:16:41.013,1.57738,1.57746,1.13,1.13
2013.10.16 14:16:41.083,1.57737,1.57746,1.13,1.65
2013.10.16 14:16:41.507,1.57734,1.57744,1.13,1.20
2013.10.16 14:16:41.627,1.57732,1.57744,1.50,1.28
2013.10.16 14:16:41.867,1.57733,1.57747,1.50,2.07
2013.10.16 14:16:42.168,1.57744,1.57753,1.50,1.28
2013.10.16 14:16:42.288,1.57745,1.57755,1.13,1.20
2013.10.16 14:16:42.467,1.57744,1.57755,1.88,1.20
2013.10.16 14:16:42.737,1.57744,1.57755,1.50,1.58
2013.10.16 14:16:43.637,1.57743,1.57754,1.50,1.28
2013.10.16 14:16:43.697,1.57743,1.57755,1.50,1.65
2013.10.16 14:16:43.758,1.57739,1.57751,1.58,1.50
2013.10.16 14:16:43.817,1.57737,1.5775,2.44,1.88
2013.10.16 14:16:44.298,1.57736,1.57749,2.63,1.58
2013.10.16 14:16:44.597,1.57734,1.57746,2.25,1.20
2013.10.16 14:16:44.658,1.57733,1.57747,2.63,3.08
2013.10.16 14:16:45.017,1.57732,1.57746,1.13,1.58
2013.10.16 14:16:45.557,1.57731,1.57744,1.13,2.52
2013.10.16 14:16:45.736,1.57728,1.5774,1.50,1.47
2013.10.16 14:16:45.797,1.57726,1.57738,1.95,1.13
2013.10.16 14:16:46.036,1.57724,1.57737,2.25,1.58
2013.10.16 14:16:46.839,1.57724,1.57734,1.50,1.28
2013.10.16 14:16:47.326,1.57722,1.57735,1.20,1.20
2013.10.16 14:16:47.567,1.57717,1.57732,1.28,1.95
2013.10.16 14:16:48.346,1.57717,1.5773,1.20,1.20
2013.10.16 14:16:48.888,1.57717,1.57728,1.13,1.28
2013.10.16 14:16:49.607,1.57717,1.57729,1.32,1.20
2013.10.16 14:16:49.726,1.57722,1.57731,1.88,1.65
2013.10.16 14:16:49.846,1.57722,1.57732,2.14,1.20
2013.10.16 14:16:49.966,1.57724,1.57736,1.88,2.40
2013.10.16 14:16:50.087,1.57724,1.57736,1.95,1.20
2013.10.16 14:16:50.208,1.57722,1.57736,1.65,1.13
2013.10.16 14:16:50.448,1.57718,1.5773,2.63,1.28
2013.10.16 14:16:51.000,1.57716,1.57729,1.50,1.28
2013.10.16 14:16:52.064,1.5773,1.57736,1.13,1.50
2013.10.16 14:16:52.200,1.5773,1.57736,1.20,1.50
2013.10.16 14:16:52.381,1.5773,1.57741,1.13,1.95
2013.10.16 14:16:54.287,1.5773,1.57741,1.28,1.13
2013.10.16 14:16:54.866,1.5773,1.57741,1.28,1.88
2013.10.16 14:16:56.108,1.57729,1.5774,2.40,1.13
2013.10.16 14:16:56.228,1.57728,1.57739,1.20,1.50
2013.10.16 14:16:56.838,1.57728,1.57737,1.13,1.50
2013.10.16 14:16:57.319,1.57728,1.57739,2.03,1.32
2013.10.16 14:16:57.437,1.57726,1.57737,1.88,1.65
2013.10.16 14:16:57.497,1.57726,1.57737,1.13,1.95
2013.10.16 14:16:57.557,1.57727,1.57737,1.50,1.88
2013.10.16 14:16:58.037,1.57725,1.57741,2.40,1.84
2013.10.16 14:16:58.159,1.57723,1.57734,1.50,1.65
2013.10.16 14:16:58.277,1.57726,1.57736,1.50,1.50
2013.10.16 14:16:58.397,1.57723,1.57736,1.65,1.50
2013.10.16 14:16:58.458,1.57725,1.57738,1.50,1.65
2013.10.16 14:16:59.057,1.57726,1.57738,1.88,1.65
2013.10.16 14:17:01.116,1.57726,1.57736,1.88,1.50
2013.10.16 14:17:01.238,1.57726,1.57736,1.50,1.50
2013.10.16 14:17:01.749,1.57725,1.57737,1.20,1.02
2013.10.16 14:17:02.949,1.57724,1.57737,2.78,1.02
2013.10.16 14:17:03.667,1.57724,1.57738,2.03,1.69
2013.10.16 14:17:04.197,1.57724,1.57736,1.20,1.50
2013.10.16 14:17:05.416,1.57725,1.57739,1.88,1.65
2013.10.16 14:17:08.970,1.57727,1.57739,1.13,1.13
2013.10.16 14:17:09.097,1.57726,1.57739,1.28,1.50
2013.10.16 14:17:10.546,1.57728,1.57739,1.58,1.13
2013.10.16 14:17:10.907,1.5773,1.57741,1.28,1.50
2013.10.16 14:17:10.968,1.5773,1.57742,1.28,1.13
2013.10.16 14:17:11.487,1.5773,1.57744,1.28,1.50
2013.10.16 14:17:12.447,1.5773,1.57744,1.28,1.50
2013.10.16 14:17:12.992,1.57731,1.57744,1.28,1.50
2013.10.16 14:17:13.279,1.57731,1.57743,1.28,1.13
2013.10.16 14:17:13.836,1.57731,1.57743,1.13,1.20
2013.10.16 14:17:13.956,1.57731,1.57742,1.13,1.13
2013.10.16 14:17:14.317,1.5773,1.57746,2.14,1.95
2013.10.16 14:17:14.977,1.5773,1.5774,1.20,1.50
2013.10.16 14:17:15.055,1.57726,1.57737,2.40,2.07
2013.10.16 14:17:15.631,1.57727,1.57739,3.15,1.13
2013.10.16 14:17:15.817,1.57729,1.57742,1.50,2.03
2013.10.16 14:17:15.877,1.5773,1.57743,1.50,2.40
2013.10.16 14:17:15.996,1.57731,1.57744,1.09,1.95
2013.10.16 14:17:16.297,1.57733,1.57745,1.50,1.58
2013.10.16 14:17:16.774,1.57734,1.57747,3.08,1.20
2013.10.16 14:17:16.898,1.57733,1.57747,1.50,2.78
2013.10.16 14:17:17.197,1.57734,1.57747,1.50,1.65
2013.10.16 14:17:17.400,1.57733,1.57747,1.65,2.78
2013.10.16 14:17:18.320,1.57734,1.57747,1.58,2.03
2013.10.16 14:17:18.867,1.57736,1.57749,1.50,2.33
2013.10.16 14:17:19.427,1.57734,1.57748,2.70,1.50
2013.10.16 14:17:19.607,1.57733,1.57746,1.58,1.58
2013.10.16 14:17:20.225,1.57733,1.57746,1.58,2.33
2013.10.16 14:17:20.947,1.57733,1.57746,1.58,1.58
2013.10.16 14:17:21.248,1.57734,1.57747,1.13,2.40
2013.10.16 14:17:21.607,1.57734,1.57746,1.13,1.20
2013.10.16 14:17:21.667,1.57734,1.57747,1.13,1.65
2013.10.16 14:17:22.027,1.57734,1.57745,1.13,1.50
2013.10.16 14:17:22.147,1.57734,1.57744,1.13,1.50
2013.10.16 14:17:23.808,1.57734,1.57745,1.13,1.50
2013.10.16 14:17:24.168,1.57739,1.57752,1.13,2.40
2013.10.16 14:17:24.287,1.57739,1.57751,1.13,1.65
2013.10.16 14:17:24.466,1.57735,1.57746,1.09,1.13
2013.10.16 14:17:24.706,1.57734,1.57746,1.13,2.40
2013.10.16 14:17:25.332,1.57733,1.57746,1.95,2.33
2013.10.16 14:17:26.687,1.5773,1.57744,1.65,1.13
2013.10.16 14:17:27.097,1.5773,1.57744,1.65,1.88
2013.10.16 14:17:27.458,1.57731,1.57743,1.65,1.13
2013.10.16 14:17:27.577,1.57729,1.57742,1.95,1.13
2013.10.16 14:17:27.702,1.57728,1.5774,1.65,1.50
2013.10.16 14:17:27.767,1.57729,1.57743,2.33,1.28
2013.10.16 14:17:27.946,1.57729,1.57743,3.83,1.20
2013.10.16 14:17:28.466,1.57729,1.57744,4.28,1.95
2013.10.16 14:17:28.587,1.57731,1.57744,1.58,1.95
2013.10.16 14:17:29.107,1.5773,1.57743,1.65,1.13
2013.10.16 14:17:29.536,1.5773,1.57744,1.65,1.95
2013.10.16 14:17:29.838,1.57739,1.57747,1.13,1.13
2013.10.16 14:17:30.378,1.5774,1.57751,1.50,1.58
2013.10.16 14:17:30.802,1.57737,1.57751,1.13,2.03
2013.10.16 14:17:30.868,1.57736,1.57749,1.95,1.58
2013.10.16 14:17:31.227,1.57733,1.57746,1.20,2.25
2013.10.16 14:17:31.468,1.57734,1.57747,1.50,1.47
2013.10.16 14:17:31.769,1.57735,1.57747,1.69,1.84
2013.10.16 14:17:32.126,1.57734,1.57747,3.04,1.58
2013.10.16 14:17:32.187,1.57734,1.57747,1.92,1.58
2013.10.16 14:17:32.247,1.57734,1.57747,1.17,1.58
2013.10.16 14:17:32.366,1.57734,1.57744,1.17,2.82
2013.10.16 14:17:32.427,1.57731,1.57742,1.28,1.88
2013.10.16 14:17:32.487,1.57726,1.57737,2.40,1.50
2013.10.16 14:17:32.607,1.57723,1.57736,2.70,1.50
2013.10.16 14:17:32.667,1.57723,1.57736,1.65,1.50
2013.10.16 14:17:33.027,1.57725,1.57737,1.13,1.20
2013.10.16 14:17:33.266,1.57724,1.57736,1.13,1.65
2013.10.16 14:17:33.866,1.57724,1.57737,2.63,1.20
2013.10.16 14:17:34.717,1.57725,1.57737,1.13,1.20
2013.10.16 14:17:34.837,1.57725,1.57736,1.13,2.33
2013.10.16 14:17:35.200,1.57724,1.57736,1.88,1.58
2013.10.16 14:17:35.378,1.57728,1.5774,1.88,1.65
2013.10.16 14:17:35.948,1.57737,1.57748,1.13,2.14
2013.10.16 14:17:36.070,1.57734,1.57746,2.03,1.13
2013.10.16 14:17:36.137,1.57734,1.57748,1.58,2.07
2013.10.16 14:17:36.197,1.57734,1.57748,1.28,2.14
2013.10.16 14:17:36.256,1.57734,1.57747,1.28,1.69
2013.10.16 14:17:36.617,1.5773,1.57745,1.58,1.69
2013.10.16 14:17:37.047,1.57728,1.57736,1.13,1.50
2013.10.16 14:17:37.407,1.57725,1.57736,1.50,1.80
2013.10.16 14:17:37.468,1.57722,1.57735,1.13,1.47
2013.10.16 14:17:37.657,1.5772,1.57736,2.89,2.52
2013.10.16 14:17:38.018,1.57709,1.57719,1.95,1.13
2013.10.16 14:17:38.077,1.57709,1.57718,1.77,1.13
2013.10.16 14:17:38.137,1.57708,1.57718,1.69,1.13
2013.10.16 14:17:38.377,1.57706,1.57717,1.50,1.28
2013.10.16 14:17:38.737,1.57705,1.57715,1.50,2.25
2013.10.16 14:17:38.796,1.57705,1.57718,2.25,1.28
2013.10.16 14:17:39.157,1.57705,1.57716,1.13,1.02
2013.10.16 14:17:39.216,1.57707,1.57718,1.13,1.65
2013.10.16 14:17:39.708,1.5771,1.57721,1.13,1.20
2013.10.16 14:17:39.767,1.5771,1.57722,1.13,1.95
2013.10.16 14:17:40.310,1.5771,1.5772,1.50,1.58
2013.10.16 14:17:40.367,1.57708,1.57719,1.32,1.13
2013.10.16 14:17:40.427,1.57708,1.5772,1.32,2.25
2013.10.16 14:17:40.546,1.57706,1.5772,1.13,1.65
2013.10.16 14:17:40.967,1.5771,1.5772,1.20,1.20
2013.10.16 14:17:41.327,1.57711,1.57722,1.88,1.13
2013.10.16 14:17:41.807,1.57712,1.57724,1.88,1.20
2013.10.16 14:17:42.109,1.57711,1.57722,1.58,1.32
2013.10.16 14:17:42.288,1.5771,1.57721,1.28,1.32
2013.10.16 14:17:42.857,1.57709,1.57722,2.03,2.44
2013.10.16 14:17:42.977,1.57706,1.57719,1.95,1.13
2013.10.16 14:17:43.339,1.57705,1.57716,1.50,1.62
2013.10.16 14:17:43.698,1.57705,1.57718,1.50,1.58
2013.10.16 14:17:43.757,1.57704,1.57719,2.44,1.13
2013.10.16 14:17:43.937,1.57705,1.5772,1.50,3.42
2013.10.16 14:17:44.967,1.57705,1.57718,1.50,1.88
2013.10.16 14:17:45.088,1.57705,1.57718,1.50,1.28
2013.10.16 14:17:45.327,1.57705,1.5772,2.63,2.63
2013.10.16 14:17:45.388,1.57706,1.5772,1.50,2.03
2013.10.16 14:17:45.687,1.57706,1.57721,2.63,2.33
2013.10.16 14:17:46.364,1.5771,1.57723,1.13,1.58
2013.10.16 14:17:46.750,1.5771,1.57721,1.13,2.33
2013.10.16 14:17:47.057,1.57698,1.5771,1.50,1.50
2013.10.16 14:17:47.117,1.57694,1.5771,2.63,1.88
2013.10.16 14:17:47.417,1.5769,1.57706,1.65,1.77
2013.10.16 14:17:47.657,1.57694,1.57707,1.50,1.47
2013.10.16 14:17:48.137,1.57696,1.57707,1.50,1.58
2013.10.16 14:17:48.618,1.57696,1.57708,1.50,1.20
2013.10.16 14:17:48.858,1.57696,1.57708,2.25,1.20
2013.10.16 14:17:48.979,1.57698,1.57709,1.88,1.50
2013.10.16 14:17:49.228,1.57703,1.57714,1.50,1.28
2013.10.16 14:17:49.288,1.57706,1.57715,1.13,1.20
2013.10.16 14:17:49.527,1.57701,1.57713,1.13,1.65
2013.10.16 14:17:49.587,1.577,1.57711,1.13,1.50
2013.10.16 14:17:49.648,1.57698,1.5771,2.33,1.20
2013.10.16 14:17:50.008,1.57707,1.57714,1.50,1.20
2013.10.16 14:17:50.308,1.57709,1.57718,1.32,1.65
2013.10.16 14:17:50.428,1.57711,1.57719,1.13,1.20
2013.10.16 14:17:50.489,1.57711,1.57721,1.13,1.65
2013.10.16 14:17:50.907,1.57712,1.57722,1.50,1.65
2013.10.16 14:17:51.207,1.57714,1.57727,1.13,1.28
2013.10.16 14:17:51.829,1.57709,1.57724,2.33,1.02
2013.10.16 14:17:51.889,1.57709,1.57723,1.13,1.95
2013.10.16 14:17:52.208,1.57712,1.57725,1.50,1.77
2013.10.16 14:17:52.750,1.57713,1.57725,1.50,1.09
2013.10.16 14:17:52.930,1.57715,1.57725,1.13,1.09
2013.10.16 14:17:53.058,1.57711,1.57725,2.03,1.02
2013.10.16 14:17:53.296,1.5771,1.57722,1.50,1.20
2013.10.16 14:17:53.417,1.57708,1.57722,1.95,2.44
2013.10.16 14:17:53.777,1.57707,1.57719,1.13,1.20
2013.10.16 14:17:54.527,1.57708,1.57719,1.13,1.20
2013.10.16 14:17:55.077,1.57708,1.57719,1.13,1.13
2013.10.16 14:17:55.437,1.57712,1.57726,1.20,1.13
2013.10.16 14:17:55.557,1.57712,1.57729,1.65,3.83
2013.10.16 14:17:56.409,1.57723,1.57736,1.84,1.13
2013.10.16 14:17:56.480,1.57719,1.57734,1.88,1.02
2013.10.16 14:17:56.806,1.57719,1.57734,1.88,1.02
2013.10.16 14:17:57.166,1.57722,1.57736,1.50,2.03
2013.10.16 14:17:57.227,1.57722,1.57736,2.25,1.28
2013.10.16 14:17:58.328,1.57723,1.57739,2.25,1.13
2013.10.16 14:17:58.686,1.57726,1.5774,1.13,2.78
2013.10.16 14:17:58.867,1.57726,1.5774,1.13,2.03
2013.10.16 14:17:58.927,1.57726,1.5774,1.13,2.03
2013.10.16 14:17:59.408,1.57727,1.5774,1.88,1.88
2013.10.16 14:17:59.709,1.57729,1.57742,1.13,2.63
2013.10.16 14:17:59.948,1.57729,1.57742,1.13,2.03
2013.10.16 14:18:00.007,1.57729,1.57742,1.13,2.03
2013.10.16 14:18:00.127,1.57729,1.57742,1.13,2.78
2013.10.16 14:18:00.247,1.57729,1.57742,1.13,4.28
2013.10.16 14:18:00.427,1.57726,1.57739,1.32,1.95
2013.10.16 14:18:00.787,1.57724,1.57738,3.57,1.28
2013.10.16 14:18:00.906,1.57724,1.57739,2.25,1.88
2013.10.16 14:18:01.446,1.57724,1.57738,2.25,1.20
2013.10.16 14:18:01.687,1.57724,1.57738,2.25,3.08
2013.10.16 14:18:02.947,1.57724,1.57738,2.07,2.78
2013.10.16 14:18:03.138,1.57725,1.57738,1.88,2.03
2013.10.16 14:18:03.376,1.57725,1.5774,1.58,1.28
2013.10.16 14:18:03.888,1.57726,1.57741,1.69,1.20
2013.10.16 14:18:05.417,1.57724,1.57737,3.15,1.13
2013.10.16 14:18:05.956,1.57724,1.57736,1.88,1.65
2013.10.16 14:18:06.909,1.57724,1.57738,2.63,1.95
2013.10.16 14:18:07.529,1.57724,1.57738,2.25,1.39
2013.10.16 14:18:07.602,1.57724,1.57736,1.50,2.03
2013.10.16 14:18:07.848,1.57719,1.57733,3.00,1.88
2013.10.16 14:18:08.387,1.57717,1.5773,1.50,1.28
2013.10.16 14:18:08.567,1.57715,1.5773,1.65,1.28
2013.10.16 14:18:08.749,1.57715,1.5773,1.58,1.58
2013.10.16 14:18:09.307,1.57714,1.57729,3.38,1.95
2013.10.16 14:18:10.119,1.57715,1.57729,1.88,1.20
2013.10.16 14:18:10.677,1.57715,1.57729,1.88,1.20
2013.10.16 14:18:10.998,1.57719,1.57729,1.50,1.20
2013.10.16 14:18:13.907,1.57717,1.57728,1.50,1.65
2013.10.16 14:18:14.987,1.57715,1.57728,2.63,2.03
2013.10.16 14:18:17.797,1.57715,1.57728,1.50,1.95
2013.10.16 14:18:19.259,1.57716,1.57726,1.50,1.28
2013.10.16 14:18:19.882,1.57712,1.57724,1.50,2.33
2013.10.16 14:18:20.427,1.57712,1.57723,1.50,1.28
2013.10.16 14:18:21.166,1.5771,1.57723,2.22,1.65
2013.10.16 14:18:21.346,1.57713,1.57724,1.50,1.88
2013.10.16 14:18:21.467,1.57713,1.57724,1.50,1.13
2013.10.16 14:18:21.532,1.57711,1.57724,2.25,1.28
2013.10.16 14:18:22.057,1.57711,1.57723,1.50,1.28
2013.10.16 14:18:22.358,1.57716,1.57724,2.33,1.13
2013.10.16 14:18:22.897,1.57716,1.57728,1.65,1.13
2013.10.16 14:18:23.136,1.57715,1.57728,1.58,1.20
2013.10.16 14:18:24.367,1.57715,1.57729,1.95,1.50
2013.10.16 14:18:24.428,1.57715,1.57729,2.70,1.50
2013.10.16 14:18:24.488,1.57717,1.57729,1.65,1.13
2013.10.16 14:18:24.787,1.57717,1.57732,1.65,1.65
2013.10.16 14:18:24.907,1.57717,1.57732,1.95,1.50
2013.10.16 14:18:25.377,1.57717,1.57731,1.95,1.50
2013.10.16 14:18:25.897,1.57717,1.57729,1.88,1.13
2013.10.16 14:18:26.077,1.57714,1.57726,1.13,1.13
2013.10.16 14:18:26.136,1.57713,1.57726,1.58,1.39
2013.10.16 14:18:26.696,1.57711,1.57725,1.28,1.69
2013.10.16 14:18:26.819,1.57715,1.57727,1.58,1.02
2013.10.16 14:18:26.997,1.57718,1.5773,2.33,1.50
2013.10.16 14:18:27.056,1.57718,1.57733,3.08,2.40
2013.10.16 14:18:27.177,1.57718,1.57733,3.45,1.13
2013.10.16 14:18:27.297,1.57718,1.57726,2.63,1.13
2013.10.16 14:18:27.477,1.57716,1.57727,1.50,1.95
2013.10.16 14:18:27.537,1.57717,1.57731,1.50,1.88
2013.10.16 14:18:27.597,1.57718,1.5773,2.25,1.13
2013.10.16 14:18:27.657,1.57718,1.57731,2.40,1.13
2013.10.16 14:18:27.956,1.5772,1.57733,3.15,1.32
2013.10.16 14:18:28.257,1.57715,1.57728,1.88,1.65
2013.10.16 14:18:28.559,1.57714,1.57728,2.33,2.40
2013.10.16 14:18:29.178,1.57714,1.57726,2.33,1.13
2013.10.16 14:18:30.160,1.57714,1.57726,2.33,1.13
2013.10.16 14:18:31.297,1.57714,1.57723,2.33,1.13
2013.10.16 14:18:31.850,1.57712,1.57723,1.28,1.13
2013.10.16 14:18:32.388,1.57713,1.57723,1.28,1.13
2013.10.16 14:18:32.747,1.57719,1.5773,1.13,2.63
2013.10.16 14:18:32.807,1.57719,1.5773,1.88,1.13
2013.10.16 14:18:32.867,1.5772,1.57731,1.13,1.13
2013.10.16 14:18:33.107,1.57721,1.57731,1.65,1.13
2013.10.16 14:18:33.287,1.57724,1.57736,3.00,1.28
2013.10.16 14:18:33.826,1.57724,1.57737,1.58,1.20
2013.10.16 14:18:34.547,1.5772,1.57733,1.13,2.07
2013.10.16 14:18:34.607,1.57718,1.57729,2.70,1.13
2013.10.16 14:18:34.727,1.57718,1.57729,2.40,1.13
2013.10.16 14:18:35.317,1.57719,1.57729,1.58,1.13
2013.10.16 14:18:35.438,1.5772,1.57729,1.50,1.13
2013.10.16 14:18:35.617,1.57721,1.57733,1.20,1.32
2013.10.16 14:18:36.277,1.57722,1.57736,1.13,1.65
2013.10.16 14:18:36.517,1.57723,1.57736,1.20,1.20
2013.10.16 14:18:36.891,1.57724,1.57737,2.70,1.20
2013.10.16 14:18:36.956,1.57726,1.57738,1.88,1.28
2013.10.16 14:18:37.377,1.57726,1.57738,1.50,1.65
2013.10.16 14:18:37.496,1.57724,1.57736,1.20,1.32
2013.10.16 14:18:37.557,1.57723,1.57735,1.95,3.38
2013.10.16 14:18:37.737,1.57715,1.57729,2.59,1.17
2013.10.16 14:18:37.857,1.57715,1.57728,2.33,1.35
2013.10.16 14:18:37.977,1.57715,1.57726,1.58,1.20
2013.10.16 14:18:38.336,1.57716,1.57726,1.13,1.32
2013.10.16 14:18:38.637,1.57719,1.57729,1.39,1.13
2013.10.16 14:18:38.817,1.57727,1.57739,1.88,2.25
2013.10.16 14:18:38.877,1.57727,1.57741,1.95,1.77
2013.10.16 14:18:38.937,1.57727,1.57741,1.95,1.47
2013.10.16 14:18:39.056,1.57727,1.57741,1.58,1.84
2013.10.16 14:18:39.685,1.57727,1.57741,1.50,2.14
2013.10.16 14:18:40.348,1.57726,1.57738,2.25,1.95
2013.10.16 14:18:40.467,1.57725,1.57737,1.50,1.09
2013.10.16 14:18:40.827,1.57726,1.57737,1.13,1.09
2013.10.16 14:18:43.657,1.57728,1.5774,1.32,1.58
2013.10.16 14:18:44.017,1.57731,1.57742,1.65,1.32
2013.10.16 14:18:44.078,1.57732,1.57742,1.65,1.32
2013.10.16 14:18:45.818,1.57732,1.57741,1.20,1.13
2013.10.16 14:18:46.238,1.57728,1.57739,1.13,1.20
2013.10.16 14:18:46.897,1.57727,1.57741,1.13,2.59
2013.10.16 14:18:46.958,1.57731,1.57743,2.25,1.13
2013.10.16 14:18:47.078,1.57734,1.57745,1.50,1.28
2013.10.16 14:18:47.138,1.57734,1.57745,1.69,1.20
2013.10.16 14:18:47.438,1.57735,1.57749,2.22,3.00
2013.10.16 14:18:47.497,1.57735,1.57749,2.22,2.25
2013.10.16 14:18:47.679,1.57737,1.57752,1.58,1.28
2013.10.16 14:18:47.858,1.57737,1.57751,1.58,1.28
2013.10.16 14:18:48.037,1.57737,1.57751,1.20,1.28
2013.10.16 14:18:48.217,1.57734,1.57749,3.08,1.88
2013.10.16 14:18:48.636,1.57737,1.57749,1.20,1.13
2013.10.16 14:18:48.697,1.57739,1.57754,2.52,1.58
2013.10.16 14:18:48.817,1.57741,1.57755,1.58,1.28
2013.10.16 14:18:48.938,1.57739,1.57748,2.40,1.32
2013.10.16 14:18:49.177,1.57737,1.57746,1.65,1.13
2013.10.16 14:18:49.422,1.57735,1.57746,1.65,1.13
2013.10.16 14:18:53.660,1.57737,1.57751,1.58,1.84
2013.10.16 14:18:53.926,1.57737,1.57752,1.58,2.40
2013.10.16 14:18:54.420,1.57739,1.57752,1.65,1.50
2013.10.16 14:18:54.786,1.57737,1.57751,3.00,1.69
2013.10.16 14:18:54.846,1.57737,1.57751,2.40,1.69
2013.10.16 14:18:55.730,1.5774,1.57752,1.50,1.58
2013.10.16 14:18:55.788,1.57741,1.57752,1.58,1.50
2013.10.16 14:18:56.089,1.57748,1.5776,1.13,1.28
2013.10.16 14:18:56.524,1.57747,1.57761,2.70,1.32
2013.10.16 14:18:57.236,1.5775,1.57761,1.58,1.32
2013.10.16 14:18:57.927,1.57746,1.57756,2.25,1.32
2013.10.16 14:18:57.987,1.57746,1.57756,1.65,1.32
2013.10.16 14:18:58.166,1.57746,1.57757,1.50,2.14
2013.10.16 14:18:58.408,1.57744,1.57755,3.45,1.13
2013.10.16 14:18:58.767,1.57744,1.57753,1.88,1.13
2013.10.16 14:18:59.128,1.5775,1.57756,1.50,1.13
2013.10.16 14:18:59.306,1.57744,1.57752,3.15,1.13
2013.10.16 14:18:59.668,1.57746,1.57756,1.50,1.09
2013.10.16 14:18:59.729,1.57745,1.57752,1.50,1.13
2013.10.16 14:18:59.847,1.57741,1.57752,1.65,1.13
2013.10.16 14:19:00.027,1.57744,1.57756,1.50,2.22
2013.10.16 14:19:00.627,1.57742,1.57753,1.50,1.09
2013.10.16 14:19:00.749,1.5774,1.57751,2.25,1.13
2013.10.16 14:19:01.287,1.57739,1.57751,1.58,1.13
2013.10.16 14:19:01.410,1.57739,1.57749,1.50,1.32
2013.10.16 14:19:01.537,1.57736,1.57748,1.65,2.07
2013.10.16 14:19:01.840,1.57735,1.57747,1.58,2.14
2013.10.16 14:19:01.908,1.57734,1.57746,1.58,1.13
2013.10.16 14:19:02.447,1.57733,1.57745,1.50,1.17
2013.10.16 14:19:02.996,1.57731,1.57745,2.70,1.09
2013.10.16 14:19:03.356,1.57729,1.57741,1.28,1.32
2013.10.16 14:19:03.477,1.5773,1.57742,1.58,1.69
2013.10.16 14:19:04.269,1.57732,1.57745,1.65,2.67
2013.10.16 14:19:05.316,1.57731,1.57743,1.65,1.50
2013.10.16 14:19:05.618,1.5773,1.57742,2.40,1.32
2013.10.16 14:19:06.998,1.5773,1.57743,3.15,1.13
2013.10.16 14:19:07.359,1.57735,1.57747,1.13,1.13
2013.10.16 14:19:07.537,1.57737,1.57748,1.28,1.13
2013.10.16 14:19:07.597,1.57739,1.57748,1.50,1.13
2013.10.16 14:19:07.957,1.57742,1.5775,1.13,1.13
2013.10.16 14:19:08.199,1.57742,1.57754,1.58,1.32
2013.10.16 14:19:08.322,1.57738,1.57751,1.50,1.50
2013.10.16 14:19:08.387,1.57737,1.57747,1.65,1.47
2013.10.16 14:19:08.447,1.57736,1.57747,2.70,1.47
2013.10.16 14:19:08.566,1.57736,1.57747,2.33,1.54
2013.10.16 14:19:08.687,1.57739,1.57747,1.50,1.20
2013.10.16 14:19:09.167,1.5774,1.57751,1.58,1.32
2013.10.16 14:19:09.286,1.5774,1.57753,1.58,1.95
2013.10.16 14:19:09.416,1.5774,1.57753,2.33,1.58
2013.10.16 14:19:09.481,1.57744,1.57753,1.50,1.58
2013.10.16 14:19:10.030,1.57744,1.57755,2.25,1.58
2013.10.16 14:19:10.647,1.57746,1.57755,1.50,1.13
2013.10.16 14:19:10.828,1.57746,1.57757,1.50,1.88
2013.10.16 14:19:11.136,1.57744,1.57757,2.40,1.88
2013.10.16 14:19:11.506,1.57744,1.57755,2.40,1.13
2013.10.16 14:19:11.977,1.57744,1.57754,2.40,1.13
2013.10.16 14:19:12.337,1.57743,1.57751,1.65,1.13
2013.10.16 14:19:12.637,1.57741,1.57751,2.25,1.13
2013.10.16 14:19:13.498,1.57741,1.57751,1.50,2.40
2013.10.16 14:19:13.617,1.57739,1.5775,1.50,1.28
2013.10.16 14:19:13.857,1.57741,1.5775,1.58,1.13
2013.10.16 14:19:14.216,1.57741,1.57751,2.33,1.88
2013.10.16 14:19:14.517,1.57743,1.57753,1.65,1.13
2013.10.16 14:19:16.216,1.57744,1.57757,3.08,1.58
2013.10.16 14:19:16.517,1.57746,1.5776,1.50,1.84
2013.10.16 14:19:17.056,1.57747,1.57759,2.40,1.13
2013.10.16 14:19:17.604,1.57747,1.57758,2.40,1.50
2013.10.16 14:19:17.953,1.57751,1.57758,1.50,1.13
2013.10.16 14:19:18.506,1.57751,1.57763,2.25,1.65
2013.10.16 14:19:19.806,1.57751,1.57764,2.33,1.58
2013.10.16 14:19:20.167,1.57751,1.57763,2.33,1.50
2013.10.16 14:19:20.707,1.57752,1.57762,1.13,1.50
2013.10.16 14:19:21.086,1.57751,1.57765,1.95,1.28
2013.10.16 14:19:21.642,1.57751,1.57765,2.70,1.28
2013.10.16 14:19:21.780,1.57751,1.57765,2.70,1.28
2013.10.16 14:19:21.911,1.57752,1.57765,1.50,1.28
2013.10.16 14:19:22.217,1.57757,1.5777,1.50,2.63
2013.10.16 14:19:22.337,1.5776,1.5777,1.50,1.88
2013.10.16 14:19:22.458,1.5776,1.57768,1.50,1.13
2013.10.16 14:19:22.517,1.57756,1.57768,1.65,1.84
2013.10.16 14:19:22.638,1.57753,1.57764,1.95,1.13
2013.10.16 14:19:22.757,1.57755,1.57765,1.13,1.20
2013.10.16 14:19:23.117,1.57758,1.57766,1.50,1.88
2013.10.16 14:19:23.357,1.57754,1.57766,2.70,1.20
2013.10.16 14:19:23.897,1.57755,1.57766,1.50,1.28
2013.10.16 14:19:24.507,1.57755,1.57766,1.50,1.13
2013.10.16 14:19:25.188,1.57755,1.57766,1.50,1.13
2013.10.16 14:19:25.369,1.5775,1.57757,1.58,1.13
2013.10.16 14:19:25.428,1.57746,1.57756,1.50,1.13
2013.10.16 14:19:25.557,1.57745,1.57756,2.25,1.13
2013.10.16 14:19:25.989,1.57744,1.57756,1.58,1.13
2013.10.16 14:19:26.798,1.57744,1.57756,1.58,1.13
2013.10.16 14:19:28.397,1.57744,1.57757,1.58,1.20
2013.10.16 14:19:29.397,1.57742,1.57756,3.53,1.20
2013.10.16 14:19:29.999,1.57742,1.57756,1.13,1.58
2013.10.16 14:19:30.946,1.5774,1.57753,2.70,1.20
2013.10.16 14:19:31.307,1.57739,1.57751,2.03,2.07
2013.10.16 14:19:31.809,1.57738,1.57751,2.03,2.07
2013.10.16 14:19:32.437,1.57738,1.5775,2.03,1.13
2013.10.16 14:19:33.228,1.57739,1.57749,1.28,1.50
2013.10.16 14:19:33.347,1.57739,1.57752,1.28,1.88
2013.10.16 14:19:33.407,1.57739,1.5775,1.28,1.13
2013.10.16 14:19:33.827,1.5774,1.57754,1.20,2.03
2013.10.16 14:19:34.008,1.5774,1.57755,1.20,2.03
2013.10.16 14:19:34.248,1.57738,1.57753,1.20,1.28
2013.10.16 14:19:34.547,1.57736,1.57751,2.03,1.95
2013.10.16 14:19:35.086,1.57737,1.5775,1.13,1.58
2013.10.16 14:19:35.388,1.57736,1.57749,1.13,1.65
2013.10.16 14:19:35.897,1.57736,1.57748,1.88,1.20
2013.10.16 14:19:36.428,1.57734,1.57747,2.70,1.20
2013.10.16 14:19:36.732,1.57734,1.57748,2.63,1.84
2013.10.16 14:19:36.858,1.57734,1.57747,2.63,1.28
2013.10.16 14:19:37.398,1.57736,1.57748,1.88,1.65
2013.10.16 14:19:37.756,1.57737,1.57749,1.88,1.58
2013.10.16 14:19:38.457,1.57737,1.57748,1.13,1.84
2013.10.16 14:19:39.837,1.57734,1.57749,1.88,1.58
2013.10.16 14:19:39.958,1.57733,1.57746,2.25,1.39
2013.10.16 14:19:40.318,1.57728,1.57741,1.95,2.14
2013.10.16 14:19:40.620,1.57729,1.57742,1.13,1.58
2013.10.16 14:19:41.567,1.57728,1.5774,1.13,1.28
2013.10.16 14:19:42.108,1.57726,1.5774,1.95,2.22
2013.10.16 14:19:42.406,1.57726,1.57738,1.95,1.13
2013.10.16 14:19:42.726,1.57726,1.57736,1.95,1.13
2013.10.16 14:19:42.787,1.57726,1.57738,1.95,1.13
2013.10.16 14:19:43.327,1.57729,1.57738,1.50,1.13
2013.10.16 14:19:43.797,1.57729,1.57738,1.50,1.13
2013.10.16 14:19:44.047,1.57729,1.57737,1.50,1.13
2013.10.16 14:19:44.348,1.57733,1.57742,1.50,2.03
2013.10.16 14:19:44.468,1.57732,1.57743,1.50,1.28
2013.10.16 14:19:44.707,1.57733,1.57744,1.13,2.03
2013.10.16 14:19:45.008,1.57739,1.57746,1.13,1.65
2013.10.16 14:19:45.127,1.57735,1.57745,1.13,1.13
2013.10.16 14:19:45.857,1.57735,1.57745,1.13,1.13
2013.10.16 14:19:46.397,1.57733,1.57744,1.20,1.13
2013.10.16 14:19:46.698,1.57731,1.57742,1.13,1.88
2013.10.16 14:19:48.918,1.57732,1.57743,1.13,1.20
2013.10.16 14:19:48.978,1.57734,1.57745,1.13,1.20
2013.10.16 14:19:49.098,1.57734,1.57746,1.13,1.95
2013.10.16 14:19:49.337,1.57734,1.57745,1.13,1.13
2013.10.16 14:19:49.638,1.57734,1.57746,1.13,1.20
2013.10.16 14:19:50.596,1.57736,1.57746,1.20,1.88
2013.10.16 14:19:51.192,1.57741,1.5775,1.50,1.69
2013.10.16 14:19:51.259,1.5774,1.57751,1.13,3.08
2013.10.16 14:19:51.498,1.57741,1.5775,1.50,1.50
2013.10.16 14:19:51.800,1.57742,1.57753,1.65,1.88
2013.10.16 14:19:52.170,1.57744,1.57755,1.58,1.50
2013.10.16 14:19:52.417,1.57744,1.57755,1.65,1.50
2013.10.16 14:19:52.478,1.57744,1.57756,1.65,1.50
2013.10.16 14:19:52.538,1.57745,1.57756,1.28,1.50
2013.10.16 14:19:52.958,1.57745,1.57756,1.28,2.25
2013.10.16 14:19:54.277,1.57746,1.57756,1.95,2.63
2013.10.16 14:19:55.150,1.57746,1.57753,1.13,1.50
2013.10.16 14:19:55.507,1.57739,1.57752,1.13,3.15
2013.10.16 14:19:55.626,1.57739,1.57751,1.13,1.65
2013.10.16 14:19:58.258,1.57739,1.57751,1.95,2.25
2013.10.16 14:19:59.056,1.57741,1.57751,1.13,1.58
2013.10.16 14:19:59.237,1.57739,1.57751,1.13,1.65
2013.10.16 14:19:59.297,1.57739,1.57751,1.13,2.25
2013.10.16 14:19:59.608,1.57736,1.57747,1.50,1.28
2013.10.16 14:19:59.789,1.57735,1.57747,1.13,1.28
2013.10.16 14:20:00.337,1.57736,1.57747,1.13,1.65
2013.10.16 14:20:00.461,1.57738,1.57747,1.13,2.03
2013.10.16 14:20:00.530,1.5774,1.57747,1.50,1.13
2013.10.16 14:20:00.589,1.57741,1.57751,1.13,1.13
2013.10.16 14:20:00.721,1.57744,1.57752,1.50,3.08
2013.10.16 14:20:00.788,1.57744,1.57751,1.50,1.13
2013.10.16 14:20:01.087,1.57741,1.57752,1.50,2.78
2013.10.16 14:20:01.267,1.57741,1.57751,1.88,1.95
2013.10.16 14:20:01.873,1.5774,1.5775,1.13,1.65
2013.10.16 14:20:02.119,1.57737,1.5775,1.88,1.65
2013.10.16 14:20:02.418,1.57735,1.57747,1.20,2.25
2013.10.16 14:20:03.157,1.57735,1.57747,1.13,2.78
2013.10.16 14:20:03.827,1.57735,1.57747,1.13,4.28
2013.10.16 14:20:04.179,1.57735,1.57747,1.13,3.90
2013.10.16 14:20:04.877,1.57735,1.57746,1.20,1.13
2013.10.16 14:20:04.997,1.57732,1.57742,2.33,1.50
2013.10.16 14:20:05.177,1.57734,1.57744,1.13,1.95
2013.10.16 14:20:05.417,1.57731,1.57744,1.13,1.84
2013.10.16 14:20:05.538,1.57734,1.57744,1.13,2.33
2013.10.16 14:20:05.900,1.57738,1.57746,1.13,3.53
2013.10.16 14:20:06.149,1.57737,1.57746,1.95,1.50
2013.10.16 14:20:06.271,1.57737,1.57747,1.88,1.95
2013.10.16 14:20:06.462,1.57737,1.57749,1.58,1.13
2013.10.16 14:20:06.767,1.57736,1.57748,1.05,1.95
2013.10.16 14:20:06.887,1.57734,1.57748,1.50,2.70
2013.10.16 14:20:07.066,1.57732,1.57748,1.65,2.70
2013.10.16 14:20:07.427,1.57733,1.57747,1.77,2.03
2013.10.16 14:20:07.548,1.57734,1.57747,1.88,2.03
2013.10.16 14:20:07.667,1.57733,1.57746,1.58,1.65
2013.10.16 14:20:08.087,1.57733,1.57746,1.02,1.65
2013.10.16 14:20:08.490,1.57739,1.5775,1.65,1.50
2013.10.16 14:20:08.667,1.57739,1.57751,1.65,1.13
2013.10.16 14:20:09.208,1.57741,1.57754,1.58,1.95
2013.10.16 14:20:09.467,1.57742,1.57756,1.20,2.03
2013.10.16 14:20:10.382,1.5774,1.57753,1.20,1.88
2013.10.16 14:20:10.448,1.57739,1.57751,1.50,2.40
2013.10.16 14:20:10.569,1.57738,1.5775,2.25,1.13
2013.10.16 14:20:11.197,1.57737,1.57746,1.50,1.13
2013.10.16 14:20:11.277,1.57733,1.57743,1.13,1.20
2013.10.16 14:20:11.718,1.5773,1.57742,1.20,1.13
2013.10.16 14:20:12.027,1.57729,1.57742,2.25,2.03
2013.10.16 14:20:12.147,1.57729,1.57742,3.38,1.65
2013.10.16 14:20:12.267,1.57729,1.57743,3.45,2.03
2013.10.16 14:20:12.817,1.5773,1.57743,1.88,1.28
2013.10.16 14:20:13.797,1.57729,1.57742,3.45,1.20
2013.10.16 14:20:14.557,1.5773,1.57741,2.63,1.13
2013.10.16 14:20:15.117,1.57729,1.57741,2.70,1.13
2013.10.16 14:20:15.637,1.5773,1.57741,1.88,1.13
2013.10.16 14:20:17.096,1.57731,1.57741,1.13,1.13
2013.10.16 14:20:18.497,1.57731,1.57741,1.50,1.13
2013.10.16 14:20:19.987,1.57732,1.57742,2.70,1.13
2013.10.16 14:20:20.348,1.57734,1.57742,1.95,1.13
2013.10.16 14:20:20.407,1.57734,1.57741,1.95,1.13
2013.10.16 14:20:20.467,1.57736,1.57748,1.20,2.07
2013.10.16 14:20:21.306,1.57734,1.57746,1.95,1.50
2013.10.16 14:20:21.846,1.57734,1.57746,1.50,1.58
2013.10.16 14:20:21.907,1.57734,1.57746,1.50,2.33
2013.10.16 14:20:22.086,1.57734,1.57745,2.63,1.20
2013.10.16 14:20:22.447,1.57741,1.57753,3.00,1.13
2013.10.16 14:20:23.040,1.57751,1.57763,3.38,1.65
2013.10.16 14:20:23.115,1.57752,1.57762,1.13,2.25
2013.10.16 14:20:23.301,1.57748,1.57761,1.13,1.20
2013.10.16 14:20:23.429,1.57748,1.5776,1.13,1.50
2013.10.16 14:20:23.619,1.57748,1.57761,1.13,2.70
2013.10.16 14:20:25.147,1.57749,1.57761,1.13,2.70
2013.10.16 14:20:25.927,1.57748,1.57761,1.13,3.45
2013.10.16 14:20:26.237,1.57746,1.57759,1.88,1.20
2013.10.16 14:20:26.838,1.57746,1.57759,2.25,1.20
2013.10.16 14:20:27.028,1.57749,1.57761,1.13,2.40
2013.10.16 14:20:27.147,1.57749,1.57758,1.13,1.13
2013.10.16 14:20:27.927,1.57747,1.57758,1.13,1.20
2013.10.16 14:20:28.047,1.57747,1.57756,1.13,1.65
2013.10.16 14:20:28.592,1.57746,1.57758,1.13,1.95
2013.10.16 14:20:28.777,1.57744,1.57756,1.09,1.95
2013.10.16 14:20:28.838,1.57742,1.57752,3.72,1.58
2013.10.16 14:20:28.897,1.57741,1.57752,1.69,2.03
2013.10.16 14:20:29.018,1.57737,1.57746,1.50,1.58
2013.10.16 14:20:29.317,1.57736,1.57749,1.13,1.20
2013.10.16 14:20:29.858,1.57736,1.5775,1.13,1.95
2013.10.16 14:20:29.920,1.57736,1.5775,1.13,1.95
2013.10.16 14:20:30.100,1.57738,1.57751,1.13,3.15
2013.10.16 14:20:32.686,1.57736,1.5775,1.20,3.15
2013.10.16 14:20:32.957,1.57736,1.5775,1.02,3.15
2013.10.16 14:20:33.377,1.5774,1.57752,1.13,3.15
2013.10.16 14:20:33.917,1.5774,1.57753,1.13,1.20
2013.10.16 14:20:34.217,1.5774,1.57753,1.13,1.20
2013.10.16 14:20:34.337,1.57742,1.57753,1.13,1.20
2013.10.16 14:20:34.398,1.57742,1.57754,1.13,1.65
2013.10.16 14:20:35.020,1.5774,1.57754,1.13,1.65
2013.10.16 14:20:35.827,1.57743,1.57755,1.13,1.95
2013.10.16 14:20:36.267,1.57743,1.57754,1.13,1.65
2013.10.16 14:20:36.388,1.57743,1.57754,1.13,1.65
2013.10.16 14:20:37.287,1.5774,1.57754,1.13,2.40
2013.10.16 14:20:37.808,1.5774,1.57754,1.88,1.65
2013.10.16 14:20:39.896,1.57745,1.57755,1.13,1.95
2013.10.16 14:20:40.016,1.57745,1.57755,1.13,1.20
2013.10.16 14:20:40.797,1.57744,1.57754,1.13,1.65
2013.10.16 14:20:41.337,1.5774,1.57754,1.13,1.65
2013.10.16 14:20:41.859,1.5774,1.57754,1.13,1.65
2013.10.16 14:20:42.548,1.57741,1.57754,1.13,1.65
2013.10.16 14:20:42.668,1.57741,1.57755,1.20,1.65
2013.10.16 14:20:43.206,1.5774,1.57754,1.28,2.33
2013.10.16 14:20:43.897,1.57742,1.57754,1.88,1.58
2013.10.16 14:20:44.078,1.57743,1.57756,1.58,2.40
2013.10.16 14:20:44.197,1.57744,1.57757,1.88,1.65
2013.10.16 14:20:44.257,1.57744,1.57757,1.95,1.58
2013.10.16 14:20:44.796,1.57744,1.57758,1.28,2.25
2013.10.16 14:20:44.857,1.57744,1.57758,2.22,1.50
2013.10.16 14:20:44.977,1.57744,1.57758,2.22,1.50
2013.10.16 14:20:45.565,1.57745,1.57758,1.47,1.50
2013.10.16 14:20:45.912,1.57745,1.57758,1.47,1.50
2013.10.16 14:20:47.215,1.57745,1.57758,1.39,1.58
2013.10.16 14:20:47.727,1.57745,1.57758,1.39,1.65
2013.10.16 14:20:49.037,1.57746,1.5776,2.07,1.58
2013.10.16 14:20:49.157,1.57746,1.57761,2.14,4.28
2013.10.16 14:20:50.558,1.57746,1.57761,2.14,3.53
2013.10.16 14:20:50.738,1.57745,1.57758,1.65,2.25
2013.10.16 14:20:50.861,1.57746,1.57756,1.13,1.50
2013.10.16 14:20:50.929,1.57746,1.57756,1.13,1.50
2013.10.16 14:20:51.048,1.57744,1.57757,1.95,1.95
2013.10.16 14:20:51.107,1.57744,1.57758,1.95,1.65
2013.10.16 14:20:51.287,1.57749,1.57757,1.13,1.58
2013.10.16 14:20:51.408,1.5775,1.57759,1.20,1.50
2013.10.16 14:20:51.707,1.57747,1.57761,2.07,2.25
2013.10.16 14:20:51.948,1.57747,1.57756,1.28,1.50
2013.10.16 14:20:52.311,1.57746,1.5776,1.47,1.58
2013.10.16 14:20:52.617,1.57749,1.57761,1.13,1.65
2013.10.16 14:20:53.367,1.57748,1.57761,1.13,2.40
2013.10.16 14:20:53.892,1.57749,1.57761,1.13,2.40
2013.10.16 14:20:54.197,1.57753,1.57761,1.13,2.25
2013.10.16 14:20:54.707,1.57754,1.57761,1.13,2.25
2013.10.16 14:20:54.769,1.57752,1.57762,1.50,1.58
2013.10.16 14:20:54.887,1.57753,1.57763,1.13,1.50
2013.10.16 14:20:55.008,1.57753,1.57765,1.13,2.70
2013.10.16 14:20:55.068,1.57753,1.57765,1.13,2.70
2013.10.16 14:20:55.128,1.5775,1.57764,1.47,1.13
2013.10.16 14:20:55.430,1.57748,1.57761,1.20,1.58
2013.10.16 14:20:55.886,1.57747,1.57759,1.65,1.50
2013.10.16 14:20:56.443,1.57748,1.57759,1.20,1.50
2013.10.16 14:20:57.018,1.57748,1.57759,1.20,1.50
2013.10.16 14:20:57.078,1.57748,1.57759,1.20,1.50
2013.10.16 14:20:57.328,1.57748,1.57759,1.20,1.50
2013.10.16 14:20:57.637,1.57748,1.5776,1.20,2.63
2013.10.16 14:20:59.188,1.57748,1.5776,1.20,1.50
2013.10.16 14:21:00.927,1.57747,1.57759,1.65,1.50
2013.10.16 14:21:01.047,1.57744,1.57755,1.28,1.50
2013.10.16 14:21:01.228,1.57743,1.57755,2.33,1.50
2013.10.16 14:21:01.587,1.57747,1.57757,1.20,1.13
2013.10.16 14:21:01.899,1.57747,1.57757,1.28,1.13
2013.10.16 14:21:02.257,1.57738,1.57747,1.65,1.50
2013.10.16 14:21:02.317,1.57738,1.57747,1.13,1.50
2013.10.16 14:21:02.377,1.57736,1.57747,1.28,1.50
2013.10.16 14:21:02.557,1.57739,1.57747,1.50,1.50
2013.10.16 14:21:02.977,1.57735,1.57746,1.28,1.50
2013.10.16 14:21:03.577,1.57735,1.57745,1.28,1.13
2013.10.16 14:21:03.938,1.57734,1.57745,1.58,1.32
2013.10.16 14:21:04.179,1.57726,1.5774,1.58,1.50
2013.10.16 14:21:04.238,1.57727,1.57742,2.03,1.95
2013.10.16 14:21:04.417,1.57727,1.57741,2.03,1.50
2013.10.16 14:21:04.958,1.57729,1.57736,1.20,1.50
2013.10.16 14:21:05.259,1.57724,1.57736,1.20,1.32
2013.10.16 14:21:05.320,1.57726,1.57736,1.28,2.07
2013.10.16 14:21:05.627,1.57728,1.57735,1.28,1.13
2013.10.16 14:21:05.988,1.57728,1.57735,1.65,1.13
2013.10.16 14:21:06.108,1.57727,1.57738,2.25,1.20
2013.10.16 14:21:06.230,1.57728,1.5774,1.13,1.39
2013.10.16 14:21:06.298,1.57731,1.5774,1.50,1.32
2013.10.16 14:21:06.480,1.5773,1.57741,1.65,1.50
2013.10.16 14:21:07.028,1.57729,1.57741,1.65,1.50
2013.10.16 14:21:07.150,1.57729,1.5774,1.65,1.69
2013.10.16 14:21:07.700,1.57728,1.57736,1.95,1.50
2013.10.16 14:21:09.449,1.57728,1.57738,1.95,1.50
2013.10.16 14:21:09.568,1.57728,1.57738,1.58,1.88
2013.10.16 14:21:10.158,1.57728,1.57738,1.58,1.13
2013.10.16 14:21:10.678,1.57725,1.57736,3.08,1.13
2013.10.16 14:21:11.037,1.57727,1.57736,1.65,1.13
2013.10.16 14:21:11.516,1.5773,1.57741,1.50,1.65
2013.10.16 14:21:12.067,1.57733,1.57742,1.50,1.65
2013.10.16 14:21:12.368,1.57728,1.57739,1.50,1.28
2013.10.16 14:21:12.487,1.57727,1.57738,1.50,1.20
2013.10.16 14:21:12.667,1.57726,1.57736,1.13,1.50
2013.10.16 14:21:12.788,1.57726,1.57738,1.13,1.95
2013.10.16 14:21:13.029,1.57728,1.57739,1.13,1.20
2013.10.16 14:21:13.788,1.57729,1.57738,1.50,1.88
2013.10.16 14:21:14.147,1.57727,1.57736,1.88,1.13
2013.10.16 14:21:14.447,1.57727,1.57739,1.32,1.28
2013.10.16 14:21:15.427,1.57727,1.5774,2.07,1.28
2013.10.16 14:21:15.977,1.57727,1.5774,2.07,1.28
2013.10.16 14:21:16.657,1.57727,1.57737,1.50,1.13
2013.10.16 14:21:17.490,1.57725,1.57734,1.65,1.50
2013.10.16 14:21:17.548,1.57725,1.57733,1.65,1.50
2013.10.16 14:21:18.091,1.57724,1.57734,2.70,1.50
2013.10.16 14:21:18.778,1.57727,1.57738,1.95,2.25
2013.10.16 14:21:18.897,1.57727,1.57738,1.95,1.50
2013.10.16 14:21:19.018,1.57727,1.57741,1.20,2.52
2013.10.16 14:21:19.080,1.57728,1.57741,1.58,1.58
2013.10.16 14:21:19.628,1.57729,1.5774,1.58,1.13
2013.10.16 14:21:19.987,1.57726,1.57738,1.20,1.13
2013.10.16 14:21:21.389,1.57725,1.57738,1.20,1.95
2013.10.16 14:21:21.689,1.57725,1.57733,1.20,1.50
2013.10.16 14:21:23.487,1.57725,1.57736,2.78,1.50
2013.10.16 14:21:23.547,1.57726,1.57738,1.28,1.13
2013.10.16 14:21:23.667,1.57728,1.57741,1.65,1.95
2013.10.16 14:21:23.970,1.57728,1.5774,1.65,1.13
2013.10.16 14:21:24.029,1.57728,1.57741,2.40,1.95
2013.10.16 14:21:24.087,1.57729,1.57741,1.65,1.20
2013.10.16 14:21:24.447,1.57724,1.57736,5.25,2.25
2013.10.16 14:21:24.507,1.57724,1.57736,2.63,1.50
2013.10.16 14:21:24.627,1.57726,1.57738,2.78,1.50
2013.10.16 14:21:24.687,1.57727,1.57739,1.35,1.88
2013.10.16 14:21:24.748,1.57729,1.57739,1.20,1.13
2013.10.16 14:21:25.107,1.57731,1.57744,1.13,2.63
2013.10.16 14:21:25.557,1.57731,1.57743,1.13,2.25
2013.10.16 14:21:28.098,1.5773,1.57742,1.88,1.50
2013.10.16 14:21:28.399,1.57729,1.57741,1.88,1.50
2013.10.16 14:21:31.148,1.57732,1.57742,2.03,1.50
2013.10.16 14:21:33.321,1.57732,1.57742,2.33,1.50
2013.10.16 14:21:35.157,1.57732,1.57741,1.58,1.50
2013.10.16 14:21:35.479,1.57732,1.57741,1.58,1.50
2013.10.16 14:21:36.907,1.57733,1.57741,1.28,1.50
2013.10.16 14:21:38.658,1.57733,1.57741,1.28,1.50
2013.10.16 14:21:39.167,1.57733,1.57741,1.28,1.50
2013.10.16 14:21:40.637,1.57731,1.57741,1.28,1.88
2013.10.16 14:21:41.347,1.57731,1.57741,1.28,2.63
2013.10.16 14:21:41.858,1.57731,1.57741,1.28,2.63
2013.10.16 14:21:42.637,1.57731,1.57741,1.13,2.63
2013.10.16 14:21:42.817,1.57731,1.57739,1.13,1.50
2013.10.16 14:21:43.981,1.57731,1.57741,1.50,1.50
2013.10.16 14:21:44.932,1.57731,1.57741,1.88,2.25
2013.10.16 14:21:46.029,1.5773,1.57741,1.88,2.63
2013.10.16 14:21:46.088,1.5773,1.57741,1.88,1.88
2013.10.16 14:21:47.587,1.57729,1.57736,1.58,1.50
2013.10.16 14:21:48.295,1.57728,1.57738,1.28,2.25
2013.10.16 14:21:49.009,1.57725,1.57736,1.65,1.50
2013.10.16 14:21:49.127,1.57721,1.57736,1.20,2.03
2013.10.16 14:21:49.307,1.57721,1.57731,1.50,1.50
2013.10.16 14:21:49.669,1.57721,1.57735,1.88,2.44
2013.10.16 14:21:50.328,1.57719,1.57731,1.20,1.50
2013.10.16 14:21:50.868,1.57719,1.57731,1.95,1.50
2013.10.16 14:21:50.928,1.57719,1.57728,1.20,1.50
2013.10.16 14:21:51.169,1.57712,1.57724,1.20,1.50
2013.10.16 14:21:51.289,1.57709,1.57723,1.95,1.50
2013.10.16 14:21:51.409,1.57711,1.57723,1.20,1.50
2013.10.16 14:21:51.767,1.57709,1.57722,1.95,1.50
2013.10.16 14:21:52.127,1.57713,1.57724,1.13,1.95
2013.10.16 14:21:52.542,1.57715,1.57724,1.28,1.50
2013.10.16 14:21:52.607,1.57715,1.57725,2.03,1.13
2013.10.16 14:21:52.848,1.57714,1.57729,4.65,1.65
2013.10.16 14:21:53.867,1.57714,1.57729,1.77,2.33
2013.10.16 14:21:54.491,1.57715,1.57728,1.02,1.13
2013.10.16 14:21:54.997,1.57715,1.57728,1.02,1.13
2013.10.16 14:21:55.297,1.57715,1.57729,1.02,1.13
2013.10.16 14:21:55.881,1.57715,1.57729,1.02,1.88
2013.10.16 14:21:56.200,1.57717,1.57726,1.20,1.13
2013.10.16 14:21:56.378,1.57715,1.57726,1.39,1.13
2013.10.16 14:21:56.919,1.57715,1.57725,1.02,1.13
2013.10.16 14:21:57.278,1.57717,1.57728,1.58,1.13
2013.10.16 14:21:57.611,1.57717,1.5773,1.50,1.50
2013.10.16 14:21:57.918,1.57719,1.57731,1.20,1.88
2013.10.16 14:21:58.457,1.57719,1.5773,2.25,1.13
2013.10.16 14:21:58.997,1.57719,1.57731,2.25,1.13
2013.10.16 14:21:59.177,1.57719,1.57733,2.25,2.63
2013.10.16 14:21:59.611,1.5772,1.57733,1.02,1.50
2013.10.16 14:21:59.740,1.57724,1.57735,1.13,1.88
2013.10.16 14:21:59.978,1.57728,1.57741,2.33,3.00
2013.10.16 14:22:00.098,1.57729,1.57741,1.58,2.63
2013.10.16 14:22:00.457,1.5773,1.57742,1.13,1.50
2013.10.16 14:22:00.577,1.57729,1.5774,2.03,1.13
2013.10.16 14:22:00.878,1.57728,1.5774,1.39,1.13
2013.10.16 14:22:01.383,1.57726,1.57741,1.69,3.00
2013.10.16 14:22:02.237,1.57726,1.5774,1.39,1.88
2013.10.16 14:22:02.297,1.57726,1.57739,1.39,1.13
2013.10.16 14:22:04.520,1.57724,1.57736,1.95,1.88
2013.10.16 14:22:04.697,1.57724,1.57736,1.20,2.63
2013.10.16 14:22:04.841,1.57724,1.57736,1.58,2.25
2013.10.16 14:22:04.911,1.57726,1.5774,2.33,1.50
2013.10.16 14:22:05.218,1.57733,1.57743,2.03,1.13
2013.10.16 14:22:05.730,1.57733,1.57744,2.33,1.13
2013.10.16 14:22:05.800,1.57738,1.57746,1.58,1.50
2013.10.16 14:22:05.917,1.57738,1.57747,1.65,1.50
2013.10.16 14:22:06.457,1.57738,1.57749,1.65,1.50
2013.10.16 14:22:07.337,1.57738,1.57749,1.28,1.88
2013.10.16 14:22:07.457,1.57736,1.57746,1.95,1.50
2013.10.16 14:22:08.626,1.57737,1.57748,1.13,1.69
2013.10.16 14:22:08.988,1.57731,1.57744,2.63,1.88
2013.10.16 14:22:09.108,1.57731,1.57743,1.58,1.69
2013.10.16 14:22:09.228,1.57729,1.57739,1.88,1.50
2013.10.16 14:22:09.407,1.57726,1.57738,1.65,1.50
2013.10.16 14:22:09.770,1.57725,1.57741,1.13,1.50
2013.10.16 14:22:09.897,1.57731,1.57741,1.20,1.50
2013.10.16 14:22:10.437,1.57734,1.57746,1.58,1.88
2013.10.16 14:22:10.849,1.57734,1.5774,1.13,1.50
2013.10.16 14:22:10.970,1.57729,1.57737,1.20,1.50
2013.10.16 14:22:11.150,1.57727,1.57736,1.20,1.50
2013.10.16 14:22:14.256,1.57725,1.57738,1.95,2.33
2013.10.16 14:22:15.237,1.57727,1.57739,1.13,1.65
2013.10.16 14:22:16.427,1.57727,1.5774,1.77,1.13
2013.10.16 14:22:16.488,1.57732,1.57741,1.20,1.50
2013.10.16 14:22:17.207,1.57735,1.57747,1.28,1.32
2013.10.16 14:22:17.997,1.57733,1.57742,2.70,1.13
2013.10.16 14:22:18.564,1.57731,1.57742,2.33,1.13
2013.10.16 14:22:19.787,1.57731,1.57741,1.58,1.13
2013.10.16 14:22:19.967,1.57729,1.5774,1.28,1.50
2013.10.16 14:22:21.467,1.57727,1.57736,1.58,1.50
2013.10.16 14:22:21.528,1.57727,1.57736,1.28,1.50
2013.10.16 14:22:21.947,1.57728,1.57736,1.28,1.50
2013.10.16 14:22:22.008,1.57728,1.57738,1.28,1.50
2013.10.16 14:22:22.367,1.57728,1.57736,1.13,1.50
2013.10.16 14:22:22.549,1.57726,1.57735,2.40,1.50
2013.10.16 14:22:23.051,1.57726,1.57735,1.13,1.50
2013.10.16 14:22:23.417,1.57726,1.57736,1.13,1.50
2013.10.16 14:22:24.177,1.57723,1.5773,1.65,1.13
2013.10.16 14:22:24.298,1.57722,1.5773,2.25,1.13
2013.10.16 14:22:24.819,1.5772,1.57729,1.50,1.88
2013.10.16 14:22:26.717,1.57722,1.57731,1.50,1.13
2013.10.16 14:22:26.957,1.57724,1.57736,2.03,1.13
2013.10.16 14:22:27.258,1.57725,1.57736,1.20,1.13
2013.10.16 14:22:27.739,1.57724,1.57736,2.59,1.13
2013.10.16 14:22:27.857,1.57724,1.57736,2.03,1.13
2013.10.16 14:22:28.038,1.57724,1.57733,2.40,1.13
2013.10.16 14:22:32.379,1.57725,1.57736,1.13,1.13
2013.10.16 14:22:32.438,1.57726,1.57738,1.13,1.65
2013.10.16 14:22:32.797,1.57728,1.57736,1.13,1.13
2013.10.16 14:22:33.400,1.57727,1.57737,1.13,1.13
2013.10.16 14:22:33.589,1.57724,1.57734,1.13,2.03
2013.10.16 14:22:34.079,1.57728,1.57736,1.13,1.28
2013.10.16 14:22:34.618,1.57728,1.57736,1.13,1.13
2013.10.16 14:22:35.647,1.57728,1.57736,1.13,1.13
2013.10.16 14:22:36.207,1.57728,1.57735,1.13,1.13
2013.10.16 14:22:36.507,1.57725,1.57732,1.65,1.13
2013.10.16 14:22:36.908,1.57725,1.57736,1.50,2.03
2013.10.16 14:22:37.088,1.57725,1.57736,1.50,1.20
2013.10.16 14:22:38.827,1.57725,1.57736,1.50,1.13
2013.10.16 14:22:39.376,1.57725,1.57735,1.50,1.13
2013.10.16 14:22:39.858,1.57724,1.57735,2.70,1.13
2013.10.16 14:22:40.468,1.57724,1.57733,1.88,1.58
2013.10.16 14:22:40.646,1.57724,1.57734,1.13,1.50
2013.10.16 14:22:41.802,1.57724,1.57736,1.13,1.28
2013.10.16 14:22:42.347,1.57723,1.57736,2.03,1.88
2013.10.16 14:22:43.936,1.57723,1.57734,1.50,1.13
2013.10.16 14:22:43.997,1.57723,1.57734,1.13,1.13
2013.10.16 14:22:47.947,1.57721,1.57731,1.65,1.50
2013.10.16 14:22:48.067,1.57722,1.5773,1.20,1.50
2013.10.16 14:22:48.957,1.5772,1.57731,2.70,1.13
2013.10.16 14:22:49.510,1.57721,1.57732,1.13,2.03
2013.10.16 14:22:49.749,1.5772,1.57726,1.88,1.50
2013.10.16 14:22:50.670,1.57716,1.57726,1.13,2.03
2013.10.16 14:22:51.157,1.57717,1.57726,1.13,1.65
2013.10.16 14:22:51.668,1.57717,1.57727,1.88,1.20
2013.10.16 14:22:52.227,1.57717,1.57728,1.88,1.65
2013.10.16 14:22:52.808,1.57717,1.57728,1.88,1.65
2013.10.16 14:22:57.918,1.57718,1.57726,1.13,1.50
2013.10.16 14:22:58.038,1.57719,1.57727,1.13,1.58
2013.10.16 14:22:58.677,1.57716,1.57727,2.70,1.50
2013.10.16 14:22:59.218,1.57719,1.57732,1.13,2.40
2013.10.16 14:22:59.778,1.57717,1.57731,2.40,1.95
2013.10.16 14:23:00.727,1.57718,1.57733,1.20,3.90
2013.10.16 14:23:01.327,1.57719,1.57733,1.13,3.15
2013.10.16 14:23:01.766,1.57723,1.57733,1.13,1.58
2013.10.16 14:23:01.948,1.57724,1.57736,1.20,1.88
2013.10.16 14:23:02.187,1.57723,1.57734,2.33,1.50
2013.10.16 14:23:02.428,1.57722,1.57732,1.58,1.50
2013.10.16 14:23:02.727,1.57724,1.57736,2.03,1.50
2013.10.16 14:23:02.908,1.57725,1.57738,1.58,1.58
2013.10.16 14:23:03.087,1.57725,1.57739,2.03,1.58
2013.10.16 14:23:03.207,1.57725,1.57738,1.65,1.50
2013.10.16 14:23:04.564,1.57726,1.57739,1.28,1.50
2013.10.16 14:23:04.940,1.57729,1.5774,1.50,1.50
2013.10.16 14:23:05.068,1.57729,1.57741,1.50,2.33
2013.10.16 14:23:05.127,1.57729,1.57742,1.50,2.40
2013.10.16 14:23:05.313,1.57729,1.57742,1.88,1.58
2013.10.16 14:23:05.439,1.57729,1.57742,2.63,2.40
2013.10.16 14:23:06.245,1.57734,1.57743,1.13,1.58
2013.10.16 14:23:06.319,1.57739,1.57751,1.28,1.50
2013.10.16 14:23:06.510,1.57741,1.57751,1.13,1.50
2013.10.16 14:23:06.758,1.57741,1.57751,1.20,1.50
2013.10.16 14:23:06.819,1.5774,1.57751,1.20,1.50
2013.10.16 14:23:07.068,1.57741,1.57752,1.13,2.33
2013.10.16 14:23:07.548,1.57738,1.5775,1.58,1.58
2013.10.16 14:23:07.727,1.57738,1.57753,2.33,2.25
2013.10.16 14:23:08.369,1.57739,1.57754,1.28,1.58
2013.10.16 14:23:09.267,1.57742,1.57753,2.63,2.25
2013.10.16 14:23:12.908,1.57742,1.57751,1.13,1.50
2013.10.16 14:23:13.687,1.5774,1.57751,1.28,1.50
2013.10.16 14:23:14.226,1.5774,1.57751,1.28,1.50
2013.10.16 14:23:18.108,1.57744,1.57756,1.28,1.88
2013.10.16 14:23:18.667,1.57744,1.57756,1.47,1.13
2013.10.16 14:23:18.908,1.5775,1.57762,1.95,1.50
2013.10.16 14:23:19.087,1.5775,1.57763,2.03,1.50
2013.10.16 14:23:19.448,1.57751,1.57764,1.28,1.50
2013.10.16 14:23:20.358,1.57751,1.57764,1.28,1.50
2013.10.16 14:23:20.420,1.5775,1.57763,1.65,1.50
2013.10.16 14:23:20.940,1.57753,1.57764,1.13,1.50
2013.10.16 14:23:21.857,1.57749,1.57758,1.20,1.50
2013.10.16 14:23:21.917,1.5775,1.57756,1.28,1.50
2013.10.16 14:23:22.353,1.57746,1.57756,1.28,1.50
2013.10.16 14:23:22.908,1.57744,1.57761,2.52,3.15
2013.10.16 14:23:23.088,1.57748,1.57761,1.13,3.15
2013.10.16 14:23:23.207,1.57746,1.57758,1.28,1.13
2013.10.16 14:23:23.567,1.57743,1.57755,1.28,1.13
2013.10.16 14:23:23.867,1.57743,1.57755,1.28,1.13
2013.10.16 14:23:24.177,1.57743,1.57755,1.28,1.13
2013.10.16 14:23:24.479,1.57746,1.57757,1.13,1.50
2013.10.16 14:23:24.847,1.57742,1.57752,1.28,1.69
2013.10.16 14:23:24.909,1.5774,1.57751,1.13,1.58
2013.10.16 14:23:25.027,1.57738,1.57751,1.13,1.65
2013.10.16 14:23:25.087,1.57738,1.57751,1.13,2.03
2013.10.16 14:23:25.207,1.57738,1.57751,1.88,2.03
2013.10.16 14:23:25.627,1.57736,1.57746,1.20,1.50
2013.10.16 14:23:25.867,1.57735,1.57746,1.28,1.50
2013.10.16 14:23:26.568,1.57735,1.57746,1.28,1.50
2013.10.16 14:23:27.119,1.57733,1.57746,1.95,1.50
2013.10.16 14:23:27.427,1.57733,1.57744,1.28,1.50
2013.10.16 14:23:27.787,1.57732,1.57742,1.28,1.50
2013.10.16 14:23:27.847,1.57731,1.57741,1.20,1.50
2013.10.16 14:23:28.779,1.57731,1.57741,1.20,1.50
2013.10.16 14:23:28.853,1.57729,1.57737,1.20,1.50
2013.10.16 14:23:29.037,1.57728,1.57742,1.50,1.20
2013.10.16 14:23:29.097,1.5773,1.57741,1.20,1.50
2013.10.16 14:23:31.088,1.57728,1.57741,1.28,1.50
2013.10.16 14:23:31.150,1.57727,1.57739,1.95,1.13
2013.10.16 14:23:31.219,1.57724,1.57736,2.33,1.69
2013.10.16 14:23:31.279,1.57724,1.57733,1.28,1.50
2013.10.16 14:23:31.398,1.57721,1.57732,2.25,2.03
2013.10.16 14:23:31.460,1.5772,1.57732,1.13,2.03
2013.10.16 14:23:31.587,1.5772,1.57731,1.13,1.65
2013.10.16 14:23:31.828,1.57715,1.57726,2.25,1.58
2013.10.16 14:23:32.379,1.57715,1.57726,1.88,1.58
2013.10.16 14:23:33.808,1.57715,1.57726,1.50,1.95
2013.10.16 14:23:34.227,1.57711,1.57723,1.58,1.50
2013.10.16 14:23:34.287,1.57711,1.57725,1.58,1.28
2013.10.16 14:23:34.407,1.57714,1.57726,1.13,1.95
2013.10.16 14:23:34.767,1.57715,1.57728,1.88,2.03
2013.10.16 14:23:37.277,1.57715,1.57728,1.13,1.84
2013.10.16 14:23:37.519,1.57713,1.57724,1.50,1.95
2013.10.16 14:23:37.698,1.57711,1.57724,1.02,2.70
2013.10.16 14:23:37.759,1.57712,1.57724,1.13,1.20
2013.10.16 14:23:37.819,1.57714,1.57724,1.13,1.20
2013.10.16 14:23:37.997,1.57714,1.57726,1.58,1.58
2013.10.16 14:23:38.060,1.57714,1.57726,1.20,1.58
2013.10.16 14:23:38.188,1.57714,1.57727,1.20,3.15
2013.10.16 14:23:39.579,1.57714,1.57727,1.28,1.50
2013.10.16 14:23:40.243,1.57714,1.57727,1.69,1.95
2013.10.16 14:23:40.559,1.57723,1.5773,1.02,1.50
2013.10.16 14:23:40.618,1.57722,1.57731,1.95,1.50
2013.10.16 14:23:40.740,1.57722,1.57731,1.50,1.50
2013.10.16 14:23:40.809,1.57723,1.57735,1.13,1.28
2013.10.16 14:23:40.868,1.57722,1.57735,1.50,1.28
2013.10.16 14:23:40.929,1.57722,1.57734,1.50,1.28
2013.10.16 14:23:41.169,1.5772,1.57734,2.03,2.03
2013.10.16 14:23:41.229,1.5772,1.57731,1.65,1.50
2013.10.16 14:23:41.768,1.57718,1.57731,2.14,2.25
2013.10.16 14:23:41.889,1.57716,1.57731,2.40,2.78
2013.10.16 14:23:41.949,1.57716,1.57725,1.50,1.50
2013.10.16 14:23:42.067,1.57716,1.57724,1.13,1.13
2013.10.16 14:23:42.127,1.57716,1.57725,1.13,1.13
2013.10.16 14:23:42.188,1.57716,1.57725,1.58,1.13
2013.10.16 14:23:42.307,1.57716,1.57726,1.58,1.50
2013.10.16 14:23:42.612,1.57716,1.57726,1.50,1.50
2013.10.16 14:23:42.917,1.57712,1.57721,1.39,1.13
2013.10.16 14:23:43.037,1.57712,1.57724,1.32,1.28
2013.10.16 14:23:43.157,1.57708,1.57721,2.40,1.13
2013.10.16 14:23:43.277,1.57708,1.57716,1.20,1.13
2013.10.16 14:23:43.397,1.57705,1.57718,1.28,1.20
2013.10.16 14:23:43.457,1.57705,1.57716,1.20,1.13
2013.10.16 14:23:43.817,1.57705,1.57711,1.20,1.13
2013.10.16 14:23:44.367,1.57705,1.57712,1.13,1.13
2013.10.16 14:23:44.727,1.57699,1.57711,2.25,1.20
2013.10.16 14:23:45.027,1.57699,1.57711,2.40,1.13
2013.10.16 14:23:45.387,1.57702,1.57713,1.50,1.13
2013.10.16 14:23:45.628,1.57702,1.57713,1.88,1.13
2013.10.16 14:23:46.137,1.57703,1.57713,1.13,1.13
2013.10.16 14:23:46.457,1.57702,1.5771,1.50,1.50
2013.10.16 14:23:46.637,1.57701,1.5771,1.13,1.58
2013.10.16 14:23:46.818,1.57698,1.57709,1.13,1.28
2013.10.16 14:23:47.357,1.57699,1.57709,1.88,1.58
2013.10.16 14:23:48.217,1.57699,1.57706,1.88,1.50
2013.10.16 14:23:48.577,1.57696,1.57706,1.65,1.50
2013.10.16 14:23:49.437,1.57698,1.57706,1.13,1.50
2013.10.16 14:23:49.818,1.57698,1.57705,1.13,1.50
2013.10.16 14:23:50.889,1.57698,1.57708,1.13,1.69
2013.10.16 14:23:50.948,1.57699,1.57706,1.50,1.50
2013.10.16 14:23:51.009,1.57698,1.57706,1.13,1.50
2013.10.16 14:23:51.188,1.57697,1.57706,1.20,1.58
2013.10.16 14:23:51.249,1.57694,1.57706,2.40,1.58
2013.10.16 14:23:51.608,1.57693,1.57703,1.20,1.50
2013.10.16 14:23:51.668,1.57693,1.57703,1.58,1.50
2013.10.16 14:23:51.727,1.57692,1.57703,2.03,2.82
2013.10.16 14:23:51.910,1.57689,1.57701,1.13,2.25
2013.10.16 14:23:52.028,1.57685,1.57696,1.20,1.13
2013.10.16 14:23:52.087,1.57684,1.57695,1.13,1.58
2013.10.16 14:23:52.631,1.57679,1.57691,3.00,1.20
2013.10.16 14:23:52.697,1.57679,1.57691,1.88,1.20
2013.10.16 14:23:53.247,1.57678,1.57691,1.20,1.58
2013.10.16 14:23:53.427,1.5768,1.57691,1.95,1.50
2013.10.16 14:23:53.549,1.57686,1.57694,1.13,1.50
2013.10.16 14:23:53.667,1.57686,1.57701,1.28,3.83
2013.10.16 14:23:53.728,1.57686,1.57698,1.28,1.13
2013.10.16 14:23:54.087,1.57686,1.57701,2.03,1.95
2013.10.16 14:23:54.637,1.57686,1.57699,2.03,1.13
2013.10.16 14:23:54.757,1.57686,1.57699,1.28,1.13
2013.10.16 14:23:54.997,1.57686,1.57699,1.28,1.13
2013.10.16 14:23:55.499,1.57686,1.57699,1.28,1.13
2013.10.16 14:23:56.112,1.57686,1.57699,1.28,1.13
2013.10.16 14:23:56.747,1.57686,1.57699,1.28,1.13
2013.10.16 14:23:58.397,1.57689,1.57701,1.69,1.95
2013.10.16 14:23:58.517,1.57689,1.57701,2.97,1.88
2013.10.16 14:23:59.430,1.57689,1.57701,2.97,1.88
2013.10.16 14:24:00.039,1.57686,1.57696,1.88,1.88
2013.10.16 14:24:00.217,1.57682,1.57696,1.20,2.63
2013.10.16 14:24:00.519,1.57682,1.57691,2.33,1.13
2013.10.16 14:24:00.698,1.57682,1.57696,2.33,2.78
2013.10.16 14:24:00.997,1.57683,1.57696,2.25,2.03
2013.10.16 14:24:01.517,1.57683,1.57696,2.25,2.03
2013.10.16 14:24:02.405,1.57682,1.57693,1.58,1.13
2013.10.16 14:24:02.588,1.57684,1.57694,1.50,1.13
2013.10.16 14:24:02.827,1.57684,1.57696,1.58,1.50
2013.10.16 14:24:03.378,1.57684,1.57697,2.40,1.50
2013.10.16 14:24:03.647,1.57684,1.57697,2.33,1.69
2013.10.16 14:24:04.070,1.57683,1.57693,1.65,1.50
2013.10.16 14:24:04.608,1.5768,1.57694,2.70,1.50
2013.10.16 14:24:04.848,1.57682,1.57694,2.40,1.13
2013.10.16 14:24:04.908,1.57685,1.57695,1.13,1.58
2013.10.16 14:24:06.097,1.57684,1.57698,3.45,1.50
2013.10.16 14:24:06.778,1.57686,1.57698,2.40,1.50
2013.10.16 14:24:07.142,1.57682,1.57693,1.95,1.13
2013.10.16 14:24:07.330,1.5768,1.57693,1.95,1.13
2013.10.16 14:24:07.877,1.5768,1.57693,1.95,1.88
2013.10.16 14:24:08.118,1.57684,1.57695,2.70,1.13
2013.10.16 14:24:08.651,1.57684,1.57696,1.95,1.50
2013.10.16 14:24:08.898,1.57688,1.57697,1.13,1.50
2013.10.16 14:24:09.018,1.5769,1.57701,1.58,1.13
2013.10.16 14:24:09.787,1.5769,1.577,1.58,1.50
2013.10.16 14:24:10.028,1.57688,1.577,2.70,1.50
2013.10.16 14:24:10.087,1.5769,1.57701,1.20,1.50
2013.10.16 14:24:10.622,1.57691,1.577,1.50,1.50
2013.10.16 14:24:11.708,1.5769,1.57697,2.10,1.13
2013.10.16 14:24:11.887,1.5769,1.57697,1.95,1.13
2013.10.16 14:24:12.368,1.57688,1.57696,2.40,1.13
2013.10.16 14:24:12.622,1.57688,1.57696,2.40,1.32
2013.10.16 14:24:12.688,1.57683,1.57694,1.50,1.13
2013.10.16 14:24:12.748,1.57683,1.57693,1.13,1.32
2013.10.16 14:24:12.808,1.5768,1.5769,1.88,1.13
2013.10.16 14:24:12.930,1.57679,1.5769,1.95,1.88
2013.10.16 14:24:12.998,1.5768,1.5769,1.50,1.13
2013.10.16 14:24:13.686,1.57681,1.57691,1.50,1.50
2013.10.16 14:24:13.762,1.57685,1.57696,2.03,1.13
2013.10.16 14:24:13.949,1.57689,1.57704,1.28,3.90
2013.10.16 14:24:14.127,1.57689,1.57706,3.53,4.20
2013.10.16 14:24:14.309,1.57693,1.57706,1.13,2.70
2013.10.16 14:24:14.368,1.57693,1.57706,1.28,1.50
2013.10.16 14:24:14.667,1.57693,1.57706,1.20,2.25
2013.10.16 14:24:14.728,1.57693,1.57706,1.20,1.50
2013.10.16 14:24:14.787,1.57692,1.57707,1.58,1.65
2013.10.16 14:24:14.907,1.57691,1.57706,2.03,2.40
2013.10.16 14:24:15.267,1.5769,1.57702,1.13,1.50
2013.10.16 14:24:15.747,1.5769,1.57701,1.13,1.50
2013.10.16 14:24:16.377,1.57691,1.57701,1.13,1.50
2013.10.16 14:24:16.618,1.57691,1.57701,1.13,1.50
2013.10.16 14:24:16.858,1.57692,1.57704,3.57,1.50
2013.10.16 14:24:17.468,1.57692,1.57706,2.25,1.50
2013.10.16 14:24:17.767,1.57694,1.57705,1.88,1.13
2013.10.16 14:24:17.948,1.57694,1.57705,2.25,1.13
2013.10.16 14:24:18.491,1.57694,1.57706,2.25,1.88
2013.10.16 14:24:18.799,1.57699,1.57706,1.65,1.13
2013.10.16 14:24:19.218,1.57699,1.57707,2.40,1.13
2013.10.16 14:24:19.759,1.57703,1.57712,1.50,2.03
2013.10.16 14:24:20.007,1.57698,1.57706,1.88,1.50
2013.10.16 14:24:20.128,1.57698,1.5771,1.95,1.58
2013.10.16 14:24:20.487,1.577,1.57712,1.58,1.13
2013.10.16 14:24:20.607,1.577,1.57712,1.95,1.13
2013.10.16 14:24:21.378,1.57701,1.57712,1.20,1.13
2013.10.16 14:24:21.917,1.57702,1.57712,1.20,1.13
2013.10.16 14:24:22.228,1.577,1.57711,1.20,1.13
2013.10.16 14:24:22.541,1.577,1.57715,3.08,1.13
2013.10.16 14:24:23.667,1.577,1.57712,1.95,1.13
2013.10.16 14:24:23.907,1.577,1.57713,1.65,1.13
2013.10.16 14:24:24.853,1.57699,1.57713,1.65,1.88
2013.10.16 14:24:24.934,1.5771,1.57725,1.02,1.95
2013.10.16 14:24:25.069,1.57712,1.57725,1.65,1.13
2013.10.16 14:24:25.190,1.57712,1.57724,1.65,1.13
2013.10.16 14:24:25.547,1.57711,1.57721,1.58,1.50
2013.10.16 14:24:25.668,1.57711,1.57723,1.58,1.13
2013.10.16 14:24:25.728,1.57711,1.57724,1.28,1.95
2013.10.16 14:24:25.848,1.57711,1.57724,2.03,1.95
2013.10.16 14:24:26.207,1.57709,1.5772,2.40,1.50
2013.10.16 14:24:26.629,1.57707,1.5772,1.20,1.50
2013.10.16 14:24:27.488,1.57708,1.5772,1.50,1.50
2013.10.16 14:24:27.850,1.57707,1.57718,1.65,1.50
2013.10.16 14:24:28.298,1.57708,1.57718,1.65,1.50
2013.10.16 14:24:28.418,1.57712,1.57721,1.50,1.50
2013.10.16 14:24:28.537,1.57712,1.57722,1.88,1.50
2013.10.16 14:24:28.838,1.57708,1.57716,1.20,1.13
2013.10.16 14:24:28.899,1.57709,1.57718,1.50,1.50
2013.10.16 14:24:29.843,1.57705,1.57718,1.95,1.50
2013.10.16 14:24:30.029,1.57704,1.57718,1.65,1.50
2013.10.16 14:24:30.809,1.57705,1.57717,1.65,1.88
2013.10.16 14:24:31.429,1.57705,1.57716,1.65,1.50
2013.10.16 14:24:31.967,1.57705,1.57716,2.33,1.50
2013.10.16 14:24:32.687,1.57705,1.57716,1.28,1.50
2013.10.16 14:24:33.387,1.57707,1.57716,1.58,1.50
2013.10.16 14:24:33.927,1.57707,1.57718,2.78,1.50
2013.10.16 14:24:33.987,1.57707,1.57718,2.33,1.50
2013.10.16 14:24:34.108,1.57707,1.5772,2.78,1.13
2013.10.16 14:24:34.587,1.57705,1.57717,2.70,1.13
2013.10.16 14:24:35.977,1.57705,1.57717,1.58,1.88
2013.10.16 14:24:36.580,1.57705,1.57716,1.58,1.13
2013.10.16 14:24:37.128,1.57705,1.57715,1.58,1.50
2013.10.16 14:24:38.038,1.57705,1.57716,1.58,1.50
2013.10.16 14:24:38.518,1.57704,1.57716,1.13,2.63
2013.10.16 14:24:39.081,1.57703,1.57716,2.25,1.50
2013.10.16 14:24:41.778,1.57703,1.57716,4.28,1.50
2013.10.16 14:24:42.279,1.57703,1.57716,4.28,1.50
2013.10.16 14:24:43.479,1.57703,1.57716,3.53,1.50
2013.10.16 14:24:43.667,1.57703,1.57718,4.28,3.45
2013.10.16 14:24:44.288,1.57703,1.57718,4.28,1.95
2013.10.16 14:24:44.411,1.57703,1.57718,4.21,2.78
2013.10.16 14:24:44.478,1.57703,1.57716,1.20,1.20
2013.10.16 14:24:45.020,1.57703,1.57716,2.03,1.13
2013.10.16 14:24:45.079,1.57703,1.57717,2.78,1.13
2013.10.16 14:24:45.439,1.57705,1.57721,3.57,1.88
2013.10.16 14:24:46.028,1.57707,1.57721,1.28,1.88
2013.10.16 14:24:46.850,1.57709,1.57721,1.20,1.88
2013.10.16 14:24:47.192,1.57707,1.57717,1.28,1.13
2013.10.16 14:24:49.496,1.57707,1.5772,2.03,1.05
2013.10.16 14:24:49.860,1.57707,1.57719,1.28,1.50
2013.10.16 14:24:50.460,1.57706,1.5772,2.03,1.69
2013.10.16 14:24:50.777,1.57706,1.57718,1.65,1.88
2013.10.16 14:24:51.317,1.57705,1.57718,2.40,1.13
2013.10.16 14:24:51.998,1.57705,1.57716,1.50,1.58
2013.10.16 14:24:52.477,1.57708,1.57717,1.50,1.65
2013.10.16 14:24:52.538,1.57709,1.57718,2.25,1.13
2013.10.16 14:24:52.660,1.57711,1.57721,1.50,1.88
2013.10.16 14:24:53.019,1.57723,1.57732,1.13,1.58
2013.10.16 14:24:53.329,1.57727,1.57737,1.58,2.25
2013.10.16 14:24:53.390,1.57727,1.57741,1.95,2.33
2013.10.16 14:24:53.459,1.5773,1.57741,1.95,2.25
2013.10.16 14:24:53.819,1.57735,1.57743,1.09,1.50
2013.10.16 14:24:53.998,1.57738,1.57748,1.28,1.50
2013.10.16 14:24:54.058,1.57738,1.57748,2.03,2.25
2013.10.16 14:24:54.359,1.57743,1.57752,1.50,1.50
2013.10.16 14:24:54.538,1.57743,1.57756,2.25,1.88
2013.10.16 14:24:54.599,1.57743,1.57758,2.25,1.32
2013.10.16 14:24:54.667,1.57743,1.57756,2.25,1.50
2013.10.16 14:24:55.087,1.57743,1.57756,4.13,1.50
2013.10.16 14:24:55.147,1.57744,1.57757,1.50,1.32
2013.10.16 14:24:55.208,1.57747,1.57759,1.20,1.50
2013.10.16 14:24:55.328,1.57748,1.5776,1.50,1.50
2013.10.16 14:24:55.627,1.57748,1.5776,1.88,1.13
2013.10.16 14:24:55.747,1.57749,1.57761,1.88,3.00
2013.10.16 14:24:55.807,1.57749,1.57761,1.88,3.00
2013.10.16 14:24:56.780,1.57751,1.57762,1.50,1.50
2013.10.16 14:24:56.837,1.57748,1.57758,1.65,1.50
2013.10.16 14:24:56.898,1.57747,1.57757,1.95,1.50
2013.10.16 14:24:57.018,1.57747,1.57756,1.58,1.69
2013.10.16 14:24:57.078,1.57745,1.57756,2.03,1.69
2013.10.16 14:24:57.498,1.57744,1.57754,1.13,1.58
2013.10.16 14:24:57.618,1.57743,1.57754,1.13,1.65
2013.10.16 14:24:57.978,1.57743,1.57755,1.88,1.65
2013.10.16 14:24:58.038,1.57744,1.57755,1.13,1.65
2013.10.16 14:24:59.567,1.57744,1.57755,1.13,1.58
2013.10.16 14:24:59.807,1.57743,1.57755,2.25,1.77
2013.10.16 14:25:00.317,1.57743,1.57755,1.50,1.77
2013.10.16 14:25:01.100,1.57743,1.57755,1.50,1.02
2013.10.16 14:25:01.220,1.57744,1.57757,3.38,1.50
2013.10.16 14:25:01.460,1.57746,1.57755,1.20,1.50
2013.10.16 14:25:01.521,1.57746,1.57755,1.95,1.50
2013.10.16 14:25:01.649,1.57746,1.5776,1.20,1.28
2013.10.16 14:25:01.829,1.57747,1.57761,1.13,2.03
2013.10.16 14:25:02.010,1.57753,1.57764,1.65,1.88
2013.10.16 14:25:02.071,1.57754,1.57764,1.20,1.13
2013.10.16 14:25:04.508,1.57756,1.57768,1.58,1.32
2013.10.16 14:25:04.747,1.57759,1.5777,1.13,1.65
2013.10.16 14:25:05.108,1.57754,1.57768,2.03,1.50
2013.10.16 14:25:05.347,1.57755,1.57767,1.20,1.02
2013.10.16 14:25:05.468,1.57754,1.57767,1.95,1.02
2013.10.16 14:25:05.527,1.57754,1.57767,1.95,1.02
2013.10.16 14:25:05.937,1.57754,1.57765,1.95,1.50
2013.10.16 14:25:07.011,1.57761,1.5777,1.50,1.13
2013.10.16 14:25:07.078,1.57761,1.57771,1.50,1.50
2013.10.16 14:25:07.138,1.57762,1.57773,1.13,1.58
2013.10.16 14:25:07.258,1.57762,1.57776,2.03,1.32
2013.10.16 14:25:07.799,1.57763,1.57776,1.28,1.32
2013.10.16 14:25:07.918,1.57763,1.57776,1.28,2.07
2013.10.16 14:25:10.148,1.57764,1.57776,1.13,2.03
2013.10.16 14:25:10.388,1.57763,1.57776,2.33,1.50
2013.10.16 14:25:10.689,1.57763,1.57776,1.28,1.50
2013.10.16 14:25:11.279,1.5776,1.57775,1.65,2.34
2013.10.16 14:25:12.888,1.57762,1.57775,1.20,1.13
2013.10.16 14:25:13.067,1.57763,1.57775,2.78,1.50
2013.10.16 14:25:14.660,1.57763,1.57776,1.65,1.32
2013.10.16 14:25:14.957,1.57764,1.57777,1.65,1.69
2013.10.16 14:25:15.318,1.57766,1.57778,1.95,1.32
2013.10.16 14:25:15.377,1.57766,1.57778,2.40,1.32
2013.10.16 14:25:15.885,1.57768,1.57778,1.65,1.13
2013.10.16 14:25:16.067,1.57768,1.57781,1.65,1.50
2013.10.16 14:25:16.127,1.57768,1.57781,1.65,1.50
2013.10.16 14:25:16.368,1.57768,1.57781,2.40,1.50
2013.10.16 14:25:16.907,1.57768,1.57781,2.40,2.25
2013.10.16 14:25:16.968,1.57768,1.57779,2.40,1.50
2013.10.16 14:25:17.667,1.57767,1.5778,1.65,1.77
2013.10.16 14:25:18.187,1.57767,1.57781,1.65,1.69
2013.10.16 14:25:19.018,1.57767,1.5778,2.33,1.02
2013.10.16 14:25:21.337,1.57768,1.57781,1.88,2.03
2013.10.16 14:25:21.398,1.57773,1.57784,1.58,1.50
2013.10.16 14:25:21.758,1.57776,1.57789,1.20,1.69
2013.10.16 14:25:21.878,1.57777,1.57788,1.65,1.69
2013.10.16 14:25:22.677,1.57777,1.5779,1.58,2.14
2013.10.16 14:25:23.787,1.57777,1.57788,1.58,1.69
2013.10.16 14:25:24.088,1.57777,1.57789,1.58,1.50
2013.10.16 14:25:24.628,1.57777,1.57787,1.13,1.50
2013.10.16 14:25:27.258,1.57776,1.57786,1.50,3.57
2013.10.16 14:25:27.499,1.57767,1.57779,2.03,1.50
2013.10.16 14:25:28.037,1.57767,1.57777,1.88,2.25
2013.10.16 14:25:28.577,1.57765,1.57777,1.28,2.25
2013.10.16 14:25:31.149,1.57765,1.57776,1.13,1.50
2013.10.16 14:25:31.327,1.57764,1.57774,1.95,1.50
2013.10.16 14:25:31.798,1.57764,1.57773,2.33,1.50
2013.10.16 14:25:32.857,1.57764,1.57774,2.40,1.50
2013.10.16 14:25:34.187,1.57764,1.57772,1.65,1.50
2013.10.16 14:25:34.549,1.57772,1.5778,1.20,1.13
2013.10.16 14:25:34.668,1.57771,1.57781,1.65,1.69
2013.10.16 14:25:34.848,1.5777,1.5778,1.65,1.13
2013.10.16 14:25:34.907,1.5777,1.57781,1.65,1.50
2013.10.16 14:25:35.287,1.5777,1.57781,1.28,1.50
2013.10.16 14:25:35.827,1.5777,1.57781,2.03,1.50
2013.10.16 14:25:36.478,1.5777,1.57781,2.03,1.50
2013.10.16 14:25:36.812,1.5777,1.57781,2.03,1.50
2013.10.16 14:25:36.998,1.5777,1.57781,2.22,1.50
2013.10.16 14:25:37.059,1.57774,1.57781,2.25,1.50
2013.10.16 14:25:37.129,1.57775,1.57785,1.13,1.65
2013.10.16 14:25:37.313,1.57777,1.57786,1.28,1.50
2013.10.16 14:25:37.378,1.57777,1.57787,1.28,1.13
2013.10.16 14:25:37.678,1.57773,1.57785,1.28,1.50
2013.10.16 14:25:37.798,1.57775,1.57785,1.13,1.50
2013.10.16 14:25:38.218,1.57776,1.57784,1.20,1.50
2013.10.16 14:25:38.337,1.57776,1.57786,1.58,1.50
2013.10.16 14:25:38.639,1.57778,1.57792,1.58,1.32
2013.10.16 14:25:38.708,1.57778,1.57789,1.20,1.13
2013.10.16 14:25:38.831,1.57778,1.57789,1.20,1.88
2013.10.16 14:25:38.898,1.57777,1.57789,2.33,1.13
2013.10.16 14:25:39.148,1.57777,1.57789,2.78,1.13
2013.10.16 14:25:39.269,1.57777,1.57789,1.20,1.88
2013.10.16 14:25:39.629,1.57777,1.57788,1.13,1.43
2013.10.16 14:25:39.988,1.57774,1.57786,1.13,1.20
2013.10.16 14:25:40.108,1.57775,1.57786,1.13,1.20
2013.10.16 14:25:40.635,1.57775,1.57786,1.13,1.58
2013.10.16 14:25:41.137,1.57775,1.57781,1.13,1.50
2013.10.16 14:25:41.502,1.57771,1.57781,1.28,1.50
2013.10.16 14:25:42.037,1.57772,1.57781,1.13,1.50
2013.10.16 14:25:42.557,1.57773,1.57782,1.13,1.50
2013.10.16 14:25:42.818,1.57773,1.57781,1.13,1.50
2013.10.16 14:25:42.938,1.57768,1.57781,1.28,1.50
2013.10.16 14:25:43.059,1.57771,1.57782,1.58,1.13
2013.10.16 14:25:43.119,1.57772,1.57781,1.20,1.50
2013.10.16 14:25:43.658,1.57771,1.57782,1.28,1.13
2013.10.16 14:25:44.247,1.57771,1.57781,1.28,1.50
2013.10.16 14:25:44.538,1.57771,1.57782,1.65,1.13
2013.10.16 14:25:44.898,1.57777,1.57786,1.58,1.88
2013.10.16 14:25:44.958,1.57774,1.57782,1.28,1.50
2013.10.16 14:25:45.078,1.57771,1.57782,1.28,1.50
2013.10.16 14:25:45.138,1.5777,1.57781,1.95,1.50
2013.10.16 14:25:45.259,1.57772,1.57781,1.65,1.88
2013.10.16 14:25:45.440,1.57771,1.57779,1.58,1.13
2013.10.16 14:25:45.739,1.57764,1.57774,1.28,1.13
2013.10.16 14:25:45.929,1.57761,1.57772,1.65,1.13
2013.10.16 14:25:46.168,1.57761,1.57771,1.20,1.50
2013.10.16 14:25:46.807,1.57761,1.57772,1.20,1.13
2013.10.16 14:25:46.867,1.57762,1.57773,1.13,1.50
2013.10.16 14:25:46.988,1.57764,1.57776,2.25,2.03
2013.10.16 14:25:47.048,1.57764,1.57776,2.33,1.95
2013.10.16 14:25:47.408,1.57767,1.57775,1.88,1.50
2013.10.16 14:25:47.768,1.57763,1.57774,2.03,1.50
2013.10.16 14:25:47.888,1.57763,1.57773,1.95,1.13
2013.10.16 14:25:48.188,1.57763,1.57773,1.95,1.32
2013.10.16 14:25:48.727,1.57759,1.57769,1.28,1.13
2013.10.16 14:25:48.907,1.57759,1.57769,1.20,1.13
2013.10.16 14:25:49.428,1.57759,1.57766,1.58,1.13
2013.10.16 14:25:52.038,1.57758,1.57768,1.50,1.13
2013.10.16 14:25:52.158,1.57758,1.57769,1.50,1.39
2013.10.16 14:25:52.277,1.57754,1.57768,2.03,2.14
2013.10.16 14:25:52.712,1.57757,1.57768,1.50,1.20
2013.10.16 14:25:52.838,1.57762,1.57771,1.13,1.95
2013.10.16 14:25:52.898,1.57762,1.57772,1.13,2.03
2013.10.16 14:25:52.957,1.57762,1.57772,1.13,2.63
2013.10.16 14:25:53.507,1.5776,1.57768,1.65,1.13
2013.10.16 14:25:55.068,1.57759,1.57768,1.58,1.88
2013.10.16 14:25:55.377,1.5776,1.57768,1.50,1.88
2013.10.16 14:25:55.438,1.5776,1.57768,1.50,1.13
2013.10.16 14:25:55.558,1.57762,1.57771,1.20,1.50
2013.10.16 14:25:55.800,1.57762,1.57771,1.58,1.50
2013.10.16 14:25:56.158,1.57762,1.57774,1.88,1.69
2013.10.16 14:25:56.397,1.57759,1.57772,1.58,1.50
2013.10.16 14:25:56.517,1.57762,1.57774,1.20,1.69
2013.10.16 14:25:56.938,1.57762,1.57773,1.20,1.69
2013.10.16 14:25:58.229,1.57753,1.57765,1.13,1.50
2013.10.16 14:25:58.408,1.57748,1.57761,1.13,2.59
2013.10.16 14:25:58.710,1.57747,1.5776,2.33,1.95
2013.10.16 14:25:58.770,1.57751,1.57762,2.63,1.28
2013.10.16 14:25:59.128,1.57755,1.57766,2.03,1.50
2013.10.16 14:25:59.190,1.57754,1.57766,1.58,1.50
2013.10.16 14:25:59.248,1.5775,1.57762,1.95,1.13
2013.10.16 14:25:59.608,1.57746,1.57758,1.28,1.13
2013.10.16 14:25:59.848,1.57741,1.57751,1.13,1.13
2013.10.16 14:26:00.028,1.57739,1.5775,2.70,1.13
2013.10.16 14:26:00.267,1.57737,1.57749,1.20,1.50
2013.10.16 14:26:00.687,1.57736,1.57751,2.25,3.00
2013.10.16 14:26:00.808,1.57736,1.57751,2.25,3.38
2013.10.16 14:26:00.988,1.57737,1.57751,1.13,2.78
2013.10.16 14:26:01.347,1.57733,1.57747,1.20,1.50
2013.10.16 14:26:01.597,1.57732,1.57747,2.40,2.33
2013.10.16 14:26:02.258,1.57738,1.57748,1.20,2.63
2013.10.16 14:26:02.330,1.57738,1.5775,1.20,1.88
2013.10.16 14:26:02.458,1.57739,1.5775,1.58,1.13
2013.10.16 14:26:02.817,1.57736,1.57748,1.80,1.50
2013.10.16 14:26:03.239,1.57734,1.57744,3.38,1.50
2013.10.16 14:26:03.298,1.57732,1.57741,1.50,1.20
2013.10.16 14:26:03.358,1.57729,1.57741,1.20,1.95
2013.10.16 14:26:04.099,1.57726,1.57741,1.95,1.95
2013.10.16 14:26:04.161,1.57729,1.57741,1.20,1.58
2013.10.16 14:26:04.407,1.57732,1.57744,1.28,1.13
2013.10.16 14:26:04.469,1.57734,1.57744,1.13,1.13
2013.10.16 14:26:04.767,1.57734,1.57748,1.65,1.20
2013.10.16 14:26:04.827,1.57734,1.57748,1.65,1.13
2013.10.16 14:26:05.188,1.57736,1.57748,1.32,1.65
2013.10.16 14:26:05.310,1.57739,1.57752,1.13,1.50
2013.10.16 14:26:05.427,1.57741,1.57753,1.20,2.25
2013.10.16 14:26:05.487,1.57738,1.57753,1.95,3.38
2013.10.16 14:26:06.087,1.57738,1.57752,1.58,3.20
2013.10.16 14:26:07.178,1.57739,1.57752,1.65,3.20
2013.10.16 14:26:07.238,1.57741,1.57751,1.20,1.13
2013.10.16 14:26:07.817,1.57739,1.57751,2.40,1.13
2013.10.16 14:26:08.888,1.5774,1.57752,1.65,2.25
2013.10.16 14:26:09.335,1.5774,1.57752,1.65,1.50
2013.10.16 14:26:09.457,1.5774,1.57752,1.65,1.50
2013.10.16 14:26:09.577,1.57742,1.57752,1.13,1.13
2013.10.16 14:26:10.068,1.57744,1.57754,1.20,1.50
2013.10.16 14:26:10.428,1.57741,1.57754,1.28,1.13
2013.10.16 14:26:10.787,1.5774,1.57751,2.78,1.13
2013.10.16 14:26:11.758,1.57741,1.57752,1.28,1.13
2013.10.16 14:26:12.118,1.57748,1.57758,1.13,1.20
2013.10.16 14:26:12.238,1.57749,1.57761,1.28,1.13
2013.10.16 14:26:12.298,1.57749,1.57761,2.03,1.13
2013.10.16 14:26:12.420,1.57749,1.57764,2.03,3.08
2013.10.16 14:26:12.778,1.57757,1.57766,1.50,1.50
2013.10.16 14:26:13.397,1.57757,1.57769,1.50,3.08
2013.10.16 14:26:13.917,1.57757,1.57767,1.50,1.13
2013.10.16 14:26:14.848,1.57757,1.57769,2.25,2.70
2013.10.16 14:26:15.461,1.57757,1.57769,2.70,1.88
2013.10.16 14:26:15.769,1.57758,1.57769,1.28,1.50
2013.10.16 14:26:16.067,1.57758,1.57769,1.28,1.13
2013.10.16 14:26:16.607,1.57758,1.57769,1.13,1.58
2013.10.16 14:26:16.968,1.57755,1.57767,1.28,1.13
2013.10.16 14:26:17.089,1.57755,1.57766,1.20,1.13
2013.10.16 14:26:17.153,1.57754,1.57763,1.20,1.50
2013.10.16 14:26:17.402,1.57751,1.57763,1.13,2.78
2013.10.16 14:26:17.651,1.57749,1.57762,1.13,1.95
2013.10.16 14:26:18.838,1.57751,1.57763,1.13,1.28
2013.10.16 14:26:18.958,1.57751,1.57764,1.50,1.13
2013.10.16 14:26:19.018,1.57751,1.57765,1.58,1.65
2013.10.16 14:26:19.137,1.57752,1.57765,1.13,1.65
2013.10.16 14:26:19.497,1.57752,1.57763,1.13,1.58
2013.10.16 14:26:20.317,1.57753,1.57765,1.32,1.65
2013.10.16 14:26:20.377,1.57752,1.57765,1.39,1.58
2013.10.16 14:26:21.670,1.57752,1.57765,1.47,2.25
2013.10.16 14:26:22.772,1.57752,1.57763,1.47,1.13
2013.10.16 14:26:23.379,1.57752,1.57762,1.13,1.58
2013.10.16 14:26:23.597,1.57752,1.57762,1.13,1.58
2013.10.16 14:26:24.158,1.57752,1.57763,1.13,2.40
2013.10.16 14:26:24.689,1.57752,1.57763,1.20,1.50
2013.10.16 14:26:25.382,1.57752,1.57763,1.13,1.58
2013.10.16 14:26:25.907,1.57752,1.57764,1.13,2.40
2013.10.16 14:26:26.868,1.57752,1.57763,1.28,1.88
2013.10.16 14:26:27.347,1.57752,1.57764,1.88,1.13
2013.10.16 14:26:28.382,1.57752,1.57764,1.20,1.88
2013.10.16 14:26:29.219,1.57752,1.57763,1.13,1.50
2013.10.16 14:26:29.747,1.57751,1.57763,1.13,1.88
2013.10.16 14:26:31.588,1.57751,1.57762,1.13,1.50
2013.10.16 14:26:31.708,1.57748,1.57761,1.28,1.13
2013.10.16 14:26:32.457,1.57749,1.57761,2.03,1.13
2013.10.16 14:26:32.761,1.57748,1.5776,1.28,1.50
2013.10.16 14:26:32.829,1.57748,1.57758,1.28,1.32
2013.10.16 14:26:32.890,1.57748,1.57759,1.28,1.32
2013.10.16 14:26:33.248,1.57743,1.5775,2.33,1.50
2013.10.16 14:26:33.428,1.57738,1.57749,2.33,1.50
2013.10.16 14:26:33.728,1.57737,1.57744,1.35,1.13
2013.10.16 14:26:33.969,1.57724,1.57736,1.58,2.25
2013.10.16 14:26:34.029,1.57724,1.57736,1.28,3.00
2013.10.16 14:26:34.209,1.57721,1.57735,1.58,1.13
2013.10.16 14:26:34.327,1.57721,1.57735,1.20,1.20
2013.10.16 14:26:34.389,1.57721,1.57735,1.28,1.13
2013.10.16 14:26:34.748,1.5772,1.57735,1.20,1.13
2013.10.16 14:26:35.107,1.57716,1.57731,4.50,1.88
2013.10.16 14:26:35.167,1.57716,1.57731,2.33,2.63
2013.10.16 14:26:35.492,1.57716,1.5773,1.58,1.13
2013.10.16 14:26:35.617,1.57716,1.5773,1.02,1.88
2013.10.16 14:26:35.677,1.57715,1.5773,1.47,2.03
2013.10.16 14:26:36.237,1.57717,1.57731,1.39,2.33
2013.10.16 14:26:36.687,1.57716,1.57729,1.47,1.50
2013.10.16 14:26:36.927,1.57718,1.57731,1.13,3.08
2013.10.16 14:26:36.987,1.57716,1.57731,2.22,3.08
2013.10.16 14:26:37.516,1.57717,1.57731,2.14,2.33
2013.10.16 14:26:37.757,1.57719,1.57731,2.03,1.50
2013.10.16 14:26:37.998,1.57719,1.57734,2.78,3.00
2013.10.16 14:26:39.178,1.57719,1.57733,2.03,1.50
2013.10.16 14:26:39.617,1.57721,1.57733,1.58,1.50
2013.10.16 14:26:39.737,1.57721,1.57734,1.58,1.88
2013.10.16 14:26:39.858,1.57722,1.57734,1.50,1.88
2013.10.16 14:26:39.918,1.57722,1.57734,1.50,1.88
2013.10.16 14:26:39.979,1.57722,1.57734,1.58,1.13
2013.10.16 14:26:40.297,1.57722,1.57734,1.20,1.88
2013.10.16 14:26:40.357,1.57722,1.57734,1.95,1.13
2013.10.16 14:26:40.478,1.57722,1.57733,1.20,1.13
2013.10.16 14:26:40.597,1.57721,1.57731,1.65,1.13
2013.10.16 14:26:40.957,1.5772,1.57733,1.65,1.88
2013.10.16 14:26:41.077,1.5772,1.57734,1.65,1.50
2013.10.16 14:26:41.637,1.57719,1.57733,1.58,1.88
2013.10.16 14:26:42.059,1.57718,1.57731,1.13,1.58
2013.10.16 14:26:42.121,1.57717,1.57731,1.58,2.03
2013.10.16 14:26:42.179,1.57717,1.57724,1.13,1.50
2013.10.16 14:26:42.359,1.57715,1.57721,1.28,1.13
2013.10.16 14:26:42.540,1.57713,1.5772,1.32,1.13
2013.10.16 14:26:42.658,1.57713,1.57721,1.32,1.13
2013.10.16 14:26:42.778,1.5771,1.57721,2.25,1.13
2013.10.16 14:26:43.319,1.57712,1.57724,1.09,1.50
2013.10.16 14:26:43.563,1.57712,1.57724,1.65,1.13
2013.10.16 14:26:43.688,1.57713,1.57724,1.20,1.13
2013.10.16 14:26:44.049,1.57712,1.57724,1.65,1.88
2013.10.16 14:26:44.948,1.57709,1.57723,1.28,1.88
2013.10.16 14:26:45.429,1.57712,1.57724,1.50,1.58
2013.10.16 14:26:45.788,1.57714,1.57727,1.65,1.50
2013.10.16 14:26:46.147,1.57714,1.57729,2.40,2.33
2013.10.16 14:26:46.269,1.57718,1.57731,1.50,1.65
2013.10.16 14:26:46.628,1.57727,1.5774,1.50,1.13
2013.10.16 14:26:46.929,1.57728,1.5774,1.20,1.13
2013.10.16 14:26:47.289,1.57729,1.57741,1.65,1.13
2013.10.16 14:26:47.528,1.57727,1.5774,1.95,1.50
2013.10.16 14:26:47.587,1.57727,1.5774,1.65,1.50
2013.10.16 14:26:48.678,1.57728,1.57742,1.58,1.65
2013.10.16 14:26:48.749,1.57728,1.57742,1.95,1.58
2013.10.16 14:26:49.259,1.57729,1.57743,4.13,1.88
2013.10.16 14:26:50.857,1.57731,1.57743,1.20,1.13
2013.10.16 14:26:51.552,1.5773,1.57742,1.65,1.88
2013.10.16 14:26:51.689,1.5773,1.57742,1.65,1.88
2013.10.16 14:26:51.747,1.57729,1.57742,1.95,1.88
2013.10.16 14:26:52.368,1.57728,1.57741,1.65,1.32
2013.10.16 14:26:52.548,1.57729,1.57742,1.65,1.50
2013.10.16 14:26:52.789,1.57728,1.57741,1.65,2.33
2013.10.16 14:26:53.477,1.57726,1.5774,2.70,1.50
2013.10.16 14:26:54.018,1.57728,1.5774,1.20,1.50
2013.10.16 14:26:54.139,1.57729,1.57741,1.20,2.25
2013.10.16 14:26:54.768,1.57729,1.57738,1.20,1.32
2013.10.16 14:26:54.828,1.5773,1.57738,1.65,1.32
2013.10.16 14:26:55.393,1.57728,1.57738,1.65,1.32
2013.10.16 14:26:56.448,1.57731,1.57739,1.65,1.09
2013.10.16 14:26:56.870,1.57729,1.57741,3.08,1.13
2013.10.16 14:26:57.409,1.57729,1.57741,1.65,1.88
2013.10.16 14:26:58.169,1.57729,1.5774,1.65,1.50
2013.10.16 14:26:59.770,1.57728,1.57739,1.65,1.32
2013.10.16 14:27:00.388,1.57725,1.57735,1.13,1.13
2013.10.16 14:27:00.448,1.57723,1.57733,1.20,1.50
2013.10.16 14:27:00.507,1.57722,1.57733,1.28,1.50
2013.10.16 14:27:00.568,1.57722,1.57737,1.95,2.33
2013.10.16 14:27:01.347,1.5772,1.57732,1.28,1.88
2013.10.16 14:27:01.618,1.57718,1.57732,2.33,2.07
2013.10.16 14:27:02.158,1.57722,1.57734,1.50,1.09
2013.10.16 14:27:02.339,1.57724,1.57735,2.03,3.19
2013.10.16 14:27:03.658,1.57725,1.57735,1.20,1.32
2013.10.16 14:27:03.838,1.57725,1.57736,1.20,1.84
2013.10.16 14:27:04.318,1.57727,1.57738,1.13,1.32
2013.10.16 14:27:04.857,1.57728,1.57738,1.28,1.32
2013.10.16 14:27:05.577,1.57728,1.57738,2.03,1.32
2013.10.16 14:27:06.499,1.57726,1.57738,1.65,1.32
2013.10.16 14:27:06.859,1.57728,1.57738,1.13,1.32
2013.10.16 14:27:08.257,1.57728,1.57738,1.58,1.32
2013.10.16 14:27:09.527,1.57728,1.57738,1.28,1.32
2013.10.16 14:27:11.061,1.57727,1.57738,1.13,1.39
2013.10.16 14:27:12.387,1.57729,1.57738,1.20,1.32
2013.10.16 14:27:12.447,1.57729,1.57741,1.20,1.58
2013.10.16 14:27:12.511,1.57731,1.57741,1.13,1.58
2013.10.16 14:27:13.248,1.57732,1.57741,1.88,1.02
2013.10.16 14:27:13.548,1.5774,1.57747,1.95,1.50
2013.10.16 14:27:13.608,1.57741,1.57748,1.88,1.50
2013.10.16 14:27:13.967,1.57743,1.57756,1.58,1.50
2013.10.16 14:27:14.508,1.57743,1.57756,1.88,1.13
2013.10.16 14:27:17.208,1.57747,1.57757,1.13,1.50
2013.10.16 14:27:17.759,1.57747,1.57758,1.13,1.95
2013.10.16 14:27:17.997,1.57743,1.57755,1.28,1.13
2013.10.16 14:27:18.238,1.57734,1.5775,1.58,1.95
2013.10.16 14:27:18.298,1.57735,1.57747,1.28,1.50
2013.10.16 14:27:18.659,1.57743,1.57751,1.13,1.13
2013.10.16 14:27:19.199,1.57743,1.57751,1.28,1.13
2013.10.16 14:27:19.628,1.57743,1.57754,1.28,1.13
2013.10.16 14:27:19.927,1.57743,1.57754,1.13,1.13
2013.10.16 14:27:19.987,1.57743,1.57752,1.13,1.50
2013.10.16 14:27:20.527,1.57739,1.57751,1.20,1.50
2013.10.16 14:27:21.068,1.57739,1.57751,1.20,1.50
2013.10.16 14:27:21.428,1.57739,1.57752,1.95,2.33
2013.10.16 14:27:21.787,1.57741,1.57752,1.95,1.50
2013.10.16 14:27:22.474,1.57744,1.57756,1.58,1.88
2013.10.16 14:27:22.730,1.57745,1.57756,1.88,1.13
2013.10.16 14:27:22.909,1.57745,1.57755,1.13,1.09
2013.10.16 14:27:23.481,1.57744,1.57753,1.50,2.03
2013.10.16 14:27:23.830,1.57743,1.57753,1.13,2.03
2013.10.16 14:27:24.408,1.57745,1.57758,1.13,1.95
2013.10.16 14:27:24.468,1.57745,1.57759,2.63,1.13
2013.10.16 14:27:24.648,1.57746,1.57759,1.13,1.13
2013.10.16 14:27:25.008,1.57749,1.57761,1.13,1.50
2013.10.16 14:27:25.312,1.57751,1.57761,1.13,1.50
2013.10.16 14:27:25.501,1.57749,1.57757,1.20,1.13
2013.10.16 14:27:25.569,1.57741,1.57757,2.03,2.40
2013.10.16 14:27:25.630,1.5774,1.57756,3.08,1.28
2013.10.16 14:27:25.939,1.57745,1.57756,1.13,1.95
2013.10.16 14:27:26.058,1.57745,1.57754,1.13,1.13
2013.10.16 14:27:26.118,1.57739,1.5775,1.65,1.13
2013.10.16 14:27:26.298,1.57739,1.57752,1.28,2.25
2013.10.16 14:27:26.808,1.5774,1.57748,1.58,1.50
2013.10.16 14:27:26.987,1.5774,1.5775,1.58,1.50
2013.10.16 14:27:27.543,1.5774,1.5775,1.58,1.50
2013.10.16 14:27:27.610,1.5774,1.57751,1.58,1.50
2013.10.16 14:27:27.738,1.5774,1.57751,1.58,1.50
2013.10.16 14:27:27.979,1.57742,1.57754,1.28,1.50
2013.10.16 14:27:28.518,1.57744,1.57755,1.13,2.25
2013.10.16 14:27:29.103,1.57743,1.57753,1.20,1.50
2013.10.16 14:27:29.528,1.57742,1.57753,1.88,1.13
2013.10.16 14:27:29.827,1.57737,1.57745,1.28,1.13
2013.10.16 14:27:30.328,1.57733,1.57744,1.50,1.13
2013.10.16 14:27:30.508,1.57732,1.57744,1.95,1.13
2013.10.16 14:27:31.689,1.57733,1.57742,1.65,1.13
2013.10.16 14:27:33.438,1.57732,1.57742,2.03,1.88
2013.10.16 14:27:33.919,1.57732,1.57746,2.03,1.58
2013.10.16 14:27:34.098,1.57739,1.57747,2.14,1.50
2013.10.16 14:27:34.158,1.57744,1.5775,1.13,1.13
2013.10.16 14:27:34.277,1.57744,1.57752,1.50,2.44
2013.10.16 14:27:34.818,1.57745,1.57752,1.13,1.88
2013.10.16 14:27:34.878,1.57745,1.57754,1.13,1.13
2013.10.16 14:27:34.938,1.57744,1.57754,1.58,1.88
2013.10.16 14:27:35.298,1.57733,1.57744,1.65,1.13
2013.10.16 14:27:35.597,1.57732,1.57742,1.28,1.32
2013.10.16 14:27:35.777,1.57729,1.57739,1.65,1.13
2013.10.16 14:27:36.327,1.57729,1.57739,1.13,1.13
2013.10.16 14:27:36.928,1.57728,1.57741,1.95,1.20
2013.10.16 14:27:37.167,1.5773,1.57741,1.88,1.20
2013.10.16 14:27:37.864,1.57731,1.57741,1.13,1.20
2013.10.16 14:27:38.199,1.57732,1.57743,1.13,1.20
2013.10.16 14:27:39.168,1.57731,1.57745,2.78,1.32
2013.10.16 14:27:39.649,1.57734,1.57745,2.33,1.13
2013.10.16 14:27:39.708,1.57735,1.57746,1.28,1.13
2013.10.16 14:27:39.828,1.57735,1.57745,2.03,1.13
2013.10.16 14:27:40.187,1.57741,1.57751,1.58,1.69
2013.10.16 14:27:40.308,1.5774,1.57751,1.13,1.69
2013.10.16 14:27:40.608,1.57743,1.57751,1.20,1.50
2013.10.16 14:27:41.109,1.57744,1.57757,1.95,1.88
2013.10.16 14:27:42.038,1.57746,1.57757,1.28,1.50
2013.10.16 14:27:42.398,1.5775,1.57762,1.13,1.65
2013.10.16 14:27:42.518,1.57753,1.57766,1.13,2.78
2013.10.16 14:27:43.519,1.57756,1.57767,1.88,1.20
2013.10.16 14:27:44.028,1.57756,1.57767,1.13,1.39
2013.10.16 14:27:46.368,1.57757,1.57767,1.20,1.88
2013.10.16 14:27:46.608,1.57756,1.57767,1.28,1.88
2013.10.16 14:27:46.668,1.57755,1.57767,1.58,1.88
2013.10.16 14:27:47.232,1.57755,1.57766,1.58,1.50
2013.10.16 14:27:48.090,1.57755,1.57766,1.58,1.50
2013.10.16 14:27:48.628,1.57755,1.57766,1.20,1.50
2013.10.16 14:27:51.648,1.57759,1.57767,1.13,1.13
2013.10.16 14:27:52.840,1.57759,1.57769,1.13,1.13
2013.10.16 14:27:53.200,1.57761,1.57768,1.13,1.13
2013.10.16 14:27:53.269,1.57761,1.57772,1.88,1.20
2013.10.16 14:27:53.329,1.57761,1.57773,1.20,1.20
2013.10.16 14:27:53.389,1.57761,1.57774,1.28,1.13
2013.10.16 14:27:53.748,1.57765,1.57775,1.20,1.20
2013.10.16 14:27:54.308,1.57762,1.57775,2.33,1.13
2013.10.16 14:27:54.608,1.57763,1.57776,1.28,1.58
2013.10.16 14:27:54.668,1.57763,1.57776,1.58,1.50
2013.10.16 14:27:55.254,1.57764,1.57776,1.28,1.13
2013.10.16 14:27:55.391,1.57764,1.57779,1.28,1.95
2013.10.16 14:27:55.848,1.57764,1.57779,1.65,1.95
2013.10.16 14:27:56.177,1.57764,1.57779,2.03,1.95
2013.10.16 14:27:56.478,1.57764,1.57772,1.58,1.13
2013.10.16 14:27:56.538,1.57763,1.57771,1.20,1.50
2013.10.16 14:27:56.600,1.5776,1.57771,1.13,1.50
2013.10.16 14:27:56.669,1.57759,1.57771,1.65,1.50
2013.10.16 14:27:56.788,1.57756,1.57771,1.88,2.44
2013.10.16 14:27:57.297,1.57755,1.57771,1.58,3.27
2013.10.16 14:27:57.837,1.57755,1.57771,1.58,3.64
2013.10.16 14:27:58.397,1.57757,1.5777,1.13,1.20
2013.10.16 14:27:58.937,1.57757,1.57765,1.13,1.50
2013.10.16 14:27:59.478,1.57751,1.57765,1.95,1.65
2013.10.16 14:27:59.598,1.57751,1.57765,1.20,1.65
2013.10.16 14:28:00.698,1.57754,1.57766,1.13,1.58
2013.10.16 14:28:01.878,1.57754,1.57766,1.13,1.58
2013.10.16 14:28:02.457,1.57754,1.57766,1.88,1.58
2013.10.16 14:28:02.759,1.57756,1.57769,1.13,1.95
2013.10.16 14:28:02.879,1.5776,1.57771,1.13,1.95
2013.10.16 14:28:02.938,1.57759,1.57771,1.13,1.88
2013.10.16 14:28:02.998,1.5776,1.57771,1.13,1.80
2013.10.16 14:28:03.058,1.5776,1.57771,1.13,1.58
2013.10.16 14:28:03.238,1.57763,1.57775,1.13,1.28
2013.10.16 14:28:03.298,1.57764,1.57776,1.13,1.80
2013.10.16 14:28:03.418,1.57764,1.57776,2.25,1.58
2013.10.16 14:28:03.477,1.57765,1.57776,1.88,1.58
2013.10.16 14:28:04.018,1.57765,1.57776,1.13,1.58
2013.10.16 14:28:05.017,1.57764,1.57776,1.13,1.77
2013.10.16 14:28:05.078,1.57763,1.57776,1.20,1.39
2013.10.16 14:28:05.198,1.57758,1.57766,1.50,1.50
2013.10.16 14:28:05.257,1.57756,1.57767,1.50,1.50
2013.10.16 14:28:05.439,1.57754,1.57766,1.58,1.50
2013.10.16 14:28:05.799,1.57753,1.57766,1.50,2.70
2013.10.16 14:28:06.318,1.57752,1.57766,1.50,2.70
2013.10.16 14:28:08.707,1.57751,1.57765,1.13,1.20
2013.10.16 14:28:08.827,1.57751,1.57765,1.13,1.20
2013.10.16 14:28:09.367,1.57752,1.57763,1.13,1.65
2013.10.16 14:28:09.608,1.57754,1.57763,1.13,1.65
2013.10.16 14:28:09.727,1.57753,1.57766,1.13,1.65
2013.10.16 14:28:10.028,1.57754,1.57766,1.13,1.58
2013.10.16 14:28:10.569,1.57755,1.57768,1.13,2.03
2013.10.16 14:28:11.678,1.57752,1.57765,1.65,1.13
2013.10.16 14:28:11.738,1.57753,1.57764,1.20,1.50
2013.10.16 14:28:11.858,1.57751,1.57766,1.50,1.92
2013.10.16 14:28:11.919,1.57751,1.57766,1.58,1.84
2013.10.16 14:28:12.038,1.57752,1.57767,2.03,1.65
2013.10.16 14:28:12.098,1.57753,1.57766,1.20,1.58
2013.10.16 14:28:12.702,1.57752,1.57766,1.28,1.58
2013.10.16 14:28:13.867,1.57754,1.57768,1.88,2.40
2013.10.16 14:28:14.081,1.57754,1.57767,1.13,1.65
2013.10.16 14:28:14.636,1.57756,1.57769,1.13,1.20
2013.10.16 14:28:15.193,1.57756,1.57769,1.13,1.20
2013.10.16 14:28:16.942,1.57757,1.57769,2.70,1.13
2013.10.16 14:28:17.248,1.57762,1.57771,1.13,1.50
2013.10.16 14:28:17.610,1.57765,1.57772,1.20,1.50
2013.10.16 14:28:18.089,1.57764,1.57777,2.63,1.69
2013.10.16 14:28:18.210,1.57764,1.57778,2.63,1.32
2013.10.16 14:28:18.330,1.57764,1.57778,2.63,1.69
2013.10.16 14:28:19.014,1.57766,1.57778,1.13,1.88
2013.10.16 14:28:19.328,1.57771,1.57781,1.20,1.69
2013.10.16 14:28:19.689,1.57771,1.57781,1.58,1.50
2013.10.16 14:28:19.990,1.57772,1.57782,1.13,1.50
2013.10.16 14:28:20.410,1.5777,1.57782,1.58,2.44
2013.10.16 14:28:20.948,1.57768,1.57781,1.13,3.00
2013.10.16 14:28:21.009,1.57766,1.57778,1.13,2.14
2013.10.16 14:28:21.128,1.57762,1.57774,2.33,1.69
2013.10.16 14:28:21.307,1.57762,1.57772,1.65,1.50
2013.10.16 14:28:21.968,1.57759,1.57774,2.03,1.84
2013.10.16 14:28:22.148,1.57763,1.57775,1.13,1.65
2013.10.16 14:28:22.742,1.57764,1.57775,1.13,2.40
2013.10.16 14:28:23.098,1.57764,1.57775,1.13,1.58
2013.10.16 14:28:23.158,1.57764,1.57777,1.13,1.95
2013.10.16 14:28:23.217,1.57764,1.57777,1.13,1.65
2013.10.16 14:28:23.277,1.57764,1.57776,1.13,1.58
2013.10.16 14:28:23.398,1.57762,1.57776,2.03,1.58
2013.10.16 14:28:23.519,1.57762,1.57776,2.03,1.58
2013.10.16 14:28:23.640,1.57763,1.57774,1.20,1.69
2013.10.16 14:28:23.878,1.5776,1.57772,1.28,1.50
2013.10.16 14:28:24.628,1.57761,1.57774,1.13,1.09
2013.10.16 14:28:24.688,1.57764,1.57775,1.13,1.20
2013.10.16 14:28:24.989,1.57763,1.57774,1.65,1.69
2013.10.16 14:28:25.171,1.57757,1.57764,2.25,1.47
2013.10.16 14:28:25.240,1.57757,1.57764,1.88,1.54
2013.10.16 14:28:25.369,1.57752,1.57762,1.50,1.20
2013.10.16 14:28:25.429,1.57752,1.57761,2.25,1.50
2013.10.16 14:28:25.490,1.57752,1.57762,1.50,1.13
2013.10.16 14:28:25.670,1.57751,1.57763,1.65,1.13
2013.10.16 14:28:25.848,1.57749,1.57763,1.28,1.58
2013.10.16 14:28:26.088,1.57748,1.57762,1.65,1.69
2013.10.16 14:28:26.980,1.57748,1.57762,1.65,1.50
2013.10.16 14:28:27.038,1.57748,1.57762,1.65,1.50
2013.10.16 14:28:27.219,1.57749,1.57765,3.15,3.90
2013.10.16 14:28:27.758,1.57749,1.57765,2.33,3.45
2013.10.16 14:28:27.937,1.57749,1.57765,1.65,3.90
2013.10.16 14:28:28.458,1.57749,1.57765,2.03,4.28
2013.10.16 14:28:29.054,1.57749,1.57762,1.65,1.50
2013.10.16 14:28:29.786,1.57744,1.57757,1.13,2.25
2013.10.16 14:28:29.980,1.57741,1.57753,1.28,1.50
2013.10.16 14:28:30.518,1.5774,1.57753,1.58,1.88
2013.10.16 14:28:30.698,1.57744,1.57756,1.65,1.50
2013.10.16 14:28:31.058,1.57744,1.57756,1.65,1.50
2013.10.16 14:28:31.419,1.57741,1.57752,1.28,1.13
2013.10.16 14:28:31.967,1.57743,1.57754,1.20,1.50
2013.10.16 14:28:32.157,1.57739,1.57754,5.25,1.50
2013.10.16 14:28:32.789,1.57741,1.57755,1.95,1.09
2013.10.16 14:28:32.969,1.57745,1.57756,1.13,2.52
2013.10.16 14:28:33.327,1.57747,1.5776,1.20,1.39
2013.10.16 14:28:33.808,1.57743,1.57754,1.13,1.47
2013.10.16 14:28:34.047,1.57742,1.57754,1.28,1.84
2013.10.16 14:28:34.167,1.57742,1.57753,1.20,1.88
2013.10.16 14:28:34.287,1.57742,1.57752,1.20,1.13
2013.10.16 14:28:34.919,1.57741,1.57754,2.03,1.50
2013.10.16 14:28:36.937,1.57742,1.57755,1.20,1.77
2013.10.16 14:28:37.768,1.57745,1.57757,1.13,3.15
2013.10.16 14:28:37.948,1.57745,1.57757,2.63,1.65
2013.10.16 14:28:38.307,1.57745,1.57756,1.20,1.13
2013.10.16 14:28:38.428,1.57745,1.57757,1.20,1.50
2013.10.16 14:28:40.650,1.57745,1.57757,2.03,1.50
2013.10.16 14:28:40.827,1.57744,1.57756,1.65,1.50
2013.10.16 14:28:41.247,1.57743,1.57756,2.33,2.25
2013.10.16 14:28:42.152,1.57743,1.57756,2.33,1.50
2013.10.16 14:28:42.868,1.57743,1.57756,2.33,1.50
2013.10.16 14:28:44.438,1.57743,1.57756,1.58,2.25
2013.10.16 14:28:45.626,1.57743,1.57756,1.58,1.50
2013.10.16 14:28:46.052,1.57746,1.57757,1.20,1.50
2013.10.16 14:28:46.120,1.57746,1.57759,1.20,1.39
2013.10.16 14:28:46.300,1.57751,1.57762,1.13,1.20
2013.10.16 14:28:46.421,1.57752,1.57766,1.95,1.65
2013.10.16 14:28:46.549,1.57752,1.57766,2.03,1.50
2013.10.16 14:28:47.211,1.57752,1.57764,1.65,1.50
2013.10.16 14:28:47.271,1.57753,1.57764,1.28,1.50
2013.10.16 14:28:47.521,1.57753,1.57766,1.13,1.95
2013.10.16 14:28:47.651,1.5775,1.57764,1.20,1.65
2013.10.16 14:28:48.251,1.57752,1.57764,1.13,1.65
2013.10.16 14:28:48.758,1.57752,1.57761,1.13,1.50
2013.10.16 14:28:49.029,1.57752,1.57761,1.13,1.50
2013.10.16 14:28:49.089,1.57751,1.57759,1.13,1.50
2013.10.16 14:28:49.150,1.57744,1.57758,2.33,1.32
2013.10.16 14:28:49.389,1.57744,1.57754,1.88,1.02
2013.10.16 14:28:49.739,1.57743,1.57753,1.50,1.65
2013.10.16 14:28:50.265,1.57743,1.57754,1.50,1.84
2013.10.16 14:28:50.387,1.57741,1.57754,1.13,1.84
2013.10.16 14:28:51.059,1.5774,1.57753,1.20,1.65
2013.10.16 14:28:51.120,1.5774,1.57753,1.20,2.40
2013.10.16 14:28:51.418,1.5774,1.57753,1.58,2.40
2013.10.16 14:28:51.599,1.57741,1.57756,2.33,3.45
2013.10.16 14:28:51.718,1.57741,1.57756,2.03,3.15
2013.10.16 14:28:51.958,1.57742,1.57753,1.20,1.50
2013.10.16 14:28:52.078,1.57741,1.57754,1.50,3.53
2013.10.16 14:28:52.748,1.57739,1.57751,1.95,1.50
2013.10.16 14:28:52.919,1.57739,1.57751,1.95,1.50
2013.10.16 14:28:53.158,1.57739,1.57754,2.70,3.72
2013.10.16 14:28:54.295,1.57739,1.57754,3.45,3.34
2013.10.16 14:28:54.850,1.57739,1.57751,2.70,1.50
2013.10.16 14:28:59.307,1.57739,1.57751,1.20,1.58
2013.10.16 14:28:59.829,1.57739,1.57751,1.13,2.40
2013.10.16 14:29:00.679,1.57739,1.57751,1.13,1.84
2013.10.16 14:29:00.739,1.57739,1.5775,1.13,1.39
2013.10.16 14:29:00.859,1.57736,1.57749,1.50,1.65
2013.10.16 14:29:01.218,1.57737,1.5775,1.50,1.13
2013.10.16 14:29:03.338,1.57735,1.57748,1.65,1.13
2013.10.16 14:29:03.399,1.57735,1.57748,1.28,1.88
2013.10.16 14:29:03.519,1.57734,1.57747,1.28,2.07
2013.10.16 14:29:03.638,1.5773,1.57743,1.28,1.58
2013.10.16 14:29:03.699,1.5773,1.57744,1.28,1.65
2013.10.16 14:29:03.817,1.57728,1.57743,1.65,1.84
2013.10.16 14:29:03.997,1.57727,1.57742,2.78,1.95
2013.10.16 14:29:04.118,1.5773,1.57742,1.13,2.70
2013.10.16 14:29:04.448,1.57728,1.57739,1.13,1.20
2013.10.16 14:29:04.627,1.57725,1.57737,2.40,1.13
2013.10.16 14:29:04.808,1.57721,1.57736,1.20,2.78
2013.10.16 14:29:05.047,1.57722,1.57736,1.65,1.13
2013.10.16 14:29:05.168,1.57724,1.57736,1.20,1.13
2013.10.16 14:29:05.988,1.57725,1.57736,1.13,1.50
2013.10.16 14:29:06.998,1.57725,1.57736,1.13,2.25
2013.10.16 14:29:07.119,1.57722,1.57735,1.20,2.25
2013.10.16 14:29:07.359,1.57716,1.57728,1.13,1.20
2013.10.16 14:29:07.417,1.57719,1.57731,1.13,1.77
2013.10.16 14:29:07.479,1.5772,1.57732,1.28,1.13
2013.10.16 14:29:08.012,1.5772,1.57733,1.13,1.65
2013.10.16 14:29:08.547,1.5772,1.57734,1.13,1.65
2013.10.16 14:29:09.338,1.5772,1.57734,1.20,2.03
2013.10.16 14:29:09.398,1.57719,1.57733,1.65,1.58
2013.10.16 14:29:09.458,1.57718,1.57731,1.95,1.13
2013.10.16 14:29:09.818,1.57713,1.57723,1.13,1.58
2013.10.16 14:29:09.998,1.57712,1.57723,1.13,1.58
2013.10.16 14:29:10.538,1.57708,1.57721,1.28,1.50
2013.10.16 14:29:11.378,1.57712,1.57721,1.13,1.50
2013.10.16 14:29:11.918,1.57708,1.57721,1.65,1.50
2013.10.16 14:29:12.418,1.57711,1.5772,1.13,1.50
2013.10.16 14:29:12.479,1.5771,1.5772,1.20,1.50
2013.10.16 14:29:12.601,1.5771,1.57721,1.13,2.33
2013.10.16 14:29:12.659,1.5771,1.57719,1.13,1.50
2013.10.16 14:29:13.018,1.57705,1.57717,2.33,1.50
2013.10.16 14:29:13.438,1.57708,1.57721,1.13,1.65
2013.10.16 14:29:13.498,1.5771,1.57718,1.13,1.50
2013.10.16 14:29:13.858,1.57713,1.57721,1.28,1.50
2013.10.16 14:29:13.918,1.57714,1.57727,2.03,1.69
2013.10.16 14:29:14.458,1.57716,1.57727,1.13,1.69
2013.10.16 14:29:14.767,1.57716,1.57727,1.13,1.69
2013.10.16 14:29:15.008,1.57718,1.57727,1.13,1.50
2013.10.16 14:29:15.547,1.57718,1.57727,1.13,1.50
2013.10.16 14:29:16.087,1.57718,1.57728,1.13,1.95
2013.10.16 14:29:17.957,1.57717,1.57728,1.50,1.13
2013.10.16 14:29:19.699,1.57717,1.57728,1.95,1.13
2013.10.16 14:29:19.877,1.57715,1.57728,1.65,1.13
2013.10.16 14:29:20.470,1.57716,1.57727,1.50,2.15
2013.10.16 14:29:22.678,1.57717,1.57729,1.50,1.28
2013.10.16 14:29:22.798,1.57719,1.57731,2.63,1.58
2013.10.16 14:29:23.308,1.57719,1.57731,2.70,1.13
2013.10.16 14:29:23.963,1.5772,1.57731,1.50,1.13
2013.10.16 14:29:24.519,1.57721,1.57731,2.70,1.13
2013.10.16 14:29:24.818,1.5772,1.57731,1.58,1.13
2013.10.16 14:29:25.192,1.57717,1.57731,2.40,1.20
2013.10.16 14:29:27.207,1.57714,1.57725,2.25,1.20
2013.10.16 14:29:27.328,1.57714,1.57725,2.25,1.20
2013.10.16 14:29:28.060,1.57714,1.57726,2.25,2.03
2013.10.16 14:29:28.418,1.57715,1.57726,1.50,1.28
2013.10.16 14:29:28.537,1.57715,1.57726,1.50,1.28
2013.10.16 14:29:28.837,1.57719,1.57728,1.50,1.20
2013.10.16 14:29:29.138,1.57717,1.57727,1.50,1.13
2013.10.16 14:29:29.258,1.57715,1.57727,2.33,1.13
2013.10.16 14:29:29.318,1.57715,1.57727,2.33,1.13
2013.10.16 14:29:29.723,1.57715,1.57727,1.58,1.13
2013.10.16 14:29:30.416,1.57719,1.57727,1.13,1.13
2013.10.16 14:29:31.739,1.57719,1.57728,1.88,1.13
2013.10.16 14:29:31.917,1.5772,1.57731,1.13,1.13
2013.10.16 14:29:32.867,1.57721,1.57731,1.20,1.13
2013.10.16 14:29:33.837,1.57721,1.57731,1.28,1.88
2013.10.16 14:29:34.079,1.57719,1.57728,2.03,1.13
2013.10.16 14:29:34.198,1.57719,1.57728,1.28,2.07
2013.10.16 14:29:34.498,1.57715,1.57726,1.28,1.88
2013.10.16 14:29:34.678,1.57711,1.57723,1.13,1.32
2013.10.16 14:29:34.799,1.57707,1.57721,2.33,1.50
2013.10.16 14:29:35.160,1.57707,1.57717,1.28,1.50
2013.10.16 14:29:35.598,1.57706,1.57719,1.65,1.50
2013.10.16 14:29:36.149,1.57705,1.57719,2.70,1.50
2013.10.16 14:29:36.387,1.57704,1.57719,2.40,1.65
2013.10.16 14:29:36.508,1.57704,1.57717,2.40,1.50
2013.10.16 14:29:38.159,1.57705,1.57715,1.58,1.50
2013.10.16 14:29:38.338,1.57704,1.57715,2.40,1.50
2013.10.16 14:29:38.519,1.57705,1.57715,1.20,1.69
2013.10.16 14:29:38.877,1.57704,1.57713,2.40,1.13
2013.10.16 14:29:38.937,1.57704,1.57714,2.40,1.13
2013.10.16 14:29:38.997,1.57705,1.57715,1.20,1.50
2013.10.16 14:29:39.619,1.57704,1.57715,2.40,1.88
2013.10.16 14:29:39.917,1.57704,1.57714,2.70,1.13
2013.10.16 14:29:42.699,1.57704,1.57713,2.70,1.13
2013.10.16 14:29:44.587,1.57704,1.57714,3.00,1.13
2013.10.16 14:29:44.829,1.57699,1.57711,2.40,2.82
2013.10.16 14:29:44.948,1.57696,1.57711,1.88,2.14
2013.10.16 14:29:45.009,1.57697,1.57708,1.50,1.13
2013.10.16 14:29:45.069,1.57695,1.5771,1.28,2.03
2013.10.16 14:29:45.307,1.57696,1.57711,3.08,2.82
2013.10.16 14:29:45.614,1.57696,1.5771,2.70,1.13
2013.10.16 14:29:45.798,1.57701,1.57711,1.50,1.32
2013.10.16 14:29:46.038,1.577,1.57712,1.20,1.13
2013.10.16 14:29:46.247,1.57701,1.57711,1.28,1.13
2013.10.16 14:29:46.487,1.577,1.57711,2.70,1.13
2013.10.16 14:29:46.730,1.57701,1.57711,1.28,1.13
2013.10.16 14:29:46.789,1.577,1.57711,2.70,1.13
2013.10.16 14:29:47.267,1.577,1.57711,1.88,1.13
2013.10.16 14:29:47.388,1.57697,1.57706,1.65,1.13
2013.10.16 14:29:47.448,1.57696,1.57706,2.70,1.13
2013.10.16 14:29:47.627,1.57696,1.57706,2.40,1.13
2013.10.16 14:29:47.688,1.57697,1.57709,1.20,1.13
2013.10.16 14:29:47.931,1.57703,1.57716,2.40,1.13
2013.10.16 14:29:48.059,1.57704,1.57712,1.20,1.13
2013.10.16 14:29:48.417,1.57703,1.57711,3.15,1.13
2013.10.16 14:29:48.598,1.57703,1.57711,2.33,1.13
2013.10.16 14:29:48.778,1.577,1.57711,1.20,1.13
2013.10.16 14:29:49.018,1.57701,1.57711,1.20,1.13
2013.10.16 14:29:49.317,1.57701,1.57711,2.40,1.13
2013.10.16 14:29:50.021,1.57702,1.57712,1.95,1.13
2013.10.16 14:29:50.138,1.57703,1.57716,1.58,1.20
2013.10.16 14:29:50.499,1.57704,1.57717,1.58,1.20
2013.10.16 14:29:50.557,1.57704,1.57717,1.58,1.20
2013.10.16 14:29:50.618,1.57704,1.57718,1.88,1.20
2013.10.16 14:29:52.957,1.57706,1.57718,1.09,1.13
2013.10.16 14:29:53.497,1.57704,1.57717,2.03,1.13
2013.10.16 14:29:54.539,1.57703,1.57715,2.78,1.13
2013.10.16 14:29:57.208,1.57703,1.57714,2.03,1.13
2013.10.16 14:29:57.469,1.57703,1.57712,1.65,1.13
2013.10.16 14:29:58.028,1.57703,1.57711,1.50,1.13
2013.10.16 14:29:58.586,1.57701,1.57712,2.33,1.13
2013.10.16 14:29:59.060,1.577,1.57706,2.03,1.50
2013.10.16 14:29:59.238,1.57694,1.57706,3.53,1.13
2013.10.16 14:29:59.658,1.57694,1.57707,3.53,2.07
2013.10.16 14:29:59.778,1.57694,1.57707,2.78,1.32
2013.10.16 14:30:00.349,1.57695,1.57707,1.20,1.88
2013.10.16 14:30:00.468,1.57697,1.57709,1.58,1.13
2013.10.16 14:30:00.828,1.57699,1.57711,2.78,1.13
2013.10.16 14:30:01.188,1.57701,1.57714,1.20,1.13
2013.10.16 14:30:01.369,1.57702,1.57715,1.28,2.25
2013.10.16 14:30:01.910,1.57702,1.57715,1.13,2.03
2013.10.16 14:30:02.090,1.57704,1.57715,2.25,1.88
2013.10.16 14:30:02.402,1.5771,1.57716,1.50,1.50
2013.10.16 14:30:02.468,1.57706,1.57717,1.58,2.07
2013.10.16 14:30:02.949,1.57706,1.57717,2.25,1.47
2013.10.16 14:30:03.558,1.57708,1.57718,1.13,2.33
2013.10.16 14:30:04.108,1.57706,1.57717,1.20,1.69
2013.10.16 14:30:06.108,1.57703,1.57716,1.58,1.20
2013.10.16 14:30:06.872,1.57703,1.57716,1.58,1.20
2013.10.16 14:30:06.943,1.577,1.57709,1.65,1.13
2013.10.16 14:30:07.667,1.577,1.57711,1.13,1.13
2013.10.16 14:30:08.308,1.57699,1.5771,1.13,1.20
2013.10.16 14:30:08.788,1.57694,1.57706,1.95,1.13
2013.10.16 14:30:09.088,1.57694,1.57707,1.95,1.20
2013.10.16 14:30:09.148,1.57698,1.5771,1.50,1.58
2013.10.16 14:30:09.448,1.57699,1.57711,1.20,1.13
2013.10.16 14:30:09.508,1.57701,1.57714,1.13,1.77
2013.10.16 14:30:09.628,1.57701,1.57715,1.20,1.50
2013.10.16 14:30:10.178,1.577,1.57712,2.03,1.32
2013.10.16 14:30:10.890,1.577,1.57713,1.95,1.73
2013.10.16 14:30:12.478,1.57703,1.57716,1.50,3.53
2013.10.16 14:30:12.837,1.57704,1.57716,1.95,1.65
2013.10.16 14:30:14.515,1.57704,1.57714,1.20,1.13
2013.10.16 14:30:16.778,1.57701,1.57711,1.58,1.13
2013.10.16 14:30:16.958,1.577,1.57711,2.03,1.13
2013.10.16 14:30:17.018,1.57701,1.57711,1.20,1.13
2013.10.16 14:30:17.320,1.57698,1.57707,1.20,1.88
2013.10.16 14:30:17.500,1.57694,1.57706,1.58,1.13
2013.10.16 14:30:17.618,1.57693,1.57706,4.20,1.39
2013.10.16 14:30:17.739,1.57694,1.57706,1.50,1.20
2013.10.16 14:30:17.798,1.57701,1.57709,1.50,1.55
2013.10.16 14:30:17.919,1.57701,1.57711,1.28,1.93
2013.10.16 14:30:18.041,1.57701,1.57712,4.28,1.18
2013.10.16 14:30:18.099,1.57701,1.57707,1.58,1.13
2013.10.16 14:30:18.713,1.57702,1.57715,1.58,1.13
2013.10.16 14:30:19.270,1.57704,1.57715,2.40,1.13
2013.10.16 14:30:21.720,1.57705,1.57717,1.65,1.13
2013.10.16 14:30:23.252,1.57705,1.57716,2.70,1.13
2013.10.16 14:30:23.618,1.57706,1.57714,1.20,1.13
2013.10.16 14:30:27.489,1.57706,1.57713,1.20,1.13
2013.10.16 14:30:27.549,1.57706,1.57715,1.20,1.32
2013.10.16 14:30:27.908,1.57704,1.57714,3.00,1.50
2013.10.16 14:30:28.090,1.57704,1.57711,2.40,1.13
2013.10.16 14:30:28.339,1.57704,1.57714,2.25,1.13
2013.10.16 14:30:28.591,1.57704,1.57713,2.25,1.13
2013.10.16 14:30:28.710,1.57704,1.57713,1.50,1.13
2013.10.16 14:30:29.070,1.577,1.57714,3.08,2.22
2013.10.16 14:30:29.133,1.57699,1.57711,1.20,1.88
2013.10.16 14:30:29.438,1.57697,1.57707,1.58,1.13
2013.10.16 14:30:29.619,1.57696,1.57706,1.50,1.20
2013.10.16 14:30:29.858,1.57692,1.57705,2.63,1.28
2013.10.16 14:30:30.772,1.5769,1.57701,2.03,1.13
2013.10.16 14:30:30.841,1.57689,1.57701,1.28,1.88
2013.10.16 14:30:31.198,1.57689,1.57699,1.28,1.13
2013.10.16 14:30:31.749,1.57688,1.57699,1.13,1.88
2013.10.16 14:30:32.160,1.57686,1.57696,3.53,1.13
2013.10.16 14:30:32.703,1.57687,1.57696,1.58,1.13
2013.10.16 14:30:35.110,1.57686,1.577,1.95,1.47
2013.10.16 14:30:35.170,1.57686,1.577,2.33,1.47
2013.10.16 14:30:35.530,1.57688,1.57696,1.50,1.13
2013.10.16 14:30:35.889,1.57687,1.57692,1.58,1.13
2013.10.16 14:30:36.373,1.57681,1.57691,2.59,1.13
2013.10.16 14:30:36.442,1.57681,1.57691,1.09,1.13
2013.10.16 14:30:37.450,1.5768,1.57691,1.58,1.13
2013.10.16 14:30:37.509,1.57681,1.57694,1.50,1.65
2013.10.16 14:30:38.170,1.57687,1.57696,1.50,1.88
2013.10.16 14:30:38.288,1.57687,1.57696,1.50,1.13
2013.10.16 14:30:38.529,1.57688,1.57701,1.02,1.20
2013.10.16 14:30:38.888,1.57691,1.57702,1.69,1.13
2013.10.16 14:30:39.069,1.57692,1.57706,1.65,1.50
2013.10.16 14:30:39.809,1.57693,1.57706,1.95,1.50
2013.10.16 14:30:40.336,1.57693,1.57706,2.70,1.50
2013.10.16 14:30:41.610,1.57696,1.57705,1.58,1.13
2013.10.16 14:30:41.909,1.57695,1.57705,1.50,1.13
2013.10.16 14:30:42.448,1.57695,1.57706,1.65,2.25
2013.10.16 14:30:43.638,1.57696,1.57706,1.28,1.88
2013.10.16 14:30:46.048,1.57696,1.57706,1.13,1.13
2013.10.16 14:30:46.168,1.57696,1.57706,1.13,1.13
2013.10.16 14:30:46.529,1.57698,1.57706,1.50,1.13
2013.10.16 14:30:47.169,1.57698,1.57709,1.50,1.65
2013.10.16 14:30:47.718,1.577,1.57709,1.13,1.13
2013.10.16 14:30:49.030,1.577,1.57709,1.13,1.20
2013.10.16 14:30:49.150,1.577,1.5771,1.13,1.65
2013.10.16 14:30:49.449,1.57703,1.57714,1.13,1.65
2013.10.16 14:30:49.812,1.57703,1.57716,1.13,1.28
2013.10.16 14:30:50.153,1.57706,1.57716,1.13,1.13
2013.10.16 14:30:50.219,1.57706,1.57715,1.13,1.13
2013.10.16 14:30:50.399,1.57706,1.57715,1.13,2.48
2013.10.16 14:30:50.459,1.57706,1.57715,1.13,2.85
2013.10.16 14:30:50.819,1.577,1.57713,1.58,1.65
2013.10.16 14:30:50.999,1.57702,1.57711,1.13,1.50
2013.10.16 14:30:51.179,1.57701,1.5771,1.13,1.50
2013.10.16 14:30:51.718,1.577,1.5771,1.50,1.50
2013.10.16 14:30:55.309,1.57699,1.57709,1.13,1.50
2013.10.16 14:30:57.971,1.57698,1.57706,1.13,1.50
2013.10.16 14:30:58.098,1.57694,1.57704,1.50,1.13
2013.10.16 14:30:58.158,1.57692,1.57703,1.58,1.50
2013.10.16 14:30:58.978,1.57692,1.57702,2.33,1.50
2013.10.16 14:30:59.161,1.57694,1.57705,1.50,1.20
2013.10.16 14:30:59.279,1.57694,1.57706,2.63,2.03
2013.10.16 14:30:59.818,1.57694,1.57706,2.78,1.50
2013.10.16 14:31:01.071,1.57693,1.57701,1.58,1.50
2013.10.16 14:31:01.611,1.57693,1.57701,1.13,1.50
2013.10.16 14:31:01.728,1.57692,1.57701,1.58,1.50
2013.10.16 14:31:03.998,1.57691,1.57701,1.58,1.88
2013.10.16 14:31:04.238,1.57689,1.57701,2.78,1.88
2013.10.16 14:31:04.538,1.57688,1.57696,2.89,1.50
2013.10.16 14:31:04.788,1.57689,1.57701,1.20,1.50
2013.10.16 14:31:04.909,1.57689,1.57702,1.50,1.50
2013.10.16 14:31:05.029,1.57689,1.57702,2.33,1.50
2013.10.16 14:31:05.148,1.5769,1.57701,1.28,1.50
2013.10.16 14:31:05.208,1.57693,1.57704,1.32,1.88
2013.10.16 14:31:05.388,1.57692,1.57704,1.69,1.13
2013.10.16 14:31:05.708,1.57693,1.57704,1.02,1.13
2013.10.16 14:31:05.828,1.57695,1.57706,1.47,2.63
2013.10.16 14:31:05.888,1.57696,1.57706,1.39,1.50
2013.10.16 14:31:06.009,1.57698,1.57711,1.20,1.95
2013.10.16 14:31:06.720,1.57699,1.5771,1.58,1.13
2013.10.16 14:31:06.980,1.57701,1.57711,1.28,1.13
2013.10.16 14:31:07.100,1.57701,1.5771,1.28,1.50
2013.10.16 14:31:08.878,1.577,1.57708,1.28,1.50
2013.10.16 14:31:10.243,1.57699,1.57709,1.20,1.88
2013.10.16 14:31:10.702,1.57699,1.57706,1.20,1.50
2013.10.16 14:31:11.010,1.57695,1.57701,1.05,1.13
2013.10.16 14:31:11.072,1.57694,1.57704,1.50,1.09
2013.10.16 14:31:11.141,1.57692,1.57701,1.13,1.13
2013.10.16 14:31:11.751,1.57692,1.577,1.20,1.47
2013.10.16 14:31:12.178,1.57689,1.577,1.28,1.13
2013.10.16 14:31:12.938,1.57689,1.577,1.28,1.13
2013.10.16 14:31:14.839,1.57689,1.577,1.28,1.13
2013.10.16 14:31:15.021,1.5769,1.57701,1.58,1.50
2013.10.16 14:31:15.431,1.5769,1.57701,1.65,1.50
2013.10.16 14:31:16.308,1.5769,1.57702,1.65,1.50
2013.10.16 14:31:16.828,1.5769,1.57702,1.65,1.50
2013.10.16 14:31:17.668,1.5769,1.57696,1.13,1.58
2013.10.16 14:31:17.732,1.5768,1.57692,1.50,1.28
2013.10.16 14:31:17.800,1.5768,1.57689,1.88,1.13
2013.10.16 14:31:18.160,1.5768,1.57692,2.59,1.09
2013.10.16 14:31:18.220,1.57683,1.57692,1.20,1.09
2013.10.16 14:31:18.341,1.57684,1.57695,1.13,1.13
2013.10.16 14:31:18.688,1.57687,1.57696,1.20,1.50
2013.10.16 14:31:19.819,1.57686,1.57697,1.58,1.88
2013.10.16 14:31:20.364,1.57686,1.57697,1.28,1.88
2013.10.16 14:31:20.780,1.57689,1.57699,1.58,1.13
2013.10.16 14:31:21.318,1.57689,1.57697,1.28,1.13
2013.10.16 14:31:21.859,1.57689,1.57697,1.28,1.13
2013.10.16 14:31:22.609,1.57689,1.57698,1.28,1.13
2013.10.16 14:31:23.040,1.57689,1.57701,2.40,1.88
2013.10.16 14:31:23.109,1.57689,1.57701,2.70,1.88
2013.10.16 14:31:23.303,1.5769,1.57701,1.58,1.88
2013.10.16 14:31:23.429,1.57689,1.57698,2.78,1.13
2013.10.16 14:31:23.608,1.57689,1.57696,1.58,1.50
2013.10.16 14:31:23.788,1.57682,1.5769,1.28,1.13
2013.10.16 14:31:24.329,1.5768,1.57687,1.28,1.13
2013.10.16 14:31:24.900,1.5768,1.57689,1.28,1.13
2013.10.16 14:31:25.318,1.5768,1.57689,1.28,1.13
2013.10.16 14:31:25.838,1.57679,1.57689,1.28,1.13
2013.10.16 14:31:26.403,1.57679,1.57689,1.28,1.13
2013.10.16 14:31:27.109,1.5768,1.57689,1.28,1.13
2013.10.16 14:31:27.288,1.57684,1.57696,1.28,1.84
2013.10.16 14:31:27.348,1.57686,1.57698,1.13,1.20
2013.10.16 14:31:27.528,1.57688,1.577,1.13,1.88
2013.10.16 14:31:27.769,1.57689,1.57702,1.20,2.25
2013.10.16 14:31:28.898,1.57692,1.57705,1.95,2.14
2013.10.16 14:31:29.609,1.57692,1.57704,1.28,1.50
2013.10.16 14:31:30.459,1.57692,1.57703,2.03,1.50
2013.10.16 14:31:31.809,1.57692,1.57705,2.03,1.88
2013.10.16 14:31:32.188,1.57692,1.57702,1.28,1.50
2013.10.16 14:31:34.118,1.57693,1.57706,1.09,1.13
2013.10.16 14:31:34.179,1.57694,1.57707,1.20,2.33
2013.10.16 14:31:34.299,1.57694,1.57706,1.20,1.13
2013.10.16 14:31:34.810,1.57694,1.57707,1.58,1.95
2013.10.16 14:31:35.388,1.57694,1.57707,1.58,2.70
2013.10.16 14:31:35.738,1.57692,1.57706,1.47,1.13
2013.10.16 14:31:35.918,1.57693,1.57706,1.28,1.13
2013.10.16 14:31:36.220,1.57691,1.57703,1.58,1.88
2013.10.16 14:31:36.399,1.57693,1.57705,1.28,1.50
2013.10.16 14:31:36.948,1.57693,1.57703,1.58,1.13
2013.10.16 14:31:37.510,1.57693,1.57704,1.58,1.13
2013.10.16 14:31:37.959,1.57699,1.57711,1.13,2.03
2013.10.16 14:31:38.019,1.57699,1.57711,2.25,1.95
2013.10.16 14:31:38.327,1.57708,1.57718,1.88,1.13
2013.10.16 14:31:38.631,1.57714,1.57725,2.33,1.13
2013.10.16 14:31:38.819,1.57714,1.57721,1.58,1.50
2013.10.16 14:31:39.000,1.57714,1.57727,1.58,1.13
2013.10.16 14:31:39.071,1.57714,1.57725,1.58,1.50
2013.10.16 14:31:39.429,1.57715,1.57727,1.13,1.50
2013.10.16 14:31:39.548,1.57714,1.57723,2.25,1.50
2013.10.16 14:31:39.671,1.57714,1.57721,1.58,1.50
2013.10.16 14:31:39.988,1.57713,1.57726,1.58,1.88
2013.10.16 14:31:40.049,1.57715,1.57726,1.28,1.88
2013.10.16 14:31:40.230,1.57715,1.57726,1.20,1.50
2013.10.16 14:31:40.531,1.57716,1.57726,1.20,2.07
2013.10.16 14:31:40.658,1.57714,1.57724,1.95,1.13
2013.10.16 14:31:40.718,1.57715,1.57724,1.50,1.13
2013.10.16 14:31:40.778,1.57716,1.57724,1.50,1.13
2013.10.16 14:31:41.492,1.57716,1.57725,1.28,1.13
2013.10.16 14:31:42.018,1.57715,1.57725,3.08,1.13
2013.10.16 14:31:42.198,1.57714,1.57724,1.65,1.13
2013.10.16 14:31:42.720,1.57713,1.57723,2.78,1.50
2013.10.16 14:31:43.021,1.57704,1.57711,1.13,1.13
2013.10.16 14:31:43.090,1.57698,1.57709,1.65,1.32
2013.10.16 14:31:43.149,1.57697,1.57707,1.65,1.50
2013.10.16 14:31:43.468,1.57698,1.5771,1.95,1.20
2013.10.16 14:31:43.648,1.577,1.57712,1.50,1.95
2013.10.16 14:31:43.769,1.57702,1.57712,1.50,1.20
2013.10.16 14:31:44.272,1.57702,1.57712,1.65,1.13
2013.10.16 14:31:44.820,1.57703,1.57713,1.20,1.13
2013.10.16 14:31:45.239,1.57699,1.57711,1.84,1.13
2013.10.16 14:31:45.781,1.57697,1.57711,2.14,1.28
2013.10.16 14:31:46.078,1.57699,1.57711,1.69,1.28
2013.10.16 14:31:46.620,1.57701,1.57711,1.50,1.58
2013.10.16 14:31:47.158,1.57699,1.57711,1.58,1.58
2013.10.16 14:31:47.688,1.57698,1.57711,2.22,2.33
2013.10.16 14:31:48.230,1.57698,1.57711,2.03,2.33
2013.10.16 14:31:48.999,1.57699,1.57711,1.58,2.33
2013.10.16 14:31:49.302,1.577,1.57712,1.58,1.95
2013.10.16 14:31:49.609,1.57701,1.57712,1.58,1.13
2013.10.16 14:31:49.968,1.57704,1.57714,1.50,2.33
2013.10.16 14:31:50.090,1.57704,1.57713,1.65,1.13
2013.10.16 14:31:53.490,1.57704,1.57715,2.78,1.13
2013.10.16 14:31:53.609,1.57704,1.57717,3.15,1.13
2013.10.16 14:31:53.669,1.57707,1.57718,1.50,1.13
2013.10.16 14:31:53.849,1.57705,1.57716,1.28,1.50
2013.10.16 14:31:54.388,1.57705,1.57716,1.65,1.88
2013.10.16 14:31:56.251,1.57705,1.57715,1.65,1.13
2013.10.16 14:31:56.439,1.57704,1.57714,2.03,1.13
2013.10.16 14:31:56.499,1.57704,1.57714,1.28,1.13
2013.10.16 14:31:56.618,1.57699,1.57711,2.25,1.65
2013.10.16 14:31:56.679,1.57697,1.57707,2.33,1.13
2013.10.16 14:31:56.861,1.57697,1.5771,2.33,1.20
2013.10.16 14:31:57.778,1.57698,1.57708,1.13,1.13
2013.10.16 14:31:58.459,1.57699,1.57709,1.50,1.13
2013.10.16 14:31:58.999,1.57697,1.57707,1.95,1.13
2013.10.16 14:32:00.318,1.57694,1.57706,2.70,1.13
2013.10.16 14:32:02.848,1.57694,1.57707,2.70,1.13
2013.10.16 14:32:07.172,1.57697,1.57707,1.20,1.13
2013.10.16 14:32:07.240,1.57697,1.57708,1.65,1.50
2013.10.16 14:32:07.788,1.57697,1.5771,1.95,1.50
2013.10.16 14:32:08.590,1.57697,1.57711,3.00,1.50
2013.10.16 14:32:09.128,1.57697,1.57706,1.88,1.13
2013.10.16 14:32:09.249,1.57697,1.57708,1.58,1.88
2013.10.16 14:32:09.368,1.57697,1.57708,3.00,1.13
2013.10.16 14:32:12.748,1.57701,1.57709,1.20,1.13
2013.10.16 14:32:17.012,1.577,1.57707,1.65,1.13
2013.10.16 14:32:17.924,1.57698,1.57705,1.65,1.13
2013.10.16 14:32:18.169,1.57696,1.57704,1.58,1.13
2013.10.16 14:32:18.648,1.57697,1.57706,1.58,1.13
2013.10.16 14:32:20.199,1.57697,1.57706,1.58,2.82
2013.10.16 14:32:20.378,1.57691,1.57701,1.58,1.13
2013.10.16 14:32:20.740,1.57693,1.57701,1.20,1.13
2013.10.16 14:32:20.871,1.57695,1.57705,2.40,1.13
2013.10.16 14:32:21.524,1.57695,1.57705,2.40,1.13
2013.10.16 14:32:21.899,1.57695,1.57705,2.40,1.13
2013.10.16 14:32:22.139,1.57691,1.57704,1.20,1.39
2013.10.16 14:32:22.200,1.5769,1.57701,1.65,1.50
2013.10.16 14:32:22.379,1.57689,1.577,1.58,1.13
2013.10.16 14:32:22.500,1.57687,1.57698,1.65,1.32
2013.10.16 14:32:22.981,1.57689,1.57701,1.13,2.14
2013.10.16 14:32:23.109,1.57691,1.57705,2.03,2.85
2013.10.16 14:32:23.348,1.57693,1.57706,1.88,2.44
2013.10.16 14:32:23.529,1.57693,1.57705,1.50,2.07
2013.10.16 14:32:24.048,1.57692,1.57702,2.78,1.88
2013.10.16 14:32:24.108,1.57692,1.57701,2.40,1.13
2013.10.16 14:32:24.628,1.5769,1.57699,1.65,1.13
2013.10.16 14:32:25.529,1.57691,1.577,1.28,1.13
2013.10.16 14:32:27.959,1.5769,1.577,2.03,1.13
2013.10.16 14:32:28.498,1.5769,1.57699,2.03,1.13
2013.10.16 14:32:31.228,1.5769,1.57701,1.65,1.13
2013.10.16 14:32:33.598,1.57689,1.57697,1.95,1.13
2013.10.16 14:32:33.718,1.57686,1.57697,1.50,1.13
2013.10.16 14:32:33.778,1.57685,1.57697,1.50,1.20
2013.10.16 14:32:33.898,1.57684,1.57696,2.33,1.20
2013.10.16 14:32:34.438,1.57682,1.57696,2.33,1.28
2013.10.16 14:32:35.088,1.57684,1.57696,1.50,1.28
2013.10.16 14:32:35.759,1.57684,1.57696,2.25,1.28
2013.10.16 14:32:35.879,1.57684,1.57696,1.50,1.28
2013.10.16 14:32:36.208,1.57684,1.57695,1.50,1.13
2013.10.16 14:32:36.958,1.57684,1.57695,1.50,1.13
2013.10.16 14:32:37.079,1.57684,1.57696,2.40,1.88
2013.10.16 14:32:37.865,1.57684,1.57696,2.25,2.03
2013.10.16 14:32:41.169,1.57683,1.57692,1.58,1.32
2013.10.16 14:32:41.288,1.5768,1.5769,1.20,1.69
2013.10.16 14:32:41.468,1.57678,1.57687,1.65,1.13
2013.10.16 14:32:41.528,1.57677,1.57686,1.65,1.13
2013.10.16 14:32:41.588,1.57677,1.57686,1.95,1.13
2013.10.16 14:32:41.828,1.57677,1.57686,2.33,1.13
2013.10.16 14:32:42.068,1.57675,1.57686,2.03,1.13
2013.10.16 14:32:42.428,1.57676,1.57686,3.08,1.13
2013.10.16 14:32:42.608,1.57676,1.57686,1.20,1.13
2013.10.16 14:32:43.148,1.57676,1.57686,1.95,1.13
2013.10.16 14:32:43.718,1.57674,1.57684,1.13,1.13
2013.10.16 14:32:43.785,1.57671,1.57683,3.38,1.50
2013.10.16 14:32:44.678,1.57674,1.57682,1.58,1.50
2013.10.16 14:32:44.740,1.57673,1.57683,1.28,1.69
2013.10.16 14:32:44.919,1.5767,1.57682,1.20,1.69
2013.10.16 14:32:44.979,1.57669,1.57682,1.28,1.69
2013.10.16 14:32:45.039,1.57667,1.5768,1.20,1.13
2013.10.16 14:32:45.218,1.57665,1.57677,1.20,1.13
2013.10.16 14:32:45.338,1.57666,1.57679,1.28,1.50
2013.10.16 14:32:45.639,1.57664,1.57678,2.82,1.50
2013.10.16 14:32:45.700,1.57664,1.57678,1.88,1.50
2013.10.16 14:32:45.759,1.57664,1.57676,1.88,1.50
2013.10.16 14:32:46.178,1.57662,1.57673,1.95,1.13
2013.10.16 14:32:46.689,1.57662,1.57673,1.58,1.13
2013.10.16 14:32:47.228,1.57662,1.57673,1.58,1.13
2013.10.16 14:32:47.679,1.57662,1.57674,1.58,1.13
2013.10.16 14:32:47.979,1.57664,1.57673,1.65,1.13
2013.10.16 14:32:48.099,1.57666,1.57676,2.33,1.50
2013.10.16 14:32:48.463,1.57667,1.57676,1.20,1.50
2013.10.16 14:32:50.218,1.57666,1.57676,2.70,1.13
2013.10.16 14:32:51.432,1.57666,1.57676,1.95,1.13
2013.10.16 14:32:51.709,1.57668,1.5768,1.47,2.25
2013.10.16 14:32:51.889,1.57672,1.57684,1.88,1.65
2013.10.16 14:32:51.949,1.57674,1.57684,1.13,1.58
2013.10.16 14:32:52.069,1.57674,1.57686,1.20,1.88
2013.10.16 14:32:52.608,1.57673,1.57687,1.58,1.50
2013.10.16 14:32:52.729,1.57673,1.57687,2.33,1.13
2013.10.16 14:32:53.049,1.57673,1.57687,2.33,1.13
2013.10.16 14:32:53.639,1.57678,1.57689,1.50,1.20
2013.10.16 14:32:53.699,1.57679,1.57689,1.88,1.20
2013.10.16 14:32:53.819,1.57679,1.57691,1.88,2.40
2013.10.16 14:32:55.123,1.57679,1.57691,1.58,1.58
2013.10.16 14:32:56.059,1.57679,1.57691,1.65,1.50
2013.10.16 14:32:56.801,1.57681,1.5769,1.58,1.50
2013.10.16 14:32:57.111,1.57681,1.5769,1.20,1.50
2013.10.16 14:32:58.688,1.57681,1.57691,1.58,1.88
2013.10.16 14:32:59.229,1.57679,1.57691,2.03,1.88
2013.10.16 14:32:59.349,1.57681,1.57691,2.33,1.88
2013.10.16 14:33:00.629,1.57681,1.57691,1.28,1.13
2013.10.16 14:33:02.888,1.57681,1.57691,2.33,1.13
2013.10.16 14:33:03.699,1.57681,1.57691,1.20,1.13
2013.10.16 14:33:10.868,1.57681,1.57691,1.65,1.13
2013.10.16 14:33:11.620,1.57681,1.57691,1.95,1.13
2013.10.16 14:33:12.158,1.5768,1.57691,2.03,1.13
2013.10.16 14:33:17.383,1.57678,1.5769,2.03,1.13
2013.10.16 14:33:17.452,1.5768,1.5769,1.13,1.13
2013.10.16 14:33:17.522,1.57679,1.57691,2.70,1.95
2013.10.16 14:33:18.068,1.57677,1.57691,3.08,1.28
2013.10.16 14:33:18.610,1.57676,1.57686,3.15,1.13
2013.10.16 14:33:20.521,1.57676,1.57685,1.13,1.13
2013.10.16 14:33:20.952,1.57673,1.57683,1.13,1.20
2013.10.16 14:33:21.019,1.57674,1.57685,1.50,1.28
2013.10.16 14:33:21.139,1.57674,1.57686,2.25,1.20
2013.10.16 14:33:21.619,1.57671,1.57681,1.58,1.13
2013.10.16 14:33:22.429,1.5767,1.57681,1.65,1.88
2013.10.16 14:33:22.670,1.57669,1.57681,1.58,1.88
2013.10.16 14:33:23.219,1.57669,1.57681,1.58,1.88
2013.10.16 14:33:24.452,1.57668,1.57681,2.03,2.63
2013.10.16 14:33:25.618,1.57668,1.57678,1.58,1.13
2013.10.16 14:33:25.799,1.57668,1.57678,1.58,1.13
2013.10.16 14:33:26.339,1.5767,1.57678,1.88,1.50
2013.10.16 14:33:26.520,1.5767,1.5768,1.13,1.88
2013.10.16 14:33:26.579,1.57669,1.57678,1.20,1.50
2013.10.16 14:33:27.060,1.57672,1.57681,1.50,2.63
2013.10.16 14:33:27.239,1.57671,1.57681,2.25,1.88
2013.10.16 14:33:27.599,1.5767,1.57681,2.44,2.03
2013.10.16 14:33:27.841,1.57669,1.57681,2.33,1.20
2013.10.16 14:33:28.199,1.57669,1.57681,1.50,1.95
2013.10.16 14:33:30.259,1.57666,1.57679,2.14,1.20
2013.10.16 14:33:30.855,1.57663,1.57673,1.95,1.50
2013.10.16 14:33:30.926,1.57659,1.57671,1.95,1.58
2013.10.16 14:33:31.469,1.57658,1.5767,1.50,1.20
2013.10.16 14:33:31.593,1.57655,1.57669,1.17,1.65
2013.10.16 14:33:31.660,1.57655,1.57668,1.92,1.20
2013.10.16 14:33:31.901,1.57655,1.57664,2.22,1.58
2013.10.16 14:33:32.449,1.57655,1.57663,1.13,1.13
2013.10.16 14:33:32.749,1.57651,1.57664,1.88,1.65
2013.10.16 14:33:32.939,1.57651,1.57663,1.88,1.20
2013.10.16 14:33:33.531,1.57651,1.57663,1.13,1.20
2013.10.16 14:33:34.253,1.57651,1.57663,1.13,1.28
2013.10.16 14:33:34.560,1.57651,1.57662,2.25,1.95
2013.10.16 14:33:34.861,1.57654,1.57661,1.50,1.13
2013.10.16 14:33:34.931,1.57655,1.57665,1.13,1.58
2013.10.16 14:33:34.992,1.57655,1.57667,1.13,2.03
2013.10.16 14:33:35.370,1.57658,1.57667,1.50,1.13
2013.10.16 14:33:35.728,1.5766,1.57671,1.50,1.95
2013.10.16 14:33:36.150,1.57659,1.57671,1.88,1.95
2013.10.16 14:33:36.509,1.5766,1.57671,1.50,2.03
2013.10.16 14:33:37.048,1.57658,1.57671,1.69,2.03
2013.10.16 14:33:37.169,1.57659,1.57672,1.13,1.95
2013.10.16 14:33:37.709,1.57659,1.5767,1.13,1.65
2013.10.16 14:33:39.290,1.57659,1.5767,1.88,1.65
2013.10.16 14:33:39.351,1.57661,1.5767,1.13,1.50
2013.10.16 14:33:39.890,1.5766,1.57669,1.13,1.50
2013.10.16 14:33:40.429,1.57659,1.5767,1.88,1.50
2013.10.16 14:33:41.254,1.57659,1.57671,1.88,1.58
2013.10.16 14:33:41.580,1.57664,1.57676,3.53,1.88
2013.10.16 14:33:42.137,1.57664,1.57675,1.88,1.65
2013.10.16 14:33:43.112,1.57669,1.57678,1.13,3.45
2013.10.16 14:33:43.240,1.57669,1.5768,2.78,1.50
2013.10.16 14:33:43.301,1.57669,1.57681,3.08,1.88
2013.10.16 14:33:43.838,1.5767,1.57681,1.65,1.88
2013.10.16 14:33:44.129,1.5767,1.5768,2.03,1.88
2013.10.16 14:33:44.431,1.57669,1.5768,1.88,1.88
2013.10.16 14:33:45.199,1.5767,1.5768,1.13,1.13
2013.10.16 14:33:45.500,1.57674,1.57681,1.50,1.13
2013.10.16 14:33:45.681,1.57677,1.57687,1.88,1.58
2013.10.16 14:33:46.900,1.57678,1.57689,1.28,1.50
2013.10.16 14:33:48.059,1.57677,1.57687,2.70,1.13
2013.10.16 14:33:48.592,1.57677,1.57687,1.95,1.13
2013.10.16 14:33:48.839,1.57677,1.57686,1.58,1.13
2013.10.16 14:33:49.142,1.57671,1.57681,1.50,1.13
2013.10.16 14:33:49.209,1.5767,1.57681,1.50,1.95
2013.10.16 14:33:49.748,1.57669,1.57682,2.44,1.65
2013.10.16 14:33:50.289,1.5767,1.57682,1.69,1.65
2013.10.16 14:33:50.829,1.5767,1.57682,1.69,2.03
2013.10.16 14:33:51.069,1.5767,1.57682,1.69,2.03
2013.10.16 14:33:52.273,1.5767,1.57682,1.69,1.28
2013.10.16 14:33:52.800,1.5767,1.57682,1.69,1.28
2013.10.16 14:33:53.650,1.5767,1.57682,1.69,1.28
2013.10.16 14:33:54.863,1.57668,1.5768,2.33,1.20
2013.10.16 14:33:55.408,1.57668,1.57678,1.58,1.13
2013.10.16 14:33:55.859,1.57668,1.57678,1.58,1.13
2013.10.16 14:33:56.698,1.57668,1.57679,1.58,1.13
2013.10.16 14:33:58.789,1.57671,1.57681,1.50,1.65
2013.10.16 14:33:58.852,1.57671,1.5768,1.50,1.58
2013.10.16 14:33:58.920,1.57675,1.57682,1.32,1.50
2013.10.16 14:33:59.230,1.57678,1.57686,1.50,1.13
2013.10.16 14:33:59.349,1.57676,1.57687,1.58,1.13
2013.10.16 14:33:59.410,1.57676,1.57687,1.58,1.13
2013.10.16 14:33:59.782,1.57676,1.5769,1.58,2.03
2013.10.16 14:33:59.913,1.57676,1.5769,1.58,2.78
2013.10.16 14:34:00.669,1.57676,1.5769,1.65,1.95
2013.10.16 14:34:01.289,1.57676,1.5769,1.65,1.95
2013.10.16 14:34:01.410,1.57676,1.57687,2.03,1.13
2013.10.16 14:34:01.468,1.57676,1.57687,2.03,1.13
2013.10.16 14:34:01.708,1.57674,1.57686,2.70,1.13
2013.10.16 14:34:02.215,1.57675,1.57688,1.50,1.28
2013.10.16 14:34:03.140,1.57676,1.57689,1.13,1.28
2013.10.16 14:34:03.200,1.57676,1.57689,1.88,1.20
2013.10.16 14:34:04.089,1.57677,1.57689,1.50,1.28
2013.10.16 14:34:04.851,1.57678,1.57689,1.13,1.28
2013.10.16 14:34:04.913,1.57678,1.57689,1.13,1.28
2013.10.16 14:34:05.465,1.57678,1.57689,1.13,1.88
2013.10.16 14:34:06.008,1.57678,1.57689,1.13,1.88
2013.10.16 14:34:06.774,1.57678,1.57689,1.13,1.88
2013.10.16 14:34:07.690,1.57676,1.57688,2.03,1.50
2013.10.16 14:34:08.460,1.57676,1.57688,1.65,1.50
2013.10.16 14:34:08.580,1.57676,1.57686,2.89,1.50
2013.10.16 14:34:08.940,1.57673,1.57681,1.20,1.50
2013.10.16 14:34:09.061,1.57669,1.57681,2.29,1.50
2013.10.16 14:34:09.121,1.57669,1.57681,1.62,1.50
2013.10.16 14:34:09.630,1.57668,1.5768,1.58,1.13
2013.10.16 14:34:10.259,1.57669,1.5768,1.50,1.13
2013.10.16 14:34:10.440,1.57674,1.57686,1.20,1.95
2013.10.16 14:34:11.146,1.57674,1.57686,2.70,1.20
2013.10.16 14:34:12.054,1.57675,1.57686,1.13,1.20
2013.10.16 14:34:16.198,1.57675,1.57686,1.13,1.95
2013.10.16 14:34:16.379,1.57671,1.57682,1.58,1.50
2013.10.16 14:34:16.499,1.57671,1.57682,2.14,1.50
2013.10.16 14:34:17.003,1.57672,1.57685,2.25,2.40
2013.10.16 14:34:18.959,1.57672,1.57685,2.40,1.58
2013.10.16 14:34:19.640,1.57672,1.57685,2.25,1.65
2013.10.16 14:34:20.295,1.57672,1.57685,2.25,1.65
2013.10.16 14:34:20.859,1.57675,1.57685,1.13,1.65
2013.10.16 14:34:20.920,1.57675,1.57685,1.13,1.58
2013.10.16 14:34:21.461,1.57674,1.57686,1.88,1.20
2013.10.16 14:34:22.011,1.57675,1.57686,1.13,1.20
2013.10.16 14:34:22.829,1.57675,1.57688,1.20,1.20
2013.10.16 14:34:28.059,1.57675,1.57686,1.58,1.13
2013.10.16 14:34:28.182,1.57674,1.57685,1.58,1.50
2013.10.16 14:34:28.490,1.57671,1.57681,1.95,1.88
2013.10.16 14:34:28.850,1.57668,1.57677,1.58,1.13
2013.10.16 14:34:28.970,1.57668,1.57679,1.65,1.13
2013.10.16 14:34:30.169,1.57669,1.57681,1.58,1.13
2013.10.16 14:34:30.773,1.57668,1.57681,2.25,1.28
2013.10.16 14:34:31.228,1.57669,1.5768,1.88,1.20
2013.10.16 14:34:31.709,1.57669,1.57681,1.58,1.13
2013.10.16 14:34:32.312,1.57669,1.57684,2.40,2.33
2013.10.16 14:34:32.980,1.5767,1.57684,1.95,1.50
2013.10.16 14:34:33.878,1.57671,1.57684,2.40,1.50
2013.10.16 14:34:33.999,1.57672,1.57684,1.28,1.50
2013.10.16 14:34:34.070,1.57672,1.57684,1.58,1.50
2013.10.16 14:34:34.131,1.57673,1.57687,2.40,2.70
2013.10.16 14:34:34.259,1.57673,1.57687,2.40,2.33
2013.10.16 14:34:34.320,1.57673,1.57687,2.33,2.40
2013.10.16 14:34:34.680,1.57671,1.57684,1.65,1.13
2013.10.16 14:34:35.232,1.57672,1.57684,1.65,1.13
2013.10.16 14:34:35.599,1.57673,1.57686,1.58,2.52
2013.10.16 14:34:36.199,1.57674,1.57686,2.07,1.28
2013.10.16 14:34:36.259,1.57677,1.57686,1.50,1.28
2013.10.16 14:34:36.501,1.57678,1.57689,1.20,1.69
2013.10.16 14:34:36.801,1.57679,1.57691,1.65,1.13
2013.10.16 14:34:37.280,1.57678,1.57691,2.33,1.13
2013.10.16 14:34:37.850,1.57679,1.57693,1.28,1.88
2013.10.16 14:34:37.969,1.57679,1.57693,2.03,1.88
2013.10.16 14:34:39.468,1.57678,1.57693,4.20,1.88
2013.10.16 14:34:39.909,1.57679,1.57692,1.28,1.13
2013.10.16 14:34:40.420,1.57679,1.57692,1.28,1.20
2013.10.16 14:34:41.422,1.57679,1.57692,1.28,1.20
2013.10.16 14:34:41.743,1.57679,1.57691,1.13,1.95
2013.10.16 14:34:43.558,1.57679,1.57689,1.13,1.58
2013.10.16 14:34:43.988,1.57679,1.5769,1.13,1.50
2013.10.16 14:34:45.188,1.57679,1.5769,1.20,1.50
2013.10.16 14:34:47.088,1.57679,1.5769,1.13,1.88
2013.10.16 14:34:47.979,1.57679,1.5769,1.13,1.50
2013.10.16 14:34:48.339,1.57679,1.57689,1.20,1.13
2013.10.16 14:34:48.399,1.57678,1.57688,1.65,1.13
2013.10.16 14:34:48.951,1.57678,1.57689,1.65,1.13
2013.10.16 14:34:49.191,1.57679,1.57691,1.20,1.88
2013.10.16 14:34:50.109,1.57679,1.57691,1.20,1.13
2013.10.16 14:34:54.860,1.57679,1.5769,1.28,1.88
2013.10.16 14:34:55.040,1.57676,1.5769,1.65,2.25
2013.10.16 14:34:55.219,1.5768,1.5769,1.13,1.50
2013.10.16 14:34:55.399,1.5768,1.57691,1.13,1.58
2013.10.16 14:34:55.760,1.57679,1.57694,2.63,3.08
2013.10.16 14:34:55.819,1.5768,1.57694,1.28,2.63
2013.10.16 14:34:57.399,1.57681,1.57693,1.28,1.50
2013.10.16 14:34:57.819,1.57681,1.57691,1.28,1.88
2013.10.16 14:34:58.406,1.57681,1.57691,1.28,1.13
2013.10.16 14:34:58.709,1.57681,1.57694,1.28,1.88
2013.10.16 14:34:59.057,1.57681,1.57693,1.28,1.13
2013.10.16 14:35:00.410,1.57684,1.57696,1.13,3.08
2013.10.16 14:35:00.769,1.57687,1.57699,1.13,1.20
2013.10.16 14:35:01.069,1.57686,1.57701,1.95,1.50
2013.10.16 14:35:01.746,1.57686,1.57701,1.20,1.50
2013.10.16 14:35:02.268,1.57686,1.57701,1.20,1.50
2013.10.16 14:35:02.579,1.57689,1.577,1.58,1.88
2013.10.16 14:35:02.760,1.57682,1.57696,1.95,2.07
2013.10.16 14:35:02.939,1.57683,1.57696,1.28,2.25
2013.10.16 14:35:03.298,1.57687,1.57697,1.28,1.13
2013.10.16 14:35:03.538,1.57687,1.57698,1.20,1.13
2013.10.16 14:35:06.433,1.57687,1.57699,1.20,1.13
2013.10.16 14:35:06.970,1.57685,1.57699,2.03,1.13
2013.10.16 14:35:08.419,1.57686,1.57699,1.65,1.13
2013.10.16 14:35:08.842,1.57686,1.57698,1.65,1.13
2013.10.16 14:35:09.490,1.57686,1.57697,1.65,1.13
2013.10.16 14:35:10.043,1.57685,1.57698,1.95,1.28
2013.10.16 14:35:10.829,1.57685,1.57697,2.03,1.13
2013.10.16 14:35:11.009,1.57685,1.57696,1.88,2.14
2013.10.16 14:35:11.389,1.57687,1.57696,1.13,1.58
2013.10.16 14:35:11.459,1.57687,1.57697,1.88,1.13
2013.10.16 14:35:12.077,1.57687,1.57697,1.88,1.13
2013.10.16 14:35:15.140,1.57688,1.57696,1.13,1.50
2013.10.16 14:35:15.693,1.57688,1.57696,1.13,1.50
2013.10.16 14:35:16.269,1.57686,1.57696,1.20,1.50
2013.10.16 14:35:18.240,1.57688,1.57697,1.50,1.50
2013.10.16 14:35:18.762,1.57688,1.57697,1.50,1.50
2013.10.16 14:35:20.259,1.57688,1.57697,1.50,1.50
2013.10.16 14:35:20.699,1.57688,1.57696,1.50,1.50
2013.10.16 14:35:21.499,1.57685,1.57692,1.13,2.25
2013.10.16 14:35:21.679,1.57684,1.57693,1.13,1.50
2013.10.16 14:35:21.979,1.57683,1.57696,2.40,1.50
2013.10.16 14:35:22.620,1.57683,1.57696,2.40,1.50
2013.10.16 14:35:23.789,1.57683,1.57696,2.40,1.50
2013.10.16 14:35:24.309,1.57683,1.57696,2.40,1.50
2013.10.16 14:35:26.269,1.57683,1.57696,2.40,1.50
2013.10.16 14:35:27.259,1.57683,1.57696,2.40,1.50
2013.10.16 14:35:27.889,1.57683,1.57696,2.40,2.25
2013.10.16 14:35:28.130,1.57683,1.57696,2.40,2.25
2013.10.16 14:35:28.250,1.57683,1.57694,2.40,1.13
2013.10.16 14:35:28.802,1.57683,1.57693,2.33,1.13
2013.10.16 14:35:29.678,1.57683,1.57693,2.33,1.88
2013.10.16 14:35:33.990,1.57683,1.57695,1.95,1.13
2013.10.16 14:35:34.290,1.57683,1.57696,3.83,1.13
2013.10.16 14:35:35.488,1.57684,1.57696,1.65,1.27
2013.10.16 14:35:35.999,1.57684,1.57695,2.03,1.27
2013.10.16 14:35:36.118,1.57684,1.57695,1.58,1.27
2013.10.16 14:35:36.739,1.57683,1.57693,1.28,1.13
2013.10.16 14:35:36.858,1.57677,1.57687,1.54,1.13
2013.10.16 14:35:36.921,1.57675,1.57686,1.28,1.50
2013.10.16 14:35:37.279,1.57672,1.57681,1.95,1.32
2013.10.16 14:35:37.639,1.57668,1.57681,2.40,1.32
2013.10.16 14:35:38.878,1.57669,1.57681,1.65,1.32
2013.10.16 14:35:39.279,1.57669,1.57681,2.33,1.13
2013.10.16 14:35:39.339,1.57669,1.57681,2.33,1.13
2013.10.16 14:35:39.819,1.57667,1.57681,3.15,1.13
2013.10.16 14:35:41.489,1.5767,1.57681,1.13,1.50
2013.10.16 14:35:41.991,1.5767,1.57681,1.13,1.50
2013.10.16 14:35:43.669,1.5767,1.57682,1.20,1.50
2013.10.16 14:35:44.429,1.57671,1.57679,1.65,1.13
2013.10.16 14:35:44.550,1.57671,1.57678,1.65,1.50
2013.10.16 14:35:44.729,1.57671,1.5768,1.13,1.50
2013.10.16 14:35:44.800,1.57669,1.5768,2.14,1.13
2013.10.16 14:35:45.414,1.57667,1.57681,1.65,2.25
2013.10.16 14:35:45.659,1.5767,1.57684,1.88,2.03
2013.10.16 14:35:45.841,1.57671,1.57685,1.58,4.50
2013.10.16 14:35:46.709,1.57673,1.57685,1.28,3.00
2013.10.16 14:35:47.211,1.57672,1.57686,2.03,1.13
2013.10.16 14:35:47.389,1.57674,1.57686,1.20,1.88
2013.10.16 14:35:48.018,1.57674,1.57686,1.20,1.88
2013.10.16 14:35:48.351,1.57673,1.57683,1.28,1.13
2013.10.16 14:35:50.190,1.57673,1.57686,1.28,1.50
2013.10.16 14:35:50.251,1.57673,1.57687,1.28,2.33
2013.10.16 14:35:50.760,1.57674,1.57687,1.20,2.25
2013.10.16 14:35:51.490,1.57673,1.57686,1.28,1.69
2013.10.16 14:35:51.548,1.57673,1.57686,1.28,1.69
2013.10.16 14:35:52.708,1.57671,1.57686,1.20,1.69
2013.10.16 14:35:53.238,1.57673,1.57686,1.28,1.69
2013.10.16 14:35:53.882,1.57673,1.57686,1.28,1.50
2013.10.16 14:35:54.249,1.57674,1.57686,2.03,1.50
2013.10.16 14:35:54.751,1.57675,1.57687,1.28,1.50
2013.10.16 14:35:55.698,1.57676,1.57688,1.95,1.88
2013.10.16 14:35:56.000,1.57679,1.57688,1.13,1.88
2013.10.16 14:35:56.429,1.57676,1.57687,1.95,1.50
2013.10.16 14:35:56.859,1.57678,1.57687,1.13,1.50
2013.10.16 14:35:57.579,1.57678,1.57688,1.13,1.50
2013.10.16 14:35:59.872,1.57678,1.57689,1.13,2.33
2013.10.16 14:36:00.199,1.57678,1.57688,1.13,1.69
2013.10.16 14:36:01.289,1.57678,1.57689,1.50,1.95
2013.10.16 14:36:01.844,1.57679,1.57689,1.50,2.70
2013.10.16 14:36:02.030,1.57675,1.57686,1.28,1.13
2013.10.16 14:36:02.570,1.57677,1.57688,1.88,2.25
2013.10.16 14:36:02.809,1.5768,1.5769,1.13,1.50
2013.10.16 14:36:03.349,1.57679,1.57692,2.63,2.55
2013.10.16 14:36:03.469,1.57679,1.57692,2.63,2.40
2013.10.16 14:36:03.829,1.57681,1.57689,1.13,1.50
2013.10.16 14:36:04.129,1.57679,1.57689,1.88,1.88
2013.10.16 14:36:04.489,1.57679,1.57686,1.20,1.13
2013.10.16 14:36:06.211,1.57677,1.57688,1.20,2.44
2013.10.16 14:36:06.808,1.57677,1.57688,1.28,2.44
2013.10.16 14:36:07.355,1.57675,1.57687,1.58,1.32
2013.10.16 14:36:08.833,1.57675,1.57687,1.58,1.32
2013.10.16 14:36:09.380,1.57675,1.57686,1.28,1.50
2013.10.16 14:36:09.916,1.57675,1.57686,1.28,1.50
2013.10.16 14:36:10.947,1.57675,1.57687,1.28,1.32
2013.10.16 14:36:11.263,1.57682,1.57689,2.55,1.13
2013.10.16 14:36:11.391,1.57685,1.57697,1.13,1.13
2013.10.16 14:36:11.510,1.57687,1.577,1.20,1.88
2013.10.16 14:36:12.074,1.57688,1.577,1.28,1.88
2013.10.16 14:36:12.799,1.57688,1.577,1.88,1.88
2013.10.16 14:36:13.538,1.57689,1.577,1.13,1.13
2013.10.16 14:36:13.599,1.57689,1.577,1.50,1.13
2013.10.16 14:36:14.203,1.57689,1.577,1.58,1.13
2013.10.16 14:36:18.829,1.57688,1.57699,1.58,1.88
2013.10.16 14:36:18.890,1.57689,1.57699,1.28,1.13
2013.10.16 14:36:19.128,1.57689,1.57699,1.28,1.13
2013.10.16 14:36:19.710,1.57689,1.57699,1.28,1.13
2013.10.16 14:36:20.240,1.57689,1.57699,1.28,1.13
2013.10.16 14:36:20.670,1.57688,1.57699,1.58,1.13
2013.10.16 14:36:21.209,1.57688,1.57697,1.58,1.13
2013.10.16 14:36:23.349,1.5769,1.57701,1.65,2.25
2013.10.16 14:36:25.121,1.57689,1.57699,1.28,1.13
2013.10.16 14:36:25.249,1.57692,1.57701,1.13,1.13
2013.10.16 14:36:25.429,1.57693,1.57701,1.20,1.13
2013.10.16 14:36:25.669,1.57695,1.57705,1.58,1.13
2013.10.16 14:36:26.340,1.57695,1.57706,2.33,1.50
2013.10.16 14:36:27.829,1.57696,1.57706,1.20,1.13
2013.10.16 14:36:28.396,1.57696,1.57706,1.20,1.13
2013.10.16 14:36:31.559,1.57696,1.57707,1.20,1.88
2013.10.16 14:36:31.739,1.57694,1.57703,1.28,1.32
2013.10.16 14:36:31.800,1.57692,1.57699,1.20,1.13
2013.10.16 14:36:31.919,1.57689,1.57699,1.28,1.13
2013.10.16 14:36:32.474,1.57686,1.57699,1.88,1.13
2013.10.16 14:36:32.599,1.57686,1.57701,1.88,1.88
2013.10.16 14:36:35.701,1.5769,1.57701,1.20,1.88
2013.10.16 14:36:36.011,1.5769,1.57698,1.20,1.50
2013.10.16 14:36:36.620,1.57687,1.57696,1.20,2.07
2013.10.16 14:36:36.800,1.57679,1.57691,1.58,2.07
2013.10.16 14:36:36.860,1.57677,1.57689,1.28,1.50
2013.10.16 14:36:37.411,1.57677,1.57688,1.28,1.50
2013.10.16 14:36:37.890,1.57681,1.57689,1.50,2.63
2013.10.16 14:36:37.951,1.57682,1.57691,1.58,1.88
2013.10.16 14:36:38.010,1.57683,1.57691,1.20,1.13
2013.10.16 14:36:38.576,1.57683,1.57694,1.50,1.88
2013.10.16 14:36:39.062,1.57682,1.57692,1.58,1.13
2013.10.16 14:36:40.959,1.57682,1.57693,1.58,1.13
2013.10.16 14:36:41.139,1.57686,1.57696,1.20,2.63
2013.10.16 14:36:41.259,1.57686,1.57696,1.58,2.63
2013.10.16 14:36:45.979,1.57686,1.57699,2.33,1.50
2013.10.16 14:36:47.109,1.57687,1.57699,1.62,1.50
2013.10.16 14:36:47.290,1.57694,1.57702,1.77,1.13
2013.10.16 14:36:47.529,1.57694,1.57704,2.03,1.50
2013.10.16 14:36:47.709,1.57697,1.57706,2.03,1.50
2013.10.16 14:36:47.769,1.57698,1.57707,1.20,1.88
2013.10.16 14:36:48.685,1.57698,1.5771,1.20,1.50
2013.10.16 14:36:50.548,1.57699,1.57712,1.65,1.50
2013.10.16 14:36:50.669,1.57698,1.5771,1.20,1.50
2013.10.16 14:36:51.089,1.57696,1.57706,1.28,1.50
2013.10.16 14:36:51.459,1.57696,1.57707,1.13,1.88
2013.10.16 14:36:51.998,1.57696,1.57706,1.13,1.50
2013.10.16 14:36:55.409,1.57696,1.57705,1.13,1.50
2013.10.16 14:36:55.471,1.57696,1.57707,1.88,1.13
2013.10.16 14:36:55.830,1.57697,1.57707,1.20,1.50
2013.10.16 14:36:57.579,1.57697,1.57707,1.20,1.50
2013.10.16 14:36:58.119,1.57696,1.57708,1.88,2.25
2013.10.16 14:36:58.179,1.57696,1.5771,1.88,1.88
2013.10.16 14:36:58.239,1.57699,1.5771,1.28,1.50
2013.10.16 14:36:58.479,1.57698,1.57711,3.08,1.88
2013.10.16 14:36:59.892,1.57701,1.57712,1.28,1.50
2013.10.16 14:36:59.959,1.577,1.57711,1.28,1.50
2013.10.16 14:37:00.568,1.57703,1.57712,1.13,2.25
2013.10.16 14:37:01.565,1.57703,1.57713,1.13,1.50
2013.10.16 14:37:02.189,1.57703,1.57712,1.13,1.50
2013.10.16 14:37:02.262,1.57706,1.57718,1.32,3.83
2013.10.16 14:37:02.520,1.57709,1.57717,1.20,1.50
2013.10.16 14:37:03.059,1.57707,1.57719,1.58,1.88
2013.10.16 14:37:03.179,1.57708,1.57716,1.28,1.50
2013.10.16 14:37:03.239,1.57708,1.57718,1.20,1.13
2013.10.16 14:37:03.419,1.5771,1.57718,1.13,1.50
2013.10.16 14:37:03.480,1.5771,1.57717,1.13,1.50
2013.10.16 14:37:03.839,1.57709,1.57719,2.03,1.88
2013.10.16 14:37:04.379,1.57708,1.57719,1.88,1.88
2013.10.16 14:37:04.739,1.5771,1.57719,1.13,1.50
2013.10.16 14:37:05.040,1.57709,1.57718,1.13,1.13
2013.10.16 14:37:05.595,1.57707,1.57718,1.13,1.50
2013.10.16 14:37:06.135,1.57706,1.57718,2.70,1.88
2013.10.16 14:37:06.439,1.57704,1.57715,1.13,2.25
2013.10.16 14:37:06.739,1.57709,1.57716,1.13,1.58
2013.10.16 14:37:07.159,1.57707,1.5772,1.95,1.28
2013.10.16 14:37:08.479,1.57707,1.5772,1.20,1.65
2013.10.16 14:37:09.112,1.57706,1.5772,2.40,2.78
2013.10.16 14:37:09.240,1.57705,1.57718,1.13,1.28
2013.10.16 14:37:09.489,1.57704,1.57716,1.88,2.33
2013.10.16 14:37:09.849,1.57704,1.57716,1.88,1.58
2013.10.16 14:37:10.210,1.57706,1.57716,1.13,1.58
2013.10.16 14:37:13.230,1.57705,1.57717,1.88,1.09
2013.10.16 14:37:13.298,1.57701,1.57713,1.58,1.50
2013.10.16 14:37:13.919,1.57701,1.57714,1.58,1.39
2013.10.16 14:37:14.099,1.57698,1.57711,2.33,1.50
2013.10.16 14:37:15.169,1.577,1.57711,1.28,1.50
2013.10.16 14:37:15.229,1.577,1.57711,1.28,1.50
2013.10.16 14:37:15.979,1.577,1.57711,1.28,1.50
2013.10.16 14:37:16.099,1.57702,1.57712,1.13,1.50
2013.10.16 14:37:16.219,1.57701,1.57712,1.95,1.50
2013.10.16 14:37:18.539,1.57702,1.57714,1.13,1.58
2013.10.16 14:37:18.661,1.57702,1.57715,1.13,1.65
2013.10.16 14:37:19.296,1.57702,1.57715,1.95,1.58
2013.10.16 14:37:20.609,1.57703,1.57715,1.88,1.58
2013.10.16 14:37:20.789,1.57706,1.57718,1.50,1.95
2013.10.16 14:37:21.089,1.5771,1.57721,1.13,1.84
2013.10.16 14:37:21.270,1.5771,1.57719,1.28,3.00
2013.10.16 14:37:21.569,1.57701,1.57713,1.88,1.20
2013.10.16 14:37:21.629,1.57701,1.57714,1.13,1.28
2013.10.16 14:37:22.178,1.57698,1.57715,1.39,1.88
2013.10.16 14:37:22.359,1.577,1.57713,1.13,1.09
2013.10.16 14:37:22.871,1.57702,1.57713,1.88,1.50
2013.10.16 14:37:25.169,1.57702,1.57711,1.88,1.50
2013.10.16 14:37:26.252,1.57703,1.57711,1.13,1.50
2013.10.16 14:37:27.162,1.57703,1.57712,1.13,1.50
2013.10.16 14:37:28.640,1.57704,1.57716,1.20,2.70
2013.10.16 14:37:29.774,1.57703,1.57711,1.28,1.50
2013.10.16 14:37:39.809,1.577,1.57711,1.65,1.50
2013.10.16 14:37:40.764,1.57701,1.57711,1.28,1.50
2013.10.16 14:37:41.078,1.577,1.57711,1.65,1.50
2013.10.16 14:37:41.639,1.577,1.57711,1.65,1.50
2013.10.16 14:37:42.258,1.577,1.57711,1.65,1.50
2013.10.16 14:37:42.669,1.57701,1.57711,1.28,1.50
2013.10.16 14:37:44.679,1.57701,1.57711,1.28,1.50
2013.10.16 14:37:45.399,1.57701,1.57711,1.28,1.50
2013.10.16 14:37:45.918,1.577,1.57711,1.65,1.50
2013.10.16 14:37:46.809,1.57701,1.57711,1.28,1.50
2013.10.16 14:37:47.316,1.577,1.57711,1.65,1.50
2013.10.16 14:37:47.859,1.57701,1.57711,1.28,1.50
2013.10.16 14:37:47.920,1.57702,1.57712,1.20,1.50
2013.10.16 14:37:57.310,1.57704,1.57712,1.13,1.50
2013.10.16 14:37:57.489,1.57704,1.57713,1.13,2.44
2013.10.16 14:37:57.549,1.57704,1.57713,1.13,2.52
2013.10.16 14:37:57.670,1.57704,1.57713,1.13,2.97
2013.10.16 14:37:57.849,1.57699,1.5771,1.13,1.28
2013.10.16 14:37:57.909,1.57699,1.57707,1.13,1.50
2013.10.16 14:37:58.210,1.57702,1.57711,1.13,2.33
2013.10.16 14:37:58.270,1.577,1.57711,1.13,2.33
2013.10.16 14:37:58.509,1.57699,1.57711,1.50,1.65
2013.10.16 14:37:59.130,1.57699,1.57712,2.25,1.58
2013.10.16 14:37:59.370,1.57701,1.57712,1.20,1.50
2013.10.16 14:37:59.909,1.57701,1.57711,1.20,1.50
2013.10.16 14:38:01.730,1.57698,1.5771,1.13,1.24
2013.10.16 14:38:01.789,1.57698,1.5771,1.13,1.65
2013.10.16 14:38:02.380,1.57698,1.57707,1.13,1.50
2013.10.16 14:38:02.690,1.57697,1.57707,1.13,1.50
2013.10.16 14:38:03.619,1.57698,1.57708,1.13,1.50
2013.10.16 14:38:04.145,1.57698,1.57709,1.13,1.95
2013.10.16 14:38:04.639,1.57698,1.57707,1.13,1.50
2013.10.16 14:38:04.818,1.57698,1.57707,1.13,2.25
2013.10.16 14:38:05.038,1.57698,1.57708,1.13,1.50
2013.10.16 14:38:05.280,1.57698,1.57709,1.13,1.20
2013.10.16 14:38:05.809,1.57696,1.57708,1.20,1.50
2013.10.16 14:38:05.870,1.57696,1.57708,1.20,1.50
2013.10.16 14:38:07.511,1.57694,1.57705,1.20,1.50
2013.10.16 14:38:07.750,1.57694,1.57705,2.14,1.50
2013.10.16 14:38:08.252,1.57694,1.57705,2.14,1.50
2013.10.16 14:38:08.794,1.57694,1.57705,2.14,1.50
2013.10.16 14:38:09.110,1.57692,1.57705,1.13,1.20
2013.10.16 14:38:09.649,1.57692,1.57703,1.13,1.65
2013.10.16 14:38:10.199,1.57692,1.57706,1.13,2.33
2013.10.16 14:38:10.679,1.57692,1.57705,1.13,1.65
2013.10.16 14:38:11.359,1.57692,1.577,1.88,1.50
2013.10.16 14:38:15.469,1.57689,1.57701,2.40,1.50
2013.10.16 14:38:15.530,1.5769,1.577,1.20,1.13
2013.10.16 14:38:15.650,1.57687,1.57699,1.58,1.50
2013.10.16 14:38:16.009,1.57683,1.57694,2.63,1.50
2013.10.16 14:38:16.129,1.57683,1.57693,3.00,1.13
2013.10.16 14:38:16.189,1.57682,1.57693,1.13,1.20
2013.10.16 14:38:17.949,1.57684,1.57695,1.13,2.40
2013.10.16 14:38:18.194,1.57685,1.57696,1.20,1.50
2013.10.16 14:38:23.419,1.57685,1.57697,1.58,1.50
2013.10.16 14:38:23.480,1.57685,1.57697,1.58,1.88
2013.10.16 14:38:23.718,1.57685,1.57697,1.58,1.88
2013.10.16 14:38:24.889,1.57687,1.57698,1.13,1.20
2013.10.16 14:38:25.133,1.57687,1.57699,2.03,1.13
2013.10.16 14:38:25.262,1.57686,1.57697,2.40,1.13
2013.10.16 14:38:25.811,1.57687,1.577,1.50,1.99
2013.10.16 14:38:26.350,1.57687,1.57696,2.25,1.13
2013.10.16 14:38:26.949,1.57688,1.57698,1.65,1.13
2013.10.16 14:38:27.949,1.57687,1.57696,3.08,1.13
2013.10.16 14:38:28.460,1.57687,1.57696,3.00,1.13
2013.10.16 14:38:28.846,1.57687,1.57696,2.25,1.13
2013.10.16 14:38:29.440,1.57687,1.57696,1.50,1.13
2013.10.16 14:38:29.980,1.57687,1.57696,2.63,1.13
2013.10.16 14:38:30.530,1.57687,1.57696,1.95,1.13
2013.10.16 14:38:30.833,1.57687,1.57696,1.50,1.13
2013.10.16 14:38:31.389,1.57687,1.57696,1.50,1.13
2013.10.16 14:38:31.929,1.57687,1.57696,1.50,1.13
2013.10.16 14:38:32.349,1.57688,1.57696,1.50,1.13
2013.10.16 14:38:32.471,1.57689,1.57698,1.13,1.20
2013.10.16 14:38:33.119,1.57689,1.57698,1.88,1.20
2013.10.16 14:38:34.130,1.57689,1.57696,1.50,1.13
2013.10.16 14:38:34.495,1.5769,1.57698,1.50,1.13
2013.10.16 14:38:34.860,1.57691,1.577,1.50,1.28
2013.10.16 14:38:35.189,1.57691,1.57697,1.50,1.13
2013.10.16 14:38:35.749,1.57689,1.57696,1.50,1.13
2013.10.16 14:38:37.729,1.57689,1.57696,1.50,1.13
2013.10.16 14:38:37.789,1.57689,1.57697,2.40,1.13
2013.10.16 14:38:37.969,1.57693,1.57701,1.58,1.13
2013.10.16 14:38:38.789,1.57693,1.57701,1.58,1.13
2013.10.16 14:38:39.149,1.57687,1.57695,1.20,1.13
2013.10.16 14:38:39.210,1.57686,1.57693,1.20,1.13
2013.10.16 14:38:39.329,1.57682,1.57692,2.33,1.13
2013.10.16 14:38:39.569,1.57682,1.57692,1.20,1.13
2013.10.16 14:38:40.489,1.57682,1.57692,1.20,1.13
2013.10.16 14:38:40.998,1.57681,1.57691,1.65,1.13
2013.10.16 14:38:41.359,1.57683,1.57691,1.50,1.13
2013.10.16 14:38:42.019,1.57685,1.57694,1.58,1.13
2013.10.16 14:38:42.379,1.57686,1.57695,1.58,1.13
2013.10.16 14:38:42.679,1.57686,1.57696,1.58,1.88
2013.10.16 14:38:42.799,1.57689,1.577,1.88,2.40
2013.10.16 14:38:42.919,1.5769,1.577,1.13,1.13
2013.10.16 14:38:43.459,1.5769,1.57698,1.20,1.50
2013.10.16 14:38:44.159,1.5769,1.57702,1.20,1.13
2013.10.16 14:38:44.650,1.57692,1.57703,1.28,2.25
2013.10.16 14:38:46.951,1.57692,1.57699,1.50,1.13
2013.10.16 14:38:47.192,1.57689,1.57698,1.58,1.13
2013.10.16 14:38:47.319,1.5769,1.57698,2.25,1.13
2013.10.16 14:38:47.379,1.5769,1.57699,2.63,1.13
2013.10.16 14:38:47.501,1.5769,1.57699,2.25,1.13
2013.10.16 14:38:48.020,1.57689,1.57699,2.25,1.20
2013.10.16 14:38:48.391,1.57686,1.57698,1.50,1.28
2013.10.16 14:38:48.454,1.57686,1.57698,2.25,1.28
2013.10.16 14:38:48.761,1.57688,1.57698,1.58,1.13
2013.10.16 14:38:48.881,1.57688,1.57699,1.58,1.50
2013.10.16 14:38:49.007,1.57689,1.57701,1.13,1.20
2013.10.16 14:38:49.785,1.57692,1.57702,1.20,1.13
2013.10.16 14:38:50.650,1.57689,1.57701,1.20,1.13
2013.10.16 14:38:50.832,1.57685,1.57696,1.20,1.50
2013.10.16 14:38:50.890,1.57682,1.57695,1.28,1.13
2013.10.16 14:38:51.429,1.57683,1.57695,1.58,2.07
2013.10.16 14:38:51.790,1.57681,1.57695,1.28,2.07
2013.10.16 14:38:52.859,1.57681,1.57693,1.95,1.13
2013.10.16 14:38:53.689,1.57681,1.57691,1.13,1.13
2013.10.16 14:38:54.049,1.57678,1.57693,1.65,1.65
2013.10.16 14:38:54.469,1.57687,1.57698,1.20,1.13
2013.10.16 14:38:54.889,1.57685,1.57696,2.03,1.13
2013.10.16 14:38:55.556,1.57685,1.577,2.33,1.20
2013.10.16 14:38:57.199,1.57688,1.577,1.58,1.20
2013.10.16 14:38:57.380,1.57688,1.57701,1.95,3.90
2013.10.16 14:38:57.699,1.57688,1.577,1.95,1.20
2013.10.16 14:38:58.000,1.57688,1.577,1.50,1.28
2013.10.16 14:38:58.384,1.57685,1.57697,1.28,1.13
2013.10.16 14:38:58.570,1.57687,1.57696,1.13,2.25
2013.10.16 14:38:59.109,1.57688,1.57697,1.13,2.40
2013.10.16 14:38:59.649,1.57687,1.57697,1.50,2.63
2013.10.16 14:39:00.329,1.57686,1.57696,1.50,1.13
2013.10.16 14:39:00.693,1.57684,1.57691,2.33,1.13
2013.10.16 14:39:00.819,1.57684,1.57691,3.08,1.13
2013.10.16 14:39:01.360,1.57684,1.57691,1.50,1.13
2013.10.16 14:39:01.864,1.57684,1.57691,2.25,1.13
2013.10.16 14:39:03.410,1.57679,1.57691,1.65,1.50
2013.10.16 14:39:03.650,1.57674,1.57686,1.02,1.95
2013.10.16 14:39:04.189,1.57671,1.57685,1.95,1.13
2013.10.16 14:39:08.541,1.57671,1.57684,1.65,1.88
2013.10.16 14:39:09.089,1.57672,1.57683,1.58,1.13
2013.10.16 14:39:09.270,1.57673,1.57684,1.47,1.13
2013.10.16 14:39:09.803,1.57672,1.57684,1.77,1.13
2013.10.16 14:39:11.232,1.57673,1.57684,1.09,1.13
2013.10.16 14:39:12.630,1.57674,1.57684,1.28,1.13
2013.10.16 14:39:12.812,1.5768,1.57691,1.50,1.95
2013.10.16 14:39:12.880,1.57682,1.57691,1.50,1.13
2013.10.16 14:39:13.000,1.57682,1.57691,1.58,1.13
2013.10.16 14:39:13.541,1.5768,1.57691,2.03,1.13
2013.10.16 14:39:13.599,1.57678,1.5769,3.00,1.50
2013.10.16 14:39:13.660,1.57678,1.5769,1.65,1.50
2013.10.16 14:39:13.959,1.57677,1.5769,2.03,1.20
2013.10.16 14:39:14.380,1.57678,1.5769,1.50,1.47
2013.10.16 14:39:14.440,1.57676,1.5769,2.63,1.47
2013.10.16 14:39:15.340,1.57676,1.5769,2.63,1.47
2013.10.16 14:39:16.520,1.57676,1.57689,2.63,1.47
2013.10.16 14:39:16.819,1.57677,1.57689,1.50,1.47
2013.10.16 14:39:17.179,1.57679,1.5769,1.13,1.17
2013.10.16 14:39:17.239,1.57678,1.5769,2.63,1.17
2013.10.16 14:39:18.129,1.57679,1.57692,1.13,1.28
2013.10.16 14:39:18.699,1.57679,1.57692,1.13,1.28
2013.10.16 14:39:18.878,1.57681,1.57692,1.50,1.13
2013.10.16 14:39:19.250,1.57683,1.57691,1.50,1.13
2013.10.16 14:39:20.117,1.57685,1.57691,1.50,1.13
2013.10.16 14:39:20.249,1.57685,1.57698,2.33,1.20
2013.10.16 14:39:20.549,1.57685,1.57694,2.25,1.13
2013.10.16 14:39:20.852,1.57686,1.57697,1.58,1.13
2013.10.16 14:39:20.980,1.57689,1.57696,1.50,1.13
2013.10.16 14:39:21.159,1.57689,1.57696,1.58,1.13
2013.10.16 14:39:21.462,1.57687,1.57694,1.50,1.13
2013.10.16 14:39:25.012,1.57687,1.57697,1.65,1.13
2013.10.16 14:39:27.680,1.57685,1.57691,1.05,1.13
2013.10.16 14:39:27.800,1.57679,1.57692,1.65,1.13
2013.10.16 14:39:27.860,1.57681,1.57692,1.50,1.20
2013.10.16 14:39:28.224,1.57678,1.57686,1.58,1.13
2013.10.16 14:39:28.351,1.57677,1.57693,2.33,1.20
2013.10.16 14:39:28.533,1.57679,1.57693,1.65,1.20
2013.10.16 14:39:28.981,1.57679,1.57692,3.15,1.50
2013.10.16 14:39:29.282,1.57681,1.57692,1.50,1.50
2013.10.16 14:39:32.759,1.57682,1.57691,1.50,1.13
2013.10.16 14:39:32.820,1.57684,1.57691,2.33,1.13
2013.10.16 14:39:33.180,1.57685,1.57691,3.15,1.13
2013.10.16 14:39:33.760,1.57687,1.57702,1.58,1.95
2013.10.16 14:39:34.119,1.57691,1.57697,1.65,1.13
2013.10.16 14:39:34.179,1.5769,1.57696,2.40,1.13
2013.10.16 14:39:35.799,1.57692,1.57704,1.02,1.13
2013.10.16 14:39:35.979,1.57694,1.57705,1.50,1.20
2013.10.16 14:39:36.039,1.57694,1.57705,1.58,1.13
2013.10.16 14:39:36.219,1.57694,1.57706,2.33,1.20
2013.10.16 14:39:36.399,1.57695,1.57706,1.50,1.20
2013.10.16 14:39:36.719,1.57695,1.57705,1.50,1.13
2013.10.16 14:39:36.839,1.57694,1.57706,1.20,1.95
2013.10.16 14:39:36.899,1.57696,1.57706,1.13,1.95
2013.10.16 14:39:37.960,1.57693,1.57701,3.34,1.13
2013.10.16 14:39:38.682,1.57691,1.57701,2.70,1.13
2013.10.16 14:39:38.750,1.57691,1.57701,1.95,1.13
2013.10.16 14:39:38.811,1.57691,1.57701,1.80,1.13
2013.10.16 14:39:38.870,1.57691,1.57701,1.50,1.13
2013.10.16 14:39:39.110,1.5769,1.577,2.63,1.13
2013.10.16 14:39:41.039,1.57688,1.57696,2.03,1.13
2013.10.16 14:39:41.219,1.57688,1.57698,1.58,1.13
2013.10.16 14:39:41.340,1.57688,1.57701,1.20,1.88
2013.10.16 14:39:41.639,1.57686,1.57701,2.25,3.53
2013.10.16 14:39:41.940,1.57685,1.57697,1.95,1.13
2013.10.16 14:39:42.240,1.57684,1.57697,2.52,1.20
2013.10.16 14:39:42.660,1.57685,1.57697,1.47,1.13
2013.10.16 14:39:42.900,1.57686,1.57697,2.40,1.13
2013.10.16 14:39:43.560,1.57685,1.57692,1.88,1.13
2013.10.16 14:39:43.679,1.57683,1.57696,1.47,1.13
2013.10.16 14:39:43.979,1.57683,1.57696,2.03,1.13
2013.10.16 14:39:44.340,1.57684,1.57696,2.33,1.13
2013.10.16 14:39:44.699,1.57684,1.57695,1.58,1.13
2013.10.16 14:39:45.059,1.57683,1.57695,1.65,1.13
2013.10.16 14:39:45.599,1.57683,1.57695,1.50,1.20
2013.10.16 14:39:46.549,1.5768,1.57692,2.03,1.13
2013.10.16 14:39:50.259,1.57679,1.57692,2.03,1.13
2013.10.16 14:39:50.560,1.57677,1.5769,1.58,1.13
2013.10.16 14:39:50.619,1.57676,1.5769,2.22,1.20
2013.10.16 14:39:50.799,1.57676,1.57688,2.22,1.13
2013.10.16 14:39:51.162,1.57677,1.57684,1.13,1.13
2013.10.16 14:39:51.349,1.57674,1.57684,1.28,1.88
2013.10.16 14:39:51.409,1.57674,1.57684,1.13,1.20
2013.10.16 14:39:51.531,1.5767,1.57679,1.58,1.13
2013.10.16 14:39:51.592,1.5767,1.57676,1.50,1.20
2013.10.16 14:39:51.659,1.57665,1.57676,1.88,1.88
2013.10.16 14:39:51.841,1.57658,1.57668,1.20,1.13
2013.10.16 14:39:52.261,1.57654,1.57666,1.13,1.65
2013.10.16 14:39:52.379,1.57652,1.57665,1.50,2.25
2013.10.16 14:39:52.439,1.57651,1.57665,1.13,3.83
2013.10.16 14:39:52.949,1.5765,1.57663,2.33,1.20
2013.10.16 14:39:53.490,1.5765,1.57665,1.95,3.08
2013.10.16 14:39:54.049,1.5765,1.57662,1.95,1.20
2013.10.16 14:39:54.589,1.57649,1.57664,2.22,1.20
2013.10.16 14:39:55.839,1.5765,1.57662,1.02,1.20
2013.10.16 14:39:56.379,1.57651,1.57662,1.13,1.28
2013.10.16 14:39:57.321,1.57649,1.5766,1.50,1.13
2013.10.16 14:39:57.559,1.5765,1.57662,1.32,1.58
2013.10.16 14:39:58.140,1.57649,1.57663,2.82,2.63
2013.10.16 14:39:58.679,1.5765,1.57663,2.44,2.33
2013.10.16 14:39:59.879,1.5765,1.57663,1.69,2.33
2013.10.16 14:40:00.409,1.5765,1.57661,1.69,1.20
2013.10.16 14:40:00.979,1.5765,1.57663,1.69,2.03
2013.10.16 14:40:01.100,1.5765,1.57663,1.77,1.95
2013.10.16 14:40:03.301,1.5765,1.5766,2.52,1.13
2013.10.16 14:40:03.781,1.5765,1.57661,1.77,1.13
2013.10.16 14:40:03.992,1.5765,1.57663,1.95,1.95
2013.10.16 14:40:04.231,1.5765,1.57664,2.14,2.03
2013.10.16 14:40:04.759,1.57653,1.57665,1.13,2.03
2013.10.16 14:40:05.819,1.57653,1.57664,1.88,1.65
2013.10.16 14:40:05.999,1.57653,1.57662,1.50,1.13
2013.10.16 14:40:06.549,1.57654,1.57662,1.02,1.13
2013.10.16 14:40:07.210,1.57654,1.57662,1.02,1.13
2013.10.16 14:40:07.969,1.57654,1.57666,1.02,1.88
2013.10.16 14:40:10.100,1.57654,1.57665,1.69,1.28
2013.10.16 14:40:12.071,1.57654,1.57665,1.69,1.13
2013.10.16 14:40:12.380,1.57654,1.57666,1.69,1.20
2013.10.16 14:40:12.839,1.57653,1.57666,1.39,1.20
2013.10.16 14:40:13.351,1.57653,1.57665,1.39,1.13
2013.10.16 14:40:13.899,1.57655,1.57666,1.13,1.65
2013.10.16 14:40:14.410,1.57653,1.57666,1.13,2.03
2013.10.16 14:40:15.859,1.57653,1.57664,1.13,1.20
2013.10.16 14:40:16.374,1.57652,1.57664,2.25,1.20
2013.10.16 14:40:16.899,1.57652,1.57664,1.50,1.20
2013.10.16 14:40:17.020,1.57652,1.57664,2.25,1.20
2013.10.16 14:40:17.380,1.57653,1.57664,1.02,1.13
2013.10.16 14:40:17.680,1.57654,1.57664,1.32,1.88
2013.10.16 14:40:18.043,1.57657,1.57664,1.13,1.20
2013.10.16 14:40:18.610,1.57657,1.57664,1.13,1.13
2013.10.16 14:40:19.249,1.57657,1.57666,1.13,1.88
2013.10.16 14:40:19.750,1.57657,1.57666,1.13,1.88
2013.10.16 14:40:19.991,1.57657,1.57666,1.13,2.33
2013.10.16 14:40:21.370,1.57656,1.57666,1.50,2.78
2013.10.16 14:40:21.891,1.57657,1.57666,1.50,1.65
2013.10.16 14:40:22.132,1.57655,1.57664,1.13,1.20
2013.10.16 14:40:22.440,1.57655,1.57664,1.13,1.13
2013.10.16 14:40:22.680,1.57651,1.57661,1.65,1.50
2013.10.16 14:40:23.037,1.57651,1.57661,1.50,1.65
2013.10.16 14:40:24.050,1.5765,1.57661,1.13,1.65
2013.10.16 14:40:24.353,1.57651,1.57662,1.13,1.95
2013.10.16 14:40:24.421,1.5765,1.57662,1.13,3.08
2013.10.16 14:40:24.599,1.57649,1.57661,1.13,1.65
2013.10.16 14:40:25.140,1.57652,1.57661,1.13,1.65
2013.10.16 14:40:25.680,1.57651,1.57661,1.13,1.28
2013.10.16 14:40:26.840,1.57651,1.57661,1.13,1.28
2013.10.16 14:40:26.899,1.57646,1.5766,2.33,1.28
2013.10.16 14:40:27.020,1.57644,1.57654,1.50,1.13
2013.10.16 14:40:27.080,1.57643,1.57652,1.50,1.13
2013.10.16 14:40:27.740,1.57643,1.57653,1.50,1.13
2013.10.16 14:40:27.919,1.57643,1.57653,1.50,1.13
2013.10.16 14:40:28.459,1.57643,1.57656,1.50,1.88
2013.10.16 14:40:29.010,1.57644,1.57654,1.13,1.28
2013.10.16 14:40:29.549,1.57644,1.57654,1.32,1.13
2013.10.16 14:40:30.130,1.57643,1.57654,2.07,1.13
2013.10.16 14:40:31.949,1.57643,1.57654,1.69,1.13
2013.10.16 14:40:32.480,1.57643,1.57655,2.44,1.20
2013.10.16 14:40:33.238,1.57643,1.57655,2.44,1.20
2013.10.16 14:40:34.980,1.57643,1.57655,1.69,1.20
2013.10.16 14:40:35.169,1.57644,1.57656,1.50,1.28
2013.10.16 14:40:35.539,1.57644,1.57656,1.50,1.28
2013.10.16 14:40:35.840,1.57651,1.57662,1.32,2.63
2013.10.16 14:40:36.079,1.57653,1.57666,1.20,1.13
2013.10.16 14:40:36.620,1.57654,1.57666,1.65,1.13
2013.10.16 14:40:37.159,1.57655,1.57666,1.50,1.13
2013.10.16 14:40:37.699,1.57654,1.57666,3.08,1.88
2013.10.16 14:40:38.000,1.57655,1.57666,1.50,1.13
2013.10.16 14:40:38.479,1.57653,1.57666,1.50,1.58
2013.10.16 14:40:38.599,1.57653,1.57666,3.00,1.28
2013.10.16 14:40:38.950,1.57653,1.57664,1.50,1.58
2013.10.16 14:40:39.490,1.57654,1.57665,1.50,2.03
2013.10.16 14:40:39.611,1.57652,1.57664,1.13,1.58
2013.10.16 14:40:40.300,1.57654,1.57664,2.25,1.88
2013.10.16 14:40:40.819,1.57654,1.57664,1.50,1.88
2013.10.16 14:40:41.299,1.57652,1.57662,2.40,1.50
2013.10.16 14:40:42.319,1.57653,1.57664,1.58,1.88
2013.10.16 14:40:44.490,1.57653,1.57664,2.25,1.88
2013.10.16 14:40:45.700,1.57654,1.57666,1.88,2.78
2013.10.16 14:40:46.000,1.57656,1.57666,1.65,1.13
2013.10.16 14:40:46.639,1.57657,1.57666,1.58,1.13
2013.10.16 14:40:50.132,1.57657,1.57667,1.50,1.88
2013.10.16 14:40:52.760,1.57656,1.57667,1.50,1.88
2013.10.16 14:40:53.930,1.57655,1.57667,3.08,1.88
2013.10.16 14:40:57.440,1.57655,1.57666,1.50,1.28
2013.10.16 14:40:57.501,1.57655,1.57664,1.50,1.50
2013.10.16 14:40:57.740,1.57651,1.57661,1.13,1.50
2013.10.16 14:40:57.801,1.5765,1.57659,1.50,1.13
2013.10.16 14:40:58.739,1.57649,1.57659,1.50,1.13
2013.10.16 14:41:00.910,1.57649,1.57661,2.25,1.95
2013.10.16 14:41:01.153,1.57649,1.57659,1.50,1.13
2013.10.16 14:41:01.220,1.57646,1.57658,3.08,1.88
2013.10.16 14:41:01.339,1.57646,1.57658,1.58,1.88
2013.10.16 14:41:02.030,1.57645,1.57656,3.00,1.13
2013.10.16 14:41:02.842,1.57645,1.57655,3.15,1.13
2013.10.16 14:41:02.911,1.57645,1.57656,2.40,1.13
2013.10.16 14:41:03.031,1.57643,1.57654,1.95,1.13
2013.10.16 14:41:03.090,1.57643,1.57658,1.95,3.04
2013.10.16 14:41:03.151,1.57641,1.57653,1.13,1.20
2013.10.16 14:41:03.511,1.57639,1.57647,1.58,1.13
2013.10.16 14:41:03.631,1.57636,1.57646,1.58,1.50
2013.10.16 14:41:03.812,1.57635,1.57647,1.50,1.20
2013.10.16 14:41:04.064,1.57635,1.57647,1.50,2.03
2013.10.16 14:41:04.370,1.57635,1.57645,1.58,1.13
2013.10.16 14:41:04.671,1.57635,1.57646,1.58,1.13
2013.10.16 14:41:04.850,1.57635,1.57643,1.50,1.13
2013.10.16 14:41:05.671,1.57632,1.57639,1.58,1.13
2013.10.16 14:41:05.909,1.57631,1.57641,1.58,1.13
2013.10.16 14:41:07.850,1.57633,1.57641,2.25,1.13
2013.10.16 14:41:08.091,1.57634,1.57646,1.50,1.65
2013.10.16 14:41:08.211,1.57634,1.57646,2.25,1.65
2013.10.16 14:41:08.390,1.57634,1.57646,1.50,2.03
2013.10.16 14:41:08.810,1.57634,1.57646,3.00,1.20
2013.10.16 14:41:11.394,1.57634,1.57646,2.40,1.88
2013.10.16 14:41:11.519,1.57636,1.57646,1.50,1.88
2013.10.16 14:41:12.959,1.57638,1.57644,1.50,1.13
2013.10.16 14:41:13.680,1.57638,1.57646,1.50,1.13
2013.10.16 14:41:13.799,1.57636,1.57646,2.25,1.20
2013.10.16 14:41:13.919,1.57636,1.57643,2.25,1.13
2013.10.16 14:41:14.670,1.57636,1.57642,1.50,1.13
2013.10.16 14:41:15.453,1.57634,1.57643,1.50,1.32
2013.10.16 14:41:15.580,1.57629,1.57645,1.95,1.20
2013.10.16 14:41:15.643,1.57627,1.57641,1.13,1.88
2013.10.16 14:41:15.950,1.57628,1.57638,1.88,1.28
2013.10.16 14:41:16.070,1.57628,1.57636,1.58,1.13
2013.10.16 14:41:16.440,1.57628,1.57636,2.25,1.13
2013.10.16 14:41:16.979,1.57628,1.57636,1.50,1.13
2013.10.16 14:41:21.159,1.57629,1.57636,1.50,1.13
2013.10.16 14:41:21.700,1.57629,1.57635,1.50,1.13
2013.10.16 14:41:21.820,1.57626,1.57635,1.58,1.13
2013.10.16 14:41:21.879,1.57626,1.57636,1.58,1.13
2013.10.16 14:41:22.000,1.57626,1.57639,1.77,1.20
2013.10.16 14:41:22.361,1.57637,1.57646,1.50,1.13
2013.10.16 14:41:22.481,1.57636,1.57644,1.50,1.13
2013.10.16 14:41:23.120,1.57635,1.57644,2.07,1.13
2013.10.16 14:41:23.194,1.57635,1.57646,2.07,2.03
2013.10.16 14:41:24.280,1.57635,1.57642,1.13,1.88
2013.10.16 14:41:24.339,1.5763,1.57642,1.02,1.88
2013.10.16 14:41:24.879,1.57632,1.57642,1.69,1.13
2013.10.16 14:41:26.763,1.57633,1.57642,2.25,1.13
2013.10.16 14:41:27.009,1.57631,1.57641,1.02,1.13
2013.10.16 14:41:27.250,1.5763,1.57641,1.65,1.13
2013.10.16 14:41:27.671,1.57632,1.57637,1.50,1.13
2013.10.16 14:41:28.093,1.57626,1.57636,1.92,1.50
2013.10.16 14:41:28.165,1.57626,1.57638,2.29,1.88
2013.10.16 14:41:28.233,1.57631,1.57642,1.02,1.58
2013.10.16 14:41:28.300,1.57636,1.57642,1.50,1.50
2013.10.16 14:41:28.541,1.57632,1.57641,1.58,1.88
2013.10.16 14:41:28.719,1.57634,1.57641,1.50,1.13
2013.10.16 14:41:29.021,1.57628,1.57636,1.65,1.13
2013.10.16 14:41:29.326,1.57623,1.57636,1.65,1.88
2013.10.16 14:41:29.452,1.57622,1.57636,1.95,1.88
2013.10.16 14:41:29.571,1.57621,1.57636,1.28,1.28
2013.10.16 14:41:29.630,1.57619,1.57631,2.70,1.13
2013.10.16 14:41:30.179,1.57619,1.57631,1.95,1.13
2013.10.16 14:41:30.729,1.57619,1.57631,2.33,1.13
2013.10.16 14:41:30.789,1.57619,1.57631,2.33,1.13
2013.10.16 14:41:31.150,1.57622,1.57633,1.50,1.95
2013.10.16 14:41:31.389,1.57619,1.57631,2.03,1.13
2013.10.16 14:41:31.510,1.57623,1.57631,1.50,1.13
2013.10.16 14:41:31.629,1.57618,1.57631,2.40,1.13
2013.10.16 14:41:32.239,1.57622,1.57631,1.50,1.13
2013.10.16 14:41:32.359,1.57618,1.57631,2.40,1.13
2013.10.16 14:41:33.069,1.57619,1.57631,1.20,1.13
2013.10.16 14:41:33.571,1.57618,1.57631,3.19,1.13
2013.10.16 14:41:33.880,1.57619,1.57632,1.69,1.50
2013.10.16 14:41:36.065,1.57621,1.57631,1.65,1.13
2013.10.16 14:41:36.373,1.5762,1.57631,2.33,1.88
2013.10.16 14:41:36.861,1.57621,1.57632,1.69,1.13
2013.10.16 14:41:36.920,1.5762,1.57631,2.33,1.88
2013.10.16 14:41:37.469,1.5762,1.57631,1.65,1.88
2013.10.16 14:41:40.649,1.57619,1.57631,1.95,1.88
2013.10.16 14:41:41.239,1.57619,1.57631,1.95,1.88
2013.10.16 14:41:43.430,1.57619,1.5763,1.20,1.13
2013.10.16 14:41:43.990,1.57619,1.5763,1.20,1.13
2013.10.16 14:41:48.899,1.57621,1.57631,1.09,1.50
2013.10.16 14:41:49.021,1.57621,1.5763,1.39,1.13
2013.10.16 14:41:49.551,1.57623,1.57631,1.65,1.13
2013.10.16 14:41:50.029,1.5762,1.5763,1.13,1.13
2013.10.16 14:41:51.884,1.5762,1.57629,1.13,1.50
2013.10.16 14:41:51.950,1.57615,1.57629,1.88,1.50
2013.10.16 14:41:52.010,1.57615,1.57628,1.88,1.13
2013.10.16 14:41:52.549,1.57616,1.57626,2.03,1.13
2013.10.16 14:41:55.669,1.57615,1.57628,1.58,1.88
2013.10.16 14:41:56.209,1.57618,1.5763,1.20,1.13
2013.10.16 14:41:57.229,1.57618,1.5763,1.20,1.13
2013.10.16 14:41:58.581,1.57617,1.57631,1.28,1.95
2013.10.16 14:41:59.249,1.57617,1.57628,1.28,1.13
2013.10.16 14:42:00.691,1.57616,1.57627,1.28,1.13
2013.10.16 14:42:01.247,1.57616,1.57627,1.28,1.13
2013.10.16 14:42:01.799,1.57618,1.57631,1.58,2.14
2013.10.16 14:42:02.102,1.57618,1.57632,2.14,1.58
2013.10.16 14:42:02.171,1.57619,1.57632,1.20,1.95
2013.10.16 14:42:02.300,1.57622,1.57635,1.88,1.58
2013.10.16 14:42:02.904,1.57621,1.57635,2.70,1.50
2013.10.16 14:42:02.976,1.57621,1.57629,1.50,1.17
2013.10.16 14:42:03.220,1.57618,1.57628,2.82,1.13
2013.10.16 14:42:03.279,1.57621,1.57631,1.58,1.20
2013.10.16 14:42:03.520,1.57623,1.57635,1.13,1.28
2013.10.16 14:42:03.580,1.57623,1.57636,1.13,3.15
2013.10.16 14:42:03.895,1.57623,1.57635,1.13,2.59
2013.10.16 14:42:04.200,1.57623,1.57632,1.13,1.13
2013.10.16 14:42:04.490,1.57623,1.57632,1.13,1.13
2013.10.16 14:42:05.180,1.57621,1.57632,2.03,1.13
2013.10.16 14:42:07.080,1.57618,1.57629,1.28,1.50
2013.10.16 14:42:07.750,1.57618,1.57631,1.65,1.88
2013.10.16 14:42:07.809,1.57617,1.57631,2.40,2.86
2013.10.16 14:42:08.170,1.57621,1.57629,1.28,1.50
2013.10.16 14:42:08.289,1.57621,1.57629,1.28,1.50
2013.10.16 14:42:08.410,1.57619,1.57632,2.33,1.88
2013.10.16 14:42:08.589,1.57619,1.57632,2.33,1.88
2013.10.16 14:42:08.950,1.57619,1.57627,2.70,1.13
2013.10.16 14:42:09.010,1.57619,1.57627,2.40,1.13
2013.10.16 14:42:09.130,1.57618,1.57628,2.03,1.13
2013.10.16 14:42:09.549,1.57618,1.57631,2.03,1.13
2013.10.16 14:42:10.280,1.57618,1.57631,2.40,1.20
2013.10.16 14:42:10.339,1.57619,1.57631,1.58,1.20
2013.10.16 14:42:12.119,1.57618,1.57627,1.13,1.13
2013.10.16 14:42:16.990,1.57618,1.57627,1.13,1.13
2013.10.16 14:42:17.291,1.57615,1.57626,2.78,1.88
2013.10.16 14:42:17.412,1.57617,1.57626,1.20,1.50
2013.10.16 14:42:17.649,1.57619,1.57629,1.13,1.88
2013.10.16 14:42:18.899,1.57618,1.57629,1.13,1.20
2013.10.16 14:42:19.689,1.57619,1.5763,1.13,2.33
2013.10.16 14:42:20.069,1.57616,1.5763,1.58,2.03
2013.10.16 14:42:20.250,1.57616,1.5763,1.58,2.03
2013.10.16 14:42:21.009,1.57618,1.57628,1.88,1.13
2013.10.16 14:42:21.469,1.57619,1.5763,1.50,1.28
2013.10.16 14:42:22.789,1.57619,1.57628,1.50,1.13
2013.10.16 14:42:23.089,1.57616,1.57628,1.58,1.13
2013.10.16 14:42:24.079,1.57616,1.57629,1.58,1.20
2013.10.16 14:42:26.459,1.57615,1.57628,3.15,1.50
2013.10.16 14:42:26.699,1.57615,1.57629,1.50,2.63
2013.10.16 14:42:26.879,1.57615,1.5763,2.25,3.83
2013.10.16 14:42:27.492,1.57616,1.57628,1.50,1.28
2013.10.16 14:42:30.459,1.57618,1.57628,1.20,1.13
2013.10.16 14:42:31.051,1.57618,1.57629,2.07,1.13
2013.10.16 14:42:31.110,1.57619,1.57631,2.25,1.13
2013.10.16 14:42:31.230,1.57622,1.57635,1.28,1.88
2013.10.16 14:42:31.290,1.57624,1.57635,1.88,1.13
2013.10.16 14:42:31.533,1.57624,1.57636,1.50,1.77
2013.10.16 14:42:31.720,1.57629,1.5764,1.88,1.47
2013.10.16 14:42:32.730,1.57629,1.5764,1.20,1.13
2013.10.16 14:42:38.020,1.5763,1.57641,1.28,1.13
2013.10.16 14:42:38.140,1.5763,1.57641,1.28,1.13
2013.10.16 14:42:38.380,1.57629,1.57639,1.20,1.13
2013.10.16 14:42:38.801,1.57629,1.5764,1.13,1.28
2013.10.16 14:42:38.980,1.57623,1.57634,2.03,1.13
2013.10.16 14:42:39.100,1.57623,1.57635,1.20,1.95
2013.10.16 14:42:39.763,1.57622,1.57635,2.25,2.03
2013.10.16 14:42:39.842,1.57622,1.57631,1.50,1.50
2013.10.16 14:42:40.095,1.57619,1.57631,2.03,1.88
2013.10.16 14:42:41.899,1.57619,1.5763,1.28,1.50
2013.10.16 14:42:42.259,1.57622,1.57631,1.32,1.50
2013.10.16 14:42:43.210,1.57624,1.57631,1.13,1.50
2013.10.16 14:42:43.329,1.57622,1.57631,1.02,1.13
2013.10.16 14:42:43.450,1.5762,1.57631,1.65,1.13
2013.10.16 14:42:43.629,1.5762,1.57631,1.20,2.63
2013.10.16 14:42:43.810,1.5762,1.57628,1.20,1.50
2013.10.16 14:42:43.929,1.57619,1.5763,1.13,1.13
2013.10.16 14:42:43.990,1.57618,1.5763,1.39,1.13
2013.10.16 14:42:44.590,1.57618,1.57628,1.20,1.13
2013.10.16 14:42:45.010,1.57619,1.57631,1.13,2.33
2013.10.16 14:42:46.083,1.57619,1.57631,1.50,2.70
2013.10.16 14:42:46.761,1.57619,1.57627,1.50,1.50
2013.10.16 14:42:46.880,1.57616,1.5763,2.44,2.33
2013.10.16 14:42:47.001,1.57614,1.57626,2.70,1.50
2013.10.16 14:42:47.061,1.57614,1.57626,1.95,1.50
2013.10.16 14:42:47.241,1.57614,1.57624,1.58,1.13
2013.10.16 14:42:47.779,1.57614,1.5762,1.50,1.50
2013.10.16 14:42:48.469,1.57614,1.57621,1.50,1.50
2013.10.16 14:42:48.833,1.57614,1.5762,1.50,1.50
2013.10.16 14:42:49.320,1.57614,1.57623,1.88,1.50
2013.10.16 14:42:49.380,1.57614,1.57629,2.70,1.69
2013.10.16 14:42:49.500,1.57615,1.57624,1.28,1.50
2013.10.16 14:42:49.800,1.57613,1.57624,1.58,1.32
2013.10.16 14:42:49.860,1.57613,1.57624,1.20,2.07
2013.10.16 14:42:50.219,1.57609,1.57624,1.95,1.84
2013.10.16 14:42:50.559,1.57609,1.57622,1.20,1.58
2013.10.16 14:42:50.919,1.57608,1.57622,1.65,1.58
2013.10.16 14:42:51.099,1.57615,1.57626,1.20,1.13
2013.10.16 14:42:51.160,1.57615,1.57626,1.28,1.50
2013.10.16 14:42:51.220,1.57615,1.57625,1.28,1.50
2013.10.16 14:42:52.040,1.57613,1.57624,1.13,1.58
2013.10.16 14:42:52.372,1.57606,1.57617,1.88,1.13
2013.10.16 14:42:52.431,1.57608,1.57618,1.50,1.95
2013.10.16 14:42:52.731,1.57609,1.57618,1.32,2.25
2013.10.16 14:42:53.090,1.57615,1.57625,1.13,1.13
2013.10.16 14:42:53.630,1.57614,1.57626,1.28,1.88
2013.10.16 14:42:54.169,1.57613,1.57626,1.28,1.88
2013.10.16 14:42:54.530,1.57614,1.57626,2.03,2.63
2013.10.16 14:42:54.709,1.57615,1.57625,1.28,1.50
2013.10.16 14:42:54.949,1.57615,1.57626,1.28,1.88
2013.10.16 14:42:56.219,1.57616,1.57626,1.58,1.88
2013.10.16 14:42:56.761,1.57616,1.57626,1.58,1.13
2013.10.16 14:42:56.999,1.57615,1.57626,1.65,1.13
2013.10.16 14:42:57.420,1.57614,1.57623,1.50,1.13
2013.10.16 14:42:58.649,1.57611,1.57621,2.78,1.88
2013.10.16 14:43:00.189,1.57614,1.57626,1.13,2.78
2013.10.16 14:43:01.031,1.57612,1.57624,1.13,1.20
2013.10.16 14:43:02.810,1.57612,1.57623,1.13,1.20
2013.10.16 14:43:03.169,1.57612,1.57621,1.13,1.13
2013.10.16 14:43:03.863,1.57605,1.5762,2.14,1.95
2013.10.16 14:43:03.935,1.57605,1.57617,1.47,1.13
2013.10.16 14:43:04.182,1.57607,1.57621,1.28,1.95
2013.10.16 14:43:04.740,1.57609,1.57621,1.39,2.70
2013.10.16 14:43:05.041,1.57615,1.57624,1.13,1.28
2013.10.16 14:43:05.161,1.57615,1.57626,1.13,2.25
2013.10.16 14:43:05.281,1.5762,1.57628,1.13,1.50
2013.10.16 14:43:05.341,1.57619,1.57628,1.13,1.58
2013.10.16 14:43:05.400,1.5762,1.57628,1.32,1.20
2013.10.16 14:43:05.580,1.57622,1.57629,1.13,1.58
2013.10.16 14:43:05.700,1.57618,1.5763,1.13,1.65
2013.10.16 14:43:05.821,1.57616,1.57629,1.13,1.95
2013.10.16 14:43:06.059,1.57618,1.57629,1.13,1.20
2013.10.16 14:43:06.240,1.57615,1.57629,2.07,1.13
2013.10.16 14:43:06.480,1.57615,1.57626,1.88,1.58
2013.10.16 14:43:06.850,1.57615,1.57624,1.13,1.95
2013.10.16 14:43:07.329,1.57612,1.57622,1.13,1.28
2013.10.16 14:43:07.699,1.57606,1.57621,2.14,1.28
2013.10.16 14:43:08.001,1.57602,1.57614,1.88,1.20
2013.10.16 14:43:08.543,1.57602,1.57614,1.88,1.58
2013.10.16 14:43:09.090,1.57604,1.57614,1.13,1.20
2013.10.16 14:43:09.150,1.57604,1.57615,1.13,1.65
2013.10.16 14:43:09.269,1.57604,1.57615,1.13,1.65
2013.10.16 14:43:09.810,1.57604,1.57616,1.13,2.70
2013.10.16 14:43:10.460,1.57604,1.57616,1.13,2.70
2013.10.16 14:43:11.840,1.57604,1.57615,1.28,2.63
2013.10.16 14:43:12.259,1.57604,1.57614,1.28,1.13
2013.10.16 14:43:12.500,1.57602,1.57613,1.20,1.13
2013.10.16 14:43:12.620,1.57602,1.57613,1.20,3.04
2013.10.16 14:43:12.980,1.5759,1.57601,1.58,1.13
2013.10.16 14:43:13.280,1.5759,1.57601,1.58,1.13
2013.10.16 14:43:13.942,1.5759,1.57603,1.95,1.20
2013.10.16 14:43:14.131,1.5759,1.57602,1.58,1.13
2013.10.16 14:43:14.252,1.57589,1.57602,1.65,1.88
2013.10.16 14:43:14.489,1.5759,1.57602,1.20,1.95
2013.10.16 14:43:14.860,1.5759,1.57602,2.70,1.20
2013.10.16 14:43:15.518,1.5759,1.57601,1.95,1.13
2013.10.16 14:43:16.299,1.57592,1.57602,1.13,1.20
2013.10.16 14:43:18.492,1.57589,1.57601,2.33,1.13
2013.10.16 14:43:18.619,1.57589,1.57601,1.58,1.13
2013.10.16 14:43:18.740,1.57589,1.57601,1.13,1.28
2013.10.16 14:43:18.921,1.57589,1.57602,2.03,1.88
2013.10.16 14:43:19.399,1.57592,1.57606,2.03,2.33
2013.10.16 14:43:19.460,1.57593,1.57606,1.65,2.33
2013.10.16 14:43:19.580,1.57593,1.57607,1.95,1.13
2013.10.16 14:43:20.121,1.57594,1.57608,1.88,1.88
2013.10.16 14:43:20.479,1.57593,1.57606,3.08,1.13
2013.10.16 14:43:20.604,1.57595,1.57605,1.13,1.13
2013.10.16 14:43:20.670,1.57595,1.57605,1.13,1.28
2013.10.16 14:43:21.030,1.57594,1.57605,1.13,2.22
2013.10.16 14:43:21.331,1.57595,1.57605,1.13,1.28
2013.10.16 14:43:22.559,1.57595,1.57606,1.13,1.65
2013.10.16 14:43:22.619,1.57595,1.57606,1.13,1.50
2013.10.16 14:43:22.799,1.57595,1.57606,1.13,1.88
2013.10.16 14:43:23.000,1.57595,1.57608,1.13,1.65
2013.10.16 14:43:23.910,1.57595,1.57607,1.13,1.20
2013.10.16 14:43:24.704,1.576,1.57608,1.13,1.50
2013.10.16 14:43:25.022,1.57599,1.57609,1.20,1.88
2013.10.16 14:43:25.090,1.57596,1.57608,2.89,1.13
2013.10.16 14:43:25.667,1.57599,1.57608,1.58,1.13
2013.10.16 14:43:25.740,1.57598,1.57611,1.84,1.88
2013.10.16 14:43:25.863,1.57598,1.57609,1.84,1.13
2013.10.16 14:43:25.990,1.57598,1.57609,1.02,1.13
2013.10.16 14:43:26.050,1.57598,1.57609,1.02,1.13
2013.10.16 14:43:27.700,1.57597,1.57609,2.22,1.13
2013.10.16 14:43:28.035,1.57597,1.57605,2.14,1.50
2013.10.16 14:43:28.344,1.57596,1.57607,1.50,1.28
2013.10.16 14:43:28.711,1.57595,1.57603,1.50,1.13
2013.10.16 14:43:28.950,1.57594,1.57606,1.88,1.95
2013.10.16 14:43:29.011,1.57597,1.57608,1.50,1.24
2013.10.16 14:43:29.070,1.57597,1.57609,1.88,1.54
2013.10.16 14:43:29.190,1.57598,1.57609,1.20,1.88
2013.10.16 14:43:29.371,1.57598,1.57609,1.20,2.63
2013.10.16 14:43:29.912,1.57595,1.57605,1.20,1.13
2013.10.16 14:43:30.969,1.57599,1.5761,1.88,2.22
2013.10.16 14:43:31.091,1.57599,1.57609,1.13,1.20
2013.10.16 14:43:31.451,1.57599,1.5761,1.13,1.65
2013.10.16 14:43:32.220,1.57599,1.57609,1.13,1.20
2013.10.16 14:43:34.021,1.57599,1.5761,1.13,1.88
2013.10.16 14:43:34.080,1.57598,1.57611,1.95,1.58
2013.10.16 14:43:34.200,1.57599,1.57609,1.20,1.13
2013.10.16 14:43:34.262,1.57599,1.57609,1.13,1.88
2013.10.16 14:43:34.439,1.576,1.57609,1.13,1.13
2013.10.16 14:43:35.294,1.576,1.57612,1.58,1.88
2013.10.16 14:43:35.841,1.57601,1.57613,1.58,1.13
2013.10.16 14:43:36.320,1.57604,1.57612,1.28,1.13
2013.10.16 14:43:36.621,1.5761,1.57621,3.00,1.50
2013.10.16 14:43:36.680,1.5761,1.57621,3.00,1.50
2013.10.16 14:43:36.799,1.57609,1.57621,1.88,1.50
2013.10.16 14:43:37.100,1.57609,1.57621,1.28,1.50
2013.10.16 14:43:37.420,1.57608,1.57621,1.58,1.50
2013.10.16 14:43:37.660,1.57609,1.57623,1.28,1.50
2013.10.16 14:43:37.780,1.57609,1.57624,2.03,2.33
2013.10.16 14:43:37.840,1.5761,1.57624,1.58,2.25
2013.10.16 14:43:38.198,1.5761,1.57624,2.33,1.50
2013.10.16 14:43:38.570,1.57611,1.57623,1.28,1.50
2013.10.16 14:43:38.751,1.57611,1.57621,1.13,1.50
2013.10.16 14:43:38.810,1.57611,1.57621,1.13,2.25
2013.10.16 14:43:39.330,1.57611,1.57621,1.13,1.88
2013.10.16 14:43:39.390,1.57608,1.57616,1.65,1.13
2013.10.16 14:43:39.571,1.57593,1.57607,1.65,1.20
2013.10.16 14:43:39.690,1.57589,1.57604,2.40,3.45
2013.10.16 14:43:39.750,1.57588,1.57601,1.58,1.50
2013.10.16 14:43:40.120,1.5759,1.57598,1.20,1.50
2013.10.16 14:43:40.240,1.57586,1.57601,1.28,2.33
2013.10.16 14:43:40.480,1.57586,1.57601,1.28,2.33
2013.10.16 14:43:41.029,1.57586,1.57601,1.28,2.33
2013.10.16 14:43:41.554,1.57586,1.57601,2.03,2.33
2013.10.16 14:43:41.740,1.57586,1.57601,1.65,3.45
2013.10.16 14:43:41.924,1.57586,1.57598,1.20,1.50
2013.10.16 14:43:42.054,1.57587,1.57598,1.13,3.00
2013.10.16 14:43:42.361,1.57584,1.57596,1.65,1.32
2013.10.16 14:43:42.480,1.57583,1.57596,1.20,1.32
2013.10.16 14:43:42.791,1.57581,1.57594,2.40,1.50
2013.10.16 14:43:42.911,1.57582,1.57594,1.20,1.50
2013.10.16 14:43:44.221,1.57582,1.57594,1.95,1.50
2013.10.16 14:43:45.764,1.57584,1.57594,1.65,1.50
2013.10.16 14:43:46.070,1.5759,1.57599,1.69,1.13
2013.10.16 14:43:46.131,1.5759,1.57603,1.69,1.88
2013.10.16 14:43:46.320,1.57591,1.57603,1.20,1.50
2013.10.16 14:43:46.380,1.5759,1.57604,2.82,1.13
2013.10.16 14:43:46.739,1.5759,1.57601,1.02,1.13
2013.10.16 14:43:47.100,1.57589,1.576,1.84,1.13
2013.10.16 14:43:47.680,1.57588,1.57596,1.65,1.50
2013.10.16 14:43:47.861,1.57583,1.57596,1.32,1.65
2013.10.16 14:43:47.980,1.57575,1.57594,2.70,1.50
2013.10.16 14:43:48.099,1.57575,1.57591,2.78,1.13
2013.10.16 14:43:48.280,1.57575,1.5759,1.09,1.13
2013.10.16 14:43:48.340,1.5758,1.57594,1.47,1.50
2013.10.16 14:43:48.400,1.57579,1.57594,2.52,1.50
2013.10.16 14:43:48.580,1.57579,1.57593,1.77,1.50
2013.10.16 14:43:48.882,1.57571,1.57586,1.65,1.58
2013.10.16 14:43:49.240,1.57571,1.57583,1.28,1.50
2013.10.16 14:43:49.421,1.57573,1.57586,1.20,2.25
2013.10.16 14:43:49.600,1.57571,1.57582,3.45,1.50
2013.10.16 14:43:49.781,1.5757,1.57582,1.02,1.50
2013.10.16 14:43:50.091,1.5757,1.57581,1.84,1.50
2013.10.16 14:43:50.990,1.5757,1.57582,1.84,1.13
2013.10.16 14:43:51.410,1.57572,1.57584,1.28,1.50
2013.10.16 14:43:51.849,1.57571,1.57582,1.50,1.50
2013.10.16 14:43:52.270,1.57575,1.57587,1.58,1.13
2013.10.16 14:43:52.390,1.57575,1.57586,1.95,1.50
2013.10.16 14:43:52.931,1.57579,1.5759,2.07,1.13
2013.10.16 14:43:53.170,1.57579,1.57591,3.27,1.13
2013.10.16 14:43:53.990,1.57579,1.57593,3.27,1.88
2013.10.16 14:43:55.140,1.57579,1.57591,2.97,1.13
2013.10.16 14:43:55.800,1.57579,1.57591,1.28,1.13
2013.10.16 14:43:56.340,1.57578,1.57591,1.95,1.95
2013.10.16 14:43:56.669,1.57578,1.57591,1.58,1.95
2013.10.16 14:43:57.327,1.57574,1.57582,1.05,1.95
2013.10.16 14:43:57.403,1.57569,1.57582,1.50,1.95
2013.10.16 14:43:57.530,1.57566,1.57579,2.25,1.28
2013.10.16 14:43:58.070,1.57568,1.57579,1.50,1.58
2013.10.16 14:43:58.311,1.57569,1.57579,1.50,1.28
2013.10.16 14:43:58.490,1.57566,1.57579,1.58,1.20
2013.10.16 14:43:58.730,1.5756,1.57579,1.65,1.20
2013.10.16 14:43:59.052,1.57565,1.57579,1.95,1.13
2013.10.16 14:44:00.050,1.57566,1.5758,1.65,1.95
2013.10.16 14:44:00.969,1.57566,1.57579,1.58,1.28
2013.10.16 14:44:01.509,1.57566,1.57579,1.65,1.13
2013.10.16 14:44:03.510,1.57566,1.5758,1.58,2.03
2013.10.16 14:44:05.169,1.57566,1.57578,1.58,1.20
2013.10.16 14:44:05.911,1.57566,1.57578,1.65,1.13
2013.10.16 14:44:06.565,1.57567,1.57578,1.65,1.13
2013.10.16 14:44:07.470,1.57568,1.57581,2.03,3.38
2013.10.16 14:44:07.710,1.57569,1.57581,2.63,1.13
2013.10.16 14:44:07.890,1.57571,1.57583,1.28,1.50
2013.10.16 14:44:07.951,1.57571,1.57582,1.20,1.32
2013.10.16 14:44:08.010,1.57571,1.57582,1.28,1.32
2013.10.16 14:44:08.250,1.57571,1.57582,1.88,1.32
2013.10.16 14:44:08.761,1.57571,1.57581,1.28,1.32
2013.10.16 14:44:09.445,1.57563,1.57574,1.95,1.50
2013.10.16 14:44:09.650,1.57555,1.57569,1.65,1.13
2013.10.16 14:44:09.774,1.57557,1.5757,1.65,1.13
2013.10.16 14:44:10.290,1.57557,1.57567,1.77,1.13
2013.10.16 14:44:10.549,1.57557,1.57569,1.39,1.13
2013.10.16 14:44:10.617,1.57557,1.57569,1.39,1.13
2013.10.16 14:44:10.919,1.57561,1.57569,1.50,1.13
2013.10.16 14:44:12.540,1.57562,1.57571,1.50,1.13
2013.10.16 14:44:12.600,1.57564,1.57573,1.58,1.20
2013.10.16 14:44:12.780,1.57565,1.57573,1.20,1.13
2013.10.16 14:44:13.427,1.57566,1.57576,1.50,1.47
2013.10.16 14:44:13.640,1.57566,1.57572,1.50,1.13
2013.10.16 14:44:14.179,1.57566,1.57576,1.50,1.13
2013.10.16 14:44:14.489,1.57566,1.57576,1.50,1.13
2013.10.16 14:44:14.731,1.57564,1.57573,1.65,1.13
2013.10.16 14:44:15.711,1.57562,1.57572,2.70,1.13
2013.10.16 14:44:15.770,1.57562,1.57572,2.40,1.13
2013.10.16 14:44:15.890,1.57562,1.57571,2.25,1.13
2013.10.16 14:44:16.430,1.5756,1.57571,2.03,1.13
2013.10.16 14:44:16.969,1.57562,1.57573,1.28,1.13
2013.10.16 14:44:17.090,1.57563,1.57573,1.65,1.13
2013.10.16 14:44:18.660,1.57563,1.57573,1.65,1.13
2013.10.16 14:44:19.191,1.57563,1.57576,1.65,2.70
2013.10.16 14:44:19.430,1.57559,1.57571,1.20,1.13
2013.10.16 14:44:19.970,1.5756,1.57571,1.28,1.13
2013.10.16 14:44:20.980,1.5756,1.57571,1.28,1.13
2013.10.16 14:44:22.168,1.57558,1.57571,3.45,1.13
2013.10.16 14:44:22.431,1.57556,1.57567,1.65,1.13
2013.10.16 14:44:22.850,1.57557,1.5757,1.47,1.13
2013.10.16 14:44:23.390,1.57557,1.5757,1.09,1.88
2013.10.16 14:44:23.911,1.57557,1.5757,1.47,1.88
2013.10.16 14:44:25.090,1.57556,1.57568,1.28,1.13
2013.10.16 14:44:25.512,1.57557,1.57567,1.58,1.88
2013.10.16 14:44:26.050,1.57558,1.57567,1.95,1.13
2013.10.16 14:44:26.589,1.57558,1.57566,1.95,1.13
2013.10.16 14:44:27.215,1.57558,1.57566,2.70,1.13
2013.10.16 14:44:31.030,1.5756,1.57571,1.65,1.13
2013.10.16 14:44:31.211,1.57565,1.57576,1.02,1.88
2013.10.16 14:44:31.271,1.57569,1.5758,1.50,1.65
2013.10.16 14:44:31.330,1.57569,1.5758,1.65,1.13
2013.10.16 14:44:31.450,1.57571,1.57581,1.13,1.13
2013.10.16 14:44:31.870,1.5757,1.57581,1.28,1.13
2013.10.16 14:44:31.991,1.5757,1.5758,1.28,1.13
2013.10.16 14:44:32.170,1.5757,1.57581,1.28,1.13
2013.10.16 14:44:32.745,1.5757,1.57581,1.28,1.13
2013.10.16 14:44:34.070,1.57572,1.57582,1.58,1.50
2013.10.16 14:44:34.349,1.57572,1.57584,1.58,1.50
2013.10.16 14:44:34.899,1.5757,1.57578,2.03,1.32
2013.10.16 14:44:35.259,1.57568,1.57578,2.03,1.65
2013.10.16 14:44:35.440,1.57568,1.57578,1.20,1.65
2013.10.16 14:44:36.060,1.57567,1.57576,1.20,1.50
2013.10.16 14:44:36.480,1.57567,1.57576,1.28,1.50
2013.10.16 14:44:37.021,1.57569,1.57576,1.20,1.50
2013.10.16 14:44:37.380,1.57569,1.57581,1.50,1.13
2013.10.16 14:44:37.500,1.5757,1.57581,1.13,1.88
2013.10.16 14:44:37.620,1.57571,1.57581,1.58,1.13
2013.10.16 14:44:37.860,1.57571,1.57581,1.58,1.13
2013.10.16 14:44:38.220,1.57571,1.57583,1.58,1.32
2013.10.16 14:44:38.721,1.57572,1.57584,1.65,1.47
2013.10.16 14:44:41.440,1.57571,1.57581,1.65,1.50
2013.10.16 14:44:41.560,1.57572,1.57581,1.95,1.50
2013.10.16 14:44:42.421,1.57572,1.57581,1.65,1.50
2013.10.16 14:44:43.012,1.57572,1.57582,1.65,1.13
2013.10.16 14:44:43.552,1.57572,1.57582,1.65,1.13
2013.10.16 14:44:43.910,1.57576,1.57586,1.20,1.50
2013.10.16 14:44:43.970,1.57576,1.57587,1.20,1.88
2013.10.16 14:44:44.031,1.57576,1.57587,1.20,1.50
2013.10.16 14:44:44.391,1.57576,1.57589,1.95,1.13
2013.10.16 14:44:44.509,1.57576,1.57589,1.65,1.88
2013.10.16 14:44:45.000,1.57577,1.57587,1.13,1.13
2013.10.16 14:44:45.735,1.57574,1.57586,1.28,1.13
2013.10.16 14:44:46.270,1.57573,1.57583,1.58,1.13
2013.10.16 14:44:46.920,1.57573,1.57583,1.58,1.13
2013.10.16 14:44:46.981,1.57573,1.57585,1.13,1.88
2013.10.16 14:44:47.101,1.57573,1.57585,1.95,1.88
2013.10.16 14:44:47.160,1.57573,1.57585,2.03,1.88
2013.10.16 14:44:47.520,1.57569,1.57581,1.28,1.13
2013.10.16 14:44:47.640,1.57569,1.57582,1.20,1.17
2013.10.16 14:44:47.760,1.57569,1.57583,1.88,2.03
2013.10.16 14:44:47.940,1.57569,1.57581,2.33,1.50
2013.10.16 14:44:52.000,1.57569,1.57579,1.65,1.50
2013.10.16 14:44:52.179,1.57569,1.57581,1.20,2.25
2013.10.16 14:44:53.983,1.57569,1.57579,2.33,1.50
2013.10.16 14:44:56.312,1.57569,1.57578,1.58,1.09
2013.10.16 14:44:56.671,1.57566,1.5758,1.50,1.50
2013.10.16 14:44:56.851,1.57568,1.57581,1.58,1.13
2013.10.16 14:44:57.090,1.57569,1.57581,1.20,1.88
2013.10.16 14:44:57.993,1.57563,1.57578,2.70,1.50
2013.10.16 14:44:58.062,1.57563,1.57578,2.33,2.25
2013.10.16 14:44:58.359,1.57564,1.57578,1.65,2.25
2013.10.16 14:44:59.060,1.57566,1.57578,1.58,2.25
2013.10.16 14:44:59.302,1.57568,1.57579,1.13,1.50
2013.10.16 14:44:59.430,1.57568,1.5758,1.28,2.59
2013.10.16 14:44:59.550,1.57568,1.57578,1.20,1.88
2013.10.16 14:45:00.031,1.57564,1.57576,1.65,1.88
2013.10.16 14:45:00.403,1.57562,1.57576,2.33,1.50
2013.10.16 14:45:00.711,1.57563,1.57571,1.65,1.47
2013.10.16 14:45:00.771,1.57561,1.57566,1.13,1.13
2013.10.16 14:45:01.012,1.57555,1.57566,1.58,1.50
2013.10.16 14:45:01.131,1.57557,1.5757,1.47,1.50
2013.10.16 14:45:01.430,1.57556,1.57569,1.88,1.50
2013.10.16 14:45:01.670,1.57557,1.5757,1.28,2.25
2013.10.16 14:45:02.570,1.57554,1.57566,1.65,1.13
2013.10.16 14:45:05.859,1.57553,1.57566,2.70,1.88
2013.10.16 14:45:07.980,1.57553,1.57566,3.45,1.13
2013.10.16 14:45:09.960,1.57555,1.57566,1.50,1.13
2013.10.16 14:45:10.695,1.57555,1.57566,1.50,2.03
2013.10.16 14:45:11.256,1.57554,1.57566,1.58,1.13
2013.10.16 14:45:12.126,1.57555,1.57566,1.50,1.13
2013.10.16 14:45:12.671,1.57555,1.57566,1.50,1.13
2013.10.16 14:45:12.791,1.57555,1.57566,1.50,1.13
2013.10.16 14:45:13.099,1.57553,1.57566,1.50,2.22
2013.10.16 14:45:13.220,1.57553,1.57566,1.13,2.03
2013.10.16 14:45:13.739,1.57553,1.57566,1.28,1.88
2013.10.16 14:45:14.300,1.57553,1.57566,1.28,2.63
2013.10.16 14:45:14.899,1.57553,1.57566,1.28,1.88
2013.10.16 14:45:15.082,1.57553,1.57566,1.58,1.13
2013.10.16 14:45:15.600,1.57555,1.57568,1.65,1.13
2013.10.16 14:45:16.140,1.57556,1.57569,1.95,1.13
2013.10.16 14:45:16.621,1.57556,1.57569,1.65,1.13
2013.10.16 14:45:19.460,1.57556,1.57566,1.28,1.13
2013.10.16 14:45:19.995,1.57557,1.57568,1.20,1.88
2013.10.16 14:45:23.570,1.57554,1.57566,1.77,1.13
2013.10.16 14:45:24.230,1.57554,1.57565,1.50,1.13
2013.10.16 14:45:24.770,1.57553,1.57563,1.95,1.13
2013.10.16 14:45:25.309,1.57553,1.57563,1.28,1.13
2013.10.16 14:45:29.132,1.57555,1.57564,1.13,1.13
2013.10.16 14:45:29.441,1.57554,1.57564,1.13,1.28
2013.10.16 14:45:29.620,1.57555,1.57564,1.13,1.13
2013.10.16 14:45:29.861,1.57559,1.57566,1.13,1.88
2013.10.16 14:45:30.280,1.57557,1.57565,1.13,1.13
2013.10.16 14:45:30.523,1.57557,1.57565,1.13,1.13
2013.10.16 14:45:31.213,1.57556,1.57565,1.13,1.88
2013.10.16 14:45:32.413,1.57554,1.57565,1.28,1.50
2013.10.16 14:45:32.481,1.57556,1.57566,1.13,1.58
2013.10.16 14:45:33.020,1.57555,1.57565,1.13,1.50
2013.10.16 14:45:33.560,1.57555,1.57566,1.13,2.25
2013.10.16 14:45:34.161,1.57555,1.57566,2.03,1.50
2013.10.16 14:45:34.280,1.57555,1.57566,1.88,1.58
2013.10.16 14:45:35.093,1.57555,1.57566,2.03,1.50
2013.10.16 14:45:35.169,1.57555,1.57568,1.88,1.75
2013.10.16 14:45:35.661,1.57555,1.57569,1.88,1.84
2013.10.16 14:45:35.720,1.57555,1.57569,1.88,1.39
2013.10.16 14:45:36.180,1.57555,1.57569,1.88,1.84
2013.10.16 14:45:37.511,1.57559,1.57568,1.20,1.95
2013.10.16 14:45:37.570,1.5756,1.5757,1.13,1.32
2013.10.16 14:45:38.110,1.57562,1.5757,1.13,1.50
2013.10.16 14:45:38.450,1.57558,1.5757,1.20,1.95
2013.10.16 14:45:38.989,1.57562,1.57567,1.13,1.50
2013.10.16 14:45:39.536,1.57561,1.57567,1.13,1.50
2013.10.16 14:45:39.840,1.57553,1.57566,2.14,1.58
2013.10.16 14:45:40.211,1.57556,1.57567,2.25,2.03
2013.10.16 14:45:41.543,1.57557,1.57568,2.63,1.58
2013.10.16 14:45:41.670,1.57557,1.5757,2.71,1.58
2013.10.16 14:45:41.730,1.57557,1.57571,3.46,1.28
2013.10.16 14:45:41.791,1.57558,1.5757,2.63,1.95
2013.10.16 14:45:42.150,1.57559,1.57571,2.63,2.78
2013.10.16 14:45:42.270,1.57559,1.57569,2.63,1.13
2013.10.16 14:45:42.330,1.57559,1.57571,1.95,2.33
2013.10.16 14:45:42.821,1.57559,1.57569,1.58,1.13
2013.10.16 14:45:43.422,1.57559,1.57569,1.13,1.65
2013.10.16 14:45:43.660,1.57557,1.57569,2.25,2.03
2013.10.16 14:45:44.440,1.57557,1.57568,1.13,1.58
2013.10.16 14:45:44.741,1.57562,1.57575,2.63,2.63
2013.10.16 14:45:44.920,1.57562,1.57575,3.38,1.58
2013.10.16 14:45:45.044,1.57562,1.57575,1.13,1.28
2013.10.16 14:45:45.361,1.57562,1.57575,1.13,1.28
2013.10.16 14:45:46.086,1.57562,1.57574,1.13,1.20
2013.10.16 14:45:46.157,1.57562,1.57573,1.13,1.95
2013.10.16 14:45:46.221,1.57562,1.57573,1.13,1.20
2013.10.16 14:45:46.642,1.57564,1.57576,1.50,2.05
2013.10.16 14:45:46.711,1.57565,1.57576,1.13,2.50
2013.10.16 14:45:46.841,1.57568,1.57576,1.69,1.60
2013.10.16 14:45:46.960,1.57569,1.57581,1.88,1.37
2013.10.16 14:45:47.020,1.57568,1.5758,1.50,1.39
2013.10.16 14:45:47.080,1.57569,1.5758,1.13,1.39
2013.10.16 14:45:47.140,1.57569,1.5758,1.13,1.37
2013.10.16 14:45:47.260,1.57569,1.57579,1.13,1.65
2013.10.16 14:45:49.180,1.57565,1.57575,1.32,1.13
2013.10.16 14:45:49.660,1.57568,1.57578,1.13,1.30
2013.10.16 14:45:49.840,1.57571,1.57581,1.50,1.67
2013.10.16 14:45:49.901,1.57571,1.57581,1.50,1.58
2013.10.16 14:45:49.962,1.57569,1.57581,1.88,2.33
2013.10.16 14:45:50.031,1.57571,1.57581,1.13,2.33
2013.10.16 14:45:50.330,1.57569,1.57579,1.13,1.20
2013.10.16 14:45:51.321,1.57569,1.57579,1.13,1.58
2013.10.16 14:45:51.500,1.57567,1.57577,1.13,1.13
2013.10.16 14:45:52.060,1.57567,1.57577,1.13,2.03
2013.10.16 14:45:52.771,1.57566,1.57577,1.13,2.03
2013.10.16 14:45:53.131,1.57564,1.57576,1.13,2.70
2013.10.16 14:45:53.190,1.57564,1.57576,1.13,3.45
2013.10.16 14:45:53.371,1.57564,1.57572,1.13,1.65
2013.10.16 14:45:53.731,1.57561,1.57571,1.13,2.03
2013.10.16 14:45:53.910,1.57557,1.57567,1.20,1.13
2013.10.16 14:45:53.970,1.57557,1.57567,1.13,1.28
2013.10.16 14:45:54.909,1.57554,1.57566,1.13,1.65
2013.10.16 14:45:55.089,1.57551,1.57565,1.95,1.65
2013.10.16 14:45:55.270,1.57549,1.57559,1.13,1.13
2013.10.16 14:45:55.450,1.57549,1.57561,1.13,1.28
2013.10.16 14:45:55.690,1.57549,1.57562,1.13,2.33
2013.10.16 14:45:55.991,1.57551,1.57562,3.38,1.20
2013.10.16 14:45:56.171,1.57551,1.57566,4.47,1.58
2013.10.16 14:45:56.231,1.57553,1.57566,2.90,1.58
2013.10.16 14:45:56.350,1.57558,1.57567,1.50,1.20
2013.10.16 14:45:56.951,1.5756,1.57573,1.13,1.65
2013.10.16 14:45:57.009,1.5756,1.57572,1.13,2.03
2013.10.16 14:45:57.190,1.5756,1.57571,1.13,4.39
2013.10.16 14:45:57.490,1.57554,1.57568,1.28,2.33
2013.10.16 14:45:57.610,1.57554,1.57568,1.13,2.40
2013.10.16 14:45:58.031,1.57558,1.5757,3.38,1.20
2013.10.16 14:45:58.330,1.57559,1.57573,2.63,2.33
2013.10.16 14:45:58.753,1.57559,1.57573,3.53,1.95
2013.10.16 14:45:58.881,1.57559,1.57571,2.40,1.13
2013.10.16 14:45:59.240,1.57558,1.57566,1.20,1.50
2013.10.16 14:45:59.300,1.57558,1.57569,1.13,1.58
2013.10.16 14:45:59.361,1.57557,1.57566,1.13,1.58
2013.10.16 14:45:59.481,1.57552,1.57564,1.13,1.28
2013.10.16 14:46:00.020,1.5755,1.57565,1.95,3.08
2013.10.16 14:46:00.560,1.5755,1.57561,1.13,1.50
2013.10.16 14:46:00.921,1.57547,1.57559,1.13,1.50
2013.10.16 14:46:01.281,1.57546,1.57552,1.13,1.13
2013.10.16 14:46:01.464,1.57543,1.57554,1.20,2.25
2013.10.16 14:46:01.653,1.57546,1.57556,1.13,1.77
2013.10.16 14:46:02.201,1.57543,1.57555,1.28,1.32
2013.10.16 14:46:02.261,1.57543,1.57555,1.28,1.32
2013.10.16 14:46:04.589,1.57544,1.57556,1.20,2.82
2013.10.16 14:46:05.450,1.57544,1.57557,1.88,1.28
2013.10.16 14:46:05.810,1.57546,1.57558,2.78,1.13
2013.10.16 14:46:05.930,1.57549,1.57559,1.20,1.50
2013.10.16 14:46:06.987,1.57549,1.57558,1.58,1.13
2013.10.16 14:46:07.057,1.57549,1.57558,2.33,1.13
2013.10.16 14:46:08.050,1.5755,1.57561,1.13,1.13
2013.10.16 14:46:08.559,1.5755,1.57561,1.28,1.88
2013.10.16 14:46:09.101,1.57552,1.57561,1.50,1.13
2013.10.16 14:46:09.160,1.57552,1.57561,1.88,1.13
2013.10.16 14:46:09.280,1.57554,1.57561,1.50,1.13
2013.10.16 14:46:09.581,1.57552,1.57561,2.03,1.13
2013.10.16 14:46:09.940,1.57556,1.57566,1.65,1.13
2013.10.16 14:46:10.060,1.57556,1.57566,2.40,1.13
2013.10.16 14:46:10.600,1.57558,1.57568,1.28,1.50
2013.10.16 14:46:10.960,1.57563,1.57576,1.20,1.50
2013.10.16 14:46:11.920,1.57564,1.57578,1.20,1.84
2013.10.16 14:46:12.403,1.57561,1.5757,2.25,1.13
2013.10.16 14:46:12.462,1.57561,1.5757,1.28,1.13
2013.10.16 14:46:12.640,1.57561,1.57571,1.28,1.13
2013.10.16 14:46:12.700,1.57561,1.57573,1.28,1.13
2013.10.16 14:46:13.060,1.57561,1.57573,1.28,1.13
2013.10.16 14:46:13.360,1.5756,1.57572,1.28,1.13
2013.10.16 14:46:13.670,1.57561,1.57571,2.03,1.50
2013.10.16 14:46:14.209,1.57563,1.57573,1.28,1.13
2013.10.16 14:46:15.910,1.57562,1.57571,1.20,1.13
2013.10.16 14:46:16.210,1.5756,1.57571,1.28,1.13
2013.10.16 14:46:16.709,1.5756,1.57568,2.40,1.13
2013.10.16 14:46:17.191,1.57557,1.57568,1.20,1.13
2013.10.16 14:46:17.741,1.57559,1.57568,1.47,1.13
2013.10.16 14:46:17.800,1.57559,1.57571,2.14,1.58
2013.10.16 14:46:17.921,1.57566,1.5758,1.32,1.65
2013.10.16 14:46:18.673,1.57567,1.57581,1.77,1.88
2013.10.16 14:46:18.746,1.57567,1.57581,1.20,2.25
2013.10.16 14:46:18.990,1.57566,1.57577,1.28,1.13
2013.10.16 14:46:20.530,1.57566,1.57578,1.28,2.25
2013.10.16 14:46:21.097,1.57566,1.57578,2.03,1.50
2013.10.16 14:46:22.410,1.57566,1.57577,2.03,1.13
2013.10.16 14:46:22.770,1.57569,1.57578,2.25,1.13
2013.10.16 14:46:23.070,1.57569,1.5758,1.13,1.20
2013.10.16 14:46:23.190,1.57569,1.5758,1.20,1.13
2013.10.16 14:46:23.550,1.57571,1.5758,1.13,1.13
2013.10.16 14:46:24.210,1.57572,1.57584,1.28,1.13
2013.10.16 14:46:24.270,1.57572,1.57584,1.28,1.13
2013.10.16 14:46:24.691,1.57573,1.57582,1.58,1.13
2013.10.16 14:46:24.872,1.5757,1.57583,2.63,1.13
2013.10.16 14:46:24.933,1.57571,1.57584,1.13,1.50
2013.10.16 14:46:25.370,1.57576,1.57586,1.65,1.50
2013.10.16 14:46:25.671,1.57579,1.57587,1.58,1.50
2013.10.16 14:46:25.911,1.57579,1.5759,2.33,1.84
2013.10.16 14:46:26.030,1.57577,1.5759,1.65,1.50
2013.10.16 14:46:26.532,1.57577,1.5759,1.65,1.50
2013.10.16 14:46:27.049,1.57576,1.57587,1.58,1.13
2013.10.16 14:46:30.192,1.57577,1.57586,1.50,1.13
2013.10.16 14:46:30.794,1.57576,1.57586,1.58,1.13
2013.10.16 14:46:31.313,1.57577,1.57586,1.65,1.13
2013.10.16 14:46:32.180,1.57577,1.57586,1.65,1.13
2013.10.16 14:46:32.689,1.57577,1.57586,1.95,1.13
2013.10.16 14:46:32.990,1.57577,1.57587,1.20,1.13
2013.10.16 14:46:33.109,1.57575,1.57586,1.28,1.50
2013.10.16 14:46:33.290,1.57574,1.57585,1.28,1.13
2013.10.16 14:46:35.461,1.57575,1.57586,1.20,1.84
2013.10.16 14:46:35.881,1.57579,1.57591,1.20,1.95
2013.10.16 14:46:36.060,1.57579,1.57592,2.33,1.13
2013.10.16 14:46:36.180,1.57579,1.57592,1.58,1.50
2013.10.16 14:46:36.739,1.57579,1.57591,3.75,2.63
2013.10.16 14:46:37.101,1.57579,1.57591,2.40,1.88
2013.10.16 14:46:38.610,1.5758,1.57594,2.97,1.95
2013.10.16 14:46:38.790,1.5758,1.5759,3.53,1.50
2013.10.16 14:46:39.032,1.57579,1.57587,1.13,1.13
2013.10.16 14:46:39.511,1.5758,1.57592,3.00,2.03
2013.10.16 14:46:39.630,1.57583,1.57597,3.83,2.33
2013.10.16 14:46:39.691,1.57585,1.57596,2.70,1.13
2013.10.16 14:46:39.811,1.57587,1.57601,2.78,2.25
2013.10.16 14:46:40.350,1.57589,1.576,2.71,1.13
2013.10.16 14:46:40.470,1.57589,1.57598,2.71,1.13
2013.10.16 14:46:41.050,1.57586,1.57597,3.08,1.88
2013.10.16 14:46:41.290,1.57586,1.57596,1.20,1.50
2013.10.16 14:46:41.650,1.57586,1.57598,1.20,1.50
2013.10.16 14:46:42.490,1.57587,1.57599,1.32,1.20
2013.10.16 14:46:42.550,1.57589,1.57601,1.13,2.78
2013.10.16 14:46:43.117,1.57589,1.57601,1.13,3.08
2013.10.16 14:46:43.320,1.57578,1.57591,1.69,2.40
2013.10.16 14:46:43.982,1.5758,1.57591,1.13,2.03
2013.10.16 14:46:44.161,1.5758,1.57591,1.13,2.33
2013.10.16 14:46:46.913,1.5758,1.57591,1.13,2.78
2013.10.16 14:46:47.981,1.57578,1.5759,1.88,1.20
2013.10.16 14:46:48.899,1.57577,1.57589,1.20,1.13
2013.10.16 14:46:48.960,1.57578,1.57591,1.13,2.40
2013.10.16 14:46:49.690,1.5758,1.57591,1.13,2.25
2013.10.16 14:46:50.172,1.57579,1.57589,1.28,1.50
2013.10.16 14:46:51.361,1.57579,1.57589,1.20,1.50
2013.10.16 14:46:51.539,1.57575,1.57588,2.25,1.50
2013.10.16 14:46:52.021,1.57577,1.57588,1.20,1.50
2013.10.16 14:46:52.920,1.57579,1.57588,1.13,1.58
2013.10.16 14:46:53.460,1.57579,1.5759,1.13,1.65
2013.10.16 14:46:53.580,1.57579,1.57591,1.13,2.78
2013.10.16 14:46:53.640,1.57579,1.57591,1.13,2.78
2013.10.16 14:46:53.954,1.57579,1.57591,1.88,2.03
2013.10.16 14:46:54.023,1.57579,1.5759,1.88,1.58
2013.10.16 14:46:55.005,1.57577,1.57587,1.13,1.50
2013.10.16 14:46:56.401,1.57577,1.57588,1.50,1.50
2013.10.16 14:46:56.642,1.57575,1.57586,1.28,1.50
2013.10.16 14:46:56.760,1.57574,1.57586,2.78,1.88
2013.10.16 14:46:57.430,1.57575,1.57586,1.20,1.50
2013.10.16 14:46:58.480,1.57575,1.57586,1.20,1.50
2013.10.16 14:46:59.000,1.57577,1.57587,1.13,1.58
2013.10.16 14:46:59.180,1.57577,1.57589,1.20,1.50
2013.10.16 14:46:59.721,1.57579,1.57589,1.20,2.25
2013.10.16 14:47:00.092,1.57578,1.57586,1.28,2.25
2013.10.16 14:47:00.630,1.57577,1.57586,1.50,2.63
2013.10.16 14:47:01.221,1.57577,1.57586,1.88,3.00
2013.10.16 14:47:01.795,1.57577,1.57585,1.88,1.50
2013.10.16 14:47:02.203,1.57574,1.57585,2.78,1.88
2013.10.16 14:47:02.330,1.57574,1.57585,1.88,1.95
2013.10.16 14:47:02.391,1.57574,1.57585,2.25,1.58
2013.10.16 14:47:03.022,1.57574,1.57585,2.40,1.50
2013.10.16 14:47:03.270,1.57574,1.57585,1.28,1.50
2013.10.16 14:47:03.330,1.57573,1.57582,1.20,1.50
2013.10.16 14:47:03.690,1.57574,1.57586,1.88,1.58
2013.10.16 14:47:04.170,1.57573,1.57584,1.65,1.50
2013.10.16 14:47:04.709,1.57574,1.57583,1.28,1.50
2013.10.16 14:47:04.830,1.57574,1.57583,1.28,1.50
2013.10.16 14:47:05.671,1.57572,1.57581,1.95,1.13
2013.10.16 14:47:05.791,1.57572,1.57581,1.65,1.13
2013.10.16 14:47:06.981,1.57572,1.57582,1.28,1.88
2013.10.16 14:47:07.360,1.57574,1.57584,1.13,1.50
2013.10.16 14:47:07.792,1.57574,1.57584,1.13,1.50
2013.10.16 14:47:08.330,1.57574,1.57585,2.03,1.88
2013.10.16 14:47:09.421,1.57574,1.57584,1.13,1.13
2013.10.16 14:47:10.781,1.57574,1.57585,1.88,1.58
2013.10.16 14:47:10.902,1.57572,1.57583,1.20,1.50
2013.10.16 14:47:10.960,1.57572,1.57582,1.13,1.13
2013.10.16 14:47:11.380,1.57572,1.57582,1.88,1.20
2013.10.16 14:47:12.289,1.57572,1.57582,1.88,1.20
2013.10.16 14:47:12.590,1.57572,1.57585,1.88,1.13
2013.10.16 14:47:14.454,1.57573,1.57584,2.07,1.20
2013.10.16 14:47:14.521,1.57574,1.57584,1.69,1.13
2013.10.16 14:47:14.820,1.57574,1.57585,2.25,1.13
2013.10.16 14:47:18.052,1.57575,1.57584,1.50,1.13
2013.10.16 14:47:18.361,1.57577,1.57588,1.88,1.95
2013.10.16 14:47:18.881,1.57577,1.57587,1.13,1.88
2013.10.16 14:47:19.000,1.57575,1.57586,1.58,1.88
2013.10.16 14:47:19.671,1.57574,1.57586,2.25,2.70
2013.10.16 14:47:20.421,1.57575,1.57586,1.50,1.95
2013.10.16 14:47:20.540,1.57577,1.57587,1.13,1.88
2013.10.16 14:47:22.296,1.57576,1.57586,1.50,1.13
2013.10.16 14:47:25.061,1.57577,1.57587,1.50,1.13
2013.10.16 14:47:25.121,1.57579,1.5759,1.50,1.28
2013.10.16 14:47:25.691,1.57578,1.57587,1.50,1.13
2013.10.16 14:47:26.222,1.57579,1.57587,1.50,1.13
2013.10.16 14:47:27.110,1.57579,1.5759,1.50,1.28
2013.10.16 14:47:27.231,1.57575,1.57587,2.33,1.32
2013.10.16 14:47:27.471,1.57575,1.57587,3.08,1.13
2013.10.16 14:47:28.051,1.57576,1.57587,1.50,1.13
2013.10.16 14:47:28.233,1.57578,1.5759,2.25,1.28
2013.10.16 14:47:28.543,1.57584,1.57591,1.20,1.80
2013.10.16 14:47:28.612,1.57584,1.57594,2.03,1.88
2013.10.16 14:47:28.741,1.57585,1.57594,1.84,1.13
2013.10.16 14:47:28.801,1.57589,1.57597,1.50,1.13
2013.10.16 14:47:29.101,1.57589,1.57599,1.50,1.13
2013.10.16 14:47:30.431,1.57589,1.57601,1.88,1.58
2013.10.16 14:47:32.155,1.57592,1.57601,1.13,1.58
2013.10.16 14:47:32.462,1.57591,1.57605,2.70,1.28
2013.10.16 14:47:32.892,1.57591,1.57603,2.70,1.13
2013.10.16 14:47:33.070,1.57593,1.57603,1.13,1.13
2013.10.16 14:47:34.091,1.57595,1.57607,1.13,1.20
2013.10.16 14:47:34.210,1.57594,1.57605,2.63,1.20
2013.10.16 14:47:34.531,1.57594,1.57606,1.13,1.65
2013.10.16 14:47:35.640,1.57594,1.57606,1.13,2.70
2013.10.16 14:47:35.761,1.57594,1.57606,1.95,1.88
2013.10.16 14:47:36.310,1.57594,1.57606,2.03,1.13
2013.10.16 14:47:37.790,1.57594,1.57606,2.03,1.88
2013.10.16 14:47:38.153,1.57594,1.57607,1.88,2.03
2013.10.16 14:47:38.400,1.57598,1.57609,1.13,2.78
2013.10.16 14:47:38.701,1.576,1.5761,1.28,1.13
2013.10.16 14:47:39.000,1.57606,1.57616,1.58,1.13
2013.10.16 14:47:39.061,1.57606,1.57616,1.95,1.13
2013.10.16 14:47:39.421,1.57614,1.57626,1.13,2.03
2013.10.16 14:47:39.722,1.57614,1.57624,1.47,1.58
2013.10.16 14:47:39.904,1.57612,1.57621,1.24,1.13
2013.10.16 14:47:40.033,1.57612,1.57622,1.47,1.13
2013.10.16 14:47:40.102,1.5761,1.57623,1.43,1.20
2013.10.16 14:47:40.341,1.57612,1.57622,1.13,1.28
2013.10.16 14:47:40.400,1.57609,1.57622,1.88,1.28
2013.10.16 14:47:40.643,1.57609,1.57622,1.88,1.65
2013.10.16 14:47:40.711,1.57609,1.57622,1.88,1.28
2013.10.16 14:47:40.950,1.57609,1.57616,1.13,1.50
2013.10.16 14:47:41.074,1.57608,1.57616,2.63,1.50
2013.10.16 14:47:41.321,1.57604,1.57611,1.05,1.50
2013.10.16 14:47:41.444,1.57602,1.57609,1.02,1.13
2013.10.16 14:47:42.065,1.57599,1.57609,1.13,1.09
2013.10.16 14:47:42.683,1.57599,1.5761,1.50,1.32
2013.10.16 14:47:42.750,1.57598,1.5761,1.20,1.32
2013.10.16 14:47:43.052,1.57591,1.57601,1.13,2.03
2013.10.16 14:47:43.413,1.57587,1.57597,1.39,1.13
2013.10.16 14:47:43.603,1.57585,1.57594,1.20,1.13
2013.10.16 14:47:43.676,1.57589,1.57596,1.13,1.95
2013.10.16 14:47:43.743,1.57581,1.57594,1.95,1.95
2013.10.16 14:47:43.930,1.57577,1.57585,2.63,1.13
2013.10.16 14:47:44.112,1.57571,1.57581,2.25,1.58
2013.10.16 14:47:44.171,1.57571,1.57581,2.25,1.88
2013.10.16 14:47:44.231,1.57571,1.57583,2.25,1.88
2013.10.16 14:47:44.291,1.57566,1.57581,1.77,1.28
2013.10.16 14:47:44.353,1.5757,1.57582,1.13,1.20
2013.10.16 14:47:44.900,1.57569,1.57579,1.13,2.33
2013.10.16 14:47:45.468,1.57569,1.57578,1.13,1.65
2013.10.16 14:47:45.842,1.57564,1.57576,1.13,1.65
2013.10.16 14:47:46.095,1.57564,1.57575,1.13,1.20
2013.10.16 14:47:46.162,1.57563,1.57573,1.13,1.65
2013.10.16 14:47:46.286,1.5756,1.57573,1.50,1.95
2013.10.16 14:47:46.351,1.5756,1.57567,1.50,1.50
2013.10.16 14:47:46.413,1.5756,1.57567,1.50,1.50
2013.10.16 14:47:46.594,1.5756,1.57566,1.50,1.50
2013.10.16 14:47:46.662,1.57558,1.57565,1.50,1.20
2013.10.16 14:47:46.964,1.57549,1.57561,3.38,5.49
2013.10.16 14:47:47.092,1.57555,1.57559,1.50,2.07
2013.10.16 14:47:47.165,1.57549,1.57557,2.25,2.63
2013.10.16 14:47:47.290,1.57545,1.57555,1.13,3.75
2013.10.16 14:47:47.712,1.57545,1.57555,3.38,1.20
2013.10.16 14:47:47.784,1.5754,1.57555,1.05,1.50
2013.10.16 14:47:47.912,1.57538,1.57551,1.05,1.13
2013.10.16 14:47:48.041,1.57537,1.5755,1.05,1.13
2013.10.16 14:47:48.580,1.57537,1.57547,1.05,1.32
2013.10.16 14:47:48.919,1.57533,1.57547,1.43,2.07
2013.10.16 14:47:49.488,1.57527,1.5754,1.13,2.63
2013.10.16 14:47:49.556,1.5752,1.57531,1.50,1.13
2013.10.16 14:47:49.863,1.57521,1.57532,1.13,1.50
2013.10.16 14:47:50.114,1.57519,1.57531,2.07,1.13
2013.10.16 14:47:50.183,1.57521,1.57526,1.13,1.13
2013.10.16 14:47:50.251,1.57517,1.57526,1.88,1.13
2013.10.16 14:47:50.435,1.57517,1.57529,2.07,1.13
2013.10.16 14:47:50.741,1.57519,1.57531,1.13,1.88
2013.10.16 14:47:50.921,1.57517,1.57527,1.13,1.50
2013.10.16 14:47:50.982,1.57517,1.57528,1.13,1.50
2013.10.16 14:47:51.232,1.57513,1.57526,1.13,1.32
2013.10.16 14:47:51.291,1.57512,1.57526,1.88,1.32
2013.10.16 14:47:51.351,1.57513,1.57523,1.13,1.13
2013.10.16 14:47:51.471,1.57512,1.57525,1.13,1.13
2013.10.16 14:47:51.651,1.57512,1.57523,1.13,1.13
2013.10.16 14:47:51.711,1.57513,1.57525,1.13,1.13
2013.10.16 14:47:51.774,1.57514,1.57524,1.88,1.13
2013.10.16 14:47:52.085,1.57508,1.57516,1.88,1.32
2013.10.16 14:47:52.271,1.57509,1.57516,1.13,1.28
2013.10.16 14:47:52.331,1.5751,1.57522,1.88,1.50
2013.10.16 14:47:52.571,1.5751,1.57521,1.13,1.13
2013.10.16 14:47:52.632,1.57517,1.57524,1.13,1.13
2013.10.16 14:47:52.943,1.57516,1.57523,1.32,1.13
2013.10.16 14:47:53.012,1.57518,1.57525,1.50,1.50
2013.10.16 14:47:53.131,1.57518,1.5753,1.88,1.13
2013.10.16 14:47:53.193,1.57521,1.57531,1.20,1.50
2013.10.16 14:47:53.383,1.57519,1.57531,1.28,1.50
2013.10.16 14:47:53.691,1.57518,1.5753,2.40,1.13
2013.10.16 14:47:53.933,1.57515,1.57526,2.40,1.13
2013.10.16 14:47:54.484,1.57515,1.57526,1.58,1.88
2013.10.16 14:47:54.553,1.57516,1.57526,1.88,1.50
2013.10.16 14:47:54.862,1.57514,1.57524,1.58,1.13
2013.10.16 14:47:54.932,1.57513,1.57524,1.88,1.88
2013.10.16 14:47:54.992,1.57511,1.57524,1.95,1.20
2013.10.16 14:47:55.111,1.57509,1.57523,1.65,1.88
2013.10.16 14:47:55.416,1.57506,1.57516,1.88,1.88
2013.10.16 14:47:55.483,1.57507,1.57516,1.13,1.13
2013.10.16 14:47:55.734,1.57507,1.5752,2.33,1.20
2013.10.16 14:47:55.803,1.57508,1.57519,1.20,1.13
2013.10.16 14:47:56.054,1.57509,1.57519,1.50,1.28
2013.10.16 14:47:56.756,1.57507,1.57516,1.65,1.65
2013.10.16 14:47:56.824,1.57507,1.57516,1.65,2.59
2013.10.16 14:47:56.894,1.57503,1.57509,2.18,1.69
2013.10.16 14:47:57.035,1.57495,1.57508,2.25,1.69
2013.10.16 14:47:57.105,1.57492,1.57506,1.13,2.25
2013.10.16 14:47:57.173,1.57492,1.57506,1.13,2.25
2013.10.16 14:47:57.364,1.57495,1.57506,1.13,1.58
2013.10.16 14:47:57.493,1.57492,1.57505,1.13,1.20
2013.10.16 14:47:57.561,1.57491,1.57505,1.32,2.70
2013.10.16 14:47:57.863,1.57489,1.57501,1.50,1.13
2013.10.16 14:47:57.994,1.57492,1.57505,1.13,1.20
2013.10.16 14:47:58.584,1.57494,1.57506,1.95,1.13
2013.10.16 14:47:58.970,1.57496,1.57507,1.13,1.13
2013.10.16 14:47:59.153,1.57492,1.57502,1.58,1.13
2013.10.16 14:47:59.224,1.5749,1.57501,1.58,1.20
2013.10.16 14:47:59.295,1.57491,1.57501,1.50,1.58
2013.10.16 14:47:59.423,1.57487,1.57499,1.88,1.20
2013.10.16 14:47:59.492,1.57488,1.57499,1.13,1.95
2013.10.16 14:47:59.801,1.57485,1.57496,1.95,1.13
2013.10.16 14:48:00.161,1.57496,1.57504,2.78,1.05
2013.10.16 14:48:00.401,1.575,1.57507,1.69,1.05
2013.10.16 14:48:00.461,1.57501,1.57511,1.50,1.13
2013.10.16 14:48:00.582,1.57503,1.57516,1.32,1.50
2013.10.16 14:48:00.897,1.575,1.57512,1.88,1.88
2013.10.16 14:48:00.962,1.57499,1.57511,1.84,1.50
2013.10.16 14:48:01.140,1.57496,1.5751,1.65,1.50
2013.10.16 14:48:01.744,1.57494,1.57506,1.39,1.88
2013.10.16 14:48:02.252,1.57492,1.57506,1.95,2.63
2013.10.16 14:48:02.370,1.57496,1.57504,1.13,1.50
2013.10.16 14:48:02.492,1.57497,1.57507,1.32,1.20
2013.10.16 14:48:02.671,1.57502,1.57511,1.20,1.13
2013.10.16 14:48:02.792,1.57504,1.57515,1.65,2.25
2013.10.16 14:48:02.851,1.57506,1.57513,1.05,1.13
2013.10.16 14:48:02.911,1.57507,1.57521,1.32,2.25
2013.10.16 14:48:02.972,1.57507,1.57521,1.24,2.25
2013.10.16 14:48:03.032,1.57507,1.57521,1.24,2.25
2013.10.16 14:48:03.641,1.57509,1.57521,1.80,1.13
2013.10.16 14:48:03.716,1.57516,1.57527,2.25,1.13
2013.10.16 14:48:03.901,1.57519,1.57529,1.50,1.32
2013.10.16 14:48:04.021,1.57519,1.57531,2.25,2.33
2013.10.16 14:48:04.083,1.57519,1.57531,2.25,2.40
2013.10.16 14:48:04.211,1.57519,1.57528,1.50,1.32
2013.10.16 14:48:04.390,1.57517,1.57528,1.13,1.32
2013.10.16 14:48:04.692,1.57517,1.57528,1.13,1.32
2013.10.16 14:48:05.113,1.57516,1.57528,1.88,1.88
2013.10.16 14:48:05.422,1.57523,1.57529,1.28,1.13
2013.10.16 14:48:05.480,1.57518,1.57524,1.05,1.13
2013.10.16 14:48:05.540,1.57522,1.57533,2.03,1.50
2013.10.16 14:48:05.600,1.57522,1.57533,2.03,1.50
2013.10.16 14:48:05.661,1.57523,1.57537,1.13,1.13
2013.10.16 14:48:05.842,1.57527,1.57537,1.13,1.95
2013.10.16 14:48:05.902,1.57528,1.57537,1.32,1.95
2013.10.16 14:48:06.082,1.57528,1.57537,1.32,1.58
2013.10.16 14:48:06.621,1.57534,1.57541,1.47,1.65
2013.10.16 14:48:06.921,1.57535,1.57548,1.62,2.07
2013.10.16 14:48:06.982,1.57538,1.57548,1.13,2.07
2013.10.16 14:48:07.283,1.57538,1.57551,2.48,2.07
2013.10.16 14:48:07.655,1.57539,1.5755,2.10,1.13
2013.10.16 14:48:07.723,1.57541,1.57551,1.50,1.88
2013.10.16 14:48:08.270,1.57543,1.57551,1.50,1.13
2013.10.16 14:48:08.632,1.57541,1.57551,1.50,1.13
2013.10.16 14:48:08.752,1.57538,1.57551,1.50,1.28
2013.10.16 14:48:09.471,1.57538,1.57551,1.05,1.13
2013.10.16 14:48:09.531,1.57538,1.57551,1.43,1.13
2013.10.16 14:48:09.986,1.57541,1.57551,2.25,1.13
2013.10.16 14:48:10.291,1.57553,1.57562,1.88,1.13
2013.10.16 14:48:10.472,1.57554,1.57561,1.50,1.13
2013.10.16 14:48:10.592,1.5755,1.57564,1.88,2.33
2013.10.16 14:48:10.652,1.5755,1.57564,1.13,2.33
2013.10.16 14:48:12.404,1.57551,1.57565,1.13,1.28
2013.10.16 14:48:12.475,1.57554,1.57567,2.25,2.03
2013.10.16 14:48:12.541,1.57555,1.57567,1.50,1.13
2013.10.16 14:48:12.911,1.57554,1.57561,1.05,1.13
2013.10.16 14:48:13.092,1.57551,1.57561,1.65,1.13
2013.10.16 14:48:13.342,1.57552,1.57562,1.65,1.13
2013.10.16 14:48:13.821,1.57546,1.57556,1.65,1.13
2013.10.16 14:48:14.303,1.57547,1.5756,1.69,1.28
2013.10.16 14:48:14.664,1.57544,1.57556,1.50,1.47
2013.10.16 14:48:14.731,1.57543,1.57555,2.07,1.58
2013.10.16 14:48:15.103,1.57541,1.57554,1.13,2.33
2013.10.16 14:48:15.292,1.57537,1.57553,1.13,1.50
2013.10.16 14:48:15.473,1.57537,1.57552,1.13,1.13
2013.10.16 14:48:15.544,1.57537,1.5755,1.13,1.13
2013.10.16 14:48:16.242,1.57537,1.57549,1.13,1.50
2013.10.16 14:48:16.600,1.57537,1.57548,1.13,1.50
2013.10.16 14:48:17.330,1.57534,1.57548,2.82,1.50
2013.10.16 14:48:17.632,1.57537,1.57548,1.13,1.20
2013.10.16 14:48:18.170,1.57536,1.57547,1.13,1.20
2013.10.16 14:48:18.472,1.57533,1.57546,1.32,1.50
2013.10.16 14:48:18.532,1.57533,1.57546,1.69,1.50
2013.10.16 14:48:18.592,1.57533,1.57545,1.88,2.63
2013.10.16 14:48:18.831,1.57533,1.57545,2.25,1.50
2013.10.16 14:48:19.310,1.57533,1.57545,2.25,1.50
2013.10.16 14:48:20.190,1.57533,1.57545,1.13,1.95
2013.10.16 14:48:21.051,1.5753,1.57543,2.40,1.20
2013.10.16 14:48:21.411,1.57529,1.57541,2.22,1.65
2013.10.16 14:48:22.051,1.57528,1.57541,1.88,1.95
2013.10.16 14:48:22.411,1.57526,1.57539,2.07,1.95
2013.10.16 14:48:22.534,1.57526,1.57539,1.69,3.08
2013.10.16 14:48:22.720,1.57526,1.57533,1.50,1.58
2013.10.16 14:48:22.901,1.5752,1.57531,1.50,1.95
2013.10.16 14:48:23.083,1.5752,1.5753,1.50,1.65
2013.10.16 14:48:23.153,1.57516,1.57526,3.19,1.50
2013.10.16 14:48:23.582,1.57516,1.57526,2.44,1.20
2013.10.16 14:48:23.641,1.57516,1.57528,3.19,1.20
2013.10.16 14:48:24.184,1.57518,1.57525,1.69,1.20
2013.10.16 14:48:24.314,1.57516,1.57525,1.88,1.20
2013.10.16 14:48:24.744,1.57516,1.57525,1.50,1.65
2013.10.16 14:48:25.051,1.57518,1.57533,1.09,5.14
2013.10.16 14:48:25.173,1.57518,1.57533,1.09,5.14
2013.10.16 14:48:25.562,1.5752,1.57532,1.84,3.08
2013.10.16 14:48:25.741,1.57522,1.57535,1.28,3.45
2013.10.16 14:48:25.924,1.57526,1.57535,1.69,1.50
2013.10.16 14:48:25.991,1.57526,1.57538,2.52,1.58
2013.10.16 14:48:26.111,1.57526,1.5754,2.52,1.65
2013.10.16 14:48:26.231,1.57532,1.5754,1.69,1.50
2013.10.16 14:48:26.290,1.57532,1.57543,1.69,1.65
2013.10.16 14:48:26.471,1.57529,1.57543,1.95,1.50
2013.10.16 14:48:26.590,1.57528,1.57543,1.50,1.95
2013.10.16 14:48:26.651,1.57528,1.57543,1.50,1.95
2013.10.16 14:48:27.191,1.57528,1.57541,1.02,1.58
2013.10.16 14:48:27.252,1.57528,1.57541,1.02,1.58
2013.10.16 14:48:27.551,1.5753,1.57544,1.77,1.65
2013.10.16 14:48:27.852,1.57533,1.57546,1.88,2.70
2013.10.16 14:48:28.210,1.57533,1.57548,1.24,2.40
2013.10.16 14:48:28.510,1.57532,1.57546,1.77,1.65
2013.10.16 14:48:28.812,1.57529,1.57542,1.28,1.50
2013.10.16 14:48:29.548,1.57534,1.57543,1.13,1.50
2013.10.16 14:48:29.623,1.57539,1.57544,1.13,1.58
2013.10.16 14:48:29.943,1.57536,1.57547,1.13,2.03
2013.10.16 14:48:30.061,1.57536,1.57546,1.13,1.65
2013.10.16 14:48:30.624,1.57537,1.57547,1.13,2.40
2013.10.16 14:48:30.933,1.57538,1.57547,1.13,1.95
2013.10.16 14:48:31.450,1.57534,1.57548,1.88,1.13
2013.10.16 14:48:32.341,1.57534,1.57545,1.13,1.50
2013.10.16 14:48:32.401,1.57532,1.57543,1.28,1.50
2013.10.16 14:48:32.703,1.57529,1.57543,1.50,3.00
2013.10.16 14:48:32.953,1.57525,1.57539,1.28,1.50
2013.10.16 14:48:33.021,1.57524,1.57537,2.70,1.50
2013.10.16 14:48:33.441,1.57524,1.57536,3.00,1.50
2013.10.16 14:48:33.681,1.57524,1.57538,1.50,1.50
2013.10.16 14:48:33.741,1.57525,1.57539,1.20,1.69
2013.10.16 14:48:34.281,1.57524,1.57537,2.25,1.50
2013.10.16 14:48:34.582,1.57527,1.57537,1.20,1.50
2013.10.16 14:48:34.901,1.57528,1.57539,1.28,1.50
2013.10.16 14:48:34.962,1.57528,1.57541,2.03,1.88
2013.10.16 14:48:35.093,1.57531,1.57541,1.09,1.13
2013.10.16 14:48:35.212,1.57534,1.57549,1.65,2.67
2013.10.16 14:48:35.394,1.57537,1.57551,1.20,1.58
2013.10.16 14:48:35.703,1.57538,1.57547,1.50,1.50
2013.10.16 14:48:37.211,1.57546,1.57553,1.13,1.13
2013.10.16 14:48:37.272,1.57546,1.57559,1.13,2.40
2013.10.16 14:48:37.332,1.57549,1.57559,2.59,2.03
2013.10.16 14:48:37.634,1.57569,1.5758,1.02,1.47
2013.10.16 14:48:37.700,1.5757,1.57583,1.69,1.13
2013.10.16 14:48:37.761,1.57572,1.57585,1.13,1.50
2013.10.16 14:48:38.341,1.57575,1.57586,1.02,1.20
2013.10.16 14:48:38.663,1.57579,1.57587,1.20,1.13
2013.10.16 14:48:39.451,1.57579,1.5759,1.95,1.13
2013.10.16 14:48:39.810,1.57581,1.57591,1.13,1.88
2013.10.16 14:48:40.053,1.57582,1.57591,1.28,1.13
2013.10.16 14:48:40.543,1.57582,1.57592,1.28,1.13
2013.10.16 14:48:40.913,1.57582,1.57596,1.13,2.97
2013.10.16 14:48:40.980,1.57582,1.57593,1.13,1.50
2013.10.16 14:48:41.161,1.57581,1.57593,1.20,1.50
2013.10.16 14:48:41.220,1.57582,1.57593,1.13,1.20
2013.10.16 14:48:41.281,1.57582,1.57596,1.20,2.07
2013.10.16 14:48:41.341,1.57584,1.57596,1.20,1.69
2013.10.16 14:48:41.714,1.57584,1.57596,1.02,1.13
2013.10.16 14:48:42.030,1.57584,1.57595,1.65,2.63
2013.10.16 14:48:42.150,1.57582,1.57595,1.13,3.64
2013.10.16 14:48:42.273,1.57581,1.57595,1.20,4.39
2013.10.16 14:48:42.403,1.57577,1.57588,1.20,1.13
2013.10.16 14:48:42.653,1.57577,1.57586,1.20,1.32
2013.10.16 14:48:42.900,1.57575,1.57584,1.13,1.28
2013.10.16 14:48:43.442,1.57574,1.57584,1.13,1.50
2013.10.16 14:48:43.560,1.57574,1.57584,1.20,1.50
2013.10.16 14:48:43.802,1.5757,1.57582,1.65,1.13
2013.10.16 14:48:44.123,1.57574,1.57582,1.50,1.13
2013.10.16 14:48:44.732,1.57572,1.57583,1.58,2.59
2013.10.16 14:48:45.042,1.57571,1.57582,1.13,1.32
2013.10.16 14:48:45.101,1.57571,1.57584,1.88,2.59
2013.10.16 14:48:45.160,1.57571,1.57581,1.88,1.50
2013.10.16 14:48:45.461,1.57574,1.57585,1.20,1.20
2013.10.16 14:48:45.703,1.57574,1.57586,1.28,1.88
2013.10.16 14:48:45.833,1.57576,1.57586,1.09,1.50
2013.10.16 14:48:45.901,1.5758,1.57589,2.03,2.03
2013.10.16 14:48:45.961,1.57582,1.57589,1.09,1.88
2013.10.16 14:48:46.203,1.57579,1.5759,1.58,1.13
2013.10.16 14:48:46.272,1.57578,1.57587,2.25,1.50
2013.10.16 14:48:46.331,1.57578,1.57588,2.40,1.13
2013.10.16 14:48:46.451,1.57576,1.57587,2.33,1.13
2013.10.16 14:48:47.076,1.57579,1.57587,1.13,1.20
2013.10.16 14:48:47.383,1.57574,1.57587,1.65,1.58
2013.10.16 14:48:47.453,1.57574,1.57587,1.88,1.65
2013.10.16 14:48:47.584,1.57575,1.57588,1.50,1.24
2013.10.16 14:48:47.653,1.57574,1.57586,1.88,1.58
2013.10.16 14:48:47.723,1.57574,1.57586,1.88,1.95
2013.10.16 14:48:48.034,1.57571,1.57581,1.20,1.50
2013.10.16 14:48:48.341,1.57569,1.57581,1.20,1.95
2013.10.16 14:48:48.653,1.57569,1.57584,1.69,1.95
2013.10.16 14:48:48.965,1.57578,1.57589,1.13,3.45
2013.10.16 14:48:49.212,1.57583,1.57589,1.13,1.65
2013.10.16 14:48:49.332,1.57584,1.57594,1.13,1.95
2013.10.16 14:48:49.393,1.57583,1.57594,1.13,1.13
2013.10.16 14:48:49.464,1.57583,1.57596,1.13,1.47
2013.10.16 14:48:50.473,1.57589,1.57595,1.13,1.09
2013.10.16 14:48:50.961,1.57589,1.57597,1.13,1.50
2013.10.16 14:48:51.802,1.57587,1.576,1.28,1.13
2013.10.16 14:48:51.921,1.57588,1.57601,1.20,2.70
2013.10.16 14:48:52.220,1.57589,1.57601,2.89,1.13
2013.10.16 14:48:52.500,1.57589,1.57601,2.85,1.13
2013.10.16 14:48:52.803,1.5759,1.57603,2.03,1.28
2013.10.16 14:48:53.304,1.57592,1.57603,1.50,1.58
2013.10.16 14:48:53.611,1.5759,1.576,1.84,1.20
2013.10.16 14:48:53.734,1.57584,1.57597,2.70,1.20
2013.10.16 14:48:53.861,1.57583,1.57597,1.58,1.69
2013.10.16 14:48:54.622,1.57578,1.57588,1.09,1.13
2013.10.16 14:48:54.695,1.5757,1.57581,1.28,1.88
2013.10.16 14:48:54.766,1.57569,1.57581,1.13,1.95
2013.10.16 14:48:55.071,1.57564,1.57579,1.32,1.13
2013.10.16 14:48:55.132,1.57564,1.5758,1.47,1.28
2013.10.16 14:48:55.324,1.57565,1.57581,1.88,1.50
2013.10.16 14:48:55.572,1.57569,1.57581,1.65,1.50
2013.10.16 14:48:56.112,1.57567,1.57583,1.88,1.50
2013.10.16 14:48:57.213,1.57571,1.57585,1.20,3.53
2013.10.16 14:48:57.331,1.57574,1.57584,1.13,1.58
2013.10.16 14:48:57.451,1.57572,1.57582,1.88,1.13
2013.10.16 14:48:57.572,1.57572,1.57582,1.13,1.13
2013.10.16 14:48:57.930,1.57574,1.57585,1.13,1.13
2013.10.16 14:48:58.471,1.57577,1.57589,1.20,1.20
2013.10.16 14:48:58.531,1.57577,1.57587,1.13,1.50
2013.10.16 14:48:58.592,1.57576,1.57586,1.13,1.13
2013.10.16 14:48:58.950,1.57575,1.57586,1.58,1.13
2013.10.16 14:49:00.122,1.57576,1.57586,1.13,1.13
2013.10.16 14:49:00.432,1.57583,1.57596,1.65,1.13
2013.10.16 14:49:00.491,1.57586,1.57597,1.13,1.88
2013.10.16 14:49:00.791,1.57585,1.57595,1.13,1.50
2013.10.16 14:49:00.921,1.57583,1.57595,1.13,3.08
2013.10.16 14:49:01.452,1.5758,1.57593,1.88,1.77
2013.10.16 14:49:01.571,1.57582,1.57591,1.50,1.20
2013.10.16 14:49:01.753,1.57582,1.57593,1.50,1.77
2013.10.16 14:49:02.082,1.57579,1.57591,1.50,1.95
2013.10.16 14:49:02.385,1.57576,1.5759,1.13,1.50
2013.10.16 14:49:02.692,1.57579,1.57591,1.50,2.63
2013.10.16 14:49:03.110,1.57579,1.57591,1.32,1.28
2013.10.16 14:49:03.170,1.57579,1.57592,1.32,1.20
2013.10.16 14:49:03.948,1.57582,1.57593,1.50,1.88
2013.10.16 14:49:04.024,1.57584,1.57597,1.28,1.88
2013.10.16 14:49:04.090,1.57583,1.57597,2.33,1.88
2013.10.16 14:49:04.393,1.57583,1.57597,1.58,1.88
2013.10.16 14:49:04.831,1.57583,1.57596,2.70,1.50
2013.10.16 14:49:05.144,1.57577,1.57589,1.28,1.50
2013.10.16 14:49:05.211,1.57574,1.57588,1.88,2.07
2013.10.16 14:49:05.331,1.57573,1.57586,2.40,1.32
2013.10.16 14:49:05.812,1.57571,1.57586,1.20,1.47
2013.10.16 14:49:07.013,1.57569,1.57586,3.75,1.39
2013.10.16 14:49:07.584,1.57573,1.57583,1.20,1.13
2013.10.16 14:49:07.771,1.57568,1.57576,1.20,1.13
2013.10.16 14:49:08.011,1.57565,1.57575,1.13,1.50
2013.10.16 14:49:08.311,1.57565,1.57575,1.20,2.07
2013.10.16 14:49:08.371,1.57561,1.57575,1.58,2.07
2013.10.16 14:49:09.281,1.57564,1.57573,1.13,1.65
2013.10.16 14:49:09.520,1.57569,1.57578,2.40,1.13
2013.10.16 14:49:09.641,1.57569,1.57579,2.33,1.13
2013.10.16 14:49:10.184,1.5757,1.57581,1.65,1.88
2013.10.16 14:49:10.251,1.5757,1.57581,1.65,1.88
2013.10.16 14:49:10.552,1.57571,1.57585,1.58,2.03
2013.10.16 14:49:10.850,1.57569,1.57584,3.15,2.03
2013.10.16 14:49:10.910,1.57569,1.57584,3.15,2.03
2013.10.16 14:49:11.151,1.57569,1.57584,3.00,3.38
2013.10.16 14:49:11.333,1.57567,1.57581,1.58,1.28
2013.10.16 14:49:11.692,1.57568,1.57582,1.50,2.78
2013.10.16 14:49:12.382,1.57567,1.57581,1.65,1.13
2013.10.16 14:49:13.233,1.57567,1.57581,1.65,1.13
2013.10.16 14:49:13.305,1.57567,1.57581,1.28,1.13
2013.10.16 14:49:13.531,1.57567,1.57581,2.03,1.13
2013.10.16 14:49:13.891,1.57567,1.57582,1.13,2.70
2013.10.16 14:49:14.192,1.57568,1.5758,2.63,1.50
2013.10.16 14:49:14.492,1.57568,1.5758,2.78,1.50
2013.10.16 14:49:14.554,1.57568,1.57578,1.13,1.13
2013.10.16 14:49:14.684,1.57564,1.57576,1.65,1.13
2013.10.16 14:49:14.752,1.57564,1.57576,2.03,1.13
2013.10.16 14:49:15.290,1.57564,1.57576,3.53,1.13
2013.10.16 14:49:15.750,1.57564,1.57576,1.65,1.13
2013.10.16 14:49:15.870,1.57564,1.57576,1.58,1.13
2013.10.16 14:49:16.551,1.57563,1.57573,1.28,1.13
2013.10.16 14:49:16.790,1.57563,1.57576,1.50,1.28
2013.10.16 14:49:16.851,1.57563,1.57577,1.50,1.65
2013.10.16 14:49:17.393,1.57569,1.57577,1.50,1.13
2013.10.16 14:49:18.042,1.57569,1.57577,1.50,1.13
2013.10.16 14:49:18.582,1.57568,1.57577,1.50,1.20
2013.10.16 14:49:18.880,1.57566,1.57576,1.50,1.20
2013.10.16 14:49:18.940,1.57566,1.57574,1.50,1.13
2013.10.16 14:49:19.360,1.57566,1.57577,1.13,3.08
2013.10.16 14:49:19.480,1.57566,1.57577,1.13,2.33
2013.10.16 14:49:19.721,1.5757,1.57581,1.13,1.13
2013.10.16 14:49:19.960,1.57576,1.57587,1.43,1.50
2013.10.16 14:49:20.020,1.57578,1.57588,1.58,1.88
2013.10.16 14:49:20.201,1.57578,1.57591,1.13,1.50
2013.10.16 14:49:20.261,1.5758,1.57591,1.13,1.50
2013.10.16 14:49:20.804,1.57579,1.57591,1.13,2.25
2013.10.16 14:49:21.352,1.5758,1.57589,1.13,1.50
2013.10.16 14:49:21.981,1.57577,1.57589,1.88,1.84
2013.10.16 14:49:22.917,1.57576,1.57587,1.32,1.58
2013.10.16 14:49:23.352,1.57575,1.57587,1.32,1.95
2013.10.16 14:49:23.832,1.57574,1.57586,1.32,1.20
2013.10.16 14:49:24.370,1.57574,1.57586,1.32,2.40
2013.10.16 14:49:24.672,1.57576,1.57587,1.13,1.95
2013.10.16 14:49:25.031,1.57584,1.57588,1.32,1.05
2013.10.16 14:49:25.333,1.5758,1.5759,1.13,1.13
2013.10.16 14:49:25.581,1.57577,1.57586,1.20,1.58
2013.10.16 14:49:25.641,1.57578,1.57586,1.20,1.58
2013.10.16 14:49:25.765,1.57579,1.5759,1.13,1.20
2013.10.16 14:49:25.831,1.57579,1.5759,1.13,1.13
2013.10.16 14:49:25.893,1.57579,1.5759,1.58,1.13
2013.10.16 14:49:26.141,1.57581,1.57595,1.65,1.02
2013.10.16 14:49:26.381,1.57582,1.57596,1.02,1.65
2013.10.16 14:49:26.740,1.57583,1.57592,1.13,1.50
2013.10.16 14:49:26.801,1.57582,1.57592,2.33,1.50
2013.10.16 14:49:27.225,1.5758,1.57592,1.65,1.88
2013.10.16 14:49:27.411,1.57576,1.57589,1.20,1.58
2013.10.16 14:49:27.771,1.57573,1.57587,2.40,1.50
2013.10.16 14:49:27.890,1.57573,1.57586,2.33,1.65
2013.10.16 14:49:28.418,1.57571,1.57585,1.28,1.58
2013.10.16 14:49:28.663,1.57571,1.57585,1.28,1.58
2013.10.16 14:49:29.210,1.5757,1.57585,2.14,1.50
2013.10.16 14:49:29.870,1.57572,1.57586,1.28,2.25
2013.10.16 14:49:30.172,1.57574,1.57587,1.20,1.58
2013.10.16 14:49:30.352,1.57574,1.57587,1.20,2.33
2013.10.16 14:49:30.411,1.57574,1.57587,1.20,2.33
2013.10.16 14:49:31.061,1.57573,1.57587,1.28,3.08
2013.10.16 14:49:31.602,1.57576,1.57589,1.20,2.33
2013.10.16 14:49:31.921,1.57575,1.57586,1.28,1.13
2013.10.16 14:49:32.562,1.57571,1.57582,1.13,2.25
2013.10.16 14:49:32.641,1.57569,1.57583,2.40,1.50
2013.10.16 14:49:33.434,1.57573,1.57586,1.28,2.25
2013.10.16 14:49:33.564,1.57574,1.57586,1.13,1.58
2013.10.16 14:49:33.631,1.57573,1.57585,1.58,1.13
2013.10.16 14:49:33.692,1.57573,1.57585,1.58,2.07
2013.10.16 14:49:34.113,1.57571,1.57583,2.59,1.13
2013.10.16 14:49:34.180,1.57575,1.57586,1.13,2.33
2013.10.16 14:49:34.424,1.57575,1.57586,1.20,1.58
2013.10.16 14:49:34.733,1.57575,1.57587,1.88,1.65
2013.10.16 14:49:35.283,1.5758,1.5759,1.13,2.03
2013.10.16 14:49:36.412,1.57575,1.57589,2.40,1.02
2013.10.16 14:49:36.712,1.57581,1.5759,1.13,2.40
2013.10.16 14:49:37.251,1.57579,1.5759,1.50,1.95
2013.10.16 14:49:37.491,1.57583,1.57592,1.13,1.95
2013.10.16 14:49:38.030,1.57585,1.57593,1.13,1.09
2013.10.16 14:49:38.090,1.57587,1.57594,1.13,1.65
2013.10.16 14:49:39.471,1.57585,1.57599,1.20,1.69
2013.10.16 14:49:40.011,1.5759,1.57599,1.13,1.50
2013.10.16 14:49:40.611,1.57591,1.57599,2.52,1.69
2013.10.16 14:49:41.160,1.57594,1.57599,1.50,1.50
2013.10.16 14:49:41.219,1.57595,1.57606,1.50,3.00
2013.10.16 14:49:42.015,1.57602,1.57607,1.88,1.13
2013.10.16 14:49:42.097,1.57614,1.57629,1.95,1.13
2013.10.16 14:49:42.224,1.57616,1.5763,1.20,2.40
2013.10.16 14:49:42.591,1.57618,1.57631,2.70,2.33
2013.10.16 14:49:42.772,1.5762,1.57632,1.13,1.13
2013.10.16 14:49:43.132,1.57618,1.57631,1.20,1.88
2013.10.16 14:49:43.371,1.57617,1.5763,1.20,2.07
2013.10.16 14:49:43.430,1.57617,1.57628,1.20,1.50
2013.10.16 14:49:43.611,1.57615,1.57626,1.20,1.13
2013.10.16 14:49:44.223,1.57615,1.57628,2.63,1.13
2013.10.16 14:49:44.353,1.57615,1.57628,2.03,1.88
2013.10.16 14:49:44.541,1.57616,1.57628,1.28,1.88
2013.10.16 14:49:45.261,1.57615,1.57626,1.28,1.50
2013.10.16 14:49:45.382,1.57614,1.57621,1.13,1.69
2013.10.16 14:49:45.451,1.57611,1.57618,1.50,1.02
2013.10.16 14:49:45.523,1.57607,1.57616,1.50,2.03
2013.10.16 14:49:45.651,1.57601,1.57615,1.58,1.47
2013.10.16 14:49:45.715,1.57601,1.57615,1.50,1.47
2013.10.16 14:49:46.092,1.57601,1.57614,1.58,1.39
2013.10.16 14:49:46.393,1.57599,1.57614,2.40,1.28
2013.10.16 14:49:46.941,1.576,1.57614,1.13,1.28
2013.10.16 14:49:47.000,1.576,1.57614,1.20,1.20
2013.10.16 14:49:47.182,1.57601,1.57615,2.03,1.20
2013.10.16 14:49:47.482,1.57601,1.57614,2.52,1.20
2013.10.16 14:49:48.020,1.57601,1.57615,1.69,3.08
2013.10.16 14:49:48.664,1.57601,1.57612,1.69,1.20
2013.10.16 14:49:48.974,1.57597,1.57608,2.70,1.95
2013.10.16 14:49:49.280,1.57595,1.57606,1.28,1.13
2013.10.16 14:49:49.341,1.57597,1.57606,1.13,1.50
2013.10.16 14:49:49.461,1.57599,1.5761,1.20,1.13
2013.10.16 14:49:49.522,1.57602,1.57612,1.13,1.50
2013.10.16 14:49:50.241,1.576,1.57613,1.88,1.28
2013.10.16 14:49:50.421,1.576,1.57613,1.88,1.28
2013.10.16 14:49:51.441,1.576,1.57612,1.88,1.58
2013.10.16 14:49:51.560,1.57597,1.57608,1.65,1.13
2013.10.16 14:49:51.741,1.57594,1.57608,1.20,1.28
2013.10.16 14:49:51.801,1.57593,1.57608,2.07,1.58
2013.10.16 14:49:52.102,1.57594,1.57608,1.95,1.28
2013.10.16 14:49:52.161,1.57594,1.57608,2.40,1.20
2013.10.16 14:49:52.474,1.57598,1.57611,1.20,1.13
2013.10.16 14:49:52.975,1.57601,1.57613,1.02,1.50
2013.10.16 14:49:53.100,1.57601,1.57616,1.84,3.45
2013.10.16 14:49:53.220,1.57601,1.57616,1.95,3.00
2013.10.16 14:49:53.340,1.57601,1.57615,1.65,1.39
2013.10.16 14:49:53.460,1.57598,1.57606,1.88,1.88
2013.10.16 14:49:53.521,1.57597,1.57604,1.05,1.50
2013.10.16 14:49:53.581,1.57595,1.57602,1.65,1.50
2013.10.16 14:49:53.762,1.57591,1.57605,2.25,1.88
2013.10.16 14:49:53.821,1.57592,1.57602,1.20,1.13
2013.10.16 14:49:54.181,1.57592,1.57603,1.09,1.50
2013.10.16 14:49:54.662,1.57594,1.57603,1.58,1.88
2013.10.16 14:49:56.281,1.57594,1.57603,1.58,1.88
2013.10.16 14:49:56.821,1.57594,1.57605,1.58,2.63
2013.10.16 14:49:57.061,1.57591,1.57601,1.62,1.88
2013.10.16 14:49:57.180,1.57588,1.57599,1.58,1.13
2013.10.16 14:49:57.301,1.57587,1.57599,2.03,1.13
2013.10.16 14:49:57.840,1.57587,1.57596,1.65,1.13
2013.10.16 14:49:58.081,1.57592,1.57604,1.32,1.95
2013.10.16 14:49:58.382,1.57595,1.57609,3.94,1.88
2013.10.16 14:49:58.800,1.57599,1.57608,1.20,1.13
2013.10.16 14:49:59.081,1.57598,1.57608,1.58,1.13
2013.10.16 14:50:00.630,1.57596,1.57607,2.40,1.13
2013.10.16 14:50:01.053,1.57594,1.57605,2.03,1.13
2013.10.16 14:50:01.125,1.57594,1.57605,1.28,2.63
2013.10.16 14:50:01.491,1.57592,1.57601,1.13,1.13
2013.10.16 14:50:01.791,1.5759,1.57599,1.20,1.50
2013.10.16 14:50:01.851,1.57589,1.57597,1.58,1.13
2013.10.16 14:50:01.911,1.57587,1.57597,1.28,1.13
2013.10.16 14:50:01.971,1.57587,1.57597,1.28,1.13
2013.10.16 14:50:02.033,1.57585,1.57593,1.69,1.58
2013.10.16 14:50:02.222,1.57576,1.57586,2.25,1.13
2013.10.16 14:50:02.281,1.57574,1.57582,1.50,1.50
2013.10.16 14:50:02.643,1.5757,1.57577,1.09,1.58
2013.10.16 14:50:02.772,1.5757,1.5758,1.47,2.70
2013.10.16 14:50:02.832,1.57572,1.5758,1.50,1.95
2013.10.16 14:50:03.082,1.57573,1.57581,1.13,2.70
2013.10.16 14:50:03.572,1.57573,1.57583,1.09,1.20
2013.10.16 14:50:03.631,1.57571,1.57583,2.40,1.20
2013.10.16 14:50:04.172,1.57571,1.57582,1.32,1.65
2013.10.16 14:50:04.292,1.57571,1.57579,1.32,1.50
2013.10.16 14:50:05.411,1.57569,1.57579,1.84,1.65
2013.10.16 14:50:05.531,1.57569,1.5758,2.22,2.40
2013.10.16 14:50:05.652,1.57569,1.57579,1.09,1.58
2013.10.16 14:50:05.712,1.57565,1.57577,2.18,1.50
2013.10.16 14:50:05.892,1.57564,1.57575,1.47,1.58
2013.10.16 14:50:06.430,1.57564,1.57576,1.09,1.95
2013.10.16 14:50:06.971,1.57564,1.57572,1.09,1.58
2013.10.16 14:50:07.451,1.57564,1.57571,1.09,1.13
2013.10.16 14:50:07.692,1.57552,1.57563,1.69,1.50
2013.10.16 14:50:07.753,1.57549,1.5756,1.50,2.63
2013.10.16 14:50:07.942,1.57544,1.57555,1.13,1.28
2013.10.16 14:50:08.180,1.57545,1.57553,1.13,2.03
2013.10.16 14:50:08.420,1.57543,1.57555,1.09,1.95
2013.10.16 14:50:08.601,1.5754,1.57552,2.59,1.58
2013.10.16 14:50:08.721,1.57545,1.57556,1.13,2.40
2013.10.16 14:50:08.841,1.57545,1.57555,1.13,1.20
2013.10.16 14:50:08.961,1.57543,1.57555,1.09,1.20
2013.10.16 14:50:09.778,1.57535,1.57549,2.03,1.13
2013.10.16 14:50:09.843,1.57535,1.57549,1.88,1.28
2013.10.16 14:50:09.972,1.5754,1.57549,1.50,1.28
2013.10.16 14:50:10.274,1.57545,1.57552,1.47,1.05
2013.10.16 14:50:10.582,1.57549,1.57554,1.13,1.13
2013.10.16 14:50:10.772,1.57544,1.57554,1.65,1.13
2013.10.16 14:50:11.033,1.57543,1.57557,1.39,1.28
2013.10.16 14:50:11.231,1.57544,1.57557,1.13,1.28
2013.10.16 14:50:11.654,1.57544,1.57555,1.13,1.50
2013.10.16 14:50:11.782,1.57544,1.57553,1.13,1.50
2013.10.16 14:50:11.903,1.57541,1.57553,1.65,1.88
2013.10.16 14:50:12.035,1.57538,1.5755,2.33,1.13
2013.10.16 14:50:12.223,1.57536,1.57551,3.83,1.88
2013.10.16 14:50:12.472,1.57534,1.57551,4.50,1.88
2013.10.16 14:50:12.601,1.57534,1.57551,2.63,1.20
2013.10.16 14:50:12.722,1.57539,1.57554,1.13,2.33
2013.10.16 14:50:13.023,1.57539,1.57552,1.58,1.88
2013.10.16 14:50:13.331,1.57535,1.57548,1.20,1.50
2013.10.16 14:50:13.392,1.57534,1.57548,2.33,1.50
2013.10.16 14:50:13.810,1.57534,1.57545,1.20,1.50
2013.10.16 14:50:13.871,1.57533,1.57545,1.95,1.50
2013.10.16 14:50:13.991,1.57533,1.57543,1.95,1.50
2013.10.16 14:50:14.353,1.57527,1.57536,2.78,1.50
2013.10.16 14:50:14.531,1.57525,1.57536,1.62,1.50
2013.10.16 14:50:15.320,1.57526,1.57538,1.28,1.50
2013.10.16 14:50:15.380,1.57526,1.57539,1.28,1.13
2013.10.16 14:50:15.440,1.57527,1.5754,1.20,1.88
2013.10.16 14:50:15.680,1.57538,1.57544,1.13,1.58
2013.10.16 14:50:15.741,1.57539,1.57548,1.20,1.50
2013.10.16 14:50:15.862,1.57539,1.57549,1.43,2.44
2013.10.16 14:50:15.981,1.57539,1.57549,1.58,2.63
2013.10.16 14:50:16.224,1.57536,1.5755,1.65,1.69
2013.10.16 14:50:16.831,1.57541,1.5755,2.22,1.58
2013.10.16 14:50:16.951,1.57543,1.57553,1.09,1.65
2013.10.16 14:50:17.491,1.57543,1.57554,1.09,1.50
2013.10.16 14:50:17.671,1.57543,1.57554,1.09,1.50
2013.10.16 14:50:19.015,1.57548,1.57556,1.13,1.50
2013.10.16 14:50:20.041,1.57547,1.57556,1.09,1.50
2013.10.16 14:50:20.401,1.57546,1.57557,2.22,1.58
2013.10.16 14:50:20.643,1.57549,1.57558,1.32,1.58
2013.10.16 14:50:20.701,1.57549,1.57558,1.32,1.58
2013.10.16 14:50:21.230,1.57552,1.57559,1.13,2.25
2013.10.16 14:50:21.587,1.57552,1.57559,1.88,1.50
2013.10.16 14:50:21.652,1.57552,1.57559,1.20,1.50
2013.10.16 14:50:21.832,1.57551,1.57561,1.28,1.50
2013.10.16 14:50:22.370,1.57546,1.57561,1.62,2.40
2013.10.16 14:50:22.610,1.57546,1.57561,1.62,2.70
2013.10.16 14:50:22.994,1.57546,1.57559,1.47,1.20
2013.10.16 14:50:23.540,1.57547,1.5756,1.13,1.50
2013.10.16 14:50:23.662,1.57544,1.57557,2.97,1.65
2013.10.16 14:50:23.723,1.57544,1.57555,2.22,1.50
2013.10.16 14:50:23.782,1.57542,1.57555,1.17,2.33
2013.10.16 14:50:23.842,1.57541,1.57551,1.13,2.07
2013.10.16 14:50:24.201,1.57531,1.57541,1.20,2.33
2013.10.16 14:50:24.560,1.57526,1.57536,1.13,2.40
2013.10.16 14:50:24.741,1.57526,1.57537,1.13,3.08
2013.10.16 14:50:24.801,1.57523,1.57536,1.58,2.78
2013.10.16 14:50:25.041,1.57522,1.57536,1.24,2.70
2013.10.16 14:50:25.220,1.57522,1.57536,1.17,3.00
2013.10.16 14:50:25.521,1.57518,1.57529,1.13,1.28
2013.10.16 14:50:25.831,1.57519,1.57532,1.13,1.58
2013.10.16 14:50:26.012,1.57523,1.57532,1.13,2.03
2013.10.16 14:50:26.527,1.57523,1.57532,1.13,2.03
2013.10.16 14:50:26.892,1.57523,1.57532,1.20,1.20
2013.10.16 14:50:27.014,1.57523,1.57535,1.50,1.13
2013.10.16 14:50:27.212,1.57523,1.57536,1.95,3.00
2013.10.16 14:50:27.272,1.57523,1.57533,1.95,1.20
2013.10.16 14:50:27.392,1.57523,1.57536,2.03,2.63
2013.10.16 14:50:27.573,1.57524,1.57536,1.13,2.78
2013.10.16 14:50:28.537,1.57524,1.57539,1.20,2.40
2013.10.16 14:50:28.673,1.57524,1.57536,1.28,1.13
2013.10.16 14:50:29.400,1.57524,1.57536,1.95,1.13
2013.10.16 14:50:29.943,1.57524,1.57536,2.33,1.13
2013.10.16 14:50:30.141,1.57524,1.57536,2.33,1.13
2013.10.16 14:50:30.682,1.57529,1.57539,1.50,1.50
2013.10.16 14:50:31.441,1.57527,1.57539,1.95,1.13
2013.10.16 14:50:31.800,1.57527,1.57539,1.13,2.03
2013.10.16 14:50:32.100,1.57527,1.57539,1.13,1.28
2013.10.16 14:50:32.481,1.57527,1.57539,1.13,1.28
2013.10.16 14:50:32.974,1.57527,1.57538,1.13,1.58
2013.10.16 14:50:33.282,1.57527,1.5754,1.13,2.03
2013.10.16 14:50:33.640,1.57527,1.57541,1.20,2.59
2013.10.16 14:50:34.122,1.57531,1.57546,1.84,1.95
2013.10.16 14:50:34.303,1.57534,1.5755,1.58,2.33
2013.10.16 14:50:34.420,1.57534,1.5755,1.28,2.33
2013.10.16 14:50:34.481,1.57536,1.5755,1.20,1.65
2013.10.16 14:50:34.600,1.57536,1.5755,1.20,1.65
2013.10.16 14:50:34.902,1.57534,1.57549,1.28,2.22
2013.10.16 14:50:35.262,1.57539,1.57549,1.13,1.09
2013.10.16 14:50:35.571,1.57539,1.5755,1.13,1.84
2013.10.16 14:50:35.633,1.57538,1.5755,1.13,1.39
2013.10.16 14:50:36.390,1.57537,1.5755,1.13,1.47
2013.10.16 14:50:36.511,1.57536,1.5755,1.13,1.47
2013.10.16 14:50:37.881,1.57534,1.57549,2.03,1.28
2013.10.16 14:50:38.512,1.57535,1.57549,1.13,2.33
2013.10.16 14:50:38.811,1.57534,1.57549,1.99,1.28
2013.10.16 14:50:39.350,1.57534,1.57549,2.74,1.58
2013.10.16 14:50:40.383,1.57541,1.57549,1.13,2.33
2013.10.16 14:50:40.571,1.57543,1.57551,1.47,1.13
2013.10.16 14:50:40.753,1.57538,1.57551,1.20,2.63
2013.10.16 14:50:40.824,1.57537,1.57551,2.40,2.70
2013.10.16 14:50:40.891,1.57537,1.57551,2.25,2.89
2013.10.16 14:50:41.192,1.57538,1.57547,1.13,1.13
2013.10.16 14:50:41.432,1.57537,1.57549,1.20,1.20
2013.10.16 14:50:41.852,1.57536,1.57547,1.13,1.69
2013.10.16 14:50:42.034,1.57536,1.57546,1.13,1.50
2013.10.16 14:50:42.341,1.57537,1.57546,2.25,1.50
2013.10.16 14:50:42.461,1.57538,1.57551,1.50,1.58
2013.10.16 14:50:42.641,1.57538,1.57549,1.50,1.28
2013.10.16 14:50:43.120,1.57536,1.57549,1.13,1.28
2013.10.16 14:50:43.240,1.57536,1.57551,1.28,2.78
2013.10.16 14:50:43.753,1.57536,1.57549,1.28,1.50
2013.10.16 14:50:44.004,1.57534,1.57549,2.40,2.40
2013.10.16 14:50:44.311,1.57536,1.57545,1.28,1.88
2013.10.16 14:50:44.492,1.57528,1.57542,1.28,1.20
2013.10.16 14:50:44.611,1.57528,1.57542,2.33,1.13
2013.10.16 14:50:44.671,1.57528,1.57543,2.33,1.58
2013.10.16 14:50:44.730,1.57531,1.57543,1.58,1.20
2013.10.16 14:50:44.852,1.57535,1.57545,1.13,3.08
2013.10.16 14:50:44.911,1.57535,1.57545,1.88,2.33
2013.10.16 14:50:45.150,1.57538,1.57546,1.13,1.13
2013.10.16 14:50:45.211,1.57538,1.57546,1.28,1.13
2013.10.16 14:50:45.576,1.57538,1.57546,2.70,1.13
2013.10.16 14:50:45.640,1.57539,1.5755,1.28,1.13
2013.10.16 14:50:46.756,1.57538,1.57552,3.08,2.63
2013.10.16 14:50:46.822,1.57539,1.57552,1.50,2.63
2013.10.16 14:50:47.123,1.5754,1.57552,1.28,1.88
2013.10.16 14:50:47.182,1.57543,1.57553,1.13,1.13
2013.10.16 14:50:47.362,1.57545,1.57555,1.13,2.07
2013.10.16 14:50:47.601,1.57545,1.57558,2.03,1.50
2013.10.16 14:50:47.661,1.57548,1.57559,1.20,2.25
2013.10.16 14:50:47.721,1.57548,1.57559,1.20,1.50
2013.10.16 14:50:48.022,1.57548,1.57559,1.20,1.50
2013.10.16 14:50:48.382,1.57555,1.57568,1.88,2.03
2013.10.16 14:50:48.501,1.57555,1.57569,1.13,2.33
2013.10.16 14:50:48.561,1.57557,1.57569,1.20,1.28
2013.10.16 14:50:48.920,1.57555,1.57566,1.13,1.65
2013.10.16 14:50:49.220,1.57553,1.57566,1.88,2.22
2013.10.16 14:50:49.280,1.57553,1.57566,1.88,3.27
2013.10.16 14:50:49.641,1.57551,1.57561,1.58,1.88
2013.10.16 14:50:49.945,1.57548,1.5756,1.20,1.32
2013.10.16 14:50:50.142,1.57549,1.57561,1.28,2.25
2013.10.16 14:50:50.387,1.57554,1.57562,1.50,1.50
2013.10.16 14:50:50.811,1.57551,1.57562,1.58,1.50
2013.10.16 14:50:51.721,1.57551,1.57562,1.20,1.20
2013.10.16 14:50:52.021,1.5755,1.57561,1.50,1.20
2013.10.16 14:50:52.321,1.57549,1.57561,1.73,1.20
2013.10.16 14:50:52.501,1.5755,1.57561,1.73,1.20
2013.10.16 14:50:52.681,1.57546,1.57558,1.73,1.20
2013.10.16 14:50:52.801,1.57545,1.57556,2.48,1.20
2013.10.16 14:50:53.042,1.57537,1.57548,2.48,2.03
2013.10.16 14:50:53.101,1.57537,1.57546,2.48,1.02
2013.10.16 14:50:53.280,1.57531,1.57544,2.25,1.02
2013.10.16 14:50:53.341,1.57531,1.57544,2.25,1.02
2013.10.16 14:50:53.582,1.5753,1.57541,1.13,1.58
2013.10.16 14:50:54.643,1.57529,1.5754,1.13,1.88
2013.10.16 14:50:54.893,1.57525,1.57538,1.50,1.20
2013.10.16 14:50:55.252,1.57522,1.57536,1.13,3.57
2013.10.16 14:50:55.915,1.57517,1.5753,1.88,1.20
2013.10.16 14:50:56.044,1.57517,1.5753,1.05,2.14
2013.10.16 14:50:56.791,1.57519,1.5753,1.05,1.39
2013.10.16 14:50:57.092,1.57518,1.57531,2.25,1.20
2013.10.16 14:50:57.332,1.57517,1.57531,1.13,1.95
2013.10.16 14:50:57.571,1.57516,1.57531,1.17,1.95
2013.10.16 14:50:57.990,1.57516,1.5753,1.09,1.20
2013.10.16 14:50:58.050,1.57515,1.5753,2.22,1.95
2013.10.16 14:50:58.170,1.57514,1.57527,1.13,1.95
2013.10.16 14:50:58.230,1.57514,1.57526,1.13,1.50
2013.10.16 14:50:58.412,1.57509,1.57522,2.33,1.20
2013.10.16 14:50:58.591,1.57509,1.57518,2.25,1.05
2013.10.16 14:50:58.840,1.57506,1.57518,1.13,1.58
2013.10.16 14:50:58.900,1.57501,1.57516,3.15,2.03
2013.10.16 14:50:58.961,1.57504,1.57517,1.13,1.28
2013.10.16 14:50:59.081,1.57504,1.57517,1.13,1.28
2013.10.16 14:50:59.630,1.57504,1.57517,1.20,1.20
2013.10.16 14:51:00.083,1.57505,1.57516,1.13,1.13
2013.10.16 14:51:00.153,1.57504,1.57516,1.88,1.28
2013.10.16 14:51:00.461,1.57505,1.57516,3.34,1.13
2013.10.16 14:51:00.641,1.57509,1.57521,1.58,1.50
2013.10.16 14:51:00.821,1.57509,1.5752,1.58,1.50
2013.10.16 14:51:00.881,1.57509,1.5752,1.20,1.69
2013.10.16 14:51:00.942,1.57509,1.5752,1.20,1.69
2013.10.16 14:51:01.301,1.57505,1.57514,1.20,1.50
2013.10.16 14:51:01.361,1.57505,1.57516,1.20,1.88
2013.10.16 14:51:01.421,1.57505,1.57516,1.13,1.95
2013.10.16 14:51:01.481,1.57505,1.57513,1.13,1.50
2013.10.16 14:51:01.601,1.57505,1.57516,1.13,1.95
2013.10.16 14:51:01.661,1.57506,1.57518,1.13,1.65
2013.10.16 14:51:01.901,1.57514,1.57521,1.13,1.50
2013.10.16 14:51:01.961,1.57513,1.57526,1.28,1.20
2013.10.16 14:51:02.022,1.57515,1.57529,1.13,1.65
2013.10.16 14:51:02.202,1.57515,1.57531,1.50,2.25
2013.10.16 14:51:02.742,1.57519,1.57531,1.13,1.50
2013.10.16 14:51:03.100,1.57519,1.57531,1.13,1.50
2013.10.16 14:51:03.161,1.57518,1.5753,1.88,1.13
2013.10.16 14:51:03.343,1.57518,1.5753,1.13,1.13
2013.10.16 14:51:03.410,1.57517,1.5753,1.28,1.13
2013.10.16 14:51:04.072,1.57517,1.5753,1.28,1.13
2013.10.16 14:51:05.190,1.5752,1.57532,1.13,1.58
2013.10.16 14:51:06.080,1.57519,1.57531,1.58,1.50
2013.10.16 14:51:06.380,1.5752,1.57531,1.13,1.50
2013.10.16 14:51:06.921,1.57516,1.57531,1.65,1.65
2013.10.16 14:51:07.040,1.57516,1.57531,1.58,1.95
2013.10.16 14:51:07.592,1.57516,1.57524,1.28,1.13
2013.10.16 14:51:07.772,1.57509,1.57517,1.28,1.13
2013.10.16 14:51:08.082,1.57505,1.57516,1.20,1.50
2013.10.16 14:51:08.144,1.57505,1.57516,1.13,1.58
2013.10.16 14:51:08.210,1.57505,1.57515,1.13,1.50
2013.10.16 14:51:09.201,1.57505,1.57517,1.95,1.13
2013.10.16 14:51:09.262,1.57505,1.57516,1.20,1.50
2013.10.16 14:51:09.561,1.57501,1.57512,1.58,1.88
2013.10.16 14:51:09.741,1.57501,1.57511,1.20,1.13
2013.10.16 14:51:09.920,1.575,1.5751,1.13,1.95
2013.10.16 14:51:10.041,1.57502,1.57514,1.13,1.20
2013.10.16 14:51:10.161,1.57504,1.57518,1.47,1.95
2013.10.16 14:51:10.223,1.57504,1.57518,1.39,2.03
2013.10.16 14:51:10.292,1.57504,1.57517,1.20,1.58
2013.10.16 14:51:10.593,1.57496,1.57507,1.58,1.50
2013.10.16 14:51:10.711,1.57497,1.57509,1.65,1.50
2013.10.16 14:51:10.771,1.57501,1.57512,1.13,1.28
2013.10.16 14:51:11.251,1.57504,1.57514,1.95,1.05
2013.10.16 14:51:11.431,1.57504,1.57514,1.88,1.13
2013.10.16 14:51:11.550,1.57504,1.57516,1.13,1.65
2013.10.16 14:51:12.091,1.57504,1.57517,1.50,1.84
2013.10.16 14:51:12.271,1.57504,1.57515,1.50,1.58
2013.10.16 14:51:12.391,1.57504,1.57516,2.25,1.84
2013.10.16 14:51:12.511,1.57504,1.57515,1.50,1.95
2013.10.16 14:51:12.631,1.57504,1.57514,1.50,1.13
2013.10.16 14:51:12.932,1.57501,1.57513,1.20,1.32
2013.10.16 14:51:13.172,1.57499,1.57508,1.28,1.13
2013.10.16 14:51:13.291,1.57499,1.5751,1.95,1.13
2013.10.16 14:51:13.472,1.57499,1.57508,1.20,1.13
2013.10.16 14:51:14.011,1.57497,1.57506,1.13,1.13
2013.10.16 14:51:14.213,1.57494,1.57505,2.03,1.13
2013.10.16 14:51:14.851,1.57494,1.57506,4.20,1.13
2013.10.16 14:51:15.140,1.57499,1.57509,1.65,1.13
2013.10.16 14:51:15.211,1.57499,1.57511,2.40,1.88
2013.10.16 14:51:15.345,1.575,1.57511,1.28,1.13
2013.10.16 14:51:15.471,1.57504,1.57516,1.95,1.88
2013.10.16 14:51:15.531,1.57504,1.57516,2.37,1.13
2013.10.16 14:51:15.592,1.57504,1.57516,2.37,1.13
2013.10.16 14:51:15.950,1.57506,1.57516,1.20,1.13
2013.10.16 14:51:16.252,1.57502,1.57512,3.00,1.13
2013.10.16 14:51:16.310,1.57502,1.57512,1.13,1.88
2013.10.16 14:51:16.851,1.57502,1.57512,1.13,1.13
2013.10.16 14:51:17.092,1.57502,1.57513,1.92,1.13
2013.10.16 14:51:17.211,1.57505,1.57519,1.20,2.78
2013.10.16 14:51:17.760,1.57503,1.57518,1.65,1.88
2013.10.16 14:51:18.000,1.57502,1.57517,4.24,2.55
2013.10.16 14:51:18.421,1.57502,1.57513,1.13,1.95
2013.10.16 14:51:18.665,1.575,1.57511,1.20,1.88
2013.10.16 14:51:18.731,1.57499,1.57511,1.28,1.88
2013.10.16 14:51:19.212,1.57501,1.57511,1.13,1.13
2013.10.16 14:51:19.572,1.57499,1.57512,1.58,1.20
2013.10.16 14:51:20.501,1.57499,1.57511,2.03,1.13
2013.10.16 14:51:20.861,1.57483,1.57499,2.33,2.52
2013.10.16 14:51:20.980,1.57483,1.57493,2.33,1.13
2013.10.16 14:51:21.330,1.57483,1.57492,2.25,1.88
2013.10.16 14:51:21.961,1.57478,1.5749,1.13,1.50
2013.10.16 14:51:22.512,1.57484,1.57494,1.50,1.50
2013.10.16 14:51:22.572,1.57487,1.57496,1.13,1.65
2013.10.16 14:51:22.692,1.57489,1.57498,1.20,1.50
2013.10.16 14:51:23.051,1.57496,1.57505,1.28,1.13
2013.10.16 14:51:23.114,1.57495,1.5751,1.88,3.00
2013.10.16 14:51:23.661,1.57493,1.57507,1.13,1.88
2013.10.16 14:51:23.962,1.57494,1.57507,2.33,1.50
2013.10.16 14:51:24.021,1.57494,1.57507,2.33,1.50
2013.10.16 14:51:24.141,1.57498,1.57511,1.28,1.50
2013.10.16 14:51:24.261,1.57501,1.57512,1.20,1.13
2013.10.16 14:51:24.741,1.57503,1.57516,1.65,2.25
2013.10.16 14:51:24.801,1.57504,1.57517,1.13,2.25
2013.10.16 14:51:25.540,1.57502,1.57514,1.24,1.50
2013.10.16 14:51:25.632,1.57505,1.57515,1.28,1.13
2013.10.16 14:51:26.231,1.57505,1.57516,2.33,1.13
2013.10.16 14:51:26.743,1.57505,1.57516,2.33,1.88
2013.10.16 14:51:27.284,1.57505,1.57516,2.33,1.88
2013.10.16 14:51:27.830,1.57505,1.57516,1.88,2.82
2013.10.16 14:51:28.793,1.57505,1.57516,1.50,1.50
2013.10.16 14:51:28.982,1.57502,1.57515,1.50,2.33
2013.10.16 14:51:29.343,1.57504,1.57515,2.03,1.50
2013.10.16 14:51:29.878,1.57504,1.57514,2.03,1.50
2013.10.16 14:51:30.273,1.57503,1.57513,1.20,1.50
2013.10.16 14:51:30.341,1.575,1.57511,1.28,1.88
2013.10.16 14:51:30.871,1.57502,1.57512,1.20,1.13
2013.10.16 14:51:30.990,1.57503,1.57512,1.50,1.13
2013.10.16 14:51:31.293,1.57501,1.57511,1.39,1.88
2013.10.16 14:51:31.475,1.57505,1.57515,1.13,1.13
2013.10.16 14:51:31.545,1.57505,1.57515,1.13,1.13
2013.10.16 14:51:32.101,1.57506,1.57516,1.28,1.50
2013.10.16 14:51:32.221,1.57506,1.57519,1.28,1.50
2013.10.16 14:51:32.461,1.57506,1.57521,2.03,2.03
2013.10.16 14:51:32.521,1.57508,1.57521,1.13,1.65
2013.10.16 14:51:32.641,1.5751,1.57522,2.67,1.13
2013.10.16 14:51:32.761,1.57512,1.57525,1.09,1.13
2013.10.16 14:51:34.723,1.57516,1.57528,1.47,1.13
2013.10.16 14:51:35.271,1.57518,1.5753,1.20,1.13
2013.10.16 14:51:35.831,1.57518,1.57528,1.20,1.13
2013.10.16 14:51:36.242,1.57514,1.57526,1.28,1.13
2013.10.16 14:51:36.601,1.57517,1.57526,1.13,1.20
2013.10.16 14:51:36.962,1.57513,1.57526,1.28,1.20
2013.10.16 14:51:37.263,1.57515,1.57527,1.50,1.28
2013.10.16 14:51:37.501,1.57515,1.57527,1.13,1.28
2013.10.16 14:51:37.801,1.57513,1.57525,1.20,1.88
2013.10.16 14:51:37.982,1.57512,1.57525,2.29,1.13
2013.10.16 14:51:38.731,1.57512,1.57524,3.42,1.13
2013.10.16 14:51:38.948,1.57512,1.57522,1.24,1.13
2013.10.16 14:51:39.202,1.57509,1.57522,1.65,1.13
2013.10.16 14:51:39.331,1.57509,1.57521,1.88,1.13
2013.10.16 14:51:39.632,1.57506,1.57516,1.65,1.88
2013.10.16 14:51:39.991,1.57502,1.57516,3.38,2.03
2013.10.16 14:51:40.532,1.57502,1.57514,3.00,1.28
2013.10.16 14:51:40.651,1.57502,1.57515,1.88,1.28
2013.10.16 14:51:40.712,1.57502,1.57515,2.63,1.28
2013.10.16 14:51:42.271,1.57502,1.57511,1.20,1.13
2013.10.16 14:51:42.394,1.57502,1.57512,1.20,1.13
2013.10.16 14:51:42.461,1.57501,1.57512,2.03,1.13
2013.10.16 14:51:42.521,1.57501,1.57512,2.78,1.13
2013.10.16 14:51:42.701,1.57501,1.57512,1.28,1.13
2013.10.16 14:51:43.266,1.57501,1.57515,2.70,2.03
2013.10.16 14:51:43.690,1.57501,1.57515,2.33,1.28
2013.10.16 14:51:44.110,1.57502,1.57516,3.08,1.28
2013.10.16 14:51:44.530,1.57503,1.57516,3.16,1.13
2013.10.16 14:51:44.831,1.5751,1.57518,3.30,1.13
2013.10.16 14:51:44.891,1.57512,1.57521,4.20,1.13
2013.10.16 14:51:44.952,1.57515,1.57524,2.63,1.50
2013.10.16 14:51:45.192,1.57518,1.5753,3.00,1.13
2013.10.16 14:51:45.371,1.57518,1.5753,1.95,1.13
2013.10.16 14:51:45.491,1.57518,1.5753,1.65,1.13
2013.10.16 14:51:45.793,1.57521,1.57536,5.44,1.88
2013.10.16 14:51:46.282,1.57524,1.57534,2.03,1.13
2013.10.16 14:51:46.942,1.57524,1.57534,1.28,1.13
2013.10.16 14:51:47.301,1.57522,1.57533,2.70,1.13
2013.10.16 14:51:47.612,1.57524,1.57535,1.20,1.13
2013.10.16 14:51:47.971,1.57519,1.5753,2.63,1.13
2013.10.16 14:51:48.031,1.5752,1.5753,1.65,1.13
2013.10.16 14:51:48.152,1.57522,1.57533,1.20,1.88
2013.10.16 14:51:48.211,1.57521,1.57533,1.28,1.88
2013.10.16 14:51:48.570,1.57523,1.57536,1.95,1.58
2013.10.16 14:51:48.751,1.57523,1.57536,1.95,1.88
2013.10.16 14:51:49.051,1.57525,1.57535,1.28,1.13
2013.10.16 14:51:49.443,1.57525,1.57535,1.50,1.13
2013.10.16 14:51:49.561,1.57525,1.57536,1.88,1.50
2013.10.16 14:51:49.926,1.57525,1.57536,1.88,1.13
2013.10.16 14:51:50.560,1.57525,1.57536,1.58,1.13
2013.10.16 14:51:50.800,1.57528,1.5754,1.28,1.13
2013.10.16 14:51:51.250,1.57527,1.57541,1.20,1.88
2013.10.16 14:51:52.110,1.57527,1.5754,1.20,1.13
2013.10.16 14:51:53.011,1.57526,1.57538,1.28,1.13
2013.10.16 14:51:53.252,1.57525,1.57532,1.50,1.13
2013.10.16 14:51:53.503,1.57524,1.57532,1.50,1.13
2013.10.16 14:51:53.802,1.57521,1.57534,1.13,1.28
2013.10.16 14:51:54.103,1.57521,1.57533,2.25,1.20
2013.10.16 14:51:54.163,1.57524,1.57537,3.19,1.88
2013.10.16 14:51:54.710,1.57522,1.57536,1.95,1.28
2013.10.16 14:51:55.130,1.57522,1.57536,2.70,1.28
2013.10.16 14:51:55.310,1.57529,1.57539,1.50,1.50
2013.10.16 14:51:55.431,1.57528,1.57541,1.88,2.03
2013.10.16 14:51:55.490,1.57526,1.57541,1.28,2.78
2013.10.16 14:51:55.551,1.57525,1.57541,1.65,2.78
2013.10.16 14:51:55.851,1.57526,1.5754,2.03,1.20
2013.10.16 14:51:55.912,1.57529,1.5754,1.50,1.43
2013.10.16 14:51:56.032,1.57533,1.57541,1.50,1.20
2013.10.16 14:51:56.213,1.57533,1.57546,1.58,1.50
2013.10.16 14:51:56.453,1.57533,1.57546,1.20,1.20
2013.10.16 14:51:56.752,1.57533,1.57546,1.95,1.28
2013.10.16 14:51:56.994,1.57533,1.57546,3.15,1.13
2013.10.16 14:51:57.061,1.57533,1.57546,2.78,1.13
2013.10.16 14:51:57.182,1.57533,1.57546,2.78,1.13
2013.10.16 14:51:57.543,1.57534,1.57546,1.50,1.20
2013.10.16 14:51:57.844,1.57534,1.57546,1.50,1.20
2013.10.16 14:51:57.971,1.57529,1.57541,3.53,1.13
2013.10.16 14:51:58.030,1.57529,1.57541,2.70,1.13
2013.10.16 14:51:58.151,1.57535,1.57545,1.13,1.20
2013.10.16 14:51:58.391,1.57537,1.57549,2.25,1.20
2013.10.16 14:51:58.451,1.57537,1.57548,1.50,1.58
2013.10.16 14:51:58.571,1.57535,1.57551,1.95,1.95
2013.10.16 14:51:58.691,1.57537,1.57551,1.50,1.20
2013.10.16 14:51:58.871,1.57536,1.57551,1.50,1.95
2013.10.16 14:51:59.262,1.57534,1.57546,2.40,1.05
2013.10.16 14:51:59.623,1.57531,1.57545,1.88,1.20
2013.10.16 14:51:59.874,1.57537,1.57546,1.50,2.70
2013.10.16 14:52:00.003,1.57536,1.57546,1.13,1.58
2013.10.16 14:52:00.253,1.57535,1.57546,1.65,1.13
2013.10.16 14:52:00.381,1.57535,1.57545,1.58,1.13
2013.10.16 14:52:01.685,1.57533,1.57541,2.52,1.13
2013.10.16 14:52:01.757,1.57531,1.57541,1.28,1.13
2013.10.16 14:52:02.803,1.57532,1.57543,1.02,1.13
2013.10.16 14:52:03.280,1.57533,1.57545,1.02,1.13
2013.10.16 14:52:03.703,1.57532,1.57543,1.02,1.13
2013.10.16 14:52:04.682,1.57532,1.57543,1.02,1.13
2013.10.16 14:52:05.241,1.5753,1.57542,1.28,1.13
2013.10.16 14:52:05.781,1.57529,1.57541,2.14,1.13
2013.10.16 14:52:06.022,1.57529,1.57541,1.77,1.88
2013.10.16 14:52:07.431,1.57526,1.5754,1.20,1.28
2013.10.16 14:52:08.463,1.57527,1.57541,1.77,3.53
2013.10.16 14:52:08.822,1.57528,1.5754,1.28,1.13
2013.10.16 14:52:09.124,1.57524,1.57532,3.08,1.13
2013.10.16 14:52:09.192,1.57523,1.57533,2.63,1.13
2013.10.16 14:52:09.251,1.57523,1.57533,1.50,1.13
2013.10.16 14:52:09.432,1.57522,1.57532,1.02,1.13
2013.10.16 14:52:09.733,1.57524,1.57532,1.50,1.13
2013.10.16 14:52:10.240,1.57522,1.57532,1.02,1.13
2013.10.16 14:52:10.862,1.5752,1.57532,1.65,1.88
2013.10.16 14:52:10.923,1.57519,1.57532,1.88,2.78
2013.10.16 14:52:10.994,1.57517,1.57532,1.58,3.53
2013.10.16 14:52:11.685,1.57514,1.57528,1.20,1.65
2013.10.16 14:52:11.942,1.57513,1.57528,1.28,2.40
2013.10.16 14:52:12.001,1.57512,1.57526,2.22,1.13
2013.10.16 14:52:12.301,1.57514,1.57528,1.95,1.28
2013.10.16 14:52:12.421,1.57519,1.57528,1.95,1.95
2013.10.16 14:52:12.540,1.5752,1.57531,1.95,1.13
2013.10.16 14:52:12.661,1.5752,1.57532,1.95,1.13
2013.10.16 14:52:12.782,1.5752,1.57535,1.58,2.59
2013.10.16 14:52:13.025,1.57514,1.57526,1.95,1.13
2013.10.16 14:52:13.092,1.57514,1.57526,2.33,1.13
2013.10.16 14:52:13.452,1.57513,1.57523,1.50,1.13
2013.10.16 14:52:13.572,1.57511,1.57523,1.65,1.13
2013.10.16 14:52:13.752,1.57509,1.57521,1.20,1.13
2013.10.16 14:52:14.291,1.57507,1.57521,2.63,1.28
2013.10.16 14:52:14.411,1.57505,1.57518,2.14,1.50
2013.10.16 14:52:14.951,1.57504,1.57516,2.07,1.28
2013.10.16 14:52:15.361,1.57505,1.57519,1.32,1.28
2013.10.16 14:52:15.721,1.57506,1.57516,1.58,1.13
2013.10.16 14:52:16.141,1.57505,1.57515,1.77,1.13
2013.10.16 14:52:16.322,1.57503,1.57514,1.28,1.13
2013.10.16 14:52:16.623,1.57506,1.57517,1.65,1.13
2013.10.16 14:52:16.922,1.57506,1.57511,1.50,1.13
2013.10.16 14:52:17.042,1.57505,1.57512,1.65,1.13
2013.10.16 14:52:17.281,1.575,1.57511,1.02,1.13
2013.10.16 14:52:17.460,1.57497,1.5751,1.09,1.13
2013.10.16 14:52:17.700,1.57497,1.5751,1.39,1.13
2013.10.16 14:52:18.952,1.57497,1.57511,2.14,1.88
2013.10.16 14:52:19.311,1.575,1.57512,1.50,2.25
2013.10.16 14:52:19.671,1.57498,1.57511,1.13,1.88
2013.10.16 14:52:19.732,1.57499,1.57512,3.27,2.25
2013.10.16 14:52:20.281,1.57502,1.57512,3.00,1.13
2013.10.16 14:52:20.461,1.57501,1.57512,1.20,1.13
2013.10.16 14:52:21.204,1.57504,1.57515,1.20,1.13
2013.10.16 14:52:21.752,1.57505,1.57517,1.09,1.13
2013.10.16 14:52:21.872,1.57505,1.57517,2.63,1.13
2013.10.16 14:52:22.481,1.57505,1.57521,2.40,2.03
2013.10.16 14:52:23.311,1.57505,1.57517,3.15,1.13
2013.10.16 14:52:23.851,1.57506,1.57517,1.09,1.13
2013.10.16 14:52:23.971,1.57505,1.57518,3.34,1.13
2013.10.16 14:52:24.211,1.57505,1.57518,3.64,1.20
2013.10.16 14:52:24.690,1.57505,1.57514,1.58,1.13
2013.10.16 14:52:25.051,1.57503,1.57515,2.78,1.13
2013.10.16 14:52:25.430,1.57504,1.57516,1.65,1.88
2013.10.16 14:52:25.732,1.57498,1.57506,1.69,1.13
2013.10.16 14:52:26.091,1.57497,1.57506,1.20,1.13
2013.10.16 14:52:26.451,1.57496,1.57506,1.58,1.13
2013.10.16 14:52:26.631,1.57496,1.57506,1.58,1.13
2013.10.16 14:52:26.691,1.57497,1.57511,1.20,1.50
2013.10.16 14:52:26.811,1.57498,1.57511,3.15,1.88
2013.10.16 14:52:27.050,1.57501,1.57513,1.09,1.13
2013.10.16 14:52:27.352,1.57501,1.57515,2.14,1.13
2013.10.16 14:52:28.261,1.57504,1.57516,1.58,1.13
2013.10.16 14:52:28.621,1.57503,1.57516,1.28,1.13
2013.10.16 14:52:28.922,1.57503,1.57515,1.13,1.28
2013.10.16 14:52:29.282,1.57503,1.57514,1.95,1.13
2013.10.16 14:52:29.712,1.57503,1.57513,1.28,1.13
2013.10.16 14:52:30.071,1.57497,1.57506,2.78,1.13
2013.10.16 14:52:30.688,1.57498,1.57506,1.58,1.13
2013.10.16 14:52:31.241,1.57498,1.57511,1.58,1.20
2013.10.16 14:52:31.482,1.57499,1.57511,1.58,1.88
2013.10.16 14:52:31.661,1.57499,1.57511,1.20,1.13
2013.10.16 14:52:31.781,1.57501,1.57512,1.28,1.88
2013.10.16 14:52:32.022,1.57504,1.57516,1.58,1.20
2013.10.16 14:52:32.561,1.57504,1.57516,1.20,1.88
2013.10.16 14:52:33.671,1.57504,1.57517,1.20,2.25
2013.10.16 14:52:33.790,1.57506,1.57516,1.20,1.13
2013.10.16 14:52:34.323,1.57506,1.57516,1.20,1.13
2013.10.16 14:52:34.891,1.57506,1.57516,1.20,1.32
2013.10.16 14:52:35.431,1.57503,1.57512,1.95,1.13
2013.10.16 14:52:36.483,1.57503,1.57516,1.58,1.50
2013.10.16 14:52:36.545,1.57505,1.57516,1.28,1.50
2013.10.16 14:52:37.091,1.57509,1.57521,2.25,1.20
2013.10.16 14:52:37.366,1.5751,1.57521,1.88,1.20
2013.10.16 14:52:37.683,1.57512,1.57521,1.13,2.03
2013.10.16 14:52:37.984,1.57512,1.5752,1.88,1.13
2013.10.16 14:52:38.231,1.5751,1.57521,2.33,1.88
2013.10.16 14:52:38.782,1.57508,1.57516,1.65,1.13
2013.10.16 14:52:39.201,1.57507,1.57516,1.50,1.13
2013.10.16 14:52:39.261,1.57505,1.57516,1.95,1.13
2013.10.16 14:52:39.382,1.57505,1.57515,1.20,1.13
2013.10.16 14:52:39.501,1.57506,1.57515,1.50,1.13
2013.10.16 14:52:39.560,1.57506,1.57516,1.50,1.20
2013.10.16 14:52:40.111,1.57507,1.57518,1.50,1.95
2013.10.16 14:52:40.883,1.57507,1.57516,1.50,1.13
2013.10.16 14:52:41.421,1.57507,1.57517,1.50,1.13
2013.10.16 14:52:42.602,1.57505,1.57518,1.95,1.20
2013.10.16 14:52:42.851,1.57508,1.57517,1.02,1.13
2013.10.16 14:52:43.272,1.57507,1.57518,2.44,1.20
2013.10.16 14:52:43.451,1.57507,1.57518,2.25,1.20
2013.10.16 14:52:43.811,1.57507,1.57515,1.50,1.13
2013.10.16 14:52:44.322,1.57507,1.57516,1.50,1.13
2013.10.16 14:52:45.210,1.57504,1.57516,1.65,1.13
2013.10.16 14:52:45.391,1.57505,1.57516,1.50,1.20
2013.10.16 14:52:45.451,1.57504,1.57516,1.50,1.20
2013.10.16 14:52:45.692,1.57504,1.57516,1.88,2.40
2013.10.16 14:52:45.812,1.57509,1.57518,1.50,1.88
2013.10.16 14:52:45.874,1.57509,1.57518,1.58,1.88
2013.10.16 14:52:46.172,1.57508,1.57518,2.40,1.88
2013.10.16 14:52:46.542,1.57509,1.57517,1.20,1.50
2013.10.16 14:52:46.902,1.57511,1.57521,1.58,1.13
2013.10.16 14:52:46.962,1.57513,1.5752,1.50,1.13
2013.10.16 14:52:47.140,1.57507,1.57518,1.20,1.50
2013.10.16 14:52:47.321,1.5751,1.57519,1.13,2.33
2013.10.16 14:52:47.382,1.57508,1.57517,1.13,1.28
2013.10.16 14:52:47.501,1.57502,1.57511,1.50,1.13
2013.10.16 14:52:47.620,1.575,1.57511,1.88,1.13
2013.10.16 14:52:48.011,1.57499,1.5751,2.33,1.50
2013.10.16 14:52:48.133,1.575,1.5751,1.88,1.13
2013.10.16 14:52:48.435,1.57501,1.57511,2.70,1.88
2013.10.16 14:52:48.681,1.57501,1.57511,2.33,1.13
2013.10.16 14:52:48.926,1.57502,1.57513,1.50,1.69
2013.10.16 14:52:49.173,1.57498,1.57507,1.65,1.13
2013.10.16 14:52:49.474,1.57497,1.57506,1.58,1.13
2013.10.16 14:52:49.544,1.57497,1.57507,1.20,1.13
2013.10.16 14:52:50.393,1.57495,1.57506,1.28,1.13
2013.10.16 14:52:50.469,1.57494,1.57506,1.13,2.03
2013.10.16 14:52:50.724,1.57491,1.57501,3.15,1.13
2013.10.16 14:52:51.031,1.57491,1.57504,1.28,1.13
2013.10.16 14:52:51.330,1.57489,1.575,1.95,1.13
2013.10.16 14:52:51.452,1.57491,1.575,1.58,1.13
2013.10.16 14:52:51.571,1.57491,1.57502,1.58,1.13
2013.10.16 14:52:51.690,1.57491,1.57502,1.95,1.13
2013.10.16 14:52:51.751,1.57491,1.57502,1.58,1.13
2013.10.16 14:52:52.055,1.57499,1.57507,1.32,1.20
2013.10.16 14:52:52.374,1.57503,1.57511,1.20,2.25
2013.10.16 14:52:52.502,1.57509,1.57519,1.13,1.28
2013.10.16 14:52:52.743,1.57506,1.57516,1.65,1.13
2013.10.16 14:52:52.874,1.57504,1.57516,2.03,1.13
2013.10.16 14:52:53.001,1.57504,1.57516,1.88,2.33
2013.10.16 14:52:53.305,1.57501,1.57512,1.88,1.20
2013.10.16 14:52:53.374,1.57501,1.57512,1.13,1.20
2013.10.16 14:52:53.442,1.57501,1.57514,1.05,1.65
2013.10.16 14:52:53.981,1.57502,1.57514,1.50,1.58
2013.10.16 14:52:54.521,1.57502,1.57514,1.88,1.58
2013.10.16 14:52:54.942,1.57509,1.57516,1.13,1.65
2013.10.16 14:52:55.001,1.57509,1.57517,1.13,1.65
2013.10.16 14:52:55.121,1.57509,1.57519,1.88,1.13
2013.10.16 14:52:55.183,1.57508,1.57517,1.58,1.13
2013.10.16 14:52:55.544,1.57508,1.57516,1.13,1.58
2013.10.16 14:52:55.612,1.57504,1.57515,1.13,1.13
2013.10.16 14:52:55.791,1.57505,1.57515,1.13,1.58
2013.10.16 14:52:56.976,1.57505,1.57515,1.13,1.37
2013.10.16 14:52:57.101,1.57504,1.57515,2.97,1.30
2013.10.16 14:52:57.340,1.57504,1.57515,2.22,1.30
2013.10.16 14:52:58.232,1.57504,1.57515,1.84,1.30
2013.10.16 14:52:58.790,1.57504,1.57515,1.47,1.30
2013.10.16 14:52:59.727,1.57502,1.57511,1.13,1.32
2013.10.16 14:52:59.939,1.5749,1.57501,1.58,1.13
2013.10.16 14:53:00.011,1.57489,1.57499,2.33,1.13
2013.10.16 14:53:00.148,1.57489,1.57501,1.58,1.13
2013.10.16 14:53:00.292,1.5749,1.57502,1.95,2.63
2013.10.16 14:53:00.844,1.57492,1.57502,2.70,1.88
2013.10.16 14:53:00.965,1.57495,1.57502,1.50,1.50
2013.10.16 14:53:01.092,1.57499,1.57508,1.50,1.47
2013.10.16 14:53:01.213,1.57499,1.57509,1.50,1.13
2013.10.16 14:53:01.331,1.57501,1.57511,1.50,1.65
2013.10.16 14:53:01.392,1.57502,1.57513,2.59,1.95
2013.10.16 14:53:01.693,1.57511,1.57518,1.05,1.69
2013.10.16 14:53:01.762,1.5751,1.57517,1.73,1.22
2013.10.16 14:53:02.300,1.5751,1.57519,1.35,1.13
2013.10.16 14:53:03.030,1.57512,1.57519,1.88,1.13
2013.10.16 14:53:03.570,1.5751,1.57519,1.09,1.13
2013.10.16 14:53:03.814,1.57514,1.57529,1.69,3.00
2013.10.16 14:53:04.361,1.57516,1.57529,1.50,1.65
2013.10.16 14:53:04.421,1.57516,1.57528,1.50,1.65
2013.10.16 14:53:04.480,1.57516,1.57528,1.50,1.65
2013.10.16 14:53:04.600,1.57516,1.57531,3.34,1.65
2013.10.16 14:53:04.903,1.5752,1.57534,1.69,1.50
2013.10.16 14:53:05.083,1.5752,1.57536,2.52,3.15
2013.10.16 14:53:05.145,1.57522,1.57536,1.13,2.40
2013.10.16 14:53:05.271,1.5752,1.57534,1.77,1.58
2013.10.16 14:53:05.331,1.5752,1.57534,1.39,1.58
2013.10.16 14:53:05.452,1.5752,1.57532,1.39,1.50
2013.10.16 14:53:05.691,1.5752,1.57533,1.39,2.63
2013.10.16 14:53:05.810,1.5752,1.57533,1.39,2.63
2013.10.16 14:53:06.351,1.5752,1.57532,1.69,1.20
2013.10.16 14:53:06.470,1.5752,1.57533,2.44,1.65
2013.10.16 14:53:06.591,1.5752,1.57533,2.44,2.70
2013.10.16 14:53:06.653,1.5752,1.57532,2.25,1.58
2013.10.16 14:53:06.772,1.57516,1.57526,1.88,1.50
2013.10.16 14:53:07.312,1.57516,1.57526,1.28,1.50
2013.10.16 14:53:07.691,1.57516,1.57526,1.65,1.50
2013.10.16 14:53:07.813,1.57519,1.57533,1.35,1.95
2013.10.16 14:53:07.991,1.5752,1.57533,1.80,2.63
2013.10.16 14:53:08.115,1.57526,1.57534,1.13,1.58
2013.10.16 14:53:09.931,1.57526,1.57535,1.13,1.50
2013.10.16 14:53:10.453,1.57526,1.57536,1.13,1.88
2013.10.16 14:53:11.201,1.57525,1.57536,1.88,1.88
2013.10.16 14:53:11.666,1.57525,1.57538,1.88,1.65
2013.10.16 14:53:12.102,1.57528,1.57539,1.13,3.00
2013.10.16 14:53:12.226,1.57529,1.57539,1.50,1.50
2013.10.16 14:53:12.414,1.57533,1.57544,1.13,2.63
2013.10.16 14:53:12.481,1.57533,1.57544,1.13,1.13
2013.10.16 14:53:12.721,1.57536,1.57551,1.09,1.58
2013.10.16 14:53:12.780,1.57536,1.57552,1.09,2.03
2013.10.16 14:53:13.080,1.57537,1.57552,1.65,2.03
2013.10.16 14:53:13.272,1.57537,1.57552,1.58,2.33
2013.10.16 14:53:13.810,1.57537,1.57552,1.65,1.28
2013.10.16 14:53:15.091,1.57537,1.57552,1.65,1.20
2013.10.16 14:53:15.333,1.57536,1.57551,1.39,1.50
2013.10.16 14:53:15.940,1.57536,1.5755,1.77,1.13
2013.10.16 14:53:16.004,1.57536,1.5755,1.77,1.13
2013.10.16 14:53:16.450,1.57536,1.5755,1.77,1.13
2013.10.16 14:53:16.751,1.57535,1.57546,1.28,1.88
2013.10.16 14:53:17.403,1.57535,1.57545,1.20,1.13
2013.10.16 14:53:18.011,1.57536,1.57546,1.20,1.13
2013.10.16 14:53:18.548,1.57537,1.57546,1.28,1.13
2013.10.16 14:53:18.620,1.57537,1.57546,1.95,1.13
2013.10.16 14:53:19.172,1.57535,1.57543,1.65,1.13
2013.10.16 14:53:19.231,1.57534,1.57543,1.20,1.13
2013.10.16 14:53:19.691,1.57531,1.57541,1.28,1.13
2013.10.16 14:53:19.932,1.57527,1.57541,3.83,1.13
2013.10.16 14:53:20.051,1.57527,1.5754,2.63,1.28
2013.10.16 14:53:20.503,1.57527,1.57541,4.28,1.20
2013.10.16 14:53:20.861,1.57526,1.57536,1.20,1.13
2013.10.16 14:53:22.211,1.57527,1.57536,2.70,1.13
2013.10.16 14:53:22.751,1.57527,1.57536,2.40,1.13
2013.10.16 14:53:23.052,1.57526,1.57536,1.39,1.13
2013.10.16 14:53:23.411,1.57526,1.57536,1.58,1.13
2013.10.16 14:53:23.710,1.57525,1.57539,1.50,2.25
2013.10.16 14:53:23.771,1.57524,1.57536,1.88,1.28
2013.10.16 14:53:24.011,1.57525,1.57536,2.25,1.13
2013.10.16 14:53:24.192,1.57524,1.57536,1.20,1.13
2013.10.16 14:53:25.031,1.57522,1.57535,2.03,1.13
2013.10.16 14:53:25.332,1.5752,1.57531,1.05,1.13
2013.10.16 14:53:25.452,1.57519,1.57529,1.88,1.13
2013.10.16 14:53:25.570,1.57519,1.5753,1.50,1.95
2013.10.16 14:53:26.171,1.57519,1.57531,1.58,1.95
2013.10.16 14:53:26.471,1.57521,1.57531,1.58,1.13
2013.10.16 14:53:27.010,1.57523,1.57532,1.13,1.13
2013.10.16 14:53:27.551,1.57522,1.57533,1.20,2.63
2013.10.16 14:53:27.851,1.57512,1.57527,1.58,2.07
2013.10.16 14:53:27.911,1.57512,1.57524,1.28,1.13
2013.10.16 14:53:28.030,1.57512,1.57524,1.28,1.88
2013.10.16 14:53:28.858,1.57513,1.57523,1.20,1.13
2013.10.16 14:53:29.172,1.57516,1.57526,1.13,1.50
2013.10.16 14:53:29.832,1.57516,1.57526,1.13,1.50
2013.10.16 14:53:30.434,1.57518,1.57529,1.13,1.65
2013.10.16 14:53:30.864,1.57519,1.57529,1.09,1.65
2013.10.16 14:53:31.171,1.57524,1.57531,2.25,1.13
2013.10.16 14:53:31.232,1.57525,1.57533,1.50,1.13
2013.10.16 14:53:31.351,1.57522,1.57535,1.65,1.58
2013.10.16 14:53:31.411,1.57522,1.57533,1.65,1.50
2013.10.16 14:53:31.771,1.57524,1.57533,1.50,1.88
2013.10.16 14:53:32.191,1.57522,1.57531,1.20,1.13
2013.10.16 14:53:32.372,1.57521,1.57531,1.58,1.13
2013.10.16 14:53:32.431,1.57521,1.57531,1.58,1.13
2013.10.16 14:53:32.552,1.57522,1.5753,1.58,1.13
2013.10.16 14:53:32.612,1.57517,1.57528,1.88,1.02
2013.10.16 14:53:32.851,1.57514,1.57523,1.95,1.13
2013.10.16 14:53:32.972,1.57514,1.57525,1.95,1.13
2013.10.16 14:53:33.152,1.57515,1.57525,1.88,1.13
2013.10.16 14:53:33.510,1.57517,1.57525,2.33,1.13
2013.10.16 14:53:34.032,1.57517,1.57522,1.58,1.13
2013.10.16 14:53:34.671,1.57514,1.57525,1.20,1.13
2013.10.16 14:53:35.734,1.57515,1.57526,1.13,1.39
2013.10.16 14:53:36.241,1.57515,1.57525,1.13,1.13
2013.10.16 14:53:36.421,1.57511,1.57523,2.03,1.32
2013.10.16 14:53:36.663,1.57513,1.57524,1.20,1.50
2013.10.16 14:53:36.724,1.57514,1.57526,1.13,2.78
2013.10.16 14:53:36.851,1.57516,1.57526,1.13,1.50
2013.10.16 14:53:37.503,1.57518,1.57526,1.13,1.50
2013.10.16 14:53:38.525,1.57516,1.57526,1.13,1.20
2013.10.16 14:53:39.253,1.57515,1.57527,1.13,1.58
2013.10.16 14:53:39.441,1.57515,1.57526,1.13,1.58
2013.10.16 14:53:39.861,1.57513,1.57526,1.13,1.50
2013.10.16 14:53:40.040,1.57513,1.57526,1.13,1.28
2013.10.16 14:53:43.021,1.57515,1.57525,1.88,1.20
2013.10.16 14:53:43.262,1.57515,1.57527,1.88,1.95
2013.10.16 14:53:43.500,1.57517,1.57527,1.88,1.05
2013.10.16 14:53:43.743,1.57517,1.57527,1.13,1.05
2013.10.16 14:53:44.291,1.57518,1.57527,1.13,1.50
2013.10.16 14:53:44.820,1.57518,1.57527,1.13,1.50
2013.10.16 14:53:45.251,1.57519,1.57529,1.13,1.65
2013.10.16 14:53:45.371,1.57519,1.5753,1.13,1.28
2013.10.16 14:53:45.554,1.57519,1.57531,1.20,1.50
2013.10.16 14:53:45.741,1.57522,1.57534,1.50,1.95
2013.10.16 14:53:45.800,1.57524,1.57535,1.88,1.28
2013.10.16 14:53:45.981,1.57525,1.57534,1.20,1.50
2013.10.16 14:53:46.221,1.57525,1.57536,1.13,1.20
2013.10.16 14:53:46.768,1.57526,1.57538,1.88,1.28
2013.10.16 14:53:46.830,1.57525,1.57536,1.50,1.20
2013.10.16 14:53:47.131,1.57523,1.57533,1.65,1.13
2013.10.16 14:53:47.371,1.57521,1.57533,2.25,1.28
2013.10.16 14:53:47.733,1.57524,1.57533,1.50,1.28
2013.10.16 14:53:47.912,1.57524,1.57534,1.50,1.20
2013.10.16 14:53:48.272,1.57522,1.57531,1.02,1.13
2013.10.16 14:53:48.811,1.57522,1.57533,1.32,1.20
2013.10.16 14:53:49.321,1.57523,1.57533,1.20,1.13
2013.10.16 14:53:49.938,1.57522,1.57532,2.03,1.13
2013.10.16 14:53:51.704,1.57521,1.57532,2.70,1.13
2013.10.16 14:53:52.252,1.57521,1.57533,1.13,2.03
2013.10.16 14:53:52.555,1.57519,1.57529,1.20,1.50
2013.10.16 14:53:52.681,1.57518,1.5753,2.63,1.95
2013.10.16 14:53:52.741,1.57518,1.5753,3.00,1.20
2013.10.16 14:53:52.862,1.57521,1.5753,1.13,1.20
2013.10.16 14:53:53.222,1.57524,1.57535,2.40,1.88
2013.10.16 14:53:53.400,1.57523,1.57535,2.67,1.13
2013.10.16 14:53:54.262,1.57524,1.57534,1.50,1.20
2013.10.16 14:53:54.382,1.57523,1.57534,3.34,1.20
2013.10.16 14:53:54.891,1.57525,1.57536,1.50,1.28
2013.10.16 14:53:55.070,1.57525,1.57536,3.15,1.13
2013.10.16 14:53:55.313,1.57525,1.57536,3.53,1.13
2013.10.16 14:53:55.452,1.57525,1.57536,3.15,1.13
2013.10.16 14:53:56.001,1.57524,1.57535,1.95,1.13
2013.10.16 14:53:56.360,1.57524,1.57533,1.20,1.13
2013.10.16 14:53:56.480,1.57523,1.57531,1.28,1.50
2013.10.16 14:53:57.391,1.57525,1.57536,1.50,1.88
2013.10.16 14:53:57.630,1.57526,1.57536,1.95,1.50
2013.10.16 14:53:57.751,1.57527,1.57536,2.25,1.50
2013.10.16 14:53:58.431,1.57527,1.57536,1.20,2.63
2013.10.16 14:53:58.740,1.57525,1.57535,2.03,1.13
2013.10.16 14:53:59.283,1.57524,1.57535,2.40,1.13
2013.10.16 14:53:59.641,1.57521,1.57531,1.13,2.40
2013.10.16 14:53:59.821,1.57516,1.5753,1.65,1.20
2013.10.16 14:53:59.882,1.57515,1.57524,2.40,1.13
2013.10.16 14:54:00.001,1.57515,1.57524,1.50,1.13
2013.10.16 14:54:00.137,1.57516,1.57525,1.13,1.88
2013.10.16 14:54:00.671,1.5752,1.57529,1.13,1.88
2013.10.16 14:54:01.332,1.57518,1.57529,1.13,1.28
2013.10.16 14:54:01.513,1.57517,1.57526,1.95,1.50
2013.10.16 14:54:01.812,1.57514,1.57526,2.40,1.13
2013.10.16 14:54:01.871,1.57514,1.57526,1.58,1.95
2013.10.16 14:54:02.111,1.57514,1.57526,2.25,1.20
2013.10.16 14:54:02.171,1.57517,1.57528,1.13,1.65
2013.10.16 14:54:02.291,1.57517,1.57527,1.13,1.20
2013.10.16 14:54:02.471,1.57514,1.57526,1.95,1.13
2013.10.16 14:54:02.652,1.57511,1.57522,2.25,1.20
2013.10.16 14:54:02.952,1.57513,1.57525,1.88,1.20
2013.10.16 14:54:03.490,1.57514,1.57521,1.13,1.13
2013.10.16 14:54:03.821,1.57514,1.57521,1.13,1.13
2013.10.16 14:54:05.201,1.5751,1.5752,1.50,1.13
2013.10.16 14:54:05.759,1.57511,1.57521,1.13,1.20
2013.10.16 14:54:06.300,1.57511,1.57522,1.13,1.28
2013.10.16 14:54:06.791,1.57514,1.57526,1.50,1.95
2013.10.16 14:54:06.913,1.57514,1.57526,1.50,1.95
2013.10.16 14:54:07.212,1.57509,1.57521,2.25,1.20
2013.10.16 14:54:07.272,1.57509,1.57521,2.25,1.20
2013.10.16 14:54:07.511,1.57509,1.57521,1.50,2.22
2013.10.16 14:54:07.871,1.57507,1.57516,1.13,1.88
2013.10.16 14:54:07.991,1.57503,1.57512,1.58,1.50
2013.10.16 14:54:08.051,1.57504,1.57517,1.32,1.28
2013.10.16 14:54:08.231,1.57508,1.57521,1.13,2.03
2013.10.16 14:54:08.291,1.57509,1.57521,1.13,1.20
2013.10.16 14:54:08.351,1.57509,1.57521,1.88,1.88
2013.10.16 14:54:08.470,1.57508,1.57519,1.65,1.50
2013.10.16 14:54:08.591,1.57509,1.57519,2.03,1.13
2013.10.16 14:54:08.770,1.57507,1.57519,1.58,1.88
2013.10.16 14:54:09.551,1.57513,1.57524,1.13,1.65
2013.10.16 14:54:09.672,1.57515,1.57524,2.22,1.28
2013.10.16 14:54:09.792,1.57518,1.57526,1.02,1.13
2013.10.16 14:54:09.853,1.57521,1.57533,1.32,1.28
2013.10.16 14:54:09.972,1.57519,1.57529,1.28,1.13
2013.10.16 14:54:10.091,1.57517,1.57528,2.33,1.13
2013.10.16 14:54:10.213,1.57517,1.57528,1.77,1.50
2013.10.16 14:54:10.814,1.57515,1.57527,1.28,1.50
2013.10.16 14:54:11.551,1.57518,1.57527,1.13,1.50
2013.10.16 14:54:11.910,1.57522,1.57531,1.58,1.50
2013.10.16 14:54:11.970,1.57519,1.57531,1.20,1.50
2013.10.16 14:54:12.152,1.5752,1.57531,1.20,2.25
2013.10.16 14:54:12.211,1.5752,1.57531,1.20,2.25
2013.10.16 14:54:13.829,1.57516,1.5753,1.28,1.50
2013.10.16 14:54:14.131,1.57527,1.57539,1.20,3.08
2013.10.16 14:54:14.551,1.57529,1.5754,1.32,1.58
2013.10.16 14:54:14.611,1.57534,1.57541,1.13,1.58
2013.10.16 14:54:14.671,1.57534,1.57546,1.20,1.50
2013.10.16 14:54:14.731,1.57535,1.57548,2.07,1.28
2013.10.16 14:54:15.031,1.57538,1.57551,2.22,1.88
2013.10.16 14:54:15.091,1.57539,1.57551,1.20,1.13
2013.10.16 14:54:15.153,1.5754,1.57552,1.13,2.33
2013.10.16 14:54:15.224,1.57539,1.57552,1.20,1.58
2013.10.16 14:54:15.351,1.57539,1.57553,1.20,1.09
2013.10.16 14:54:15.473,1.57539,1.57554,1.47,2.78
2013.10.16 14:54:15.542,1.57542,1.57556,1.13,3.45
2013.10.16 14:54:15.901,1.57541,1.57554,1.20,1.13
2013.10.16 14:54:15.962,1.57541,1.57551,1.20,1.13
2013.10.16 14:54:16.322,1.57533,1.57547,2.70,1.88
2013.10.16 14:54:16.381,1.57534,1.57546,1.28,1.50
2013.10.16 14:54:16.443,1.57535,1.57549,1.28,2.33
2013.10.16 14:54:16.502,1.57534,1.57549,2.03,3.08
2013.10.16 14:54:17.072,1.57534,1.57546,1.28,1.50
2013.10.16 14:54:17.612,1.57534,1.57547,1.28,2.25
2013.10.16 14:54:19.431,1.57533,1.57545,2.03,1.13
2013.10.16 14:54:19.492,1.57533,1.57545,2.03,1.88
2013.10.16 14:54:19.802,1.57532,1.57541,1.58,1.50
2013.10.16 14:54:19.863,1.5753,1.57543,1.09,1.13
2013.10.16 14:54:20.171,1.57528,1.57541,1.20,1.58
2013.10.16 14:54:20.530,1.57531,1.57542,1.13,1.65
2013.10.16 14:54:20.650,1.5753,1.57541,1.13,1.20
2013.10.16 14:54:21.508,1.57528,1.57541,1.20,1.95
2013.10.16 14:54:23.182,1.57528,1.5754,1.20,1.88
2013.10.16 14:54:23.424,1.57529,1.5754,1.13,1.50
2013.10.16 14:54:23.731,1.57529,1.5754,1.13,2.59
2013.10.16 14:54:23.911,1.57527,1.57538,1.65,1.50
2013.10.16 14:54:24.271,1.57519,1.57529,2.25,1.13
2013.10.16 14:54:24.331,1.57519,1.57527,1.88,1.50
2013.10.16 14:54:24.510,1.57522,1.57531,1.13,1.58
2013.10.16 14:54:24.812,1.57524,1.57532,1.20,1.32
2013.10.16 14:54:24.991,1.57518,1.5753,1.28,1.32
2013.10.16 14:54:25.291,1.57516,1.57527,1.28,1.13
2013.10.16 14:54:25.351,1.57516,1.57527,1.28,1.88
2013.10.16 14:54:25.683,1.57515,1.57523,1.28,1.50
2013.10.16 14:54:25.934,1.57513,1.57523,1.28,1.50
2013.10.16 14:54:26.008,1.57512,1.57521,1.28,1.50
2013.10.16 14:54:26.322,1.57513,1.57522,1.13,1.50
2013.10.16 14:54:26.442,1.57516,1.57524,2.29,1.02
2013.10.16 14:54:26.623,1.57517,1.57528,1.58,1.50
2013.10.16 14:54:26.684,1.57519,1.5753,1.28,1.88
2013.10.16 14:54:26.753,1.57518,1.5753,2.89,1.13
2013.10.16 14:54:26.933,1.57519,1.57531,1.20,2.33
2013.10.16 14:54:27.053,1.57516,1.57531,3.08,3.08
2013.10.16 14:54:27.123,1.57516,1.5753,3.08,2.07
2013.10.16 14:54:27.542,1.57519,1.57528,1.20,1.50
2013.10.16 14:54:27.783,1.57519,1.57527,1.13,1.50
2013.10.16 14:54:27.913,1.57519,1.57527,1.13,1.50
2013.10.16 14:54:28.402,1.57519,1.57531,1.13,1.50
2013.10.16 14:54:29.149,1.57518,1.5753,2.82,1.13
2013.10.16 14:54:29.276,1.57518,1.57529,2.82,1.13
2013.10.16 14:54:29.464,1.57518,1.57527,1.13,1.69
2013.10.16 14:54:29.531,1.57518,1.57525,1.20,1.50
2013.10.16 14:54:30.071,1.57517,1.57526,1.28,2.25
2013.10.16 14:54:30.634,1.57518,1.57526,1.58,2.25
2013.10.16 14:54:31.131,1.57516,1.57526,1.20,2.25
2013.10.16 14:54:31.671,1.57516,1.57526,1.20,1.50
2013.10.16 14:54:31.792,1.57518,1.57527,1.20,1.13
2013.10.16 14:54:31.852,1.57518,1.57528,1.20,1.50
2013.10.16 14:54:31.913,1.57515,1.57527,1.58,1.50
2013.10.16 14:54:31.972,1.57515,1.57527,1.58,1.50
2013.10.16 14:54:32.034,1.57518,1.57527,1.13,1.50
2013.10.16 14:54:32.163,1.57518,1.57531,1.28,2.63
2013.10.16 14:54:32.223,1.57519,1.57531,1.95,1.50
2013.10.16 14:54:32.283,1.57519,1.57531,2.03,1.50
2013.10.16 14:54:32.461,1.5752,1.57534,1.28,1.88
2013.10.16 14:54:32.711,1.57522,1.57531,1.13,1.50
2013.10.16 14:54:33.206,1.57521,1.57531,1.28,1.50
2013.10.16 14:54:33.333,1.57524,1.57531,1.58,1.50
2013.10.16 14:54:33.631,1.57517,1.57531,2.63,2.25
2013.10.16 14:54:34.602,1.57519,1.57531,1.20,1.50
2013.10.16 14:54:34.785,1.5752,1.57531,2.25,1.50
2013.10.16 14:54:35.091,1.57521,1.57531,1.50,1.50
2013.10.16 14:54:35.394,1.57521,1.57531,1.50,1.50
2013.10.16 14:54:35.523,1.5752,1.57531,1.20,1.50
2013.10.16 14:54:35.883,1.57524,1.57534,1.88,1.13
2013.10.16 14:54:36.121,1.57524,1.57535,1.13,1.50
2013.10.16 14:54:36.423,1.57525,1.57534,1.88,2.25
2013.10.16 14:54:37.143,1.57525,1.57534,1.13,2.25
2013.10.16 14:54:37.201,1.57526,1.57534,1.28,2.25
2013.10.16 14:54:37.502,1.57526,1.57539,1.69,2.44
2013.10.16 14:54:37.561,1.57526,1.57539,1.69,1.69
2013.10.16 14:54:37.623,1.57527,1.5754,2.82,2.07
2013.10.16 14:54:37.931,1.5753,1.5754,1.28,2.07
2013.10.16 14:54:38.292,1.57534,1.57545,2.63,1.13
2013.10.16 14:54:38.411,1.57534,1.57544,1.13,1.50
2013.10.16 14:54:38.831,1.57529,1.57541,1.58,2.25
2013.10.16 14:54:38.891,1.57529,1.57541,1.58,3.38
2013.10.16 14:54:39.131,1.57523,1.57536,2.97,1.50
2013.10.16 14:54:39.191,1.57523,1.57535,2.59,1.50
2013.10.16 14:54:39.551,1.57526,1.57535,1.88,2.25
2013.10.16 14:54:39.851,1.57526,1.57536,1.20,1.50
2013.10.16 14:54:40.561,1.5753,1.57536,1.13,1.50
2013.10.16 14:54:40.694,1.5753,1.57536,1.13,1.50
2013.10.16 14:54:41.251,1.57527,1.57536,1.28,1.50
2013.10.16 14:54:42.861,1.57527,1.57538,1.28,2.25
2013.10.16 14:54:43.400,1.57531,1.57538,1.13,2.25
2013.10.16 14:54:43.930,1.57531,1.57538,1.13,3.00
2013.10.16 14:54:44.411,1.57526,1.57534,1.20,1.50
2013.10.16 14:54:44.531,1.57522,1.5753,1.88,1.50
2013.10.16 14:54:44.592,1.57519,1.5753,3.00,1.50
2013.10.16 14:54:45.421,1.57522,1.57531,1.28,1.50
2013.10.16 14:54:45.542,1.57521,1.5753,1.65,2.07
2013.10.16 14:54:45.781,1.57516,1.57529,1.28,2.07
2013.10.16 14:54:45.841,1.57516,1.57528,1.20,1.50
2013.10.16 14:54:46.081,1.57516,1.57526,1.28,1.50
2013.10.16 14:54:46.202,1.57516,1.57527,1.28,1.13
2013.10.16 14:54:46.502,1.57518,1.57529,1.13,1.13
2013.10.16 14:54:47.042,1.57519,1.57528,1.65,1.69
2013.10.16 14:54:47.402,1.57518,1.57526,1.50,1.20
2013.10.16 14:54:47.642,1.57518,1.57529,1.50,1.13
2013.10.16 14:54:47.702,1.57519,1.5753,1.50,1.13
2013.10.16 14:54:48.102,1.5752,1.57532,2.63,1.13
2013.10.16 14:54:48.472,1.57521,1.57531,1.20,1.13
2013.10.16 14:54:48.713,1.57517,1.57527,2.78,1.13
2013.10.16 14:54:48.891,1.57517,1.57527,3.53,1.13
2013.10.16 14:54:49.311,1.57521,1.57531,2.03,1.69
2013.10.16 14:54:49.371,1.57521,1.57531,1.50,1.69
2013.10.16 14:54:49.911,1.57519,1.57526,1.65,1.13
2013.10.16 14:54:50.212,1.57516,1.57521,1.50,1.13
2013.10.16 14:54:50.452,1.57515,1.57522,2.03,1.13
2013.10.16 14:54:50.631,1.57517,1.57527,1.50,1.13
2013.10.16 14:54:51.172,1.57518,1.57527,1.20,1.13
2013.10.16 14:54:51.254,1.57523,1.57535,1.58,1.13
2013.10.16 14:54:51.324,1.57523,1.57536,1.58,1.20
2013.10.16 14:54:51.391,1.57526,1.57537,1.13,1.28
2013.10.16 14:54:51.812,1.57524,1.5753,1.65,1.50
2013.10.16 14:54:52.173,1.57517,1.57526,1.88,1.50
2013.10.16 14:54:52.351,1.57519,1.57526,1.20,1.50
2013.10.16 14:54:52.412,1.57516,1.57526,1.20,2.25
2013.10.16 14:54:52.971,1.57519,1.57526,1.20,1.50
2013.10.16 14:54:53.271,1.5752,1.5753,1.13,1.50
2013.10.16 14:54:53.451,1.57524,1.57533,1.13,3.00
2013.10.16 14:54:53.751,1.57525,1.57535,1.28,1.88
2013.10.16 14:54:54.113,1.57521,1.57529,1.20,1.13
2013.10.16 14:54:54.421,1.57516,1.57525,1.20,1.13
2013.10.16 14:54:54.923,1.57516,1.57525,1.20,1.13
2013.10.16 14:54:55.102,1.57514,1.57527,2.33,3.38
2013.10.16 14:54:55.162,1.57516,1.57527,1.28,1.50
2013.10.16 14:54:55.221,1.57517,1.57529,1.58,1.50
2013.10.16 14:54:55.282,1.57519,1.57531,1.65,1.88
2013.10.16 14:54:55.401,1.57519,1.57531,2.70,1.13
2013.10.16 14:54:55.854,1.5752,1.57531,2.70,1.13
2013.10.16 14:54:56.162,1.57519,1.57531,2.03,1.69
2013.10.16 14:54:56.221,1.57519,1.5753,1.28,1.32
2013.10.16 14:54:56.461,1.57513,1.57526,2.70,1.13
2013.10.16 14:54:56.701,1.57514,1.57526,1.65,1.13
2013.10.16 14:54:57.062,1.57515,1.57522,1.13,1.13
2013.10.16 14:54:57.122,1.57514,1.57522,2.40,1.13
2013.10.16 14:54:57.671,1.57515,1.57522,1.65,1.13
2013.10.16 14:54:58.208,1.57514,1.57526,1.65,1.32
2013.10.16 14:54:58.333,1.57516,1.57526,1.95,1.32
2013.10.16 14:54:58.583,1.57517,1.57528,1.13,2.07
2013.10.16 14:54:59.121,1.57518,1.57528,2.03,1.32
2013.10.16 14:54:59.423,1.57519,1.57531,1.28,1.32
2013.10.16 14:54:59.780,1.5752,1.57531,1.20,1.32
2013.10.16 14:54:59.901,1.5752,1.57531,1.95,1.13
2013.10.16 14:55:00.807,1.57521,1.57532,1.88,2.33
2013.10.16 14:55:01.125,1.57521,1.57531,1.13,2.25
2013.10.16 14:55:01.192,1.57521,1.57531,1.13,1.95
2013.10.16 14:55:02.101,1.57521,1.57531,1.50,1.50
2013.10.16 14:55:02.836,1.57521,1.57531,1.50,1.50
2013.10.16 14:55:03.401,1.5752,1.57531,1.50,1.65
2013.10.16 14:55:04.314,1.57521,1.57532,1.50,1.20
2013.10.16 14:55:05.924,1.57521,1.57533,1.88,1.28
2013.10.16 14:55:06.470,1.5752,1.57533,1.13,2.03
2013.10.16 14:55:06.601,1.57521,1.57533,1.50,1.28
2013.10.16 14:55:08.562,1.57519,1.57531,2.25,1.20
2013.10.16 14:55:08.742,1.57528,1.57536,1.13,1.54
2013.10.16 14:55:08.863,1.57529,1.57539,1.32,1.88
2013.10.16 14:55:09.172,1.57533,1.57541,1.50,1.50
2013.10.16 14:55:09.291,1.5753,1.57539,1.13,1.88
2013.10.16 14:55:09.410,1.5753,1.57539,1.50,1.50
2013.10.16 14:55:09.531,1.57528,1.57538,2.63,1.20
2013.10.16 14:55:09.591,1.57528,1.57538,1.88,1.28
2013.10.16 14:55:10.092,1.57528,1.57539,1.88,2.63
2013.10.16 14:55:10.212,1.57529,1.57539,2.25,2.03
2013.10.16 14:55:11.293,1.57529,1.57539,2.25,2.03
2013.10.16 14:55:11.715,1.57529,1.57537,2.25,1.13
2013.10.16 14:55:11.783,1.57526,1.57536,1.13,2.25
2013.10.16 14:55:11.902,1.57522,1.5753,1.50,1.20
2013.10.16 14:55:12.142,1.57518,1.5753,4.32,2.25
2013.10.16 14:55:12.661,1.57518,1.57528,3.19,1.28
2013.10.16 14:55:13.552,1.57519,1.5753,2.63,1.13
2013.10.16 14:55:13.731,1.57523,1.57532,1.50,1.58
2013.10.16 14:55:13.851,1.57524,1.57535,1.88,1.20
2013.10.16 14:55:14.031,1.57524,1.57536,1.13,2.78
2013.10.16 14:55:14.152,1.57524,1.57535,1.50,1.95
2013.10.16 14:55:15.611,1.57523,1.57534,1.13,1.13
2013.10.16 14:55:16.211,1.57522,1.57534,1.88,1.28
2013.10.16 14:55:16.572,1.57527,1.57535,1.13,1.65
2013.10.16 14:55:16.634,1.57527,1.57537,1.13,1.13
2013.10.16 14:55:16.704,1.57529,1.57539,1.20,1.20
2013.10.16 14:55:17.061,1.5753,1.57543,1.50,1.13
2013.10.16 14:55:17.241,1.5753,1.5754,1.65,1.13
2013.10.16 14:55:17.361,1.5753,1.57544,1.95,1.13
2013.10.16 14:55:18.172,1.57531,1.57543,1.95,1.13
2013.10.16 14:55:18.592,1.57531,1.57542,1.95,1.13
2013.10.16 14:55:19.011,1.5753,1.57544,2.40,1.13
2013.10.16 14:55:19.671,1.57531,1.57545,1.58,1.13
2013.10.16 14:55:20.031,1.5753,1.57543,2.40,1.13
2013.10.16 14:55:20.212,1.57529,1.57538,1.65,1.13
2013.10.16 14:55:20.391,1.57528,1.57541,2.78,1.13
2013.10.16 14:55:20.931,1.57527,1.57541,1.13,2.03
2013.10.16 14:55:22.231,1.57528,1.57538,1.13,1.13
2013.10.16 14:55:22.472,1.57524,1.57536,1.28,1.88
2013.10.16 14:55:22.532,1.57524,1.57536,1.20,2.63
2013.10.16 14:55:22.891,1.5752,1.57533,1.88,1.58
2013.10.16 14:55:22.951,1.5752,1.5753,1.50,1.13
2013.10.16 14:55:23.525,1.57519,1.57529,2.25,1.13
2013.10.16 14:55:24.012,1.57519,1.57529,1.95,1.13
2013.10.16 14:55:25.851,1.57519,1.57527,1.13,1.28
2013.10.16 14:55:26.451,1.57517,1.57527,1.88,1.13
2013.10.16 14:55:26.583,1.57517,1.57528,1.95,1.13
2013.10.16 14:55:26.891,1.5752,1.57529,1.13,1.95
2013.10.16 14:55:27.071,1.57521,1.57533,1.20,1.20
2013.10.16 14:55:27.191,1.57521,1.57533,1.28,1.13
2013.10.16 14:55:29.161,1.57523,1.57534,1.50,2.82
2013.10.16 14:55:29.461,1.57534,1.57544,1.13,1.28
2013.10.16 14:55:30.001,1.57534,1.57543,1.13,1.20
2013.10.16 14:55:30.305,1.57534,1.57545,1.13,1.65
2013.10.16 14:55:30.552,1.57534,1.57545,1.13,1.65
2013.10.16 14:55:31.273,1.57534,1.57545,1.13,2.03
2013.10.16 14:55:32.321,1.57534,1.57546,1.88,1.20
2013.10.16 14:55:33.036,1.57534,1.57546,1.88,1.20
2013.10.16 14:55:33.355,1.57535,1.57546,1.28,1.13
2013.10.16 14:55:33.601,1.57534,1.57546,4.65,1.13
2013.10.16 14:55:33.741,1.57534,1.57546,4.28,1.13
2013.10.16 14:55:34.280,1.57531,1.57541,3.08,1.13
2013.10.16 14:55:34.791,1.57531,1.57541,2.78,1.13
2013.10.16 14:55:35.101,1.57531,1.57543,2.03,1.88
2013.10.16 14:55:35.281,1.57533,1.57545,2.33,1.20
2013.10.16 14:55:35.341,1.57534,1.57546,1.95,1.20
2013.10.16 14:55:35.402,1.57534,1.57546,1.58,1.39
2013.10.16 14:55:35.522,1.57533,1.57544,1.28,1.50
2013.10.16 14:55:35.880,1.5753,1.57541,1.58,1.13
2013.10.16 14:55:36.764,1.57531,1.57543,1.65,1.13
2013.10.16 14:55:37.011,1.57529,1.57541,2.40,1.88
2013.10.16 14:55:37.071,1.5753,1.57541,1.28,1.88
2013.10.16 14:55:37.251,1.5753,1.57541,1.28,1.13
2013.10.16 14:55:37.311,1.57532,1.57541,1.13,1.13
2013.10.16 14:55:37.851,1.5753,1.57541,1.65,1.13
2013.10.16 14:55:38.031,1.57529,1.57541,2.78,1.13
2013.10.16 14:55:38.571,1.5753,1.57541,1.58,1.13
2013.10.16 14:55:39.112,1.5753,1.57542,1.20,1.13
2013.10.16 14:55:39.901,1.57529,1.57541,2.78,1.13
2013.10.16 14:55:41.261,1.5753,1.5754,1.58,1.13
2013.10.16 14:55:41.381,1.57529,1.5754,2.78,1.13
2013.10.16 14:55:41.501,1.5753,1.5754,1.58,1.13
2013.10.16 14:55:41.682,1.5753,1.5754,1.58,1.13
2013.10.16 14:55:43.517,1.57525,1.57536,2.63,1.13
2013.10.16 14:55:43.765,1.57521,1.57531,2.33,1.13
2013.10.16 14:55:43.835,1.57524,1.57533,1.13,1.28
2013.10.16 14:55:44.082,1.5752,1.57533,1.65,1.58
2013.10.16 14:55:44.681,1.57519,1.57532,1.13,1.28
2013.10.16 14:55:45.041,1.57518,1.57532,1.95,1.28
2013.10.16 14:55:45.717,1.57519,1.57533,2.78,1.95
2013.10.16 14:55:45.944,1.57519,1.57533,3.53,1.20
2013.10.16 14:55:47.131,1.57521,1.57533,1.13,1.20
2013.10.16 14:55:47.570,1.5752,1.57533,1.20,1.20
2013.10.16 14:55:47.812,1.57525,1.57537,1.58,1.13
2013.10.16 14:55:48.051,1.57527,1.57541,1.58,2.03
2013.10.16 14:55:48.411,1.57533,1.57542,1.32,1.13
2013.10.16 14:55:48.593,1.57539,1.57547,1.13,1.20
2013.10.16 14:55:48.652,1.57539,1.57547,1.13,1.20
2013.10.16 14:55:48.892,1.57536,1.57548,1.58,1.13
2013.10.16 14:55:49.131,1.57536,1.5755,1.58,1.28
2013.10.16 14:55:49.325,1.57537,1.57549,1.50,1.20
2013.10.16 14:55:49.575,1.57539,1.57551,2.25,1.20
2013.10.16 14:55:49.822,1.57539,1.57553,3.15,1.20
2013.10.16 14:55:49.881,1.57541,1.57553,1.13,1.20
2013.10.16 14:55:51.320,1.57543,1.57554,1.50,2.22
2013.10.16 14:55:51.623,1.57536,1.57546,1.28,1.88
2013.10.16 14:55:51.981,1.57536,1.57547,1.28,1.50
2013.10.16 14:55:52.101,1.57537,1.5755,1.95,1.58
2013.10.16 14:55:52.161,1.5754,1.57554,1.95,1.58
2013.10.16 14:55:52.341,1.5754,1.57555,1.65,3.15
2013.10.16 14:55:52.701,1.5754,1.57555,1.95,2.25
2013.10.16 14:55:53.423,1.57543,1.57554,1.58,1.50
2013.10.16 14:55:53.744,1.57542,1.57554,1.88,1.50
2013.10.16 14:55:53.993,1.57543,1.57554,1.20,1.50
2013.10.16 14:55:54.061,1.57542,1.57553,1.88,1.50
2013.10.16 14:55:54.301,1.57545,1.57554,1.13,1.50
2013.10.16 14:55:54.363,1.57544,1.57553,1.28,1.50
2013.10.16 14:55:54.721,1.57542,1.57552,1.65,1.50
2013.10.16 14:55:55.022,1.5755,1.57564,1.32,1.58
2013.10.16 14:55:55.082,1.5755,1.57559,1.02,1.50
2013.10.16 14:55:55.261,1.57549,1.57558,1.95,1.50
2013.10.16 14:55:55.321,1.57549,1.57558,1.84,1.50
2013.10.16 14:55:55.382,1.57549,1.57558,1.84,1.50
2013.10.16 14:55:55.561,1.57549,1.57561,1.95,1.13
2013.10.16 14:55:55.981,1.57549,1.57559,1.50,1.13
2013.10.16 14:55:56.285,1.57546,1.57556,1.28,1.50
2013.10.16 14:55:56.352,1.57546,1.57553,1.20,1.50
2013.10.16 14:55:56.412,1.57543,1.57553,1.13,1.88
2013.10.16 14:55:56.471,1.57542,1.57553,1.39,1.13
2013.10.16 14:55:56.771,1.57543,1.57554,1.50,1.88
2013.10.16 14:55:56.891,1.57541,1.57554,1.65,1.88
2013.10.16 14:55:57.191,1.57539,1.5755,1.95,1.13
2013.10.16 14:55:57.730,1.57539,1.5755,1.65,1.13
2013.10.16 14:55:58.031,1.57542,1.57552,1.50,1.13
2013.10.16 14:55:58.091,1.57543,1.57554,1.13,1.88
2013.10.16 14:55:58.214,1.57543,1.57554,1.13,1.50
2013.10.16 14:55:58.521,1.57543,1.57554,1.13,1.50
2013.10.16 14:55:58.701,1.57544,1.57555,1.58,1.13
2013.10.16 14:55:58.762,1.57546,1.57557,1.09,1.88
2013.10.16 14:55:59.001,1.57546,1.57557,1.77,1.13
2013.10.16 14:55:59.361,1.57545,1.57557,1.02,1.20
2013.10.16 14:55:59.602,1.57546,1.57556,1.02,1.50
2013.10.16 14:55:59.906,1.57549,1.57559,1.77,1.50
2013.10.16 14:55:59.973,1.57548,1.57561,1.28,2.63
2013.10.16 14:56:00.033,1.57548,1.57561,1.28,2.63
2013.10.16 14:56:00.154,1.57548,1.57561,1.58,1.88
2013.10.16 14:56:00.464,1.57549,1.57561,1.58,1.50
2013.10.16 14:56:02.012,1.57558,1.57567,1.13,1.39
2013.10.16 14:56:02.131,1.57558,1.57565,1.13,1.50
2013.10.16 14:56:02.311,1.57559,1.57568,1.13,1.02
2013.10.16 14:56:03.330,1.57554,1.57565,1.95,1.50
2013.10.16 14:56:03.394,1.57552,1.57563,1.28,2.25
2013.10.16 14:56:03.462,1.57549,1.57561,1.28,1.50
2013.10.16 14:56:03.524,1.57548,1.5756,1.58,1.50
2013.10.16 14:56:03.882,1.57546,1.57557,1.58,1.50
2013.10.16 14:56:04.241,1.57549,1.57559,1.13,1.20
2013.10.16 14:56:04.304,1.57547,1.57557,1.28,1.50
2013.10.16 14:56:04.563,1.57544,1.57558,2.40,1.13
2013.10.16 14:56:04.624,1.57544,1.57558,2.40,1.13
2013.10.16 14:56:04.992,1.57545,1.57558,1.65,1.13
2013.10.16 14:56:05.052,1.57545,1.57559,1.28,1.95
2013.10.16 14:56:06.318,1.57547,1.57559,1.13,1.95
2013.10.16 14:56:07.922,1.57543,1.57556,1.28,2.70
2013.10.16 14:56:08.041,1.57543,1.57554,1.28,1.13
2013.10.16 14:56:09.151,1.57541,1.57553,1.20,1.50
2013.10.16 14:56:10.642,1.57537,1.57551,2.78,2.63
2013.10.16 14:56:11.570,1.57538,1.57551,1.65,3.38
2013.10.16 14:56:12.097,1.57537,1.57551,2.78,3.38
2013.10.16 14:56:12.342,1.57537,1.57551,2.78,3.38
2013.10.16 14:56:12.841,1.57537,1.57551,2.03,2.63
2013.10.16 14:56:13.800,1.57537,1.57551,2.03,3.38
2013.10.16 14:56:14.491,1.57539,1.57551,1.58,2.63
2013.10.16 14:56:14.551,1.5754,1.57551,1.13,2.25
2013.10.16 14:56:14.852,1.5754,1.57551,1.13,1.50
2013.10.16 14:56:15.794,1.57539,1.57551,1.88,1.65
2013.10.16 14:56:16.342,1.57543,1.57552,1.13,1.95
2013.10.16 14:56:16.651,1.57546,1.57556,1.20,1.13
2013.10.16 14:56:17.011,1.57548,1.57558,1.20,1.69
2013.10.16 14:56:17.493,1.57549,1.57561,1.13,1.58
2013.10.16 14:56:17.681,1.57551,1.57561,1.13,1.58
2013.10.16 14:56:19.350,1.57547,1.57561,1.28,3.64
2013.10.16 14:56:19.411,1.57548,1.57561,1.20,3.19
2013.10.16 14:56:19.784,1.57548,1.57561,1.13,2.70
2013.10.16 14:56:21.661,1.57546,1.57556,1.13,1.58
2013.10.16 14:56:22.020,1.57541,1.57551,1.13,1.50
2013.10.16 14:56:22.321,1.57542,1.57551,1.13,1.58
2013.10.16 14:56:22.741,1.57545,1.57554,1.13,1.20
2013.10.16 14:56:23.101,1.57552,1.57563,1.13,1.20
2013.10.16 14:56:23.162,1.57553,1.57563,1.13,1.95
2013.10.16 14:56:23.400,1.57551,1.57564,2.44,1.28
2013.10.16 14:56:24.071,1.57551,1.5756,1.69,1.20
2013.10.16 14:56:24.193,1.5755,1.5756,1.88,1.47
2013.10.16 14:56:24.371,1.57545,1.57558,1.13,1.95
2013.10.16 14:56:25.262,1.57544,1.57556,2.25,1.65
2013.10.16 14:56:25.721,1.57542,1.57556,1.20,3.45
2013.10.16 14:56:26.801,1.57539,1.57551,2.78,1.50
2013.10.16 14:56:27.043,1.57539,1.57551,2.03,1.88
2013.10.16 14:56:27.161,1.57538,1.57551,1.20,2.07
2013.10.16 14:56:27.221,1.57537,1.57551,1.28,3.27
2013.10.16 14:56:27.341,1.57537,1.5755,1.20,1.02
2013.10.16 14:56:27.891,1.57537,1.5755,1.95,1.02
2013.10.16 14:56:28.431,1.57538,1.57551,1.50,3.34
2013.10.16 14:56:28.492,1.5754,1.57551,1.13,3.34
2013.10.16 14:56:28.852,1.57539,1.57551,1.28,2.07
2013.10.16 14:56:29.452,1.57536,1.57549,3.66,1.50
2013.10.16 14:56:29.571,1.57536,1.57549,3.06,1.50
2013.10.16 14:56:29.812,1.57536,1.57546,1.93,1.69
2013.10.16 14:56:30.351,1.57536,1.57546,1.78,2.44
2013.10.16 14:56:30.710,1.57536,1.57546,2.16,3.19
2013.10.16 14:56:31.211,1.57536,1.57546,1.78,2.44
2013.10.16 14:56:31.573,1.57536,1.57544,1.03,1.13
2013.10.16 14:56:32.261,1.57536,1.57544,1.03,1.13
2013.10.16 14:56:32.321,1.57536,1.57545,1.78,1.13
2013.10.16 14:56:32.381,1.57536,1.57546,1.78,1.69
2013.10.16 14:56:33.101,1.57536,1.57546,1.86,1.13
2013.10.16 14:56:33.640,1.57536,1.57546,1.86,1.13
2013.10.16 14:56:34.650,1.57536,1.57546,2.53,1.28
2013.10.16 14:56:35.190,1.57536,1.57546,2.53,1.20
2013.10.16 14:56:35.620,1.57538,1.57548,1.13,2.03
2013.10.16 14:56:35.741,1.57537,1.57546,1.50,1.13
2013.10.16 14:56:36.840,1.57538,1.57548,1.13,2.78
2013.10.16 14:56:37.261,1.57539,1.5755,1.13,1.58
2013.10.16 14:56:37.976,1.57538,1.57548,2.25,1.13
2013.10.16 14:56:38.111,1.57539,1.5755,1.13,1.28
2013.10.16 14:56:41.171,1.57539,1.57551,1.13,2.03
2013.10.16 14:56:41.890,1.57539,1.57551,1.13,2.03
2013.10.16 14:56:42.131,1.57538,1.57551,2.33,1.20
2013.10.16 14:56:43.381,1.57538,1.57551,1.50,2.33
2013.10.16 14:56:43.801,1.57537,1.57547,1.50,1.13
2013.10.16 14:56:44.731,1.57537,1.57547,1.50,1.88
2013.10.16 14:56:45.261,1.57538,1.57547,1.50,1.88
2013.10.16 14:56:45.771,1.57538,1.57547,1.50,1.88
2013.10.16 14:56:46.841,1.57539,1.5755,2.25,1.28
2013.10.16 14:56:47.191,1.57539,1.5755,2.25,1.28
2013.10.16 14:56:47.501,1.57539,1.57551,2.25,1.65
2013.10.16 14:56:48.292,1.57536,1.57545,1.86,1.32
2013.10.16 14:56:48.841,1.57537,1.5755,2.25,1.77
2013.10.16 14:56:49.261,1.57539,1.57551,2.40,1.69
2013.10.16 14:56:49.771,1.57539,1.5755,2.40,1.32
2013.10.16 14:56:50.723,1.57538,1.57551,2.40,1.13
2013.10.16 14:56:51.544,1.57538,1.57551,1.65,1.13
2013.10.16 14:56:51.672,1.57536,1.57545,2.91,1.13
2013.10.16 14:56:52.212,1.57536,1.57541,1.78,1.13
2013.10.16 14:56:52.571,1.57536,1.57541,1.03,1.13
2013.10.16 14:56:53.051,1.57532,1.57541,3.08,1.13
2013.10.16 14:56:53.711,1.57536,1.57544,1.05,1.13
2013.10.16 14:56:53.891,1.57536,1.57546,1.05,1.20
2013.10.16 14:56:54.072,1.57539,1.5755,1.50,1.28
2013.10.16 14:56:54.611,1.57538,1.5755,1.50,1.28
2013.10.16 14:56:55.351,1.57539,1.5755,1.50,1.28
2013.10.16 14:56:55.862,1.5754,1.57551,2.40,1.13
2013.10.16 14:56:56.732,1.5754,1.57551,1.95,1.13
2013.10.16 14:56:56.923,1.5754,1.57552,2.70,1.32
2013.10.16 14:56:57.461,1.5754,1.57551,2.70,1.13
2013.10.16 14:56:58.001,1.5754,1.57547,1.65,1.13
2013.10.16 14:57:00.441,1.57539,1.57547,1.95,1.13
2013.10.16 14:57:00.502,1.57539,1.57547,1.05,1.50
2013.10.16 14:57:01.037,1.57538,1.57547,1.50,1.50
2013.10.16 14:57:01.110,1.57537,1.57543,1.50,1.13
2013.10.16 14:57:01.481,1.57534,1.57541,1.95,1.13
2013.10.16 14:57:02.042,1.57536,1.57545,1.88,1.13
2013.10.16 14:57:03.471,1.57537,1.57546,1.50,1.13
2013.10.16 14:57:03.532,1.57538,1.57546,1.58,1.13
2013.10.16 14:57:03.591,1.57538,1.57546,1.58,1.13
2013.10.16 14:57:03.981,1.57539,1.57549,1.20,1.13
2013.10.16 14:57:04.042,1.57539,1.57547,1.20,1.13
2013.10.16 14:57:06.505,1.5754,1.57548,1.95,1.13
2013.10.16 14:57:06.763,1.5754,1.57547,1.95,1.13
2013.10.16 14:57:06.825,1.57539,1.57546,1.20,1.13
2013.10.16 14:57:07.013,1.57541,1.57551,1.88,1.13
2013.10.16 14:57:07.074,1.57544,1.57555,1.20,1.50
2013.10.16 14:57:07.144,1.57546,1.57557,1.20,1.13
2013.10.16 14:57:07.212,1.57546,1.57558,1.20,2.07
2013.10.16 14:57:07.272,1.57545,1.57555,1.13,1.13
2013.10.16 14:57:08.072,1.57548,1.57558,1.20,1.50
2013.10.16 14:57:08.493,1.57548,1.57558,1.20,1.13
2013.10.16 14:57:08.554,1.57549,1.57562,1.88,1.58
2013.10.16 14:57:08.861,1.57551,1.57562,1.20,1.13
2013.10.16 14:57:09.581,1.57551,1.57564,1.58,1.13
2013.10.16 14:57:09.703,1.5755,1.57564,1.65,1.13
2013.10.16 14:57:10.243,1.5755,1.57564,2.40,1.13
2013.10.16 14:57:11.964,1.57549,1.57558,1.20,1.13
2013.10.16 14:57:12.034,1.57548,1.57558,1.58,1.13
2013.10.16 14:57:12.591,1.57546,1.57557,1.65,1.50
2013.10.16 14:57:13.013,1.57544,1.57558,2.03,1.20
2013.10.16 14:57:13.552,1.57544,1.57558,3.90,1.95
2013.10.16 14:57:16.684,1.57547,1.57562,3.08,4.28
2013.10.16 14:57:16.872,1.57549,1.57562,2.33,1.95
2013.10.16 14:57:17.052,1.57549,1.57562,2.33,1.95
2013.10.16 14:57:17.411,1.57546,1.57556,1.20,1.13
2013.10.16 14:57:17.963,1.57546,1.57559,1.95,1.13
2013.10.16 14:57:18.383,1.57546,1.57558,1.95,1.88
2013.10.16 14:57:18.741,1.57542,1.57551,2.40,1.13
2013.10.16 14:57:18.801,1.57542,1.57551,1.65,1.13
2013.10.16 14:57:19.691,1.57542,1.57551,1.20,1.13
2013.10.16 14:57:20.216,1.57543,1.57555,1.20,1.69
2013.10.16 14:57:20.721,1.57543,1.57557,1.20,1.69
2013.10.16 14:57:21.021,1.57541,1.57552,2.70,1.32
2013.10.16 14:57:21.203,1.57542,1.57553,1.50,1.50
2013.10.16 14:57:21.751,1.57543,1.57557,1.65,2.14
2013.10.16 14:57:21.814,1.57545,1.57557,1.50,1.39
2013.10.16 14:57:23.922,1.57546,1.5756,1.32,1.20
2013.10.16 14:57:24.041,1.5755,1.57561,1.50,2.63
2013.10.16 14:57:24.102,1.5755,1.57561,1.50,1.95
2013.10.16 14:57:27.563,1.57551,1.57563,1.47,1.50
2013.10.16 14:57:29.241,1.57552,1.57564,1.20,1.50
2013.10.16 14:57:30.301,1.57551,1.57564,1.28,1.50
2013.10.16 14:57:30.971,1.57553,1.57564,1.50,1.20
2013.10.16 14:57:31.211,1.57554,1.57565,2.25,1.13
2013.10.16 14:57:32.122,1.57553,1.57565,2.33,1.13
2013.10.16 14:57:32.181,1.57553,1.57567,2.33,1.28
2013.10.16 14:57:32.602,1.57553,1.57565,1.50,1.20
2013.10.16 14:57:32.784,1.57551,1.57564,1.58,1.58
2013.10.16 14:57:33.721,1.57552,1.57563,1.13,1.50
2013.10.16 14:57:33.801,1.57552,1.57563,1.13,2.25
2013.10.16 14:57:34.343,1.57551,1.57562,1.13,1.58
2013.10.16 14:57:34.416,1.57552,1.57562,1.13,1.58
2013.10.16 14:57:34.722,1.57552,1.57561,1.13,1.65
2013.10.16 14:57:34.783,1.57554,1.57561,1.13,1.65
2013.10.16 14:57:35.442,1.57554,1.57561,1.13,1.58
2013.10.16 14:57:35.563,1.57557,1.57563,1.50,1.58
2013.10.16 14:57:35.922,1.57559,1.57566,1.50,1.13
2013.10.16 14:57:36.043,1.57559,1.5757,1.50,1.58
2013.10.16 14:57:37.001,1.5756,1.57571,1.50,1.65
2013.10.16 14:57:37.361,1.57562,1.57574,1.13,2.40
2013.10.16 14:57:37.421,1.57563,1.57574,1.32,2.78
2013.10.16 14:57:37.482,1.57564,1.57574,1.13,1.95
2013.10.16 14:57:37.544,1.57564,1.57574,1.88,1.50
2013.10.16 14:57:37.662,1.57566,1.57576,1.32,1.50
2013.10.16 14:57:38.082,1.57565,1.57575,1.50,1.65
2013.10.16 14:57:38.321,1.57564,1.57572,1.50,1.28
2013.10.16 14:57:38.622,1.57559,1.5757,2.25,1.28
2013.10.16 14:57:38.681,1.5756,1.5757,1.50,1.28
2013.10.16 14:57:39.041,1.5756,1.57571,1.13,2.03
2013.10.16 14:57:39.101,1.5756,1.57571,2.25,1.28
2013.10.16 14:57:39.341,1.57562,1.57572,1.50,1.65
2013.10.16 14:57:39.822,1.5756,1.57569,2.25,1.20
2013.10.16 14:57:40.322,1.5756,1.57569,2.25,1.20
2013.10.16 14:57:40.381,1.5756,1.57569,1.13,2.33
2013.10.16 14:57:40.802,1.57556,1.57564,1.13,1.50
2013.10.16 14:57:40.864,1.57555,1.57564,1.13,1.50
2013.10.16 14:57:41.164,1.57555,1.57565,1.13,1.28
2013.10.16 14:57:41.283,1.57555,1.57564,1.13,1.58
2013.10.16 14:57:41.344,1.57551,1.57564,1.58,1.77
2013.10.16 14:57:41.472,1.57552,1.57564,1.28,1.13
2013.10.16 14:57:41.532,1.57554,1.57565,1.88,1.13
2013.10.16 14:57:41.895,1.57556,1.57568,1.88,2.03
2013.10.16 14:57:42.024,1.57557,1.57568,1.13,1.95
2013.10.16 14:57:42.313,1.57556,1.57568,1.88,1.58
2013.10.16 14:57:42.902,1.57557,1.57568,1.13,1.65
2013.10.16 14:57:43.794,1.57556,1.57568,1.13,2.70
2013.10.16 14:57:44.420,1.57556,1.57568,1.13,2.70
2013.10.16 14:57:44.981,1.57556,1.57566,1.13,1.65
2013.10.16 14:57:45.341,1.57553,1.57566,1.13,1.84
2013.10.16 14:57:45.401,1.57553,1.57564,1.13,1.50
2013.10.16 14:57:46.101,1.57553,1.57563,1.13,1.50
2013.10.16 14:57:47.671,1.57552,1.57564,1.50,1.65
2013.10.16 14:57:47.854,1.57554,1.57564,2.25,1.28
2013.10.16 14:57:49.952,1.57554,1.57566,1.50,1.58
2013.10.16 14:57:51.575,1.57553,1.57566,2.63,2.33
2013.10.16 14:57:52.301,1.57553,1.57566,1.13,3.08
2013.10.16 14:57:53.471,1.57553,1.57566,1.88,2.03
2013.10.16 14:57:54.442,1.57554,1.57566,1.50,1.28
2013.10.16 14:57:54.802,1.57556,1.57566,1.50,1.13
2013.10.16 14:57:55.451,1.57555,1.57566,1.95,1.13
2013.10.16 14:57:55.716,1.57553,1.57564,2.03,1.13
2013.10.16 14:57:55.962,1.57552,1.57564,1.28,1.13
2013.10.16 14:57:56.083,1.57551,1.57561,1.58,1.13
2013.10.16 14:57:56.563,1.57551,1.57561,1.65,1.13
2013.10.16 14:57:56.921,1.5755,1.5756,2.25,1.13
2013.10.16 14:58:00.192,1.57551,1.57564,1.50,1.65
2013.10.16 14:58:00.731,1.57552,1.57563,1.65,1.50
2013.10.16 14:58:00.791,1.57552,1.57563,1.65,1.50
2013.10.16 14:58:02.164,1.57552,1.57562,1.65,1.13
2013.10.16 14:58:04.412,1.57553,1.57562,1.50,1.13
2013.10.16 14:58:04.952,1.5755,1.57561,1.20,1.13
2013.10.16 14:58:05.071,1.57548,1.57561,1.50,3.08
2013.10.16 14:58:05.194,1.57546,1.5756,2.16,1.28
2013.10.16 14:58:05.263,1.57546,1.57559,2.16,2.03
2013.10.16 14:58:05.827,1.57546,1.57556,1.04,1.13
2013.10.16 14:58:06.144,1.57546,1.57556,1.19,1.13
2013.10.16 14:58:06.661,1.57547,1.5756,1.58,2.03
2013.10.16 14:58:07.451,1.57549,1.5756,1.50,1.65
2013.10.16 14:58:07.691,1.57549,1.57563,3.15,1.95
2013.10.16 14:58:08.052,1.57549,1.57564,3.15,2.40
2013.10.16 14:58:08.859,1.57553,1.57564,1.13,1.65
2013.10.16 14:58:09.411,1.57552,1.57564,2.63,2.03
2013.10.16 14:58:10.711,1.57553,1.57564,1.50,1.20
2013.10.16 14:58:11.891,1.57553,1.57564,1.84,1.13
2013.10.16 14:58:12.422,1.57553,1.57564,1.39,1.13
2013.10.16 14:58:13.033,1.57557,1.57567,1.50,1.13
2013.10.16 14:58:13.212,1.57558,1.57567,1.39,1.88
2013.10.16 14:58:13.332,1.57558,1.57572,1.58,1.65
2013.10.16 14:58:13.691,1.57558,1.57573,2.14,2.40
2013.10.16 14:58:14.421,1.57559,1.57573,2.25,1.65
2013.10.16 14:58:14.541,1.57559,1.57574,2.33,1.65
2013.10.16 14:58:15.113,1.5756,1.57573,1.58,1.65
2013.10.16 14:58:15.682,1.5756,1.57572,1.58,2.33
2013.10.16 14:58:15.892,1.5756,1.57572,1.58,2.33
2013.10.16 14:58:16.951,1.57563,1.57572,1.50,1.50
2013.10.16 14:58:17.071,1.5756,1.57571,1.58,2.25
2013.10.16 14:58:17.770,1.57558,1.57571,1.09,1.50
2013.10.16 14:58:18.281,1.57559,1.57571,1.65,1.50
2013.10.16 14:58:18.461,1.5756,1.57571,1.20,1.50
2013.10.16 14:58:18.521,1.5756,1.57571,1.20,1.50
2013.10.16 14:58:18.761,1.57559,1.5757,1.65,1.50
2013.10.16 14:58:19.300,1.57559,1.57571,1.28,2.25
2013.10.16 14:58:19.662,1.57561,1.57571,1.13,1.69
2013.10.16 14:58:19.842,1.57556,1.5757,1.88,1.47
2013.10.16 14:58:19.901,1.57558,1.57568,1.20,1.50
2013.10.16 14:58:20.021,1.57556,1.57567,3.15,1.88
2013.10.16 14:58:20.142,1.57557,1.57566,1.28,1.88
2013.10.16 14:58:20.202,1.57557,1.57566,1.28,1.13
2013.10.16 14:58:20.561,1.57553,1.57558,1.13,1.13
2013.10.16 14:58:20.621,1.57549,1.57557,1.95,1.13
2013.10.16 14:58:20.802,1.57549,1.57556,1.65,1.13
2013.10.16 14:58:21.041,1.57549,1.57557,1.50,1.88
2013.10.16 14:58:21.582,1.57547,1.57557,1.13,1.50
2013.10.16 14:58:21.641,1.57546,1.57557,1.11,1.50
2013.10.16 14:58:21.762,1.57546,1.57555,1.04,1.13
2013.10.16 14:58:21.881,1.57546,1.57553,1.04,1.13
2013.10.16 14:58:22.301,1.57546,1.57554,1.04,1.39
2013.10.16 14:58:23.165,1.57546,1.57555,1.04,1.39
2013.10.16 14:58:23.421,1.57544,1.57554,1.04,1.77
2013.10.16 14:58:24.371,1.57542,1.57554,2.63,1.02
2013.10.16 14:58:24.431,1.57542,1.57551,1.88,1.50
2013.10.16 14:58:24.491,1.57542,1.57549,1.50,1.50
2013.10.16 14:58:24.612,1.57542,1.57553,2.25,1.20
2013.10.16 14:58:24.671,1.57542,1.57553,1.50,1.20
2013.10.16 14:58:24.731,1.57542,1.57554,2.33,1.20
2013.10.16 14:58:24.792,1.57542,1.57552,1.58,1.50
2013.10.16 14:58:25.091,1.57544,1.57555,1.73,1.13
2013.10.16 14:58:25.152,1.57544,1.57554,1.73,2.25
2013.10.16 14:58:25.331,1.57541,1.57553,1.62,1.47
2013.10.16 14:58:25.392,1.57538,1.57548,1.58,1.50
2013.10.16 14:58:25.572,1.5754,1.57546,1.50,1.13
2013.10.16 14:58:25.691,1.57536,1.57546,1.50,1.13
2013.10.16 14:58:25.751,1.57535,1.57546,2.52,1.13
2013.10.16 14:58:25.811,1.57536,1.57546,1.65,1.13
2013.10.16 14:58:25.931,1.57536,1.57547,2.03,1.50
2013.10.16 14:58:26.531,1.57535,1.57546,1.58,1.50
2013.10.16 14:58:27.012,1.57536,1.57547,1.58,1.50
2013.10.16 14:58:27.924,1.57536,1.57548,2.33,1.50
2013.10.16 14:58:28.004,1.57538,1.57547,1.69,1.88
2013.10.16 14:58:28.984,1.57539,1.57551,2.22,1.13
2013.10.16 14:58:29.172,1.57538,1.57549,2.03,1.13
2013.10.16 14:58:29.531,1.57538,1.57547,1.65,1.13
2013.10.16 14:58:30.324,1.57539,1.5755,1.65,1.50
2013.10.16 14:58:30.391,1.57539,1.57551,1.95,1.13
2013.10.16 14:58:30.452,1.5754,1.57551,1.13,1.13
2013.10.16 14:58:30.644,1.5754,1.57551,1.50,1.50
2013.10.16 14:58:30.712,1.57539,1.57548,2.33,1.13
2013.10.16 14:58:31.192,1.57539,1.57548,2.70,1.09
2013.10.16 14:58:31.251,1.57539,1.57548,1.13,1.84
2013.10.16 14:58:31.371,1.57534,1.57546,1.20,1.50
2013.10.16 14:58:32.090,1.57531,1.57545,1.20,1.32
2013.10.16 14:58:32.641,1.57533,1.57545,1.58,1.02
2013.10.16 14:58:33.671,1.5753,1.57541,2.70,1.09
2013.10.16 14:58:33.731,1.5753,1.57541,1.95,1.84
2013.10.16 14:58:33.791,1.57529,1.57541,1.28,1.84
2013.10.16 14:58:33.911,1.57528,1.57541,1.65,1.13
2013.10.16 14:58:34.274,1.57527,1.57542,1.65,1.20
2013.10.16 14:58:35.572,1.57529,1.57541,1.88,1.58
2013.10.16 14:58:35.703,1.5753,1.57541,1.58,1.20
2013.10.16 14:58:36.067,1.57532,1.57542,1.58,1.13
2013.10.16 14:58:36.252,1.57534,1.57546,1.13,1.28
2013.10.16 14:58:36.372,1.57538,1.57551,1.50,1.95
2013.10.16 14:58:36.671,1.57539,1.57551,2.33,1.20
2013.10.16 14:58:36.732,1.57539,1.57551,1.95,1.20
2013.10.16 14:58:37.092,1.57539,1.57551,3.00,1.13
2013.10.16 14:58:38.321,1.5754,1.57552,1.20,1.13
2013.10.16 14:58:39.672,1.57541,1.57551,1.88,1.13
2013.10.16 14:58:40.152,1.57538,1.57551,1.50,2.97
2013.10.16 14:58:40.391,1.5754,1.5755,1.13,1.20
2013.10.16 14:58:40.693,1.57543,1.57551,1.13,1.69
2013.10.16 14:58:41.051,1.57544,1.57555,1.13,1.02
2013.10.16 14:58:41.231,1.57544,1.57556,1.88,1.65
2013.10.16 14:58:41.851,1.57544,1.57557,1.13,1.20
2013.10.16 14:58:42.402,1.57544,1.57556,1.13,1.95
2013.10.16 14:58:42.652,1.57544,1.57554,1.13,1.13
2013.10.16 14:58:43.192,1.57544,1.57553,1.13,1.28
2013.10.16 14:58:44.282,1.57543,1.57553,1.50,1.28
2013.10.16 14:58:44.702,1.57543,1.57556,1.50,1.65
2013.10.16 14:58:44.761,1.57547,1.57556,1.13,2.03
2013.10.16 14:58:44.943,1.57547,1.57556,1.13,1.13
2013.10.16 14:58:45.062,1.57547,1.57556,1.13,1.13
2013.10.16 14:58:45.602,1.57545,1.57556,2.25,1.13
2013.10.16 14:58:45.842,1.57543,1.57555,2.33,1.20
2013.10.16 14:58:46.022,1.57541,1.57553,1.95,1.50
2013.10.16 14:58:46.202,1.57538,1.57547,1.58,1.13
2013.10.16 14:58:46.441,1.57539,1.57547,1.50,1.13
2013.10.16 14:58:46.684,1.57537,1.57546,1.88,1.13
2013.10.16 14:58:46.753,1.57539,1.57551,1.50,2.70
2013.10.16 14:58:47.052,1.57541,1.57546,1.50,1.13
2013.10.16 14:58:47.172,1.57541,1.57553,1.50,1.65
2013.10.16 14:58:48.272,1.5754,1.57548,1.50,1.32
2013.10.16 14:58:48.393,1.57536,1.57546,1.58,1.13
2013.10.16 14:58:48.452,1.57538,1.57551,1.50,1.65
2013.10.16 14:58:49.352,1.57539,1.57551,1.50,2.03
2013.10.16 14:58:49.591,1.5754,1.57551,2.25,1.88
2013.10.16 14:58:49.781,1.57542,1.57551,2.25,1.88
2013.10.16 14:58:50.206,1.57542,1.57555,1.50,1.28
2013.10.16 14:58:50.334,1.57542,1.57555,1.50,1.28
2013.10.16 14:58:50.642,1.57542,1.57555,1.95,1.13
2013.10.16 14:58:51.181,1.57543,1.57556,2.40,1.13
2013.10.16 14:58:52.221,1.57544,1.57556,1.65,1.13
2013.10.16 14:58:53.293,1.57542,1.57551,1.50,1.13
2013.10.16 14:58:53.354,1.57541,1.57551,2.33,1.13
2013.10.16 14:58:53.421,1.5754,1.57551,1.65,1.13
2013.10.16 14:58:53.541,1.5754,1.57549,1.65,1.32
2013.10.16 14:58:53.841,1.57539,1.57548,1.95,1.32
2013.10.16 14:58:54.081,1.57542,1.57549,1.50,1.32
2013.10.16 14:58:54.641,1.57542,1.57551,1.58,1.13
2013.10.16 14:58:55.151,1.57542,1.57551,1.65,1.13
2013.10.16 14:58:56.032,1.5754,1.57547,1.95,1.13
2013.10.16 14:58:56.451,1.57535,1.57551,2.70,2.63
2013.10.16 14:58:56.512,1.57538,1.57551,1.58,2.63
2013.10.16 14:58:56.752,1.5754,1.57553,1.65,1.88
2013.10.16 14:58:57.293,1.57539,1.57552,1.20,1.13
2013.10.16 14:58:57.353,1.5754,1.57553,2.03,1.13
2013.10.16 14:58:57.892,1.5754,1.57551,1.65,1.13
2013.10.16 14:58:58.432,1.5754,1.57551,1.65,1.13
2013.10.16 14:58:59.046,1.5754,1.57551,1.65,1.13
2013.10.16 14:58:59.312,1.57541,1.57551,1.50,1.13
2013.10.16 14:58:59.671,1.57541,1.57551,1.50,1.13
2013.10.16 14:58:59.972,1.57534,1.57546,1.65,1.13
2013.10.16 14:59:00.032,1.57539,1.5755,1.13,2.63
2013.10.16 14:59:00.152,1.5754,1.5755,1.88,1.28
2013.10.16 14:59:00.273,1.5754,1.5755,1.13,1.88
2013.10.16 14:59:00.394,1.5754,1.5755,1.13,1.88
2013.10.16 14:59:00.703,1.5754,1.57551,1.13,1.13
2013.10.16 14:59:00.763,1.57541,1.57551,1.13,1.13
2013.10.16 14:59:00.822,1.57541,1.57551,1.13,1.13
2013.10.16 14:59:01.002,1.57541,1.57554,1.20,1.95
2013.10.16 14:59:01.806,1.57541,1.57555,2.03,1.50
2013.10.16 14:59:01.931,1.57545,1.57555,1.95,1.88
2013.10.16 14:59:02.171,1.57545,1.57556,1.20,1.50
2013.10.16 14:59:02.291,1.57543,1.57556,1.20,1.13
2013.10.16 14:59:02.591,1.57546,1.57556,1.65,1.13
2013.10.16 14:59:02.651,1.57547,1.5756,1.20,1.88
2013.10.16 14:59:02.711,1.57547,1.5756,1.20,1.88
2013.10.16 14:59:02.951,1.57549,1.5756,1.28,1.13
2013.10.16 14:59:03.194,1.57549,1.57561,1.28,1.50
2013.10.16 14:59:03.708,1.57549,1.57563,1.88,1.88
2013.10.16 14:59:04.754,1.57554,1.57563,1.50,1.13
2013.10.16 14:59:04.882,1.57553,1.57564,1.58,1.13
2013.10.16 14:59:04.941,1.57553,1.57564,2.25,1.13
2013.10.16 14:59:05.512,1.57554,1.57566,1.13,1.95
2013.10.16 14:59:06.062,1.57554,1.57566,1.20,1.20
2013.10.16 14:59:06.422,1.57552,1.57561,1.13,1.88
2013.10.16 14:59:06.541,1.57548,1.57559,1.84,1.13
2013.10.16 14:59:07.081,1.57548,1.57559,1.02,1.13
2013.10.16 14:59:07.562,1.57549,1.57561,1.50,1.58
2013.10.16 14:59:09.313,1.57551,1.57562,1.13,1.58
2013.10.16 14:59:09.452,1.57551,1.57565,3.23,1.28
2013.10.16 14:59:09.992,1.57549,1.57562,1.58,1.20
2013.10.16 14:59:10.472,1.57549,1.57563,2.63,1.58
2013.10.16 14:59:12.681,1.57551,1.57563,1.32,1.13
2013.10.16 14:59:12.741,1.57551,1.57565,1.32,3.08
2013.10.16 14:59:12.921,1.57551,1.57562,1.32,1.28
2013.10.16 14:59:13.043,1.57549,1.57562,1.50,1.28
2013.10.16 14:59:13.222,1.57549,1.5756,1.13,1.20
2013.10.16 14:59:14.842,1.57549,1.5756,1.13,1.28
2013.10.16 14:59:14.962,1.57546,1.57556,1.02,2.70
2013.10.16 14:59:15.082,1.57544,1.57555,1.13,1.28
2013.10.16 14:59:15.451,1.57544,1.57556,1.50,1.58
2013.10.16 14:59:15.991,1.57543,1.57553,1.50,1.20
2013.10.16 14:59:16.171,1.57544,1.57554,1.50,1.28
2013.10.16 14:59:16.352,1.57548,1.5756,2.25,1.20
2013.10.16 14:59:16.471,1.57546,1.57558,1.77,1.20
2013.10.16 14:59:16.953,1.57549,1.57561,1.50,1.65
2013.10.16 14:59:17.073,1.57549,1.57562,1.95,1.20
2013.10.16 14:59:17.374,1.57551,1.57561,1.13,1.39
2013.10.16 14:59:17.732,1.57545,1.57551,1.88,1.13
2013.10.16 14:59:17.911,1.57548,1.57558,1.13,1.20
2013.10.16 14:59:17.972,1.57549,1.5756,2.07,1.88
2013.10.16 14:59:18.212,1.57549,1.57557,1.50,1.13
2013.10.16 14:59:18.391,1.57549,1.57555,1.50,1.05
2013.10.16 14:59:18.451,1.57542,1.57554,1.65,1.58
2013.10.16 14:59:18.571,1.57541,1.57552,2.03,1.28
2013.10.16 14:59:20.772,1.57541,1.57553,2.03,2.03
2013.10.16 14:59:21.012,1.57542,1.57553,1.84,1.13
2013.10.16 14:59:21.253,1.57542,1.57555,2.03,1.20
2013.10.16 14:59:21.733,1.57542,1.57554,1.28,1.28
2013.10.16 14:59:22.093,1.57548,1.57556,1.13,1.50
2013.10.16 14:59:22.633,1.57547,1.57559,1.58,1.88
2013.10.16 14:59:23.172,1.57548,1.57558,1.13,1.58
2013.10.16 14:59:23.773,1.57548,1.57558,1.84,1.58
2013.10.16 14:59:24.312,1.57548,1.57558,1.47,1.65
2013.10.16 14:59:24.851,1.5755,1.57556,1.13,1.50
2013.10.16 14:59:25.032,1.57548,1.57556,1.13,1.50
2013.10.16 14:59:25.392,1.57549,1.57557,1.50,1.13
2013.10.16 14:59:27.551,1.5755,1.57557,1.13,1.13
2013.10.16 14:59:27.671,1.5755,1.57557,1.20,1.13
2013.10.16 14:59:27.911,1.5755,1.57559,1.20,1.32
2013.10.16 14:59:28.582,1.57546,1.57557,1.13,1.58
2013.10.16 14:59:29.208,1.57547,1.57557,1.13,2.40
2013.10.16 14:59:29.581,1.57544,1.57553,1.50,1.88
2013.10.16 14:59:29.701,1.57536,1.57552,2.14,2.70
2013.10.16 14:59:29.943,1.57536,1.57548,1.20,1.50
2013.10.16 14:59:30.001,1.57535,1.57548,1.20,1.58
2013.10.16 14:59:30.834,1.57535,1.57546,1.20,1.13
2013.10.16 14:59:31.202,1.57534,1.57542,1.50,1.28
2013.10.16 14:59:31.262,1.57529,1.5754,2.25,1.20
2013.10.16 14:59:31.323,1.57528,1.57537,1.65,1.13
2013.10.16 14:59:31.441,1.57521,1.57536,1.58,2.40
2013.10.16 14:59:31.502,1.57522,1.57527,1.13,1.95
2013.10.16 14:59:31.562,1.57513,1.57522,2.25,3.34
2013.10.16 14:59:31.623,1.57508,1.57515,1.47,1.13
2013.10.16 14:59:31.682,1.57506,1.57517,1.09,1.95
2013.10.16 14:59:31.743,1.57514,1.5752,1.13,1.80
2013.10.16 14:59:31.804,1.57514,1.57524,1.13,1.50
2013.10.16 14:59:31.873,1.57519,1.57525,1.58,1.13
2013.10.16 14:59:32.174,1.57521,1.57527,1.58,1.13
2013.10.16 14:59:32.532,1.57525,1.57532,1.65,1.13
2013.10.16 14:59:32.772,1.57521,1.57529,2.25,1.09
2013.10.16 14:59:32.893,1.57514,1.57525,1.20,1.13
2013.10.16 14:59:33.133,1.57514,1.57524,1.88,1.13
2013.10.16 14:59:33.252,1.57514,1.57521,1.13,1.50
2013.10.16 14:59:33.971,1.57514,1.57521,1.13,1.50
2013.10.16 14:59:34.272,1.57498,1.57516,1.95,7.48
2013.10.16 14:59:34.632,1.57491,1.57498,1.58,1.13
2013.10.16 14:59:35.172,1.57491,1.57499,1.58,1.13
2013.10.16 14:59:35.293,1.57491,1.57498,1.58,1.13
2013.10.16 14:59:35.595,1.57491,1.57506,1.20,1.65
2013.10.16 14:59:36.141,1.57497,1.57508,1.20,1.13
2013.10.16 14:59:36.381,1.57499,1.57511,1.69,1.28
2013.10.16 14:59:36.441,1.57504,1.57512,2.22,1.20
2013.10.16 14:59:36.502,1.57506,1.57514,1.50,1.13
2013.10.16 14:59:36.803,1.57495,1.57506,1.20,1.13
2013.10.16 14:59:36.933,1.57486,1.57501,1.50,1.95
2013.10.16 14:59:36.992,1.5749,1.57501,1.50,1.20
2013.10.16 14:59:37.053,1.57493,1.57504,1.50,1.65
2013.10.16 14:59:37.232,1.57494,1.57507,2.63,2.78
2013.10.16 14:59:37.292,1.57495,1.57506,1.58,1.50
2013.10.16 14:59:37.594,1.57494,1.57506,1.13,1.65
2013.10.16 14:59:37.721,1.57492,1.57506,1.58,2.03
2013.10.16 14:59:37.845,1.57494,1.57506,1.50,1.28
2013.10.16 14:59:37.971,1.57492,1.57506,1.58,2.03
2013.10.16 14:59:38.152,1.57493,1.57505,2.25,1.28
2013.10.16 14:59:38.512,1.5749,1.575,1.50,1.13
2013.10.16 14:59:39.302,1.57493,1.57499,1.50,1.88
2013.10.16 14:59:39.635,1.57505,1.57511,2.33,1.13
2013.10.16 14:59:39.823,1.57501,1.57512,1.47,1.13
2013.10.16 14:59:39.945,1.57504,1.57512,2.25,1.13
2013.10.16 14:59:40.253,1.57503,1.5751,1.58,1.13
2013.10.16 14:59:40.372,1.57502,1.57509,3.00,1.13
2013.10.16 14:59:40.492,1.57502,1.57512,2.25,1.88
2013.10.16 14:59:40.794,1.57497,1.57504,2.59,1.50
2013.10.16 14:59:41.103,1.57481,1.57491,2.25,1.65
2013.10.16 14:59:41.163,1.57481,1.57491,2.25,2.40
2013.10.16 14:59:41.223,1.57481,1.57489,2.25,1.58
2013.10.16 14:59:41.343,1.57481,1.57488,1.50,1.13
2013.10.16 14:59:41.822,1.57479,1.57491,1.65,2.25
2013.10.16 14:59:41.942,1.57481,1.57492,3.45,1.88
2013.10.16 14:59:42.122,1.57482,1.57492,1.58,1.88
2013.10.16 14:59:42.482,1.57485,1.57495,1.50,2.03
2013.10.16 14:59:42.841,1.57485,1.57494,2.25,1.13
2013.10.16 14:59:43.143,1.57488,1.575,1.54,1.50
2013.10.16 14:59:43.264,1.57489,1.57501,3.64,1.50
2013.10.16 14:59:43.322,1.57489,1.575,5.14,1.50
2013.10.16 14:59:43.444,1.57498,1.57503,1.50,1.50
2013.10.16 14:59:43.753,1.57496,1.5751,1.65,1.20
2013.10.16 14:59:43.933,1.575,1.57506,1.58,1.13
2013.10.16 14:59:44.053,1.575,1.57506,2.25,1.13
2013.10.16 14:59:44.605,1.57504,1.57512,1.50,1.13
2013.10.16 14:59:44.792,1.57496,1.57505,3.38,1.88
2013.10.16 14:59:44.911,1.57494,1.57504,1.28,1.32
2013.10.16 14:59:44.973,1.57493,1.57502,1.13,1.20
2013.10.16 14:59:45.151,1.57485,1.57492,1.50,1.13
2013.10.16 14:59:45.271,1.57476,1.57482,2.63,1.13
2013.10.16 14:59:45.332,1.57471,1.57477,1.28,1.13
2013.10.16 14:59:45.392,1.57471,1.57479,1.20,1.13
2013.10.16 14:59:45.452,1.57472,1.57483,1.13,1.28
2013.10.16 14:59:45.513,1.57474,1.57485,2.25,1.95
2013.10.16 14:59:45.583,1.57476,1.57485,1.13,1.28
2013.10.16 14:59:45.641,1.57476,1.57488,1.13,1.95
2013.10.16 14:59:45.703,1.57477,1.57488,1.50,1.88
2013.10.16 14:59:45.882,1.57478,1.57489,1.09,1.50
2013.10.16 14:59:45.942,1.57482,1.5749,1.58,2.25
2013.10.16 14:59:46.244,1.57483,1.5749,2.25,1.50
2013.10.16 14:59:46.438,1.57484,1.57497,3.34,1.02
2013.10.16 14:59:46.505,1.5749,1.57498,1.50,2.07
2013.10.16 14:59:46.573,1.57491,1.57498,1.50,1.13
2013.10.16 14:59:46.633,1.57491,1.57498,1.50,1.50
2013.10.16 14:59:46.992,1.57483,1.57492,1.95,1.13
2013.10.16 14:59:47.697,1.57492,1.57502,1.95,1.50
2013.10.16 14:59:47.952,1.57491,1.57502,1.77,1.13
2013.10.16 14:59:48.314,1.57495,1.57504,1.69,1.13
2013.10.16 14:59:48.674,1.57497,1.57502,1.05,1.13
2013.10.16 14:59:48.791,1.57497,1.57503,1.13,1.13
2013.10.16 14:59:49.152,1.57499,1.5751,1.58,1.32
2013.10.16 14:59:49.332,1.57499,1.5751,1.58,1.32
2013.10.16 14:59:49.571,1.575,1.57511,1.95,1.13
2013.10.16 14:59:49.692,1.57502,1.57512,1.20,1.13
2013.10.16 14:59:50.475,1.57502,1.57511,1.20,1.13
2013.10.16 14:59:50.604,1.575,1.57507,2.03,2.25
2013.10.16 14:59:50.732,1.57498,1.57505,1.50,1.47
2013.10.16 14:59:50.851,1.57487,1.57503,1.58,1.54
2013.10.16 14:59:50.912,1.57486,1.575,1.20,1.28
2013.10.16 14:59:51.033,1.57485,1.575,1.88,2.70
2013.10.16 14:59:51.392,1.57486,1.57496,1.50,1.13
2013.10.16 14:59:51.812,1.57486,1.57498,1.58,1.20
2013.10.16 14:59:51.993,1.57486,1.57498,1.58,1.20
2013.10.16 14:59:52.351,1.57484,1.57493,1.58,1.13
2013.10.16 14:59:52.652,1.5749,1.57498,1.58,1.13
2013.10.16 14:59:53.202,1.57488,1.57495,1.65,1.50
2013.10.16 14:59:53.503,1.57484,1.57494,2.25,1.88
2013.10.16 14:59:53.805,1.57482,1.57489,1.58,1.13
2013.10.16 14:59:54.055,1.57482,1.57491,1.58,1.13
2013.10.16 14:59:54.304,1.57482,1.57491,1.58,1.13
2013.10.16 14:59:54.822,1.57484,1.57494,1.20,1.13
2013.10.16 14:59:55.363,1.57486,1.57493,1.50,1.13
2013.10.16 14:59:56.279,1.57484,1.57493,1.20,1.50
2013.10.16 14:59:56.473,1.57484,1.57495,1.58,1.13
2013.10.16 14:59:56.653,1.57484,1.57496,1.65,1.50
2013.10.16 14:59:56.713,1.57484,1.57496,1.65,1.50
2013.10.16 14:59:56.953,1.57486,1.57496,1.28,1.50
2013.10.16 14:59:57.492,1.57489,1.57497,1.65,1.13
2013.10.16 14:59:57.552,1.57489,1.57498,1.65,1.13
2013.10.16 14:59:58.152,1.57491,1.57499,1.58,1.13
2013.10.16 14:59:58.213,1.57493,1.57501,1.50,1.50
2013.10.16 14:59:58.643,1.57489,1.57499,1.24,2.59
2013.10.16 14:59:58.882,1.5749,1.57501,1.58,1.58
2013.10.16 14:59:58.942,1.57495,1.57502,1.50,2.18
2013.10.16 14:59:59.061,1.57495,1.57502,1.13,2.18
2013.10.16 14:59:59.183,1.57495,1.57502,1.50,1.05
2013.10.16 14:59:59.302,1.57494,1.57505,1.58,1.13
2013.10.16 14:59:59.362,1.57496,1.57505,1.50,1.50
2013.10.16 14:59:59.545,1.57492,1.57501,1.58,1.50
2013.10.16 14:59:59.612,1.57489,1.57498,1.69,1.13
2013.10.16 14:59:59.673,1.57488,1.57497,1.58,1.13
2013.10.16 14:59:59.913,1.57489,1.57501,1.95,1.13
2013.10.16 14:59:59.972,1.57489,1.57501,1.95,1.88
