2007.09.17 23:00:01.327,2.2934,2.2939,1.60,6.90
2007.09.17 23:00:01.357,2.2934,2.2939,0.80,6.90
2007.09.17 23:00:01.436,2.29325,2.2939,0.80,6.90
2007.09.17 23:00:01.576,2.29325,2.2939,0.80,10.90
2007.09.17 23:00:02.231,2.2932,2.2939,2.40,10.90
2007.09.17 23:00:03.598,2.2932,2.2939,4.80,8.00
2007.09.17 23:00:03.610,2.2933,2.2939,0.80,8.00
2007.09.17 23:00:03.614,2.2933,2.2939,0.80,4.00
2007.09.17 23:00:03.633,2.2932,2.2939,16.00,4.00
2007.09.17 23:00:03.838,2.2932,2.294,16.80,1.30
2007.09.17 23:00:04.558,2.2932,2.294,16.80,0.80
2007.09.17 23:00:06.326,2.2932,2.294,16.80,0.80
2007.09.17 23:00:06.386,2.29335,2.294,0.80,0.80
2007.09.17 23:00:09.796,2.2933,2.29405,2.40,2.40
2007.09.17 23:00:10.993,2.29335,2.29395,0.80,2.40
2007.09.17 23:00:21.554,2.2933,2.2939,2.40,2.40
2007.09.17 23:00:21.675,2.2933,2.2939,2.40,2.90
2007.09.17 23:00:21.708,2.29335,2.2939,0.80,5.30
2007.09.17 23:00:21.755,2.29335,2.2939,0.80,6.10
2007.09.17 23:00:21.992,2.29335,2.2939,0.80,10.10
2007.09.17 23:00:22.071,2.2933,2.2939,2.40,14.10
2007.09.17 23:00:22.170,2.29335,2.2939,0.80,13.60
2007.09.17 23:00:22.205,2.2933,2.2939,2.40,11.20
2007.09.17 23:00:22.231,2.2933,2.2939,2.40,8.80
2007.09.17 23:00:22.281,2.29335,2.2939,1.60,8.80
2007.09.17 23:00:22.299,2.29335,2.2939,2.40,8.80
2007.09.17 23:00:22.395,2.29335,2.2939,2.40,4.00
2007.09.17 23:00:22.485,2.2933,2.2939,3.20,4.00
2007.09.17 23:00:22.593,2.2934,2.294,1.60,3.70
2007.09.17 23:00:23.010,2.2934,2.294,0.60,3.20
2007.09.17 23:00:26.046,2.2933,2.29395,3.20,2.40
2007.09.17 23:00:26.080,2.293,2.29395,20.10,2.40
2007.09.17 23:00:27.562,2.2934,2.294,1.30,3.20
2007.09.17 23:00:27.714,2.29315,2.2939,4.80,2.40
2007.09.17 23:00:27.834,2.2934,2.2938,2.40,2.40
2007.09.17 23:00:27.884,2.2934,2.2938,2.40,3.20
2007.09.17 23:00:27.983,2.2934,2.2938,2.40,7.20
2007.09.17 23:00:28.280,2.2934,2.2939,3.20,19.70
2007.09.17 23:00:28.294,2.2934,2.2939,2.40,14.40
2007.09.17 23:00:28.353,2.2934,2.2939,2.40,13.60
2007.09.17 23:00:28.407,2.2934,2.294,2.40,21.60
2007.09.17 23:00:28.667,2.29345,2.2939,0.80,0.90
2007.09.17 23:00:28.835,2.2934,2.294,2.40,3.20
2007.09.17 23:00:28.863,2.2934,2.294,2.40,3.20
2007.09.17 23:00:29.369,2.2934,2.2941,2.40,17.60
2007.09.17 23:00:30.611,2.2934,2.294,2.40,3.20
2007.09.17 23:00:33.273,2.29345,2.2939,0.80,0.90
2007.09.17 23:00:33.312,2.29345,2.2939,0.80,0.70
2007.09.17 23:00:33.439,2.29345,2.29385,0.80,0.70
2007.09.17 23:00:33.936,2.29345,2.2939,0.80,0.70
2007.09.17 23:00:34.317,2.29345,2.2939,0.80,0.50
2007.09.17 23:00:34.349,2.29345,2.2941,0.80,27.10
2007.09.17 23:00:37.112,2.29345,2.294,0.80,0.90
2007.09.17 23:00:37.119,2.29345,2.294,0.80,0.90
2007.09.17 23:00:37.250,2.29345,2.294,0.80,13.60
2007.09.17 23:00:39.030,2.2934,2.294,0.80,13.60
2007.09.17 23:00:39.047,2.2933,2.294,1.60,13.60
2007.09.17 23:00:39.194,2.2933,2.2939,1.60,0.80
2007.09.17 23:00:39.249,2.2933,2.29395,1.60,5.60
2007.09.17 23:00:39.302,2.2933,2.29395,1.60,9.60
2007.09.17 23:00:39.314,2.2933,2.29385,1.60,0.90
2007.09.17 23:00:48.686,2.2933,2.294,1.60,25.50
2007.09.17 23:00:49.117,2.2933,2.294,1.60,25.50
2007.09.17 23:00:49.676,2.2933,2.294,1.60,27.30
2007.09.17 23:00:50.098,2.2933,2.2939,1.60,17.60
2007.09.17 23:00:50.238,2.2933,2.2939,1.60,17.60
2007.09.17 23:00:50.390,2.2933,2.2938,1.60,0.70
2007.09.17 23:00:50.933,2.2933,2.2938,1.60,0.60
2007.09.17 23:00:50.983,2.2933,2.2939,1.60,0.80
2007.09.17 23:00:55.679,2.2933,2.2939,2.40,0.90
2007.09.17 23:00:56.721,2.2933,2.294,2.40,27.30
2007.09.17 23:00:56.842,2.2933,2.2939,2.40,18.40
2007.09.17 23:00:56.875,2.2933,2.2938,2.40,0.70
2007.09.17 23:00:56.935,2.2933,2.2938,2.40,0.60
2007.09.17 23:00:57.870,2.2933,2.2938,2.40,2.40
2007.09.17 23:00:57.911,2.2933,2.2939,2.40,13.60
2007.09.17 23:01:00.228,2.2933,2.2939,2.40,18.40
2007.09.17 23:01:00.419,2.2933,2.2938,2.40,2.40
2007.09.17 23:01:00.443,2.2933,2.2938,2.40,7.20
2007.09.17 23:01:01.164,2.2933,2.2938,2.40,6.40
2007.09.17 23:01:01.192,2.2933,2.2938,2.40,4.00
2007.09.17 23:01:01.543,2.2933,2.2939,2.40,9.60
2007.09.17 23:01:06.249,2.2933,2.2939,2.40,13.60
2007.09.17 23:01:06.286,2.2933,2.2938,2.40,2.40
2007.09.17 23:01:06.450,2.2933,2.2938,2.40,7.20
2007.09.17 23:01:07.303,2.2933,2.2938,2.40,4.80
2007.09.17 23:01:07.398,2.2933,2.2939,1.60,13.60
2007.09.17 23:01:07.492,2.2933,2.2939,0.80,13.60
2007.09.17 23:01:07.574,2.29315,2.2939,0.80,13.60
2007.09.17 23:01:07.827,2.29315,2.2938,0.80,0.80
2007.09.17 23:01:08.087,2.29315,2.2938,0.80,3.20
2007.09.17 23:01:09.075,2.29315,2.2938,0.80,0.80
2007.09.17 23:01:09.172,2.29315,2.2939,0.80,13.60
2007.09.17 23:01:09.367,2.29315,2.2939,0.80,9.60
2007.09.17 23:01:10.800,2.29315,2.2939,0.80,13.60
2007.09.17 23:01:10.873,2.29315,2.2939,0.80,14.40
2007.09.17 23:01:10.895,2.29315,2.2939,0.80,15.20
2007.09.17 23:01:11.109,2.29315,2.2938,0.80,2.40
2007.09.17 23:01:11.220,2.29315,2.2938,0.80,3.20
2007.09.17 23:01:11.437,2.29315,2.2938,0.80,7.20
2007.09.17 23:01:12.888,2.29315,2.2938,0.80,2.40
2007.09.17 23:01:12.927,2.29315,2.2939,0.80,13.60
2007.09.17 23:01:31.344,2.29315,2.2939,0.80,17.60
2007.09.17 23:01:31.754,2.29315,2.2939,0.80,18.40
2007.09.17 23:01:31.961,2.29315,2.2938,0.80,4.80
2007.09.17 23:01:31.987,2.29315,2.2938,0.80,7.20
2007.09.17 23:01:32.243,2.29315,2.2937,0.80,2.40
2007.09.17 23:01:32.255,2.29315,2.2937,0.80,4.80
2007.09.17 23:01:32.299,2.29315,2.2937,0.80,9.60
2007.09.17 23:01:32.380,2.29315,2.2937,0.80,13.60
2007.09.17 23:01:35.802,2.29315,2.2937,0.80,11.20
2007.09.17 23:01:35.850,2.29315,2.2937,0.80,8.80
2007.09.17 23:01:35.894,2.29315,2.2938,0.80,11.10
2007.09.17 23:01:35.944,2.29315,2.2938,0.80,7.20
2007.09.17 23:01:42.152,2.29315,2.2938,0.80,4.80
2007.09.17 23:01:42.233,2.29315,2.2938,0.80,4.00
2007.09.17 23:01:42.441,2.29315,2.2939,0.80,13.60
2007.09.17 23:01:51.160,2.29315,2.2938,0.80,0.80
2007.09.17 23:01:51.346,2.29315,2.2938,0.80,3.20
2007.09.17 23:01:51.469,2.29315,2.2938,0.80,7.20
2007.09.17 23:01:51.811,2.29315,2.2938,0.80,4.80
2007.09.17 23:01:51.891,2.29315,2.2939,0.80,9.60
2007.09.17 23:01:54.091,2.2932,2.2939,1.60,7.20
2007.09.17 23:01:54.146,2.2932,2.2939,2.40,7.20
2007.09.17 23:01:54.254,2.2933,2.2939,0.50,6.40
2007.09.17 23:01:54.335,2.2933,2.2939,0.50,4.00
2007.09.17 23:01:54.767,2.2933,2.294,0.50,7.20
2007.09.17 23:01:54.971,2.2933,2.294,1.30,7.20
2007.09.17 23:01:55.101,2.29335,2.294,0.80,7.20
2007.09.17 23:02:06.029,2.29335,2.294,0.80,6.80
2007.09.17 23:02:07.649,2.29335,2.294,0.80,0.70
2007.09.17 23:02:08.989,2.29335,2.2941,0.80,22.00
2007.09.17 23:02:13.744,2.2935,2.294,0.80,0.60
2007.09.17 23:02:13.860,2.29355,2.2941,0.80,14.80
2007.09.17 23:02:13.954,2.29355,2.2943,0.80,0.50
2007.09.17 23:02:14.108,2.29355,2.2944,0.80,21.10
2007.09.17 23:02:15.904,2.29355,2.2943,0.80,9.20
2007.09.17 23:02:16.098,2.2935,2.2943,6.10,9.20
2007.09.17 23:02:16.143,2.2936,2.2943,0.80,9.20
2007.09.17 23:02:16.198,2.2936,2.2943,1.60,9.20
2007.09.17 23:02:16.409,2.2936,2.2943,2.40,0.80
2007.09.17 23:02:26.546,2.2936,2.2943,2.40,9.20
2007.09.17 23:02:26.599,2.2936,2.2942,2.40,0.80
2007.09.17 23:02:27.119,2.2936,2.2943,3.20,9.20
2007.09.17 23:02:27.340,2.2936,2.2943,5.60,9.20
2007.09.17 23:02:27.542,2.2936,2.2942,3.20,0.50
2007.09.17 23:02:27.551,2.2936,2.2943,2.40,9.20
2007.09.17 23:02:32.734,2.2936,2.2943,5.30,10.00
2007.09.17 23:02:32.836,2.2936,2.2942,10.10,0.80
2007.09.17 23:02:32.909,2.2937,2.2943,0.80,0.50
2007.09.17 23:02:32.924,2.2937,2.2943,1.60,0.70
2007.09.17 23:02:33.141,2.2937,2.2944,2.40,17.90
2007.09.17 23:02:33.245,2.2937,2.2944,2.40,10.00
2007.09.17 23:02:33.341,2.2937,2.2944,2.90,10.00
2007.09.17 23:02:37.768,2.2937,2.2944,2.90,16.30
2007.09.17 23:02:37.797,2.2937,2.2944,2.40,24.30
2007.09.17 23:02:37.875,2.2937,2.2944,1.60,24.30
2007.09.17 23:02:37.916,2.2937,2.2943,0.80,0.70
2007.09.17 23:02:37.993,2.2936,2.2943,4.00,16.80
2007.09.17 23:02:38.003,2.2936,2.2943,4.80,16.80
2007.09.17 23:02:38.230,2.2936,2.2943,2.40,16.80
2007.09.17 23:02:38.278,2.2936,2.2943,3.20,16.80
2007.09.17 23:02:38.322,2.2936,2.2943,2.40,16.80
2007.09.17 23:02:48.813,2.2937,2.2942,0.80,3.20
2007.09.17 23:02:48.903,2.2937,2.2942,1.60,3.20
2007.09.17 23:02:48.986,2.2937,2.2942,2.40,3.20
2007.09.17 23:02:49.428,2.2937,2.2942,2.40,0.80
2007.09.17 23:02:49.507,2.2937,2.29425,2.40,2.40
2007.09.17 23:02:50.465,2.2937,2.2942,2.40,2.40
2007.09.17 23:02:50.550,2.2937,2.2942,2.40,3.20
2007.09.17 23:03:02.163,2.2937,2.2942,1.60,3.20
2007.09.17 23:03:02.173,2.2937,2.2942,0.80,3.20
2007.09.17 23:03:02.199,2.29355,2.2942,3.20,3.20
2007.09.17 23:03:02.435,2.29355,2.2942,2.40,3.20
2007.09.17 23:03:02.678,2.29355,2.2942,2.40,6.40
2007.09.17 23:03:02.690,2.29355,2.29415,2.40,2.40
2007.09.17 23:03:06.751,2.29355,2.2942,2.40,6.40
2007.09.17 23:03:06.932,2.29355,2.2942,2.40,3.20
2007.09.17 23:03:07.033,2.29355,2.2942,3.20,3.20
2007.09.17 23:03:09.179,2.2936,2.2942,0.80,3.20
2007.09.17 23:03:09.212,2.2936,2.2942,1.60,3.20
2007.09.17 23:03:09.298,2.2936,2.2942,2.40,3.20
2007.09.17 23:03:12.820,2.29365,2.2942,0.80,3.20
2007.09.17 23:03:16.593,2.29365,2.2942,0.80,0.50
2007.09.17 23:03:35.383,2.2937,2.2943,0.80,16.80
2007.09.17 23:03:35.456,2.2937,2.2943,1.60,16.80
2007.09.17 23:03:35.546,2.2937,2.2942,2.40,0.60
2007.09.17 23:03:35.652,2.2938,2.2942,0.80,0.90
2007.09.17 23:03:35.692,2.2938,2.2943,1.60,16.80
2007.09.17 23:03:35.717,2.29385,2.2943,0.80,16.80
2007.09.17 23:03:35.865,2.2939,2.2943,0.80,16.80
2007.09.17 23:03:35.978,2.29395,2.29425,0.80,3.20
2007.09.17 23:03:36.073,2.29395,2.2943,0.80,11.20
2007.09.17 23:03:36.257,2.29395,2.29435,0.80,11.20
2007.09.17 23:03:37.485,2.29395,2.2943,0.80,0.90
2007.09.17 23:03:37.523,2.29395,2.2944,0.80,10.40
2007.09.17 23:03:37.574,2.29395,2.2944,0.80,13.60
2007.09.17 23:03:37.587,2.29395,2.2944,0.80,13.60
2007.09.17 23:03:38.043,2.29395,2.29435,0.80,0.70
2007.09.17 23:03:38.584,2.29395,2.29435,0.80,0.80
2007.09.17 23:03:39.505,2.294,2.2944,0.80,6.40
2007.09.17 23:03:39.625,2.2937,2.2944,3.20,6.40
2007.09.17 23:03:41.073,2.294,2.2945,2.40,20.00
2007.09.17 23:03:41.102,2.294,2.2945,2.40,20.00
2007.09.17 23:03:42.702,2.294,2.2944,2.40,0.90
2007.09.17 23:03:45.691,2.294,2.2944,2.40,2.80
2007.09.17 23:03:46.218,2.2941,2.2944,0.80,0.60
2007.09.17 23:03:46.226,2.2941,2.2945,2.40,13.20
2007.09.17 23:03:46.313,2.2941,2.2945,2.40,6.80
2007.09.17 23:03:46.851,2.2941,2.2945,2.40,2.80
2007.09.17 23:03:48.728,2.2941,2.2945,2.40,3.00
2007.09.17 23:03:49.250,2.2942,2.2946,0.80,7.00
2007.09.17 23:03:49.288,2.2942,2.2946,1.60,7.00
2007.09.17 23:03:49.355,2.2942,2.2946,2.40,7.00
2007.09.17 23:03:49.453,2.2942,2.2946,2.40,3.00
2007.09.17 23:03:49.822,2.29425,2.2946,0.80,0.60
2007.09.17 23:03:50.062,2.29425,2.2947,0.80,3.00
2007.09.17 23:03:50.076,2.29425,2.2947,0.80,0.60
2007.09.17 23:03:50.160,2.29425,2.2948,0.80,3.00
2007.09.17 23:03:50.579,2.29425,2.29475,0.80,2.40
2007.09.17 23:03:51.110,2.29425,2.2948,0.80,3.00
2007.09.17 23:03:51.608,2.29425,2.29475,0.80,2.40
2007.09.17 23:03:52.859,2.2943,2.29475,0.80,2.40
2007.09.17 23:03:52.882,2.2943,2.29475,1.60,2.40
2007.09.17 23:03:52.902,2.2943,2.2948,2.40,3.20
2007.09.17 23:03:57.098,2.2943,2.2948,1.60,3.20
2007.09.17 23:03:57.214,2.29435,2.2948,0.80,3.20
2007.09.17 23:03:57.423,2.29435,2.2948,0.80,2.40
2007.09.17 23:03:57.486,2.29435,2.2949,0.80,7.20
2007.09.17 23:03:57.713,2.29435,2.2949,0.80,9.60
2007.09.17 23:03:57.972,2.29435,2.29485,0.80,2.40
2007.09.17 23:03:58.446,2.29435,2.2948,0.80,2.40
2007.09.17 23:03:58.763,2.29435,2.2948,0.80,3.20
2007.09.17 23:04:04.562,2.29435,2.2948,0.80,0.80
2007.09.17 23:04:04.679,2.29435,2.29485,0.80,2.40
2007.09.17 23:04:05.760,2.2943,2.29485,2.40,2.40
2007.09.17 23:04:09.649,2.29435,2.2948,0.80,3.20
2007.09.17 23:04:11.214,2.29435,2.2947,0.80,3.20
2007.09.17 23:04:11.449,2.2943,2.2947,0.80,3.20
2007.09.17 23:04:11.661,2.2942,2.2947,1.60,5.60
2007.09.17 23:04:11.803,2.2942,2.2947,0.80,9.60
2007.09.17 23:04:11.834,2.2942,2.2947,0.80,13.60
2007.09.17 23:04:11.978,2.2941,2.29465,0.80,2.40
2007.09.17 23:04:12.357,2.2941,2.2946,0.80,0.80
2007.09.17 23:04:12.691,2.2941,2.2946,0.80,3.20
2007.09.17 23:04:13.482,2.2941,2.29455,0.80,2.40
2007.09.17 23:04:13.510,2.294,2.29455,0.80,2.40
2007.09.17 23:04:13.601,2.2939,2.29455,8.00,2.40
2007.09.17 23:04:13.711,2.2939,2.29455,8.80,2.40
2007.09.17 23:04:13.770,2.2939,2.29455,9.60,2.40
2007.09.17 23:04:13.817,2.2939,2.29455,5.60,2.40
2007.09.17 23:04:17.018,2.2939,2.29455,4.80,2.40
2007.09.17 23:04:17.037,2.29395,2.2946,3.20,3.20
2007.09.17 23:04:39.598,2.294,2.2946,4.50,3.20
2007.09.17 23:04:39.726,2.29405,2.2946,2.40,0.80
2007.09.17 23:04:39.808,2.29405,2.29465,2.40,2.40
2007.09.17 23:04:45.818,2.294,2.29465,7.70,2.40
2007.09.17 23:04:46.336,2.29405,2.29465,2.40,2.40
2007.09.17 23:04:46.851,2.294,2.29465,6.40,2.40
2007.09.17 23:04:46.863,2.294,2.29465,3.20,2.40
2007.09.17 23:04:47.690,2.294,2.29465,4.00,2.40
2007.09.17 23:04:47.748,2.294,2.29465,4.80,2.40
2007.09.17 23:04:47.829,2.294,2.29465,5.60,2.40
2007.09.17 23:04:50.424,2.2939,2.29465,9.60,2.40
2007.09.17 23:05:55.812,2.29405,2.29465,3.20,2.40
2007.09.17 23:06:07.989,2.2941,2.29465,0.80,2.40
2007.09.17 23:06:08.037,2.2941,2.29465,1.60,2.40
2007.09.17 23:06:08.204,2.2941,2.29465,2.40,2.40
2007.09.17 23:07:50.092,2.2941,2.29465,1.60,2.40
2007.09.17 23:07:50.131,2.2941,2.29465,0.80,2.40
2007.09.17 23:07:50.151,2.29405,2.29465,2.40,3.20
2007.09.17 23:08:00.800,2.29383,2.29423,1.20,2.00
2007.09.17 23:08:04.129,2.29387,2.29427,2.40,5.60
2007.09.17 23:08:14.688,2.29386,2.29431,3.60,2.40
2007.09.17 23:08:26.403,2.29402,2.29422,1.20,2.00
2007.09.17 23:08:35.424,2.29397,2.29437,2.00,2.00
2007.09.17 23:08:35.948,2.29405,2.29445,1.20,2.00
2007.09.17 23:08:41.980,2.29407,2.29457,0.80,2.00
2007.09.17 23:08:42.040,2.29414,2.29464,1.20,2.00
2007.09.17 23:08:42.235,2.29415,2.29465,4.80,2.00
2007.09.17 23:08:42.249,2.29412,2.29452,0.80,0.80
2007.09.17 23:08:42.335,2.29404,2.29444,2.00,2.00
2007.09.17 23:08:42.858,2.29395,2.29435,2.00,2.40
2007.09.17 23:08:43.067,2.2939,2.2943,6.80,5.60
2007.09.17 23:08:43.152,2.29386,2.29426,4.40,2.00
2007.09.17 23:08:43.201,2.29389,2.29419,2.40,1.20
2007.09.17 23:08:43.266,2.2938,2.2942,0.80,2.00
2007.09.17 23:08:43.294,2.2938,2.2942,2.00,2.40
2007.09.17 23:08:44.085,2.29379,2.29429,1.20,2.00
2007.09.17 23:08:44.641,2.29377,2.29437,7.60,2.40
2007.09.17 23:08:44.757,2.29381,2.29436,2.40,1.60
2007.09.17 23:08:44.798,2.29379,2.29434,6.80,5.60
2007.09.17 23:08:44.871,2.29374,2.29429,4.80,2.00
2007.09.17 23:08:49.981,2.29365,2.29425,6.80,0.80
2007.09.17 23:08:50.135,2.29361,2.29427,1.60,2.00
2007.09.17 23:08:50.235,2.29369,2.29434,4.80,1.20
2007.09.17 23:08:50.445,2.29379,2.29444,7.60,2.40
2007.09.17 23:08:50.496,2.29386,2.29446,6.80,0.80
2007.09.17 23:08:50.629,2.29385,2.2944,2.40,2.40
2007.09.17 23:08:50.759,2.29383,2.29433,1.20,2.00
2007.09.17 23:08:55.322,2.2938,2.2943,2.40,0.80
2007.09.17 23:08:55.427,2.29379,2.29429,2.40,5.60
2007.09.17 23:08:55.842,2.29385,2.29425,9.20,2.40
2007.09.17 23:08:55.895,2.29393,2.29433,4.40,2.40
2007.09.17 23:08:57.232,2.29404,2.29444,3.60,2.40
2007.09.17 23:08:58.246,2.29407,2.29457,2.00,2.00
2007.09.17 23:09:36.328,2.29405,2.29465,3.20,3.20
2007.09.17 23:09:37.843,2.2941,2.29465,0.80,3.20
2007.09.17 23:09:37.887,2.29415,2.29465,2.40,0.80
2007.09.17 23:09:38.108,2.29415,2.2947,3.20,0.80
2007.09.17 23:09:38.360,2.2942,2.2947,4.00,0.80
2007.09.17 23:09:57.183,2.2942,2.2947,10.30,0.80
2007.09.17 23:09:57.202,2.2942,2.2947,10.30,3.20
2007.09.17 23:09:57.223,2.2942,2.2947,16.30,4.00
2007.09.17 23:09:57.282,2.2942,2.2947,16.30,3.20
2007.09.17 23:09:57.329,2.2944,2.2947,4.00,3.20
2007.09.17 23:09:57.644,2.2944,2.295,4.00,1.60
2007.09.17 23:09:57.721,2.2944,2.29495,4.00,2.40
2007.09.17 23:09:57.893,2.2944,2.2949,4.00,0.80
2007.09.17 23:09:57.942,2.2944,2.2949,4.00,1.60
2007.09.17 23:09:57.967,2.2944,2.2949,4.00,2.40
2007.09.17 23:10:07.811,2.29435,2.2949,2.40,3.20
2007.09.17 23:10:07.938,2.29425,2.2949,2.40,5.60
2007.09.17 23:10:08.403,2.29425,2.29485,2.40,2.40
2007.09.17 23:10:15.182,2.29425,2.2948,2.40,0.80
2007.09.17 23:10:15.293,2.2942,2.29475,8.00,2.40
2007.09.17 23:10:15.374,2.2942,2.29475,4.00,2.40
2007.09.17 23:10:15.796,2.29415,2.29475,2.40,2.40
2007.09.17 23:10:15.843,2.2941,2.2947,4.80,2.40
2007.09.17 23:10:15.888,2.29405,2.2947,3.20,3.20
2007.09.17 23:10:16.340,2.29405,2.29465,3.20,2.40
2007.09.17 23:11:08.307,2.2941,2.29465,0.80,2.40
2007.09.17 23:11:08.346,2.2941,2.29465,1.60,2.40
2007.09.17 23:11:08.399,2.29415,2.29465,0.80,2.40
2007.09.17 23:12:42.587,2.2941,2.29465,0.80,2.40
2007.09.17 23:12:42.598,2.29405,2.29465,2.40,2.40
2007.09.17 23:12:42.805,2.29405,2.2946,2.40,1.60
2007.09.17 23:12:42.877,2.29405,2.2946,2.40,2.40
2007.09.17 23:12:43.123,2.294,2.29455,4.80,3.20
2007.09.17 23:12:43.136,2.294,2.29455,4.00,3.20
2007.09.17 23:12:43.363,2.2939,2.29455,11.20,3.20
2007.09.17 23:12:43.424,2.2939,2.29455,8.80,3.20
2007.09.17 23:12:43.453,2.2939,2.29455,4.00,3.20
2007.09.17 23:12:43.653,2.2939,2.29445,0.80,2.40
2007.09.17 23:12:43.774,2.29385,2.29445,2.40,2.40
2007.09.17 23:12:44.593,2.2938,2.29445,10.40,2.40
2007.09.17 23:12:45.075,2.29385,2.29445,3.20,2.40
2007.09.17 23:12:45.190,2.2939,2.29455,1.80,3.20
2007.09.17 23:12:45.722,2.2938,2.2944,12.80,4.00
2007.09.17 23:12:45.822,2.2938,2.2944,4.80,4.80
2007.09.17 23:12:45.889,2.2938,2.2944,4.80,5.60
2007.09.17 23:12:45.919,2.2938,2.2944,4.80,6.40
2007.09.17 23:12:45.946,2.2938,2.29435,0.50,0.80
2007.09.17 23:12:46.470,2.2937,2.29435,5.60,3.20
2007.09.17 23:12:46.495,2.2937,2.29435,1.70,3.20
2007.09.17 23:12:47.208,2.29365,2.2943,3.20,2.40
2007.09.17 23:12:47.315,2.2936,2.2943,6.40,3.20
2007.09.17 23:12:48.265,2.2935,2.29405,10.10,2.40
2007.09.17 23:12:48.423,2.2934,2.29405,12.00,2.40
2007.09.17 23:12:48.948,2.2934,2.294,12.50,0.80
2007.09.17 23:12:48.974,2.2934,2.294,12.50,1.60
2007.09.17 23:12:48.989,2.2934,2.29395,11.70,0.80
2007.09.17 23:12:49.067,2.2934,2.29395,3.90,0.80
2007.09.17 23:12:49.175,2.29335,2.29395,9.30,0.80
2007.09.17 23:12:49.278,2.29335,2.29395,6.90,3.20
2007.09.17 23:12:49.391,2.29335,2.29395,6.10,3.20
2007.09.17 23:12:49.586,2.29335,2.29395,5.30,3.20
2007.09.17 23:12:49.707,2.2934,2.29395,1.70,3.20
2007.09.17 23:12:49.835,2.2933,2.29395,4.00,3.20
2007.09.17 23:12:50.065,2.2933,2.29395,0.90,3.20
2007.09.17 23:12:50.230,2.2932,2.2939,15.70,4.00
2007.09.17 23:12:50.380,2.2932,2.2939,6.90,7.20
2007.09.17 23:12:50.564,2.2932,2.2939,6.90,3.20
2007.09.17 23:12:52.130,2.2933,2.2939,1.20,0.80
2007.09.17 23:12:52.151,2.2933,2.29395,0.60,3.20
2007.09.17 23:12:53.387,2.29325,2.2939,3.20,2.40
2007.09.17 23:12:53.416,2.29325,2.2939,1.10,3.20
2007.09.17 23:12:54.325,2.2933,2.2939,0.80,2.40
2007.09.17 23:12:54.395,2.2932,2.29395,9.30,3.20
2007.09.17 23:13:07.313,2.2932,2.29395,17.30,2.40
2007.09.17 23:13:08.949,2.2932,2.294,20.50,4.00
2007.09.17 23:13:19.543,2.2933,2.294,0.80,4.00
2007.09.17 23:13:19.622,2.29325,2.29385,2.40,0.50
2007.09.17 23:13:23.111,2.2932,2.2939,11.20,3.20
2007.09.17 23:13:23.194,2.2932,2.2938,10.40,3.20
2007.09.17 23:13:23.397,2.2932,2.2938,6.40,3.20
2007.09.17 23:13:26.736,2.2932,2.29375,4.00,0.60
2007.09.17 23:13:26.799,2.29315,2.2938,3.20,13.70
2007.09.17 23:13:26.916,2.29315,2.2937,3.20,0.90
2007.09.17 23:13:26.940,2.2931,2.29365,4.00,0.60
2007.09.17 23:13:27.003,2.293,2.29365,9.60,0.70
2007.09.17 23:13:27.351,2.293,2.29365,8.80,4.00
2007.09.17 23:13:27.444,2.293,2.2936,6.40,3.20
2007.09.17 23:13:28.687,2.293,2.2936,4.00,3.20
2007.09.17 23:13:28.703,2.29295,2.29355,2.40,0.80
2007.09.17 23:13:28.902,2.29295,2.2935,2.40,4.80
2007.09.17 23:13:29.041,2.2928,2.2934,6.40,3.20
2007.09.17 23:13:29.322,2.2928,2.2934,8.80,0.80
2007.09.17 23:13:29.347,2.2928,2.29345,13.60,0.70
2007.09.17 23:13:29.818,2.29285,2.2935,2.40,3.20
2007.09.17 23:13:30.751,2.293,2.2935,2.40,3.20
2007.09.17 23:13:30.853,2.293,2.2935,2.40,0.80
2007.09.17 23:13:30.915,2.293,2.2936,2.40,3.20
2007.09.17 23:13:32.993,2.293,2.2936,2.20,3.20
2007.09.17 23:13:33.208,2.29295,2.2936,2.40,3.20
2007.09.17 23:13:33.492,2.29285,2.2936,2.40,7.20
2007.09.17 23:13:33.899,2.29285,2.2935,2.40,3.20
2007.09.17 23:13:34.402,2.29285,2.29345,2.40,3.20
2007.09.17 23:13:34.415,2.2928,2.29335,6.20,0.90
2007.09.17 23:13:41.508,2.2928,2.29335,6.40,2.40
2007.09.17 23:13:42.232,2.2928,2.29335,4.00,2.40
2007.09.17 23:13:42.280,2.29275,2.29335,2.40,2.40
2007.09.17 23:13:42.301,2.2927,2.2933,0.80,2.40
2007.09.17 23:13:42.493,2.29265,2.2933,3.20,3.00
2007.09.17 23:13:42.807,2.2928,2.2933,2.40,0.60
2007.09.17 23:13:42.954,2.2928,2.29345,3.20,2.40
2007.09.17 23:13:43.900,2.29265,2.29345,4.00,2.40
2007.09.17 23:13:44.085,2.2928,2.29345,3.20,2.40
2007.09.17 23:13:44.876,2.29285,2.2934,1.20,0.60
2007.09.17 23:13:44.886,2.29275,2.29335,8.80,2.40
2007.09.17 23:13:45.239,2.29275,2.29335,6.40,2.40
2007.09.17 23:13:45.399,2.2928,2.2933,1.20,0.60
2007.09.17 23:13:45.454,2.2928,2.2933,1.90,3.00
2007.09.17 23:13:45.764,2.2926,2.2933,17.20,3.00
2007.09.17 23:13:45.853,2.29265,2.2932,1.60,0.60
2007.09.17 23:13:45.924,2.29255,2.29315,8.80,2.40
2007.09.17 23:13:46.943,2.29255,2.2932,8.80,3.10
2007.09.17 23:13:47.440,2.2926,2.29315,1.60,2.40
2007.09.17 23:13:49.657,2.29255,2.29315,6.40,2.40
2007.09.17 23:13:49.823,2.29245,2.2931,3.20,0.70
2007.09.17 23:13:49.991,2.2924,2.2931,12.00,3.10
2007.09.17 23:13:50.242,2.2924,2.29305,12.00,2.40
2007.09.17 23:13:50.891,2.2924,2.293,11.20,0.70
2007.09.17 23:13:51.057,2.29245,2.29295,0.80,2.40
2007.09.17 23:13:51.933,2.29235,2.29295,8.80,2.40
2007.09.17 23:13:52.218,2.29235,2.29295,6.40,2.40
2007.09.17 23:13:52.289,2.29235,2.29295,0.80,2.40
2007.09.17 23:13:52.377,2.29235,2.2929,0.50,0.70
2007.09.17 23:13:52.423,2.29225,2.2929,1.20,3.10
2007.09.17 23:13:52.699,2.29225,2.2929,2.90,3.10
2007.09.17 23:13:52.717,2.2923,2.2929,2.90,3.10
2007.09.17 23:13:52.789,2.2924,2.2929,6.40,3.10
2007.09.17 23:13:52.888,2.2924,2.29285,10.30,2.40
2007.09.17 23:13:53.149,2.29245,2.29305,6.40,2.40
2007.09.17 23:13:53.930,2.2926,2.2932,1.80,9.50
2007.09.17 23:13:53.984,2.29255,2.2931,6.40,0.80
2007.09.17 23:13:54.153,2.29255,2.2931,6.40,1.60
2007.09.17 23:13:54.218,2.2926,2.2931,1.50,2.40
2007.09.17 23:13:54.302,2.29255,2.2931,1.50,2.40
2007.09.17 23:13:54.485,2.2925,2.29295,0.80,2.40
2007.09.17 23:13:54.746,2.2924,2.29305,12.80,2.40
2007.09.17 23:13:54.949,2.2924,2.29305,12.80,3.20
2007.09.17 23:13:55.083,2.2923,2.29305,10.10,3.20
2007.09.17 23:13:55.267,2.29235,2.29295,9.60,2.40
2007.09.17 23:13:55.406,2.2924,2.29295,3.20,2.40
2007.09.17 23:13:55.707,2.29235,2.29295,6.40,2.40
2007.09.17 23:13:55.836,2.2922,2.2929,13.60,0.80
2007.09.17 23:13:56.018,2.2922,2.2929,9.60,3.20
2007.09.17 23:13:56.383,2.2922,2.2928,8.80,0.80
2007.09.17 23:13:56.502,2.29215,2.2928,8.80,3.20
2007.09.17 23:13:56.687,2.2922,2.2928,2.40,3.20
2007.09.17 23:13:56.780,2.2922,2.2928,9.30,0.80
2007.09.17 23:13:56.912,2.2924,2.29285,0.80,2.40
2007.09.17 23:13:57.058,2.29225,2.29285,4.00,2.40
2007.09.17 23:13:57.131,2.29225,2.29285,4.80,2.40
2007.09.17 23:13:57.236,2.29225,2.29285,11.30,2.40
2007.09.17 23:13:57.258,2.2924,2.29285,11.30,2.40
2007.09.17 23:13:57.314,2.2926,2.2929,0.60,0.80
2007.09.17 23:13:57.447,2.2926,2.29315,1.20,2.40
2007.09.17 23:13:57.660,2.2925,2.29315,7.70,2.40
2007.09.17 23:13:57.818,2.29245,2.2931,7.20,2.40
2007.09.17 23:13:57.863,2.2925,2.2931,0.80,2.40
2007.09.17 23:13:58.313,2.2924,2.2931,20.10,3.20
2007.09.17 23:13:58.324,2.29245,2.29305,0.60,2.40
2007.09.17 23:13:58.501,2.29245,2.29305,2.90,2.40
2007.09.17 23:13:58.787,2.2925,2.29305,2.90,2.40
2007.09.17 23:13:58.838,2.2926,2.29305,1.80,2.40
2007.09.17 23:13:58.845,2.29255,2.29315,8.80,2.40
2007.09.17 23:14:00.720,2.29255,2.29315,6.40,2.40
2007.09.17 23:14:00.744,2.29255,2.29315,1.60,2.40
2007.09.17 23:14:00.871,2.29245,2.2931,7.20,2.40
2007.09.17 23:14:00.920,2.29245,2.2931,6.40,3.20
2007.09.17 23:14:00.932,2.2924,2.2931,14.10,3.20
2007.09.17 23:14:01.381,2.29245,2.29305,0.90,2.40
2007.09.17 23:14:04.217,2.29255,2.2931,4.80,0.80
2007.09.17 23:14:04.259,2.2926,2.29315,3.50,2.40
2007.09.17 23:14:04.679,2.2926,2.2932,9.30,0.80
2007.09.17 23:14:04.701,2.29265,2.29325,1.60,2.40
2007.09.17 23:14:07.861,2.29265,2.2932,0.70,0.80
2007.09.17 23:14:07.976,2.2926,2.29315,1.30,2.40
2007.09.17 23:14:09.332,2.29255,2.29315,12.80,2.40
2007.09.17 23:14:09.661,2.2928,2.29315,1.00,2.40
2007.09.17 23:14:09.765,2.2928,2.2932,1.10,0.80
2007.09.17 23:14:09.858,2.2928,2.29335,1.40,2.40
2007.09.17 23:14:12.079,2.2928,2.2934,4.20,0.80
2007.09.17 23:14:12.090,2.2927,2.29345,13.60,2.40
2007.09.17 23:14:12.202,2.2928,2.29345,2.50,2.40
2007.09.17 23:14:12.590,2.29285,2.29345,2.40,2.40
2007.09.17 23:14:36.776,2.29295,2.2935,2.40,0.80
2007.09.17 23:14:37.265,2.29295,2.29355,2.40,3.20
2007.09.17 23:14:37.341,2.2929,2.29345,0.80,2.40
2007.09.17 23:14:37.349,2.29285,2.29345,2.40,2.40
2007.09.17 23:14:37.828,2.29295,2.2935,2.40,0.80
2007.09.17 23:14:37.882,2.29295,2.29355,2.40,3.20
2007.09.17 23:14:38.326,2.2929,2.2935,0.80,2.40
2007.09.17 23:14:38.359,2.29285,2.2935,2.40,3.20
2007.09.17 23:14:38.831,2.29295,2.2935,2.40,0.80
2007.09.17 23:14:38.881,2.29295,2.29355,2.40,3.20
2007.09.17 23:14:39.335,2.2929,2.29345,0.80,2.40
2007.09.17 23:14:39.401,2.29285,2.29345,2.40,2.40
2007.09.17 23:14:42.906,2.29285,2.2935,2.40,3.20
2007.09.17 23:14:43.431,2.29285,2.29345,2.40,2.40
2007.09.17 23:14:45.313,2.2929,2.29345,0.80,2.40
2007.09.17 23:14:45.426,2.2929,2.29345,4.80,2.40
2007.09.17 23:14:45.442,2.29295,2.29355,2.40,3.20
2007.09.17 23:14:45.732,2.293,2.29355,4.00,3.20
2007.09.17 23:14:54.933,2.293,2.29355,4.00,0.80
2007.09.17 23:14:55.784,2.293,2.29355,4.00,3.20
2007.09.17 23:15:35.819,2.29295,2.29355,2.40,3.20
2007.09.17 23:15:35.942,2.29295,2.2935,2.40,1.60
2007.09.17 23:15:35.992,2.29285,2.29345,2.40,0.80
2007.09.17 23:15:36.343,2.29285,2.2934,2.40,0.80
2007.09.17 23:15:36.422,2.2928,2.29335,4.00,2.40
2007.09.17 23:15:43.793,2.2929,2.29335,2.40,2.40
2007.09.17 23:15:43.827,2.293,2.29335,4.00,2.40
2007.09.17 23:15:44.086,2.293,2.29345,4.00,0.80
2007.09.17 23:15:44.329,2.293,2.29345,4.00,3.20
2007.09.17 23:15:44.355,2.2929,2.29345,4.00,3.20
2007.09.17 23:15:44.663,2.2928,2.29345,9.60,3.20
2007.09.17 23:16:02.803,2.2928,2.2934,4.80,0.80
2007.09.17 23:16:02.809,2.2928,2.2934,2.40,0.80
2007.09.17 23:16:02.887,2.29275,2.29335,0.80,2.40
2007.09.17 23:16:08.456,2.2927,2.29335,3.20,2.40
2007.09.17 23:16:08.709,2.2927,2.2933,3.20,0.80
2007.09.17 23:16:08.727,2.2927,2.29305,0.80,2.40
2007.09.17 23:16:08.842,2.2926,2.29305,4.00,2.40
2007.09.17 23:16:08.939,2.2924,2.29305,9.60,2.40
2007.09.17 23:16:09.839,2.2923,2.29305,22.30,2.40
2007.09.17 23:16:18.350,2.2923,2.29305,16.70,2.40
2007.09.17 23:16:18.800,2.2924,2.293,1.60,0.80
2007.09.17 23:16:18.810,2.2924,2.293,1.40,0.80
2007.09.17 23:16:18.923,2.2922,2.29295,21.60,2.40
2007.09.17 23:16:19.097,2.2922,2.29295,17.60,2.40
2007.09.17 23:16:27.043,2.29225,2.29285,3.20,2.40
2007.09.17 23:16:27.087,2.29225,2.29285,1.30,2.40
2007.09.17 23:16:33.144,2.2922,2.2928,5.90,2.40
2007.09.17 23:16:33.205,2.29215,2.2928,12.80,3.20
2007.09.17 23:16:48.686,2.2922,2.2928,8.00,3.20
2007.09.17 23:16:48.764,2.2922,2.2927,4.00,4.00
2007.09.17 23:16:48.963,2.29215,2.2927,2.40,4.00
2007.09.17 23:16:49.761,2.2922,2.2927,2.40,4.00
2007.09.17 23:16:49.910,2.2922,2.2928,7.20,2.40
2007.09.17 23:16:49.935,2.2922,2.29285,9.60,2.40
2007.09.17 23:16:50.318,2.2922,2.2928,8.80,0.80
2007.09.17 23:16:50.467,2.2922,2.29275,6.40,2.40
2007.09.17 23:16:52.213,2.2922,2.2928,6.40,3.20
2007.09.17 23:16:53.157,2.2922,2.2928,2.10,3.20
2007.09.17 23:16:58.090,2.2922,2.29275,1.10,2.40
2007.09.17 23:16:58.733,2.2922,2.29275,1.50,2.40
2007.09.17 23:16:58.936,2.292,2.2927,13.60,3.20
2007.09.17 23:16:59.471,2.29205,2.29265,1.30,2.40
2007.09.17 23:17:03.304,2.29195,2.2926,12.80,3.20
2007.09.17 23:17:05.318,2.2919,2.2926,17.60,0.80
2007.09.17 23:17:05.362,2.292,2.29265,4.20,2.40
2007.09.17 23:17:05.824,2.292,2.29265,13.60,2.40
2007.09.17 23:17:06.844,2.29205,2.2927,1.40,3.20
2007.09.17 23:17:07.352,2.292,2.29265,13.60,2.40
2007.09.17 23:17:08.706,2.2922,2.29265,1.20,2.40
2007.09.17 23:17:08.876,2.29215,2.2927,4.80,0.80
2007.09.17 23:17:08.905,2.29215,2.29275,4.80,2.40
2007.09.17 23:17:09.007,2.29215,2.29275,8.80,2.40
2007.09.17 23:17:11.159,2.29215,2.29275,6.40,2.40
2007.09.17 23:17:11.367,2.29215,2.2927,6.40,4.80
2007.09.17 23:17:11.425,2.29205,2.2927,6.40,7.20
2007.09.17 23:17:11.475,2.29205,2.2927,1.20,7.20
2007.09.17 23:17:11.930,2.292,2.29265,13.60,2.40
2007.09.17 23:17:15.239,2.292,2.2927,13.60,4.80
2007.09.17 23:17:15.325,2.2921,2.2927,3.20,4.00
2007.09.17 23:17:16.247,2.2921,2.2927,0.80,6.40
2007.09.17 23:17:16.271,2.292,2.2927,13.60,7.20
2007.09.17 23:17:16.763,2.29205,2.29265,1.60,2.40
2007.09.17 23:17:26.119,2.2921,2.29265,0.80,2.40
2007.09.17 23:17:26.219,2.2921,2.29275,3.20,2.40
2007.09.17 23:17:27.368,2.2921,2.2927,2.40,0.80
2007.09.17 23:17:27.462,2.292,2.29265,13.60,2.40
2007.09.17 23:17:27.688,2.2921,2.29265,4.00,2.40
2007.09.17 23:17:29.078,2.2921,2.2927,4.00,3.20
2007.09.17 23:17:29.529,2.2921,2.29265,4.00,2.40
2007.09.17 23:17:36.457,2.2921,2.2927,4.00,3.20
2007.09.17 23:17:36.797,2.2921,2.2927,4.80,2.40
2007.09.17 23:17:36.949,2.2921,2.29275,7.20,2.40
2007.09.17 23:17:37.936,2.2921,2.2927,6.40,0.80
2007.09.17 23:17:38.109,2.2921,2.29265,4.00,2.40
2007.09.17 23:17:38.518,2.2921,2.2927,4.00,3.20
2007.09.17 23:17:38.872,2.2922,2.2927,4.00,3.20
2007.09.17 23:17:39.792,2.2921,2.2927,8.00,3.20
2007.09.17 23:17:42.901,2.2921,2.2927,8.00,4.00
2007.09.17 23:17:42.942,2.2921,2.2927,8.00,4.80
2007.09.17 23:17:43.003,2.2921,2.2927,8.00,5.60
2007.09.17 23:17:43.318,2.2921,2.2927,4.00,5.60
2007.09.17 23:17:43.415,2.2921,2.29265,4.00,2.40
2007.09.17 23:17:44.989,2.2921,2.2927,4.00,5.60
2007.09.17 23:17:45.435,2.2921,2.29265,4.00,2.40
2007.09.17 23:17:47.513,2.2921,2.2927,4.00,5.60
2007.09.17 23:17:47.869,2.2921,2.2927,8.00,5.60
2007.09.17 23:17:50.982,2.2921,2.2927,8.00,4.80
2007.09.17 23:17:51.120,2.29215,2.2927,2.40,0.80
2007.09.17 23:17:51.198,2.29215,2.2928,2.40,7.20
2007.09.17 23:17:51.245,2.2922,2.2928,2.40,7.20
2007.09.17 23:17:51.421,2.2922,2.2928,6.40,7.20
2007.09.17 23:17:51.513,2.29215,2.2928,8.80,7.20
2007.09.17 23:17:51.707,2.29215,2.2928,8.80,3.20
2007.09.17 23:17:51.830,2.29215,2.2928,12.80,2.40
2007.09.17 23:17:51.875,2.29225,2.2929,0.50,3.20
2007.09.17 23:17:51.910,2.29225,2.2929,6.40,3.20
2007.09.17 23:17:53.698,2.2924,2.2929,0.80,3.20
2007.09.17 23:17:53.872,2.29235,2.2929,4.80,0.80
2007.09.17 23:17:53.995,2.2924,2.293,0.90,8.00
2007.09.17 23:17:54.305,2.29235,2.293,12.80,7.20
2007.09.17 23:17:54.391,2.29245,2.293,0.80,4.80
2007.09.17 23:17:54.415,2.29245,2.293,6.40,0.80
2007.09.17 23:17:56.165,2.2925,2.2931,1.10,4.00
2007.09.17 23:17:56.182,2.29245,2.2931,8.80,3.20
2007.09.17 23:17:56.290,2.2925,2.2931,2.30,3.20
2007.09.17 23:17:56.374,2.29245,2.2931,16.80,2.40
2007.09.17 23:17:56.421,2.2925,2.29315,16.80,2.40
2007.09.17 23:17:56.925,2.29255,2.2932,1.20,3.70
2007.09.17 23:17:57.316,2.29255,2.2932,0.80,7.70
2007.09.17 23:17:57.422,2.2925,2.29315,3.40,2.40
2007.09.17 23:17:57.438,2.2924,2.29315,10.40,2.40
2007.09.17 23:17:58.361,2.2924,2.29315,10.40,2.40
2007.09.17 23:18:00.253,2.2924,2.29305,3.50,2.40
2007.09.17 23:18:00.752,2.2924,2.29305,1.80,2.40
2007.09.17 23:18:00.784,2.29235,2.293,3.20,2.40
2007.09.17 23:18:00.846,2.2924,2.293,0.80,6.40
2007.09.17 23:18:01.254,2.2923,2.29295,6.40,2.40
2007.09.17 23:18:01.465,2.2923,2.29295,1.20,2.40
2007.09.17 23:18:05.843,2.2923,2.29285,0.80,2.40
2007.09.17 23:18:05.875,2.2922,2.29285,2.10,2.40
2007.09.17 23:18:06.232,2.2922,2.29285,1.60,2.40
2007.09.17 23:18:07.060,2.2922,2.2928,0.60,0.80
2007.09.17 23:18:07.109,2.2921,2.2928,19.20,3.20
2007.09.17 23:18:18.787,2.2921,2.2928,16.00,0.80
2007.09.17 23:18:19.290,2.2921,2.2929,19.20,2.40
2007.09.17 23:18:19.309,2.29215,2.2928,3.20,2.40
2007.09.17 23:18:19.399,2.29215,2.2928,1.50,3.20
2007.09.17 23:18:19.805,2.29205,2.2927,13.60,2.40
2007.09.17 23:18:19.909,2.29205,2.2927,12.80,3.20
2007.09.17 23:18:20.963,2.2921,2.2927,11.20,2.40
2007.09.17 23:18:21.094,2.2921,2.29275,13.60,2.40
2007.09.17 23:18:21.399,2.2921,2.2927,11.20,2.40
2007.09.17 23:18:21.498,2.2921,2.2927,10.40,3.20
2007.09.17 23:18:22.760,2.2921,2.2927,11.20,2.40
2007.09.17 23:18:22.774,2.2921,2.2927,13.60,2.40
2007.09.17 23:18:22.906,2.29215,2.29275,2.40,2.40
2007.09.17 23:18:23.413,2.29215,2.2928,2.40,3.20
2007.09.17 23:18:25.240,2.2922,2.2928,2.40,3.20
2007.09.17 23:18:25.418,2.2922,2.2928,6.40,3.20
2007.09.17 23:18:25.444,2.29225,2.2928,2.40,0.80
2007.09.17 23:18:25.513,2.29225,2.2929,2.40,5.60
2007.09.17 23:18:27.279,2.29225,2.2928,2.40,0.80
2007.09.17 23:18:27.475,2.29215,2.2928,2.40,3.20
2007.09.17 23:18:37.865,2.29215,2.2927,2.40,0.80
2007.09.17 23:18:37.941,2.2921,2.2927,10.40,3.20
2007.09.17 23:18:43.030,2.29215,2.2927,2.40,0.80
2007.09.17 23:18:43.552,2.29215,2.2928,2.40,7.20
2007.09.17 23:18:50.076,2.29215,2.2927,2.40,0.80
2007.09.17 23:18:50.138,2.2921,2.2927,12.80,3.20
2007.09.17 23:18:50.159,2.2921,2.2927,10.40,3.20
2007.09.17 23:18:50.686,2.2921,2.2927,12.80,3.20
2007.09.17 23:18:50.907,2.29215,2.2927,2.40,0.80
2007.09.17 23:18:50.926,2.29215,2.29275,2.40,2.40
2007.09.17 23:18:51.327,2.2922,2.29275,2.40,2.40
2007.09.17 23:18:51.342,2.2922,2.29275,7.20,2.40
2007.09.17 23:18:51.405,2.29225,2.2929,2.40,5.60
2007.09.17 23:18:51.756,2.29225,2.2928,2.40,4.00
2007.09.17 23:18:51.916,2.2922,2.2928,0.80,6.40
2007.09.17 23:18:51.971,2.29215,2.2928,2.40,7.20
2007.09.17 23:18:56.820,2.2922,2.2928,4.00,7.20
2007.09.17 23:18:57.368,2.2922,2.2928,4.00,3.20
2007.09.17 23:18:57.729,2.2922,2.2928,6.40,0.80
2007.09.17 23:18:58.065,2.2922,2.29285,7.20,2.40
2007.09.17 23:19:25.349,2.2922,2.2928,6.40,0.80
2007.09.17 23:19:25.441,2.2922,2.2928,4.00,3.20
2007.09.17 23:19:25.741,2.29215,2.2928,2.40,3.20
2007.09.17 23:19:39.421,2.29215,2.2928,2.40,2.40
2007.09.17 23:19:41.954,2.2921,2.2927,8.80,2.40
2007.09.17 23:19:42.031,2.2921,2.2927,8.00,2.40
2007.09.17 23:19:46.069,2.2921,2.2927,8.00,3.20
2007.09.17 23:19:46.768,2.2921,2.2927,10.40,3.20
2007.09.17 23:19:46.906,2.2921,2.2927,11.20,2.40
2007.09.17 23:19:47.013,2.29215,2.29275,2.40,2.40
2007.09.17 23:19:47.300,2.29215,2.2928,2.40,7.20
2007.09.17 23:19:49.300,2.29215,2.2928,2.40,3.20
2007.09.17 23:19:49.352,2.2921,2.29275,11.70,2.40
2007.09.17 23:19:49.397,2.2922,2.29275,0.80,2.40
2007.09.17 23:19:49.518,2.2921,2.29275,11.70,2.40
2007.09.17 23:19:49.715,2.2922,2.29275,0.50,2.40
2007.09.17 23:19:49.845,2.2922,2.2928,2.90,0.80
2007.09.17 23:19:49.926,2.2922,2.29285,3.70,2.40
2007.09.17 23:19:50.205,2.2922,2.29285,3.20,2.40
2007.09.17 23:19:50.310,2.2922,2.2928,2.40,0.80
2007.09.17 23:19:50.355,2.2921,2.29275,14.10,2.40
2007.09.17 23:19:50.404,2.2921,2.29275,10.10,2.40
2007.09.17 23:19:51.657,2.2922,2.29275,0.50,2.40
2007.09.17 23:19:51.881,2.2922,2.2928,2.90,3.20
2007.09.17 23:19:52.194,2.2922,2.2928,3.70,3.20
2007.09.17 23:19:52.289,2.2922,2.2928,3.70,2.40
2007.09.17 23:19:52.392,2.2922,2.29285,3.70,2.40
2007.09.17 23:19:59.257,2.2922,2.29275,0.80,2.40
2007.09.17 23:19:59.877,2.2921,2.29275,10.10,2.40
2007.09.17 23:20:00.635,2.2921,2.2928,10.10,3.20
2007.09.17 23:20:03.186,2.2922,2.29275,3.90,0.70
2007.09.17 23:20:03.268,2.2922,2.2928,4.50,3.20
2007.09.17 23:20:03.349,2.2922,2.2929,6.90,10.40
2007.09.17 23:20:03.378,2.2922,2.293,7.70,12.00
2007.09.17 23:20:03.676,2.2923,2.2928,0.50,0.70
2007.09.17 23:20:03.834,2.2923,2.29285,0.50,3.20
2007.09.17 23:20:03.879,2.2923,2.2929,0.50,3.20
2007.09.17 23:20:03.999,2.2923,2.293,1.30,9.60
2007.09.17 23:20:04.112,2.2923,2.293,3.70,9.60
2007.09.17 23:20:05.127,2.2923,2.293,3.20,9.60
2007.09.17 23:20:06.083,2.2923,2.293,2.90,8.00
2007.09.17 23:20:06.117,2.2923,2.29285,0.50,0.90
2007.09.17 23:20:06.379,2.29225,2.29285,2.40,0.50
2007.09.17 23:20:06.616,2.2922,2.293,10.90,14.40
2007.09.17 23:20:14.659,2.2922,2.2929,3.70,3.20
2007.09.17 23:20:18.321,2.2922,2.29275,1.30,0.90
2007.09.17 23:20:18.349,2.2922,2.2929,0.80,5.60
2007.09.17 23:20:18.420,2.29215,2.2928,0.80,3.20
2007.09.17 23:20:19.815,2.29215,2.2928,0.80,3.20
2007.09.17 23:20:20.059,2.2921,2.2927,5.60,0.60
2007.09.17 23:20:20.193,2.2921,2.2928,9.60,3.20
2007.09.17 23:20:20.289,2.2921,2.2929,8.80,14.10
2007.09.17 23:20:20.674,2.2921,2.2929,11.20,14.10
2007.09.17 23:20:20.854,2.29215,2.29275,2.40,3.20
2007.09.17 23:20:20.877,2.29215,2.29275,2.40,0.90
2007.09.17 23:20:21.356,2.29215,2.2929,2.40,10.40
2007.09.17 23:20:21.831,2.2923,2.2929,0.80,6.40
2007.09.17 23:20:21.866,2.29235,2.29295,2.40,4.80
2007.09.17 23:20:22.363,2.29235,2.2929,2.40,4.80
2007.09.17 23:20:22.366,2.29215,2.2929,2.40,7.20
2007.09.17 23:20:22.878,2.2922,2.2929,0.80,7.20
2007.09.17 23:20:22.919,2.29225,2.2929,2.40,0.70
2007.09.17 23:20:23.396,2.2922,2.29285,3.70,0.70
2007.09.17 23:20:24.748,2.2922,2.29285,3.20,0.90
2007.09.17 23:20:24.851,2.2922,2.29285,2.40,3.20
2007.09.17 23:20:24.933,2.2921,2.2928,12.50,3.20
2007.09.17 23:20:24.947,2.2921,2.29275,8.50,0.70
2007.09.17 23:20:26.710,2.2922,2.2928,2.40,0.90
2007.09.17 23:20:26.908,2.2922,2.2929,3.70,7.20
2007.09.17 23:20:27.318,2.2922,2.2929,3.70,7.20
2007.09.17 23:20:27.455,2.2922,2.29285,3.70,0.70
2007.09.17 23:20:32.038,2.2922,2.29275,1.30,2.40
2007.09.17 23:20:32.200,2.2921,2.29275,12.50,2.40
2007.09.17 23:20:32.416,2.2921,2.29275,8.50,2.40
2007.09.17 23:20:40.157,2.2921,2.29275,10.90,2.40
2007.09.17 23:20:40.274,2.2922,2.29275,0.50,2.40
2007.09.17 23:20:40.399,2.2922,2.29275,1.30,2.40
2007.09.17 23:20:40.433,2.2922,2.2928,3.70,3.20
2007.09.17 23:20:40.683,2.2922,2.2928,3.20,3.20
2007.09.17 23:20:40.792,2.2922,2.2928,3.20,2.40
2007.09.17 23:20:40.925,2.2922,2.29285,3.20,2.40
2007.09.17 23:20:41.926,2.2922,2.29285,3.20,3.20
2007.09.17 23:20:42.150,2.2922,2.2928,2.40,0.80
2007.09.17 23:20:42.227,2.2921,2.29275,18.40,2.40
2007.09.17 23:20:42.258,2.2921,2.29275,16.00,2.40
2007.09.17 23:20:42.360,2.2921,2.29275,12.00,2.40
2007.09.17 23:20:42.465,2.2921,2.29275,8.00,2.40
2007.09.17 23:20:42.497,2.2921,2.2927,5.60,2.40
2007.09.17 23:20:42.561,2.2921,2.2927,4.80,2.40
2007.09.17 23:20:42.665,2.2921,2.2927,8.80,2.40
2007.09.17 23:20:42.877,2.2921,2.2927,8.00,3.20
2007.09.17 23:20:45.657,2.2921,2.2927,8.00,2.40
2007.09.17 23:20:49.930,2.2921,2.2927,8.00,3.20
2007.09.17 23:20:50.842,2.2921,2.2927,8.00,0.80
2007.09.17 23:21:10.485,2.29215,2.2928,2.40,3.20
2007.09.17 23:21:10.561,2.29215,2.2928,2.40,0.90
2007.09.17 23:21:11.026,2.2921,2.2928,8.80,3.20
2007.09.17 23:21:11.178,2.2921,2.2927,8.00,0.60
2007.09.17 23:21:15.892,2.2921,2.2929,8.80,17.30
2007.09.17 23:21:15.932,2.2921,2.2929,9.60,17.30
2007.09.17 23:21:16.137,2.2922,2.2929,0.80,14.10
2007.09.17 23:21:16.205,2.29225,2.2929,2.40,0.50
2007.09.17 23:21:16.216,2.29225,2.293,2.40,22.00
2007.09.17 23:21:16.243,2.29225,2.2929,2.40,0.60
2007.09.17 23:21:16.340,2.29225,2.293,2.40,13.60
2007.09.17 23:21:16.453,2.29225,2.2929,2.40,0.70
2007.09.17 23:21:16.902,2.2923,2.29295,2.40,3.20
2007.09.17 23:21:16.992,2.2923,2.293,3.20,10.10
2007.09.17 23:21:17.813,2.2923,2.2929,3.20,0.70
2007.09.17 23:21:18.127,2.2923,2.2929,2.40,4.80
2007.09.17 23:21:18.204,2.29225,2.29285,2.40,2.40
2007.09.17 23:21:18.713,2.2922,2.29285,3.20,2.40
2007.09.17 23:21:28.882,2.2922,2.29275,0.80,2.40
2007.09.17 23:21:28.898,2.2921,2.29275,8.00,2.40
2007.09.17 23:21:30.658,2.2921,2.29275,10.40,2.40
2007.09.17 23:21:30.874,2.2922,2.29275,0.80,2.40
2007.09.17 23:21:30.915,2.2922,2.29285,3.20,2.40
2007.09.17 23:21:40.806,2.2922,2.2928,2.40,0.80
2007.09.17 23:21:40.824,2.29215,2.29275,0.80,2.40
2007.09.17 23:21:43.839,2.2922,2.29275,0.80,2.40
2007.09.17 23:21:43.890,2.2922,2.29285,3.20,2.40
2007.09.17 23:21:48.806,2.2922,2.2928,2.40,0.80
2007.09.17 23:21:48.960,2.29215,2.29275,0.80,2.40
2007.09.17 23:21:50.274,2.29215,2.29275,0.80,2.40
2007.09.17 23:21:50.708,2.29215,2.29275,7.10,2.40
2007.09.17 23:21:50.762,2.2923,2.2928,1.10,0.80
2007.09.17 23:21:50.892,2.2922,2.29295,13.50,2.40
2007.09.17 23:21:54.804,2.2923,2.29285,0.80,2.40
2007.09.17 23:21:54.936,2.2922,2.29285,5.60,2.40
2007.09.17 23:21:55.319,2.2922,2.29285,3.20,2.40
2007.09.17 23:21:57.691,2.2922,2.29285,0.90,2.40
2007.09.17 23:21:57.835,2.2922,2.29285,8.00,2.40
2007.09.17 23:21:57.869,2.2923,2.29295,1.50,2.40
2007.09.17 23:22:04.223,2.2923,2.29285,0.80,2.40
2007.09.17 23:22:04.271,2.2923,2.29285,2.60,2.40
2007.09.17 23:22:04.394,2.29225,2.29285,6.40,2.40
2007.09.17 23:22:04.473,2.2922,2.2929,9.60,0.80
2007.09.17 23:22:04.489,2.2923,2.29295,1.90,2.40
2007.09.17 23:22:06.861,2.2922,2.29295,15.90,2.40
2007.09.17 23:22:06.974,2.2923,2.2929,1.30,0.80
2007.09.17 23:22:07.025,2.2923,2.29285,1.10,2.40
2007.09.17 23:22:10.396,2.2921,2.29285,20.00,2.40
2007.09.17 23:22:10.842,2.2922,2.29275,1.00,2.40
2007.09.17 23:22:10.894,2.2921,2.29275,13.60,2.40
2007.09.17 23:22:16.142,2.29215,2.2928,4.80,3.20
2007.09.17 23:22:28.951,2.2922,2.2928,10.40,2.40
2007.09.17 23:22:32.352,2.2922,2.2929,10.40,6.40
2007.09.17 23:22:36.885,2.2922,2.2928,9.60,0.50
2007.09.17 23:22:36.972,2.2922,2.2929,8.80,6.40
2007.09.17 23:22:39.428,2.2922,2.2928,8.00,0.50
2007.09.17 23:22:39.542,2.29225,2.29285,2.40,0.70
2007.09.17 23:22:39.807,2.2923,2.29295,2.40,8.80
2007.09.17 23:22:39.848,2.2923,2.29295,6.40,8.00
2007.09.17 23:22:40.054,2.2923,2.2929,4.00,0.70
2007.09.17 23:22:40.086,2.2923,2.293,4.00,10.10
2007.09.17 23:22:40.151,2.29225,2.293,2.40,13.60
2007.09.17 23:22:40.269,2.29235,2.293,2.40,13.60
2007.09.17 23:22:40.783,2.2922,2.293,3.20,16.00
2007.09.17 23:22:41.204,2.2922,2.293,5.60,16.00
2007.09.17 23:22:41.308,2.2923,2.293,2.40,16.00
2007.09.17 23:22:41.473,2.2923,2.293,3.20,9.60
2007.09.17 23:22:45.606,2.2923,2.2928,0.80,0.50
2007.09.17 23:22:45.733,2.2922,2.2929,4.00,6.40
2007.09.17 23:22:47.074,2.2922,2.2929,6.40,6.40
2007.09.17 23:22:47.133,2.2923,2.293,2.40,20.00
2007.09.17 23:22:47.707,2.2923,2.293,3.20,13.60
2007.09.17 23:22:48.444,2.2923,2.29285,0.80,0.50
2007.09.17 23:22:48.840,2.2922,2.293,3.20,16.00
2007.09.17 23:22:48.936,2.2922,2.293,3.20,16.00
2007.09.17 23:22:49.677,2.2922,2.29275,0.80,0.70
2007.09.17 23:22:54.948,2.2921,2.2929,7.20,8.00
2007.09.17 23:22:57.750,2.2921,2.2929,9.60,5.60
2007.09.17 23:22:57.774,2.2922,2.2929,0.80,3.20
2007.09.17 23:22:57.821,2.2922,2.2929,3.20,3.20
2007.09.17 23:22:59.608,2.2922,2.2928,0.80,0.90
2007.09.17 23:22:59.822,2.2922,2.2928,4.00,0.80
2007.09.17 23:23:03.701,2.2922,2.29285,6.40,0.60
2007.09.17 23:23:03.861,2.2922,2.2929,7.20,3.20
2007.09.17 23:23:05.699,2.2922,2.2928,4.80,0.80
2007.09.17 23:23:05.835,2.2922,2.2928,4.00,0.90
2007.09.17 23:23:08.721,2.2922,2.2929,6.40,10.40
2007.09.17 23:23:08.778,2.29225,2.2929,2.40,0.90
2007.09.17 23:23:08.957,2.29225,2.2929,2.40,0.50
2007.09.17 23:23:09.282,2.2923,2.2931,2.40,24.50
2007.09.17 23:23:10.063,2.29225,2.2931,2.40,24.50
2007.09.17 23:23:37.471,2.29225,2.2929,2.40,2.40
2007.09.17 23:23:49.576,2.29225,2.2929,2.40,7.20
2007.09.17 23:23:49.671,2.2922,2.29285,3.20,2.40
2007.09.17 23:23:51.230,2.29225,2.2929,2.40,11.20
2007.09.17 23:23:51.302,2.2922,2.2929,3.20,11.20
2007.09.17 23:23:52.256,2.2922,2.2929,3.20,13.60
2007.09.17 23:23:52.297,2.2922,2.2929,3.20,17.60
2007.09.17 23:23:52.403,2.2922,2.2927,3.20,4.00
2007.09.17 23:23:52.744,2.29215,2.2927,1.40,4.00
2007.09.17 23:23:53.006,2.29205,2.2927,4.00,6.40
2007.09.17 23:23:53.129,2.292,2.2927,12.00,7.20
2007.09.17 23:23:54.863,2.29205,2.2927,4.00,6.40
2007.09.17 23:23:54.871,2.2921,2.2927,0.50,4.00
2007.09.17 23:23:55.285,2.29205,2.2927,3.20,4.80
2007.09.17 23:23:55.323,2.29205,2.2927,0.70,7.20
2007.09.17 23:24:05.877,2.29205,2.2927,4.00,6.40
2007.09.17 23:24:06.383,2.292,2.2927,12.00,7.20
2007.09.17 23:24:08.212,2.29205,2.2927,5.60,7.20
2007.09.17 23:24:08.248,2.29205,2.2927,7.60,7.20
2007.09.17 23:24:08.425,2.2922,2.2927,0.80,2.40
2007.09.17 23:24:08.472,2.2922,2.2928,1.80,7.20
2007.09.17 23:24:08.769,2.2922,2.2928,1.10,3.20
2007.09.17 23:24:16.784,2.2921,2.2928,17.20,0.80
2007.09.17 23:24:16.879,2.2922,2.29285,4.40,2.40
2007.09.17 23:24:21.820,2.2922,2.2928,10.40,0.80
2007.09.17 23:24:21.857,2.2922,2.2928,8.00,3.20
2007.09.17 23:24:22.237,2.2922,2.2928,4.00,3.20
2007.09.17 23:24:22.975,2.2922,2.2927,4.00,1.60
2007.09.17 23:24:23.149,2.2922,2.2927,4.00,2.40
2007.09.17 23:24:23.405,2.2922,2.2926,4.00,0.80
2007.09.17 23:24:23.424,2.2922,2.2926,4.00,3.20
2007.09.17 23:24:23.608,2.2921,2.2926,0.80,3.20
2007.09.17 23:24:33.150,2.29205,2.2926,0.80,3.20
2007.09.17 23:24:33.833,2.292,2.2926,4.00,3.20
2007.09.17 23:24:50.138,2.292,2.2926,4.80,2.40
2007.09.17 23:24:50.182,2.29205,2.2927,2.40,7.20
2007.09.17 23:24:56.133,2.29205,2.2927,2.40,3.20
2007.09.17 23:25:06.045,2.292,2.29265,9.60,2.40
2007.09.17 23:25:06.536,2.29205,2.2927,2.40,3.20
2007.09.17 23:25:25.916,2.29205,2.2926,2.40,0.80
2007.09.17 23:25:25.953,2.292,2.2926,6.40,3.20
2007.09.17 23:25:29.923,2.292,2.2926,6.40,4.00
2007.09.17 23:25:29.972,2.292,2.2926,6.40,4.80
2007.09.17 23:25:30.046,2.292,2.2926,6.40,5.60
2007.09.17 23:25:52.023,2.292,2.2926,7.20,4.80
2007.09.17 23:25:52.066,2.292,2.2926,9.60,2.40
2007.09.17 23:25:54.408,2.292,2.2926,12.80,2.40
2007.09.17 23:25:54.430,2.29205,2.2926,2.40,2.40
2007.09.17 23:25:55.942,2.29205,2.2926,2.40,1.60
2007.09.17 23:25:55.956,2.29205,2.2926,2.40,0.80
2007.09.17 23:25:56.104,2.29205,2.2927,2.40,5.60
2007.09.17 23:25:56.350,2.29205,2.2927,2.40,3.20
2007.09.17 23:25:56.897,2.29205,2.2926,2.40,0.80
2007.09.17 23:25:56.967,2.29205,2.2926,2.40,1.60
2007.09.17 23:25:57.022,2.292,2.2926,10.40,2.40
2007.09.17 23:25:57.082,2.292,2.2926,7.20,2.40
2007.09.17 23:26:00.014,2.292,2.2926,4.80,4.80
2007.09.17 23:26:00.101,2.292,2.2926,4.00,5.60
2007.09.17 23:26:00.294,2.292,2.29255,4.00,2.40
2007.09.17 23:26:00.508,2.2919,2.29255,3.20,2.40
2007.09.17 23:26:00.798,2.2919,2.2925,0.80,2.40
2007.09.17 23:26:00.840,2.29185,2.2925,2.40,3.20
2007.09.17 23:26:00.937,2.29185,2.2924,2.40,0.80
2007.09.17 23:26:01.046,2.2918,2.2924,4.00,3.20
2007.09.17 23:26:03.078,2.29185,2.2924,2.40,0.80
2007.09.17 23:26:03.308,2.29185,2.2925,2.40,4.00
2007.09.17 23:26:04.253,2.2919,2.2925,2.00,4.00
2007.09.17 23:26:04.262,2.2919,2.2925,4.40,4.00
2007.09.17 23:26:04.323,2.2919,2.2925,8.40,3.20
2007.09.17 23:26:04.359,2.29195,2.2925,2.40,0.80
2007.09.17 23:26:04.439,2.292,2.2925,4.00,0.80
2007.09.17 23:26:06.956,2.2919,2.2925,3.20,0.80
2007.09.17 23:26:07.369,2.2919,2.2925,2.40,1.60
2007.09.17 23:26:07.438,2.29185,2.2925,2.40,4.00
2007.09.17 23:26:12.651,2.2919,2.2925,2.40,4.00
2007.09.17 23:26:12.863,2.2919,2.2925,4.40,4.00
2007.09.17 23:26:12.963,2.2919,2.2925,6.00,3.20
2007.09.17 23:26:13.029,2.29195,2.2925,2.40,0.80
2007.09.17 23:26:13.069,2.292,2.2925,4.00,0.80
2007.09.17 23:26:15.532,2.2919,2.2925,5.60,0.80
2007.09.17 23:26:15.579,2.2919,2.2925,3.20,3.20
2007.09.17 23:26:16.580,2.2919,2.2925,2.40,4.00
2007.09.17 23:26:17.691,2.2919,2.2925,4.80,4.00
2007.09.17 23:26:17.716,2.2919,2.2925,6.80,4.00
2007.09.17 23:26:17.855,2.29195,2.2925,2.40,1.60
2007.09.17 23:26:17.936,2.292,2.2925,4.00,0.80
2007.09.17 23:26:18.990,2.292,2.2925,2.00,0.80
2007.09.17 23:26:30.887,2.29195,2.2925,3.20,0.80
2007.09.17 23:26:31.040,2.29195,2.2925,2.40,0.80
2007.09.17 23:26:35.146,2.2919,2.2925,11.60,0.80
2007.09.17 23:26:35.256,2.2919,2.2925,9.20,0.80
2007.09.17 23:26:35.340,2.292,2.2925,4.00,0.80
2007.09.17 23:26:35.459,2.2919,2.2925,3.20,0.80
2007.09.17 23:26:35.546,2.2919,2.2925,2.40,1.60
2007.09.17 23:26:35.621,2.29185,2.2925,2.40,4.00
2007.09.17 23:26:40.624,2.29185,2.2925,2.40,8.00
2007.09.17 23:26:40.710,2.2918,2.2924,1.60,2.40
2007.09.17 23:26:40.733,2.29175,2.2924,3.20,3.20
2007.09.17 23:26:41.152,2.2918,2.2924,0.50,3.20
2007.09.17 23:26:41.235,2.29185,2.2924,2.40,0.80
2007.09.17 23:26:41.365,2.29185,2.2925,2.40,8.00
2007.09.17 23:26:41.876,2.29185,2.2925,2.40,4.00
2007.09.17 23:26:41.952,2.29185,2.2925,3.20,4.00
2007.09.17 23:26:46.740,2.2919,2.2925,4.00,4.00
2007.09.17 23:26:46.834,2.29195,2.2925,2.40,1.60
2007.09.17 23:26:46.847,2.29195,2.2925,2.40,0.80
2007.09.17 23:26:46.945,2.29195,2.29255,2.40,2.40
2007.09.17 23:26:47.332,2.29195,2.2926,2.40,3.20
2007.09.17 23:26:47.852,2.29195,2.29255,2.40,2.40
2007.09.17 23:26:48.352,2.2919,2.29255,3.20,2.40
2007.09.17 23:26:50.276,2.2919,2.2925,3.20,4.00
2007.09.17 23:26:50.386,2.2919,2.29245,0.80,2.40
2007.09.17 23:26:50.407,2.2918,2.29245,3.20,2.40
2007.09.17 23:26:50.813,2.2918,2.2924,2.40,0.80
2007.09.17 23:26:50.907,2.29175,2.2924,2.40,3.20
2007.09.17 23:26:51.848,2.2918,2.2924,0.80,2.40
2007.09.17 23:26:51.895,2.2918,2.2924,1.60,2.40
2007.09.17 23:26:51.946,2.29185,2.2925,3.20,7.20
2007.09.17 23:27:17.983,2.29175,2.29235,0.80,2.40
2007.09.17 23:27:19.434,2.29175,2.2923,0.80,3.20
2007.09.17 23:27:24.767,2.29175,2.2923,3.20,0.80
2007.09.17 23:27:24.827,2.29175,2.29235,3.20,2.40
2007.09.17 23:27:25.254,2.29175,2.2924,3.20,7.20
2007.09.17 23:27:26.798,2.29175,2.2923,0.80,2.40
2007.09.17 23:27:26.869,2.29175,2.2923,0.80,3.20
2007.09.17 23:27:30.366,2.29175,2.2923,3.20,0.80
2007.09.17 23:27:30.387,2.29175,2.29235,3.20,2.40
2007.09.17 23:27:30.873,2.29175,2.2924,3.20,7.20
2007.09.17 23:27:32.942,2.29175,2.2923,0.80,2.40
2007.09.17 23:27:32.983,2.29175,2.2923,0.80,3.20
2007.09.17 23:27:35.992,2.29175,2.2923,3.20,0.80
2007.09.17 23:27:36.077,2.29175,2.29235,3.20,2.40
2007.09.17 23:27:36.488,2.29175,2.2924,3.20,7.20
2007.09.17 23:28:04.670,2.2918,2.2924,2.40,7.20
2007.09.17 23:28:04.744,2.29185,2.2924,2.40,4.80
2007.09.17 23:28:04.819,2.29185,2.2924,2.40,0.80
2007.09.17 23:28:04.904,2.29185,2.2925,2.40,11.90
2007.09.17 23:28:05.231,2.29185,2.2925,3.20,11.90
2007.09.17 23:28:05.276,2.29185,2.2925,3.20,8.00
2007.09.17 23:28:05.317,2.29185,2.2925,3.20,4.00
2007.09.17 23:28:07.753,2.29185,2.2925,3.20,7.90
2007.09.17 23:28:07.813,2.29185,2.2925,3.20,11.90
2007.09.17 23:28:08.039,2.29185,2.2924,0.80,2.40
2007.09.17 23:28:08.222,2.29185,2.2924,0.80,3.20
2007.09.17 23:28:13.888,2.29185,2.2924,0.80,7.20
2007.09.17 23:28:13.915,2.29185,2.2923,0.80,2.40
2007.09.17 23:28:13.935,2.29185,2.2923,0.80,3.20
2007.09.17 23:28:17.055,2.29185,2.2923,0.80,2.40
2007.09.17 23:28:17.210,2.29185,2.29235,0.80,2.40
2007.09.17 23:28:17.719,2.29185,2.2924,0.80,3.20
2007.09.17 23:28:18.258,2.29185,2.2924,3.20,0.80
2007.09.17 23:28:18.374,2.29185,2.2925,3.20,11.10
2007.09.17 23:28:18.740,2.29185,2.2925,3.20,7.20
2007.09.17 23:28:18.800,2.29185,2.2925,3.20,3.20
2007.09.17 23:28:19.104,2.2919,2.2925,0.80,3.20
2007.09.17 23:28:19.252,2.2919,2.2925,1.60,3.20
2007.09.17 23:28:19.324,2.2919,2.2925,2.40,3.20
2007.09.17 23:28:23.314,2.2919,2.2925,4.80,0.80
2007.09.17 23:28:23.379,2.2919,2.29255,5.60,2.40
2007.09.17 23:28:24.693,2.2919,2.29255,8.00,2.40
2007.09.17 23:28:24.806,2.2919,2.29255,12.00,2.40
2007.09.17 23:28:24.861,2.292,2.2926,2.40,0.80
2007.09.17 23:28:24.921,2.292,2.29265,3.20,2.40
2007.09.17 23:28:29.376,2.292,2.29265,4.00,2.40
2007.09.17 23:28:29.488,2.292,2.29265,4.80,2.40
2007.09.17 23:28:29.702,2.292,2.29265,5.60,2.40
2007.09.17 23:28:32.807,2.292,2.29255,3.20,2.40
2007.09.17 23:28:32.898,2.292,2.29255,2.40,2.40
2007.09.17 23:28:46.654,2.292,2.29255,1.60,2.40
2007.09.17 23:28:46.690,2.292,2.29255,0.80,2.40
2007.09.17 23:28:46.834,2.2919,2.29255,3.20,2.40
2007.09.17 23:28:49.252,2.2919,2.2925,3.20,0.80
2007.09.17 23:28:49.265,2.2919,2.2925,3.20,1.60
2007.09.17 23:28:49.390,2.2919,2.29245,3.20,0.80
2007.09.17 23:28:49.888,2.29185,2.29245,2.40,0.80
2007.09.17 23:28:59.081,2.29185,2.2924,2.40,0.80
2007.09.17 23:28:59.128,2.29185,2.2924,2.40,1.60
2007.09.17 23:28:59.302,2.2918,2.29235,4.00,0.80
2007.09.17 23:28:59.757,2.29175,2.29235,2.40,0.80
2007.09.17 23:29:04.857,2.29175,2.2924,2.40,3.20
2007.09.17 23:29:05.435,2.2918,2.2924,2.40,0.80
2007.09.17 23:29:05.861,2.2918,2.29245,3.20,2.40
2007.09.17 23:29:08.371,2.2918,2.29245,3.20,0.60
2007.09.17 23:29:35.398,2.2918,2.2924,0.80,0.50
2007.09.17 23:29:35.528,2.29175,2.2925,2.40,11.20
2007.09.17 23:29:50.613,2.29175,2.29225,2.40,1.60
2007.09.17 23:29:51.138,2.2917,2.29225,3.20,1.60
2007.09.17 23:29:51.586,2.2917,2.29225,2.40,1.60
2007.09.17 23:29:51.630,2.29165,2.29225,2.40,1.60
2007.09.17 23:29:51.873,2.29165,2.29225,2.40,0.80
2007.09.17 23:29:52.087,2.29165,2.2922,2.40,0.80
2007.09.17 23:29:52.139,2.2916,2.2922,3.20,3.20
2007.09.17 23:29:52.509,2.2916,2.2921,2.40,0.80
2007.09.17 23:29:52.646,2.29145,2.2921,2.40,3.20
2007.09.17 23:29:53.157,2.2914,2.29205,3.20,2.40
2007.09.17 23:29:56.445,2.2915,2.2921,2.40,0.80
2007.09.17 23:29:56.675,2.2915,2.29215,3.20,2.40
2007.09.17 23:29:59.865,2.2915,2.29215,5.60,2.40
2007.09.17 23:30:00.011,2.2916,2.29215,0.80,2.40
2007.09.17 23:30:00.019,2.2916,2.2922,3.20,3.20
2007.09.17 23:30:00.527,2.2916,2.29215,0.80,2.40
2007.09.17 23:30:00.538,2.2915,2.29215,5.60,2.40
2007.09.17 23:30:02.969,2.2915,2.2921,3.20,3.90
2007.09.17 23:30:03.003,2.2915,2.292,3.20,4.00
2007.09.17 23:30:03.094,2.2915,2.292,0.80,6.40
2007.09.17 23:30:03.121,2.29135,2.292,2.40,7.20
2007.09.17 23:30:03.437,2.29135,2.292,2.40,3.20
2007.09.17 23:30:03.566,2.29145,2.292,2.40,0.80
2007.09.17 23:30:03.601,2.29145,2.2921,2.40,11.20
2007.09.17 23:30:03.662,2.29145,2.2921,2.40,0.70
2007.09.17 23:30:03.750,2.29145,2.2922,2.40,19.90
2007.09.17 23:30:04.070,2.2915,2.2921,0.80,0.80
2007.09.17 23:30:04.081,2.2915,2.2922,3.20,5.60
2007.09.17 23:30:05.597,2.2915,2.2921,2.40,0.80
2007.09.17 23:30:05.612,2.2914,2.2921,3.20,7.20
2007.09.17 23:30:09.930,2.2914,2.2921,0.80,11.20
2007.09.17 23:30:10.187,2.2913,2.29195,3.20,0.70
2007.09.17 23:30:10.442,2.2913,2.29185,0.80,0.70
2007.09.17 23:30:10.614,2.29125,2.2919,2.40,3.20
2007.09.17 23:30:11.722,2.2912,2.29175,4.00,0.50
2007.09.17 23:30:11.867,2.29115,2.2918,2.40,3.20
2007.09.17 23:30:14.527,2.2911,2.2917,11.20,0.80
2007.09.17 23:30:14.621,2.2911,2.2918,8.00,7.20
2007.09.17 23:30:14.844,2.2911,2.2918,7.20,8.00
2007.09.17 23:30:14.855,2.2911,2.2917,6.40,0.70
2007.09.17 23:30:14.955,2.2911,2.2918,4.00,14.30
2007.09.17 23:30:15.047,2.2911,2.2917,4.00,15.90
2007.09.17 23:30:15.077,2.2911,2.2916,0.80,6.40
2007.09.17 23:30:15.163,2.29095,2.2916,0.80,7.20
2007.09.17 23:30:15.492,2.2911,2.2915,2.40,0.60
2007.09.17 23:30:15.580,2.2911,2.2916,2.40,7.20
2007.09.17 23:30:15.715,2.2911,2.2917,2.40,5.60
2007.09.17 23:30:16.607,2.2911,2.2916,2.40,3.20
2007.09.17 23:30:18.154,2.2911,2.2916,2.40,0.90
2007.09.17 23:30:20.181,2.2911,2.2916,2.40,0.80
2007.09.17 23:30:20.224,2.2911,2.2917,2.40,6.80
2007.09.17 23:30:20.500,2.291,2.2917,8.40,6.80
2007.09.17 23:30:20.655,2.291,2.2916,6.40,0.80
2007.09.17 23:30:20.730,2.291,2.29155,4.00,0.90
2007.09.17 23:30:20.770,2.291,2.2915,4.00,0.70
2007.09.17 23:30:20.866,2.29095,2.29155,0.80,3.60
2007.09.17 23:30:21.207,2.291,2.2916,1.20,3.20
2007.09.17 23:30:21.407,2.291,2.29155,2.00,0.90
2007.09.17 23:30:21.506,2.291,2.2916,6.00,7.20
2007.09.17 23:30:21.524,2.291,2.2917,8.40,16.40
2007.09.17 23:30:21.662,2.291,2.2917,10.80,16.40
2007.09.17 23:30:21.817,2.291,2.2916,8.40,7.20
2007.09.17 23:30:21.835,2.291,2.29155,6.40,0.60
2007.09.17 23:30:21.942,2.291,2.2917,11.20,8.40
2007.09.17 23:30:21.974,2.291,2.29155,12.00,0.50
2007.09.17 23:30:22.070,2.291,2.2917,9.60,8.40
2007.09.17 23:30:22.117,2.29105,2.2918,2.40,20.30
2007.09.17 23:30:22.262,2.29105,2.2918,2.40,25.00
2007.09.17 23:30:22.389,2.29105,2.2917,2.40,12.40
2007.09.17 23:30:22.409,2.291,2.2916,4.00,3.20
2007.09.17 23:30:22.482,2.2909,2.2916,4.80,3.20
2007.09.17 23:30:22.488,2.2909,2.29155,5.60,0.60
2007.09.17 23:30:22.597,2.2909,2.2916,9.60,3.20
2007.09.17 23:30:22.626,2.29095,2.2917,2.40,8.40
2007.09.17 23:30:25.104,2.29095,2.2917,3.20,8.40
2007.09.17 23:30:25.224,2.291,2.2917,1.20,8.40
2007.09.17 23:30:25.258,2.291,2.2916,3.60,0.50
2007.09.17 23:30:25.349,2.291,2.2916,7.60,0.80
2007.09.17 23:30:25.360,2.291,2.2916,8.40,0.70
2007.09.17 23:30:25.409,2.29105,2.2918,2.40,12.30
2007.09.17 23:30:25.775,2.29105,2.29185,2.40,5.20
2007.09.17 23:30:26.117,2.29105,2.2917,3.20,0.50
2007.09.17 23:30:29.671,2.29105,2.2918,3.20,11.50
2007.09.17 23:30:29.732,2.29105,2.2915,3.20,0.90
2007.09.17 23:30:29.776,2.291,2.2915,3.20,0.80
2007.09.17 23:30:29.849,2.291,2.2917,2.40,15.20
2007.09.17 23:30:30.482,2.291,2.2915,3.60,0.70
2007.09.17 23:30:30.516,2.291,2.29155,3.60,4.40
2007.09.17 23:30:30.596,2.291,2.2916,3.60,4.40
2007.09.17 23:30:30.796,2.291,2.2916,4.40,3.20
2007.09.17 23:30:30.829,2.291,2.2916,6.80,0.70
2007.09.17 23:30:31.312,2.2911,2.2917,2.40,12.40
2007.09.17 23:30:31.349,2.2911,2.2916,2.40,0.90
2007.09.17 23:30:31.361,2.2911,2.2917,2.40,8.40
2007.09.17 23:30:31.567,2.2911,2.2917,3.60,8.40
2007.09.17 23:30:31.761,2.2911,2.2917,6.80,5.20
2007.09.17 23:30:31.777,2.2911,2.2917,6.80,1.20
2007.09.17 23:30:32.745,2.2911,2.2917,0.60,1.20
2007.09.17 23:30:34.719,2.2911,2.2917,1.60,1.20
2007.09.17 23:30:34.806,2.29105,2.2917,4.00,1.20
2007.09.17 23:30:34.900,2.29105,2.2917,4.00,5.20
2007.09.17 23:30:34.965,2.291,2.29165,5.20,2.40
2007.09.17 23:30:35.027,2.2909,2.29165,17.20,2.40
2007.09.17 23:30:35.429,2.291,2.29165,2.40,2.40
2007.09.17 23:30:35.547,2.2911,2.29165,0.80,2.40
2007.09.17 23:30:35.700,2.2911,2.29175,1.80,2.40
2007.09.17 23:30:38.994,2.2912,2.29175,0.90,2.40
2007.09.17 23:30:39.005,2.2911,2.29175,6.80,2.40
2007.09.17 23:30:39.037,2.2912,2.2918,6.00,0.80
2007.09.17 23:30:39.223,2.2912,2.29185,10.80,2.40
2007.09.17 23:30:42.080,2.29125,2.2918,1.10,0.80
2007.09.17 23:30:42.107,2.29115,2.29175,10.00,2.40
2007.09.17 23:30:42.179,2.29115,2.2917,8.80,1.20
2007.09.17 23:30:42.295,2.29115,2.2917,6.40,1.20
2007.09.17 23:30:42.302,2.2911,2.2917,10.80,1.20
2007.09.17 23:30:43.664,2.29115,2.2917,0.70,2.00
2007.09.17 23:30:44.026,2.291,2.2917,14.80,4.40
2007.09.17 23:30:45.666,2.2912,2.2917,1.30,4.40
2007.09.17 23:30:45.753,2.2912,2.2917,3.80,3.20
2007.09.17 23:30:45.869,2.2911,2.2917,10.80,2.40
2007.09.17 23:30:45.959,2.29115,2.2918,10.00,8.40
2007.09.17 23:30:45.970,2.29115,2.2918,10.00,4.40
2007.09.17 23:30:46.464,2.2911,2.2918,10.80,4.40
2007.09.17 23:30:46.721,2.2912,2.2918,10.00,4.40
2007.09.17 23:30:46.905,2.2912,2.2918,10.80,3.60
2007.09.17 23:30:46.972,2.2913,2.2918,1.40,1.20
2007.09.17 23:30:47.228,2.2912,2.2918,10.80,1.20
2007.09.17 23:30:47.457,2.2912,2.2918,6.80,2.00
2007.09.17 23:30:47.470,2.291,2.2918,19.20,4.40
2007.09.17 23:30:51.907,2.2912,2.2918,0.60,0.50
2007.09.17 23:30:52.093,2.2912,2.2919,6.80,12.30
2007.09.17 23:30:52.266,2.2913,2.2918,0.60,0.60
2007.09.17 23:30:57.146,2.2912,2.2918,12.80,2.00
2007.09.17 23:30:57.167,2.2912,2.2918,10.40,4.40
2007.09.17 23:30:57.180,2.2911,2.2918,20.80,4.40
2007.09.17 23:30:57.234,2.2912,2.2917,0.80,0.50
2007.09.17 23:30:57.363,2.29105,2.2919,11.60,19.50
2007.09.17 23:30:57.487,2.29105,2.2918,7.60,8.40
2007.09.17 23:30:57.703,2.2913,2.2917,0.50,0.80
2007.09.17 23:30:57.790,2.2913,2.2917,0.60,0.80
2007.09.17 23:30:57.935,2.2913,2.2918,0.80,0.60
2007.09.17 23:30:58.350,2.2913,2.2918,0.80,0.80
2007.09.17 23:30:58.457,2.2912,2.2919,6.80,12.30
2007.09.17 23:30:58.460,2.2912,2.2918,0.80,0.70
2007.09.17 23:30:58.656,2.2911,2.2919,10.00,13.10
2007.09.17 23:30:58.874,2.2911,2.2918,6.80,8.40
2007.09.17 23:30:58.951,2.2912,2.2917,0.80,0.50
2007.09.17 23:30:59.171,2.29105,2.2918,6.40,10.80
2007.09.17 23:30:59.265,2.29105,2.2918,4.00,10.80
2007.09.17 23:30:59.307,2.2911,2.2916,0.80,0.90
2007.09.17 23:31:00.668,2.2912,2.2918,1.20,6.00
2007.09.17 23:31:00.747,2.2912,2.2918,1.20,4.40
2007.09.17 23:31:00.788,2.2912,2.2919,1.20,17.10
2007.09.17 23:31:01.253,2.2912,2.2919,3.60,16.30
2007.09.17 23:31:01.297,2.2912,2.2919,4.40,12.30
2007.09.17 23:31:01.508,2.2912,2.2917,3.20,0.90
2007.09.17 23:31:01.625,2.2912,2.2918,2.40,10.80
2007.09.17 23:31:01.746,2.2911,2.29175,4.40,3.60
2007.09.17 23:31:04.510,2.2912,2.2917,1.20,0.50
2007.09.17 23:31:04.621,2.2912,2.2918,1.20,10.80
2007.09.17 23:31:04.808,2.2912,2.2919,3.60,22.70
2007.09.17 23:31:05.141,2.2912,2.2918,4.40,0.60
2007.09.17 23:31:10.568,2.2912,2.2918,3.20,10.80
2007.09.17 23:31:10.692,2.2912,2.2918,2.40,10.80
2007.09.17 23:31:10.946,2.2911,2.29175,4.40,3.60
2007.09.17 23:31:14.201,2.2911,2.29175,3.20,3.60
2007.09.17 23:31:14.314,2.2911,2.29165,0.80,3.60
2007.09.17 23:31:14.410,2.291,2.29165,4.40,3.60
2007.09.17 23:31:16.678,2.291,2.29165,3.20,3.60
2007.09.17 23:31:16.790,2.291,2.2915,2.40,2.00
2007.09.17 23:31:16.823,2.29095,2.2914,0.80,0.80
2007.09.17 23:31:20.842,2.291,2.2915,1.20,0.50
2007.09.17 23:31:20.896,2.291,2.2916,1.20,12.40
2007.09.17 23:31:21.430,2.291,2.2916,1.20,8.40
2007.09.17 23:31:21.718,2.291,2.2916,3.60,8.40
2007.09.17 23:31:21.744,2.291,2.2916,4.40,7.60
2007.09.17 23:31:21.840,2.291,2.2916,4.40,3.60
2007.09.17 23:31:21.920,2.291,2.2916,8.40,1.20
2007.09.17 23:31:21.950,2.291,2.2916,10.00,1.20
2007.09.17 23:31:22.130,2.291,2.2916,11.60,1.20
2007.09.17 23:31:22.279,2.291,2.2916,18.80,1.20
2007.09.17 23:31:22.476,2.29105,2.2916,2.40,1.20
2007.09.17 23:31:22.595,2.29105,2.2917,2.40,4.40
2007.09.17 23:31:22.705,2.29105,2.2916,2.40,1.20
2007.09.17 23:31:23.653,2.29105,2.2917,2.40,3.20
2007.09.17 23:31:23.700,2.29115,2.2917,2.40,0.80
2007.09.17 23:31:23.865,2.29115,2.29175,2.40,2.40
2007.09.17 23:31:24.218,2.29115,2.2918,2.40,8.40
2007.09.17 23:31:28.069,2.2912,2.2918,1.20,7.20
2007.09.17 23:31:28.298,2.2912,2.2918,1.20,8.40
2007.09.17 23:31:30.092,2.2912,2.2917,1.20,2.40
2007.09.17 23:31:30.277,2.29105,2.2916,3.20,1.20
2007.09.17 23:31:30.990,2.291,2.2916,19.60,1.20
2007.09.17 23:31:32.378,2.2911,2.2917,1.20,3.60
2007.09.17 23:31:32.399,2.29105,2.2917,5.20,1.20
2007.09.17 23:31:32.671,2.2912,2.29175,0.90,2.40
2007.09.17 23:31:32.796,2.2911,2.29175,8.40,2.40
2007.09.17 23:31:32.878,2.2911,2.2918,8.40,3.20
2007.09.17 23:31:33.226,2.2912,2.2917,1.90,1.20
2007.09.17 23:31:33.770,2.2911,2.2917,4.40,1.20
2007.09.17 23:31:33.916,2.29105,2.2917,5.20,1.20
2007.09.17 23:31:34.202,2.291,2.2917,8.40,5.20
2007.09.17 23:31:34.261,2.291,2.2917,5.20,7.60
2007.09.17 23:31:34.286,2.2911,2.2917,1.30,12.40
2007.09.17 23:31:34.433,2.291,2.29165,0.80,2.40
2007.09.17 23:31:34.470,2.291,2.29165,1.80,2.40
2007.09.17 23:31:36.756,2.2911,2.2917,0.80,10.00
2007.09.17 23:31:36.810,2.2912,2.2917,0.70,0.80
2007.09.17 23:31:36.921,2.2912,2.29175,0.80,2.40
2007.09.17 23:31:37.248,2.2912,2.2918,0.60,0.80
2007.09.17 23:31:37.447,2.29105,2.29185,5.20,2.40
2007.09.17 23:31:39.040,2.2911,2.29175,4.40,2.40
2007.09.17 23:31:39.235,2.2911,2.29175,4.40,2.40
2007.09.17 23:31:39.248,2.29105,2.2917,5.20,1.20
2007.09.17 23:31:43.763,2.2911,2.29175,4.40,2.40
2007.09.17 23:31:43.866,2.2911,2.29175,4.40,2.40
2007.09.17 23:31:43.892,2.29105,2.2918,5.20,3.20
2007.09.17 23:31:44.388,2.29105,2.29185,5.20,2.40
2007.09.17 23:31:47.670,2.2913,2.29185,0.60,2.40
2007.09.17 23:31:47.696,2.29125,2.2919,3.60,14.80
2007.09.17 23:31:47.752,2.29125,2.2919,3.60,12.40
2007.09.17 23:31:47.761,2.29125,2.2919,3.60,8.40
2007.09.17 23:32:22.728,2.29125,2.2918,2.40,1.20
2007.09.17 23:33:21.225,2.2913,2.2919,1.20,8.40
2007.09.17 23:33:33.881,2.2913,2.2919,5.20,8.40
2007.09.17 23:33:34.934,2.2913,2.2919,6.00,7.60
2007.09.17 23:33:34.988,2.2913,2.2919,8.40,5.20
2007.09.17 23:33:35.364,2.2913,2.2919,7.60,6.00
2007.09.17 23:33:35.453,2.2913,2.2919,5.20,8.40
2007.09.17 23:33:36.790,2.2913,2.2919,5.20,4.40
2007.09.17 23:33:37.686,2.2913,2.2919,7.60,4.40
2007.09.17 23:33:37.767,2.29135,2.2919,2.40,2.00
2007.09.17 23:33:37.826,2.29135,2.2919,2.40,1.20
2007.09.17 23:33:45.726,2.2915,2.292,5.20,3.20
2007.09.17 23:33:45.895,2.2915,2.292,5.20,0.80
2007.09.17 23:33:45.946,2.2915,2.2921,5.20,8.40
2007.09.17 23:33:48.915,2.2915,2.292,4.00,1.20
2007.09.17 23:33:49.540,2.2914,2.292,8.40,1.20
2007.09.17 23:33:52.593,2.2914,2.292,9.20,1.20
2007.09.17 23:33:52.667,2.2914,2.292,10.00,1.20
2007.09.17 23:33:52.751,2.2914,2.292,10.80,1.20
2007.09.17 23:34:02.235,2.2915,2.292,2.40,1.20
2007.09.17 23:34:02.309,2.2915,2.292,3.20,1.20
2007.09.17 23:34:02.455,2.2915,2.292,5.60,1.20
2007.09.17 23:34:08.841,2.2915,2.292,4.80,1.20
2007.09.17 23:34:08.876,2.2915,2.292,2.40,1.20
2007.09.17 23:34:09.255,2.2915,2.292,3.20,1.20
2007.09.17 23:34:09.413,2.2915,2.292,5.60,1.20
2007.09.17 23:34:15.711,2.2915,2.292,9.50,1.20
2007.09.17 23:34:15.735,2.2916,2.292,2.40,1.20
2007.09.17 23:34:15.774,2.2916,2.2922,8.40,8.40
2007.09.17 23:34:15.989,2.2916,2.2922,8.40,4.40
2007.09.17 23:34:16.404,2.2916,2.2922,8.40,3.60
2007.09.17 23:34:16.479,2.2916,2.2922,8.40,1.20
2007.09.17 23:34:21.764,2.2917,2.2922,2.40,1.20
2007.09.17 23:34:21.839,2.2917,2.2922,4.80,1.20
2007.09.17 23:34:21.908,2.2917,2.2922,5.60,1.20
2007.09.17 23:34:24.830,2.2917,2.2922,3.20,1.20
2007.09.17 23:34:24.927,2.2916,2.2922,8.40,1.20
2007.09.17 23:34:27.181,2.2916,2.2922,8.40,2.00
2007.09.17 23:34:27.302,2.2916,2.292,7.20,1.20
2007.09.17 23:34:27.414,2.2916,2.292,2.40,1.20
2007.09.17 23:34:27.587,2.2915,2.292,5.60,1.20
2007.09.17 23:34:28.253,2.2916,2.29215,5.20,2.40
2007.09.17 23:34:28.750,2.2916,2.2922,7.60,8.40
2007.09.17 23:34:28.861,2.2916,2.2922,8.40,8.40
2007.09.17 23:34:28.966,2.2916,2.2922,8.40,4.40
2007.09.17 23:34:29.268,2.2918,2.2922,2.40,2.00
2007.09.17 23:34:29.287,2.2918,2.2922,3.20,1.20
2007.09.17 23:34:30.030,2.2918,2.2922,0.80,1.20
2007.09.17 23:34:30.112,2.29165,2.2922,2.40,1.20
2007.09.17 23:34:31.072,2.2916,2.2922,8.40,1.20
2007.09.17 23:34:31.610,2.2916,2.2922,8.40,2.00
2007.09.17 23:34:31.757,2.2916,2.292,3.20,1.20
2007.09.17 23:34:31.823,2.2916,2.292,0.80,1.20
2007.09.17 23:34:31.864,2.2915,2.292,5.60,1.20
2007.09.17 23:34:38.691,2.2915,2.292,3.20,1.20
2007.09.17 23:34:38.743,2.2915,2.292,0.80,1.20
2007.09.17 23:34:38.822,2.29145,2.292,0.80,1.20
2007.09.17 23:34:39.757,2.29155,2.292,2.40,1.20
2007.09.17 23:34:40.267,2.2915,2.292,0.80,1.20
2007.09.17 23:34:40.384,2.29145,2.292,0.80,1.20
2007.09.17 23:34:42.455,2.2915,2.292,1.20,1.20
2007.09.17 23:34:42.554,2.2915,2.2921,1.20,4.40
2007.09.17 23:34:42.672,2.29145,2.292,3.20,1.20
2007.09.17 23:34:42.992,2.29145,2.2921,3.20,4.40
2007.09.17 23:34:47.203,2.2915,2.2922,1.20,12.40
2007.09.17 23:34:47.245,2.2915,2.2921,3.60,0.50
2007.09.17 23:34:47.306,2.2915,2.2921,4.40,0.50
2007.09.17 23:34:47.396,2.29155,2.2922,2.40,12.40
2007.09.17 23:34:48.756,2.29155,2.2922,2.40,9.20
2007.09.17 23:34:48.771,2.29155,2.2921,2.40,0.80
2007.09.17 23:34:48.884,2.29155,2.2922,2.40,10.80
2007.09.17 23:34:53.641,2.29155,2.2922,2.40,10.00
2007.09.17 23:34:53.709,2.2916,2.2922,2.40,9.20
2007.09.17 23:34:53.741,2.2917,2.2922,1.20,7.20
2007.09.17 23:34:53.760,2.2917,2.2923,1.20,10.80
2007.09.17 23:34:53.935,2.2917,2.2924,1.20,14.80
2007.09.17 23:34:54.460,2.29165,2.2923,2.40,0.60
2007.09.17 23:34:54.507,2.2916,2.29225,9.60,0.60
2007.09.17 23:34:54.530,2.2916,2.29225,7.20,0.70
2007.09.17 23:34:54.566,2.2916,2.2923,3.20,10.80
2007.09.17 23:34:56.628,2.2916,2.29225,4.40,0.50
2007.09.17 23:34:56.675,2.2917,2.2923,2.40,10.80
2007.09.17 23:34:56.801,2.2917,2.29235,4.80,10.80
2007.09.17 23:34:56.846,2.2917,2.29235,5.60,10.00
2007.09.17 23:34:59.754,2.2917,2.29235,5.60,14.00
2007.09.17 23:35:00.111,2.2917,2.2923,3.20,14.00
2007.09.17 23:35:00.178,2.2917,2.29225,2.40,0.90
2007.09.17 23:35:00.278,2.2916,2.2923,3.20,18.70
2007.09.17 23:35:03.142,2.2916,2.29225,3.20,3.20
2007.09.17 23:35:03.170,2.2916,2.2921,3.20,0.80
2007.09.17 23:35:03.892,2.2916,2.2921,2.40,0.60
2007.09.17 23:35:03.929,2.2915,2.29215,5.60,4.40
2007.09.17 23:35:03.996,2.2915,2.29215,5.60,8.40
2007.09.17 23:35:07.768,2.29155,2.2922,2.40,10.80
2007.09.17 23:35:08.293,2.29155,2.2921,2.40,0.50
2007.09.17 23:35:08.301,2.2915,2.29215,6.40,12.30
2007.09.17 23:35:08.340,2.2915,2.29215,3.20,20.30
2007.09.17 23:35:08.468,2.2915,2.2921,2.40,0.80
2007.09.17 23:35:08.542,2.2914,2.2921,5.60,21.10
2007.09.17 23:35:08.966,2.2914,2.2921,8.80,13.10
2007.09.17 23:35:09.064,2.29145,2.2921,2.40,0.60
2007.09.17 23:35:09.187,2.29145,2.2922,2.40,16.70
2007.09.17 23:35:09.208,2.29145,2.2922,2.40,9.60
2007.09.17 23:35:09.281,2.29145,2.2922,2.40,9.60
2007.09.17 23:35:10.536,2.2914,2.292,8.80,2.40
2007.09.17 23:35:10.625,2.2914,2.292,5.60,3.20
2007.09.17 23:35:11.150,2.2914,2.292,3.20,3.20
2007.09.17 23:35:11.208,2.2914,2.292,2.40,4.40
2007.09.17 23:35:11.390,2.2914,2.292,2.40,8.40
2007.09.17 23:35:11.803,2.2914,2.2919,2.40,4.00
2007.09.17 23:35:13.930,2.2914,2.2919,1.60,4.00
2007.09.17 23:35:13.945,2.2914,2.2919,0.80,4.00
2007.09.17 23:35:14.035,2.29135,2.2919,2.40,4.00
2007.09.17 23:35:14.713,2.29135,2.2919,4.00,4.00
2007.09.17 23:35:14.759,2.2915,2.2919,2.40,4.00
2007.09.17 23:35:15.309,2.2915,2.292,2.40,5.20
2007.09.17 23:35:16.700,2.29145,2.292,2.40,5.20
2007.09.17 23:35:16.750,2.2914,2.292,4.00,7.60
2007.09.17 23:35:16.769,2.2914,2.2919,4.00,4.00
2007.09.17 23:35:16.860,2.29135,2.2919,2.40,4.00
2007.09.17 23:35:17.240,2.29135,2.2919,2.40,8.70
2007.09.17 23:35:17.336,2.29135,2.2917,2.40,4.00
2007.09.17 23:35:17.606,2.2913,2.2917,0.80,4.00
2007.09.17 23:35:19.163,2.2913,2.2916,0.80,1.20
2007.09.17 23:35:19.282,2.29125,2.2916,3.20,1.20
2007.09.17 23:35:19.363,2.29115,2.2916,2.40,1.20
2007.09.17 23:35:19.882,2.291,2.2916,3.20,1.20
2007.09.17 23:35:20.051,2.291,2.2916,3.20,5.20
2007.09.17 23:35:20.264,2.291,2.2916,2.40,6.00
2007.09.17 23:35:20.401,2.29095,2.2916,2.40,8.40
2007.09.17 23:35:20.892,2.29095,2.2915,2.40,4.00
2007.09.17 23:35:22.655,2.291,2.2916,0.80,6.40
2007.09.17 23:35:22.666,2.291,2.2916,3.20,6.40
2007.09.17 23:35:22.855,2.2911,2.2916,0.80,6.40
2007.09.17 23:35:23.041,2.2911,2.2916,3.20,4.00
2007.09.17 23:35:23.068,2.2911,2.2917,3.20,15.50
2007.09.17 23:35:23.280,2.2911,2.2917,3.20,11.50
2007.09.17 23:35:23.400,2.2911,2.2917,3.20,7.60
2007.09.17 23:35:23.911,2.2911,2.2916,3.20,4.00
2007.09.17 23:35:24.750,2.2911,2.2916,2.40,4.00
2007.09.17 23:35:24.846,2.291,2.2916,9.60,4.00
2007.09.17 23:35:24.859,2.291,2.29165,5.60,2.40
2007.09.17 23:35:25.401,2.291,2.29165,8.80,2.40
2007.09.17 23:35:25.567,2.29105,2.2917,2.40,10.80
2007.09.17 23:35:25.904,2.29105,2.2917,2.40,6.80
2007.09.17 23:35:26.166,2.291,2.29165,8.80,2.40
2007.09.17 23:35:26.194,2.291,2.29165,5.60,2.40
2007.09.17 23:35:30.554,2.291,2.29165,6.80,2.40
2007.09.17 23:35:30.590,2.291,2.29165,9.20,2.40
2007.09.17 23:35:30.676,2.291,2.29165,12.40,2.40
2007.09.17 23:35:30.685,2.29105,2.2917,2.40,6.80
2007.09.17 23:35:32.912,2.29105,2.2917,2.40,10.80
2007.09.17 23:35:36.167,2.29105,2.2917,2.40,6.80
2007.09.17 23:35:37.186,2.29105,2.2918,2.40,18.80
2007.09.17 23:35:38.484,2.29105,2.2917,2.40,10.80
2007.09.17 23:35:38.620,2.29105,2.2917,2.40,10.80
2007.09.17 23:35:38.755,2.291,2.2915,5.20,0.90
2007.09.17 23:35:38.805,2.291,2.29155,2.80,6.40
2007.09.17 23:35:38.827,2.291,2.2914,1.60,0.50
2007.09.17 23:35:38.898,2.291,2.2914,0.80,0.90
2007.09.17 23:35:39.070,2.291,2.2915,0.80,10.80
2007.09.17 23:35:39.113,2.29085,2.2914,0.80,4.40
2007.09.17 23:35:39.262,2.29085,2.29135,0.80,6.40
2007.09.17 23:35:39.678,2.29085,2.2913,0.80,0.90
2007.09.17 23:35:40.615,2.29085,2.29135,0.80,6.40
2007.09.17 23:35:40.797,2.29085,2.2914,1.60,6.00
2007.09.17 23:35:40.924,2.29085,2.29145,1.60,0.50
2007.09.17 23:35:41.320,2.29085,2.2915,4.00,12.40
2007.09.17 23:35:41.557,2.29095,2.2916,2.40,23.50
2007.09.17 23:35:41.654,2.29095,2.2916,2.40,15.60
2007.09.17 23:35:41.750,2.29095,2.2916,2.40,12.40
2007.09.17 23:35:41.965,2.29095,2.2917,2.40,22.80
2007.09.17 23:35:42.187,2.29095,2.2916,2.40,13.60
2007.09.17 23:35:42.364,2.29085,2.2915,3.20,4.40
2007.09.17 23:35:42.593,2.29085,2.2914,0.80,3.60
2007.09.17 23:35:42.613,2.29085,2.2913,0.80,0.50
2007.09.17 23:35:42.705,2.29085,2.2915,0.80,19.20
2007.09.17 23:35:42.911,2.29085,2.2913,0.80,0.80
2007.09.17 23:35:43.527,2.2909,2.2915,2.40,21.50
2007.09.17 23:35:43.595,2.2909,2.2915,3.20,21.50
2007.09.17 23:35:43.633,2.2909,2.2913,4.00,0.80
2007.09.17 23:35:43.650,2.291,2.2915,1.20,13.10
2007.09.17 23:35:43.864,2.2911,2.2913,1.20,0.90
2007.09.17 23:35:43.881,2.2911,2.2914,1.20,0.70
2007.09.17 23:35:44.070,2.2911,2.2917,1.20,14.00
2007.09.17 23:35:44.114,2.2911,2.2916,1.20,7.20
2007.09.17 23:35:44.164,2.2909,2.2916,3.20,12.40
2007.09.17 23:35:44.245,2.291,2.2915,2.40,0.80
2007.09.17 23:35:44.285,2.291,2.2916,2.40,12.40
2007.09.17 23:35:44.451,2.29105,2.2916,2.40,10.00
2007.09.17 23:35:44.654,2.29105,2.2917,2.40,11.20
2007.09.17 23:35:44.741,2.29105,2.2917,2.40,0.60
2007.09.17 23:35:44.855,2.29105,2.2918,2.40,18.70
2007.09.17 23:35:44.874,2.29105,2.2918,2.40,13.20
2007.09.17 23:35:44.933,2.29105,2.2918,2.40,12.40
2007.09.17 23:35:45.704,2.29105,2.29175,2.40,9.20
2007.09.17 23:35:45.821,2.29105,2.2917,2.40,9.20
2007.09.17 23:35:45.903,2.29105,2.2916,2.40,0.80
2007.09.17 23:35:45.947,2.291,2.2916,4.00,0.90
2007.09.17 23:35:46.534,2.29095,2.2917,2.40,18.80
2007.09.17 23:35:50.739,2.291,2.2916,1.20,0.50
2007.09.17 23:35:50.878,2.291,2.29165,2.40,3.20
2007.09.17 23:35:51.085,2.291,2.29165,3.20,0.80
2007.09.17 23:35:51.112,2.291,2.2917,3.20,14.80
2007.09.17 23:35:51.176,2.291,2.29165,3.20,4.40
2007.09.17 23:35:51.308,2.291,2.29165,2.40,5.20
2007.09.17 23:35:51.402,2.2909,2.29155,9.60,0.50
2007.09.17 23:35:51.409,2.2909,2.2916,9.60,5.20
2007.09.17 23:35:51.534,2.2909,2.29155,7.20,0.70
2007.09.17 23:35:51.616,2.2909,2.2915,7.20,0.70
2007.09.17 23:35:51.623,2.2909,2.2915,4.80,0.50
2007.09.17 23:35:51.709,2.29085,2.2915,3.20,0.50
2007.09.17 23:35:51.918,2.29085,2.2915,3.20,0.60
2007.09.17 23:35:52.050,2.29085,2.2915,3.20,0.60
2007.09.17 23:35:52.127,2.29085,2.2915,3.20,0.50
2007.09.17 23:35:53.271,2.29085,2.2917,3.20,24.40
2007.09.17 23:35:53.394,2.2909,2.2916,4.80,5.60
2007.09.17 23:35:53.423,2.29095,2.29155,2.40,4.80
2007.09.17 23:35:53.689,2.29085,2.2916,3.20,6.80
2007.09.17 23:35:53.901,2.2909,2.2915,0.80,0.60
2007.09.17 23:35:53.948,2.2909,2.29155,3.20,4.80
2007.09.17 23:35:55.223,2.29085,2.29155,4.00,7.20
2007.09.17 23:35:57.763,2.2909,2.2916,3.20,6.80
2007.09.17 23:36:00.717,2.2909,2.2916,5.60,6.80
2007.09.17 23:36:00.818,2.2909,2.2915,0.80,0.90
2007.09.17 23:36:00.843,2.29085,2.2915,0.70,0.60
2007.09.17 23:36:00.935,2.2909,2.2915,0.30,0.50
2007.09.17 23:36:01.137,2.2908,2.2915,13.00,10.80
2007.09.17 23:36:04.099,2.29085,2.2915,5.60,8.40
2007.09.17 23:36:04.244,2.2909,2.29155,9.10,9.60
2007.09.17 23:36:04.352,2.291,2.2915,0.30,0.90
2007.09.17 23:36:04.552,2.2909,2.29155,9.90,4.80
2007.09.17 23:36:05.298,2.2909,2.2915,9.90,1.60
2007.09.17 23:36:05.461,2.291,2.2915,0.30,0.80
2007.09.17 23:36:05.525,2.2909,2.29155,9.90,2.40
2007.09.17 23:36:05.702,2.29085,2.2915,10.60,1.20
2007.09.17 23:36:06.220,2.2909,2.29155,9.90,2.40
2007.09.17 23:36:10.863,2.2909,2.29155,10.20,2.40
2007.09.17 23:36:20.950,2.2909,2.29155,10.30,2.40
2007.09.17 23:36:23.395,2.291,2.2916,0.70,4.40
2007.09.17 23:36:30.178,2.2909,2.2915,10.30,0.80
2007.09.17 23:36:30.965,2.2909,2.2915,10.50,0.90
2007.09.17 23:36:34.480,2.2909,2.29155,8.10,3.60
2007.09.17 23:36:34.611,2.291,2.29155,0.90,3.60
2007.09.17 23:36:34.709,2.291,2.29155,0.90,6.40
2007.09.17 23:36:36.093,2.291,2.2915,1.70,0.90
2007.09.17 23:36:36.163,2.291,2.2915,4.10,0.80
2007.09.17 23:36:36.190,2.291,2.2917,4.10,10.80
2007.09.17 23:36:36.458,2.291,2.2916,4.10,0.80
2007.09.17 23:36:36.819,2.291,2.29165,4.10,0.60
2007.09.17 23:36:40.934,2.291,2.2917,4.40,10.80
2007.09.17 23:36:40.993,2.29105,2.2918,2.40,25.10
2007.09.17 23:36:44.088,2.291,2.29165,4.40,0.70
2007.09.17 23:36:54.733,2.291,2.29165,5.20,2.40
2007.09.17 23:36:54.742,2.29105,2.2917,3.20,5.20
2007.09.17 23:36:54.791,2.29105,2.2917,3.20,4.40
2007.09.17 23:36:54.983,2.29105,2.2917,2.40,4.40
2007.09.17 23:36:55.254,2.2911,2.2917,1.20,4.40
2007.09.17 23:36:55.292,2.2912,2.2917,2.40,2.00
2007.09.17 23:36:55.365,2.2912,2.2917,6.40,2.00
2007.09.17 23:36:55.520,2.2912,2.2917,7.20,1.20
2007.09.17 23:36:55.766,2.2912,2.2918,3.20,12.40
2007.09.17 23:36:55.808,2.2912,2.2917,0.80,2.40
2007.09.17 23:36:55.877,2.29105,2.2917,2.40,3.20
2007.09.17 23:36:56.182,2.29105,2.2917,2.40,4.40
2007.09.17 23:37:01.272,2.2911,2.2917,1.20,4.40
2007.09.17 23:37:01.420,2.2911,2.2917,3.60,2.00
2007.09.17 23:37:01.474,2.2911,2.2917,4.40,1.20
2007.09.17 23:37:01.596,2.2911,2.2917,4.40,0.70
2007.09.17 23:37:01.677,2.2911,2.2918,4.40,12.40
2007.09.17 23:37:04.786,2.2911,2.2918,8.40,7.20
2007.09.17 23:37:05.005,2.29115,2.2918,2.40,0.90
2007.09.17 23:37:08.216,2.29115,2.2918,2.40,0.90
2007.09.17 23:37:08.296,2.2911,2.29175,8.40,0.50
2007.09.17 23:37:08.526,2.2911,2.2917,8.40,0.60
2007.09.17 23:37:08.744,2.2911,2.29175,4.40,6.40
2007.09.17 23:37:09.781,2.2911,2.29175,4.40,7.60
2007.09.17 23:37:09.850,2.2911,2.2918,2.00,12.40
2007.09.17 23:37:09.882,2.2911,2.2917,1.20,0.80
2007.09.17 23:37:10.167,2.2911,2.2918,1.20,12.40
2007.09.17 23:37:11.670,2.2914,2.2919,2.40,16.40
2007.09.17 23:37:11.698,2.2914,2.292,2.40,12.40
2007.09.17 23:37:11.722,2.2914,2.2919,2.40,15.60
2007.09.17 23:37:11.832,2.2915,2.292,2.80,0.80
2007.09.17 23:37:11.878,2.2915,2.2921,3.60,11.60
2007.09.17 23:37:11.965,2.2915,2.2921,6.80,0.50
2007.09.17 23:37:12.145,2.2915,2.2921,6.80,0.90
2007.09.17 23:37:12.244,2.2915,2.2921,10.80,0.70
2007.09.17 23:37:12.347,2.2915,2.2922,10.00,13.20
2007.09.17 23:37:12.518,2.2915,2.2921,7.60,0.60
2007.09.17 23:37:12.664,2.2916,2.2922,1.20,13.20
2007.09.17 23:37:12.710,2.2916,2.2921,3.60,0.60
2007.09.17 23:37:12.784,2.2917,2.2923,1.20,18.80
2007.09.17 23:37:12.871,2.2917,2.2923,1.20,10.00
2007.09.17 23:37:12.994,2.2917,2.2923,1.20,10.00
2007.09.17 23:37:13.014,2.2917,2.2924,1.20,19.50
2007.09.17 23:37:13.103,2.2917,2.2923,1.20,9.20
2007.09.17 23:37:13.186,2.29165,2.2922,2.40,0.80
2007.09.17 23:37:13.213,2.29165,2.2924,2.40,19.50
2007.09.17 23:37:13.397,2.29165,2.2924,2.40,26.70
2007.09.17 23:37:13.500,2.2916,2.29225,3.20,0.60
2007.09.17 23:37:16.808,2.2916,2.29225,3.20,3.60
2007.09.17 23:37:16.846,2.2916,2.2922,0.80,3.60
2007.09.17 23:37:16.900,2.29155,2.2922,2.40,8.40
2007.09.17 23:37:17.318,2.2916,2.2921,4.00,0.90
2007.09.17 23:37:21.791,2.2916,2.2923,5.20,15.60
2007.09.17 23:37:21.894,2.2916,2.2923,6.00,11.60
2007.09.17 23:37:21.952,2.2916,2.2922,8.40,0.80
2007.09.17 23:37:22.097,2.2916,2.29225,8.40,3.60
2007.09.17 23:37:23.233,2.2917,2.2922,1.20,0.60
2007.09.17 23:37:23.345,2.2917,2.2923,1.20,8.40
2007.09.17 23:37:23.469,2.2917,2.2923,1.20,0.90
2007.09.17 23:37:27.083,2.2917,2.2924,1.20,17.20
2007.09.17 23:37:29.104,2.2917,2.2923,1.20,4.40
2007.09.17 23:37:29.242,2.2916,2.2923,3.20,10.80
2007.09.17 23:37:29.334,2.2916,2.2922,3.20,0.90
2007.09.17 23:37:29.547,2.2916,2.2922,2.40,0.80
2007.09.17 23:37:29.628,2.29155,2.2922,2.40,7.20
2007.09.17 23:37:34.136,2.2916,2.2922,4.00,6.40
2007.09.17 23:37:34.188,2.29165,2.2922,2.40,4.00
2007.09.17 23:37:34.250,2.2917,2.2922,1.20,4.00
2007.09.17 23:37:34.331,2.2917,2.2923,1.20,8.40
2007.09.17 23:38:00.720,2.2918,2.2923,0.80,8.40
2007.09.17 23:38:00.781,2.2919,2.2923,1.20,7.20
2007.09.17 23:38:00.900,2.2919,2.2924,1.20,4.00
2007.09.17 23:38:00.907,2.2919,2.2923,1.20,2.40
2007.09.17 23:38:00.983,2.2919,2.2925,1.20,8.40
2007.09.17 23:38:03.059,2.2919,2.2925,2.00,7.60
2007.09.17 23:38:03.192,2.29195,2.2925,2.40,5.20
2007.09.17 23:38:03.262,2.29195,2.2926,2.40,11.20
2007.09.17 23:38:03.373,2.29195,2.2926,2.40,7.20
2007.09.17 23:38:03.465,2.29195,2.2926,2.40,3.20
2007.09.17 23:38:03.574,2.292,2.2926,0.80,2.40
2007.09.17 23:38:03.676,2.2921,2.2926,1.20,2.40
2007.09.17 23:38:03.753,2.2921,2.29265,1.20,2.40
2007.09.17 23:38:04.090,2.2921,2.29265,2.00,2.40
2007.09.17 23:38:04.128,2.2922,2.29265,0.80,2.40
2007.09.17 23:38:04.211,2.2925,2.29265,1.20,2.40
2007.09.17 23:38:04.338,2.2925,2.2928,1.20,7.20
2007.09.17 23:38:04.417,2.2925,2.2928,1.20,3.20
2007.09.17 23:38:04.717,2.2925,2.2928,1.20,2.40
2007.09.17 23:38:04.874,2.2925,2.2931,1.20,8.40
2007.09.17 23:38:05.338,2.2925,2.29305,1.20,0.80
2007.09.17 23:38:05.892,2.2925,2.29305,1.20,3.20
2007.09.17 23:38:09.696,2.2924,2.29305,4.00,3.20
2007.09.17 23:38:09.769,2.2924,2.29305,3.20,3.20
2007.09.17 23:38:09.803,2.2924,2.2929,3.20,1.20
2007.09.17 23:38:09.905,2.2924,2.2928,2.40,0.80
2007.09.17 23:38:10.084,2.2924,2.2928,2.40,1.60
2007.09.17 23:38:10.258,2.2923,2.29275,2.00,0.80
2007.09.17 23:38:10.314,2.2923,2.29275,1.20,0.80
2007.09.17 23:38:10.739,2.2922,2.29275,3.20,0.80
2007.09.17 23:38:10.783,2.2922,2.29275,0.80,0.80
2007.09.17 23:38:11.025,2.2922,2.2928,0.80,4.40
2007.09.17 23:38:11.277,2.2922,2.29275,0.80,2.40
2007.09.17 23:38:11.314,2.2921,2.29275,4.40,2.40
2007.09.17 23:38:12.064,2.29215,2.2928,2.40,4.40
2007.09.17 23:38:12.227,2.2924,2.2928,2.40,4.40
2007.09.17 23:38:12.254,2.2925,2.2928,1.20,3.20
2007.09.17 23:38:12.641,2.2925,2.2928,3.60,0.80
2007.09.17 23:38:12.697,2.2925,2.2929,4.40,0.80
2007.09.17 23:38:12.969,2.2925,2.29315,4.40,2.40
2007.09.17 23:38:13.101,2.2925,2.2931,2.00,2.40
2007.09.17 23:38:13.206,2.2925,2.2931,1.20,3.20
2007.09.17 23:38:13.622,2.2925,2.2931,2.00,2.40
2007.09.17 23:38:14.107,2.2925,2.29315,4.40,3.20
2007.09.17 23:38:14.767,2.2925,2.2931,4.40,1.20
2007.09.17 23:38:14.870,2.2925,2.2931,3.60,2.00
2007.09.17 23:38:14.902,2.2925,2.29305,1.20,2.40
2007.09.17 23:38:16.737,2.2925,2.293,1.20,2.40
2007.09.17 23:38:17.770,2.2924,2.293,3.20,3.60
2007.09.17 23:38:17.875,2.2924,2.293,2.40,4.40
2007.09.17 23:38:17.943,2.29235,2.29295,2.40,2.40
2007.09.17 23:38:18.166,2.2924,2.29295,0.80,2.40
2007.09.17 23:38:18.195,2.2925,2.29295,1.20,2.40
2007.09.17 23:38:18.464,2.2925,2.293,1.20,2.40
2007.09.17 23:38:20.685,2.29245,2.293,2.40,2.40
2007.09.17 23:38:20.765,2.2924,2.293,7.20,2.40
2007.09.17 23:38:20.892,2.2924,2.293,7.20,3.60
2007.09.17 23:38:20.983,2.2924,2.293,3.20,7.60
2007.09.17 23:38:21.046,2.2924,2.29295,0.80,2.40
2007.09.17 23:38:21.108,2.29235,2.29295,2.40,2.40
2007.09.17 23:38:21.306,2.2923,2.29295,3.20,2.40
2007.09.17 23:38:22.279,2.2923,2.2929,0.80,2.40
2007.09.17 23:38:22.354,2.29225,2.2929,2.40,3.20
2007.09.17 23:38:23.739,2.29225,2.2928,2.40,2.40
2007.09.17 23:38:23.763,2.29225,2.2928,2.40,7.60
2007.09.17 23:38:23.876,2.2922,2.2928,3.20,10.80
2007.09.17 23:38:24.211,2.2922,2.2928,3.20,18.70
2007.09.17 23:38:24.291,2.2922,2.2928,3.20,22.70
2007.09.17 23:38:24.359,2.2922,2.2927,0.80,2.40
2007.09.17 23:38:24.821,2.2921,2.2927,4.40,3.20
2007.09.17 23:38:28.157,2.2921,2.2926,4.40,1.60
2007.09.17 23:38:28.170,2.2921,2.2926,4.40,2.40
2007.09.17 23:38:28.255,2.2921,2.2925,4.40,0.80
2007.09.17 23:38:28.271,2.2921,2.2925,4.40,1.60
2007.09.17 23:38:28.331,2.2921,2.2925,4.40,2.40
2007.09.17 23:38:28.363,2.2921,2.2925,4.40,1.60
2007.09.17 23:38:28.489,2.2921,2.2925,3.20,0.80
2007.09.17 23:38:28.666,2.2921,2.2926,0.80,3.60
2007.09.17 23:38:28.685,2.292,2.2926,3.20,3.60
2007.09.17 23:38:28.898,2.292,2.2925,2.40,0.80
2007.09.17 23:38:28.986,2.2919,2.2925,1.20,3.20
2007.09.17 23:38:29.312,2.2919,2.2924,1.20,2.40
2007.09.17 23:38:29.588,2.2919,2.2925,3.60,0.80
2007.09.17 23:38:29.696,2.2919,2.2924,3.60,0.80
2007.09.17 23:38:29.819,2.2919,2.2925,1.20,3.20
2007.09.17 23:38:30.309,2.2919,2.2925,2.00,2.40
2007.09.17 23:38:30.375,2.2919,2.29255,4.40,2.40
2007.09.17 23:38:31.770,2.2919,2.29255,8.40,2.40
2007.09.17 23:38:31.838,2.29195,2.2926,2.40,3.20
2007.09.17 23:38:32.287,2.292,2.2926,0.80,2.40
2007.09.17 23:38:32.397,2.292,2.29265,3.20,2.40
2007.09.17 23:38:33.705,2.292,2.29265,7.10,2.40
2007.09.17 23:38:33.748,2.2921,2.29265,1.20,2.40
2007.09.17 23:38:33.834,2.2921,2.29265,5.20,2.40
2007.09.17 23:38:34.080,2.2921,2.2927,7.60,0.80
2007.09.17 23:38:34.279,2.2921,2.29275,8.40,2.40
2007.09.17 23:38:34.391,2.29215,2.2928,2.40,3.20
2007.09.17 23:38:35.152,2.29215,2.2928,2.40,4.00
2007.09.17 23:38:35.206,2.29215,2.2928,2.40,5.20
2007.09.17 23:38:35.763,2.29215,2.2928,2.40,7.60
2007.09.17 23:38:35.798,2.29215,2.2928,2.40,11.60
2007.09.17 23:38:35.858,2.2921,2.29275,4.40,2.40
2007.09.17 23:38:38.154,2.29215,2.2928,2.40,11.60
2007.09.17 23:38:38.210,2.29215,2.2928,2.40,10.40
2007.09.17 23:38:38.396,2.29215,2.2928,2.40,3.20
2007.09.17 23:38:38.715,2.2923,2.2928,1.20,3.20
2007.09.17 23:38:39.123,2.2923,2.2928,2.00,2.40
2007.09.17 23:38:40.292,2.29235,2.29295,2.40,2.40
2007.09.17 23:38:41.709,2.29235,2.2928,2.40,2.40
2007.09.17 23:38:41.796,2.2923,2.2928,2.00,2.40
2007.09.17 23:38:41.821,2.2923,2.2928,0.80,3.60
2007.09.17 23:38:41.921,2.2922,2.2928,8.40,4.40
2007.09.17 23:38:42.643,2.2922,2.2928,8.40,3.60
2007.09.17 23:38:42.666,2.2923,2.2928,1.20,2.40
2007.09.17 23:38:42.743,2.2923,2.29285,1.20,2.40
2007.09.17 23:38:42.828,2.2923,2.2929,3.60,0.80
2007.09.17 23:38:42.853,2.2923,2.29295,4.40,2.40
2007.09.17 23:38:43.322,2.29235,2.293,2.40,11.60
2007.09.17 23:38:43.661,2.29235,2.293,2.40,10.80
2007.09.17 23:38:43.693,2.2924,2.293,1.20,10.80
2007.09.17 23:38:43.793,2.2924,2.293,1.20,6.80
2007.09.17 23:38:43.833,2.2924,2.293,3.60,4.40
2007.09.17 23:38:43.900,2.2924,2.293,4.40,3.60
2007.09.17 23:38:44.414,2.2924,2.293,0.80,3.60
2007.09.17 23:38:46.399,2.2922,2.293,20.70,3.60
2007.09.17 23:38:46.426,2.2922,2.293,20.70,4.40
2007.09.17 23:38:46.770,2.2924,2.293,6.10,1.20
2007.09.17 23:38:46.839,2.2924,2.29305,16.30,3.20
2007.09.17 23:38:46.934,2.2925,2.29305,3.10,3.20
2007.09.17 23:38:46.948,2.2925,2.29315,1.20,2.40
2007.09.17 23:38:47.488,2.29255,2.2932,1.30,3.20
2007.09.17 23:38:48.662,2.2926,2.2932,1.20,3.20
2007.09.17 23:38:48.758,2.29265,2.2932,1.20,0.80
2007.09.17 23:38:48.773,2.2926,2.2933,7.20,3.20
2007.09.17 23:38:48.860,2.29265,2.2933,3.60,3.20
2007.09.17 23:38:49.239,2.2927,2.2932,0.80,2.40
2007.09.17 23:38:49.287,2.2926,2.2932,8.40,2.40
2007.09.17 23:38:49.401,2.2927,2.2932,2.40,2.40
2007.09.17 23:38:49.498,2.2926,2.2932,8.40,3.60
2007.09.17 23:38:49.531,2.2925,2.2932,15.60,3.60
2007.09.17 23:38:53.155,2.2925,2.2932,15.60,4.40
2007.09.17 23:38:53.229,2.2925,2.2932,11.60,4.40
2007.09.17 23:38:53.344,2.2926,2.29315,2.10,2.40
2007.09.17 23:38:53.442,2.29255,2.29315,1.00,2.40
2007.09.17 23:38:54.242,2.2925,2.2932,4.40,9.20
2007.09.17 23:38:54.270,2.2925,2.2932,3.20,13.20
2007.09.17 23:38:54.368,2.2926,2.2932,6.40,16.30
2007.09.17 23:38:54.500,2.2926,2.2932,0.70,16.30
2007.09.17 23:38:55.182,2.2924,2.2931,6.40,0.80
2007.09.17 23:38:55.330,2.29245,2.2931,1.30,3.20
2007.09.17 23:38:55.807,2.2924,2.29315,6.40,2.40
2007.09.17 23:38:56.335,2.2924,2.2931,6.40,0.80
2007.09.17 23:38:56.372,2.2924,2.2931,6.40,3.20
2007.09.17 23:38:58.673,2.29245,2.293,1.10,0.80
2007.09.17 23:38:58.828,2.2924,2.293,6.40,2.00
2007.09.17 23:39:02.826,2.2924,2.2928,6.40,2.00
2007.09.17 23:39:02.949,2.2923,2.2928,10.40,2.00
2007.09.17 23:39:03.476,2.2923,2.2928,1.80,2.00
2007.09.17 23:39:18.989,2.2923,2.2928,3.20,1.20
2007.09.17 23:39:19.016,2.2923,2.2928,7.20,1.20
2007.09.17 23:39:19.130,2.2923,2.2928,10.40,1.20
2007.09.17 23:39:19.373,2.29235,2.2928,2.40,1.20
2007.09.17 23:39:19.547,2.2924,2.2928,4.00,1.20
2007.09.17 23:39:19.660,2.2924,2.293,5.20,3.60
2007.09.17 23:39:19.758,2.2924,2.293,5.20,2.40
2007.09.17 23:39:19.839,2.29245,2.29305,2.40,2.40
2007.09.17 23:39:20.131,2.2924,2.293,5.20,2.40
2007.09.17 23:39:20.188,2.2924,2.293,1.20,3.20
2007.09.17 23:39:21.242,2.29235,2.293,2.40,3.20
2007.09.17 23:39:23.705,2.2925,2.293,1.20,3.20
2007.09.17 23:39:23.911,2.2925,2.293,1.20,2.40
2007.09.17 23:39:23.928,2.2925,2.2931,1.20,11.60
2007.09.17 23:39:27.500,2.29245,2.2931,3.60,11.60
2007.09.17 23:39:35.206,2.2924,2.2931,10.40,11.60
2007.09.17 23:39:35.367,2.2923,2.29305,11.60,2.40
2007.09.17 23:39:35.835,2.2923,2.293,11.60,0.80
2007.09.17 23:39:35.865,2.2924,2.293,1.20,3.20
2007.09.17 23:39:39.670,2.29235,2.293,10.40,2.40
2007.09.17 23:39:39.738,2.2924,2.29305,10.40,2.40
2007.09.17 23:39:46.734,2.29245,2.29305,3.60,2.40
2007.09.17 23:39:46.831,2.2925,2.29305,1.30,2.40
2007.09.17 23:39:46.891,2.2925,2.2931,7.60,2.00
2007.09.17 23:39:48.370,2.2925,2.2931,7.60,1.20
2007.09.17 23:39:50.007,2.29255,2.2931,1.10,3.60
2007.09.17 23:39:50.158,2.29245,2.2931,3.60,6.80
2007.09.17 23:39:50.859,2.2925,2.2931,0.90,10.80
2007.09.17 23:39:58.201,2.2925,2.2929,1.20,2.40
2007.09.17 23:39:58.218,2.29245,2.2929,2.40,3.60
2007.09.17 23:39:58.301,2.2924,2.2929,4.00,6.00
2007.09.17 23:39:58.333,2.2923,2.2929,6.00,6.80
2007.09.17 23:39:58.520,2.2923,2.2929,5.20,6.80
2007.09.17 23:40:08.081,2.2923,2.2928,5.20,2.40
2007.09.17 23:40:08.168,2.29225,2.2928,2.40,3.60
2007.09.17 23:40:08.213,2.2922,2.2928,8.40,3.60
2007.09.17 23:40:21.109,2.2922,2.2928,8.40,4.40
2007.09.17 23:40:21.728,2.2922,2.2928,8.40,3.60
2007.09.17 23:40:23.665,2.2922,2.2928,8.40,1.20
2007.09.17 23:40:23.720,2.2923,2.29285,1.20,2.40
2007.09.17 23:40:23.781,2.2923,2.2929,3.60,0.80
2007.09.17 23:40:23.841,2.2923,2.29295,4.40,2.40
2007.09.17 23:40:28.083,2.2923,2.29295,1.90,2.40
2007.09.17 23:40:41.663,2.2923,2.29295,1.90,2.40
2007.09.17 23:40:42.400,2.2922,2.2929,6.40,0.80
2007.09.17 23:40:42.428,2.2922,2.2929,6.40,3.20
2007.09.17 23:40:46.109,2.29225,2.2929,3.20,2.40
2007.09.17 23:40:46.122,2.2922,2.29295,6.40,2.40
2007.09.17 23:40:46.204,2.2922,2.29295,7.60,2.40
2007.09.17 23:41:29.832,2.29235,2.293,2.40,4.40
2007.09.17 23:41:29.872,2.29235,2.293,2.40,3.20
2007.09.17 23:41:34.203,2.29235,2.2929,2.40,1.20
2007.09.17 23:41:34.227,2.29235,2.2929,2.40,4.40
2007.09.17 23:41:34.325,2.29235,2.2929,2.40,8.40
2007.09.17 23:41:34.406,2.29235,2.2929,2.40,9.20
2007.09.17 23:41:34.438,2.2923,2.2929,1.20,11.60
2007.09.17 23:41:42.821,2.29225,2.2929,2.40,15.60
2007.09.17 23:41:42.838,2.2922,2.29285,3.20,2.40
2007.09.17 23:41:43.327,2.2922,2.2928,0.80,2.40
2007.09.17 23:41:43.347,2.29215,2.2928,3.20,3.20
2007.09.17 23:41:51.656,2.29215,2.2928,2.40,3.20
2007.09.17 23:41:55.894,2.29215,2.2927,2.40,4.00
2007.09.17 23:41:56.931,2.29215,2.2928,2.40,3.20
2007.09.17 23:41:57.196,2.29215,2.2927,2.40,3.20
2007.09.17 23:41:57.248,2.29215,2.2927,2.40,4.40
2007.09.17 23:41:57.289,2.29215,2.2927,2.40,3.60
2007.09.17 23:41:57.337,2.2921,2.2927,2.00,6.00
2007.09.17 23:41:57.357,2.2921,2.2927,1.20,10.80
2007.09.17 23:42:02.742,2.2921,2.2927,1.20,8.40
2007.09.17 23:42:02.846,2.2921,2.2927,5.20,4.40
2007.09.17 23:42:02.948,2.29215,2.2927,2.40,1.20
2007.09.17 23:42:04.665,2.29215,2.2927,2.40,0.60
2007.09.17 23:42:20.135,2.29215,2.2928,2.40,6.80
2007.09.17 23:42:21.400,2.2922,2.2928,2.40,0.50
2007.09.17 23:42:21.460,2.2922,2.2928,2.40,0.50
2007.09.17 23:42:21.495,2.2922,2.2928,3.20,0.70
2007.09.17 23:42:23.943,2.2922,2.2928,0.80,3.60
2007.09.17 23:42:23.969,2.2921,2.2928,3.20,4.40
2007.09.17 23:42:27.723,2.2921,2.29275,3.20,3.20
2007.09.17 23:42:27.781,2.2921,2.29265,0.80,0.80
2007.09.17 23:42:27.832,2.2921,2.29265,0.80,3.60
2007.09.17 23:42:27.926,2.292,2.2926,3.20,0.50
2007.09.17 23:42:29.082,2.2921,2.2927,2.40,2.00
2007.09.17 23:42:29.152,2.2921,2.29275,3.20,3.60
2007.09.17 23:42:29.251,2.2921,2.2928,3.20,4.40
2007.09.17 23:42:29.327,2.2921,2.2928,0.80,4.40
2007.09.17 23:42:29.361,2.292,2.2927,3.20,3.20
2007.09.17 23:42:29.464,2.2922,2.29265,0.80,0.60
2007.09.17 23:42:29.591,2.2922,2.29285,3.20,3.60
2007.09.17 23:42:30.497,2.2922,2.29285,2.40,4.40
2007.09.17 23:42:30.627,2.2921,2.2928,8.40,4.40
2007.09.17 23:42:30.815,2.2921,2.2926,7.20,0.50
2007.09.17 23:42:30.907,2.2921,2.2926,3.20,0.50
2007.09.17 23:42:31.115,2.2921,2.29265,0.80,3.60
2007.09.17 23:42:31.125,2.292,2.2926,3.20,0.70
2007.09.17 23:42:32.158,2.292,2.2927,3.20,3.20
2007.09.17 23:42:32.369,2.292,2.2927,6.40,3.20
2007.09.17 23:42:32.399,2.29205,2.2927,2.40,0.50
2007.09.17 23:42:32.894,2.2921,2.2927,2.40,0.80
2007.09.17 23:42:33.007,2.2921,2.29275,3.20,2.40
2007.09.17 23:42:34.322,2.2921,2.2927,2.40,0.80
2007.09.17 23:42:34.432,2.29205,2.2927,2.40,3.20
2007.09.17 23:42:34.746,2.29205,2.2926,2.40,1.20
2007.09.17 23:42:34.949,2.292,2.2926,3.20,1.20
2007.09.17 23:42:37.720,2.292,2.2926,7.10,1.20
2007.09.17 23:42:37.739,2.2922,2.2926,2.40,1.20
2007.09.17 23:42:37.750,2.2922,2.2927,2.40,0.80
2007.09.17 23:42:38.275,2.2922,2.2928,3.20,1.20
2007.09.17 23:42:42.825,2.2922,2.2928,2.40,2.00
2007.09.17 23:42:42.839,2.2921,2.29275,3.20,2.40
2007.09.17 23:42:46.883,2.2921,2.2927,2.40,0.80
2007.09.17 23:42:46.898,2.29205,2.2927,2.40,3.20
2007.09.17 23:42:49.757,2.29205,2.2927,2.40,0.70
2007.09.17 23:42:50.094,2.29205,2.2927,2.40,3.20
2007.09.17 23:42:50.213,2.29205,2.2927,2.40,4.40
2007.09.17 23:42:50.241,2.29195,2.2926,2.40,0.50
2007.09.17 23:42:50.726,2.2919,2.29255,6.40,0.50
2007.09.17 23:42:51.032,2.2919,2.29255,3.20,0.70
2007.09.17 23:43:12.057,2.2919,2.2926,7.20,4.40
2007.09.17 23:43:13.761,2.2921,2.29275,2.40,5.20
2007.09.17 23:43:13.836,2.2921,2.2926,3.20,0.60
2007.09.17 23:43:14.337,2.2921,2.2926,0.80,3.60
2007.09.17 23:43:14.348,2.2919,2.29255,7.20,0.50
2007.09.17 23:43:18.087,2.2919,2.29255,6.40,3.20
2007.09.17 23:43:18.103,2.2919,2.2925,4.00,3.20
2007.09.17 23:43:19.407,2.29195,2.2925,2.40,0.80
2007.09.17 23:43:19.425,2.29195,2.2926,2.40,4.40
2007.09.17 23:43:20.403,2.29195,2.29255,2.40,2.40
2007.09.17 23:43:23.250,2.292,2.29255,3.90,2.40
2007.09.17 23:43:23.266,2.2921,2.29255,4.00,2.40
2007.09.17 23:43:23.480,2.2921,2.29265,4.00,2.40
2007.09.17 23:43:23.673,2.2921,2.29265,5.20,2.40
2007.09.17 23:43:23.880,2.2921,2.29265,10.00,2.40
2007.09.17 23:43:24.005,2.29215,2.29275,2.40,2.40
2007.09.17 23:43:30.722,2.2923,2.29275,4.00,2.40
2007.09.17 23:43:30.864,2.2923,2.29285,4.00,2.40
2007.09.17 23:43:40.277,2.29235,2.29295,2.40,2.40
2007.09.17 23:43:47.393,2.29235,2.293,2.40,6.80
2007.09.17 23:43:48.156,2.29235,2.29295,2.40,2.40
2007.09.17 23:43:55.197,2.2924,2.29295,3.90,2.40
2007.09.17 23:43:55.312,2.2925,2.29295,4.00,2.40
2007.09.17 23:43:55.320,2.2925,2.293,4.00,0.80
2007.09.17 23:43:55.411,2.2925,2.29305,8.00,2.40
2007.09.17 23:43:55.712,2.2926,2.29305,3.90,2.40
2007.09.17 23:43:55.818,2.2927,2.29305,4.00,2.40
2007.09.17 23:43:55.838,2.2927,2.2931,4.00,3.20
2007.09.17 23:43:56.348,2.2927,2.2931,4.00,0.80
2007.09.17 23:43:56.834,2.2927,2.2933,4.00,3.20
2007.09.17 23:43:58.878,2.2927,2.29325,4.00,2.40
2007.09.17 23:43:59.660,2.2927,2.2932,4.00,1.20
2007.09.17 23:43:59.901,2.2927,2.29315,4.00,2.40
2007.09.17 23:43:59.952,2.29255,2.29315,2.40,2.40
2007.09.17 23:44:02.855,2.29255,2.2931,2.40,0.80
2007.09.17 23:44:02.974,2.29255,2.293,2.40,0.80
2007.09.17 23:44:02.988,2.2925,2.293,4.00,1.60
2007.09.17 23:44:03.077,2.2925,2.293,4.00,2.40
2007.09.17 23:44:03.330,2.2925,2.293,4.00,3.60
2007.09.17 23:44:03.385,2.29245,2.293,2.40,4.40
2007.09.17 23:44:03.565,2.2924,2.29295,3.90,2.40
2007.09.17 23:44:03.587,2.29235,2.29295,2.40,2.40
2007.09.17 23:44:05.637,2.2924,2.29295,3.90,2.40
2007.09.17 23:44:05.791,2.2925,2.29295,4.00,2.40
2007.09.17 23:44:05.814,2.2925,2.293,4.00,0.80
2007.09.17 23:44:06.272,2.2925,2.29305,4.00,2.40
2007.09.17 23:44:07.179,2.2925,2.2929,4.00,0.80
2007.09.17 23:44:07.315,2.29245,2.2928,2.40,1.20
2007.09.17 23:44:07.521,2.29245,2.2929,2.40,1.20
2007.09.17 23:44:07.847,2.29245,2.29305,2.40,2.40
2007.09.17 23:44:08.192,2.2924,2.29305,6.40,2.40
2007.09.17 23:44:08.284,2.2924,2.293,3.20,1.20
2007.09.17 23:44:09.304,2.2924,2.2929,2.40,0.80
2007.09.17 23:44:09.476,2.29225,2.29285,2.40,2.40
2007.09.17 23:44:09.711,2.2923,2.29285,1.20,2.40
2007.09.17 23:44:09.851,2.29235,2.2929,2.40,0.80
2007.09.17 23:44:09.917,2.29235,2.29295,2.40,2.40
2007.09.17 23:44:18.160,2.2924,2.29295,3.90,2.40
2007.09.17 23:44:18.269,2.2924,2.293,6.30,2.00
2007.09.17 23:44:18.318,2.2925,2.293,5.20,0.80
2007.09.17 23:44:18.431,2.2925,2.29305,5.20,2.40
2007.09.17 23:44:18.766,2.29255,2.2931,2.40,0.80
2007.09.17 23:44:18.839,2.29255,2.29315,2.40,2.40
2007.09.17 23:44:20.062,2.2926,2.2932,2.40,2.00
2007.09.17 23:44:20.180,2.2926,2.29325,3.20,2.40
2007.09.17 23:44:20.390,2.2926,2.29325,7.20,2.40
2007.09.17 23:44:20.585,2.29265,2.2933,2.40,3.20
2007.09.17 23:44:22.881,2.29265,2.29325,2.40,2.40
2007.09.17 23:44:29.638,2.2927,2.29325,4.00,2.40
2007.09.17 23:44:30.415,2.2927,2.29325,8.00,2.40
2007.09.17 23:44:30.739,2.2929,2.29325,1.20,2.40
2007.09.17 23:44:30.859,2.2929,2.29325,5.20,2.40
2007.09.17 23:44:30.947,2.293,2.2936,0.80,3.60
2007.09.17 23:44:30.979,2.293,2.2936,3.20,3.60
2007.09.17 23:44:31.047,2.293,2.2936,4.40,3.60
2007.09.17 23:44:31.360,2.293,2.2936,3.60,4.40
2007.09.17 23:44:31.479,2.293,2.29355,1.20,2.40
2007.09.17 23:44:32.095,2.29295,2.29355,2.40,2.40
2007.09.17 23:44:34.765,2.29295,2.2936,2.40,6.80
2007.09.17 23:44:35.270,2.29295,2.29355,2.40,2.40
2007.09.17 23:44:35.884,2.29305,2.2936,2.40,4.40
2007.09.17 23:44:35.942,2.29305,2.2936,2.40,3.60
2007.09.17 23:44:36.056,2.2931,2.2936,1.20,2.40
2007.09.17 23:44:36.654,2.2931,2.2936,1.20,3.20
2007.09.17 23:44:36.744,2.2931,2.29355,1.20,2.40
2007.09.17 23:44:38.115,2.2931,2.2936,1.20,2.40
2007.09.17 23:44:40.621,2.2931,2.29355,1.20,2.40
2007.09.17 23:44:42.279,2.2931,2.29355,4.00,2.40
2007.09.17 23:44:42.521,2.2931,2.29365,4.00,2.40
2007.09.17 23:44:42.773,2.2931,2.29365,5.20,2.40
2007.09.17 23:44:42.878,2.2931,2.29365,9.20,2.40
2007.09.17 23:44:42.995,2.29315,2.29375,2.40,2.40
2007.09.17 23:44:44.233,2.2932,2.29375,5.20,2.40
2007.09.17 23:44:44.333,2.29325,2.2938,2.40,1.20
2007.09.17 23:44:49.091,2.2933,2.2938,2.40,1.20
2007.09.17 23:44:49.189,2.2933,2.2938,6.30,1.20
2007.09.17 23:44:49.203,2.2933,2.29395,8.30,2.40
2007.09.17 23:44:49.306,2.2934,2.29395,4.00,2.40
2007.09.17 23:44:49.609,2.2934,2.294,4.00,4.40
2007.09.17 23:44:51.168,2.2934,2.294,5.20,4.40
2007.09.17 23:44:51.291,2.2934,2.294,9.20,4.40
2007.09.17 23:44:51.381,2.2934,2.294,13.20,3.60
2007.09.17 23:44:51.445,2.29345,2.294,2.40,1.20
2007.09.17 23:44:51.681,2.29345,2.2939,2.40,2.40
2007.09.17 23:44:51.702,2.29345,2.2938,2.40,1.20
2007.09.17 23:44:51.958,2.29325,2.2938,3.20,1.20
2007.09.17 23:44:52.098,2.29325,2.2938,3.20,0.90
2007.09.17 23:45:29.118,2.29325,2.2938,3.20,2.00
2007.09.17 23:45:29.180,2.2932,2.2938,5.20,4.40
2007.09.17 23:45:29.230,2.29315,2.2938,2.40,4.40
2007.09.17 23:45:29.862,2.29315,2.2938,2.40,8.40
2007.09.17 23:45:30.301,2.2931,2.29375,3.20,2.40
2007.09.17 23:45:32.124,2.2931,2.2937,3.20,0.80
2007.09.17 23:45:32.238,2.2931,2.2936,3.20,1.20
2007.09.17 23:45:32.880,2.293,2.2936,3.20,1.20
2007.09.17 23:45:33.350,2.293,2.2936,0.80,3.60
2007.09.17 23:45:33.368,2.29295,2.2936,2.40,4.40
2007.09.17 23:45:36.820,2.29295,2.2936,2.40,8.40
2007.09.17 23:45:37.087,2.2929,2.29355,3.20,2.40
2007.09.17 23:45:40.749,2.2929,2.29355,4.40,2.40
2007.09.17 23:45:40.827,2.29295,2.2936,2.40,12.40
2007.09.17 23:45:40.845,2.29295,2.2936,2.40,8.40
2007.09.17 23:45:41.327,2.2929,2.29355,6.40,2.40
2007.09.17 23:45:41.356,2.2929,2.29355,3.20,2.40
2007.09.17 23:45:41.682,2.2929,2.2934,3.20,1.20
2007.09.17 23:45:41.851,2.2929,2.2934,0.80,1.20
2007.09.17 23:45:41.884,2.2928,2.2934,3.20,1.20
2007.09.17 23:45:42.301,2.2928,2.2934,2.40,6.00
2007.09.17 23:45:42.347,2.2927,2.29335,3.20,2.40
2007.09.17 23:45:43.136,2.2927,2.2933,3.20,0.80
2007.09.17 23:45:43.256,2.2927,2.2931,3.20,1.20
2007.09.17 23:45:43.751,2.2927,2.2931,3.20,3.60
2007.09.17 23:45:43.931,2.2927,2.2931,2.40,3.60
2007.09.17 23:45:43.982,2.2926,2.2931,0.80,3.60
2007.09.17 23:45:44.040,2.2925,2.2931,4.40,3.60
2007.09.17 23:45:44.247,2.2925,2.293,3.20,1.20
2007.09.17 23:45:44.441,2.2925,2.293,0.80,1.20
2007.09.17 23:45:44.964,2.29245,2.293,2.40,1.20
2007.09.17 23:45:45.190,2.2925,2.2931,1.20,5.60
2007.09.17 23:45:45.692,2.2925,2.2931,1.20,3.20
2007.09.17 23:45:45.807,2.2925,2.2931,2.00,2.40
2007.09.17 23:45:45.972,2.2925,2.29315,4.40,2.40
2007.09.17 23:45:46.327,2.2926,2.29315,0.80,2.40
2007.09.17 23:45:46.559,2.2926,2.2932,3.20,3.20
2007.09.17 23:45:46.843,2.2926,2.2931,2.40,0.80
2007.09.17 23:45:46.889,2.29245,2.2931,2.40,3.20
2007.09.17 23:45:47.311,2.2924,2.29305,6.40,2.40
2007.09.17 23:45:47.363,2.2924,2.29305,3.20,2.40
2007.09.17 23:45:48.652,2.2924,2.2931,3.20,3.20
2007.09.17 23:45:50.883,2.2926,2.2933,0.80,7.10
2007.09.17 23:45:50.905,2.2926,2.29325,3.20,0.70
2007.09.17 23:45:51.402,2.2926,2.29315,0.80,0.80
2007.09.17 23:45:51.408,2.29255,2.2932,2.40,3.20
2007.09.17 23:45:55.345,2.29255,2.2932,2.40,0.60
2007.09.17 23:46:04.455,2.29255,2.2932,2.40,3.20
2007.09.17 23:46:05.739,2.2925,2.29305,0.80,0.60
2007.09.17 23:46:05.923,2.29245,2.2931,2.40,3.20
2007.09.17 23:46:06.250,2.2924,2.293,0.80,0.50
2007.09.17 23:46:06.339,2.29235,2.2932,2.40,18.70
2007.09.17 23:46:28.910,2.2925,2.293,2.40,0.80
2007.09.17 23:46:29.036,2.2925,2.29315,3.20,2.40
2007.09.17 23:46:29.938,2.2925,2.2931,0.80,2.40
2007.09.17 23:46:29.974,2.29245,2.2931,2.40,3.20
2007.09.17 23:47:08.428,2.29255,2.2931,2.40,0.80
2007.09.17 23:47:08.437,2.29255,2.2932,2.40,3.20
2007.09.17 23:47:17.816,2.2926,2.2932,0.80,2.40
2007.09.17 23:47:17.850,2.29265,2.2933,2.40,3.20
2007.09.17 23:47:18.348,2.2926,2.2932,0.80,2.40
2007.09.17 23:47:18.353,2.29255,2.2932,2.40,3.20
2007.09.17 23:47:25.391,2.2927,2.2932,0.80,2.40
2007.09.17 23:47:25.505,2.2927,2.29335,3.20,2.40
2007.09.17 23:47:26.455,2.2927,2.2933,2.40,0.80
2007.09.17 23:47:26.649,2.29265,2.2933,2.40,3.20
2007.09.17 23:47:42.147,2.2927,2.2933,4.00,2.40
2007.09.17 23:47:42.180,2.29275,2.2934,2.40,10.80
2007.09.17 23:47:42.228,2.29275,2.2934,2.40,8.40
2007.09.17 23:47:42.281,2.29275,2.2934,2.40,3.20
2007.09.17 23:47:42.575,2.2928,2.2934,0.80,2.40
2007.09.17 23:47:42.683,2.29285,2.2935,2.40,3.20
2007.09.17 23:47:42.904,2.2929,2.2935,4.00,3.20
2007.09.17 23:47:42.919,2.29295,2.2935,0.80,3.20
2007.09.17 23:47:43.445,2.293,2.2935,1.20,3.20
2007.09.17 23:47:43.569,2.293,2.2935,6.00,2.40
2007.09.17 23:47:43.691,2.29305,2.2936,2.40,5.20
2007.09.17 23:47:43.992,2.29305,2.2936,2.40,1.20
2007.09.17 23:47:55.188,2.293,2.2936,6.00,3.60
2007.09.17 23:47:55.236,2.293,2.2936,4.80,7.60
2007.09.17 23:47:55.365,2.29295,2.2936,4.00,11.60
2007.09.17 23:47:55.457,2.29295,2.2936,0.70,12.40
2007.09.17 23:47:55.691,2.29295,2.2936,0.50,13.20
2007.09.17 23:47:55.709,2.2928,2.29355,6.40,2.40
2007.09.17 23:48:00.899,2.2928,2.2934,6.40,0.80
2007.09.17 23:48:00.941,2.2929,2.2934,1.40,1.60
2007.09.17 23:48:01.037,2.2928,2.29325,4.00,2.40
2007.09.17 23:48:01.187,2.2926,2.2932,9.60,1.20
2007.09.17 23:48:01.801,2.2927,2.2932,1.50,3.60
2007.09.17 23:48:02.028,2.29255,2.2932,4.80,4.40
2007.09.17 23:48:02.373,2.2927,2.2932,0.70,4.40
2007.09.17 23:48:02.461,2.29255,2.2932,3.20,4.40
2007.09.17 23:48:02.555,2.29255,2.2932,1.50,4.40
2007.09.17 23:48:03.072,2.29245,2.29305,6.40,2.40
2007.09.17 23:48:03.109,2.2924,2.29305,8.80,2.40
2007.09.17 23:48:03.622,2.29235,2.293,1.10,3.20
2007.09.17 23:48:03.841,2.29235,2.293,3.20,2.40
2007.09.17 23:48:03.897,2.2923,2.29305,6.40,2.40
2007.09.17 23:48:05.842,2.2924,2.293,0.90,0.80
2007.09.17 23:48:05.957,2.2923,2.293,6.40,3.20
2007.09.17 23:48:06.686,2.2923,2.293,6.40,6.80
2007.09.17 23:48:06.887,2.29225,2.2929,3.20,0.80
2007.09.17 23:48:07.052,2.29225,2.2929,1.20,3.20
2007.09.17 23:48:09.838,2.2921,2.29285,11.60,2.40
2007.09.17 23:48:09.851,2.2922,2.29285,1.10,2.40
2007.09.17 23:48:10.287,2.29215,2.2928,3.20,2.40
2007.09.17 23:48:10.369,2.2921,2.2928,6.40,3.20
2007.09.17 23:48:15.217,2.2921,2.2928,6.40,5.60
2007.09.17 23:48:15.275,2.29215,2.2928,1.00,6.80
2007.09.17 23:48:15.405,2.29215,2.2927,0.90,0.80
2007.09.17 23:48:15.475,2.292,2.2927,8.00,3.20
2007.09.17 23:48:15.877,2.2921,2.2927,0.80,2.40
2007.09.17 23:48:15.946,2.2921,2.2928,3.20,3.20
2007.09.17 23:48:18.239,2.29215,2.29275,0.90,2.40
2007.09.17 23:48:19.268,2.2921,2.2928,3.20,6.70
2007.09.17 23:48:19.298,2.2921,2.2928,3.20,9.10
2007.09.17 23:48:19.336,2.2921,2.2928,6.40,8.30
2007.09.17 23:48:19.545,2.2923,2.2928,0.80,10.70
2007.09.17 23:48:19.881,2.2921,2.2928,3.20,15.50
2007.09.17 23:48:20.209,2.292,2.29275,6.40,2.40
2007.09.17 23:48:20.315,2.2921,2.2926,0.80,0.80
2007.09.17 23:48:20.442,2.2919,2.2926,3.20,3.20
2007.09.17 23:48:21.378,2.2921,2.2926,0.80,2.40
2007.09.17 23:48:21.472,2.2921,2.2928,3.20,15.50
2007.09.17 23:48:22.113,2.29215,2.2927,0.80,0.80
2007.09.17 23:48:22.235,2.292,2.29265,3.20,2.40
2007.09.17 23:48:22.619,2.2919,2.2926,3.20,0.80
2007.09.17 23:48:22.967,2.29195,2.2926,0.70,3.20
2007.09.17 23:48:24.072,2.292,2.2926,0.80,2.40
2007.09.17 23:48:24.155,2.2918,2.29265,12.40,2.40
2007.09.17 23:48:24.191,2.2918,2.2926,12.40,1.20
2007.09.17 23:48:24.226,2.2918,2.2926,12.40,3.60
2007.09.17 23:48:24.399,2.2919,2.2926,3.20,6.80
2007.09.17 23:48:24.510,2.2918,2.2925,9.20,0.80
2007.09.17 23:48:24.697,2.2918,2.2925,9.20,3.20
2007.09.17 23:48:24.760,2.2919,2.2925,1.80,3.20
2007.09.17 23:48:24.849,2.29185,2.2925,7.50,3.20
2007.09.17 23:48:25.057,2.2921,2.2928,0.80,8.40
2007.09.17 23:48:25.408,2.2921,2.29275,3.20,2.40
2007.09.17 23:48:25.493,2.2921,2.2927,2.40,0.80
2007.09.17 23:48:25.612,2.29205,2.2927,2.40,3.20
2007.09.17 23:48:28.139,2.2921,2.2927,1.20,3.20
2007.09.17 23:48:28.141,2.2922,2.2927,0.80,2.40
2007.09.17 23:48:28.196,2.29225,2.2928,2.40,7.60
2007.09.17 23:48:28.242,2.29225,2.2928,2.40,6.40
2007.09.17 23:48:28.270,2.29225,2.2928,2.40,4.00
2007.09.17 23:48:28.349,2.29225,2.2929,2.40,3.20
2007.09.17 23:48:32.589,2.2924,2.2929,1.20,3.20
2007.09.17 23:48:32.698,2.2924,2.2929,2.00,2.40
2007.09.17 23:48:32.805,2.29245,2.293,2.40,5.20
2007.09.17 23:48:33.031,2.29245,2.293,2.40,1.20
2007.09.17 23:48:38.570,2.2924,2.29295,0.80,2.40
2007.09.17 23:48:38.670,2.29235,2.29295,2.40,2.40
2007.09.17 23:48:39.079,2.2923,2.2929,0.80,2.40
2007.09.17 23:48:39.205,2.29225,2.2929,2.40,3.20
2007.09.17 23:48:40.394,2.29225,2.2929,1.30,3.20
2007.09.17 23:48:41.810,2.29225,2.2929,3.20,2.40
2007.09.17 23:48:41.912,2.2921,2.29295,7.60,2.40
2007.09.17 23:48:42.335,2.2922,2.2929,3.20,0.80
2007.09.17 23:48:42.398,2.2922,2.2929,3.20,3.20
2007.09.17 23:48:42.916,2.2922,2.29285,1.30,2.40
2007.09.17 23:48:43.296,2.2921,2.2928,3.20,0.80
2007.09.17 23:48:43.458,2.2921,2.2928,3.20,3.20
2007.09.17 23:48:43.937,2.2922,2.2928,0.70,0.80
2007.09.17 23:48:44.033,2.2922,2.29285,2.10,2.40
2007.09.17 23:48:44.162,2.2923,2.29285,0.80,2.40
2007.09.17 23:48:44.192,2.2923,2.29295,3.20,2.40
2007.09.17 23:48:44.491,2.2923,2.29295,1.70,2.40
2007.09.17 23:48:45.475,2.29235,2.29295,0.80,2.40
2007.09.17 23:48:46.012,2.2923,2.29295,1.90,2.40
2007.09.17 23:48:48.448,2.2923,2.29295,1.40,2.40
2007.09.17 23:48:48.530,2.2922,2.293,6.10,1.20
2007.09.17 23:48:48.994,2.292,2.293,21.70,3.60
2007.09.17 23:48:49.085,2.2921,2.293,4.40,11.50
2007.09.17 23:48:49.179,2.292,2.293,8.80,11.50
2007.09.17 23:48:49.189,2.2921,2.293,0.60,12.30
2007.09.17 23:48:51.968,2.2921,2.293,1.70,9.90
2007.09.17 23:48:54.402,2.2921,2.293,1.70,10.70
2007.09.17 23:48:54.434,2.292,2.293,7.20,11.50
2007.09.17 23:48:54.468,2.2921,2.293,1.70,12.30
2007.09.17 23:48:54.531,2.2921,2.293,0.70,11.50
2007.09.17 23:48:54.583,2.2921,2.293,1.40,10.70
2007.09.17 23:48:54.694,2.292,2.293,7.20,9.90
2007.09.17 23:48:55.532,2.2921,2.293,8.30,6.00
2007.09.17 23:48:55.548,2.2922,2.293,0.90,5.20
2007.09.17 23:48:55.638,2.2922,2.293,8.40,5.20
2007.09.17 23:48:56.075,2.2922,2.293,12.40,1.20
2007.09.17 23:48:58.805,2.2923,2.293,1.10,3.60
2007.09.17 23:48:58.896,2.2922,2.2928,2.70,1.20
2007.09.17 23:48:59.319,2.2922,2.2928,0.80,1.20
2007.09.17 23:48:59.622,2.292,2.2928,14.80,1.20
2007.09.17 23:48:59.752,2.2919,2.2928,20.30,1.20
2007.09.17 23:48:59.967,2.292,2.2928,1.70,1.20
2007.09.17 23:49:00.079,2.292,2.2928,4.00,1.20
2007.09.17 23:49:00.291,2.2919,2.2928,14.80,5.20
2007.09.17 23:49:00.489,2.292,2.2928,0.80,6.00
2007.09.17 23:49:00.609,2.2918,2.2928,12.30,9.90
2007.09.17 23:49:00.804,2.2918,2.2928,8.40,9.90
2007.09.17 23:49:03.222,2.2918,2.2928,10.80,6.00
2007.09.17 23:49:03.281,2.2918,2.2928,13.20,5.20
2007.09.17 23:49:03.332,2.292,2.2928,1.20,5.20
2007.09.17 23:49:04.930,2.2918,2.2928,13.90,5.20
2007.09.17 23:49:06.146,2.2918,2.2928,14.70,5.20
2007.09.17 23:49:06.200,2.2919,2.2928,2.50,4.00
2007.09.17 23:49:06.312,2.2919,2.293,12.30,13.90
2007.09.17 23:49:06.404,2.2919,2.293,12.30,9.90
2007.09.17 23:49:07.689,2.2919,2.2929,9.10,2.40
2007.09.17 23:49:07.798,2.292,2.2928,2.20,1.20
2007.09.17 23:49:09.111,2.2919,2.2928,9.10,2.00
2007.09.17 23:49:09.249,2.2919,2.2928,7.90,5.90
2007.09.17 23:49:09.340,2.2919,2.2928,3.90,9.90
2007.09.17 23:49:09.351,2.2918,2.2928,5.20,9.90
2007.09.17 23:49:09.658,2.2918,2.2928,5.20,9.10
2007.09.17 23:49:09.763,2.2918,2.2927,5.20,2.40
2007.09.17 23:49:09.781,2.2918,2.2926,5.20,1.20
2007.09.17 23:49:10.189,2.2919,2.2927,1.20,2.40
2007.09.17 23:49:10.284,2.2919,2.2928,5.10,14.90
2007.09.17 23:49:10.314,2.2919,2.2928,5.10,9.20
2007.09.17 23:49:10.418,2.2919,2.2928,5.10,5.20
2007.09.17 23:49:12.207,2.2919,2.2927,1.20,2.40
2007.09.17 23:49:12.229,2.2918,2.2927,6.00,2.40
2007.09.17 23:49:12.407,2.2918,2.2927,5.20,2.40
2007.09.17 23:49:12.662,2.2918,2.2926,5.20,1.20
2007.09.17 23:49:15.169,2.2918,2.2926,6.00,1.20
2007.09.17 23:49:15.298,2.2918,2.2928,9.90,4.00
2007.09.17 23:49:15.381,2.2918,2.2929,9.90,2.80
2007.09.17 23:49:15.546,2.2918,2.2929,9.90,2.00
2007.09.17 23:49:15.606,2.2918,2.293,9.90,11.50
2007.09.17 23:49:15.921,2.2918,2.293,9.90,9.90
2007.09.17 23:49:17.658,2.2918,2.2928,9.10,0.80
2007.09.17 23:49:17.680,2.2918,2.2928,9.10,2.00
2007.09.17 23:49:17.783,2.2918,2.2928,5.20,5.90
2007.09.17 23:49:18.263,2.2918,2.2928,5.20,9.90
2007.09.17 23:49:39.208,2.2918,2.2927,5.20,3.20
2007.09.17 23:49:39.219,2.2918,2.2926,5.20,1.20
2007.09.17 23:49:39.609,2.2918,2.2926,2.80,1.20
2007.09.17 23:49:56.729,2.2918,2.2927,2.20,2.40
2007.09.17 23:50:05.644,2.2917,2.2926,8.70,2.40
2007.09.17 23:50:05.757,2.2918,2.2925,0.60,4.00
2007.09.17 23:50:13.294,2.2918,2.2928,4.00,22.00
2007.09.17 23:50:13.340,2.2918,2.2927,4.00,12.00
2007.09.17 23:50:13.424,2.2918,2.2927,4.00,8.00
2007.09.17 23:50:13.754,2.2918,2.2927,7.90,8.00
2007.09.17 23:50:13.759,2.2918,2.2927,10.30,8.00
2007.09.17 23:50:13.960,2.2918,2.2927,11.10,8.00
2007.09.17 23:50:13.967,2.2918,2.2927,11.90,8.00
2007.09.17 23:50:14.034,2.2918,2.2927,12.70,8.00
2007.09.17 23:50:14.377,2.2919,2.2927,3.90,8.00
2007.09.17 23:50:15.195,2.2918,2.2927,10.30,8.00
2007.09.17 23:50:15.292,2.2918,2.2927,10.30,4.00
2007.09.17 23:50:18.224,2.2918,2.2927,6.40,4.00
2007.09.17 23:50:18.740,2.2918,2.2927,6.40,8.00
2007.09.17 23:50:20.278,2.2918,2.2927,6.40,12.00
2007.09.17 23:50:25.758,2.2918,2.2927,10.30,8.00
2007.09.17 23:50:25.798,2.2918,2.2927,12.70,8.00
2007.09.17 23:50:25.867,2.2919,2.2927,4.00,4.00
2007.09.17 23:50:26.307,2.2919,2.2927,7.90,4.00
2007.09.17 23:50:29.602,2.2919,2.2927,7.90,6.40
2007.09.17 23:50:32.674,2.2919,2.2927,4.00,6.40
2007.09.17 23:50:32.723,2.2919,2.2927,4.00,10.40
2007.09.17 23:50:32.818,2.2918,2.2927,6.40,14.40
2007.09.17 23:50:43.151,2.2918,2.2925,5.60,2.40
2007.09.17 23:50:43.287,2.2918,2.2925,4.80,2.40
2007.09.17 23:50:43.374,2.2918,2.2925,4.00,2.40
2007.09.17 23:50:43.412,2.2918,2.2925,4.00,6.40
2007.09.17 23:50:44.691,2.2918,2.2925,4.00,4.00
2007.09.17 23:50:44.844,2.2918,2.2927,4.00,18.40
2007.09.17 23:50:44.939,2.2918,2.2927,4.00,14.40
2007.09.17 23:50:46.203,2.2918,2.2927,4.00,10.40
2007.09.17 23:50:46.842,2.2919,2.2927,3.90,10.40
2007.09.17 23:50:56.241,2.2919,2.2927,5.10,11.60
2007.09.17 23:50:57.143,2.2919,2.2928,5.10,15.60
2007.09.17 23:50:58.243,2.2918,2.2928,5.20,24.20
2007.09.17 23:50:58.636,2.2918,2.2927,5.20,0.70
2007.09.17 23:50:59.767,2.2918,2.2925,5.20,0.70
2007.09.17 23:50:59.794,2.2918,2.2925,4.00,0.80
2007.09.17 23:51:01.142,2.2918,2.2925,5.20,0.60
2007.09.17 23:51:02.282,2.2918,2.2925,5.20,0.50
2007.09.17 23:51:02.294,2.2918,2.2927,5.20,20.40
2007.09.17 23:51:02.388,2.2918,2.2927,5.20,0.80
2007.09.17 23:51:02.481,2.2918,2.2927,5.20,0.50
2007.09.17 23:51:02.658,2.2918,2.2928,5.20,23.40
2007.09.17 23:51:02.688,2.2918,2.2927,5.20,16.80
2007.09.17 23:51:03.287,2.2918,2.2925,5.20,0.50
2007.09.17 23:51:05.705,2.2918,2.2927,4.00,20.80
2007.09.17 23:51:05.806,2.29175,2.2926,0.80,23.40
2007.09.17 23:51:06.096,2.2916,2.2925,5.20,0.90
2007.09.17 23:51:07.898,2.2916,2.2925,9.20,0.50
2007.09.17 23:51:08.119,2.2917,2.2926,0.80,19.40
2007.09.17 23:51:08.268,2.2918,2.2926,1.20,15.50
2007.09.17 23:51:12.344,2.2918,2.2925,1.20,0.60
2007.09.17 23:51:12.642,2.2917,2.2927,6.30,23.20
2007.09.17 23:51:12.736,2.2917,2.2926,2.40,19.50
2007.09.17 23:51:12.840,2.2917,2.2925,1.60,0.80
2007.09.17 23:51:12.861,2.2917,2.2925,0.80,0.60
2007.09.17 23:51:12.964,2.2916,2.2926,5.20,23.40
2007.09.17 23:51:13.863,2.2916,2.2926,5.20,23.40
2007.09.17 23:51:17.017,2.2917,2.29235,2.40,0.60
2007.09.17 23:51:17.195,2.2919,2.2924,0.80,3.20
2007.09.17 23:51:17.340,2.2919,2.2924,1.60,3.20
2007.09.17 23:51:17.351,2.2919,2.29235,2.40,0.90
2007.09.17 23:51:18.267,2.2919,2.29245,2.40,0.60
2007.09.17 23:51:19.791,2.2919,2.2925,1.60,12.40
2007.09.17 23:51:19.872,2.2919,2.29245,0.80,0.50
2007.09.17 23:51:19.948,2.2918,2.2925,4.40,12.40
2007.09.17 23:51:20.102,2.2918,2.29245,3.60,3.20
2007.09.17 23:51:20.123,2.2918,2.2924,1.20,0.60
2007.09.17 23:51:20.217,2.29175,2.2925,2.40,16.40
2007.09.17 23:51:20.672,2.2917,2.29235,3.20,0.60
2007.09.17 23:51:22.172,2.2917,2.29235,3.20,3.60
2007.09.17 23:51:22.377,2.2917,2.29235,2.40,8.40
2007.09.17 23:51:22.506,2.2916,2.29225,8.40,0.70
2007.09.17 23:51:23.224,2.2918,2.2923,1.20,7.20
2007.09.17 23:51:23.322,2.2918,2.2923,2.00,6.40
2007.09.17 23:51:23.487,2.2918,2.2925,4.40,8.40
2007.09.17 23:51:24.663,2.2918,2.29245,4.40,5.60
2007.09.17 23:51:24.677,2.2918,2.29245,3.20,5.60
2007.09.17 23:51:24.789,2.2918,2.2924,0.80,5.60
2007.09.17 23:51:24.902,2.2916,2.2923,8.40,8.40
2007.09.17 23:51:25.823,2.2917,2.2923,2.40,4.80
2007.09.17 23:51:25.848,2.2917,2.29235,3.20,2.40
2007.09.17 23:51:28.104,2.2917,2.29225,0.80,2.40
2007.09.17 23:51:28.203,2.2916,2.29225,8.40,2.40
2007.09.17 23:51:28.815,2.2916,2.29225,12.30,2.40
2007.09.17 23:51:28.883,2.2918,2.2923,2.40,6.00
2007.09.17 23:51:28.923,2.2918,2.2923,3.20,1.20
2007.09.17 23:51:29.333,2.2918,2.2923,7.20,1.20
2007.09.17 23:51:30.334,2.2918,2.2923,9.60,1.20
2007.09.17 23:51:33.076,2.2918,2.2923,12.80,1.20
2007.09.17 23:51:33.156,2.2919,2.2923,1.20,1.20
2007.09.17 23:51:33.214,2.292,2.2923,2.40,1.20
2007.09.17 23:51:33.286,2.292,2.29245,2.40,2.40
2007.09.17 23:51:33.320,2.292,2.2925,2.40,12.40
2007.09.17 23:51:33.387,2.292,2.2925,2.40,8.40
2007.09.17 23:51:33.482,2.292,2.2925,2.40,4.40
2007.09.17 23:51:33.614,2.292,2.2925,4.80,2.00
2007.09.17 23:51:33.707,2.292,2.2925,5.60,1.20
2007.09.17 23:51:35.679,2.292,2.2925,9.60,1.20
2007.09.17 23:51:36.781,2.292,2.2925,7.20,1.20
2007.09.17 23:51:36.907,2.292,2.2925,4.80,3.60
2007.09.17 23:51:36.918,2.292,2.2925,0.80,3.60
2007.09.17 23:51:37.038,2.2919,2.2925,5.20,4.40
2007.09.17 23:51:37.350,2.2919,2.2925,4.00,4.40
2007.09.17 23:51:37.437,2.29185,2.2925,2.40,4.40
2007.09.17 23:51:37.544,2.29185,2.2925,2.40,8.40
2007.09.17 23:51:37.728,2.2918,2.29245,8.40,2.40
2007.09.17 23:51:40.738,2.2918,2.2924,8.40,1.20
2007.09.17 23:51:40.842,2.2918,2.2924,8.40,5.20
2007.09.17 23:51:43.765,2.2918,2.2924,8.40,9.20
2007.09.17 23:51:43.966,2.2918,2.2924,8.40,10.00
2007.09.17 23:51:44.000,2.2918,2.2924,8.40,10.80
2007.09.17 23:51:44.105,2.2918,2.2924,8.40,11.60
2007.09.17 23:51:44.191,2.2918,2.2924,7.60,12.40
2007.09.17 23:51:44.211,2.2918,2.2924,7.60,13.20
2007.09.17 23:51:44.250,2.2918,2.2924,5.20,15.60
2007.09.17 23:51:44.291,2.29175,2.2922,2.40,1.20
2007.09.17 23:51:44.504,2.29175,2.2922,2.40,5.20
2007.09.17 23:51:44.828,2.2916,2.2922,8.40,5.20
2007.09.17 23:51:45.747,2.2916,2.2922,10.80,5.20
2007.09.17 23:51:45.835,2.2917,2.2922,0.80,4.00
2007.09.17 23:51:45.856,2.2917,2.2922,3.20,4.00
2007.09.17 23:51:45.931,2.2917,2.29235,3.20,2.40
2007.09.17 23:51:46.257,2.2918,2.29235,1.20,2.40
2007.09.17 23:51:46.486,2.2918,2.2924,4.40,5.20
2007.09.17 23:51:46.788,2.2918,2.2924,8.40,5.20
2007.09.17 23:51:48.234,2.2918,2.2923,7.20,1.20
2007.09.17 23:51:48.305,2.2918,2.2923,7.20,5.20
2007.09.17 23:51:48.826,2.2918,2.2923,9.60,5.20
2007.09.17 23:51:48.857,2.2918,2.2923,8.80,6.00
2007.09.17 23:51:48.970,2.2918,2.2924,10.80,3.60
2007.09.17 23:51:49.075,2.2918,2.2921,10.80,4.00
2007.09.17 23:51:49.092,2.2918,2.2921,12.80,4.00
2007.09.17 23:51:49.174,2.2918,2.2922,12.80,4.00
2007.09.17 23:51:49.285,2.2918,2.2922,5.60,5.20
2007.09.17 23:51:49.355,2.2917,2.2922,12.80,6.00
2007.09.17 23:51:49.386,2.2918,2.2921,2.00,1.20
2007.09.17 23:51:49.494,2.2918,2.2921,0.60,1.20
2007.09.17 23:51:49.626,2.2916,2.2921,4.80,1.20
2007.09.17 23:51:49.707,2.2917,2.2921,0.80,5.20
2007.09.17 23:51:49.773,2.2916,2.2921,2.50,5.20
2007.09.17 23:51:49.820,2.2916,2.2921,1.50,4.00
2007.09.17 23:51:49.955,2.2915,2.2921,14.80,4.00
2007.09.17 23:51:50.146,2.2915,2.2922,13.20,3.20
2007.09.17 23:51:50.165,2.2916,2.2922,6.00,3.20
2007.09.17 23:51:50.251,2.2916,2.2922,6.00,3.20
2007.09.17 23:51:50.452,2.2917,2.2922,0.50,3.20
2007.09.17 23:51:50.495,2.2918,2.2922,0.60,0.80
2007.09.17 23:51:50.779,2.2917,2.2923,9.60,1.20
2007.09.17 23:51:50.882,2.2917,2.2923,12.80,1.20
2007.09.17 23:51:51.331,2.2918,2.2923,1.50,1.20
2007.09.17 23:51:51.354,2.2917,2.2923,6.40,1.20
2007.09.17 23:51:51.714,2.2917,2.2923,1.90,1.20
2007.09.17 23:51:52.756,2.2916,2.2921,10.40,1.20
2007.09.17 23:51:52.781,2.2916,2.2921,10.40,1.20
2007.09.17 23:51:52.875,2.29155,2.2921,8.00,1.20
2007.09.17 23:51:53.697,2.2916,2.2922,12.40,4.00
2007.09.17 23:51:53.758,2.2917,2.2922,3.70,4.00
2007.09.17 23:51:53.924,2.2916,2.2923,22.70,1.20
2007.09.17 23:51:54.168,2.2917,2.2923,3.00,1.20
2007.09.17 23:51:54.307,2.2917,2.2923,10.70,1.20
2007.09.17 23:51:54.430,2.2918,2.2923,1.00,1.20
2007.09.17 23:51:58.887,2.2918,2.2923,5.60,1.20
2007.09.17 23:51:58.912,2.29195,2.2923,1.00,1.20
2007.09.17 23:51:59.082,2.2919,2.2924,12.80,5.20
2007.09.17 23:51:59.191,2.2919,2.2923,12.80,1.20
2007.09.17 23:52:04.678,2.29195,2.2925,0.60,6.80
2007.09.17 23:52:04.735,2.2921,2.2925,1.20,7.60
2007.09.17 23:52:04.819,2.292,2.2925,4.80,6.80
2007.09.17 23:52:04.839,2.2919,2.2925,18.40,6.00
2007.09.17 23:52:04.880,2.292,2.2925,1.00,6.00
2007.09.17 23:52:04.993,2.292,2.2925,6.40,2.00
2007.09.17 23:52:05.135,2.292,2.2925,4.00,1.20
2007.09.17 23:52:05.438,2.2918,2.2925,14.00,1.20
2007.09.17 23:52:08.544,2.2918,2.2925,14.00,2.00
2007.09.17 23:52:08.620,2.2918,2.2925,14.00,4.40
2007.09.17 23:52:10.947,2.2918,2.2925,10.00,2.00
2007.09.17 23:52:11.003,2.2918,2.2925,10.00,2.00
2007.09.17 23:52:11.093,2.2918,2.2925,10.00,1.20
2007.09.17 23:52:17.690,2.292,2.2925,3.90,1.20
2007.09.17 23:52:17.754,2.2921,2.29255,1.20,2.40
2007.09.17 23:52:18.086,2.2922,2.2926,2.40,0.80
2007.09.17 23:52:18.169,2.2922,2.2927,3.20,9.20
2007.09.17 23:52:18.380,2.2922,2.2927,3.20,5.20
2007.09.17 23:52:18.457,2.2922,2.2927,3.20,1.20
2007.09.17 23:52:26.950,2.2922,2.2927,4.00,1.20
2007.09.17 23:52:26.963,2.29225,2.2927,0.80,1.20
2007.09.17 23:52:27.201,2.2923,2.29285,1.20,2.40
2007.09.17 23:52:27.677,2.2923,2.29285,3.60,2.40
2007.09.17 23:52:27.808,2.2923,2.29285,4.40,2.40
2007.09.17 23:52:27.822,2.2923,2.2929,10.00,7.20
2007.09.17 23:52:27.899,2.2923,2.2929,14.00,3.20
2007.09.17 23:52:27.994,2.2924,2.2929,0.80,2.40
2007.09.17 23:52:28.163,2.2924,2.29305,3.20,2.40
2007.09.17 23:52:28.706,2.2925,2.29305,2.40,2.40
2007.09.17 23:52:28.744,2.2925,2.29305,3.60,2.40
2007.09.17 23:52:28.953,2.2925,2.29305,7.60,2.40
2007.09.17 23:52:29.167,2.2925,2.29305,8.40,2.40
2007.09.17 23:52:29.213,2.29255,2.2932,2.40,3.20
2007.09.17 23:52:30.420,2.2926,2.2932,0.80,2.40
2007.09.17 23:52:30.475,2.2926,2.29325,3.20,2.40
2007.09.17 23:52:32.172,2.2927,2.29325,1.20,2.40
2007.09.17 23:52:32.814,2.2927,2.29325,3.60,2.40
2007.09.17 23:52:32.925,2.2927,2.29325,3.20,2.40
2007.09.17 23:52:32.950,2.2927,2.2933,5.60,2.00
2007.09.17 23:52:33.008,2.2927,2.2933,4.80,2.80
2007.09.17 23:52:33.126,2.2927,2.2933,6.00,2.80
2007.09.17 23:52:33.532,2.2927,2.2933,3.60,5.20
2007.09.17 23:52:35.865,2.2927,2.2933,6.00,5.20
2007.09.17 23:52:36.111,2.2927,2.2933,3.60,5.20
2007.09.17 23:52:36.229,2.2927,2.2933,4.40,5.20
2007.09.17 23:52:36.439,2.2927,2.2933,3.60,5.20
2007.09.17 23:52:37.476,2.2927,2.2933,2.40,5.20
2007.09.17 23:52:37.584,2.2927,2.2933,3.60,5.20
2007.09.17 23:52:37.607,2.2927,2.2933,6.00,2.80
2007.09.17 23:52:37.686,2.2927,2.2933,6.80,2.00
2007.09.17 23:52:39.044,2.2927,2.2933,5.60,2.00
2007.09.17 23:53:05.659,2.2927,2.2933,5.60,1.20
2007.09.17 23:53:05.754,2.2927,2.29335,9.60,2.40
2007.09.17 23:53:05.765,2.29275,2.29335,2.40,2.40
2007.09.17 23:53:06.279,2.29275,2.2934,2.40,3.20
2007.09.17 23:53:07.211,2.29275,2.2933,2.40,2.00
2007.09.17 23:53:07.831,2.2927,2.2933,3.20,2.00
2007.09.17 23:53:08.348,2.2927,2.29325,0.80,2.40
2007.09.17 23:53:08.368,2.29265,2.29325,2.40,2.40
2007.09.17 23:53:11.222,2.2927,2.29325,2.40,2.40
2007.09.17 23:53:11.362,2.2927,2.29325,3.20,2.40
2007.09.17 23:53:11.401,2.2927,2.2933,5.60,2.00
2007.09.17 23:53:12.244,2.2927,2.2933,3.20,2.00
2007.09.17 23:53:12.295,2.2927,2.2933,2.40,2.80
2007.09.17 23:53:12.459,2.29265,2.2933,2.40,5.20
2007.09.17 23:53:13.664,2.2927,2.2933,2.40,5.20
2007.09.17 23:53:13.852,2.2927,2.2933,3.20,4.40
2007.09.17 23:53:14.020,2.2927,2.2933,5.60,2.00
2007.09.17 23:53:16.169,2.2927,2.2933,3.20,2.00
2007.09.17 23:53:16.253,2.2927,2.2931,3.20,1.20
2007.09.17 23:53:16.265,2.2927,2.2931,3.20,2.00
2007.09.17 23:53:16.345,2.2927,2.2931,0.80,2.00
2007.09.17 23:53:16.360,2.2926,2.2931,7.20,2.00
2007.09.17 23:53:21.168,2.2927,2.2931,2.40,1.20
2007.09.17 23:53:21.320,2.2927,2.29325,3.60,2.40
2007.09.17 23:53:21.401,2.2928,2.2933,2.40,6.80
2007.09.17 23:53:21.443,2.2928,2.2933,3.20,2.00
2007.09.17 23:53:21.477,2.2928,2.2933,3.20,1.20
2007.09.17 23:53:33.174,2.2928,2.2933,3.20,2.00
2007.09.17 23:53:33.351,2.2928,2.2933,0.80,2.00
2007.09.17 23:53:33.367,2.29275,2.2933,2.40,2.00
2007.09.17 23:53:33.845,2.2927,2.2933,8.80,2.00
2007.09.17 23:53:33.881,2.2927,2.2933,5.60,2.00
2007.09.17 23:53:50.230,2.2927,2.2933,3.20,2.00
2007.09.17 23:53:50.871,2.2927,2.2933,2.40,2.80
2007.09.17 23:53:50.923,2.29265,2.2933,2.40,5.20
2007.09.17 23:53:52.847,2.29265,2.2933,2.40,9.20
2007.09.17 23:53:53.025,2.29265,2.2932,2.40,0.80
2007.09.17 23:53:53.050,2.29265,2.2932,2.40,2.00
2007.09.17 23:53:53.129,2.29265,2.2931,2.40,0.80
2007.09.17 23:53:53.172,2.29255,2.2931,2.40,0.80
2007.09.17 23:53:53.324,2.29255,2.2931,2.40,2.00
2007.09.17 23:53:53.696,2.2925,2.2931,9.60,2.00
2007.09.17 23:53:53.775,2.2925,2.2931,5.60,2.00
2007.09.17 23:53:56.601,2.2925,2.2931,5.60,1.20
2007.09.17 23:53:56.699,2.2925,2.2929,5.60,0.80
2007.09.17 23:53:56.769,2.2925,2.2929,5.60,2.00
2007.09.17 23:53:57.179,2.2925,2.2929,4.80,2.00
2007.09.17 23:53:57.225,2.2925,2.2929,2.40,2.00
2007.09.17 23:53:57.280,2.2924,2.2929,7.20,2.00
2007.09.17 23:53:59.041,2.2925,2.2929,2.40,2.00
2007.09.17 23:53:59.162,2.2925,2.2929,3.20,0.80
2007.09.17 23:53:59.194,2.2925,2.2931,5.60,6.00
2007.09.17 23:53:59.448,2.2925,2.2931,5.60,2.00
2007.09.17 23:54:00.616,2.2925,2.2929,5.60,0.80
2007.09.17 23:54:00.728,2.2925,2.2929,3.20,2.00
2007.09.17 23:54:00.740,2.2925,2.2929,5.60,2.00
2007.09.17 23:54:00.872,2.2925,2.2929,0.80,2.00
2007.09.17 23:54:00.927,2.2924,2.2929,7.20,2.00
2007.09.17 23:54:02.139,2.2924,2.2929,4.80,2.00
2007.09.17 23:54:02.180,2.2924,2.2929,4.00,2.00
2007.09.17 23:54:02.286,2.29235,2.2929,3.20,2.00
2007.09.17 23:54:02.648,2.2923,2.2929,5.60,2.00
2007.09.17 23:54:03.136,2.2923,2.29295,5.60,4.40
2007.09.17 23:54:03.180,2.2923,2.29295,3.20,4.40
2007.09.17 23:54:03.624,2.2923,2.2929,2.40,0.60
2007.09.17 23:54:03.664,2.29225,2.293,2.40,13.20
2007.09.17 23:54:05.089,2.2923,2.293,0.80,9.20
2007.09.17 23:54:05.211,2.2923,2.2929,3.20,0.60
2007.09.17 23:54:05.371,2.2923,2.2929,5.60,0.50
2007.09.17 23:54:11.633,2.2923,2.2928,5.60,0.80
2007.09.17 23:54:11.726,2.2923,2.2928,3.20,0.80
2007.09.17 23:54:11.814,2.2923,2.2927,3.20,0.60
2007.09.17 23:54:11.846,2.2923,2.2928,0.80,2.00
2007.09.17 23:54:11.913,2.2922,2.2928,7.20,2.00
2007.09.17 23:54:12.144,2.2922,2.2927,7.20,0.80
2007.09.17 23:54:12.652,2.2923,2.2927,2.40,0.70
2007.09.17 23:54:12.735,2.2923,2.2929,2.40,9.20
2007.09.17 23:54:12.856,2.2924,2.2929,0.80,8.40
2007.09.17 23:54:12.874,2.2924,2.2929,3.20,0.50
2007.09.17 23:54:12.944,2.2924,2.2929,3.20,0.90
2007.09.17 23:54:13.162,2.2924,2.29305,3.20,3.60
2007.09.17 23:54:16.387,2.2924,2.293,4.00,2.00
2007.09.17 23:54:16.446,2.2924,2.2929,5.60,0.60
2007.09.17 23:54:16.715,2.2925,2.29305,0.80,3.60
2007.09.17 23:54:16.741,2.2925,2.29305,3.20,3.60
2007.09.17 23:54:16.805,2.2925,2.29305,4.10,0.50
2007.09.17 23:54:16.898,2.2926,2.2931,0.80,7.60
2007.09.17 23:54:16.979,2.2926,2.2932,3.20,6.00
2007.09.17 23:54:17.007,2.2926,2.2932,3.20,2.00
2007.09.17 23:54:17.427,2.2927,2.2931,0.80,0.90
2007.09.17 23:54:17.466,2.2927,2.2932,3.20,2.00
2007.09.17 23:54:18.334,2.2927,2.2931,2.40,0.60
2007.09.17 23:54:18.650,2.2926,2.2931,3.20,0.50
2007.09.17 23:54:22.542,2.2925,2.29325,11.30,3.60
2007.09.17 23:54:26.092,2.2925,2.2932,12.50,6.80
2007.09.17 23:54:26.180,2.2926,2.2931,0.70,0.80
2007.09.17 23:54:26.224,2.2925,2.29315,10.10,4.40
2007.09.17 23:54:26.232,2.2925,2.2931,8.90,3.20
2007.09.17 23:54:26.806,2.2924,2.2929,0.60,0.90
2007.09.17 23:54:28.167,2.2924,2.29305,0.80,0.60
2007.09.17 23:54:28.244,2.2924,2.2931,9.60,14.00
2007.09.17 23:54:28.362,2.2924,2.29315,9.60,9.20
2007.09.17 23:54:28.381,2.2925,2.2931,0.50,0.70
2007.09.17 23:54:28.646,2.2924,2.29315,12.80,3.60
2007.09.17 23:54:31.120,2.2924,2.29315,12.80,4.40
2007.09.17 23:54:31.631,2.2924,2.29315,12.80,3.60
2007.09.17 23:54:33.769,2.2924,2.2931,17.70,1.20
2007.09.17 23:54:33.870,2.2925,2.2931,4.20,1.20
2007.09.17 23:54:33.921,2.2925,2.2931,9.70,1.20
2007.09.17 23:54:34.069,2.2926,2.2931,0.80,1.20
2007.09.17 23:54:34.264,2.2926,2.2931,2.00,1.20
2007.09.17 23:54:41.254,2.2925,2.29325,19.30,2.40
2007.09.17 23:54:41.282,2.2927,2.29325,1.50,2.40
2007.09.17 23:54:41.352,2.2926,2.29325,12.80,2.40
2007.09.17 23:54:41.378,2.2926,2.2933,12.80,5.20
2007.09.17 23:54:41.447,2.2926,2.2933,12.80,1.20
2007.09.17 23:54:53.282,2.2927,2.2933,6.80,1.20
2007.09.17 23:54:53.806,2.2927,2.2933,6.90,1.20
2007.09.17 23:54:53.899,2.2927,2.2933,10.90,1.20
2007.09.17 23:54:53.957,2.2928,2.2933,2.40,1.20
2007.09.17 23:54:54.105,2.2928,2.2933,3.20,1.20
2007.09.17 23:55:13.068,2.2928,2.2933,2.40,1.20
2007.09.17 23:55:13.176,2.29275,2.2933,2.40,1.20
2007.09.17 23:55:13.385,2.29275,2.2933,2.40,5.20
2007.09.17 23:55:13.583,2.29275,2.2933,2.40,6.00
2007.09.17 23:55:13.731,2.29265,2.2933,2.40,8.40
2007.09.17 23:55:15.982,2.2927,2.2933,2.40,6.00
2007.09.17 23:55:16.085,2.2927,2.2933,3.20,5.20
2007.09.17 23:55:16.171,2.2927,2.2933,4.40,5.20
2007.09.17 23:55:16.228,2.2927,2.2933,6.80,5.20
2007.09.17 23:55:16.387,2.2927,2.2933,6.80,1.20
2007.09.17 23:55:41.170,2.2927,2.2933,5.60,1.20
2007.09.17 23:55:41.282,2.2927,2.2933,3.20,1.20
2007.09.17 23:55:41.372,2.2927,2.2933,3.20,5.20
2007.09.17 23:55:41.581,2.2927,2.2933,2.40,6.00
2007.09.17 23:55:41.700,2.29265,2.2933,2.40,9.20
2007.09.17 23:55:44.161,2.29265,2.2933,2.40,8.40
2007.09.17 23:55:44.882,2.29265,2.2933,2.40,9.20
2007.09.17 23:55:44.998,2.29265,2.2933,2.40,10.00
2007.09.17 23:55:45.043,2.2926,2.29305,4.00,2.40
2007.09.17 23:55:45.119,2.2925,2.29305,8.40,2.40
2007.09.17 23:55:45.210,2.2925,2.29305,6.00,2.40
2007.09.17 23:55:45.226,2.2925,2.2929,4.80,1.20
2007.09.17 23:55:45.399,2.2925,2.2929,4.00,1.20
2007.09.17 23:55:45.829,2.2924,2.2929,8.80,1.20
2007.09.17 23:55:49.161,2.2925,2.29305,1.20,2.40
2007.09.17 23:55:49.657,2.2924,2.293,11.80,1.20
2007.09.17 23:55:49.767,2.2924,2.293,10.00,1.20
2007.09.17 23:55:50.813,2.2924,2.293,9.20,2.00
2007.09.17 23:55:50.935,2.2924,2.293,6.80,4.40
2007.09.17 23:55:51.433,2.2924,2.293,7.60,3.60
2007.09.17 23:55:51.475,2.2924,2.293,10.00,1.20
2007.09.17 23:55:51.645,2.2924,2.293,9.20,1.20
2007.09.17 23:55:51.735,2.2924,2.293,8.40,1.20
2007.09.17 23:55:51.754,2.2924,2.293,3.20,1.20
2007.09.17 23:55:51.850,2.2924,2.293,2.40,2.00
2007.09.17 23:55:51.994,2.29235,2.29295,2.40,2.40
2007.09.17 23:55:52.477,2.2923,2.29295,6.80,2.40
2007.09.17 23:55:53.701,2.2923,2.29295,4.40,2.40
2007.09.17 23:55:53.731,2.2923,2.29295,3.20,2.40
2007.09.17 23:55:53.779,2.2923,2.29285,0.80,2.40
2007.09.17 23:55:53.833,2.2923,2.2928,0.80,1.20
2007.09.17 23:55:53.937,2.2922,2.2928,8.40,1.20
2007.09.17 23:55:56.684,2.2923,2.2928,2.40,1.20
2007.09.17 23:55:56.828,2.2923,2.2928,4.80,1.20
2007.09.17 23:55:56.923,2.2923,2.29295,6.80,2.40
2007.09.17 23:55:57.229,2.2924,2.29295,1.20,2.40
2007.09.17 23:55:57.425,2.2924,2.29295,2.00,2.40
2007.09.17 23:55:57.594,2.2924,2.293,4.40,2.00
2007.09.17 23:55:57.613,2.2924,2.293,4.40,1.20
2007.09.17 23:56:08.016,2.2925,2.293,2.40,1.20
2007.09.17 23:56:08.113,2.2925,2.293,3.20,1.20
2007.09.17 23:56:08.207,2.2925,2.2931,4.40,8.00
2007.09.17 23:56:08.275,2.2925,2.2931,6.80,8.00
2007.09.17 23:56:08.320,2.2925,2.29315,6.80,2.40
2007.09.17 23:56:08.724,2.2925,2.29315,4.40,2.40
2007.09.17 23:56:08.740,2.2925,2.293,3.20,1.20
2007.09.17 23:56:09.074,2.2925,2.293,0.80,1.20
2007.09.17 23:56:09.188,2.2924,2.293,8.40,1.20
2007.09.17 23:56:17.651,2.2924,2.293,7.20,1.20
2007.09.17 23:56:17.799,2.2924,2.29295,4.80,2.40
2007.09.17 23:56:17.862,2.2924,2.29295,0.80,2.40
2007.09.17 23:56:17.974,2.29235,2.29295,2.40,2.40
2007.09.17 23:56:18.179,2.29235,2.2928,2.40,1.20
2007.09.17 23:56:18.346,2.2923,2.2928,4.00,1.20
2007.09.17 23:56:18.376,2.2922,2.2928,8.40,1.20
2007.09.17 23:56:32.805,2.2923,2.29285,1.20,2.40
2007.09.17 23:56:33.074,2.2923,2.2929,3.60,0.80
2007.09.17 23:56:33.100,2.2923,2.29295,4.40,2.40
2007.09.17 23:56:33.256,2.2923,2.29295,6.80,2.40
2007.09.17 23:56:34.127,2.2923,2.29295,5.60,2.40
2007.09.17 23:56:34.171,2.2923,2.29295,3.20,2.40
2007.09.17 23:56:34.251,2.2923,2.2928,3.20,1.20
2007.09.17 23:56:34.347,2.2923,2.2928,0.80,1.20
2007.09.17 23:56:34.355,2.2922,2.2928,8.40,1.20
2007.09.17 23:56:37.479,2.2922,2.2928,3.20,1.20
2007.09.17 23:56:49.703,2.2923,2.29285,1.20,2.40
2007.09.17 23:56:50.703,2.2922,2.29285,8.40,2.40
2007.09.17 23:56:50.822,2.2922,2.2928,8.40,1.20
2007.09.17 23:56:52.668,2.2923,2.2928,2.40,1.20
2007.09.17 23:56:52.803,2.2923,2.29285,3.60,2.40
2007.09.17 23:56:52.914,2.2923,2.29285,4.40,2.40
2007.09.17 23:56:52.932,2.2923,2.29295,6.80,2.40
2007.09.17 23:56:55.632,2.2922,2.29295,14.00,2.40
2007.09.17 23:57:10.271,2.2922,2.2928,11.60,1.20
2007.09.17 23:57:10.558,2.2922,2.2928,8.40,1.20
2007.09.17 23:57:10.581,2.2922,2.2928,3.40,1.20
2007.09.17 23:57:22.991,2.2922,2.2928,9.20,1.20
2007.09.17 23:57:23.992,2.2924,2.2928,0.80,1.20
2007.09.17 23:57:24.107,2.2924,2.2929,1.60,3.60
2007.09.17 23:57:24.201,2.2924,2.2929,2.40,3.60
2007.09.17 23:57:24.224,2.29245,2.293,0.80,1.20
2007.09.17 23:57:24.632,2.29245,2.293,0.80,2.00
2007.09.17 23:57:24.645,2.29245,2.293,0.80,4.40
2007.09.17 23:57:26.181,2.2924,2.293,2.00,4.40
2007.09.17 23:57:26.248,2.2924,2.293,3.60,4.40
2007.09.17 23:57:26.294,2.2924,2.293,4.50,3.60
2007.09.17 23:57:26.471,2.29245,2.293,2.40,1.20
2007.09.17 23:57:27.166,2.2925,2.293,2.40,1.20
2007.09.17 23:57:27.247,2.2926,2.2931,1.20,7.20
2007.09.17 23:57:27.417,2.2926,2.2931,1.20,3.20
2007.09.17 23:57:27.495,2.2926,2.2931,1.20,0.80
2007.09.17 23:57:27.515,2.2926,2.2932,1.20,4.40
2007.09.17 23:57:27.735,2.2926,2.2932,5.20,3.20
2007.09.17 23:57:27.828,2.2926,2.2932,6.00,2.40
2007.09.17 23:57:27.996,2.2926,2.29325,8.40,2.40
2007.09.17 23:57:29.697,2.2926,2.2932,8.40,1.20
2007.09.17 23:57:29.797,2.2926,2.2932,6.00,3.60
2007.09.17 23:57:29.822,2.2926,2.2932,5.20,4.40
2007.09.17 23:57:30.225,2.2926,2.2932,1.20,4.40
2007.09.17 23:57:31.064,2.2926,2.2931,1.20,0.80
2007.09.17 23:57:31.091,2.2926,2.2931,1.20,3.20
2007.09.17 23:57:31.266,2.2925,2.293,6.40,1.20
2007.09.17 23:57:31.275,2.2925,2.293,4.00,1.20
2007.09.17 23:57:33.232,2.2926,2.2931,1.20,7.20
2007.09.17 23:57:33.850,2.2926,2.2931,1.20,2.40
2007.09.17 23:57:33.952,2.2926,2.2932,1.20,4.40
2007.09.17 23:57:34.137,2.29255,2.293,2.40,1.20
2007.09.17 23:57:34.924,2.2925,2.293,4.00,1.20
2007.09.17 23:57:35.179,2.2925,2.293,6.40,1.20
2007.09.17 23:57:35.196,2.2926,2.2931,1.20,3.20
2007.09.17 23:57:35.395,2.2926,2.2931,1.20,2.40
2007.09.17 23:57:35.432,2.2926,2.2932,1.20,4.40
2007.09.17 23:57:41.270,2.2926,2.2932,3.60,4.40
2007.09.17 23:57:41.327,2.2926,2.2932,5.30,3.60
2007.09.17 23:57:41.359,2.29265,2.2932,2.40,1.20
2007.09.17 23:57:44.125,2.2927,2.2932,0.20,1.20
2007.09.17 23:57:44.215,2.2927,2.2932,2.50,1.20
2007.09.17 23:57:44.241,2.2928,2.2933,1.20,7.20
2007.09.17 23:57:44.336,2.2928,2.2933,1.20,3.20
2007.09.17 23:57:44.432,2.2928,2.2933,1.20,0.80
2007.09.17 23:57:44.443,2.2928,2.2934,1.20,4.40
2007.09.17 23:57:47.079,2.2928,2.2935,1.20,9.30
2007.09.17 23:57:47.945,2.2928,2.2935,2.00,8.50
2007.09.17 23:57:48.218,2.2928,2.2934,4.40,0.80
2007.09.17 23:57:48.470,2.2928,2.2934,3.60,0.90
2007.09.17 23:57:48.612,2.2928,2.2934,1.20,0.90
2007.09.17 23:57:50.655,2.2929,2.2935,1.20,8.50
2007.09.17 23:57:50.760,2.2929,2.2935,1.30,8.40
2007.09.17 23:57:50.794,2.2929,2.2935,3.70,8.40
2007.09.17 23:57:50.866,2.2929,2.2934,8.50,0.50
2007.09.17 23:57:50.966,2.29295,2.2935,2.40,0.70
2007.09.17 23:57:51.003,2.293,2.2935,3.20,0.90
2007.09.17 23:57:51.065,2.2932,2.2936,1.20,0.70
2007.09.17 23:57:51.175,2.2932,2.2936,1.20,0.60
2007.09.17 23:57:51.232,2.2932,2.29365,1.20,10.30
2007.09.17 23:57:51.594,2.2932,2.29365,1.20,6.40
2007.09.17 23:57:55.729,2.29305,2.2936,2.40,0.50
2007.09.17 23:57:55.853,2.293,2.2936,0.80,10.50
2007.09.17 23:57:55.933,2.2929,2.2936,3.20,15.30
2007.09.17 23:57:56.334,2.2929,2.2936,0.80,15.30
2007.09.17 23:57:56.347,2.29285,2.2935,2.40,3.20
2007.09.17 23:58:02.270,2.293,2.2935,1.20,3.20
2007.09.17 23:58:02.473,2.293,2.29355,1.20,0.50
2007.09.17 23:58:07.653,2.29295,2.2936,2.40,11.20
2007.09.17 23:58:07.853,2.2929,2.2936,0.80,15.30
2007.09.17 23:58:07.869,2.29285,2.2936,2.40,15.30
2007.09.17 23:58:08.353,2.29285,2.29345,2.40,0.80
2007.09.17 23:58:24.237,2.293,2.29345,1.20,2.40
2007.09.17 23:58:24.351,2.293,2.29355,1.20,2.40
2007.09.17 23:58:27.143,2.29295,2.29355,2.40,2.40
2007.09.17 23:58:27.368,2.29295,2.2935,2.40,0.80
2007.09.17 23:58:27.432,2.29285,2.2935,2.40,3.20
2007.09.17 23:58:27.951,2.29285,2.29345,2.40,2.40
2007.09.17 23:58:53.202,2.2931,2.29345,0.80,2.40
2007.09.17 23:58:53.262,2.2931,2.29345,1.60,2.40
2007.09.17 23:58:53.315,2.29315,2.29345,0.80,2.40
2007.09.17 23:58:53.870,2.293,2.2935,1.20,0.80
2007.09.17 23:58:53.890,2.293,2.2936,1.20,7.20
2007.09.17 23:58:54.188,2.293,2.2936,1.20,7.30
2007.09.17 23:58:54.306,2.29295,2.2936,2.40,11.30
2007.09.17 23:58:54.319,2.29295,2.2936,2.40,15.30
2007.09.17 23:58:54.552,2.2929,2.2935,0.80,2.40
2007.09.17 23:58:54.563,2.29285,2.2935,2.40,3.20
2007.09.17 23:58:55.647,2.29285,2.29345,2.40,2.40
2007.09.17 23:59:17.719,2.293,2.29345,1.20,2.40
2007.09.17 23:59:17.916,2.293,2.2935,1.20,0.80
2007.09.17 23:59:17.944,2.293,2.29355,1.20,2.40
2007.09.17 23:59:19.080,2.29295,2.29355,3.60,2.40
2007.09.17 23:59:23.328,2.293,2.29355,1.50,2.40
2007.09.17 23:59:23.725,2.293,2.29355,2.60,2.40
2007.09.17 23:59:23.754,2.293,2.29355,8.80,2.40
2007.09.17 23:59:23.763,2.2932,2.2936,0.80,8.80
2007.09.17 23:59:23.848,2.29315,2.2936,3.60,4.80
2007.09.17 23:59:23.948,2.29315,2.29375,3.60,2.40
2007.09.17 23:59:52.249,2.29315,2.29375,2.40,2.40
2007.09.17 23:59:52.290,2.2931,2.29355,0.80,2.40
2007.09.17 23:59:52.445,2.293,2.29355,1.20,2.40
2007.09.17 23:59:54.290,2.293,2.29355,2.00,2.40
2007.09.17 23:59:54.350,2.293,2.29365,4.40,2.40
2007.09.17 23:59:54.712,2.293,2.29365,8.40,2.40
2007.09.17 23:59:54.742,2.293,2.29365,10.80,2.40
2007.09.17 23:59:54.845,2.2931,2.2937,2.40,0.90
2007.09.17 23:59:54.912,2.2931,2.29375,3.20,2.40
2007.09.17 23:59:55.339,2.2931,2.2937,2.40,0.80
2007.09.17 23:59:55.354,2.29305,2.29365,2.40,2.40
2007.09.17 23:59:55.896,2.2931,2.29375,3.20,2.40
2007.09.17 23:59:56.367,2.2931,2.29365,0.80,2.40
2007.09.17 23:59:56.378,2.29305,2.29365,2.40,2.40
2007.09.17 23:59:56.879,2.29305,2.2937,2.40,3.20
2007.09.17 23:59:57.215,2.29305,2.2937,2.40,3.30
2007.09.17 23:59:57.332,2.29305,2.2936,2.40,4.00
2007.09.17 23:59:57.393,2.293,2.29355,2.00,2.40
2007.09.17 23:59:57.532,2.293,2.29355,1.20,2.40
