2007.11.23 04:00:01.056,2.2351,2.2359,15.20,1.60
2007.11.23 04:00:05.386,2.2351,2.2358,15.20,1.60
2007.11.23 04:00:08.984,2.235,2.2358,16.00,1.60
2007.11.23 04:00:12.574,2.2353,2.2358,0.60,1.60
2007.11.23 04:00:12.692,2.2353,2.2358,0.60,1.60
2007.11.23 04:00:12.852,2.2354,2.236,0.20,1.60
2007.11.23 04:00:13.000,2.2354,2.236,0.20,1.60
2007.11.23 04:00:13.170,2.23545,2.236,0.80,1.60
2007.11.23 04:00:13.465,2.2354,2.236,0.20,1.60
2007.11.23 04:00:14.440,2.2354,2.236,0.20,1.60
2007.11.23 04:00:14.578,2.2353,2.23585,0.20,2.40
2007.11.23 04:00:14.747,2.2353,2.23585,0.20,2.40
2007.11.23 04:00:17.696,2.2353,2.23585,0.20,2.40
2007.11.23 04:00:17.895,2.2353,2.23585,2.50,2.40
2007.11.23 04:00:18.105,2.2353,2.23585,2.50,2.40
2007.11.23 04:00:18.304,2.23545,2.236,0.20,2.40
2007.11.23 04:00:18.502,2.2355,2.2361,8.10,1.60
2007.11.23 04:00:20.014,2.2355,2.2361,8.10,1.60
2007.11.23 04:00:25.497,2.2355,2.2361,8.10,1.60
2007.11.23 04:00:25.626,2.23555,2.2361,0.80,1.60
2007.11.23 04:00:26.164,2.23555,2.2361,0.80,1.60
2007.11.23 04:00:31.036,2.23555,2.2361,0.80,1.60
2007.11.23 04:00:33.835,2.23555,2.2361,0.80,1.60
2007.11.23 04:00:35.081,2.23555,2.2361,0.80,1.60
2007.11.23 04:00:35.341,2.23585,2.2361,0.80,1.60
2007.11.23 04:00:35.452,2.23585,2.2362,0.80,1.60
2007.11.23 04:00:35.596,2.23585,2.2362,0.80,1.60
2007.11.23 04:00:35.748,2.23585,2.2362,0.80,1.60
2007.11.23 04:00:35.867,2.23585,2.2362,0.80,1.60
2007.11.23 04:00:35.984,2.23585,2.2364,0.80,1.60
2007.11.23 04:00:38.143,2.23595,2.2364,0.80,1.60
2007.11.23 04:00:38.312,2.23595,2.2365,0.80,2.40
2007.11.23 04:00:38.505,2.23595,2.2365,0.80,1.60
2007.11.23 04:00:38.697,2.23605,2.2365,0.80,1.60
2007.11.23 04:00:38.890,2.23605,2.2366,0.80,1.60
2007.11.23 04:00:39.083,2.23605,2.2366,0.80,1.60
2007.11.23 04:00:40.686,2.23605,2.2366,0.80,1.60
2007.11.23 04:00:40.986,2.23595,2.2366,0.80,1.60
2007.11.23 04:00:41.161,2.23595,2.2365,0.80,1.60
2007.11.23 04:00:41.334,2.2359,2.2365,0.20,1.60
2007.11.23 04:00:41.513,2.23585,2.23645,0.80,2.40
2007.11.23 04:00:41.790,2.23585,2.23645,0.80,2.40
2007.11.23 04:00:42.939,2.23585,2.23645,0.80,2.40
2007.11.23 04:00:43.224,2.23615,2.2365,0.80,1.60
2007.11.23 04:00:43.508,2.23615,2.2367,0.80,9.60
2007.11.23 04:00:43.754,2.23615,2.2367,0.80,1.60
2007.11.23 04:00:46.159,2.23635,2.2367,0.80,1.60
2007.11.23 04:00:46.288,2.23635,2.2367,0.80,1.60
2007.11.23 04:00:46.415,2.23635,2.2368,0.80,0.80
2007.11.23 04:00:46.542,2.23635,2.2369,0.80,1.60
2007.11.23 04:00:46.821,2.23635,2.2369,1.40,1.60
2007.11.23 04:00:47.275,2.23635,2.2369,1.40,1.60
2007.11.23 04:00:47.592,2.23635,2.2372,1.40,9.70
2007.11.23 04:00:47.938,2.23635,2.2369,0.90,0.90
2007.11.23 04:00:48.127,2.23635,2.237,0.80,9.60
2007.11.23 04:00:48.315,2.23635,2.2369,0.80,0.70
2007.11.23 04:00:48.507,2.23635,2.237,0.80,9.60
2007.11.23 04:00:48.695,2.2363,2.237,0.20,9.60
2007.11.23 04:00:48.934,2.2363,2.2368,0.20,0.50
2007.11.23 04:00:49.659,2.2363,2.23685,0.20,4.00
2007.11.23 04:00:49.827,2.23615,2.2368,0.60,0.90
2007.11.23 04:00:50.001,2.23615,2.2368,0.60,0.90
2007.11.23 04:00:50.164,2.23615,2.23685,0.20,4.00
2007.11.23 04:00:50.332,2.2361,2.23685,0.20,4.80
2007.11.23 04:00:50.502,2.2361,2.23685,0.20,4.80
2007.11.23 04:00:52.873,2.2361,2.23685,0.20,0.60
2007.11.23 04:00:53.320,2.2361,2.2369,0.20,5.70
2007.11.23 04:00:53.640,2.23635,2.23685,0.60,0.90
2007.11.23 04:00:53.793,2.23635,2.237,0.60,15.30
2007.11.23 04:00:53.946,2.2364,2.23715,0.20,4.00
2007.11.23 04:00:54.214,2.2364,2.237,0.20,0.60
2007.11.23 04:00:54.483,2.2364,2.237,0.20,0.60
2007.11.23 04:00:54.752,2.2363,2.237,0.20,4.80
2007.11.23 04:00:55.020,2.2363,2.2369,0.20,0.90
2007.11.23 04:00:55.210,2.23645,2.2369,0.60,0.60
2007.11.23 04:00:55.398,2.2365,2.237,0.20,0.60
2007.11.23 04:00:55.875,2.2365,2.2371,0.20,0.50
2007.11.23 04:00:56.633,2.2365,2.2371,0.20,0.50
2007.11.23 04:00:56.883,2.2364,2.2372,0.20,9.80
2007.11.23 04:00:57.132,2.2364,2.2371,0.20,9.60
2007.11.23 04:00:57.897,2.2364,2.237,0.20,0.60
2007.11.23 04:00:58.050,2.2364,2.237,0.20,0.70
2007.11.23 04:00:58.213,2.2364,2.2372,0.20,9.80
2007.11.23 04:00:58.376,2.2364,2.2372,0.20,9.80
2007.11.23 04:00:58.799,2.23635,2.2372,1.50,19.40
2007.11.23 04:00:59.943,2.23635,2.2372,1.50,9.80
2007.11.23 04:01:02.493,2.23635,2.2371,1.50,9.60
2007.11.23 04:01:02.656,2.2364,2.2371,1.20,9.60
2007.11.23 04:01:02.820,2.2365,2.2371,1.00,1.60
2007.11.23 04:01:03.005,2.2365,2.2371,1.00,1.60
2007.11.23 04:01:04.351,2.2365,2.2371,1.00,1.60
2007.11.23 04:01:04.643,2.23645,2.2371,0.80,1.60
2007.11.23 04:01:04.777,2.2364,2.2371,8.20,1.60
2007.11.23 04:01:04.910,2.23635,2.2371,1.50,9.60
2007.11.23 04:01:05.043,2.23635,2.2371,1.50,9.60
2007.11.23 04:01:06.265,2.23635,2.2371,1.50,9.60
2007.11.23 04:01:06.731,2.23635,2.2372,1.70,9.80
2007.11.23 04:01:07.096,2.23635,2.23715,1.00,10.40
2007.11.23 04:01:07.233,2.23635,2.2371,1.00,12.00
2007.11.23 04:01:07.372,2.2363,2.237,1.00,3.20
2007.11.23 04:01:07.510,2.2363,2.237,1.00,4.00
2007.11.23 04:01:07.914,2.2363,2.237,1.00,4.80
2007.11.23 04:01:08.331,2.23635,2.237,0.80,3.20
2007.11.23 04:01:08.654,2.23635,2.237,0.80,4.80
2007.11.23 04:01:08.813,2.23615,2.2369,0.80,2.60
2007.11.23 04:01:08.970,2.23615,2.2368,0.80,3.20
2007.11.23 04:01:09.188,2.2361,2.2368,0.20,3.20
2007.11.23 04:01:09.346,2.23595,2.2368,2.50,3.30
2007.11.23 04:01:09.504,2.236,2.2368,0.20,3.30
2007.11.23 04:01:10.297,2.236,2.2368,0.20,4.90
2007.11.23 04:01:11.573,2.236,2.2368,0.20,4.90
2007.11.23 04:01:11.785,2.236,2.2368,0.20,4.80
2007.11.23 04:01:11.998,2.236,2.23695,0.20,12.00
2007.11.23 04:01:12.212,2.236,2.2369,0.20,14.40
2007.11.23 04:01:12.425,2.23595,2.2366,0.80,3.20
2007.11.23 04:01:12.640,2.23595,2.2366,0.80,4.80
2007.11.23 04:01:15.379,2.23595,2.2366,0.80,4.80
2007.11.23 04:01:18.106,2.23595,2.2366,0.80,4.80
2007.11.23 04:01:18.298,2.2358,2.2366,1.70,4.90
2007.11.23 04:01:18.475,2.2358,2.23655,0.20,10.40
2007.11.23 04:01:18.658,2.2358,2.23655,0.20,10.40
2007.11.23 04:01:19.110,2.2358,2.23655,0.20,11.20
2007.11.23 04:01:19.347,2.23575,2.2365,0.80,12.90
2007.11.23 04:01:19.584,2.23575,2.2365,0.80,12.90
2007.11.23 04:01:19.825,2.23555,2.23655,1.70,12.00
2007.11.23 04:01:20.011,2.2356,2.23655,1.70,10.40
2007.11.23 04:01:21.095,2.2357,2.23655,0.60,10.40
2007.11.23 04:01:21.257,2.23575,2.23655,0.80,10.40
2007.11.23 04:01:21.419,2.2358,2.2366,0.20,4.90
2007.11.23 04:01:21.583,2.2358,2.2366,0.20,4.90
2007.11.23 04:01:22.326,2.2358,2.2366,0.20,3.30
2007.11.23 04:01:26.418,2.2358,2.2366,0.20,3.30
2007.11.23 04:01:33.014,2.2358,2.2366,0.20,4.20
2007.11.23 04:01:33.160,2.2358,2.2366,0.20,4.20
2007.11.23 04:01:33.314,2.2357,2.2365,9.70,4.20
2007.11.23 04:01:33.500,2.2357,2.2365,9.70,4.20
2007.11.23 04:01:37.456,2.2357,2.2365,9.70,4.20
2007.11.23 04:01:40.117,2.2357,2.2364,9.70,0.50
2007.11.23 04:01:40.666,2.2357,2.2364,9.60,0.80
2007.11.23 04:01:40.880,2.23565,2.23635,1.60,0.80
2007.11.23 04:01:41.097,2.2356,2.23635,0.20,6.40
2007.11.23 04:01:42.657,2.2356,2.2363,0.20,0.70
2007.11.23 04:01:42.770,2.2356,2.23635,0.20,6.40
2007.11.23 04:01:42.883,2.2356,2.23635,0.20,14.40
2007.11.23 04:01:42.996,2.2355,2.2363,0.20,13.70
2007.11.23 04:01:46.688,2.2355,2.2362,0.20,0.60
2007.11.23 04:01:46.862,2.23545,2.2365,9.40,15.30
2007.11.23 04:01:47.050,2.2355,2.2364,8.10,0.50
2007.11.23 04:01:47.351,2.2355,2.2364,9.70,0.80
2007.11.23 04:01:48.134,2.2355,2.2364,9.70,0.50
2007.11.23 04:01:48.459,2.2355,2.2364,9.70,0.50
2007.11.23 04:01:48.748,2.23545,2.2363,2.40,10.50
2007.11.23 04:01:48.935,2.2355,2.23615,1.60,6.40
2007.11.23 04:01:49.202,2.23535,2.23615,1.70,6.40
2007.11.23 04:01:49.462,2.2353,2.236,9.70,0.70
2007.11.23 04:01:49.726,2.2353,2.236,9.70,0.80
2007.11.23 04:01:50.641,2.2353,2.236,9.70,0.80
2007.11.23 04:01:50.819,2.2353,2.236,9.70,0.50
2007.11.23 04:01:50.998,2.2353,2.2363,9.70,12.10
2007.11.23 04:01:52.336,2.2353,2.2362,12.10,0.80
2007.11.23 04:01:52.609,2.23555,2.2362,0.60,0.70
2007.11.23 04:01:52.794,2.23555,2.2363,1.30,4.20
2007.11.23 04:01:52.938,2.2356,2.23635,0.20,6.40
2007.11.23 04:01:53.100,2.2356,2.2363,0.20,0.90
2007.11.23 04:01:53.655,2.2356,2.23635,0.20,6.40
2007.11.23 04:01:53.906,2.2355,2.2363,1.70,12.10
2007.11.23 04:01:54.172,2.2355,2.2362,0.20,0.90
2007.11.23 04:01:54.424,2.2355,2.2362,1.70,0.60
2007.11.23 04:01:55.605,2.2355,2.2362,1.70,4.00
2007.11.23 04:01:55.807,2.2355,2.2361,1.60,4.00
2007.11.23 04:01:56.011,2.23545,2.2361,0.80,4.00
2007.11.23 04:01:57.276,2.23545,2.2361,0.80,4.00
2007.11.23 04:01:59.124,2.23545,2.2361,0.80,4.00
2007.11.23 04:01:59.396,2.23545,2.2361,0.80,4.00
2007.11.23 04:01:59.586,2.23535,2.2361,0.80,4.00
2007.11.23 04:01:59.811,2.2353,2.2361,10.70,4.00
2007.11.23 04:01:59.965,2.23545,2.2361,0.20,4.00
2007.11.23 04:02:00.124,2.23535,2.2361,0.80,4.00
2007.11.23 04:02:00.277,2.23535,2.2361,0.80,4.00
2007.11.23 04:02:00.430,2.2354,2.2361,0.40,4.00
2007.11.23 04:02:00.650,2.2354,2.2361,0.40,4.00
2007.11.23 04:02:04.111,2.23535,2.2361,0.80,4.00
2007.11.23 04:02:04.255,2.23545,2.2361,0.80,4.00
2007.11.23 04:02:04.386,2.23545,2.2362,0.80,5.60
2007.11.23 04:02:04.523,2.23545,2.2362,0.80,5.60
2007.11.23 04:02:04.784,2.23565,2.2362,0.80,5.60
2007.11.23 04:02:04.952,2.2355,2.2362,3.20,5.60
2007.11.23 04:02:05.159,2.23565,2.2362,0.80,5.60
2007.11.23 04:02:05.322,2.23565,2.2362,0.80,5.60
2007.11.23 04:02:05.489,2.2356,2.2364,1.20,5.60
2007.11.23 04:02:06.395,2.23565,2.2364,0.80,5.60
2007.11.23 04:02:07.680,2.23555,2.2364,2.30,5.60
2007.11.23 04:02:07.804,2.2355,2.2363,2.00,8.00
2007.11.23 04:02:07.949,2.23545,2.2363,1.50,8.00
2007.11.23 04:02:08.072,2.23545,2.2363,1.50,8.00
2007.11.23 04:02:08.195,2.23545,2.2363,0.80,8.10
2007.11.23 04:02:08.318,2.23545,2.23625,0.80,2.40
2007.11.23 04:02:08.441,2.23545,2.2362,0.80,4.00
2007.11.23 04:02:08.563,2.2354,2.2362,3.50,5.60
2007.11.23 04:02:08.687,2.23575,2.2362,0.80,5.60
2007.11.23 04:02:08.810,2.23575,2.2362,1.50,5.60
2007.11.23 04:02:09.139,2.23575,2.2365,1.50,1.60
2007.11.23 04:02:09.469,2.2358,2.23655,0.40,2.40
2007.11.23 04:02:09.908,2.2358,2.23655,0.80,2.40
2007.11.23 04:02:10.041,2.2359,2.23655,0.20,2.40
2007.11.23 04:02:10.500,2.23585,2.23655,0.60,2.40
2007.11.23 04:02:10.651,2.23585,2.23655,0.60,2.40
2007.11.23 04:02:10.784,2.2357,2.23655,12.50,2.40
2007.11.23 04:02:11.083,2.23575,2.2365,0.20,1.60
2007.11.23 04:02:11.346,2.23575,2.2365,0.20,0.50
2007.11.23 04:02:11.381,2.2357,2.2364,0.60,0.90
2007.11.23 04:02:11.679,2.23565,2.23645,1.00,8.00
2007.11.23 04:02:15.098,2.2357,2.2364,0.20,0.90
2007.11.23 04:02:15.252,2.2356,2.23645,1.80,9.80
2007.11.23 04:02:15.404,2.2355,2.23645,10.10,9.90
2007.11.23 04:02:16.136,2.23555,2.23645,1.00,8.90
2007.11.23 04:02:16.335,2.23565,2.23645,1.00,8.00
2007.11.23 04:02:16.532,2.23565,2.23645,1.00,8.00
2007.11.23 04:02:18.222,2.23565,2.23645,1.00,8.00
2007.11.23 04:02:18.344,2.23555,2.2364,1.30,8.00
2007.11.23 04:02:18.467,2.2356,2.23635,0.20,0.90
2007.11.23 04:02:18.633,2.23565,2.23635,0.40,0.70
2007.11.23 04:02:18.758,2.23565,2.2364,0.80,0.90
2007.11.23 04:02:18.878,2.23565,2.2365,9.20,8.10
2007.11.23 04:02:19.002,2.2357,2.2365,0.80,0.70
2007.11.23 04:02:19.356,2.23565,2.23655,10.80,8.10
2007.11.23 04:02:21.107,2.23565,2.23655,10.50,10.10
2007.11.23 04:02:21.288,2.2357,2.23635,0.90,0.50
2007.11.23 04:02:21.474,2.2356,2.23635,0.80,0.90
2007.11.23 04:02:21.934,2.2356,2.23635,0.20,0.90
2007.11.23 04:02:22.345,2.23555,2.2364,2.80,8.90
2007.11.23 04:02:24.637,2.23555,2.2364,3.20,8.90
2007.11.23 04:02:24.780,2.2356,2.23645,10.90,8.90
2007.11.23 04:02:24.925,2.2357,2.2364,0.20,0.60
2007.11.23 04:02:31.074,2.2357,2.2363,0.20,0.50
2007.11.23 04:02:31.276,2.2357,2.2363,0.20,0.80
2007.11.23 04:02:32.549,2.2357,2.2363,0.20,0.50
2007.11.23 04:02:33.793,2.2357,2.23635,0.20,6.40
2007.11.23 04:02:34.086,2.2357,2.2363,0.20,0.50
2007.11.23 04:02:35.321,2.2357,2.2363,0.20,6.40
2007.11.23 04:02:35.490,2.2357,2.23625,0.20,0.70
2007.11.23 04:02:35.714,2.2356,2.2363,8.50,6.40
2007.11.23 04:02:40.679,2.2356,2.2363,8.50,6.40
2007.11.23 04:02:41.117,2.2356,2.23625,8.20,2.40
2007.11.23 04:02:41.266,2.2356,2.2362,8.20,1.60
2007.11.23 04:02:41.416,2.2355,2.23605,8.20,2.40
2007.11.23 04:02:41.772,2.2356,2.23605,0.80,2.40
2007.11.23 04:02:42.022,2.2355,2.23585,0.20,2.40
2007.11.23 04:02:42.271,2.2355,2.236,1.00,4.00
2007.11.23 04:02:42.520,2.23555,2.2361,9.50,0.80
2007.11.23 04:02:42.760,2.2356,2.23615,8.50,3.20
2007.11.23 04:02:42.996,2.2356,2.23615,8.50,2.40
2007.11.23 04:02:43.230,2.2357,2.23615,0.20,2.40
2007.11.23 04:02:43.463,2.2356,2.2361,4.00,4.00
2007.11.23 04:02:45.132,2.2355,2.2361,8.50,4.00
2007.11.23 04:02:45.339,2.23565,2.2361,0.20,4.00
2007.11.23 04:02:45.549,2.2356,2.23615,8.50,2.40
2007.11.23 04:02:46.755,2.2357,2.23615,0.20,2.40
2007.11.23 04:02:46.918,2.2356,2.2363,10.90,4.80
2007.11.23 04:02:47.081,2.2356,2.2363,10.90,0.80
2007.11.23 04:02:47.245,2.2356,2.23635,10.90,2.40
2007.11.23 04:02:47.408,2.2356,2.23635,10.90,2.40
2007.11.23 04:02:47.700,2.2357,2.23635,0.20,2.40
2007.11.23 04:02:47.864,2.2356,2.23635,10.90,2.40
2007.11.23 04:02:48.171,2.2357,2.23635,0.20,2.40
2007.11.23 04:02:49.819,2.2356,2.23625,10.90,2.40
2007.11.23 04:02:50.088,2.2357,2.23625,0.20,2.40
2007.11.23 04:02:50.346,2.23555,2.23625,4.10,2.40
2007.11.23 04:02:50.609,2.23545,2.2363,2.40,4.00
2007.11.23 04:02:50.873,2.23535,2.23585,4.80,2.40
2007.11.23 04:02:51.070,2.23545,2.23585,0.80,2.40
2007.11.23 04:02:51.265,2.23535,2.23585,0.80,2.40
2007.11.23 04:02:51.460,2.23535,2.2359,0.80,0.80
2007.11.23 04:02:51.654,2.23535,2.2362,2.40,5.60
2007.11.23 04:02:51.850,2.23535,2.2362,2.40,5.60
2007.11.23 04:02:52.044,2.23535,2.2362,2.40,1.60
2007.11.23 04:02:52.363,2.23525,2.2362,2.40,1.60
2007.11.23 04:02:52.685,2.23535,2.2362,0.80,1.60
2007.11.23 04:02:53.391,2.2353,2.2362,2.40,1.60
2007.11.23 04:02:53.525,2.2353,2.2362,2.40,5.60
2007.11.23 04:02:54.601,2.2353,2.2362,2.40,5.60
2007.11.23 04:02:55.211,2.2353,2.2362,2.40,9.30
2007.11.23 04:02:55.453,2.2353,2.236,2.40,0.80
2007.11.23 04:02:55.697,2.23525,2.236,2.40,0.80
2007.11.23 04:02:55.942,2.23525,2.2362,2.40,5.60
2007.11.23 04:02:56.185,2.2353,2.2362,0.70,5.60
2007.11.23 04:02:56.493,2.2352,2.2362,2.40,4.00
2007.11.23 04:02:56.725,2.2352,2.2362,2.40,4.80
2007.11.23 04:02:56.960,2.23525,2.2362,0.80,4.80
2007.11.23 04:02:57.194,2.2352,2.2362,2.40,4.00
2007.11.23 04:02:57.428,2.2352,2.2363,2.40,6.40
2007.11.23 04:02:57.810,2.23525,2.2363,0.80,5.60
2007.11.23 04:03:00.345,2.23525,2.2362,2.40,1.60
2007.11.23 04:03:01.246,2.23525,2.2362,2.40,1.60
2007.11.23 04:03:01.508,2.2353,2.2362,0.50,5.60
2007.11.23 04:03:01.672,2.2353,2.2362,1.10,8.00
2007.11.23 04:03:01.805,2.23525,2.2362,2.40,8.00
2007.11.23 04:03:01.939,2.23525,2.2362,2.40,8.00
2007.11.23 04:03:02.072,2.2353,2.2361,0.70,2.40
2007.11.23 04:03:03.608,2.23525,2.2361,2.40,2.40
2007.11.23 04:03:03.913,2.2353,2.2362,1.00,8.00
2007.11.23 04:03:04.086,2.2354,2.2362,0.80,4.00
2007.11.23 04:03:04.333,2.2354,2.2362,0.90,2.40
2007.11.23 04:03:04.756,2.23525,2.2362,2.40,2.40
2007.11.23 04:03:05.671,2.2354,2.2362,1.60,2.40
2007.11.23 04:03:06.617,2.2354,2.2362,1.60,2.40
2007.11.23 04:03:06.890,2.23545,2.2362,0.80,2.40
2007.11.23 04:03:07.163,2.23545,2.2363,0.80,2.40
2007.11.23 04:03:07.436,2.2355,2.2363,1.60,2.40
2007.11.23 04:03:07.806,2.2355,2.2363,1.60,2.40
2007.11.23 04:03:09.818,2.2355,2.2363,1.60,0.90
2007.11.23 04:03:11.180,2.2355,2.2363,1.60,0.90
2007.11.23 04:03:11.315,2.2355,2.2363,1.60,0.50
2007.11.23 04:03:11.465,2.2355,2.23645,1.60,2.40
2007.11.23 04:03:11.774,2.2355,2.23645,1.60,2.40
2007.11.23 04:03:12.352,2.2356,2.23645,1.60,2.40
2007.11.23 04:03:13.810,2.2356,2.23645,1.60,2.40
2007.11.23 04:03:13.923,2.2355,2.2365,1.60,9.70
2007.11.23 04:03:14.030,2.2355,2.23645,1.60,4.80
2007.11.23 04:03:14.443,2.2355,2.23645,1.60,6.40
2007.11.23 04:03:16.699,2.2355,2.23645,1.60,6.40
2007.11.23 04:03:18.087,2.2355,2.2363,1.60,0.60
2007.11.23 04:03:18.306,2.23545,2.2363,2.40,0.90
2007.11.23 04:03:18.454,2.23545,2.2363,0.80,0.50
2007.11.23 04:03:21.443,2.23545,2.2364,0.80,8.00
2007.11.23 04:03:21.667,2.23545,2.2364,0.80,4.80
2007.11.23 04:03:22.180,2.23545,2.2363,0.80,0.50
2007.11.23 04:03:27.570,2.23545,2.2363,0.80,0.70
2007.11.23 04:03:27.712,2.23545,2.2364,0.80,4.80
2007.11.23 04:03:31.453,2.23545,2.2363,0.80,0.90
2007.11.23 04:03:33.660,2.23545,2.2364,0.80,4.00
2007.11.23 04:03:33.787,2.23545,2.2363,0.80,0.70
2007.11.23 04:03:33.916,2.2355,2.23645,1.60,2.40
2007.11.23 04:03:34.172,2.23565,2.2364,0.80,0.90
2007.11.23 04:03:34.604,2.23565,2.2365,0.80,10.50
2007.11.23 04:03:34.867,2.23565,2.2365,0.80,4.00
2007.11.23 04:03:35.130,2.2357,2.2366,1.60,3.20
2007.11.23 04:03:35.393,2.2358,2.2366,1.60,0.90
2007.11.23 04:03:35.576,2.2358,2.23665,1.60,4.00
2007.11.23 04:03:36.214,2.2358,2.23665,1.60,0.80
2007.11.23 04:03:36.632,2.23585,2.23675,0.80,11.50
2007.11.23 04:03:36.840,2.23585,2.2368,0.80,12.00
2007.11.23 04:03:37.048,2.2359,2.2367,1.60,1.60
2007.11.23 04:03:37.390,2.236,2.2368,1.60,4.00
2007.11.23 04:03:37.916,2.236,2.2368,1.60,2.40
2007.11.23 04:03:38.652,2.236,2.2368,1.60,2.40
2007.11.23 04:03:39.005,2.236,2.2368,1.60,4.80
2007.11.23 04:03:39.133,2.23585,2.2368,0.80,4.80
2007.11.23 04:03:39.598,2.23605,2.2368,4.80,3.20
2007.11.23 04:03:39.915,2.2361,2.2369,5.60,1.60
2007.11.23 04:03:40.324,2.2361,2.237,5.60,2.40
2007.11.23 04:03:41.651,2.2361,2.237,5.60,2.40
2007.11.23 04:03:41.834,2.23645,2.237,0.80,1.60
2007.11.23 04:03:42.017,2.23645,2.2371,0.80,0.20
2007.11.23 04:03:42.325,2.23645,2.2371,0.80,0.20
2007.11.23 04:03:43.270,2.23645,2.2371,0.80,0.20
2007.11.23 04:03:43.433,2.23645,2.2372,0.80,2.40
2007.11.23 04:03:43.599,2.23645,2.2372,0.80,1.60
2007.11.23 04:03:44.145,2.23645,2.2372,0.80,1.60
2007.11.23 04:03:44.309,2.2363,2.2372,4.00,2.40
2007.11.23 04:03:44.543,2.2363,2.2371,4.00,1.60
2007.11.23 04:03:44.776,2.23625,2.2371,0.80,1.60
2007.11.23 04:03:45.010,2.23625,2.237,0.80,1.60
2007.11.23 04:03:45.250,2.23635,2.237,0.80,1.60
2007.11.23 04:03:45.484,2.23635,2.2371,0.80,1.60
2007.11.23 04:03:45.768,2.23635,2.2371,0.80,1.60
2007.11.23 04:03:46.048,2.23635,2.2371,0.80,1.60
2007.11.23 04:03:46.306,2.23645,2.2371,0.80,1.60
2007.11.23 04:03:46.495,2.2365,2.2372,4.00,4.00
2007.11.23 04:03:46.732,2.2365,2.2372,4.00,4.00
2007.11.23 04:03:46.928,2.23645,2.2372,0.80,2.40
2007.11.23 04:03:47.308,2.2365,2.2372,1.60,2.40
2007.11.23 04:03:47.596,2.2365,2.2374,1.60,4.90
2007.11.23 04:03:47.890,2.23645,2.23725,1.60,0.80
2007.11.23 04:03:48.179,2.23625,2.2372,6.40,2.40
2007.11.23 04:03:48.469,2.23625,2.2371,0.80,1.60
2007.11.23 04:03:48.664,2.23635,2.2371,0.80,1.60
2007.11.23 04:03:49.120,2.23635,2.2371,0.80,1.60
2007.11.23 04:03:49.292,2.23625,2.2371,0.80,1.60
2007.11.23 04:03:49.468,2.23625,2.2372,0.80,1.60
2007.11.23 04:03:49.777,2.23625,2.2372,0.80,1.60
2007.11.23 04:03:50.037,2.23625,2.2371,0.80,1.60
2007.11.23 04:03:50.952,2.23625,2.2371,0.80,1.60
2007.11.23 04:03:51.336,2.23625,2.2371,0.80,1.60
2007.11.23 04:03:52.354,2.23625,2.2371,0.80,1.60
2007.11.23 04:03:53.307,2.23625,2.2371,0.80,1.60
2007.11.23 04:03:54.874,2.23625,2.2371,0.80,1.60
2007.11.23 04:03:56.332,2.23625,2.2371,0.80,1.60
2007.11.23 04:03:56.660,2.2361,2.23705,5.60,0.80
2007.11.23 04:03:56.856,2.2361,2.23705,5.60,0.80
2007.11.23 04:03:57.004,2.2361,2.2369,4.00,1.60
2007.11.23 04:03:57.158,2.2361,2.2369,4.00,1.60
2007.11.23 04:03:57.306,2.23605,2.2369,0.80,1.60
2007.11.23 04:03:57.460,2.23605,2.237,0.80,1.70
2007.11.23 04:03:57.609,2.23605,2.237,0.80,4.10
2007.11.23 04:03:57.867,2.23605,2.2369,0.80,1.60
2007.11.23 04:03:58.272,2.23605,2.2368,0.80,1.60
2007.11.23 04:04:00.836,2.23605,2.2368,0.80,1.60
2007.11.23 04:04:01.150,2.23605,2.2368,0.80,1.60
2007.11.23 04:04:01.298,2.2359,2.2368,5.60,1.60
2007.11.23 04:04:01.447,2.2359,2.2367,1.60,1.60
2007.11.23 04:04:01.664,2.2359,2.2367,1.60,1.60
2007.11.23 04:04:01.810,2.2359,2.2367,1.60,1.60
2007.11.23 04:04:01.961,2.23585,2.2367,0.80,1.60
2007.11.23 04:04:02.098,2.2358,2.2367,2.40,1.60
2007.11.23 04:04:06.119,2.2358,2.2367,2.40,1.60
2007.11.23 04:04:06.278,2.2357,2.23665,5.60,0.80
2007.11.23 04:04:06.436,2.23565,2.2366,2.40,1.60
2007.11.23 04:04:06.646,2.23565,2.2366,2.40,1.60
2007.11.23 04:04:06.886,2.23565,2.2366,2.40,4.00
2007.11.23 04:04:07.044,2.23565,2.2366,0.80,4.00
2007.11.23 04:04:07.339,2.2357,2.2366,1.10,4.00
2007.11.23 04:04:11.851,2.23565,2.2366,2.40,4.00
2007.11.23 04:04:12.388,2.23565,2.2366,0.80,4.00
2007.11.23 04:04:12.914,2.23565,2.2364,0.80,1.60
2007.11.23 04:04:13.203,2.2355,2.2364,4.80,1.60
2007.11.23 04:04:13.480,2.2355,2.2365,6.40,2.40
2007.11.23 04:04:13.608,2.2355,2.2366,6.40,4.00
2007.11.23 04:04:17.380,2.23565,2.2366,0.80,4.00
2007.11.23 04:04:17.623,2.2356,2.2366,2.40,4.00
2007.11.23 04:04:17.774,2.23565,2.2366,0.80,1.60
2007.11.23 04:04:17.901,2.2356,2.2366,6.40,1.60
2007.11.23 04:04:18.320,2.23565,2.2366,2.40,1.60
2007.11.23 04:04:20.289,2.23565,2.2365,2.40,1.60
2007.11.23 04:04:20.388,2.2356,2.2365,6.40,1.60
2007.11.23 04:04:20.896,2.23565,2.23665,2.40,0.80
2007.11.23 04:04:22.882,2.23565,2.23665,2.40,0.80
2007.11.23 04:04:26.126,2.2357,2.23665,0.80,0.80
2007.11.23 04:04:26.337,2.23565,2.2366,2.40,0.80
2007.11.23 04:04:26.545,2.23565,2.2365,0.80,1.60
2007.11.23 04:04:26.753,2.2356,2.2365,2.40,1.60
2007.11.23 04:04:26.907,2.2356,2.2365,6.40,1.60
2007.11.23 04:04:27.060,2.23565,2.2366,2.40,1.60
2007.11.23 04:04:27.213,2.2357,2.2366,0.80,1.60
2007.11.23 04:04:29.657,2.23565,2.2366,2.40,1.60
2007.11.23 04:04:29.763,2.23575,2.2366,1.60,1.60
2007.11.23 04:04:29.943,2.23575,2.2368,1.60,2.40
2007.11.23 04:04:30.121,2.23595,2.2368,0.80,1.60
2007.11.23 04:04:30.301,2.23575,2.2368,1.60,1.60
2007.11.23 04:04:30.485,2.23575,2.2369,1.60,1.60
2007.11.23 04:04:30.657,2.23575,2.2369,1.60,1.60
2007.11.23 04:04:30.835,2.23595,2.2369,1.60,1.60
2007.11.23 04:04:31.013,2.23615,2.237,0.80,1.60
2007.11.23 04:04:31.267,2.23635,2.237,0.80,1.60
2007.11.23 04:04:31.519,2.23635,2.2371,0.80,1.60
2007.11.23 04:04:31.772,2.23605,2.23695,6.50,2.40
2007.11.23 04:04:32.026,2.2361,2.23695,5.70,2.40
2007.11.23 04:04:32.250,2.2361,2.23695,5.70,2.40
2007.11.23 04:04:32.473,2.2361,2.2369,1.60,1.60
2007.11.23 04:04:32.696,2.2361,2.2369,1.60,1.60
2007.11.23 04:04:32.919,2.236,2.2369,1.60,1.60
2007.11.23 04:04:33.142,2.236,2.2369,1.60,1.60
2007.11.23 04:04:33.360,2.23595,2.2369,0.80,1.60
2007.11.23 04:04:33.903,2.23595,2.2369,0.80,1.60
2007.11.23 04:04:34.369,2.23595,2.2369,0.80,1.60
2007.11.23 04:04:35.034,2.23595,2.2368,0.80,1.60
2007.11.23 04:04:37.113,2.23595,2.2368,0.80,1.60
2007.11.23 04:04:37.219,2.23595,2.2368,0.80,1.60
2007.11.23 04:04:39.640,2.23605,2.2368,0.80,1.60
2007.11.23 04:04:39.791,2.23605,2.2368,0.80,1.60
2007.11.23 04:04:39.910,2.23605,2.2368,0.80,1.60
2007.11.23 04:04:39.997,2.23605,2.2368,0.80,1.60
2007.11.23 04:04:40.122,2.23605,2.2368,0.80,1.60
2007.11.23 04:04:40.430,2.23605,2.2369,0.80,1.60
2007.11.23 04:04:43.210,2.23605,2.2369,0.80,0.50
2007.11.23 04:04:44.945,2.23605,2.2369,0.80,0.50
2007.11.23 04:04:53.375,2.2361,2.23695,1.60,0.50
2007.11.23 04:04:54.323,2.23605,2.23695,0.80,4.00
2007.11.23 04:04:55.864,2.2361,2.23695,1.60,4.00
2007.11.23 04:04:57.968,2.23605,2.2369,0.80,0.50
2007.11.23 04:04:58.090,2.23605,2.2369,0.80,0.80
2007.11.23 04:04:58.215,2.23605,2.23695,0.80,4.00
2007.11.23 04:04:58.389,2.23605,2.23695,0.80,4.00
2007.11.23 04:04:58.983,2.23605,2.23695,0.80,4.00
2007.11.23 04:05:00.448,2.23605,2.23695,0.80,4.00
2007.11.23 04:05:00.956,2.23605,2.2369,0.80,0.60
2007.11.23 04:05:03.359,2.23605,2.23695,0.80,4.00
2007.11.23 04:05:05.640,2.236,2.23695,1.60,4.00
2007.11.23 04:05:05.860,2.236,2.23675,1.60,0.90
2007.11.23 04:05:05.999,2.2359,2.2368,1.60,4.80
2007.11.23 04:05:06.162,2.2359,2.2368,1.60,4.80
2007.11.23 04:05:06.365,2.236,2.2368,1.60,4.80
2007.11.23 04:05:06.989,2.236,2.2368,1.60,4.80
2007.11.23 04:05:07.895,2.236,2.2368,1.60,4.80
2007.11.23 04:05:08.118,2.2359,2.23675,1.60,0.80
2007.11.23 04:05:08.355,2.2359,2.23675,1.60,0.90
2007.11.23 04:05:10.959,2.236,2.2368,1.60,17.60
2007.11.23 04:05:12.019,2.2359,2.23675,1.60,3.20
2007.11.23 04:05:12.458,2.2359,2.23675,1.60,3.20
2007.11.23 04:05:12.610,2.2359,2.23675,1.60,2.40
2007.11.23 04:05:12.764,2.2359,2.23675,1.60,2.40
2007.11.23 04:05:12.919,2.2359,2.2367,1.60,1.60
2007.11.23 04:05:13.306,2.2359,2.23675,1.60,2.40
2007.11.23 04:05:18.194,2.2359,2.23675,1.60,2.40
2007.11.23 04:05:21.586,2.2359,2.2368,1.60,4.80
2007.11.23 04:05:22.139,2.23605,2.2368,0.80,4.80
2007.11.23 04:05:22.630,2.23605,2.2368,0.80,4.80
2007.11.23 04:05:22.774,2.23605,2.2369,0.80,7.20
2007.11.23 04:05:22.965,2.23605,2.23695,0.80,4.00
2007.11.23 04:05:23.167,2.23605,2.2368,0.80,0.90
2007.11.23 04:05:23.352,2.23605,2.2369,0.80,2.40
2007.11.23 04:05:24.424,2.2361,2.2368,1.60,0.80
2007.11.23 04:05:24.950,2.23605,2.2368,0.80,0.80
2007.11.23 04:05:27.952,2.2361,2.2369,1.60,2.40
2007.11.23 04:05:29.211,2.2361,2.2368,1.60,0.80
2007.11.23 04:05:32.417,2.23605,2.2369,0.80,2.40
2007.11.23 04:05:36.382,2.2361,2.2369,1.60,2.40
2007.11.23 04:05:37.397,2.23605,2.2369,0.80,2.40
2007.11.23 04:05:37.651,2.23605,2.2368,0.80,0.80
2007.11.23 04:05:37.770,2.23605,2.2369,0.80,2.40
2007.11.23 04:05:37.888,2.23605,2.2369,0.80,2.40
2007.11.23 04:05:38.007,2.2361,2.2368,1.60,0.80
2007.11.23 04:05:38.125,2.2361,2.23695,1.60,3.20
2007.11.23 04:05:40.235,2.2361,2.2368,1.60,0.80
2007.11.23 04:05:40.353,2.23605,2.2369,0.80,2.40
2007.11.23 04:05:44.674,2.23605,2.23695,0.80,4.80
2007.11.23 04:05:45.196,2.23605,2.2369,0.80,2.40
2007.11.23 04:05:49.849,2.23605,2.2368,0.80,1.60
2007.11.23 04:05:50.901,2.23605,2.2368,0.80,1.60
2007.11.23 04:05:51.266,2.23605,2.2368,0.80,1.60
2007.11.23 04:05:51.414,2.23605,2.2369,0.80,2.40
2007.11.23 04:05:52.683,2.23605,2.2369,0.80,2.40
2007.11.23 04:05:52.972,2.236,2.23675,1.60,2.40
2007.11.23 04:05:53.101,2.23585,2.2367,2.40,1.60
2007.11.23 04:05:53.268,2.23585,2.2367,2.40,1.60
2007.11.23 04:05:53.401,2.23585,2.2367,0.80,1.60
2007.11.23 04:05:53.576,2.23585,2.2367,0.80,1.60
2007.11.23 04:05:54.221,2.23585,2.2367,0.80,2.40
2007.11.23 04:05:54.483,2.23585,2.2367,0.80,2.40
2007.11.23 04:05:54.846,2.23585,2.2367,0.80,0.80
2007.11.23 04:05:55.673,2.23585,2.23675,0.80,4.80
2007.11.23 04:05:55.791,2.23595,2.2368,0.80,7.20
2007.11.23 04:05:55.910,2.23595,2.2368,0.80,6.40
2007.11.23 04:05:56.028,2.23595,2.2368,0.80,2.40
2007.11.23 04:05:59.662,2.2357,2.2367,8.80,1.60
2007.11.23 04:05:59.790,2.2357,2.2367,6.40,4.00
2007.11.23 04:05:59.919,2.2357,2.23665,2.40,0.80
2007.11.23 04:06:00.048,2.23565,2.2365,0.80,0.80
2007.11.23 04:06:00.176,2.23565,2.23665,0.80,4.80
2007.11.23 04:06:00.304,2.23565,2.23665,0.80,5.60
2007.11.23 04:06:00.557,2.23565,2.2366,0.80,6.40
2007.11.23 04:06:01.072,2.23565,2.2366,0.80,7.20
2007.11.23 04:06:02.309,2.23565,2.2366,0.80,7.20
2007.11.23 04:06:04.810,2.23565,2.2366,0.80,7.20
2007.11.23 04:06:05.339,2.23565,2.2363,0.80,0.70
2007.11.23 04:06:06.502,2.23565,2.2366,0.80,7.20
2007.11.23 04:06:07.285,2.23565,2.2366,0.80,7.20
2007.11.23 04:06:09.372,2.23565,2.2366,0.80,7.20
2007.11.23 04:06:09.505,2.23565,2.2365,0.80,0.80
2007.11.23 04:06:09.670,2.23565,2.2365,0.80,0.90
2007.11.23 04:06:09.848,2.23565,2.23645,0.80,6.40
2007.11.23 04:06:10.027,2.23565,2.2364,0.80,5.60
2007.11.23 04:06:10.205,2.2355,2.2364,1.60,5.60
2007.11.23 04:06:10.384,2.2355,2.2363,1.60,0.90
2007.11.23 04:06:10.561,2.23545,2.2364,0.80,0.60
2007.11.23 04:06:13.333,2.23545,2.2364,0.80,0.60
2007.11.23 04:06:13.508,2.23545,2.2364,0.80,0.50
2007.11.23 04:06:14.188,2.23545,2.2364,0.80,0.80
2007.11.23 04:06:14.392,2.23545,2.2364,0.80,6.40
2007.11.23 04:06:14.595,2.23545,2.2364,0.80,6.40
2007.11.23 04:06:14.973,2.23545,2.2364,0.80,6.40
2007.11.23 04:06:15.388,2.23545,2.2364,0.80,6.40
2007.11.23 04:06:15.922,2.23545,2.2363,0.80,0.60
2007.11.23 04:06:19.200,2.23535,2.2363,0.80,4.00
2007.11.23 04:06:19.326,2.23535,2.2362,0.80,0.70
2007.11.23 04:06:19.460,2.23535,2.2362,0.80,5.60
2007.11.23 04:06:19.592,2.23535,2.2362,0.80,5.60
2007.11.23 04:06:19.833,2.23545,2.2361,0.80,0.50
2007.11.23 04:06:19.968,2.23545,2.2363,0.80,0.90
2007.11.23 04:06:20.382,2.23545,2.2363,0.80,0.50
2007.11.23 04:06:20.647,2.23545,2.2364,0.80,7.20
2007.11.23 04:06:20.909,2.23545,2.2364,0.80,6.40
2007.11.23 04:06:21.163,2.23545,2.2364,0.80,6.40
2007.11.23 04:06:22.864,2.2355,2.2364,2.40,6.40
2007.11.23 04:06:23.143,2.2355,2.2363,2.40,2.40
2007.11.23 04:06:23.276,2.23565,2.2363,0.80,2.40
2007.11.23 04:06:23.409,2.23565,2.2363,0.80,0.80
2007.11.23 04:06:23.624,2.23595,2.2363,0.80,0.80
2007.11.23 04:06:23.757,2.23595,2.2363,0.80,0.80
2007.11.23 04:06:23.897,2.23595,2.2363,0.80,0.80
2007.11.23 04:06:24.030,2.23595,2.2363,0.80,0.80
2007.11.23 04:06:24.163,2.23595,2.2364,0.80,0.80
2007.11.23 04:06:24.364,2.23595,2.2364,0.80,0.80
2007.11.23 04:06:24.660,2.2357,2.2364,6.40,0.80
2007.11.23 04:06:24.957,2.2357,2.2364,4.00,0.80
2007.11.23 04:06:25.256,2.2357,2.2365,4.00,0.80
2007.11.23 04:06:25.494,2.23565,2.2364,0.80,1.60
2007.11.23 04:06:25.732,2.23605,2.2364,0.80,1.60
2007.11.23 04:06:26.000,2.23605,2.2365,0.80,2.40
2007.11.23 04:06:26.238,2.23605,2.2365,0.80,2.40
2007.11.23 04:06:26.405,2.23605,2.2365,0.80,0.80
2007.11.23 04:06:26.563,2.23605,2.2365,0.80,0.80
2007.11.23 04:06:29.685,2.23615,2.2365,0.80,0.80
2007.11.23 04:06:29.844,2.23615,2.2365,0.80,0.80
2007.11.23 04:06:30.087,2.23615,2.2365,0.80,0.80
2007.11.23 04:06:30.246,2.23625,2.2365,0.80,0.80
2007.11.23 04:06:30.404,2.23625,2.2365,0.80,0.80
2007.11.23 04:06:30.638,2.23625,2.2365,0.80,0.80
2007.11.23 04:06:30.870,2.23625,2.2365,0.80,0.80
2007.11.23 04:06:31.103,2.23625,2.2369,0.80,1.60
2007.11.23 04:06:31.338,2.23625,2.2369,0.80,1.60
2007.11.23 04:06:31.571,2.23625,2.237,0.80,1.60
2007.11.23 04:06:31.776,2.23635,2.237,0.80,1.60
2007.11.23 04:06:32.149,2.23635,2.237,0.80,1.60
2007.11.23 04:06:32.353,2.23635,2.237,0.80,1.60
2007.11.23 04:06:32.668,2.23635,2.237,0.80,1.60
2007.11.23 04:06:32.874,2.2359,2.23695,3.20,2.40
2007.11.23 04:06:33.078,2.2359,2.2367,1.60,1.60
2007.11.23 04:06:33.764,2.23585,2.2367,0.80,1.60
2007.11.23 04:06:34.116,2.2358,2.2367,4.00,1.60
2007.11.23 04:06:34.151,2.2358,2.2367,4.00,0.80
2007.11.23 04:06:34.385,2.23575,2.237,0.80,6.40
2007.11.23 04:06:34.642,2.23575,2.2368,0.80,0.60
2007.11.23 04:06:34.809,2.23575,2.2367,0.80,0.50
2007.11.23 04:06:35.070,2.23575,2.237,0.80,6.40
2007.11.23 04:06:35.239,2.23575,2.237,0.80,6.40
2007.11.23 04:06:35.408,2.23575,2.2368,0.80,0.80
2007.11.23 04:06:38.771,2.23575,2.2368,0.80,0.70
2007.11.23 04:06:38.885,2.23575,2.2368,0.80,0.50
2007.11.23 04:06:38.998,2.23575,2.2367,0.80,0.90
2007.11.23 04:06:39.256,2.23575,2.2367,0.80,0.90
2007.11.23 04:06:39.372,2.23575,2.237,0.80,6.40
2007.11.23 04:06:41.705,2.23595,2.2367,0.80,0.70
2007.11.23 04:06:41.904,2.23595,2.237,0.80,7.20
2007.11.23 04:06:42.098,2.23595,2.237,0.80,7.20
2007.11.23 04:06:42.731,2.23595,2.2368,0.80,0.90
2007.11.23 04:06:43.137,2.23595,2.2368,0.80,0.80
2007.11.23 04:06:43.327,2.23595,2.237,0.80,5.60
2007.11.23 04:06:43.515,2.23595,2.2369,0.80,0.80
2007.11.23 04:06:46.411,2.23595,2.237,0.80,5.60
2007.11.23 04:06:49.931,2.23595,2.2372,0.80,6.40
2007.11.23 04:06:50.347,2.23595,2.2372,0.80,6.40
2007.11.23 04:06:52.418,2.23595,2.237,0.80,0.80
2007.11.23 04:06:55.410,2.23595,2.2372,0.80,6.40
2007.11.23 04:06:57.446,2.23595,2.2368,0.80,0.60
2007.11.23 04:06:57.562,2.23595,2.2372,0.80,6.40
2007.11.23 04:06:58.085,2.23595,2.237,0.80,0.70
2007.11.23 04:06:58.292,2.23595,2.2372,0.80,6.40
2007.11.23 04:07:05.390,2.23595,2.2368,0.80,1.60
2007.11.23 04:07:05.607,2.23595,2.2368,0.80,1.60
2007.11.23 04:07:05.750,2.2358,2.2368,7.90,1.60
2007.11.23 04:07:06.049,2.2358,2.2368,7.90,1.60
2007.11.23 04:07:06.191,2.2358,2.2368,7.90,1.60
2007.11.23 04:07:06.335,2.23575,2.2368,0.80,1.60
2007.11.23 04:07:06.477,2.23575,2.2368,0.80,1.60
2007.11.23 04:07:06.843,2.23575,2.2368,0.80,1.60
2007.11.23 04:07:08.458,2.23575,2.2368,0.80,1.60
2007.11.23 04:07:12.972,2.2358,2.237,1.60,1.60
2007.11.23 04:07:19.493,2.2358,2.237,1.60,1.60
2007.11.23 04:07:27.369,2.23575,2.237,0.80,1.60
2007.11.23 04:07:30.614,2.23575,2.237,0.80,1.60
2007.11.23 04:07:30.907,2.2358,2.2371,1.60,1.60
2007.11.23 04:07:32.350,2.2358,2.237,1.60,1.60
2007.11.23 04:07:38.856,2.2358,2.237,1.60,1.60
2007.11.23 04:07:38.968,2.2357,2.2368,6.10,1.60
2007.11.23 04:07:39.365,2.2357,2.2368,6.10,1.60
2007.11.23 04:07:39.548,2.2357,2.2368,7.70,1.60
2007.11.23 04:07:41.432,2.2357,2.2368,7.70,1.60
2007.11.23 04:07:41.625,2.2357,2.2368,7.70,1.60
2007.11.23 04:07:41.905,2.2357,2.2369,7.70,1.60
2007.11.23 04:07:52.653,2.2357,2.2369,7.70,1.60
2007.11.23 04:07:58.450,2.2357,2.2369,7.70,1.60
2007.11.23 04:08:00.901,2.2357,2.2369,5.30,1.60
2007.11.23 04:08:01.024,2.2357,2.2369,5.30,1.60
2007.11.23 04:08:01.148,2.23575,2.2369,0.80,1.60
2007.11.23 04:08:01.272,2.23575,2.2369,0.80,1.60
2007.11.23 04:08:01.396,2.23575,2.2368,0.80,1.60
2007.11.23 04:08:03.671,2.23575,2.2368,0.80,1.60
2007.11.23 04:08:08.958,2.23575,2.2367,0.80,1.60
2007.11.23 04:08:12.926,2.23575,2.2367,0.80,1.60
2007.11.23 04:08:13.150,2.23575,2.2367,0.80,1.60
2007.11.23 04:08:13.298,2.23555,2.2367,5.60,1.60
2007.11.23 04:08:13.446,2.2355,2.2366,1.60,1.60
2007.11.23 04:08:13.594,2.2355,2.2366,1.60,1.60
2007.11.23 04:08:13.753,2.2354,2.2366,7.70,1.60
2007.11.23 04:08:13.958,2.23535,2.2366,8.50,1.60
2007.11.23 04:08:13.962,2.23535,2.2368,8.50,1.60
2007.11.23 04:08:14.692,2.23535,2.2368,8.50,1.60
2007.11.23 04:08:14.983,2.2354,2.2367,1.40,1.60
2007.11.23 04:08:15.303,2.23535,2.2368,8.50,1.60
2007.11.23 04:08:23.295,2.23535,2.2367,8.50,1.60
2007.11.23 04:08:25.722,2.2354,2.2367,1.40,1.60
2007.11.23 04:08:29.706,2.2356,2.2367,1.20,1.60
2007.11.23 04:08:29.825,2.23575,2.2367,0.80,1.60
2007.11.23 04:08:29.936,2.23575,2.2368,0.80,1.60
2007.11.23 04:08:30.050,2.2356,2.2368,12.50,1.60
2007.11.23 04:08:32.320,2.2356,2.2367,12.50,1.60
2007.11.23 04:08:32.681,2.2356,2.23665,2.60,0.80
2007.11.23 04:08:32.795,2.2355,2.23665,7.20,0.80
2007.11.23 04:08:32.907,2.2355,2.23665,3.20,0.80
2007.11.23 04:08:33.111,2.2354,2.2365,3.20,1.60
2007.11.23 04:08:33.177,2.2354,2.23665,4.80,2.40
2007.11.23 04:08:33.457,2.2354,2.23665,3.20,2.40
2007.11.23 04:08:34.080,2.2354,2.2365,0.80,0.80
2007.11.23 04:08:34.907,2.23535,2.2364,0.80,0.70
2007.11.23 04:08:36.752,2.2353,2.23665,2.40,2.40
2007.11.23 04:08:37.027,2.2353,2.23665,2.40,2.40
2007.11.23 04:08:37.285,2.23555,2.2364,0.80,0.60
2007.11.23 04:08:37.544,2.2354,2.23665,2.40,2.40
2007.11.23 04:08:38.316,2.2354,2.23665,2.40,2.40
2007.11.23 04:08:39.661,2.23535,2.23665,2.40,2.40
2007.11.23 04:08:39.790,2.23535,2.23665,2.40,2.40
2007.11.23 04:08:39.918,2.2353,2.23665,2.40,2.40
2007.11.23 04:08:40.281,2.2352,2.23665,10.10,2.40
2007.11.23 04:08:40.825,2.23535,2.2364,0.80,0.90
2007.11.23 04:08:41.034,2.2351,2.23665,7.20,2.40
2007.11.23 04:08:41.242,2.235,2.2366,3.20,4.00
2007.11.23 04:08:41.498,2.23485,2.2363,0.80,0.70
2007.11.23 04:08:41.639,2.23485,2.2366,2.40,4.00
2007.11.23 04:08:41.854,2.23485,2.2366,2.40,4.00
2007.11.23 04:08:42.048,2.2348,2.2366,3.20,4.00
2007.11.23 04:08:42.191,2.23475,2.2366,4.00,4.00
2007.11.23 04:08:42.390,2.2348,2.2366,1.60,5.60
2007.11.23 04:08:42.587,2.2348,2.2363,1.60,0.90
2007.11.23 04:08:43.943,2.2349,2.2364,1.60,0.80
2007.11.23 04:08:44.977,2.2349,2.2366,1.60,5.60
2007.11.23 04:08:45.478,2.2348,2.2363,1.60,0.70
2007.11.23 04:08:45.898,2.2348,2.2366,1.60,5.60
2007.11.23 04:08:46.419,2.2348,2.2366,1.60,5.60
2007.11.23 04:08:47.758,2.2348,2.2366,1.60,5.60
2007.11.23 04:08:48.805,2.2348,2.2366,1.60,5.60
2007.11.23 04:08:49.072,2.2348,2.2366,1.60,5.60
2007.11.23 04:08:49.849,2.2348,2.23625,1.60,0.80
2007.11.23 04:08:50.023,2.2348,2.23625,1.60,0.80
2007.11.23 04:08:50.196,2.2348,2.23625,1.60,6.40
2007.11.23 04:08:50.370,2.2348,2.2361,1.60,0.50
2007.11.23 04:08:50.598,2.2348,2.2361,1.60,0.50
2007.11.23 04:08:50.892,2.2347,2.2361,1.60,4.00
2007.11.23 04:08:51.900,2.2348,2.2362,1.60,8.00
2007.11.23 04:08:52.084,2.2348,2.2362,1.60,8.00
2007.11.23 04:08:52.314,2.2347,2.2361,1.60,4.00
2007.11.23 04:08:52.498,2.23535,2.2361,2.40,4.00
2007.11.23 04:08:52.696,2.23535,2.2363,2.40,16.00
2007.11.23 04:08:52.895,2.23535,2.2363,2.40,16.00
2007.11.23 04:08:53.267,2.23535,2.2361,2.40,0.50
2007.11.23 04:08:53.466,2.23535,2.2363,2.40,14.40
2007.11.23 04:08:53.890,2.23535,2.2363,2.40,14.40
2007.11.23 04:08:56.830,2.23535,2.23625,2.40,2.40
2007.11.23 04:08:56.983,2.2353,2.2361,12.00,0.70
2007.11.23 04:08:57.136,2.2353,2.2361,12.00,0.70
2007.11.23 04:08:57.291,2.2353,2.2362,4.00,4.80
2007.11.23 04:08:57.445,2.2351,2.2362,1.60,0.50
2007.11.23 04:08:57.598,2.23505,2.2362,1.60,8.80
2007.11.23 04:08:57.836,2.2349,2.2361,6.10,0.60
2007.11.23 04:08:58.076,2.23485,2.2362,3.70,0.50
2007.11.23 04:08:58.314,2.2347,2.2362,1.60,8.00
2007.11.23 04:08:58.552,2.2346,2.2362,1.60,6.40
2007.11.23 04:08:58.959,2.2346,2.2362,1.60,6.40
2007.11.23 04:08:59.208,2.2346,2.236,1.60,0.70
2007.11.23 04:08:59.456,2.2347,2.2362,1.60,6.40
2007.11.23 04:08:59.704,2.2347,2.23605,1.60,0.80
2007.11.23 04:08:59.997,2.2347,2.236,1.60,0.90
2007.11.23 04:09:01.432,2.2347,2.236,1.60,0.50
2007.11.23 04:09:01.610,2.23505,2.236,0.80,11.20
2007.11.23 04:09:01.783,2.23505,2.23595,0.80,0.60
2007.11.23 04:09:02.929,2.23505,2.23595,0.80,0.90
2007.11.23 04:09:03.113,2.23505,2.23595,0.80,0.90
2007.11.23 04:09:03.297,2.235,2.2358,1.60,4.50
2007.11.23 04:09:03.487,2.2346,2.2358,3.20,11.70
2007.11.23 04:09:03.843,2.2346,2.2358,1.60,11.70
2007.11.23 04:09:04.078,2.2346,2.2358,1.60,13.30
2007.11.23 04:09:05.662,2.2346,2.23555,1.60,0.80
2007.11.23 04:09:05.841,2.2346,2.23555,1.60,0.50
2007.11.23 04:09:06.151,2.2345,2.2356,1.60,8.00
2007.11.23 04:09:06.336,2.2345,2.23555,1.60,0.70
2007.11.23 04:09:06.626,2.2345,2.2356,1.60,9.60
2007.11.23 04:09:06.805,2.2345,2.23555,1.60,0.90
2007.11.23 04:09:07.050,2.2344,2.23555,1.60,0.80
2007.11.23 04:09:07.370,2.2344,2.2356,1.60,13.30
2007.11.23 04:09:09.692,2.23445,2.2356,0.80,13.30
2007.11.23 04:09:09.802,2.23445,2.23555,0.80,0.50
2007.11.23 04:09:09.980,2.23445,2.2356,2.40,7.20
2007.11.23 04:09:10.161,2.2345,2.2356,1.60,4.80
2007.11.23 04:09:10.340,2.23445,2.23555,0.80,0.80
2007.11.23 04:09:10.519,2.23445,2.2356,0.80,4.80
2007.11.23 04:09:10.698,2.2345,2.23555,1.60,0.80
2007.11.23 04:09:10.876,2.2345,2.2356,1.60,4.80
2007.11.23 04:09:11.208,2.23445,2.2356,0.80,4.80
2007.11.23 04:09:11.542,2.23445,2.23555,0.80,0.80
2007.11.23 04:09:12.661,2.2345,2.23555,1.60,0.80
2007.11.23 04:09:13.784,2.2345,2.2356,1.60,4.80
2007.11.23 04:09:14.256,2.2345,2.23555,1.60,0.80
2007.11.23 04:09:20.827,2.2345,2.23555,1.60,0.80
2007.11.23 04:09:23.473,2.2345,2.23555,0.50,0.80
2007.11.23 04:09:24.260,2.2345,2.23555,0.60,0.80
2007.11.23 04:09:24.447,2.23445,2.2356,2.40,6.40
2007.11.23 04:09:24.709,2.2345,2.23555,1.60,0.80
2007.11.23 04:09:24.852,2.2345,2.23555,1.60,0.80
2007.11.23 04:09:25.408,2.2346,2.23555,1.60,0.80
2007.11.23 04:09:26.876,2.2345,2.23555,1.60,0.80
2007.11.23 04:09:27.062,2.2345,2.23555,2.40,0.80
2007.11.23 04:09:27.246,2.23455,2.23555,0.80,0.80
2007.11.23 04:09:27.429,2.2346,2.23555,1.60,0.80
2007.11.23 04:09:27.673,2.2346,2.23555,1.60,0.80
2007.11.23 04:09:31.874,2.2346,2.23555,1.60,0.80
2007.11.23 04:09:32.417,2.23455,2.23555,2.40,0.80
2007.11.23 04:09:37.960,2.23455,2.23555,2.40,0.80
2007.11.23 04:09:38.644,2.23455,2.23555,2.40,0.80
2007.11.23 04:09:38.813,2.2344,2.23535,9.60,0.80
2007.11.23 04:09:38.980,2.2344,2.23535,3.20,0.80
2007.11.23 04:09:39.150,2.2344,2.23535,3.20,0.80
2007.11.23 04:09:40.178,2.2344,2.23535,3.20,0.80
2007.11.23 04:09:40.391,2.2344,2.23555,2.40,0.80
2007.11.23 04:09:40.605,2.2344,2.23555,2.40,0.80
2007.11.23 04:09:40.993,2.23445,2.23555,2.40,0.80
2007.11.23 04:09:41.463,2.23445,2.23555,2.40,0.80
2007.11.23 04:09:41.914,2.2344,2.23555,2.40,0.80
2007.11.23 04:09:42.438,2.23445,2.23555,2.40,0.80
2007.11.23 04:09:43.125,2.23445,2.23555,2.40,0.80
2007.11.23 04:09:43.480,2.2344,2.23555,2.40,0.80
2007.11.23 04:09:43.896,2.23445,2.23555,2.40,0.80
2007.11.23 04:09:44.656,2.23445,2.23555,2.40,0.80
2007.11.23 04:09:44.914,2.2345,2.23555,2.40,0.80
2007.11.23 04:09:45.052,2.23455,2.23555,2.40,0.80
2007.11.23 04:09:45.980,2.23455,2.23555,2.40,0.80
2007.11.23 04:09:46.388,2.2345,2.23555,2.40,0.80
2007.11.23 04:09:49.269,2.23455,2.23555,2.40,0.80
2007.11.23 04:09:49.902,2.23455,2.23555,2.40,0.80
2007.11.23 04:09:54.158,2.23455,2.23555,2.40,0.80
2007.11.23 04:09:55.618,2.23455,2.23555,2.40,0.80
2007.11.23 04:09:55.881,2.2344,2.23535,7.20,0.80
2007.11.23 04:09:56.146,2.2344,2.23535,7.20,0.80
2007.11.23 04:09:59.144,2.2344,2.23535,7.20,0.80
2007.11.23 04:09:59.253,2.2345,2.2355,2.40,4.00
2007.11.23 04:09:59.435,2.2345,2.2355,2.40,1.60
2007.11.23 04:09:59.619,2.23455,2.23555,0.80,0.80
2007.11.23 04:09:59.803,2.2345,2.23515,1.00,0.80
2007.11.23 04:09:59.986,2.2343,2.23515,1.70,0.80
2007.11.23 04:10:00.171,2.23425,2.2352,4.00,4.00
2007.11.23 04:10:00.355,2.23425,2.2352,4.00,4.00
2007.11.23 04:10:00.583,2.2343,2.23555,1.40,0.80
2007.11.23 04:10:00.812,2.23425,2.23555,2.40,0.80
2007.11.23 04:10:03.173,2.2343,2.23515,1.20,0.80
2007.11.23 04:10:03.318,2.2342,2.23515,3.20,0.80
2007.11.23 04:10:03.507,2.2342,2.23515,3.20,0.80
2007.11.23 04:10:05.186,2.2343,2.23515,1.20,0.80
2007.11.23 04:10:08.170,2.2342,2.23515,3.20,0.80
2007.11.23 04:10:08.316,2.2342,2.23515,3.20,0.80
2007.11.23 04:10:08.469,2.23405,2.23515,2.40,0.80
2007.11.23 04:10:08.687,2.2342,2.23515,1.10,0.80
2007.11.23 04:10:08.905,2.234,2.23495,3.20,0.80
2007.11.23 04:10:09.124,2.23395,2.23495,2.40,0.80
2007.11.23 04:10:09.343,2.23395,2.23495,2.40,0.80
2007.11.23 04:10:09.625,2.2342,2.23495,1.20,0.80
2007.11.23 04:10:09.827,2.2338,2.23475,3.20,0.80
2007.11.23 04:10:10.033,2.2338,2.23475,3.20,0.80
2007.11.23 04:10:10.860,2.23375,2.23475,2.40,0.80
2007.11.23 04:10:13.283,2.23375,2.23475,4.00,0.80
2007.11.23 04:10:14.070,2.23375,2.23475,2.40,0.80
2007.11.23 04:10:14.178,2.23395,2.2348,2.40,4.00
2007.11.23 04:10:14.286,2.23395,2.2348,2.40,4.00
2007.11.23 04:10:14.394,2.23395,2.23495,2.40,0.80
2007.11.23 04:10:16.219,2.23395,2.23495,2.40,0.80
2007.11.23 04:10:16.773,2.23395,2.23495,2.40,0.80
2007.11.23 04:10:17.388,2.23395,2.23495,2.40,0.80
2007.11.23 04:10:19.370,2.23395,2.23495,2.40,0.80
2007.11.23 04:10:21.116,2.23395,2.23495,2.40,0.80
2007.11.23 04:10:21.258,2.234,2.235,4.80,4.00
2007.11.23 04:10:21.401,2.234,2.235,4.80,4.00
2007.11.23 04:10:21.545,2.23405,2.2355,2.40,1.60
2007.11.23 04:10:21.746,2.23405,2.2355,4.00,1.60
2007.11.23 04:10:21.962,2.23405,2.23555,4.00,0.80
2007.11.23 04:10:22.378,2.2341,2.23555,3.20,0.80
2007.11.23 04:10:27.242,2.2341,2.23555,3.20,0.80
2007.11.23 04:10:27.389,2.2341,2.23555,3.20,0.80
2007.11.23 04:10:28.395,2.2341,2.23555,3.20,0.80
2007.11.23 04:10:30.202,2.2341,2.23535,3.20,0.80
2007.11.23 04:10:30.315,2.2341,2.23535,3.20,0.80
2007.11.23 04:10:30.594,2.2341,2.23535,3.20,0.80
2007.11.23 04:10:30.871,2.2341,2.23535,7.20,0.80
2007.11.23 04:10:31.150,2.23405,2.2354,8.00,4.00
2007.11.23 04:10:31.434,2.2342,2.23545,10.90,0.80
2007.11.23 04:10:31.606,2.2342,2.23545,10.90,0.80
2007.11.23 04:10:31.784,2.2342,2.2355,10.90,5.60
2007.11.23 04:10:31.962,2.2343,2.2355,5.30,1.60
2007.11.23 04:10:32.387,2.2343,2.23555,5.30,0.80
2007.11.23 04:10:32.849,2.2343,2.2355,5.30,1.60
2007.11.23 04:10:34.189,2.2343,2.23555,5.30,0.80
2007.11.23 04:10:34.613,2.2342,2.23555,7.20,0.80
2007.11.23 04:10:34.753,2.2342,2.23555,7.20,0.80
2007.11.23 04:10:34.892,2.2342,2.23555,7.20,0.80
2007.11.23 04:10:35.328,2.23405,2.2355,2.40,1.60
2007.11.23 04:10:36.255,2.23405,2.23555,6.10,0.80
2007.11.23 04:10:36.529,2.23405,2.23555,5.30,0.80
2007.11.23 04:10:38.346,2.2341,2.23555,8.50,0.80
2007.11.23 04:10:40.424,2.2341,2.23555,8.50,0.80
2007.11.23 04:10:44.704,2.2341,2.23555,9.30,0.80
2007.11.23 04:10:47.685,2.2341,2.23535,9.30,0.80
2007.11.23 04:10:47.816,2.2341,2.23535,9.30,0.80
2007.11.23 04:10:47.940,2.2342,2.23535,5.30,0.80
2007.11.23 04:10:48.063,2.2342,2.23535,5.30,0.80
2007.11.23 04:10:48.389,2.2341,2.23535,9.30,0.80
2007.11.23 04:10:48.656,2.2341,2.23535,9.30,0.80
2007.11.23 04:10:48.874,2.2341,2.23515,9.30,0.80
2007.11.23 04:10:49.594,2.2341,2.23515,9.30,0.80
2007.11.23 04:10:55.692,2.2341,2.23515,9.30,0.80
2007.11.23 04:10:56.115,2.2341,2.23515,9.30,0.80
2007.11.23 04:10:56.242,2.2341,2.23515,9.30,0.80
2007.11.23 04:10:56.376,2.234,2.23515,5.30,0.80
2007.11.23 04:10:56.589,2.234,2.23515,5.30,0.80
2007.11.23 04:10:57.727,2.234,2.23515,5.30,0.80
2007.11.23 04:10:58.021,2.234,2.23515,5.30,0.80
2007.11.23 04:10:58.330,2.234,2.23515,5.30,0.80
2007.11.23 04:10:59.607,2.234,2.23495,5.30,0.80
2007.11.23 04:10:59.731,2.234,2.23495,5.30,0.80
2007.11.23 04:10:59.839,2.2339,2.23495,9.30,0.80
2007.11.23 04:10:59.948,2.2339,2.23495,9.30,0.80
2007.11.23 04:11:00.075,2.2339,2.23495,9.30,0.80
2007.11.23 04:11:00.407,2.2339,2.23495,9.30,0.80
2007.11.23 04:11:00.584,2.2339,2.23495,9.30,0.80
2007.11.23 04:11:00.784,2.2339,2.23495,9.30,0.80
2007.11.23 04:11:01.077,2.2339,2.23495,9.30,0.80
2007.11.23 04:11:01.370,2.23385,2.23495,2.40,0.80
2007.11.23 04:11:01.663,2.23385,2.23495,2.40,0.80
2007.11.23 04:11:01.952,2.23385,2.23495,2.40,0.80
2007.11.23 04:11:03.315,2.2341,2.23495,1.60,0.80
2007.11.23 04:11:03.423,2.2341,2.23495,1.60,0.80
2007.11.23 04:11:04.859,2.2341,2.23495,1.60,0.80
2007.11.23 04:11:05.187,2.234,2.23495,1.60,0.80
2007.11.23 04:11:05.827,2.2341,2.23495,1.60,0.80
2007.11.23 04:11:06.086,2.234,2.23495,1.60,0.80
2007.11.23 04:11:07.430,2.2341,2.23495,1.60,0.80
2007.11.23 04:11:11.657,2.2341,2.23495,1.60,0.80
2007.11.23 04:11:13.437,2.2341,2.23495,1.60,0.80
2007.11.23 04:11:14.330,2.234,2.23495,1.60,0.80
2007.11.23 04:11:14.634,2.234,2.23495,1.60,0.80
2007.11.23 04:11:15.183,2.234,2.23495,1.60,0.80
2007.11.23 04:11:15.332,2.234,2.23475,1.60,0.80
2007.11.23 04:11:15.505,2.2338,2.23475,1.60,0.80
2007.11.23 04:11:15.774,2.2338,2.23475,1.60,0.80
2007.11.23 04:11:16.320,2.2339,2.23475,1.60,0.80
2007.11.23 04:11:18.346,2.2339,2.2348,1.60,5.60
2007.11.23 04:11:19.635,2.2339,2.2348,1.60,5.60
2007.11.23 04:11:19.771,2.2339,2.23495,1.60,4.80
2007.11.23 04:11:19.904,2.2339,2.235,1.60,5.60
2007.11.23 04:11:20.353,2.234,2.23495,1.60,0.80
2007.11.23 04:11:21.176,2.234,2.23495,1.60,1.60
2007.11.23 04:11:21.410,2.23375,2.2348,1.60,1.60
2007.11.23 04:11:21.668,2.2338,2.23475,1.60,0.80
2007.11.23 04:11:21.924,2.2339,2.2348,1.60,5.60
2007.11.23 04:11:22.682,2.2339,2.2348,1.60,5.60
2007.11.23 04:11:25.371,2.2339,2.2348,1.60,5.60
2007.11.23 04:11:28.939,2.2339,2.23475,1.60,0.80
2007.11.23 04:11:33.631,2.2339,2.23475,1.60,0.80
2007.11.23 04:11:33.975,2.2337,2.2348,6.40,4.80
2007.11.23 04:11:33.995,2.2337,2.2348,6.40,4.80
2007.11.23 04:11:34.146,2.2337,2.2348,6.40,5.60
2007.11.23 04:11:34.353,2.2337,2.2348,6.40,5.60
2007.11.23 04:11:40.673,2.2338,2.2348,1.60,5.60
2007.11.23 04:11:45.026,2.2338,2.2348,1.60,5.60
2007.11.23 04:11:47.813,2.2338,2.2348,1.60,5.60
2007.11.23 04:11:48.524,2.2338,2.2348,1.60,5.60
2007.11.23 04:11:50.567,2.2338,2.2348,1.60,5.60
2007.11.23 04:11:50.774,2.2338,2.2348,1.60,5.60
2007.11.23 04:11:54.298,2.2338,2.2348,1.60,5.60
2007.11.23 04:11:54.466,2.2338,2.2348,2.40,5.60
2007.11.23 04:11:54.635,2.234,2.2348,1.60,5.60
2007.11.23 04:11:54.894,2.2339,2.2348,1.60,5.60
2007.11.23 04:11:56.030,2.2339,2.2348,1.60,5.60
2007.11.23 04:12:03.528,2.2339,2.23475,1.60,0.80
2007.11.23 04:12:05.420,2.2339,2.23475,1.60,0.80
2007.11.23 04:12:05.635,2.2339,2.23475,1.60,0.80
2007.11.23 04:12:05.754,2.2339,2.23455,1.60,0.80
2007.11.23 04:12:05.865,2.2339,2.23455,1.60,0.80
2007.11.23 04:12:05.979,2.2339,2.23455,1.60,0.80
2007.11.23 04:12:06.092,2.2338,2.23455,0.80,0.80
2007.11.23 04:12:06.220,2.2338,2.2346,0.80,4.80
2007.11.23 04:12:06.577,2.2338,2.2346,0.80,4.80
2007.11.23 04:12:06.861,2.2338,2.23465,0.80,0.80
2007.11.23 04:12:07.144,2.2338,2.2347,0.80,1.60
2007.11.23 04:12:07.440,2.2338,2.23475,0.80,0.80
2007.11.23 04:12:08.901,2.2338,2.23475,0.80,0.80
2007.11.23 04:12:12.647,2.2338,2.23475,0.80,0.80
2007.11.23 04:12:12.830,2.2338,2.23455,0.80,0.80
2007.11.23 04:12:13.003,2.2338,2.23455,0.80,0.80
2007.11.23 04:12:13.177,2.2338,2.2346,0.80,6.00
2007.11.23 04:12:13.350,2.2338,2.2346,0.80,2.00
2007.11.23 04:12:13.544,2.2338,2.2346,0.80,0.50
2007.11.23 04:12:13.971,2.2338,2.23465,0.80,0.50
2007.11.23 04:12:14.164,2.2338,2.2347,0.80,2.40
2007.11.23 04:12:16.834,2.2338,2.23475,0.80,3.20
2007.11.23 04:12:18.015,2.2338,2.23475,0.80,3.20
2007.11.23 04:12:18.517,2.2338,2.23475,0.80,3.20
2007.11.23 04:12:19.180,2.2338,2.23475,0.80,3.20
2007.11.23 04:12:19.468,2.2338,2.2347,0.80,0.60
2007.11.23 04:12:19.756,2.2338,2.23475,0.80,3.20
2007.11.23 04:12:20.105,2.2338,2.2347,0.80,3.20
2007.11.23 04:12:20.239,2.23375,2.2346,0.80,1.30
2007.11.23 04:12:20.374,2.23385,2.23445,0.80,0.50
2007.11.23 04:12:20.507,2.234,2.2345,0.80,4.80
2007.11.23 04:12:20.643,2.234,2.23445,0.80,0.70
2007.11.23 04:12:20.921,2.234,2.2345,0.80,3.20
2007.11.23 04:12:21.199,2.234,2.2345,0.80,4.80
2007.11.23 04:12:21.498,2.234,2.23445,0.80,0.60
2007.11.23 04:12:21.771,2.234,2.2346,0.80,6.80
2007.11.23 04:12:21.984,2.234,2.23465,0.80,4.00
2007.11.23 04:12:22.198,2.234,2.2346,0.80,0.50
2007.11.23 04:12:22.411,2.234,2.2346,0.80,0.70
2007.11.23 04:12:22.825,2.234,2.23465,0.80,4.00
2007.11.23 04:12:23.355,2.234,2.23465,0.80,4.00
2007.11.23 04:12:23.594,2.234,2.2346,0.80,0.90
2007.11.23 04:12:23.803,2.234,2.23445,0.80,0.50
2007.11.23 04:12:23.962,2.234,2.2345,0.80,4.80
2007.11.23 04:12:24.120,2.234,2.23445,0.80,0.60
2007.11.23 04:12:24.351,2.234,2.23445,0.80,4.00
2007.11.23 04:12:24.540,2.234,2.2344,0.80,0.50
2007.11.23 04:12:24.699,2.234,2.2344,0.80,0.50
2007.11.23 04:12:24.858,2.234,2.2344,0.80,0.60
2007.11.23 04:12:25.121,2.234,2.23465,0.80,4.00
2007.11.23 04:12:25.639,2.234,2.23465,0.80,4.00
2007.11.23 04:12:25.901,2.234,2.2346,0.80,0.90
2007.11.23 04:12:26.166,2.234,2.2346,0.80,0.90
2007.11.23 04:12:26.325,2.2338,2.2346,0.80,2.40
2007.11.23 04:12:26.489,2.2338,2.23455,0.80,0.80
2007.11.23 04:12:26.647,2.2338,2.2346,0.80,2.40
2007.11.23 04:12:26.805,2.2338,2.23455,0.80,3.20
2007.11.23 04:12:26.963,2.2338,2.23445,0.80,4.00
2007.11.23 04:12:27.352,2.2338,2.23445,0.80,0.80
2007.11.23 04:12:27.716,2.2338,2.23445,0.80,0.70
2007.11.23 04:12:27.983,2.2338,2.23445,0.80,0.90
2007.11.23 04:12:28.156,2.2338,2.2345,0.80,4.80
2007.11.23 04:12:28.397,2.2338,2.23445,0.80,4.00
2007.11.23 04:12:28.777,2.2338,2.2344,0.80,0.50
2007.11.23 04:12:28.950,2.2338,2.2342,0.80,3.20
2007.11.23 04:12:29.194,2.23335,2.23415,2.40,0.50
2007.11.23 04:12:29.513,2.23335,2.2341,2.40,0.70
2007.11.23 04:12:30.270,2.23345,2.2341,0.80,0.80
2007.11.23 04:12:32.698,2.23345,2.23415,0.80,4.00
2007.11.23 04:12:33.008,2.23345,2.23415,0.80,4.00
2007.11.23 04:12:33.381,2.23345,2.2342,0.80,9.20
2007.11.23 04:12:34.429,2.23345,2.2342,0.80,9.20
2007.11.23 04:12:35.369,2.23345,2.2342,0.80,9.20
2007.11.23 04:12:36.246,2.23345,2.23415,0.80,0.90
2007.11.23 04:12:36.395,2.23345,2.2342,0.80,4.80
2007.11.23 04:12:38.086,2.23345,2.2342,0.80,4.80
2007.11.23 04:12:38.354,2.23345,2.23415,0.80,0.80
2007.11.23 04:12:38.558,2.23345,2.23415,0.80,0.70
2007.11.23 04:12:39.142,2.23345,2.23415,0.80,0.60
2007.11.23 04:12:39.345,2.23345,2.2342,0.80,4.80
2007.11.23 04:12:40.131,2.23345,2.2342,0.80,4.80
2007.11.23 04:12:41.334,2.23345,2.23415,0.80,0.90
2007.11.23 04:12:41.407,2.23365,2.2342,0.80,0.80
2007.11.23 04:12:41.481,2.23365,2.2343,0.80,14.00
2007.11.23 04:12:41.554,2.23365,2.2343,0.80,14.00
2007.11.23 04:12:41.628,2.23365,2.2343,0.80,0.70
2007.11.23 04:12:41.839,2.23345,2.2343,0.80,0.80
2007.11.23 04:12:41.912,2.23345,2.23435,0.80,4.00
2007.11.23 04:12:42.021,2.2335,2.23435,8.00,0.60
2007.11.23 04:12:42.094,2.2335,2.2344,8.00,4.80
2007.11.23 04:12:42.288,2.2335,2.2344,8.00,4.80
2007.11.23 04:12:42.354,2.2335,2.2344,8.00,2.40
2007.11.23 04:12:42.686,2.23345,2.23445,0.80,4.00
2007.11.23 04:12:43.021,2.23345,2.23445,0.80,4.00
2007.11.23 04:12:43.355,2.23345,2.23445,0.80,4.00
2007.11.23 04:12:44.408,2.23345,2.2343,0.80,0.70
2007.11.23 04:12:44.620,2.23345,2.2343,0.80,0.50
2007.11.23 04:12:44.804,2.2333,2.2343,1.60,2.40
2007.11.23 04:12:44.989,2.23325,2.2343,0.80,2.40
2007.11.23 04:12:45.198,2.23325,2.23405,0.80,0.70
2007.11.23 04:12:45.382,2.23325,2.23405,0.80,0.90
2007.11.23 04:12:46.605,2.23325,2.23405,0.80,2.40
2007.11.23 04:12:46.734,2.2331,2.23405,1.60,2.40
2007.11.23 04:12:46.896,2.233,2.23405,4.00,2.40
2007.11.23 04:12:47.024,2.233,2.23405,4.00,2.40
2007.11.23 04:12:47.159,2.233,2.23405,4.00,2.40
2007.11.23 04:12:47.289,2.233,2.23395,4.00,3.20
2007.11.23 04:12:47.417,2.233,2.23395,2.40,3.20
2007.11.23 04:12:47.546,2.233,2.23395,2.40,3.20
2007.11.23 04:12:47.985,2.233,2.23395,2.40,3.20
2007.11.23 04:12:48.316,2.233,2.23395,4.00,3.20
2007.11.23 04:12:48.650,2.233,2.23395,2.40,3.20
2007.11.23 04:12:49.327,2.233,2.23395,2.40,0.80
2007.11.23 04:12:49.499,2.23295,2.23395,1.60,0.80
2007.11.23 04:12:49.677,2.233,2.2339,1.60,1.60
2007.11.23 04:12:49.856,2.233,2.2339,1.60,1.60
2007.11.23 04:12:50.110,2.233,2.2341,1.60,2.40
2007.11.23 04:12:50.838,2.233,2.2341,1.60,2.40
2007.11.23 04:12:51.031,2.233,2.23405,2.40,2.40
2007.11.23 04:12:51.226,2.233,2.23405,4.00,2.40
2007.11.23 04:12:51.669,2.233,2.23405,4.00,2.40
2007.11.23 04:12:51.863,2.23295,2.23405,4.00,2.40
2007.11.23 04:12:52.161,2.233,2.23405,2.40,2.40
2007.11.23 04:12:53.219,2.233,2.23405,2.40,2.40
2007.11.23 04:12:53.736,2.233,2.23405,2.40,2.40
2007.11.23 04:12:53.935,2.233,2.23405,2.40,2.40
2007.11.23 04:12:54.152,2.233,2.23405,2.40,2.40
2007.11.23 04:12:54.363,2.233,2.23405,4.00,2.40
2007.11.23 04:12:55.824,2.233,2.23405,3.20,2.40
2007.11.23 04:12:56.022,2.233,2.23405,3.20,2.40
2007.11.23 04:12:56.202,2.233,2.23395,3.20,3.20
2007.11.23 04:12:56.331,2.233,2.23395,3.20,3.20
2007.11.23 04:12:56.459,2.233,2.23395,3.20,3.20
2007.11.23 04:12:56.588,2.233,2.23395,1.60,3.20
2007.11.23 04:12:56.716,2.233,2.23395,1.60,2.40
2007.11.23 04:12:56.845,2.233,2.234,1.60,10.10
2007.11.23 04:12:56.974,2.233,2.234,1.60,4.50
2007.11.23 04:12:57.302,2.233,2.23375,1.60,0.80
2007.11.23 04:12:57.678,2.233,2.23375,1.60,0.80
2007.11.23 04:12:58.006,2.233,2.23375,1.60,3.20
2007.11.23 04:12:58.180,2.233,2.23375,1.60,2.40
2007.11.23 04:12:58.353,2.233,2.2338,1.60,5.60
2007.11.23 04:12:58.526,2.233,2.23395,1.60,0.80
2007.11.23 04:12:58.699,2.233,2.23375,1.60,3.20
2007.11.23 04:12:58.872,2.233,2.23375,1.60,3.20
2007.11.23 04:12:59.046,2.233,2.2337,1.60,1.60
2007.11.23 04:12:59.352,2.233,2.23375,1.60,3.20
2007.11.23 04:13:01.663,2.233,2.2338,1.60,4.80
2007.11.23 04:13:01.777,2.233,2.2338,1.60,4.80
2007.11.23 04:13:01.889,2.233,2.2339,1.60,1.60
2007.11.23 04:13:02.002,2.233,2.23405,1.60,2.40
2007.11.23 04:13:02.686,2.233,2.23405,1.60,2.40
2007.11.23 04:13:03.172,2.233,2.23405,1.60,2.40
2007.11.23 04:13:03.430,2.233,2.23375,1.60,3.20
2007.11.23 04:13:04.635,2.233,2.23375,1.60,2.40
2007.11.23 04:13:04.813,2.233,2.2338,1.60,6.40
2007.11.23 04:13:04.998,2.233,2.2339,1.60,1.60
2007.11.23 04:13:05.175,2.233,2.23375,1.60,0.80
2007.11.23 04:13:05.411,2.233,2.23375,1.60,3.20
2007.11.23 04:13:05.646,2.233,2.23375,1.60,3.20
2007.11.23 04:13:07.934,2.233,2.23375,1.60,3.20
2007.11.23 04:13:09.083,2.233,2.23375,1.60,3.20
2007.11.23 04:13:09.255,2.233,2.23375,1.60,3.20
2007.11.23 04:13:09.445,2.233,2.23375,1.60,3.20
2007.11.23 04:13:09.635,2.233,2.23375,1.60,3.20
2007.11.23 04:13:09.824,2.233,2.23375,1.60,3.20
2007.11.23 04:13:10.011,2.233,2.23375,1.60,3.20
2007.11.23 04:13:13.148,2.233,2.23375,1.60,3.20
2007.11.23 04:13:13.348,2.23295,2.23375,1.60,3.20
2007.11.23 04:13:13.579,2.23295,2.23375,1.60,0.80
2007.11.23 04:13:13.815,2.233,2.2337,1.60,3.70
2007.11.23 04:13:14.047,2.233,2.23355,1.60,3.20
2007.11.23 04:13:14.281,2.233,2.23355,1.60,3.20
2007.11.23 04:13:14.516,2.233,2.23355,1.60,3.20
2007.11.23 04:13:14.763,2.233,2.23355,1.60,3.20
2007.11.23 04:13:15.014,2.233,2.23355,1.60,3.20
2007.11.23 04:13:16.153,2.233,2.23355,1.60,2.40
2007.11.23 04:13:16.340,2.2326,2.23355,5.60,2.40
2007.11.23 04:13:16.412,2.233,2.23375,1.60,3.20
2007.11.23 04:13:16.653,2.233,2.23375,1.60,3.20
2007.11.23 04:13:16.831,2.233,2.23375,1.60,3.20
2007.11.23 04:13:17.009,2.233,2.23375,1.60,3.20
2007.11.23 04:13:17.187,2.233,2.2338,1.60,6.40
2007.11.23 04:13:17.366,2.23295,2.2338,1.60,2.40
2007.11.23 04:13:17.545,2.233,2.2339,1.60,7.70
2007.11.23 04:13:17.854,2.23295,2.2339,1.60,7.70
2007.11.23 04:13:18.162,2.23295,2.2338,1.60,0.80
2007.11.23 04:13:18.471,2.23295,2.2338,1.60,0.80
2007.11.23 04:13:18.789,2.233,2.2338,1.60,2.40
2007.11.23 04:13:18.960,2.233,2.2338,1.60,0.80
2007.11.23 04:13:20.169,2.233,2.23375,1.60,3.20
2007.11.23 04:13:20.345,2.233,2.2337,1.60,3.70
2007.11.23 04:13:20.518,2.233,2.2337,1.60,3.70
2007.11.23 04:13:21.177,2.233,2.23355,1.60,0.80
2007.11.23 04:13:21.696,2.233,2.23355,1.60,3.20
2007.11.23 04:13:21.864,2.233,2.23355,1.60,3.20
2007.11.23 04:13:22.037,2.233,2.23355,1.60,3.20
2007.11.23 04:13:22.701,2.233,2.23355,1.60,3.20
2007.11.23 04:13:23.219,2.233,2.23355,1.60,3.20
2007.11.23 04:13:23.458,2.233,2.23355,1.60,3.20
2007.11.23 04:13:24.229,2.233,2.23355,1.60,3.20
2007.11.23 04:13:25.086,2.233,2.23355,1.60,3.20
2007.11.23 04:13:25.357,2.233,2.23355,1.60,3.20
2007.11.23 04:13:25.612,2.233,2.23355,1.60,3.20
2007.11.23 04:13:27.122,2.233,2.23355,1.60,3.20
2007.11.23 04:13:27.365,2.233,2.23375,1.60,3.20
2007.11.23 04:13:28.588,2.233,2.23375,1.60,3.20
2007.11.23 04:13:28.832,2.233,2.23375,1.60,3.20
2007.11.23 04:13:29.092,2.233,2.23375,1.60,3.20
2007.11.23 04:13:29.314,2.233,2.2337,1.60,1.60
2007.11.23 04:13:31.288,2.233,2.2336,1.60,1.60
2007.11.23 04:13:31.621,2.233,2.2336,1.60,1.60
2007.11.23 04:13:31.741,2.233,2.23355,1.60,0.80
2007.11.23 04:13:31.871,2.233,2.23355,1.60,3.20
2007.11.23 04:13:32.058,2.233,2.2335,1.60,1.60
2007.11.23 04:13:35.255,2.233,2.2335,1.60,1.60
2007.11.23 04:13:40.194,2.233,2.2335,1.60,1.60
2007.11.23 04:13:40.418,2.233,2.23355,1.60,3.20
2007.11.23 04:13:40.647,2.233,2.23335,1.60,0.80
2007.11.23 04:13:40.876,2.233,2.23325,1.60,2.40
2007.11.23 04:13:41.104,2.233,2.23325,1.60,2.40
2007.11.23 04:13:41.333,2.23295,2.23335,1.60,0.80
2007.11.23 04:13:41.541,2.233,2.23335,1.60,0.80
2007.11.23 04:13:41.752,2.233,2.2335,1.60,1.60
2007.11.23 04:13:41.960,2.233,2.2335,1.60,1.60
2007.11.23 04:13:42.169,2.233,2.2336,1.60,1.60
2007.11.23 04:13:43.843,2.233,2.2335,1.60,1.60
2007.11.23 04:13:44.118,2.233,2.2335,1.60,1.60
2007.11.23 04:13:44.242,2.233,2.2335,1.60,1.60
2007.11.23 04:13:44.364,2.233,2.2335,1.60,1.60
2007.11.23 04:13:44.743,2.233,2.2335,1.60,1.60
2007.11.23 04:13:44.966,2.233,2.2334,1.60,1.60
2007.11.23 04:13:45.502,2.233,2.2335,1.60,1.60
2007.11.23 04:13:46.276,2.233,2.2335,1.60,1.60
2007.11.23 04:13:46.451,2.233,2.2335,1.60,1.60
2007.11.23 04:13:48.634,2.233,2.2335,1.60,1.60
2007.11.23 04:13:49.103,2.233,2.2335,1.60,1.60
2007.11.23 04:13:49.271,2.233,2.2335,1.60,1.60
2007.11.23 04:13:49.582,2.233,2.2334,1.60,1.60
2007.11.23 04:13:50.391,2.233,2.2335,1.60,1.60
2007.11.23 04:13:51.160,2.233,2.2335,1.60,1.60
2007.11.23 04:13:51.309,2.233,2.2335,1.60,1.60
2007.11.23 04:13:51.459,2.233,2.2335,1.60,1.60
2007.11.23 04:13:57.312,2.233,2.2335,1.60,1.60
2007.11.23 04:13:58.261,2.233,2.2334,1.60,1.60
2007.11.23 04:14:02.687,2.233,2.2334,1.60,1.60
2007.11.23 04:14:02.850,2.233,2.2334,1.60,1.60
2007.11.23 04:14:03.013,2.233,2.2334,1.60,1.60
2007.11.23 04:14:06.093,2.233,2.2334,1.60,1.60
2007.11.23 04:14:06.245,2.233,2.2334,1.60,1.60
2007.11.23 04:14:06.464,2.233,2.2334,1.60,1.60
2007.11.23 04:14:07.140,2.233,2.2334,1.60,1.60
2007.11.23 04:14:07.313,2.233,2.2334,1.60,1.60
2007.11.23 04:14:07.498,2.233,2.2334,1.60,1.60
2007.11.23 04:14:08.167,2.233,2.2334,1.60,1.60
2007.11.23 04:14:08.352,2.233,2.2334,1.60,1.60
2007.11.23 04:14:08.542,2.233,2.2334,1.60,1.60
2007.11.23 04:14:09.209,2.233,2.2334,1.60,1.60
2007.11.23 04:14:09.526,2.233,2.2334,1.60,1.60
2007.11.23 04:14:10.140,2.233,2.2334,1.60,1.60
2007.11.23 04:14:10.408,2.233,2.23325,1.60,2.40
2007.11.23 04:14:10.676,2.233,2.23325,1.60,2.40
2007.11.23 04:14:10.958,2.233,2.23325,1.60,2.40
2007.11.23 04:14:11.459,2.233,2.23325,1.60,2.40
2007.11.23 04:14:11.707,2.233,2.2333,1.60,2.40
2007.11.23 04:14:11.955,2.233,2.2333,1.60,1.60
2007.11.23 04:14:12.204,2.233,2.2333,1.60,1.60
2007.11.23 04:14:13.007,2.233,2.2333,1.60,1.60
2007.11.23 04:14:13.186,2.233,2.2333,1.60,1.60
2007.11.23 04:14:13.365,2.233,2.2333,1.60,1.60
2007.11.23 04:14:16.410,2.233,2.2334,1.60,1.60
2007.11.23 04:14:16.920,2.233,2.2333,1.60,1.60
2007.11.23 04:14:19.358,2.233,2.2333,1.60,1.60
2007.11.23 04:14:20.632,2.233,2.2333,1.00,1.60
2007.11.23 04:14:21.959,2.233,2.2333,1.00,1.60
2007.11.23 04:14:22.477,2.233,2.2333,1.00,1.60
2007.11.23 04:14:23.490,2.233,2.2333,0.70,1.60
2007.11.23 04:14:28.327,2.233,2.2334,0.60,1.60
2007.11.23 04:14:30.149,2.233,2.2334,0.60,1.60
2007.11.23 04:14:30.286,2.23275,2.2334,2.40,1.60
2007.11.23 04:14:30.425,2.233,2.2335,0.50,1.60
2007.11.23 04:14:32.693,2.23275,2.2335,2.40,1.60
2007.11.23 04:14:32.802,2.2326,2.2335,5.60,1.60
2007.11.23 04:14:32.919,2.2326,2.2335,5.60,1.60
2007.11.23 04:14:33.026,2.233,2.2334,0.50,1.60
2007.11.23 04:14:33.220,2.233,2.2334,0.50,1.60
2007.11.23 04:14:33.415,2.233,2.2334,0.80,1.60
2007.11.23 04:14:33.609,2.233,2.2333,1.10,1.60
2007.11.23 04:14:39.075,2.233,2.2333,0.80,1.60
2007.11.23 04:14:39.248,2.2327,2.2334,9.60,1.60
2007.11.23 04:14:39.498,2.233,2.2334,0.60,1.60
2007.11.23 04:14:41.415,2.2327,2.2334,9.60,1.60
2007.11.23 04:14:45.675,2.233,2.2334,1.10,1.60
2007.11.23 04:14:45.775,2.23275,2.2334,2.40,1.60
2007.11.23 04:14:45.874,2.23275,2.2334,4.80,1.60
2007.11.23 04:14:45.973,2.233,2.2335,0.70,1.60
2007.11.23 04:14:46.071,2.23275,2.2335,4.80,1.60
2007.11.23 04:14:49.646,2.233,2.2335,1.60,1.60
2007.11.23 04:14:49.739,2.23315,2.2335,0.80,1.60
2007.11.23 04:14:49.915,2.23315,2.2335,0.80,1.60
2007.11.23 04:14:51.630,2.23315,2.2335,0.80,1.60
2007.11.23 04:14:51.760,2.233,2.2335,1.60,1.60
2007.11.23 04:14:51.888,2.233,2.2335,1.60,1.60
2007.11.23 04:14:52.022,2.233,2.2334,1.60,1.60
2007.11.23 04:14:52.426,2.233,2.2335,1.60,1.60
2007.11.23 04:14:53.331,2.233,2.2334,1.60,1.60
2007.11.23 04:14:54.379,2.233,2.2335,1.60,1.60
2007.11.23 04:14:55.132,2.233,2.2335,1.60,1.60
2007.11.23 04:14:55.335,2.23315,2.2335,0.80,1.60
2007.11.23 04:14:55.538,2.23315,2.2336,0.80,1.60
2007.11.23 04:14:55.741,2.23315,2.2336,0.80,1.60
2007.11.23 04:14:56.253,2.23315,2.2335,0.80,1.60
2007.11.23 04:14:56.706,2.23315,2.2335,0.80,1.60
2007.11.23 04:14:56.969,2.233,2.2335,1.60,1.60
2007.11.23 04:14:57.136,2.233,2.2335,1.60,1.60
2007.11.23 04:14:57.618,2.233,2.2335,1.60,1.60
2007.11.23 04:14:57.786,2.233,2.2335,1.60,1.60
2007.11.23 04:14:57.956,2.233,2.2335,1.60,1.60
2007.11.23 04:14:58.039,2.233,2.2335,0.70,1.60
2007.11.23 04:14:58.173,2.2329,2.2335,9.60,1.60
2007.11.23 04:14:58.391,2.2329,2.2335,9.60,1.60
2007.11.23 04:14:58.610,2.233,2.2336,0.70,1.60
2007.11.23 04:14:59.224,2.2327,2.2336,9.60,1.60
2007.11.23 04:14:59.413,2.2327,2.2335,9.60,1.60
2007.11.23 04:14:59.601,2.233,2.2335,1.00,1.60
2007.11.23 04:14:59.876,2.2327,2.2336,9.60,1.60
2007.11.23 04:15:00.099,2.233,2.2336,0.90,1.60
2007.11.23 04:15:00.405,2.2327,2.2336,9.60,1.60
2007.11.23 04:15:00.609,2.2327,2.2336,9.60,1.60
2007.11.23 04:15:00.813,2.23295,2.23355,0.80,3.20
2007.11.23 04:15:01.016,2.2327,2.2335,9.60,1.60
2007.11.23 04:15:01.219,2.2327,2.2335,9.60,1.60
2007.11.23 04:15:01.468,2.233,2.2334,1.20,1.60
2007.11.23 04:15:02.600,2.2327,2.2334,9.60,1.60
2007.11.23 04:15:02.889,2.233,2.2335,0.60,1.60
2007.11.23 04:15:03.518,2.2327,2.2335,9.60,1.60
2007.11.23 04:15:04.345,2.2327,2.2334,9.60,1.60
2007.11.23 04:15:05.374,2.233,2.2335,1.10,1.60
2007.11.23 04:15:06.409,2.2327,2.2334,9.60,1.60
2007.11.23 04:15:12.971,2.233,2.2334,1.00,1.60
2007.11.23 04:15:13.484,2.233,2.2334,1.10,1.60
2007.11.23 04:15:14.548,2.2327,2.2334,9.60,1.60
2007.11.23 04:15:17.277,2.2327,2.2334,9.60,1.60
2007.11.23 04:15:18.447,2.233,2.2333,0.70,1.60
2007.11.23 04:15:19.069,2.233,2.2333,1.00,1.60
2007.11.23 04:15:19.231,2.23285,2.2333,2.40,1.60
2007.11.23 04:15:19.394,2.23285,2.2334,2.40,1.60
2007.11.23 04:15:19.604,2.23285,2.2334,2.40,1.60
2007.11.23 04:15:19.768,2.233,2.2334,1.10,1.60
2007.11.23 04:15:20.115,2.233,2.2334,0.50,1.60
2007.11.23 04:15:20.328,2.23285,2.2335,12.00,1.60
2007.11.23 04:15:20.657,2.23285,2.2335,12.00,1.60
2007.11.23 04:15:20.886,2.23295,2.2335,1.20,1.60
2007.11.23 04:15:21.173,2.23295,2.2335,0.70,1.60
2007.11.23 04:15:21.403,2.233,2.2334,0.80,1.60
2007.11.23 04:15:21.632,2.233,2.2334,0.50,1.60
2007.11.23 04:15:21.972,2.233,2.2334,0.70,1.60
2007.11.23 04:15:22.292,2.233,2.2333,0.50,1.60
2007.11.23 04:15:22.560,2.233,2.2333,1.10,1.60
2007.11.23 04:15:22.829,2.233,2.2333,0.80,1.60
2007.11.23 04:15:23.119,2.233,2.2333,1.00,1.60
2007.11.23 04:15:23.411,2.233,2.2332,1.00,1.60
2007.11.23 04:15:23.639,2.233,2.2332,0.90,1.60
2007.11.23 04:15:23.868,2.2321,2.23285,12.00,2.40
2007.11.23 04:15:24.096,2.2321,2.233,13.60,6.40
2007.11.23 04:15:24.141,2.23205,2.2329,15.20,4.80
2007.11.23 04:15:24.414,2.2322,2.2329,2.40,3.20
2007.11.23 04:15:24.687,2.2322,2.2329,2.40,3.20
2007.11.23 04:15:24.961,2.2321,2.2329,12.80,3.20
2007.11.23 04:15:25.404,2.23225,2.23285,0.80,0.70
2007.11.23 04:15:25.672,2.2322,2.2329,2.40,3.20
2007.11.23 04:15:26.442,2.23225,2.2329,0.80,3.20
2007.11.23 04:15:26.689,2.23225,2.2329,0.80,3.20
2007.11.23 04:15:26.939,2.23225,2.2329,0.80,4.80
2007.11.23 04:15:27.134,2.2321,2.2329,8.00,4.80
2007.11.23 04:15:27.327,2.2321,2.2329,8.00,4.80
2007.11.23 04:15:27.520,2.2321,2.2328,8.00,0.70
2007.11.23 04:15:27.713,2.2321,2.2328,8.00,0.60
2007.11.23 04:15:27.908,2.2321,2.23265,8.00,0.60
2007.11.23 04:15:28.176,2.2321,2.23265,8.00,0.50
2007.11.23 04:15:28.444,2.23205,2.2327,0.80,4.80
2007.11.23 04:15:28.712,2.2319,2.2327,8.00,4.80
2007.11.23 04:15:28.987,2.23185,2.2326,8.80,4.00
2007.11.23 04:15:29.170,2.23185,2.2325,8.80,3.20
2007.11.23 04:15:29.359,2.2319,2.23245,8.00,0.50
2007.11.23 04:15:29.548,2.23165,2.23245,0.80,0.50
2007.11.23 04:15:31.437,2.23165,2.23245,0.80,4.00
2007.11.23 04:15:31.625,2.23165,2.23245,0.80,4.00
2007.11.23 04:15:31.793,2.23165,2.2323,0.80,3.20
2007.11.23 04:15:31.965,2.23165,2.2323,0.80,4.80
2007.11.23 04:15:32.132,2.23165,2.23225,0.80,0.70
2007.11.23 04:15:32.362,2.23145,2.2323,10.40,4.80
2007.11.23 04:15:32.590,2.23145,2.23225,10.40,0.90
2007.11.23 04:15:32.818,2.23165,2.2323,0.80,4.80
2007.11.23 04:15:34.118,2.23155,2.2323,0.80,4.80
2007.11.23 04:15:34.331,2.23155,2.2323,0.80,4.80
2007.11.23 04:15:34.630,2.2315,2.23225,10.40,0.50
2007.11.23 04:15:34.764,2.23145,2.23205,8.80,0.50
2007.11.23 04:15:34.897,2.2315,2.2321,0.80,4.80
2007.11.23 04:15:35.615,2.2315,2.23205,0.80,0.90
2007.11.23 04:15:35.977,2.2315,2.232,0.80,0.80
2007.11.23 04:15:36.280,2.2315,2.23205,0.80,4.80
2007.11.23 04:15:36.596,2.2315,2.23205,0.80,4.80
2007.11.23 04:15:37.921,2.2313,2.23205,8.00,4.80
2007.11.23 04:15:38.246,2.2313,2.23205,8.00,4.80
2007.11.23 04:15:38.394,2.23115,2.232,2.40,0.50
2007.11.23 04:15:38.671,2.2311,2.23185,9.60,0.80
2007.11.23 04:15:38.825,2.23105,2.232,12.00,9.60
2007.11.23 04:15:38.967,2.2311,2.2319,8.00,4.80
2007.11.23 04:15:39.116,2.2311,2.2319,8.00,4.80
2007.11.23 04:15:39.393,2.2311,2.2319,9.60,4.80
2007.11.23 04:15:40.142,2.2311,2.2319,9.60,4.80
2007.11.23 04:15:40.468,2.2312,2.232,8.00,6.40
2007.11.23 04:15:40.660,2.2312,2.23195,8.00,0.80
2007.11.23 04:15:40.815,2.2313,2.23205,8.00,8.00
2007.11.23 04:15:40.968,2.2313,2.23205,10.40,6.40
2007.11.23 04:15:41.122,2.2313,2.2321,10.40,4.00
2007.11.23 04:15:41.376,2.2313,2.23205,12.00,0.60
2007.11.23 04:15:41.877,2.2313,2.2321,12.00,4.00
2007.11.23 04:15:42.156,2.2313,2.2321,12.00,4.00
2007.11.23 04:15:42.434,2.2315,2.23225,10.40,4.80
2007.11.23 04:15:42.702,2.23155,2.2322,0.80,0.80
2007.11.23 04:15:42.972,2.2317,2.2324,8.00,2.40
2007.11.23 04:15:43.241,2.2317,2.23215,8.00,3.20
2007.11.23 04:15:43.509,2.23135,2.2321,3.90,4.00
2007.11.23 04:15:43.853,2.2313,2.23205,12.00,0.90
2007.11.23 04:15:44.140,2.2313,2.2321,12.00,4.00
2007.11.23 04:15:44.368,2.2314,2.23205,2.40,0.80
2007.11.23 04:15:44.606,2.2314,2.23205,2.40,0.90
2007.11.23 04:15:44.820,2.2314,2.2322,2.40,6.40
2007.11.23 04:15:45.034,2.2314,2.23225,2.40,4.80
2007.11.23 04:15:45.249,2.23155,2.2323,0.80,9.60
2007.11.23 04:15:45.463,2.23155,2.2322,0.80,0.50
2007.11.23 04:15:45.692,2.23155,2.2325,0.80,13.60
2007.11.23 04:15:45.920,2.23155,2.2322,0.80,0.50
2007.11.23 04:15:46.149,2.23155,2.2325,0.80,13.60
2007.11.23 04:15:46.377,2.23155,2.2325,0.80,9.60
2007.11.23 04:15:47.112,2.2315,2.2325,10.40,9.60
2007.11.23 04:15:47.331,2.2313,2.23205,12.00,0.70
2007.11.23 04:15:47.555,2.2313,2.2321,12.00,4.00
2007.11.23 04:15:49.102,2.2313,2.2321,12.00,4.00
2007.11.23 04:15:49.388,2.2315,2.23225,8.00,4.80
2007.11.23 04:15:49.682,2.23145,2.23225,10.70,4.80
2007.11.23 04:15:49.821,2.23165,2.2324,2.40,6.40
2007.11.23 04:15:49.966,2.2317,2.23245,8.00,4.00
2007.11.23 04:15:50.097,2.2317,2.2324,8.00,0.60
2007.11.23 04:15:50.235,2.23165,2.23225,8.00,4.00
2007.11.23 04:15:50.374,2.2313,2.232,8.00,0.80
2007.11.23 04:15:50.534,2.2313,2.23205,8.00,4.80
2007.11.23 04:15:50.823,2.23125,2.232,11.20,0.70
2007.11.23 04:15:51.119,2.2313,2.2321,10.40,0.50
2007.11.23 04:15:51.401,2.23125,2.232,2.40,4.80
2007.11.23 04:15:51.690,2.23125,2.23185,2.40,0.70
2007.11.23 04:15:51.908,2.2313,2.23195,2.40,3.20
2007.11.23 04:15:52.126,2.2313,2.23195,2.40,3.20
2007.11.23 04:15:52.344,2.2312,2.23175,8.00,0.80
2007.11.23 04:15:52.562,2.2312,2.23175,2.40,0.80
2007.11.23 04:15:52.816,2.23115,2.232,2.40,16.80
2007.11.23 04:15:53.069,2.2312,2.23185,2.40,4.80
2007.11.23 04:15:53.323,2.23095,2.2318,4.00,10.40
2007.11.23 04:15:53.576,2.231,2.23165,2.40,0.80
2007.11.23 04:15:53.795,2.231,2.23165,2.40,0.80
2007.11.23 04:15:54.015,2.231,2.23165,2.40,3.20
2007.11.23 04:15:55.129,2.231,2.23165,2.40,3.20
2007.11.23 04:15:55.369,2.231,2.23165,2.40,3.20
2007.11.23 04:15:57.663,2.231,2.23165,2.40,3.20
2007.11.23 04:15:57.867,2.2308,2.23145,1.60,3.20
2007.11.23 04:15:58.079,2.2306,2.23145,10.40,3.20
2007.11.23 04:15:58.293,2.23075,2.23145,2.40,3.20
2007.11.23 04:15:58.506,2.23075,2.2314,2.40,1.60
2007.11.23 04:15:58.722,2.23075,2.2314,2.40,1.60
2007.11.23 04:15:58.953,2.2307,2.23145,4.00,2.40
2007.11.23 04:15:59.253,2.23075,2.2315,1.60,0.80
2007.11.23 04:15:59.547,2.23085,2.23165,1.60,3.20
2007.11.23 04:15:59.841,2.231,2.23165,1.60,3.20
2007.11.23 04:16:00.120,2.23085,2.23165,1.60,3.20
2007.11.23 04:16:00.397,2.231,2.23165,1.60,3.20
2007.11.23 04:16:00.676,2.231,2.23165,1.60,3.20
2007.11.23 04:16:00.954,2.231,2.23165,1.60,3.20
2007.11.23 04:16:01.188,2.23105,2.23165,1.60,2.40
2007.11.23 04:16:01.420,2.2311,2.23165,1.60,2.40
2007.11.23 04:16:01.655,2.23115,2.23165,1.60,2.40
2007.11.23 04:16:01.888,2.2312,2.2318,1.60,0.80
2007.11.23 04:16:02.097,2.2309,2.2318,9.60,0.80
2007.11.23 04:16:02.340,2.231,2.2318,1.60,0.80
2007.11.23 04:16:02.730,2.231,2.23145,1.60,2.40
2007.11.23 04:16:02.938,2.231,2.23145,1.60,2.40
2007.11.23 04:16:03.211,2.2309,2.23145,1.60,2.40
2007.11.23 04:16:03.485,2.231,2.23155,1.60,2.40
2007.11.23 04:16:03.760,2.231,2.23155,1.60,0.80
2007.11.23 04:16:04.033,2.2309,2.23155,9.60,0.80
2007.11.23 04:16:04.237,2.2309,2.23145,9.60,0.80
2007.11.23 04:16:04.441,2.2306,2.23095,1.60,2.40
2007.11.23 04:16:04.644,2.2306,2.23095,1.60,2.40
2007.11.23 04:16:04.848,2.23055,2.2312,1.60,2.40
2007.11.23 04:16:05.106,2.23055,2.23145,1.60,3.20
2007.11.23 04:16:05.521,2.23055,2.23145,1.60,3.20
2007.11.23 04:16:05.725,2.23075,2.2315,2.40,12.50
2007.11.23 04:16:05.929,2.2309,2.23155,8.00,2.40
2007.11.23 04:16:06.133,2.23105,2.23155,1.60,2.40
2007.11.23 04:16:06.357,2.2311,2.23165,1.60,2.40
2007.11.23 04:16:06.579,2.2312,2.23165,1.60,2.40
2007.11.23 04:16:06.803,2.23115,2.23145,1.60,3.20
2007.11.23 04:16:07.025,2.231,2.23145,1.60,3.20
2007.11.23 04:16:07.248,2.231,2.23145,1.60,3.20
2007.11.23 04:16:07.516,2.231,2.23145,1.60,3.20
2007.11.23 04:16:07.784,2.2309,2.23145,1.60,3.20
2007.11.23 04:16:08.215,2.2309,2.2315,1.60,8.00
2007.11.23 04:16:08.484,2.23095,2.2315,1.60,8.00
2007.11.23 04:16:09.292,2.2309,2.2315,1.60,8.00
2007.11.23 04:16:09.974,2.2309,2.2315,1.60,8.00
2007.11.23 04:16:10.923,2.2309,2.2315,1.60,8.00
2007.11.23 04:16:11.366,2.231,2.2315,1.60,8.00
2007.11.23 04:16:11.479,2.231,2.2315,1.60,8.00
2007.11.23 04:16:12.667,2.231,2.2315,1.60,8.00
2007.11.23 04:16:12.876,2.231,2.23155,1.60,3.20
2007.11.23 04:16:13.100,2.23105,2.23155,1.60,2.40
2007.11.23 04:16:13.311,2.23105,2.2316,1.60,0.80
2007.11.23 04:16:13.549,2.2309,2.2319,10.40,8.00
2007.11.23 04:16:13.788,2.23085,2.23135,8.00,3.20
2007.11.23 04:16:14.026,2.2307,2.23135,1.60,3.20
2007.11.23 04:16:14.628,2.2307,2.23135,1.60,2.40
2007.11.23 04:16:14.914,2.23065,2.2314,12.80,0.80
2007.11.23 04:16:15.198,2.23065,2.2317,12.80,9.60
2007.11.23 04:16:15.482,2.2307,2.2317,10.40,8.00
2007.11.23 04:16:15.759,2.2307,2.2317,10.40,8.00
2007.11.23 04:16:15.968,2.2307,2.2317,10.40,9.60
2007.11.23 04:16:16.177,2.23085,2.2317,0.80,9.60
2007.11.23 04:16:16.385,2.2309,2.2317,2.40,8.00
2007.11.23 04:16:16.593,2.2309,2.2319,10.40,9.60
2007.11.23 04:16:16.847,2.231,2.2319,2.40,9.60
2007.11.23 04:16:17.106,2.231,2.2319,4.00,8.00
2007.11.23 04:16:17.422,2.231,2.2319,4.00,0.90
2007.11.23 04:16:17.998,2.2311,2.23195,1.60,11.20
2007.11.23 04:16:18.176,2.2311,2.23195,1.60,11.20
2007.11.23 04:16:18.355,2.2311,2.23195,1.60,11.20
2007.11.23 04:16:18.533,2.231,2.2319,4.00,0.70
2007.11.23 04:16:19.100,2.231,2.23195,4.00,11.20
2007.11.23 04:16:19.350,2.2309,2.2316,1.60,4.00
2007.11.23 04:16:19.593,2.2309,2.23155,1.60,0.70
2007.11.23 04:16:20.192,2.2309,2.2316,1.60,3.20
2007.11.23 04:16:20.356,2.2309,2.23155,4.00,0.50
2007.11.23 04:16:20.703,2.2309,2.2316,4.00,4.00
2007.11.23 04:16:20.966,2.2309,2.2316,1.60,4.00
2007.11.23 04:16:21.230,2.2309,2.2317,1.60,8.80
2007.11.23 04:16:21.494,2.2311,2.23195,8.00,7.90
2007.11.23 04:16:21.757,2.2311,2.232,8.00,8.00
2007.11.23 04:16:22.020,2.2311,2.232,8.00,5.60
2007.11.23 04:16:22.342,2.2311,2.23195,8.00,0.70
2007.11.23 04:16:24.225,2.2311,2.232,8.00,5.60
2007.11.23 04:16:24.400,2.2311,2.23195,8.00,0.60
2007.11.23 04:16:25.103,2.2311,2.2319,8.00,0.60
2007.11.23 04:16:25.258,2.2311,2.2319,8.00,7.10
2007.11.23 04:16:25.592,2.2307,2.2316,9.60,4.00
2007.11.23 04:16:25.928,2.23085,2.2319,8.00,9.60
2007.11.23 04:16:26.263,2.2309,2.2319,8.00,12.80
2007.11.23 04:16:26.441,2.2309,2.2319,8.00,11.20
2007.11.23 04:16:26.628,2.2309,2.23175,8.00,0.80
2007.11.23 04:16:26.807,2.2309,2.23175,8.00,0.50
2007.11.23 04:16:26.986,2.2309,2.2318,9.60,4.00
2007.11.23 04:16:27.165,2.2309,2.23175,9.60,0.80
2007.11.23 04:16:27.343,2.2309,2.2318,9.60,0.80
2007.11.23 04:16:27.647,2.2309,2.2319,9.60,0.90
2007.11.23 04:16:27.951,2.2311,2.2319,1.60,0.60
2007.11.23 04:16:28.361,2.2309,2.23195,12.00,11.20
2007.11.23 04:16:32.043,2.2309,2.2319,12.00,0.70
2007.11.23 04:16:32.221,2.2309,2.2319,9.60,8.80
2007.11.23 04:16:32.399,2.2309,2.23175,9.60,0.60
2007.11.23 04:16:32.642,2.2309,2.23175,8.00,0.60
2007.11.23 04:16:32.887,2.23105,2.23175,0.80,0.50
2007.11.23 04:16:33.130,2.23105,2.23175,0.80,0.80
2007.11.23 04:16:33.373,2.23105,2.2318,0.80,3.20
2007.11.23 04:16:33.616,2.23105,2.2318,0.80,3.20
2007.11.23 04:16:37.264,2.23105,2.23175,0.80,0.60
2007.11.23 04:16:37.562,2.23105,2.2318,0.80,3.20
2007.11.23 04:16:38.069,2.23105,2.2318,0.80,3.20
2007.11.23 04:16:38.282,2.23105,2.2318,0.80,3.20
2007.11.23 04:16:38.978,2.2309,2.2318,11.20,5.60
2007.11.23 04:16:39.251,2.231,2.2318,3.20,3.20
2007.11.23 04:16:39.424,2.231,2.2318,4.80,3.20
2007.11.23 04:16:39.611,2.231,2.2318,4.80,3.20
2007.11.23 04:16:39.784,2.23105,2.2319,4.00,8.80
2007.11.23 04:16:39.968,2.23105,2.23195,4.00,10.40
2007.11.23 04:16:40.158,2.23105,2.23195,4.00,10.40
2007.11.23 04:16:40.342,2.2311,2.232,12.80,3.20
2007.11.23 04:16:40.638,2.23105,2.232,15.20,3.20
2007.11.23 04:16:40.821,2.23105,2.232,12.80,3.20
2007.11.23 04:16:41.087,2.23105,2.232,12.80,3.20
2007.11.23 04:16:41.315,2.23115,2.232,1.60,5.60
2007.11.23 04:16:41.551,2.2312,2.232,7.20,3.20
2007.11.23 04:16:41.779,2.2312,2.232,7.20,3.20
2007.11.23 04:16:41.979,2.2312,2.232,8.80,3.20
2007.11.23 04:16:42.176,2.2312,2.232,8.80,3.20
2007.11.23 04:16:42.375,2.2312,2.232,8.80,3.20
2007.11.23 04:16:42.613,2.2312,2.232,8.80,3.20
2007.11.23 04:16:42.879,2.23125,2.2324,1.60,15.90
2007.11.23 04:16:43.122,2.23145,2.23255,8.80,14.40
2007.11.23 04:16:43.363,2.23145,2.23255,8.80,12.00
2007.11.23 04:16:43.614,2.23145,2.23255,8.80,12.80
2007.11.23 04:16:44.205,2.23145,2.23255,8.80,10.40
2007.11.23 04:16:44.608,2.23145,2.23255,8.80,12.80
2007.11.23 04:16:45.123,2.23145,2.23255,8.80,10.40
2007.11.23 04:16:45.269,2.23145,2.23255,16.80,18.40
2007.11.23 04:16:45.432,2.23145,2.23255,8.80,12.80
2007.11.23 04:16:46.148,2.23145,2.23255,8.80,10.40
2007.11.23 04:16:46.382,2.23145,2.2323,0.80,10.40
2007.11.23 04:16:46.617,2.23145,2.2322,0.80,3.20
2007.11.23 04:16:46.853,2.23165,2.2322,0.80,3.20
2007.11.23 04:16:47.089,2.23165,2.2322,0.80,3.20
2007.11.23 04:16:47.302,2.23165,2.2323,0.80,8.80
2007.11.23 04:16:47.516,2.23165,2.2324,0.80,3.20
2007.11.23 04:16:47.967,2.23165,2.2324,0.80,3.20
2007.11.23 04:16:48.215,2.23165,2.2324,0.80,3.20
2007.11.23 04:16:48.419,2.23165,2.2324,0.80,3.20
2007.11.23 04:16:48.621,2.23165,2.2324,0.80,3.20
2007.11.23 04:16:48.825,2.2315,2.2324,8.00,3.20
2007.11.23 04:16:49.052,2.2315,2.2324,9.60,3.20
2007.11.23 04:16:49.318,2.23145,2.2324,10.40,5.60
2007.11.23 04:16:49.568,2.23145,2.2322,0.80,3.20
2007.11.23 04:16:50.221,2.23145,2.2322,0.80,3.20
2007.11.23 04:16:52.329,2.2315,2.2322,1.60,3.20
2007.11.23 04:16:52.951,2.23145,2.2322,0.80,3.20
2007.11.23 04:16:53.190,2.23165,2.2323,0.80,8.80
2007.11.23 04:16:53.393,2.23165,2.2324,0.80,3.20
2007.11.23 04:16:53.595,2.23165,2.2324,0.80,3.20
2007.11.23 04:16:54.087,2.23165,2.2324,0.80,3.20
2007.11.23 04:16:54.286,2.23165,2.2324,0.80,3.20
2007.11.23 04:16:54.499,2.23165,2.2324,0.80,3.20
2007.11.23 04:16:54.711,2.23165,2.2324,0.80,3.20
2007.11.23 04:16:55.418,2.23165,2.2324,0.80,3.20
2007.11.23 04:16:55.666,2.2316,2.2324,1.60,3.20
2007.11.23 04:16:55.913,2.2316,2.2324,1.60,3.20
2007.11.23 04:16:56.166,2.2316,2.2324,1.60,3.20
2007.11.23 04:16:56.417,2.23145,2.2324,8.80,3.20
2007.11.23 04:16:56.881,2.2315,2.2324,8.00,3.20
2007.11.23 04:16:57.867,2.2315,2.2324,8.00,3.20
2007.11.23 04:16:58.051,2.2315,2.2324,8.00,3.20
2007.11.23 04:16:58.235,2.2315,2.2324,8.00,3.20
2007.11.23 04:16:58.594,2.2315,2.2324,8.00,3.20
2007.11.23 04:16:58.763,2.23165,2.2324,0.80,3.20
2007.11.23 04:16:58.932,2.23165,2.2324,0.80,3.20
2007.11.23 04:16:59.101,2.23165,2.2324,0.80,3.20
2007.11.23 04:16:59.680,2.2316,2.2324,1.60,3.20
2007.11.23 04:17:00.064,2.2316,2.2324,1.60,3.20
2007.11.23 04:17:00.292,2.2316,2.2324,1.60,3.20
2007.11.23 04:17:00.474,2.2315,2.2324,9.60,3.20
2007.11.23 04:17:01.172,2.2315,2.2324,9.60,3.20
2007.11.23 04:17:01.367,2.23165,2.2324,0.80,3.20
2007.11.23 04:17:01.560,2.23165,2.2324,0.80,3.20
2007.11.23 04:17:02.211,2.23165,2.2324,0.80,3.20
2007.11.23 04:17:02.405,2.23165,2.2324,0.80,3.20
2007.11.23 04:17:02.680,2.23165,2.2323,0.80,3.20
2007.11.23 04:17:03.539,2.23165,2.2323,0.80,3.20
2007.11.23 04:17:03.767,2.23165,2.2323,0.80,3.20
2007.11.23 04:17:03.996,2.2316,2.2323,1.60,3.20
2007.11.23 04:17:04.223,2.2316,2.2323,1.60,3.20
2007.11.23 04:17:04.453,2.2316,2.2323,1.60,3.20
2007.11.23 04:17:04.666,2.2316,2.2323,5.60,3.20
2007.11.23 04:17:04.982,2.2316,2.2323,4.00,3.20
2007.11.23 04:17:05.281,2.2316,2.2323,4.00,3.20
2007.11.23 04:17:05.630,2.2316,2.2323,4.00,3.20
2007.11.23 04:17:05.914,2.2316,2.2323,4.00,5.60
2007.11.23 04:17:06.197,2.2316,2.2323,4.00,5.60
2007.11.23 04:17:06.536,2.2316,2.2323,4.00,5.60
2007.11.23 04:17:06.819,2.2316,2.23245,4.00,5.60
2007.11.23 04:17:07.013,2.2316,2.23245,4.00,11.20
2007.11.23 04:17:07.207,2.2313,2.2323,8.00,10.40
2007.11.23 04:17:07.523,2.2313,2.2323,8.00,10.40
2007.11.23 04:17:07.989,2.2313,2.2323,8.00,12.00
2007.11.23 04:17:08.242,2.2313,2.2323,8.00,12.00
2007.11.23 04:17:08.741,2.2313,2.23225,8.00,6.40
2007.11.23 04:17:08.879,2.2311,2.2322,8.00,12.80
2007.11.23 04:17:10.828,2.2311,2.2322,8.00,10.40
2007.11.23 04:17:10.921,2.2311,2.2322,8.00,8.80
2007.11.23 04:17:11.353,2.2311,2.2322,8.00,8.80
2007.11.23 04:17:11.706,2.23135,2.2322,0.80,8.80
2007.11.23 04:17:11.799,2.23135,2.2322,0.80,10.40
2007.11.23 04:17:12.119,2.2312,2.23215,2.40,8.80
2007.11.23 04:17:12.453,2.2313,2.2319,12.00,3.20
2007.11.23 04:17:12.788,2.2313,2.2319,12.00,3.20
2007.11.23 04:17:13.129,2.2311,2.2322,9.60,8.80
2007.11.23 04:17:13.870,2.2311,2.2322,9.60,8.80
2007.11.23 04:17:14.159,2.2313,2.2322,4.00,8.80
2007.11.23 04:17:14.446,2.23135,2.2323,0.80,15.20
2007.11.23 04:17:14.735,2.23135,2.23225,0.80,2.40
2007.11.23 04:17:15.024,2.23135,2.23225,0.80,2.40
2007.11.23 04:17:15.224,2.2313,2.23225,12.80,2.40
2007.11.23 04:17:15.417,2.2313,2.23225,8.80,2.40
2007.11.23 04:17:15.610,2.2313,2.23225,8.00,2.40
2007.11.23 04:17:16.138,2.2313,2.23225,8.00,2.40
2007.11.23 04:17:16.641,2.2313,2.23225,8.00,2.40
2007.11.23 04:17:16.851,2.2312,2.23205,6.40,2.40
2007.11.23 04:17:17.059,2.2312,2.23205,6.40,2.40
2007.11.23 04:17:18.086,2.2312,2.23205,6.40,2.40
2007.11.23 04:17:18.230,2.23135,2.23205,0.80,2.40
2007.11.23 04:17:18.372,2.23145,2.23205,12.00,2.40
2007.11.23 04:17:18.515,2.2316,2.23215,8.00,2.40
2007.11.23 04:17:18.660,2.23155,2.23215,12.00,2.40
2007.11.23 04:17:18.805,2.2317,2.2322,4.00,1.60
2007.11.23 04:17:18.948,2.2317,2.2322,4.00,0.80
2007.11.23 04:17:19.092,2.2317,2.2323,4.00,0.80
2007.11.23 04:17:19.837,2.2317,2.2323,4.00,0.80
2007.11.23 04:17:20.171,2.2317,2.2323,4.00,0.80
2007.11.23 04:17:20.666,2.2317,2.2323,4.00,0.80
2007.11.23 04:17:20.882,2.2317,2.2323,4.00,0.80
2007.11.23 04:17:21.050,2.2315,2.2323,4.00,0.80
2007.11.23 04:17:21.220,2.2315,2.23215,4.00,2.40
2007.11.23 04:17:21.555,2.2314,2.23215,13.60,2.40
2007.11.23 04:17:21.956,2.2314,2.232,12.00,0.80
2007.11.23 04:17:22.317,2.23145,2.232,0.80,0.80
2007.11.23 04:17:22.491,2.23135,2.232,14.40,0.80
2007.11.23 04:17:22.664,2.2314,2.232,14.40,0.80
2007.11.23 04:17:23.337,2.2314,2.232,14.40,0.80
2007.11.23 04:17:23.530,2.2314,2.232,14.40,0.80
2007.11.23 04:17:24.805,2.2314,2.232,14.40,0.80
2007.11.23 04:17:24.974,2.2314,2.232,14.40,0.80
2007.11.23 04:17:25.142,2.2315,2.232,12.00,0.80
2007.11.23 04:17:25.310,2.2315,2.232,12.00,0.80
2007.11.23 04:17:25.519,2.2315,2.232,13.60,0.80
2007.11.23 04:17:25.827,2.2315,2.232,13.60,0.80
2007.11.23 04:17:26.960,2.2315,2.232,12.00,0.80
2007.11.23 04:17:33.418,2.2315,2.232,12.00,0.80
2007.11.23 04:17:33.836,2.2315,2.232,12.00,0.80
2007.11.23 04:17:34.030,2.2317,2.2321,8.00,0.80
2007.11.23 04:17:34.222,2.2317,2.2321,8.00,0.80
2007.11.23 04:17:36.120,2.2317,2.2321,8.00,0.80
2007.11.23 04:17:36.223,2.2317,2.2321,8.00,0.80
2007.11.23 04:17:36.405,2.2316,2.2322,4.00,0.80
2007.11.23 04:17:36.524,2.2316,2.2322,4.00,0.80
2007.11.23 04:17:38.345,2.2316,2.2322,4.00,0.80
2007.11.23 04:17:41.585,2.2316,2.23245,4.00,3.20
2007.11.23 04:17:42.658,2.23165,2.2322,0.80,0.80
2007.11.23 04:17:42.795,2.23165,2.2325,1.60,13.30
2007.11.23 04:17:42.942,2.2317,2.2326,8.80,6.40
2007.11.23 04:17:43.090,2.2318,2.2322,4.00,0.80
2007.11.23 04:17:43.355,2.2318,2.2322,4.00,0.80
2007.11.23 04:17:43.503,2.2318,2.23245,4.00,3.20
2007.11.23 04:17:43.653,2.2318,2.2322,4.00,0.80
2007.11.23 04:17:43.801,2.23175,2.23245,0.80,3.20
2007.11.23 04:17:44.080,2.23175,2.23245,0.80,3.20
2007.11.23 04:17:45.411,2.23175,2.23245,0.80,3.20
2007.11.23 04:17:45.648,2.23175,2.23245,0.80,3.20
2007.11.23 04:17:45.777,2.2318,2.2325,8.00,1.60
2007.11.23 04:17:45.905,2.2318,2.2322,12.00,0.80
2007.11.23 04:17:46.034,2.2318,2.2322,12.00,0.80
2007.11.23 04:17:46.368,2.23155,2.23215,0.80,0.80
2007.11.23 04:17:46.701,2.23155,2.2322,0.80,4.00
2007.11.23 04:17:47.035,2.23155,2.23235,1.30,4.00
2007.11.23 04:17:47.184,2.2316,2.23235,4.10,3.20
2007.11.23 04:17:47.334,2.23155,2.2322,4.80,0.80
2007.11.23 04:17:47.494,2.23155,2.23235,4.80,4.00
2007.11.23 04:17:47.829,2.23145,2.23235,16.00,4.80
2007.11.23 04:17:48.013,2.23155,2.2324,4.80,3.20
2007.11.23 04:17:48.242,2.2316,2.2325,4.80,14.10
2007.11.23 04:17:48.470,2.23175,2.2326,6.40,3.20
2007.11.23 04:17:48.698,2.23175,2.2326,6.40,3.20
2007.11.23 04:17:48.926,2.2319,2.2327,12.80,2.40
2007.11.23 04:17:49.155,2.2319,2.2328,12.80,7.20
2007.11.23 04:17:49.357,2.2319,2.2328,12.80,4.80
2007.11.23 04:17:49.684,2.2319,2.2328,12.80,7.20
2007.11.23 04:17:49.979,2.2319,2.23275,12.80,4.00
2007.11.23 04:17:50.184,2.2319,2.23275,12.80,4.00
2007.11.23 04:17:50.656,2.2319,2.23275,12.80,4.00
2007.11.23 04:17:50.960,2.23195,2.2328,4.80,5.60
2007.11.23 04:17:51.415,2.23195,2.2328,4.80,7.20
2007.11.23 04:17:51.725,2.23195,2.2328,4.80,4.80
2007.11.23 04:17:51.913,2.23195,2.2328,4.80,4.80
2007.11.23 04:17:52.102,2.23195,2.2328,4.80,3.20
2007.11.23 04:17:52.379,2.23195,2.2328,4.80,3.20
2007.11.23 04:17:52.657,2.232,2.2328,4.80,3.20
2007.11.23 04:17:52.936,2.23205,2.2328,12.80,3.20
2007.11.23 04:17:53.216,2.23205,2.2328,12.80,3.20
2007.11.23 04:17:53.473,2.23205,2.2328,12.80,3.20
2007.11.23 04:17:54.107,2.23205,2.2328,24.80,5.60
2007.11.23 04:17:54.568,2.2321,2.23275,0.80,0.80
2007.11.23 04:17:54.905,2.232,2.2328,12.00,3.20
2007.11.23 04:17:55.083,2.232,2.23275,12.00,4.00
2007.11.23 04:17:55.261,2.23205,2.2328,8.80,2.40
2007.11.23 04:17:55.409,2.23205,2.23295,12.80,4.00
2007.11.23 04:17:55.557,2.23205,2.23295,12.80,4.00
2007.11.23 04:17:55.822,2.2321,2.2329,0.50,0.50
2007.11.23 04:17:56.417,2.23205,2.23295,12.80,4.00
2007.11.23 04:17:56.822,2.232,2.2328,0.90,0.60
2007.11.23 04:17:58.367,2.23185,2.23285,15.20,4.80
2007.11.23 04:17:58.611,2.23195,2.23285,12.80,4.00
2007.11.23 04:17:59.647,2.23195,2.23285,12.80,4.00
2007.11.23 04:18:00.388,2.232,2.2328,0.70,0.80
2007.11.23 04:18:02.190,2.232,2.23285,12.80,4.00
2007.11.23 04:18:03.356,2.232,2.23285,12.80,4.00
2007.11.23 04:18:03.474,2.232,2.2329,12.80,4.80
2007.11.23 04:18:03.678,2.23195,2.2329,12.80,4.80
2007.11.23 04:18:04.176,2.232,2.23285,0.80,0.60
2007.11.23 04:18:04.682,2.232,2.2329,12.80,4.80
2007.11.23 04:18:04.830,2.232,2.2329,12.80,4.80
2007.11.23 04:18:05.141,2.23205,2.23285,0.80,0.50
2007.11.23 04:18:05.290,2.232,2.233,12.80,12.80
2007.11.23 04:18:05.439,2.2321,2.233,4.80,9.60
2007.11.23 04:18:05.662,2.2321,2.233,4.80,9.60
2007.11.23 04:18:05.891,2.23195,2.233,8.80,9.60
2007.11.23 04:18:06.120,2.23195,2.233,8.80,9.60
2007.11.23 04:18:06.348,2.232,2.2329,8.80,4.00
2007.11.23 04:18:06.576,2.23195,2.23285,1.60,12.00
2007.11.23 04:18:06.814,2.23215,2.2328,0.80,0.70
2007.11.23 04:18:07.054,2.2322,2.233,0.60,0.50
2007.11.23 04:18:07.293,2.2322,2.2331,12.80,7.20
2007.11.23 04:18:07.531,2.23235,2.233,0.80,0.50
2007.11.23 04:18:10.112,2.23235,2.233,0.80,1.60
2007.11.23 04:18:10.336,2.2322,2.233,1.50,9.60
2007.11.23 04:18:10.559,2.23195,2.2329,8.80,1.60
2007.11.23 04:18:10.914,2.232,2.233,1.90,9.60
2007.11.23 04:18:11.145,2.23195,2.233,9.10,9.60
2007.11.23 04:18:11.355,2.23235,2.233,0.80,1.60
2007.11.23 04:18:11.738,2.2322,2.233,12.80,1.60
2007.11.23 04:18:12.095,2.23235,2.233,0.80,1.60
2007.11.23 04:18:12.359,2.2322,2.23285,1.20,2.40
2007.11.23 04:18:12.622,2.23195,2.2328,8.80,1.60
2007.11.23 04:18:12.954,2.232,2.2328,1.50,1.60
2007.11.23 04:18:13.261,2.23195,2.2328,8.80,1.60
2007.11.23 04:18:17.648,2.2319,2.2328,14.40,1.60
2007.11.23 04:18:17.798,2.2319,2.2328,14.40,1.60
2007.11.23 04:18:17.938,2.23175,2.2328,10.40,9.60
2007.11.23 04:18:18.167,2.2318,2.2328,0.50,9.60
2007.11.23 04:18:18.382,2.23175,2.2328,10.40,12.00
2007.11.23 04:18:18.595,2.23175,2.2327,8.80,1.60
2007.11.23 04:18:18.808,2.23175,2.23255,8.80,2.40
2007.11.23 04:18:19.021,2.2318,2.23255,1.50,2.40
2007.11.23 04:18:19.264,2.23175,2.23255,8.80,2.40
2007.11.23 04:18:19.750,2.23175,2.23255,10.40,2.40
2007.11.23 04:18:19.993,2.23175,2.23255,8.80,2.40
2007.11.23 04:18:22.343,2.2318,2.23255,8.00,2.40
2007.11.23 04:18:22.471,2.2318,2.23255,8.00,2.40
2007.11.23 04:18:22.599,2.2318,2.2326,8.00,1.60
2007.11.23 04:18:23.473,2.2318,2.2326,8.00,1.60
2007.11.23 04:18:24.830,2.2318,2.2326,8.00,1.60
2007.11.23 04:18:25.107,2.2318,2.2326,8.00,1.60
2007.11.23 04:18:25.665,2.2318,2.2327,8.00,5.30
2007.11.23 04:18:25.877,2.2318,2.2327,10.40,5.30
2007.11.23 04:18:26.076,2.2318,2.2327,11.20,5.30
2007.11.23 04:18:26.274,2.23195,2.2327,0.80,5.30
2007.11.23 04:18:26.463,2.23195,2.2327,0.80,1.60
2007.11.23 04:18:26.650,2.23195,2.2327,0.80,1.60
2007.11.23 04:18:28.667,2.23195,2.2327,0.80,1.60
2007.11.23 04:18:28.805,2.23195,2.23255,0.80,2.40
2007.11.23 04:18:28.945,2.23195,2.23255,0.80,2.40
2007.11.23 04:18:30.819,2.23195,2.23255,0.80,2.40
2007.11.23 04:18:33.466,2.23195,2.23255,0.80,2.40
2007.11.23 04:18:34.262,2.23195,2.2326,0.80,2.40
2007.11.23 04:18:34.505,2.23195,2.2326,0.80,1.60
2007.11.23 04:18:34.745,2.23195,2.2326,0.80,1.60
2007.11.23 04:18:37.395,2.23195,2.2326,0.80,1.60
2007.11.23 04:18:37.544,2.23185,2.23255,0.80,2.40
2007.11.23 04:18:37.682,2.23185,2.23255,0.80,2.40
2007.11.23 04:18:38.643,2.23185,2.23255,0.80,2.40
2007.11.23 04:18:38.801,2.23195,2.23255,0.80,2.40
2007.11.23 04:18:38.959,2.23195,2.23255,0.80,2.40
2007.11.23 04:18:39.197,2.23185,2.23255,0.80,2.40
2007.11.23 04:18:39.622,2.23195,2.23255,0.80,2.40
2007.11.23 04:18:41.916,2.23195,2.23255,0.80,2.40
2007.11.23 04:18:42.674,2.23195,2.23255,0.80,2.40
2007.11.23 04:18:42.904,2.23195,2.2326,0.80,1.60
2007.11.23 04:18:43.139,2.23195,2.2327,0.80,1.60
2007.11.23 04:18:43.361,2.23195,2.2327,0.80,1.60
2007.11.23 04:18:43.590,2.23195,2.2326,0.80,2.40
2007.11.23 04:18:43.819,2.23185,2.2325,8.80,0.80
2007.11.23 04:18:44.073,2.23185,2.2325,0.80,2.40
2007.11.23 04:18:44.325,2.23175,2.2325,0.80,2.40
2007.11.23 04:18:45.063,2.2317,2.2325,8.80,2.40
2007.11.23 04:18:45.273,2.2317,2.2325,8.80,2.40
2007.11.23 04:18:47.126,2.2317,2.2325,8.80,2.40
2007.11.23 04:18:47.260,2.23195,2.2325,0.80,2.40
2007.11.23 04:18:47.374,2.23195,2.2325,0.80,1.60
2007.11.23 04:18:47.488,2.23195,2.2325,0.80,1.60
2007.11.23 04:18:48.066,2.23175,2.2325,1.60,1.60
2007.11.23 04:18:48.369,2.23175,2.2325,1.60,1.60
2007.11.23 04:18:49.093,2.23195,2.2325,0.80,1.60
2007.11.23 04:18:49.206,2.23175,2.2325,4.00,1.60
2007.11.23 04:18:49.319,2.2319,2.2326,8.80,2.40
2007.11.23 04:18:49.433,2.23195,2.2326,0.80,1.60
2007.11.23 04:18:51.136,2.23215,2.2326,0.80,1.60
2007.11.23 04:18:51.244,2.23195,2.2326,1.60,1.60
2007.11.23 04:18:51.425,2.23215,2.2326,0.80,1.60
2007.11.23 04:18:51.533,2.23195,2.2327,1.60,1.60
2007.11.23 04:18:51.868,2.23215,2.23265,0.80,2.40
2007.11.23 04:18:51.971,2.23195,2.23265,1.60,2.40
2007.11.23 04:18:52.079,2.23195,2.23265,1.60,2.40
2007.11.23 04:18:52.413,2.23215,2.23265,0.80,2.40
2007.11.23 04:18:55.520,2.23195,2.23265,1.60,2.40
2007.11.23 04:18:56.893,2.23195,2.23265,1.60,2.40
2007.11.23 04:18:57.137,2.23195,2.23265,1.60,2.40
2007.11.23 04:18:57.380,2.232,2.23275,4.80,2.40
2007.11.23 04:18:57.559,2.232,2.2327,1.00,1.60
2007.11.23 04:18:57.867,2.2319,2.23275,16.00,2.40
2007.11.23 04:18:58.045,2.232,2.23275,1.10,2.40
2007.11.23 04:18:58.270,2.232,2.23275,1.40,2.40
2007.11.23 04:18:58.546,2.2319,2.2327,16.00,1.60
2007.11.23 04:18:59.035,2.2319,2.2327,16.00,1.60
2007.11.23 04:18:59.285,2.232,2.2327,1.20,1.60
2007.11.23 04:18:59.532,2.23185,2.2327,6.40,1.60
2007.11.23 04:18:59.875,2.2319,2.2326,1.50,1.60
2007.11.23 04:19:00.308,2.2319,2.2327,2.00,1.60
2007.11.23 04:19:00.943,2.23185,2.2326,6.40,1.60
2007.11.23 04:19:01.383,2.23185,2.2327,6.40,1.60
2007.11.23 04:19:01.680,2.2319,2.2326,2.40,1.60
2007.11.23 04:19:01.918,2.23185,2.2327,6.40,1.60
2007.11.23 04:19:02.157,2.2319,2.23255,0.60,0.80
2007.11.23 04:19:02.570,2.2319,2.23255,0.80,0.80
2007.11.23 04:19:02.748,2.23185,2.23255,6.40,0.80
2007.11.23 04:19:02.906,2.2317,2.23255,5.60,3.20
2007.11.23 04:19:03.065,2.23165,2.2325,8.00,1.60
2007.11.23 04:19:04.120,2.23165,2.2325,8.00,1.60
2007.11.23 04:19:04.349,2.2317,2.2325,8.80,1.60
2007.11.23 04:19:04.696,2.23175,2.2326,0.80,9.60
2007.11.23 04:19:06.548,2.2317,2.2326,8.80,9.60
2007.11.23 04:19:06.679,2.2317,2.23255,1.40,3.20
2007.11.23 04:19:06.817,2.2317,2.23255,2.70,3.20
2007.11.23 04:19:06.957,2.2317,2.2325,2.10,1.60
2007.11.23 04:19:09.904,2.2317,2.2325,2.70,1.60
2007.11.23 04:19:10.220,2.23165,2.2325,8.00,4.00
2007.11.23 04:19:10.407,2.23165,2.2325,6.40,4.00
2007.11.23 04:19:10.595,2.23165,2.2325,6.40,4.00
2007.11.23 04:19:10.855,2.23155,2.2324,12.80,1.60
2007.11.23 04:19:11.128,2.23155,2.2324,11.20,1.60
2007.11.23 04:19:11.401,2.2316,2.23245,1.30,2.40
2007.11.23 04:19:12.796,2.23155,2.23245,8.80,2.40
2007.11.23 04:19:13.059,2.23155,2.2324,8.80,1.60
2007.11.23 04:19:13.332,2.2316,2.2323,0.80,1.60
2007.11.23 04:19:13.526,2.23155,2.2323,8.80,1.60
2007.11.23 04:19:13.719,2.23155,2.2323,8.80,1.60
2007.11.23 04:19:13.968,2.2316,2.2323,3.60,1.60
2007.11.23 04:19:14.253,2.23155,2.23235,12.80,2.40
2007.11.23 04:19:14.536,2.23155,2.23235,12.80,2.40
2007.11.23 04:19:14.820,2.23155,2.23205,12.00,2.40
2007.11.23 04:19:15.104,2.2316,2.23205,4.00,2.40
2007.11.23 04:19:15.352,2.23155,2.23225,3.20,2.40
2007.11.23 04:19:15.607,2.2316,2.23225,12.00,2.40
2007.11.23 04:19:15.929,2.2317,2.23225,1.60,2.40
2007.11.23 04:19:16.251,2.2317,2.23225,1.60,2.40
2007.11.23 04:19:16.494,2.2316,2.23225,8.00,2.40
2007.11.23 04:19:16.740,2.23165,2.23225,8.00,2.40
2007.11.23 04:19:17.020,2.2315,2.2323,4.00,1.60
2007.11.23 04:19:17.179,2.23125,2.2323,5.60,1.60
2007.11.23 04:19:17.338,2.23115,2.2323,1.60,1.60
2007.11.23 04:19:17.495,2.2311,2.2323,1.60,1.60
2007.11.23 04:19:17.654,2.2311,2.2323,1.60,1.60
2007.11.23 04:19:17.812,2.2309,2.2323,7.20,1.60
2007.11.23 04:19:17.971,2.231,2.2324,1.60,4.00
2007.11.23 04:19:18.129,2.231,2.2324,1.60,4.00
2007.11.23 04:19:18.462,2.2309,2.2324,1.60,4.00
2007.11.23 04:19:18.796,2.23085,2.23215,1.60,0.80
2007.11.23 04:19:19.129,2.2307,2.23215,1.60,0.80
2007.11.23 04:19:19.332,2.2307,2.2321,1.60,2.40
2007.11.23 04:19:19.536,2.2306,2.2321,3.20,4.00
2007.11.23 04:19:19.887,2.2307,2.2321,1.60,5.60
2007.11.23 04:19:20.295,2.2307,2.2321,1.60,4.00
2007.11.23 04:19:22.991,2.2306,2.232,1.60,1.60
2007.11.23 04:19:23.318,2.2305,2.232,1.60,1.60
2007.11.23 04:19:24.665,2.2305,2.232,1.60,1.60
2007.11.23 04:19:24.886,2.2305,2.232,1.60,1.60
2007.11.23 04:19:25.115,2.23065,2.2321,1.60,3.20
2007.11.23 04:19:25.345,2.2306,2.2321,1.60,3.20
2007.11.23 04:19:25.512,2.2306,2.2321,1.60,3.20
2007.11.23 04:19:25.680,2.2306,2.2321,1.60,3.20
2007.11.23 04:19:25.848,2.2306,2.2321,1.60,3.20
2007.11.23 04:19:26.017,2.2306,2.232,1.60,1.60
2007.11.23 04:19:26.596,2.2312,2.232,8.00,1.60
2007.11.23 04:19:26.834,2.2312,2.23195,8.00,2.40
2007.11.23 04:19:27.073,2.2312,2.23195,8.00,2.40
2007.11.23 04:19:27.311,2.2312,2.23195,9.60,2.40
2007.11.23 04:19:27.491,2.2312,2.23195,8.00,2.40
2007.11.23 04:19:28.599,2.2312,2.23195,8.00,2.40
2007.11.23 04:19:29.111,2.2312,2.23195,8.00,2.40
2007.11.23 04:19:29.329,2.2311,2.23195,1.60,2.40
2007.11.23 04:19:29.573,2.2311,2.23195,1.60,2.40
2007.11.23 04:19:30.253,2.2311,2.23195,1.60,2.40
2007.11.23 04:19:30.495,2.2311,2.23185,1.60,2.40
2007.11.23 04:19:30.724,2.23105,2.23185,1.60,2.40
2007.11.23 04:19:30.953,2.231,2.23185,9.60,2.40
2007.11.23 04:19:31.181,2.231,2.23185,9.60,2.40
2007.11.23 04:19:31.409,2.231,2.23175,1.60,2.40
2007.11.23 04:19:31.678,2.2309,2.23175,1.60,2.40
2007.11.23 04:19:31.945,2.2309,2.23175,4.00,2.40
2007.11.23 04:19:32.214,2.2309,2.23175,4.00,2.40
2007.11.23 04:19:32.484,2.231,2.23175,1.60,2.40
2007.11.23 04:19:32.747,2.231,2.23175,1.60,2.40
2007.11.23 04:19:32.955,2.231,2.23175,1.60,2.40
2007.11.23 04:19:33.163,2.231,2.23175,1.60,2.40
2007.11.23 04:19:33.372,2.2309,2.23175,1.60,2.40
2007.11.23 04:19:33.716,2.2309,2.23175,1.60,2.40
2007.11.23 04:19:33.979,2.2309,2.23175,4.80,2.40
2007.11.23 04:19:34.810,2.2309,2.23175,4.80,2.40
2007.11.23 04:19:35.484,2.2309,2.23175,4.80,2.40
2007.11.23 04:19:35.874,2.2309,2.23175,4.80,2.40
2007.11.23 04:19:36.264,2.2309,2.23165,4.80,2.40
2007.11.23 04:19:36.433,2.2309,2.23165,4.80,2.40
2007.11.23 04:19:36.601,2.2309,2.23165,4.80,2.40
2007.11.23 04:19:36.860,2.23095,2.23165,0.80,2.40
2007.11.23 04:19:37.255,2.23095,2.23165,0.80,2.40
2007.11.23 04:19:39.151,2.23095,2.23165,0.80,2.40
2007.11.23 04:19:39.409,2.23115,2.23165,0.80,2.40
2007.11.23 04:19:39.669,2.23115,2.23165,0.80,2.40
2007.11.23 04:19:39.770,2.23115,2.23165,0.80,2.40
2007.11.23 04:19:39.833,2.23095,2.23175,1.60,2.40
2007.11.23 04:19:39.995,2.23095,2.23175,1.60,2.40
2007.11.23 04:19:40.162,2.23115,2.23175,0.80,2.40
2007.11.23 04:19:40.326,2.23095,2.23175,0.80,2.40
2007.11.23 04:19:40.490,2.23095,2.23175,0.80,2.40
2007.11.23 04:19:40.654,2.2309,2.23175,3.20,2.40
2007.11.23 04:19:41.824,2.23095,2.2318,0.80,1.60
2007.11.23 04:19:42.002,2.23095,2.2318,0.80,1.60
2007.11.23 04:19:42.681,2.2309,2.2318,7.20,1.60
2007.11.23 04:19:42.925,2.23115,2.2318,0.80,1.60
2007.11.23 04:19:43.168,2.23115,2.23185,0.80,2.40
2007.11.23 04:19:43.411,2.23115,2.23185,1.60,2.40
2007.11.23 04:19:43.653,2.23135,2.23185,0.80,2.40
2007.11.23 04:19:43.916,2.23135,2.23185,0.80,2.40
2007.11.23 04:19:44.340,2.23135,2.23185,0.80,2.40
2007.11.23 04:19:44.575,2.23115,2.23185,1.60,2.40
2007.11.23 04:19:44.785,2.23115,2.2319,4.00,0.80
2007.11.23 04:19:44.940,2.2312,2.23205,4.80,2.40
2007.11.23 04:19:47.797,2.23115,2.23205,4.80,2.40
2007.11.23 04:19:47.919,2.23105,2.23205,7.20,2.40
2007.11.23 04:19:48.037,2.2311,2.2319,7.20,1.60
2007.11.23 04:19:48.157,2.2311,2.2319,7.20,1.60
2007.11.23 04:19:48.275,2.231,2.2319,8.00,1.60
2007.11.23 04:19:48.399,2.23115,2.23185,0.80,2.40
2007.11.23 04:19:48.543,2.231,2.23185,8.00,2.40
2007.11.23 04:19:50.354,2.231,2.2318,9.60,1.60
2007.11.23 04:19:50.654,2.23115,2.2318,0.80,1.60
2007.11.23 04:19:51.173,2.231,2.2318,6.40,1.60
2007.11.23 04:19:51.483,2.23095,2.2318,8.80,1.60
2007.11.23 04:19:51.791,2.23095,2.23165,6.40,2.40
2007.11.23 04:19:52.099,2.2309,2.23165,3.20,2.40
2007.11.23 04:19:52.345,2.2309,2.23165,1.60,2.40
2007.11.23 04:19:54.313,2.2308,2.23165,8.80,2.40
2007.11.23 04:19:54.437,2.2308,2.23165,6.40,2.40
2007.11.23 04:19:54.705,2.2308,2.23165,6.40,2.40
2007.11.23 04:19:54.857,2.23095,2.23165,0.80,2.40
2007.11.23 04:19:54.970,2.2308,2.2315,2.40,0.80
2007.11.23 04:19:55.083,2.23075,2.2315,4.00,0.80
2007.11.23 04:19:55.196,2.23065,2.23145,10.40,2.40
2007.11.23 04:19:55.500,2.23075,2.23145,0.80,2.40
2007.11.23 04:20:00.199,2.23075,2.23145,0.80,2.40
2007.11.23 04:20:00.366,2.2307,2.23145,8.80,2.40
2007.11.23 04:20:00.534,2.2307,2.23145,8.80,2.40
2007.11.23 04:20:00.702,2.2307,2.23145,0.50,2.40
2007.11.23 04:20:01.701,2.2306,2.23145,13.60,2.40
2007.11.23 04:20:04.259,2.2306,2.23145,13.60,2.40
2007.11.23 04:20:04.368,2.2307,2.2315,1.50,1.60
2007.11.23 04:20:04.641,2.2306,2.23135,13.60,0.80
2007.11.23 04:20:04.878,2.23045,2.23135,13.60,3.20
2007.11.23 04:20:05.117,2.2305,2.23135,1.70,3.20
2007.11.23 04:20:05.360,2.23035,2.23135,16.80,3.20
2007.11.23 04:20:05.592,2.23035,2.23135,16.80,3.20
2007.11.23 04:20:06.804,2.2305,2.23135,13.60,3.20
2007.11.23 04:20:06.977,2.2305,2.23135,1.00,3.20
2007.11.23 04:20:07.150,2.2305,2.23135,13.60,3.20
2007.11.23 04:20:08.162,2.23055,2.23135,0.80,2.40
2007.11.23 04:20:08.375,2.23055,2.2315,0.80,13.60
2007.11.23 04:20:08.589,2.2307,2.2317,8.00,9.60
2007.11.23 04:20:08.738,2.23075,2.2317,0.80,9.60
2007.11.23 04:20:08.885,2.23075,2.23155,0.80,2.40
2007.11.23 04:20:09.033,2.23075,2.23155,0.80,2.40
2007.11.23 04:20:09.181,2.23075,2.2316,0.80,2.40
2007.11.23 04:20:09.330,2.23075,2.2316,0.80,2.40
2007.11.23 04:20:09.480,2.23075,2.2317,0.80,9.60
2007.11.23 04:20:11.960,2.23075,2.2315,0.80,1.60
2007.11.23 04:20:12.439,2.23075,2.2316,0.80,1.60
2007.11.23 04:20:12.712,2.23075,2.2316,0.80,1.60
2007.11.23 04:20:12.913,2.23075,2.2317,0.80,9.60
2007.11.23 04:20:13.354,2.23075,2.2315,0.80,1.60
2007.11.23 04:20:15.327,2.23075,2.2317,0.80,9.60
2007.11.23 04:20:15.743,2.2307,2.2317,9.60,9.60
2007.11.23 04:20:15.954,2.2307,2.2317,8.00,9.60
2007.11.23 04:20:16.122,2.2307,2.2317,8.00,9.60
2007.11.23 04:20:16.373,2.2307,2.2315,8.00,1.60
2007.11.23 04:20:16.661,2.2307,2.2315,8.00,1.60
2007.11.23 04:20:16.836,2.2307,2.2315,8.00,1.60
2007.11.23 04:20:17.075,2.2307,2.2314,8.00,1.60
2007.11.23 04:20:17.876,2.2307,2.2315,8.00,1.60
2007.11.23 04:20:18.295,2.2307,2.2314,8.00,1.60
2007.11.23 04:20:20.299,2.2307,2.2314,8.00,1.60
2007.11.23 04:20:20.397,2.2307,2.2315,8.00,1.60
2007.11.23 04:20:21.196,2.23095,2.2315,0.80,1.60
2007.11.23 04:20:21.414,2.23095,2.2315,0.80,1.60
2007.11.23 04:20:21.632,2.23095,2.2315,0.80,1.60
2007.11.23 04:20:21.851,2.23095,2.2315,0.80,1.60
2007.11.23 04:20:22.069,2.2311,2.2316,8.00,1.60
2007.11.23 04:20:22.273,2.2311,2.2316,8.00,1.60
2007.11.23 04:20:22.476,2.2311,2.2317,8.00,1.60
2007.11.23 04:20:23.207,2.2311,2.2317,8.00,1.60
2007.11.23 04:20:23.380,2.2311,2.2317,8.00,1.60
2007.11.23 04:20:23.738,2.2311,2.2317,8.00,1.60
2007.11.23 04:20:24.013,2.2311,2.2317,2.10,1.60
2007.11.23 04:20:24.266,2.2311,2.2317,3.30,1.60
2007.11.23 04:20:24.755,2.2311,2.2317,1.20,1.60
2007.11.23 04:20:25.050,2.2311,2.2317,8.00,1.60
2007.11.23 04:20:26.635,2.2311,2.2317,8.00,1.60
2007.11.23 04:20:26.838,2.2311,2.2317,8.00,1.60
2007.11.23 04:20:27.041,2.2311,2.2317,8.00,1.60
2007.11.23 04:20:28.601,2.2311,2.2317,8.00,1.60
2007.11.23 04:20:28.773,2.2311,2.2317,8.00,1.60
2007.11.23 04:20:28.948,2.2311,2.2317,8.00,1.60
2007.11.23 04:20:29.469,2.2311,2.2318,8.00,1.60
2007.11.23 04:20:30.619,2.2311,2.2318,8.00,1.60
2007.11.23 04:20:30.913,2.2311,2.2318,8.00,1.60
2007.11.23 04:20:30.951,2.2311,2.2317,8.00,1.60
2007.11.23 04:20:31.094,2.2311,2.2317,8.00,1.60
2007.11.23 04:20:32.610,2.2311,2.2317,8.00,1.60
2007.11.23 04:20:32.738,2.23135,2.2317,0.80,1.60
2007.11.23 04:20:32.867,2.23135,2.2317,0.80,1.60
2007.11.23 04:20:32.995,2.23135,2.2319,0.80,1.60
2007.11.23 04:20:33.124,2.23135,2.2319,0.80,1.60
2007.11.23 04:20:33.372,2.23135,2.232,0.80,1.60
2007.11.23 04:20:33.660,2.23135,2.232,0.80,1.60
2007.11.23 04:20:33.949,2.23135,2.232,0.80,1.60
2007.11.23 04:20:34.604,2.23135,2.232,0.80,1.60
2007.11.23 04:20:34.769,2.2313,2.232,4.00,1.60
2007.11.23 04:20:34.933,2.23115,2.232,0.80,1.60
2007.11.23 04:20:35.097,2.23115,2.2319,0.80,1.60
2007.11.23 04:20:35.650,2.23115,2.2319,0.80,1.60
2007.11.23 04:20:35.933,2.2311,2.2318,12.00,1.60
2007.11.23 04:20:36.216,2.23105,2.2318,0.80,1.60
2007.11.23 04:20:36.499,2.23105,2.2317,0.80,1.60
2007.11.23 04:20:36.783,2.231,2.2317,4.00,1.60
2007.11.23 04:20:38.862,2.231,2.2318,4.00,1.60
2007.11.23 04:20:39.265,2.231,2.2317,4.00,1.60
2007.11.23 04:20:41.350,2.231,2.2319,4.00,1.60
2007.11.23 04:20:42.087,2.231,2.2319,4.00,1.60
2007.11.23 04:20:42.246,2.23125,2.2319,0.80,1.60
2007.11.23 04:20:42.405,2.23125,2.232,0.80,2.40
2007.11.23 04:20:42.569,2.23125,2.232,0.80,1.60
2007.11.23 04:20:43.379,2.23125,2.232,0.80,1.60
2007.11.23 04:20:43.587,2.23125,2.2319,0.80,1.60
2007.11.23 04:20:43.796,2.2312,2.2319,4.00,1.60
2007.11.23 04:20:44.004,2.23105,2.2319,0.80,1.60
2007.11.23 04:20:44.394,2.23105,2.2319,0.80,1.60
2007.11.23 04:20:45.793,2.23105,2.2319,0.80,1.60
2007.11.23 04:20:46.864,2.23105,2.2318,0.80,1.60
2007.11.23 04:20:48.713,2.23105,2.2318,0.80,1.60
2007.11.23 04:20:48.862,2.23115,2.2318,0.80,1.60
2007.11.23 04:20:49.011,2.23115,2.2319,0.80,1.60
2007.11.23 04:20:49.198,2.2311,2.2319,12.00,1.60
2007.11.23 04:20:49.395,2.2311,2.2318,12.00,1.60
2007.11.23 04:20:56.825,2.2311,2.2318,12.00,1.60
2007.11.23 04:20:57.654,2.2311,2.2318,12.00,1.60
2007.11.23 04:20:57.889,2.23115,2.2318,0.80,1.60
2007.11.23 04:20:58.137,2.23115,2.2319,0.80,1.60
2007.11.23 04:20:58.374,2.23115,2.2319,0.80,1.60
2007.11.23 04:21:05.292,2.23115,2.2318,0.80,1.60
2007.11.23 04:21:07.328,2.23115,2.2319,0.80,1.60
2007.11.23 04:21:07.890,2.23115,2.2319,0.80,1.60
2007.11.23 04:21:14.629,2.23115,2.2319,0.80,1.60
2007.11.23 04:21:14.779,2.23125,2.2319,0.80,1.60
2007.11.23 04:21:14.919,2.2313,2.2319,12.00,1.60
2007.11.23 04:21:15.162,2.23125,2.232,12.80,1.60
2007.11.23 04:21:15.406,2.2313,2.232,8.00,1.60
2007.11.23 04:21:15.650,2.2313,2.232,8.00,1.60
2007.11.23 04:21:15.893,2.2313,2.232,8.00,1.60
2007.11.23 04:21:16.117,2.2313,2.232,8.00,1.60
2007.11.23 04:21:16.437,2.2313,2.232,8.00,1.60
2007.11.23 04:21:18.910,2.2313,2.232,8.00,1.60
2007.11.23 04:21:21.234,2.2313,2.232,8.00,1.60
2007.11.23 04:21:21.447,2.2313,2.232,8.00,1.60
2007.11.23 04:21:21.751,2.2313,2.232,8.00,1.60
2007.11.23 04:21:21.906,2.2313,2.232,8.00,1.60
2007.11.23 04:21:23.198,2.2313,2.23195,8.00,0.80
2007.11.23 04:21:23.498,2.2313,2.2319,8.00,1.60
2007.11.23 04:21:23.647,2.2313,2.2319,8.00,1.60
2007.11.23 04:21:23.797,2.2313,2.2319,8.00,1.60
2007.11.23 04:21:23.946,2.2311,2.2319,12.00,1.60
2007.11.23 04:21:24.806,2.2311,2.2319,12.00,2.40
2007.11.23 04:21:25.055,2.2311,2.23185,12.00,2.40
2007.11.23 04:21:25.305,2.23125,2.2318,0.80,1.60
2007.11.23 04:21:25.478,2.23125,2.2318,3.20,1.60
2007.11.23 04:21:25.651,2.23125,2.2318,3.20,1.60
2007.11.23 04:21:25.825,2.2313,2.232,8.00,1.60
2007.11.23 04:21:25.998,2.2313,2.232,12.00,1.60
2007.11.23 04:21:26.171,2.2313,2.232,12.00,1.60
2007.11.23 04:21:26.489,2.2313,2.232,12.00,1.60
2007.11.23 04:21:27.350,2.2313,2.232,12.00,0.50
2007.11.23 04:21:29.936,2.2313,2.232,12.00,1.60
2007.11.23 04:21:32.257,2.2313,2.232,12.00,1.60
2007.11.23 04:21:32.507,2.2313,2.232,12.00,1.60
2007.11.23 04:21:32.688,2.2313,2.232,12.00,1.60
2007.11.23 04:21:37.110,2.2313,2.232,8.00,1.60
2007.11.23 04:21:39.619,2.2313,2.232,8.00,1.60
2007.11.23 04:21:39.810,2.2313,2.232,8.00,1.60
2007.11.23 04:21:39.923,2.23135,2.232,0.80,1.60
2007.11.23 04:21:40.037,2.2315,2.2321,8.00,1.60
2007.11.23 04:21:40.966,2.2315,2.2321,8.00,1.60
2007.11.23 04:21:45.326,2.2315,2.2322,8.00,1.60
2007.11.23 04:21:45.997,2.2315,2.23225,8.00,2.40
2007.11.23 04:21:51.648,2.2315,2.23225,8.00,2.40
2007.11.23 04:21:51.800,2.2315,2.23225,8.00,2.40
2007.11.23 04:21:51.957,2.2315,2.23225,8.00,2.40
2007.11.23 04:21:52.168,2.2315,2.23225,8.00,2.40
2007.11.23 04:21:52.314,2.2315,2.23225,8.00,2.40
2007.11.23 04:21:53.327,2.2315,2.2322,8.00,1.60
2007.11.23 04:21:53.947,2.2315,2.2321,8.00,1.60
2007.11.23 04:22:03.331,2.2315,2.2321,8.00,1.60
2007.11.23 04:22:03.475,2.2315,2.2322,8.00,1.60
2007.11.23 04:22:07.078,2.2315,2.2322,8.00,1.60
2007.11.23 04:22:07.301,2.2315,2.2322,8.00,1.60
2007.11.23 04:22:07.524,2.2315,2.2322,8.00,1.60
2007.11.23 04:22:10.834,2.2315,2.2322,8.00,1.60
2007.11.23 04:22:11.007,2.2315,2.2322,8.00,1.60
2007.11.23 04:22:11.180,2.2314,2.2321,8.00,1.60
2007.11.23 04:22:11.354,2.2314,2.2321,8.00,1.60
2007.11.23 04:22:11.527,2.23135,2.2321,2.40,1.60
2007.11.23 04:22:11.706,2.23135,2.2321,2.40,1.60
2007.11.23 04:22:11.884,2.23135,2.2321,2.40,1.60
2007.11.23 04:22:14.362,2.23135,2.2321,2.40,1.60
2007.11.23 04:22:25.298,2.23135,2.23215,2.40,3.20
2007.11.23 04:22:25.689,2.23135,2.23215,2.40,3.20
2007.11.23 04:22:26.310,2.2314,2.23215,1.60,3.20
2007.11.23 04:22:26.672,2.2314,2.23215,1.60,3.20
2007.11.23 04:22:26.950,2.2315,2.2323,8.00,1.60
2007.11.23 04:22:27.104,2.2315,2.2323,8.00,1.60
2007.11.23 04:22:28.179,2.2315,2.2323,8.80,1.60
2007.11.23 04:22:28.337,2.2315,2.2323,8.80,1.60
2007.11.23 04:22:28.480,2.2315,2.2323,11.20,1.60
2007.11.23 04:22:28.624,2.2316,2.2322,8.00,1.60
2007.11.23 04:22:28.773,2.23125,2.2322,0.80,1.60
2007.11.23 04:22:28.911,2.23125,2.2322,0.80,1.60
2007.11.23 04:22:29.054,2.23115,2.2323,0.80,1.60
2007.11.23 04:22:29.322,2.23115,2.2323,0.80,1.60
2007.11.23 04:22:29.597,2.23105,2.2322,0.80,1.60
2007.11.23 04:22:29.859,2.231,2.2322,0.80,1.60
2007.11.23 04:22:30.417,2.231,2.2322,0.80,1.60
2007.11.23 04:22:30.596,2.2309,2.2322,0.80,1.60
2007.11.23 04:22:30.774,2.2309,2.2322,0.80,1.60
2007.11.23 04:22:32.914,2.2309,2.2323,0.80,1.60
2007.11.23 04:22:32.961,2.2309,2.2324,0.80,4.00
2007.11.23 04:22:33.621,2.2309,2.2323,0.80,0.60
2007.11.23 04:22:33.806,2.2308,2.2323,0.80,0.50
2007.11.23 04:22:34.116,2.2307,2.2323,1.60,4.00
2007.11.23 04:22:34.300,2.2307,2.2322,1.60,2.40
2007.11.23 04:22:34.518,2.2306,2.2321,3.20,0.90
2007.11.23 04:22:34.735,2.2306,2.23215,3.20,2.40
2007.11.23 04:22:34.953,2.2305,2.232,1.60,0.70
2007.11.23 04:22:35.983,2.2305,2.23215,1.60,2.40
2007.11.23 04:22:36.407,2.2305,2.2321,1.60,0.70
2007.11.23 04:22:40.615,2.2305,2.23215,2.40,2.40
2007.11.23 04:22:40.745,2.23065,2.23215,0.80,2.40
2007.11.23 04:22:40.933,2.23065,2.23215,0.80,2.40
2007.11.23 04:22:41.061,2.23065,2.23215,0.80,2.40
2007.11.23 04:22:41.373,2.23065,2.23215,0.80,0.80
2007.11.23 04:22:41.706,2.2307,2.23215,1.60,2.40
2007.11.23 04:22:42.324,2.23065,2.23215,0.80,0.80
2007.11.23 04:22:42.487,2.2307,2.2322,1.60,2.40
2007.11.23 04:22:43.566,2.2307,2.23215,1.60,0.80
2007.11.23 04:22:43.784,2.2307,2.2323,1.60,8.40
2007.11.23 04:22:44.002,2.2307,2.2322,1.60,0.80
2007.11.23 04:22:44.220,2.2307,2.2322,1.60,0.50
2007.11.23 04:22:46.537,2.2312,2.2322,6.10,0.60
2007.11.23 04:22:46.701,2.23135,2.2322,2.40,0.70
2007.11.23 04:22:47.169,2.23135,2.23235,2.40,4.00
2007.11.23 04:22:47.460,2.23135,2.2323,2.40,0.60
2007.11.23 04:22:48.072,2.23135,2.23235,2.40,4.00
2007.11.23 04:22:48.262,2.23135,2.2324,8.50,2.40
2007.11.23 04:22:48.452,2.2314,2.23245,6.10,3.20
2007.11.23 04:22:48.640,2.2314,2.23275,6.10,4.00
2007.11.23 04:22:50.254,2.2316,2.2324,2.40,0.90
2007.11.23 04:22:50.388,2.23175,2.2326,2.40,0.70
2007.11.23 04:22:50.522,2.23175,2.23275,2.40,4.00
2007.11.23 04:22:50.776,2.23175,2.23275,2.40,4.00
2007.11.23 04:22:51.146,2.23175,2.2326,2.40,0.60
2007.11.23 04:22:51.375,2.23175,2.23295,2.40,4.80
2007.11.23 04:22:51.603,2.23175,2.2328,2.40,0.90
2007.11.23 04:22:51.822,2.23175,2.2328,2.40,4.00
2007.11.23 04:22:52.041,2.23175,2.2327,2.40,0.50
2007.11.23 04:22:52.259,2.2317,2.23275,5.60,4.00
2007.11.23 04:22:52.600,2.2316,2.2327,1.60,0.50
2007.11.23 04:22:52.808,2.23195,2.2328,2.40,2.40
2007.11.23 04:22:53.017,2.23195,2.2328,2.40,0.60
2007.11.23 04:22:53.232,2.23195,2.2328,2.40,0.60
2007.11.23 04:22:53.442,2.2318,2.2329,4.00,0.70
2007.11.23 04:22:53.650,2.2318,2.2329,4.00,0.50
2007.11.23 04:22:53.873,2.23205,2.2329,2.40,0.80
2007.11.23 04:22:54.097,2.23205,2.2329,2.40,0.90
2007.11.23 04:22:54.360,2.23205,2.233,2.40,0.50
2007.11.23 04:22:54.672,2.23205,2.2331,2.40,5.70
2007.11.23 04:22:54.905,2.23195,2.23295,2.40,4.00
2007.11.23 04:22:55.138,2.23195,2.23295,2.40,4.00
2007.11.23 04:22:55.371,2.23195,2.2328,2.40,0.60
2007.11.23 04:22:56.626,2.23205,2.23295,0.80,4.00
2007.11.23 04:22:56.892,2.23205,2.23295,0.80,4.00
2007.11.23 04:22:57.934,2.23205,2.23295,0.80,4.00
2007.11.23 04:22:58.101,2.23205,2.23295,0.80,4.00
2007.11.23 04:22:58.277,2.23205,2.2328,0.80,0.90
2007.11.23 04:22:58.765,2.23205,2.23295,0.80,4.00
2007.11.23 04:23:02.950,2.23205,2.2328,0.80,1.60
2007.11.23 04:23:03.098,2.2319,2.2328,5.60,1.60
2007.11.23 04:23:03.246,2.2319,2.2328,4.00,1.60
2007.11.23 04:23:03.394,2.23175,2.2328,0.80,1.60
2007.11.23 04:23:03.543,2.23175,2.2327,0.80,1.60
2007.11.23 04:23:03.690,2.23175,2.2327,0.80,1.60
2007.11.23 04:23:04.022,2.23175,2.23305,0.80,2.40
2007.11.23 04:23:05.310,2.23175,2.23305,0.80,2.40
2007.11.23 04:23:06.697,2.23175,2.23305,0.80,2.40
2007.11.23 04:23:06.912,2.23175,2.2331,0.80,4.00
2007.11.23 04:23:07.124,2.23175,2.2332,0.80,4.00
2007.11.23 04:23:07.339,2.23175,2.23305,0.80,2.40
2007.11.23 04:23:07.537,2.23175,2.23305,0.80,2.40
2007.11.23 04:23:07.734,2.2317,2.23255,8.00,0.70
2007.11.23 04:23:07.933,2.2317,2.23255,9.60,4.80
2007.11.23 04:23:09.685,2.2317,2.2325,9.60,0.50
2007.11.23 04:23:09.844,2.23185,2.23255,0.80,4.00
2007.11.23 04:23:10.104,2.23185,2.23255,0.80,4.00
2007.11.23 04:23:10.262,2.23185,2.2325,0.80,0.50
2007.11.23 04:23:10.597,2.23205,2.23275,0.80,4.00
2007.11.23 04:23:11.081,2.232,2.23275,8.00,4.00
2007.11.23 04:23:11.414,2.232,2.23275,8.00,4.00
2007.11.23 04:23:13.929,2.232,2.23275,8.00,4.00
2007.11.23 04:23:14.063,2.232,2.23275,8.00,4.00
2007.11.23 04:23:14.196,2.232,2.2327,8.00,0.90
2007.11.23 04:23:14.329,2.232,2.2328,8.00,4.00
2007.11.23 04:23:14.464,2.232,2.23275,9.60,4.00
2007.11.23 04:23:17.243,2.232,2.23275,9.60,0.80
2007.11.23 04:23:17.757,2.232,2.2328,12.00,4.00
2007.11.23 04:23:18.062,2.232,2.23275,12.00,0.90
2007.11.23 04:23:18.261,2.232,2.23275,12.00,0.50
2007.11.23 04:23:18.460,2.232,2.23275,12.00,0.50
2007.11.23 04:23:18.658,2.232,2.23275,16.00,0.70
2007.11.23 04:23:19.045,2.232,2.2328,16.00,4.00
2007.11.23 04:23:19.874,2.232,2.23275,16.00,0.50
2007.11.23 04:23:20.488,2.232,2.23275,16.00,0.70
2007.11.23 04:23:20.823,2.232,2.2328,16.00,4.00
2007.11.23 04:23:21.187,2.232,2.23275,16.00,0.60
2007.11.23 04:23:21.336,2.232,2.23255,9.60,0.70
2007.11.23 04:23:21.485,2.2319,2.23265,1.60,3.20
2007.11.23 04:23:22.331,2.2319,2.2326,1.60,4.00
2007.11.23 04:23:23.652,2.2319,2.23245,1.60,0.80
2007.11.23 04:23:23.808,2.2319,2.23245,1.60,0.80
2007.11.23 04:23:23.992,2.2319,2.23255,1.60,3.20
2007.11.23 04:23:24.166,2.2319,2.2326,1.60,4.00
2007.11.23 04:23:24.339,2.2317,2.2325,1.60,8.00
2007.11.23 04:23:24.513,2.23165,2.23235,0.80,0.60
2007.11.23 04:23:25.270,2.23165,2.2324,0.80,4.80
2007.11.23 04:23:25.604,2.23165,2.23235,0.80,0.50
2007.11.23 04:23:25.939,2.23165,2.23235,0.80,4.00
2007.11.23 04:23:28.448,2.23165,2.23235,0.80,4.00
2007.11.23 04:23:28.602,2.23165,2.2323,0.80,0.70
2007.11.23 04:23:28.755,2.23155,2.2323,0.80,4.00
2007.11.23 04:23:28.913,2.23155,2.2323,0.80,4.80
2007.11.23 04:23:30.114,2.23155,2.2323,0.80,4.80
2007.11.23 04:23:30.253,2.23165,2.2323,0.80,0.60
2007.11.23 04:23:30.397,2.23165,2.23245,0.80,4.00
2007.11.23 04:23:30.541,2.23165,2.2323,0.80,0.50
2007.11.23 04:23:31.020,2.23165,2.2323,0.80,0.70
2007.11.23 04:23:31.519,2.23165,2.2323,0.80,1.60
2007.11.23 04:23:31.859,2.23165,2.2323,0.80,1.60
2007.11.23 04:23:33.419,2.23165,2.2323,0.80,0.50
2007.11.23 04:23:34.456,2.23165,2.23245,0.80,4.00
2007.11.23 04:23:34.604,2.2318,2.23245,8.00,4.00
2007.11.23 04:23:34.790,2.2318,2.23245,8.00,4.00
2007.11.23 04:23:34.939,2.2318,2.2324,8.00,0.90
2007.11.23 04:23:35.725,2.2318,2.2324,8.00,0.50
2007.11.23 04:23:35.978,2.2318,2.2324,8.00,0.70
2007.11.23 04:23:36.126,2.2318,2.2324,8.00,0.80
2007.11.23 04:23:36.266,2.2318,2.2324,10.40,0.60
2007.11.23 04:23:36.398,2.2318,2.2325,10.40,4.00
2007.11.23 04:23:36.858,2.2318,2.2325,12.00,4.00
2007.11.23 04:23:37.667,2.2318,2.23205,12.00,0.80
2007.11.23 04:23:39.113,2.2318,2.23205,12.00,0.80
2007.11.23 04:23:39.250,2.2318,2.23205,12.00,0.80
2007.11.23 04:23:39.394,2.2318,2.23205,9.60,0.80
2007.11.23 04:23:39.527,2.2318,2.23205,8.00,0.80
2007.11.23 04:23:39.666,2.23165,2.23245,10.40,3.20
2007.11.23 04:23:39.804,2.2317,2.23205,8.00,0.80
2007.11.23 04:23:40.272,2.2317,2.23205,9.60,0.80
2007.11.23 04:23:40.530,2.23165,2.23205,8.80,0.80
2007.11.23 04:23:40.795,2.2316,2.23235,9.60,4.00
2007.11.23 04:23:41.047,2.2316,2.23235,8.00,4.00
2007.11.23 04:23:41.608,2.2316,2.23205,8.00,0.80
2007.11.23 04:23:41.883,2.2316,2.23205,8.00,0.80
2007.11.23 04:23:42.027,2.2316,2.23235,9.60,4.00
2007.11.23 04:23:42.561,2.2316,2.23205,9.60,0.80
2007.11.23 04:23:42.886,2.2316,2.23235,9.60,4.00
2007.11.23 04:23:43.150,2.2317,2.23235,1.60,4.00
2007.11.23 04:23:43.418,2.2316,2.23235,9.60,4.00
2007.11.23 04:23:44.021,2.2316,2.23205,9.60,0.80
2007.11.23 04:23:44.643,2.2316,2.23205,9.60,3.20
2007.11.23 04:23:44.742,2.2315,2.23195,5.60,0.60
2007.11.23 04:23:44.840,2.2315,2.23195,5.60,0.90
2007.11.23 04:23:44.938,2.2315,2.23195,4.00,0.90
2007.11.23 04:23:45.038,2.2314,2.23195,1.60,0.60
2007.11.23 04:23:45.136,2.2314,2.23195,1.60,0.70
2007.11.23 04:23:45.235,2.2314,2.23205,1.60,4.00
2007.11.23 04:23:45.499,2.2313,2.23195,1.90,0.80
2007.11.23 04:23:45.761,2.2313,2.2319,1.90,10.40
2007.11.23 04:23:46.025,2.23105,2.2318,4.80,5.40
2007.11.23 04:23:46.289,2.23095,2.23165,1.60,0.60
2007.11.23 04:23:46.459,2.2309,2.2317,1.60,15.80
2007.11.23 04:23:46.627,2.23085,2.2317,1.60,19.50
2007.11.23 04:23:46.794,2.23085,2.2317,1.60,19.50
2007.11.23 04:23:46.963,2.2309,2.2317,1.60,21.10
2007.11.23 04:23:47.131,2.2309,2.2317,1.60,21.10
2007.11.23 04:23:47.299,2.2308,2.2316,1.60,3.20
2007.11.23 04:23:47.521,2.2308,2.2316,1.60,3.20
2007.11.23 04:23:47.741,2.23075,2.2317,1.60,7.00
2007.11.23 04:23:48.043,2.23045,2.2317,2.40,7.00
2007.11.23 04:23:48.260,2.23105,2.2317,3.90,7.00
2007.11.23 04:23:48.487,2.2313,2.23195,1.60,0.70
2007.11.23 04:23:48.644,2.2313,2.232,1.60,5.60
2007.11.23 04:23:48.802,2.2313,2.232,1.60,0.60
2007.11.23 04:23:48.960,2.2313,2.23205,1.60,0.90
2007.11.23 04:23:49.350,2.2313,2.23205,1.60,4.80
2007.11.23 04:23:49.509,2.2313,2.2321,1.60,5.60
2007.11.23 04:23:49.856,2.2313,2.232,1.60,0.50
2007.11.23 04:23:50.388,2.2312,2.23205,5.60,0.50
2007.11.23 04:23:51.380,2.2313,2.23205,1.60,4.80
2007.11.23 04:23:52.304,2.2312,2.2321,5.60,5.60
2007.11.23 04:23:53.857,2.2313,2.2321,1.60,5.60
2007.11.23 04:23:54.200,2.2313,2.23205,1.60,0.70
2007.11.23 04:23:54.373,2.2313,2.232,1.60,0.80
2007.11.23 04:23:55.443,2.2312,2.2321,5.60,5.60
2007.11.23 04:23:56.993,2.2313,2.23205,1.60,0.60
2007.11.23 04:23:57.799,2.2313,2.2321,1.60,5.60
2007.11.23 04:23:58.298,2.2313,2.23205,1.60,0.70
2007.11.23 04:23:58.513,2.2314,2.2321,1.60,5.60
2007.11.23 04:23:58.721,2.2314,2.23195,1.60,0.70
2007.11.23 04:23:58.935,2.2313,2.23195,9.60,0.50
2007.11.23 04:23:59.153,2.2313,2.23195,1.60,0.60
2007.11.23 04:23:59.377,2.2312,2.232,1.60,4.80
2007.11.23 04:24:00.144,2.23125,2.232,0.80,4.80
2007.11.23 04:24:00.364,2.23125,2.232,0.80,4.80
2007.11.23 04:24:01.339,2.23125,2.2321,0.80,2.40
2007.11.23 04:24:01.361,2.23115,2.2321,8.00,11.20
2007.11.23 04:24:01.851,2.2312,2.23205,9.60,5.60
2007.11.23 04:24:03.311,2.2312,2.232,8.00,0.70
2007.11.23 04:24:03.609,2.2312,2.23205,8.00,5.60
2007.11.23 04:24:03.763,2.2314,2.23205,8.00,2.40
2007.11.23 04:24:03.916,2.2314,2.23205,8.00,0.80
2007.11.23 04:24:04.313,2.2314,2.23215,9.60,1.60
2007.11.23 04:24:05.229,2.2314,2.23215,9.60,1.60
2007.11.23 04:24:05.448,2.2314,2.23215,9.60,1.60
2007.11.23 04:24:05.666,2.2314,2.23215,9.60,3.20
2007.11.23 04:24:05.893,2.2312,2.23215,1.60,3.20
2007.11.23 04:24:06.302,2.23115,2.23215,0.80,3.20
2007.11.23 04:24:07.255,2.23115,2.23215,0.80,3.20
2007.11.23 04:24:08.917,2.23115,2.23205,0.80,0.80
2007.11.23 04:24:10.738,2.23115,2.23215,0.80,3.20
2007.11.23 04:24:12.673,2.231,2.23215,4.80,4.00
2007.11.23 04:24:16.263,2.23115,2.23205,0.80,0.80
2007.11.23 04:24:19.122,2.2311,2.23215,1.50,3.20
2007.11.23 04:24:19.275,2.23155,2.23205,0.80,0.80
2007.11.23 04:24:19.430,2.23155,2.23205,0.80,0.80
2007.11.23 04:24:19.584,2.2314,2.23225,8.80,3.20
2007.11.23 04:24:19.787,2.2314,2.2322,10.40,2.40
2007.11.23 04:24:21.337,2.23155,2.23205,0.80,0.80
2007.11.23 04:24:22.284,2.2314,2.2322,10.40,2.40
2007.11.23 04:24:23.326,2.2314,2.23205,10.40,0.80
2007.11.23 04:24:23.678,2.23165,2.23205,0.80,0.80
2007.11.23 04:24:24.027,2.23145,2.23205,1.60,0.80
2007.11.23 04:24:24.137,2.23145,2.23205,1.60,0.80
2007.11.23 04:24:24.361,2.23145,2.23205,1.60,0.80
2007.11.23 04:24:24.694,2.23145,2.23205,1.60,0.80
2007.11.23 04:24:26.331,2.23165,2.23205,0.80,0.80
2007.11.23 04:24:27.289,2.2315,2.23205,2.40,0.80
2007.11.23 04:24:27.538,2.2316,2.23205,2.40,0.80
2007.11.23 04:24:28.121,2.23165,2.23205,0.80,0.80
2007.11.23 04:24:28.370,2.23155,2.23205,10.40,0.80
2007.11.23 04:24:28.649,2.2317,2.23205,1.20,0.80
2007.11.23 04:24:30.157,2.2317,2.23205,1.00,0.80
2007.11.23 04:24:30.337,2.23185,2.23205,0.80,0.80
2007.11.23 04:24:30.508,2.23185,2.23205,0.80,0.80
2007.11.23 04:24:30.671,2.2318,2.23205,8.80,0.80
2007.11.23 04:24:30.837,2.2318,2.2325,14.10,1.60
2007.11.23 04:24:31.148,2.2318,2.2327,19.90,2.20
2007.11.23 04:24:31.313,2.23165,2.23245,13.60,2.40
2007.11.23 04:24:31.476,2.2316,2.23245,16.00,2.40
2007.11.23 04:24:31.804,2.2316,2.23245,16.00,2.40
2007.11.23 04:24:32.083,2.2318,2.23245,1.10,2.40
2007.11.23 04:24:32.361,2.23165,2.2324,1.60,1.60
2007.11.23 04:24:32.594,2.2316,2.2324,1.60,8.00
2007.11.23 04:24:32.828,2.23195,2.2324,0.80,8.00
2007.11.23 04:24:33.062,2.2319,2.2326,10.40,1.60
2007.11.23 04:24:33.296,2.23175,2.23255,13.60,2.40
2007.11.23 04:24:33.528,2.2318,2.23255,2.80,2.40
2007.11.23 04:24:33.867,2.2317,2.23255,16.00,2.40
2007.11.23 04:24:34.191,2.2317,2.23255,16.00,2.40
2007.11.23 04:24:34.440,2.2317,2.2325,13.60,1.60
2007.11.23 04:24:34.708,2.23185,2.2325,3.20,1.60
2007.11.23 04:24:34.982,2.232,2.2327,8.80,1.60
2007.11.23 04:24:35.250,2.232,2.2327,8.80,1.60
2007.11.23 04:24:36.618,2.232,2.2327,8.80,1.60
2007.11.23 04:24:36.805,2.2319,2.2327,16.00,1.60
2007.11.23 04:24:36.994,2.2319,2.2326,9.60,1.60
2007.11.23 04:24:37.315,2.232,2.2326,2.40,1.60
2007.11.23 04:24:37.504,2.23195,2.2328,8.80,1.60
2007.11.23 04:24:38.308,2.232,2.2328,1.40,1.60
2007.11.23 04:24:39.074,2.232,2.2328,0.50,1.60
2007.11.23 04:24:39.332,2.23185,2.2327,8.80,1.60
2007.11.23 04:24:39.591,2.23185,2.2327,8.80,1.60
2007.11.23 04:24:39.785,2.23185,2.2327,11.20,1.60
2007.11.23 04:24:39.979,2.23195,2.2327,2.70,1.60
2007.11.23 04:24:40.438,2.2319,2.2327,16.00,1.60
2007.11.23 04:24:42.644,2.232,2.2327,9.60,1.60
2007.11.23 04:24:42.827,2.232,2.2327,9.60,1.60
2007.11.23 04:24:42.875,2.2319,2.2327,16.00,1.60
2007.11.23 04:24:43.010,2.232,2.2327,0.80,1.60
2007.11.23 04:24:43.474,2.23185,2.2327,2.40,1.60
2007.11.23 04:24:43.711,2.2319,2.2327,2.40,1.60
2007.11.23 04:24:43.939,2.2319,2.2327,3.20,1.60
2007.11.23 04:24:44.286,2.23195,2.2327,0.80,1.60
2007.11.23 04:24:49.340,2.2319,2.2327,1.60,1.60
2007.11.23 04:24:49.674,2.23195,2.2327,0.80,1.60
2007.11.23 04:24:49.837,2.2318,2.23235,16.80,2.40
2007.11.23 04:24:50.121,2.23185,2.23235,0.80,2.40
2007.11.23 04:24:50.404,2.23185,2.23235,0.80,2.40
2007.11.23 04:24:51.449,2.2317,2.23235,2.50,2.40
2007.11.23 04:24:51.644,2.2319,2.23235,0.80,2.40
2007.11.23 04:24:51.836,2.2319,2.23225,0.80,2.40
2007.11.23 04:24:52.029,2.2317,2.23225,2.50,2.40
2007.11.23 04:24:52.253,2.2317,2.23225,2.50,2.40
2007.11.23 04:24:52.476,2.23165,2.2325,3.20,13.60
2007.11.23 04:24:52.700,2.23175,2.2325,1.60,1.60
2007.11.23 04:24:52.923,2.23175,2.2325,1.60,1.60
2007.11.23 04:24:53.292,2.2319,2.2326,0.80,1.60
2007.11.23 04:24:53.510,2.2319,2.2326,0.80,1.60
2007.11.23 04:24:54.034,2.2317,2.2326,7.20,1.60
2007.11.23 04:24:54.237,2.23165,2.2326,6.50,1.60
2007.11.23 04:24:54.440,2.23165,2.2326,6.50,1.60
2007.11.23 04:24:54.643,2.23165,2.2326,6.50,1.60
2007.11.23 04:24:54.865,2.2318,2.2327,2.40,2.40
2007.11.23 04:24:55.069,2.23185,2.2327,1.60,2.40
2007.11.23 04:24:55.282,2.2317,2.2326,3.30,1.60
2007.11.23 04:24:55.495,2.23175,2.2323,1.30,2.40
2007.11.23 04:24:55.794,2.232,2.2326,0.60,1.60
2007.11.23 04:24:56.009,2.232,2.2327,0.60,1.60
2007.11.23 04:24:56.225,2.2321,2.2327,0.20,1.60
2007.11.23 04:24:56.434,2.2321,2.2326,2.70,1.60
2007.11.23 04:24:56.641,2.232,2.2327,8.20,1.60
2007.11.23 04:24:57.641,2.232,2.2327,8.20,1.60
2007.11.23 04:24:57.849,2.2318,2.23255,13.70,2.40
2007.11.23 04:24:58.058,2.2318,2.23255,9.70,2.40
2007.11.23 04:24:58.266,2.2319,2.23255,4.00,2.40
2007.11.23 04:24:58.684,2.2319,2.23255,4.00,2.40
2007.11.23 04:24:58.868,2.2317,2.23255,13.60,2.40
2007.11.23 04:24:59.050,2.2317,2.2324,2.00,1.60
2007.11.23 04:24:59.234,2.23185,2.2324,1.30,1.60
2007.11.23 04:24:59.553,2.23185,2.2325,3.20,1.60
2007.11.23 04:24:59.871,2.2319,2.2325,11.20,1.60
2007.11.23 04:25:00.191,2.2319,2.2327,11.20,1.60
2007.11.23 04:25:02.112,2.2319,2.2327,11.20,1.60
2007.11.23 04:25:02.322,2.23215,2.2327,0.80,1.60
2007.11.23 04:25:02.529,2.23215,2.2327,0.80,1.60
2007.11.23 04:25:03.642,2.232,2.2327,3.20,1.60
2007.11.23 04:25:03.831,2.2321,2.2327,11.20,1.60
2007.11.23 04:25:04.019,2.2321,2.2328,11.20,1.60
2007.11.23 04:25:06.025,2.2321,2.2328,11.20,1.60
2007.11.23 04:25:07.084,2.23215,2.2328,0.80,1.60
2007.11.23 04:25:07.334,2.232,2.23275,11.90,2.40
2007.11.23 04:25:07.581,2.2319,2.2326,3.80,1.60
2007.11.23 04:25:07.837,2.2319,2.2326,2.80,1.60
2007.11.23 04:25:10.864,2.23185,2.2326,8.80,1.60
2007.11.23 04:25:11.380,2.2319,2.2326,1.00,1.60
2007.11.23 04:25:12.158,2.2319,2.2326,8.00,1.60
2007.11.23 04:25:12.457,2.23185,2.2325,0.80,1.60
2007.11.23 04:25:13.618,2.23185,2.2325,0.80,1.60
2007.11.23 04:25:13.742,2.23195,2.2325,0.80,1.60
2007.11.23 04:25:13.911,2.232,2.2325,8.00,1.60
2007.11.23 04:25:14.067,2.232,2.2327,8.00,1.60
2007.11.23 04:25:15.075,2.232,2.2327,8.00,1.60
2007.11.23 04:25:15.297,2.23215,2.2327,0.80,1.60
2007.11.23 04:25:15.520,2.2322,2.2328,8.00,1.60
2007.11.23 04:25:15.743,2.2322,2.2328,8.00,1.60
2007.11.23 04:25:15.982,2.23225,2.2328,8.00,1.60
2007.11.23 04:25:19.424,2.2323,2.2327,8.00,1.60
2007.11.23 04:25:20.252,2.2323,2.2328,8.00,1.60
2007.11.23 04:25:21.632,2.2323,2.2328,8.00,1.60
2007.11.23 04:25:21.760,2.2323,2.2328,8.00,1.60
2007.11.23 04:25:21.890,2.2323,2.2328,8.00,1.60
2007.11.23 04:25:22.093,2.2321,2.2327,8.00,1.60
2007.11.23 04:25:22.341,2.2321,2.2328,8.00,1.60
2007.11.23 04:25:22.796,2.2321,2.2328,8.00,1.60
2007.11.23 04:25:23.882,2.2321,2.2327,8.00,1.60
2007.11.23 04:25:24.300,2.2321,2.2328,8.00,1.60
2007.11.23 04:25:24.469,2.2321,2.2327,8.00,1.60
2007.11.23 04:25:24.685,2.2321,2.2327,8.00,1.60
2007.11.23 04:25:24.854,2.2321,2.2327,10.40,1.60
2007.11.23 04:25:25.022,2.2322,2.2327,8.00,1.60
2007.11.23 04:25:25.251,2.2322,2.2328,8.00,1.60
2007.11.23 04:25:30.337,2.2322,2.2329,8.00,1.60
2007.11.23 04:25:30.509,2.2322,2.2328,8.00,1.60
2007.11.23 04:25:30.906,2.2322,2.2328,8.00,1.60
2007.11.23 04:25:31.819,2.2322,2.2328,8.00,1.60
2007.11.23 04:25:32.017,2.2322,2.2328,8.00,1.60
2007.11.23 04:25:32.231,2.2322,2.2328,8.00,1.60
2007.11.23 04:25:33.440,2.2322,2.2328,8.00,1.60
2007.11.23 04:25:37.186,2.2321,2.2328,10.40,1.60
2007.11.23 04:25:44.476,2.2321,2.2328,10.40,1.60
2007.11.23 04:25:44.675,2.2321,2.2328,10.40,1.60
2007.11.23 04:25:44.842,2.23195,2.2328,6.40,1.60
2007.11.23 04:25:45.145,2.232,2.2327,4.00,1.60
2007.11.23 04:25:45.449,2.232,2.2328,4.00,1.60
2007.11.23 04:25:46.049,2.232,2.2328,4.00,1.60
2007.11.23 04:25:46.212,2.232,2.2328,1.60,1.60
2007.11.23 04:25:46.376,2.2319,2.23265,12.00,2.40
2007.11.23 04:25:46.539,2.2319,2.23265,12.00,2.40
2007.11.23 04:25:53.637,2.2319,2.23265,12.00,2.40
2007.11.23 04:25:53.832,2.2319,2.2327,12.00,1.60
2007.11.23 04:25:54.026,2.2319,2.2327,9.60,1.60
2007.11.23 04:25:54.209,2.2319,2.2326,8.00,1.60
2007.11.23 04:25:54.397,2.2319,2.2325,8.00,1.60
2007.11.23 04:25:55.502,2.2319,2.2325,8.00,1.60
2007.11.23 04:25:55.730,2.2319,2.2325,8.00,1.60
2007.11.23 04:25:55.954,2.2317,2.2325,13.60,1.60
2007.11.23 04:25:56.177,2.23165,2.2325,12.00,1.60
2007.11.23 04:25:56.476,2.2316,2.2324,1.60,1.60
2007.11.23 04:25:56.773,2.2316,2.2324,1.60,1.60
2007.11.23 04:25:57.077,2.2317,2.2324,1.60,1.60
2007.11.23 04:25:58.638,2.2317,2.2324,1.60,1.60
2007.11.23 04:25:58.752,2.2317,2.2324,1.60,1.60
2007.11.23 04:25:58.867,2.2317,2.2324,1.60,1.60
2007.11.23 04:25:58.981,2.2317,2.2324,1.60,1.60
2007.11.23 04:25:59.095,2.2317,2.2324,1.60,1.60
2007.11.23 04:25:59.209,2.2317,2.23225,1.60,2.40
2007.11.23 04:25:59.507,2.23145,2.2322,0.80,1.60
2007.11.23 04:25:59.805,2.23145,2.2322,0.80,1.60
2007.11.23 04:26:01.561,2.23145,2.2322,0.80,1.60
2007.11.23 04:26:01.705,2.2314,2.2322,1.60,1.60
2007.11.23 04:26:01.850,2.2314,2.2321,1.60,8.00
2007.11.23 04:26:01.993,2.23135,2.2321,0.80,9.60
2007.11.23 04:26:02.136,2.23135,2.2321,0.80,9.60
2007.11.23 04:26:02.279,2.2313,2.2319,1.60,8.00
2007.11.23 04:26:02.603,2.231,2.2319,3.20,8.00
2007.11.23 04:26:02.927,2.231,2.2319,3.20,8.00
2007.11.23 04:26:03.634,2.231,2.2319,1.60,8.00
2007.11.23 04:26:03.935,2.23095,2.2319,0.80,8.00
2007.11.23 04:26:04.613,2.23125,2.2319,0.80,8.00
2007.11.23 04:26:04.757,2.23125,2.2319,0.80,8.00
2007.11.23 04:26:04.896,2.23125,2.23195,0.80,2.40
2007.11.23 04:26:05.034,2.23125,2.23195,0.80,2.40
2007.11.23 04:26:05.172,2.23115,2.23195,0.80,2.40
2007.11.23 04:26:05.311,2.23115,2.23195,0.80,2.40
2007.11.23 04:26:05.565,2.23115,2.23195,0.80,2.40
2007.11.23 04:26:06.310,2.23115,2.23195,0.80,2.40
2007.11.23 04:26:06.634,2.23115,2.23195,0.80,2.40
2007.11.23 04:26:06.813,2.23115,2.232,0.80,2.40
2007.11.23 04:26:06.992,2.23115,2.232,0.80,1.60
2007.11.23 04:26:07.170,2.23115,2.2321,0.80,9.60
2007.11.23 04:26:07.349,2.23105,2.23175,0.80,2.40
2007.11.23 04:26:07.678,2.23105,2.23175,0.80,2.40
2007.11.23 04:26:08.006,2.23105,2.23165,0.80,2.40
2007.11.23 04:26:08.624,2.23105,2.23165,0.80,2.40
2007.11.23 04:26:08.783,2.23095,2.23155,1.60,2.40
2007.11.23 04:26:08.931,2.231,2.23155,1.60,2.40
2007.11.23 04:26:09.084,2.23085,2.23155,0.80,2.40
2007.11.23 04:26:10.390,2.23085,2.2315,0.80,1.60
2007.11.23 04:26:10.693,2.2308,2.2315,1.60,1.60
2007.11.23 04:26:10.891,2.2308,2.23155,1.60,2.40
2007.11.23 04:26:11.942,2.2308,2.2315,1.60,1.60
2007.11.23 04:26:12.323,2.2308,2.23155,1.60,2.40
2007.11.23 04:26:12.967,2.2309,2.23155,1.60,2.40
2007.11.23 04:26:13.381,2.2308,2.23155,1.60,2.40
2007.11.23 04:26:14.074,2.2308,2.23155,1.60,2.40
2007.11.23 04:26:14.247,2.2308,2.23135,1.60,2.40
2007.11.23 04:26:14.421,2.2307,2.23135,1.60,2.40
2007.11.23 04:26:14.594,2.2307,2.23135,1.60,2.40
2007.11.23 04:26:14.818,2.2307,2.23135,1.60,2.40
2007.11.23 04:26:15.043,2.2305,2.2313,1.60,8.00
2007.11.23 04:26:15.273,2.2305,2.2313,1.60,8.00
2007.11.23 04:26:15.489,2.2305,2.2313,1.60,8.00
2007.11.23 04:26:15.711,2.2305,2.2313,1.60,8.00
2007.11.23 04:26:15.968,2.2304,2.2313,1.60,8.00
2007.11.23 04:26:16.606,2.2304,2.2313,1.60,8.00
2007.11.23 04:26:16.789,2.23045,2.2313,0.80,8.00
2007.11.23 04:26:16.973,2.2305,2.2313,1.60,8.00
2007.11.23 04:26:17.156,2.2305,2.2313,1.60,8.00
2007.11.23 04:26:17.340,2.2305,2.2313,1.60,10.40
2007.11.23 04:26:17.618,2.2305,2.2313,1.60,10.40
2007.11.23 04:26:17.801,2.2305,2.23115,1.60,2.40
2007.11.23 04:26:18.068,2.23045,2.23115,0.80,2.40
2007.11.23 04:26:18.337,2.23045,2.23115,0.80,2.40
2007.11.23 04:26:18.606,2.23045,2.2311,0.80,1.60
2007.11.23 04:26:18.958,2.23045,2.2311,0.80,1.60
2007.11.23 04:26:19.241,2.23045,2.2311,0.80,1.60
2007.11.23 04:26:19.526,2.2305,2.23115,8.00,2.40
2007.11.23 04:26:19.810,2.23065,2.2312,0.80,1.60
2007.11.23 04:26:19.956,2.23065,2.2312,0.80,1.60
2007.11.23 04:26:19.970,2.23065,2.23135,0.80,4.00
2007.11.23 04:26:20.094,2.23065,2.23135,0.80,4.00
2007.11.23 04:26:20.639,2.23065,2.23135,0.80,4.00
2007.11.23 04:26:20.777,2.23075,2.2312,0.80,0.60
2007.11.23 04:26:21.100,2.23075,2.23165,0.80,4.00
2007.11.23 04:26:21.430,2.2307,2.23165,8.00,4.00
2007.11.23 04:26:21.755,2.23065,2.23135,8.00,3.20
2007.11.23 04:26:22.122,2.2305,2.2313,8.00,0.90
2007.11.23 04:26:22.193,2.23045,2.23135,8.00,4.80
2007.11.23 04:26:23.741,2.2303,2.2312,9.60,0.60
2007.11.23 04:26:23.829,2.23055,2.2312,0.80,0.90
2007.11.23 04:26:24.582,2.23055,2.23135,0.80,4.00
2007.11.23 04:26:25.284,2.23055,2.23135,0.80,4.00
2007.11.23 04:26:25.617,2.23075,2.23135,0.80,4.00
2007.11.23 04:26:25.950,2.23075,2.23165,0.80,4.00
2007.11.23 04:26:27.580,2.23075,2.2314,0.80,0.90
2007.11.23 04:26:27.819,2.2309,2.2314,8.00,0.50
2007.11.23 04:26:28.057,2.2309,2.23165,8.00,4.00
2007.11.23 04:26:28.346,2.2309,2.23165,8.00,4.00
2007.11.23 04:26:29.796,2.2309,2.23165,8.00,4.00
2007.11.23 04:26:30.661,2.23095,2.2318,0.80,2.40
2007.11.23 04:26:30.930,2.23095,2.2319,0.80,9.60
2007.11.23 04:26:31.628,2.23095,2.2319,0.80,9.60
2007.11.23 04:26:31.786,2.23095,2.2319,0.80,9.60
2007.11.23 04:26:31.950,2.2311,2.2321,8.00,9.60
2007.11.23 04:26:32.443,2.23095,2.2316,0.80,0.90
2007.11.23 04:26:32.761,2.23095,2.2316,0.80,0.60
2007.11.23 04:26:33.079,2.23095,2.23185,0.80,4.00
2007.11.23 04:26:33.256,2.23095,2.2319,0.80,12.00
2007.11.23 04:26:33.435,2.2311,2.2316,8.00,0.50
2007.11.23 04:26:33.614,2.2311,2.2321,8.00,9.60
2007.11.23 04:26:33.792,2.23115,2.2316,0.80,0.70
2007.11.23 04:26:34.131,2.2311,2.2321,8.00,9.60
2007.11.23 04:26:34.395,2.2313,2.2323,8.00,9.60
2007.11.23 04:26:34.679,2.2313,2.2318,8.00,0.70
2007.11.23 04:26:35.084,2.23085,2.23155,1.60,4.00
2007.11.23 04:26:35.296,2.23085,2.23155,1.60,4.00
2007.11.23 04:26:35.509,2.23085,2.2315,1.60,0.60
2007.11.23 04:26:35.722,2.23085,2.23155,1.60,4.00
2007.11.23 04:26:35.935,2.23075,2.23155,0.80,4.00
2007.11.23 04:26:36.147,2.23075,2.2315,0.80,0.90
2007.11.23 04:26:36.729,2.23115,2.2315,0.80,0.70
2007.11.23 04:26:37.017,2.23115,2.2317,0.80,0.90
2007.11.23 04:26:37.306,2.23115,2.2319,0.80,0.50
2007.11.23 04:26:39.298,2.2311,2.23205,8.00,4.00
2007.11.23 04:26:39.595,2.2311,2.2319,8.00,0.50
2007.11.23 04:26:39.743,2.2311,2.23185,8.00,0.80
2007.11.23 04:26:39.890,2.2311,2.23185,8.00,0.50
2007.11.23 04:26:40.039,2.2311,2.2318,8.00,0.70
2007.11.23 04:26:40.194,2.2311,2.2318,8.00,0.70
2007.11.23 04:26:40.447,2.23095,2.23185,0.80,4.00
2007.11.23 04:26:40.700,2.23095,2.23185,0.80,4.00
2007.11.23 04:26:40.953,2.23095,2.2318,0.80,0.70
2007.11.23 04:26:41.339,2.2309,2.2318,9.60,0.70
2007.11.23 04:26:41.638,2.2309,2.2318,9.60,0.90
2007.11.23 04:26:41.872,2.23115,2.23185,0.80,4.00
2007.11.23 04:26:42.105,2.23115,2.23185,0.80,0.60
2007.11.23 04:26:42.803,2.2311,2.23185,8.00,0.50
2007.11.23 04:26:42.991,2.2311,2.2319,8.00,6.40
2007.11.23 04:26:43.181,2.2311,2.2319,8.00,6.40
2007.11.23 04:26:43.376,2.2308,2.2318,1.60,8.80
2007.11.23 04:26:45.846,2.2308,2.2318,4.00,8.80
2007.11.23 04:26:46.109,2.2308,2.2317,4.00,0.50
2007.11.23 04:26:46.214,2.23115,2.2318,0.80,8.80
2007.11.23 04:26:46.307,2.23115,2.2318,0.80,8.80
2007.11.23 04:26:46.405,2.23115,2.2319,0.80,12.00
2007.11.23 04:26:47.707,2.231,2.23185,1.60,0.70
2007.11.23 04:26:47.931,2.231,2.2319,1.60,12.00
2007.11.23 04:26:48.079,2.23095,2.23185,0.80,4.00
2007.11.23 04:26:50.160,2.23095,2.2318,0.80,1.60
2007.11.23 04:26:50.288,2.2309,2.23155,9.60,2.40
2007.11.23 04:26:50.417,2.2308,2.23155,1.60,2.40
2007.11.23 04:26:51.091,2.2308,2.23155,1.60,2.40
2007.11.23 04:26:51.388,2.23075,2.23155,0.80,2.40
2007.11.23 04:26:51.692,2.23075,2.23155,0.80,2.40
2007.11.23 04:26:52.132,2.23075,2.23155,0.80,2.40
2007.11.23 04:26:52.280,2.2307,2.23135,9.60,2.40
2007.11.23 04:26:52.435,2.2307,2.23135,1.60,2.40
2007.11.23 04:26:53.557,2.2307,2.23135,1.60,2.40
2007.11.23 04:26:53.874,2.2306,2.23135,1.60,2.40
2007.11.23 04:26:54.084,2.2306,2.23135,1.60,2.40
2007.11.23 04:26:54.229,2.23075,2.2314,0.80,2.40
2007.11.23 04:26:54.372,2.23075,2.2314,0.80,0.80
2007.11.23 04:26:54.510,2.23075,2.2315,0.80,1.60
2007.11.23 04:26:54.654,2.23075,2.2315,0.80,1.60
2007.11.23 04:26:54.934,2.23075,2.2315,0.80,1.60
2007.11.23 04:26:55.212,2.2308,2.23155,1.60,2.40
2007.11.23 04:26:55.488,2.2308,2.2315,1.60,1.60
2007.11.23 04:26:55.766,2.2308,2.2315,1.60,1.60
2007.11.23 04:26:55.975,2.23075,2.23155,0.80,2.40
2007.11.23 04:26:56.183,2.23075,2.23155,0.80,2.40
2007.11.23 04:26:56.393,2.2308,2.23155,1.60,2.40
2007.11.23 04:26:58.254,2.2308,2.23155,1.60,2.40
2007.11.23 04:26:58.658,2.2308,2.23155,1.60,2.40
2007.11.23 04:26:58.791,2.23095,2.23155,0.80,2.40
2007.11.23 04:26:58.999,2.23095,2.2317,0.80,4.00
2007.11.23 04:26:59.207,2.23095,2.2318,0.80,1.60
2007.11.23 04:26:59.416,2.23095,2.23185,0.80,2.40
2007.11.23 04:26:59.721,2.23095,2.23185,0.80,2.40
2007.11.23 04:26:59.988,2.231,2.2318,1.60,1.60
2007.11.23 04:27:00.227,2.2309,2.23165,9.60,0.80
2007.11.23 04:27:00.476,2.2309,2.2316,9.60,2.40
2007.11.23 04:27:00.726,2.23085,2.23135,9.60,2.40
2007.11.23 04:27:01.014,2.2309,2.23135,8.00,2.40
2007.11.23 04:27:01.308,2.23095,2.2314,0.80,2.40
2007.11.23 04:27:01.597,2.23095,2.2316,0.80,1.60
2007.11.23 04:27:01.887,2.23095,2.2316,0.80,1.60
2007.11.23 04:27:02.090,2.23095,2.2318,0.80,1.00
2007.11.23 04:27:02.295,2.2309,2.23135,9.60,2.40
2007.11.23 04:27:02.504,2.2307,2.23135,1.60,2.40
2007.11.23 04:27:02.851,2.2307,2.23135,1.60,2.40
2007.11.23 04:27:03.118,2.2308,2.23135,1.60,2.40
2007.11.23 04:27:03.386,2.2309,2.23135,1.60,2.40
2007.11.23 04:27:03.682,2.2309,2.23135,1.60,2.40
2007.11.23 04:27:04.142,2.2309,2.23135,1.60,2.40
2007.11.23 04:27:04.401,2.2312,2.23165,1.60,0.80
2007.11.23 04:27:04.653,2.2312,2.23185,1.60,3.20
2007.11.23 04:27:04.906,2.2312,2.23185,1.60,2.40
2007.11.23 04:27:05.125,2.2311,2.23185,9.60,2.40
2007.11.23 04:27:05.349,2.2311,2.2313,9.60,2.40
2007.11.23 04:27:05.560,2.231,2.2311,1.60,2.40
2007.11.23 04:27:05.877,2.231,2.2311,1.60,2.40
2007.11.23 04:27:06.138,2.231,2.2311,1.60,2.40
2007.11.23 04:27:06.311,2.231,2.2318,1.60,1.60
2007.11.23 04:27:06.484,2.2311,2.23185,1.60,0.80
2007.11.23 04:27:06.658,2.2311,2.2318,1.60,1.00
2007.11.23 04:27:06.830,2.2311,2.2315,1.60,4.00
2007.11.23 04:27:07.003,2.2309,2.23135,1.60,2.40
2007.11.23 04:27:07.212,2.2309,2.2314,1.60,0.80
2007.11.23 04:27:07.420,2.2309,2.2314,1.60,0.80
2007.11.23 04:27:07.629,2.2309,2.2315,1.60,8.00
2007.11.23 04:27:07.836,2.2309,2.23155,1.60,2.40
2007.11.23 04:27:08.044,2.2308,2.23155,1.60,2.40
2007.11.23 04:27:08.347,2.2309,2.23155,1.60,2.40
2007.11.23 04:27:08.593,2.2309,2.23155,1.60,2.40
2007.11.23 04:27:08.796,2.2309,2.23155,1.60,2.40
2007.11.23 04:27:09.002,2.231,2.23155,1.60,2.40
2007.11.23 04:27:09.236,2.231,2.23155,1.60,2.40
2007.11.23 04:27:09.470,2.2309,2.23155,1.60,2.40
2007.11.23 04:27:09.702,2.2309,2.23155,1.60,2.40
2007.11.23 04:27:10.670,2.2309,2.23155,1.60,2.40
2007.11.23 04:27:10.938,2.2309,2.23155,1.60,2.40
2007.11.23 04:27:11.207,2.231,2.23155,1.60,2.40
2007.11.23 04:27:12.110,2.231,2.23155,1.60,2.40
2007.11.23 04:27:12.275,2.231,2.2317,1.60,12.00
2007.11.23 04:27:12.438,2.231,2.23185,1.60,2.40
2007.11.23 04:27:12.600,2.231,2.23185,1.60,2.40
2007.11.23 04:27:12.764,2.231,2.23155,1.60,2.40
2007.11.23 04:27:12.928,2.231,2.23155,1.60,2.40
2007.11.23 04:27:13.091,2.231,2.23155,1.60,2.40
2007.11.23 04:27:13.359,2.231,2.23155,1.60,2.40
2007.11.23 04:27:13.659,2.231,2.2316,1.60,0.80
2007.11.23 04:27:13.928,2.23095,2.2316,2.40,0.80
2007.11.23 04:27:14.196,2.23095,2.23185,2.40,2.40
2007.11.23 04:27:14.459,2.2311,2.23185,1.60,2.40
2007.11.23 04:27:14.723,2.23105,2.2318,1.60,8.00
2007.11.23 04:27:14.986,2.2311,2.23145,1.60,2.40
2007.11.23 04:27:15.045,2.2311,2.2316,1.60,15.20
2007.11.23 04:27:15.250,2.2309,2.2316,1.60,15.20
2007.11.23 04:27:15.464,2.231,2.2316,1.60,15.20
2007.11.23 04:27:16.126,2.231,2.23145,1.60,0.80
2007.11.23 04:27:16.695,2.231,2.23145,1.60,0.80
2007.11.23 04:27:16.857,2.231,2.2316,1.60,16.00
2007.11.23 04:27:17.027,2.2309,2.2315,1.60,6.40
2007.11.23 04:27:17.194,2.2309,2.23145,1.60,0.50
2007.11.23 04:27:17.652,2.2309,2.2315,1.60,6.40
2007.11.23 04:27:17.849,2.23085,2.2314,1.60,6.40
2007.11.23 04:27:18.047,2.2308,2.2314,1.60,15.20
2007.11.23 04:27:20.093,2.2308,2.2314,1.60,15.20
2007.11.23 04:27:20.216,2.2308,2.2314,1.60,15.20
2007.11.23 04:27:20.345,2.2308,2.2312,1.60,0.80
2007.11.23 04:27:20.568,2.2307,2.23125,1.60,10.40
2007.11.23 04:27:22.063,2.2307,2.2312,1.60,0.70
2007.11.23 04:27:22.272,2.2307,2.23125,1.60,10.40
2007.11.23 04:27:22.481,2.2305,2.2312,1.60,15.20
2007.11.23 04:27:22.654,2.2305,2.23105,1.60,0.90
2007.11.23 04:27:22.827,2.2305,2.2312,1.60,15.20
2007.11.23 04:27:23.100,2.2305,2.2312,1.60,15.20
2007.11.23 04:27:23.273,2.2305,2.23075,1.60,0.60
2007.11.23 04:27:23.449,2.2303,2.23075,1.60,0.80
2007.11.23 04:27:23.738,2.23025,2.23075,1.60,0.80
2007.11.23 04:27:24.027,2.2303,2.2308,1.60,10.40
2007.11.23 04:27:24.363,2.2303,2.23075,1.60,0.90
2007.11.23 04:27:24.905,2.2303,2.2308,1.60,10.40
2007.11.23 04:27:25.093,2.2303,2.2308,1.60,10.40
2007.11.23 04:27:25.286,2.2303,2.2308,1.60,10.40
2007.11.23 04:27:25.480,2.2301,2.23055,1.60,0.50
2007.11.23 04:27:25.764,2.2301,2.2307,1.60,0.80
2007.11.23 04:27:26.048,2.2302,2.23075,1.60,0.50
2007.11.23 04:27:26.621,2.2302,2.2308,1.60,10.40
2007.11.23 04:27:26.772,2.2302,2.2308,1.60,0.90
2007.11.23 04:27:26.934,2.2302,2.2308,1.60,0.60
2007.11.23 04:27:27.451,2.2302,2.2313,1.60,0.60
2007.11.23 04:27:27.629,2.2302,2.2313,1.60,2.40
2007.11.23 04:27:27.853,2.2302,2.23075,1.60,0.90
2007.11.23 04:27:28.082,2.2302,2.2308,1.60,10.40
2007.11.23 04:27:29.059,2.2302,2.23075,1.60,0.70
2007.11.23 04:27:29.284,2.2302,2.2308,1.60,10.40
2007.11.23 04:27:29.499,2.2303,2.2308,1.60,10.40
2007.11.23 04:27:29.712,2.2303,2.23075,1.60,3.20
2007.11.23 04:27:29.871,2.2303,2.2307,1.60,3.20
2007.11.23 04:27:30.029,2.2301,2.2307,1.60,3.20
2007.11.23 04:27:30.187,2.2301,2.2307,1.60,3.20
2007.11.23 04:27:30.347,2.2303,2.23055,1.60,0.80
2007.11.23 04:27:33.181,2.2303,2.2307,1.60,3.20
2007.11.23 04:27:33.350,2.2301,2.2307,1.60,3.20
2007.11.23 04:27:33.518,2.2301,2.2307,2.40,3.20
2007.11.23 04:27:33.686,2.2302,2.2307,1.60,3.20
2007.11.23 04:27:33.896,2.2302,2.2308,1.60,0.90
2007.11.23 04:27:34.105,2.2302,2.23085,1.60,13.50
2007.11.23 04:27:34.313,2.2302,2.2305,1.60,7.20
2007.11.23 04:27:34.521,2.2299,2.2305,1.60,8.00
2007.11.23 04:27:35.030,2.2299,2.2305,1.60,8.00
2007.11.23 04:27:35.299,2.2298,2.23035,1.60,0.90
2007.11.23 04:27:35.566,2.2298,2.2304,1.60,7.20
2007.11.23 04:27:35.937,2.2298,2.2304,1.60,7.20
2007.11.23 04:27:36.150,2.2298,2.23035,1.60,0.80
2007.11.23 04:27:36.333,2.22975,2.2304,1.60,15.20
2007.11.23 04:27:36.512,2.2296,2.2302,1.60,3.20
2007.11.23 04:27:36.696,2.2296,2.2303,1.60,5.60
2007.11.23 04:27:37.023,2.2297,2.23035,1.60,0.60
2007.11.23 04:27:37.336,2.2297,2.2304,1.60,15.20
2007.11.23 04:27:37.928,2.2297,2.23035,1.60,0.60
2007.11.23 04:27:38.527,2.2297,2.23035,1.60,6.90
2007.11.23 04:27:38.725,2.2297,2.2299,1.60,3.20
2007.11.23 04:27:38.924,2.2292,2.2299,1.60,3.20
2007.11.23 04:27:39.067,2.2292,2.22985,1.60,0.90
2007.11.23 04:27:39.210,2.2292,2.2299,1.60,3.20
2007.11.23 04:27:39.354,2.2293,2.2299,1.60,3.20
2007.11.23 04:27:39.497,2.2293,2.22985,1.60,0.90
2007.11.23 04:27:39.668,2.2293,2.23,1.60,7.20
2007.11.23 04:27:39.810,2.2293,2.2299,1.60,0.80
2007.11.23 04:27:40.145,2.2292,2.23015,1.60,3.20
2007.11.23 04:27:40.479,2.229,2.2298,1.60,0.90
2007.11.23 04:27:40.813,2.229,2.23,1.60,7.20
2007.11.23 04:27:41.023,2.2292,2.2301,1.60,4.00
2007.11.23 04:27:41.232,2.2292,2.23,1.60,0.80
2007.11.23 04:27:41.439,2.2292,2.23,1.60,0.50
2007.11.23 04:27:41.648,2.2292,2.23015,1.60,4.80
2007.11.23 04:27:41.856,2.2292,2.23015,1.60,3.20
2007.11.23 04:27:42.140,2.2292,2.2301,1.60,0.60
2007.11.23 04:27:42.412,2.2294,2.2301,1.60,0.90
2007.11.23 04:27:42.691,2.2294,2.2301,1.60,4.80
2007.11.23 04:27:42.970,2.2296,2.23005,1.60,0.80
2007.11.23 04:27:43.191,2.2296,2.2301,1.60,3.20
2007.11.23 04:27:43.404,2.2293,2.23005,1.60,2.40
2007.11.23 04:27:43.754,2.2293,2.2299,1.60,3.70
2007.11.23 04:27:43.974,2.2293,2.22965,1.60,2.40
2007.11.23 04:27:44.237,2.2291,2.22965,1.60,2.40
2007.11.23 04:27:44.502,2.2292,2.22965,1.60,2.40
2007.11.23 04:27:44.984,2.2292,2.22965,1.60,2.40
2007.11.23 04:27:45.202,2.2292,2.22965,1.60,2.40
2007.11.23 04:27:45.423,2.229,2.22965,1.60,2.40
2007.11.23 04:27:45.640,2.229,2.22965,1.60,2.40
2007.11.23 04:27:45.897,2.2289,2.22965,1.60,2.40
2007.11.23 04:27:46.122,2.2289,2.22965,1.60,2.40
2007.11.23 04:27:46.349,2.2289,2.2295,1.60,0.80
2007.11.23 04:27:46.586,2.2289,2.22945,1.60,2.40
2007.11.23 04:27:46.819,2.22895,2.2295,2.40,0.80
2007.11.23 04:27:47.053,2.229,2.22965,1.60,2.40
2007.11.23 04:27:47.376,2.2291,2.22965,1.60,2.40
2007.11.23 04:27:47.852,2.2291,2.22965,1.60,2.40
2007.11.23 04:27:48.312,2.2291,2.22965,1.60,2.40
2007.11.23 04:27:48.684,2.2291,2.22965,1.60,2.40
2007.11.23 04:27:48.811,2.2291,2.22945,1.60,2.40
2007.11.23 04:27:49.013,2.229,2.22945,1.60,2.40
2007.11.23 04:27:49.357,2.229,2.22945,1.60,2.40
2007.11.23 04:27:51.529,2.229,2.22945,1.60,2.40
2007.11.23 04:27:52.217,2.2291,2.22945,1.60,2.40
2007.11.23 04:27:53.574,2.229,2.22945,1.60,2.40
2007.11.23 04:27:54.691,2.229,2.22945,1.60,2.40
2007.11.23 04:27:54.855,2.229,2.22955,1.60,2.40
2007.11.23 04:27:55.166,2.2292,2.22955,1.60,2.40
2007.11.23 04:27:55.345,2.2291,2.22955,1.60,2.40
2007.11.23 04:27:56.382,2.2291,2.22955,1.60,2.40
2007.11.23 04:27:56.699,2.2291,2.22955,1.60,2.40
2007.11.23 04:27:56.890,2.229,2.22955,1.60,2.40
2007.11.23 04:27:57.058,2.229,2.22955,1.60,2.40
2007.11.23 04:27:57.227,2.229,2.2296,1.60,0.80
2007.11.23 04:27:57.423,2.2291,2.2296,1.60,0.80
2007.11.23 04:27:57.631,2.2291,2.22965,1.60,2.40
2007.11.23 04:27:57.984,2.2291,2.22965,1.60,2.40
2007.11.23 04:27:58.355,2.2292,2.22965,1.60,2.40
2007.11.23 04:27:59.286,2.2289,2.22965,4.00,2.40
2007.11.23 04:27:59.569,2.2291,2.22965,0.80,2.40
2007.11.23 04:27:59.783,2.2289,2.22965,4.00,2.40
2007.11.23 04:28:00.165,2.2291,2.22965,1.10,2.40
2007.11.23 04:28:00.379,2.2288,2.22965,4.90,2.40
2007.11.23 04:28:00.615,2.2288,2.22965,4.90,2.40
2007.11.23 04:28:00.814,2.2292,2.22955,1.10,2.40
2007.11.23 04:28:01.013,2.2292,2.22955,1.10,2.40
2007.11.23 04:28:01.333,2.2288,2.22955,4.80,2.40
2007.11.23 04:28:01.531,2.229,2.22955,1.10,2.40
2007.11.23 04:28:01.750,2.22885,2.2296,6.40,0.80
2007.11.23 04:28:01.976,2.2289,2.22985,4.10,3.20
2007.11.23 04:28:02.194,2.22895,2.22985,3.20,2.40
2007.11.23 04:28:02.412,2.22915,2.23,2.40,1.60
2007.11.23 04:28:02.629,2.22915,2.23,2.40,1.60
2007.11.23 04:28:02.923,2.2292,2.23,0.90,1.60
2007.11.23 04:28:03.217,2.22955,2.23,0.80,1.60
2007.11.23 04:28:03.512,2.2295,2.23015,2.40,2.40
2007.11.23 04:28:04.129,2.22955,2.23015,0.80,2.40
2007.11.23 04:28:04.367,2.2295,2.23015,0.90,2.40
2007.11.23 04:28:04.605,2.2292,2.2301,1.00,1.60
2007.11.23 04:28:05.172,2.22915,2.2301,2.40,1.60
2007.11.23 04:28:05.369,2.22915,2.22985,2.40,2.40
2007.11.23 04:28:06.103,2.22915,2.22985,2.40,2.40
2007.11.23 04:28:06.320,2.2292,2.22985,0.50,2.40
2007.11.23 04:28:09.013,2.22915,2.22985,2.40,2.40
2007.11.23 04:28:09.147,2.22915,2.22985,2.40,2.40
2007.11.23 04:28:09.281,2.2292,2.23,1.10,2.40
2007.11.23 04:28:09.421,2.22915,2.23015,2.40,2.40
2007.11.23 04:28:09.860,2.2293,2.2301,1.00,1.60
2007.11.23 04:28:10.194,2.2293,2.2301,1.10,1.60
2007.11.23 04:28:11.702,2.22915,2.22985,2.40,2.40
2007.11.23 04:28:11.833,2.2293,2.22985,0.80,2.40
2007.11.23 04:28:11.972,2.22915,2.22985,2.40,2.40
2007.11.23 04:28:12.359,2.2293,2.22985,0.90,2.40
2007.11.23 04:28:14.346,2.22915,2.22985,2.40,2.40
2007.11.23 04:28:14.678,2.22915,2.22985,2.40,2.40
2007.11.23 04:28:14.822,2.22925,2.22965,1.20,2.40
2007.11.23 04:28:14.965,2.2292,2.22965,0.90,2.40
2007.11.23 04:28:15.244,2.2292,2.22965,1.10,2.40
2007.11.23 04:28:17.127,2.22905,2.22965,2.40,2.40
2007.11.23 04:28:17.345,2.22905,2.22955,2.40,1.60
2007.11.23 04:28:18.652,2.2292,2.22955,0.80,1.60
2007.11.23 04:28:18.785,2.22915,2.22975,2.40,1.60
2007.11.23 04:28:18.923,2.22915,2.22975,2.40,1.60
2007.11.23 04:28:19.063,2.22915,2.22975,2.40,1.60
2007.11.23 04:28:19.307,2.22915,2.22975,2.40,1.60
2007.11.23 04:28:19.550,2.22915,2.22975,2.40,1.60
2007.11.23 04:28:20.024,2.22915,2.22975,2.40,1.60
2007.11.23 04:28:21.107,2.22915,2.22975,2.40,1.60
2007.11.23 04:28:21.241,2.2293,2.2299,1.00,0.80
2007.11.23 04:28:21.374,2.22915,2.2301,2.40,0.80
2007.11.23 04:28:21.904,2.2293,2.2301,0.60,0.80
2007.11.23 04:28:22.320,2.22915,2.2301,2.40,0.80
2007.11.23 04:28:23.214,2.2293,2.22995,1.10,1.60
2007.11.23 04:28:23.388,2.2292,2.22995,1.00,1.60
2007.11.23 04:28:23.723,2.2292,2.22995,2.40,1.60
2007.11.23 04:28:23.897,2.2294,2.22995,1.00,1.60
2007.11.23 04:28:26.922,2.22935,2.22995,2.40,1.60
2007.11.23 04:28:28.673,2.2294,2.22995,1.60,1.60
2007.11.23 04:28:28.902,2.22945,2.23005,0.80,1.60
2007.11.23 04:28:29.130,2.22945,2.23005,0.80,1.60
2007.11.23 04:28:29.373,2.2295,2.23005,1.60,1.60
2007.11.23 04:28:31.053,2.2295,2.23005,1.60,1.60
2007.11.23 04:28:31.184,2.2295,2.22995,1.60,1.60
2007.11.23 04:28:31.317,2.2295,2.22995,1.60,1.60
2007.11.23 04:28:31.639,2.2295,2.22995,1.60,1.60
2007.11.23 04:28:31.929,2.22935,2.22985,1.60,1.60
2007.11.23 04:28:32.217,2.22935,2.22985,1.60,1.60
2007.11.23 04:28:32.606,2.22935,2.22985,1.60,1.60
2007.11.23 04:28:32.779,2.22935,2.22995,2.40,1.60
2007.11.23 04:28:32.986,2.2294,2.22995,1.60,1.60
2007.11.23 04:28:33.159,2.2294,2.22995,1.60,1.60
2007.11.23 04:28:33.400,2.2295,2.22995,1.60,1.60
2007.11.23 04:28:33.572,2.2295,2.22995,1.60,1.60
2007.11.23 04:28:34.069,2.2295,2.22995,1.60,1.60
2007.11.23 04:28:34.324,2.22955,2.23015,0.80,1.60
2007.11.23 04:28:34.577,2.22955,2.23015,0.80,1.60
2007.11.23 04:28:34.750,2.22955,2.23015,0.80,1.60
2007.11.23 04:28:34.930,2.22955,2.23015,0.80,1.60
2007.11.23 04:28:35.102,2.2296,2.23015,1.60,1.60
2007.11.23 04:28:35.283,2.2296,2.23015,1.60,1.60
2007.11.23 04:28:35.612,2.2296,2.23015,1.60,1.60
2007.11.23 04:28:35.846,2.2295,2.22985,1.60,1.60
2007.11.23 04:28:36.079,2.2294,2.22985,1.60,1.60
2007.11.23 04:28:36.312,2.22935,2.2299,1.60,0.80
2007.11.23 04:28:36.545,2.2293,2.2299,1.60,0.80
2007.11.23 04:28:36.785,2.2293,2.2299,1.60,0.80
2007.11.23 04:28:36.994,2.2292,2.2299,1.60,0.80
2007.11.23 04:28:37.203,2.2292,2.2299,1.60,0.80
2007.11.23 04:28:37.412,2.2293,2.2299,1.60,0.80
2007.11.23 04:28:37.621,2.22935,2.2301,0.80,0.80
2007.11.23 04:28:37.830,2.2295,2.2301,2.40,0.80
2007.11.23 04:28:38.073,2.2296,2.23025,2.40,1.60
2007.11.23 04:28:38.317,2.22975,2.2304,8.80,0.80
2007.11.23 04:28:38.560,2.2298,2.2308,9.60,10.40
2007.11.23 04:28:38.805,2.2298,2.2308,9.60,10.40
2007.11.23 04:28:39.039,2.2296,2.2306,12.00,8.00
2007.11.23 04:28:39.273,2.22955,2.23045,9.60,0.80
2007.11.23 04:28:39.506,2.2297,2.23025,1.60,1.60
2007.11.23 04:28:39.740,2.22965,2.23025,1.60,2.40
2007.11.23 04:28:40.014,2.2296,2.23025,1.60,2.40
2007.11.23 04:28:40.288,2.22945,2.23005,1.60,2.40
2007.11.23 04:28:40.562,2.2294,2.23065,1.60,3.90
2007.11.23 04:28:40.835,2.2294,2.2307,1.60,5.60
2007.11.23 04:28:41.048,2.2293,2.2306,1.60,3.70
2007.11.23 04:28:41.268,2.2293,2.2306,1.60,3.70
2007.11.23 04:28:41.476,2.2293,2.2306,1.60,3.70
2007.11.23 04:28:41.721,2.2293,2.2302,1.60,3.70
2007.11.23 04:28:41.935,2.2293,2.2302,1.60,3.70
2007.11.23 04:28:42.203,2.2293,2.2301,1.60,0.80
2007.11.23 04:28:42.472,2.2293,2.2301,1.60,0.80
2007.11.23 04:28:43.177,2.2293,2.2301,1.60,0.80
2007.11.23 04:28:43.456,2.2295,2.23015,1.60,2.40
2007.11.23 04:28:43.892,2.2295,2.23015,1.60,2.40
2007.11.23 04:28:45.975,2.2296,2.23015,1.60,2.40
2007.11.23 04:28:46.387,2.2293,2.2301,13.60,1.60
2007.11.23 04:28:47.213,2.2293,2.2301,13.60,1.60
2007.11.23 04:28:48.189,2.22945,2.2301,2.40,1.60
2007.11.23 04:28:48.332,2.22945,2.2301,2.40,1.60
2007.11.23 04:28:48.476,2.2295,2.2301,8.00,1.60
2007.11.23 04:28:49.393,2.2295,2.2302,8.00,1.60
2007.11.23 04:28:49.702,2.2295,2.2302,8.00,1.60
2007.11.23 04:28:49.948,2.22935,2.22985,4.00,2.40
2007.11.23 04:28:50.186,2.22915,2.22975,0.80,2.40
2007.11.23 04:28:50.414,2.22905,2.22985,0.80,2.40
2007.11.23 04:28:50.643,2.22905,2.2298,0.80,1.60
2007.11.23 04:28:50.872,2.2291,2.22985,8.00,2.40
2007.11.23 04:28:51.100,2.2291,2.22985,8.00,2.40
2007.11.23 04:28:51.329,2.2291,2.22975,8.00,2.40
2007.11.23 04:28:51.599,2.2289,2.22975,8.00,2.40
2007.11.23 04:28:52.350,2.2289,2.22975,8.00,2.40
2007.11.23 04:28:52.533,2.2289,2.22975,9.60,2.40
2007.11.23 04:28:52.728,2.2289,2.22975,9.60,2.40
2007.11.23 04:28:52.911,2.2289,2.22975,8.00,2.40
2007.11.23 04:28:53.098,2.2289,2.22975,8.00,2.40
2007.11.23 04:28:53.310,2.2289,2.22975,9.60,2.40
2007.11.23 04:28:53.636,2.2289,2.22975,9.60,2.40
2007.11.23 04:28:53.931,2.22895,2.22975,14.40,2.40
2007.11.23 04:28:54.227,2.22895,2.22975,18.40,2.40
2007.11.23 04:28:54.521,2.229,2.22975,1.60,2.40
2007.11.23 04:28:54.704,2.229,2.22975,1.60,2.40
2007.11.23 04:28:54.889,2.2289,2.22975,1.60,2.40
2007.11.23 04:28:55.105,2.2289,2.22975,1.60,2.40
2007.11.23 04:28:55.621,2.2289,2.22975,1.60,2.40
2007.11.23 04:28:55.916,2.229,2.22975,14.40,2.40
2007.11.23 04:28:56.210,2.2291,2.22975,1.60,2.40
2007.11.23 04:28:56.503,2.2291,2.22975,1.60,2.40
2007.11.23 04:28:56.764,2.2291,2.22975,1.60,2.40
2007.11.23 04:28:57.881,2.22905,2.22975,0.80,2.40
2007.11.23 04:28:58.410,2.2291,2.22975,1.60,2.40
2007.11.23 04:28:59.135,2.2291,2.22975,1.60,2.40
2007.11.23 04:28:59.308,2.2291,2.22975,1.60,2.40
2007.11.23 04:28:59.481,2.22895,2.22975,0.80,2.40
2007.11.23 04:28:59.755,2.22895,2.22975,0.80,2.40
2007.11.23 04:28:59.969,2.229,2.22975,1.60,2.40
2007.11.23 04:29:01.634,2.229,2.22975,1.60,2.40
2007.11.23 04:29:01.759,2.229,2.22975,1.60,2.40
2007.11.23 04:29:01.939,2.2288,2.2297,12.00,1.60
2007.11.23 04:29:02.062,2.2288,2.2297,12.00,1.60
2007.11.23 04:29:02.174,2.2288,2.2297,12.00,1.60
2007.11.23 04:29:02.293,2.2288,2.2297,1.60,13.30
2007.11.23 04:29:02.417,2.2287,2.2297,9.60,13.30
2007.11.23 04:29:02.535,2.2287,2.2297,9.60,13.30
2007.11.23 04:29:02.672,2.22875,2.2297,1.60,13.30
2007.11.23 04:29:02.962,2.2289,2.2297,8.00,1.60
2007.11.23 04:29:03.695,2.2289,2.22955,8.00,2.40
2007.11.23 04:29:03.983,2.2288,2.22955,1.60,2.40
2007.11.23 04:29:04.140,2.2288,2.22955,1.60,2.40
2007.11.23 04:29:04.298,2.22895,2.2296,0.80,2.40
2007.11.23 04:29:04.445,2.22895,2.2296,0.80,0.80
2007.11.23 04:29:04.599,2.22895,2.22975,0.80,2.40
2007.11.23 04:29:05.029,2.22895,2.22975,0.80,2.40
2007.11.23 04:29:05.197,2.2289,2.22975,10.40,2.40
2007.11.23 04:29:05.972,2.2289,2.22975,10.40,1.60
2007.11.23 04:29:06.176,2.2288,2.22975,13.60,1.60
2007.11.23 04:29:06.295,2.2288,2.22975,13.60,1.60
2007.11.23 04:29:06.413,2.2289,2.2297,3.10,1.60
2007.11.23 04:29:06.531,2.2288,2.2297,9.60,1.60
2007.11.23 04:29:06.650,2.2288,2.2297,9.60,1.60
2007.11.23 04:29:06.768,2.2289,2.2297,8.80,1.60
2007.11.23 04:29:06.918,2.2289,2.2297,10.40,1.60
2007.11.23 04:29:07.226,2.22895,2.2297,0.80,1.60
2007.11.23 04:29:07.534,2.2289,2.22975,10.40,1.60
2007.11.23 04:29:07.842,2.2289,2.22975,10.40,1.60
2007.11.23 04:29:07.995,2.22895,2.22975,2.40,1.60
2007.11.23 04:29:10.112,2.22895,2.22975,2.40,1.60
2007.11.23 04:29:10.256,2.22895,2.22975,2.40,1.60
2007.11.23 04:29:10.400,2.22905,2.22985,0.80,1.60
2007.11.23 04:29:10.544,2.2291,2.22985,5.20,1.60
2007.11.23 04:29:10.686,2.22905,2.22985,10.40,1.60
2007.11.23 04:29:10.944,2.22905,2.22985,10.40,1.60
2007.11.23 04:29:11.253,2.229,2.22985,13.60,1.60
2007.11.23 04:29:11.561,2.22895,2.22985,2.40,1.60
2007.11.23 04:29:12.079,2.22895,2.22985,2.70,1.60
2007.11.23 04:29:12.258,2.229,2.2299,3.30,8.80
2007.11.23 04:29:12.436,2.2292,2.22995,13.60,1.60
2007.11.23 04:29:12.944,2.2292,2.22995,13.60,1.60
2007.11.23 04:29:13.668,2.2293,2.22995,2.70,1.60
2007.11.23 04:29:13.845,2.2293,2.23005,1.50,1.60
2007.11.23 04:29:14.026,2.2293,2.23005,4.70,1.60
2007.11.23 04:29:14.204,2.2293,2.23005,3.10,2.40
2007.11.23 04:29:14.384,2.22915,2.22985,2.00,0.80
2007.11.23 04:29:14.557,2.2291,2.22985,0.50,0.80
2007.11.23 04:29:14.730,2.22945,2.2299,0.80,8.80
2007.11.23 04:29:14.904,2.22945,2.2304,8.80,1.60
2007.11.23 04:29:15.078,2.22945,2.2304,8.80,1.60
2007.11.23 04:29:15.254,2.22945,2.2304,8.80,1.60
2007.11.23 04:29:15.508,2.22945,2.2305,8.80,3.20
2007.11.23 04:29:15.751,2.22945,2.2305,8.80,3.20
2007.11.23 04:29:16.005,2.22945,2.2305,8.80,1.60
2007.11.23 04:29:17.497,2.22945,2.2304,8.80,0.80
2007.11.23 04:29:17.615,2.22935,2.2304,8.80,0.80
2007.11.23 04:29:17.734,2.22935,2.23025,9.60,0.80
2007.11.23 04:29:17.847,2.22935,2.23025,4.00,0.80
2007.11.23 04:29:17.960,2.22935,2.23025,5.60,0.80
2007.11.23 04:29:18.072,2.22935,2.23025,9.60,0.80
2007.11.23 04:29:18.432,2.2294,2.23025,1.60,0.80
2007.11.23 04:29:20.676,2.2294,2.23025,3.90,0.80
2007.11.23 04:29:20.961,2.2296,2.2303,3.70,3.20
2007.11.23 04:29:21.244,2.22955,2.2303,8.80,0.80
2007.11.23 04:29:22.649,2.2296,2.2303,1.50,0.80
2007.11.23 04:29:22.772,2.2296,2.2303,2.00,0.80
2007.11.23 04:29:22.896,2.2293,2.2303,9.60,8.80
2007.11.23 04:29:23.022,2.2292,2.2303,9.60,8.80
2007.11.23 04:29:23.144,2.2293,2.2303,2.30,8.80
2007.11.23 04:29:23.268,2.2292,2.23015,9.60,0.80
2007.11.23 04:29:23.391,2.22885,2.2301,12.00,8.00
2007.11.23 04:29:23.514,2.229,2.2301,11.20,8.00
2007.11.23 04:29:23.644,2.2291,2.2298,4.40,0.80
2007.11.23 04:29:23.815,2.229,2.2298,9.60,0.80
2007.11.23 04:29:25.294,2.2291,2.2298,3.40,0.80
2007.11.23 04:29:25.804,2.229,2.2298,9.60,0.80
2007.11.23 04:29:26.308,2.229,2.2298,9.60,0.80
2007.11.23 04:29:26.697,2.229,2.2298,9.60,0.80
2007.11.23 04:29:26.925,2.229,2.2298,9.60,0.80
2007.11.23 04:29:27.183,2.229,2.2298,9.60,0.80
2007.11.23 04:29:27.664,2.229,2.2298,9.60,0.80
2007.11.23 04:29:27.922,2.2289,2.2298,9.60,0.80
2007.11.23 04:29:28.390,2.2289,2.2297,9.60,0.80
2007.11.23 04:29:29.134,2.2289,2.22965,9.60,0.80
2007.11.23 04:29:29.323,2.2289,2.22955,9.60,0.80
2007.11.23 04:29:29.518,2.22875,2.22955,2.40,0.80
2007.11.23 04:29:29.700,2.2288,2.22955,2.40,0.80
2007.11.23 04:29:29.889,2.22885,2.2297,8.80,2.40
2007.11.23 04:29:30.093,2.229,2.2297,0.50,0.80
2007.11.23 04:29:30.296,2.229,2.2297,1.20,0.80
2007.11.23 04:29:30.499,2.2289,2.2297,9.60,0.80
2007.11.23 04:29:30.702,2.2289,2.2297,9.60,0.80
2007.11.23 04:29:31.088,2.2289,2.2298,9.60,0.80
2007.11.23 04:29:32.090,2.2291,2.2298,0.90,0.80
2007.11.23 04:29:32.212,2.22905,2.2298,2.40,0.80
2007.11.23 04:29:32.342,2.2292,2.2297,0.60,0.80
2007.11.23 04:29:32.534,2.2291,2.2297,9.60,0.80
2007.11.23 04:29:33.731,2.2292,2.2297,1.60,0.80
2007.11.23 04:29:33.981,2.2292,2.2295,1.60,0.80
2007.11.23 04:29:34.175,2.2292,2.2295,1.60,0.80
2007.11.23 04:29:34.298,2.2292,2.2295,1.60,0.80
2007.11.23 04:29:34.421,2.2291,2.2295,1.60,0.80
2007.11.23 04:29:34.544,2.2291,2.2295,1.60,0.80
2007.11.23 04:29:34.668,2.2291,2.2295,1.60,0.80
2007.11.23 04:29:34.886,2.2291,2.2295,1.60,0.80
2007.11.23 04:29:35.009,2.229,2.2295,1.60,0.80
2007.11.23 04:29:36.118,2.229,2.2295,1.60,0.80
2007.11.23 04:29:36.227,2.22905,2.2295,0.80,0.80
2007.11.23 04:29:36.335,2.22905,2.2295,0.80,0.80
2007.11.23 04:29:36.443,2.2292,2.2295,1.60,0.80
2007.11.23 04:29:36.551,2.2292,2.2295,1.60,0.80
2007.11.23 04:29:36.678,2.2292,2.2295,1.60,0.80
2007.11.23 04:29:36.826,2.2292,2.2295,1.60,0.80
2007.11.23 04:29:37.033,2.2292,2.2295,1.60,0.80
2007.11.23 04:29:37.333,2.2292,2.2295,1.60,0.80
2007.11.23 04:29:37.621,2.22915,2.2295,0.80,0.80
2007.11.23 04:29:37.910,2.22915,2.2295,8.00,0.80
2007.11.23 04:29:38.198,2.22915,2.2295,8.00,0.80
2007.11.23 04:29:38.462,2.2288,2.2295,8.80,0.80
2007.11.23 04:29:38.722,2.22875,2.2295,8.00,0.80
2007.11.23 04:29:38.981,2.2286,2.2295,12.80,0.80
2007.11.23 04:29:39.239,2.2286,2.22915,8.00,0.80
2007.11.23 04:29:39.463,2.22845,2.22915,3.20,0.80
2007.11.23 04:29:39.692,2.2285,2.2292,1.60,0.80
2007.11.23 04:29:39.915,2.2285,2.2292,1.60,0.80
2007.11.23 04:29:40.199,2.2285,2.2292,1.60,0.80
2007.11.23 04:29:40.617,2.2285,2.2292,1.60,0.80
2007.11.23 04:29:40.795,2.2285,2.2292,1.60,0.80
2007.11.23 04:29:41.108,2.2285,2.2292,1.60,0.80
2007.11.23 04:29:41.286,2.22845,2.2292,2.40,0.80
2007.11.23 04:29:41.510,2.2285,2.2294,3.20,0.80
2007.11.23 04:29:42.697,2.2285,2.2294,3.20,0.80
2007.11.23 04:29:42.841,2.22845,2.2294,3.20,0.80
2007.11.23 04:29:42.986,2.2285,2.2294,1.60,0.80
2007.11.23 04:29:43.129,2.2285,2.2294,1.60,0.80
2007.11.23 04:29:43.272,2.2285,2.2294,1.60,0.80
2007.11.23 04:29:43.416,2.2285,2.2294,1.60,0.80
2007.11.23 04:29:43.714,2.2285,2.2294,3.20,0.80
2007.11.23 04:29:44.014,2.22855,2.22935,10.40,0.80
2007.11.23 04:29:44.313,2.22865,2.2294,0.80,0.80
2007.11.23 04:29:44.611,2.22865,2.2295,0.80,0.80
2007.11.23 04:29:44.814,2.22865,2.2295,0.80,0.80
2007.11.23 04:29:45.017,2.22865,2.2295,2.40,0.80
2007.11.23 04:29:45.221,2.22865,2.2295,1.60,0.80
2007.11.23 04:29:45.424,2.22865,2.2295,1.60,0.80
2007.11.23 04:29:45.674,2.22865,2.2295,1.60,0.80
2007.11.23 04:29:46.048,2.2287,2.2295,1.60,0.80
2007.11.23 04:29:46.296,2.2287,2.2295,1.60,0.80
2007.11.23 04:29:46.545,2.2285,2.2295,1.60,0.80
2007.11.23 04:29:46.768,2.2285,2.2295,1.60,0.80
2007.11.23 04:29:46.991,2.2285,2.2295,1.60,0.80
2007.11.23 04:29:48.103,2.2285,2.2295,1.60,0.80
2007.11.23 04:29:48.337,2.2285,2.2295,1.60,0.80
2007.11.23 04:29:48.559,2.2285,2.2295,1.60,0.80
2007.11.23 04:29:48.818,2.2285,2.2295,1.60,0.80
2007.11.23 04:29:49.151,2.2285,2.2295,1.60,0.80
2007.11.23 04:29:49.410,2.2285,2.2295,1.60,0.80
2007.11.23 04:29:49.668,2.2285,2.2295,1.60,0.80
2007.11.23 04:29:49.886,2.2285,2.2295,1.60,0.80
2007.11.23 04:29:50.407,2.2285,2.2295,1.60,0.80
2007.11.23 04:29:50.915,2.2285,2.2295,1.60,0.80
2007.11.23 04:29:52.752,2.2285,2.2295,1.60,0.80
2007.11.23 04:29:53.038,2.2285,2.2295,1.60,0.80
2007.11.23 04:29:53.796,2.2288,2.2295,8.00,0.80
2007.11.23 04:29:54.040,2.2288,2.2295,10.40,0.80
2007.11.23 04:29:54.283,2.2288,2.2295,10.40,0.80
2007.11.23 04:29:54.527,2.2289,2.2295,8.00,0.80
2007.11.23 04:29:54.770,2.2286,2.2295,1.60,0.80
2007.11.23 04:29:55.366,2.2286,2.2294,1.60,0.80
2007.11.23 04:29:55.745,2.22875,2.2294,0.80,0.80
2007.11.23 04:29:55.894,2.2288,2.2294,10.40,0.80
2007.11.23 04:29:56.042,2.2288,2.2294,10.40,0.80
2007.11.23 04:29:56.264,2.2288,2.2294,10.40,0.80
2007.11.23 04:29:56.413,2.2289,2.2295,8.00,0.80
2007.11.23 04:29:56.563,2.2289,2.2295,8.00,0.80
2007.11.23 04:29:56.712,2.2286,2.2295,1.60,0.80
2007.11.23 04:29:57.945,2.2286,2.2293,1.60,0.80
2007.11.23 04:29:58.214,2.2286,2.2293,1.60,0.80
2007.11.23 04:29:58.379,2.2286,2.2293,1.60,0.80
2007.11.23 04:29:58.555,2.2286,2.2293,1.60,0.80
2007.11.23 04:29:58.719,2.2285,2.2293,3.20,0.80
2007.11.23 04:29:58.994,2.2285,2.2292,3.20,0.80
2007.11.23 04:29:59.391,2.2285,2.2292,3.20,0.80
2007.11.23 04:30:01.698,2.2285,2.2292,3.20,0.80
2007.11.23 04:30:01.913,2.2285,2.2292,3.20,0.80
2007.11.23 04:30:03.848,2.22855,2.2292,0.80,0.80
2007.11.23 04:30:04.002,2.2286,2.2292,1.60,0.80
2007.11.23 04:30:04.160,2.2286,2.2292,1.60,0.80
2007.11.23 04:30:04.321,2.2286,2.2292,4.00,0.80
2007.11.23 04:30:04.544,2.2286,2.2292,4.00,0.80
2007.11.23 04:30:06.340,2.2286,2.2292,4.00,0.80
2007.11.23 04:30:06.475,2.2286,2.2292,9.60,0.80
2007.11.23 04:30:06.970,2.2286,2.2292,8.00,0.80
2007.11.23 04:30:09.363,2.2286,2.2292,9.60,0.80
2007.11.23 04:30:09.542,2.22855,2.2292,10.40,0.80
2007.11.23 04:30:10.697,2.2286,2.2292,4.70,0.80
2007.11.23 04:30:12.547,2.22855,2.2292,10.40,0.80
2007.11.23 04:30:14.336,2.22855,2.2292,10.40,0.80
2007.11.23 04:30:21.744,2.22855,2.2292,10.40,0.80
2007.11.23 04:30:22.240,2.2285,2.2292,11.20,0.80
2007.11.23 04:30:23.006,2.2286,2.2292,4.70,0.80
2007.11.23 04:30:23.255,2.2284,2.2292,3.20,0.80
2007.11.23 04:30:24.327,2.2284,2.2292,3.20,0.80
2007.11.23 04:30:24.459,2.2285,2.2292,1.20,0.80
2007.11.23 04:30:24.594,2.2285,2.2292,1.00,0.80
2007.11.23 04:30:24.780,2.2285,2.2292,0.50,0.80
2007.11.23 04:30:25.245,2.2284,2.2292,3.20,0.80
2007.11.23 04:30:25.568,2.2284,2.2292,3.20,0.80
2007.11.23 04:30:25.796,2.2285,2.22895,0.50,0.80
2007.11.23 04:30:25.995,2.2283,2.229,3.20,0.80
2007.11.23 04:30:26.157,2.2283,2.2292,4.80,14.20
2007.11.23 04:30:26.194,2.22825,2.22925,3.20,2.00
2007.11.23 04:30:26.392,2.2283,2.2293,3.20,4.50
2007.11.23 04:30:26.590,2.2283,2.2293,3.20,4.50
2007.11.23 04:30:27.923,2.2283,2.2293,2.40,4.50
2007.11.23 04:30:28.782,2.2283,2.2292,2.40,0.80
2007.11.23 04:30:28.915,2.2283,2.22895,2.40,0.80
2007.11.23 04:30:29.175,2.22825,2.22895,3.20,0.80
2007.11.23 04:30:29.334,2.2283,2.22895,2.40,0.80
2007.11.23 04:30:29.497,2.2283,2.22895,2.40,0.80
2007.11.23 04:30:29.654,2.2283,2.22895,2.40,0.80
2007.11.23 04:30:30.582,2.2283,2.2291,3.20,1.60
2007.11.23 04:30:31.103,2.2283,2.2291,2.40,1.60
2007.11.23 04:30:31.212,2.2283,2.2291,2.40,1.60
2007.11.23 04:30:31.320,2.2283,2.2292,2.40,13.40
2007.11.23 04:30:31.620,2.22845,2.2292,1.60,13.40
2007.11.23 04:30:31.771,2.2285,2.22935,8.80,1.60
2007.11.23 04:30:31.879,2.2285,2.22935,8.80,1.60
2007.11.23 04:30:32.116,2.2285,2.22935,8.80,1.60
2007.11.23 04:30:32.763,2.2285,2.22935,8.80,1.60
2007.11.23 04:30:33.755,2.2285,2.22935,11.20,1.60
2007.11.23 04:30:33.969,2.2285,2.2294,11.20,2.40
2007.11.23 04:30:34.183,2.22865,2.2294,8.80,2.40
2007.11.23 04:30:34.362,2.22865,2.2294,8.80,2.40
2007.11.23 04:30:34.609,2.22865,2.2294,8.80,2.40
2007.11.23 04:30:34.778,2.2288,2.22895,0.50,0.80
2007.11.23 04:30:34.946,2.2284,2.229,2.40,1.60
2007.11.23 04:30:35.127,2.2284,2.229,2.40,1.60
2007.11.23 04:30:35.416,2.2284,2.229,2.40,1.60
2007.11.23 04:30:35.819,2.2284,2.22905,2.40,3.20
2007.11.23 04:30:37.105,2.2284,2.22905,2.40,3.20
2007.11.23 04:30:37.298,2.22845,2.22905,1.60,3.20
2007.11.23 04:30:37.454,2.22845,2.2292,3.20,14.20
2007.11.23 04:30:37.617,2.22845,2.2292,11.20,1.60
2007.11.23 04:30:37.781,2.22845,2.2292,11.20,1.60
2007.11.23 04:30:38.890,2.22845,2.2292,11.20,1.60
2007.11.23 04:30:39.159,2.2284,2.22915,15.20,4.00
2007.11.23 04:30:40.090,2.2284,2.22915,15.20,4.00
2007.11.23 04:30:40.215,2.2284,2.22915,15.20,4.80
2007.11.23 04:30:40.443,2.2284,2.22915,15.20,4.80
2007.11.23 04:30:40.679,2.2284,2.22915,15.20,3.20
2007.11.23 04:30:40.899,2.2284,2.2292,15.20,1.60
2007.11.23 04:30:41.133,2.2285,2.2292,8.80,2.40
2007.11.23 04:30:43.650,2.2285,2.2292,8.80,2.40
2007.11.23 04:30:44.673,2.22855,2.2292,11.20,2.40
2007.11.23 04:30:44.908,2.2286,2.2294,10.40,2.40
2007.11.23 04:30:45.137,2.2286,2.2294,10.40,2.40
2007.11.23 04:30:45.366,2.2286,2.2294,10.40,2.40
2007.11.23 04:30:45.594,2.2286,2.2294,10.40,2.40
2007.11.23 04:30:45.767,2.2285,2.2294,8.80,2.40
2007.11.23 04:30:45.940,2.2285,2.2294,8.80,2.40
2007.11.23 04:30:46.113,2.2285,2.2294,8.80,2.40
2007.11.23 04:30:48.152,2.2285,2.22935,8.80,1.60
2007.11.23 04:30:48.244,2.2285,2.22935,8.80,4.00
2007.11.23 04:30:48.328,2.2284,2.22935,9.60,4.00
2007.11.23 04:30:48.411,2.2284,2.2293,9.60,1.60
2007.11.23 04:30:49.718,2.2285,2.2293,3.20,1.60
2007.11.23 04:30:50.016,2.2285,2.2293,3.20,1.60
2007.11.23 04:30:50.647,2.2285,2.2293,4.00,1.60
2007.11.23 04:30:50.791,2.22855,2.2293,5.60,3.20
2007.11.23 04:30:51.108,2.22855,2.2293,5.60,3.20
2007.11.23 04:30:51.363,2.2286,2.2293,3.20,3.20
2007.11.23 04:30:51.616,2.2287,2.2294,10.40,4.80
2007.11.23 04:30:54.191,2.2287,2.2294,10.40,4.80
2007.11.23 04:30:54.320,2.2286,2.2294,10.40,4.80
2007.11.23 04:30:54.469,2.2286,2.2294,10.40,4.80
2007.11.23 04:30:54.798,2.2286,2.2294,10.40,4.80
2007.11.23 04:30:55.307,2.2285,2.2295,9.60,2.40
2007.11.23 04:30:56.900,2.2287,2.2292,8.00,0.80
2007.11.23 04:30:57.058,2.229,2.2292,8.00,0.80
2007.11.23 04:30:57.218,2.229,2.2292,12.50,0.80
2007.11.23 04:30:57.378,2.2292,2.2297,8.00,1.60
2007.11.23 04:30:57.535,2.2292,2.2297,8.00,1.60
2007.11.23 04:31:03.281,2.2292,2.2297,8.00,1.60
2007.11.23 04:31:03.868,2.2292,2.2297,8.00,1.60
2007.11.23 04:31:04.022,2.2291,2.2292,4.00,0.80
2007.11.23 04:31:04.176,2.229,2.2292,8.00,0.80
2007.11.23 04:31:05.840,2.229,2.2292,8.00,0.80
2007.11.23 04:31:06.135,2.229,2.2292,8.00,0.80
2007.11.23 04:31:06.631,2.229,2.2292,8.00,0.80
2007.11.23 04:31:07.057,2.229,2.2292,8.00,0.80
2007.11.23 04:31:07.894,2.229,2.2292,8.00,0.80
2007.11.23 04:31:08.023,2.22915,2.2298,0.80,0.70
2007.11.23 04:31:08.152,2.2292,2.23015,8.00,3.20
2007.11.23 04:31:08.279,2.2292,2.2298,8.00,0.60
2007.11.23 04:31:08.408,2.22905,2.23,0.80,0.90
2007.11.23 04:31:08.677,2.2289,2.2298,0.80,0.80
2007.11.23 04:31:08.945,2.2288,2.2299,8.00,9.60
2007.11.23 04:31:09.213,2.2288,2.2299,8.00,9.60
2007.11.23 04:31:09.483,2.2288,2.22985,8.00,8.80
2007.11.23 04:31:09.716,2.2287,2.2297,8.00,0.60
2007.11.23 04:31:10.210,2.2287,2.2297,8.00,0.50
2007.11.23 04:31:10.898,2.2287,2.22985,8.00,8.80
2007.11.23 04:31:11.918,2.2287,2.2297,8.00,0.70
2007.11.23 04:31:12.292,2.2287,2.22975,8.00,8.80
2007.11.23 04:31:12.448,2.2285,2.2296,1.60,4.00
2007.11.23 04:31:12.657,2.2285,2.2294,1.60,0.90
2007.11.23 04:31:12.825,2.22865,2.2296,1.60,4.00
2007.11.23 04:31:12.993,2.22865,2.22965,1.60,2.40
2007.11.23 04:31:13.161,2.2287,2.22965,8.00,2.40
2007.11.23 04:31:13.328,2.2289,2.2296,8.00,0.50
2007.11.23 04:31:13.496,2.2289,2.2298,8.00,2.40
2007.11.23 04:31:13.751,2.22895,2.2297,0.80,0.80
2007.11.23 04:31:14.012,2.22895,2.2297,0.80,0.60
2007.11.23 04:31:14.264,2.22895,2.22975,0.80,11.20
2007.11.23 04:31:14.523,2.22875,2.2297,3.20,11.20
2007.11.23 04:31:14.695,2.22885,2.2297,8.00,3.20
2007.11.23 04:31:14.875,2.22905,2.2297,0.80,0.70
2007.11.23 04:31:15.052,2.22905,2.22975,0.80,2.40
2007.11.23 04:31:15.230,2.22905,2.22975,0.80,2.40
2007.11.23 04:31:15.408,2.22905,2.2297,0.80,0.90
2007.11.23 04:31:15.587,2.2289,2.2296,4.00,1.60
2007.11.23 04:31:15.820,2.2288,2.22945,14.40,0.80
2007.11.23 04:31:15.851,2.2288,2.22945,14.40,0.80
2007.11.23 04:31:16.776,2.2289,2.2296,2.40,3.20
2007.11.23 04:31:17.053,2.2289,2.2296,2.40,3.20
2007.11.23 04:31:17.205,2.2289,2.2296,2.40,3.20
2007.11.23 04:31:17.365,2.229,2.22965,8.00,0.80
2007.11.23 04:31:17.522,2.229,2.22965,8.00,2.40
2007.11.23 04:31:17.682,2.229,2.22965,8.00,2.40
2007.11.23 04:31:18.015,2.22915,2.2298,0.80,0.90
2007.11.23 04:31:18.451,2.22915,2.2298,0.80,0.80
2007.11.23 04:31:18.870,2.22915,2.22985,0.80,2.40
2007.11.23 04:31:19.385,2.22915,2.22985,0.80,2.40
2007.11.23 04:31:19.840,2.22915,2.22985,0.80,2.40
2007.11.23 04:31:20.114,2.229,2.2297,12.00,2.40
2007.11.23 04:31:20.663,2.22915,2.22965,0.80,0.80
2007.11.23 04:31:20.936,2.2292,2.2297,2.40,2.40
2007.11.23 04:31:21.178,2.22925,2.22965,0.80,0.80
2007.11.23 04:31:21.332,2.22935,2.2297,0.80,0.90
2007.11.23 04:31:21.485,2.2294,2.23,8.00,5.60
2007.11.23 04:31:21.639,2.2294,2.2298,8.00,0.90
2007.11.23 04:31:21.792,2.2294,2.23,8.00,5.60
2007.11.23 04:31:22.126,2.2294,2.2303,8.00,5.60
2007.11.23 04:31:22.460,2.2296,2.23,8.00,0.90
2007.11.23 04:31:22.794,2.22965,2.23,0.80,0.70
2007.11.23 04:31:22.978,2.2298,2.23,8.00,0.60
2007.11.23 04:31:23.161,2.2298,2.2301,8.00,0.60
2007.11.23 04:31:23.345,2.2298,2.2301,8.00,0.80
2007.11.23 04:31:23.529,2.2298,2.2301,8.00,0.90
2007.11.23 04:31:23.745,2.22985,2.2301,0.80,0.90
2007.11.23 04:31:24.014,2.22985,2.2303,0.80,0.80
2007.11.23 04:31:24.282,2.22995,2.2303,0.80,0.60
2007.11.23 04:31:24.616,2.23,2.2304,8.00,0.80
2007.11.23 04:31:24.886,2.23,2.2306,8.00,0.60
2007.11.23 04:31:25.108,2.23,2.2306,8.00,0.90
2007.11.23 04:31:25.332,2.23005,2.231,0.80,10.40
2007.11.23 04:31:25.555,2.23005,2.2311,0.80,2.40
2007.11.23 04:31:25.779,2.22965,2.2307,4.70,0.90
2007.11.23 04:31:26.037,2.2298,2.23075,8.00,3.20
2007.11.23 04:31:26.296,2.2298,2.2305,8.00,0.90
2007.11.23 04:31:26.555,2.2294,2.2304,9.60,0.50
2007.11.23 04:31:26.813,2.2294,2.2305,9.60,9.60
2007.11.23 04:31:26.991,2.2294,2.2305,8.00,9.60
2007.11.23 04:31:27.170,2.2294,2.2304,8.00,0.80
2007.11.23 04:31:27.349,2.2294,2.2305,8.00,9.60
2007.11.23 04:31:27.528,2.22925,2.2305,0.80,0.70
2007.11.23 04:31:27.706,2.22925,2.2305,0.80,0.80
2007.11.23 04:31:27.889,2.2295,2.2305,8.00,0.80
2007.11.23 04:31:28.189,2.2295,2.2305,8.00,12.80
2007.11.23 04:31:28.905,2.2295,2.2305,8.00,12.80
2007.11.23 04:31:29.178,2.2295,2.23045,8.00,4.00
2007.11.23 04:31:29.452,2.2295,2.2303,8.00,0.80
2007.11.23 04:31:30.982,2.2295,2.23045,8.00,4.00
2007.11.23 04:31:31.186,2.2295,2.23045,8.00,3.20
2007.11.23 04:31:31.389,2.2295,2.23045,8.00,2.40
2007.11.23 04:31:31.592,2.2295,2.2303,8.00,0.70
2007.11.23 04:31:32.227,2.2295,2.23045,8.00,2.40
2007.11.23 04:31:32.501,2.2295,2.23045,8.00,2.40
2007.11.23 04:31:32.774,2.2295,2.2304,8.00,3.20
2007.11.23 04:31:33.047,2.22945,2.23025,1.60,2.40
2007.11.23 04:31:33.256,2.2294,2.2302,4.00,0.80
2007.11.23 04:31:33.464,2.2293,2.23025,8.00,2.40
2007.11.23 04:31:33.673,2.2293,2.23025,8.00,2.40
2007.11.23 04:31:33.882,2.2293,2.2303,8.00,9.60
2007.11.23 04:31:34.090,2.2295,2.2304,8.00,2.40
2007.11.23 04:31:35.668,2.2295,2.2303,8.00,0.80
2007.11.23 04:31:36.172,2.2295,2.23025,8.00,0.80
2007.11.23 04:31:36.475,2.22945,2.23025,0.80,0.80
2007.11.23 04:31:36.779,2.22945,2.23025,0.80,2.40
2007.11.23 04:31:37.083,2.2295,2.2302,8.00,0.70
2007.11.23 04:31:37.387,2.2295,2.23025,8.00,2.40
2007.11.23 04:31:37.586,2.2293,2.23025,8.00,2.40
2007.11.23 04:31:37.784,2.2293,2.23025,8.00,2.40
2007.11.23 04:31:38.912,2.2293,2.23025,8.00,2.40
2007.11.23 04:31:39.181,2.22955,2.23025,0.80,2.40
2007.11.23 04:31:39.434,2.22955,2.2303,0.80,10.40
2007.11.23 04:31:39.792,2.22955,2.2303,1.60,10.40
2007.11.23 04:31:40.044,2.22955,2.2302,1.60,0.70
2007.11.23 04:31:40.298,2.22965,2.2302,0.80,0.70
2007.11.23 04:31:40.546,2.22965,2.2303,0.80,2.40
2007.11.23 04:31:40.794,2.22965,2.2303,1.60,0.70
2007.11.23 04:31:41.043,2.22965,2.23045,1.60,2.40
2007.11.23 04:31:41.631,2.22975,2.23045,0.80,2.40
2007.11.23 04:31:41.820,2.22975,2.2303,1.60,0.60
2007.11.23 04:31:42.008,2.22975,2.23045,1.60,2.40
2007.11.23 04:31:42.559,2.22985,2.2304,1.60,0.60
2007.11.23 04:31:42.802,2.22985,2.23055,1.60,2.40
2007.11.23 04:31:43.158,2.22995,2.2305,0.80,1.60
2007.11.23 04:31:43.410,2.22995,2.2306,0.80,1.60
2007.11.23 04:31:43.610,2.22995,2.2306,0.80,1.60
2007.11.23 04:31:44.066,2.22995,2.2306,0.80,1.60
2007.11.23 04:31:44.276,2.22995,2.2305,0.80,1.60
2007.11.23 04:31:44.512,2.2299,2.2305,2.40,1.60
2007.11.23 04:31:44.746,2.22995,2.2305,0.80,1.60
2007.11.23 04:31:44.986,2.22995,2.2305,4.80,1.60
2007.11.23 04:31:45.219,2.2299,2.23055,4.00,2.40
2007.11.23 04:31:45.453,2.2299,2.23055,4.00,2.40
2007.11.23 04:31:45.712,2.22995,2.2306,1.60,10.40
2007.11.23 04:31:45.970,2.22995,2.2306,1.60,1.60
2007.11.23 04:31:46.228,2.22995,2.2306,1.60,1.60
2007.11.23 04:31:46.591,2.22995,2.2306,1.60,1.60
2007.11.23 04:31:46.810,2.23015,2.2306,1.60,1.60
2007.11.23 04:31:47.029,2.23015,2.2307,1.60,1.60
2007.11.23 04:31:47.252,2.23015,2.2307,1.60,1.60
2007.11.23 04:31:47.465,2.23015,2.2308,1.60,1.60
2007.11.23 04:31:48.514,2.23015,2.2308,0.80,1.60
2007.11.23 04:31:48.688,2.23015,2.2308,1.60,1.60
2007.11.23 04:31:48.861,2.23015,2.2307,5.50,1.60
2007.11.23 04:31:49.121,2.23015,2.2307,5.50,1.60
2007.11.23 04:31:49.319,2.23015,2.2307,5.50,1.60
2007.11.23 04:31:49.494,2.23035,2.2309,0.80,1.60
2007.11.23 04:31:49.941,2.23035,2.2309,0.80,1.60
2007.11.23 04:31:50.992,2.23035,2.2309,0.80,1.60
2007.11.23 04:31:51.250,2.2303,2.2309,4.00,1.60
2007.11.23 04:31:51.509,2.23025,2.2308,0.80,1.60
2007.11.23 04:31:51.769,2.23035,2.2308,0.80,1.60
2007.11.23 04:31:51.972,2.23035,2.2308,0.80,1.60
2007.11.23 04:31:52.177,2.23025,2.231,3.20,1.60
2007.11.23 04:31:52.380,2.23035,2.231,0.80,1.60
2007.11.23 04:31:52.584,2.2304,2.2311,8.00,2.40
2007.11.23 04:31:52.852,2.2304,2.23095,8.00,0.80
2007.11.23 04:31:53.129,2.23025,2.2309,1.60,1.60
2007.11.23 04:31:53.412,2.23025,2.2309,0.80,1.60
2007.11.23 04:31:53.698,2.2301,2.2309,4.00,1.60
2007.11.23 04:31:53.982,2.23,2.2309,8.00,1.60
2007.11.23 04:31:54.229,2.23,2.2309,8.00,1.60
2007.11.23 04:31:54.478,2.23,2.2308,8.00,1.60
2007.11.23 04:31:54.889,2.23,2.2308,8.00,1.60
2007.11.23 04:31:56.081,2.23,2.2308,8.00,1.60
2007.11.23 04:31:56.245,2.23,2.2308,8.00,1.60
2007.11.23 04:31:56.411,2.23,2.2307,8.00,1.60
2007.11.23 04:31:56.574,2.23,2.2306,8.00,1.60
2007.11.23 04:31:56.737,2.23,2.2306,8.00,1.60
2007.11.23 04:31:56.900,2.23,2.2306,8.00,1.60
2007.11.23 04:31:57.150,2.2298,2.2306,8.00,1.60
2007.11.23 04:31:57.387,2.2298,2.2306,8.00,1.60
2007.11.23 04:31:57.656,2.2298,2.2306,8.00,1.60
2007.11.23 04:31:57.899,2.23005,2.2306,2.40,1.60
2007.11.23 04:31:58.134,2.22995,2.2306,6.40,1.60
2007.11.23 04:31:58.367,2.22995,2.2306,2.40,1.60
2007.11.23 04:31:58.600,2.22995,2.2306,2.40,1.60
2007.11.23 04:31:58.833,2.22995,2.2306,2.40,1.60
2007.11.23 04:32:00.109,2.22995,2.2306,2.40,1.60
2007.11.23 04:32:00.257,2.2298,2.2306,4.00,1.60
2007.11.23 04:32:00.405,2.22975,2.2305,2.40,1.60
2007.11.23 04:32:00.554,2.22975,2.2305,2.40,1.60
2007.11.23 04:32:00.704,2.22975,2.2305,2.40,1.60
2007.11.23 04:32:00.852,2.22975,2.2305,2.40,1.60
2007.11.23 04:32:01.001,2.22975,2.2304,2.40,1.60
2007.11.23 04:32:01.299,2.2297,2.2304,8.00,1.60
2007.11.23 04:32:01.634,2.2297,2.2305,8.00,1.60
2007.11.23 04:32:02.206,2.2297,2.2305,8.00,1.60
2007.11.23 04:32:02.480,2.2295,2.2305,8.00,9.60
2007.11.23 04:32:02.753,2.2295,2.2305,8.00,9.60
2007.11.23 04:32:03.363,2.2295,2.2304,8.00,1.60
2007.11.23 04:32:04.915,2.2295,2.2304,8.00,1.60
2007.11.23 04:32:05.069,2.2295,2.2303,8.00,0.80
2007.11.23 04:32:05.221,2.2295,2.2303,8.00,0.80
2007.11.23 04:32:05.430,2.2295,2.2303,8.00,2.40
2007.11.23 04:32:05.637,2.2295,2.2303,8.00,2.40
2007.11.23 04:32:05.852,2.22935,2.2301,2.40,1.60
2007.11.23 04:32:06.091,2.22935,2.2301,2.40,1.60
2007.11.23 04:32:06.300,2.22935,2.2301,2.40,1.60
2007.11.23 04:32:06.554,2.22945,2.2302,2.40,1.60
2007.11.23 04:32:06.808,2.22925,2.23015,10.40,3.20
2007.11.23 04:32:07.067,2.2293,2.23,8.00,1.60
2007.11.23 04:32:07.315,2.22915,2.23,0.80,1.60
2007.11.23 04:32:07.528,2.22915,2.2301,0.80,8.00
2007.11.23 04:32:07.797,2.2291,2.23005,8.00,2.40
2007.11.23 04:32:08.009,2.2291,2.23005,8.00,2.40
2007.11.23 04:32:08.223,2.22955,2.23005,3.20,2.40
2007.11.23 04:32:08.438,2.22955,2.2302,3.20,1.60
2007.11.23 04:32:08.692,2.22955,2.2302,3.20,1.60
2007.11.23 04:32:08.951,2.22955,2.2303,3.20,1.60
2007.11.23 04:32:09.205,2.22955,2.2303,3.20,1.60
2007.11.23 04:32:09.886,2.22955,2.2304,3.20,1.60
2007.11.23 04:32:10.307,2.22955,2.2303,3.20,1.60
2007.11.23 04:32:10.835,2.22955,2.2302,3.20,1.60
2007.11.23 04:32:12.006,2.22955,2.2302,3.20,1.60
2007.11.23 04:32:12.928,2.22955,2.2302,3.20,1.60
2007.11.23 04:32:13.313,2.22955,2.2303,3.20,1.60
2007.11.23 04:32:13.592,2.22955,2.2303,3.20,1.60
2007.11.23 04:32:13.947,2.22955,2.2303,3.20,1.60
2007.11.23 04:32:14.115,2.22955,2.2302,3.20,1.60
2007.11.23 04:32:14.351,2.22955,2.2303,3.20,1.60
2007.11.23 04:32:15.051,2.22955,2.2303,3.20,1.60
2007.11.23 04:32:15.326,2.22955,2.2303,2.40,13.30
2007.11.23 04:32:15.360,2.22955,2.2304,2.40,15.70
2007.11.23 04:32:15.604,2.2293,2.2303,8.00,13.30
2007.11.23 04:32:15.877,2.2293,2.2304,8.00,15.70
2007.11.23 04:32:16.337,2.2293,2.2303,8.00,13.30
2007.11.23 04:32:17.225,2.22935,2.2302,3.20,0.50
2007.11.23 04:32:17.409,2.22935,2.2303,3.20,0.70
2007.11.23 04:32:17.599,2.22935,2.23045,3.20,12.80
2007.11.23 04:32:21.299,2.22935,2.2303,3.20,9.60
2007.11.23 04:32:21.535,2.22955,2.2302,2.40,0.50
2007.11.23 04:32:21.708,2.22955,2.2302,2.40,0.70
2007.11.23 04:32:21.881,2.22955,2.2304,2.40,9.60
2007.11.23 04:32:22.055,2.22955,2.2304,2.40,9.60
2007.11.23 04:32:22.236,2.22965,2.2303,2.40,0.90
2007.11.23 04:32:22.508,2.22965,2.2303,2.40,0.80
2007.11.23 04:32:22.787,2.2296,2.23045,12.00,4.80
2007.11.23 04:32:23.065,2.2294,2.2304,8.00,9.60
2007.11.23 04:32:23.343,2.2294,2.2304,8.00,9.60
2007.11.23 04:32:25.610,2.2294,2.2304,8.00,9.60
2007.11.23 04:32:25.748,2.2294,2.23025,8.00,4.80
2007.11.23 04:32:25.888,2.22935,2.23025,2.40,12.80
2007.11.23 04:32:26.027,2.22935,2.2301,2.40,0.80
2007.11.23 04:32:26.267,2.2293,2.2301,4.00,4.00
2007.11.23 04:32:26.470,2.22925,2.23,2.40,0.80
2007.11.23 04:32:26.674,2.22925,2.23,2.40,0.90
2007.11.23 04:32:26.879,2.22935,2.2301,2.40,2.40
2007.11.23 04:32:27.084,2.22935,2.2302,2.40,9.60
2007.11.23 04:32:27.287,2.22965,2.2301,2.40,0.70
2007.11.23 04:32:27.521,2.22965,2.23045,2.40,4.80
2007.11.23 04:32:29.064,2.22965,2.23045,2.40,4.80
2007.11.23 04:32:29.249,2.2296,2.2303,12.00,0.60
2007.11.23 04:32:29.414,2.2296,2.23035,12.00,7.70
2007.11.23 04:32:29.584,2.2294,2.2302,8.00,0.90
2007.11.23 04:32:31.626,2.2294,2.2303,8.00,5.30
2007.11.23 04:32:31.761,2.22945,2.2302,2.40,0.80
2007.11.23 04:32:31.900,2.2295,2.23035,4.00,4.00
2007.11.23 04:32:32.034,2.2295,2.2302,4.00,0.90
2007.11.23 04:32:34.166,2.2295,2.23035,4.00,4.00
2007.11.23 04:32:34.291,2.22955,2.2302,2.40,0.50
2007.11.23 04:32:34.465,2.22955,2.2304,2.40,9.60
2007.11.23 04:32:39.506,2.22955,2.2304,2.40,9.60
2007.11.23 04:32:39.709,2.2295,2.2304,4.00,9.60
2007.11.23 04:32:39.912,2.22935,2.2302,3.20,0.60
2007.11.23 04:32:40.383,2.22935,2.2302,3.20,0.60
2007.11.23 04:32:40.585,2.22935,2.2302,3.20,0.50
2007.11.23 04:32:43.660,2.22945,2.2302,0.40,1.60
2007.11.23 04:32:43.826,2.22975,2.2302,2.40,1.60
2007.11.23 04:32:43.996,2.22975,2.2302,2.40,1.60
2007.11.23 04:32:44.185,2.22975,2.23045,2.40,0.80
2007.11.23 04:32:45.201,2.22975,2.23045,2.40,0.80
2007.11.23 04:32:46.570,2.22975,2.23045,2.40,0.80
2007.11.23 04:32:46.813,2.22975,2.2305,3.20,1.60
2007.11.23 04:32:47.056,2.2299,2.2306,8.00,1.60
2007.11.23 04:32:47.509,2.2299,2.2306,8.00,1.60
2007.11.23 04:32:47.720,2.2299,2.2306,8.00,1.60
2007.11.23 04:32:47.919,2.2299,2.2306,8.00,1.60
2007.11.23 04:32:48.904,2.2299,2.2307,8.00,1.60
2007.11.23 04:32:51.022,2.2299,2.2307,8.00,1.60
2007.11.23 04:32:53.711,2.22995,2.2307,2.40,1.60
2007.11.23 04:32:53.854,2.22995,2.2307,2.40,1.60
2007.11.23 04:32:53.997,2.23,2.2308,4.00,1.60
2007.11.23 04:32:54.140,2.23,2.2308,4.00,1.60
2007.11.23 04:32:54.410,2.23,2.2307,4.00,1.60
2007.11.23 04:32:54.820,2.23,2.2308,4.00,1.60
2007.11.23 04:32:55.071,2.23,2.23085,4.00,3.20
2007.11.23 04:32:55.329,2.23,2.2308,4.00,1.60
2007.11.23 04:32:56.219,2.23,2.2308,4.00,1.60
2007.11.23 04:32:56.606,2.23,2.2308,4.00,1.60
2007.11.23 04:32:56.839,2.23,2.2308,12.00,1.60
2007.11.23 04:32:57.072,2.2301,2.2308,4.00,1.60
2007.11.23 04:32:57.306,2.22985,2.2308,6.40,9.60
2007.11.23 04:32:57.540,2.22985,2.2308,6.40,9.60
2007.11.23 04:32:57.622,2.22975,2.2308,16.80,9.60
2007.11.23 04:32:57.710,2.22985,2.2308,3.60,9.60
2007.11.23 04:32:57.884,2.2297,2.2306,1.10,8.00
2007.11.23 04:32:58.045,2.22955,2.2306,8.80,8.00
2007.11.23 04:32:58.213,2.2296,2.2306,1.40,8.00
2007.11.23 04:32:58.384,2.2296,2.2306,3.50,8.00
2007.11.23 04:32:58.661,2.2296,2.2306,2.50,8.00
2007.11.23 04:32:58.940,2.2296,2.2306,4.90,8.00
2007.11.23 04:32:59.219,2.2296,2.2306,11.20,8.00
2007.11.23 04:32:59.497,2.2298,2.2307,2.30,1.60
2007.11.23 04:32:59.725,2.2298,2.2307,1.00,1.60
2007.11.23 04:32:59.952,2.2297,2.2306,1.90,8.00
2007.11.23 04:33:00.181,2.22935,2.2306,8.80,8.00
2007.11.23 04:33:00.408,2.22935,2.2306,8.80,8.00
2007.11.23 04:33:01.450,2.22935,2.2304,8.80,2.40
2007.11.23 04:33:01.621,2.2296,2.2304,8.80,2.40
2007.11.23 04:33:01.755,2.22965,2.2306,3.20,8.00
2007.11.23 04:33:01.887,2.2297,2.2305,14.40,1.60
2007.11.23 04:33:02.020,2.2298,2.2305,0.70,1.60
2007.11.23 04:33:02.627,2.2297,2.2305,14.40,1.60
2007.11.23 04:33:02.930,2.22975,2.2305,8.80,1.60
2007.11.23 04:33:03.235,2.22975,2.2305,8.80,1.60
2007.11.23 04:33:03.538,2.2298,2.2306,0.70,1.60
2007.11.23 04:33:03.696,2.2298,2.23045,1.60,0.80
2007.11.23 04:33:03.856,2.2296,2.23045,2.80,3.20
2007.11.23 04:33:04.020,2.2296,2.2304,2.70,1.60
2007.11.23 04:33:04.179,2.22945,2.2304,16.00,1.60
2007.11.23 04:33:04.336,2.22955,2.2304,2.40,1.60
2007.11.23 04:33:04.494,2.22945,2.2304,16.00,1.60
2007.11.23 04:33:05.141,2.22945,2.2304,16.00,1.60
2007.11.23 04:33:05.440,2.22975,2.2305,6.40,2.40
2007.11.23 04:33:05.738,2.2298,2.2305,1.60,1.60
2007.11.23 04:33:06.165,2.22975,2.2305,6.40,1.60
2007.11.23 04:33:06.318,2.22975,2.2305,6.40,1.60
2007.11.23 04:33:07.246,2.2298,2.2305,0.90,1.60
2007.11.23 04:33:10.360,2.22975,2.2306,6.40,1.60
2007.11.23 04:33:10.889,2.2298,2.2305,2.20,1.60
2007.11.23 04:33:11.308,2.2298,2.2306,1.00,1.60
2007.11.23 04:33:13.251,2.2298,2.2306,4.80,1.60
2007.11.23 04:33:13.380,2.22985,2.23065,0.80,2.40
2007.11.23 04:33:13.799,2.2298,2.2306,4.80,1.60
2007.11.23 04:33:15.176,2.22985,2.2306,0.80,1.60
2007.11.23 04:33:15.380,2.22955,2.2306,4.80,1.60
2007.11.23 04:33:15.583,2.22955,2.2306,0.80,1.60
2007.11.23 04:33:15.788,2.22925,2.23055,13.30,0.80
2007.11.23 04:33:15.972,2.2294,2.23055,5.60,0.80
2007.11.23 04:33:16.156,2.2294,2.23055,1.10,0.80
2007.11.23 04:33:16.340,2.2291,2.23,3.20,3.70
2007.11.23 04:33:16.523,2.2292,2.2299,0.50,3.20
2007.11.23 04:33:16.725,2.2291,2.2299,3.20,3.20
2007.11.23 04:33:16.913,2.2292,2.2299,0.50,0.80
2007.11.23 04:33:17.420,2.2291,2.2299,3.20,3.20
2007.11.23 04:33:17.649,2.2292,2.2299,1.00,3.20
2007.11.23 04:33:17.877,2.2289,2.2298,3.20,3.70
2007.11.23 04:33:18.062,2.2289,2.2297,3.20,2.40
2007.11.23 04:33:18.246,2.2289,2.2297,3.20,2.40
2007.11.23 04:33:18.428,2.2288,2.2297,3.20,6.10
2007.11.23 04:33:18.611,2.2292,2.2297,0.60,4.50
2007.11.23 04:33:18.794,2.22915,2.2297,0.60,0.80
2007.11.23 04:33:19.052,2.22915,2.2299,1.20,2.40
2007.11.23 04:33:20.727,2.2286,2.2299,7.70,2.40
2007.11.23 04:33:20.865,2.2292,2.2299,0.70,2.40
2007.11.23 04:33:21.003,2.2286,2.2301,7.70,6.90
2007.11.23 04:33:21.765,2.2286,2.23,9.30,2.40
2007.11.23 04:33:22.065,2.2292,2.23,0.60,2.40
2007.11.23 04:33:22.228,2.2292,2.2297,0.80,0.80
2007.11.23 04:33:22.391,2.2292,2.2297,0.90,0.80
2007.11.23 04:33:22.726,2.2292,2.2296,0.90,0.80
2007.11.23 04:33:22.889,2.2292,2.2296,1.10,4.50
2007.11.23 04:33:23.052,2.2292,2.2296,1.10,4.50
2007.11.23 04:33:23.747,2.2292,2.2296,1.10,3.70
2007.11.23 04:33:24.035,2.2292,2.2297,1.20,4.50
2007.11.23 04:33:24.365,2.2292,2.2297,0.90,4.50
2007.11.23 04:33:24.866,2.2292,2.2297,0.90,4.50
2007.11.23 04:33:25.112,2.2292,2.2297,1.00,4.50
2007.11.23 04:33:25.296,2.2292,2.2298,0.90,3.70
2007.11.23 04:33:25.584,2.2292,2.2298,0.80,3.70
2007.11.23 04:33:25.897,2.2292,2.2298,1.60,3.70
2007.11.23 04:33:26.202,2.2292,2.22975,1.60,2.40
2007.11.23 04:33:26.414,2.2292,2.22975,1.60,2.40
2007.11.23 04:33:26.633,2.2292,2.22975,1.60,2.40
2007.11.23 04:33:26.850,2.2292,2.22965,1.60,0.80
2007.11.23 04:33:28.136,2.2292,2.22965,1.60,0.80
2007.11.23 04:33:28.331,2.2292,2.22965,1.60,0.80
2007.11.23 04:33:28.491,2.2292,2.2298,1.60,4.00
2007.11.23 04:33:28.649,2.2292,2.22985,1.60,3.20
2007.11.23 04:33:29.293,2.2292,2.22985,1.60,3.20
2007.11.23 04:33:30.708,2.2292,2.22985,1.60,3.20
2007.11.23 04:33:33.698,2.2292,2.22965,1.60,0.80
2007.11.23 04:33:33.810,2.2292,2.22965,1.60,0.80
2007.11.23 04:33:34.075,2.2292,2.22965,1.60,0.80
2007.11.23 04:33:34.195,2.2288,2.22965,8.00,0.80
2007.11.23 04:33:34.311,2.2288,2.22975,8.00,2.40
2007.11.23 04:33:34.431,2.2288,2.22975,8.00,2.40
2007.11.23 04:33:36.689,2.2288,2.22945,8.00,0.80
2007.11.23 04:33:36.908,2.2288,2.22945,8.00,0.80
2007.11.23 04:33:37.217,2.2288,2.22965,8.00,3.20
2007.11.23 04:33:37.436,2.22885,2.22965,8.00,3.20
2007.11.23 04:33:37.655,2.2287,2.22965,12.00,3.20
2007.11.23 04:33:38.606,2.2287,2.22965,12.00,3.20
2007.11.23 04:33:38.844,2.22895,2.2297,0.80,9.60
2007.11.23 04:33:39.052,2.22895,2.2297,0.80,9.60
2007.11.23 04:33:39.259,2.22895,2.2297,0.80,9.60
2007.11.23 04:33:39.929,2.22895,2.2297,0.80,8.00
2007.11.23 04:33:40.325,2.22895,2.2297,0.80,8.00
2007.11.23 04:33:40.684,2.22895,2.2297,0.80,8.00
2007.11.23 04:33:40.938,2.2288,2.22955,6.40,2.40
2007.11.23 04:33:41.187,2.2286,2.22955,16.00,2.40
2007.11.23 04:33:41.442,2.2286,2.2295,16.00,1.60
2007.11.23 04:33:46.584,2.2287,2.2295,0.40,1.60
2007.11.23 04:33:46.748,2.22875,2.2295,2.40,1.60
2007.11.23 04:33:46.902,2.229,2.22965,8.00,0.80
2007.11.23 04:33:47.127,2.229,2.22965,8.00,0.80
2007.11.23 04:33:47.339,2.229,2.2297,8.00,1.60
2007.11.23 04:33:47.634,2.229,2.2297,8.00,1.60
2007.11.23 04:33:47.852,2.2291,2.2297,8.00,1.60
2007.11.23 04:33:48.071,2.2291,2.2298,8.00,1.60
2007.11.23 04:33:48.440,2.2291,2.22985,8.00,2.40
2007.11.23 04:33:49.644,2.2291,2.22985,8.00,3.20
2007.11.23 04:33:49.817,2.2291,2.22985,8.00,3.20
2007.11.23 04:33:49.991,2.2291,2.22985,8.00,3.20
2007.11.23 04:33:50.415,2.2291,2.2298,8.00,1.60
2007.11.23 04:33:51.106,2.2291,2.2298,8.00,0.50
2007.11.23 04:33:51.348,2.2291,2.2298,8.00,0.50
2007.11.23 04:33:56.725,2.2291,2.22985,8.00,4.80
2007.11.23 04:33:56.873,2.229,2.2298,8.00,4.80
2007.11.23 04:33:57.022,2.229,2.22975,8.00,4.80
2007.11.23 04:33:59.201,2.229,2.2297,8.00,2.40
2007.11.23 04:34:00.158,2.229,2.22965,8.00,0.80
2007.11.23 04:34:00.328,2.229,2.22975,8.00,4.80
2007.11.23 04:34:01.705,2.229,2.22975,8.00,4.80
2007.11.23 04:34:01.879,2.229,2.2296,8.00,6.10
2007.11.23 04:34:02.051,2.2285,2.2295,1.60,3.20
2007.11.23 04:34:02.226,2.2285,2.22945,1.60,0.60
2007.11.23 04:34:02.382,2.2284,2.2295,3.20,3.20
2007.11.23 04:34:02.534,2.2284,2.2295,1.60,3.20
2007.11.23 04:34:02.688,2.2284,2.22945,1.60,0.50
2007.11.23 04:34:02.840,2.2284,2.2295,1.60,3.20
2007.11.23 04:34:03.080,2.2284,2.2295,1.60,3.20
2007.11.23 04:34:03.233,2.2284,2.22945,1.60,0.80
2007.11.23 04:34:03.661,2.2284,2.22945,1.60,0.90
2007.11.23 04:34:03.970,2.22825,2.22945,1.60,4.80
2007.11.23 04:34:04.267,2.2282,2.22945,1.60,4.80
2007.11.23 04:34:04.441,2.2283,2.22945,4.00,4.80
2007.11.23 04:34:05.392,2.2283,2.22945,4.00,0.60
2007.11.23 04:34:05.570,2.2284,2.2295,1.60,6.90
2007.11.23 04:34:05.754,2.2284,2.22945,1.60,0.70
2007.11.23 04:34:05.925,2.2287,2.2294,4.00,0.70
2007.11.23 04:34:06.196,2.2287,2.22945,4.00,0.90
2007.11.23 04:34:06.464,2.2287,2.22945,4.00,0.50
2007.11.23 04:34:06.733,2.2287,2.2295,4.00,3.20
2007.11.23 04:34:07.001,2.2287,2.22945,5.60,0.90
2007.11.23 04:34:07.334,2.2287,2.2295,4.00,3.20
2007.11.23 04:34:07.904,2.22875,2.22945,0.80,0.90
2007.11.23 04:34:08.634,2.2287,2.2295,4.00,3.20
2007.11.23 04:34:08.762,2.2287,2.2295,4.00,3.20
2007.11.23 04:34:08.890,2.2287,2.2295,4.00,9.30
2007.11.23 04:34:09.019,2.2284,2.22945,8.00,10.40
2007.11.23 04:34:11.292,2.22845,2.2294,0.80,0.50
2007.11.23 04:34:11.381,2.22845,2.2294,0.80,0.50
2007.11.23 04:34:11.564,2.22845,2.22945,0.80,10.40
2007.11.23 04:34:11.885,2.22845,2.2294,0.80,0.60
2007.11.23 04:34:13.273,2.2284,2.2294,10.40,0.80
2007.11.23 04:34:13.448,2.2284,2.2294,8.00,0.50
2007.11.23 04:34:13.611,2.2284,2.2294,8.00,0.90
2007.11.23 04:34:13.774,2.2284,2.22945,8.00,12.00
2007.11.23 04:34:14.382,2.2284,2.2294,8.00,0.80
2007.11.23 04:34:16.648,2.2284,2.2294,8.00,10.40
2007.11.23 04:34:16.837,2.2284,2.2293,8.00,3.20
2007.11.23 04:34:17.032,2.22835,2.2292,0.80,0.70
2007.11.23 04:34:17.266,2.22845,2.22925,0.80,10.40
2007.11.23 04:34:17.457,2.22845,2.22925,0.80,10.40
2007.11.23 04:34:17.643,2.22845,2.22925,0.80,10.40
2007.11.23 04:34:21.705,2.2284,2.2292,4.00,8.00
2007.11.23 04:34:22.138,2.2284,2.2292,4.00,8.00
2007.11.23 04:34:22.321,2.2284,2.2292,4.00,8.00
2007.11.23 04:34:22.505,2.22825,2.2292,0.80,9.60
2007.11.23 04:34:22.689,2.22825,2.2292,0.80,9.60
2007.11.23 04:34:22.872,2.2284,2.2293,8.00,2.40
2007.11.23 04:34:23.125,2.2284,2.2293,8.00,1.60
2007.11.23 04:34:24.198,2.22825,2.2293,8.80,1.60
2007.11.23 04:34:24.434,2.22825,2.2293,8.80,1.60
2007.11.23 04:34:25.225,2.2284,2.2293,8.80,1.60
2007.11.23 04:34:25.518,2.22835,2.2293,12.80,1.60
2007.11.23 04:34:25.892,2.2284,2.2292,1.80,1.60
2007.11.23 04:34:28.888,2.22835,2.2293,12.80,1.60
2007.11.23 04:34:29.043,2.22835,2.2293,12.80,1.60
2007.11.23 04:34:29.236,2.2283,2.2293,12.50,1.60
2007.11.23 04:34:29.506,2.22825,2.2292,8.80,1.60
2007.11.23 04:34:31.268,2.22825,2.2292,8.80,1.60
2007.11.23 04:34:31.382,2.2282,2.2292,12.00,1.60
2007.11.23 04:34:31.495,2.2282,2.2292,12.00,1.60
2007.11.23 04:34:31.608,2.2282,2.2292,12.00,1.60
2007.11.23 04:34:31.816,2.2283,2.2292,3.60,1.60
2007.11.23 04:34:32.194,2.2283,2.2292,0.90,1.60
2007.11.23 04:34:32.400,2.22825,2.2291,8.90,1.60
2007.11.23 04:34:32.608,2.2283,2.2291,0.90,9.60
2007.11.23 04:34:32.948,2.2283,2.2291,1.80,8.00
2007.11.23 04:34:35.680,2.22825,2.2291,4.90,8.00
2007.11.23 04:34:36.805,2.2283,2.2291,0.70,8.00
2007.11.23 04:34:37.063,2.2283,2.2291,5.20,8.00
2007.11.23 04:34:38.273,2.2283,2.2291,5.60,8.00
2007.11.23 04:34:38.471,2.22835,2.2291,1.70,8.00
2007.11.23 04:34:38.670,2.22835,2.2291,5.60,8.00
2007.11.23 04:34:38.868,2.2284,2.2291,0.50,9.60
2007.11.23 04:34:39.334,2.22835,2.2291,5.60,9.60
2007.11.23 04:34:39.512,2.22835,2.2292,5.60,9.60
2007.11.23 04:34:39.690,2.2284,2.2292,4.50,9.60
2007.11.23 04:34:39.868,2.22845,2.2292,4.80,9.60
2007.11.23 04:34:40.046,2.22845,2.2292,4.80,8.00
2007.11.23 04:34:40.790,2.2285,2.2292,1.50,8.00
2007.11.23 04:34:41.018,2.2284,2.2292,4.50,8.00
2007.11.23 04:34:41.246,2.2284,2.2293,4.50,1.60
2007.11.23 04:34:42.908,2.2284,2.22935,4.50,2.40
2007.11.23 04:34:43.071,2.2284,2.22935,4.50,2.40
2007.11.23 04:34:43.231,2.2284,2.22935,1.30,2.40
2007.11.23 04:34:44.235,2.2284,2.22935,1.50,2.40
2007.11.23 04:34:44.474,2.22835,2.22935,4.80,2.40
2007.11.23 04:34:44.634,2.2284,2.2293,1.30,8.00
2007.11.23 04:34:46.714,2.22835,2.2293,4.80,8.00
2007.11.23 04:34:46.935,2.2284,2.2293,1.50,9.60
2007.11.23 04:34:47.112,2.22835,2.2293,4.80,9.60
2007.11.23 04:34:47.243,2.2283,2.22915,13.60,2.40
2007.11.23 04:34:47.376,2.2284,2.22915,1.70,2.40
2007.11.23 04:34:47.710,2.2283,2.22915,13.60,2.40
2007.11.23 04:34:48.782,2.2284,2.22915,1.80,2.40
2007.11.23 04:34:48.905,2.2284,2.2292,1.60,0.80
2007.11.23 04:34:49.028,2.22835,2.2292,4.80,0.80
2007.11.23 04:34:49.151,2.22835,2.2294,4.80,2.40
2007.11.23 04:34:49.423,2.22835,2.2294,6.40,2.40
2007.11.23 04:34:50.146,2.22835,2.2294,6.40,2.40
2007.11.23 04:34:50.368,2.2284,2.2294,6.40,2.40
2007.11.23 04:34:50.591,2.22845,2.2295,0.80,1.60
2007.11.23 04:34:50.882,2.2284,2.2296,6.40,2.40
2007.11.23 04:34:52.140,2.22845,2.2296,2.40,2.40
2007.11.23 04:34:53.131,2.2285,2.2296,1.00,2.40
2007.11.23 04:34:53.374,2.22845,2.2296,0.80,0.80
2007.11.23 04:34:53.517,2.22845,2.22965,0.80,0.80
2007.11.23 04:34:53.706,2.22875,2.2297,0.80,1.60
2007.11.23 04:34:53.894,2.22875,2.2297,0.80,1.60
2007.11.23 04:34:54.149,2.2288,2.2298,4.00,1.60
2007.11.23 04:34:54.338,2.2288,2.2298,5.60,1.60
2007.11.23 04:34:54.527,2.2288,2.22985,5.60,0.80
2007.11.23 04:34:54.790,2.2288,2.22985,5.60,0.80
2007.11.23 04:34:55.018,2.22885,2.2299,0.80,1.60
2007.11.23 04:34:55.248,2.22885,2.2301,0.80,5.60
2007.11.23 04:34:55.482,2.22885,2.2301,0.80,1.60
2007.11.23 04:34:55.849,2.22885,2.2301,0.80,1.60
2007.11.23 04:34:56.047,2.22885,2.2302,0.80,1.60
2007.11.23 04:34:56.246,2.22885,2.2303,0.80,4.00
2007.11.23 04:34:56.450,2.22885,2.2303,0.80,4.00
2007.11.23 04:34:56.641,2.22885,2.2303,0.80,4.00
2007.11.23 04:34:56.880,2.22885,2.2303,0.80,4.00
2007.11.23 04:34:57.077,2.22885,2.2303,0.80,2.40
2007.11.23 04:34:57.388,2.22885,2.2303,0.80,2.40
2007.11.23 04:34:57.577,2.22885,2.2303,0.80,4.00
2007.11.23 04:34:57.894,2.22885,2.2303,0.80,4.00
2007.11.23 04:34:58.089,2.22885,2.2303,0.80,2.40
2007.11.23 04:34:58.405,2.22885,2.2303,0.80,2.40
2007.11.23 04:34:58.598,2.22885,2.2303,0.80,2.40
2007.11.23 04:34:58.873,2.22885,2.2303,0.80,2.40
2007.11.23 04:34:59.146,2.22885,2.2303,0.80,2.40
2007.11.23 04:34:59.424,2.22885,2.2303,0.80,2.40
2007.11.23 04:34:59.697,2.22885,2.2303,0.80,2.40
2007.11.23 04:34:59.849,2.22885,2.2303,0.80,2.40
2007.11.23 04:35:00.010,2.22885,2.2303,0.80,2.40
2007.11.23 04:35:00.326,2.22885,2.2303,0.80,2.40
2007.11.23 04:35:00.479,2.22885,2.2303,0.80,2.40
2007.11.23 04:35:00.631,2.22885,2.2303,0.80,2.40
2007.11.23 04:35:01.984,2.22885,2.2303,0.80,2.40
2007.11.23 04:35:02.128,2.22895,2.2304,0.80,4.00
2007.11.23 04:35:02.270,2.22895,2.2304,0.80,4.00
2007.11.23 04:35:02.414,2.22895,2.2303,0.80,1.60
2007.11.23 04:35:03.593,2.22895,2.2303,0.80,1.60
2007.11.23 04:35:03.816,2.22915,2.2303,0.80,1.60
2007.11.23 04:35:03.975,2.22915,2.2305,0.80,1.60
2007.11.23 04:35:05.384,2.2291,2.23035,4.00,0.80
2007.11.23 04:35:05.568,2.2291,2.2303,4.00,1.60
2007.11.23 04:35:05.751,2.2291,2.2303,4.00,2.40
2007.11.23 04:35:06.039,2.2291,2.2302,4.00,1.60
2007.11.23 04:35:07.845,2.2291,2.22975,4.00,2.40
2007.11.23 04:35:07.998,2.2291,2.22975,4.00,2.40
2007.11.23 04:35:08.163,2.229,2.22975,12.00,2.40
2007.11.23 04:35:08.327,2.229,2.22975,12.00,2.40
2007.11.23 04:35:08.771,2.229,2.22975,12.00,2.40
2007.11.23 04:35:09.464,2.229,2.22975,3.80,2.40
2007.11.23 04:35:16.906,2.229,2.2297,3.20,1.60
2007.11.23 04:35:17.080,2.2288,2.2297,12.20,1.60
2007.11.23 04:35:17.317,2.229,2.2297,2.80,1.60
2007.11.23 04:35:19.395,2.229,2.2296,5.90,1.60
2007.11.23 04:35:19.787,2.2288,2.2296,12.20,1.60
2007.11.23 04:35:20.428,2.2288,2.2297,12.20,1.60
2007.11.23 04:35:20.707,2.2288,2.2297,12.20,1.60
2007.11.23 04:35:21.140,2.2288,2.2297,12.20,1.60
2007.11.23 04:35:21.414,2.2288,2.2297,12.20,1.60
2007.11.23 04:35:21.726,2.229,2.2297,5.80,1.60
2007.11.23 04:35:21.908,2.2289,2.2296,0.50,1.60
2007.11.23 04:35:24.333,2.2287,2.2296,13.70,1.60
2007.11.23 04:35:24.500,2.22905,2.2296,0.80,1.60
2007.11.23 04:35:24.669,2.2289,2.2296,12.80,1.60
2007.11.23 04:35:25.792,2.2289,2.2296,12.80,1.60
2007.11.23 04:35:25.950,2.2287,2.22975,16.90,3.20
2007.11.23 04:35:26.107,2.2287,2.2297,13.70,8.00
2007.11.23 04:35:26.266,2.2287,2.2297,13.70,8.00
2007.11.23 04:35:26.690,2.22875,2.2297,6.40,8.00
2007.11.23 04:35:27.330,2.2289,2.2297,2.40,8.00
2007.11.23 04:35:27.515,2.2289,2.2298,5.60,1.60
2007.11.23 04:35:27.703,2.2289,2.2298,14.40,1.60
2007.11.23 04:35:27.846,2.229,2.2298,0.60,1.60
2007.11.23 04:35:28.334,2.229,2.2298,1.60,1.60
2007.11.23 04:35:29.100,2.2289,2.2298,16.00,1.60
2007.11.23 04:35:29.263,2.22895,2.2298,11.20,1.60
2007.11.23 04:35:29.427,2.22895,2.2298,19.20,1.60
2007.11.23 04:35:29.591,2.22885,2.22975,16.00,3.20
2007.11.23 04:35:29.776,2.22885,2.22975,16.00,3.20
2007.11.23 04:35:30.023,2.229,2.22975,1.20,3.20
2007.11.23 04:35:30.272,2.2289,2.22975,13.60,3.20
2007.11.23 04:35:30.519,2.229,2.22975,2.60,3.20
2007.11.23 04:35:31.115,2.2289,2.22975,13.60,3.20
2007.11.23 04:35:32.867,2.229,2.22975,0.50,2.40
2007.11.23 04:35:33.407,2.229,2.22975,3.20,2.40
2007.11.23 04:35:34.961,2.2289,2.22975,13.60,2.40
2007.11.23 04:35:35.108,2.229,2.22975,0.80,2.40
2007.11.23 04:35:35.216,2.22885,2.22965,16.00,0.80
2007.11.23 04:35:35.326,2.2289,2.2295,13.60,0.80
2007.11.23 04:35:35.434,2.22885,2.2295,4.00,0.80
2007.11.23 04:35:35.542,2.2289,2.22945,0.90,2.40
2007.11.23 04:35:35.650,2.2289,2.22945,1.20,2.40
2007.11.23 04:35:38.522,2.2287,2.22945,13.60,2.40
2007.11.23 04:35:40.606,2.2289,2.22945,0.80,2.40
2007.11.23 04:35:40.752,2.2287,2.2295,13.60,0.80
2007.11.23 04:35:40.897,2.229,2.22965,2.10,2.40
2007.11.23 04:35:41.364,2.229,2.22965,4.30,2.40
2007.11.23 04:35:42.147,2.229,2.22965,1.70,2.40
2007.11.23 04:35:47.643,2.229,2.22965,3.70,2.40
2007.11.23 04:35:47.813,2.229,2.22965,10.40,2.40
2007.11.23 04:35:47.981,2.22915,2.23,8.80,0.80
2007.11.23 04:35:48.150,2.2292,2.23,6.40,0.80
2007.11.23 04:35:48.318,2.22925,2.2302,0.80,1.60
2007.11.23 04:35:48.560,2.2292,2.2303,6.40,1.60
2007.11.23 04:35:48.804,2.2292,2.2305,6.40,1.60
2007.11.23 04:35:49.053,2.22925,2.2306,0.80,0.80
2007.11.23 04:35:50.304,2.2292,2.2306,6.40,2.40
2007.11.23 04:35:50.458,2.2292,2.2306,6.40,0.80
2007.11.23 04:35:50.612,2.22925,2.2306,1.50,2.40
2007.11.23 04:35:50.773,2.22915,2.2306,5.60,2.40
2007.11.23 04:35:50.919,2.2291,2.2306,3.20,2.40
2007.11.23 04:35:51.074,2.2291,2.2304,1.90,1.60
2007.11.23 04:35:51.227,2.2291,2.2304,1.60,1.60
2007.11.23 04:35:51.380,2.229,2.2304,3.20,1.60
2007.11.23 04:35:51.713,2.2291,2.2304,0.70,2.40
2007.11.23 04:35:52.046,2.229,2.2304,0.80,2.40
2007.11.23 04:35:52.379,2.22885,2.2304,4.80,4.00
2007.11.23 04:35:52.703,2.22905,2.2304,1.60,4.00
2007.11.23 04:35:52.861,2.22925,2.2304,0.80,1.60
2007.11.23 04:35:53.019,2.22925,2.2305,6.40,0.80
2007.11.23 04:35:53.347,2.22925,2.2305,0.80,2.40
2007.11.23 04:35:53.681,2.22915,2.2304,6.40,1.60
2007.11.23 04:35:54.363,2.2293,2.2305,0.80,2.40
2007.11.23 04:35:55.451,2.22925,2.2305,2.40,1.60
2007.11.23 04:35:55.747,2.2293,2.2305,0.80,1.60
2007.11.23 04:35:55.912,2.22925,2.2305,2.40,1.60
2007.11.23 04:35:56.080,2.22925,2.2305,2.40,1.60
2007.11.23 04:35:56.244,2.2293,2.2305,4.80,1.60
2007.11.23 04:35:56.409,2.2294,2.2306,4.80,0.80
2007.11.23 04:35:56.616,2.2295,2.2306,0.70,0.80
2007.11.23 04:35:57.608,2.22945,2.2306,0.80,0.80
2007.11.23 04:35:57.920,2.22945,2.2306,2.40,2.40
2007.11.23 04:35:58.089,2.22945,2.2306,2.40,2.40
2007.11.23 04:35:58.257,2.22945,2.2306,2.40,0.80
2007.11.23 04:35:58.466,2.2295,2.23045,1.20,2.40
2007.11.23 04:35:58.689,2.2295,2.23045,9.60,2.40
2007.11.23 04:35:58.913,2.22945,2.23045,8.80,2.40
2007.11.23 04:35:59.137,2.2295,2.2304,12.00,1.60
2007.11.23 04:35:59.748,2.2295,2.2303,12.00,1.60
2007.11.23 04:35:59.936,2.2296,2.2303,1.10,1.60
2007.11.23 04:36:00.124,2.2296,2.2303,4.10,1.60
2007.11.23 04:36:00.313,2.2295,2.2305,2.10,1.60
2007.11.23 04:36:00.501,2.22945,2.2305,6.40,1.60
2007.11.23 04:36:00.695,2.22945,2.2305,6.40,1.60
2007.11.23 04:36:00.862,2.2295,2.2306,1.20,0.80
2007.11.23 04:36:01.031,2.22955,2.2306,0.90,0.80
2007.11.23 04:36:01.200,2.22955,2.2306,1.10,0.80
2007.11.23 04:36:01.426,2.22955,2.2306,1.20,0.80
2007.11.23 04:36:01.594,2.22945,2.2306,6.40,0.80
2007.11.23 04:36:01.904,2.22945,2.2306,6.40,0.80
2007.11.23 04:36:02.115,2.22955,2.2306,0.50,0.80
2007.11.23 04:36:02.335,2.22955,2.2306,0.70,0.80
2007.11.23 04:36:02.597,2.22945,2.2306,6.40,0.80
2007.11.23 04:36:02.813,2.22955,2.2306,2.40,0.80
2007.11.23 04:36:03.001,2.2297,2.2306,1.20,0.80
2007.11.23 04:36:03.189,2.2297,2.2306,1.50,0.80
2007.11.23 04:36:04.213,2.22965,2.2306,6.40,0.80
2007.11.23 04:36:04.655,2.2297,2.2306,3.00,0.80
2007.11.23 04:36:04.859,2.2297,2.2306,6.40,0.80
2007.11.23 04:36:05.087,2.22985,2.2306,4.80,0.80
2007.11.23 04:36:05.320,2.22985,2.2306,6.40,0.80
2007.11.23 04:36:05.554,2.2299,2.2306,0.80,0.80
2007.11.23 04:36:05.787,2.2298,2.2306,5.60,0.80
2007.11.23 04:36:06.021,2.2298,2.2306,5.60,0.80
2007.11.23 04:36:07.044,2.2299,2.2306,1.60,0.80
2007.11.23 04:36:07.217,2.2299,2.2306,1.60,0.80
2007.11.23 04:36:07.390,2.2299,2.2306,1.60,0.80
2007.11.23 04:36:08.965,2.2298,2.2306,1.60,0.80
2007.11.23 04:36:09.175,2.2299,2.2306,1.60,0.80
2007.11.23 04:36:09.293,2.2298,2.2306,1.60,0.80
2007.11.23 04:36:09.767,2.2298,2.2306,1.60,0.80
2007.11.23 04:36:09.885,2.2298,2.2306,1.60,0.80
2007.11.23 04:36:10.679,2.2298,2.2306,1.60,0.80
2007.11.23 04:36:10.983,2.2298,2.2306,1.60,0.80
2007.11.23 04:36:11.174,2.2298,2.2306,1.60,0.80
2007.11.23 04:36:11.407,2.2298,2.2306,1.60,0.80
2007.11.23 04:36:12.069,2.2298,2.2308,1.60,3.20
2007.11.23 04:36:13.042,2.2298,2.2306,1.60,0.80
2007.11.23 04:36:13.194,2.2298,2.2306,1.60,0.80
2007.11.23 04:36:13.347,2.2299,2.2306,1.60,0.80
2007.11.23 04:36:13.500,2.2298,2.2306,1.60,0.80
2007.11.23 04:36:13.916,2.2297,2.2306,1.60,0.80
2007.11.23 04:36:15.240,2.2297,2.2306,1.60,0.80
2007.11.23 04:36:16.634,2.2297,2.2306,1.60,0.80
2007.11.23 04:36:16.889,2.2296,2.2306,1.60,0.80
2007.11.23 04:36:19.468,2.2296,2.2306,1.60,0.80
2007.11.23 04:36:19.596,2.22965,2.2306,0.80,0.80
2007.11.23 04:36:19.724,2.2298,2.2306,1.60,0.80
2007.11.23 04:36:19.852,2.2298,2.2306,1.60,0.80
2007.11.23 04:36:20.007,2.2298,2.2306,1.60,0.80
2007.11.23 04:36:20.382,2.2298,2.2306,1.60,0.80
2007.11.23 04:36:20.591,2.2298,2.2306,1.60,0.80
2007.11.23 04:36:20.799,2.2298,2.2306,1.60,0.80
2007.11.23 04:36:21.006,2.2298,2.2306,1.60,0.80
2007.11.23 04:36:22.330,2.2299,2.2306,1.60,0.80
2007.11.23 04:36:22.454,2.2298,2.2306,1.60,0.80
2007.11.23 04:36:23.539,2.2298,2.2306,1.60,0.80
2007.11.23 04:36:23.698,2.2299,2.2306,1.60,0.80
2007.11.23 04:36:23.857,2.2299,2.2306,1.60,0.80
2007.11.23 04:36:26.560,2.2299,2.2306,1.60,0.80
2007.11.23 04:36:28.028,2.2299,2.2306,1.60,0.80
2007.11.23 04:36:28.336,2.2298,2.2306,5.60,0.80
2007.11.23 04:36:29.650,2.2298,2.2306,4.00,0.80
2007.11.23 04:36:29.866,2.2298,2.2306,5.60,0.80
2007.11.23 04:36:30.387,2.2298,2.2306,4.00,0.80
2007.11.23 04:36:30.724,2.2298,2.2306,5.60,0.80
2007.11.23 04:36:31.016,2.22985,2.2306,0.80,0.80
2007.11.23 04:36:31.274,2.22985,2.2306,0.80,0.80
2007.11.23 04:36:31.531,2.23,2.2306,1.60,0.80
2007.11.23 04:36:33.062,2.23,2.2306,1.60,0.80
2007.11.23 04:36:33.231,2.23,2.2306,1.60,0.80
2007.11.23 04:36:33.578,2.23,2.2306,1.60,0.80
2007.11.23 04:36:33.731,2.23,2.2306,1.60,0.80
2007.11.23 04:36:33.884,2.23,2.2306,1.60,0.80
2007.11.23 04:36:34.087,2.23,2.2306,1.60,0.80
2007.11.23 04:36:35.043,2.23,2.2306,1.60,0.80
2007.11.23 04:36:35.266,2.23,2.2306,4.00,0.80
2007.11.23 04:36:35.491,2.23,2.2306,4.00,0.80
2007.11.23 04:36:36.523,2.23,2.2311,4.00,0.80
2007.11.23 04:36:37.498,2.23,2.2311,4.00,0.80
2007.11.23 04:36:37.643,2.23,2.23095,4.00,3.20
2007.11.23 04:36:37.785,2.23,2.23095,8.00,3.20
2007.11.23 04:36:37.929,2.23,2.23095,8.00,3.20
2007.11.23 04:36:38.252,2.23005,2.2309,3.20,1.60
2007.11.23 04:36:38.575,2.2302,2.23095,12.00,2.40
2007.11.23 04:36:38.899,2.2302,2.23095,12.00,3.20
2007.11.23 04:36:39.222,2.2302,2.23095,12.00,3.20
2007.11.23 04:36:39.400,2.2302,2.2309,8.00,1.60
2007.11.23 04:36:40.273,2.2301,2.2309,12.00,1.60
2007.11.23 04:36:40.344,2.2301,2.23095,12.00,3.20
2007.11.23 04:36:41.294,2.2301,2.2309,12.00,1.60
2007.11.23 04:36:42.258,2.2301,2.2308,12.00,1.60
2007.11.23 04:36:44.560,2.2301,2.2308,12.00,1.60
2007.11.23 04:36:44.697,2.2301,2.2308,12.00,1.60
2007.11.23 04:36:44.847,2.23005,2.2309,12.80,1.60
2007.11.23 04:36:45.021,2.2302,2.2309,1.00,1.60
2007.11.23 04:36:45.231,2.23,2.23075,16.10,0.80
2007.11.23 04:36:45.440,2.2302,2.23065,1.30,2.40
2007.11.23 04:36:45.656,2.2298,2.23065,16.00,2.40
2007.11.23 04:36:45.856,2.2299,2.23065,3.10,2.40
2007.11.23 04:36:46.065,2.2298,2.23065,16.00,2.40
2007.11.23 04:36:46.391,2.2299,2.23065,1.50,2.40
2007.11.23 04:36:46.765,2.2298,2.23065,16.00,2.40
2007.11.23 04:36:47.049,2.2299,2.23065,2.90,2.40
2007.11.23 04:36:47.333,2.22965,2.23045,16.80,2.40
2007.11.23 04:36:47.517,2.22975,2.23045,2.00,2.40
2007.11.23 04:36:47.825,2.2297,2.23045,13.60,2.40
2007.11.23 04:36:48.007,2.22965,2.23045,14.40,2.40
2007.11.23 04:36:48.190,2.22965,2.23045,14.40,2.40
2007.11.23 04:36:48.409,2.2295,2.23025,1.80,2.40
2007.11.23 04:36:48.630,2.2294,2.23025,16.00,2.40
2007.11.23 04:36:48.874,2.2295,2.23025,5.60,2.40
2007.11.23 04:36:49.316,2.2295,2.23025,1.80,2.40
2007.11.23 04:36:49.839,2.2295,2.23025,1.10,2.40
2007.11.23 04:36:50.796,2.2294,2.23025,16.00,2.40
2007.11.23 04:36:52.376,2.2294,2.2302,14.40,1.60
2007.11.23 04:36:52.538,2.2295,2.2302,1.20,1.60
2007.11.23 04:36:52.682,2.2294,2.2302,14.40,1.60
2007.11.23 04:36:52.827,2.2294,2.23005,5.60,2.40
2007.11.23 04:36:52.970,2.2293,2.23005,16.00,2.40
2007.11.23 04:36:54.163,2.2293,2.23005,16.00,3.20
2007.11.23 04:36:54.428,2.22915,2.22985,13.60,2.40
2007.11.23 04:36:54.567,2.22915,2.22985,13.60,2.40
2007.11.23 04:36:54.783,2.2291,2.22985,16.00,2.40
2007.11.23 04:36:55.446,2.22915,2.22985,8.70,2.40
2007.11.23 04:36:55.744,2.2295,2.23,8.80,2.40
2007.11.23 04:36:56.044,2.22955,2.2302,3.20,1.60
2007.11.23 04:36:56.343,2.22965,2.2305,0.60,1.60
2007.11.23 04:36:56.640,2.22955,2.2305,11.20,1.60
2007.11.23 04:36:58.138,2.22955,2.2305,11.20,1.60
2007.11.23 04:36:58.298,2.22965,2.2305,11.20,1.60
2007.11.23 04:36:58.456,2.22975,2.2305,8.80,1.60
2007.11.23 04:36:59.357,2.22975,2.2304,8.80,1.60
2007.11.23 04:36:59.629,2.22975,2.2304,8.80,1.60
2007.11.23 04:37:00.168,2.22975,2.2304,8.80,1.60
2007.11.23 04:37:00.297,2.2299,2.2304,1.70,1.60
2007.11.23 04:37:00.426,2.2297,2.2305,1.70,1.60
2007.11.23 04:37:00.688,2.2297,2.2305,2.30,1.60
2007.11.23 04:37:01.566,2.2297,2.2305,1.40,1.60
2007.11.23 04:37:01.899,2.2297,2.2306,3.80,2.40
2007.11.23 04:37:02.034,2.2297,2.2306,2.70,1.60
2007.11.23 04:37:02.308,2.2296,2.2307,12.00,9.60
2007.11.23 04:37:03.195,2.22975,2.2307,0.80,9.60
2007.11.23 04:37:03.499,2.2297,2.2307,12.80,9.60
2007.11.23 04:37:03.721,2.22975,2.2307,0.80,9.60
2007.11.23 04:37:03.950,2.2297,2.2307,12.80,9.60
2007.11.23 04:37:04.124,2.22965,2.2307,16.80,9.60
2007.11.23 04:37:04.297,2.2298,2.2307,1.00,9.60
2007.11.23 04:37:04.471,2.2299,2.2308,0.80,1.60
2007.11.23 04:37:05.604,2.2298,2.2308,12.00,1.60
2007.11.23 04:37:05.912,2.22995,2.2308,8.80,1.60
2007.11.23 04:37:06.068,2.2301,2.2308,1.70,1.60
2007.11.23 04:37:06.209,2.2301,2.2308,3.60,1.60
2007.11.23 04:37:06.359,2.2301,2.2309,1.90,1.60
2007.11.23 04:37:06.506,2.22995,2.2309,8.80,1.60
2007.11.23 04:37:09.040,2.2301,2.2309,8.00,1.60
2007.11.23 04:37:09.194,2.23015,2.2309,0.80,1.60
2007.11.23 04:37:09.347,2.2302,2.2309,8.00,1.60
2007.11.23 04:37:09.649,2.2302,2.231,8.00,1.60
2007.11.23 04:37:10.655,2.2302,2.231,8.00,1.60
2007.11.23 04:37:11.504,2.2302,2.231,8.00,1.60
2007.11.23 04:37:11.738,2.23025,2.231,0.80,1.60
2007.11.23 04:37:11.972,2.23025,2.2311,0.80,2.40
2007.11.23 04:37:12.205,2.23025,2.2311,0.80,2.40
2007.11.23 04:37:12.323,2.23025,2.2311,0.80,0.80
2007.11.23 04:37:12.449,2.23025,2.2311,0.80,0.80
2007.11.23 04:37:12.659,2.23025,2.2311,0.80,0.80
2007.11.23 04:37:12.830,2.23025,2.2311,0.80,0.80
2007.11.23 04:37:13.912,2.23025,2.2311,0.80,0.80
2007.11.23 04:37:18.382,2.23025,2.2311,0.80,2.40
2007.11.23 04:37:19.146,2.2303,2.2311,1.60,0.80
2007.11.23 04:37:21.972,2.23025,2.2311,0.80,0.80
2007.11.23 04:37:22.915,2.2303,2.2311,1.60,0.80
2007.11.23 04:37:25.610,2.23035,2.2311,0.80,0.80
2007.11.23 04:37:25.727,2.23035,2.2311,0.80,0.80
2007.11.23 04:37:25.850,2.23035,2.2311,0.80,0.80
2007.11.23 04:37:26.119,2.2303,2.2311,1.60,0.80
2007.11.23 04:37:26.647,2.2303,2.2311,1.60,0.80
2007.11.23 04:37:26.910,2.2303,2.2311,1.60,0.80
2007.11.23 04:37:27.173,2.2303,2.2311,1.60,0.80
2007.11.23 04:37:27.835,2.2303,2.2311,1.60,0.80
2007.11.23 04:37:28.256,2.23035,2.2311,0.80,0.80
2007.11.23 04:37:28.429,2.23035,2.2311,0.80,0.80
2007.11.23 04:37:28.673,2.2302,2.2311,1.60,0.80
2007.11.23 04:37:29.034,2.2302,2.2311,1.60,0.80
2007.11.23 04:37:29.233,2.2302,2.23095,9.60,2.40
2007.11.23 04:37:29.431,2.2303,2.23095,1.60,2.40
2007.11.23 04:37:31.617,2.2303,2.23095,1.60,2.40
2007.11.23 04:37:31.764,2.2303,2.231,1.60,0.80
2007.11.23 04:37:31.917,2.2304,2.2311,1.60,0.80
2007.11.23 04:37:32.270,2.2305,2.2311,1.60,0.80
2007.11.23 04:37:32.423,2.2304,2.2311,1.60,0.80
2007.11.23 04:37:33.009,2.2304,2.2311,1.60,0.80
2007.11.23 04:37:34.114,2.2304,2.2311,1.60,0.80
2007.11.23 04:37:34.322,2.2304,2.23095,1.60,2.40
2007.11.23 04:37:34.530,2.2304,2.23095,1.60,2.40
2007.11.23 04:37:34.805,2.2303,2.23095,1.60,2.40
2007.11.23 04:37:35.330,2.2304,2.23095,1.60,2.40
2007.11.23 04:37:36.299,2.2303,2.23095,1.60,2.40
2007.11.23 04:37:37.623,2.2303,2.23095,1.60,2.40
2007.11.23 04:37:37.789,2.2303,2.231,1.60,0.80
2007.11.23 04:37:37.947,2.2305,2.23105,1.60,2.40
2007.11.23 04:37:38.446,2.2305,2.23105,1.60,2.40
2007.11.23 04:37:38.945,2.2305,2.23105,1.60,2.40
2007.11.23 04:37:39.178,2.2305,2.23105,1.60,2.40
2007.11.23 04:37:39.412,2.2305,2.2311,1.60,8.80
2007.11.23 04:37:39.646,2.23045,2.2311,1.60,0.80
2007.11.23 04:37:39.811,2.23045,2.2311,1.60,0.80
2007.11.23 04:37:40.279,2.23045,2.2311,1.60,0.80
2007.11.23 04:37:41.557,2.2305,2.2311,5.60,0.80
2007.11.23 04:37:42.185,2.2305,2.2311,5.60,0.80
2007.11.23 04:37:42.349,2.2305,2.2311,5.60,0.80
2007.11.23 04:37:42.478,2.2305,2.2311,1.60,0.80
2007.11.23 04:37:42.656,2.2305,2.2311,1.60,0.80
2007.11.23 04:37:42.785,2.2305,2.2311,1.60,0.80
2007.11.23 04:37:42.989,2.2305,2.2311,1.60,1.60
2007.11.23 04:37:43.192,2.2305,2.2311,1.60,1.60
2007.11.23 04:37:43.395,2.2304,2.2311,1.60,0.80
2007.11.23 04:37:43.643,2.2304,2.2311,1.60,0.80
2007.11.23 04:37:43.847,2.2304,2.23095,1.60,2.40
2007.11.23 04:37:44.076,2.23035,2.23095,0.80,2.40
2007.11.23 04:37:44.311,2.2302,2.2308,1.60,8.00
2007.11.23 04:37:44.540,2.2302,2.2308,1.60,8.00
2007.11.23 04:37:44.774,2.23025,2.2308,6.30,8.00
2007.11.23 04:37:45.071,2.2306,2.2311,1.60,0.80
2007.11.23 04:37:47.173,2.2306,2.2311,1.60,0.80
2007.11.23 04:37:48.094,2.2306,2.2311,1.60,0.80
2007.11.23 04:37:48.223,2.2306,2.2311,1.60,0.80
2007.11.23 04:37:48.350,2.2306,2.2311,9.60,0.80
2007.11.23 04:37:48.479,2.2308,2.2311,8.00,0.80
2007.11.23 04:37:48.725,2.2308,2.2311,8.00,0.80
2007.11.23 04:37:48.853,2.2308,2.2311,9.60,0.80
2007.11.23 04:37:49.749,2.2308,2.2311,9.60,0.80
2007.11.23 04:37:50.075,2.2308,2.2311,1.60,0.80
2007.11.23 04:37:50.257,2.2308,2.2311,1.60,0.80
2007.11.23 04:37:50.588,2.2308,2.2311,1.60,0.80
2007.11.23 04:37:50.772,2.2308,2.2311,1.60,0.80
2007.11.23 04:37:50.955,2.2309,2.2311,1.60,0.80
2007.11.23 04:37:51.289,2.2309,2.2311,1.60,0.80
2007.11.23 04:37:51.533,2.2309,2.2311,1.60,0.80
2007.11.23 04:37:51.766,2.2309,2.2311,1.60,0.80
2007.11.23 04:37:53.361,2.231,2.2311,1.60,0.80
2007.11.23 04:37:53.893,2.2309,2.2311,1.60,0.80
2007.11.23 04:37:54.637,2.2309,2.2311,1.60,0.80
2007.11.23 04:37:54.839,2.2309,2.2311,1.60,0.80
2007.11.23 04:37:55.047,2.231,2.2311,1.60,0.80
2007.11.23 04:37:55.714,2.231,2.2311,1.60,0.80
2007.11.23 04:37:56.613,2.231,2.2311,1.60,0.80
2007.11.23 04:37:56.792,2.231,2.2311,1.60,0.80
2007.11.23 04:37:56.976,2.2308,2.2311,1.60,0.80
2007.11.23 04:37:57.155,2.2308,2.2311,1.60,0.80
2007.11.23 04:37:58.986,2.2309,2.2311,1.60,0.80
2007.11.23 04:38:02.368,2.2308,2.2311,1.60,0.80
2007.11.23 04:38:05.162,2.2308,2.2311,1.60,0.80
2007.11.23 04:38:05.298,2.2308,2.2311,1.60,0.80
2007.11.23 04:38:05.435,2.2306,2.2311,1.60,0.80
2007.11.23 04:38:05.647,2.2306,2.2311,1.60,0.80
2007.11.23 04:38:06.110,2.2306,2.2311,1.60,0.80
2007.11.23 04:38:06.303,2.2306,2.2311,1.60,0.80
2007.11.23 04:38:06.498,2.2306,2.2311,1.60,0.80
2007.11.23 04:38:06.820,2.2306,2.2311,1.60,0.80
2007.11.23 04:38:07.144,2.2305,2.2311,8.00,0.80
2007.11.23 04:38:07.468,2.2307,2.2311,1.60,0.80
2007.11.23 04:38:09.172,2.2307,2.2311,1.60,0.80
2007.11.23 04:38:09.454,2.2307,2.2311,1.60,0.80
2007.11.23 04:38:10.350,2.2306,2.2311,1.60,0.80
2007.11.23 04:38:10.992,2.2307,2.2311,1.60,0.80
2007.11.23 04:38:11.303,2.2307,2.2311,1.60,0.80
2007.11.23 04:38:11.451,2.2304,2.2311,1.60,0.80
2007.11.23 04:38:11.599,2.2304,2.2311,1.60,1.60
2007.11.23 04:38:11.748,2.2304,2.2311,1.60,1.60
2007.11.23 04:38:12.002,2.2304,2.231,1.60,8.00
2007.11.23 04:38:12.254,2.2304,2.231,1.60,8.00
2007.11.23 04:38:12.508,2.2305,2.2311,9.60,0.80
2007.11.23 04:38:12.763,2.2305,2.2311,9.60,1.60
2007.11.23 04:38:12.987,2.2304,2.2311,1.60,1.60
2007.11.23 04:38:13.211,2.2304,2.2311,1.60,1.60
2007.11.23 04:38:13.750,2.2304,2.2311,1.60,0.80
2007.11.23 04:38:14.050,2.2304,2.2311,1.60,0.80
2007.11.23 04:38:14.279,2.2304,2.2311,1.60,0.80
2007.11.23 04:38:14.555,2.2304,2.2311,1.60,0.80
2007.11.23 04:38:15.159,2.2304,2.2311,1.60,0.80
2007.11.23 04:38:15.357,2.2306,2.2311,1.60,0.80
2007.11.23 04:38:15.852,2.2306,2.2311,1.60,0.80
2007.11.23 04:38:17.130,2.2306,2.2311,1.60,0.80
2007.11.23 04:38:19.147,2.2306,2.2311,1.60,0.80
2007.11.23 04:38:21.295,2.2306,2.2311,1.60,0.80
2007.11.23 04:38:21.820,2.2306,2.2311,1.60,0.80
2007.11.23 04:38:21.918,2.2307,2.2311,1.60,0.80
2007.11.23 04:38:22.184,2.2307,2.2311,1.10,0.80
2007.11.23 04:38:22.242,2.2306,2.2311,0.90,0.80
2007.11.23 04:38:23.160,2.2306,2.2311,1.00,0.80
2007.11.23 04:38:23.312,2.2306,2.23105,1.10,2.40
2007.11.23 04:38:23.469,2.2305,2.23105,9.60,2.40
2007.11.23 04:38:25.974,2.2303,2.23105,16.00,2.40
2007.11.23 04:38:26.932,2.2305,2.23105,9.60,2.40
2007.11.23 04:38:27.702,2.2305,2.23105,9.60,2.40
2007.11.23 04:38:27.834,2.2306,2.23105,0.70,2.40
2007.11.23 04:38:28.029,2.2305,2.23105,9.60,2.40
2007.11.23 04:38:28.478,2.2305,2.23105,9.60,2.40
2007.11.23 04:38:28.722,2.2305,2.23105,9.60,2.40
2007.11.23 04:38:28.970,2.23005,2.23085,5.60,2.40
2007.11.23 04:38:29.363,2.23,2.23085,8.00,2.40
2007.11.23 04:38:29.896,2.23,2.23085,8.00,2.40
2007.11.23 04:38:30.209,2.23,2.23085,8.00,2.40
2007.11.23 04:38:30.392,2.23,2.2308,5.60,8.00
2007.11.23 04:38:30.576,2.23,2.2308,5.60,8.00
2007.11.23 04:38:31.113,2.23,2.2308,5.60,8.00
2007.11.23 04:38:31.297,2.2302,2.2308,0.70,8.00
2007.11.23 04:38:31.520,2.2303,2.23085,1.20,2.40
2007.11.23 04:38:31.742,2.2303,2.23085,1.10,2.40
2007.11.23 04:38:31.966,2.2303,2.23085,1.20,2.40
2007.11.23 04:38:32.341,2.2303,2.23085,1.10,2.40
2007.11.23 04:38:35.699,2.2303,2.23085,0.60,2.40
2007.11.23 04:38:35.942,2.2301,2.23085,9.60,2.40
2007.11.23 04:38:36.095,2.2301,2.23085,9.60,2.40
2007.11.23 04:38:36.394,2.2303,2.23085,1.10,2.40
2007.11.23 04:38:39.191,2.2301,2.23085,9.60,2.40
2007.11.23 04:38:39.687,2.2303,2.23085,0.80,2.40
2007.11.23 04:38:39.955,2.23025,2.23085,9.60,2.40
2007.11.23 04:38:40.337,2.2304,2.23085,0.70,2.40
2007.11.23 04:38:41.186,2.2303,2.23085,9.60,2.40
2007.11.23 04:38:41.489,2.2302,2.23085,9.60,2.40
2007.11.23 04:38:41.617,2.2302,2.23085,9.60,2.40
2007.11.23 04:38:44.293,2.2302,2.23085,9.60,2.40
2007.11.23 04:38:44.596,2.2302,2.23085,9.60,2.40
2007.11.23 04:38:44.857,2.23,2.23085,13.60,2.40
2007.11.23 04:38:45.114,2.2303,2.23085,0.60,2.40
2007.11.23 04:38:47.292,2.23,2.23085,13.60,2.40
2007.11.23 04:38:48.341,2.2303,2.23085,1.20,2.40
2007.11.23 04:38:50.221,2.23,2.23085,13.60,2.40
2007.11.23 04:38:52.101,2.2303,2.23085,1.60,2.40
2007.11.23 04:38:52.189,2.2303,2.23085,1.60,2.40
2007.11.23 04:38:52.278,2.2303,2.2309,1.60,0.80
2007.11.23 04:38:52.366,2.2304,2.2309,1.60,0.80
2007.11.23 04:38:52.454,2.2304,2.23095,1.60,2.40
2007.11.23 04:38:52.610,2.2304,2.23095,1.60,2.40
2007.11.23 04:38:54.576,2.2304,2.23095,1.60,2.40
2007.11.23 04:38:54.691,2.2304,2.2311,1.60,1.60
2007.11.23 04:38:54.805,2.2304,2.2311,4.00,1.60
2007.11.23 04:38:54.999,2.2304,2.2311,12.00,0.80
2007.11.23 04:38:58.231,2.2304,2.2311,12.00,0.80
2007.11.23 04:38:58.443,2.2304,2.2311,12.00,0.80
2007.11.23 04:38:58.809,2.2304,2.2311,12.00,0.80
2007.11.23 04:38:58.989,2.2304,2.2311,8.00,0.80
2007.11.23 04:38:59.166,2.2303,2.2311,1.60,0.80
2007.11.23 04:38:59.345,2.2303,2.2311,1.60,0.80
2007.11.23 04:38:59.524,2.2302,2.2311,1.60,0.80
2007.11.23 04:39:01.244,2.2302,2.2311,1.60,0.80
2007.11.23 04:39:01.679,2.23025,2.2311,0.80,0.80
2007.11.23 04:39:01.792,2.23025,2.2311,0.80,0.80
2007.11.23 04:39:01.921,2.2304,2.2311,1.60,0.80
2007.11.23 04:39:02.243,2.2304,2.2311,1.60,0.80
2007.11.23 04:39:04.716,2.2304,2.2311,1.60,0.80
2007.11.23 04:39:04.858,2.2304,2.2311,1.60,0.80
2007.11.23 04:39:05.001,2.2303,2.2311,1.60,0.80
2007.11.23 04:39:07.673,2.2303,2.2311,1.60,0.80
2007.11.23 04:39:07.823,2.2303,2.2311,1.60,0.80
2007.11.23 04:39:07.966,2.2304,2.2311,1.60,0.80
2007.11.23 04:39:12.267,2.2304,2.2311,1.60,0.80
2007.11.23 04:39:15.407,2.2304,2.231,1.60,0.80
2007.11.23 04:39:17.668,2.2304,2.231,1.60,0.80
2007.11.23 04:39:17.774,2.2304,2.231,1.60,0.80
2007.11.23 04:39:17.879,2.2303,2.231,1.60,0.80
2007.11.23 04:39:18.024,2.2303,2.231,1.60,0.80
2007.11.23 04:39:18.239,2.2303,2.231,1.60,0.80
2007.11.23 04:39:21.471,2.2303,2.231,0.70,0.80
2007.11.23 04:39:23.298,2.23025,2.231,2.40,0.80
2007.11.23 04:39:25.675,2.23025,2.231,2.40,0.80
2007.11.23 04:39:25.888,2.23025,2.231,2.40,0.80
2007.11.23 04:39:28.132,2.2303,2.231,0.60,0.80
2007.11.23 04:39:28.265,2.2301,2.231,7.70,0.80
2007.11.23 04:39:28.426,2.22995,2.231,2.40,0.80
2007.11.23 04:39:28.584,2.22995,2.231,2.40,1.60
2007.11.23 04:39:28.742,2.22995,2.231,2.40,1.60
2007.11.23 04:39:30.117,2.2302,2.231,2.40,1.60
2007.11.23 04:39:30.346,2.23025,2.231,2.40,1.60
2007.11.23 04:39:31.384,2.2302,2.231,6.40,1.60
2007.11.23 04:39:33.321,2.23045,2.231,0.80,1.60
2007.11.23 04:39:33.630,2.23045,2.231,0.80,1.60
2007.11.23 04:39:33.890,2.23045,2.231,0.80,0.80
2007.11.23 04:39:34.146,2.23045,2.231,0.80,0.80
2007.11.23 04:39:34.407,2.23025,2.231,5.60,0.80
2007.11.23 04:39:34.666,2.23045,2.231,1.60,0.80
2007.11.23 04:39:34.944,2.23045,2.231,1.60,0.80
2007.11.23 04:39:35.223,2.23045,2.231,1.60,0.80
2007.11.23 04:39:35.501,2.23065,2.2311,0.80,1.60
2007.11.23 04:39:35.781,2.23035,2.2311,1.60,1.60
2007.11.23 04:39:35.964,2.2304,2.2311,2.40,1.60
2007.11.23 04:39:37.014,2.2304,2.2311,2.40,1.60
2007.11.23 04:39:37.222,2.23035,2.2311,2.40,1.60
2007.11.23 04:39:37.376,2.23035,2.2311,2.40,1.60
2007.11.23 04:39:37.927,2.2305,2.2311,0.90,1.60
2007.11.23 04:39:38.134,2.2303,2.2311,5.60,1.60
2007.11.23 04:39:38.343,2.23025,2.231,2.40,0.80
2007.11.23 04:39:39.854,2.23025,2.231,2.40,0.80
2007.11.23 04:39:39.988,2.2304,2.231,0.60,0.80
2007.11.23 04:39:40.196,2.2304,2.231,1.00,0.80
2007.11.23 04:39:41.937,2.2304,2.231,1.00,0.80
2007.11.23 04:39:42.033,2.23025,2.2309,2.40,0.80
2007.11.23 04:39:42.126,2.23025,2.2309,2.40,0.80
2007.11.23 04:39:42.659,2.2302,2.2309,12.00,0.80
2007.11.23 04:39:42.892,2.2303,2.2309,0.60,0.80
2007.11.23 04:39:43.190,2.2303,2.2309,1.10,0.80
2007.11.23 04:39:45.449,2.2301,2.2309,4.00,0.80
2007.11.23 04:39:45.691,2.2301,2.2309,4.00,0.80
2007.11.23 04:39:45.936,2.23025,2.2309,2.40,0.80
2007.11.23 04:39:46.179,2.23025,2.2309,2.40,0.80
2007.11.23 04:39:46.479,2.2305,2.2309,0.50,0.80
2007.11.23 04:39:46.772,2.2304,2.2309,12.00,0.80
2007.11.23 04:39:47.065,2.2304,2.231,12.00,0.80
2007.11.23 04:39:47.366,2.23025,2.231,2.40,0.80
2007.11.23 04:39:47.579,2.23025,2.231,2.40,0.80
2007.11.23 04:39:47.882,2.23025,2.231,2.40,0.80
2007.11.23 04:39:48.097,2.23025,2.2309,2.40,0.80
2007.11.23 04:39:50.358,2.23025,2.2309,0.80,0.80
2007.11.23 04:39:51.951,2.2304,2.2309,1.60,0.80
2007.11.23 04:39:52.116,2.2304,2.2309,1.60,0.80
2007.11.23 04:39:52.315,2.2304,2.2309,1.60,0.80
2007.11.23 04:39:52.952,2.23025,2.2309,0.80,0.80
2007.11.23 04:39:56.363,2.2303,2.2309,1.60,0.80
2007.11.23 04:39:57.953,2.2304,2.2309,1.60,0.80
2007.11.23 04:39:59.007,2.2305,2.2309,1.60,0.80
2007.11.23 04:39:59.358,2.2303,2.2309,1.60,0.80
2007.11.23 04:40:00.368,2.2303,2.2309,1.60,0.80
2007.11.23 04:40:00.526,2.2305,2.2309,1.60,0.80
2007.11.23 04:40:01.190,2.2305,2.2309,1.60,0.80
2007.11.23 04:40:02.388,2.2303,2.2309,1.60,0.80
2007.11.23 04:40:07.501,2.2303,2.2309,1.60,0.80
2007.11.23 04:40:08.032,2.2303,2.2309,1.60,0.80
2007.11.23 04:40:08.824,2.2304,2.2309,1.60,0.80
2007.11.23 04:40:09.358,2.2303,2.2309,1.60,0.80
2007.11.23 04:40:10.637,2.2303,2.2309,1.60,0.80
2007.11.23 04:40:10.773,2.2303,2.2309,8.00,0.80
2007.11.23 04:40:10.891,2.2305,2.2309,1.60,0.80
2007.11.23 04:40:11.311,2.2304,2.2309,9.60,0.80
2007.11.23 04:40:12.184,2.23045,2.2309,0.80,0.80
2007.11.23 04:40:12.292,2.23045,2.2309,0.80,0.80
2007.11.23 04:40:12.600,2.23045,2.2309,0.80,0.80
2007.11.23 04:40:12.790,2.23045,2.2309,0.80,0.80
2007.11.23 04:40:12.898,2.23045,2.2309,0.80,0.80
2007.11.23 04:40:13.007,2.2305,2.2309,1.60,0.80
2007.11.23 04:40:13.380,2.23045,2.2309,0.80,0.80
2007.11.23 04:40:18.527,2.23045,2.2309,0.80,0.80
2007.11.23 04:40:19.910,2.2305,2.2309,1.60,0.80
2007.11.23 04:40:21.087,2.2305,2.2309,1.60,0.80
2007.11.23 04:40:21.232,2.2305,2.2309,1.60,0.80
2007.11.23 04:40:21.406,2.2306,2.231,9.60,0.80
2007.11.23 04:40:21.602,2.2306,2.231,9.60,0.80
2007.11.23 04:40:23.225,2.2306,2.2311,9.60,1.60
2007.11.23 04:40:24.626,2.2306,2.231,9.60,0.80
2007.11.23 04:40:24.755,2.23065,2.2311,0.80,1.60
2007.11.23 04:40:24.888,2.2307,2.2311,1.60,0.50
2007.11.23 04:40:25.067,2.2307,2.23145,1.60,4.00
2007.11.23 04:40:27.622,2.2307,2.2311,1.60,0.90
2007.11.23 04:40:27.775,2.2307,2.2311,1.60,0.60
2007.11.23 04:40:27.934,2.2306,2.2314,1.60,9.60
2007.11.23 04:40:28.140,2.2306,2.2314,1.60,9.60
2007.11.23 04:40:28.299,2.23065,2.2311,0.80,0.70
2007.11.23 04:40:28.446,2.23065,2.2315,0.80,3.20
2007.11.23 04:40:28.679,2.23065,2.2315,0.80,3.20
2007.11.23 04:40:28.913,2.2307,2.2311,4.00,0.70
2007.11.23 04:40:29.147,2.2308,2.2311,1.60,0.60
2007.11.23 04:40:29.548,2.2308,2.2311,1.60,0.60
2007.11.23 04:40:33.456,2.2308,2.2311,1.60,0.80
2007.11.23 04:40:34.882,2.2307,2.2311,1.60,0.60
2007.11.23 04:40:40.058,2.2307,2.2311,1.60,0.70
2007.11.23 04:40:40.347,2.2308,2.2311,1.60,0.50
2007.11.23 04:40:40.585,2.2308,2.2311,1.60,0.90
2007.11.23 04:40:46.368,2.2307,2.2311,1.60,0.60
2007.11.23 04:40:46.900,2.2308,2.2311,1.60,0.80
2007.11.23 04:40:51.629,2.2308,2.2311,1.60,1.60
2007.11.23 04:40:58.224,2.2308,2.2311,1.60,1.60
2007.11.23 04:40:58.386,2.2308,2.2311,1.60,1.60
2007.11.23 04:41:00.677,2.2308,2.2311,1.60,1.60
2007.11.23 04:41:00.861,2.2308,2.2311,9.60,1.60
2007.11.23 04:41:01.045,2.2309,2.2311,1.60,1.60
2007.11.23 04:41:01.304,2.2309,2.2311,1.60,1.60
2007.11.23 04:41:02.642,2.2309,2.2311,1.60,1.60
2007.11.23 04:41:04.621,2.2309,2.2311,1.60,1.60
2007.11.23 04:41:04.705,2.2309,2.2311,1.60,1.60
2007.11.23 04:41:04.941,2.2308,2.2311,1.60,1.60
2007.11.23 04:41:05.023,2.2308,2.2311,1.60,1.60
2007.11.23 04:41:05.350,2.231,2.2311,1.60,1.60
2007.11.23 04:41:05.475,2.231,2.2311,1.60,1.60
2007.11.23 04:41:07.942,2.2308,2.2311,1.60,1.60
2007.11.23 04:41:08.236,2.2308,2.2311,1.60,1.60
2007.11.23 04:41:08.518,2.2309,2.2311,1.60,1.60
2007.11.23 04:41:08.806,2.2309,2.2311,1.60,1.60
2007.11.23 04:41:12.190,2.2309,2.2311,1.60,1.60
2007.11.23 04:41:12.355,2.2311,2.23165,8.00,4.00
2007.11.23 04:41:12.517,2.2311,2.23165,7.20,4.00
2007.11.23 04:41:12.681,2.2311,2.23165,7.20,4.00
2007.11.23 04:41:12.844,2.2311,2.23165,7.20,4.00
2007.11.23 04:41:13.096,2.2311,2.23165,7.20,4.00
2007.11.23 04:41:13.350,2.2311,2.2312,8.80,0.80
2007.11.23 04:41:13.603,2.2311,2.2312,8.80,0.03
2007.11.23 04:41:13.858,2.2311,2.2312,8.80,0.03
2007.11.23 04:41:14.145,2.2311,2.2312,7.20,0.03
2007.11.23 04:41:14.434,2.23085,2.2312,1.60,0.03
2007.11.23 04:41:14.722,2.23085,2.2312,1.60,0.03
2007.11.23 04:41:15.700,2.23085,2.2312,2.40,0.03
2007.11.23 04:41:15.929,2.23085,2.2312,2.40,0.03
2007.11.23 04:41:16.134,2.23085,2.2312,0.80,0.03
2007.11.23 04:41:16.318,2.2308,2.2312,9.60,0.03
2007.11.23 04:41:16.500,2.2308,2.2312,8.00,0.03
2007.11.23 04:41:16.683,2.2308,2.2312,9.60,0.03
2007.11.23 04:41:17.133,2.23085,2.2312,0.80,0.03
2007.11.23 04:41:19.126,2.23085,2.2312,0.80,0.03
2007.11.23 04:41:19.270,2.2308,2.2312,9.60,0.03
2007.11.23 04:41:19.415,2.2308,2.2312,9.60,0.03
2007.11.23 04:41:19.557,2.2308,2.2312,1.60,0.03
2007.11.23 04:41:24.696,2.2308,2.2312,1.60,0.03
2007.11.23 04:41:26.854,2.2308,2.2312,0.50,0.03
2007.11.23 04:41:31.733,2.2308,2.2312,2.40,0.03
2007.11.23 04:41:32.085,2.23085,2.2312,0.80,0.03
2007.11.23 04:41:32.223,2.2306,2.2312,16.10,0.03
2007.11.23 04:41:32.361,2.2306,2.2312,16.10,0.03
2007.11.23 04:41:32.501,2.23045,2.2312,2.40,0.03
2007.11.23 04:41:32.638,2.2306,2.2312,1.10,0.03
2007.11.23 04:41:32.945,2.2304,2.2312,2.40,0.03
2007.11.23 04:41:35.632,2.23025,2.2312,10.40,0.03
2007.11.23 04:41:35.735,2.23025,2.23115,10.40,2.40
2007.11.23 04:41:35.837,2.23025,2.23115,10.40,2.40
2007.11.23 04:41:36.140,2.23025,2.23115,2.40,2.40
2007.11.23 04:41:36.443,2.23025,2.23115,2.40,2.40
2007.11.23 04:41:36.870,2.23025,2.23115,2.40,2.40
2007.11.23 04:41:38.724,2.2304,2.23115,2.40,2.40
2007.11.23 04:41:38.857,2.2304,2.23115,2.40,2.40
2007.11.23 04:41:39.051,2.2304,2.23115,2.40,2.40
2007.11.23 04:41:39.244,2.2304,2.23115,2.40,2.40
2007.11.23 04:41:39.437,2.2305,2.23115,1.20,2.40
2007.11.23 04:41:40.364,2.23045,2.2312,2.40,8.80
2007.11.23 04:41:40.523,2.23045,2.23115,2.40,2.40
2007.11.23 04:41:40.772,2.23045,2.23115,2.40,2.40
2007.11.23 04:41:40.931,2.23045,2.23115,0.80,2.40
2007.11.23 04:41:41.348,2.23045,2.23115,2.40,2.40
2007.11.23 04:41:42.202,2.23055,2.23115,0.80,2.40
2007.11.23 04:41:42.381,2.2305,2.23115,2.40,2.40
2007.11.23 04:41:42.584,2.2306,2.23115,0.80,2.40
2007.11.23 04:41:42.763,2.2306,2.231,0.80,0.80
2007.11.23 04:41:42.942,2.23035,2.23095,2.40,2.40
2007.11.23 04:41:43.141,2.23035,2.23095,2.40,2.40
2007.11.23 04:41:43.526,2.23035,2.23095,2.40,2.40
2007.11.23 04:41:43.725,2.2305,2.23115,0.70,2.40
2007.11.23 04:41:44.356,2.2305,2.23115,0.60,2.40
2007.11.23 04:41:44.786,2.23035,2.23115,2.40,2.40
2007.11.23 04:41:45.058,2.23035,2.23115,2.40,2.40
2007.11.23 04:41:45.268,2.2305,2.23115,0.70,2.40
2007.11.23 04:41:45.470,2.23025,2.23115,2.40,2.40
2007.11.23 04:41:45.675,2.23025,2.23115,2.40,2.40
2007.11.23 04:41:45.880,2.2302,2.23095,9.60,2.40
2007.11.23 04:41:46.082,2.23015,2.23095,2.40,2.40
2007.11.23 04:41:46.346,2.23015,2.23085,2.40,2.40
2007.11.23 04:41:46.610,2.23015,2.23085,2.40,2.40
2007.11.23 04:41:46.931,2.23015,2.2309,0.80,4.00
2007.11.23 04:41:47.194,2.2301,2.23095,2.40,2.40
2007.11.23 04:41:48.119,2.23015,2.23095,0.80,2.40
2007.11.23 04:41:48.443,2.22985,2.2308,4.80,8.00
2007.11.23 04:41:48.692,2.22995,2.2308,0.70,8.00
2007.11.23 04:41:48.850,2.22995,2.2308,1.10,8.00
2007.11.23 04:41:49.013,2.2299,2.2308,4.00,8.00
2007.11.23 04:41:49.172,2.22995,2.2308,2.40,8.00
2007.11.23 04:41:49.455,2.2301,2.2309,0.50,4.00
2007.11.23 04:41:49.739,2.2301,2.2309,0.60,4.00
2007.11.23 04:41:50.364,2.23,2.2309,12.00,4.00
2007.11.23 04:41:50.648,2.23,2.2309,12.00,4.00
2007.11.23 04:41:51.294,2.2301,2.2309,1.10,4.00
2007.11.23 04:41:52.336,2.2301,2.2309,1.10,5.60
2007.11.23 04:41:52.691,2.23,2.2309,12.30,5.60
2007.11.23 04:41:52.829,2.2301,2.2309,4.90,5.60
2007.11.23 04:41:53.087,2.2302,2.2311,3.50,5.60
2007.11.23 04:41:55.327,2.23015,2.2311,12.80,5.60
2007.11.23 04:41:56.618,2.2302,2.2311,12.00,5.60
2007.11.23 04:41:56.772,2.2302,2.2311,12.00,5.60
2007.11.23 04:41:56.925,2.2302,2.231,1.60,8.00
2007.11.23 04:41:57.079,2.2301,2.231,4.00,9.60
2007.11.23 04:41:57.966,2.2301,2.231,4.00,9.60
2007.11.23 04:42:00.146,2.2301,2.231,4.00,9.60
2007.11.23 04:42:00.251,2.2301,2.23095,4.00,3.20
2007.11.23 04:42:00.354,2.2301,2.23095,1.60,3.20
2007.11.23 04:42:00.458,2.2301,2.2309,1.60,1.60
2007.11.23 04:42:00.939,2.23,2.2309,12.00,1.60
2007.11.23 04:42:03.713,2.23,2.23085,12.00,2.40
2007.11.23 04:42:03.872,2.23,2.23085,12.00,2.40
2007.11.23 04:42:04.029,2.23,2.2308,12.00,1.60
2007.11.23 04:42:04.217,2.23,2.2308,12.00,1.60
2007.11.23 04:42:04.797,2.23,2.23085,12.00,2.40
2007.11.23 04:42:05.626,2.23,2.23085,12.00,2.40
2007.11.23 04:42:05.827,2.23,2.23065,9.60,2.40
2007.11.23 04:42:05.957,2.2299,2.23065,4.00,2.40
2007.11.23 04:42:06.155,2.2299,2.23065,4.00,2.40
2007.11.23 04:42:06.293,2.2299,2.23065,1.60,3.20
2007.11.23 04:42:06.431,2.2299,2.2306,1.60,1.60
2007.11.23 04:42:07.061,2.2299,2.23065,1.60,3.20
2007.11.23 04:42:07.839,2.2299,2.23065,1.60,0.80
2007.11.23 04:42:07.962,2.2299,2.23065,1.60,0.80
2007.11.23 04:42:08.138,2.2299,2.2307,1.60,5.60
2007.11.23 04:42:08.411,2.23,2.2307,1.60,1.60
2007.11.23 04:42:08.545,2.23,2.23055,1.60,2.40
2007.11.23 04:42:08.668,2.23,2.23055,1.60,2.40
2007.11.23 04:42:08.934,2.2299,2.23055,1.60,2.40
2007.11.23 04:42:09.348,2.2298,2.23055,12.00,2.40
2007.11.23 04:42:09.665,2.2298,2.23055,12.00,2.40
2007.11.23 04:42:10.407,2.2299,2.23055,1.60,2.40
2007.11.23 04:42:15.791,2.2299,2.23055,4.00,2.40
2007.11.23 04:42:15.935,2.23,2.23055,1.60,2.40
2007.11.23 04:42:16.086,2.23,2.23055,1.60,2.40
2007.11.23 04:42:16.495,2.23,2.23055,1.60,2.40
2007.11.23 04:42:16.665,2.23,2.23055,1.60,2.40
2007.11.23 04:42:16.833,2.23,2.23055,1.60,2.40
2007.11.23 04:42:17.008,2.2298,2.23055,9.60,2.40
2007.11.23 04:42:17.346,2.2298,2.23055,9.60,2.40
2007.11.23 04:42:17.720,2.2298,2.23055,9.60,2.40
2007.11.23 04:42:17.945,2.2298,2.23055,12.00,2.40
2007.11.23 04:42:18.168,2.2299,2.23055,1.60,2.40
2007.11.23 04:42:18.400,2.2298,2.23055,12.00,2.40
2007.11.23 04:42:18.613,2.2299,2.23055,1.60,2.40
2007.11.23 04:42:20.031,2.2299,2.23055,1.60,2.40
2007.11.23 04:42:21.087,2.2299,2.23055,1.60,2.40
2007.11.23 04:42:21.326,2.22985,2.23025,1.60,2.40
2007.11.23 04:42:21.445,2.2298,2.23025,1.60,2.40
2007.11.23 04:42:22.318,2.2297,2.23025,1.60,2.40
2007.11.23 04:42:22.513,2.2297,2.23005,1.60,1.60
2007.11.23 04:42:23.352,2.2298,2.23005,1.60,1.60
2007.11.23 04:42:25.212,2.2298,2.23005,1.60,1.60
2007.11.23 04:42:25.417,2.2297,2.23005,9.60,1.60
2007.11.23 04:42:25.554,2.2297,2.23005,1.60,1.60
2007.11.23 04:42:25.728,2.2297,2.23005,1.60,1.60
2007.11.23 04:42:25.901,2.2296,2.23005,4.00,1.60
2007.11.23 04:42:26.075,2.2296,2.23005,4.00,1.60
2007.11.23 04:42:26.577,2.2296,2.23005,4.00,1.60
2007.11.23 04:42:26.840,2.2296,2.23005,7.70,1.60
2007.11.23 04:42:27.107,2.2296,2.23005,7.70,1.60
2007.11.23 04:42:27.376,2.2295,2.23005,1.60,1.60
2007.11.23 04:42:27.643,2.2296,2.23005,1.60,1.60
2007.11.23 04:42:27.926,2.2295,2.23005,1.60,1.60
2007.11.23 04:42:28.853,2.2296,2.23005,1.60,1.60
2007.11.23 04:42:29.661,2.2296,2.23005,1.60,1.60
2007.11.23 04:42:29.742,2.2296,2.23005,1.20,1.60
2007.11.23 04:42:29.831,2.2294,2.23005,4.00,1.60
2007.11.23 04:42:30.040,2.2293,2.23005,5.60,1.60
2007.11.23 04:42:30.184,2.2293,2.23005,5.60,1.60
2007.11.23 04:42:30.327,2.22915,2.23005,2.40,1.60
2007.11.23 04:42:30.851,2.2294,2.23005,1.10,1.60
2007.11.23 04:42:31.054,2.2295,2.23005,1.10,1.60
2007.11.23 04:42:32.503,2.22915,2.23005,2.40,1.60
2007.11.23 04:42:33.319,2.22915,2.23005,2.40,1.60
2007.11.23 04:42:33.452,2.22915,2.23005,2.40,1.60
2007.11.23 04:42:34.738,2.22915,2.23005,2.40,4.00
2007.11.23 04:42:34.946,2.229,2.23005,4.00,4.00
2007.11.23 04:42:35.114,2.229,2.23005,4.00,4.00
2007.11.23 04:42:36.378,2.229,2.23005,4.00,4.00
2007.11.23 04:42:37.095,2.229,2.23005,4.00,4.00
2007.11.23 04:42:37.278,2.2294,2.23005,0.70,1.60
2007.11.23 04:42:37.462,2.22925,2.23005,2.40,1.60
2007.11.23 04:42:37.646,2.2295,2.23005,0.80,1.60
2007.11.23 04:42:37.830,2.2294,2.23005,9.60,1.60
2007.11.23 04:42:38.014,2.2294,2.23005,9.60,1.60
2007.11.23 04:42:40.903,2.2294,2.23005,9.60,1.60
2007.11.23 04:42:41.180,2.2294,2.23005,9.60,1.60
2007.11.23 04:42:41.320,2.22915,2.23005,13.60,4.80
2007.11.23 04:42:41.459,2.2292,2.23005,9.60,4.80
2007.11.23 04:42:42.381,2.2292,2.23005,9.60,4.80
2007.11.23 04:42:42.633,2.2292,2.23005,9.60,4.80
2007.11.23 04:42:42.855,2.22925,2.23005,2.40,1.60
2007.11.23 04:42:43.095,2.22925,2.23005,2.40,1.60
2007.11.23 04:42:46.887,2.2293,2.23005,0.60,1.60
2007.11.23 04:42:47.417,2.22925,2.23005,2.40,1.60
2007.11.23 04:42:47.741,2.2294,2.23005,0.50,1.60
2007.11.23 04:42:48.064,2.2296,2.23005,3.70,1.60
2007.11.23 04:42:48.531,2.22925,2.23005,1.90,1.60
2007.11.23 04:42:48.880,2.2293,2.23005,2.10,1.60
2007.11.23 04:42:53.021,2.22925,2.23005,6.90,1.60
2007.11.23 04:42:53.408,2.22925,2.23005,6.90,1.60
2007.11.23 04:42:54.155,2.2293,2.23005,2.80,1.60
2007.11.23 04:42:54.373,2.2292,2.23005,1.50,1.60
2007.11.23 04:42:54.689,2.2292,2.23005,11.20,1.60
2007.11.23 04:42:56.839,2.2293,2.23005,9.60,1.60
2007.11.23 04:42:56.952,2.2293,2.23005,9.60,1.60
2007.11.23 04:42:57.065,2.2294,2.23005,3.30,1.60
2007.11.23 04:42:58.212,2.2294,2.23005,3.40,1.60
2007.11.23 04:42:58.450,2.2291,2.23005,15.70,1.60
2007.11.23 04:42:58.701,2.2294,2.23005,4.20,4.00
2007.11.23 04:42:58.855,2.2294,2.23005,9.60,4.00
2007.11.23 04:42:59.009,2.2294,2.23005,1.60,4.00
2007.11.23 04:42:59.163,2.2294,2.23005,1.60,4.00
2007.11.23 04:42:59.316,2.2294,2.23005,1.60,1.60
2007.11.23 04:42:59.470,2.2295,2.23005,1.60,1.60
2007.11.23 04:43:00.391,2.2296,2.23005,1.60,1.60
2007.11.23 04:43:00.674,2.2296,2.23005,1.60,1.60
2007.11.23 04:43:01.165,2.2296,2.23005,1.60,1.60
2007.11.23 04:43:01.334,2.2296,2.23005,9.60,1.60
2007.11.23 04:43:01.503,2.2296,2.23005,9.60,1.60
2007.11.23 04:43:01.671,2.22965,2.23005,0.80,1.60
2007.11.23 04:43:01.874,2.23,2.23005,1.60,1.60
2007.11.23 04:43:02.078,2.23,2.23005,1.60,1.60
2007.11.23 04:43:02.312,2.23,2.23005,1.60,1.60
2007.11.23 04:43:02.516,2.2299,2.23005,1.60,1.60
2007.11.23 04:43:02.719,2.2299,2.23005,1.60,1.60
2007.11.23 04:43:03.641,2.2299,2.23005,1.60,1.60
2007.11.23 04:43:03.800,2.2299,2.23005,1.60,1.60
2007.11.23 04:43:03.958,2.2297,2.23005,1.60,1.60
2007.11.23 04:43:04.115,2.2297,2.23005,1.60,1.60
2007.11.23 04:43:04.427,2.2297,2.23005,1.60,1.60
2007.11.23 04:43:04.663,2.2297,2.23005,1.60,1.60
2007.11.23 04:43:04.996,2.22965,2.23005,1.60,1.60
2007.11.23 04:43:05.330,2.22965,2.23005,1.60,1.60
2007.11.23 04:43:07.876,2.2296,2.23005,9.60,1.60
2007.11.23 04:43:08.134,2.22965,2.23005,0.80,1.60
2007.11.23 04:43:08.279,2.22965,2.23005,0.80,1.60
2007.11.23 04:43:08.421,2.2298,2.23005,1.60,1.60
2007.11.23 04:43:15.453,2.2298,2.23005,1.60,1.60
2007.11.23 04:43:17.806,2.2298,2.23005,1.60,1.60
2007.11.23 04:43:17.911,2.2298,2.23005,1.60,1.60
2007.11.23 04:43:18.019,2.2297,2.23005,1.60,1.60
2007.11.23 04:43:18.352,2.2297,2.23005,1.60,1.60
2007.11.23 04:43:18.690,2.2296,2.23005,1.60,1.60
2007.11.23 04:43:19.017,2.2297,2.23005,1.60,1.60
2007.11.23 04:43:19.898,2.2297,2.23005,1.60,1.60
2007.11.23 04:43:21.334,2.2298,2.23005,1.60,1.60
2007.11.23 04:43:22.998,2.2297,2.23005,1.60,1.60
2007.11.23 04:43:26.489,2.2297,2.23005,1.60,1.60
2007.11.23 04:43:26.925,2.2297,2.23005,1.60,1.60
2007.11.23 04:43:29.721,2.2297,2.23005,1.60,1.60
2007.11.23 04:43:29.858,2.2297,2.23005,1.60,1.60
2007.11.23 04:43:32.053,2.2297,2.23005,1.60,0.60
2007.11.23 04:43:32.695,2.2297,2.23005,1.60,0.90
2007.11.23 04:43:32.834,2.2297,2.23005,1.60,0.90
2007.11.23 04:43:32.998,2.2298,2.23005,1.60,0.90
2007.11.23 04:43:33.161,2.2298,2.23005,1.60,0.80
2007.11.23 04:43:33.325,2.2298,2.23005,1.60,0.50
2007.11.23 04:43:33.489,2.2297,2.23005,5.60,0.60
2007.11.23 04:43:33.653,2.2297,2.23005,1.60,0.80
2007.11.23 04:43:33.858,2.2297,2.23005,1.60,0.60
2007.11.23 04:43:34.187,2.2297,2.23005,1.60,0.70
2007.11.23 04:43:34.515,2.2297,2.23005,1.60,0.70
2007.11.23 04:43:34.842,2.2297,2.23005,1.60,0.50
2007.11.23 04:43:34.996,2.2297,2.23005,1.60,0.50
2007.11.23 04:43:37.508,2.2297,2.23005,1.60,0.90
2007.11.23 04:43:47.067,2.2298,2.23005,1.60,0.80
2007.11.23 04:43:48.536,2.2298,2.23005,1.60,0.50
2007.11.23 04:43:50.697,2.2298,2.23005,1.60,0.50
2007.11.23 04:43:50.786,2.2298,2.23005,1.60,0.80
2007.11.23 04:43:50.968,2.2298,2.23005,1.60,0.60
2007.11.23 04:43:51.056,2.2298,2.23005,1.60,0.80
2007.11.23 04:43:59.559,2.2298,2.23005,1.60,0.90
2007.11.23 04:44:07.914,2.2298,2.23005,1.60,0.70
2007.11.23 04:44:08.639,2.2298,2.23005,1.60,0.80
2007.11.23 04:44:08.782,2.2298,2.23005,1.60,0.80
2007.11.23 04:44:08.925,2.2298,2.23005,1.60,0.80
2007.11.23 04:44:09.121,2.2298,2.23005,1.60,0.60
2007.11.23 04:44:09.265,2.2298,2.23005,1.60,0.50
2007.11.23 04:44:09.408,2.2298,2.23005,1.60,0.80
2007.11.23 04:44:09.632,2.2297,2.23035,9.60,2.40
2007.11.23 04:44:09.855,2.22965,2.23015,9.60,4.80
2007.11.23 04:44:10.079,2.22945,2.23015,1.60,4.80
2007.11.23 04:44:10.303,2.22945,2.2302,1.60,2.40
2007.11.23 04:44:10.560,2.2294,2.2303,1.60,9.60
2007.11.23 04:44:10.819,2.2294,2.2301,1.60,10.40
2007.11.23 04:44:11.083,2.2295,2.2301,1.60,12.80
2007.11.23 04:44:11.341,2.2295,2.2301,1.60,12.80
2007.11.23 04:44:14.361,2.2294,2.23005,1.60,0.80
2007.11.23 04:44:15.353,2.2294,2.2301,1.60,12.80
2007.11.23 04:44:15.892,2.2295,2.2301,1.60,12.80
2007.11.23 04:44:21.626,2.2295,2.23005,1.60,4.80
2007.11.23 04:44:21.911,2.2296,2.23005,1.60,4.80
2007.11.23 04:44:22.164,2.2296,2.23005,1.60,4.80
2007.11.23 04:44:27.287,2.2296,2.23005,1.60,4.80
2007.11.23 04:44:27.605,2.2296,2.23005,1.60,4.80
2007.11.23 04:44:29.657,2.2296,2.23005,1.60,1.60
2007.11.23 04:44:29.842,2.2296,2.23005,1.60,1.60
2007.11.23 04:44:29.975,2.2296,2.23005,1.60,1.60
2007.11.23 04:44:32.670,2.2296,2.23005,1.60,1.60
2007.11.23 04:44:34.401,2.2296,2.23005,1.60,1.60
2007.11.23 04:44:34.535,2.2296,2.23005,1.60,1.60
2007.11.23 04:44:34.671,2.2296,2.23005,1.60,1.60
2007.11.23 04:44:34.770,2.2296,2.23005,1.60,1.60
2007.11.23 04:44:34.872,2.2297,2.23005,1.60,1.60
2007.11.23 04:44:38.942,2.2298,2.23005,1.60,1.60
2007.11.23 04:44:40.042,2.2298,2.23005,1.60,1.60
2007.11.23 04:44:40.287,2.2297,2.23005,1.60,1.60
2007.11.23 04:44:40.519,2.2297,2.23005,1.00,1.60
2007.11.23 04:44:41.259,2.2297,2.23005,0.70,1.60
2007.11.23 04:44:41.417,2.2293,2.23005,12.00,1.60
2007.11.23 04:44:43.679,2.2293,2.23005,12.00,1.60
2007.11.23 04:44:44.132,2.2293,2.23005,12.00,1.60
2007.11.23 04:44:44.339,2.2293,2.23005,12.00,1.60
2007.11.23 04:44:46.384,2.2297,2.23005,1.10,1.60
2007.11.23 04:44:53.883,2.2294,2.23005,5.60,1.60
2007.11.23 04:44:54.076,2.2294,2.23005,13.60,1.60
2007.11.23 04:44:54.221,2.2297,2.23005,0.60,1.60
2007.11.23 04:44:54.364,2.22955,2.23005,2.40,1.60
2007.11.23 04:44:54.507,2.2297,2.23005,1.40,1.60
2007.11.23 04:44:54.651,2.2297,2.23005,2.50,1.60
2007.11.23 04:44:54.838,2.2297,2.23005,3.00,1.60
2007.11.23 04:44:55.207,2.2298,2.23005,0.50,1.60
2007.11.23 04:44:58.005,2.2297,2.23005,5.60,1.60
2007.11.23 04:44:58.312,2.2298,2.23005,0.90,1.60
2007.11.23 04:44:59.683,2.2298,2.23005,1.00,1.60
2007.11.23 04:44:59.845,2.2298,2.23005,0.70,1.60
2007.11.23 04:44:59.983,2.2296,2.23005,5.60,1.60
2007.11.23 04:45:03.399,2.2297,2.23005,0.70,1.60
2007.11.23 04:45:03.617,2.2296,2.23005,5.60,1.60
2007.11.23 04:45:03.913,2.2296,2.23005,5.60,1.60
2007.11.23 04:45:04.145,2.2297,2.23005,2.80,1.60
2007.11.23 04:45:05.598,2.22955,2.23005,6.40,1.60
2007.11.23 04:45:05.683,2.22965,2.23005,6.40,1.60
2007.11.23 04:45:05.792,2.22965,2.23005,6.40,1.60
2007.11.23 04:45:05.957,2.22965,2.23005,6.40,1.60
2007.11.23 04:45:06.051,2.2298,2.23005,3.20,1.60
2007.11.23 04:45:06.628,2.22965,2.23005,6.40,1.60
2007.11.23 04:45:06.962,2.2297,2.23005,2.30,1.60
2007.11.23 04:45:07.294,2.22955,2.23005,6.40,1.60
2007.11.23 04:45:07.627,2.2297,2.23005,1.70,1.60
2007.11.23 04:45:16.906,2.2297,2.23005,5.60,1.60
2007.11.23 04:45:17.075,2.2297,2.23005,5.60,1.60
2007.11.23 04:45:17.342,2.22975,2.23005,1.60,1.60
2007.11.23 04:45:17.601,2.22975,2.23005,1.60,1.60
2007.11.23 04:45:27.905,2.2298,2.23005,1.60,1.60
2007.11.23 04:45:32.584,2.2298,2.23005,1.60,1.60
2007.11.23 04:45:32.748,2.22975,2.23005,1.60,1.60
2007.11.23 04:45:32.912,2.2299,2.23005,1.60,1.60
2007.11.23 04:45:34.927,2.2299,2.23005,1.00,1.60
2007.11.23 04:45:35.108,2.2299,2.23005,0.80,1.60
2007.11.23 04:45:35.243,2.2299,2.23005,0.80,1.60
2007.11.23 04:45:35.377,2.22975,2.23005,14.40,1.60
2007.11.23 04:45:36.294,2.23,2.23005,0.60,1.60
2007.11.23 04:45:38.617,2.23,2.23005,0.50,0.80
2007.11.23 04:45:38.944,2.23,2.23005,1.00,0.80
2007.11.23 04:45:40.470,2.23,2.23005,1.20,0.80
2007.11.23 04:45:42.311,2.22975,2.23005,14.40,0.80
2007.11.23 04:45:42.869,2.2298,2.23005,13.60,0.80
2007.11.23 04:45:43.087,2.2298,2.23065,13.60,2.40
2007.11.23 04:45:49.894,2.2299,2.23065,3.30,2.40
2007.11.23 04:46:01.003,2.2298,2.23065,13.60,2.40
2007.11.23 04:46:12.037,2.2299,2.23065,9.60,2.40
2007.11.23 04:46:17.157,2.22995,2.23055,0.80,2.40
2007.11.23 04:46:17.289,2.22995,2.23055,0.80,2.40
2007.11.23 04:46:17.442,2.23,2.23055,1.60,2.40
2007.11.23 04:46:17.596,2.23,2.23055,1.60,2.40
2007.11.23 04:46:18.628,2.23,2.23055,1.60,2.40
2007.11.23 04:46:18.782,2.23,2.23045,1.60,2.40
2007.11.23 04:46:18.935,2.2299,2.23045,1.60,2.40
2007.11.23 04:46:19.088,2.2299,2.23045,1.60,2.40
2007.11.23 04:46:19.353,2.2299,2.23045,1.60,2.40
2007.11.23 04:46:19.609,2.2299,2.23045,1.60,2.40
2007.11.23 04:46:20.077,2.2299,2.23045,1.60,2.40
2007.11.23 04:46:20.247,2.2299,2.2305,9.60,0.80
2007.11.23 04:46:20.405,2.2299,2.2306,9.60,1.60
2007.11.23 04:46:20.563,2.2299,2.2306,13.60,1.60
2007.11.23 04:46:20.772,2.2299,2.2306,13.60,1.60
2007.11.23 04:46:20.929,2.2299,2.23065,13.60,2.40
2007.11.23 04:46:22.048,2.2299,2.2307,13.60,4.80
2007.11.23 04:46:23.072,2.2299,2.2307,13.60,4.80
2007.11.23 04:46:26.607,2.2299,2.2307,13.60,4.80
2007.11.23 04:46:26.827,2.23,2.2307,1.60,12.80
2007.11.23 04:46:26.934,2.2299,2.23065,1.60,4.00
2007.11.23 04:46:27.048,2.2299,2.23065,1.60,4.00
2007.11.23 04:46:27.161,2.2299,2.2306,1.60,0.60
2007.11.23 04:46:27.659,2.2299,2.23065,1.60,4.80
2007.11.23 04:46:27.917,2.2299,2.23065,1.60,7.20
2007.11.23 04:46:28.176,2.2299,2.2306,1.60,6.40
2007.11.23 04:46:28.435,2.2298,2.23025,1.60,0.90
2007.11.23 04:46:30.634,2.2298,2.23025,1.60,0.90
2007.11.23 04:46:30.814,2.2298,2.2302,1.60,3.20
2007.11.23 04:46:30.962,2.2298,2.2302,1.60,3.20
2007.11.23 04:46:31.153,2.2298,2.23015,1.60,0.50
2007.11.23 04:46:31.303,2.2298,2.23055,1.60,8.00
2007.11.23 04:46:31.452,2.2299,2.23055,1.60,0.70
2007.11.23 04:46:32.319,2.2298,2.2306,1.60,12.80
2007.11.23 04:46:32.609,2.2298,2.2306,1.60,12.80
2007.11.23 04:46:32.868,2.2298,2.2306,1.60,0.50
2007.11.23 04:46:32.990,2.2298,2.23065,1.60,4.00
2007.11.23 04:46:34.084,2.2298,2.23065,1.60,4.00
2007.11.23 04:46:34.636,2.2298,2.2306,1.60,0.60
2007.11.23 04:46:34.811,2.2298,2.23065,1.60,4.00
2007.11.23 04:46:35.049,2.2298,2.23065,1.60,12.00
2007.11.23 04:46:42.689,2.2298,2.23065,1.60,12.00
2007.11.23 04:46:42.841,2.2298,2.2306,1.60,0.50
2007.11.23 04:46:42.996,2.2299,2.23065,1.60,4.00
2007.11.23 04:46:43.595,2.2299,2.2306,1.60,0.80
2007.11.23 04:46:43.803,2.2299,2.2306,1.60,0.50
2007.11.23 04:46:44.011,2.2297,2.23065,1.60,12.00
2007.11.23 04:46:45.109,2.2297,2.2306,1.60,0.90
2007.11.23 04:46:47.646,2.2297,2.23065,1.60,12.00
2007.11.23 04:46:47.844,2.2297,2.2305,1.60,3.20
2007.11.23 04:46:48.043,2.2297,2.2305,1.60,4.80
2007.11.23 04:46:48.242,2.2297,2.2305,1.60,4.80
2007.11.23 04:46:48.502,2.2297,2.2305,1.60,3.20
2007.11.23 04:46:48.843,2.2297,2.2305,1.60,3.20
2007.11.23 04:46:49.040,2.2297,2.23045,1.60,0.80
2007.11.23 04:46:49.244,2.2297,2.23045,1.60,0.50
2007.11.23 04:46:49.437,2.2298,2.2305,1.60,4.80
2007.11.23 04:46:53.656,2.2298,2.23045,1.60,2.40
2007.11.23 04:46:53.807,2.2298,2.23045,1.60,2.40
2007.11.23 04:46:53.943,2.2298,2.23045,1.60,2.40
2007.11.23 04:46:56.168,2.2298,2.23045,1.60,2.40
2007.11.23 04:46:58.935,2.2298,2.23045,1.60,2.40
2007.11.23 04:46:59.022,2.2298,2.2306,1.60,8.00
2007.11.23 04:47:01.170,2.2298,2.2306,1.60,8.00
2007.11.23 04:47:01.259,2.22975,2.2306,6.40,8.00
2007.11.23 04:47:01.361,2.2299,2.23065,5.60,2.40
2007.11.23 04:47:01.481,2.2299,2.23065,5.60,2.40
2007.11.23 04:47:01.875,2.23,2.23065,1.60,2.40
2007.11.23 04:47:03.190,2.23,2.23065,1.60,2.40
2007.11.23 04:47:03.282,2.23,2.23065,4.00,2.40
2007.11.23 04:47:03.623,2.23,2.23065,4.00,2.40
2007.11.23 04:47:03.727,2.23,2.23065,4.00,2.40
2007.11.23 04:47:03.821,2.23,2.2307,4.00,1.60
2007.11.23 04:47:03.917,2.23,2.2307,12.00,1.60
2007.11.23 04:47:04.018,2.23,2.2309,12.00,1.60
2007.11.23 04:47:04.111,2.23,2.2309,12.00,1.60
2007.11.23 04:47:04.901,2.2301,2.231,1.60,8.00
2007.11.23 04:47:06.255,2.2301,2.231,1.60,8.00
2007.11.23 04:47:06.458,2.23,2.231,10.40,9.60
2007.11.23 04:47:06.661,2.23,2.231,10.40,9.60
2007.11.23 04:47:06.958,2.23,2.2309,12.00,1.60
2007.11.23 04:47:07.324,2.23,2.2309,12.00,1.60
2007.11.23 04:47:07.908,2.23,2.2309,10.40,1.60
2007.11.23 04:47:11.113,2.23,2.2309,10.40,1.60
2007.11.23 04:47:11.327,2.22985,2.2308,7.20,8.00
2007.11.23 04:47:11.540,2.2299,2.2308,4.00,9.60
2007.11.23 04:47:14.800,2.2299,2.2308,4.00,9.60
2007.11.23 04:47:15.131,2.2299,2.2308,4.00,9.60
2007.11.23 04:47:15.295,2.22995,2.2308,2.40,9.60
2007.11.23 04:47:15.458,2.23,2.2309,13.60,1.60
2007.11.23 04:47:16.931,2.2301,2.2309,1.60,1.60
2007.11.23 04:47:18.370,2.2301,2.2309,1.60,1.60
2007.11.23 04:47:28.703,2.2301,2.2309,1.60,1.60
2007.11.23 04:47:28.842,2.2301,2.2309,1.60,1.60
2007.11.23 04:47:28.981,2.23,2.2308,1.60,9.60
2007.11.23 04:47:29.381,2.23,2.2308,1.60,8.00
2007.11.23 04:47:32.653,2.23,2.2308,1.60,8.00
2007.11.23 04:47:32.805,2.23,2.23065,1.60,2.40
2007.11.23 04:47:32.959,2.2299,2.23065,1.60,2.40
2007.11.23 04:47:40.172,2.2299,2.2307,1.60,0.80
2007.11.23 04:47:40.351,2.22985,2.2308,4.80,9.60
2007.11.23 04:47:40.530,2.2299,2.2308,8.00,8.00
2007.11.23 04:47:40.708,2.2299,2.2308,8.00,8.00
2007.11.23 04:47:40.890,2.23,2.2308,1.60,8.00
2007.11.23 04:47:41.308,2.23,2.2308,1.60,8.00
2007.11.23 04:47:43.191,2.23,2.23065,1.60,2.40
2007.11.23 04:47:43.400,2.22985,2.23065,1.60,2.40
2007.11.23 04:47:43.882,2.23,2.23065,1.60,2.40
2007.11.23 04:47:44.286,2.23,2.23065,1.20,2.40
2007.11.23 04:47:49.914,2.2298,2.23065,16.00,2.40
2007.11.23 04:47:50.957,2.2298,2.23065,16.00,2.40
2007.11.23 04:47:51.453,2.2298,2.23065,16.00,2.40
2007.11.23 04:47:53.182,2.22985,2.2307,2.40,0.80
2007.11.23 04:47:53.431,2.23005,2.2308,1.20,8.00
2007.11.23 04:47:53.679,2.22985,2.2308,8.80,8.00
2007.11.23 04:47:56.329,2.2302,2.2308,0.60,8.00
2007.11.23 04:47:56.956,2.2299,2.2308,8.00,8.00
2007.11.23 04:47:59.898,2.2301,2.2308,0.60,8.00
2007.11.23 04:48:00.040,2.2302,2.2308,1.10,8.00
2007.11.23 04:48:00.302,2.2299,2.2308,8.00,8.00
2007.11.23 04:48:00.445,2.2299,2.2308,8.00,8.00
2007.11.23 04:48:02.786,2.2301,2.2308,1.10,8.00
2007.11.23 04:48:03.390,2.2302,2.2308,0.70,8.00
2007.11.23 04:48:03.878,2.2299,2.2308,8.00,8.00
2007.11.23 04:48:04.320,2.2301,2.2308,1.00,8.00
2007.11.23 04:48:06.936,2.2299,2.2308,8.00,8.00
2007.11.23 04:48:07.348,2.2299,2.2308,8.00,8.00
2007.11.23 04:48:12.431,2.2302,2.2308,1.20,8.00
2007.11.23 04:48:12.559,2.2302,2.2308,1.10,8.00
2007.11.23 04:48:13.059,2.2302,2.2308,0.80,8.00
2007.11.23 04:48:13.815,2.2302,2.2308,1.60,8.00
2007.11.23 04:48:18.346,2.2301,2.2308,1.60,8.00
2007.11.23 04:48:18.873,2.2301,2.2308,1.60,8.00
2007.11.23 04:48:19.077,2.2302,2.2308,1.60,8.00
2007.11.23 04:48:19.386,2.2302,2.2308,1.60,8.00
2007.11.23 04:48:19.590,2.2301,2.2308,1.60,8.00
2007.11.23 04:48:24.182,2.2301,2.2308,1.60,8.00
2007.11.23 04:48:24.851,2.2301,2.2308,1.60,8.00
2007.11.23 04:48:25.713,2.2301,2.2308,1.60,8.00
2007.11.23 04:48:34.635,2.2301,2.2308,1.60,8.00
2007.11.23 04:48:34.753,2.2301,2.2308,1.60,8.00
2007.11.23 04:48:34.872,2.2301,2.23095,1.60,3.20
2007.11.23 04:48:35.091,2.2302,2.23095,1.60,3.20
2007.11.23 04:48:35.342,2.2302,2.2309,1.60,1.60
2007.11.23 04:48:35.887,2.2302,2.2309,1.60,1.60
2007.11.23 04:48:40.129,2.2302,2.2309,1.60,1.60
2007.11.23 04:48:40.269,2.2302,2.2309,1.60,1.60
2007.11.23 04:48:40.407,2.2302,2.231,1.60,8.80
2007.11.23 04:48:40.551,2.2302,2.231,1.60,8.00
2007.11.23 04:48:43.446,2.2303,2.231,1.60,8.00
2007.11.23 04:48:44.383,2.2302,2.231,1.60,8.00
2007.11.23 04:48:46.920,2.2302,2.231,1.60,8.00
2007.11.23 04:48:49.613,2.2302,2.231,1.60,0.90
2007.11.23 04:48:58.224,2.2302,2.2311,1.60,9.60
2007.11.23 04:48:58.361,2.2302,2.231,1.60,0.60
2007.11.23 04:48:58.505,2.2302,2.2311,1.60,9.60
2007.11.23 04:49:02.931,2.2303,2.23115,1.60,11.20
2007.11.23 04:49:03.335,2.2304,2.231,1.60,0.70
2007.11.23 04:49:04.192,2.2304,2.23115,1.60,11.20
2007.11.23 04:49:07.683,2.2304,2.231,1.60,0.60
2007.11.23 04:49:07.817,2.2304,2.231,1.60,0.50
2007.11.23 04:49:07.950,2.2305,2.23135,1.60,11.20
2007.11.23 04:49:08.114,2.2305,2.23135,1.60,11.20
2007.11.23 04:49:08.332,2.2304,2.2312,1.60,0.60
2007.11.23 04:49:08.582,2.2304,2.23135,1.60,12.00
2007.11.23 04:49:08.830,2.2304,2.23135,1.60,12.00
2007.11.23 04:49:09.257,2.2304,2.2312,1.60,0.80
2007.11.23 04:49:09.419,2.2303,2.2313,1.60,11.20
2007.11.23 04:49:09.895,2.2303,2.2312,1.60,0.70
2007.11.23 04:49:10.530,2.2303,2.2313,1.60,11.20
2007.11.23 04:49:11.168,2.2303,2.2312,1.60,12.00
2007.11.23 04:49:11.422,2.2302,2.23115,1.60,11.20
2007.11.23 04:49:11.576,2.2302,2.231,1.60,0.70
2007.11.23 04:49:11.729,2.2302,2.23115,1.60,11.20
2007.11.23 04:49:11.946,2.2302,2.2309,1.60,0.80
2007.11.23 04:49:12.099,2.2302,2.231,1.60,8.80
2007.11.23 04:49:12.253,2.2302,2.231,1.60,8.80
2007.11.23 04:49:12.451,2.2302,2.231,1.60,0.80
2007.11.23 04:49:13.212,2.2303,2.231,1.60,0.90
2007.11.23 04:49:14.632,2.2303,2.23115,1.60,11.20
2007.11.23 04:49:14.777,2.2303,2.2312,1.60,13.60
2007.11.23 04:49:14.919,2.2303,2.2312,1.60,13.60
2007.11.23 04:49:15.063,2.2304,2.2312,1.60,13.60
2007.11.23 04:49:15.468,2.2305,2.2312,1.60,13.60
2007.11.23 04:49:17.647,2.2305,2.2312,1.60,12.80
2007.11.23 04:49:17.781,2.2305,2.2312,1.60,9.60
2007.11.23 04:49:17.916,2.2305,2.2312,1.60,1.60
2007.11.23 04:49:18.048,2.2304,2.2313,9.60,1.60
2007.11.23 04:49:18.182,2.2304,2.2313,9.60,1.60
2007.11.23 04:49:20.300,2.2304,2.2313,9.60,1.60
2007.11.23 04:49:31.322,2.2304,2.2313,9.60,1.60
2007.11.23 04:49:42.333,2.2304,2.2313,9.60,1.60
2007.11.23 04:49:48.563,2.23025,2.23135,0.80,3.20
2007.11.23 04:49:48.756,2.2304,2.2313,8.00,1.60
2007.11.23 04:49:48.935,2.2304,2.2313,8.00,1.60
2007.11.23 04:49:49.102,2.2304,2.2313,8.00,1.60
2007.11.23 04:49:51.119,2.2304,2.2313,8.00,1.60
2007.11.23 04:49:51.242,2.2304,2.23115,8.00,3.20
2007.11.23 04:49:51.366,2.2304,2.23115,8.00,3.20
2007.11.23 04:49:51.498,2.2303,2.23115,1.60,3.20
2007.11.23 04:49:51.613,2.2303,2.23115,1.60,3.20
2007.11.23 04:49:53.363,2.2303,2.23115,1.60,3.20
2007.11.23 04:49:54.449,2.2303,2.23115,1.60,3.20
2007.11.23 04:49:54.718,2.2303,2.23115,9.60,3.20
2007.11.23 04:49:54.987,2.2303,2.23115,9.60,3.20
2007.11.23 04:49:58.139,2.2303,2.23115,9.60,2.40
2007.11.23 04:49:58.333,2.2304,2.2311,1.60,1.60
2007.11.23 04:49:58.654,2.2304,2.2311,1.60,1.60
2007.11.23 04:49:58.847,2.2304,2.2311,1.60,1.60
2007.11.23 04:49:59.041,2.2304,2.2313,1.60,9.60
2007.11.23 04:49:59.337,2.2304,2.2312,1.60,1.60
2007.11.23 04:50:01.517,2.2304,2.2313,1.60,9.60
2007.11.23 04:50:01.731,2.2304,2.2313,1.60,8.00
2007.11.23 04:50:01.874,2.2304,2.2313,1.60,9.60
2007.11.23 04:50:02.018,2.2304,2.2313,1.60,9.60
2007.11.23 04:50:02.360,2.2304,2.2313,1.60,8.00
2007.11.23 04:50:04.399,2.2304,2.2313,1.60,8.00
2007.11.23 04:50:06.289,2.2304,2.2313,1.60,9.60
2007.11.23 04:50:07.184,2.2304,2.2313,1.60,9.60
2007.11.23 04:50:07.300,2.2304,2.23115,1.60,0.80
2007.11.23 04:50:07.683,2.2304,2.23095,1.60,2.40
2007.11.23 04:50:07.893,2.23035,2.23095,1.60,2.40
2007.11.23 04:50:08.101,2.2303,2.23095,9.60,2.40
2007.11.23 04:50:08.309,2.2303,2.23095,1.60,2.40
2007.11.23 04:50:08.524,2.2303,2.23095,1.60,2.40
2007.11.23 04:50:09.828,2.2303,2.23095,1.60,2.40
2007.11.23 04:50:11.131,2.2303,2.23095,1.60,2.40
2007.11.23 04:50:11.299,2.2303,2.231,1.60,0.80
2007.11.23 04:50:11.470,2.2304,2.2311,1.60,8.00
2007.11.23 04:50:11.622,2.2304,2.2313,1.60,9.60
2007.11.23 04:50:12.404,2.2303,2.2313,13.60,9.60
2007.11.23 04:50:15.150,2.2303,2.23135,13.60,12.80
2007.11.23 04:50:15.439,2.2303,2.2313,13.60,0.70
2007.11.23 04:50:16.734,2.2303,2.23135,13.60,12.80
2007.11.23 04:50:16.815,2.2303,2.2313,13.60,15.20
2007.11.23 04:50:16.901,2.2303,2.23115,9.60,0.70
2007.11.23 04:50:16.972,2.2303,2.2312,9.60,4.00
2007.11.23 04:50:17.051,2.2304,2.23115,1.60,0.90
2007.11.23 04:50:17.662,2.2304,2.23095,1.60,0.80
2007.11.23 04:50:17.966,2.23015,2.231,1.60,3.20
2007.11.23 04:50:18.320,2.23005,2.23095,1.60,13.60
2007.11.23 04:50:18.626,2.23005,2.23095,1.60,13.60
2007.11.23 04:50:18.768,2.2301,2.2309,1.60,16.50
2007.11.23 04:50:18.902,2.2301,2.2309,1.60,17.30
2007.11.23 04:50:19.037,2.2301,2.2309,1.60,17.30
2007.11.23 04:50:20.625,2.2301,2.23085,1.60,0.60
2007.11.23 04:50:20.859,2.23005,2.2305,1.60,0.80
2007.11.23 04:50:20.993,2.2299,2.23065,1.60,3.20
2007.11.23 04:50:21.127,2.2299,2.23065,1.60,3.20
2007.11.23 04:50:21.260,2.2299,2.2305,1.60,0.80
2007.11.23 04:50:21.400,2.2299,2.2307,1.60,0.60
2007.11.23 04:50:21.614,2.2299,2.23075,1.60,11.20
2007.11.23 04:50:21.747,2.2299,2.2307,1.60,12.80
2007.11.23 04:50:22.015,2.2297,2.2305,1.60,0.70
2007.11.23 04:50:22.283,2.2297,2.23065,1.60,11.20
2007.11.23 04:50:22.870,2.2296,2.23065,1.60,11.20
2007.11.23 04:50:23.228,2.2296,2.2305,1.60,0.60
2007.11.23 04:50:23.402,2.2297,2.2305,1.60,0.90
2007.11.23 04:50:23.733,2.2297,2.23045,1.60,0.80
2007.11.23 04:50:23.932,2.2296,2.23045,1.60,0.70
2007.11.23 04:50:24.125,2.2296,2.2305,1.60,13.60
2007.11.23 04:50:26.481,2.2296,2.23045,1.60,0.70
2007.11.23 04:50:28.160,2.2296,2.2305,1.60,13.60
2007.11.23 04:50:28.289,2.2297,2.2305,9.60,3.20
2007.11.23 04:50:28.393,2.2297,2.23045,9.60,0.50
2007.11.23 04:50:31.486,2.2297,2.2305,9.60,3.20
2007.11.23 04:50:31.737,2.2297,2.2305,9.60,3.20
2007.11.23 04:50:31.911,2.2298,2.2305,1.60,3.20
2007.11.23 04:50:32.079,2.2298,2.2305,1.60,3.20
2007.11.23 04:50:32.256,2.2298,2.23045,1.60,0.70
2007.11.23 04:50:32.657,2.2298,2.2306,1.60,2.40
2007.11.23 04:50:32.835,2.2298,2.2306,1.60,2.40
2007.11.23 04:50:33.014,2.2297,2.23065,9.60,0.70
2007.11.23 04:50:36.653,2.2297,2.23065,9.60,0.70
2007.11.23 04:50:36.870,2.2297,2.23025,9.60,0.90
2007.11.23 04:50:36.969,2.2297,2.2303,1.60,3.20
2007.11.23 04:50:37.066,2.2296,2.2303,1.60,3.20
2007.11.23 04:50:37.496,2.2296,2.2303,1.60,3.20
2007.11.23 04:50:37.824,2.2296,2.2303,1.60,3.20
2007.11.23 04:50:38.236,2.2296,2.2303,1.60,3.20
2007.11.23 04:50:38.585,2.2296,2.2303,1.60,3.20
2007.11.23 04:50:38.824,2.2296,2.2303,1.60,3.20
2007.11.23 04:50:39.062,2.2295,2.2303,1.60,11.20
2007.11.23 04:50:39.706,2.2296,2.2303,2.40,11.20
2007.11.23 04:50:39.890,2.22965,2.2303,0.80,11.20
2007.11.23 04:50:40.157,2.22965,2.2303,0.80,11.20
2007.11.23 04:50:40.341,2.2297,2.23065,9.60,6.40
2007.11.23 04:50:40.514,2.2297,2.2307,9.60,12.80
2007.11.23 04:50:41.012,2.2298,2.23065,1.60,0.80
2007.11.23 04:50:41.620,2.2298,2.23065,1.60,0.90
2007.11.23 04:50:41.814,2.2298,2.23065,1.60,10.40
2007.11.23 04:50:42.015,2.2296,2.23065,1.60,11.20
2007.11.23 04:50:42.208,2.2296,2.2305,1.60,11.20
2007.11.23 04:50:42.402,2.2295,2.23045,9.60,2.40
2007.11.23 04:50:42.641,2.2295,2.23045,9.60,2.40
2007.11.23 04:50:43.363,2.2295,2.2305,9.60,13.60
2007.11.23 04:50:44.385,2.2295,2.2305,9.60,13.60
2007.11.23 04:50:48.393,2.2296,2.2305,1.60,13.60
2007.11.23 04:50:48.803,2.2295,2.2305,9.60,13.60
2007.11.23 04:50:48.941,2.2296,2.2305,1.60,13.60
2007.11.23 04:50:49.433,2.2295,2.2305,9.60,13.60
2007.11.23 04:50:49.960,2.2296,2.2305,1.60,13.60
2007.11.23 04:50:50.372,2.2297,2.2305,1.60,13.60
2007.11.23 04:50:50.785,2.2296,2.2305,1.60,13.60
2007.11.23 04:50:54.221,2.2296,2.23045,1.60,0.70
2007.11.23 04:50:54.354,2.2297,2.23045,8.00,0.60
2007.11.23 04:50:54.488,2.2298,2.2305,1.60,3.20
2007.11.23 04:50:55.724,2.2298,2.23045,1.60,0.80
2007.11.23 04:50:55.957,2.2299,2.2306,8.00,0.70
2007.11.23 04:50:56.090,2.2299,2.2309,8.00,18.90
2007.11.23 04:50:56.224,2.22985,2.2309,8.00,16.50
2007.11.23 04:50:56.357,2.2298,2.2307,1.60,0.80
2007.11.23 04:50:56.490,2.2297,2.2307,9.60,0.70
2007.11.23 04:50:56.664,2.2297,2.2309,9.60,15.70
2007.11.23 04:50:56.800,2.2297,2.2309,9.60,15.70
2007.11.23 04:50:57.079,2.2297,2.231,8.00,12.00
2007.11.23 04:50:57.358,2.2297,2.2307,9.60,0.90
2007.11.23 04:50:57.636,2.2297,2.23105,1.60,6.40
2007.11.23 04:50:59.483,2.2297,2.23105,4.00,6.40
2007.11.23 04:50:59.678,2.22975,2.231,0.80,0.90
2007.11.23 04:50:59.808,2.2299,2.2309,8.00,0.50
2007.11.23 04:50:59.935,2.2299,2.2309,8.00,0.70
2007.11.23 04:51:00.682,2.2299,2.231,8.00,10.40
2007.11.23 04:51:00.985,2.2298,2.2309,9.60,8.80
2007.11.23 04:51:01.124,2.2298,2.2309,9.60,8.80
2007.11.23 04:51:01.263,2.23005,2.2309,0.80,8.80
2007.11.23 04:51:01.503,2.2301,2.231,1.60,0.80
2007.11.23 04:51:02.128,2.2301,2.231,1.60,0.50
2007.11.23 04:51:02.365,2.2301,2.23105,1.60,15.70
2007.11.23 04:51:02.604,2.23,2.231,8.00,12.50
2007.11.23 04:51:03.318,2.23,2.231,8.00,14.10
2007.11.23 04:51:05.131,2.23,2.231,8.00,15.10
2007.11.23 04:51:05.291,2.23,2.23075,8.00,3.20
2007.11.23 04:51:05.449,2.2301,2.23065,8.00,0.80
2007.11.23 04:51:05.606,2.2299,2.23065,9.60,0.60
2007.11.23 04:51:05.929,2.2299,2.23065,8.00,0.90
2007.11.23 04:51:06.254,2.2299,2.2307,8.00,3.20
2007.11.23 04:51:06.547,2.2299,2.23065,9.60,0.50
2007.11.23 04:51:06.841,2.23005,2.2308,8.00,0.50
2007.11.23 04:51:07.134,2.2301,2.2309,8.00,0.80
2007.11.23 04:51:07.426,2.2301,2.2311,8.00,11.20
2007.11.23 04:51:07.901,2.2301,2.2309,8.00,0.80
2007.11.23 04:51:08.332,2.2301,2.2311,8.00,11.20
2007.11.23 04:51:09.345,2.2301,2.2309,8.00,0.80
2007.11.23 04:51:10.686,2.2301,2.2311,8.00,12.80
2007.11.23 04:51:10.915,2.2301,2.2309,8.00,0.80
2007.11.23 04:51:13.233,2.2301,2.23085,8.00,2.40
2007.11.23 04:51:13.326,2.2301,2.23085,8.00,2.40
2007.11.23 04:51:13.420,2.2299,2.23085,9.60,2.40
2007.11.23 04:51:16.199,2.23005,2.2309,2.40,14.10
2007.11.23 04:51:16.374,2.2301,2.2309,8.00,2.40
2007.11.23 04:51:16.543,2.2301,2.23095,9.60,3.20
2007.11.23 04:51:21.501,2.2301,2.23095,9.60,3.20
2007.11.23 04:51:21.624,2.2301,2.23095,9.60,3.20
2007.11.23 04:51:21.747,2.2301,2.23095,9.60,2.40
2007.11.23 04:51:21.999,2.2303,2.231,8.00,0.80
2007.11.23 04:51:22.252,2.2303,2.2311,8.00,1.60
2007.11.23 04:51:22.512,2.2303,2.231,8.00,1.60
2007.11.23 04:51:32.745,2.2303,2.231,8.00,1.60
2007.11.23 04:51:33.315,2.2303,2.2311,8.00,1.60
2007.11.23 04:51:34.580,2.2303,2.2311,8.00,1.60
2007.11.23 04:51:34.734,2.2303,2.2311,8.00,1.60
2007.11.23 04:51:34.887,2.2302,2.231,1.60,1.60
2007.11.23 04:51:35.040,2.2302,2.23095,1.60,3.20
2007.11.23 04:51:35.194,2.2302,2.23095,1.60,3.20
2007.11.23 04:51:39.855,2.2301,2.23095,9.60,3.20
2007.11.23 04:51:39.875,2.2301,2.23095,3.50,3.20
2007.11.23 04:51:41.395,2.2301,2.23095,9.60,3.20
2007.11.23 04:51:42.565,2.2301,2.23095,9.60,3.20
2007.11.23 04:51:42.799,2.2301,2.23085,9.60,2.40
2007.11.23 04:51:42.978,2.23,2.23085,1.20,2.40
2007.11.23 04:51:43.157,2.23,2.23085,0.70,2.40
2007.11.23 04:51:43.352,2.2298,2.23085,12.00,2.40
2007.11.23 04:51:43.771,2.2298,2.23085,12.00,2.40
2007.11.23 04:51:43.977,2.2298,2.23085,12.00,2.40
2007.11.23 04:51:44.757,2.2299,2.23085,2.10,2.40
2007.11.23 04:51:44.926,2.2298,2.23065,5.60,2.40
2007.11.23 04:51:45.184,2.2297,2.23065,12.00,2.40
2007.11.23 04:51:45.444,2.2298,2.23065,1.00,2.40
2007.11.23 04:51:45.771,2.2297,2.23065,12.00,2.40
2007.11.23 04:51:46.030,2.2298,2.2308,12.00,5.60
2007.11.23 04:51:46.199,2.2298,2.2308,12.00,1.60
2007.11.23 04:51:46.384,2.2299,2.23085,1.90,2.40
2007.11.23 04:51:48.698,2.2299,2.23075,2.70,0.80
2007.11.23 04:51:48.812,2.2299,2.23075,2.90,0.80
2007.11.23 04:51:49.198,2.2297,2.23075,12.00,0.80
2007.11.23 04:51:49.382,2.22965,2.23065,12.80,2.40
2007.11.23 04:51:49.565,2.2297,2.23065,12.00,2.40
2007.11.23 04:51:51.026,2.2298,2.23065,9.60,2.40
2007.11.23 04:51:51.348,2.2298,2.23065,9.60,2.40
2007.11.23 04:51:54.821,2.2298,2.23065,9.60,2.40
2007.11.23 04:51:56.668,2.2298,2.23065,9.60,2.40
2007.11.23 04:51:56.751,2.2298,2.23065,9.60,2.40
2007.11.23 04:51:56.946,2.2298,2.23065,16.00,2.40
2007.11.23 04:51:57.028,2.2298,2.23065,16.00,2.40
2007.11.23 04:51:57.110,2.2299,2.23065,4.40,2.40
2007.11.23 04:51:58.241,2.22995,2.23065,0.80,2.40
2007.11.23 04:51:58.344,2.22995,2.23065,3.20,2.40
2007.11.23 04:51:58.653,2.23,2.23065,1.40,2.40
2007.11.23 04:51:58.757,2.23,2.2307,1.00,0.80
2007.11.23 04:51:58.861,2.2301,2.2308,1.80,1.60
2007.11.23 04:51:58.965,2.2299,2.2309,13.60,1.60
2007.11.23 04:51:59.140,2.2299,2.2309,13.60,1.60
2007.11.23 04:51:59.242,2.2299,2.2309,13.60,1.60
2007.11.23 04:51:59.570,2.2298,2.2308,14.10,1.60
2007.11.23 04:51:59.899,2.2298,2.2308,14.10,1.60
2007.11.23 04:52:00.226,2.2299,2.2308,1.80,1.60
2007.11.23 04:52:00.554,2.2299,2.23085,1.60,2.40
2007.11.23 04:52:00.731,2.2298,2.2309,12.00,14.10
2007.11.23 04:52:00.875,2.2298,2.2309,15.70,10.40
2007.11.23 04:52:01.019,2.2298,2.2309,15.70,8.80
2007.11.23 04:52:02.161,2.2298,2.23075,15.70,0.80
2007.11.23 04:52:02.416,2.2299,2.23065,3.10,2.40
2007.11.23 04:52:02.530,2.2299,2.23065,1.60,2.40
2007.11.23 04:52:03.277,2.2297,2.23065,12.00,2.40
2007.11.23 04:52:05.357,2.2299,2.23065,2.20,2.40
2007.11.23 04:52:05.835,2.2297,2.23065,12.00,2.40
2007.11.23 04:52:07.316,2.2299,2.23065,9.60,2.40
2007.11.23 04:52:09.260,2.2299,2.23065,9.60,2.40
2007.11.23 04:52:09.392,2.23,2.23065,1.60,2.40
2007.11.23 04:52:09.524,2.23,2.23065,1.60,2.40
2007.11.23 04:52:11.162,2.23,2.23065,1.60,2.40
2007.11.23 04:52:11.275,2.23,2.2309,4.00,13.60
2007.11.23 04:52:11.390,2.23,2.2309,4.00,8.00
2007.11.23 04:52:11.503,2.2301,2.2311,9.60,9.60
2007.11.23 04:52:11.997,2.2301,2.2311,9.60,8.00
2007.11.23 04:52:12.403,2.2301,2.2311,9.60,9.60
2007.11.23 04:52:13.660,2.2301,2.2311,9.60,9.60
2007.11.23 04:52:13.779,2.2301,2.2311,9.60,12.00
2007.11.23 04:52:13.947,2.2301,2.23095,9.60,0.80
2007.11.23 04:52:14.184,2.2301,2.23095,9.60,3.20
2007.11.23 04:52:14.346,2.23005,2.23095,9.60,3.20
2007.11.23 04:52:14.515,2.2301,2.2309,1.60,8.00
2007.11.23 04:52:16.872,2.2301,2.2309,1.60,8.00
2007.11.23 04:52:19.410,2.2301,2.2309,1.60,8.00
2007.11.23 04:52:20.388,2.23,2.2309,1.60,8.00
2007.11.23 04:52:27.894,2.23,2.2309,1.60,8.00
2007.11.23 04:52:31.150,2.23,2.23095,1.60,11.20
2007.11.23 04:52:31.459,2.23,2.23095,1.60,12.80
2007.11.23 04:52:31.878,2.2301,2.23095,1.60,12.80
2007.11.23 04:52:32.082,2.23,2.23095,1.60,11.20
2007.11.23 04:52:35.561,2.23,2.23095,1.60,11.20
2007.11.23 04:52:35.695,2.23,2.23095,5.60,11.20
2007.11.23 04:52:37.370,2.23,2.23095,5.60,12.80
2007.11.23 04:52:38.921,2.23,2.2309,5.60,0.90
2007.11.23 04:52:44.148,2.23,2.23095,5.60,12.80
2007.11.23 04:52:44.307,2.23005,2.2309,2.40,0.90
2007.11.23 04:52:44.466,2.2302,2.23095,1.60,4.80
2007.11.23 04:52:45.593,2.2302,2.23095,1.60,4.80
2007.11.23 04:52:45.803,2.2302,2.2309,1.60,0.80
2007.11.23 04:52:46.012,2.2301,2.23095,9.60,4.80
2007.11.23 04:52:46.399,2.2301,2.2309,8.00,0.90
2007.11.23 04:52:49.810,2.2301,2.23095,8.00,7.20
2007.11.23 04:52:49.941,2.2301,2.23095,8.00,7.20
2007.11.23 04:52:50.145,2.2301,2.2309,8.00,0.90
2007.11.23 04:52:50.265,2.2301,2.23045,8.00,0.60
2007.11.23 04:52:50.563,2.2299,2.2306,1.60,3.20
2007.11.23 04:52:53.144,2.2299,2.23045,1.60,0.50
2007.11.23 04:52:53.242,2.22995,2.2306,2.40,0.80
2007.11.23 04:52:53.342,2.22995,2.2306,2.40,0.80
2007.11.23 04:52:53.439,2.23,2.2309,5.60,9.60
2007.11.23 04:52:55.133,2.23,2.2309,5.60,9.60
2007.11.23 04:52:55.266,2.23,2.2308,5.60,0.90
2007.11.23 04:52:55.399,2.23,2.23075,1.60,4.80
2007.11.23 04:52:55.532,2.23,2.2307,1.60,0.80
2007.11.23 04:52:58.201,2.23,2.23075,1.60,4.80
2007.11.23 04:52:58.526,2.23,2.23075,1.60,4.80
2007.11.23 04:53:00.994,2.23,2.2307,1.60,1.60
2007.11.23 04:53:01.129,2.23,2.2307,1.60,1.60
2007.11.23 04:53:01.336,2.23,2.2307,1.60,9.60
2007.11.23 04:53:01.459,2.2299,2.23065,1.60,2.40
2007.11.23 04:53:01.960,2.2298,2.23065,5.60,2.40
2007.11.23 04:53:03.416,2.2298,2.23065,4.00,2.40
2007.11.23 04:53:03.797,2.2298,2.23065,4.00,2.40
2007.11.23 04:53:03.950,2.2298,2.23065,4.00,2.40
2007.11.23 04:53:04.139,2.2297,2.23065,16.00,2.40
2007.11.23 04:53:04.342,2.2298,2.23065,1.60,2.40
2007.11.23 04:53:06.328,2.2298,2.23065,1.60,2.40
2007.11.23 04:53:07.149,2.2298,2.23065,1.60,2.40
2007.11.23 04:53:09.379,2.2298,2.23065,4.00,2.40
2007.11.23 04:53:09.649,2.2298,2.23065,4.00,2.40
2007.11.23 04:53:09.812,2.2298,2.2307,4.00,10.40
2007.11.23 04:53:09.975,2.2299,2.2308,8.00,1.60
2007.11.23 04:53:12.012,2.2299,2.2308,8.00,1.60
2007.11.23 04:53:12.119,2.2299,2.2308,8.00,1.60
2007.11.23 04:53:12.447,2.2299,2.2308,16.00,1.60
2007.11.23 04:53:12.774,2.2299,2.2308,16.00,1.60
2007.11.23 04:53:13.257,2.23,2.2308,1.60,1.60
2007.11.23 04:53:13.408,2.23,2.2308,0.90,1.60
2007.11.23 04:53:14.541,2.22985,2.2308,19.20,1.60
2007.11.23 04:53:14.711,2.22985,2.2308,18.40,1.60
2007.11.23 04:53:14.885,2.2298,2.23045,5.60,2.40
2007.11.23 04:53:15.046,2.2298,2.23045,5.60,2.40
2007.11.23 04:53:15.930,2.2297,2.23045,16.00,2.40
2007.11.23 04:53:16.345,2.2298,2.23045,5.60,2.40
2007.11.23 04:53:16.679,2.2299,2.23045,1.20,2.40
2007.11.23 04:53:16.803,2.2299,2.23045,1.10,2.40
2007.11.23 04:53:17.021,2.2298,2.23045,0.80,2.40
2007.11.23 04:53:17.304,2.2297,2.23045,13.60,2.40
2007.11.23 04:53:19.111,2.2298,2.23045,0.90,2.40
2007.11.23 04:53:19.238,2.2298,2.23045,0.70,2.40
2007.11.23 04:53:19.977,2.22975,2.23045,2.40,2.40
2007.11.23 04:53:20.200,2.2297,2.23025,13.60,2.40
2007.11.23 04:53:20.422,2.2296,2.23025,13.60,2.40
2007.11.23 04:53:20.602,2.2297,2.23025,2.50,2.40
2007.11.23 04:53:20.780,2.2296,2.23025,13.60,2.40
2007.11.23 04:53:23.179,2.2297,2.2303,1.80,0.80
2007.11.23 04:53:23.312,2.2297,2.2303,4.30,0.80
2007.11.23 04:53:23.445,2.2297,2.2306,16.00,1.60
2007.11.23 04:53:23.692,2.22975,2.2306,8.80,1.60
2007.11.23 04:53:24.133,2.22975,2.2306,8.80,1.60
2007.11.23 04:53:24.381,2.22975,2.2306,8.80,1.60
2007.11.23 04:53:24.629,2.22975,2.2306,8.80,1.60
2007.11.23 04:53:28.185,2.2299,2.2306,1.30,1.60
2007.11.23 04:53:28.404,2.2299,2.2306,4.30,1.60
2007.11.23 04:53:28.622,2.2298,2.2306,14.40,1.60
2007.11.23 04:53:28.904,2.2299,2.23055,5.60,0.80
2007.11.23 04:53:29.133,2.2298,2.23055,14.40,0.80
2007.11.23 04:53:29.340,2.2299,2.23045,3.00,2.40
2007.11.23 04:53:29.533,2.2296,2.23045,16.00,2.40
2007.11.23 04:53:34.228,2.2296,2.23045,16.00,2.40
2007.11.23 04:53:35.318,2.2296,2.23045,16.00,2.40
2007.11.23 04:53:35.940,2.2297,2.23045,13.60,2.40
2007.11.23 04:53:36.250,2.2296,2.23045,16.00,2.40
2007.11.23 04:53:37.207,2.2296,2.23045,16.00,2.40
2007.11.23 04:53:37.375,2.2298,2.2306,12.00,1.60
2007.11.23 04:53:38.184,2.2299,2.2307,3.50,1.60
2007.11.23 04:53:45.244,2.2299,2.2307,8.00,1.60
2007.11.23 04:53:52.966,2.2299,2.2307,8.00,1.60
2007.11.23 04:53:53.123,2.2299,2.2307,8.00,1.60
2007.11.23 04:53:53.281,2.2299,2.2307,16.00,1.60
2007.11.23 04:53:53.681,2.2299,2.2308,16.00,1.60
2007.11.23 04:53:56.083,2.2299,2.2308,16.00,1.60
2007.11.23 04:53:56.222,2.2299,2.2308,16.00,1.60
2007.11.23 04:53:56.359,2.23,2.23075,1.60,2.40
2007.11.23 04:53:56.497,2.23,2.23075,1.60,2.40
2007.11.23 04:53:56.646,2.23,2.23075,1.60,2.40
2007.11.23 04:54:00.427,2.23,2.2307,1.60,1.60
2007.11.23 04:54:01.270,2.23,2.23075,1.60,2.40
2007.11.23 04:54:03.290,2.2301,2.23075,1.60,2.40
2007.11.23 04:54:05.013,2.2301,2.23075,1.60,2.40
2007.11.23 04:54:07.306,2.2301,2.23075,1.60,2.40
2007.11.23 04:54:10.451,2.23,2.23075,1.60,2.40
2007.11.23 04:54:11.304,2.2301,2.23075,1.60,2.40
2007.11.23 04:54:11.447,2.23,2.23075,1.60,2.40
2007.11.23 04:54:11.738,2.2301,2.23075,1.60,2.40
2007.11.23 04:54:12.067,2.2301,2.23075,1.60,2.40
2007.11.23 04:54:12.210,2.2301,2.23075,1.60,2.40
2007.11.23 04:54:12.465,2.2301,2.2309,1.60,9.60
2007.11.23 04:54:13.333,2.2302,2.2309,1.60,9.60
2007.11.23 04:54:14.635,2.2302,2.2309,1.60,9.60
2007.11.23 04:54:14.729,2.23005,2.2309,2.40,9.60
2007.11.23 04:54:14.773,2.23005,2.2309,2.40,9.60
2007.11.23 04:54:14.912,2.2302,2.23095,0.60,2.40
2007.11.23 04:54:15.050,2.2301,2.23095,16.00,2.40
2007.11.23 04:54:18.099,2.2302,2.23095,0.50,2.40
2007.11.23 04:54:18.327,2.22985,2.23065,13.60,2.40
2007.11.23 04:54:18.623,2.2298,2.23065,5.60,2.40
2007.11.23 04:54:18.807,2.22975,2.23025,5.60,2.40
2007.11.23 04:54:18.991,2.23,2.23025,1.20,2.40
2007.11.23 04:54:19.180,2.2297,2.23025,0.20,2.40
2007.11.23 04:54:19.364,2.22955,2.2304,4.20,0.80
2007.11.23 04:54:19.546,2.2296,2.23045,16.10,2.40
2007.11.23 04:54:19.881,2.2297,2.23045,4.10,2.40
2007.11.23 04:54:20.214,2.22965,2.2304,1.90,1.60
2007.11.23 04:54:20.548,2.2292,2.2304,0.80,1.60
2007.11.23 04:54:20.725,2.2291,2.2304,3.20,1.60
2007.11.23 04:54:20.905,2.2289,2.2305,5.30,1.60
2007.11.23 04:54:21.082,2.2289,2.2305,5.30,1.60
2007.11.23 04:54:21.261,2.2291,2.23025,1.10,2.40
2007.11.23 04:54:21.440,2.2289,2.23025,0.60,2.40
2007.11.23 04:54:21.674,2.2289,2.23025,0.50,2.40
2007.11.23 04:54:21.918,2.2289,2.2305,1.10,3.20
2007.11.23 04:54:22.161,2.2286,2.2305,3.20,3.20
2007.11.23 04:54:22.678,2.22895,2.23005,0.80,0.80
2007.11.23 04:54:22.851,2.2289,2.2299,12.80,8.00
2007.11.23 04:54:23.025,2.229,2.2299,0.80,8.00
2007.11.23 04:54:23.357,2.2291,2.2299,0.60,8.00
2007.11.23 04:54:24.317,2.22895,2.2299,2.40,8.00
2007.11.23 04:54:24.781,2.22905,2.2299,1.60,8.00
2007.11.23 04:54:25.011,2.2293,2.23005,16.00,2.40
2007.11.23 04:54:25.392,2.2295,2.23005,1.00,2.40
2007.11.23 04:54:26.332,2.2295,2.23005,1.20,2.40
2007.11.23 04:54:27.182,2.22945,2.2302,2.40,0.80
2007.11.23 04:54:27.377,2.22945,2.2303,12.80,1.60
2007.11.23 04:54:27.575,2.2296,2.2304,1.20,0.80
2007.11.23 04:54:27.764,2.2296,2.23025,0.50,0.80
2007.11.23 04:54:27.972,2.2294,2.23025,0.50,0.80
2007.11.23 04:54:28.180,2.2294,2.23025,0.60,0.80
2007.11.23 04:54:28.388,2.2293,2.23025,13.60,0.80
2007.11.23 04:54:29.566,2.2293,2.23025,13.60,0.80
2007.11.23 04:54:29.739,2.2293,2.23005,13.60,0.80
2007.11.23 04:54:29.982,2.2292,2.23005,5.60,0.80
2007.11.23 04:54:30.226,2.2294,2.23005,1.20,3.20
2007.11.23 04:54:30.468,2.2294,2.23005,0.70,3.20
2007.11.23 04:54:31.089,2.2292,2.23005,5.60,3.20
2007.11.23 04:54:31.322,2.2292,2.23005,5.60,3.20
2007.11.23 04:54:32.132,2.2294,2.23005,1.20,2.40
2007.11.23 04:54:32.276,2.22925,2.23005,2.40,2.40
2007.11.23 04:54:34.121,2.22925,2.23005,2.40,2.40
2007.11.23 04:54:34.254,2.22925,2.22985,2.40,2.40
2007.11.23 04:54:34.388,2.2294,2.22985,0.60,2.40
2007.11.23 04:54:34.521,2.22925,2.22985,2.40,2.40
2007.11.23 04:54:34.653,2.2291,2.22985,13.60,3.20
2007.11.23 04:54:34.787,2.2293,2.22985,0.50,2.40
2007.11.23 04:54:35.476,2.2291,2.22985,13.60,2.40
2007.11.23 04:54:35.734,2.2291,2.22995,13.60,2.40
2007.11.23 04:54:37.386,2.2291,2.22995,13.60,2.40
2007.11.23 04:54:40.657,2.2293,2.22995,0.90,2.40
2007.11.23 04:54:40.803,2.2291,2.22995,13.60,3.20
2007.11.23 04:54:40.947,2.2291,2.22995,9.60,3.20
2007.11.23 04:54:41.092,2.2293,2.22995,1.20,3.20
2007.11.23 04:54:41.234,2.2293,2.22995,0.80,2.40
2007.11.23 04:54:41.568,2.2291,2.2299,9.60,1.60
2007.11.23 04:54:41.908,2.2292,2.2299,2.40,1.60
2007.11.23 04:54:42.236,2.22915,2.23,0.80,2.40
2007.11.23 04:54:42.430,2.2293,2.23,0.50,0.80
2007.11.23 04:54:42.623,2.22915,2.2301,2.40,9.60
2007.11.23 04:54:42.817,2.22935,2.2301,0.80,1.60
2007.11.23 04:54:43.010,2.22935,2.23015,2.40,2.40
2007.11.23 04:54:43.263,2.2294,2.23015,1.10,2.40
2007.11.23 04:54:44.170,2.2294,2.23015,1.60,2.40
2007.11.23 04:54:44.400,2.22955,2.23005,0.80,2.40
2007.11.23 04:54:44.557,2.22955,2.23005,0.80,2.40
2007.11.23 04:54:45.286,2.2295,2.23005,1.60,2.40
2007.11.23 04:54:45.634,2.2295,2.23005,1.60,2.40
2007.11.23 04:54:45.827,2.2295,2.23015,1.60,2.40
2007.11.23 04:54:46.020,2.2294,2.2301,1.60,8.00
2007.11.23 04:54:47.603,2.2294,2.2301,1.60,8.00
2007.11.23 04:54:47.711,2.22955,2.23005,0.80,2.40
2007.11.23 04:54:47.818,2.22955,2.23005,0.80,2.40
2007.11.23 04:54:47.928,2.22955,2.23005,0.80,2.40
2007.11.23 04:54:48.035,2.22955,2.23005,0.80,2.40
2007.11.23 04:54:49.140,2.22955,2.23005,0.80,2.40
2007.11.23 04:54:49.422,2.22955,2.2302,0.80,2.40
2007.11.23 04:54:49.540,2.22955,2.2303,0.80,1.60
2007.11.23 04:54:49.669,2.22955,2.2303,0.80,1.60
2007.11.23 04:54:49.787,2.2297,2.2303,8.00,1.60
2007.11.23 04:54:49.935,2.2297,2.2304,8.00,1.60
2007.11.23 04:54:50.058,2.2297,2.2304,8.00,1.60
2007.11.23 04:54:50.227,2.22975,2.2304,0.80,1.60
2007.11.23 04:54:50.345,2.22975,2.2304,0.80,1.60
2007.11.23 04:54:50.463,2.22975,2.2305,0.80,1.60
2007.11.23 04:54:50.786,2.2297,2.2305,8.00,1.60
2007.11.23 04:54:51.109,2.22955,2.2304,0.80,1.60
2007.11.23 04:54:51.432,2.22975,2.2305,0.80,1.60
2007.11.23 04:54:51.757,2.2297,2.2305,8.00,1.60
2007.11.23 04:54:52.039,2.2297,2.2304,8.00,1.60
2007.11.23 04:54:52.198,2.22975,2.2304,0.80,1.60
2007.11.23 04:54:52.356,2.22975,2.2304,0.80,1.60
2007.11.23 04:54:52.514,2.22975,2.2304,0.80,1.60
2007.11.23 04:54:56.447,2.22975,2.23045,0.80,2.40
2007.11.23 04:54:56.964,2.2298,2.23045,1.60,2.40
2007.11.23 04:54:57.393,2.22975,2.23045,0.80,2.40
2007.11.23 04:54:58.058,2.22975,2.23045,0.80,2.40
2007.11.23 04:54:58.375,2.22975,2.23045,0.80,2.40
2007.11.23 04:54:58.574,2.22975,2.23045,0.80,2.40
2007.11.23 04:54:59.304,2.2298,2.23045,1.60,2.40
2007.11.23 04:55:02.153,2.22975,2.23045,2.40,2.40
2007.11.23 04:55:02.347,2.2297,2.23045,2.40,2.40
2007.11.23 04:55:02.738,2.2297,2.23045,2.40,2.40
2007.11.23 04:55:07.009,2.22975,2.23045,0.80,2.40
2007.11.23 04:55:07.416,2.2298,2.23045,0.50,2.40
2007.11.23 04:55:07.595,2.22975,2.23045,2.40,2.40
2007.11.23 04:55:07.983,2.22975,2.23045,2.40,2.40
2007.11.23 04:55:09.652,2.2297,2.23045,5.60,2.40
2007.11.23 04:55:09.780,2.2298,2.23045,0.60,2.40
2007.11.23 04:55:10.399,2.2298,2.23045,1.10,2.40
2007.11.23 04:55:13.214,2.2297,2.23045,5.60,2.40
2007.11.23 04:55:13.420,2.2297,2.23045,16.00,2.40
2007.11.23 04:55:13.768,2.2298,2.23045,1.60,2.40
2007.11.23 04:55:15.331,2.2299,2.23045,0.80,2.40
2007.11.23 04:55:17.202,2.2299,2.23045,0.90,2.40
2007.11.23 04:55:17.702,2.2299,2.23045,1.10,2.40
2007.11.23 04:55:18.109,2.22985,2.23045,2.40,2.40
2007.11.23 04:55:18.731,2.2298,2.23045,5.60,2.40
2007.11.23 04:55:22.624,2.22985,2.23045,2.40,2.40
2007.11.23 04:55:22.741,2.22985,2.2306,2.40,2.40
2007.11.23 04:55:22.859,2.22985,2.2306,6.40,2.40
2007.11.23 04:55:22.978,2.22985,2.23065,6.40,2.40
2007.11.23 04:55:24.809,2.2299,2.23065,2.20,2.40
2007.11.23 04:55:25.605,2.2298,2.23065,8.00,2.40
2007.11.23 04:55:25.713,2.2298,2.23045,8.00,2.40
2007.11.23 04:55:26.006,2.22975,2.23045,5.60,2.40
2007.11.23 04:55:26.403,2.22975,2.23045,5.60,2.40
2007.11.23 04:55:28.390,2.2299,2.23045,0.80,2.40
2007.11.23 04:55:28.573,2.2298,2.23045,5.60,2.40
2007.11.23 04:55:31.680,2.2299,2.23045,1.60,2.40
2007.11.23 04:55:32.008,2.23,2.23045,1.60,2.40
2007.11.23 04:55:32.187,2.23,2.23045,1.60,2.40
2007.11.23 04:55:32.365,2.23,2.23065,1.60,2.40
2007.11.23 04:55:32.566,2.2301,2.23065,1.60,2.40
2007.11.23 04:55:35.818,2.2301,2.23065,1.60,2.40
2007.11.23 04:55:36.344,2.2301,2.23065,1.60,2.40
2007.11.23 04:55:36.966,2.23,2.23065,1.60,2.40
2007.11.23 04:55:41.948,2.23,2.23065,1.60,2.40
2007.11.23 04:55:44.960,2.23,2.23065,1.60,2.40
2007.11.23 04:55:46.849,2.23,2.23065,1.60,2.40
2007.11.23 04:55:57.882,2.23,2.23065,1.60,2.40
2007.11.23 04:55:58.464,2.2299,2.23065,13.60,2.40
2007.11.23 04:56:05.396,2.2299,2.2308,13.60,2.40
2007.11.23 04:56:05.569,2.2299,2.2308,5.30,2.40
2007.11.23 04:56:05.736,2.2298,2.2308,16.00,2.40
2007.11.23 04:56:05.922,2.2299,2.2308,9.60,2.40
2007.11.23 04:56:06.343,2.2299,2.2307,9.60,1.60
2007.11.23 04:56:08.905,2.2299,2.2307,9.60,1.60
2007.11.23 04:56:09.583,2.2299,2.2307,9.60,1.60
2007.11.23 04:56:09.915,2.2299,2.2308,16.00,2.40
2007.11.23 04:56:10.177,2.2299,2.2308,16.00,2.40
2007.11.23 04:56:10.440,2.23,2.2308,1.10,2.40
2007.11.23 04:56:10.949,2.2299,2.2308,16.00,2.40
2007.11.23 04:56:19.930,2.2301,2.2308,0.70,2.40
2007.11.23 04:56:20.223,2.2299,2.2308,16.00,0.80
2007.11.23 04:56:23.266,2.2302,2.2308,0.50,0.80
2007.11.23 04:56:25.928,2.2299,2.2308,16.00,0.80
2007.11.23 04:56:26.929,2.2301,2.2308,1.60,0.80
2007.11.23 04:56:31.028,2.2301,2.2308,1.60,0.80
2007.11.23 04:56:32.856,2.2299,2.2308,16.00,0.80
2007.11.23 04:56:42.063,2.2301,2.2308,0.60,0.80
2007.11.23 04:56:53.083,2.2299,2.2308,16.00,0.80
2007.11.23 04:57:03.680,2.22955,2.2308,0.40,0.80
2007.11.23 04:57:03.893,2.2301,2.2308,1.60,0.80
2007.11.23 04:57:04.021,2.23,2.2307,1.60,1.60
2007.11.23 04:57:04.148,2.23,2.2307,1.60,1.60
2007.11.23 04:57:04.327,2.23,2.2308,1.60,2.40
2007.11.23 04:57:04.455,2.23,2.2307,1.60,1.60
2007.11.23 04:57:04.617,2.23,2.2307,1.60,1.60
2007.11.23 04:57:04.784,2.23,2.2307,1.60,1.60
2007.11.23 04:57:05.006,2.2301,2.2308,1.60,2.40
2007.11.23 04:57:05.338,2.2301,2.2308,1.60,2.40
2007.11.23 04:57:15.128,2.2301,2.2308,1.60,2.40
2007.11.23 04:57:18.644,2.2301,2.2308,1.60,0.80
2007.11.23 04:57:18.753,2.2301,2.23075,1.60,2.40
2007.11.23 04:57:18.861,2.2301,2.23075,1.60,2.40
2007.11.23 04:57:21.065,2.2301,2.23065,1.60,2.40
2007.11.23 04:57:21.168,2.2301,2.23065,1.60,2.40
2007.11.23 04:57:21.294,2.2301,2.23065,1.60,2.40
2007.11.23 04:57:26.158,2.2301,2.23065,1.60,2.40
2007.11.23 04:57:26.940,2.2301,2.23065,1.60,0.60
2007.11.23 04:57:28.466,2.23015,2.2308,0.80,4.80
2007.11.23 04:57:28.597,2.23015,2.2308,0.80,3.20
2007.11.23 04:57:32.329,2.23015,2.2308,0.80,3.20
2007.11.23 04:57:37.181,2.23015,2.2308,0.80,3.20
2007.11.23 04:57:48.207,2.23015,2.23065,0.80,0.60
2007.11.23 04:57:59.244,2.2301,2.2309,1.60,1.60
2007.11.23 04:58:19.372,2.23015,2.23085,0.80,3.20
2007.11.23 04:58:19.519,2.23015,2.2308,0.80,0.80
2007.11.23 04:58:19.663,2.23015,2.2309,0.80,4.00
2007.11.23 04:58:20.258,2.2302,2.23085,1.60,0.70
2007.11.23 04:58:21.293,2.2302,2.2309,1.60,4.00
2007.11.23 04:58:26.171,2.2302,2.2309,1.60,4.00
2007.11.23 04:58:26.267,2.23035,2.23085,0.80,0.80
2007.11.23 04:58:26.455,2.23035,2.231,0.80,4.00
2007.11.23 04:58:26.644,2.23035,2.231,0.80,4.00
2007.11.23 04:58:28.240,2.23035,2.23085,0.80,0.80
2007.11.23 04:58:32.318,2.23035,2.231,0.80,4.00
2007.11.23 04:58:40.280,2.23035,2.23085,0.80,2.40
2007.11.23 04:58:40.678,2.23035,2.23085,0.80,2.40
2007.11.23 04:58:40.790,2.23035,2.2311,0.80,9.60
2007.11.23 04:58:40.904,2.23035,2.2311,0.80,1.60
2007.11.23 04:58:41.136,2.2304,2.2311,1.60,1.60
2007.11.23 04:58:41.370,2.23035,2.2311,0.80,1.60
2007.11.23 04:58:42.567,2.23035,2.2311,0.80,1.60
2007.11.23 04:58:43.355,2.23035,2.2311,0.80,1.60
2007.11.23 04:58:44.115,2.2303,2.2311,9.60,1.60
2007.11.23 04:58:44.322,2.2303,2.2311,9.60,1.60
2007.11.23 04:58:45.009,2.2302,2.2311,16.00,1.60
2007.11.23 04:58:54.371,2.2303,2.2311,9.60,1.60
2007.11.23 04:58:56.621,2.2303,2.2311,9.60,1.60
2007.11.23 04:58:56.722,2.2303,2.23105,9.60,0.80
2007.11.23 04:58:56.816,2.2303,2.23085,9.60,2.40
2007.11.23 04:58:56.910,2.2303,2.23085,1.60,2.40
2007.11.23 04:58:57.003,2.2303,2.23085,1.60,2.40
2007.11.23 04:58:57.186,2.2303,2.23085,1.60,2.40
2007.11.23 04:58:57.470,2.2303,2.23085,1.60,2.40
2007.11.23 04:58:58.337,2.2303,2.23085,1.60,2.40
2007.11.23 04:58:58.669,2.2303,2.23085,1.60,2.40
2007.11.23 04:58:59.890,2.2304,2.23085,1.60,2.40
2007.11.23 04:59:04.759,2.2303,2.23085,1.60,2.40
2007.11.23 04:59:05.521,2.2303,2.23085,1.60,2.40
2007.11.23 04:59:09.930,2.2303,2.23085,1.60,2.40
2007.11.23 04:59:10.874,2.2303,2.23085,1.60,2.40
2007.11.23 04:59:11.285,2.2302,2.23085,1.60,2.40
2007.11.23 04:59:13.127,2.2302,2.23085,1.60,2.40
2007.11.23 04:59:13.312,2.23015,2.23085,1.60,2.40
2007.11.23 04:59:13.495,2.2302,2.23085,1.60,2.40
2007.11.23 04:59:13.677,2.2302,2.23085,1.60,2.40
2007.11.23 04:59:14.115,2.2302,2.23085,1.60,2.40
2007.11.23 04:59:14.405,2.2302,2.23085,1.60,2.40
2007.11.23 04:59:14.814,2.2303,2.23085,1.60,2.40
2007.11.23 04:59:15.227,2.2302,2.23085,1.60,2.40
2007.11.23 04:59:16.545,2.2302,2.23085,1.60,2.40
2007.11.23 04:59:21.069,2.2302,2.23085,1.60,2.40
2007.11.23 04:59:21.231,2.2302,2.23085,1.60,2.40
2007.11.23 04:59:21.390,2.2302,2.23085,1.60,2.40
2007.11.23 04:59:21.544,2.2302,2.23085,1.60,2.40
2007.11.23 04:59:21.697,2.2302,2.23085,1.60,2.40
2007.11.23 04:59:21.851,2.2302,2.23085,1.60,2.40
2007.11.23 04:59:22.005,2.2302,2.23085,1.60,2.40
2007.11.23 04:59:22.289,2.2301,2.23085,9.60,2.40
2007.11.23 04:59:27.581,2.2301,2.23085,9.60,2.40
2007.11.23 04:59:27.791,2.2302,2.23085,1.60,2.40
2007.11.23 04:59:28.009,2.2302,2.23085,1.60,2.40
2007.11.23 04:59:29.136,2.2302,2.23085,1.60,0.50
2007.11.23 04:59:32.124,2.2302,2.23085,1.60,3.20
2007.11.23 04:59:32.240,2.2302,2.23075,1.60,3.20
2007.11.23 04:59:32.351,2.2302,2.23075,1.60,3.20
2007.11.23 04:59:32.465,2.2301,2.23065,1.60,0.60
2007.11.23 04:59:33.075,2.2301,2.23075,1.60,3.20
2007.11.23 04:59:33.320,2.2302,2.23085,1.60,3.20
2007.11.23 04:59:33.563,2.2302,2.23085,1.60,0.70
2007.11.23 04:59:35.153,2.2302,2.23085,1.60,0.60
2007.11.23 04:59:35.306,2.2302,2.23105,9.60,5.60
2007.11.23 04:59:35.462,2.2302,2.231,9.60,0.80
2007.11.23 04:59:38.622,2.2302,2.231,9.60,0.60
2007.11.23 04:59:39.907,2.2302,2.2308,9.60,0.80
2007.11.23 04:59:40.642,2.2302,2.231,9.60,4.00
2007.11.23 04:59:40.740,2.2302,2.2308,9.60,3.20
2007.11.23 04:59:41.048,2.2301,2.23075,1.60,0.60
2007.11.23 04:59:41.356,2.2302,2.2308,1.60,4.00
2007.11.23 04:59:44.650,2.2302,2.2308,1.60,4.00
2007.11.23 04:59:44.810,2.23015,2.2309,9.60,2.40
2007.11.23 04:59:45.056,2.23015,2.2309,9.60,2.40
2007.11.23 04:59:45.210,2.23015,2.23075,9.60,0.70
2007.11.23 04:59:45.352,2.2301,2.2308,1.60,3.20
2007.11.23 04:59:45.626,2.2301,2.2308,1.60,4.00
2007.11.23 04:59:47.379,2.2301,2.23075,1.60,0.60
2007.11.23 04:59:47.527,2.2301,2.2308,1.60,4.00
2007.11.23 04:59:49.653,2.2301,2.23075,1.60,0.90
2007.11.23 04:59:50.415,2.2302,2.23075,1.60,0.60
2007.11.23 04:59:52.574,2.2302,2.2308,1.60,3.20
2007.11.23 04:59:52.703,2.2302,2.2308,1.60,0.80
2007.11.23 04:59:52.834,2.2302,2.2308,9.60,0.80
2007.11.23 04:59:52.960,2.2302,2.231,9.60,0.60
