2014.07.28 21:00:00.063,1.72968,1.73012,0.90,0.90
2014.07.28 21:00:00.421,1.72962,1.73008,0.75,0.75
2014.07.28 21:00:00.632,1.72967,1.73013,0.75,0.75
2014.07.28 21:00:01.079,1.72973,1.73007,0.75,0.75
2014.07.28 21:00:01.395,1.72978,1.73012,0.75,0.75
2014.07.28 21:00:07.593,1.72982,1.73013,0.75,0.10
2014.07.28 21:00:10.403,1.72978,1.73012,0.75,0.75
2014.07.28 21:00:16.233,1.72983,1.73016,0.75,0.15
2014.07.28 21:00:18.544,1.72982,1.73016,0.75,0.15
2014.07.28 21:00:20.251,1.72982,1.73018,0.75,1.50
2014.07.28 21:00:22.172,1.72983,1.73017,0.75,0.75
2014.07.28 21:00:25.253,1.72982,1.73018,0.75,1.50
2014.07.28 21:00:26.792,1.72978,1.73012,0.75,0.75
2014.07.28 21:00:27.567,1.72976,1.73007,0.15,0.75
2014.07.28 21:00:28.244,1.72978,1.73012,0.75,0.75
2014.07.28 21:00:30.312,1.72982,1.73018,0.75,1.50
2014.07.28 21:00:32.304,1.72978,1.73012,0.75,0.75
2014.07.28 21:00:37.363,1.72976,1.73002,0.15,0.75
2014.07.28 21:00:39.362,1.72976,1.72992,0.15,0.75
2014.07.28 21:00:39.466,1.72976,1.73003,0.15,0.75
2014.07.28 21:00:39.662,1.72976,1.72993,0.15,0.75
2014.07.28 21:00:40.821,1.72977,1.72993,0.10,0.75
2014.07.28 21:00:41.350,1.72979,1.72993,0.10,0.75
2014.07.28 21:00:44.179,1.72979,1.73002,0.10,0.75
2014.07.28 21:00:45.717,1.72979,1.73007,0.10,0.75
2014.07.28 21:00:45.869,1.72979,1.72993,0.10,0.75
2014.07.28 21:00:45.932,1.72979,1.73002,0.10,0.75
2014.07.28 21:00:46.152,1.72979,1.72993,0.10,0.75
2014.07.28 21:00:49.918,1.72979,1.72992,0.10,0.75
2014.07.28 21:00:54.098,1.72979,1.73002,0.10,0.75
2014.07.28 21:00:56.383,1.72979,1.73003,0.10,0.75
2014.07.28 21:00:59.943,1.72979,1.73002,0.10,0.75
2014.07.28 21:01:00.272,1.72979,1.72997,0.10,0.75
2014.07.28 21:01:00.451,1.72979,1.73002,0.10,0.75
2014.07.28 21:01:01.731,1.72977,1.73002,0.15,0.75
2014.07.28 21:01:39.061,1.72977,1.73008,0.10,0.75
2014.07.28 21:01:50.834,1.72977,1.72993,0.10,0.75
2014.07.28 21:01:51.496,1.72977,1.72997,0.10,0.75
2014.07.28 21:01:51.601,1.72977,1.72993,0.10,0.75
2014.07.28 21:01:57.250,1.72977,1.72989,0.10,0.75
2014.07.28 21:02:02.600,1.72977,1.72993,0.10,0.75
2014.07.28 21:02:02.751,1.72977,1.72989,0.10,0.75
2014.07.28 21:02:02.802,1.72974,1.72988,0.10,0.75
2014.07.28 21:02:09.356,1.72977,1.73014,0.75,0.38
2014.07.28 21:02:11.880,1.72974,1.73007,0.10,0.75
2014.07.28 21:02:15.269,1.72974,1.72992,0.10,0.75
2014.07.28 21:02:16.350,1.72974,1.73003,0.10,0.75
2014.07.28 21:02:18.341,1.72974,1.73007,0.10,0.75
2014.07.28 21:02:19.760,1.72974,1.72992,0.10,0.75
2014.07.28 21:02:19.873,1.72974,1.73002,0.10,0.75
2014.07.28 21:02:22.770,1.72973,1.73002,0.10,0.75
2014.07.28 21:02:27.389,1.72973,1.72992,0.10,0.75
2014.07.28 21:02:29.042,1.72973,1.72987,0.10,0.75
2014.07.28 21:02:29.143,1.72973,1.73007,0.10,0.75
2014.07.28 21:02:29.330,1.72977,1.73014,0.75,0.38
2014.07.28 21:02:31.201,1.72978,1.73014,0.75,0.38
2014.07.28 21:02:31.312,1.72973,1.72992,0.10,0.75
2014.07.28 21:02:31.724,1.72973,1.72988,0.10,0.75
2014.07.28 21:02:33.661,1.72973,1.72993,0.10,0.75
2014.07.28 21:02:34.361,1.72973,1.72992,0.10,0.75
2014.07.28 21:02:35.405,1.72973,1.72987,0.10,0.75
2014.07.28 21:02:36.623,1.72973,1.72998,0.10,0.75
2014.07.28 21:02:36.737,1.72973,1.73004,0.10,0.38
2014.07.28 21:02:38.867,1.72977,1.73004,0.75,0.38
2014.07.28 21:02:39.187,1.72979,1.73004,0.75,0.38
2014.07.28 21:02:39.979,1.72976,1.73004,0.15,0.38
2014.07.28 21:02:40.331,1.72972,1.73004,0.10,0.38
2014.07.28 21:03:00.630,1.72971,1.73004,0.10,0.38
2014.07.28 21:03:12.048,1.72971,1.73003,0.10,0.75
2014.07.28 21:03:12.099,1.72976,1.73003,0.75,0.75
2014.07.28 21:03:12.203,1.72973,1.73003,0.75,0.75
2014.07.28 21:03:12.254,1.72973,1.73005,0.75,0.38
2014.07.28 21:03:12.356,1.72976,1.73005,0.10,0.38
2014.07.28 21:03:20.134,1.72976,1.73007,0.10,0.38
2014.07.28 21:03:27.584,1.72976,1.73008,0.83,0.38
2014.07.28 21:03:27.634,1.72978,1.73008,0.75,0.38
2014.07.28 21:03:27.685,1.72979,1.7301,0.15,0.38
2014.07.28 21:03:31.640,1.72979,1.73007,0.15,0.38
2014.07.28 21:03:31.740,1.72979,1.73014,0.15,0.75
2014.07.28 21:03:31.791,1.72975,1.73014,0.10,0.75
2014.07.28 21:03:34.231,1.72975,1.73011,0.10,0.38
2014.07.28 21:03:38.645,1.72975,1.73007,0.10,0.38
2014.07.28 21:03:39.855,1.72978,1.73007,0.75,0.38
2014.07.28 21:03:44.788,1.72975,1.73007,0.10,0.38
2014.07.28 21:03:46.363,1.72975,1.73012,0.10,0.75
2014.07.28 21:03:50.757,1.72975,1.72998,0.10,0.75
2014.07.28 21:03:50.948,1.72975,1.73007,0.10,0.75
2014.07.28 21:03:52.698,1.72974,1.73007,0.10,0.75
2014.07.28 21:03:52.829,1.72971,1.73007,0.10,0.75
2014.07.28 21:04:10.106,1.72973,1.73012,1.00,1.00
2014.07.28 21:04:17.822,1.72972,1.73013,1.43,1.00
2014.07.28 21:04:25.268,1.72971,1.72993,1.20,1.00
2014.07.28 21:04:25.420,1.72971,1.73002,1.20,1.00
2014.07.28 21:04:27.916,1.72971,1.73003,1.20,1.00
2014.07.28 21:04:35.317,1.72971,1.72992,1.20,1.00
2014.07.28 21:04:35.427,1.72971,1.73002,1.20,1.00
2014.07.28 21:04:37.737,1.72971,1.72993,1.20,1.00
2014.07.28 21:04:40.909,1.72971,1.72992,1.20,1.00
2014.07.28 21:04:46.427,1.72971,1.72988,1.20,1.00
2014.07.28 21:04:46.629,1.72971,1.72993,1.20,1.00
2014.07.28 21:04:46.982,1.72971,1.73012,1.20,1.00
2014.07.28 21:04:49.181,1.72972,1.72997,1.28,1.00
2014.07.28 21:04:51.849,1.72972,1.72997,1.20,1.00
2014.07.28 21:04:52.217,1.72979,1.72997,1.20,1.00
2014.07.28 21:04:54.871,1.72979,1.73013,1.20,1.70
2014.07.28 21:05:00.603,1.72979,1.73003,1.20,1.00
2014.07.28 21:05:04.539,1.72979,1.73014,1.20,1.20
2014.07.28 21:05:07.327,1.72979,1.73003,1.20,1.00
2014.07.28 21:05:11.710,1.72981,1.73003,1.20,1.00
2014.07.28 21:05:12.161,1.72981,1.73008,1.20,1.00
2014.07.28 21:05:12.837,1.72981,1.73007,1.20,1.00
2014.07.28 21:05:14.902,1.72981,1.73003,1.20,1.00
2014.07.28 21:05:18.445,1.72981,1.72997,1.20,1.00
2014.07.28 21:05:18.546,1.72981,1.73003,1.20,1.00
2014.07.28 21:05:18.748,1.72981,1.72992,1.20,1.00
2014.07.28 21:05:21.590,1.72981,1.72995,1.20,1.00
2014.07.28 21:05:33.029,1.72981,1.73002,1.20,1.00
2014.07.28 21:05:33.180,1.72981,1.73012,1.20,1.00
2014.07.28 21:05:38.438,1.72987,1.73012,1.00,1.00
2014.07.28 21:05:38.540,1.72985,1.73017,1.60,1.95
2014.07.28 21:05:38.591,1.72985,1.73017,1.95,1.43
2014.07.28 21:05:38.641,1.72985,1.73017,1.95,1.10
2014.07.28 21:05:50.232,1.72988,1.73021,1.20,1.20
2014.07.28 21:05:51.060,1.72992,1.73021,1.00,1.20
2014.07.28 21:05:51.161,1.7299,1.73025,1.95,1.20
2014.07.28 21:05:51.315,1.7299,1.73026,1.95,1.20
2014.07.28 21:05:51.982,1.72993,1.73028,1.20,1.95
2014.07.28 21:05:52.630,1.72988,1.73027,1.20,1.05
2014.07.28 21:05:52.680,1.72987,1.7302,1.20,1.20
2014.07.28 21:05:52.832,1.72983,1.7302,1.20,1.20
2014.07.28 21:05:52.882,1.72982,1.73015,1.20,1.20
2014.07.28 21:05:57.599,1.7298,1.73014,1.20,1.70
2014.07.28 21:05:57.651,1.72979,1.73012,1.20,1.20
2014.07.28 21:05:57.708,1.72977,1.73012,1.20,1.20
2014.07.28 21:05:57.759,1.72975,1.7301,1.20,1.20
2014.07.28 21:06:17.775,1.72975,1.73008,1.20,1.20
2014.07.28 21:06:18.927,1.72978,1.73008,1.00,1.20
2014.07.28 21:06:40.241,1.72977,1.73008,1.00,1.20
2014.07.28 21:06:47.418,1.72975,1.73007,1.20,1.20
2014.07.28 21:06:53.527,1.72971,1.73006,1.20,1.20
2014.07.28 21:07:02.035,1.72971,1.72993,1.20,1.00
2014.07.28 21:07:02.136,1.72971,1.73002,1.39,1.00
2014.07.28 21:07:07.997,1.72972,1.73006,1.70,1.20
2014.07.28 21:07:08.411,1.72971,1.72997,1.20,1.00
2014.07.28 21:07:08.512,1.72973,1.73008,1.20,1.70
2014.07.28 21:07:08.563,1.72974,1.73008,1.20,1.43
2014.07.28 21:07:10.035,1.72975,1.73007,2.14,1.10
2014.07.28 21:07:10.291,1.72986,1.73013,1.20,1.00
2014.07.28 21:07:11.038,1.72986,1.73012,1.20,1.00
2014.07.28 21:07:15.121,1.72986,1.73018,1.20,1.28
2014.07.28 21:07:15.373,1.72986,1.73013,1.20,1.00
2014.07.28 21:07:15.913,1.72989,1.73013,1.20,1.00
2014.07.28 21:07:18.979,1.72992,1.73017,1.20,1.00
2014.07.28 21:07:19.506,1.72992,1.73022,1.20,1.38
2014.07.28 21:07:24.947,1.72992,1.73024,1.20,1.38
2014.07.28 21:07:31.168,1.72992,1.73008,1.20,1.00
2014.07.28 21:07:34.576,1.72992,1.73018,1.20,1.00
2014.07.28 21:07:38.676,1.72992,1.73022,1.20,1.13
2014.07.28 21:07:39.866,1.7299,1.73022,1.20,1.28
2014.07.28 21:07:40.398,1.7299,1.73022,1.20,1.58
2014.07.28 21:07:41.087,1.7299,1.73022,1.20,1.28
2014.07.28 21:07:41.611,1.7299,1.73022,1.20,1.58
2014.07.28 21:07:43.119,1.7299,1.73022,1.20,1.58
2014.07.28 21:07:44.293,1.7299,1.73022,1.20,1.58
2014.07.28 21:07:46.390,1.7299,1.73022,1.20,1.28
2014.07.28 21:07:47.112,1.7299,1.73022,1.20,1.58
2014.07.28 21:07:52.303,1.7299,1.73022,1.20,1.20
2014.07.28 21:07:53.010,1.72994,1.73022,1.20,1.00
2014.07.28 21:07:57.900,1.72994,1.73027,1.20,1.20
2014.07.28 21:08:00.699,1.72994,1.73026,1.20,1.05
2014.07.28 21:08:00.800,1.72991,1.73026,1.20,1.05
2014.07.28 21:08:00.851,1.7299,1.73024,1.20,1.88
2014.07.28 21:08:01.154,1.72994,1.73027,1.20,1.20
2014.07.28 21:08:01.710,1.72989,1.73024,1.20,1.20
2014.07.28 21:08:02.327,1.72987,1.73024,1.20,1.20
2014.07.28 21:08:02.378,1.72986,1.73019,1.88,1.20
2014.07.28 21:08:04.187,1.72982,1.73015,1.20,1.20
2014.07.28 21:08:10.340,1.72979,1.73015,1.05,1.20
2014.07.28 21:08:10.391,1.72979,1.73011,1.38,1.20
2014.07.28 21:08:23.560,1.72978,1.73007,1.20,1.00
2014.07.28 21:08:24.406,1.72985,1.73007,1.00,1.00
2014.07.28 21:08:24.558,1.72986,1.73012,1.20,1.00
2014.07.28 21:08:24.712,1.72986,1.73012,1.20,1.00
2014.07.28 21:08:25.542,1.72988,1.73013,1.20,1.00
2014.07.28 21:08:26.085,1.72988,1.73003,1.20,1.00
2014.07.28 21:08:28.695,1.72988,1.73013,1.20,1.00
2014.07.28 21:08:45.786,1.72989,1.73013,1.20,1.00
2014.07.28 21:09:19.517,1.72989,1.73018,1.20,1.00
2014.07.28 21:09:25.386,1.72993,1.73017,1.00,1.00
2014.07.28 21:09:29.635,1.7299,1.73013,1.20,1.00
2014.07.28 21:10:00.900,1.72987,1.73013,1.00,1.00
2014.07.28 21:10:04.127,1.72987,1.73013,1.19,1.00
2014.07.28 21:10:06.833,1.72987,1.73013,1.00,1.00
2014.07.28 21:10:09.720,1.72993,1.73017,1.00,1.95
2014.07.28 21:10:15.430,1.72987,1.73013,1.00,1.00
2014.07.28 21:10:23.553,1.72993,1.73017,1.00,1.58
2014.07.28 21:10:23.654,1.72987,1.73013,1.00,1.00
2014.07.28 21:10:35.108,1.72985,1.73007,1.20,1.00
2014.07.28 21:10:35.414,1.72988,1.73012,1.00,1.00
2014.07.28 21:10:38.502,1.72988,1.73012,1.35,1.00
2014.07.28 21:10:52.368,1.72988,1.73007,1.20,1.00
2014.07.28 21:10:58.428,1.72988,1.73017,1.95,1.38
2014.07.28 21:10:58.529,1.72988,1.73017,1.00,1.65
2014.07.28 21:10:58.630,1.72985,1.73012,1.58,1.13
2014.07.28 21:11:04.134,1.72985,1.73012,1.20,1.38
2014.07.28 21:11:12.022,1.72985,1.73012,1.20,1.38
2014.07.28 21:11:12.132,1.72985,1.73012,1.20,1.13
2014.07.28 21:11:16.101,1.72985,1.73012,1.20,1.38
2014.07.28 21:11:16.667,1.72985,1.73012,1.39,1.00
2014.07.28 21:11:17.190,1.72985,1.73012,1.39,1.38
2014.07.28 21:11:17.692,1.72985,1.73012,1.39,1.13
2014.07.28 21:11:18.650,1.72983,1.73012,1.43,1.13
2014.07.28 21:11:19.480,1.72983,1.73012,1.43,1.38
2014.07.28 21:11:19.685,1.72983,1.73012,1.43,1.38
2014.07.28 21:11:19.938,1.72979,1.73007,1.39,1.13
2014.07.28 21:11:33.282,1.72979,1.73007,1.20,1.38
2014.07.28 21:11:38.786,1.72979,1.73007,1.20,1.38
2014.07.28 21:11:40.197,1.7298,1.73007,1.20,1.38
2014.07.28 21:11:44.044,1.7298,1.73008,1.20,1.38
2014.07.28 21:11:44.195,1.72977,1.73008,1.95,1.38
2014.07.28 21:12:00.469,1.72977,1.73008,1.95,1.13
2014.07.28 21:12:00.990,1.72977,1.73008,1.95,1.38
2014.07.28 21:12:02.092,1.72977,1.73002,1.39,1.00
2014.07.28 21:12:03.522,1.72978,1.73007,1.43,1.38
2014.07.28 21:12:04.063,1.72978,1.73007,1.73,1.38
2014.07.28 21:12:04.164,1.72975,1.73008,1.24,2.08
2014.07.28 21:12:04.366,1.72972,1.73005,1.67,1.88
2014.07.28 21:12:05.179,1.72972,1.73004,1.67,1.05
2014.07.28 21:12:05.230,1.72972,1.73004,1.48,1.05
2014.07.28 21:12:05.821,1.72972,1.73004,1.48,1.05
2014.07.28 21:12:06.488,1.72972,1.73004,1.48,1.05
2014.07.28 21:12:09.057,1.72972,1.73004,1.29,1.05
2014.07.28 21:12:09.158,1.7297,1.73002,1.88,1.38
2014.07.28 21:12:09.209,1.7297,1.73002,1.39,1.00
2014.07.28 21:12:12.917,1.72975,1.73007,1.20,1.58
2014.07.28 21:12:13.019,1.72977,1.73007,1.20,1.38
2014.07.28 21:12:13.362,1.72981,1.73007,1.20,1.13
2014.07.28 21:12:29.418,1.72982,1.73019,1.20,2.18
2014.07.28 21:12:29.469,1.72987,1.7302,1.20,1.95
2014.07.28 21:12:31.623,1.72987,1.7302,1.20,1.95
2014.07.28 21:12:36.446,1.72987,1.73018,1.20,1.75
2014.07.28 21:12:36.598,1.72984,1.73016,1.20,1.43
2014.07.28 21:12:45.412,1.72984,1.73016,1.20,1.43
2014.07.28 21:12:45.565,1.7298,1.73013,1.13,2.18
2014.07.28 21:12:46.880,1.72979,1.73012,1.20,1.02
2014.07.28 21:12:47.082,1.72977,1.73009,1.20,1.95
2014.07.28 21:12:49.024,1.72977,1.73009,1.39,1.58
2014.07.28 21:12:49.802,1.72974,1.73007,1.77,1.58
2014.07.28 21:12:50.460,1.72974,1.73007,1.77,1.58
2014.07.28 21:12:51.369,1.72974,1.73007,1.39,1.58
2014.07.28 21:12:51.674,1.72977,1.73007,1.39,1.00
2014.07.28 21:12:51.978,1.72981,1.73007,1.20,1.00
2014.07.28 21:12:52.181,1.72981,1.73014,1.20,1.28
2014.07.28 21:12:52.491,1.72981,1.73017,1.20,2.08
2014.07.28 21:12:53.032,1.72986,1.73008,1.20,1.00
2014.07.28 21:12:53.134,1.72986,1.73018,1.20,1.80
2014.07.28 21:12:54.136,1.72986,1.73013,1.20,1.00
2014.07.28 21:12:59.641,1.72983,1.73013,1.20,1.00
2014.07.28 21:13:29.180,1.72983,1.73013,1.20,1.38
2014.07.28 21:13:29.372,1.72983,1.73012,1.20,1.00
2014.07.28 21:13:37.845,1.72983,1.73012,1.20,1.38
2014.07.28 21:13:40.793,1.72982,1.73012,1.20,1.38
2014.07.28 21:13:46.240,1.72979,1.73012,1.20,2.33
2014.07.28 21:13:50.974,1.72979,1.73012,1.20,2.33
2014.07.28 21:13:51.137,1.72979,1.73007,1.20,1.00
2014.07.28 21:13:51.340,1.72979,1.73012,1.20,2.33
2014.07.28 21:13:51.686,1.72979,1.73007,1.20,1.00
2014.07.28 21:14:01.892,1.72979,1.73002,1.20,1.00
2014.07.28 21:14:06.707,1.72978,1.73002,1.20,1.00
2014.07.28 21:14:09.294,1.72978,1.73008,1.20,1.00
2014.07.28 21:14:11.943,1.72978,1.73007,1.20,1.00
2014.07.28 21:14:12.247,1.72978,1.73011,1.20,1.20
2014.07.28 21:14:13.213,1.72978,1.73011,1.20,1.58
2014.07.28 21:14:14.143,1.72978,1.73011,1.20,1.58
2014.07.28 21:14:19.489,1.7298,1.73011,1.00,1.58
2014.07.28 21:14:19.598,1.7298,1.73012,1.60,1.60
2014.07.28 21:14:19.649,1.72984,1.73012,1.20,1.00
2014.07.28 21:14:23.775,1.72984,1.73017,1.39,2.33
2014.07.28 21:14:23.826,1.72985,1.73017,1.39,2.33
2014.07.28 21:14:24.496,1.72988,1.73017,1.13,1.00
2014.07.28 21:14:28.888,1.72988,1.73017,1.05,1.13
2014.07.28 21:14:29.243,1.72993,1.73018,1.20,1.00
2014.07.28 21:14:35.445,1.72993,1.73018,1.13,1.00
2014.07.28 21:14:35.986,1.7299,1.73018,1.39,1.00
2014.07.28 21:14:42.840,1.72991,1.73018,1.05,1.00
2014.07.28 21:14:43.468,1.72991,1.73018,1.05,1.00
2014.07.28 21:14:55.684,1.7299,1.73018,1.20,1.00
2014.07.28 21:14:59.642,1.72989,1.73017,1.39,1.00
2014.07.28 21:14:59.952,1.72985,1.73016,1.13,1.20
2014.07.28 21:15:03.732,1.72985,1.73015,1.05,1.38
2014.07.28 21:15:04.263,1.72984,1.73015,1.39,1.05
2014.07.28 21:15:04.542,1.72988,1.73014,1.20,1.88
2014.07.28 21:15:08.205,1.72985,1.73012,1.20,1.60
2014.07.28 21:15:08.255,1.72983,1.73011,1.20,1.20
2014.07.28 21:15:09.744,1.72979,1.73008,1.39,1.20
2014.07.28 21:15:11.342,1.72979,1.73006,1.20,1.20
2014.07.28 21:15:11.394,1.72979,1.73005,1.20,1.20
2014.07.28 21:15:52.531,1.72979,1.73006,1.20,1.20
2014.07.28 21:16:06.357,1.72978,1.73005,1.70,1.20
2014.07.28 21:16:28.534,1.72979,1.73007,1.20,1.95
2014.07.28 21:16:54.180,1.72979,1.7299,1.20,1.00
2014.07.28 21:16:54.282,1.72979,1.73002,1.20,1.00
2014.07.28 21:16:54.800,1.72979,1.73007,1.20,1.95
2014.07.28 21:17:03.050,1.72981,1.73007,1.20,1.70
2014.07.28 21:17:03.152,1.72982,1.73007,1.20,1.20
2014.07.28 21:17:23.450,1.72982,1.73007,1.20,1.20
2014.07.28 21:17:23.652,1.72984,1.73013,1.20,1.95
2014.07.28 21:17:23.805,1.72987,1.73013,1.20,1.35
2014.07.28 21:17:24.580,1.72989,1.73017,1.20,2.33
2014.07.28 21:17:24.631,1.72989,1.73013,1.20,1.00
2014.07.28 21:17:34.650,1.72987,1.73013,1.20,1.95
2014.07.28 21:17:55.010,1.72987,1.72997,1.20,1.00
2014.07.28 21:17:55.111,1.72986,1.73007,1.20,1.00
2014.07.28 21:17:55.264,1.72982,1.73007,1.20,1.10
2014.07.28 21:17:55.365,1.72981,1.73008,1.20,1.80
2014.07.28 21:17:57.830,1.72981,1.73007,1.20,1.58
2014.07.28 21:17:57.982,1.72979,1.73006,1.20,1.75
2014.07.28 21:17:58.487,1.72979,1.73006,1.20,1.43
2014.07.28 21:17:58.639,1.72976,1.73001,1.20,1.05
2014.07.28 21:18:10.061,1.72976,1.72998,1.20,1.00
2014.07.28 21:18:10.162,1.72976,1.73001,1.20,1.38
2014.07.28 21:18:18.757,1.72977,1.73002,1.20,1.05
2014.07.28 21:18:20.657,1.72977,1.73002,1.20,1.80
2014.07.28 21:18:20.809,1.72973,1.73,1.20,1.05
2014.07.28 21:18:37.099,1.72973,1.72997,1.20,1.00
2014.07.28 21:18:37.635,1.72973,1.73,1.20,1.05
2014.07.28 21:18:52.112,1.72973,1.72992,1.20,1.00
2014.07.28 21:18:52.214,1.72973,1.72999,1.20,1.28
2014.07.28 21:18:56.647,1.72972,1.72998,1.58,1.58
2014.07.28 21:19:01.009,1.72977,1.73002,1.20,1.80
2014.07.28 21:19:01.324,1.72979,1.73002,1.20,1.38
2014.07.28 21:19:01.936,1.72979,1.72998,1.20,1.00
2014.07.28 21:19:16.022,1.72978,1.72998,1.20,1.13
2014.07.28 21:19:16.527,1.72977,1.72998,1.20,1.38
2014.07.28 21:19:16.628,1.72975,1.72998,1.20,1.38
2014.07.28 21:19:31.397,1.72972,1.72998,2.33,1.48
2014.07.28 21:19:38.635,1.72972,1.72998,1.95,1.10
2014.07.28 21:20:00.772,1.72973,1.72988,1.20,1.00
2014.07.28 21:20:11.078,1.72973,1.72993,1.20,1.00
2014.07.28 21:20:11.230,1.72973,1.72988,1.20,1.00
2014.07.28 21:20:17.602,1.72973,1.72982,1.20,1.00
2014.07.28 21:20:17.810,1.72973,1.72992,1.20,1.00
2014.07.28 21:20:26.059,1.72973,1.72987,1.20,1.00
2014.07.28 21:20:32.805,1.72973,1.72987,1.20,1.00
2014.07.28 21:20:39.283,1.72973,1.72998,1.20,1.10
2014.07.28 21:20:47.708,1.72973,1.72993,1.20,1.00
2014.07.28 21:20:50.387,1.72973,1.72997,1.20,1.00
2014.07.28 21:20:54.130,1.72973,1.72988,1.20,1.00
2014.07.28 21:20:54.232,1.72973,1.72997,1.20,1.00
2014.07.28 21:20:54.886,1.72973,1.72988,1.20,1.00
2014.07.28 21:21:00.110,1.72971,1.72988,1.88,1.00
2014.07.28 21:21:00.416,1.72971,1.72988,1.20,1.00
2014.07.28 21:21:01.932,1.72974,1.72993,1.20,1.00
2014.07.28 21:21:06.969,1.72974,1.72987,1.20,1.00
2014.07.28 21:21:07.073,1.72974,1.72997,1.20,1.00
2014.07.28 21:21:20.667,1.72973,1.72997,1.20,1.00
2014.07.28 21:21:21.266,1.72972,1.72997,1.20,1.00
2014.07.28 21:21:22.029,1.72972,1.72988,1.20,1.00
2014.07.28 21:21:22.181,1.72972,1.72998,1.20,1.10
2014.07.28 21:21:35.014,1.72972,1.72987,1.88,1.00
2014.07.28 21:21:35.116,1.72972,1.72997,1.88,1.00
2014.07.28 21:21:39.625,1.72972,1.72992,1.77,1.00
2014.07.28 21:21:46.554,1.72972,1.72997,1.88,1.00
2014.07.28 21:21:49.966,1.72972,1.72988,1.20,1.00
2014.07.28 21:21:50.118,1.72972,1.72997,1.20,1.00
2014.07.28 21:21:50.652,1.72972,1.72997,1.20,1.10
2014.07.28 21:22:05.703,1.72972,1.72998,1.20,1.98
2014.07.28 21:22:12.343,1.72969,1.72995,1.58,1.20
2014.07.28 21:22:18.166,1.72969,1.72988,1.58,1.00
2014.07.28 21:22:18.268,1.72969,1.72995,1.58,1.20
2014.07.28 21:22:31.003,1.72969,1.72987,1.58,1.00
2014.07.28 21:22:31.105,1.72969,1.72995,1.58,1.20
2014.07.28 21:22:32.683,1.72969,1.72995,1.38,1.20
2014.07.28 21:22:33.282,1.72968,1.72994,2.33,1.20
2014.07.28 21:22:38.063,1.72968,1.72994,2.33,1.58
2014.07.28 21:22:38.564,1.72968,1.72994,2.52,1.58
2014.07.28 21:22:39.334,1.72968,1.72994,2.33,1.58
2014.07.28 21:22:42.071,1.72968,1.72994,1.77,1.58
2014.07.28 21:22:42.122,1.72973,1.72994,1.00,1.58
2014.07.28 21:22:43.493,1.72973,1.72994,1.00,1.58
2014.07.28 21:22:44.234,1.72973,1.72994,1.00,1.20
2014.07.28 21:22:44.336,1.72968,1.72994,1.77,1.20
2014.07.28 21:22:44.842,1.72968,1.72992,1.20,1.00
2014.07.28 21:22:45.347,1.72968,1.72994,1.58,1.58
2014.07.28 21:22:45.719,1.72967,1.72992,1.80,1.28
2014.07.28 21:22:46.066,1.72967,1.72988,1.05,1.00
2014.07.28 21:22:46.463,1.72968,1.72988,1.88,1.00
2014.07.28 21:22:51.844,1.72966,1.72988,1.20,1.00
2014.07.28 21:22:59.515,1.72966,1.72982,1.20,1.00
2014.07.28 21:23:00.082,1.72966,1.72987,1.88,1.00
2014.07.28 21:23:00.184,1.72967,1.72994,1.43,1.20
2014.07.28 21:23:12.195,1.72967,1.72993,1.62,1.20
2014.07.28 21:23:12.898,1.72967,1.72992,1.62,1.20
2014.07.28 21:23:15.031,1.72966,1.72987,1.20,1.00
2014.07.28 21:23:15.154,1.72967,1.72992,1.43,1.20
2014.07.28 21:23:27.972,1.72967,1.72988,1.05,1.00
2014.07.28 21:23:28.124,1.72968,1.72992,1.20,1.20
2014.07.28 21:23:31.902,1.72968,1.72992,1.39,1.20
2014.07.28 21:23:32.159,1.72972,1.72992,1.00,1.20
2014.07.28 21:23:32.717,1.72972,1.72994,1.00,1.88
2014.07.28 21:23:34.902,1.72968,1.72994,1.20,1.88
2014.07.28 21:23:43.049,1.72966,1.72988,1.05,1.00
2014.07.28 21:23:43.201,1.72967,1.72994,1.73,1.88
2014.07.28 21:23:44.131,1.72967,1.72994,1.92,1.20
2014.07.28 21:23:44.434,1.72967,1.72992,1.80,1.20
2014.07.28 21:23:44.536,1.72967,1.72998,2.33,1.95
2014.07.28 21:23:44.586,1.72972,1.72998,1.20,1.95
2014.07.28 21:23:44.886,1.72969,1.72997,1.20,1.20
2014.07.28 21:23:54.372,1.72969,1.72993,1.20,1.00
2014.07.28 21:23:55.927,1.72969,1.72982,1.20,1.00
2014.07.28 21:23:56.030,1.72969,1.72992,1.20,1.00
2014.07.28 21:24:03.082,1.72969,1.72993,1.20,1.00
2014.07.28 21:24:05.700,1.72969,1.72993,1.20,1.00
2014.07.28 21:24:10.981,1.72969,1.72992,1.13,1.00
2014.07.28 21:24:17.997,1.72968,1.72992,2.52,1.00
2014.07.28 21:24:23.965,1.72971,1.72993,1.20,1.00
2014.07.28 21:24:31.229,1.72973,1.72997,1.10,1.95
2014.07.28 21:24:32.322,1.72971,1.72992,1.20,1.00
2014.07.28 21:24:37.977,1.72972,1.72997,1.43,1.20
2014.07.28 21:24:38.739,1.72972,1.72997,1.00,1.20
2014.07.28 21:24:38.933,1.72969,1.72993,1.20,1.00
2014.07.28 21:24:39.730,1.72969,1.72992,1.20,1.00
2014.07.28 21:24:58.727,1.7297,1.72992,1.20,1.00
2014.07.28 21:24:59.534,1.72971,1.72992,1.20,1.00
2014.07.28 21:25:06.989,1.72971,1.72993,1.20,1.00
2014.07.28 21:25:07.662,1.72971,1.72992,1.20,1.00
2014.07.28 21:25:16.547,1.72973,1.72997,1.10,1.95
2014.07.28 21:25:20.064,1.72971,1.72993,1.20,1.00
2014.07.28 21:25:30.388,1.72969,1.72993,1.20,1.00
2014.07.28 21:25:30.438,1.72969,1.72993,1.20,1.00
2014.07.28 21:25:35.054,1.72969,1.72992,1.20,1.00
2014.07.28 21:25:37.070,1.72969,1.72992,1.39,1.00
2014.07.28 21:25:38.973,1.72969,1.72992,1.20,1.00
2014.07.28 21:25:44.899,1.72971,1.72992,1.20,1.00
2014.07.28 21:25:48.040,1.72971,1.72987,1.39,1.00
2014.07.28 21:25:48.141,1.72971,1.72993,1.39,1.00
2014.07.28 21:25:52.081,1.72973,1.72997,1.10,1.95
2014.07.28 21:25:52.450,1.72971,1.72992,1.20,1.00
2014.07.28 21:25:53.842,1.72973,1.72997,1.10,1.95
2014.07.28 21:26:01.150,1.72973,1.72998,1.20,1.43
2014.07.28 21:26:01.455,1.72973,1.72993,1.20,1.00
2014.07.28 21:26:01.607,1.7297,1.72992,1.20,1.00
2014.07.28 21:26:02.114,1.7297,1.72993,1.20,1.00
2014.07.28 21:26:02.521,1.7297,1.72982,1.20,1.00
2014.07.28 21:26:02.672,1.7297,1.72992,1.39,1.00
2014.07.28 21:26:02.972,1.7297,1.72988,1.39,1.00
2014.07.28 21:26:12.203,1.72971,1.72988,1.20,1.00
2014.07.28 21:26:12.737,1.72973,1.72988,1.20,1.00
2014.07.28 21:26:15.922,1.72971,1.72988,1.20,1.00
2014.07.28 21:26:16.074,1.72971,1.72993,1.20,1.00
2014.07.28 21:26:18.032,1.72971,1.72982,1.20,1.00
2014.07.28 21:26:18.185,1.72971,1.72993,1.20,1.00
2014.07.28 21:26:18.767,1.72971,1.72992,1.20,1.00
2014.07.28 21:26:18.910,1.72971,1.72983,1.20,1.00
2014.07.28 21:26:19.063,1.72971,1.72993,1.20,1.00
2014.07.28 21:26:22.112,1.72971,1.72982,1.20,1.00
2014.07.28 21:26:22.363,1.72971,1.72988,1.20,1.00
2014.07.28 21:26:22.465,1.72971,1.72982,1.20,1.00
2014.07.28 21:26:22.566,1.72971,1.72992,1.20,1.00
2014.07.28 21:26:26.287,1.72971,1.72982,1.20,1.00
2014.07.28 21:26:26.440,1.72971,1.72993,1.20,1.00
2014.07.28 21:26:31.046,1.72971,1.72987,1.20,1.00
2014.07.28 21:26:36.275,1.72971,1.72987,1.20,1.00
2014.07.28 21:26:44.122,1.72971,1.72992,1.20,1.00
2014.07.28 21:26:44.224,1.72971,1.72982,1.20,1.00
2014.07.28 21:26:44.325,1.72971,1.72988,1.20,1.00
2014.07.28 21:26:45.251,1.7297,1.72988,1.20,1.00
2014.07.28 21:26:47.399,1.7297,1.72982,1.20,1.00
2014.07.28 21:26:47.620,1.7297,1.72987,1.20,1.00
2014.07.28 21:26:59.110,1.7297,1.72993,1.20,1.00
2014.07.28 21:27:05.759,1.7297,1.72993,1.20,1.00
2014.07.28 21:27:09.399,1.7297,1.72992,1.20,1.00
2014.07.28 21:27:11.971,1.7297,1.72987,1.20,1.00
2014.07.28 21:27:12.073,1.7297,1.72992,1.20,1.00
2014.07.28 21:27:12.717,1.7297,1.72983,1.20,1.00
2014.07.28 21:27:12.818,1.7297,1.72992,1.20,1.00
2014.07.28 21:27:13.071,1.72968,1.72982,1.39,1.00
2014.07.28 21:27:13.173,1.72968,1.72993,1.39,1.00
2014.07.28 21:27:15.164,1.72968,1.72982,1.20,1.00
2014.07.28 21:27:15.266,1.72968,1.72992,1.95,1.00
2014.07.28 21:27:15.367,1.72968,1.72979,1.20,1.00
2014.07.28 21:27:15.449,1.72968,1.72988,1.20,1.00
2014.07.28 21:27:17.231,1.72968,1.72982,1.20,1.00
2014.07.28 21:27:17.332,1.72968,1.72992,1.95,1.00
2014.07.28 21:27:17.539,1.72968,1.72982,1.20,1.00
2014.07.28 21:27:17.649,1.72968,1.72993,1.20,1.00
2014.07.28 21:27:17.914,1.72968,1.72982,1.20,1.00
2014.07.28 21:27:17.979,1.72968,1.72993,1.20,1.00
2014.07.28 21:27:18.199,1.72968,1.72983,1.20,1.00
2014.07.28 21:27:18.351,1.72968,1.72993,1.20,1.00
2014.07.28 21:27:21.389,1.72968,1.72983,1.20,1.00
2014.07.28 21:27:21.499,1.72968,1.72992,1.95,1.00
2014.07.28 21:27:21.719,1.72968,1.72982,1.20,1.00
2014.07.28 21:27:21.829,1.72968,1.72992,1.95,1.00
2014.07.28 21:27:26.912,1.72968,1.72988,1.20,1.00
2014.07.28 21:27:27.013,1.72968,1.72992,1.95,1.00
2014.07.28 21:27:33.756,1.72969,1.72992,1.20,1.00
2014.07.28 21:27:39.901,1.72969,1.72988,1.20,1.00
2014.07.28 21:27:40.003,1.72969,1.72992,1.20,1.00
2014.07.28 21:27:40.198,1.72969,1.72982,1.20,1.00
2014.07.28 21:27:40.358,1.72969,1.72992,1.20,1.00
2014.07.28 21:27:43.423,1.72969,1.72982,1.20,1.00
2014.07.28 21:27:43.525,1.72969,1.72992,1.20,1.00
2014.07.28 21:27:45.077,1.72969,1.72983,1.20,1.00
2014.07.28 21:27:45.258,1.72969,1.72992,1.20,1.00
2014.07.28 21:27:54.753,1.7297,1.72992,1.20,1.00
2014.07.28 21:27:54.956,1.72971,1.72987,1.20,1.00
2014.07.28 21:28:14.869,1.7297,1.72987,1.20,1.00
2014.07.28 21:28:28.281,1.7297,1.72982,1.20,1.00
2014.07.28 21:28:35.214,1.7297,1.72982,1.20,1.00
2014.07.28 21:28:35.874,1.7297,1.72987,1.20,1.00
2014.07.28 21:28:38.059,1.7297,1.7298,1.20,1.00
2014.07.28 21:28:38.184,1.7297,1.72992,1.20,1.00
2014.07.28 21:28:40.285,1.7297,1.72993,1.20,1.00
2014.07.28 21:28:44.800,1.72968,1.72993,1.39,1.00
2014.07.28 21:28:44.901,1.72968,1.72992,2.14,1.00
2014.07.28 21:28:47.927,1.72968,1.72992,2.14,1.00
2014.07.28 21:28:48.182,1.72968,1.72988,1.20,1.00
2014.07.28 21:28:48.334,1.72968,1.72993,1.20,1.00
2014.07.28 21:28:49.501,1.72968,1.72987,1.20,1.00
2014.07.28 21:28:49.641,1.72968,1.72992,1.95,1.00
2014.07.28 21:28:52.251,1.72968,1.72983,1.20,1.00
2014.07.28 21:28:52.897,1.72967,1.72983,1.17,1.00
2014.07.28 21:29:00.387,1.72968,1.72983,1.28,1.00
2014.07.28 21:29:02.727,1.72968,1.72983,1.58,1.00
2014.07.28 21:29:03.219,1.7297,1.72983,1.05,1.00
2014.07.28 21:29:04.020,1.7297,1.72993,1.05,1.00
2014.07.28 21:29:04.540,1.72972,1.72997,1.10,1.20
2014.07.28 21:29:11.213,1.72972,1.72995,1.10,1.20
2014.07.28 21:29:11.784,1.72972,1.72994,1.00,1.20
2014.07.28 21:29:18.997,1.72969,1.72992,1.13,1.10
2014.07.28 21:29:19.098,1.72973,1.72994,1.00,1.20
2014.07.28 21:29:28.581,1.72968,1.72993,1.88,1.43
2014.07.28 21:29:28.683,1.72967,1.72992,1.58,1.20
2014.07.28 21:29:31.992,1.72966,1.72988,1.58,1.00
2014.07.28 21:29:32.093,1.72967,1.72992,1.58,1.20
2014.07.28 21:29:44.040,1.72967,1.72992,1.20,1.20
2014.07.28 21:29:46.951,1.72967,1.72992,1.47,1.20
2014.07.28 21:29:47.948,1.72967,1.72992,1.47,1.20
2014.07.28 21:29:48.665,1.72967,1.72992,1.47,1.20
2014.07.28 21:29:49.591,1.72967,1.72992,1.10,1.20
2014.07.28 21:29:54.585,1.72967,1.72992,1.39,1.20
2014.07.28 21:29:57.082,1.72967,1.72992,1.10,1.20
2014.07.28 21:29:57.611,1.72967,1.72992,1.48,1.20
2014.07.28 21:29:59.484,1.72967,1.72992,1.10,1.20
2014.07.28 21:30:00.024,1.72965,1.72987,1.24,1.00
2014.07.28 21:30:00.125,1.72967,1.72992,1.10,1.20
2014.07.28 21:30:00.280,1.72967,1.72988,1.00,1.20
2014.07.28 21:30:00.789,1.72968,1.72988,1.00,1.20
2014.07.28 21:30:01.093,1.72968,1.72988,1.00,1.20
2014.07.28 21:30:01.145,1.72963,1.72987,1.67,1.70
2014.07.28 21:30:01.348,1.72962,1.72983,1.47,1.00
2014.07.28 21:30:01.550,1.72963,1.72987,1.29,1.70
2014.07.28 21:30:03.355,1.72968,1.72988,1.00,1.20
2014.07.28 21:30:14.967,1.72962,1.72988,1.73,1.95
2014.07.28 21:30:15.030,1.72962,1.72988,1.92,1.95
2014.07.28 21:30:15.673,1.72967,1.72988,1.00,1.20
2014.07.28 21:30:20.902,1.72967,1.72988,1.00,1.20
2014.07.28 21:30:28.077,1.72968,1.72988,1.00,1.20
2014.07.28 21:30:37.538,1.72968,1.72988,1.00,1.20
2014.07.28 21:30:37.589,1.72968,1.72987,1.35,1.20
2014.07.28 21:30:44.366,1.72968,1.72988,1.00,1.20
2014.07.28 21:30:44.877,1.72967,1.72988,1.10,1.20
2014.07.28 21:31:05.169,1.72966,1.72988,1.57,1.95
2014.07.28 21:31:07.059,1.72966,1.72988,1.38,1.95
2014.07.28 21:31:10.962,1.72966,1.72988,1.57,1.95
2014.07.28 21:31:12.997,1.72966,1.72988,1.50,1.95
2014.07.28 21:31:19.494,1.72967,1.72988,1.39,1.20
2014.07.28 21:31:20.484,1.72967,1.72988,1.20,1.20
2014.07.28 21:31:21.991,1.72967,1.72988,1.48,1.20
2014.07.28 21:31:22.154,1.72967,1.72986,1.38,1.20
2014.07.28 21:31:24.121,1.72966,1.72987,1.17,1.95
2014.07.28 21:31:24.629,1.72966,1.72987,1.24,1.43
2014.07.28 21:31:25.949,1.72966,1.72987,1.24,1.43
2014.07.28 21:31:43.846,1.72966,1.72983,1.24,1.00
2014.07.28 21:31:48.077,1.72965,1.72983,1.99,1.00
2014.07.28 21:31:49.780,1.72965,1.72983,1.24,1.00
2014.07.28 21:31:51.907,1.72965,1.72983,1.24,1.00
2014.07.28 21:31:52.009,1.72965,1.72987,1.24,1.43
2014.07.28 21:31:53.091,1.72968,1.72988,1.13,1.20
2014.07.28 21:31:56.063,1.72968,1.72987,1.00,1.20
2014.07.28 21:31:56.113,1.72968,1.72986,1.00,1.20
2014.07.28 21:32:16.740,1.72968,1.72986,1.00,1.20
2014.07.28 21:32:35.040,1.72965,1.72986,1.57,1.20
2014.07.28 21:32:35.561,1.72968,1.72986,1.00,1.20
2014.07.28 21:32:45.393,1.72968,1.72988,1.13,1.20
2014.07.28 21:32:46.322,1.72968,1.72986,1.13,1.20
2014.07.28 21:32:52.705,1.72966,1.72982,1.00,1.00
2014.07.28 21:32:52.815,1.72966,1.72986,1.00,1.20
2014.07.28 21:32:52.967,1.72968,1.72986,1.00,1.20
2014.07.28 21:33:03.044,1.72967,1.72986,1.13,1.20
2014.07.28 21:33:04.866,1.72967,1.72986,1.38,1.20
2014.07.28 21:33:05.830,1.72967,1.72986,1.00,1.20
2014.07.28 21:33:06.477,1.72967,1.72986,1.13,1.20
2014.07.28 21:33:11.517,1.72967,1.72986,1.13,1.20
2014.07.28 21:33:15.978,1.72966,1.72986,1.32,1.20
2014.07.28 21:33:16.491,1.72968,1.72985,1.00,1.20
2014.07.28 21:33:17.902,1.72973,1.72985,1.00,1.20
2014.07.28 21:33:22.623,1.72968,1.72985,1.00,1.20
2014.07.28 21:33:31.007,1.72965,1.72985,1.57,1.20
2014.07.28 21:33:31.159,1.72967,1.72987,1.00,1.20
2014.07.28 21:33:35.254,1.72967,1.72988,1.10,1.20
2014.07.28 21:33:40.135,1.72978,1.72988,1.00,1.20
2014.07.28 21:33:40.338,1.72973,1.72988,1.00,1.20
2014.07.28 21:33:40.491,1.72973,1.7299,1.00,1.20
2014.07.28 21:33:40.761,1.72972,1.7299,1.00,1.20
2014.07.28 21:33:41.519,1.72972,1.72988,1.00,1.20
2014.07.28 21:33:41.569,1.72967,1.72988,1.48,1.20
2014.07.28 21:33:42.627,1.72967,1.72988,1.48,1.20
2014.07.28 21:33:43.937,1.72968,1.72988,1.00,1.20
2014.07.28 21:34:00.654,1.72968,1.72988,1.00,1.20
2014.07.28 21:34:07.462,1.72968,1.7299,1.10,1.20
2014.07.28 21:34:08.160,1.72968,1.7299,1.29,1.20
2014.07.28 21:34:09.552,1.72968,1.7299,1.02,1.20
2014.07.28 21:34:27.701,1.72967,1.72987,1.00,1.20
2014.07.28 21:34:28.505,1.72967,1.72989,1.80,1.20
2014.07.28 21:34:45.282,1.72968,1.72989,1.29,1.20
2014.07.28 21:34:46.990,1.72968,1.72989,1.10,1.20
2014.07.28 21:35:00.303,1.72966,1.72982,2.33,1.00
2014.07.28 21:35:08.018,1.72967,1.72987,1.13,1.10
2014.07.28 21:35:10.966,1.72967,1.72987,1.19,1.20
2014.07.28 21:35:11.927,1.72967,1.72987,1.00,1.20
2014.07.28 21:35:32.177,1.72965,1.72987,1.99,1.20
2014.07.28 21:35:37.417,1.72965,1.72987,1.99,1.20
2014.07.28 21:35:51.627,1.72965,1.72988,1.47,1.20
2014.07.28 21:35:52.131,1.72966,1.72988,1.00,1.20
2014.07.28 21:36:04.666,1.72966,1.72988,1.19,1.20
2014.07.28 21:36:05.704,1.72966,1.72988,1.25,1.20
2014.07.28 21:36:12.422,1.72966,1.72988,1.35,1.20
2014.07.28 21:36:23.054,1.72966,1.7299,1.73,1.20
2014.07.28 21:36:23.680,1.72967,1.7299,1.58,1.20
2014.07.28 21:36:32.062,1.72967,1.7299,1.77,1.20
2014.07.28 21:36:33.155,1.72967,1.7299,1.58,1.20
2014.07.28 21:36:43.280,1.72966,1.7299,1.43,1.20
2014.07.28 21:36:47.075,1.72966,1.7299,1.62,1.20
2014.07.28 21:36:49.996,1.72966,1.72987,1.99,1.00
2014.07.28 21:36:54.178,1.72966,1.72989,1.00,1.20
2014.07.28 21:36:57.423,1.72966,1.72989,1.19,1.20
2014.07.28 21:37:00.840,1.72965,1.72989,1.10,1.20
2014.07.28 21:37:01.931,1.72965,1.72989,1.29,1.20
2014.07.28 21:37:04.284,1.72965,1.72988,1.29,1.20
2014.07.28 21:37:04.851,1.72965,1.72986,1.10,1.20
2014.07.28 21:37:10.837,1.72965,1.72986,1.29,1.20
2014.07.28 21:37:11.501,1.72966,1.72989,1.39,1.20
2014.07.28 21:37:12.093,1.72966,1.72988,1.29,1.20
2014.07.28 21:37:12.144,1.72966,1.72988,1.10,1.20
2014.07.28 21:37:17.900,1.72966,1.72988,1.39,1.20
2014.07.28 21:37:18.570,1.72968,1.72988,1.00,1.20
2014.07.28 21:37:18.836,1.72968,1.72988,1.00,1.20
2014.07.28 21:37:21.168,1.72968,1.72986,1.19,1.20
2014.07.28 21:37:22.673,1.72964,1.72986,1.24,1.20
2014.07.28 21:37:22.926,1.72961,1.72985,1.20,1.70
2014.07.28 21:37:22.977,1.72961,1.72984,1.05,1.20
2014.07.28 21:37:23.028,1.7296,1.72984,1.05,1.20
2014.07.28 21:37:23.079,1.72959,1.72982,1.17,1.20
2014.07.28 21:37:23.180,1.7296,1.72984,1.38,1.20
2014.07.28 21:37:24.857,1.72954,1.72983,1.17,1.05
2014.07.28 21:37:24.908,1.72954,1.72975,1.32,1.20
2014.07.28 21:37:25.264,1.72955,1.72977,1.39,1.20
2014.07.28 21:37:25.315,1.72955,1.72983,1.89,1.20
2014.07.28 21:37:25.366,1.72961,1.72984,1.20,1.20
2014.07.28 21:37:36.025,1.72958,1.72982,1.38,1.20
2014.07.28 21:37:36.451,1.72957,1.72982,1.58,1.20
2014.07.28 21:37:43.039,1.72957,1.7298,1.47,1.20
2014.07.28 21:37:45.825,1.72957,1.7298,1.28,1.20
2014.07.28 21:37:52.863,1.72957,1.7298,1.47,1.20
2014.07.28 21:37:53.066,1.72959,1.72982,2.07,1.20
2014.07.28 21:37:53.628,1.72962,1.72982,1.00,1.20
2014.07.28 21:37:53.933,1.72962,1.72985,1.10,1.20
2014.07.28 21:37:56.118,1.72962,1.72984,1.10,1.20
2014.07.28 21:37:56.807,1.72962,1.72981,1.00,1.20
2014.07.28 21:38:11.253,1.72962,1.72983,1.00,1.20
2014.07.28 21:38:12.116,1.72962,1.72983,1.19,1.20
2014.07.28 21:38:12.647,1.72962,1.72983,1.00,1.20
2014.07.28 21:38:30.619,1.7296,1.72983,1.38,1.20
2014.07.28 21:38:31.367,1.72959,1.72983,1.50,1.20
2014.07.28 21:38:34.154,1.72959,1.72983,1.05,1.20
2014.07.28 21:38:34.763,1.72959,1.72983,1.05,1.20
2014.07.28 21:38:49.543,1.72963,1.72983,1.00,1.20
2014.07.28 21:38:50.082,1.72963,1.72985,1.10,1.38
2014.07.28 21:38:51.079,1.72962,1.72986,1.05,1.20
2014.07.28 21:38:53.109,1.72962,1.72986,1.57,1.20
2014.07.28 21:38:54.687,1.72962,1.72986,1.57,1.20
2014.07.28 21:38:57.732,1.72962,1.72986,1.50,1.20
2014.07.28 21:39:06.110,1.72962,1.72986,1.05,1.20
2014.07.28 21:39:06.160,1.72962,1.72986,1.24,1.20
2014.07.28 21:39:07.425,1.72962,1.72986,1.05,1.20
2014.07.28 21:39:10.803,1.72962,1.72985,1.28,1.20
2014.07.28 21:39:11.061,1.72958,1.72981,2.52,1.20
2014.07.28 21:39:12.888,1.72958,1.72981,2.52,1.20
2014.07.28 21:39:15.237,1.72958,1.72981,2.52,1.20
2014.07.28 21:39:35.993,1.72958,1.72981,1.77,1.20
2014.07.28 21:39:48.914,1.72958,1.72981,2.52,1.20
2014.07.28 21:39:49.557,1.72958,1.72981,2.52,1.20
2014.07.28 21:39:49.866,1.72958,1.72981,2.52,1.20
2014.07.28 21:39:51.407,1.72958,1.72981,2.52,1.20
2014.07.28 21:39:54.428,1.72958,1.72981,1.95,1.20
2014.07.28 21:40:09.509,1.72963,1.72981,1.00,1.20
2014.07.28 21:40:11.097,1.72963,1.72987,1.00,1.50
2014.07.28 21:40:16.170,1.72963,1.72987,1.00,1.75
2014.07.28 21:40:16.221,1.72958,1.72987,1.00,1.75
2014.07.28 21:40:16.272,1.72958,1.72986,1.60,1.35
2014.07.28 21:40:16.575,1.72964,1.72987,1.20,1.58
2014.07.28 21:40:17.632,1.72964,1.72987,1.20,2.70
2014.07.28 21:40:17.733,1.72963,1.72982,1.00,1.20
2014.07.28 21:40:25.898,1.72959,1.72982,1.20,1.20
2014.07.28 21:40:27.249,1.72959,1.72984,1.20,1.05
2014.07.28 21:40:27.300,1.7296,1.72984,1.20,1.05
2014.07.28 21:40:27.402,1.72958,1.72983,1.20,1.38
2014.07.28 21:40:37.079,1.72958,1.72984,1.39,1.20
2014.07.28 21:40:39.608,1.72958,1.72984,1.20,1.20
2014.07.28 21:40:40.014,1.72962,1.72984,1.00,1.20
2014.07.28 21:40:40.858,1.72958,1.72983,1.20,1.38
2014.07.28 21:40:44.928,1.72962,1.72983,1.00,1.38
2014.07.28 21:40:47.635,1.72962,1.72983,1.00,1.05
2014.07.28 21:40:49.550,1.72959,1.72982,1.20,1.20
2014.07.28 21:40:52.913,1.72959,1.72981,1.20,1.75
2014.07.28 21:40:52.964,1.72955,1.72976,1.00,1.88
2014.07.28 21:40:53.066,1.72952,1.72974,1.13,1.20
2014.07.28 21:40:53.170,1.72954,1.72976,1.05,1.10
2014.07.28 21:40:53.272,1.72956,1.7298,1.05,1.20
2014.07.28 21:40:53.374,1.72957,1.72983,1.20,1.20
2014.07.28 21:40:53.629,1.7296,1.72983,1.20,1.20
2014.07.28 21:40:54.170,1.72955,1.7298,1.39,1.20
2014.07.28 21:41:04.653,1.72956,1.72982,1.20,1.20
2014.07.28 21:41:14.676,1.72956,1.72982,1.39,1.20
2014.07.28 21:41:15.829,1.72956,1.72982,1.39,1.20
2014.07.28 21:41:16.448,1.72953,1.72981,1.39,1.70
2014.07.28 21:41:16.499,1.72953,1.72975,1.57,1.20
2014.07.28 21:41:17.004,1.72955,1.72976,1.28,1.20
2014.07.28 21:41:17.156,1.72956,1.72981,1.20,1.20
2014.07.28 21:41:27.303,1.72954,1.72979,1.05,2.33
2014.07.28 21:41:27.355,1.72954,1.72977,1.38,1.20
2014.07.28 21:41:41.084,1.72953,1.72977,1.43,1.88
2014.07.28 21:41:41.588,1.72953,1.72976,1.10,1.20
2014.07.28 21:41:45.998,1.72954,1.72976,1.20,1.38
2014.07.28 21:42:06.123,1.72955,1.72978,1.20,1.88
2014.07.28 21:42:07.149,1.72955,1.72976,1.20,1.48
2014.07.28 21:42:07.300,1.72951,1.72974,1.20,2.33
2014.07.28 21:42:21.464,1.72951,1.72974,1.20,1.73
2014.07.28 21:42:22.189,1.72953,1.72975,1.20,1.05
2014.07.28 21:42:26.131,1.72953,1.72975,1.20,1.05
2014.07.28 21:42:28.245,1.72953,1.72975,1.20,1.05
2014.07.28 21:42:35.889,1.72953,1.72975,1.95,1.05
2014.07.28 21:42:36.041,1.72953,1.72974,1.10,1.05
2014.07.28 21:42:54.984,1.72952,1.72974,1.35,1.05
2014.07.28 21:42:55.339,1.72949,1.72973,1.39,1.98
2014.07.28 21:42:55.925,1.72949,1.72972,1.13,1.05
2014.07.28 21:42:59.986,1.72948,1.72972,1.95,1.05
2014.07.28 21:43:01.219,1.72948,1.72972,1.95,1.75
2014.07.28 21:43:01.436,1.72948,1.72972,1.95,1.05
2014.07.28 21:43:02.121,1.72948,1.72972,1.95,1.05
2014.07.28 21:43:04.955,1.72953,1.72972,1.00,1.05
2014.07.28 21:43:05.498,1.72953,1.72972,1.00,1.05
2014.07.28 21:43:07.279,1.72948,1.72972,1.95,1.05
2014.07.28 21:43:12.950,1.72948,1.72972,1.95,1.05
2014.07.28 21:43:19.475,1.72953,1.72972,1.00,1.05
2014.07.28 21:43:20.286,1.72953,1.72972,1.00,1.05
2014.07.28 21:43:21.164,1.72953,1.72974,1.10,1.05
2014.07.28 21:43:23.875,1.72952,1.72974,1.35,1.05
2014.07.28 21:43:24.955,1.72952,1.72971,1.00,1.58
2014.07.28 21:43:27.084,1.72953,1.72971,1.00,1.58
2014.07.28 21:43:27.590,1.72953,1.72972,1.00,1.28
2014.07.28 21:43:29.105,1.72953,1.72975,1.20,1.58
2014.07.28 21:43:29.775,1.72953,1.72975,1.20,1.58
2014.07.28 21:43:35.920,1.72953,1.72975,1.20,1.58
2014.07.28 21:44:04.385,1.72958,1.72975,1.00,1.20
2014.07.28 21:44:05.826,1.72958,1.72976,1.00,1.38
2014.07.28 21:44:06.329,1.72957,1.72976,1.00,1.38
2014.07.28 21:44:09.747,1.72957,1.72975,1.00,1.20
2014.07.28 21:44:10.978,1.72957,1.72973,1.00,1.20
2014.07.28 21:44:16.076,1.72957,1.72976,1.00,1.20
2014.07.28 21:44:43.953,1.72958,1.72975,1.00,1.58
2014.07.28 21:44:52.031,1.72957,1.72975,1.00,1.58
2014.07.28 21:44:56.703,1.72957,1.72975,1.00,1.20
2014.07.28 21:45:03.865,1.72953,1.72975,1.43,1.20
2014.07.28 21:45:16.097,1.72953,1.72973,1.00,1.05
2014.07.28 21:45:20.527,1.72953,1.72974,1.35,1.58
2014.07.28 21:45:27.733,1.72953,1.72975,1.00,1.05
2014.07.28 21:45:44.498,1.72958,1.72973,1.00,1.05
2014.07.28 21:45:45.553,1.72952,1.72974,1.10,1.20
2014.07.28 21:45:46.211,1.72952,1.72972,1.10,1.20
2014.07.28 21:45:46.363,1.72948,1.72971,1.95,1.20
2014.07.28 21:45:46.516,1.72948,1.72969,1.10,1.20
2014.07.28 21:45:46.678,1.72943,1.72968,1.95,1.20
2014.07.28 21:45:50.912,1.72944,1.72969,1.88,1.05
2014.07.28 21:45:51.014,1.72947,1.7297,1.20,1.58
2014.07.28 21:45:52.038,1.72945,1.72969,1.20,1.05
2014.07.28 21:45:52.291,1.72948,1.7297,1.20,1.05
2014.07.28 21:45:53.132,1.72948,1.7297,1.20,1.05
2014.07.28 21:45:59.279,1.72949,1.72973,1.20,1.05
2014.07.28 21:46:00.399,1.72949,1.72973,1.20,1.75
2014.07.28 21:46:01.833,1.72949,1.72973,1.20,1.50
2014.07.28 21:46:01.935,1.7295,1.72974,1.38,1.20
2014.07.28 21:46:02.087,1.7295,1.72975,1.88,1.60
2014.07.28 21:46:02.138,1.72956,1.72978,1.20,1.84
2014.07.28 21:46:02.562,1.72955,1.72978,1.20,2.52
2014.07.28 21:46:18.304,1.72955,1.72977,1.20,1.77
2014.07.28 21:46:18.355,1.72957,1.72978,1.20,1.67
2014.07.28 21:46:18.912,1.72957,1.72978,1.20,1.67
2014.07.28 21:46:19.456,1.72957,1.72978,1.20,1.48
2014.07.28 21:46:20.974,1.72957,1.72977,1.20,1.38
2014.07.28 21:46:21.227,1.72957,1.72979,1.20,1.38
2014.07.28 21:46:21.626,1.72958,1.72981,1.20,1.02
2014.07.28 21:46:22.268,1.72959,1.72982,1.20,1.92
2014.07.28 21:46:30.731,1.72959,1.72983,1.20,1.05
2014.07.28 21:46:31.257,1.72959,1.72983,1.20,2.08
2014.07.28 21:46:31.770,1.72959,1.72983,1.20,1.05
2014.07.28 21:46:32.521,1.72959,1.72982,1.20,1.17
2014.07.28 21:46:35.097,1.72959,1.72982,1.20,1.73
2014.07.28 21:46:36.047,1.72958,1.7298,1.20,1.05
2014.07.28 21:46:40.976,1.72958,1.72982,1.20,1.24
2014.07.28 21:46:41.914,1.72959,1.72983,1.20,1.92
2014.07.28 21:46:42.795,1.72959,1.72983,1.20,1.92
2014.07.28 21:46:44.430,1.72959,1.72981,1.20,1.13
2014.07.28 21:46:45.248,1.72959,1.72981,1.20,1.50
2014.07.28 21:46:47.081,1.72959,1.72977,1.20,1.00
2014.07.28 21:46:47.233,1.72948,1.7297,1.20,1.05
2014.07.28 21:46:47.486,1.72945,1.72968,1.20,1.20
2014.07.28 21:46:47.537,1.72945,1.72973,1.20,1.39
2014.07.28 21:46:47.605,1.72948,1.72973,1.20,1.39
2014.07.28 21:46:47.656,1.7295,1.72975,1.20,1.39
2014.07.28 21:46:47.707,1.72952,1.72975,1.20,1.39
2014.07.28 21:46:50.051,1.72954,1.72977,1.20,1.54
2014.07.28 21:46:50.957,1.72956,1.72978,1.20,1.02
2014.07.28 21:46:52.415,1.72956,1.72979,1.20,1.94
2014.07.28 21:46:53.286,1.72956,1.72979,1.20,1.94
2014.07.28 21:46:54.435,1.72955,1.72977,1.20,1.24
2014.07.28 21:46:56.658,1.72955,1.72977,1.20,1.05
2014.07.28 21:46:57.268,1.72955,1.72977,1.20,1.05
2014.07.28 21:47:04.335,1.72953,1.72976,1.20,1.77
2014.07.28 21:47:04.538,1.72951,1.72974,1.20,1.20
2014.07.28 21:47:04.639,1.72951,1.72976,1.20,1.39
2014.07.28 21:47:04.690,1.72952,1.72976,1.20,1.13
2014.07.28 21:47:11.859,1.72952,1.72977,1.20,2.07
2014.07.28 21:47:14.790,1.72952,1.72976,1.20,1.24
2014.07.28 21:47:20.878,1.72953,1.72976,1.20,1.28
2014.07.28 21:47:20.929,1.72956,1.72979,1.20,1.95
2014.07.28 21:47:25.928,1.72953,1.72977,1.20,1.58
2014.07.28 21:47:26.831,1.72953,1.72977,1.20,1.58
2014.07.28 21:47:27.033,1.72955,1.72978,1.20,1.88
2014.07.28 21:47:27.340,1.72957,1.72979,1.20,1.24
2014.07.28 21:47:31.049,1.72959,1.72983,1.20,1.24
2014.07.28 21:47:32.028,1.72959,1.72982,1.20,1.17
2014.07.28 21:47:33.723,1.72959,1.72982,1.20,1.17
2014.07.28 21:47:34.826,1.72959,1.72982,1.20,1.17
2014.07.28 21:47:35.080,1.72957,1.72981,1.20,1.24
2014.07.28 21:47:35.649,1.72957,1.72982,1.20,2.07
2014.07.28 21:47:37.136,1.72957,1.72981,1.20,1.24
2014.07.28 21:47:48.062,1.72957,1.7298,1.20,1.47
2014.07.28 21:47:49.169,1.72957,1.7298,1.20,1.28
2014.07.28 21:47:55.470,1.72957,1.7298,1.20,1.58
2014.07.28 21:48:02.431,1.72957,1.7298,1.20,1.77
2014.07.28 21:48:05.604,1.72957,1.7298,1.20,1.58
2014.07.28 21:48:12.319,1.72957,1.7298,1.20,1.77
2014.07.28 21:48:13.061,1.72957,1.7298,1.20,1.77
2014.07.28 21:48:17.674,1.72957,1.7298,1.20,1.39
2014.07.28 21:48:18.971,1.72957,1.7298,1.20,1.77
2014.07.28 21:48:21.353,1.72957,1.7298,1.20,1.39
2014.07.28 21:48:22.351,1.72957,1.7298,1.20,1.20
2014.07.28 21:48:35.719,1.72958,1.7298,1.70,1.17
2014.07.28 21:48:39.616,1.72959,1.7298,1.20,1.88
2014.07.28 21:48:43.030,1.72958,1.7298,1.20,1.88
2014.07.28 21:48:43.589,1.72958,1.72977,1.20,1.20
2014.07.28 21:48:54.254,1.72958,1.72978,1.95,1.20
2014.07.28 21:48:54.815,1.72958,1.7298,1.95,1.20
2014.07.28 21:49:06.584,1.72958,1.72978,1.70,1.20
2014.07.28 21:49:21.151,1.72963,1.72978,1.00,1.20
2014.07.28 21:49:24.026,1.72958,1.72978,1.70,1.20
2014.07.28 21:49:26.006,1.72963,1.72978,1.00,1.20
2014.07.28 21:49:26.829,1.72963,1.72978,1.00,1.39
2014.07.28 21:49:29.143,1.72963,1.72978,1.00,1.20
2014.07.28 21:49:35.022,1.72963,1.7298,1.00,1.20
2014.07.28 21:49:36.138,1.72963,1.7298,1.00,1.39
2014.07.28 21:49:37.666,1.72963,1.72979,1.00,1.13
2014.07.28 21:49:54.103,1.72963,1.72978,1.00,1.20
2014.07.28 21:49:55.434,1.72963,1.7298,1.00,1.20
2014.07.28 21:50:01.081,1.72962,1.7298,1.10,1.20
2014.07.28 21:50:01.637,1.72962,1.72979,1.00,1.20
2014.07.28 21:50:03.891,1.72962,1.72978,1.00,1.20
2014.07.28 21:50:07.930,1.72956,1.72977,1.20,1.05
2014.07.28 21:50:08.969,1.72956,1.72977,1.20,1.05
2014.07.28 21:50:12.539,1.72954,1.72974,1.20,1.20
2014.07.28 21:50:15.765,1.72955,1.72975,1.20,1.20
2014.07.28 21:50:16.186,1.72956,1.72975,1.20,1.20
2014.07.28 21:50:17.384,1.72956,1.72977,1.20,1.95
2014.07.28 21:50:17.929,1.72958,1.72977,1.20,1.95
2014.07.28 21:50:18.088,1.72955,1.72977,1.20,1.95
2014.07.28 21:50:38.294,1.72956,1.72975,1.20,1.20
2014.07.28 21:50:56.016,1.72952,1.72971,1.95,1.20
2014.07.28 21:51:37.765,1.72953,1.72972,1.43,1.20
2014.07.28 21:51:38.318,1.72953,1.72973,1.43,1.20
2014.07.28 21:51:42.529,1.72953,1.72973,1.20,1.20
2014.07.28 21:51:42.879,1.72958,1.72971,1.00,1.20
2014.07.28 21:51:47.949,1.72958,1.72974,1.00,1.20
2014.07.28 21:51:50.968,1.72958,1.72974,1.00,1.20
2014.07.28 21:51:55.962,1.72958,1.72972,1.00,1.20
2014.07.28 21:52:00.103,1.72954,1.72973,1.20,1.20
2014.07.28 21:52:09.471,1.72958,1.72973,1.00,1.20
2014.07.28 21:52:17.368,1.72954,1.72973,1.20,1.20
2014.07.28 21:52:24.412,1.72958,1.72973,1.00,1.20
2014.07.28 21:52:26.463,1.72958,1.72973,1.00,1.20
2014.07.28 21:52:28.430,1.72958,1.72975,1.00,1.20
2014.07.28 21:52:31.228,1.72958,1.72977,1.10,1.88
2014.07.28 21:52:51.736,1.72958,1.72977,1.10,1.39
2014.07.28 21:53:12.692,1.72957,1.72977,1.70,1.20
2014.07.28 21:53:53.741,1.72958,1.72977,1.10,1.20
2014.07.28 21:53:58.107,1.72958,1.72977,1.60,1.20
2014.07.28 21:54:02.191,1.72958,1.7298,1.95,1.20
2014.07.28 21:54:03.263,1.72958,1.72976,1.43,1.20
2014.07.28 21:54:03.842,1.72958,1.72978,1.20,1.58
2014.07.28 21:54:08.035,1.72958,1.72977,1.43,1.05
2014.07.28 21:54:08.537,1.72958,1.72976,1.10,1.20
2014.07.28 21:54:12.597,1.72958,1.72975,1.10,1.88
2014.07.28 21:54:12.915,1.72957,1.72972,1.00,1.20
2014.07.28 21:54:17.090,1.72957,1.72974,1.00,1.20
2014.07.28 21:54:17.140,1.72957,1.72974,1.00,1.20
2014.07.28 21:54:30.142,1.72958,1.72974,1.00,1.20
2014.07.28 21:54:37.790,1.72958,1.72976,1.00,1.88
2014.07.28 21:54:51.058,1.72958,1.72973,1.00,1.20
2014.07.28 21:54:51.160,1.72953,1.72973,1.35,1.20
2014.07.28 21:54:56.046,1.72954,1.72973,1.20,1.20
2014.07.28 21:54:56.402,1.72957,1.72975,1.00,1.20
2014.07.28 21:54:59.002,1.72957,1.72975,1.00,1.58
2014.07.28 21:54:59.508,1.72957,1.72972,1.00,1.20
2014.07.28 21:55:00.084,1.72953,1.72972,1.95,1.20
2014.07.28 21:55:00.186,1.72955,1.72974,1.20,1.20
2014.07.28 21:55:05.006,1.72953,1.72974,1.95,1.20
2014.07.28 21:55:05.511,1.72953,1.72972,1.95,1.20
2014.07.28 21:55:05.920,1.72954,1.72975,1.20,1.20
2014.07.28 21:55:10.162,1.72956,1.72976,1.20,1.20
2014.07.28 21:55:25.999,1.72953,1.72974,1.20,1.20
2014.07.28 21:55:30.962,1.72952,1.72973,1.95,1.20
2014.07.28 21:55:31.013,1.72952,1.72971,1.95,1.20
2014.07.28 21:55:41.193,1.72954,1.72975,1.20,1.20
2014.07.28 21:56:01.686,1.72954,1.72974,1.20,1.20
2014.07.28 21:56:05.836,1.72958,1.72974,1.00,1.20
2014.07.28 21:56:07.376,1.72954,1.72974,1.20,1.20
2014.07.28 21:56:07.953,1.72957,1.72974,1.00,1.20
2014.07.28 21:56:09.137,1.72954,1.72974,1.20,1.20
2014.07.28 21:56:09.641,1.72957,1.72974,1.00,1.20
2014.07.28 21:56:10.596,1.72958,1.72974,1.00,1.20
2014.07.28 21:56:11.116,1.72954,1.72974,1.20,1.20
2014.07.28 21:56:11.336,1.72958,1.72974,1.00,1.20
2014.07.28 21:56:11.604,1.72954,1.72974,1.20,1.20
2014.07.28 21:56:11.886,1.72958,1.72974,1.00,1.20
2014.07.28 21:56:14.318,1.72957,1.72974,1.00,1.20
2014.07.28 21:56:14.887,1.72958,1.72974,1.00,1.20
2014.07.28 21:56:15.409,1.72957,1.72974,1.00,1.20
2014.07.28 21:56:16.022,1.72958,1.72974,1.00,1.20
2014.07.28 21:56:16.616,1.72957,1.72974,1.00,1.20
2014.07.28 21:56:17.200,1.72958,1.72974,1.00,1.20
2014.07.28 21:56:17.751,1.72957,1.72974,1.00,1.20
2014.07.28 21:56:18.257,1.72954,1.72974,1.20,1.20
2014.07.28 21:56:18.596,1.72958,1.72974,1.00,1.20
2014.07.28 21:56:19.146,1.72954,1.72974,1.20,1.20
2014.07.28 21:56:19.409,1.72958,1.72974,1.00,1.20
2014.07.28 21:56:19.721,1.72955,1.72976,1.20,1.20
2014.07.28 21:56:19.772,1.72955,1.72976,1.20,1.20
2014.07.28 21:56:21.077,1.72957,1.72974,1.00,1.20
2014.07.28 21:56:21.128,1.72954,1.72974,1.20,1.20
2014.07.28 21:56:21.346,1.72957,1.72974,1.00,1.20
2014.07.28 21:56:21.604,1.72954,1.72974,1.20,1.20
2014.07.28 21:56:21.810,1.72957,1.72974,1.00,1.20
2014.07.28 21:56:22.319,1.72958,1.72974,1.00,1.20
2014.07.28 21:56:23.134,1.72958,1.72977,1.43,1.20
2014.07.28 21:56:24.760,1.7296,1.72981,1.20,1.05
2014.07.28 21:56:25.317,1.72958,1.7298,1.95,1.88
2014.07.28 21:56:25.628,1.72958,1.72977,1.95,1.20
2014.07.28 21:56:25.932,1.72963,1.7298,1.00,1.20
2014.07.28 21:56:46.060,1.72961,1.7298,1.20,1.38
2014.07.28 21:56:46.616,1.72962,1.72981,1.20,1.58
2014.07.28 21:56:51.999,1.72962,1.72981,1.20,1.58
2014.07.28 21:56:52.201,1.72959,1.72979,1.20,1.05
2014.07.28 21:56:55.424,1.72959,1.72979,1.20,1.38
2014.07.28 21:56:56.169,1.72959,1.72979,1.20,1.05
2014.07.28 21:56:56.950,1.72959,1.7298,1.20,1.88
2014.07.28 21:57:05.932,1.72959,1.72979,1.20,1.05
2014.07.28 21:57:06.085,1.72957,1.72977,1.20,1.38
2014.07.28 21:57:10.190,1.72959,1.72979,1.20,1.05
2014.07.28 21:57:11.091,1.7296,1.72981,1.20,1.05
2014.07.28 21:57:16.565,1.7296,1.72981,1.20,1.05
2014.07.28 21:57:20.373,1.7296,1.72981,1.20,1.05
2014.07.28 21:57:22.739,1.7296,1.72979,1.20,1.88
2014.07.28 21:57:42.686,1.72958,1.72979,1.20,1.05
2014.07.28 21:57:44.103,1.72958,1.72979,1.20,1.24
2014.07.28 21:57:45.727,1.72958,1.72979,1.20,1.05
2014.07.28 21:57:55.235,1.72958,1.72979,1.20,1.05
2014.07.28 21:57:56.040,1.72957,1.72976,1.20,1.88
2014.07.28 21:58:16.255,1.72957,1.72977,1.20,1.20
2014.07.28 21:58:16.805,1.72957,1.72977,1.20,1.20
2014.07.28 21:58:19.855,1.7296,1.72979,1.20,1.58
2014.07.28 21:58:21.340,1.72957,1.72979,1.95,1.88
2014.07.28 21:58:21.769,1.72957,1.72978,1.95,1.20
2014.07.28 21:58:22.355,1.72959,1.72978,1.20,1.20
2014.07.28 21:58:23.202,1.72957,1.72977,1.95,1.20
2014.07.28 21:58:43.331,1.72957,1.72977,1.20,1.20
2014.07.28 21:58:48.281,1.72958,1.72978,1.20,1.20
2014.07.28 21:58:48.664,1.72957,1.72978,1.20,1.20
2014.07.28 21:59:05.969,1.72958,1.72975,0.83,0.10
2014.07.28 21:59:11.004,1.72959,1.72976,0.10,0.10
2014.07.28 21:59:17.438,1.72961,1.72977,0.10,0.10
2014.07.28 21:59:37.568,1.7296,1.72976,0.10,0.10
2014.07.28 21:59:45.951,1.72959,1.72974,0.10,0.10
2014.07.28 21:59:51.026,1.72961,1.72976,0.10,0.10
2014.07.28 21:59:55.267,1.72959,1.72975,0.10,0.10
