2013.05.29 06:00:00.280,1.53553,1.53571,1.13,1.50
2013.05.29 06:00:00.640,1.53558,1.5358,1.88,1.25
2013.05.29 06:00:00.820,1.53556,1.53579,1.13,1.50
2013.05.29 06:00:01.303,1.53549,1.53572,3.19,2.25
2013.05.29 06:00:01.371,1.53549,1.53572,2.25,3.19
2013.05.29 06:00:01.690,1.53546,1.53566,1.13,1.69
2013.05.29 06:00:01.929,1.53544,1.53565,1.13,1.50
2013.05.29 06:00:01.990,1.53546,1.53571,1.50,1.50
2013.05.29 06:00:02.170,1.5355,1.53571,1.13,1.50
2013.05.29 06:00:02.532,1.53556,1.53572,1.88,2.25
2013.05.29 06:00:03.080,1.53556,1.53575,1.13,1.50
2013.05.29 06:00:04.330,1.53552,1.53571,2.44,1.50
2013.05.29 06:00:05.492,1.53553,1.53573,2.82,1.50
2013.05.29 06:00:05.622,1.53557,1.53573,1.50,1.50
2013.05.29 06:00:05.811,1.53561,1.53582,1.50,1.69
2013.05.29 06:00:05.929,1.53561,1.53586,2.07,1.88
2013.05.29 06:00:06.050,1.53564,1.53588,1.50,1.69
2013.05.29 06:00:06.110,1.53565,1.53589,1.50,2.07
2013.05.29 06:00:06.469,1.53569,1.53589,1.50,1.32
2013.05.29 06:00:06.651,1.5357,1.53595,2.25,1.69
2013.05.29 06:00:06.713,1.53572,1.53596,1.50,2.44
2013.05.29 06:00:07.141,1.53577,1.53601,1.13,2.44
2013.05.29 06:00:07.681,1.53577,1.53602,1.13,2.44
2013.05.29 06:00:08.040,1.53574,1.53601,1.88,2.44
2013.05.29 06:00:08.584,1.53578,1.53601,1.13,1.50
2013.05.29 06:00:08.972,1.53573,1.53599,3.19,1.50
2013.05.29 06:00:09.159,1.53573,1.53599,2.44,1.50
2013.05.29 06:00:09.401,1.53573,1.53599,2.44,1.50
2013.05.29 06:00:09.985,1.53573,1.53599,1.50,1.69
2013.05.29 06:00:10.920,1.53573,1.53599,1.50,1.69
2013.05.29 06:00:11.283,1.53574,1.53597,1.50,1.13
2013.05.29 06:00:12.980,1.53577,1.53602,1.50,1.69
2013.05.29 06:00:13.734,1.53577,1.53602,2.25,1.69
2013.05.29 06:00:14.243,1.5358,1.53603,1.50,1.32
2013.05.29 06:00:14.853,1.5358,1.53605,2.25,1.32
2013.05.29 06:00:14.920,1.53581,1.53606,1.50,2.07
2013.05.29 06:00:14.981,1.5358,1.53606,1.50,1.50
2013.05.29 06:00:15.101,1.53578,1.53599,1.69,2.25
2013.05.29 06:00:15.410,1.53575,1.536,2.63,1.69
2013.05.29 06:00:15.770,1.53582,1.53601,1.13,1.69
2013.05.29 06:00:15.830,1.53581,1.53601,1.50,1.69
2013.05.29 06:00:15.889,1.53581,1.53603,1.50,1.69
2013.05.29 06:00:16.249,1.53583,1.53604,1.50,1.32
2013.05.29 06:00:16.321,1.53583,1.53604,1.50,1.32
2013.05.29 06:00:16.870,1.53583,1.53603,1.50,1.69
2013.05.29 06:00:17.549,1.53583,1.53604,1.50,1.32
2013.05.29 06:00:17.910,1.5358,1.53604,3.75,1.32
2013.05.29 06:00:18.450,1.53584,1.53607,1.50,2.44
2013.05.29 06:00:18.879,1.53583,1.53607,1.50,1.69
2013.05.29 06:00:19.400,1.53583,1.53607,1.50,1.69
2013.05.29 06:00:20.262,1.53581,1.53605,1.32,1.50
2013.05.29 06:00:20.331,1.53581,1.53605,1.32,1.50
2013.05.29 06:00:20.821,1.53583,1.53607,1.50,2.07
2013.05.29 06:00:21.482,1.53584,1.53607,1.50,1.69
2013.05.29 06:00:22.120,1.53584,1.53607,2.25,1.69
2013.05.29 06:00:22.949,1.53582,1.53607,1.50,1.69
2013.05.29 06:00:24.941,1.53585,1.53606,1.50,1.32
2013.05.29 06:00:26.173,1.53587,1.53608,1.50,1.32
2013.05.29 06:00:26.240,1.53587,1.5361,1.50,2.07
2013.05.29 06:00:26.480,1.5359,1.53611,1.88,1.69
2013.05.29 06:00:26.540,1.53593,1.53615,1.50,1.50
2013.05.29 06:00:26.600,1.53595,1.53618,1.50,3.19
2013.05.29 06:00:26.660,1.53595,1.53618,1.50,2.44
2013.05.29 06:00:26.720,1.53598,1.5362,1.50,2.25
2013.05.29 06:00:26.780,1.536,1.53622,1.50,1.69
2013.05.29 06:00:27.080,1.53598,1.53622,1.50,1.69
2013.05.29 06:00:27.442,1.53595,1.53621,1.50,5.07
2013.05.29 06:00:27.573,1.53592,1.53617,3.00,1.69
2013.05.29 06:00:28.099,1.53594,1.53617,1.50,1.69
2013.05.29 06:00:28.279,1.53593,1.53617,1.50,1.69
2013.05.29 06:00:28.781,1.53594,1.53621,1.50,3.19
2013.05.29 06:00:29.138,1.53594,1.53619,1.50,1.32
2013.05.29 06:00:29.998,1.53594,1.53618,1.50,1.69
2013.05.29 06:00:30.179,1.53594,1.53617,1.50,1.13
2013.05.29 06:00:30.361,1.53582,1.53609,1.50,1.69
2013.05.29 06:00:30.899,1.53583,1.53609,2.25,1.88
2013.05.29 06:00:31.449,1.53583,1.53609,1.50,1.88
2013.05.29 06:00:32.370,1.53583,1.53608,1.50,1.88
2013.05.29 06:00:32.732,1.53581,1.53601,1.50,1.69
2013.05.29 06:00:32.980,1.53575,1.536,2.25,2.44
2013.05.29 06:00:33.518,1.53576,1.53602,1.50,1.32
2013.05.29 06:00:33.708,1.53576,1.536,2.25,1.69
2013.05.29 06:00:34.070,1.53576,1.536,1.50,1.69
2013.05.29 06:00:34.189,1.53571,1.53598,3.57,1.50
2013.05.29 06:00:34.744,1.53573,1.536,2.44,2.44
2013.05.29 06:00:35.170,1.53574,1.53599,2.44,1.69
2013.05.29 06:00:35.689,1.53574,1.536,3.19,1.69
2013.05.29 06:00:36.260,1.53574,1.53599,1.69,2.44
2013.05.29 06:00:36.319,1.53572,1.53597,1.50,1.32
2013.05.29 06:00:36.560,1.53573,1.53596,1.50,1.69
2013.05.29 06:00:36.932,1.53574,1.53597,3.00,1.69
2013.05.29 06:00:37.409,1.53578,1.53597,1.50,1.69
2013.05.29 06:00:37.770,1.5358,1.53601,1.50,2.44
2013.05.29 06:00:38.281,1.53581,1.53601,2.25,2.44
2013.05.29 06:00:39.039,1.53581,1.53604,3.00,1.69
2013.05.29 06:00:39.590,1.53581,1.53603,1.50,1.50
2013.05.29 06:00:46.979,1.5358,1.53605,3.00,1.69
2013.05.29 06:00:47.909,1.5358,1.53605,1.50,1.69
2013.05.29 06:00:48.720,1.5358,1.53604,1.50,2.07
2013.05.29 06:00:49.718,1.53582,1.53604,1.69,1.50
2013.05.29 06:00:50.089,1.53583,1.53607,2.44,2.63
2013.05.29 06:00:50.610,1.53583,1.53606,1.69,1.50
2013.05.29 06:00:50.790,1.53583,1.53602,1.50,1.50
2013.05.29 06:00:51.211,1.5358,1.536,2.44,1.50
2013.05.29 06:00:51.389,1.53584,1.53602,1.69,1.50
2013.05.29 06:00:51.450,1.53583,1.53603,2.07,1.50
2013.05.29 06:00:51.932,1.53587,1.53607,1.50,2.63
2013.05.29 06:00:52.933,1.53587,1.53607,1.50,2.63
2013.05.29 06:00:53.273,1.53587,1.53607,1.50,2.63
2013.05.29 06:00:53.772,1.53587,1.53608,1.50,2.63
2013.05.29 06:00:53.900,1.53587,1.53608,1.50,2.63
2013.05.29 06:00:54.022,1.53589,1.53608,1.13,2.63
2013.05.29 06:00:56.200,1.53591,1.53608,2.25,2.63
2013.05.29 06:00:56.583,1.53591,1.53617,2.25,2.44
2013.05.29 06:00:58.764,1.53592,1.53617,1.50,3.19
2013.05.29 06:00:59.188,1.53594,1.53618,1.13,1.50
2013.05.29 06:00:59.729,1.53594,1.53617,1.13,1.50
2013.05.29 06:01:00.546,1.53595,1.53619,2.25,1.50
2013.05.29 06:01:00.910,1.53595,1.53622,2.63,3.19
2013.05.29 06:01:01.209,1.53595,1.53622,3.38,2.44
2013.05.29 06:01:02.424,1.53606,1.53625,1.88,1.88
2013.05.29 06:01:02.501,1.53606,1.53625,1.88,1.50
2013.05.29 06:01:02.560,1.53606,1.5363,1.88,2.10
2013.05.29 06:01:02.679,1.53606,1.53633,1.88,1.69
2013.05.29 06:01:02.980,1.53608,1.53632,1.13,1.32
2013.05.29 06:01:03.971,1.53609,1.53636,2.25,2.82
2013.05.29 06:01:04.411,1.5361,1.53636,3.00,1.32
2013.05.29 06:01:04.530,1.5361,1.53637,3.00,1.32
2013.05.29 06:01:04.780,1.53614,1.53637,1.13,1.32
2013.05.29 06:01:05.293,1.53614,1.53636,1.13,1.32
2013.05.29 06:01:06.631,1.53617,1.53639,1.50,1.69
2013.05.29 06:01:06.882,1.5362,1.53645,1.50,1.69
2013.05.29 06:01:07.671,1.53619,1.53642,1.13,1.69
2013.05.29 06:01:08.253,1.53625,1.53642,1.13,1.50
2013.05.29 06:01:08.380,1.53625,1.53645,1.13,2.44
2013.05.29 06:01:08.620,1.53625,1.53642,1.32,1.50
2013.05.29 06:01:08.860,1.53625,1.53643,1.50,1.50
2013.05.29 06:01:09.394,1.53625,1.53643,1.13,2.25
2013.05.29 06:01:09.724,1.53619,1.5364,1.88,1.50
2013.05.29 06:01:10.760,1.53619,1.53639,1.13,1.50
2013.05.29 06:01:11.053,1.53619,1.53645,1.88,2.44
2013.05.29 06:01:11.121,1.53625,1.53645,1.13,1.69
2013.05.29 06:01:11.190,1.53625,1.53646,1.13,1.50
2013.05.29 06:01:11.432,1.53627,1.5365,1.88,1.69
2013.05.29 06:01:11.801,1.5363,1.53651,1.50,2.25
2013.05.29 06:01:12.161,1.53637,1.53651,2.25,2.25
2013.05.29 06:01:12.521,1.53645,1.53653,1.88,1.13
2013.05.29 06:01:12.822,1.53657,1.53667,1.13,1.50
2013.05.29 06:01:13.011,1.53657,1.53685,1.13,2.44
2013.05.29 06:01:13.555,1.53656,1.5368,1.50,2.44
2013.05.29 06:01:13.811,1.53656,1.53677,1.50,1.50
2013.05.29 06:01:13.946,1.53656,1.53677,1.50,2.25
2013.05.29 06:01:15.191,1.53655,1.53677,1.13,2.10
2013.05.29 06:01:15.502,1.53653,1.5367,1.13,1.35
2013.05.29 06:01:15.751,1.5364,1.53667,1.50,3.12
2013.05.29 06:01:15.932,1.53639,1.53663,1.88,2.18
2013.05.29 06:01:16.240,1.53633,1.53655,1.50,1.50
2013.05.29 06:01:16.301,1.53628,1.53653,1.50,1.05
2013.05.29 06:01:16.848,1.5363,1.53652,1.13,1.35
2013.05.29 06:01:16.971,1.53623,1.53652,1.69,2.85
2013.05.29 06:01:17.162,1.53623,1.53646,1.50,1.80
2013.05.29 06:01:17.351,1.53616,1.5364,1.88,1.35
2013.05.29 06:01:17.422,1.53613,1.5364,1.88,2.10
2013.05.29 06:01:18.112,1.53613,1.53638,1.50,1.35
2013.05.29 06:01:18.193,1.53616,1.5364,1.13,1.35
2013.05.29 06:01:18.261,1.53616,1.5364,1.13,1.35
2013.05.29 06:01:18.620,1.53616,1.53639,1.50,2.10
2013.05.29 06:01:19.140,1.53616,1.5364,1.13,1.35
2013.05.29 06:01:20.491,1.53616,1.53639,1.13,1.43
2013.05.29 06:01:20.622,1.53612,1.53636,1.13,1.43
2013.05.29 06:01:20.929,1.53611,1.53634,1.50,1.35
2013.05.29 06:01:21.290,1.53611,1.53637,2.63,2.10
2013.05.29 06:01:21.411,1.53612,1.53637,1.50,2.10
2013.05.29 06:01:21.781,1.5361,1.53637,2.25,2.29
2013.05.29 06:01:22.103,1.5361,1.53634,1.13,1.35
2013.05.29 06:01:22.172,1.5361,1.53638,1.88,2.29
2013.05.29 06:01:22.420,1.53611,1.53633,1.13,1.35
2013.05.29 06:01:22.721,1.53613,1.53637,1.50,1.43
2013.05.29 06:01:23.023,1.53616,1.53643,3.00,3.42
2013.05.29 06:01:23.156,1.53616,1.53643,3.00,1.92
2013.05.29 06:01:24.132,1.53617,1.53643,2.25,1.69
2013.05.29 06:01:24.560,1.53621,1.53644,1.50,1.69
2013.05.29 06:01:24.620,1.53623,1.53646,1.50,1.69
2013.05.29 06:01:25.310,1.53623,1.53647,1.50,2.82
2013.05.29 06:01:25.429,1.53623,1.5365,2.25,2.82
2013.05.29 06:01:26.150,1.53625,1.53648,1.13,1.50
2013.05.29 06:01:27.808,1.53624,1.53649,1.50,2.44
2013.05.29 06:01:28.140,1.53625,1.53648,1.13,1.69
2013.05.29 06:01:29.621,1.53624,1.53649,1.88,2.44
2013.05.29 06:01:30.361,1.53626,1.53651,1.13,1.50
2013.05.29 06:01:31.102,1.53626,1.5365,1.13,1.50
2013.05.29 06:01:31.411,1.53623,1.53647,1.13,2.25
2013.05.29 06:01:31.828,1.5362,1.53643,2.44,1.50
2013.05.29 06:01:32.330,1.5362,1.53643,1.50,2.25
2013.05.29 06:01:32.571,1.53619,1.53643,1.50,2.25
2013.05.29 06:01:32.750,1.53617,1.5364,1.88,1.50
2013.05.29 06:01:33.050,1.53615,1.53638,1.13,1.50
2013.05.29 06:01:33.229,1.53612,1.53637,2.25,1.69
2013.05.29 06:01:33.290,1.5361,1.53632,1.13,2.07
2013.05.29 06:01:33.830,1.53609,1.53633,1.50,1.32
2013.05.29 06:01:34.281,1.53609,1.53635,1.50,1.69
2013.05.29 06:01:34.522,1.53606,1.53633,1.50,1.50
2013.05.29 06:01:34.591,1.53606,1.53633,1.50,2.25
2013.05.29 06:01:35.124,1.53606,1.53633,3.00,2.25
2013.05.29 06:01:35.250,1.53608,1.53634,1.50,1.50
2013.05.29 06:01:35.791,1.53607,1.53634,1.50,2.82
2013.05.29 06:01:35.850,1.53606,1.53634,2.25,3.57
2013.05.29 06:01:36.209,1.53606,1.53631,2.25,1.13
2013.05.29 06:01:37.681,1.53603,1.53627,2.25,1.13
2013.05.29 06:01:37.801,1.53601,1.53627,1.50,1.88
2013.05.29 06:01:37.921,1.53598,1.53624,2.25,1.32
2013.05.29 06:01:37.990,1.53599,1.53624,1.50,1.32
2013.05.29 06:01:38.052,1.53599,1.53624,2.25,1.32
2013.05.29 06:01:38.361,1.53605,1.53627,2.25,1.13
2013.05.29 06:01:38.720,1.53612,1.53627,1.50,1.13
2013.05.29 06:01:39.203,1.53612,1.53634,1.50,1.69
2013.05.29 06:01:39.282,1.53608,1.53634,2.25,1.69
2013.05.29 06:01:39.351,1.53608,1.53634,2.25,1.69
2013.05.29 06:01:39.531,1.53608,1.53633,1.50,1.32
2013.05.29 06:01:39.839,1.53608,1.53632,1.50,2.44
2013.05.29 06:01:39.959,1.53606,1.53632,1.50,3.19
2013.05.29 06:01:40.140,1.53605,1.5363,1.50,2.25
2013.05.29 06:01:40.201,1.53604,1.5363,2.25,3.75
2013.05.29 06:01:40.750,1.53603,1.53628,1.13,1.13
2013.05.29 06:01:40.931,1.53603,1.53628,1.88,1.88
2013.05.29 06:01:41.506,1.53601,1.53628,1.50,1.13
2013.05.29 06:01:42.059,1.53603,1.53627,1.50,1.32
2013.05.29 06:01:43.914,1.53601,1.5362,1.50,1.13
2013.05.29 06:01:43.981,1.53598,1.5362,1.50,1.13
2013.05.29 06:01:44.040,1.53596,1.5362,2.25,2.07
2013.05.29 06:01:44.099,1.53596,1.53619,1.50,1.69
2013.05.29 06:01:44.220,1.53591,1.53618,1.50,1.88
2013.05.29 06:01:44.400,1.5359,1.53616,1.13,1.50
2013.05.29 06:01:44.701,1.5359,1.53617,1.88,1.50
2013.05.29 06:01:44.956,1.53591,1.53618,1.50,1.13
2013.05.29 06:01:45.081,1.53591,1.53614,1.50,1.69
2013.05.29 06:01:45.321,1.53585,1.5361,1.88,1.13
2013.05.29 06:01:45.500,1.53582,1.53609,1.69,3.19
2013.05.29 06:01:46.235,1.53582,1.53608,1.69,1.32
2013.05.29 06:01:46.446,1.5358,1.53602,1.69,1.13
2013.05.29 06:01:46.514,1.53576,1.53602,2.44,1.32
2013.05.29 06:01:47.060,1.53576,1.53602,3.57,1.32
2013.05.29 06:01:47.637,1.53576,1.53602,3.57,2.07
2013.05.29 06:01:48.022,1.53576,1.536,2.44,1.50
2013.05.29 06:01:48.092,1.53574,1.53598,1.88,2.07
2013.05.29 06:01:48.221,1.53569,1.53596,2.82,2.82
2013.05.29 06:01:49.220,1.53568,1.53593,1.69,1.50
2013.05.29 06:01:49.570,1.53567,1.53591,1.69,1.13
2013.05.29 06:01:49.809,1.53567,1.53591,1.69,1.13
2013.05.29 06:01:50.430,1.53567,1.53594,1.69,3.04
2013.05.29 06:01:50.490,1.53568,1.53594,1.32,3.04
2013.05.29 06:01:50.850,1.53576,1.53596,1.13,1.50
2013.05.29 06:01:50.970,1.53576,1.53598,1.13,1.13
2013.05.29 06:01:51.089,1.53578,1.53604,1.50,1.24
2013.05.29 06:01:51.149,1.5358,1.53606,1.32,1.69
2013.05.29 06:01:51.269,1.53581,1.53607,1.50,1.69
2013.05.29 06:01:51.329,1.53583,1.53608,1.50,1.13
2013.05.29 06:01:51.509,1.53587,1.53609,2.25,1.32
2013.05.29 06:01:51.630,1.53588,1.53614,1.13,1.62
2013.05.29 06:01:52.459,1.53589,1.53616,1.50,1.32
2013.05.29 06:01:52.599,1.53588,1.53615,1.13,1.62
2013.05.29 06:01:53.140,1.53588,1.53616,1.13,3.42
2013.05.29 06:01:53.520,1.53588,1.53611,1.13,1.13
2013.05.29 06:01:53.704,1.5358,1.53607,3.19,1.62
2013.05.29 06:01:53.771,1.5358,1.53604,1.69,1.35
2013.05.29 06:01:54.129,1.5358,1.53602,1.88,1.35
2013.05.29 06:01:55.159,1.5358,1.53603,1.88,1.62
2013.05.29 06:01:57.040,1.53581,1.53604,1.13,1.54
2013.05.29 06:01:57.167,1.53577,1.53602,1.65,1.43
2013.05.29 06:01:57.290,1.53576,1.53599,1.69,1.35
2013.05.29 06:01:57.591,1.53575,1.53597,2.07,1.35
2013.05.29 06:01:58.581,1.53575,1.53597,1.69,1.35
2013.05.29 06:01:59.281,1.53574,1.53597,1.13,1.35
2013.05.29 06:01:59.650,1.53574,1.53596,1.13,2.25
2013.05.29 06:01:59.951,1.53574,1.53591,1.13,1.50
2013.05.29 06:02:00.485,1.53574,1.53588,1.13,1.50
2013.05.29 06:02:00.571,1.53565,1.53588,2.07,1.50
2013.05.29 06:02:00.643,1.53565,1.53588,1.32,1.50
2013.05.29 06:02:01.200,1.53563,1.53589,1.32,2.25
2013.05.29 06:02:02.062,1.53563,1.53589,1.69,1.13
2013.05.29 06:02:02.931,1.53565,1.53589,1.13,1.88
2013.05.29 06:02:03.007,1.53564,1.53589,2.63,1.13
2013.05.29 06:02:03.213,1.53566,1.53589,1.50,1.13
2013.05.29 06:02:03.580,1.53565,1.5359,1.13,1.32
2013.05.29 06:02:03.701,1.53566,1.53592,1.69,1.69
2013.05.29 06:02:04.004,1.53569,1.53592,2.25,1.69
2013.05.29 06:02:04.071,1.53573,1.53594,1.13,2.82
2013.05.29 06:02:04.942,1.53575,1.536,1.88,3.57
2013.05.29 06:02:05.011,1.53577,1.536,1.50,2.44
2013.05.29 06:02:05.740,1.53579,1.53603,1.50,1.32
2013.05.29 06:02:05.803,1.53579,1.53604,1.50,2.82
2013.05.29 06:02:05.873,1.53583,1.53607,1.50,1.32
2013.05.29 06:02:06.002,1.53583,1.53608,1.50,1.50
2013.05.29 06:02:06.071,1.53585,1.53609,1.50,1.69
2013.05.29 06:02:06.641,1.53585,1.53608,1.50,1.13
2013.05.29 06:02:06.944,1.53582,1.53607,1.69,1.50
2013.05.29 06:02:07.011,1.53582,1.53607,1.69,1.50
2013.05.29 06:02:07.310,1.53583,1.53608,3.00,1.69
2013.05.29 06:02:07.690,1.53586,1.53612,1.50,6.19
2013.05.29 06:02:08.000,1.53587,1.53612,1.50,3.72
2013.05.29 06:02:08.064,1.53587,1.53613,1.50,3.94
2013.05.29 06:02:08.729,1.53587,1.53613,2.25,1.69
2013.05.29 06:02:09.590,1.53588,1.53614,1.50,1.32
2013.05.29 06:02:09.711,1.5359,1.53614,1.50,1.32
2013.05.29 06:02:10.059,1.5359,1.53613,2.25,1.69
2013.05.29 06:02:11.361,1.53592,1.53614,1.50,1.32
2013.05.29 06:02:12.041,1.53593,1.53614,1.13,1.32
2013.05.29 06:02:12.243,1.53591,1.53616,1.50,1.88
2013.05.29 06:02:12.430,1.53591,1.53616,1.50,1.50
2013.05.29 06:02:13.939,1.53593,1.53616,1.13,1.13
2013.05.29 06:02:14.441,1.53593,1.53616,1.13,1.13
2013.05.29 06:02:15.013,1.53593,1.53617,1.13,1.63
2013.05.29 06:02:15.322,1.53598,1.53617,1.50,1.28
2013.05.29 06:02:15.391,1.53595,1.53622,3.00,2.07
2013.05.29 06:02:15.452,1.53599,1.53624,1.13,2.25
2013.05.29 06:02:15.523,1.536,1.53626,1.88,1.69
2013.05.29 06:02:16.045,1.536,1.53627,1.88,2.44
2013.05.29 06:02:16.395,1.536,1.53627,1.88,2.44
2013.05.29 06:02:16.581,1.53602,1.53628,1.50,2.44
2013.05.29 06:02:17.609,1.536,1.53628,1.13,3.94
2013.05.29 06:02:17.731,1.536,1.53628,1.13,3.94
2013.05.29 06:02:18.100,1.53602,1.53628,1.50,3.19
2013.05.29 06:02:19.479,1.53602,1.53628,2.25,2.44
2013.05.29 06:02:20.080,1.53602,1.53629,1.50,2.44
2013.05.29 06:02:20.440,1.53603,1.53628,2.25,1.69
2013.05.29 06:02:21.031,1.53602,1.53628,2.25,1.50
2013.05.29 06:02:21.232,1.53602,1.53628,2.25,1.50
2013.05.29 06:02:24.602,1.53602,1.5363,1.50,2.25
2013.05.29 06:02:24.860,1.53602,1.53628,1.50,1.50
2013.05.29 06:02:25.830,1.536,1.53626,1.50,2.25
2013.05.29 06:02:26.451,1.53597,1.53624,2.25,2.44
2013.05.29 06:02:26.522,1.53597,1.53622,2.25,1.32
2013.05.29 06:02:26.650,1.53595,1.5362,1.13,1.50
2013.05.29 06:02:27.010,1.53595,1.53621,1.88,3.75
2013.05.29 06:02:27.132,1.53593,1.53616,1.13,2.44
2013.05.29 06:02:27.200,1.53592,1.53612,1.50,1.13
2013.05.29 06:02:29.361,1.5359,1.53608,3.00,1.13
2013.05.29 06:02:29.920,1.53593,1.53608,1.13,1.13
2013.05.29 06:02:30.291,1.53593,1.53615,1.50,1.13
2013.05.29 06:02:30.830,1.53593,1.53615,1.50,1.13
2013.05.29 06:02:30.889,1.536,1.53616,1.13,1.50
2013.05.29 06:02:31.444,1.53599,1.53616,1.13,1.50
2013.05.29 06:02:32.394,1.53599,1.53615,1.13,1.13
2013.05.29 06:02:32.789,1.53599,1.53619,1.13,1.88
2013.05.29 06:02:33.391,1.53604,1.53625,1.13,3.00
2013.05.29 06:02:33.510,1.53608,1.53626,1.13,1.13
2013.05.29 06:02:33.965,1.536,1.53626,1.13,2.63
2013.05.29 06:02:34.042,1.536,1.53626,1.13,2.63
2013.05.29 06:02:34.110,1.536,1.53626,1.13,1.88
2013.05.29 06:02:34.229,1.53601,1.53626,1.50,1.13
2013.05.29 06:02:34.470,1.53601,1.53628,2.25,3.75
2013.05.29 06:02:34.652,1.53606,1.53626,1.13,1.88
2013.05.29 06:02:35.201,1.53605,1.53628,1.13,1.50
2013.05.29 06:02:35.274,1.53605,1.53628,1.13,1.50
2013.05.29 06:02:35.762,1.53602,1.53626,1.50,1.13
2013.05.29 06:02:36.071,1.53606,1.53625,1.50,1.50
2013.05.29 06:02:36.444,1.53609,1.53628,1.13,3.00
2013.05.29 06:02:36.510,1.53609,1.53629,1.13,1.50
2013.05.29 06:02:37.181,1.53609,1.53629,1.13,2.25
2013.05.29 06:02:37.740,1.53609,1.53629,1.13,1.50
2013.05.29 06:02:37.922,1.53609,1.53629,1.13,1.50
2013.05.29 06:02:39.140,1.53609,1.53631,1.13,1.50
2013.05.29 06:02:39.201,1.53609,1.53633,1.13,3.94
2013.05.29 06:02:39.690,1.53609,1.53633,1.13,1.50
2013.05.29 06:02:39.810,1.53615,1.53635,1.13,1.50
2013.05.29 06:02:40.256,1.53618,1.53637,1.88,1.50
2013.05.29 06:02:40.500,1.53619,1.5364,1.13,1.50
2013.05.29 06:02:40.561,1.53619,1.53643,1.13,1.50
2013.05.29 06:02:40.740,1.53621,1.53643,1.13,2.25
2013.05.29 06:02:40.800,1.53618,1.53642,1.50,1.50
2013.05.29 06:02:41.340,1.53618,1.53639,1.50,3.00
2013.05.29 06:02:41.771,1.53614,1.53637,1.50,1.50
2013.05.29 06:02:42.935,1.53614,1.53637,1.50,1.50
2013.05.29 06:02:43.016,1.53614,1.53636,1.13,1.50
2013.05.29 06:02:43.200,1.53614,1.53636,1.13,2.25
2013.05.29 06:02:44.120,1.53614,1.53636,1.13,2.63
2013.05.29 06:02:45.190,1.53612,1.53636,1.13,1.50
2013.05.29 06:02:45.551,1.53614,1.53635,1.13,2.25
2013.05.29 06:02:45.733,1.53614,1.53637,1.13,1.13
2013.05.29 06:02:45.862,1.53614,1.53639,1.13,2.25
2013.05.29 06:02:46.231,1.53612,1.53637,1.13,1.13
2013.05.29 06:02:46.590,1.5361,1.53636,3.00,1.50
2013.05.29 06:02:47.080,1.53615,1.53639,1.13,1.69
2013.05.29 06:02:47.270,1.53613,1.53638,1.50,1.50
2013.05.29 06:02:47.450,1.53612,1.53636,1.50,2.25
2013.05.29 06:02:48.579,1.53612,1.53633,1.13,1.50
2013.05.29 06:02:49.120,1.53611,1.53633,1.13,1.50
2013.05.29 06:02:49.570,1.53609,1.53633,1.13,2.25
2013.05.29 06:02:49.771,1.53609,1.53632,1.13,1.50
2013.05.29 06:02:52.441,1.53609,1.53631,1.13,1.50
2013.05.29 06:02:53.372,1.53609,1.5363,1.13,2.25
2013.05.29 06:02:53.442,1.53608,1.53629,1.13,1.50
2013.05.29 06:02:53.630,1.53604,1.53625,1.13,1.69
2013.05.29 06:02:53.990,1.53602,1.53624,1.50,1.69
2013.05.29 06:02:54.668,1.53603,1.53625,1.50,2.44
2013.05.29 06:02:55.699,1.53602,1.53624,1.50,1.50
2013.05.29 06:02:56.582,1.53602,1.53626,1.13,1.69
2013.05.29 06:02:59.812,1.53602,1.53626,1.13,2.25
2013.05.29 06:03:00.000,1.53602,1.53624,1.13,1.50
2013.05.29 06:03:00.250,1.53602,1.53626,1.88,2.44
2013.05.29 06:03:00.549,1.53602,1.53629,1.88,1.69
2013.05.29 06:03:00.789,1.53602,1.5363,2.07,3.57
2013.05.29 06:03:01.031,1.53605,1.53629,1.13,1.69
2013.05.29 06:03:01.333,1.53605,1.53624,1.13,1.13
2013.05.29 06:03:01.723,1.53598,1.53624,3.00,1.88
2013.05.29 06:03:02.055,1.53599,1.53625,1.50,2.25
2013.05.29 06:03:02.240,1.53601,1.53628,1.13,4.69
2013.05.29 06:03:02.541,1.53603,1.53627,1.88,1.69
2013.05.29 06:03:03.100,1.53603,1.53629,1.88,2.07
2013.05.29 06:03:03.460,1.53602,1.53627,1.88,2.44
2013.05.29 06:03:06.310,1.53602,1.53627,2.82,1.50
2013.05.29 06:03:06.490,1.53603,1.5363,1.69,2.44
2013.05.29 06:03:06.804,1.53603,1.53629,1.69,1.69
2013.05.29 06:03:07.465,1.53603,1.53629,1.69,1.69
2013.05.29 06:03:07.741,1.53602,1.53628,2.82,2.44
2013.05.29 06:03:08.070,1.53602,1.53627,1.32,1.69
2013.05.29 06:03:08.620,1.53603,1.53629,2.44,2.44
2013.05.29 06:03:09.609,1.53604,1.53624,1.13,1.50
2013.05.29 06:03:12.099,1.53604,1.53623,1.13,1.50
2013.05.29 06:03:12.750,1.53602,1.53624,1.13,2.25
2013.05.29 06:03:17.219,1.53601,1.53624,1.13,2.25
2013.05.29 06:03:17.759,1.53599,1.53622,1.13,1.50
2013.05.29 06:03:18.490,1.53602,1.53625,1.88,1.50
2013.05.29 06:03:19.275,1.53602,1.53626,2.63,1.13
2013.05.29 06:03:19.862,1.53603,1.53626,1.88,1.13
2013.05.29 06:03:19.935,1.53603,1.53627,1.88,1.32
2013.05.29 06:03:20.300,1.53603,1.53626,1.13,2.63
2013.05.29 06:03:21.173,1.53597,1.53623,3.00,1.50
2013.05.29 06:03:21.830,1.53598,1.53623,1.13,2.25
2013.05.29 06:03:22.369,1.53599,1.53622,1.88,1.50
2013.05.29 06:03:23.760,1.53597,1.53622,1.88,1.50
2013.05.29 06:03:24.070,1.53602,1.53624,1.13,2.25
2013.05.29 06:03:24.613,1.536,1.53626,1.50,2.82
2013.05.29 06:03:24.741,1.536,1.53626,1.88,1.50
2013.05.29 06:03:25.040,1.53605,1.53628,1.13,2.44
2013.05.29 06:03:25.221,1.53604,1.53628,1.50,2.07
2013.05.29 06:03:25.580,1.53604,1.53628,1.88,1.32
2013.05.29 06:03:25.760,1.53604,1.53629,1.13,1.50
2013.05.29 06:03:25.820,1.53604,1.53629,1.13,2.25
2013.05.29 06:03:26.120,1.53602,1.53629,3.75,2.25
2013.05.29 06:03:26.181,1.53602,1.53628,2.25,1.50
2013.05.29 06:03:26.241,1.53602,1.53627,1.50,2.25
2013.05.29 06:03:26.600,1.53597,1.53622,2.63,1.69
2013.05.29 06:03:26.960,1.53597,1.53622,2.63,1.69
2013.05.29 06:03:27.261,1.53602,1.53623,1.50,1.13
2013.05.29 06:03:27.321,1.53602,1.53626,3.00,1.69
2013.05.29 06:03:27.441,1.53604,1.53629,1.13,2.25
2013.05.29 06:03:27.620,1.53601,1.53628,2.63,1.50
2013.05.29 06:03:27.860,1.53601,1.53625,1.88,1.50
2013.05.29 06:03:28.041,1.53605,1.53627,1.50,1.50
2013.05.29 06:03:28.101,1.53605,1.53627,1.50,1.50
2013.05.29 06:03:28.161,1.53606,1.53631,1.50,3.19
2013.05.29 06:03:28.281,1.53606,1.53632,1.50,2.07
2013.05.29 06:03:28.349,1.53606,1.53632,1.88,2.07
2013.05.29 06:03:28.470,1.53609,1.53632,1.88,2.07
2013.05.29 06:03:28.649,1.5361,1.53633,1.13,1.13
2013.05.29 06:03:28.770,1.53611,1.53634,1.50,1.50
2013.05.29 06:03:28.830,1.53612,1.53636,1.50,1.32
2013.05.29 06:03:29.379,1.53613,1.53637,1.50,2.82
2013.05.29 06:03:30.232,1.53611,1.53636,2.25,1.13
2013.05.29 06:03:30.539,1.5361,1.53635,1.88,1.50
2013.05.29 06:03:30.599,1.5361,1.53635,1.13,2.25
2013.05.29 06:03:32.230,1.5361,1.53635,1.50,3.00
2013.05.29 06:03:32.290,1.5361,1.53635,2.25,2.25
2013.05.29 06:03:32.349,1.53609,1.53635,2.63,1.50
2013.05.29 06:03:32.590,1.53608,1.53635,3.38,3.00
2013.05.29 06:03:32.950,1.53608,1.53631,1.88,1.50
2013.05.29 06:03:33.011,1.53607,1.5363,1.88,1.32
2013.05.29 06:03:33.131,1.53605,1.53626,1.69,3.19
2013.05.29 06:03:33.191,1.53604,1.53626,1.32,2.44
2013.05.29 06:03:33.310,1.53599,1.53621,1.13,1.69
2013.05.29 06:03:33.850,1.53601,1.53623,1.13,1.13
2013.05.29 06:03:34.153,1.53604,1.53627,1.13,1.69
2013.05.29 06:03:34.220,1.53606,1.53628,1.88,1.69
2013.05.29 06:03:34.341,1.53606,1.5363,1.88,2.07
2013.05.29 06:03:34.401,1.53606,1.53627,2.25,1.13
2013.05.29 06:03:34.460,1.53605,1.53627,1.50,1.13
2013.05.29 06:03:34.760,1.53607,1.53631,1.13,1.32
2013.05.29 06:03:34.940,1.53606,1.53631,2.25,1.32
2013.05.29 06:03:35.120,1.53605,1.5363,1.13,1.32
2013.05.29 06:03:35.660,1.53607,1.5363,1.50,2.07
2013.05.29 06:03:35.721,1.53606,1.5363,2.63,1.13
2013.05.29 06:03:35.840,1.53605,1.5363,1.50,1.88
2013.05.29 06:03:36.201,1.53604,1.53627,1.50,1.69
2013.05.29 06:03:36.514,1.53605,1.53628,1.13,1.50
2013.05.29 06:03:36.834,1.53609,1.53633,2.25,1.69
2013.05.29 06:03:37.139,1.53609,1.53633,2.25,1.69
2013.05.29 06:03:37.380,1.53609,1.53633,2.25,1.69
2013.05.29 06:03:37.619,1.53608,1.53634,2.63,2.44
2013.05.29 06:03:37.711,1.53608,1.53634,1.88,1.69
2013.05.29 06:03:38.269,1.53608,1.53635,2.63,2.44
2013.05.29 06:03:38.569,1.53612,1.53637,1.50,1.69
2013.05.29 06:03:38.750,1.5361,1.53637,3.75,2.44
2013.05.29 06:03:39.989,1.5361,1.53637,2.25,2.82
2013.05.29 06:03:40.180,1.5361,1.53637,3.00,2.82
2013.05.29 06:03:40.579,1.53611,1.53637,1.50,2.07
2013.05.29 06:03:41.030,1.53613,1.53638,1.50,2.44
2013.05.29 06:03:41.330,1.53613,1.53639,1.88,2.44
2013.05.29 06:03:41.928,1.53618,1.53639,1.50,2.07
2013.05.29 06:03:42.251,1.53632,1.53643,1.50,1.50
2013.05.29 06:03:42.552,1.53635,1.53643,1.13,1.50
2013.05.29 06:03:42.861,1.53634,1.53651,1.50,4.13
2013.05.29 06:03:43.042,1.53634,1.53659,1.50,2.25
2013.05.29 06:03:43.412,1.53634,1.53662,1.50,1.88
2013.05.29 06:03:43.470,1.53634,1.53661,1.50,1.13
2013.05.29 06:03:43.829,1.53639,1.53665,1.13,1.50
2013.05.29 06:03:44.189,1.5364,1.53667,3.00,2.44
2013.05.29 06:03:44.849,1.5364,1.53667,2.25,2.44
2013.05.29 06:03:44.971,1.5364,1.53667,3.00,2.44
2013.05.29 06:03:45.280,1.53641,1.53664,1.13,1.50
2013.05.29 06:03:45.640,1.53639,1.53662,1.13,1.69
2013.05.29 06:03:46.004,1.53639,1.53657,1.13,1.50
2013.05.29 06:03:46.132,1.53632,1.53657,1.50,2.07
2013.05.29 06:03:46.200,1.5363,1.53654,1.13,1.50
2013.05.29 06:03:46.560,1.53626,1.53647,1.13,1.69
2013.05.29 06:03:46.679,1.53621,1.53646,1.50,1.50
2013.05.29 06:03:46.859,1.53618,1.53646,2.25,2.25
2013.05.29 06:03:48.331,1.53619,1.53646,1.13,1.69
2013.05.29 06:03:48.630,1.53632,1.53659,1.13,2.25
2013.05.29 06:03:49.131,1.53631,1.53659,1.50,3.00
2013.05.29 06:03:49.550,1.53631,1.53658,1.50,3.94
2013.05.29 06:03:49.851,1.53627,1.5365,1.50,2.25
2013.05.29 06:03:50.212,1.53624,1.53648,1.13,1.50
2013.05.29 06:03:50.523,1.53623,1.53645,1.13,1.50
2013.05.29 06:03:50.893,1.53626,1.53647,1.13,1.50
2013.05.29 06:03:51.150,1.53627,1.53651,1.50,1.32
2013.05.29 06:03:51.515,1.53632,1.53651,1.88,1.32
2013.05.29 06:03:51.832,1.53638,1.53654,1.88,1.50
2013.05.29 06:03:51.902,1.53639,1.53654,1.13,1.50
2013.05.29 06:03:51.972,1.53641,1.53654,1.13,1.50
2013.05.29 06:03:52.501,1.5364,1.53658,1.13,3.75
2013.05.29 06:03:52.969,1.5364,1.53662,1.13,3.00
2013.05.29 06:03:53.029,1.5364,1.53662,1.13,1.50
2013.05.29 06:03:53.158,1.5364,1.53662,1.13,2.25
2013.05.29 06:03:53.789,1.5364,1.53667,1.88,2.44
2013.05.29 06:03:54.210,1.5364,1.53666,1.88,1.50
2013.05.29 06:03:54.853,1.53641,1.53666,1.50,1.13
2013.05.29 06:03:56.252,1.5364,1.53667,1.50,2.25
2013.05.29 06:04:00.421,1.53639,1.53663,1.13,1.50
2013.05.29 06:04:00.541,1.53635,1.53661,1.13,1.50
2013.05.29 06:04:00.781,1.53637,1.5366,1.50,1.50
2013.05.29 06:04:01.199,1.53632,1.53657,3.00,1.13
2013.05.29 06:04:01.440,1.53632,1.53657,1.88,1.13
2013.05.29 06:04:01.799,1.53633,1.53657,1.13,1.88
2013.05.29 06:04:02.660,1.53635,1.53657,1.50,1.88
2013.05.29 06:04:02.720,1.53632,1.53657,2.25,1.13
2013.05.29 06:04:03.260,1.53638,1.53659,1.13,1.50
2013.05.29 06:04:03.770,1.53638,1.53657,1.13,1.88
2013.05.29 06:04:04.450,1.53638,1.53657,1.13,1.88
2013.05.29 06:04:04.909,1.53638,1.53657,1.13,1.88
2013.05.29 06:04:06.980,1.53632,1.53657,1.13,1.50
2013.05.29 06:04:08.370,1.53635,1.53661,1.13,2.25
2013.05.29 06:04:08.430,1.53637,1.53661,1.88,2.25
2013.05.29 06:04:08.670,1.53638,1.53662,1.13,1.13
2013.05.29 06:04:09.231,1.53638,1.53662,1.13,1.13
2013.05.29 06:04:11.170,1.53636,1.53662,1.88,1.13
2013.05.29 06:04:11.700,1.53636,1.53661,1.13,1.13
2013.05.29 06:04:11.880,1.53635,1.5366,1.88,2.44
2013.05.29 06:04:12.188,1.53635,1.53657,1.88,1.50
2013.05.29 06:04:12.719,1.53635,1.53659,1.13,1.69
2013.05.29 06:04:13.284,1.53635,1.5366,1.13,3.19
2013.05.29 06:04:16.001,1.53634,1.5366,3.00,1.50
2013.05.29 06:04:16.756,1.53635,1.53663,2.25,3.38
2013.05.29 06:04:21.511,1.53638,1.53663,1.50,2.07
2013.05.29 06:04:23.019,1.53638,1.53663,3.00,1.32
2013.05.29 06:04:23.321,1.53639,1.53664,1.50,1.69
2013.05.29 06:04:23.762,1.5364,1.53664,1.13,1.69
2013.05.29 06:04:24.310,1.53641,1.53663,2.25,1.32
2013.05.29 06:04:24.820,1.53639,1.53664,1.13,1.13
2013.05.29 06:04:27.120,1.53645,1.53664,1.50,1.13
2013.05.29 06:04:27.183,1.53645,1.53664,1.50,1.13
2013.05.29 06:04:27.251,1.53643,1.53666,1.50,2.44
2013.05.29 06:04:27.490,1.53644,1.53668,2.63,1.69
2013.05.29 06:04:28.645,1.53647,1.53668,1.88,1.50
2013.05.29 06:04:29.159,1.53647,1.53668,1.13,1.50
2013.05.29 06:04:30.650,1.53644,1.53668,1.88,1.50
2013.05.29 06:04:30.830,1.53643,1.53668,2.63,2.25
2013.05.29 06:04:31.336,1.53647,1.53668,1.88,1.69
2013.05.29 06:04:31.891,1.53648,1.53668,1.50,2.44
2013.05.29 06:04:32.442,1.53648,1.53668,1.50,1.50
2013.05.29 06:04:32.630,1.53647,1.53671,1.13,2.07
2013.05.29 06:04:33.230,1.53648,1.53672,1.50,2.44
2013.05.29 06:04:34.471,1.53649,1.53672,1.50,2.44
2013.05.29 06:04:35.071,1.53649,1.53672,1.50,2.44
2013.05.29 06:04:35.236,1.53649,1.53672,1.50,2.44
2013.05.29 06:04:35.550,1.53649,1.53672,1.50,2.44
2013.05.29 06:04:36.861,1.53649,1.53672,1.50,2.44
2013.05.29 06:04:37.950,1.53648,1.53672,3.00,1.69
2013.05.29 06:04:38.405,1.5365,1.53672,2.25,1.50
2013.05.29 06:04:41.629,1.53649,1.53672,1.88,1.50
2013.05.29 06:04:42.140,1.5365,1.53672,1.13,1.50
2013.05.29 06:04:42.652,1.53652,1.53672,1.88,1.50
2013.05.29 06:04:43.261,1.5365,1.53672,1.13,1.50
2013.05.29 06:04:44.520,1.53652,1.53672,1.88,1.50
2013.05.29 06:04:45.030,1.53653,1.53672,1.50,1.50
2013.05.29 06:04:45.882,1.53652,1.53675,1.13,2.25
2013.05.29 06:04:46.329,1.53652,1.53677,1.13,4.32
2013.05.29 06:04:46.835,1.53652,1.53677,1.13,2.07
2013.05.29 06:04:47.021,1.53652,1.53677,1.13,2.07
2013.05.29 06:04:47.333,1.53652,1.53677,1.13,1.32
2013.05.29 06:04:47.720,1.53652,1.53677,1.13,1.32
2013.05.29 06:04:48.260,1.53648,1.53672,1.50,2.07
2013.05.29 06:04:48.331,1.53643,1.5367,1.88,2.44
2013.05.29 06:04:48.450,1.53643,1.53669,1.50,2.44
2013.05.29 06:04:48.871,1.53639,1.53664,1.50,1.69
2013.05.29 06:04:48.930,1.53637,1.53663,1.13,1.32
2013.05.29 06:04:49.431,1.53638,1.53663,2.25,1.32
2013.05.29 06:04:51.690,1.53641,1.53664,1.13,1.13
2013.05.29 06:04:52.340,1.53641,1.53666,1.13,2.07
2013.05.29 06:04:52.881,1.53639,1.53665,1.50,2.44
2013.05.29 06:04:53.300,1.53642,1.53665,1.50,2.44
2013.05.29 06:04:53.861,1.53643,1.53664,1.50,1.13
2013.05.29 06:04:54.200,1.53643,1.53664,1.50,1.13
2013.05.29 06:04:54.320,1.53641,1.53664,1.13,1.13
2013.05.29 06:04:55.090,1.53643,1.53662,1.50,1.13
2013.05.29 06:04:55.510,1.53643,1.53661,2.25,1.13
2013.05.29 06:04:56.140,1.53641,1.53662,2.63,1.13
2013.05.29 06:04:56.200,1.53641,1.53669,2.63,1.88
2013.05.29 06:04:56.264,1.53645,1.53671,1.50,2.07
2013.05.29 06:04:56.331,1.53647,1.53671,1.13,2.07
2013.05.29 06:04:56.750,1.53648,1.53672,1.50,1.69
2013.05.29 06:04:56.810,1.5365,1.53672,1.50,1.69
2013.05.29 06:04:57.401,1.5365,1.53676,2.25,1.69
2013.05.29 06:04:58.704,1.53651,1.53678,1.13,1.32
2013.05.29 06:04:58.791,1.53653,1.53678,1.13,1.69
2013.05.29 06:04:59.089,1.53653,1.53678,1.13,2.44
2013.05.29 06:04:59.412,1.53653,1.53678,1.88,3.19
2013.05.29 06:04:59.554,1.53652,1.53676,1.32,1.69
2013.05.29 06:05:00.110,1.53653,1.53677,1.13,1.69
2013.05.29 06:05:02.721,1.53653,1.53677,1.88,1.69
2013.05.29 06:05:04.470,1.53653,1.53678,2.25,1.69
2013.05.29 06:05:07.522,1.53652,1.53677,3.19,1.69
2013.05.29 06:05:09.636,1.53651,1.53675,2.63,3.75
2013.05.29 06:05:09.706,1.53648,1.53674,1.50,1.50
2013.05.29 06:05:09.773,1.5365,1.53674,1.50,1.50
2013.05.29 06:05:10.441,1.53653,1.53677,2.25,1.50
2013.05.29 06:05:10.559,1.53655,1.53677,1.88,2.25
2013.05.29 06:05:10.911,1.53655,1.53676,1.13,1.50
2013.05.29 06:05:11.176,1.53655,1.53677,1.13,1.50
2013.05.29 06:05:11.601,1.53655,1.53678,1.88,3.00
2013.05.29 06:05:13.339,1.53655,1.5368,1.13,2.44
2013.05.29 06:05:13.640,1.53656,1.5368,1.13,2.44
2013.05.29 06:05:15.270,1.53656,1.53681,1.13,1.69
2013.05.29 06:05:15.649,1.53656,1.53681,1.13,2.44
2013.05.29 06:05:16.262,1.53654,1.5368,1.50,1.50
2013.05.29 06:05:18.170,1.53655,1.5368,1.13,1.32
2013.05.29 06:05:19.190,1.53657,1.5368,1.13,1.13
2013.05.29 06:05:19.250,1.53657,1.5368,1.13,1.50
2013.05.29 06:05:19.669,1.53657,1.53678,1.13,1.13
2013.05.29 06:05:19.911,1.53659,1.53681,1.13,3.19
2013.05.29 06:05:20.826,1.53661,1.53687,1.50,1.32
2013.05.29 06:05:20.902,1.53667,1.53692,1.13,3.19
2013.05.29 06:05:21.151,1.53667,1.53687,1.13,1.50
2013.05.29 06:05:21.390,1.5367,1.53695,1.13,2.25
2013.05.29 06:05:22.027,1.53672,1.53695,1.13,2.25
2013.05.29 06:05:22.099,1.53672,1.53695,1.88,1.50
2013.05.29 06:05:22.235,1.53672,1.53694,1.13,1.50
2013.05.29 06:05:22.420,1.53672,1.53694,1.13,1.69
2013.05.29 06:05:22.722,1.5367,1.53694,1.50,1.44
2013.05.29 06:05:22.911,1.5367,1.53695,1.50,1.69
2013.05.29 06:05:23.102,1.5367,1.53695,1.50,1.69
2013.05.29 06:05:23.941,1.53672,1.53693,1.13,1.13
2013.05.29 06:05:24.120,1.53672,1.53694,1.13,1.32
2013.05.29 06:05:24.254,1.53668,1.53691,1.13,2.07
2013.05.29 06:05:24.323,1.53664,1.53689,1.50,1.13
2013.05.29 06:05:24.870,1.53663,1.53688,2.25,2.07
2013.05.29 06:05:25.170,1.53663,1.53688,1.50,2.07
2013.05.29 06:05:25.480,1.53663,1.53686,1.50,1.88
2013.05.29 06:05:26.870,1.53666,1.53686,1.88,1.32
2013.05.29 06:05:27.431,1.53666,1.53686,1.88,1.32
2013.05.29 06:05:27.790,1.53672,1.53685,1.88,1.13
2013.05.29 06:05:28.160,1.53668,1.53686,1.13,1.13
2013.05.29 06:05:29.130,1.53666,1.53683,1.88,1.13
2013.05.29 06:05:29.320,1.53666,1.53687,1.88,1.69
2013.05.29 06:05:29.993,1.53666,1.53687,1.88,1.50
2013.05.29 06:05:30.130,1.53666,1.53687,1.50,1.50
2013.05.29 06:05:30.190,1.53662,1.53686,1.88,1.13
2013.05.29 06:05:30.310,1.53662,1.53683,2.63,1.50
2013.05.29 06:05:31.220,1.5366,1.53685,1.13,2.63
2013.05.29 06:05:31.281,1.53658,1.53682,1.13,1.69
2013.05.29 06:05:31.342,1.53654,1.53679,2.63,2.25
2013.05.29 06:05:31.590,1.53651,1.53678,1.88,2.63
2013.05.29 06:05:31.651,1.53651,1.53678,1.50,2.63
2013.05.29 06:05:31.954,1.53649,1.53675,1.13,1.13
2013.05.29 06:05:32.261,1.53647,1.53671,1.50,1.50
2013.05.29 06:05:32.833,1.53646,1.5367,3.38,1.88
2013.05.29 06:05:33.432,1.5365,1.5367,1.13,1.88
2013.05.29 06:05:34.232,1.53645,1.5367,1.88,1.88
2013.05.29 06:05:34.410,1.53645,1.5367,1.13,1.88
2013.05.29 06:05:34.471,1.53646,1.5367,1.13,1.13
2013.05.29 06:05:34.771,1.5365,1.53672,1.13,2.25
2013.05.29 06:05:35.200,1.5365,1.53673,1.13,1.50
2013.05.29 06:05:35.724,1.5365,1.53673,1.13,1.50
2013.05.29 06:05:37.624,1.5365,1.53673,1.13,1.50
2013.05.29 06:05:37.752,1.5365,1.53676,3.38,1.32
2013.05.29 06:05:37.821,1.53652,1.53676,1.13,1.32
2013.05.29 06:05:38.180,1.53655,1.53678,2.63,1.13
2013.05.29 06:05:38.723,1.53655,1.53678,4.13,1.13
2013.05.29 06:05:39.253,1.53655,1.53681,1.13,3.19
2013.05.29 06:05:39.340,1.53654,1.53679,1.50,1.50
2013.05.29 06:05:39.471,1.53654,1.53679,1.50,1.13
2013.05.29 06:05:39.832,1.53656,1.53677,1.13,1.50
2013.05.29 06:05:40.140,1.53659,1.5368,1.13,1.50
2013.05.29 06:05:40.680,1.53659,1.53682,1.13,2.07
2013.05.29 06:05:41.257,1.53659,1.53682,1.13,1.13
2013.05.29 06:05:46.252,1.53658,1.53684,3.00,1.13
2013.05.29 06:05:46.440,1.53659,1.53685,2.25,1.88
2013.05.29 06:05:46.802,1.5366,1.53685,3.00,1.13
2013.05.29 06:05:47.161,1.53664,1.53687,1.50,1.69
2013.05.29 06:05:47.580,1.53664,1.53687,1.50,1.69
2013.05.29 06:05:48.080,1.53666,1.53691,1.50,2.07
2013.05.29 06:05:48.730,1.53667,1.53691,1.50,2.07
2013.05.29 06:05:49.110,1.53667,1.53691,1.50,2.07
2013.05.29 06:05:49.791,1.53666,1.53691,2.70,2.07
2013.05.29 06:05:50.143,1.53667,1.5369,1.13,1.32
2013.05.29 06:05:50.212,1.53664,1.53689,1.65,3.57
2013.05.29 06:05:50.282,1.53663,1.53688,1.50,1.69
2013.05.29 06:05:50.352,1.53662,1.53686,2.25,1.50
2013.05.29 06:05:50.660,1.5366,1.53679,2.25,1.13
2013.05.29 06:05:51.769,1.53657,1.53684,1.88,1.13
2013.05.29 06:05:51.847,1.53661,1.53686,2.25,1.32
2013.05.29 06:05:52.193,1.53664,1.53686,1.50,1.32
2013.05.29 06:05:52.742,1.53664,1.53686,1.50,1.13
2013.05.29 06:05:53.091,1.53664,1.53686,1.50,1.13
2013.05.29 06:05:53.758,1.53664,1.53685,1.50,1.13
2013.05.29 06:05:54.445,1.53664,1.53684,1.50,2.63
2013.05.29 06:05:54.511,1.53656,1.53683,3.38,2.25
2013.05.29 06:05:54.701,1.53657,1.53683,1.50,1.69
2013.05.29 06:05:55.251,1.53659,1.53684,2.63,1.88
2013.05.29 06:05:55.793,1.5366,1.53687,1.50,3.19
2013.05.29 06:05:56.040,1.5366,1.53684,1.50,2.25
2013.05.29 06:05:56.580,1.5366,1.53684,1.50,2.25
2013.05.29 06:05:58.308,1.5366,1.53684,2.25,1.50
2013.05.29 06:05:58.490,1.53662,1.53685,2.25,1.13
2013.05.29 06:05:58.620,1.53662,1.53687,1.50,2.44
2013.05.29 06:05:59.040,1.53664,1.53687,1.13,1.13
2013.05.29 06:05:59.341,1.53668,1.53687,2.25,1.13
2013.05.29 06:05:59.702,1.53674,1.5369,1.50,1.50
2013.05.29 06:05:59.770,1.53674,1.5369,1.13,1.50
2013.05.29 06:05:59.830,1.53674,1.53698,1.88,1.88
2013.05.29 06:06:00.310,1.5367,1.53695,1.13,1.50
2013.05.29 06:06:00.370,1.53673,1.53694,1.13,2.25
2013.05.29 06:06:01.280,1.53672,1.53695,1.13,1.50
2013.05.29 06:06:02.223,1.5367,1.53691,1.50,2.25
2013.05.29 06:06:02.472,1.53668,1.5369,1.50,2.07
2013.05.29 06:06:02.986,1.53664,1.5369,1.13,2.07
2013.05.29 06:06:03.489,1.53664,1.53689,1.88,1.69
2013.05.29 06:06:03.670,1.53664,1.53689,2.63,1.69
2013.05.29 06:06:04.031,1.53668,1.5369,1.13,1.32
2013.05.29 06:06:04.401,1.53668,1.53691,1.13,2.25
2013.05.29 06:06:04.461,1.53665,1.53691,2.25,2.25
2013.05.29 06:06:05.000,1.5367,1.5369,1.13,2.63
2013.05.29 06:06:05.601,1.53664,1.5369,1.13,2.63
2013.05.29 06:06:05.722,1.53661,1.53687,2.63,2.25
2013.05.29 06:06:07.211,1.53668,1.53689,1.13,1.32
2013.05.29 06:06:07.731,1.53668,1.53689,1.13,1.13
2013.05.29 06:06:08.760,1.53669,1.53688,1.13,1.50
2013.05.29 06:06:09.721,1.53671,1.53689,1.50,2.25
2013.05.29 06:06:10.022,1.53676,1.53691,1.50,1.13
2013.05.29 06:06:10.615,1.53682,1.53694,1.50,1.32
2013.05.29 06:06:11.561,1.53682,1.53698,1.50,1.50
2013.05.29 06:06:11.922,1.53686,1.53697,1.50,1.13
2013.05.29 06:06:12.430,1.53682,1.53698,1.50,1.50
2013.05.29 06:06:12.672,1.53687,1.53698,1.50,1.50
2013.05.29 06:06:14.441,1.53687,1.537,1.50,1.13
2013.05.29 06:06:14.620,1.53681,1.537,1.50,1.13
2013.05.29 06:06:14.679,1.53679,1.537,1.13,1.13
2013.05.29 06:06:14.800,1.53679,1.537,1.50,1.13
2013.05.29 06:06:15.160,1.53685,1.53698,1.50,1.50
2013.05.29 06:06:15.341,1.53678,1.537,2.25,1.13
2013.05.29 06:06:15.520,1.53676,1.537,1.13,1.13
2013.05.29 06:06:15.642,1.53672,1.53699,1.50,1.69
2013.05.29 06:06:15.710,1.53671,1.53698,1.50,1.69
2013.05.29 06:06:15.831,1.5367,1.53695,1.13,1.50
2013.05.29 06:06:16.133,1.53668,1.53691,1.88,1.50
2013.05.29 06:06:16.443,1.53668,1.53688,1.13,1.50
2013.05.29 06:06:16.759,1.53668,1.53686,1.13,1.50
2013.05.29 06:06:17.311,1.53668,1.53687,1.88,1.13
2013.05.29 06:06:18.870,1.53668,1.53687,2.25,1.13
2013.05.29 06:06:18.930,1.53668,1.53687,2.25,1.13
2013.05.29 06:06:19.470,1.53668,1.53689,3.00,1.50
2013.05.29 06:06:20.124,1.53671,1.53688,1.50,1.13
2013.05.29 06:06:20.711,1.5367,1.53691,1.13,1.13
2013.05.29 06:06:21.310,1.5367,1.53691,2.63,1.13
2013.05.29 06:06:21.592,1.53671,1.53694,1.50,1.13
2013.05.29 06:06:21.661,1.53672,1.53694,1.50,1.88
2013.05.29 06:06:22.020,1.53668,1.53688,1.50,1.32
2013.05.29 06:06:22.330,1.53664,1.53681,1.50,1.88
2013.05.29 06:06:23.252,1.53663,1.53682,1.50,3.75
2013.05.29 06:06:23.611,1.53663,1.53677,1.50,1.13
2013.05.29 06:06:24.910,1.53663,1.53684,1.50,2.63
2013.05.29 06:06:25.452,1.53666,1.53684,1.88,1.32
2013.05.29 06:06:25.511,1.53668,1.53686,1.50,1.69
2013.05.29 06:06:25.631,1.53673,1.53689,1.88,1.69
2013.05.29 06:06:25.691,1.53673,1.53691,2.25,1.35
2013.05.29 06:06:25.751,1.53676,1.53693,1.88,1.32
2013.05.29 06:06:26.290,1.53677,1.53699,1.88,3.19
2013.05.29 06:06:26.830,1.53671,1.53699,2.25,2.07
2013.05.29 06:06:27.243,1.53671,1.53699,2.25,1.69
2013.05.29 06:06:27.441,1.53671,1.53699,3.00,1.69
2013.05.29 06:06:27.560,1.53671,1.53698,3.00,1.32
2013.05.29 06:06:27.921,1.53675,1.53699,1.13,2.07
2013.05.29 06:06:28.861,1.53674,1.53698,2.25,1.13
2013.05.29 06:06:28.938,1.53675,1.53701,2.07,2.44
2013.05.29 06:06:29.005,1.53677,1.53701,1.50,1.50
2013.05.29 06:06:29.194,1.53677,1.53698,1.13,1.50
2013.05.29 06:06:29.620,1.53674,1.53699,1.88,1.50
2013.05.29 06:06:29.681,1.5368,1.53702,1.13,3.00
2013.05.29 06:06:30.171,1.53679,1.53702,1.88,3.00
2013.05.29 06:06:30.867,1.53682,1.53702,2.25,3.00
2013.05.29 06:06:32.778,1.53685,1.53701,1.13,1.50
2013.05.29 06:06:33.162,1.53685,1.53701,1.13,1.50
2013.05.29 06:06:33.921,1.53684,1.53701,1.13,1.50
2013.05.29 06:06:34.040,1.53681,1.53701,1.13,1.50
2013.05.29 06:06:35.692,1.53683,1.53701,1.50,1.50
2013.05.29 06:06:35.940,1.53679,1.53701,1.13,1.50
2013.05.29 06:06:36.061,1.53679,1.53701,1.13,1.50
2013.05.29 06:06:36.359,1.53677,1.53703,1.13,3.94
2013.05.29 06:06:36.782,1.53679,1.53699,1.50,1.50
2013.05.29 06:06:37.093,1.53675,1.53696,1.50,1.50
2013.05.29 06:06:37.222,1.53674,1.53697,1.13,1.50
2013.05.29 06:06:37.290,1.53675,1.53695,1.50,1.50
2013.05.29 06:06:38.204,1.53675,1.53698,1.50,1.88
2013.05.29 06:06:38.624,1.53675,1.53698,1.50,1.88
2013.05.29 06:06:38.763,1.5367,1.53697,2.25,1.32
2013.05.29 06:06:38.832,1.53671,1.53697,1.13,2.82
2013.05.29 06:06:39.139,1.53672,1.53696,1.88,1.50
2013.05.29 06:06:39.201,1.53671,1.53695,1.13,1.50
2013.05.29 06:06:39.321,1.53668,1.53695,2.63,2.25
2013.05.29 06:06:39.392,1.53673,1.53695,1.50,1.88
2013.05.29 06:06:39.459,1.53671,1.53695,1.50,1.88
2013.05.29 06:06:39.580,1.53673,1.53695,1.50,1.50
2013.05.29 06:06:40.120,1.53671,1.53696,1.50,1.50
2013.05.29 06:06:40.300,1.53669,1.53694,1.88,1.50
2013.05.29 06:06:40.481,1.53667,1.53694,2.25,1.50
2013.05.29 06:06:41.670,1.5367,1.53692,1.13,2.25
2013.05.29 06:06:42.672,1.5367,1.53693,1.13,2.44
2013.05.29 06:06:43.213,1.5367,1.53694,1.13,1.69
2013.05.29 06:06:43.788,1.5367,1.53694,1.13,2.25
2013.05.29 06:06:44.521,1.53671,1.53696,1.50,1.69
2013.05.29 06:06:45.103,1.5367,1.53696,2.63,2.82
2013.05.29 06:06:45.539,1.5367,1.53696,1.13,4.32
2013.05.29 06:06:46.487,1.53668,1.53692,1.50,1.50
2013.05.29 06:06:46.573,1.53664,1.53688,1.50,2.07
2013.05.29 06:06:46.882,1.53658,1.53681,1.13,1.69
2013.05.29 06:06:46.950,1.53658,1.53683,1.13,1.69
2013.05.29 06:06:47.760,1.53658,1.53683,1.13,1.69
2013.05.29 06:06:48.003,1.53665,1.53683,1.13,1.69
2013.05.29 06:06:48.075,1.53657,1.53683,1.88,1.69
2013.05.29 06:06:48.260,1.53658,1.53683,1.13,1.69
2013.05.29 06:06:48.440,1.53659,1.53683,1.50,1.69
2013.05.29 06:06:48.800,1.53657,1.53683,1.50,2.82
2013.05.29 06:06:48.921,1.53655,1.5368,1.13,1.50
2013.05.29 06:06:49.282,1.53655,1.5368,1.13,1.50
2013.05.29 06:06:49.600,1.53656,1.5368,1.95,1.50
2013.05.29 06:06:50.089,1.53658,1.5368,1.13,1.50
2013.05.29 06:06:51.231,1.53656,1.5368,1.88,2.07
2013.05.29 06:06:51.481,1.53659,1.5368,1.13,1.88
2013.05.29 06:06:51.681,1.53657,1.5368,1.50,1.13
2013.05.29 06:06:52.701,1.53655,1.5368,2.25,1.13
2013.05.29 06:06:53.001,1.53654,1.53678,1.13,1.13
2013.05.29 06:06:53.060,1.53656,1.53678,1.13,1.13
2013.05.29 06:06:53.781,1.53654,1.53679,2.25,1.13
2013.05.29 06:06:54.023,1.53657,1.53679,1.50,1.13
2013.05.29 06:06:54.571,1.53651,1.53677,1.88,1.13
2013.05.29 06:06:55.109,1.53649,1.53675,3.75,1.88
2013.05.29 06:06:55.620,1.53648,1.53675,3.00,2.63
2013.05.29 06:06:55.680,1.53648,1.53675,1.88,2.63
2013.05.29 06:06:56.581,1.53648,1.53675,1.88,2.25
2013.05.29 06:06:56.882,1.53649,1.53675,1.13,2.25
2013.05.29 06:06:57.271,1.53649,1.53675,1.88,2.25
2013.05.29 06:06:58.381,1.53651,1.53676,1.13,1.13
2013.05.29 06:06:58.501,1.53654,1.53679,2.25,1.69
2013.05.29 06:06:59.032,1.53654,1.53679,2.25,1.50
2013.05.29 06:06:59.400,1.53654,1.53679,3.38,1.50
2013.05.29 06:06:59.700,1.53657,1.53681,1.88,1.32
2013.05.29 06:06:59.820,1.53657,1.53683,1.13,2.07
2013.05.29 06:06:59.942,1.53654,1.53677,3.38,1.13
2013.05.29 06:07:00.002,1.53654,1.53677,1.88,1.13
2013.05.29 06:07:00.613,1.53654,1.53678,1.88,1.69
2013.05.29 06:07:00.920,1.5365,1.53676,1.50,2.44
2013.05.29 06:07:01.040,1.53649,1.53675,1.88,1.69
2013.05.29 06:07:01.581,1.53651,1.53673,1.50,1.13
2013.05.29 06:07:02.155,1.5365,1.53673,1.88,1.13
2013.05.29 06:07:02.595,1.53646,1.53672,1.88,1.32
2013.05.29 06:07:02.662,1.53646,1.53667,1.50,1.69
2013.05.29 06:07:02.731,1.53643,1.53666,2.25,2.44
2013.05.29 06:07:02.791,1.53643,1.53664,2.25,1.69
2013.05.29 06:07:03.098,1.53639,1.53653,1.50,2.07
2013.05.29 06:07:03.162,1.53627,1.53653,1.50,2.07
2013.05.29 06:07:03.460,1.53628,1.53654,1.50,1.32
2013.05.29 06:07:04.999,1.5363,1.53654,1.13,1.32
2013.05.29 06:07:05.240,1.53628,1.53654,1.88,1.32
2013.05.29 06:07:05.301,1.53628,1.53654,1.13,1.32
2013.05.29 06:07:05.422,1.53626,1.53651,2.25,1.50
2013.05.29 06:07:05.491,1.53626,1.53648,2.25,1.32
2013.05.29 06:07:05.673,1.53623,1.53643,1.13,1.50
2013.05.29 06:07:05.741,1.5362,1.53645,1.50,1.50
2013.05.29 06:07:06.041,1.53619,1.53644,1.69,1.69
2013.05.29 06:07:06.100,1.53616,1.53643,1.13,1.69
2013.05.29 06:07:06.791,1.53617,1.53643,1.13,1.69
2013.05.29 06:07:07.333,1.53616,1.53641,1.13,1.32
2013.05.29 06:07:07.654,1.53613,1.53636,1.50,1.69
2013.05.29 06:07:07.721,1.53612,1.53636,1.88,1.69
2013.05.29 06:07:08.021,1.53608,1.53634,2.25,1.69
2013.05.29 06:07:08.200,1.53609,1.53633,1.50,1.50
2013.05.29 06:07:08.322,1.5361,1.53633,1.50,1.50
2013.05.29 06:07:08.850,1.53607,1.53633,1.50,1.69
2013.05.29 06:07:09.030,1.53606,1.53629,1.50,1.69
2013.05.29 06:07:09.090,1.53606,1.53629,1.50,2.44
2013.05.29 06:07:09.335,1.536,1.53626,1.50,1.32
2013.05.29 06:07:09.462,1.536,1.53626,1.50,4.50
2013.05.29 06:07:09.771,1.53594,1.53619,1.50,1.13
2013.05.29 06:07:09.830,1.53593,1.53616,1.50,1.13
2013.05.29 06:07:10.012,1.5359,1.53614,1.50,1.13
2013.05.29 06:07:10.080,1.5359,1.53613,1.50,1.13
2013.05.29 06:07:10.382,1.53592,1.53616,2.25,1.50
2013.05.29 06:07:10.630,1.53592,1.53612,1.50,1.13
2013.05.29 06:07:10.811,1.53591,1.53612,1.50,1.88
2013.05.29 06:07:11.050,1.53586,1.53612,1.50,2.25
2013.05.29 06:07:11.170,1.53586,1.53612,1.50,2.25
2013.05.29 06:07:11.831,1.53588,1.53608,1.50,1.88
2013.05.29 06:07:12.012,1.53584,1.53604,1.50,1.50
2013.05.29 06:07:12.080,1.53582,1.53604,1.50,1.50
2013.05.29 06:07:12.141,1.53581,1.53604,1.50,1.50
2013.05.29 06:07:12.680,1.53582,1.53604,1.50,1.13
2013.05.29 06:07:13.073,1.53582,1.53604,1.50,1.32
2013.05.29 06:07:13.600,1.53583,1.53604,2.25,1.32
2013.05.29 06:07:14.140,1.53582,1.53601,1.50,1.69
2013.05.29 06:07:14.382,1.53575,1.53599,1.50,2.07
2013.05.29 06:07:14.442,1.53573,1.53599,1.50,2.82
2013.05.29 06:07:14.510,1.53572,1.53599,1.50,2.82
2013.05.29 06:07:14.810,1.5357,1.53597,2.25,1.69
2013.05.29 06:07:15.111,1.53564,1.53589,1.13,1.88
2013.05.29 06:07:15.698,1.53554,1.53578,2.63,1.32
2013.05.29 06:07:15.782,1.53549,1.53572,1.50,1.69
2013.05.29 06:07:16.213,1.53547,1.53573,2.63,1.32
2013.05.29 06:07:16.705,1.53547,1.53571,2.25,1.13
2013.05.29 06:07:17.011,1.53548,1.53574,1.13,1.69
2013.05.29 06:07:17.070,1.53548,1.53574,1.13,1.69
2013.05.29 06:07:17.130,1.53548,1.53574,1.13,1.69
2013.05.29 06:07:17.190,1.53548,1.53574,1.13,1.69
2013.05.29 06:07:17.491,1.53554,1.53574,2.25,1.69
2013.05.29 06:07:17.552,1.53553,1.53574,1.50,1.69
2013.05.29 06:07:17.620,1.5355,1.53574,1.50,1.69
2013.05.29 06:07:17.681,1.5355,1.53572,2.25,1.32
2013.05.29 06:07:17.863,1.53552,1.53572,1.50,1.32
2013.05.29 06:07:18.051,1.53549,1.53574,2.25,1.69
2013.05.29 06:07:18.771,1.53551,1.53576,1.88,1.32
2013.05.29 06:07:18.835,1.53551,1.53578,3.19,2.25
2013.05.29 06:07:19.142,1.53557,1.53579,1.32,1.13
2013.05.29 06:07:19.394,1.53557,1.53582,1.69,1.13
2013.05.29 06:07:19.580,1.53557,1.53578,1.32,1.13
2013.05.29 06:07:19.641,1.53552,1.53576,1.69,1.50
2013.05.29 06:07:19.940,1.53552,1.53575,1.69,1.50
2013.05.29 06:07:20.241,1.53561,1.5358,1.13,1.13
2013.05.29 06:07:20.361,1.53565,1.53588,1.50,2.44
2013.05.29 06:07:20.481,1.53565,1.53589,2.44,1.13
2013.05.29 06:07:20.731,1.53567,1.53589,1.50,1.13
2013.05.29 06:07:21.090,1.53578,1.536,1.13,1.50
2013.05.29 06:07:21.391,1.5358,1.53607,2.25,1.32
2013.05.29 06:07:21.932,1.53581,1.53606,1.50,2.07
2013.05.29 06:07:22.290,1.53578,1.53602,1.50,1.69
2013.05.29 06:07:22.350,1.53578,1.53604,1.50,1.69
2013.05.29 06:07:22.473,1.53577,1.53594,1.13,1.13
2013.05.29 06:07:22.542,1.53574,1.53595,1.50,1.50
2013.05.29 06:07:22.793,1.53572,1.53592,1.13,1.32
2013.05.29 06:07:23.341,1.53563,1.5359,1.69,1.69
2013.05.29 06:07:23.432,1.53563,1.53588,1.69,1.50
2013.05.29 06:07:23.744,1.53567,1.5359,1.88,1.50
2013.05.29 06:07:23.812,1.53569,1.53592,1.69,1.50
2013.05.29 06:07:23.882,1.5357,1.53595,2.07,1.13
2013.05.29 06:07:24.004,1.5357,1.53594,1.69,1.50
2013.05.29 06:07:24.074,1.5357,1.53593,1.69,1.50
2013.05.29 06:07:24.400,1.53566,1.53592,1.88,1.69
2013.05.29 06:07:24.521,1.53564,1.5359,1.13,2.44
2013.05.29 06:07:24.641,1.53563,1.53588,1.13,1.50
2013.05.29 06:07:24.943,1.53563,1.53589,1.50,2.44
2013.05.29 06:07:25.013,1.53561,1.53588,1.88,2.25
2013.05.29 06:07:25.442,1.53561,1.53586,1.88,1.69
2013.05.29 06:07:25.633,1.53557,1.53583,2.07,1.50
2013.05.29 06:07:25.763,1.53557,1.53581,1.32,1.50
2013.05.29 06:07:26.080,1.53557,1.53581,1.32,2.25
2013.05.29 06:07:26.382,1.53557,1.53582,2.07,1.50
2013.05.29 06:07:26.800,1.53558,1.53578,1.13,1.50
2013.05.29 06:07:26.864,1.53552,1.53577,1.32,1.50
2013.05.29 06:07:27.233,1.53549,1.53574,2.63,1.69
2013.05.29 06:07:27.481,1.53546,1.53571,1.69,1.50
2013.05.29 06:07:27.720,1.53546,1.53569,1.69,1.50
2013.05.29 06:07:28.270,1.53546,1.5357,1.69,1.50
2013.05.29 06:07:28.451,1.53545,1.5357,1.69,1.50
2013.05.29 06:07:28.511,1.53545,1.53571,2.44,1.69
2013.05.29 06:07:30.401,1.53542,1.53567,1.32,1.50
2013.05.29 06:07:31.315,1.53543,1.53569,1.88,1.50
2013.05.29 06:07:32.232,1.53543,1.5357,2.63,1.50
2013.05.29 06:07:32.350,1.53544,1.53571,1.50,3.00
2013.05.29 06:07:32.470,1.53542,1.53569,1.13,1.50
2013.05.29 06:07:35.000,1.53544,1.5357,1.50,1.69
2013.05.29 06:07:35.302,1.53547,1.53572,1.50,1.69
2013.05.29 06:07:35.542,1.53545,1.53569,1.50,1.69
2013.05.29 06:07:36.012,1.53544,1.5357,2.25,1.69
2013.05.29 06:07:36.141,1.53545,1.53571,1.13,1.69
2013.05.29 06:07:36.200,1.53546,1.53573,1.50,2.82
2013.05.29 06:07:37.880,1.53547,1.53573,1.50,1.32
2013.05.29 06:07:38.180,1.53549,1.53573,1.50,1.32
2013.05.29 06:07:38.300,1.53549,1.53572,1.50,1.69
2013.05.29 06:07:38.720,1.53549,1.53572,2.25,1.69
2013.05.29 06:07:38.910,1.53549,1.53572,1.50,1.69
2013.05.29 06:07:39.981,1.53549,1.53573,1.50,2.25
2013.05.29 06:07:40.341,1.53552,1.53576,1.50,2.89
2013.05.29 06:07:41.509,1.53556,1.53581,2.25,2.52
2013.05.29 06:07:41.632,1.53556,1.5358,2.25,1.13
2013.05.29 06:07:41.950,1.53566,1.53589,2.25,1.50
2013.05.29 06:07:42.310,1.53573,1.53591,1.50,1.13
2013.05.29 06:07:42.885,1.53572,1.53591,2.44,1.13
2013.05.29 06:07:43.203,1.53574,1.53591,2.25,1.13
2013.05.29 06:07:43.330,1.53576,1.53597,1.50,2.07
2013.05.29 06:07:43.871,1.53573,1.53597,2.25,1.32
2013.05.29 06:07:43.931,1.53572,1.53597,1.32,2.07
2013.05.29 06:07:44.361,1.53573,1.53602,1.69,2.82
2013.05.29 06:07:44.662,1.53579,1.53603,1.13,1.32
2013.05.29 06:07:44.723,1.53579,1.53605,1.13,1.69
2013.05.29 06:07:45.410,1.53579,1.53603,1.13,1.13
2013.05.29 06:07:45.470,1.5358,1.53603,1.50,1.13
2013.05.29 06:07:46.058,1.53583,1.53606,1.50,1.13
2013.05.29 06:07:46.441,1.53583,1.53609,1.50,2.07
2013.05.29 06:07:46.949,1.53585,1.53608,1.50,1.32
2013.05.29 06:07:47.190,1.53585,1.53611,1.69,3.19
2013.05.29 06:07:47.251,1.53586,1.53609,1.50,1.50
2013.05.29 06:07:47.610,1.53566,1.53589,1.13,2.44
2013.05.29 06:07:47.971,1.53562,1.53587,1.69,1.13
2013.05.29 06:07:48.450,1.53559,1.53584,1.50,1.69
2013.05.29 06:07:48.990,1.53556,1.53583,2.82,1.69
2013.05.29 06:07:49.781,1.53556,1.53583,1.32,1.69
2013.05.29 06:07:49.842,1.53555,1.53581,1.50,2.44
2013.05.29 06:07:50.200,1.53553,1.53575,1.69,1.50
2013.05.29 06:07:50.701,1.53552,1.53574,1.69,1.50
2013.05.29 06:07:51.241,1.53553,1.53572,1.69,1.50
2013.05.29 06:07:51.360,1.53548,1.53572,1.69,1.50
2013.05.29 06:07:52.021,1.53551,1.53576,1.13,2.44
2013.05.29 06:07:52.441,1.53551,1.53576,1.88,1.69
2013.05.29 06:07:52.850,1.53551,1.53577,2.82,1.69
2013.05.29 06:07:54.660,1.53551,1.53576,1.32,1.69
2013.05.29 06:07:55.510,1.53552,1.53577,1.88,2.44
2013.05.29 06:07:56.340,1.53553,1.53577,1.13,1.69
2013.05.29 06:07:56.600,1.53559,1.53584,1.13,1.13
2013.05.29 06:07:56.661,1.5356,1.53586,1.13,3.94
2013.05.29 06:07:57.281,1.5356,1.53586,1.88,3.57
2013.05.29 06:08:00.190,1.5356,1.53586,2.63,3.19
2013.05.29 06:08:00.560,1.53561,1.53586,1.50,1.69
2013.05.29 06:08:00.890,1.53561,1.53585,2.25,1.32
2013.05.29 06:08:01.130,1.5356,1.53586,1.88,2.82
2013.05.29 06:08:01.672,1.5356,1.53586,1.88,2.44
2013.05.29 06:08:02.040,1.53558,1.53583,2.07,1.50
2013.05.29 06:08:02.400,1.53561,1.53586,1.50,2.44
2013.05.29 06:08:02.519,1.53562,1.53586,1.50,1.32
2013.05.29 06:08:03.293,1.53562,1.53588,2.44,1.13
2013.05.29 06:08:05.280,1.53563,1.53588,1.69,1.50
2013.05.29 06:08:05.679,1.53563,1.53588,1.69,1.50
2013.05.29 06:08:05.859,1.53563,1.53588,1.69,2.63
2013.05.29 06:08:06.659,1.53562,1.53588,1.32,2.63
2013.05.29 06:08:11.660,1.53565,1.53587,1.32,1.50
2013.05.29 06:08:12.589,1.53567,1.53587,1.32,1.50
2013.05.29 06:08:13.302,1.53566,1.53587,1.32,1.50
2013.05.29 06:08:13.479,1.53567,1.53589,1.32,1.88
2013.05.29 06:08:13.539,1.53571,1.53593,1.13,2.70
2013.05.29 06:08:13.600,1.53573,1.53595,1.13,1.69
2013.05.29 06:08:13.721,1.53573,1.53595,1.13,1.69
2013.05.29 06:08:13.780,1.53575,1.536,2.07,1.50
2013.05.29 06:08:13.899,1.53577,1.53603,1.32,2.07
2013.05.29 06:08:14.200,1.53577,1.53603,1.32,2.07
2013.05.29 06:08:14.500,1.5358,1.53607,1.32,2.44
2013.05.29 06:08:15.130,1.5358,1.53607,1.32,1.69
2013.05.29 06:08:15.411,1.53582,1.53608,1.69,1.69
2013.05.29 06:08:15.722,1.53583,1.53608,1.32,1.69
2013.05.29 06:08:16.030,1.53583,1.53603,1.13,1.50
2013.05.29 06:08:16.729,1.53575,1.53601,1.69,1.50
2013.05.29 06:08:20.402,1.53576,1.53601,1.32,1.50
2013.05.29 06:08:23.750,1.53576,1.53601,1.32,1.50
2013.05.29 06:08:24.110,1.53573,1.53598,1.69,1.50
2013.05.29 06:08:24.172,1.53572,1.53596,1.32,1.50
2013.05.29 06:08:24.500,1.53572,1.53593,1.32,1.50
2013.05.29 06:08:25.411,1.53569,1.53593,1.50,1.50
2013.05.29 06:08:25.652,1.53569,1.53591,1.13,1.50
2013.05.29 06:08:26.010,1.53569,1.5359,1.13,1.50
2013.05.29 06:08:26.069,1.53569,1.5359,1.13,1.50
2013.05.29 06:08:26.619,1.53567,1.53592,1.69,2.25
2013.05.29 06:08:27.222,1.53568,1.53591,1.69,1.50
2013.05.29 06:08:27.599,1.53567,1.53589,1.69,1.50
2013.05.29 06:08:27.900,1.53564,1.53589,1.13,1.50
2013.05.29 06:08:28.021,1.53563,1.53586,1.13,1.50
2013.05.29 06:08:28.379,1.53564,1.53586,1.13,1.50
2013.05.29 06:08:28.680,1.53566,1.53587,1.13,2.25
2013.05.29 06:08:28.862,1.53563,1.53582,1.13,1.50
2013.05.29 06:08:29.109,1.53562,1.53582,1.32,1.50
2013.05.29 06:08:29.350,1.5356,1.53581,1.84,1.13
2013.05.29 06:08:29.719,1.5356,1.53577,1.32,1.50
2013.05.29 06:08:31.499,1.53555,1.53574,3.57,1.50
2013.05.29 06:08:31.739,1.53555,1.53574,1.88,1.50
2013.05.29 06:08:32.290,1.53555,1.53574,1.88,1.50
2013.05.29 06:08:32.534,1.53555,1.53574,1.13,1.50
2013.05.29 06:08:32.779,1.53552,1.53574,1.32,1.50
2013.05.29 06:08:33.745,1.53553,1.53573,1.13,1.13
2013.05.29 06:08:33.810,1.53553,1.53573,1.13,1.13
2013.05.29 06:08:35.089,1.53555,1.53576,1.88,1.88
2013.05.29 06:08:35.390,1.53555,1.53575,1.88,1.13
2013.05.29 06:08:35.450,1.53557,1.53575,1.69,1.13
2013.05.29 06:08:35.832,1.53557,1.53572,2.44,1.50
2013.05.29 06:08:36.141,1.5355,1.53567,2.07,1.50
2013.05.29 06:08:36.728,1.5355,1.53567,2.07,1.50
2013.05.29 06:08:36.849,1.53547,1.53566,1.13,1.50
2013.05.29 06:08:36.911,1.53547,1.53566,1.13,2.63
2013.05.29 06:08:36.972,1.53539,1.53564,2.25,1.69
2013.05.29 06:08:37.160,1.53539,1.5355,1.50,1.50
2013.05.29 06:08:38.539,1.53535,1.5355,1.13,1.50
2013.05.29 06:08:38.599,1.53535,1.53554,1.13,1.50
2013.05.29 06:08:38.659,1.53535,1.53557,1.13,1.13
2013.05.29 06:08:38.720,1.53535,1.53558,3.38,1.13
2013.05.29 06:08:38.779,1.53539,1.53562,1.50,1.69
2013.05.29 06:08:38.899,1.5354,1.53557,3.19,1.50
2013.05.29 06:08:39.021,1.53543,1.53561,1.13,1.50
2013.05.29 06:08:39.082,1.53543,1.53556,1.13,1.50
2013.05.29 06:08:39.390,1.53533,1.53553,2.44,1.50
2013.05.29 06:08:39.510,1.53532,1.53552,1.32,1.13
2013.05.29 06:08:40.829,1.53531,1.53553,3.57,1.50
2013.05.29 06:08:41.739,1.53531,1.53548,1.13,1.50
2013.05.29 06:08:42.170,1.53527,1.53548,2.10,1.50
2013.05.29 06:08:42.785,1.5352,1.53545,1.13,2.25
2013.05.29 06:08:42.849,1.5352,1.53541,1.50,1.50
2013.05.29 06:08:43.390,1.53517,1.5354,1.50,1.13
2013.05.29 06:08:44.000,1.53519,1.53533,1.50,1.32
2013.05.29 06:08:44.302,1.53508,1.53523,1.50,1.13
2013.05.29 06:08:44.611,1.53506,1.53523,1.88,1.50
2013.05.29 06:08:44.791,1.53504,1.53523,1.50,1.50
2013.05.29 06:08:44.851,1.53505,1.53523,1.50,1.50
2013.05.29 06:08:44.971,1.53506,1.53526,1.50,1.13
2013.05.29 06:08:45.149,1.53508,1.53529,3.00,1.88
2013.05.29 06:08:45.211,1.53508,1.53529,2.25,1.13
2013.05.29 06:08:45.330,1.5351,1.53529,2.25,1.13
2013.05.29 06:08:45.450,1.53511,1.53529,1.50,1.13
2013.05.29 06:08:45.509,1.53508,1.53526,1.50,1.50
2013.05.29 06:08:45.750,1.53505,1.53527,1.50,1.50
2013.05.29 06:08:46.421,1.53507,1.53526,1.50,1.13
2013.05.29 06:08:46.479,1.53507,1.5353,1.50,1.88
2013.05.29 06:08:46.540,1.53509,1.53529,1.50,1.50
2013.05.29 06:08:46.780,1.53494,1.5352,1.50,1.88
2013.05.29 06:08:47.259,1.53492,1.53519,1.50,1.69
2013.05.29 06:08:47.379,1.53491,1.53518,1.69,1.69
2013.05.29 06:08:47.680,1.53491,1.53514,1.50,2.63
2013.05.29 06:08:47.801,1.5349,1.53514,1.50,2.63
2013.05.29 06:08:47.980,1.53493,1.53514,1.50,1.88
2013.05.29 06:08:48.521,1.53492,1.53513,1.50,1.50
2013.05.29 06:08:48.882,1.5349,1.53517,2.44,3.57
2013.05.29 06:08:49.440,1.53491,1.53517,1.69,2.82
2013.05.29 06:08:49.982,1.53491,1.53511,1.69,1.13
2013.05.29 06:08:50.291,1.53477,1.53499,2.07,1.88
2013.05.29 06:08:50.350,1.53473,1.53498,2.10,1.13
2013.05.29 06:08:50.410,1.53473,1.53499,1.88,1.50
2013.05.29 06:08:50.890,1.5348,1.535,1.13,1.13
2013.05.29 06:08:50.951,1.5348,1.53502,1.13,1.50
2013.05.29 06:08:51.130,1.53478,1.53503,1.88,1.50
2013.05.29 06:08:51.250,1.53479,1.53503,1.69,1.50
2013.05.29 06:08:51.369,1.53479,1.53506,3.57,3.75
2013.05.29 06:08:51.550,1.53479,1.53506,3.57,3.75
2013.05.29 06:08:51.610,1.53479,1.53506,3.19,4.13
2013.05.29 06:08:51.669,1.53479,1.53502,2.44,1.50
2013.05.29 06:08:51.850,1.53477,1.535,2.25,1.50
2013.05.29 06:08:51.912,1.53477,1.53496,1.50,1.13
2013.05.29 06:08:52.222,1.5347,1.53486,1.13,1.88
2013.05.29 06:08:52.580,1.53464,1.53489,2.25,1.50
2013.05.29 06:08:52.760,1.53464,1.53488,1.69,1.13
2013.05.29 06:08:53.235,1.53479,1.53493,1.13,1.50
2013.05.29 06:08:53.550,1.53506,1.53526,2.25,2.44
2013.05.29 06:08:53.672,1.53507,1.53534,1.13,2.44
2013.05.29 06:08:53.740,1.53507,1.53534,2.25,2.44
2013.05.29 06:08:53.811,1.53511,1.53534,1.13,1.69
2013.05.29 06:08:54.300,1.53512,1.53536,1.13,1.32
2013.05.29 06:08:54.359,1.53511,1.53536,1.88,1.32
2013.05.29 06:08:54.431,1.53511,1.53536,2.25,1.32
2013.05.29 06:08:54.490,1.53513,1.53539,1.13,2.44
2013.05.29 06:08:54.551,1.53514,1.53539,1.88,1.69
2013.05.29 06:08:54.852,1.5352,1.53543,1.32,1.50
2013.05.29 06:08:55.040,1.53524,1.53549,1.88,1.69
2013.05.29 06:08:55.100,1.53524,1.53549,1.50,1.69
2013.05.29 06:08:55.160,1.53526,1.53551,1.13,1.69
2013.05.29 06:08:55.519,1.5353,1.53553,3.75,1.50
2013.05.29 06:08:55.820,1.53537,1.53559,1.13,3.19
2013.05.29 06:08:55.881,1.53537,1.5356,1.13,1.13
2013.05.29 06:08:56.002,1.53544,1.53562,1.50,2.07
2013.05.29 06:08:56.420,1.53545,1.53569,1.50,2.44
2013.05.29 06:08:56.720,1.53541,1.53566,1.13,1.13
2013.05.29 06:08:56.901,1.5354,1.53561,1.50,1.50
2013.05.29 06:08:56.960,1.53535,1.53555,1.32,2.25
2013.05.29 06:08:57.201,1.53534,1.53559,2.44,1.50
2013.05.29 06:08:57.322,1.53534,1.53558,2.07,2.25
2013.05.29 06:08:57.679,1.53528,1.53544,1.32,1.50
2013.05.29 06:08:57.921,1.53521,1.53541,1.32,1.50
2013.05.29 06:08:57.982,1.53521,1.53544,1.32,1.50
2013.05.29 06:08:58.049,1.53523,1.53547,1.13,3.00
2013.05.29 06:08:58.109,1.53523,1.53547,1.13,1.50
2013.05.29 06:08:58.230,1.53522,1.53547,1.32,2.25
2013.05.29 06:08:58.531,1.53517,1.53536,1.69,2.25
2013.05.29 06:08:58.591,1.53514,1.53535,1.32,1.50
2013.05.29 06:08:58.650,1.53512,1.53535,2.44,1.50
2013.05.29 06:08:58.890,1.5351,1.53534,1.50,1.50
2013.05.29 06:08:59.192,1.5351,1.53534,1.50,1.50
2013.05.29 06:08:59.622,1.53509,1.53531,1.13,1.50
2013.05.29 06:08:59.691,1.53506,1.53531,1.69,2.25
2013.05.29 06:08:59.751,1.53502,1.53527,2.63,1.50
2013.05.29 06:08:59.810,1.53502,1.53526,1.50,2.07
2013.05.29 06:08:59.990,1.53495,1.53518,1.13,1.69
2013.05.29 06:09:00.110,1.53492,1.53518,2.25,1.69
2013.05.29 06:09:00.169,1.53493,1.53517,1.88,1.69
2013.05.29 06:09:00.710,1.53495,1.53522,1.50,1.69
2013.05.29 06:09:00.830,1.53496,1.53523,1.69,1.69
2013.05.29 06:09:01.491,1.53496,1.53523,1.69,1.69
2013.05.29 06:09:01.609,1.53499,1.53524,1.50,2.44
2013.05.29 06:09:01.970,1.53504,1.53524,1.50,1.69
2013.05.29 06:09:02.150,1.53503,1.53524,1.13,1.69
2013.05.29 06:09:02.390,1.53503,1.53524,2.25,1.69
2013.05.29 06:09:02.750,1.53506,1.53531,1.50,2.07
2013.05.29 06:09:03.556,1.53507,1.53531,1.50,2.07
2013.05.29 06:09:03.632,1.5351,1.53534,1.50,1.13
2013.05.29 06:09:04.061,1.53516,1.53534,1.13,1.13
2013.05.29 06:09:04.120,1.53522,1.53543,1.50,1.32
2013.05.29 06:09:04.181,1.53523,1.53546,1.13,1.50
2013.05.29 06:09:04.428,1.53528,1.53552,1.32,1.69
2013.05.29 06:09:04.490,1.53532,1.53558,1.88,2.25
2013.05.29 06:09:04.550,1.53532,1.53558,1.88,1.50
2013.05.29 06:09:04.739,1.53533,1.53559,1.50,1.50
2013.05.29 06:09:05.100,1.53533,1.5356,1.50,2.07
2013.05.29 06:09:05.640,1.53534,1.53557,1.13,1.13
2013.05.29 06:09:06.141,1.53529,1.53556,1.13,1.50
2013.05.29 06:09:06.619,1.53529,1.53554,1.13,1.25
2013.05.29 06:09:06.679,1.53529,1.53552,1.13,1.13
2013.05.29 06:09:06.859,1.53525,1.53549,1.50,1.13
2013.05.29 06:09:06.920,1.53523,1.53549,1.50,1.13
2013.05.29 06:09:07.164,1.53519,1.53546,2.63,1.88
2013.05.29 06:09:07.231,1.53517,1.53542,1.50,1.50
2013.05.29 06:09:07.350,1.53519,1.53546,1.13,3.75
2013.05.29 06:09:07.410,1.5352,1.53546,1.50,1.50
2013.05.29 06:09:07.770,1.53522,1.53549,2.25,1.50
2013.05.29 06:09:08.310,1.53522,1.53548,1.13,1.50
2013.05.29 06:09:08.911,1.53519,1.53544,2.07,1.50
2013.05.29 06:09:09.279,1.53522,1.53544,1.13,2.25
2013.05.29 06:09:09.582,1.53522,1.53543,1.13,1.50
2013.05.29 06:09:10.581,1.53519,1.53542,1.69,1.50
2013.05.29 06:09:10.701,1.53515,1.53539,1.69,1.50
2013.05.29 06:09:10.832,1.53512,1.53535,1.32,1.50
2013.05.29 06:09:10.891,1.5351,1.53535,3.57,2.25
2013.05.29 06:09:11.010,1.5351,1.53533,2.44,2.25
2013.05.29 06:09:11.371,1.53511,1.5353,1.32,1.50
2013.05.29 06:09:11.549,1.53509,1.5353,1.69,1.50
2013.05.29 06:09:12.130,1.53514,1.5353,1.13,1.50
2013.05.29 06:09:12.850,1.53516,1.53532,1.69,1.50
2013.05.29 06:09:13.449,1.53516,1.53532,1.69,2.25
2013.05.29 06:09:13.749,1.53516,1.53533,1.69,1.50
2013.05.29 06:09:13.869,1.53516,1.53533,1.69,1.50
2013.05.29 06:09:14.049,1.53517,1.53535,1.69,1.50
2013.05.29 06:09:14.291,1.53518,1.53542,3.57,2.63
2013.05.29 06:09:14.350,1.53518,1.53543,3.38,1.50
2013.05.29 06:09:14.650,1.5352,1.53546,1.50,1.50
2013.05.29 06:09:15.721,1.53523,1.53546,1.50,1.50
2013.05.29 06:09:16.550,1.53526,1.53545,1.50,2.25
2013.05.29 06:09:16.731,1.53523,1.53545,1.13,2.25
2013.05.29 06:09:16.850,1.53519,1.53543,2.25,1.50
2013.05.29 06:09:17.151,1.53514,1.53536,2.44,2.25
2013.05.29 06:09:17.512,1.53512,1.53536,1.69,2.63
2013.05.29 06:09:17.691,1.53513,1.53533,1.32,1.50
2013.05.29 06:09:17.751,1.53513,1.53534,1.32,1.50
2013.05.29 06:09:17.810,1.53513,1.53535,1.32,1.50
2013.05.29 06:09:17.871,1.53513,1.53536,1.32,1.88
2013.05.29 06:09:18.380,1.53513,1.53537,1.32,1.50
2013.05.29 06:09:18.921,1.53512,1.53536,2.07,1.13
2013.05.29 06:09:19.039,1.53513,1.53536,1.69,1.50
2013.05.29 06:09:19.579,1.53508,1.53533,3.19,1.50
2013.05.29 06:09:20.069,1.53508,1.53533,2.07,2.25
2013.05.29 06:09:20.190,1.53508,1.53532,2.82,1.50
2013.05.29 06:09:20.552,1.53511,1.53535,1.88,2.07
2013.05.29 06:09:20.919,1.5351,1.53535,1.13,2.82
2013.05.29 06:09:21.802,1.53509,1.53528,1.50,1.50
2013.05.29 06:09:21.861,1.53504,1.53528,1.69,1.50
2013.05.29 06:09:22.220,1.53501,1.53525,1.13,2.25
2013.05.29 06:09:22.340,1.53501,1.53525,1.13,1.50
2013.05.29 06:09:22.819,1.53503,1.53527,2.07,2.63
2013.05.29 06:09:23.179,1.53504,1.53529,1.69,2.25
2013.05.29 06:09:23.240,1.53507,1.53528,2.07,1.50
2013.05.29 06:09:23.540,1.53508,1.53535,2.82,1.69
2013.05.29 06:09:23.602,1.53509,1.53536,1.50,2.63
2013.05.29 06:09:24.749,1.5351,1.53536,2.44,1.50
2013.05.29 06:09:25.354,1.53512,1.53537,1.32,1.50
2013.05.29 06:09:25.431,1.53512,1.5354,2.07,2.44
2013.05.29 06:09:25.501,1.53512,1.5354,2.07,3.19
2013.05.29 06:09:26.010,1.5351,1.53533,1.69,1.50
2013.05.29 06:09:26.859,1.53507,1.53531,1.69,1.50
2013.05.29 06:09:27.521,1.53506,1.53532,1.69,3.00
2013.05.29 06:09:27.640,1.53506,1.53528,1.69,1.50
2013.05.29 06:09:27.760,1.53503,1.53528,1.69,2.25
2013.05.29 06:09:27.880,1.53503,1.53525,1.69,1.50
2013.05.29 06:09:28.120,1.53503,1.53528,1.69,1.50
2013.05.29 06:09:28.720,1.53501,1.53526,1.32,2.44
2013.05.29 06:09:28.960,1.535,1.53526,1.32,2.44
2013.05.29 06:09:29.082,1.53504,1.53528,1.32,1.50
2013.05.29 06:09:29.201,1.53505,1.53529,1.32,1.88
2013.05.29 06:09:29.261,1.53505,1.53528,1.32,1.50
2013.05.29 06:09:29.809,1.53506,1.53529,1.32,1.13
2013.05.29 06:09:31.062,1.53505,1.53529,2.07,1.50
2013.05.29 06:09:31.490,1.53501,1.53528,2.44,1.50
2013.05.29 06:09:32.010,1.53501,1.53529,1.69,2.44
2013.05.29 06:09:32.070,1.53501,1.53528,1.69,1.50
2013.05.29 06:09:32.629,1.535,1.53523,2.07,1.50
2013.05.29 06:09:32.930,1.53497,1.53521,3.19,1.50
2013.05.29 06:09:32.992,1.53493,1.5352,3.19,1.50
2013.05.29 06:09:33.059,1.53493,1.5352,1.69,2.25
2013.05.29 06:09:33.600,1.53491,1.53517,1.69,1.50
2013.05.29 06:09:34.021,1.53493,1.53516,1.69,1.50
2013.05.29 06:09:34.200,1.5349,1.53515,1.32,1.69
2013.05.29 06:09:34.440,1.53491,1.53516,1.50,1.69
2013.05.29 06:09:35.558,1.53494,1.53517,2.44,1.50
2013.05.29 06:09:35.632,1.5349,1.53517,2.82,2.44
2013.05.29 06:09:36.472,1.5349,1.53517,2.25,1.50
2013.05.29 06:09:36.542,1.53492,1.53517,1.13,1.50
2013.05.29 06:09:37.441,1.53493,1.53519,1.32,3.00
2013.05.29 06:09:37.860,1.5349,1.53517,2.63,1.69
2013.05.29 06:09:37.981,1.5349,1.53514,1.88,1.50
2013.05.29 06:09:38.298,1.53487,1.53512,1.69,1.50
2013.05.29 06:09:38.661,1.53487,1.53514,2.44,1.50
2013.05.29 06:09:38.841,1.53486,1.53514,1.13,1.50
2013.05.29 06:09:39.494,1.53487,1.53515,2.63,2.25
2013.05.29 06:09:40.013,1.53489,1.53514,1.32,1.50
2013.05.29 06:09:40.262,1.5349,1.53516,1.13,2.44
2013.05.29 06:09:40.450,1.53491,1.53516,1.13,2.44
2013.05.29 06:09:40.832,1.53496,1.53517,1.50,2.44
2013.05.29 06:09:41.070,1.53496,1.53521,1.50,2.14
2013.05.29 06:09:42.510,1.53492,1.53519,1.69,2.44
2013.05.29 06:09:42.892,1.53494,1.53519,1.13,2.44
2013.05.29 06:09:43.372,1.53496,1.53517,2.25,1.13
2013.05.29 06:09:43.895,1.53497,1.53521,1.50,1.69
2013.05.29 06:09:45.509,1.53497,1.53524,1.50,1.69
2013.05.29 06:09:45.569,1.53499,1.53526,3.00,3.57
2013.05.29 06:09:45.751,1.53502,1.53526,1.88,2.07
2013.05.29 06:09:46.710,1.53513,1.53534,1.13,1.50
2013.05.29 06:09:46.786,1.53513,1.53538,1.88,1.69
2013.05.29 06:09:47.270,1.53513,1.53539,2.63,1.32
2013.05.29 06:09:47.813,1.53513,1.5354,2.63,2.44
2013.05.29 06:09:48.062,1.53515,1.53538,2.25,1.69
2013.05.29 06:09:48.435,1.53519,1.53542,1.50,2.44
2013.05.29 06:09:48.958,1.53519,1.53542,1.50,2.44
2013.05.29 06:09:50.818,1.53519,1.53542,2.25,2.44
2013.05.29 06:09:51.740,1.53517,1.53541,1.50,1.69
2013.05.29 06:09:51.921,1.53517,1.53542,2.25,2.44
2013.05.29 06:09:52.162,1.53523,1.53546,1.50,1.69
2013.05.29 06:09:52.231,1.53527,1.53546,1.50,1.69
2013.05.29 06:09:52.290,1.53528,1.5355,1.50,1.32
2013.05.29 06:09:52.350,1.5353,1.5355,1.50,1.32
2013.05.29 06:09:52.670,1.53528,1.5355,2.25,1.92
2013.05.29 06:09:52.930,1.53528,1.53546,1.50,1.13
2013.05.29 06:09:53.110,1.53524,1.53549,1.69,1.69
2013.05.29 06:09:53.169,1.53523,1.53546,1.69,1.13
2013.05.29 06:09:53.229,1.53523,1.53546,1.69,1.13
2013.05.29 06:09:53.559,1.53522,1.53549,1.50,2.44
2013.05.29 06:09:53.620,1.5352,1.53547,1.50,2.44
2013.05.29 06:09:54.170,1.53518,1.53544,1.69,2.25
2013.05.29 06:09:54.520,1.53517,1.53541,2.44,1.50
2013.05.29 06:09:55.140,1.53516,1.53541,1.32,2.25
2013.05.29 06:09:55.392,1.53515,1.5354,2.07,1.50
2013.05.29 06:09:55.630,1.53515,1.53539,1.32,1.50
2013.05.29 06:09:55.931,1.53514,1.53536,1.69,2.25
2013.05.29 06:09:56.050,1.53514,1.53536,1.69,2.25
2013.05.29 06:09:56.410,1.53514,1.53538,1.69,1.50
2013.05.29 06:09:56.928,1.53513,1.53539,1.69,1.50
2013.05.29 06:09:57.452,1.53513,1.53538,1.69,2.25
2013.05.29 06:09:57.963,1.53511,1.53537,3.19,1.50
2013.05.29 06:09:58.462,1.53513,1.53537,1.32,1.50
2013.05.29 06:09:59.110,1.53513,1.5354,1.32,1.69
2013.05.29 06:09:59.231,1.53514,1.5354,1.50,1.69
2013.05.29 06:09:59.352,1.53513,1.53539,2.07,1.50
2013.05.29 06:09:59.531,1.53517,1.53541,2.25,1.69
2013.05.29 06:10:00.079,1.53517,1.53544,1.50,2.44
2013.05.29 06:10:00.471,1.53517,1.53541,2.25,1.69
2013.05.29 06:10:00.671,1.53517,1.53544,2.44,2.44
2013.05.29 06:10:00.851,1.53519,1.53544,2.25,1.69
2013.05.29 06:10:01.961,1.53521,1.53544,1.13,2.44
2013.05.29 06:10:02.142,1.53527,1.53552,2.07,1.50
2013.05.29 06:10:02.520,1.53532,1.53552,1.50,1.50
2013.05.29 06:10:02.640,1.53532,1.53556,1.50,1.32
2013.05.29 06:10:02.701,1.53532,1.53557,1.50,2.44
2013.05.29 06:10:03.290,1.53532,1.53558,2.44,1.32
2013.05.29 06:10:03.472,1.53529,1.5354,1.13,1.13
2013.05.29 06:10:03.532,1.53526,1.53536,2.25,1.32
2013.05.29 06:10:03.601,1.53525,1.53536,1.13,2.07
2013.05.29 06:10:03.660,1.53512,1.53531,1.13,1.50
2013.05.29 06:10:04.031,1.53512,1.53527,1.13,2.25
2013.05.29 06:10:04.110,1.53513,1.53538,1.32,1.50
2013.05.29 06:10:04.174,1.53516,1.53539,1.50,1.13
2013.05.29 06:10:04.243,1.5352,1.53545,2.44,1.69
2013.05.29 06:10:04.313,1.53522,1.53548,1.13,1.69
2013.05.29 06:10:04.490,1.53523,1.53548,1.13,2.44
2013.05.29 06:10:04.610,1.53521,1.53548,2.07,3.19
2013.05.29 06:10:04.735,1.53522,1.53548,1.50,3.19
2013.05.29 06:10:05.041,1.53533,1.53549,1.50,1.32
2013.05.29 06:10:05.162,1.53533,1.53554,1.50,1.69
2013.05.29 06:10:05.223,1.53534,1.53558,1.50,2.44
2013.05.29 06:10:05.472,1.53532,1.53558,1.50,3.19
2013.05.29 06:10:06.669,1.53533,1.53556,1.50,1.69
2013.05.29 06:10:07.031,1.53533,1.53554,1.50,1.69
2013.05.29 06:10:07.594,1.5354,1.5356,1.50,2.44
2013.05.29 06:10:07.661,1.5354,1.53563,1.50,1.13
2013.05.29 06:10:08.200,1.5354,1.53565,2.25,1.69
2013.05.29 06:10:08.321,1.53539,1.53565,1.50,3.19
2013.05.29 06:10:08.833,1.53539,1.53565,1.50,3.19
2013.05.29 06:10:09.140,1.53538,1.53561,1.88,1.50
2013.05.29 06:10:09.441,1.53537,1.53558,1.13,1.50
2013.05.29 06:10:09.871,1.53535,1.53559,1.69,1.50
2013.05.29 06:10:10.433,1.53535,1.5356,1.69,2.25
2013.05.29 06:10:10.990,1.53536,1.53562,1.69,2.25
2013.05.29 06:10:12.189,1.53536,1.5356,1.32,1.50
2013.05.29 06:10:12.642,1.53536,1.53559,1.32,1.50
2013.05.29 06:10:12.971,1.53534,1.53559,2.44,1.50
2013.05.29 06:10:13.624,1.53533,1.53559,2.07,1.50
2013.05.29 06:10:13.690,1.53533,1.53558,1.69,1.50
2013.05.29 06:10:13.991,1.53531,1.53555,1.69,2.25
2013.05.29 06:10:14.111,1.53533,1.53556,1.69,1.50
2013.05.29 06:10:14.172,1.53533,1.53558,1.69,2.25
2013.05.29 06:10:15.449,1.5353,1.53558,1.69,3.00
2013.05.29 06:10:15.819,1.53532,1.53556,1.69,1.50
2013.05.29 06:10:15.943,1.53533,1.53558,1.32,2.25
2013.05.29 06:10:16.129,1.53534,1.53561,1.69,3.19
2013.05.29 06:10:16.250,1.53537,1.53561,1.50,2.44
2013.05.29 06:10:16.670,1.53537,1.53564,2.07,2.44
2013.05.29 06:10:17.075,1.53537,1.53559,1.69,2.25
2013.05.29 06:10:17.432,1.53531,1.53551,1.69,2.25
2013.05.29 06:10:17.751,1.53533,1.53552,1.69,1.50
2013.05.29 06:10:17.991,1.5353,1.53552,1.69,1.50
2013.05.29 06:10:18.110,1.5353,1.53549,1.32,1.50
2013.05.29 06:10:18.980,1.5353,1.5355,1.32,1.50
2013.05.29 06:10:20.210,1.53528,1.53552,1.69,1.50
2013.05.29 06:10:20.450,1.53528,1.53554,1.69,2.25
2013.05.29 06:10:20.511,1.53529,1.53553,1.69,2.25
2013.05.29 06:10:20.749,1.53529,1.53553,1.69,1.50
2013.05.29 06:10:21.110,1.53529,1.53553,1.69,1.50
2013.05.29 06:10:21.480,1.53529,1.53553,1.69,1.50
2013.05.29 06:10:22.530,1.53529,1.53554,1.69,1.88
2013.05.29 06:10:22.829,1.5353,1.53557,1.69,2.44
2013.05.29 06:10:22.950,1.5353,1.53554,1.69,1.13
2013.05.29 06:10:23.190,1.53536,1.53558,1.50,1.32
2013.05.29 06:10:23.620,1.53534,1.5356,1.13,2.07
2013.05.29 06:10:23.680,1.53534,1.5356,1.88,1.32
2013.05.29 06:10:24.041,1.53538,1.5356,1.13,1.13
2013.05.29 06:10:25.460,1.53538,1.5356,1.13,1.13
2013.05.29 06:10:25.761,1.53543,1.53567,1.50,2.07
2013.05.29 06:10:25.881,1.53541,1.53567,1.32,3.57
2013.05.29 06:10:26.243,1.53541,1.53567,1.32,3.19
2013.05.29 06:10:27.190,1.53541,1.53566,2.07,1.32
2013.05.29 06:10:27.729,1.53538,1.53564,2.07,1.69
2013.05.29 06:10:28.352,1.53539,1.53564,1.13,1.69
2013.05.29 06:10:28.659,1.53539,1.53564,1.50,3.19
2013.05.29 06:10:29.020,1.53545,1.53568,1.50,1.69
2013.05.29 06:10:29.139,1.53546,1.5357,1.50,1.69
2013.05.29 06:10:29.200,1.53547,1.53571,1.50,1.13
2013.05.29 06:10:29.440,1.53547,1.5357,2.25,1.50
2013.05.29 06:10:29.771,1.53549,1.53572,1.50,1.50
2013.05.29 06:10:29.891,1.53552,1.53577,1.69,1.50
2013.05.29 06:10:30.130,1.53557,1.5358,1.13,1.69
2013.05.29 06:10:30.191,1.53558,1.53581,1.88,1.69
2013.05.29 06:10:30.310,1.53558,1.53585,2.82,2.07
2013.05.29 06:10:30.610,1.5356,1.53585,1.50,2.82
2013.05.29 06:10:31.192,1.53562,1.53585,1.32,1.13
2013.05.29 06:10:31.592,1.5356,1.53584,2.07,1.50
2013.05.29 06:10:31.912,1.53555,1.53566,1.13,2.25
2013.05.29 06:10:32.223,1.53544,1.53559,1.71,2.25
2013.05.29 06:10:32.471,1.5353,1.53555,1.69,1.50
2013.05.29 06:10:32.901,1.53529,1.53555,1.69,1.69
2013.05.29 06:10:33.411,1.53528,1.53554,1.69,2.44
2013.05.29 06:10:35.261,1.53532,1.53554,1.13,2.44
2013.05.29 06:10:35.850,1.53532,1.53554,1.88,1.69
2013.05.29 06:10:36.389,1.53532,1.53556,1.88,1.69
2013.05.29 06:10:36.570,1.53535,1.53559,1.13,2.07
2013.05.29 06:10:37.060,1.53537,1.53562,1.50,2.44
2013.05.29 06:10:37.180,1.53538,1.53562,1.32,1.50
2013.05.29 06:10:37.300,1.53542,1.53566,2.63,1.69
2013.05.29 06:10:37.660,1.53543,1.5357,1.32,1.69
2013.05.29 06:10:38.200,1.53544,1.53571,2.07,1.69
2013.05.29 06:10:39.495,1.53545,1.5357,1.50,1.69
2013.05.29 06:10:40.156,1.53544,1.5357,2.82,1.69
2013.05.29 06:10:42.011,1.53545,1.5357,1.50,1.69
2013.05.29 06:10:42.351,1.53547,1.53571,1.50,1.69
2013.05.29 06:10:42.899,1.5355,1.53573,1.50,1.69
2013.05.29 06:10:43.140,1.5355,1.5357,1.69,1.69
2013.05.29 06:10:43.660,1.5355,1.5357,1.50,1.69
2013.05.29 06:10:44.200,1.5355,1.53574,1.50,1.69
2013.05.29 06:10:44.620,1.53545,1.5357,2.44,1.50
2013.05.29 06:10:45.321,1.53545,1.53572,2.44,2.44
2013.05.29 06:10:45.560,1.53545,1.53572,2.44,1.69
2013.05.29 06:10:45.861,1.53547,1.53572,1.50,1.69
2013.05.29 06:10:46.220,1.53551,1.53578,2.25,3.19
2013.05.29 06:10:47.010,1.53554,1.53577,1.50,1.69
2013.05.29 06:10:50.334,1.53549,1.53574,1.50,1.69
2013.05.29 06:10:50.522,1.5355,1.53574,1.50,1.69
2013.05.29 06:10:50.831,1.53552,1.53577,1.50,2.07
2013.05.29 06:10:51.350,1.53549,1.53574,1.69,1.69
2013.05.29 06:10:51.777,1.53549,1.53574,1.69,1.69
2013.05.29 06:10:52.390,1.53549,1.53572,1.50,1.69
2013.05.29 06:10:52.690,1.53546,1.53569,1.69,1.50
2013.05.29 06:10:53.230,1.53544,1.53568,2.44,1.13
2013.05.29 06:10:53.861,1.53544,1.53568,2.44,1.13
2013.05.29 06:10:54.440,1.53544,1.53568,1.50,1.32
2013.05.29 06:10:54.820,1.53544,1.53567,1.50,1.13
2013.05.29 06:10:55.922,1.53545,1.53567,1.13,1.50
2013.05.29 06:10:55.985,1.53545,1.53567,1.13,1.50
2013.05.29 06:10:56.530,1.53548,1.53571,1.13,1.32
2013.05.29 06:10:56.710,1.53548,1.53572,1.13,2.44
2013.05.29 06:10:57.680,1.53548,1.53572,1.13,2.44
2013.05.29 06:10:57.862,1.53548,1.53573,1.13,1.32
2013.05.29 06:10:58.040,1.53548,1.53573,1.13,1.32
2013.05.29 06:10:58.942,1.5355,1.53573,1.13,2.07
2013.05.29 06:11:01.940,1.53549,1.53575,2.07,1.69
2013.05.29 06:11:02.241,1.53549,1.53575,2.07,2.19
2013.05.29 06:11:02.562,1.53549,1.53572,2.07,1.13
2013.05.29 06:11:02.951,1.53553,1.53572,1.88,1.13
2013.05.29 06:11:03.071,1.53553,1.53576,1.88,1.69
2013.05.29 06:11:03.310,1.53553,1.53577,2.63,2.07
2013.05.29 06:11:03.670,1.53553,1.53572,1.13,1.13
2013.05.29 06:11:03.920,1.5355,1.53571,1.32,1.13
2013.05.29 06:11:04.101,1.53547,1.53572,1.50,1.50
2013.05.29 06:11:04.162,1.53545,1.53572,2.44,2.25
2013.05.29 06:11:04.769,1.53543,1.53568,1.50,1.69
2013.05.29 06:11:05.070,1.53542,1.53568,1.13,2.44
2013.05.29 06:11:05.310,1.53544,1.53568,1.50,1.69
2013.05.29 06:11:05.791,1.53544,1.53567,1.50,1.69
2013.05.29 06:11:06.150,1.53544,1.53566,1.88,1.50
2013.05.29 06:11:06.570,1.53541,1.53566,1.50,2.25
2013.05.29 06:11:06.871,1.53542,1.53566,1.50,1.50
2013.05.29 06:11:07.230,1.53542,1.53566,1.50,1.50
2013.05.29 06:11:07.351,1.5354,1.53566,1.69,1.50
2013.05.29 06:11:08.214,1.53541,1.53567,1.50,2.07
2013.05.29 06:11:08.561,1.53541,1.53563,1.50,1.13
2013.05.29 06:11:08.680,1.5354,1.53563,1.69,1.13
2013.05.29 06:11:11.670,1.5354,1.53564,1.50,1.32
2013.05.29 06:11:11.874,1.5354,1.53567,2.44,3.15
2013.05.29 06:11:13.760,1.53542,1.53567,1.69,1.88
2013.05.29 06:11:14.061,1.53542,1.53567,1.69,3.00
2013.05.29 06:11:17.250,1.53538,1.53564,2.63,2.25
2013.05.29 06:11:17.310,1.53538,1.53563,2.63,1.13
2013.05.29 06:11:17.670,1.53538,1.53556,1.13,1.13
2013.05.29 06:11:18.503,1.5354,1.53563,1.69,1.50
2013.05.29 06:11:18.576,1.53542,1.53562,2.44,1.50
2013.05.29 06:11:18.700,1.53544,1.53567,1.69,1.13
2013.05.29 06:11:19.811,1.53547,1.53568,1.69,1.50
2013.05.29 06:11:19.990,1.53547,1.53568,1.69,1.50
2013.05.29 06:11:20.170,1.53547,1.53571,1.69,1.13
2013.05.29 06:11:20.443,1.53547,1.53571,1.69,1.13
2013.05.29 06:11:21.451,1.53547,1.53571,1.69,1.88
2013.05.29 06:11:23.171,1.53547,1.53568,1.69,1.50
2013.05.29 06:11:24.770,1.53547,1.53568,1.69,1.50
2013.05.29 06:11:26.329,1.53547,1.53567,1.69,1.13
2013.05.29 06:11:27.309,1.53544,1.53569,1.13,1.50
2013.05.29 06:11:28.394,1.53544,1.53568,1.13,1.50
2013.05.29 06:11:28.462,1.53544,1.53566,1.13,1.50
2013.05.29 06:11:29.022,1.53544,1.53554,1.13,1.50
2013.05.29 06:11:29.097,1.53538,1.53551,1.35,3.00
2013.05.29 06:11:29.162,1.53538,1.53549,1.35,1.50
2013.05.29 06:11:29.522,1.53537,1.53545,1.35,1.50
2013.05.29 06:11:30.460,1.53534,1.53552,2.59,3.19
2013.05.29 06:11:30.712,1.53534,1.53551,1.99,1.69
2013.05.29 06:11:31.251,1.53533,1.53552,1.99,2.44
2013.05.29 06:11:31.549,1.53533,1.53553,1.99,1.32
2013.05.29 06:11:32.090,1.53533,1.53553,1.24,2.07
2013.05.29 06:11:32.413,1.53528,1.53553,1.50,2.07
2013.05.29 06:11:33.340,1.53529,1.53555,1.50,3.57
2013.05.29 06:11:33.820,1.53527,1.53553,3.19,1.69
2013.05.29 06:11:34.341,1.53527,1.53551,2.44,1.50
2013.05.29 06:11:34.652,1.53525,1.53551,2.44,2.25
2013.05.29 06:11:35.230,1.53526,1.53551,2.44,1.13
2013.05.29 06:11:35.972,1.53526,1.53551,2.44,1.63
2013.05.29 06:11:39.303,1.53526,1.53549,1.50,1.69
2013.05.29 06:11:39.431,1.53522,1.53544,1.13,1.13
2013.05.29 06:11:39.790,1.53518,1.5354,2.82,1.13
2013.05.29 06:11:40.030,1.53518,1.53541,1.69,1.13
2013.05.29 06:11:40.270,1.53519,1.53541,1.50,1.13
2013.05.29 06:11:40.331,1.5352,1.53542,1.50,1.50
2013.05.29 06:11:41.400,1.53518,1.53543,3.19,1.32
2013.05.29 06:11:43.119,1.53519,1.53543,1.69,1.88
2013.05.29 06:11:44.061,1.5352,1.53543,1.50,1.13
2013.05.29 06:11:44.545,1.53521,1.53546,1.50,2.82
2013.05.29 06:11:44.670,1.53521,1.53545,1.50,1.69
2013.05.29 06:11:44.730,1.53521,1.53546,1.69,2.63
2013.05.29 06:11:44.849,1.53523,1.53546,2.25,1.88
2013.05.29 06:11:45.961,1.53526,1.53547,1.50,2.07
2013.05.29 06:11:47.025,1.53525,1.53547,2.25,1.32
2013.05.29 06:11:47.103,1.53525,1.53547,1.50,1.32
2013.05.29 06:11:47.660,1.53525,1.5355,1.50,2.44
2013.05.29 06:11:47.831,1.53525,1.53549,2.25,1.69
2013.05.29 06:11:48.330,1.53525,1.5355,2.25,2.44
2013.05.29 06:11:49.680,1.53526,1.5355,1.50,2.07
2013.05.29 06:11:49.980,1.53526,1.5355,2.25,2.07
2013.05.29 06:11:50.160,1.53528,1.53552,1.50,1.69
2013.05.29 06:11:50.746,1.53529,1.53552,1.50,1.69
2013.05.29 06:11:52.920,1.53529,1.53552,1.50,1.32
2013.05.29 06:11:53.701,1.53529,1.53552,1.50,2.07
2013.05.29 06:11:53.999,1.5353,1.53552,1.50,1.32
2013.05.29 06:11:54.180,1.53533,1.53555,1.50,1.13
2013.05.29 06:11:54.240,1.53534,1.53557,1.13,2.25
2013.05.29 06:11:54.541,1.53542,1.53557,1.50,1.13
2013.05.29 06:11:55.091,1.53541,1.53557,1.50,1.13
2013.05.29 06:11:55.830,1.53541,1.53561,1.50,2.82
2013.05.29 06:11:56.080,1.53541,1.53562,1.50,1.32
2013.05.29 06:11:56.510,1.53542,1.53562,1.50,1.32
2013.05.29 06:11:57.110,1.53542,1.53563,1.50,2.44
2013.05.29 06:11:57.290,1.5354,1.53563,1.88,2.44
2013.05.29 06:11:57.410,1.5354,1.53563,1.88,2.44
2013.05.29 06:11:57.889,1.53535,1.53561,2.44,1.88
2013.05.29 06:11:57.951,1.53535,1.53559,2.44,2.44
2013.05.29 06:11:58.129,1.53533,1.53556,1.50,1.32
2013.05.29 06:11:58.889,1.53531,1.53555,2.25,1.13
2013.05.29 06:11:59.213,1.53529,1.53553,1.50,3.19
2013.05.29 06:11:59.820,1.53527,1.5355,2.25,1.69
2013.05.29 06:12:00.361,1.53529,1.53549,1.50,1.69
2013.05.29 06:12:00.480,1.53529,1.53551,1.50,1.32
2013.05.29 06:12:01.020,1.5353,1.53551,1.50,1.32
2013.05.29 06:12:01.621,1.53531,1.53553,1.50,1.69
2013.05.29 06:12:02.331,1.53533,1.53553,1.88,1.69
2013.05.29 06:12:02.569,1.53535,1.53558,1.88,1.50
2013.05.29 06:12:02.630,1.53535,1.5356,1.88,2.07
2013.05.29 06:12:02.752,1.53539,1.5356,1.88,1.13
2013.05.29 06:12:03.110,1.53546,1.5356,1.13,1.13
2013.05.29 06:12:03.471,1.53553,1.53569,1.13,2.28
2013.05.29 06:12:04.012,1.53555,1.53572,1.88,1.69
2013.05.29 06:12:04.370,1.53554,1.53574,1.13,1.69
2013.05.29 06:12:04.672,1.53554,1.53573,1.13,1.69
2013.05.29 06:12:04.732,1.53554,1.53562,1.13,1.50
2013.05.29 06:12:04.793,1.53554,1.53562,1.13,1.50
2013.05.29 06:12:04.922,1.53552,1.53573,1.13,1.50
2013.05.29 06:12:05.051,1.53547,1.53571,3.75,1.50
2013.05.29 06:12:05.184,1.53548,1.53572,1.13,1.50
2013.05.29 06:12:05.373,1.53548,1.53574,1.88,1.69
2013.05.29 06:12:05.620,1.53548,1.53573,1.13,1.88
2013.05.29 06:12:06.115,1.53549,1.53572,1.50,1.13
2013.05.29 06:12:08.280,1.53549,1.53574,1.50,2.07
2013.05.29 06:12:08.641,1.53543,1.53557,1.50,1.32
2013.05.29 06:12:09.370,1.53542,1.5355,1.50,3.57
2013.05.29 06:12:09.450,1.53538,1.53546,2.03,1.69
2013.05.29 06:12:10.130,1.53535,1.5355,1.28,4.32
2013.05.29 06:12:11.701,1.53541,1.53549,1.28,1.69
2013.05.29 06:12:11.941,1.53541,1.53557,1.28,2.07
2013.05.29 06:12:12.780,1.53541,1.53555,1.28,1.32
2013.05.29 06:12:12.960,1.53541,1.53557,1.28,2.07
2013.05.29 06:12:13.652,1.53541,1.5355,1.28,1.13
2013.05.29 06:12:14.510,1.5354,1.53547,1.28,2.82
2013.05.29 06:12:14.870,1.53533,1.53537,1.50,1.50
2013.05.29 06:12:15.300,1.53533,1.53545,2.78,2.07
2013.05.29 06:12:15.361,1.53536,1.53546,1.28,1.69
2013.05.29 06:12:15.541,1.53537,1.53546,1.28,1.50
2013.05.29 06:12:15.900,1.53541,1.53554,1.28,1.50
2013.05.29 06:12:16.450,1.53534,1.53556,1.50,1.32
2013.05.29 06:12:16.930,1.53529,1.53536,1.50,1.32
2013.05.29 06:12:18.201,1.53526,1.53537,1.50,1.32
2013.05.29 06:12:18.759,1.53527,1.53537,1.50,1.69
2013.05.29 06:12:19.120,1.53527,1.53536,1.50,1.88
2013.05.29 06:12:19.495,1.53527,1.53537,1.50,1.50
2013.05.29 06:12:19.620,1.53529,1.5354,1.50,1.32
2013.05.29 06:12:20.160,1.53528,1.53539,1.50,2.44
2013.05.29 06:12:20.880,1.53528,1.5354,1.50,2.44
2013.05.29 06:12:21.632,1.53528,1.5354,1.50,2.44
2013.05.29 06:12:22.142,1.53518,1.5354,1.50,2.44
2013.05.29 06:12:22.700,1.53516,1.53541,2.25,1.69
2013.05.29 06:12:23.702,1.53516,1.5354,1.13,1.32
2013.05.29 06:12:23.903,1.53516,1.5354,1.13,2.07
2013.05.29 06:12:24.323,1.53515,1.53541,1.32,3.19
2013.05.29 06:12:24.571,1.53516,1.53541,1.32,3.19
2013.05.29 06:12:25.120,1.53517,1.53541,1.50,2.07
2013.05.29 06:12:25.431,1.53516,1.53538,2.44,1.13
2013.05.29 06:12:25.733,1.53509,1.53531,1.20,1.88
2013.05.29 06:12:26.040,1.5352,1.53534,1.50,1.50
2013.05.29 06:12:26.162,1.53522,1.53535,1.50,1.69
2013.05.29 06:12:26.284,1.53515,1.53536,1.13,1.32
2013.05.29 06:12:26.410,1.53512,1.53537,1.13,1.69
2013.05.29 06:12:28.390,1.53512,1.53538,1.69,2.44
2013.05.29 06:12:29.210,1.53511,1.53534,2.82,1.13
2013.05.29 06:12:29.270,1.53511,1.53534,1.88,1.32
2013.05.29 06:12:29.450,1.53508,1.53533,1.69,1.88
2013.05.29 06:12:29.570,1.53505,1.53531,1.69,3.19
2013.05.29 06:12:30.134,1.53505,1.53531,1.50,3.19
2013.05.29 06:12:30.204,1.53505,1.53529,1.50,1.32
2013.05.29 06:12:30.509,1.53508,1.53529,1.50,2.07
2013.05.29 06:12:30.690,1.53509,1.53535,1.69,1.69
2013.05.29 06:12:30.991,1.53509,1.53535,1.69,2.44
2013.05.29 06:12:31.300,1.53504,1.53526,2.25,1.50
2013.05.29 06:12:31.659,1.53504,1.53521,1.50,1.50
2013.05.29 06:12:32.250,1.53504,1.5352,1.50,1.13
2013.05.29 06:12:32.611,1.53504,1.53518,1.50,1.88
2013.05.29 06:12:32.920,1.53504,1.53517,1.50,1.50
2013.05.29 06:12:33.339,1.53504,1.53513,1.50,1.50
2013.05.29 06:12:33.851,1.53504,1.53515,1.50,2.25
2013.05.29 06:12:34.210,1.53504,1.53508,1.50,1.50
2013.05.29 06:12:34.520,1.53494,1.53508,2.59,3.38
2013.05.29 06:12:34.880,1.53492,1.53501,4.09,1.50
2013.05.29 06:12:35.425,1.53491,1.53505,3.94,1.13
2013.05.29 06:12:35.730,1.53498,1.53508,1.50,1.50
2013.05.29 06:12:35.911,1.53494,1.53508,2.44,1.88
2013.05.29 06:12:36.622,1.53499,1.53508,1.50,1.13
2013.05.29 06:12:36.742,1.53488,1.53499,1.69,1.13
2013.05.29 06:12:36.811,1.53484,1.53499,3.71,2.25
2013.05.29 06:12:36.933,1.53488,1.53501,2.44,2.25
2013.05.29 06:12:37.001,1.53488,1.53501,3.19,2.25
2013.05.29 06:12:37.121,1.53492,1.53501,1.50,1.13
2013.05.29 06:12:37.182,1.5349,1.53501,2.25,1.13
2013.05.29 06:12:37.241,1.53493,1.53503,1.13,1.88
2013.05.29 06:12:37.903,1.53493,1.535,1.13,1.50
2013.05.29 06:12:38.030,1.5348,1.53493,1.56,1.13
2013.05.29 06:12:38.150,1.5347,1.53478,1.13,1.13
2013.05.29 06:12:38.211,1.53468,1.53477,3.44,1.13
2013.05.29 06:12:38.271,1.53467,1.53477,1.13,1.13
2013.05.29 06:12:38.390,1.5347,1.53486,1.13,1.50
2013.05.29 06:12:38.451,1.5347,1.53486,1.13,1.50
2013.05.29 06:12:38.630,1.5347,1.53489,1.13,2.25
2013.05.29 06:12:38.690,1.5347,1.53488,1.13,1.13
2013.05.29 06:12:39.050,1.53474,1.53488,1.67,1.88
2013.05.29 06:12:39.290,1.53474,1.53488,1.67,2.63
2013.05.29 06:12:39.410,1.53474,1.53488,2.05,1.13
2013.05.29 06:12:39.771,1.5348,1.53488,2.05,1.13
2013.05.29 06:12:40.130,1.53477,1.53488,2.05,1.13
2013.05.29 06:12:40.550,1.53472,1.53488,2.80,1.13
2013.05.29 06:12:40.730,1.53477,1.53488,2.05,1.13
2013.05.29 06:12:41.639,1.53474,1.53491,1.50,1.13
2013.05.29 06:12:41.723,1.53474,1.53491,1.50,1.13
2013.05.29 06:12:41.851,1.53473,1.53491,1.13,1.13
2013.05.29 06:12:42.526,1.53473,1.53483,1.13,1.13
2013.05.29 06:12:42.602,1.5347,1.53494,1.50,1.32
2013.05.29 06:12:42.970,1.53476,1.53497,1.50,1.13
2013.05.29 06:12:43.511,1.53482,1.53494,1.50,1.69
2013.05.29 06:12:44.781,1.53498,1.53524,5.63,1.50
2013.05.29 06:12:45.214,1.53505,1.53515,5.26,1.13
2013.05.29 06:12:45.284,1.53505,1.53515,5.26,1.13
2013.05.29 06:12:45.410,1.53506,1.53515,5.26,1.13
2013.05.29 06:12:45.534,1.53506,1.53515,5.26,1.13
2013.05.29 06:12:46.080,1.53505,1.53519,4.88,2.63
2013.05.29 06:12:47.100,1.53503,1.53516,1.13,1.69
2013.05.29 06:12:48.646,1.53503,1.53512,1.13,1.50
2013.05.29 06:12:49.290,1.53485,1.53506,1.50,1.50
2013.05.29 06:12:49.590,1.53484,1.53506,1.13,1.50
2013.05.29 06:12:50.430,1.53489,1.53505,1.13,1.50
2013.05.29 06:12:50.491,1.53489,1.53504,1.13,1.50
2013.05.29 06:12:50.853,1.53482,1.53497,4.88,2.25
2013.05.29 06:12:51.341,1.53487,1.53501,5.63,2.25
2013.05.29 06:12:51.412,1.53489,1.53501,5.63,2.25
2013.05.29 06:12:51.802,1.53489,1.53503,5.63,1.13
2013.05.29 06:12:51.991,1.53489,1.53503,5.63,1.88
2013.05.29 06:12:52.522,1.53489,1.53504,1.13,3.00
2013.05.29 06:12:52.585,1.53489,1.53504,3.38,3.00
2013.05.29 06:12:52.890,1.5349,1.53502,1.50,1.19
2013.05.29 06:12:53.834,1.53492,1.53503,1.50,2.01
2013.05.29 06:12:54.234,1.5348,1.53501,1.13,1.50
2013.05.29 06:12:54.360,1.53479,1.53501,1.13,1.50
2013.05.29 06:12:55.278,1.53482,1.53502,1.50,1.50
2013.05.29 06:12:55.412,1.53497,1.5351,2.25,1.50
2013.05.29 06:12:55.470,1.535,1.5351,2.25,1.50
2013.05.29 06:12:55.771,1.535,1.53514,2.25,3.00
2013.05.29 06:12:56.010,1.535,1.53512,2.25,1.50
2013.05.29 06:12:56.368,1.53501,1.53513,3.00,2.25
2013.05.29 06:12:56.446,1.53502,1.53514,1.50,1.13
2013.05.29 06:12:56.512,1.53502,1.53514,1.50,1.13
2013.05.29 06:12:56.913,1.53505,1.53516,1.13,1.50
2013.05.29 06:12:57.702,1.53505,1.53517,1.13,2.82
2013.05.29 06:12:57.830,1.53506,1.53517,1.13,2.82
2013.05.29 06:12:58.380,1.53505,1.53517,1.13,5.44
2013.05.29 06:12:59.367,1.53506,1.53517,1.13,2.07
2013.05.29 06:12:59.911,1.53507,1.53517,1.13,1.13
2013.05.29 06:13:01.161,1.53507,1.53517,1.13,1.13
2013.05.29 06:13:01.340,1.53507,1.5352,1.13,1.13
2013.05.29 06:13:02.008,1.53507,1.53525,1.13,1.32
2013.05.29 06:13:02.551,1.53507,1.53521,1.13,1.50
2013.05.29 06:13:03.099,1.53506,1.53521,1.50,1.50
2013.05.29 06:13:03.480,1.53508,1.53526,1.50,1.69
2013.05.29 06:13:03.660,1.53506,1.53524,1.50,1.50
2013.05.29 06:13:03.841,1.53505,1.53526,1.50,1.69
2013.05.29 06:13:04.023,1.53505,1.53528,3.00,1.50
2013.05.29 06:13:04.270,1.53504,1.53527,2.82,1.88
2013.05.29 06:13:04.450,1.53504,1.53524,3.57,1.50
2013.05.29 06:13:04.630,1.53504,1.53524,3.57,1.50
2013.05.29 06:13:05.261,1.53504,1.53524,3.57,1.50
2013.05.29 06:13:05.320,1.53504,1.53524,2.82,1.50
2013.05.29 06:13:05.620,1.53505,1.53524,1.50,1.50
2013.05.29 06:13:05.680,1.53504,1.53524,2.82,1.50
2013.05.29 06:13:06.070,1.53506,1.53524,1.50,1.50
2013.05.29 06:13:06.371,1.53512,1.53524,1.50,1.50
2013.05.29 06:13:06.964,1.53516,1.53531,2.44,1.50
2013.05.29 06:13:07.572,1.53517,1.53532,1.50,2.25
2013.05.29 06:13:07.752,1.53517,1.53533,1.88,1.35
2013.05.29 06:13:07.811,1.53517,1.53538,2.82,1.50
2013.05.29 06:13:07.872,1.5352,1.53538,1.50,1.50
2013.05.29 06:13:08.351,1.53521,1.53544,1.88,1.50
2013.05.29 06:13:08.411,1.53523,1.53544,1.69,1.50
2013.05.29 06:13:08.710,1.53527,1.53544,3.00,1.50
2013.05.29 06:13:09.012,1.53532,1.53544,1.13,1.50
2013.05.29 06:13:09.440,1.53534,1.53544,1.50,1.50
2013.05.29 06:13:09.741,1.53529,1.53544,2.07,1.50
2013.05.29 06:13:09.800,1.53527,1.53544,2.07,1.50
2013.05.29 06:13:09.862,1.53525,1.53544,2.44,1.50
2013.05.29 06:13:09.980,1.53525,1.53545,1.69,2.63
2013.05.29 06:13:10.041,1.53523,1.53545,1.50,2.63
2013.05.29 06:13:10.114,1.53519,1.53544,1.32,1.13
2013.05.29 06:13:10.181,1.53519,1.53541,1.32,1.13
2013.05.29 06:13:10.482,1.53517,1.53541,1.13,2.44
2013.05.29 06:13:12.040,1.53515,1.53541,2.25,1.69
2013.05.29 06:13:12.220,1.53515,1.53542,1.50,2.44
2013.05.29 06:13:12.902,1.53515,1.53542,1.50,2.44
2013.05.29 06:13:13.291,1.53515,1.53542,1.50,1.69
2013.05.29 06:13:13.411,1.53515,1.53542,1.50,2.44
2013.05.29 06:13:13.752,1.53514,1.53539,1.13,1.69
2013.05.29 06:13:14.113,1.53514,1.53539,1.88,1.69
2013.05.29 06:13:14.360,1.53514,1.53539,2.63,1.69
2013.05.29 06:13:14.716,1.53514,1.53539,2.63,1.69
2013.05.29 06:13:15.094,1.53514,1.53541,2.63,1.69
2013.05.29 06:13:15.221,1.53517,1.53543,1.50,4.92
2013.05.29 06:13:15.470,1.53514,1.5354,2.63,1.69
2013.05.29 06:13:15.880,1.53514,1.53539,1.88,2.14
2013.05.29 06:13:16.440,1.53514,1.53537,1.13,1.50
2013.05.29 06:13:16.991,1.53515,1.53539,1.13,1.69
2013.05.29 06:13:17.510,1.53515,1.53539,1.13,1.69
2013.05.29 06:13:18.431,1.53513,1.53538,2.25,1.32
2013.05.29 06:13:19.060,1.53512,1.53538,1.13,2.07
2013.05.29 06:13:20.430,1.53512,1.53538,1.13,2.07
2013.05.29 06:13:20.606,1.53512,1.53538,1.13,2.07
2013.05.29 06:13:21.251,1.53511,1.53536,1.32,1.88
2013.05.29 06:13:21.673,1.53509,1.53533,1.50,1.69
2013.05.29 06:13:22.040,1.53509,1.53529,1.50,1.13
2013.05.29 06:13:23.070,1.53508,1.53527,1.13,2.07
2013.05.29 06:13:23.881,1.53507,1.53526,1.13,1.13
2013.05.29 06:13:24.209,1.53506,1.53521,1.50,1.50
2013.05.29 06:13:24.281,1.53505,1.53521,2.25,1.50
2013.05.29 06:13:24.493,1.53506,1.53521,3.00,1.50
2013.05.29 06:13:25.072,1.53506,1.53523,1.50,1.13
2013.05.29 06:13:25.644,1.53506,1.53523,1.50,1.13
2013.05.29 06:13:28.493,1.53506,1.53523,1.50,1.13
2013.05.29 06:13:29.684,1.53502,1.53521,1.13,1.69
2013.05.29 06:13:29.991,1.53499,1.53521,1.13,2.44
2013.05.29 06:13:30.230,1.53495,1.53518,1.50,1.50
2013.05.29 06:13:30.761,1.53495,1.53517,1.50,1.50
2013.05.29 06:13:31.320,1.53495,1.53517,1.50,1.50
2013.05.29 06:13:33.273,1.53495,1.53516,1.50,1.13
2013.05.29 06:13:33.631,1.53495,1.53515,1.50,1.88
2013.05.29 06:13:33.931,1.53502,1.53515,1.50,1.13
2013.05.29 06:13:34.111,1.53501,1.53524,1.50,1.13
2013.05.29 06:13:34.614,1.53502,1.53523,1.50,1.50
2013.05.29 06:13:35.292,1.535,1.53524,1.50,1.13
2013.05.29 06:13:36.023,1.53501,1.53524,1.50,1.88
2013.05.29 06:13:36.180,1.53501,1.53524,1.50,1.88
2013.05.29 06:13:37.627,1.53499,1.53522,2.25,1.50
2013.05.29 06:13:37.692,1.53499,1.53522,2.25,1.50
2013.05.29 06:13:38.230,1.53499,1.53517,1.50,1.50
2013.05.29 06:13:38.742,1.53499,1.53515,1.50,1.50
2013.05.29 06:13:39.401,1.53499,1.53516,1.50,1.69
2013.05.29 06:13:39.930,1.53499,1.53517,1.50,1.50
2013.05.29 06:13:40.244,1.53499,1.53517,1.50,1.50
2013.05.29 06:13:40.314,1.53499,1.53511,1.50,1.50
2013.05.29 06:13:40.456,1.53499,1.53511,1.50,1.50
2013.05.29 06:13:40.761,1.53499,1.53511,1.50,1.50
2013.05.29 06:13:41.248,1.53499,1.53515,1.50,1.13
2013.05.29 06:13:41.316,1.53493,1.53515,2.63,1.13
2013.05.29 06:13:41.381,1.53493,1.53515,2.63,1.13
2013.05.29 06:13:41.591,1.53493,1.53517,1.88,1.13
2013.05.29 06:13:41.950,1.53493,1.53515,1.13,1.13
2013.05.29 06:13:43.779,1.53492,1.53516,2.25,1.32
2013.05.29 06:13:43.839,1.53492,1.53517,2.25,1.32
2013.05.29 06:13:43.900,1.53498,1.53519,1.13,1.50
2013.05.29 06:13:44.260,1.53511,1.53521,1.50,1.28
2013.05.29 06:13:44.619,1.53515,1.53531,1.50,2.49
2013.05.29 06:13:44.960,1.53512,1.53531,1.13,2.49
2013.05.29 06:13:45.209,1.5351,1.53521,1.88,1.35
2013.05.29 06:13:46.180,1.5351,1.53521,1.88,1.35
2013.05.29 06:13:47.359,1.53515,1.53521,1.13,1.35
2013.05.29 06:13:47.480,1.53515,1.53531,1.50,1.10
2013.05.29 06:13:47.972,1.53517,1.53539,1.13,1.47
2013.05.29 06:13:48.160,1.53518,1.53539,1.13,1.10
2013.05.29 06:13:49.390,1.53518,1.5354,1.13,2.53
2013.05.29 06:13:50.150,1.53516,1.53539,3.38,1.69
2013.05.29 06:13:50.450,1.53513,1.53534,1.13,1.13
2013.05.29 06:13:50.510,1.53512,1.53534,2.82,1.13
2013.05.29 06:13:50.992,1.53512,1.53531,1.69,1.50
2013.05.29 06:13:51.730,1.5351,1.53533,2.07,1.50
2013.05.29 06:13:52.711,1.53509,1.53529,1.50,1.69
2013.05.29 06:13:52.770,1.53507,1.53526,1.50,1.13
2013.05.29 06:13:52.890,1.53505,1.53526,2.25,1.13
2013.05.29 06:13:53.110,1.53506,1.53526,1.50,1.13
2013.05.29 06:13:54.969,1.53506,1.53525,2.63,1.13
2013.05.29 06:13:55.271,1.53513,1.53525,1.50,1.13
2013.05.29 06:13:55.510,1.53515,1.53525,1.50,1.13
2013.05.29 06:13:55.570,1.53516,1.53525,1.13,1.13
2013.05.29 06:13:55.691,1.53516,1.53525,1.13,1.13
2013.05.29 06:13:55.810,1.53518,1.53536,2.25,1.69
2013.05.29 06:13:56.132,1.53518,1.53536,2.25,1.69
2013.05.29 06:13:56.460,1.53516,1.53536,1.88,1.69
2013.05.29 06:13:56.962,1.53516,1.53536,1.88,1.69
2013.05.29 06:13:57.081,1.53516,1.53538,1.88,1.69
2013.05.29 06:13:57.511,1.53516,1.53538,1.88,1.69
2013.05.29 06:13:57.781,1.53516,1.53537,2.63,1.69
2013.05.29 06:13:58.642,1.53516,1.53538,3.38,1.69
2013.05.29 06:13:59.961,1.53516,1.5354,2.63,1.50
2013.05.29 06:14:00.439,1.53516,1.53539,2.25,1.50
2013.05.29 06:14:00.751,1.53516,1.53538,1.13,2.25
2013.05.29 06:14:00.870,1.53516,1.53537,1.13,1.50
2013.05.29 06:14:01.129,1.53516,1.53537,1.13,1.50
2013.05.29 06:14:01.189,1.53516,1.53537,1.13,1.50
2013.05.29 06:14:01.932,1.53517,1.53539,1.50,1.50
2013.05.29 06:14:02.051,1.53517,1.53542,2.25,2.82
2013.05.29 06:14:02.125,1.53517,1.53542,1.50,2.82
2013.05.29 06:14:02.580,1.53518,1.53542,1.50,1.69
2013.05.29 06:14:03.664,1.53518,1.53543,1.50,1.32
2013.05.29 06:14:04.210,1.53519,1.53542,1.50,1.69
2013.05.29 06:14:04.390,1.53521,1.53544,1.13,1.69
2013.05.29 06:14:04.450,1.53524,1.53546,1.13,2.07
2013.05.29 06:14:04.869,1.53526,1.5355,1.32,1.28
2013.05.29 06:14:05.419,1.53528,1.5355,1.50,1.28
2013.05.29 06:14:05.799,1.53528,1.5355,2.25,1.28
2013.05.29 06:14:06.160,1.53541,1.5355,1.50,1.28
2013.05.29 06:14:06.340,1.53535,1.5355,1.50,1.28
2013.05.29 06:14:06.881,1.53532,1.53551,3.38,1.50
2013.05.29 06:14:08.520,1.53534,1.53554,1.13,1.50
2013.05.29 06:14:08.770,1.53535,1.53554,1.13,1.50
2013.05.29 06:14:10.761,1.53537,1.53554,1.88,1.50
2013.05.29 06:14:11.277,1.53538,1.53553,2.25,1.50
2013.05.29 06:14:11.340,1.53538,1.53553,2.25,1.50
2013.05.29 06:14:11.870,1.53538,1.53553,2.25,1.50
2013.05.29 06:14:12.454,1.53539,1.53554,1.13,1.50
2013.05.29 06:14:14.449,1.53543,1.53557,1.50,1.50
2013.05.29 06:14:16.191,1.53539,1.53551,1.50,1.50
2013.05.29 06:14:16.760,1.53542,1.53551,1.50,1.50
2013.05.29 06:14:18.679,1.5354,1.53552,2.25,1.50
2013.05.29 06:14:19.239,1.5354,1.53551,3.00,1.50
2013.05.29 06:14:20.229,1.5354,1.53551,1.88,1.50
2013.05.29 06:14:21.221,1.53541,1.53549,1.13,1.50
2013.05.29 06:14:21.810,1.53541,1.53553,1.13,1.50
2013.05.29 06:14:21.930,1.53543,1.53561,1.50,1.50
2013.05.29 06:14:22.580,1.53544,1.53564,1.50,1.13
2013.05.29 06:14:22.822,1.53545,1.53567,1.50,1.69
2013.05.29 06:14:23.454,1.53544,1.53564,1.50,1.50
2013.05.29 06:14:24.019,1.53544,1.53564,1.50,1.50
2013.05.29 06:14:24.531,1.53545,1.53564,1.50,1.50
2013.05.29 06:14:25.734,1.5355,1.53566,1.50,1.50
2013.05.29 06:14:26.090,1.53545,1.53562,2.44,1.50
2013.05.29 06:14:26.744,1.53551,1.53564,1.88,1.50
2013.05.29 06:14:27.052,1.53543,1.53564,2.25,1.50
2013.05.29 06:14:27.569,1.53552,1.53571,1.13,1.50
2013.05.29 06:14:27.720,1.53552,1.53576,1.88,1.69
2013.05.29 06:14:28.150,1.53552,1.53576,1.13,1.69
2013.05.29 06:14:28.872,1.53552,1.53571,1.13,1.50
2013.05.29 06:14:29.977,1.5355,1.53571,2.25,1.50
2013.05.29 06:14:30.581,1.5355,1.53571,2.25,1.50
2013.05.29 06:14:31.630,1.53552,1.53576,1.13,2.44
2013.05.29 06:14:32.485,1.53551,1.53575,1.32,1.69
2013.05.29 06:14:32.881,1.53552,1.53576,1.13,2.44
2013.05.29 06:14:33.630,1.53552,1.53576,1.13,1.69
2013.05.29 06:14:34.430,1.53555,1.5358,1.50,1.28
2013.05.29 06:14:34.670,1.53559,1.53582,1.88,1.47
2013.05.29 06:14:34.910,1.53558,1.53583,2.44,1.28
2013.05.29 06:14:34.970,1.53558,1.53583,3.19,1.28
2013.05.29 06:14:35.286,1.53567,1.53586,1.88,1.28
2013.05.29 06:14:35.591,1.53576,1.53587,2.25,1.28
2013.05.29 06:14:35.910,1.53581,1.53591,1.50,2.66
2013.05.29 06:14:36.091,1.53579,1.53593,1.32,2.66
2013.05.29 06:14:36.210,1.53581,1.53594,2.63,2.66
2013.05.29 06:14:36.395,1.53581,1.53594,2.63,1.50
2013.05.29 06:14:36.520,1.53581,1.53605,1.13,2.44
2013.05.29 06:14:40.460,1.53584,1.53605,1.13,1.50
2013.05.29 06:14:40.520,1.53584,1.53608,1.88,1.69
2013.05.29 06:14:40.640,1.53585,1.53608,3.00,1.69
2013.05.29 06:14:41.602,1.53593,1.53608,1.50,2.07
2013.05.29 06:14:41.675,1.53587,1.53608,1.50,1.13
2013.05.29 06:14:41.742,1.53586,1.53608,1.50,1.88
2013.05.29 06:14:41.860,1.53583,1.53607,1.69,1.13
2013.05.29 06:14:41.921,1.53582,1.53605,1.50,1.69
2013.05.29 06:14:42.399,1.53579,1.53605,1.69,3.19
2013.05.29 06:14:42.740,1.5358,1.53605,1.32,3.19
2013.05.29 06:14:44.747,1.53582,1.53605,1.50,2.07
2013.05.29 06:14:45.297,1.5358,1.536,1.69,1.88
2013.05.29 06:14:45.661,1.5358,1.53587,1.50,1.50
2013.05.29 06:14:45.781,1.5358,1.53589,1.50,1.50
2013.05.29 06:14:45.902,1.5358,1.53591,1.50,1.50
2013.05.29 06:14:46.263,1.5358,1.53588,1.50,1.50
2013.05.29 06:14:46.868,1.53571,1.53588,1.50,1.13
2013.05.29 06:14:47.739,1.53567,1.53587,2.25,1.50
2013.05.29 06:14:48.481,1.53567,1.53587,2.25,1.50
2013.05.29 06:14:49.741,1.53566,1.53586,1.50,1.13
2013.05.29 06:14:49.801,1.53564,1.53586,1.69,1.88
2013.05.29 06:14:50.161,1.53561,1.53576,2.85,1.50
2013.05.29 06:14:50.640,1.53561,1.53574,2.10,2.25
2013.05.29 06:14:51.032,1.53561,1.53573,2.10,1.50
2013.05.29 06:14:51.423,1.5356,1.53573,1.50,1.50
2013.05.29 06:14:51.671,1.53548,1.53573,2.07,1.50
2013.05.29 06:14:52.291,1.53548,1.53572,1.32,1.50
2013.05.29 06:14:54.820,1.53556,1.53576,1.50,1.69
2013.05.29 06:14:54.951,1.53556,1.53576,1.50,1.69
2013.05.29 06:14:55.760,1.53556,1.53575,1.50,1.13
2013.05.29 06:14:55.890,1.53556,1.53578,2.25,1.32
2013.05.29 06:14:55.951,1.53556,1.53579,2.25,1.32
2013.05.29 06:14:56.331,1.53556,1.53576,3.00,1.50
2013.05.29 06:14:56.690,1.53549,1.53571,1.50,2.07
2013.05.29 06:14:56.750,1.53549,1.53571,1.50,2.07
2013.05.29 06:14:58.290,1.53552,1.53574,1.50,1.32
2013.05.29 06:15:00.011,1.53552,1.53574,1.50,1.32
2013.05.29 06:15:00.316,1.53548,1.53568,1.13,1.50
2013.05.29 06:15:00.502,1.53548,1.53568,1.13,1.50
2013.05.29 06:15:00.754,1.53546,1.53569,1.50,1.50
2013.05.29 06:15:00.825,1.53546,1.53558,1.50,1.50
2013.05.29 06:15:00.950,1.53545,1.53558,1.50,1.50
2013.05.29 06:15:01.012,1.53547,1.53558,1.13,1.50
2013.05.29 06:15:01.320,1.5355,1.53563,2.44,1.50
2013.05.29 06:15:01.840,1.53551,1.53563,2.25,1.50
2013.05.29 06:15:02.200,1.53549,1.53561,1.69,1.50
2013.05.29 06:15:02.930,1.53546,1.53559,1.13,1.50
2013.05.29 06:15:03.240,1.53545,1.53569,1.50,1.13
2013.05.29 06:15:05.081,1.53565,1.53581,1.50,1.50
2013.05.29 06:15:05.273,1.53562,1.53581,2.07,1.50
2013.05.29 06:15:05.742,1.53563,1.53581,1.69,1.50
2013.05.29 06:15:06.070,1.53565,1.53581,1.69,1.50
2013.05.29 06:15:06.131,1.53565,1.53581,1.32,1.50
2013.05.29 06:15:06.314,1.53566,1.53578,1.50,1.50
2013.05.29 06:15:06.832,1.53567,1.53578,1.50,1.50
2013.05.29 06:15:07.518,1.53566,1.53577,2.07,1.50
2013.05.29 06:15:07.881,1.53568,1.53578,1.69,1.50
2013.05.29 06:15:08.541,1.53563,1.53573,3.00,1.50
2013.05.29 06:15:08.601,1.53563,1.53572,1.50,1.50
2013.05.29 06:15:08.661,1.5356,1.53572,1.69,1.50
2013.05.29 06:15:09.152,1.53553,1.53577,2.63,1.69
2013.05.29 06:15:09.222,1.53553,1.53577,1.88,1.69
2013.05.29 06:15:10.493,1.53548,1.53558,2.44,1.50
2013.05.29 06:15:10.683,1.53544,1.53552,1.50,1.50
2013.05.29 06:15:10.811,1.53541,1.53552,1.50,1.69
2013.05.29 06:15:11.652,1.53522,1.53541,2.41,1.13
2013.05.29 06:15:12.250,1.53522,1.53537,2.41,1.13
2013.05.29 06:15:12.372,1.53525,1.53537,1.56,1.13
2013.05.29 06:15:12.611,1.53522,1.53537,2.41,1.50
2013.05.29 06:15:13.051,1.53522,1.53538,1.61,1.13
2013.05.29 06:15:13.411,1.53528,1.53552,4.29,3.75
2013.05.29 06:15:16.056,1.53537,1.53543,2.52,1.50
2013.05.29 06:15:16.394,1.53535,1.53543,4.29,2.25
2013.05.29 06:15:16.462,1.53535,1.53543,1.17,2.25
2013.05.29 06:15:17.231,1.53534,1.53543,1.17,1.50
2013.05.29 06:15:21.631,1.53539,1.53558,1.13,2.25
2013.05.29 06:15:21.812,1.53539,1.53555,2.07,1.50
2013.05.29 06:15:22.191,1.5354,1.53551,3.19,1.50
2013.05.29 06:15:23.070,1.53544,1.53551,1.50,1.50
2013.05.29 06:15:23.630,1.53542,1.53557,3.75,4.61
2013.05.29 06:15:24.260,1.53546,1.53558,1.69,2.36
2013.05.29 06:15:24.321,1.53546,1.53557,1.69,1.50
2013.05.29 06:15:25.593,1.53544,1.53568,2.44,1.50
2013.05.29 06:15:26.110,1.53544,1.53568,2.44,1.50
2013.05.29 06:15:26.623,1.53544,1.53568,2.44,1.50
2013.05.29 06:15:27.686,1.53545,1.53568,2.44,1.50
2013.05.29 06:15:28.206,1.53545,1.53568,2.44,1.50
2013.05.29 06:15:28.960,1.53545,1.53568,2.44,1.50
2013.05.29 06:15:29.231,1.53545,1.53568,2.44,1.50
2013.05.29 06:15:32.220,1.53534,1.53558,1.13,1.50
2013.05.29 06:15:32.401,1.53534,1.53557,1.13,1.50
2013.05.29 06:15:32.702,1.53532,1.53542,1.69,1.50
2013.05.29 06:15:32.760,1.53533,1.53551,1.32,1.50
2013.05.29 06:15:32.881,1.53533,1.53559,2.07,1.50
2013.05.29 06:15:33.240,1.53533,1.53559,2.07,1.50
2013.05.29 06:15:33.661,1.53533,1.53559,2.07,1.50
2013.05.29 06:15:34.550,1.53533,1.53557,2.07,1.50
2013.05.29 06:15:34.610,1.53533,1.53559,2.07,1.50
2013.05.29 06:15:34.833,1.53533,1.5356,2.07,1.50
2013.05.29 06:15:35.411,1.53539,1.53564,1.50,1.69
2013.05.29 06:15:35.530,1.53539,1.53565,1.50,1.88
2013.05.29 06:15:35.852,1.53539,1.53563,1.50,1.13
2013.05.29 06:15:36.692,1.53538,1.53559,1.50,1.13
2013.05.29 06:15:37.001,1.53531,1.53558,1.69,1.50
2013.05.29 06:15:37.511,1.5353,1.53557,1.69,1.50
2013.05.29 06:15:37.824,1.53542,1.53557,1.50,1.13
2013.05.29 06:15:37.891,1.53543,1.53558,1.50,2.63
2013.05.29 06:15:38.191,1.53542,1.53558,1.50,1.50
2013.05.29 06:15:38.250,1.53534,1.53558,2.25,1.50
2013.05.29 06:15:38.311,1.53542,1.53558,1.50,1.50
2013.05.29 06:15:38.631,1.53542,1.53558,1.50,2.25
2013.05.29 06:15:39.231,1.53535,1.53558,1.50,1.50
2013.05.29 06:15:39.358,1.53535,1.53558,1.50,1.50
2013.05.29 06:15:39.668,1.53535,1.53558,1.50,1.50
2013.05.29 06:15:39.794,1.53535,1.53558,1.50,1.13
2013.05.29 06:15:39.922,1.53535,1.53558,1.50,1.13
2013.05.29 06:15:40.317,1.53535,1.53558,1.50,1.13
2013.05.29 06:15:40.860,1.53526,1.53554,1.69,2.63
2013.05.29 06:15:40.930,1.53526,1.53552,1.69,1.13
2013.05.29 06:15:41.721,1.53527,1.53552,1.69,1.88
2013.05.29 06:15:41.970,1.53529,1.53551,1.50,1.13
2013.05.29 06:15:42.685,1.53529,1.53549,1.50,1.50
2013.05.29 06:15:44.150,1.53529,1.53547,1.50,1.50
2013.05.29 06:15:44.461,1.53521,1.53545,1.32,1.50
2013.05.29 06:15:44.821,1.53528,1.53543,1.50,1.50
2013.05.29 06:15:44.941,1.53528,1.53543,1.50,1.50
2013.05.29 06:15:45.661,1.53528,1.53544,1.50,1.13
2013.05.29 06:15:46.123,1.53528,1.53548,1.50,2.63
2013.05.29 06:15:47.052,1.53528,1.53548,1.50,2.63
2013.05.29 06:15:47.480,1.53528,1.53548,1.50,2.63
2013.05.29 06:15:47.600,1.53522,1.53548,2.25,2.63
2013.05.29 06:15:47.720,1.53522,1.53548,1.50,2.63
2013.05.29 06:15:48.634,1.53522,1.53548,2.25,1.88
2013.05.29 06:15:48.881,1.53522,1.53548,1.50,2.63
2013.05.29 06:15:49.431,1.53522,1.53547,1.50,1.88
2013.05.29 06:15:50.040,1.53522,1.53547,2.25,1.88
2013.05.29 06:15:50.751,1.53522,1.53545,2.25,1.50
2013.05.29 06:15:51.234,1.53524,1.53545,1.50,1.50
2013.05.29 06:15:51.981,1.53524,1.53547,1.50,1.32
2013.05.29 06:15:52.570,1.53524,1.53547,3.00,1.13
2013.05.29 06:15:53.239,1.53524,1.53548,2.25,1.13
2013.05.29 06:15:53.760,1.53524,1.53549,3.00,1.50
2013.05.29 06:15:54.581,1.53528,1.53551,1.50,2.07
2013.05.29 06:15:55.671,1.53533,1.53555,1.13,2.82
2013.05.29 06:15:55.851,1.53538,1.53559,2.25,1.13
2013.05.29 06:15:56.970,1.53538,1.53564,3.38,2.91
2013.05.29 06:15:57.330,1.53545,1.53564,1.50,2.34
2013.05.29 06:15:58.001,1.53546,1.53564,1.50,2.34
2013.05.29 06:15:58.941,1.53547,1.53564,2.25,2.34
2013.05.29 06:15:59.301,1.53554,1.53564,1.50,1.59
2013.05.29 06:15:59.540,1.53551,1.53564,1.50,1.59
2013.05.29 06:15:59.661,1.53547,1.53564,1.13,2.34
2013.05.29 06:16:00.200,1.53549,1.53557,1.50,1.13
2013.05.29 06:16:00.541,1.53526,1.53551,2.25,10.85
2013.05.29 06:16:00.614,1.53521,1.53532,1.65,1.50
2013.05.29 06:16:00.681,1.53521,1.53533,1.65,1.50
2013.05.29 06:16:00.741,1.53515,1.53532,1.65,1.50
2013.05.29 06:16:00.811,1.53515,1.53531,1.65,1.50
2013.05.29 06:16:00.933,1.53505,1.53532,3.36,1.50
2013.05.29 06:16:01.673,1.53505,1.5353,1.86,1.50
2013.05.29 06:16:01.980,1.53507,1.53534,2.63,1.50
2013.05.29 06:16:03.590,1.5351,1.53534,2.10,1.13
2013.05.29 06:16:03.930,1.5351,1.53534,2.10,1.13
2013.05.29 06:16:04.231,1.53517,1.53537,1.35,1.88
2013.05.29 06:16:04.293,1.53517,1.53536,1.35,1.13
2013.05.29 06:16:04.602,1.53516,1.53537,1.35,1.13
2013.05.29 06:16:05.140,1.53517,1.53538,1.35,2.25
2013.05.29 06:16:05.581,1.53527,1.53538,1.50,1.50
2013.05.29 06:16:05.942,1.53529,1.53539,1.54,1.50
2013.05.29 06:16:07.021,1.53534,1.53545,1.54,1.13
2013.05.29 06:16:07.531,1.53534,1.53548,1.54,3.19
2013.05.29 06:16:08.012,1.53534,1.53549,2.29,1.13
2013.05.29 06:16:08.341,1.53538,1.53549,1.50,1.13
2013.05.29 06:16:08.600,1.53538,1.53549,1.50,1.13
2013.05.29 06:16:08.901,1.53538,1.53545,1.50,1.13
2013.05.29 06:16:09.231,1.53525,1.53544,1.50,1.50
2013.05.29 06:16:09.411,1.53526,1.53544,1.50,1.50
2013.05.29 06:16:09.470,1.53525,1.53544,1.50,1.50
2013.05.29 06:16:09.711,1.53526,1.53544,1.50,1.88
2013.05.29 06:16:09.770,1.53526,1.53541,1.50,1.13
2013.05.29 06:16:09.890,1.53525,1.5354,1.50,1.50
2013.05.29 06:16:10.011,1.53515,1.53538,1.88,1.13
2013.05.29 06:16:10.488,1.53514,1.53536,2.44,1.50
2013.05.29 06:16:10.573,1.5351,1.53535,2.44,1.13
2013.05.29 06:16:10.760,1.53507,1.53531,1.13,1.50
2013.05.29 06:16:11.262,1.53507,1.53529,1.13,1.50
2013.05.29 06:16:11.471,1.53507,1.53529,1.13,1.50
2013.05.29 06:16:11.860,1.53506,1.5353,1.13,1.88
2013.05.29 06:16:12.040,1.53503,1.53528,2.07,1.50
2013.05.29 06:16:12.340,1.53504,1.53529,1.50,2.25
2013.05.29 06:16:12.820,1.53503,1.53527,2.07,1.50
2013.05.29 06:16:13.120,1.53503,1.53529,2.07,2.25
2013.05.29 06:16:13.792,1.53506,1.5353,1.50,1.32
2013.05.29 06:16:13.912,1.53505,1.53528,1.50,1.50
2013.05.29 06:16:14.510,1.53506,1.53526,1.50,1.13
2013.05.29 06:16:14.811,1.53512,1.53531,2.25,1.13
2013.05.29 06:16:14.871,1.53513,1.53534,1.50,1.13
2013.05.29 06:16:14.931,1.53514,1.53537,1.50,1.32
2013.05.29 06:16:15.271,1.53514,1.53533,1.50,1.13
2013.05.29 06:16:15.450,1.5351,1.53533,2.25,1.13
2013.05.29 06:16:15.571,1.53511,1.53533,1.50,1.13
2013.05.29 06:16:15.630,1.53511,1.53536,2.25,1.69
2013.05.29 06:16:15.873,1.53514,1.53538,2.25,1.13
2013.05.29 06:16:15.991,1.53515,1.53542,1.50,3.57
2013.05.29 06:16:16.231,1.53514,1.5354,1.50,2.25
2013.05.29 06:16:16.900,1.53514,1.5354,3.00,2.25
2013.05.29 06:16:17.022,1.53514,1.5354,3.00,2.25
2013.05.29 06:16:17.200,1.53514,1.53538,3.00,1.13
2013.05.29 06:16:17.502,1.53509,1.53533,1.13,1.69
2013.05.29 06:16:17.860,1.53509,1.53534,1.13,3.19
2013.05.29 06:16:18.360,1.53509,1.53534,1.13,3.19
2013.05.29 06:16:18.479,1.53509,1.53534,1.13,2.25
2013.05.29 06:16:18.811,1.53518,1.53534,1.50,1.88
2013.05.29 06:16:18.991,1.53519,1.53546,1.88,1.69
2013.05.29 06:16:19.170,1.53519,1.53545,2.63,1.13
2013.05.29 06:16:19.471,1.53519,1.53542,1.13,1.50
2013.05.29 06:16:19.832,1.53519,1.53537,1.13,1.50
2013.05.29 06:16:19.893,1.53519,1.53537,1.13,1.50
2013.05.29 06:16:20.811,1.53513,1.53537,1.13,1.50
2013.05.29 06:16:21.313,1.53516,1.53538,1.13,1.50
2013.05.29 06:16:21.441,1.53518,1.53543,1.50,1.13
2013.05.29 06:16:22.303,1.53529,1.53549,2.63,1.13
2013.05.29 06:16:22.680,1.53532,1.53554,1.50,1.50
2013.05.29 06:16:22.740,1.53529,1.53554,1.13,1.50
2013.05.29 06:16:23.297,1.5353,1.53556,1.50,2.44
2013.05.29 06:16:23.800,1.53529,1.53553,1.88,1.50
2013.05.29 06:16:24.161,1.53527,1.53546,1.13,1.65
2013.05.29 06:16:24.341,1.53527,1.53549,1.13,1.50
2013.05.29 06:16:24.581,1.53527,1.53547,1.13,2.25
2013.05.29 06:16:24.642,1.53523,1.53547,1.32,2.25
2013.05.29 06:16:24.702,1.53523,1.53547,1.32,1.50
2013.05.29 06:16:25.073,1.53523,1.53547,1.13,2.07
2013.05.29 06:16:25.502,1.53523,1.53545,1.13,1.50
2013.05.29 06:16:25.861,1.53519,1.5354,1.50,1.50
2013.05.29 06:16:26.101,1.53519,1.53537,1.50,2.07
2013.05.29 06:16:26.166,1.53519,1.53532,1.50,1.50
2013.05.29 06:16:26.490,1.53519,1.53537,1.50,1.32
2013.05.29 06:16:27.050,1.53519,1.53539,1.50,1.13
2013.05.29 06:16:27.170,1.53519,1.53541,1.50,1.13
2013.05.29 06:16:27.351,1.53519,1.53536,1.50,1.13
2013.05.29 06:16:27.910,1.53519,1.53533,1.50,1.13
2013.05.29 06:16:28.214,1.53519,1.53533,1.50,1.13
2013.05.29 06:16:28.742,1.53519,1.53533,1.50,1.32
2013.05.29 06:16:28.982,1.53519,1.53535,1.50,1.50
2013.05.29 06:16:29.101,1.53519,1.53539,1.50,2.82
2013.05.29 06:16:29.491,1.53519,1.53539,1.50,2.07
2013.05.29 06:16:30.060,1.53519,1.53537,1.50,1.32
2013.05.29 06:16:30.621,1.53519,1.53535,1.50,2.44
2013.05.29 06:16:31.145,1.53519,1.53535,1.50,3.19
2013.05.29 06:16:32.401,1.53519,1.53534,1.50,2.44
2013.05.29 06:16:32.981,1.53519,1.53531,1.50,1.13
2013.05.29 06:16:33.381,1.53518,1.53531,1.50,1.13
2013.05.29 06:16:34.766,1.53509,1.53531,2.80,1.13
2013.05.29 06:16:35.522,1.53509,1.53535,2.80,2.63
2013.05.29 06:16:36.102,1.53509,1.53533,2.80,1.13
2013.05.29 06:16:36.653,1.53513,1.53533,1.50,1.13
2013.05.29 06:16:36.781,1.53513,1.53533,1.50,1.13
2013.05.29 06:16:36.842,1.53505,1.53528,1.13,1.32
2013.05.29 06:16:37.151,1.53502,1.53517,1.50,1.50
2013.05.29 06:16:37.697,1.53503,1.5352,1.50,1.69
2013.05.29 06:16:37.941,1.53503,1.53523,1.50,1.69
2013.05.29 06:16:38.184,1.53505,1.53526,1.13,1.69
2013.05.29 06:16:38.730,1.53503,1.53528,3.00,1.69
2013.05.29 06:16:39.110,1.53503,1.53526,1.50,1.32
2013.05.29 06:16:39.301,1.53503,1.53525,1.50,1.50
2013.05.29 06:16:39.820,1.53503,1.53525,1.50,1.50
2013.05.29 06:16:39.960,1.53503,1.53525,1.50,1.50
2013.05.29 06:16:40.056,1.53503,1.53525,1.50,1.50
2013.05.29 06:16:40.781,1.53503,1.53525,1.50,1.69
2013.05.29 06:16:41.040,1.535,1.53525,2.10,1.69
2013.05.29 06:16:41.561,1.53503,1.53528,1.69,3.19
2013.05.29 06:16:41.746,1.53504,1.5353,1.50,2.44
2013.05.29 06:16:41.812,1.53504,1.5353,1.50,3.19
2013.05.29 06:16:42.080,1.53504,1.5353,1.50,3.19
2013.05.29 06:16:42.651,1.53504,1.53529,1.50,1.69
2013.05.29 06:16:42.841,1.53504,1.5353,1.50,3.19
2013.05.29 06:16:43.061,1.53504,1.5353,1.50,3.19
2013.05.29 06:16:43.385,1.53504,1.53529,1.50,1.69
2013.05.29 06:16:43.521,1.53504,1.53529,1.50,1.69
2013.05.29 06:16:44.340,1.53509,1.53533,1.69,1.69
2013.05.29 06:16:44.401,1.5351,1.53535,2.44,1.50
2013.05.29 06:16:44.702,1.53517,1.53536,2.44,1.50
2013.05.29 06:16:45.811,1.53513,1.53536,1.69,1.50
2013.05.29 06:16:45.871,1.53513,1.53536,1.69,1.50
2013.05.29 06:16:46.424,1.5352,1.53534,1.13,1.50
2013.05.29 06:16:46.742,1.53531,1.53536,1.50,1.50
2013.05.29 06:16:47.100,1.53544,1.5355,1.50,3.23
2013.05.29 06:16:47.402,1.53556,1.53561,1.50,2.31
2013.05.29 06:16:47.841,1.53558,1.53565,1.50,5.87
2013.05.29 06:16:48.426,1.53555,1.53566,1.50,7.36
2013.05.29 06:16:48.501,1.53555,1.53565,2.25,7.36
2013.05.29 06:16:48.801,1.53554,1.53565,1.69,7.36
2013.05.29 06:16:49.161,1.53559,1.53567,1.69,7.36
2013.05.29 06:16:49.231,1.53558,1.53566,1.69,7.36
2013.05.29 06:16:50.431,1.53554,1.53567,1.50,1.66
2013.05.29 06:16:51.953,1.53554,1.53567,1.13,1.66
2013.05.29 06:16:52.602,1.53554,1.53565,1.13,3.72
2013.05.29 06:16:53.733,1.53554,1.53565,1.88,3.72
2013.05.29 06:16:54.182,1.53555,1.53566,2.25,3.72
2013.05.29 06:16:54.708,1.53555,1.53565,2.25,3.98
2013.05.29 06:16:54.862,1.53555,1.53566,2.25,2.19
2013.05.29 06:16:55.193,1.53555,1.53565,2.25,1.42
2013.05.29 06:16:55.826,1.53555,1.53576,1.50,1.69
2013.05.29 06:16:55.893,1.53553,1.53578,1.88,1.69
2013.05.29 06:16:55.964,1.53553,1.53577,1.50,1.69
2013.05.29 06:16:56.274,1.53552,1.53578,1.13,3.19
2013.05.29 06:16:57.393,1.53551,1.53578,2.82,3.94
2013.05.29 06:16:57.510,1.53551,1.53576,2.07,1.69
2013.05.29 06:16:57.751,1.5355,1.53576,2.82,3.19
2013.05.29 06:16:57.870,1.5355,1.53576,2.82,3.19
2013.05.29 06:16:58.410,1.53556,1.53578,2.07,1.50
2013.05.29 06:16:58.723,1.53554,1.53576,1.32,1.50
2013.05.29 06:16:58.783,1.53553,1.53576,1.69,1.50
2013.05.29 06:16:58.911,1.53548,1.53575,2.82,1.69
2013.05.29 06:16:59.033,1.53548,1.53574,1.69,1.69
2013.05.29 06:16:59.412,1.53547,1.53574,2.07,3.19
2013.05.29 06:17:00.951,1.53547,1.53573,2.07,2.25
2013.05.29 06:17:01.910,1.53546,1.5357,2.25,2.44
2013.05.29 06:17:02.650,1.53543,1.53566,1.32,2.25
2013.05.29 06:17:03.421,1.53544,1.53566,1.13,1.50
2013.05.29 06:17:03.721,1.53545,1.53572,2.07,3.19
2013.05.29 06:17:03.840,1.53546,1.53572,1.32,3.19
2013.05.29 06:17:04.141,1.53563,1.53573,1.69,1.50
2013.05.29 06:17:04.444,1.53569,1.53576,1.69,1.50
2013.05.29 06:17:04.754,1.53575,1.53582,2.07,1.50
2013.05.29 06:17:05.505,1.53581,1.53586,1.50,1.50
2013.05.29 06:17:05.587,1.53581,1.53593,2.44,3.01
2013.05.29 06:17:06.521,1.53582,1.53596,1.69,3.01
2013.05.29 06:17:06.700,1.53585,1.53597,1.50,2.26
2013.05.29 06:17:06.891,1.53583,1.53597,1.69,3.01
2013.05.29 06:17:07.421,1.53582,1.53595,1.69,3.01
2013.05.29 06:17:08.181,1.53583,1.53596,1.50,3.01
2013.05.29 06:17:08.430,1.53588,1.53601,1.69,1.92
2013.05.29 06:17:08.611,1.53592,1.53605,2.44,1.44
2013.05.29 06:17:09.192,1.536,1.5361,1.13,3.42
2013.05.29 06:17:09.263,1.536,1.53612,1.13,1.33
2013.05.29 06:17:09.870,1.53602,1.53615,1.50,1.33
2013.05.29 06:17:10.171,1.53608,1.53619,1.50,3.20
2013.05.29 06:17:10.410,1.53608,1.53621,3.00,2.45
2013.05.29 06:17:10.591,1.5361,1.53626,1.69,2.45
2013.05.29 06:17:10.950,1.53611,1.53628,1.32,1.47
2013.05.29 06:17:11.092,1.53615,1.5363,1.69,2.59
2013.05.29 06:17:11.341,1.53615,1.5363,1.32,1.19
2013.05.29 06:17:11.520,1.53615,1.5363,1.69,1.19
2013.05.29 06:17:12.131,1.53615,1.53629,1.50,1.59
2013.05.29 06:17:12.191,1.53615,1.53637,1.50,1.50
2013.05.29 06:17:12.740,1.53623,1.5364,1.13,1.69
2013.05.29 06:17:13.162,1.53617,1.53642,1.69,1.69
2013.05.29 06:17:14.270,1.53617,1.53631,1.69,1.69
2013.05.29 06:17:14.771,1.53617,1.53631,1.69,2.44
2013.05.29 06:17:14.830,1.53617,1.53631,1.69,2.44
2013.05.29 06:17:15.354,1.53617,1.53634,1.69,1.69
2013.05.29 06:17:16.672,1.53617,1.53636,1.69,1.69
2013.05.29 06:17:17.042,1.53614,1.53632,1.69,1.69
2013.05.29 06:17:17.401,1.53604,1.53628,1.69,1.69
2013.05.29 06:17:17.762,1.53603,1.53623,2.44,1.50
2013.05.29 06:17:18.065,1.53601,1.53623,1.39,1.69
2013.05.29 06:17:18.612,1.53601,1.5362,1.39,1.50
2013.05.29 06:17:20.061,1.53594,1.5362,1.39,1.69
2013.05.29 06:17:20.300,1.53594,1.5362,1.47,2.44
2013.05.29 06:17:20.950,1.53594,1.53617,1.65,1.69
2013.05.29 06:17:21.442,1.53594,1.53617,1.28,1.69
2013.05.29 06:17:22.011,1.53593,1.53616,1.28,1.69
2013.05.29 06:17:22.322,1.53592,1.5361,2.35,1.69
2013.05.29 06:17:22.680,1.53587,1.5361,1.77,2.44
2013.05.29 06:17:23.390,1.53587,1.5361,1.77,2.82
2013.05.29 06:17:23.805,1.53587,1.53606,1.77,1.69
2013.05.29 06:17:24.143,1.53579,1.53606,1.69,1.69
2013.05.29 06:17:24.423,1.53582,1.53605,1.88,1.69
2013.05.29 06:17:24.553,1.53583,1.53605,1.13,1.69
2013.05.29 06:17:24.680,1.53579,1.53605,1.69,1.69
2013.05.29 06:17:25.220,1.53579,1.53605,1.69,1.69
2013.05.29 06:17:25.987,1.53579,1.53605,1.69,1.69
2013.05.29 06:17:26.171,1.5358,1.53612,1.69,1.69
2013.05.29 06:17:26.230,1.5358,1.53613,1.69,1.32
2013.05.29 06:17:27.272,1.53588,1.53614,1.32,1.69
2013.05.29 06:17:27.631,1.53591,1.53612,1.32,1.69
2013.05.29 06:17:27.811,1.53591,1.53614,1.13,2.07
2013.05.29 06:17:28.355,1.53591,1.53616,1.13,1.69
2013.05.29 06:17:28.425,1.53591,1.53619,1.13,1.69
2013.05.29 06:17:28.571,1.53588,1.53619,1.13,1.69
2013.05.29 06:17:30.151,1.53588,1.53616,1.32,1.69
2013.05.29 06:17:30.271,1.53583,1.53615,1.13,1.69
2013.05.29 06:17:30.390,1.53583,1.53613,1.13,1.69
2013.05.29 06:17:32.372,1.53582,1.53613,2.10,1.69
2013.05.29 06:17:34.392,1.53582,1.53613,2.10,1.69
2013.05.29 06:17:35.285,1.53583,1.53615,2.07,1.69
2013.05.29 06:17:36.437,1.53582,1.53611,1.69,2.25
2013.05.29 06:17:38.492,1.53581,1.53613,1.32,2.44
2013.05.29 06:17:38.850,1.53585,1.53614,1.32,1.69
2013.05.29 06:17:39.530,1.53586,1.53614,2.25,1.69
2013.05.29 06:17:39.902,1.53587,1.53615,1.50,1.69
2013.05.29 06:17:39.965,1.53587,1.53613,1.50,1.69
2013.05.29 06:17:40.033,1.53587,1.53613,1.50,1.69
2013.05.29 06:17:42.181,1.5359,1.53615,2.07,1.50
2013.05.29 06:17:42.311,1.5359,1.53615,1.50,1.50
2013.05.29 06:17:42.430,1.53592,1.5362,2.25,1.69
2013.05.29 06:17:42.551,1.53592,1.53617,2.25,1.69
2013.05.29 06:17:42.611,1.53587,1.53613,1.69,1.69
2013.05.29 06:17:42.671,1.53587,1.53611,1.50,1.69
2013.05.29 06:17:43.053,1.5358,1.5361,3.19,2.44
2013.05.29 06:17:43.122,1.5358,1.5361,2.25,3.19
2013.05.29 06:17:43.480,1.53579,1.53607,2.82,1.69
2013.05.29 06:17:43.542,1.5358,1.5361,2.25,1.69
2013.05.29 06:17:44.201,1.53582,1.53607,1.50,1.69
2013.05.29 06:17:44.320,1.53582,1.53607,1.50,2.44
2013.05.29 06:17:47.064,1.53579,1.53607,1.69,2.44
2013.05.29 06:17:48.211,1.53581,1.53607,1.69,1.13
2013.05.29 06:17:48.392,1.53584,1.53607,1.50,1.13
2013.05.29 06:17:48.750,1.53584,1.53607,2.25,1.13
2013.05.29 06:17:49.051,1.5359,1.53614,1.13,1.32
2013.05.29 06:17:50.362,1.53591,1.53618,2.44,1.54
2013.05.29 06:17:51.413,1.5359,1.53614,1.69,1.50
2013.05.29 06:17:51.472,1.53589,1.53614,1.69,1.69
2013.05.29 06:17:52.202,1.53585,1.53607,1.50,1.50
2013.05.29 06:17:52.444,1.53583,1.53607,1.69,1.50
2013.05.29 06:17:52.571,1.53582,1.53607,2.44,1.50
2013.05.29 06:17:53.322,1.53581,1.53607,1.69,2.25
2013.05.29 06:17:54.082,1.5358,1.53607,3.19,1.50
2013.05.29 06:17:54.810,1.53582,1.53607,1.69,1.50
2013.05.29 06:17:55.421,1.5358,1.53605,3.19,1.50
2013.05.29 06:17:58.140,1.53584,1.53609,3.00,1.32
2013.05.29 06:17:58.200,1.53585,1.53609,1.50,1.32
2013.05.29 06:17:59.101,1.53588,1.53613,1.50,1.32
2013.05.29 06:17:59.609,1.53588,1.53613,1.50,1.32
2013.05.29 06:18:00.150,1.53586,1.53613,2.44,2.07
2013.05.29 06:18:00.451,1.53595,1.53615,1.69,1.50
2013.05.29 06:18:01.961,1.53592,1.53614,2.44,1.13
2013.05.29 06:18:02.529,1.53594,1.53615,1.50,1.50
2013.05.29 06:18:03.083,1.53594,1.53615,1.50,1.50
2013.05.29 06:18:03.262,1.53595,1.53619,1.50,1.69
2013.05.29 06:18:03.321,1.53599,1.53619,1.50,1.69
2013.05.29 06:18:04.853,1.53597,1.53618,1.50,1.50
2013.05.29 06:18:08.751,1.53594,1.53617,2.44,1.50
2013.05.29 06:18:11.381,1.53597,1.53621,1.50,1.69
2013.05.29 06:18:12.152,1.53597,1.53621,3.19,1.50
2013.05.29 06:18:12.514,1.53605,1.53622,1.50,1.50
2013.05.29 06:18:13.062,1.53605,1.53622,2.44,1.50
2013.05.29 06:18:13.992,1.53606,1.53622,1.69,1.50
2013.05.29 06:18:14.540,1.53607,1.53622,1.69,1.50
2013.05.29 06:18:14.662,1.53607,1.53622,1.69,1.50
2013.05.29 06:18:14.900,1.53601,1.53622,1.88,1.69
2013.05.29 06:18:15.610,1.53598,1.53621,1.32,1.50
2013.05.29 06:18:15.691,1.53596,1.53621,2.44,1.50
2013.05.29 06:18:17.850,1.53596,1.5362,1.69,1.50
2013.05.29 06:18:19.640,1.53596,1.5362,1.69,1.88
2013.05.29 06:18:19.700,1.53596,1.53619,1.69,1.13
2013.05.29 06:18:19.760,1.53594,1.53619,2.44,1.32
2013.05.29 06:18:20.252,1.53596,1.5362,1.32,1.69
2013.05.29 06:18:20.313,1.53598,1.53621,2.25,1.69
2013.05.29 06:18:20.918,1.53602,1.53621,1.69,1.50
2013.05.29 06:18:21.234,1.53605,1.53622,1.50,1.50
2013.05.29 06:18:21.301,1.53605,1.53623,1.50,2.44
2013.05.29 06:18:21.601,1.53606,1.53629,1.50,1.69
2013.05.29 06:18:21.840,1.53603,1.53629,2.44,1.69
2013.05.29 06:18:21.961,1.53602,1.53629,1.69,1.69
2013.05.29 06:18:22.201,1.53602,1.53629,2.07,1.69
2013.05.29 06:18:22.320,1.53594,1.53629,2.25,1.69
2013.05.29 06:18:22.640,1.53598,1.53626,1.69,1.50
2013.05.29 06:18:23.192,1.53592,1.53617,1.50,2.07
2013.05.29 06:18:23.826,1.53601,1.53618,1.13,1.13
2013.05.29 06:18:25.802,1.53601,1.53622,1.13,2.07
2013.05.29 06:18:26.171,1.53604,1.53625,2.25,1.69
2013.05.29 06:18:26.290,1.53608,1.53628,1.50,1.69
2013.05.29 06:18:26.830,1.53609,1.53628,1.50,1.69
2013.05.29 06:18:26.897,1.53609,1.5363,1.50,1.69
2013.05.29 06:18:27.381,1.5361,1.53632,1.69,1.50
2013.05.29 06:18:27.741,1.53624,1.5363,1.50,1.50
2013.05.29 06:18:28.180,1.53624,1.53632,1.50,1.50
2013.05.29 06:18:28.262,1.53622,1.53632,2.44,1.50
2013.05.29 06:18:28.604,1.53625,1.53631,1.50,1.50
2013.05.29 06:18:29.441,1.53624,1.53632,1.50,1.50
2013.05.29 06:18:29.500,1.53624,1.53632,1.50,1.50
2013.05.29 06:18:29.740,1.53614,1.53629,1.13,1.50
2013.05.29 06:18:29.800,1.53614,1.53631,1.13,2.25
2013.05.29 06:18:30.161,1.5361,1.53621,1.13,1.50
2013.05.29 06:18:30.494,1.5361,1.53621,1.13,1.50
2013.05.29 06:18:30.680,1.53606,1.53621,1.50,1.50
2013.05.29 06:18:31.343,1.53607,1.53622,1.88,1.50
2013.05.29 06:18:31.916,1.53608,1.53621,1.50,1.50
2013.05.29 06:18:32.182,1.53608,1.53621,1.50,1.50
2013.05.29 06:18:33.399,1.53613,1.53621,2.25,1.50
2013.05.29 06:18:34.692,1.53613,1.53621,2.25,1.50
2013.05.29 06:18:35.085,1.53613,1.53621,1.50,1.50
2013.05.29 06:18:35.713,1.53612,1.53621,1.50,1.50
2013.05.29 06:18:36.531,1.53602,1.53618,1.13,1.50
2013.05.29 06:18:36.725,1.53602,1.53619,1.73,1.50
2013.05.29 06:18:37.032,1.53589,1.5361,1.50,5.26
2013.05.29 06:18:37.161,1.5359,1.53607,1.32,4.51
2013.05.29 06:18:37.402,1.53582,1.53606,2.48,4.51
2013.05.29 06:18:37.712,1.53592,1.53606,1.13,6.01
2013.05.29 06:18:37.841,1.5359,1.53606,1.69,6.01
2013.05.29 06:18:38.332,1.53597,1.53608,1.13,4.13
2013.05.29 06:18:38.531,1.53596,1.53608,1.13,3.01
2013.05.29 06:18:41.022,1.53595,1.53608,1.50,3.01
2013.05.29 06:18:41.509,1.53595,1.5362,2.25,2.44
2013.05.29 06:18:41.940,1.53602,1.5362,1.13,1.50
2013.05.29 06:18:43.611,1.53602,1.53622,1.13,1.50
2013.05.29 06:18:43.961,1.53602,1.53619,1.13,1.50
2013.05.29 06:18:44.380,1.536,1.53618,1.50,1.50
2013.05.29 06:18:44.700,1.53592,1.53611,1.73,1.50
2013.05.29 06:18:47.670,1.53591,1.53614,1.35,1.69
2013.05.29 06:18:47.891,1.53588,1.53612,2.67,1.50
2013.05.29 06:18:48.374,1.53588,1.53611,2.07,1.50
2013.05.29 06:18:48.900,1.53588,1.53613,2.07,1.69
2013.05.29 06:18:49.100,1.53588,1.53614,2.82,1.69
2013.05.29 06:18:49.422,1.53587,1.53601,1.13,4.51
2013.05.29 06:18:49.933,1.53587,1.53599,1.88,4.51
2013.05.29 06:18:50.531,1.53577,1.53599,1.13,5.63
2013.05.29 06:18:52.011,1.53587,1.53599,1.13,4.51
2013.05.29 06:18:52.541,1.53576,1.53598,1.32,3.76
2013.05.29 06:18:53.931,1.53586,1.536,2.44,1.50
2013.05.29 06:18:56.241,1.53584,1.53599,2.82,1.50
2013.05.29 06:18:57.441,1.53582,1.53596,2.25,1.50
2013.05.29 06:18:58.011,1.53582,1.53596,1.50,1.50
2013.05.29 06:18:58.614,1.53582,1.53596,3.00,1.50
2013.05.29 06:18:59.125,1.53582,1.53596,1.50,1.50
2013.05.29 06:18:59.441,1.53585,1.53597,1.50,1.50
2013.05.29 06:18:59.562,1.53589,1.5361,1.50,1.32
2013.05.29 06:18:59.681,1.5359,1.5361,1.50,1.32
2013.05.29 06:18:59.741,1.53592,1.53612,1.50,1.69
2013.05.29 06:18:59.860,1.5359,1.53612,1.50,1.69
2013.05.29 06:19:01.081,1.5359,1.53611,2.25,1.69
2013.05.29 06:19:01.647,1.53592,1.53612,1.50,1.69
2013.05.29 06:19:02.290,1.53592,1.53613,1.69,1.13
2013.05.29 06:19:02.623,1.53595,1.53613,1.50,1.13
2013.05.29 06:19:03.831,1.53595,1.53614,1.50,1.50
2013.05.29 06:19:03.951,1.53595,1.53614,1.50,1.13
2013.05.29 06:19:04.701,1.53595,1.53615,1.50,1.69
2013.05.29 06:19:05.461,1.53594,1.53614,1.50,1.50
2013.05.29 06:19:07.206,1.53594,1.53604,1.50,1.50
2013.05.29 06:19:07.744,1.53593,1.53604,2.25,1.50
2013.05.29 06:19:08.193,1.53593,1.53609,2.25,1.13
2013.05.29 06:19:08.384,1.53593,1.53606,2.25,1.50
2013.05.29 06:19:08.989,1.5359,1.53606,3.94,1.50
2013.05.29 06:19:10.278,1.5359,1.53607,1.69,1.50
2013.05.29 06:19:11.551,1.5359,1.53607,1.50,1.50
2013.05.29 06:19:12.461,1.5359,1.53607,2.25,1.50
2013.05.29 06:19:13.051,1.5359,1.53607,1.50,1.50
2013.05.29 06:19:14.841,1.5359,1.53607,1.69,1.50
2013.05.29 06:19:15.201,1.536,1.53608,1.50,1.13
2013.05.29 06:19:15.512,1.53602,1.53609,1.50,1.13
2013.05.29 06:19:16.048,1.53595,1.53608,2.25,2.63
2013.05.29 06:19:16.124,1.53599,1.53608,1.69,2.63
2013.05.29 06:19:16.252,1.53598,1.53608,2.44,2.63
2013.05.29 06:19:16.902,1.536,1.53608,1.50,2.63
2013.05.29 06:19:17.031,1.53597,1.53607,1.50,1.50
2013.05.29 06:19:17.093,1.53597,1.53608,2.82,2.63
2013.05.29 06:19:17.401,1.53601,1.5361,1.13,2.63
2013.05.29 06:19:17.522,1.53601,1.5361,1.32,2.63
2013.05.29 06:19:18.062,1.53599,1.53608,2.25,3.00
2013.05.29 06:19:18.181,1.53597,1.53607,1.69,5.25
2013.05.29 06:19:18.337,1.53597,1.53608,1.69,5.25
2013.05.29 06:19:18.972,1.53597,1.53609,1.69,5.25
2013.05.29 06:19:19.296,1.53597,1.53617,1.69,1.50
2013.05.29 06:19:21.906,1.53597,1.53611,1.69,1.50
2013.05.29 06:19:22.092,1.536,1.53624,1.50,3.19
2013.05.29 06:19:23.835,1.53598,1.53623,1.50,1.69
2013.05.29 06:19:24.162,1.53598,1.53624,1.50,2.82
2013.05.29 06:19:26.652,1.53598,1.53623,1.50,1.69
2013.05.29 06:19:27.058,1.53594,1.5362,1.69,2.44
2013.05.29 06:19:34.046,1.53594,1.5362,2.44,1.69
2013.05.29 06:19:34.110,1.53596,1.53622,1.50,2.07
2013.05.29 06:19:34.470,1.53597,1.53622,1.69,1.32
2013.05.29 06:19:36.620,1.53597,1.53623,2.44,1.32
2013.05.29 06:19:36.980,1.53595,1.53621,1.69,3.19
2013.05.29 06:19:37.102,1.53591,1.53617,1.69,1.69
2013.05.29 06:19:37.563,1.53593,1.53618,1.50,1.32
2013.05.29 06:19:38.080,1.53594,1.53618,1.50,1.32
2013.05.29 06:19:38.590,1.53594,1.5362,1.50,1.69
2013.05.29 06:19:38.950,1.53594,1.5362,1.50,1.69
2013.05.29 06:19:39.072,1.53594,1.53619,1.50,1.69
2013.05.29 06:19:39.520,1.53593,1.5362,2.07,2.44
2013.05.29 06:19:40.895,1.53593,1.53619,1.32,2.82
2013.05.29 06:19:40.965,1.53592,1.53618,2.44,1.69
2013.05.29 06:19:41.511,1.53592,1.53605,1.50,1.50
2013.05.29 06:19:42.012,1.53592,1.53605,2.44,1.50
2013.05.29 06:19:42.565,1.53592,1.53605,1.69,1.50
2013.05.29 06:19:42.821,1.53594,1.53616,1.50,1.13
2013.05.29 06:19:43.356,1.53594,1.53616,1.50,1.32
2013.05.29 06:19:43.904,1.53592,1.53616,1.69,1.32
2013.05.29 06:19:44.450,1.53592,1.53617,1.69,2.07
2013.05.29 06:19:44.644,1.53592,1.53617,1.69,1.32
2013.05.29 06:19:45.752,1.53592,1.53617,2.44,2.07
2013.05.29 06:19:45.850,1.53592,1.53617,2.44,1.32
2013.05.29 06:19:46.881,1.53592,1.53618,3.19,1.32
2013.05.29 06:19:47.301,1.53596,1.5362,1.50,1.69
2013.05.29 06:19:47.852,1.53598,1.53618,1.50,1.32
2013.05.29 06:19:48.151,1.53598,1.5362,1.50,1.69
2013.05.29 06:19:48.451,1.53598,1.53624,1.50,1.69
2013.05.29 06:19:48.511,1.53599,1.53624,1.50,1.69
2013.05.29 06:19:48.572,1.53599,1.53624,1.50,1.69
2013.05.29 06:19:48.732,1.53599,1.53622,2.25,1.32
2013.05.29 06:19:49.112,1.53599,1.53623,1.50,1.69
2013.05.29 06:19:49.871,1.53599,1.53623,2.25,1.69
2013.05.29 06:19:51.312,1.53598,1.53624,2.25,2.44
2013.05.29 06:19:51.734,1.53578,1.53611,2.63,3.75
2013.05.29 06:19:52.070,1.53574,1.53611,2.18,3.01
2013.05.29 06:19:52.141,1.53598,1.53624,1.50,2.44
2013.05.29 06:19:54.610,1.53598,1.53624,1.50,2.44
2013.05.29 06:19:56.852,1.5358,1.5361,1.88,1.88
2013.05.29 06:19:58.081,1.53597,1.53611,1.69,1.50
2013.05.29 06:19:58.200,1.53597,1.53622,2.44,1.32
2013.05.29 06:19:58.936,1.53597,1.53622,2.44,1.32
2013.05.29 06:19:59.632,1.53597,1.53622,2.82,1.32
2013.05.29 06:20:00.901,1.53598,1.53622,1.50,1.69
2013.05.29 06:20:01.021,1.53592,1.53618,1.32,2.07
2013.05.29 06:20:01.205,1.53593,1.53618,1.69,2.07
2013.05.29 06:20:01.511,1.53588,1.5361,2.25,2.44
2013.05.29 06:20:01.883,1.53573,1.536,2.25,3.76
2013.05.29 06:20:05.703,1.53585,1.53599,1.50,3.57
2013.05.29 06:20:05.897,1.53586,1.53595,1.50,1.69
2013.05.29 06:20:06.583,1.53569,1.53582,1.32,1.50
2013.05.29 06:20:07.430,1.53575,1.53588,1.50,1.13
2013.05.29 06:20:07.781,1.53583,1.53589,1.13,1.13
2013.05.29 06:20:07.843,1.53579,1.53589,1.50,1.13
2013.05.29 06:20:08.091,1.53583,1.53589,2.25,1.13
2013.05.29 06:20:08.631,1.5359,1.53602,1.50,1.13
2013.05.29 06:20:09.162,1.53589,1.536,1.50,1.50
2013.05.29 06:20:09.304,1.53584,1.536,1.50,1.50
2013.05.29 06:20:09.373,1.53579,1.536,1.69,1.50
2013.05.29 06:20:09.612,1.53578,1.53593,2.07,1.13
2013.05.29 06:20:10.283,1.53579,1.53593,1.50,1.13
2013.05.29 06:20:12.612,1.53581,1.53606,2.25,3.57
2013.05.29 06:20:13.451,1.53583,1.53609,1.50,1.69
2013.05.29 06:20:13.983,1.53584,1.5361,1.69,1.69
2013.05.29 06:20:14.221,1.53587,1.5361,1.13,1.69
2013.05.29 06:20:14.582,1.53593,1.53612,1.50,1.13
2013.05.29 06:20:14.762,1.53588,1.5361,1.50,1.69
2013.05.29 06:20:14.882,1.53587,1.5361,1.13,2.44
2013.05.29 06:20:14.945,1.53584,1.53607,1.50,1.32
2013.05.29 06:20:15.074,1.5358,1.53607,1.88,2.82
2013.05.29 06:20:16.092,1.5358,1.53605,1.13,1.69
2013.05.29 06:20:16.908,1.5358,1.53602,1.88,1.69
2013.05.29 06:20:17.410,1.53579,1.53601,1.50,2.44
2013.05.29 06:20:17.731,1.53578,1.536,1.13,1.13
2013.05.29 06:20:17.793,1.53578,1.536,1.13,1.50
2013.05.29 06:20:17.861,1.53578,1.536,1.13,1.50
2013.05.29 06:20:17.980,1.53578,1.536,1.88,2.25
2013.05.29 06:20:18.040,1.53578,1.53599,1.13,1.50
2013.05.29 06:20:18.592,1.53575,1.536,1.50,1.32
2013.05.29 06:20:19.224,1.53575,1.536,1.50,2.07
2013.05.29 06:20:20.141,1.53577,1.53597,1.13,1.32
2013.05.29 06:20:20.885,1.53577,1.53592,1.13,1.13
2013.05.29 06:20:21.572,1.53575,1.53592,1.50,1.50
2013.05.29 06:20:21.811,1.53575,1.53597,1.50,1.69
2013.05.29 06:20:21.991,1.53575,1.53599,1.50,1.69
2013.05.29 06:20:22.501,1.53575,1.53591,1.50,1.69
2013.05.29 06:20:22.861,1.53574,1.53588,1.50,1.50
2013.05.29 06:20:23.163,1.53573,1.53583,2.25,3.38
2013.05.29 06:20:23.702,1.53573,1.5358,1.50,2.63
2013.05.29 06:20:27.843,1.53563,1.53569,1.50,1.50
2013.05.29 06:20:28.173,1.53561,1.53568,2.03,1.50
2013.05.29 06:20:28.731,1.53554,1.53568,2.78,2.63
2013.05.29 06:20:29.656,1.5356,1.53574,2.78,1.32
2013.05.29 06:20:31.132,1.53561,1.53571,1.50,1.69
2013.05.29 06:20:31.753,1.53561,1.53571,1.50,3.19
2013.05.29 06:20:31.991,1.5356,1.53571,1.50,2.44
2013.05.29 06:20:32.609,1.5356,1.53568,1.50,1.50
2013.05.29 06:20:32.935,1.53555,1.53568,1.57,1.50
2013.05.29 06:20:33.062,1.53555,1.53568,1.57,1.50
2013.05.29 06:20:33.181,1.53557,1.53569,2.59,1.88
2013.05.29 06:20:33.301,1.53557,1.53569,2.59,1.88
2013.05.29 06:20:33.481,1.5355,1.53564,1.48,1.50
2013.05.29 06:20:33.783,1.53548,1.53559,4.07,1.50
2013.05.29 06:20:34.092,1.53546,1.53557,4.07,1.50
2013.05.29 06:20:34.331,1.53548,1.5356,4.07,1.50
2013.05.29 06:20:34.393,1.53549,1.53563,4.07,2.44
2013.05.29 06:20:34.462,1.5355,1.53563,1.48,1.50
2013.05.29 06:20:34.641,1.53554,1.53566,2.59,2.25
2013.05.29 06:20:34.881,1.53555,1.53568,2.59,2.44
2013.05.29 06:20:35.061,1.53554,1.53568,2.59,1.69
2013.05.29 06:20:35.421,1.53558,1.53571,1.50,1.69
2013.05.29 06:20:35.964,1.53559,1.53573,3.19,1.50
2013.05.29 06:20:36.032,1.53557,1.53572,3.19,1.32
2013.05.29 06:20:36.333,1.53552,1.53558,1.50,1.13
2013.05.29 06:20:36.692,1.53547,1.53564,2.87,1.50
2013.05.29 06:20:38.332,1.53538,1.53557,1.50,1.69
2013.05.29 06:20:38.634,1.53538,1.53559,1.50,1.32
2013.05.29 06:20:39.460,1.53537,1.53559,1.50,1.32
2013.05.29 06:20:40.813,1.53537,1.53559,1.50,1.32
2013.05.29 06:20:41.314,1.53537,1.53559,2.44,1.13
2013.05.29 06:20:41.625,1.53533,1.53556,1.13,1.69
2013.05.29 06:20:42.103,1.53534,1.53557,2.63,1.69
2013.05.29 06:20:42.171,1.53536,1.53561,1.69,1.50
2013.05.29 06:20:42.247,1.5354,1.53563,1.50,1.69
2013.05.29 06:20:42.551,1.53536,1.53554,2.25,1.13
2013.05.29 06:20:42.672,1.5353,1.53555,1.69,1.69
2013.05.29 06:20:42.911,1.53534,1.53559,1.69,1.32
2013.05.29 06:20:43.092,1.53535,1.53559,1.50,1.32
2013.05.29 06:20:43.151,1.53538,1.53561,2.25,1.69
2013.05.29 06:20:43.272,1.53539,1.53565,1.50,1.47
2013.05.29 06:20:43.331,1.5354,1.53565,1.50,1.47
2013.05.29 06:20:43.633,1.53553,1.53566,1.50,1.28
2013.05.29 06:20:43.822,1.53555,1.53568,1.50,1.13
2013.05.29 06:20:44.892,1.53559,1.53575,1.50,3.42
2013.05.29 06:20:45.841,1.53548,1.53568,1.50,1.50
2013.05.29 06:20:45.962,1.53547,1.53567,1.50,1.47
2013.05.29 06:20:46.081,1.53543,1.53565,1.88,2.22
2013.05.29 06:20:46.422,1.53546,1.53567,1.13,2.44
2013.05.29 06:20:46.541,1.53544,1.53567,1.88,1.69
2013.05.29 06:20:46.661,1.53546,1.53567,1.13,1.69
2013.05.29 06:20:46.781,1.53551,1.53569,1.50,2.25
2013.05.29 06:20:46.842,1.5355,1.53569,1.50,2.25
2013.05.29 06:20:46.962,1.53559,1.53573,1.50,3.19
2013.05.29 06:20:47.322,1.53552,1.53563,1.50,3.38
2013.05.29 06:20:48.837,1.53553,1.53562,1.50,2.25
2013.05.29 06:20:48.904,1.53561,1.53578,1.50,2.25
2013.05.29 06:20:49.033,1.53553,1.53562,2.25,3.00
2013.05.29 06:20:49.647,1.53552,1.53563,1.50,3.00
2013.05.29 06:20:49.723,1.53552,1.53564,1.50,3.00
2013.05.29 06:20:50.984,1.53556,1.53565,1.69,2.25
2013.05.29 06:20:51.866,1.53551,1.53563,1.69,3.00
2013.05.29 06:20:53.700,1.5355,1.53559,1.69,1.50
2013.05.29 06:20:54.016,1.53551,1.53559,1.13,1.50
2013.05.29 06:20:54.203,1.53543,1.53559,1.13,1.50
2013.05.29 06:20:54.701,1.53543,1.53559,1.13,1.50
2013.05.29 06:20:56.162,1.53554,1.53558,1.13,1.50
2013.05.29 06:20:57.122,1.53557,1.53564,1.69,1.13
2013.05.29 06:20:58.132,1.53553,1.53563,1.32,3.00
2013.05.29 06:20:59.803,1.53564,1.53578,1.69,1.50
2013.05.29 06:20:59.872,1.53569,1.53578,1.69,1.13
2013.05.29 06:21:01.243,1.5357,1.53581,1.69,1.50
2013.05.29 06:21:01.736,1.53575,1.53584,1.13,3.38
2013.05.29 06:21:02.034,1.53576,1.53585,1.32,4.51
2013.05.29 06:21:02.284,1.53578,1.53585,1.13,1.50
2013.05.29 06:21:02.593,1.5358,1.53589,1.50,4.51
2013.05.29 06:21:02.662,1.5358,1.53591,1.88,3.75
2013.05.29 06:21:02.852,1.53576,1.53593,1.13,1.77
2013.05.29 06:21:02.972,1.53576,1.53593,1.13,2.52
2013.05.29 06:21:03.272,1.53574,1.53593,1.13,2.52
2013.05.29 06:21:03.513,1.53572,1.53593,1.50,2.70
2013.05.29 06:21:03.761,1.53567,1.5359,3.00,1.69
2013.05.29 06:21:05.854,1.53568,1.53589,2.25,1.69
2013.05.29 06:21:06.973,1.53568,1.53592,1.88,2.44
2013.05.29 06:21:07.353,1.53563,1.53587,1.13,2.82
2013.05.29 06:21:07.891,1.53565,1.53587,1.50,2.07
2013.05.29 06:21:08.482,1.53562,1.53587,2.63,2.44
2013.05.29 06:21:08.601,1.53568,1.53587,1.13,1.69
2013.05.29 06:21:09.081,1.53562,1.53586,1.13,3.19
2013.05.29 06:21:09.441,1.53553,1.53576,3.19,1.69
2013.05.29 06:21:10.152,1.5355,1.53568,1.13,4.13
2013.05.29 06:21:11.084,1.53564,1.5357,1.50,1.88
2013.05.29 06:21:11.624,1.53566,1.53573,1.50,1.88
2013.05.29 06:21:11.823,1.53556,1.53567,1.28,2.26
2013.05.29 06:21:12.431,1.5355,1.53563,1.20,1.88
2013.05.29 06:21:12.612,1.53541,1.53559,2.16,1.50
2013.05.29 06:21:12.863,1.53541,1.53549,1.71,2.25
2013.05.29 06:21:13.411,1.53536,1.53548,1.42,2.25
2013.05.29 06:21:13.471,1.53536,1.5355,1.42,3.00
2013.05.29 06:21:13.991,1.53536,1.53553,1.42,3.19
2013.05.29 06:21:14.291,1.53536,1.53557,1.42,1.69
2013.05.29 06:21:15.856,1.53536,1.53559,3.96,1.69
2013.05.29 06:21:16.381,1.53537,1.53559,2.92,1.69
2013.05.29 06:21:16.803,1.5354,1.53559,1.79,1.69
2013.05.29 06:21:17.112,1.53537,1.53559,2.92,1.69
2013.05.29 06:21:17.762,1.53544,1.5356,3.79,1.50
2013.05.29 06:21:18.143,1.53546,1.53569,4.54,1.13
2013.05.29 06:21:18.592,1.53553,1.53563,1.50,1.13
2013.05.29 06:21:19.913,1.53552,1.53562,1.50,1.32
2013.05.29 06:21:20.441,1.53551,1.53561,1.50,1.32
2013.05.29 06:21:21.251,1.53546,1.53561,1.50,1.32
2013.05.29 06:21:22.696,1.53537,1.53561,2.39,2.07
2013.05.29 06:21:23.322,1.53537,1.53559,2.39,1.69
2013.05.29 06:21:25.572,1.53537,1.53559,3.89,1.69
2013.05.29 06:21:26.233,1.53535,1.53561,2.25,2.44
2013.05.29 06:21:26.791,1.53538,1.53561,1.69,1.69
2013.05.29 06:21:26.852,1.53538,1.53561,3.19,1.69
2013.05.29 06:21:27.282,1.53538,1.53563,1.69,1.69
2013.05.29 06:21:27.702,1.53537,1.5356,1.13,1.69
2013.05.29 06:21:28.074,1.53537,1.53559,1.13,1.69
2013.05.29 06:21:28.980,1.53538,1.5356,1.13,1.69
2013.05.29 06:21:29.323,1.53539,1.5356,1.13,1.69
2013.05.29 06:21:29.833,1.53539,1.5356,1.13,1.69
2013.05.29 06:21:31.784,1.53545,1.53563,1.50,1.32
2013.05.29 06:21:33.205,1.53544,1.53563,1.13,1.32
2013.05.29 06:21:33.719,1.53546,1.53563,1.13,1.88
2013.05.29 06:21:34.305,1.53546,1.53563,1.88,1.88
2013.05.29 06:21:34.623,1.53551,1.53563,1.50,1.88
2013.05.29 06:21:35.513,1.53564,1.53575,5.63,1.88
2013.05.29 06:21:35.822,1.53573,1.53579,1.50,1.88
2013.05.29 06:21:35.978,1.53571,1.53584,1.69,5.44
2013.05.29 06:21:36.172,1.53569,1.53581,1.50,5.44
2013.05.29 06:21:36.723,1.53558,1.53573,1.13,3.01
2013.05.29 06:21:37.652,1.53552,1.53563,1.50,1.13
2013.05.29 06:21:38.722,1.53551,1.53563,3.19,1.13
2013.05.29 06:21:40.411,1.53548,1.53563,1.50,1.13
2013.05.29 06:21:40.597,1.53547,1.53563,2.25,1.13
2013.05.29 06:21:41.024,1.53551,1.53563,2.44,1.13
2013.05.29 06:21:41.572,1.53552,1.53565,1.50,2.63
2013.05.29 06:21:42.154,1.53552,1.53565,1.50,2.63
2013.05.29 06:21:42.482,1.53561,1.53574,1.69,3.00
2013.05.29 06:21:43.042,1.5356,1.53573,2.07,3.76
2013.05.29 06:21:43.385,1.53555,1.53572,3.94,4.50
2013.05.29 06:21:44.228,1.53556,1.5357,1.32,4.51
2013.05.29 06:21:44.732,1.5356,1.53571,1.13,4.13
2013.05.29 06:21:45.163,1.5356,1.53585,1.88,1.32
2013.05.29 06:21:45.494,1.53559,1.53583,1.50,1.32
2013.05.29 06:21:45.565,1.53554,1.53569,2.44,4.13
2013.05.29 06:21:45.871,1.53553,1.53566,2.44,4.13
2013.05.29 06:21:45.931,1.53553,1.53567,1.69,4.13
2013.05.29 06:21:46.111,1.53554,1.53568,1.69,1.13
2013.05.29 06:21:46.292,1.53554,1.53577,1.69,2.25
2013.05.29 06:21:46.352,1.53554,1.53569,1.69,1.13
2013.05.29 06:21:46.472,1.53554,1.53569,1.50,1.50
2013.05.29 06:21:46.532,1.53547,1.5357,1.69,1.13
2013.05.29 06:21:46.652,1.53544,1.53569,1.69,1.32
2013.05.29 06:21:46.712,1.53543,1.53569,1.69,1.69
2013.05.29 06:21:46.772,1.53547,1.53569,1.69,1.13
2013.05.29 06:21:47.100,1.53554,1.53571,1.50,1.69
2013.05.29 06:21:47.435,1.53551,1.53577,1.69,1.32
2013.05.29 06:21:47.504,1.53551,1.53577,1.69,1.32
2013.05.29 06:21:47.772,1.53551,1.53564,1.69,1.13
2013.05.29 06:21:48.109,1.53551,1.53564,1.69,2.63
2013.05.29 06:21:50.190,1.53555,1.53575,1.50,1.13
2013.05.29 06:21:50.314,1.53555,1.53567,1.13,3.00
2013.05.29 06:21:52.127,1.53552,1.53565,1.69,2.63
2013.05.29 06:21:53.306,1.5355,1.53575,1.69,3.38
2013.05.29 06:21:53.591,1.53551,1.53573,1.69,1.50
2013.05.29 06:21:53.892,1.53548,1.53568,1.69,1.88
2013.05.29 06:21:53.951,1.53544,1.53568,2.44,2.82
2013.05.29 06:21:54.191,1.53541,1.53564,1.69,1.13
2013.05.29 06:21:54.734,1.53543,1.53566,1.50,1.69
2013.05.29 06:21:56.165,1.53541,1.53566,1.13,1.69
2013.05.29 06:21:56.352,1.53541,1.53567,2.07,1.69
2013.05.29 06:21:56.532,1.53546,1.5357,1.50,2.07
2013.05.29 06:21:56.832,1.53548,1.53576,2.44,3.57
2013.05.29 06:21:59.051,1.53548,1.53573,2.44,1.13
2013.05.29 06:21:59.988,1.53534,1.53562,1.50,3.75
2013.05.29 06:22:00.331,1.53548,1.53573,1.69,1.50
2013.05.29 06:22:01.374,1.53548,1.53574,1.69,1.32
2013.05.29 06:22:01.432,1.53548,1.53562,1.69,1.13
2013.05.29 06:22:01.983,1.53548,1.53562,1.50,1.50
2013.05.29 06:22:03.134,1.53546,1.53561,1.32,1.50
2013.05.29 06:22:04.164,1.53546,1.5356,1.32,1.50
2013.05.29 06:22:04.547,1.53546,1.5357,1.32,1.50
2013.05.29 06:22:04.671,1.53546,1.53571,2.07,1.69
2013.05.29 06:22:05.184,1.53547,1.53573,1.50,1.69
2013.05.29 06:22:07.042,1.53547,1.53561,1.69,1.50
2013.05.29 06:22:08.646,1.53546,1.53561,1.88,2.25
2013.05.29 06:22:09.163,1.53546,1.53559,1.69,2.63
2013.05.29 06:22:09.294,1.53543,1.53556,1.69,3.75
2013.05.29 06:22:09.902,1.53539,1.53554,2.07,3.00
2013.05.29 06:22:12.241,1.53542,1.53554,1.13,3.00
2013.05.29 06:22:12.563,1.53542,1.53554,1.50,3.00
2013.05.29 06:22:13.233,1.53538,1.53552,2.63,1.50
2013.05.29 06:22:13.542,1.53538,1.53552,1.69,1.50
2013.05.29 06:22:13.601,1.53537,1.53552,1.50,1.50
2013.05.29 06:22:15.172,1.53538,1.53553,2.44,1.50
2013.05.29 06:22:15.474,1.53542,1.53553,1.50,1.50
2013.05.29 06:22:16.525,1.53543,1.53553,1.50,1.50
2013.05.29 06:22:17.292,1.5354,1.53553,1.50,1.50
2013.05.29 06:22:17.822,1.53537,1.53553,2.44,1.50
2013.05.29 06:22:18.614,1.5354,1.53553,3.19,1.50
2013.05.29 06:22:19.164,1.53539,1.53553,3.94,1.50
2013.05.29 06:22:19.672,1.53541,1.53553,1.69,1.50
2013.05.29 06:22:20.037,1.53548,1.53558,1.69,3.00
2013.05.29 06:22:20.342,1.53545,1.53557,1.69,3.00
2013.05.29 06:22:20.891,1.53542,1.53555,1.69,3.75
2013.05.29 06:22:21.465,1.53539,1.53552,1.50,1.50
2013.05.29 06:22:22.363,1.53536,1.53557,2.44,1.50
2013.05.29 06:22:22.491,1.53535,1.53557,1.50,1.50
2013.05.29 06:22:23.063,1.5354,1.53557,1.50,1.50
2013.05.29 06:22:23.431,1.53535,1.53557,1.50,1.50
2013.05.29 06:22:24.391,1.53534,1.53556,3.19,1.50
2013.05.29 06:22:24.511,1.53535,1.53556,2.25,1.50
2013.05.29 06:22:24.871,1.53548,1.53557,1.13,1.50
2013.05.29 06:22:25.290,1.53547,1.53558,1.50,3.00
2013.05.29 06:22:27.055,1.53545,1.53557,1.50,1.50
2013.05.29 06:22:29.285,1.53545,1.53561,1.50,1.50
2013.05.29 06:22:29.353,1.53542,1.53561,1.13,1.50
2013.05.29 06:22:29.422,1.53542,1.53561,1.13,1.50
2013.05.29 06:22:30.745,1.5355,1.53561,1.88,3.00
2013.05.29 06:22:31.512,1.5355,1.53562,1.88,4.50
2013.05.29 06:22:31.695,1.53549,1.53561,1.88,3.00
2013.05.29 06:22:33.672,1.5355,1.53564,3.00,4.50
2013.05.29 06:22:34.032,1.53555,1.53568,1.88,5.25
2013.05.29 06:22:34.831,1.53555,1.53568,1.13,4.50
2013.05.29 06:22:35.141,1.53554,1.53565,2.07,4.50
2013.05.29 06:22:35.563,1.53542,1.53561,2.07,3.00
2013.05.29 06:22:35.686,1.5354,1.5356,1.69,1.50
2013.05.29 06:22:36.111,1.53539,1.5356,1.50,1.50
2013.05.29 06:22:36.172,1.53538,1.5356,1.32,1.50
2013.05.29 06:22:36.693,1.53538,1.5356,2.07,1.50
2013.05.29 06:22:37.203,1.53543,1.53561,1.50,3.38
2013.05.29 06:22:37.872,1.53552,1.53564,1.50,6.00
2013.05.29 06:22:38.052,1.53549,1.53561,1.13,3.00
2013.05.29 06:22:38.656,1.53546,1.53561,1.13,3.00
2013.05.29 06:22:38.734,1.5354,1.53559,2.63,1.50
2013.05.29 06:22:38.803,1.5354,1.53559,2.25,1.50
2013.05.29 06:22:39.231,1.53537,1.53557,1.69,1.50
2013.05.29 06:22:40.012,1.53537,1.5356,1.88,2.63
2013.05.29 06:22:40.372,1.5354,1.5356,1.13,1.88
2013.05.29 06:22:40.431,1.5354,1.5356,1.13,1.88
2013.05.29 06:22:40.611,1.53537,1.5356,1.32,1.88
2013.05.29 06:22:40.672,1.5354,1.5356,1.50,1.88
2013.05.29 06:22:40.974,1.53542,1.53561,1.13,3.00
2013.05.29 06:22:41.281,1.53546,1.53561,1.88,3.38
2013.05.29 06:22:41.343,1.53546,1.53561,1.88,3.38
2013.05.29 06:22:42.466,1.53546,1.53561,1.88,1.50
2013.05.29 06:22:43.544,1.53546,1.53561,1.13,1.50
2013.05.29 06:22:43.743,1.53544,1.53561,1.69,1.50
2013.05.29 06:22:44.494,1.53542,1.53561,2.82,1.50
2013.05.29 06:22:44.912,1.53546,1.53561,1.13,1.50
2013.05.29 06:22:45.273,1.53552,1.53564,2.25,5.26
2013.05.29 06:22:45.583,1.53558,1.53567,1.13,6.01
2013.05.29 06:22:46.193,1.53558,1.5357,2.44,6.01
2013.05.29 06:22:46.802,1.53558,1.53571,3.19,6.01
2013.05.29 06:22:47.173,1.53566,1.53572,1.13,1.88
2013.05.29 06:22:51.954,1.53568,1.53579,1.50,2.63
2013.05.29 06:22:52.205,1.53576,1.53582,1.13,3.38
2013.05.29 06:22:52.751,1.53576,1.53582,1.13,3.38
2013.05.29 06:22:55.921,1.53555,1.53567,2.07,5.26
2013.05.29 06:22:56.461,1.53551,1.53566,1.69,5.26
2013.05.29 06:22:57.762,1.53553,1.53565,1.69,5.26
2013.05.29 06:22:58.123,1.53576,1.53586,5.82,1.50
2013.05.29 06:22:58.682,1.53583,1.5359,1.32,5.26
2013.05.29 06:23:00.781,1.53588,1.536,1.13,8.57
2013.05.29 06:23:00.917,1.5358,1.53601,1.50,6.01
2013.05.29 06:23:00.987,1.53584,1.53604,1.69,1.95
2013.05.29 06:23:01.182,1.53583,1.53604,1.88,1.95
2013.05.29 06:23:01.245,1.53583,1.53603,1.88,2.78
2013.05.29 06:23:01.373,1.53579,1.53603,2.82,4.28
2013.05.29 06:23:01.671,1.53584,1.53601,1.88,1.50
2013.05.29 06:23:01.792,1.53588,1.53601,1.13,1.50
2013.05.29 06:23:02.372,1.53588,1.536,1.13,1.69
2013.05.29 06:23:02.533,1.53582,1.53599,1.50,1.50
2013.05.29 06:23:03.160,1.53573,1.53599,2.82,1.50
2013.05.29 06:23:03.345,1.53573,1.53599,2.07,1.50
2013.05.29 06:23:03.411,1.53573,1.53599,2.07,2.25
2013.05.29 06:23:06.072,1.53573,1.53598,1.32,2.25
2013.05.29 06:23:06.987,1.53576,1.53602,2.25,3.34
2013.05.29 06:23:07.526,1.53576,1.53602,2.25,3.34
2013.05.29 06:23:08.032,1.53576,1.536,1.32,2.07
2013.05.29 06:23:08.332,1.53574,1.536,1.32,2.82
2013.05.29 06:23:08.632,1.53574,1.536,1.32,2.07
2013.05.29 06:23:10.471,1.53573,1.536,1.50,3.57
2013.05.29 06:23:10.652,1.5357,1.53595,1.32,1.50
2013.05.29 06:23:11.070,1.53578,1.53601,1.50,1.50
2013.05.29 06:23:11.251,1.53579,1.53601,2.25,1.50
2013.05.29 06:23:11.691,1.53577,1.536,1.50,1.50
2013.05.29 06:23:11.874,1.53574,1.53598,1.69,1.50
2013.05.29 06:23:12.123,1.53575,1.53602,2.25,3.94
2013.05.29 06:23:12.303,1.53576,1.536,1.13,1.69
2013.05.29 06:23:12.481,1.53577,1.53602,1.50,1.69
2013.05.29 06:23:13.507,1.53577,1.53602,2.25,2.82
2013.05.29 06:23:14.044,1.53577,1.53602,1.50,2.82
2013.05.29 06:23:14.521,1.53577,1.53602,1.50,2.82
2013.05.29 06:23:14.881,1.53586,1.53605,1.69,2.55
2013.05.29 06:23:15.341,1.53588,1.53605,1.69,2.55
2013.05.29 06:23:15.403,1.53588,1.53608,1.69,1.88
2013.05.29 06:23:15.471,1.53589,1.53608,1.69,1.13
2013.05.29 06:23:16.035,1.53589,1.53608,1.32,1.88
2013.05.29 06:23:16.174,1.53589,1.53602,1.32,1.80
2013.05.29 06:23:17.419,1.53589,1.53602,2.44,2.18
2013.05.29 06:23:18.680,1.53589,1.53601,1.69,2.18
2013.05.29 06:23:18.752,1.53585,1.53601,1.88,2.93
2013.05.29 06:23:18.944,1.53585,1.53603,1.88,2.25
2013.05.29 06:23:19.707,1.53585,1.53602,1.88,1.73
2013.05.29 06:23:19.950,1.53585,1.53602,1.88,1.73
2013.05.29 06:23:20.071,1.53592,1.53612,1.50,2.63
2013.05.29 06:23:20.430,1.53595,1.5361,1.13,1.73
2013.05.29 06:23:21.211,1.53593,1.5361,1.50,1.73
2013.05.29 06:23:22.028,1.53593,1.53613,1.50,1.50
2013.05.29 06:23:22.107,1.53593,1.53615,3.19,1.13
2013.05.29 06:23:22.720,1.53596,1.53617,1.50,1.69
2013.05.29 06:23:23.346,1.53596,1.53614,1.50,1.50
2013.05.29 06:23:24.321,1.53594,1.53614,3.19,1.50
2013.05.29 06:23:24.826,1.53593,1.53614,2.44,1.50
2013.05.29 06:23:25.439,1.53593,1.53613,2.82,1.50
2013.05.29 06:23:25.881,1.53593,1.53613,2.82,1.50
2013.05.29 06:23:26.001,1.53593,1.53618,2.44,1.39
2013.05.29 06:23:26.510,1.53593,1.53619,1.69,2.07
2013.05.29 06:23:26.761,1.53591,1.53616,1.69,2.44
2013.05.29 06:23:30.159,1.53589,1.53615,1.69,2.07
2013.05.29 06:23:30.403,1.53588,1.53612,1.69,1.69
2013.05.29 06:23:30.761,1.53588,1.5361,1.69,2.25
2013.05.29 06:23:31.342,1.53588,1.53613,2.07,1.69
2013.05.29 06:23:31.664,1.53589,1.53612,2.25,1.50
2013.05.29 06:23:31.972,1.53593,1.53618,1.32,1.50
2013.05.29 06:23:32.410,1.53597,1.53621,1.13,1.69
2013.05.29 06:23:33.651,1.53599,1.53621,1.13,1.69
2013.05.29 06:23:33.771,1.53598,1.53619,1.13,1.50
2013.05.29 06:23:34.191,1.53593,1.53619,1.32,1.50
2013.05.29 06:23:34.690,1.53595,1.53619,2.82,1.50
2013.05.29 06:23:34.872,1.53597,1.53621,1.13,2.44
2013.05.29 06:23:35.051,1.53597,1.5362,1.13,1.69
2013.05.29 06:23:35.411,1.53591,1.53616,1.69,1.69
2013.05.29 06:23:35.711,1.53589,1.53615,2.07,1.50
2013.05.29 06:23:35.894,1.53586,1.53614,3.57,2.07
2013.05.29 06:23:36.677,1.53588,1.53615,1.50,2.07
2013.05.29 06:23:37.283,1.53588,1.53614,1.50,1.69
2013.05.29 06:23:37.833,1.53588,1.53615,1.50,3.19
2013.05.29 06:23:38.521,1.53586,1.53613,2.44,1.69
2013.05.29 06:23:38.581,1.53586,1.53613,2.44,2.44
2013.05.29 06:23:39.304,1.53586,1.5361,2.44,1.13
2013.05.29 06:23:41.341,1.53585,1.5361,1.69,1.88
2013.05.29 06:23:41.651,1.53583,1.5361,2.44,2.07
2013.05.29 06:23:42.431,1.53584,1.5361,1.69,2.82
2013.05.29 06:23:42.551,1.53584,1.5361,1.69,1.69
2013.05.29 06:23:43.101,1.53585,1.53609,1.32,1.69
2013.05.29 06:23:45.163,1.53585,1.53609,1.32,1.69
2013.05.29 06:23:45.641,1.53585,1.53609,2.07,1.69
2013.05.29 06:23:46.001,1.53589,1.53611,1.50,1.69
2013.05.29 06:23:46.370,1.53591,1.53616,1.32,1.69
2013.05.29 06:23:46.970,1.53592,1.53619,1.50,2.44
2013.05.29 06:23:47.451,1.5359,1.53614,1.69,1.50
2013.05.29 06:23:47.811,1.53596,1.53619,1.13,1.69
2013.05.29 06:23:47.930,1.53596,1.5362,1.13,2.14
2013.05.29 06:23:48.471,1.53596,1.5362,1.50,2.89
2013.05.29 06:23:48.901,1.53603,1.5362,1.13,1.20
2013.05.29 06:23:49.411,1.536,1.5362,1.13,1.20
2013.05.29 06:23:49.911,1.53598,1.5362,1.32,2.70
2013.05.29 06:23:50.549,1.53598,1.53617,1.69,1.35
2013.05.29 06:23:51.101,1.53599,1.53622,1.69,1.69
2013.05.29 06:23:51.402,1.53602,1.53622,1.13,2.44
2013.05.29 06:23:51.760,1.53603,1.53622,1.50,2.44
2013.05.29 06:23:52.412,1.53601,1.53626,1.50,3.19
2013.05.29 06:23:53.032,1.53598,1.53616,1.88,1.50
2013.05.29 06:23:53.571,1.53598,1.53616,1.88,1.50
2013.05.29 06:23:54.452,1.53596,1.53615,1.13,1.50
2013.05.29 06:23:54.811,1.53603,1.53621,1.50,1.69
2013.05.29 06:23:55.793,1.53603,1.5362,1.50,1.50
2013.05.29 06:23:59.423,1.53603,1.53623,1.88,2.44
2013.05.29 06:24:00.241,1.53603,1.53623,2.44,1.50
2013.05.29 06:24:01.132,1.53607,1.53623,1.50,1.50
2013.05.29 06:24:01.491,1.5361,1.53623,1.50,1.50
2013.05.29 06:24:01.611,1.53608,1.53622,1.13,1.50
2013.05.29 06:24:02.782,1.53605,1.53628,1.88,2.44
2013.05.29 06:24:02.856,1.53609,1.53628,1.88,1.50
2013.05.29 06:24:03.401,1.53615,1.53629,1.50,1.13
2013.05.29 06:24:04.151,1.53612,1.5363,1.13,1.50
2013.05.29 06:24:04.210,1.53611,1.5363,1.50,1.50
2013.05.29 06:24:05.051,1.53612,1.5363,1.13,1.50
2013.05.29 06:24:05.591,1.53609,1.5363,1.50,1.50
2013.05.29 06:24:05.891,1.53609,1.5363,1.88,1.50
2013.05.29 06:24:05.954,1.53611,1.5363,1.13,1.50
2013.05.29 06:24:06.503,1.53614,1.5363,1.13,1.50
2013.05.29 06:24:06.831,1.53614,1.53633,1.13,1.50
2013.05.29 06:24:07.431,1.53612,1.53633,1.88,2.25
2013.05.29 06:24:08.400,1.53612,1.53634,1.88,2.25
2013.05.29 06:24:09.921,1.53612,1.53634,1.88,2.25
2013.05.29 06:24:10.142,1.5361,1.53634,1.13,2.25
2013.05.29 06:24:10.413,1.53608,1.53632,1.32,2.25
2013.05.29 06:24:10.531,1.53605,1.53632,1.32,3.94
2013.05.29 06:24:10.591,1.53604,1.53629,1.32,2.25
2013.05.29 06:24:10.711,1.53601,1.53626,1.69,1.32
2013.05.29 06:24:11.562,1.53602,1.53626,1.69,1.32
2013.05.29 06:24:13.912,1.53602,1.53626,3.19,1.32
2013.05.29 06:24:14.471,1.53604,1.53626,1.32,1.88
2013.05.29 06:24:14.772,1.53617,1.53634,1.50,1.88
2013.05.29 06:24:16.731,1.53621,1.53642,1.50,1.88
2013.05.29 06:24:17.092,1.53625,1.53641,1.88,1.50
2013.05.29 06:24:17.452,1.53631,1.53642,1.50,1.50
2013.05.29 06:24:17.891,1.53628,1.53642,1.50,1.50
2013.05.29 06:24:18.431,1.53627,1.53642,1.88,1.95
2013.05.29 06:24:18.950,1.53627,1.53647,1.88,1.69
2013.05.29 06:24:19.212,1.53625,1.53646,1.69,1.69
2013.05.29 06:24:20.953,1.53619,1.5364,1.69,1.50
2013.05.29 06:24:21.136,1.53616,1.53639,2.07,1.50
2013.05.29 06:24:21.743,1.53613,1.53638,1.32,2.25
2013.05.29 06:24:22.434,1.53613,1.53638,1.32,1.50
2013.05.29 06:24:22.991,1.53613,1.53638,2.07,1.50
2013.05.29 06:24:23.051,1.53613,1.53638,2.07,1.50
2013.05.29 06:24:24.390,1.53608,1.53634,1.32,1.50
2013.05.29 06:24:25.571,1.53611,1.53631,1.13,1.50
2013.05.29 06:24:26.111,1.53611,1.53635,1.32,1.69
2013.05.29 06:24:26.423,1.53611,1.53634,1.32,2.25
2013.05.29 06:24:27.121,1.53611,1.53634,2.82,2.25
2013.05.29 06:24:29.911,1.53619,1.53639,1.13,1.50
2013.05.29 06:24:30.271,1.53621,1.53645,2.44,2.25
2013.05.29 06:24:31.438,1.53622,1.53644,1.69,2.10
2013.05.29 06:24:34.864,1.53622,1.53647,1.69,1.69
2013.05.29 06:24:35.231,1.53616,1.53641,2.44,2.44
2013.05.29 06:24:35.291,1.53616,1.5364,2.44,1.69
2013.05.29 06:24:35.903,1.53614,1.53637,1.32,1.50
2013.05.29 06:24:36.032,1.53616,1.53637,1.54,1.50
2013.05.29 06:24:36.693,1.53614,1.53637,1.32,1.50
2013.05.29 06:24:36.814,1.53609,1.53636,2.07,2.25
2013.05.29 06:24:36.941,1.5361,1.53636,1.32,3.75
2013.05.29 06:24:37.242,1.53607,1.53629,1.13,1.50
2013.05.29 06:24:37.365,1.53606,1.53629,2.03,3.00
2013.05.29 06:24:37.790,1.53603,1.53626,1.69,1.50
2013.05.29 06:24:38.442,1.53603,1.53626,1.69,1.50
2013.05.29 06:24:38.766,1.53603,1.53626,1.69,1.50
2013.05.29 06:24:45.106,1.53605,1.53626,1.32,1.50
2013.05.29 06:24:53.063,1.53605,1.53625,1.13,1.13
2013.05.29 06:24:53.182,1.536,1.53615,1.65,1.50
2013.05.29 06:24:53.301,1.536,1.53613,1.28,2.44
2013.05.29 06:24:53.602,1.53592,1.53602,2.26,3.19
2013.05.29 06:24:54.262,1.53584,1.53604,1.13,3.57
2013.05.29 06:24:54.321,1.53583,1.53604,2.07,1.13
2013.05.29 06:24:54.681,1.53586,1.53611,1.50,1.69
2013.05.29 06:24:55.242,1.53588,1.53612,2.07,1.50
2013.05.29 06:24:55.301,1.5359,1.53613,1.50,1.32
2013.05.29 06:24:55.661,1.53595,1.5362,2.07,1.13
2013.05.29 06:24:55.970,1.53602,1.53623,1.50,1.32
2013.05.29 06:24:56.092,1.53599,1.53623,1.69,1.32
2013.05.29 06:24:56.622,1.53599,1.53623,1.69,1.32
2013.05.29 06:24:57.242,1.53595,1.53615,2.44,1.13
2013.05.29 06:24:57.362,1.53595,1.53615,1.32,1.13
2013.05.29 06:24:57.669,1.53592,1.53615,1.69,1.32
2013.05.29 06:24:58.032,1.53589,1.53612,2.44,1.50
2013.05.29 06:24:58.341,1.53588,1.53613,1.50,1.69
2013.05.29 06:24:59.370,1.53588,1.53613,1.50,1.69
2013.05.29 06:24:59.807,1.53588,1.53613,2.25,1.69
2013.05.29 06:25:00.856,1.53585,1.53602,2.44,1.13
2013.05.29 06:25:01.103,1.53582,1.53597,1.50,1.13
2013.05.29 06:25:01.403,1.53576,1.53597,3.19,1.50
2013.05.29 06:25:01.764,1.53579,1.53602,1.50,1.32
2013.05.29 06:25:01.957,1.53582,1.53602,1.69,1.13
2013.05.29 06:25:02.022,1.53583,1.53602,1.69,1.13
2013.05.29 06:25:02.203,1.53586,1.5361,1.50,1.69
2013.05.29 06:25:02.261,1.53585,1.53612,2.44,1.32
2013.05.29 06:25:02.501,1.53585,1.53608,1.69,1.13
2013.05.29 06:25:03.061,1.53584,1.53609,1.69,1.69
2013.05.29 06:25:05.423,1.53581,1.53604,1.50,1.32
2013.05.29 06:25:05.773,1.53579,1.53603,1.69,1.50
2013.05.29 06:25:06.631,1.53578,1.53604,2.07,2.82
2013.05.29 06:25:07.185,1.53578,1.53604,2.07,2.07
2013.05.29 06:25:08.030,1.53583,1.53604,1.50,1.69
2013.05.29 06:25:08.453,1.53583,1.53604,1.50,1.69
2013.05.29 06:25:08.879,1.53583,1.53604,1.50,1.69
2013.05.29 06:25:09.003,1.53579,1.53604,1.69,1.69
2013.05.29 06:25:09.189,1.53578,1.53602,1.69,1.50
2013.05.29 06:25:09.505,1.53578,1.53602,1.69,1.50
2013.05.29 06:25:11.402,1.5358,1.53604,1.13,1.69
2013.05.29 06:25:11.462,1.53581,1.53604,1.13,1.69
2013.05.29 06:25:11.521,1.53581,1.53606,1.13,2.82
2013.05.29 06:25:11.822,1.53583,1.53608,2.07,2.07
2013.05.29 06:25:12.021,1.53584,1.53609,1.13,1.69
2013.05.29 06:25:12.412,1.53584,1.53608,1.13,1.69
2013.05.29 06:25:12.652,1.53583,1.53605,1.69,1.50
2013.05.29 06:25:12.712,1.53583,1.53604,1.50,1.69
2013.05.29 06:25:12.901,1.53578,1.536,1.50,1.50
2013.05.29 06:25:12.961,1.53574,1.53599,2.44,1.50
2013.05.29 06:25:14.738,1.53574,1.536,3.00,1.69
2013.05.29 06:25:14.804,1.53577,1.53601,1.69,1.13
2013.05.29 06:25:15.164,1.53584,1.53601,1.50,1.50
2013.05.29 06:25:15.613,1.5358,1.53602,2.07,1.13
2013.05.29 06:25:15.953,1.5358,1.53606,2.07,1.50
2013.05.29 06:25:17.241,1.53579,1.53605,1.69,1.69
2013.05.29 06:25:17.301,1.53578,1.53605,1.69,1.69
2013.05.29 06:25:17.841,1.53576,1.53604,2.44,1.69
2013.05.29 06:25:18.293,1.5358,1.53605,2.63,1.69
2013.05.29 06:25:18.603,1.53584,1.5361,1.13,3.57
2013.05.29 06:25:20.032,1.53581,1.53606,1.32,1.50
2013.05.29 06:25:20.391,1.53577,1.53602,1.13,3.19
2013.05.29 06:25:20.572,1.53574,1.536,3.94,1.69
2013.05.29 06:25:20.982,1.53577,1.536,2.25,1.69
2013.05.29 06:25:21.221,1.5358,1.53604,1.32,1.88
2013.05.29 06:25:21.661,1.53585,1.53607,1.50,2.44
2013.05.29 06:25:21.841,1.53587,1.53607,1.13,1.50
2013.05.29 06:25:22.022,1.53588,1.53613,1.13,1.32
2013.05.29 06:25:22.321,1.53585,1.5361,1.50,1.50
2013.05.29 06:25:22.562,1.53581,1.53608,2.44,1.50
2013.05.29 06:25:22.746,1.53581,1.53608,2.44,2.25
2013.05.29 06:25:23.084,1.53586,1.53606,1.50,1.50
2013.05.29 06:25:23.211,1.53586,1.5361,1.88,1.88
2013.05.29 06:25:24.706,1.53587,1.53613,1.88,1.69
2013.05.29 06:25:25.207,1.53587,1.53613,1.88,1.69
2013.05.29 06:25:26.841,1.53592,1.53613,1.50,1.69
2013.05.29 06:25:27.382,1.53592,1.53616,1.50,1.69
2013.05.29 06:25:30.383,1.53592,1.53617,1.50,2.44
2013.05.29 06:25:30.631,1.53588,1.53613,2.07,1.50
2013.05.29 06:25:30.691,1.53594,1.53614,1.50,1.69
2013.05.29 06:25:30.931,1.53591,1.53616,2.25,1.69
2013.05.29 06:25:30.991,1.53592,1.53615,1.88,1.69
2013.05.29 06:25:31.540,1.53589,1.53613,1.69,1.50
2013.05.29 06:25:31.601,1.53589,1.53613,1.69,2.25
2013.05.29 06:25:32.572,1.53593,1.53613,1.50,2.25
2013.05.29 06:25:32.835,1.53594,1.53618,1.50,2.44
2013.05.29 06:25:35.916,1.53594,1.53618,1.88,2.44
2013.05.29 06:25:38.006,1.53599,1.53618,1.13,2.44
2013.05.29 06:25:38.090,1.536,1.53624,1.88,1.69
2013.05.29 06:25:38.473,1.53601,1.53628,1.50,2.44
2013.05.29 06:25:39.161,1.53601,1.53628,1.13,2.82
2013.05.29 06:25:39.281,1.53598,1.53625,2.82,2.07
2013.05.29 06:25:39.340,1.53599,1.53622,1.50,1.69
2013.05.29 06:25:39.849,1.53598,1.53621,1.13,1.69
2013.05.29 06:25:46.614,1.53598,1.53622,1.13,2.44
2013.05.29 06:25:49.151,1.53597,1.5362,1.32,1.69
2013.05.29 06:25:49.614,1.53597,1.53618,1.13,1.69
2013.05.29 06:25:52.754,1.53593,1.53617,1.69,2.44
2013.05.29 06:25:53.296,1.53593,1.53616,1.69,2.44
2013.05.29 06:25:54.482,1.53591,1.53615,1.32,1.50
2013.05.29 06:25:54.602,1.53589,1.53615,1.13,1.69
2013.05.29 06:25:54.662,1.53589,1.53615,3.19,2.44
2013.05.29 06:25:54.844,1.53588,1.53605,2.25,2.25
2013.05.29 06:25:55.683,1.53588,1.53605,2.63,2.25
2013.05.29 06:25:55.863,1.53588,1.53612,3.00,1.69
2013.05.29 06:25:55.933,1.5359,1.53612,1.13,1.69
2013.05.29 06:25:56.233,1.53589,1.53612,1.50,2.44
2013.05.29 06:25:56.532,1.53588,1.5361,3.00,2.82
2013.05.29 06:25:57.072,1.53589,1.53607,2.25,1.69
2013.05.29 06:25:57.642,1.53587,1.53607,2.25,1.69
2013.05.29 06:25:57.742,1.53582,1.53607,2.07,1.69
2013.05.29 06:25:58.161,1.53586,1.53607,1.13,2.44
2013.05.29 06:26:05.393,1.53586,1.53608,2.63,2.44
2013.05.29 06:26:05.851,1.53586,1.53608,1.50,2.44
2013.05.29 06:26:07.931,1.53581,1.53606,2.07,1.69
2013.05.29 06:26:08.113,1.53581,1.53606,1.69,1.69
2013.05.29 06:26:08.232,1.53581,1.53604,1.69,1.50
2013.05.29 06:26:08.742,1.5358,1.53603,1.69,2.25
2013.05.29 06:26:09.281,1.5358,1.53603,1.50,2.44
2013.05.29 06:26:12.041,1.53581,1.53603,1.50,2.44
2013.05.29 06:26:12.344,1.5359,1.53609,3.19,1.50
2013.05.29 06:26:12.472,1.53592,1.53614,1.69,1.13
2013.05.29 06:26:13.086,1.53592,1.53618,2.82,1.32
2013.05.29 06:26:13.611,1.53593,1.53617,1.69,1.69
2013.05.29 06:26:14.443,1.53595,1.53618,1.50,1.32
2013.05.29 06:26:15.022,1.53595,1.53618,1.50,1.32
2013.05.29 06:26:16.062,1.53591,1.53617,2.44,1.50
2013.05.29 06:26:16.121,1.53591,1.53617,2.44,1.50
2013.05.29 06:26:17.282,1.53589,1.53615,1.88,1.32
2013.05.29 06:26:17.812,1.53588,1.53614,1.69,2.44
2013.05.29 06:26:18.082,1.53587,1.53611,1.69,1.13
2013.05.29 06:26:18.204,1.53587,1.53614,1.69,2.44
2013.05.29 06:26:18.272,1.53589,1.53612,1.13,1.50
2013.05.29 06:26:18.632,1.5359,1.53615,1.69,1.69
2013.05.29 06:26:18.901,1.5359,1.53615,1.69,2.07
2013.05.29 06:26:19.142,1.53588,1.53612,1.69,1.50
2013.05.29 06:26:19.643,1.53588,1.53612,1.69,1.50
2013.05.29 06:26:20.003,1.53597,1.53616,1.50,1.69
2013.05.29 06:26:20.062,1.53597,1.53622,2.25,2.82
2013.05.29 06:26:20.621,1.53597,1.53622,1.88,2.07
2013.05.29 06:26:20.741,1.53597,1.53622,2.25,2.07
2013.05.29 06:26:20.861,1.53599,1.53622,1.50,2.07
2013.05.29 06:26:21.101,1.53596,1.53619,1.13,1.88
2013.05.29 06:26:21.161,1.53596,1.53619,1.13,2.82
2013.05.29 06:26:21.677,1.53592,1.53619,2.07,4.32
2013.05.29 06:26:21.742,1.53592,1.53619,1.69,2.82
2013.05.29 06:26:22.292,1.53591,1.53616,1.32,1.69
2013.05.29 06:26:23.763,1.53589,1.53615,2.07,1.69
2013.05.29 06:26:24.092,1.53588,1.53613,2.44,2.44
2013.05.29 06:26:24.331,1.53591,1.53613,1.13,2.44
2013.05.29 06:26:24.752,1.53591,1.53616,1.50,2.44
2013.05.29 06:26:25.993,1.53589,1.53615,2.25,1.32
2013.05.29 06:26:26.171,1.53586,1.53613,3.57,2.07
2013.05.29 06:26:26.291,1.53587,1.53613,1.32,2.07
2013.05.29 06:26:27.381,1.53593,1.53613,1.13,2.07
2013.05.29 06:26:27.622,1.53598,1.53618,1.13,1.13
2013.05.29 06:26:27.682,1.53597,1.5362,2.44,1.32
2013.05.29 06:26:28.253,1.53596,1.5362,2.07,1.32
2013.05.29 06:26:28.732,1.53596,1.53618,1.32,1.13
2013.05.29 06:26:29.343,1.53595,1.53618,1.32,1.88
2013.05.29 06:26:29.522,1.53592,1.53615,2.82,1.50
2013.05.29 06:26:29.642,1.53587,1.53614,3.19,2.44
2013.05.29 06:26:30.203,1.53589,1.53614,2.07,2.44
2013.05.29 06:26:30.742,1.5359,1.53615,1.69,2.82
2013.05.29 06:26:31.672,1.53592,1.53615,1.13,2.07
2013.05.29 06:26:32.031,1.53598,1.53621,2.25,1.69
2013.05.29 06:26:32.563,1.53598,1.53624,2.44,2.44
2013.05.29 06:26:32.843,1.53599,1.53625,3.19,3.19
2013.05.29 06:26:32.962,1.53599,1.53622,2.82,2.07
2013.05.29 06:26:33.322,1.53594,1.53618,2.07,1.50
2013.05.29 06:26:33.382,1.53594,1.53616,1.13,1.69
2013.05.29 06:26:34.371,1.5359,1.53616,1.32,2.82
2013.05.29 06:26:35.433,1.53592,1.53616,1.13,2.82
2013.05.29 06:26:35.552,1.53593,1.53616,1.50,2.82
2013.05.29 06:26:35.794,1.53598,1.53623,1.32,1.32
2013.05.29 06:26:35.855,1.53599,1.53624,1.32,1.69
2013.05.29 06:26:36.171,1.53604,1.53624,2.25,1.32
2013.05.29 06:26:36.292,1.53606,1.53626,1.13,1.50
2013.05.29 06:26:36.352,1.53608,1.53626,1.88,1.50
2013.05.29 06:26:36.592,1.53608,1.53629,1.50,1.69
2013.05.29 06:26:36.651,1.53605,1.53629,1.32,1.69
2013.05.29 06:26:37.212,1.53604,1.53629,1.69,2.44
2013.05.29 06:26:37.453,1.53604,1.53629,1.69,2.44
2013.05.29 06:26:38.573,1.53604,1.53624,1.50,1.50
2013.05.29 06:26:39.143,1.53603,1.53625,1.88,1.69
2013.05.29 06:26:39.691,1.53602,1.53625,1.50,1.69
2013.05.29 06:26:40.164,1.53601,1.53625,1.13,1.69
2013.05.29 06:26:40.222,1.53601,1.53624,1.13,1.50
2013.05.29 06:26:40.533,1.53603,1.53621,1.13,1.69
2013.05.29 06:26:40.833,1.53608,1.53633,1.88,2.44
2013.05.29 06:26:40.892,1.53607,1.53633,1.88,3.57
2013.05.29 06:26:41.012,1.53606,1.5363,2.63,1.13
2013.05.29 06:26:41.131,1.53606,1.5363,1.13,2.63
2013.05.29 06:26:41.491,1.53606,1.53626,1.13,1.69
2013.05.29 06:26:41.672,1.53601,1.53624,1.50,1.69
2013.05.29 06:26:41.732,1.53601,1.53622,1.50,1.69
2013.05.29 06:26:42.090,1.53589,1.53615,1.69,1.69
2013.05.29 06:26:42.879,1.53589,1.53617,3.19,1.69
2013.05.29 06:26:43.803,1.53593,1.5362,1.50,1.69
2013.05.29 06:26:44.856,1.53593,1.5362,2.44,1.69
2013.05.29 06:26:45.581,1.53595,1.5362,1.32,1.69
2013.05.29 06:26:46.693,1.53596,1.53623,1.32,2.82
2013.05.29 06:26:47.761,1.53595,1.53622,2.44,1.69
2013.05.29 06:26:48.002,1.53565,1.5359,1.32,1.50
2013.05.29 06:26:48.124,1.53564,1.53586,1.69,1.13
2013.05.29 06:26:48.244,1.53563,1.53586,1.50,1.32
2013.05.29 06:26:48.372,1.53557,1.53584,2.44,2.25
2013.05.29 06:26:48.913,1.5356,1.53587,1.69,3.19
2013.05.29 06:26:51.192,1.5356,1.53587,2.44,3.00
2013.05.29 06:26:51.371,1.53561,1.53587,1.32,1.88
2013.05.29 06:26:52.101,1.53562,1.53589,2.82,2.07
2013.05.29 06:26:52.162,1.53563,1.53589,1.50,1.32
2013.05.29 06:26:54.260,1.53566,1.53589,2.25,1.69
2013.05.29 06:26:54.583,1.53566,1.53589,2.25,1.69
2013.05.29 06:26:54.911,1.53566,1.53589,2.25,1.69
2013.05.29 06:26:55.031,1.53566,1.53589,2.25,1.69
2013.05.29 06:26:55.814,1.53566,1.53589,2.25,1.69
2013.05.29 06:26:58.271,1.53565,1.5359,1.69,1.32
2013.05.29 06:26:58.453,1.53564,1.5359,2.07,1.32
2013.05.29 06:26:59.262,1.53564,1.53586,1.50,1.32
2013.05.29 06:26:59.321,1.53564,1.53586,1.50,1.32
2013.05.29 06:26:59.443,1.53561,1.53586,1.88,2.07
2013.05.29 06:26:59.864,1.53563,1.53585,1.50,1.32
2013.05.29 06:27:01.101,1.53559,1.53585,1.13,2.82
2013.05.29 06:27:01.354,1.53565,1.53584,1.50,1.69
2013.05.29 06:27:01.483,1.53565,1.53586,1.88,2.07
2013.05.29 06:27:02.023,1.53569,1.53591,1.13,1.32
2013.05.29 06:27:03.135,1.53569,1.53593,2.63,1.32
2013.05.29 06:27:03.195,1.53569,1.53595,2.63,2.82
2013.05.29 06:27:03.382,1.53569,1.53595,1.88,2.07
2013.05.29 06:27:03.442,1.53569,1.53595,3.38,2.07
2013.05.29 06:27:04.141,1.53569,1.53595,4.13,1.69
2013.05.29 06:27:04.392,1.53569,1.53596,3.38,2.07
2013.05.29 06:27:04.453,1.53572,1.53596,1.88,2.07
2013.05.29 06:27:04.694,1.53581,1.53601,1.32,1.28
2013.05.29 06:27:04.763,1.53582,1.53606,2.25,1.69
2013.05.29 06:27:04.822,1.53587,1.53606,1.50,1.69
2013.05.29 06:27:05.003,1.53587,1.53612,2.25,1.69
2013.05.29 06:27:05.122,1.53591,1.53616,1.88,2.07
2013.05.29 06:27:05.301,1.5359,1.53617,1.69,2.44
2013.05.29 06:27:05.361,1.5359,1.53617,2.07,3.19
2013.05.29 06:27:05.663,1.53592,1.53617,2.63,1.69
2013.05.29 06:27:05.842,1.53596,1.53622,1.13,2.44
2013.05.29 06:27:05.903,1.53596,1.53622,2.44,1.69
2013.05.29 06:27:06.763,1.53596,1.53623,2.07,1.69
2013.05.29 06:27:07.163,1.53596,1.53621,1.69,1.50
2013.05.29 06:27:07.222,1.53594,1.53614,1.13,1.69
2013.05.29 06:27:07.283,1.5359,1.53612,2.44,1.50
2013.05.29 06:27:07.342,1.5359,1.53612,1.50,2.44
2013.05.29 06:27:07.924,1.53585,1.5361,1.69,1.69
2013.05.29 06:27:08.472,1.53584,1.53611,2.44,2.07
2013.05.29 06:27:08.652,1.53585,1.53611,1.50,1.32
2013.05.29 06:27:09.012,1.53591,1.53614,1.13,2.07
2013.05.29 06:27:09.326,1.53594,1.53621,2.63,2.44
2013.05.29 06:27:09.632,1.53597,1.53622,1.13,1.69
2013.05.29 06:27:09.692,1.53598,1.53624,1.13,3.19
2013.05.29 06:27:09.872,1.53598,1.53624,1.13,2.44
2013.05.29 06:27:10.433,1.53598,1.53625,2.25,1.69
2013.05.29 06:27:10.672,1.53598,1.53625,2.25,1.69
2013.05.29 06:27:11.854,1.53598,1.53621,1.50,2.44
2013.05.29 06:27:11.972,1.53592,1.53617,1.50,2.44
2013.05.29 06:27:12.153,1.53591,1.53616,1.13,1.69
2013.05.29 06:27:12.272,1.53591,1.53616,1.13,1.69
2013.05.29 06:27:12.572,1.53583,1.53607,1.32,1.69
2013.05.29 06:27:13.002,1.53583,1.5361,2.82,1.50
2013.05.29 06:27:13.062,1.53586,1.53612,2.07,1.69
2013.05.29 06:27:13.182,1.5359,1.53612,1.13,1.69
2013.05.29 06:27:13.302,1.53594,1.5362,2.07,2.44
2013.05.29 06:27:13.483,1.53596,1.53621,1.50,1.32
2013.05.29 06:27:13.782,1.53598,1.53624,1.88,1.69
2013.05.29 06:27:14.323,1.53597,1.53624,1.13,2.44
2013.05.29 06:27:18.633,1.53593,1.53619,2.44,2.44
2013.05.29 06:27:18.754,1.53591,1.53618,1.13,1.69
2013.05.29 06:27:18.825,1.5359,1.53614,1.69,1.13
2013.05.29 06:27:18.893,1.53589,1.53613,1.13,1.32
2013.05.29 06:27:18.952,1.53587,1.53611,1.50,2.44
2013.05.29 06:27:19.265,1.53583,1.53607,1.32,1.50
2013.05.29 06:27:19.335,1.5358,1.53607,1.69,1.69
2013.05.29 06:27:19.642,1.53578,1.53604,2.44,2.25
2013.05.29 06:27:20.182,1.53578,1.53602,1.69,1.50
2013.05.29 06:27:20.804,1.53574,1.53602,3.19,1.69
2013.05.29 06:27:21.472,1.53576,1.53603,1.69,2.44
2013.05.29 06:27:22.024,1.53574,1.53601,2.44,1.50
2013.05.29 06:27:22.413,1.53573,1.53601,3.19,2.44
2013.05.29 06:27:23.352,1.53574,1.53601,2.07,1.69
2013.05.29 06:27:24.322,1.53574,1.53597,1.32,1.69
2013.05.29 06:27:24.662,1.53574,1.53596,1.13,2.44
2013.05.29 06:27:26.442,1.53572,1.53596,1.13,1.69
2013.05.29 06:27:26.873,1.53572,1.53592,1.13,1.50
2013.05.29 06:27:26.993,1.53566,1.53593,2.82,2.07
2013.05.29 06:27:27.052,1.53566,1.53592,2.07,1.69
2013.05.29 06:27:27.172,1.53564,1.53589,1.13,1.69
2013.05.29 06:27:27.652,1.53567,1.53591,1.50,1.69
2013.05.29 06:27:27.713,1.53568,1.53595,2.44,1.32
2013.05.29 06:27:28.303,1.53569,1.53596,1.69,1.69
2013.05.29 06:27:30.674,1.53566,1.53591,1.69,1.13
2013.05.29 06:27:30.983,1.53562,1.53588,1.50,2.82
2013.05.29 06:27:31.162,1.5356,1.53587,1.32,2.44
2013.05.29 06:27:32.342,1.53558,1.53584,1.32,2.44
2013.05.29 06:27:33.133,1.5356,1.53584,1.13,1.69
2013.05.29 06:27:33.443,1.53552,1.53573,1.13,1.88
2013.05.29 06:27:33.683,1.53543,1.53572,2.07,2.44
2013.05.29 06:27:34.833,1.53547,1.53573,1.50,2.07
2013.05.29 06:27:36.252,1.53547,1.53573,1.69,2.82
2013.05.29 06:27:36.753,1.53547,1.53573,2.44,2.82
2013.05.29 06:27:37.241,1.53548,1.53573,2.25,2.44
2013.05.29 06:27:37.713,1.53551,1.53573,1.50,2.07
2013.05.29 06:27:38.026,1.53553,1.53574,1.50,1.13
2013.05.29 06:27:38.093,1.53553,1.53576,2.25,1.32
2013.05.29 06:27:39.212,1.53553,1.53576,1.50,1.32
2013.05.29 06:27:41.132,1.53555,1.53577,1.50,1.69
2013.05.29 06:27:43.082,1.53557,1.53582,1.50,1.32
2013.05.29 06:27:43.204,1.53554,1.5358,1.50,1.69
2013.05.29 06:27:43.713,1.53553,1.53577,1.69,1.50
2013.05.29 06:27:43.952,1.53551,1.53575,1.50,1.32
2013.05.29 06:27:44.132,1.53549,1.53573,1.69,1.50
2013.05.29 06:27:45.452,1.53548,1.53572,1.69,1.13
2013.05.29 06:27:45.754,1.53543,1.53569,2.07,1.69
2013.05.29 06:27:45.876,1.53547,1.5357,1.50,1.69
2013.05.29 06:27:46.065,1.53551,1.53577,2.44,2.07
2013.05.29 06:27:46.613,1.53549,1.53574,2.07,2.82
2013.05.29 06:27:47.993,1.53549,1.53575,1.69,1.32
2013.05.29 06:27:48.302,1.53549,1.53573,1.69,1.13
2013.05.29 06:27:48.830,1.53549,1.53573,1.69,1.13
2013.05.29 06:27:49.253,1.53551,1.53577,1.50,2.82
2013.05.29 06:27:49.433,1.53555,1.5358,2.25,2.44
2013.05.29 06:27:49.852,1.53558,1.53583,1.69,1.32
2013.05.29 06:27:50.373,1.53553,1.5358,3.19,1.50
2013.05.29 06:27:50.433,1.53553,1.53578,2.44,1.13
2013.05.29 06:27:50.494,1.53552,1.53578,2.82,2.07
2013.05.29 06:27:50.854,1.53551,1.53576,1.69,1.50
2013.05.29 06:27:51.469,1.53555,1.53579,1.13,3.19
2013.05.29 06:27:51.775,1.53563,1.53586,1.13,2.44
2013.05.29 06:27:52.192,1.5356,1.53582,1.13,1.69
2013.05.29 06:27:52.372,1.53556,1.5358,1.32,1.13
2013.05.29 06:27:52.552,1.53556,1.53579,1.13,2.44
2013.05.29 06:27:52.853,1.53554,1.53578,2.82,1.69
2013.05.29 06:27:53.352,1.53556,1.53578,1.50,1.69
2013.05.29 06:27:53.662,1.5356,1.53584,1.13,1.69
2013.05.29 06:27:53.724,1.5356,1.53585,1.32,1.88
2013.05.29 06:27:53.907,1.53561,1.53588,1.69,1.69
2013.05.29 06:27:54.453,1.5356,1.53586,1.32,1.69
2013.05.29 06:27:54.973,1.53561,1.53588,1.69,1.69
2013.05.29 06:27:55.504,1.53562,1.53588,1.50,1.69
2013.05.29 06:27:56.353,1.53563,1.53586,1.13,1.69
2013.05.29 06:27:58.612,1.53562,1.53588,1.50,3.19
2013.05.29 06:27:58.852,1.5356,1.53583,1.32,1.50
2013.05.29 06:27:58.913,1.53558,1.5358,1.69,2.25
2013.05.29 06:27:59.163,1.53559,1.53583,1.32,1.50
2013.05.29 06:27:59.583,1.53563,1.53586,1.69,1.50
2013.05.29 06:27:59.884,1.53576,1.53598,2.25,1.32
2013.05.29 06:28:00.014,1.53575,1.53598,1.88,1.32
2013.05.29 06:28:00.313,1.5357,1.53598,1.69,2.82
2013.05.29 06:28:00.493,1.53569,1.53594,1.69,1.13
2013.05.29 06:28:00.613,1.53569,1.53591,1.50,1.69
2013.05.29 06:28:00.675,1.53565,1.53591,2.82,1.69
2013.05.29 06:28:00.743,1.53562,1.53589,1.32,1.69
2013.05.29 06:28:00.982,1.5356,1.53588,2.44,2.82
2013.05.29 06:28:01.624,1.53561,1.53588,1.32,2.07
2013.05.29 06:28:01.755,1.53563,1.5359,1.32,1.69
2013.05.29 06:28:02.303,1.53561,1.53588,1.69,1.13
2013.05.29 06:28:02.424,1.53559,1.53584,1.69,1.13
2013.05.29 06:28:02.735,1.53558,1.53585,4.69,1.32
2013.05.29 06:28:02.867,1.53561,1.53587,1.50,1.69
2013.05.29 06:28:03.203,1.53565,1.53589,1.50,1.32
2013.05.29 06:28:04.832,1.53566,1.53589,1.50,1.32
2013.05.29 06:28:05.865,1.53567,1.5359,1.50,2.07
2013.05.29 06:28:06.312,1.5357,1.53596,1.88,1.69
2013.05.29 06:28:06.374,1.53571,1.53596,2.25,2.07
2013.05.29 06:28:08.603,1.53573,1.53596,1.88,1.32
2013.05.29 06:28:09.194,1.53573,1.53596,2.25,1.32
2013.05.29 06:28:09.432,1.53581,1.53606,2.25,3.15
2013.05.29 06:28:09.612,1.53585,1.53606,1.50,2.07
2013.05.29 06:28:10.153,1.53582,1.53607,1.88,1.69
2013.05.29 06:28:10.892,1.53582,1.53605,2.63,1.69
2013.05.29 06:28:11.202,1.53582,1.53605,4.13,1.69
2013.05.29 06:28:11.703,1.53584,1.53605,1.50,2.44
2013.05.29 06:28:11.823,1.53583,1.53605,1.50,1.69
2013.05.29 06:28:12.661,1.53581,1.53605,1.69,1.13
2013.05.29 06:28:12.784,1.53585,1.53609,1.13,1.69
2013.05.29 06:28:13.097,1.53583,1.53603,1.13,1.32
2013.05.29 06:28:13.772,1.53583,1.53603,1.13,2.07
2013.05.29 06:28:14.253,1.53584,1.53605,1.50,1.32
2013.05.29 06:28:14.314,1.53585,1.53609,2.07,2.44
2013.05.29 06:28:14.442,1.53585,1.53612,2.82,1.69
2013.05.29 06:28:15.752,1.53587,1.5361,1.13,1.69
2013.05.29 06:28:16.324,1.53585,1.53606,1.13,1.69
2013.05.29 06:28:16.396,1.53577,1.53601,1.13,1.69
2013.05.29 06:28:16.913,1.53577,1.53601,1.13,1.69
2013.05.29 06:28:17.154,1.53577,1.53602,1.13,2.44
2013.05.29 06:28:17.612,1.53577,1.53601,1.88,1.69
2013.05.29 06:28:18.713,1.53577,1.53601,1.13,1.32
2013.05.29 06:28:19.272,1.53575,1.536,1.13,1.32
2013.05.29 06:28:19.842,1.53576,1.536,1.13,2.82
2013.05.29 06:28:20.303,1.53579,1.53605,1.50,2.07
2013.05.29 06:28:20.662,1.53577,1.53603,1.69,1.69
2013.05.29 06:28:21.533,1.53578,1.53604,1.69,3.19
2013.05.29 06:28:21.653,1.53579,1.53603,1.50,1.69
2013.05.29 06:28:22.013,1.53577,1.53604,2.44,1.69
2013.05.29 06:28:22.073,1.53579,1.53606,1.50,2.44
2013.05.29 06:28:22.314,1.53582,1.53608,1.50,2.07
2013.05.29 06:28:22.503,1.53585,1.53608,2.25,2.82
2013.05.29 06:28:23.663,1.53585,1.53613,1.69,2.82
2013.05.29 06:28:23.724,1.53588,1.53613,1.50,2.07
2013.05.29 06:28:24.222,1.5359,1.53613,1.50,1.69
2013.05.29 06:28:24.284,1.53588,1.53613,1.50,1.69
2013.05.29 06:28:24.414,1.53587,1.53613,1.50,1.69
2013.05.29 06:28:26.773,1.53585,1.53612,2.07,1.69
2013.05.29 06:28:28.412,1.53584,1.5361,2.44,1.69
2013.05.29 06:28:29.313,1.53584,1.5361,1.69,2.44
2013.05.29 06:28:29.793,1.53582,1.53608,1.69,1.88
2013.05.29 06:28:30.304,1.53581,1.53606,2.44,1.50
2013.05.29 06:28:30.423,1.53581,1.53608,3.00,2.82
2013.05.29 06:28:32.962,1.53582,1.53609,2.63,1.69
2013.05.29 06:28:33.022,1.53584,1.5361,1.69,1.69
2013.05.29 06:28:33.553,1.53587,1.53612,1.69,2.44
2013.05.29 06:28:34.032,1.53588,1.53611,1.50,1.69
2013.05.29 06:28:34.456,1.53584,1.53608,1.13,1.32
2013.05.29 06:28:35.035,1.53581,1.53605,1.13,1.32
2013.05.29 06:28:35.484,1.53581,1.53604,1.13,1.69
2013.05.29 06:28:35.544,1.53578,1.53604,1.32,1.69
2013.05.29 06:28:35.662,1.53576,1.53601,1.69,1.50
2013.05.29 06:28:36.354,1.53577,1.53601,1.32,1.50
2013.05.29 06:28:36.713,1.53585,1.53606,1.13,1.69
2013.05.29 06:28:36.773,1.53585,1.53607,1.13,1.69
2013.05.29 06:28:37.444,1.53585,1.53609,1.13,2.44
2013.05.29 06:28:37.623,1.53586,1.53609,1.13,1.69
2013.05.29 06:28:38.144,1.53588,1.53609,1.13,2.44
2013.05.29 06:28:38.475,1.53588,1.53608,1.13,1.69
2013.05.29 06:28:39.254,1.53584,1.53607,1.50,1.69
2013.05.29 06:28:39.697,1.53585,1.5361,1.50,2.44
2013.05.29 06:28:40.212,1.53585,1.5361,1.50,1.69
2013.05.29 06:28:41.073,1.53587,1.5361,1.13,2.44
2013.05.29 06:28:41.631,1.53587,1.5361,1.13,2.44
2013.05.29 06:28:42.587,1.53587,1.5361,1.13,2.44
2013.05.29 06:28:42.901,1.53581,1.53594,2.44,1.13
2013.05.29 06:28:43.189,1.53544,1.53566,1.50,1.32
2013.05.29 06:28:43.254,1.5354,1.53566,1.69,1.32
2013.05.29 06:28:43.443,1.53533,1.53558,1.69,1.50
2013.05.29 06:28:43.622,1.53534,1.53551,1.50,1.69
2013.05.29 06:28:43.925,1.53518,1.53543,1.69,1.50
2013.05.29 06:28:43.993,1.53519,1.53546,2.44,1.69
2013.05.29 06:28:44.354,1.53523,1.53547,1.13,1.69
2013.05.29 06:28:45.055,1.53524,1.53548,1.50,1.69
2013.05.29 06:28:45.134,1.53536,1.53564,1.69,3.19
2013.05.29 06:28:45.206,1.53537,1.53564,1.69,2.82
2013.05.29 06:28:45.932,1.53539,1.53565,1.50,2.82
2013.05.29 06:28:46.233,1.53527,1.53543,2.44,2.63
2013.05.29 06:28:46.299,1.53516,1.53535,1.50,1.13
2013.05.29 06:28:46.372,1.53516,1.53525,1.50,1.13
2013.05.29 06:28:46.674,1.53511,1.53518,4.50,1.13
2013.05.29 06:28:46.974,1.53489,1.53513,1.88,1.69
2013.05.29 06:28:47.044,1.53489,1.53513,1.88,1.69
2013.05.29 06:28:47.347,1.53483,1.53509,1.69,1.13
2013.05.29 06:28:47.594,1.53483,1.53511,1.69,1.69
2013.05.29 06:28:47.714,1.53482,1.5351,3.19,1.13
2013.05.29 06:28:47.785,1.53484,1.5351,2.44,1.13
2013.05.29 06:28:47.975,1.53485,1.53513,1.69,2.44
2013.05.29 06:28:48.043,1.53487,1.53513,1.69,1.50
2013.05.29 06:28:48.167,1.53489,1.53516,2.44,1.32
2013.05.29 06:28:48.483,1.53491,1.53518,2.44,1.32
2013.05.29 06:28:48.724,1.53492,1.53521,2.44,2.07
2013.05.29 06:28:48.794,1.53495,1.53521,1.50,1.32
2013.05.29 06:28:49.095,1.53497,1.53522,1.69,1.50
2013.05.29 06:28:49.163,1.53498,1.53521,2.44,1.13
2013.05.29 06:28:49.342,1.5349,1.53513,1.69,1.13
2013.05.29 06:28:49.403,1.53489,1.53511,1.50,1.32
2013.05.29 06:28:49.644,1.53488,1.53511,1.50,1.32
2013.05.29 06:28:49.763,1.53488,1.53511,1.50,1.32
2013.05.29 06:28:50.123,1.53491,1.53517,1.50,2.44
2013.05.29 06:28:50.304,1.53494,1.53517,2.25,1.69
2013.05.29 06:28:50.424,1.53498,1.53518,1.50,2.25
2013.05.29 06:28:50.494,1.53496,1.53516,1.50,1.32
2013.05.29 06:28:50.553,1.53496,1.53514,1.50,1.13
2013.05.29 06:28:50.613,1.53487,1.53508,1.50,1.32
2013.05.29 06:28:50.735,1.53482,1.53506,1.69,1.32
2013.05.29 06:28:50.803,1.5348,1.53503,1.69,1.13
2013.05.29 06:28:51.042,1.53473,1.535,2.44,1.88
2013.05.29 06:28:51.103,1.53473,1.53497,2.44,1.13
2013.05.29 06:28:51.884,1.53474,1.535,3.19,1.50
2013.05.29 06:28:52.064,1.53477,1.53504,2.44,3.19
2013.05.29 06:28:52.183,1.5348,1.53505,1.69,1.69
2013.05.29 06:28:52.543,1.53485,1.53506,1.50,1.32
2013.05.29 06:28:52.902,1.53483,1.53504,1.69,1.13
2013.05.29 06:28:52.962,1.53476,1.53502,2.44,1.32
2013.05.29 06:28:53.083,1.53476,1.53501,1.69,1.88
2013.05.29 06:28:53.550,1.53463,1.5349,1.69,1.32
2013.05.29 06:28:53.614,1.53462,1.53488,1.69,1.50
2013.05.29 06:28:53.797,1.53457,1.53484,3.19,2.07
2013.05.29 06:28:53.865,1.53457,1.53484,1.69,2.07
2013.05.29 06:28:54.053,1.53454,1.5348,2.44,1.13
2013.05.29 06:28:54.414,1.53454,1.5348,2.44,1.50
2013.05.29 06:28:54.473,1.53454,1.53476,1.50,2.44
2013.05.29 06:28:54.593,1.53447,1.53472,1.50,1.69
2013.05.29 06:28:54.714,1.53442,1.53469,2.44,1.50
2013.05.29 06:28:54.904,1.53446,1.53472,1.50,2.07
2013.05.29 06:28:55.446,1.53444,1.5347,2.44,2.07
2013.05.29 06:28:55.935,1.53444,1.53468,1.50,1.69
2013.05.29 06:28:56.243,1.53441,1.53466,1.50,1.69
2013.05.29 06:28:56.363,1.53436,1.53461,1.50,1.32
2013.05.29 06:28:56.423,1.53436,1.53461,1.88,2.44
2013.05.29 06:28:56.484,1.53433,1.53457,1.32,1.50
2013.05.29 06:28:56.904,1.5343,1.53456,1.69,1.69
2013.05.29 06:28:57.083,1.53432,1.53458,1.50,1.69
2013.05.29 06:28:57.443,1.53427,1.53448,2.25,1.32
2013.05.29 06:28:57.503,1.53424,1.53448,1.50,1.32
2013.05.29 06:28:57.564,1.53419,1.53448,2.44,2.44
2013.05.29 06:28:57.683,1.53419,1.53445,1.69,1.50
2013.05.29 06:28:57.985,1.5343,1.53456,1.50,1.69
2013.05.29 06:28:58.054,1.53433,1.53458,1.69,1.69
2013.05.29 06:28:58.113,1.53436,1.53463,2.44,1.69
2013.05.29 06:28:58.303,1.53436,1.53463,1.69,1.69
2013.05.29 06:28:58.425,1.53434,1.53459,2.44,1.13
2013.05.29 06:28:58.733,1.53433,1.5346,1.50,2.07
2013.05.29 06:28:58.913,1.53435,1.53461,2.25,2.82
2013.05.29 06:28:59.153,1.53439,1.53465,1.50,2.44
2013.05.29 06:28:59.392,1.53436,1.53461,2.44,1.13
2013.05.29 06:28:59.453,1.53436,1.5346,1.50,1.32
2013.05.29 06:28:59.813,1.53432,1.53459,2.44,2.07
2013.05.29 06:29:00.200,1.53435,1.5346,1.50,1.32
2013.05.29 06:29:00.464,1.53435,1.53456,1.50,2.44
2013.05.29 06:29:00.823,1.53438,1.53457,1.50,1.69
2013.05.29 06:29:01.183,1.53439,1.53457,1.50,1.69
2013.05.29 06:29:01.485,1.53444,1.53459,1.50,1.69
2013.05.29 06:29:01.615,1.53444,1.53462,2.25,2.63
2013.05.29 06:29:01.686,1.53444,1.53462,2.25,1.50
2013.05.29 06:29:01.754,1.53447,1.53462,1.50,1.50
2013.05.29 06:29:02.382,1.53456,1.53467,1.13,2.44
2013.05.29 06:29:02.573,1.53471,1.53487,2.25,2.07
2013.05.29 06:29:02.887,1.53471,1.53491,3.00,2.25
2013.05.29 06:29:02.957,1.53469,1.53495,3.00,1.32
2013.05.29 06:29:03.024,1.53468,1.53497,2.07,2.07
2013.05.29 06:29:03.393,1.5347,1.53498,1.50,1.32
2013.05.29 06:29:03.752,1.53477,1.53499,1.50,1.69
2013.05.29 06:29:03.876,1.53477,1.53499,1.50,1.32
2013.05.29 06:29:04.003,1.53479,1.53499,1.50,1.69
2013.05.29 06:29:04.302,1.53478,1.53506,3.00,1.54
2013.05.29 06:29:04.363,1.53481,1.5351,1.69,2.44
2013.05.29 06:29:04.667,1.53487,1.5351,1.13,1.69
2013.05.29 06:29:04.736,1.53487,1.53512,1.69,1.69
2013.05.29 06:29:04.805,1.53488,1.53515,1.69,1.69
2013.05.29 06:29:04.874,1.53494,1.53516,1.50,1.69
2013.05.29 06:29:05.173,1.53497,1.53522,1.50,1.69
2013.05.29 06:29:05.234,1.53496,1.53522,1.50,1.69
2013.05.29 06:29:05.353,1.53496,1.53521,1.50,1.69
2013.05.29 06:29:05.714,1.53498,1.5352,1.50,1.69
2013.05.29 06:29:05.833,1.53492,1.53516,1.50,1.69
2013.05.29 06:29:05.892,1.53488,1.53516,3.19,2.07
2013.05.29 06:29:05.953,1.53487,1.53516,3.19,1.69
2013.05.29 06:29:06.073,1.53487,1.53511,2.44,1.13
2013.05.29 06:29:06.433,1.53483,1.53509,1.50,2.44
2013.05.29 06:29:06.873,1.53482,1.53504,1.50,1.13
2013.05.29 06:29:07.124,1.53475,1.535,2.44,1.69
2013.05.29 06:29:07.554,1.53475,1.53495,1.50,1.50
2013.05.29 06:29:07.674,1.5347,1.53494,1.50,1.69
2013.05.29 06:29:07.794,1.53469,1.53489,1.13,1.32
2013.05.29 06:29:07.853,1.53466,1.53489,1.50,1.32
2013.05.29 06:29:08.273,1.53465,1.53489,2.25,2.07
2013.05.29 06:29:08.406,1.53465,1.53489,2.25,2.07
2013.05.29 06:29:08.654,1.53472,1.53495,1.50,1.69
2013.05.29 06:29:08.894,1.53472,1.53491,2.25,1.32
2013.05.29 06:29:09.134,1.53469,1.53486,1.50,1.50
2013.05.29 06:29:09.193,1.53469,1.53486,1.50,1.13
2013.05.29 06:29:09.253,1.53467,1.53492,3.75,1.32
2013.05.29 06:29:09.313,1.53467,1.53495,3.75,1.69
2013.05.29 06:29:09.742,1.53471,1.53497,1.50,1.69
2013.05.29 06:29:10.104,1.53465,1.53494,2.82,1.69
2013.05.29 06:29:10.223,1.53468,1.53494,1.50,1.69
2013.05.29 06:29:10.284,1.53468,1.53494,1.50,1.69
2013.05.29 06:29:10.904,1.5347,1.53496,1.50,2.44
2013.05.29 06:29:11.032,1.5347,1.53496,1.50,1.69
2013.05.29 06:29:11.393,1.53475,1.53498,1.50,1.69
2013.05.29 06:29:11.850,1.53476,1.53502,1.50,2.82
2013.05.29 06:29:12.053,1.53474,1.53502,1.69,2.44
2013.05.29 06:29:12.263,1.53473,1.53502,2.82,2.44
2013.05.29 06:29:12.503,1.53476,1.53502,1.50,2.44
2013.05.29 06:29:13.024,1.53475,1.53502,2.44,1.69
2013.05.29 06:29:13.993,1.53478,1.53503,1.50,1.69
2013.05.29 06:29:14.555,1.53478,1.53503,2.25,1.69
2013.05.29 06:29:15.053,1.53478,1.53504,2.44,1.13
2013.05.29 06:29:15.293,1.53483,1.53504,1.69,1.13
2013.05.29 06:29:15.355,1.53486,1.53509,1.69,1.50
2013.05.29 06:29:15.424,1.53487,1.53511,1.69,1.50
2013.05.29 06:29:15.556,1.53487,1.53512,1.69,1.32
2013.05.29 06:29:15.684,1.53489,1.53513,2.25,1.32
2013.05.29 06:29:16.216,1.5349,1.53513,1.50,1.32
2013.05.29 06:29:16.733,1.53488,1.53514,2.25,1.69
2013.05.29 06:29:16.914,1.53485,1.53514,2.82,2.44
2013.05.29 06:29:17.613,1.53486,1.53514,1.69,2.44
2013.05.29 06:29:18.644,1.53486,1.53513,2.44,1.50
2013.05.29 06:29:19.005,1.53493,1.53517,1.50,1.69
2013.05.29 06:29:19.315,1.5349,1.5351,1.32,1.50
2013.05.29 06:29:19.672,1.5349,1.53508,1.69,2.25
2013.05.29 06:29:19.792,1.53483,1.53508,1.69,2.25
2013.05.29 06:29:20.293,1.53483,1.53506,1.69,2.25
2013.05.29 06:29:20.654,1.5348,1.53506,1.69,2.25
2013.05.29 06:29:20.893,1.53479,1.53506,1.69,2.25
2013.05.29 06:29:20.954,1.53479,1.53505,1.69,1.50
2013.05.29 06:29:21.762,1.53478,1.53504,3.19,3.00
2013.05.29 06:29:22.330,1.53478,1.53504,2.44,3.00
2013.05.29 06:29:22.397,1.53478,1.53503,2.44,1.50
2013.05.29 06:29:22.465,1.53478,1.53498,2.44,1.32
2013.05.29 06:29:22.592,1.53464,1.53485,1.13,1.13
2013.05.29 06:29:22.653,1.53464,1.53486,1.13,1.69
2013.05.29 06:29:22.892,1.53453,1.5348,3.19,1.69
2013.05.29 06:29:23.133,1.53455,1.53483,1.69,1.50
2013.05.29 06:29:23.617,1.53457,1.53481,1.69,1.50
2013.05.29 06:29:23.686,1.53453,1.53479,1.69,1.13
2013.05.29 06:29:24.112,1.53456,1.53479,1.32,1.50
2013.05.29 06:29:24.232,1.53456,1.53481,2.07,2.25
2013.05.29 06:29:24.352,1.53457,1.53481,1.69,1.50
2013.05.29 06:29:24.594,1.53461,1.53486,1.69,1.50
2013.05.29 06:29:24.652,1.53462,1.53486,1.69,1.88
2013.05.29 06:29:25.193,1.53463,1.53488,1.69,1.50
2013.05.29 06:29:25.733,1.53464,1.53489,1.69,1.88
2013.05.29 06:29:26.034,1.53466,1.53487,1.69,1.13
2013.05.29 06:29:26.393,1.5347,1.53487,1.69,1.13
2013.05.29 06:29:26.574,1.5347,1.53491,3.19,1.32
2013.05.29 06:29:26.642,1.5347,1.53495,3.19,1.88
2013.05.29 06:29:26.765,1.53476,1.53495,1.50,1.13
2013.05.29 06:29:26.833,1.53478,1.53501,2.44,1.50
2013.05.29 06:29:26.893,1.5348,1.53501,1.50,1.50
2013.05.29 06:29:26.953,1.5348,1.53501,1.50,1.13
2013.05.29 06:29:27.012,1.53478,1.535,1.69,1.13
2013.05.29 06:29:27.192,1.5348,1.53505,1.50,1.69
2013.05.29 06:29:27.433,1.53482,1.53507,1.69,1.13
2013.05.29 06:29:27.794,1.53486,1.53511,1.69,2.25
2013.05.29 06:29:28.102,1.53494,1.53519,2.44,1.50
2013.05.29 06:29:28.342,1.53496,1.5352,1.50,1.88
2013.05.29 06:29:28.402,1.53495,1.5352,1.69,1.88
2013.05.29 06:29:28.942,1.53494,1.53519,2.44,2.63
2013.05.29 06:29:29.063,1.53495,1.5352,1.69,2.25
2013.05.29 06:29:29.123,1.53496,1.5352,1.50,1.13
2013.05.29 06:29:29.242,1.535,1.53525,1.69,3.38
2013.05.29 06:29:29.364,1.53505,1.53526,1.69,1.50
2013.05.29 06:29:29.773,1.53504,1.53528,2.44,1.13
2013.05.29 06:29:30.322,1.53504,1.53528,3.19,1.50
2013.05.29 06:29:30.623,1.53504,1.53528,1.69,1.13
2013.05.29 06:29:30.743,1.53503,1.53525,1.69,1.13
2013.05.29 06:29:31.102,1.53501,1.53523,2.07,1.50
2013.05.29 06:29:31.223,1.53502,1.53527,1.69,1.73
2013.05.29 06:29:31.463,1.53503,1.53527,1.69,1.13
2013.05.29 06:29:31.992,1.53505,1.53527,1.50,1.13
2013.05.29 06:29:32.332,1.53503,1.53526,2.44,1.13
2013.05.29 06:29:32.753,1.53504,1.53525,1.69,1.13
2013.05.29 06:29:33.563,1.53503,1.53526,1.69,1.13
2013.05.29 06:29:33.922,1.53506,1.53532,2.44,1.13
2013.05.29 06:29:34.471,1.53506,1.53531,2.44,1.13
2013.05.29 06:29:35.123,1.53506,1.53531,2.44,1.13
2013.05.29 06:29:35.693,1.53506,1.53531,2.44,1.13
2013.05.29 06:29:38.715,1.53509,1.53532,1.69,1.13
2013.05.29 06:29:39.222,1.5351,1.53536,1.69,1.50
2013.05.29 06:29:39.723,1.5351,1.53537,1.69,1.50
2013.05.29 06:29:39.902,1.5351,1.53536,1.69,1.50
2013.05.29 06:29:40.262,1.53513,1.53536,1.69,1.13
2013.05.29 06:29:40.383,1.53515,1.53541,2.44,1.69
2013.05.29 06:29:40.443,1.53519,1.53542,2.25,1.50
2013.05.29 06:29:40.744,1.53517,1.53544,1.69,1.69
2013.05.29 06:29:40.863,1.53517,1.53542,1.69,1.50
2013.05.29 06:29:40.924,1.53518,1.53546,1.50,2.07
2013.05.29 06:29:40.995,1.53518,1.53546,2.25,1.32
2013.05.29 06:29:41.375,1.53518,1.53542,1.69,1.13
2013.05.29 06:29:42.533,1.5351,1.53537,2.44,1.50
2013.05.29 06:29:42.953,1.53518,1.5354,1.69,2.25
2013.05.29 06:29:43.013,1.5352,1.53546,1.50,1.69
2013.05.29 06:29:43.073,1.5352,1.53547,1.50,1.69
2013.05.29 06:29:43.193,1.53521,1.53547,1.69,1.50
2013.05.29 06:29:43.433,1.53521,1.53548,1.69,1.50
2013.05.29 06:29:43.493,1.53521,1.53548,1.69,1.50
2013.05.29 06:29:43.614,1.53525,1.5355,1.69,2.25
2013.05.29 06:29:43.674,1.53522,1.53548,2.44,1.50
2013.05.29 06:29:43.974,1.53515,1.53542,2.44,1.50
2013.05.29 06:29:44.033,1.53517,1.5354,1.32,1.50
2013.05.29 06:29:44.272,1.53516,1.53542,1.69,3.00
2013.05.29 06:29:44.763,1.53521,1.53542,1.32,1.50
2013.05.29 06:29:44.823,1.53521,1.53545,1.32,1.50
2013.05.29 06:29:44.884,1.53521,1.53548,1.32,3.00
2013.05.29 06:29:45.063,1.53525,1.53551,1.69,1.50
2013.05.29 06:29:45.575,1.53526,1.53552,2.44,1.50
2013.05.29 06:29:45.703,1.53525,1.53551,2.44,1.50
2013.05.29 06:29:45.943,1.53526,1.53552,2.44,1.50
2013.05.29 06:29:46.424,1.53523,1.53549,1.69,1.50
2013.05.29 06:29:46.853,1.53524,1.53547,1.69,1.50
2013.05.29 06:29:47.154,1.53524,1.53545,1.69,1.50
2013.05.29 06:29:47.393,1.53522,1.53543,1.13,2.25
2013.05.29 06:29:47.453,1.53514,1.5354,1.32,2.25
2013.05.29 06:29:47.632,1.53514,1.5354,1.32,2.25
2013.05.29 06:29:48.300,1.53514,1.53535,1.32,1.50
2013.05.29 06:29:48.373,1.53511,1.53537,2.82,1.50
2013.05.29 06:29:49.703,1.53511,1.53537,1.69,2.63
2013.05.29 06:29:49.763,1.5351,1.53535,1.32,1.50
2013.05.29 06:29:50.015,1.53509,1.53535,1.69,1.50
2013.05.29 06:29:50.085,1.53508,1.53532,1.32,1.50
2013.05.29 06:29:50.974,1.53508,1.53531,1.32,2.25
2013.05.29 06:29:51.334,1.53508,1.53531,1.32,2.25
2013.05.29 06:29:51.393,1.53508,1.53527,1.32,1.50
2013.05.29 06:29:51.753,1.53506,1.53522,1.32,1.50
2013.05.29 06:29:52.364,1.53506,1.53523,1.32,1.50
2013.05.29 06:29:52.425,1.53506,1.53525,1.32,1.50
2013.05.29 06:29:52.554,1.53506,1.53527,1.32,1.50
2013.05.29 06:29:52.684,1.53507,1.53534,2.44,2.25
2013.05.29 06:29:52.924,1.53508,1.53531,2.07,1.50
2013.05.29 06:29:53.295,1.53499,1.53519,1.32,1.50
2013.05.29 06:29:53.364,1.53497,1.53519,1.69,1.50
2013.05.29 06:29:53.426,1.53497,1.53521,1.69,1.50
2013.05.29 06:29:53.972,1.53498,1.53525,1.69,1.50
2013.05.29 06:29:54.153,1.53497,1.53522,1.69,1.50
2013.05.29 06:29:54.454,1.53492,1.53519,2.44,1.50
2013.05.29 06:29:54.583,1.53492,1.53519,1.69,1.50
2013.05.29 06:29:55.062,1.5349,1.53516,3.19,1.50
2013.05.29 06:29:55.123,1.5349,1.53516,1.69,2.63
2013.05.29 06:29:55.483,1.53493,1.53516,1.69,1.13
2013.05.29 06:29:55.542,1.53493,1.53518,3.19,1.50
2013.05.29 06:29:55.604,1.53495,1.53518,3.19,1.50
2013.05.29 06:29:55.783,1.53495,1.53518,1.69,2.25
2013.05.29 06:29:55.843,1.53493,1.53518,2.44,1.50
2013.05.29 06:29:56.383,1.53493,1.53517,1.69,2.25
2013.05.29 06:29:56.443,1.53492,1.53517,2.07,2.44
2013.05.29 06:29:56.512,1.53492,1.53516,1.32,1.50
2013.05.29 06:29:56.573,1.53488,1.53515,2.82,1.50
2013.05.29 06:29:56.754,1.53492,1.53517,1.32,1.50
2013.05.29 06:29:56.993,1.53491,1.53517,1.69,2.25
2013.05.29 06:29:57.119,1.53491,1.53516,1.69,1.50
2013.05.29 06:29:57.422,1.53486,1.53512,1.69,3.00
2013.05.29 06:29:58.326,1.53483,1.5351,1.69,1.50
2013.05.29 06:29:58.394,1.53482,1.53508,1.69,3.00
2013.05.29 06:29:58.515,1.53482,1.53506,1.69,1.50
2013.05.29 06:29:59.023,1.53482,1.53508,1.69,1.50
2013.05.29 06:29:59.562,1.53483,1.53511,2.44,1.50
2013.05.29 06:29:59.622,1.53483,1.53511,2.44,1.50
2013.05.29 06:30:00.193,1.53484,1.53511,1.69,1.50
2013.05.29 06:30:00.554,1.53487,1.53515,4.32,1.69
2013.05.29 06:30:00.913,1.53496,1.53523,2.44,1.50
2013.05.29 06:30:01.093,1.53498,1.53524,1.69,1.32
2013.05.29 06:30:01.154,1.53499,1.53525,2.44,2.25
2013.05.29 06:30:01.704,1.53499,1.53524,1.69,1.13
2013.05.29 06:30:02.243,1.53496,1.53522,2.44,1.50
2013.05.29 06:30:02.603,1.53498,1.53525,1.69,2.25
2013.05.29 06:30:02.843,1.53504,1.53531,1.50,1.32
2013.05.29 06:30:02.962,1.53503,1.53528,1.69,1.50
2013.05.29 06:30:03.453,1.53507,1.53528,1.13,2.25
2013.05.29 06:30:03.512,1.5351,1.53532,1.13,3.19
2013.05.29 06:30:03.573,1.5351,1.53535,1.32,1.50
2013.05.29 06:30:04.053,1.53507,1.53534,2.07,2.25
2013.05.29 06:30:05.094,1.53508,1.53533,1.50,1.13
2013.05.29 06:30:05.164,1.53504,1.53528,1.50,1.50
2013.05.29 06:30:05.223,1.535,1.53527,3.19,2.25
2013.05.29 06:30:05.283,1.535,1.53526,2.44,1.50
2013.05.29 06:30:05.642,1.53492,1.5352,2.44,2.25
2013.05.29 06:30:05.824,1.53497,1.5352,1.68,2.25
2013.05.29 06:30:06.305,1.53517,1.5353,1.50,1.69
2013.05.29 06:30:06.382,1.5352,1.5354,1.13,1.50
2013.05.29 06:30:06.445,1.53515,1.5354,1.69,2.25
2013.05.29 06:30:06.529,1.53515,1.5354,1.69,2.63
2013.05.29 06:30:06.593,1.53512,1.53535,1.50,1.50
2013.05.29 06:30:06.653,1.53512,1.53533,1.50,1.50
2013.05.29 06:30:06.773,1.53512,1.53532,1.50,1.50
2013.05.29 06:30:06.893,1.53512,1.53535,1.50,1.50
2013.05.29 06:30:07.015,1.53513,1.53537,1.50,1.50
2013.05.29 06:30:07.503,1.53518,1.5354,1.13,3.94
2013.05.29 06:30:07.563,1.53518,1.53542,2.44,1.13
2013.05.29 06:30:07.683,1.5352,1.53544,1.69,2.25
2013.05.29 06:30:07.804,1.53523,1.5355,1.88,1.32
2013.05.29 06:30:07.863,1.53526,1.53551,1.32,1.13
2013.05.29 06:30:07.924,1.53527,1.53551,1.50,1.13
2013.05.29 06:30:08.225,1.53529,1.53554,1.50,2.07
2013.05.29 06:30:08.354,1.53526,1.53554,2.82,2.82
2013.05.29 06:30:08.852,1.53527,1.53554,1.50,1.69
2013.05.29 06:30:09.356,1.53527,1.53553,1.50,1.50
2013.05.29 06:30:10.388,1.53526,1.53547,1.69,1.13
2013.05.29 06:30:10.582,1.53507,1.5353,1.69,1.50
2013.05.29 06:30:10.643,1.53502,1.5353,3.19,1.50
2013.05.29 06:30:10.763,1.53502,1.53527,2.44,1.50
2013.05.29 06:30:10.943,1.53502,1.53527,1.69,1.50
2013.05.29 06:30:11.482,1.53502,1.53528,1.69,1.50
2013.05.29 06:30:11.732,1.53503,1.53529,1.69,1.50
2013.05.29 06:30:12.282,1.53505,1.53532,2.44,1.50
2013.05.29 06:30:13.103,1.53504,1.53531,3.19,1.13
2013.05.29 06:30:14.674,1.53504,1.53531,1.69,2.25
2013.05.29 06:30:14.853,1.53509,1.53534,2.25,1.32
2013.05.29 06:30:15.585,1.53511,1.53535,1.50,2.44
2013.05.29 06:30:16.134,1.5351,1.53535,1.50,3.19
2013.05.29 06:30:16.582,1.5351,1.53535,1.50,3.19
2013.05.29 06:30:16.804,1.5351,1.53535,2.25,1.69
2013.05.29 06:30:16.864,1.5351,1.53536,2.25,1.69
2013.05.29 06:30:17.402,1.5351,1.53537,2.25,2.82
2013.05.29 06:30:18.443,1.53511,1.53537,2.25,1.32
2013.05.29 06:30:20.105,1.53505,1.53531,3.00,1.13
2013.05.29 06:30:20.293,1.53504,1.53531,1.88,1.88
2013.05.29 06:30:20.594,1.53504,1.5353,1.13,1.50
2013.05.29 06:30:22.409,1.53507,1.53531,2.25,1.50
2013.05.29 06:30:22.592,1.53507,1.53534,1.50,3.19
2013.05.29 06:30:23.132,1.53507,1.53534,1.50,3.19
2013.05.29 06:30:23.891,1.53507,1.53534,2.25,3.19
2013.05.29 06:30:28.897,1.53511,1.53533,1.13,2.07
2013.05.29 06:30:29.452,1.53511,1.53533,1.13,2.07
2013.05.29 06:30:29.886,1.53509,1.53534,1.13,1.69
2013.05.29 06:30:30.013,1.53507,1.53533,1.88,1.69
2013.05.29 06:30:32.663,1.53507,1.53532,1.50,3.38
2013.05.29 06:30:33.011,1.53507,1.53527,1.50,1.88
2013.05.29 06:30:33.075,1.53495,1.5352,1.77,1.50
2013.05.29 06:30:33.142,1.53493,1.5352,2.44,2.25
2013.05.29 06:30:33.263,1.53493,1.5352,2.82,2.25
2013.05.29 06:30:33.622,1.535,1.53524,1.50,1.69
2013.05.29 06:30:34.102,1.53501,1.53525,3.38,1.13
2013.05.29 06:30:34.162,1.53501,1.53525,2.63,1.88
2013.05.29 06:30:34.362,1.53504,1.53531,1.50,2.44
2013.05.29 06:30:35.282,1.53503,1.53529,1.50,2.44
2013.05.29 06:30:35.523,1.53502,1.53525,2.25,1.13
2013.05.29 06:30:36.848,1.53502,1.53527,1.50,1.88
2013.05.29 06:30:37.153,1.53504,1.53527,1.50,1.88
2013.05.29 06:30:37.454,1.53506,1.53526,1.50,1.50
2013.05.29 06:30:37.990,1.53506,1.53524,1.50,1.50
2013.05.29 06:30:42.405,1.53507,1.5353,1.50,1.69
2013.05.29 06:30:44.317,1.53507,1.5353,1.50,2.44
2013.05.29 06:30:44.389,1.5351,1.53533,1.50,2.44
2013.05.29 06:30:45.185,1.5351,1.53533,2.63,2.44
2013.05.29 06:30:47.835,1.5351,1.53533,2.63,3.57
2013.05.29 06:30:48.145,1.53504,1.53525,3.19,1.50
2013.05.29 06:30:48.273,1.53502,1.53524,2.25,1.50
2013.05.29 06:30:48.934,1.53502,1.53524,1.50,1.50
2013.05.29 06:30:49.512,1.53502,1.53524,1.50,1.50
2013.05.29 06:30:50.664,1.53502,1.5352,1.69,1.50
2013.05.29 06:30:50.966,1.53499,1.53517,1.50,1.50
2013.05.29 06:30:51.036,1.53496,1.53516,1.13,2.44
2013.05.29 06:30:51.105,1.53494,1.53513,1.13,1.50
2013.05.29 06:30:51.174,1.53492,1.5351,1.69,1.50
2013.05.29 06:30:51.306,1.5349,1.53513,2.25,1.69
2013.05.29 06:30:51.375,1.5349,1.53513,2.25,1.69
2013.05.29 06:30:51.628,1.53487,1.53507,1.32,1.50
2013.05.29 06:30:51.695,1.53487,1.53509,1.32,1.50
2013.05.29 06:30:51.765,1.53487,1.53509,2.07,1.50
2013.05.29 06:30:52.073,1.5349,1.53509,1.50,1.13
2013.05.29 06:30:52.254,1.53488,1.53507,1.50,1.50
2013.05.29 06:30:52.374,1.53486,1.53509,2.44,2.63
2013.05.29 06:30:52.931,1.53486,1.53509,2.44,1.88
2013.05.29 06:30:53.012,1.5349,1.53509,1.50,1.50
2013.05.29 06:30:54.265,1.5349,1.53509,1.50,1.50
2013.05.29 06:30:54.901,1.5349,1.5351,1.69,2.25
2013.05.29 06:30:55.453,1.53492,1.5351,1.50,2.25
2013.05.29 06:30:56.635,1.53494,1.53513,1.50,1.69
2013.05.29 06:30:56.945,1.53495,1.53514,1.50,1.50
2013.05.29 06:30:57.785,1.53493,1.53513,1.50,1.50
2013.05.29 06:30:57.853,1.53494,1.53517,1.50,1.69
2013.05.29 06:30:57.915,1.53494,1.53516,1.50,1.69
2013.05.29 06:30:58.225,1.53496,1.53518,1.50,1.69
2013.05.29 06:30:58.555,1.535,1.53519,1.50,1.50
2013.05.29 06:30:58.922,1.53498,1.53519,1.69,1.50
2013.05.29 06:30:59.423,1.53497,1.53517,1.50,1.13
2013.05.29 06:31:00.314,1.53497,1.5352,1.50,2.44
2013.05.29 06:31:00.434,1.53495,1.53516,1.69,1.50
2013.05.29 06:31:01.091,1.53494,1.53516,3.00,1.69
2013.05.29 06:31:01.235,1.53498,1.5352,1.69,1.50
2013.05.29 06:31:01.650,1.53503,1.53524,1.50,2.82
2013.05.29 06:31:01.977,1.53506,1.53529,2.25,1.69
2013.05.29 06:31:02.686,1.53506,1.53529,3.00,1.69
2013.05.29 06:31:03.006,1.53506,1.53529,3.19,1.50
2013.05.29 06:31:03.514,1.53505,1.53529,2.44,2.25
2013.05.29 06:31:05.989,1.53505,1.53529,3.19,2.25
2013.05.29 06:31:06.658,1.53506,1.53529,2.44,2.25
2013.05.29 06:31:07.663,1.53508,1.53531,1.69,1.69
2013.05.29 06:31:08.254,1.53509,1.53532,2.25,1.69
2013.05.29 06:31:08.773,1.53512,1.53533,1.50,1.69
2013.05.29 06:31:09.094,1.53514,1.53533,1.50,1.69
2013.05.29 06:31:09.454,1.53516,1.53538,2.25,1.88
2013.05.29 06:31:09.693,1.53518,1.53538,2.25,1.50
2013.05.29 06:31:09.814,1.53518,1.53539,3.00,2.44
2013.05.29 06:31:10.005,1.53521,1.53541,1.50,1.50
2013.05.29 06:31:10.545,1.53521,1.53542,2.25,1.50
2013.05.29 06:31:10.854,1.53521,1.53541,1.50,1.50
2013.05.29 06:31:11.584,1.53521,1.53543,1.50,1.69
2013.05.29 06:31:12.044,1.53518,1.53542,2.44,1.50
2013.05.29 06:31:12.104,1.53518,1.53539,1.69,1.50
2013.05.29 06:31:17.774,1.53517,1.53539,2.44,2.25
2013.05.29 06:31:20.336,1.53517,1.53539,2.25,2.25
2013.05.29 06:31:21.573,1.53519,1.53541,1.50,1.69
2013.05.29 06:31:21.635,1.53519,1.53543,1.50,2.44
2013.05.29 06:31:21.946,1.53521,1.53544,2.25,1.50
2013.05.29 06:31:22.255,1.53528,1.53546,1.50,1.69
2013.05.29 06:31:22.765,1.53526,1.53546,1.69,1.50
2013.05.29 06:31:23.075,1.53529,1.53548,1.50,1.88
2013.05.29 06:31:23.564,1.53526,1.53548,3.19,1.88
2013.05.29 06:31:23.805,1.53528,1.53552,3.00,2.07
2013.05.29 06:31:23.873,1.53529,1.53552,1.50,2.07
2013.05.29 06:31:24.175,1.53539,1.53559,1.69,2.25
2013.05.29 06:31:24.245,1.53542,1.53563,1.50,1.50
2013.05.29 06:31:26.644,1.53541,1.53563,1.50,1.50
2013.05.29 06:31:27.314,1.53541,1.53564,2.25,2.25
2013.05.29 06:31:28.287,1.53541,1.53563,3.00,1.50
2013.05.29 06:31:28.616,1.53543,1.53564,1.50,2.25
2013.05.29 06:31:29.400,1.53543,1.53564,1.50,1.50
2013.05.29 06:31:30.354,1.53542,1.53564,1.50,1.50
2013.05.29 06:31:30.694,1.53543,1.53564,1.50,2.25
2013.05.29 06:31:32.795,1.53545,1.53563,1.50,1.50
2013.05.29 06:31:33.473,1.53544,1.53563,1.69,1.50
2013.05.29 06:31:33.986,1.53543,1.53563,3.19,1.50
2013.05.29 06:31:34.797,1.53544,1.53563,1.69,1.50
2013.05.29 06:31:36.475,1.53546,1.53566,1.69,2.63
2013.05.29 06:31:36.724,1.53546,1.53568,1.69,1.50
2013.05.29 06:31:36.845,1.53546,1.53569,1.69,3.19
2013.05.29 06:31:40.535,1.53548,1.53569,1.50,2.25
2013.05.29 06:31:40.774,1.53549,1.5357,3.19,2.25
2013.05.29 06:31:41.976,1.53551,1.53572,3.00,2.63
2013.05.29 06:31:42.045,1.53551,1.5357,1.50,1.50
2013.05.29 06:31:42.743,1.53551,1.53572,1.50,2.63
2013.05.29 06:31:43.344,1.53551,1.53572,3.00,1.13
2013.05.29 06:31:43.889,1.53551,1.53572,3.00,1.13
2013.05.29 06:31:43.954,1.53551,1.53572,3.00,1.13
2013.05.29 06:31:44.507,1.53551,1.53572,3.00,1.13
2013.05.29 06:31:44.814,1.53552,1.53574,1.50,1.69
2013.05.29 06:31:45.245,1.53553,1.53574,2.25,1.69
2013.05.29 06:31:46.136,1.53556,1.53575,1.50,2.25
2013.05.29 06:31:46.212,1.53559,1.53577,1.13,1.32
2013.05.29 06:31:46.336,1.53559,1.53577,1.88,1.32
2013.05.29 06:31:46.406,1.53559,1.53577,1.13,1.32
2013.05.29 06:31:47.235,1.53559,1.53577,1.13,1.32
2013.05.29 06:31:47.754,1.53559,1.53577,1.13,1.32
2013.05.29 06:31:48.307,1.53558,1.53577,1.50,1.32
2013.05.29 06:31:48.833,1.53558,1.53577,1.50,1.13
2013.05.29 06:31:49.373,1.53558,1.53577,1.50,1.13
2013.05.29 06:31:50.804,1.5356,1.53577,2.25,1.13
2013.05.29 06:31:51.921,1.53559,1.53577,1.50,1.13
2013.05.29 06:31:52.408,1.53559,1.53579,1.69,1.88
2013.05.29 06:31:53.135,1.53559,1.53581,1.69,2.25
2013.05.29 06:31:53.326,1.53566,1.53583,1.50,1.13
2013.05.29 06:31:53.953,1.53568,1.53585,1.50,1.88
2013.05.29 06:31:54.254,1.53566,1.53585,1.50,1.88
2013.05.29 06:31:56.016,1.53564,1.53585,1.88,1.88
2013.05.29 06:31:56.146,1.53564,1.53585,1.88,1.50
2013.05.29 06:31:56.644,1.53567,1.53587,2.25,1.69
2013.05.29 06:31:57.025,1.53569,1.53587,1.69,1.50
2013.05.29 06:32:03.204,1.53569,1.53587,1.69,1.50
2013.05.29 06:32:03.444,1.53569,1.5359,2.44,3.00
2013.05.29 06:32:06.215,1.53569,1.5359,2.44,2.25
2013.05.29 06:32:06.344,1.53569,1.53589,2.44,1.50
2013.05.29 06:32:10.393,1.53572,1.53588,1.32,1.50
2013.05.29 06:32:10.514,1.53573,1.53593,1.50,2.07
2013.05.29 06:32:10.754,1.53574,1.53595,1.69,1.50
2013.05.29 06:32:10.934,1.53576,1.536,1.88,2.44
2013.05.29 06:32:10.994,1.53577,1.536,1.69,1.50
2013.05.29 06:32:12.733,1.53579,1.53598,1.69,1.50
2013.05.29 06:32:13.344,1.53579,1.536,1.69,1.88
2013.05.29 06:32:13.584,1.53579,1.53601,1.69,1.50
2013.05.29 06:32:13.825,1.53579,1.53601,3.19,1.50
2013.05.29 06:32:14.903,1.53579,1.53601,3.19,2.25
2013.05.29 06:32:21.243,1.53579,1.536,1.69,1.50
2013.05.29 06:32:21.545,1.53578,1.53598,2.44,1.50
2013.05.29 06:32:21.673,1.53577,1.53599,1.69,2.25
2013.05.29 06:32:22.082,1.53579,1.53599,1.32,1.50
2013.05.29 06:32:22.264,1.53576,1.53596,3.19,1.50
2013.05.29 06:32:22.324,1.53577,1.53596,1.69,1.50
2013.05.29 06:32:22.394,1.53577,1.53597,1.69,2.25
2013.05.29 06:32:22.914,1.53577,1.53598,1.69,2.25
2013.05.29 06:32:23.034,1.53577,1.53598,1.69,2.25
2013.05.29 06:32:23.844,1.53579,1.53598,1.32,1.50
2013.05.29 06:32:24.143,1.53579,1.53598,1.32,2.25
2013.05.29 06:32:24.394,1.53582,1.53599,1.13,1.50
2013.05.29 06:32:24.514,1.53585,1.53606,3.00,1.69
2013.05.29 06:32:24.575,1.53585,1.53607,4.50,1.50
2013.05.29 06:32:25.344,1.53589,1.53609,1.13,1.69
2013.05.29 06:32:25.404,1.53589,1.53609,1.13,1.69
2013.05.29 06:32:26.007,1.53592,1.5361,1.32,1.50
2013.05.29 06:32:26.614,1.53592,1.5361,1.32,1.50
2013.05.29 06:32:26.909,1.53592,1.53611,1.32,1.50
2013.05.29 06:32:27.534,1.53592,1.5361,1.32,1.50
2013.05.29 06:32:28.195,1.53591,1.53605,1.69,1.50
2013.05.29 06:32:28.264,1.53588,1.53604,2.44,1.50
2013.05.29 06:32:28.444,1.53583,1.53601,2.44,1.50
2013.05.29 06:32:28.983,1.53582,1.53606,1.32,1.69
2013.05.29 06:32:29.524,1.53582,1.53603,1.32,1.69
2013.05.29 06:32:30.073,1.53582,1.53603,2.82,1.58
2013.05.29 06:32:31.093,1.53582,1.53603,1.88,1.77
2013.05.29 06:32:31.153,1.53582,1.53603,2.25,1.77
2013.05.29 06:32:32.033,1.53582,1.53603,2.25,1.77
2013.05.29 06:32:32.155,1.53582,1.53603,2.25,1.77
2013.05.29 06:32:32.363,1.53584,1.53604,2.25,3.94
2013.05.29 06:32:33.132,1.53583,1.53603,1.50,2.44
2013.05.29 06:32:34.164,1.53582,1.53603,1.13,2.25
2013.05.29 06:32:34.706,1.53579,1.53599,1.32,2.25
2013.05.29 06:32:34.894,1.53577,1.53599,1.32,2.25
2013.05.29 06:32:35.234,1.53579,1.536,2.07,1.50
2013.05.29 06:32:35.760,1.53581,1.53601,1.69,1.50
2013.05.29 06:32:36.104,1.53582,1.53602,1.32,1.50
2013.05.29 06:32:36.973,1.53584,1.53603,2.82,1.50
2013.05.29 06:32:37.434,1.53585,1.53606,3.94,1.50
2013.05.29 06:32:38.745,1.53585,1.53605,1.69,1.50
2013.05.29 06:32:40.104,1.53585,1.53605,1.69,1.50
2013.05.29 06:32:40.653,1.53585,1.53604,1.69,1.50
2013.05.29 06:32:41.844,1.53585,1.53604,2.44,1.50
2013.05.29 06:32:43.493,1.53585,1.53604,1.69,1.50
2013.05.29 06:32:43.794,1.53583,1.53604,2.07,2.25
2013.05.29 06:32:45.744,1.53583,1.53604,2.07,2.25
2013.05.29 06:32:46.574,1.53587,1.53606,1.32,1.50
2013.05.29 06:32:47.394,1.53587,1.53606,1.32,1.50
2013.05.29 06:32:48.715,1.53587,1.53607,1.32,2.25
2013.05.29 06:32:49.864,1.53587,1.53607,1.32,2.25
2013.05.29 06:32:49.933,1.53584,1.53607,1.32,2.25
2013.05.29 06:32:49.993,1.53583,1.53607,2.82,2.25
2013.05.29 06:32:51.613,1.53585,1.53606,1.32,1.50
2013.05.29 06:32:51.675,1.53584,1.53606,1.32,1.50
2013.05.29 06:32:52.224,1.53583,1.53603,1.32,1.50
2013.05.29 06:32:52.764,1.53585,1.53602,1.32,1.50
2013.05.29 06:32:53.966,1.53585,1.53602,2.44,1.50
2013.05.29 06:32:54.095,1.53592,1.53609,1.32,2.25
2013.05.29 06:32:54.273,1.53593,1.53612,2.07,1.50
2013.05.29 06:32:54.334,1.53593,1.53613,2.07,1.50
2013.05.29 06:32:54.455,1.53595,1.53615,1.13,1.13
2013.05.29 06:32:54.963,1.53598,1.53616,1.32,1.50
2013.05.29 06:32:55.622,1.53595,1.53619,1.32,3.00
2013.05.29 06:32:55.744,1.53595,1.53615,1.32,1.50
2013.05.29 06:32:55.804,1.53595,1.53615,1.32,2.25
2013.05.29 06:32:55.867,1.53597,1.53615,1.50,3.00
2013.05.29 06:32:55.996,1.53597,1.53617,1.50,1.50
2013.05.29 06:32:56.545,1.53599,1.53616,1.32,1.50
2013.05.29 06:32:57.163,1.53598,1.53616,1.32,1.50
2013.05.29 06:32:57.693,1.53598,1.53616,1.32,2.25
2013.05.29 06:32:57.933,1.53596,1.53616,1.32,2.25
2013.05.29 06:32:59.584,1.53594,1.53613,2.07,1.50
2013.05.29 06:32:59.918,1.53593,1.5361,2.44,1.50
2013.05.29 06:33:00.344,1.53591,1.5361,1.32,1.50
2013.05.29 06:33:00.925,1.53591,1.53608,1.32,2.25
2013.05.29 06:33:02.761,1.53589,1.53605,1.32,1.50
2013.05.29 06:33:02.903,1.53585,1.536,1.69,1.50
2013.05.29 06:33:02.985,1.53584,1.53597,1.13,1.50
2013.05.29 06:33:03.185,1.53584,1.53597,1.13,1.50
2013.05.29 06:33:03.433,1.53577,1.53598,1.32,1.50
2013.05.29 06:33:03.984,1.53576,1.53597,2.07,2.25
2013.05.29 06:33:04.043,1.53576,1.53593,2.07,1.50
2013.05.29 06:33:04.103,1.53576,1.53593,1.13,1.50
2013.05.29 06:33:04.284,1.53574,1.53592,1.69,1.50
2013.05.29 06:33:04.644,1.5357,1.53588,2.44,2.25
2013.05.29 06:33:04.823,1.5357,1.53588,1.69,2.25
2013.05.29 06:33:06.064,1.5357,1.53592,2.44,2.25
2013.05.29 06:33:06.484,1.53569,1.5359,1.69,1.50
2013.05.29 06:33:06.723,1.53563,1.53582,2.82,1.50
2013.05.29 06:33:06.785,1.53562,1.5358,1.69,1.50
2013.05.29 06:33:06.915,1.5356,1.53579,1.69,2.25
2013.05.29 06:33:07.165,1.53559,1.5358,1.69,1.50
2013.05.29 06:33:07.236,1.53557,1.5358,3.19,2.25
2013.05.29 06:33:07.544,1.53557,1.53581,3.19,3.19
2013.05.29 06:33:07.904,1.53559,1.53581,1.69,2.25
2013.05.29 06:33:08.148,1.53562,1.53583,1.32,2.25
2013.05.29 06:33:08.216,1.53562,1.53583,1.69,2.25
2013.05.29 06:33:08.404,1.53565,1.53585,2.07,1.13
2013.05.29 06:33:08.523,1.53566,1.53589,1.32,3.94
2013.05.29 06:33:09.374,1.53567,1.53589,1.69,2.25
2013.05.29 06:33:09.696,1.53566,1.53587,1.69,1.50
2013.05.29 06:33:09.947,1.5357,1.53589,1.32,2.25
2013.05.29 06:33:10.793,1.53572,1.53592,1.69,1.50
2013.05.29 06:33:11.094,1.53574,1.53595,1.69,1.88
2013.05.29 06:33:11.154,1.53574,1.53595,1.69,1.88
2013.05.29 06:33:11.753,1.53579,1.53599,1.69,1.50
2013.05.29 06:33:12.254,1.53579,1.536,1.32,1.50
2013.05.29 06:33:12.573,1.53584,1.53604,1.69,1.13
2013.05.29 06:33:13.304,1.53586,1.53607,1.69,1.50
2013.05.29 06:33:13.824,1.53586,1.53607,1.69,1.50
2013.05.29 06:33:14.365,1.53582,1.53606,2.07,2.25
2013.05.29 06:33:14.674,1.53581,1.53602,2.44,1.50
2013.05.29 06:33:15.285,1.53591,1.53607,1.32,2.25
2013.05.29 06:33:15.414,1.53593,1.53613,2.44,4.50
2013.05.29 06:33:15.475,1.53596,1.53616,1.50,1.50
2013.05.29 06:33:15.544,1.536,1.53619,1.50,1.13
2013.05.29 06:33:15.664,1.536,1.5362,1.50,1.69
2013.05.29 06:33:15.724,1.53601,1.53622,1.69,1.13
2013.05.29 06:33:16.454,1.53601,1.53624,3.19,1.50
2013.05.29 06:33:16.634,1.53601,1.53622,2.44,1.50
2013.05.29 06:33:16.965,1.53599,1.5362,2.44,1.50
2013.05.29 06:33:17.488,1.53599,1.53618,1.69,1.13
2013.05.29 06:33:17.556,1.53598,1.53617,1.69,1.50
2013.05.29 06:33:17.626,1.53592,1.53615,2.82,1.50
2013.05.29 06:33:19.793,1.53591,1.53613,2.07,1.50
2013.05.29 06:33:21.164,1.53591,1.53613,1.32,1.50
2013.05.29 06:33:23.776,1.53591,1.53613,2.07,1.13
2013.05.29 06:33:25.615,1.53591,1.53611,1.69,1.88
2013.05.29 06:33:25.923,1.53585,1.53607,3.19,1.88
2013.05.29 06:33:25.983,1.53585,1.53607,1.69,1.13
2013.05.29 06:33:26.043,1.53584,1.53608,1.69,1.88
2013.05.29 06:33:26.103,1.53581,1.53606,1.69,1.50
2013.05.29 06:33:26.225,1.5358,1.53604,2.44,1.69
2013.05.29 06:33:26.414,1.53582,1.53604,1.69,1.50
2013.05.29 06:33:26.594,1.53587,1.53606,1.69,1.50
2013.05.29 06:33:26.715,1.53588,1.5361,2.44,1.50
2013.05.29 06:33:27.393,1.5359,1.53611,1.32,1.50
2013.05.29 06:33:27.644,1.53591,1.53612,1.32,1.50
2013.05.29 06:33:28.799,1.53591,1.53612,1.13,1.69
2013.05.29 06:33:28.865,1.53591,1.53612,1.13,2.44
2013.05.29 06:33:29.166,1.53585,1.53596,1.69,1.50
2013.05.29 06:33:29.355,1.53574,1.53595,1.69,3.00
2013.05.29 06:33:29.413,1.53573,1.53595,1.50,3.94
2013.05.29 06:33:29.953,1.53573,1.53593,1.50,1.50
2013.05.29 06:33:31.174,1.53573,1.53593,1.50,1.50
2013.05.29 06:33:32.433,1.53567,1.5359,2.44,1.50
2013.05.29 06:33:32.613,1.53567,1.53589,1.69,1.50
2013.05.29 06:33:32.733,1.53568,1.53589,1.50,1.50
2013.05.29 06:33:32.794,1.5357,1.53591,1.50,1.50
2013.05.29 06:33:33.033,1.53566,1.53591,1.32,1.50
2013.05.29 06:33:33.153,1.53569,1.53591,1.50,1.50
2013.05.29 06:33:33.393,1.53574,1.53597,1.32,1.88
2013.05.29 06:33:34.083,1.53587,1.53598,1.13,1.69
2013.05.29 06:33:34.203,1.53585,1.53608,2.07,1.50
2013.05.29 06:33:34.865,1.53586,1.5361,1.13,1.69
2013.05.29 06:33:35.503,1.53586,1.53611,2.07,2.44
2013.05.29 06:33:36.694,1.53586,1.53611,2.07,2.44
2013.05.29 06:33:37.003,1.53586,1.53611,2.07,1.50
2013.05.29 06:33:37.366,1.53586,1.53612,2.07,1.50
2013.05.29 06:33:37.553,1.53589,1.53614,1.32,2.44
2013.05.29 06:33:38.200,1.53589,1.53613,1.32,1.88
2013.05.29 06:33:38.442,1.53586,1.53609,2.07,1.50
2013.05.29 06:33:38.622,1.53586,1.53608,2.07,2.25
2013.05.29 06:33:39.209,1.53586,1.53608,2.07,2.25
2013.05.29 06:33:41.733,1.53584,1.53608,1.69,3.00
2013.05.29 06:33:44.244,1.53584,1.53606,1.69,1.88
2013.05.29 06:33:45.893,1.53584,1.53605,1.69,1.69
2013.05.29 06:33:48.698,1.53583,1.53605,1.69,1.69
2013.05.29 06:33:49.234,1.53584,1.53605,2.82,1.50
2013.05.29 06:33:49.302,1.53584,1.53608,2.82,3.00
2013.05.29 06:33:49.603,1.53586,1.53611,1.69,2.82
2013.05.29 06:33:50.034,1.53591,1.53611,1.13,2.44
2013.05.29 06:33:50.392,1.53591,1.53613,1.13,1.88
2013.05.29 06:33:50.573,1.53591,1.53613,1.13,1.13
2013.05.29 06:33:50.633,1.53591,1.53615,1.88,2.07
2013.05.29 06:33:50.935,1.53595,1.53612,1.50,1.50
2013.05.29 06:33:51.054,1.53595,1.53613,1.50,1.13
2013.05.29 06:33:51.235,1.53595,1.53614,1.50,1.32
2013.05.29 06:33:51.544,1.53592,1.53618,2.07,2.44
2013.05.29 06:33:51.665,1.536,1.53618,1.13,2.44
2013.05.29 06:33:52.764,1.53596,1.5362,1.13,1.69
2013.05.29 06:33:53.086,1.53604,1.53622,1.50,1.13
2013.05.29 06:33:53.155,1.53604,1.53623,1.50,2.63
2013.05.29 06:33:53.282,1.53597,1.53623,2.07,2.63
2013.05.29 06:33:53.833,1.53598,1.53623,2.07,1.13
2013.05.29 06:33:54.903,1.53599,1.53623,1.32,1.88
2013.05.29 06:33:58.483,1.53599,1.53623,1.32,1.50
2013.05.29 06:33:58.903,1.53601,1.53625,2.25,3.19
2013.05.29 06:33:58.963,1.53605,1.53625,1.13,2.44
2013.05.29 06:33:59.083,1.53601,1.53625,1.32,1.50
2013.05.29 06:33:59.322,1.53601,1.53626,1.32,1.50
2013.05.29 06:34:01.834,1.536,1.53626,3.19,2.82
2013.05.29 06:34:02.693,1.53601,1.53623,2.63,2.25
2013.05.29 06:34:02.754,1.53601,1.53626,3.38,5.07
2013.05.29 06:34:03.063,1.53603,1.53626,2.63,3.57
2013.05.29 06:34:03.664,1.53604,1.53626,3.00,2.44
2013.05.29 06:34:03.972,1.53604,1.53627,3.19,1.13
2013.05.29 06:34:04.213,1.53609,1.5363,1.50,1.13
2013.05.29 06:34:04.333,1.5361,1.53635,2.44,1.50
2013.05.29 06:34:04.454,1.53613,1.53635,1.69,1.88
2013.05.29 06:34:04.574,1.5361,1.53636,2.82,1.50
2013.05.29 06:34:04.694,1.5361,1.53634,1.69,1.50
2013.05.29 06:34:06.353,1.53611,1.53636,1.69,1.13
2013.05.29 06:34:06.773,1.53613,1.5363,1.32,1.13
2013.05.29 06:34:06.893,1.53611,1.53632,1.32,1.50
2013.05.29 06:34:07.012,1.53609,1.53631,1.50,1.50
2013.05.29 06:34:07.073,1.53605,1.53628,1.32,1.50
2013.05.29 06:34:07.793,1.536,1.53626,1.32,1.69
2013.05.29 06:34:08.346,1.536,1.53626,1.32,1.69
2013.05.29 06:34:08.563,1.53602,1.53626,1.32,1.69
2013.05.29 06:34:17.803,1.53601,1.53624,1.50,2.07
2013.05.29 06:34:18.103,1.53598,1.53623,1.69,1.50
2013.05.29 06:34:18.283,1.53598,1.53614,1.50,1.32
2013.05.29 06:34:18.344,1.53594,1.53614,1.50,1.32
2013.05.29 06:34:18.465,1.53588,1.53605,1.13,1.50
2013.05.29 06:34:18.654,1.53583,1.53605,1.69,2.25
2013.05.29 06:34:19.203,1.53583,1.53605,3.94,2.25
2013.05.29 06:34:20.054,1.53582,1.53602,1.69,2.25
2013.05.29 06:34:20.114,1.53582,1.53601,1.50,1.13
2013.05.29 06:34:20.415,1.53576,1.53595,2.25,2.63
2013.05.29 06:34:20.474,1.53573,1.53595,1.50,2.63
2013.05.29 06:34:21.700,1.53572,1.53595,3.00,2.25
2013.05.29 06:34:22.315,1.53573,1.53594,2.25,1.13
2013.05.29 06:34:22.634,1.5357,1.53587,1.69,1.50
2013.05.29 06:34:22.765,1.53566,1.53584,1.69,2.25
2013.05.29 06:34:22.836,1.5356,1.53579,1.69,1.50
2013.05.29 06:34:22.904,1.53558,1.5358,2.82,1.13
2013.05.29 06:34:23.324,1.53559,1.53585,1.69,1.58
2013.05.29 06:34:23.444,1.53566,1.53586,1.50,1.69
2013.05.29 06:34:24.054,1.5357,1.53591,1.50,1.32
2013.05.29 06:34:25.124,1.5357,1.53591,1.69,1.13
2013.05.29 06:34:25.365,1.53571,1.53595,2.25,2.82
2013.05.29 06:34:25.554,1.53575,1.53595,1.50,1.32
2013.05.29 06:34:25.913,1.53578,1.53596,1.50,1.50
2013.05.29 06:34:26.696,1.53578,1.536,1.50,1.69
2013.05.29 06:34:27.004,1.53579,1.53602,1.13,2.44
2013.05.29 06:34:27.136,1.53583,1.53604,1.50,2.44
2013.05.29 06:34:27.207,1.53584,1.53605,2.25,1.69
2013.05.29 06:34:27.454,1.53586,1.53608,2.25,1.50
2013.05.29 06:34:28.214,1.53586,1.53607,1.50,1.50
2013.05.29 06:34:28.274,1.53583,1.53606,3.94,1.13
2013.05.29 06:34:28.575,1.53575,1.53594,2.07,1.50
2013.05.29 06:34:28.694,1.53572,1.53594,1.50,1.69
2013.05.29 06:34:28.755,1.53571,1.53592,1.69,1.13
2013.05.29 06:34:29.295,1.5357,1.53593,1.69,1.88
2013.05.29 06:34:30.045,1.53572,1.53597,1.13,2.44
2013.05.29 06:34:30.164,1.53572,1.53597,1.13,2.44
2013.05.29 06:34:30.764,1.53573,1.53597,1.13,2.07
2013.05.29 06:34:31.414,1.53572,1.53597,1.69,2.44
2013.05.29 06:34:33.399,1.53573,1.53594,1.13,1.69
2013.05.29 06:34:33.926,1.53572,1.53594,2.25,1.69
2013.05.29 06:34:34.115,1.53573,1.53596,1.69,2.25
2013.05.29 06:34:34.623,1.53573,1.53597,3.94,1.88
2013.05.29 06:34:35.224,1.53575,1.53597,2.44,1.88
2013.05.29 06:34:39.514,1.53577,1.53599,1.50,2.63
2013.05.29 06:34:40.633,1.53577,1.53601,2.25,1.32
2013.05.29 06:34:40.753,1.53578,1.53602,1.50,1.32
2013.05.29 06:34:41.054,1.5358,1.53602,2.82,1.13
2013.05.29 06:34:41.174,1.53582,1.53606,1.69,1.50
2013.05.29 06:34:41.413,1.53582,1.53606,1.69,2.25
2013.05.29 06:34:41.533,1.53582,1.53604,1.69,1.20
2013.05.29 06:34:41.596,1.5358,1.53602,2.44,1.13
2013.05.29 06:34:42.146,1.53582,1.53602,1.69,1.13
2013.05.29 06:34:42.333,1.53585,1.53606,1.50,1.50
2013.05.29 06:34:42.513,1.53586,1.53609,2.25,3.57
2013.05.29 06:34:42.995,1.53586,1.53609,2.25,2.44
2013.05.29 06:34:43.185,1.53588,1.5361,1.69,1.88
2013.05.29 06:34:43.614,1.53584,1.53607,1.88,1.50
2013.05.29 06:34:44.138,1.53583,1.53605,1.69,1.50
2013.05.29 06:34:44.923,1.53583,1.53604,1.69,2.25
2013.05.29 06:34:44.985,1.53583,1.53603,1.50,1.69
2013.05.29 06:34:45.114,1.53578,1.53601,2.07,1.13
2013.05.29 06:34:45.650,1.53579,1.536,1.69,1.88
2013.05.29 06:34:46.154,1.53577,1.53595,3.19,1.13
2013.05.29 06:34:46.275,1.53573,1.53593,2.07,1.09
2013.05.29 06:34:46.334,1.53571,1.53592,1.50,1.02
2013.05.29 06:34:46.395,1.53569,1.53591,1.50,1.95
2013.05.29 06:34:46.465,1.53569,1.53591,1.50,2.07
2013.05.29 06:34:46.534,1.53568,1.53591,1.69,1.88
2013.05.29 06:34:46.594,1.53568,1.53591,1.69,2.25
2013.05.29 06:34:46.834,1.53565,1.53589,3.57,1.88
2013.05.29 06:34:46.893,1.53565,1.53588,3.57,1.13
2013.05.29 06:34:47.074,1.53566,1.5359,1.69,1.88
2013.05.29 06:34:47.267,1.5357,1.53591,1.50,1.13
2013.05.29 06:34:47.335,1.53574,1.53593,1.50,2.25
2013.05.29 06:34:47.524,1.53577,1.53598,1.50,3.19
2013.05.29 06:34:48.085,1.53577,1.53598,1.50,3.19
2013.05.29 06:34:49.374,1.53578,1.53598,1.50,1.69
2013.05.29 06:34:49.735,1.53578,1.53599,2.25,1.69
2013.05.29 06:34:49.975,1.53586,1.53608,1.50,4.69
2013.05.29 06:34:50.034,1.53586,1.53608,1.88,4.69
2013.05.29 06:34:50.106,1.53589,1.53608,1.13,2.82
2013.05.29 06:34:50.175,1.53591,1.53611,1.69,1.50
2013.05.29 06:34:50.426,1.53592,1.53615,3.19,2.07
2013.05.29 06:34:50.557,1.53592,1.53614,2.44,1.31
2013.05.29 06:34:50.745,1.53586,1.53603,1.50,1.13
2013.05.29 06:34:50.875,1.53584,1.53602,1.50,1.13
2013.05.29 06:34:51.124,1.53584,1.53606,1.50,1.32
2013.05.29 06:34:51.185,1.53584,1.53607,1.50,1.69
2013.05.29 06:34:51.496,1.53587,1.53608,1.13,1.50
2013.05.29 06:34:51.804,1.53598,1.53615,2.25,2.44
2013.05.29 06:34:51.985,1.53598,1.53618,2.25,1.32
2013.05.29 06:34:52.356,1.53598,1.53619,2.25,1.32
2013.05.29 06:34:52.430,1.53599,1.53616,1.50,1.50
2013.05.29 06:34:52.564,1.53593,1.5361,1.50,1.50
2013.05.29 06:34:52.625,1.53588,1.5361,1.32,2.25
2013.05.29 06:34:52.694,1.53594,1.53611,1.50,2.25
2013.05.29 06:34:52.884,1.53589,1.53611,1.69,2.25
2013.05.29 06:34:53.087,1.5359,1.53609,1.69,1.50
2013.05.29 06:34:53.156,1.53588,1.53608,1.69,1.50
2013.05.29 06:34:53.345,1.5359,1.53612,1.32,2.25
2013.05.29 06:34:53.418,1.53589,1.53611,2.07,1.50
2013.05.29 06:34:53.616,1.53588,1.53609,2.63,1.13
2013.05.29 06:34:53.748,1.53586,1.53607,1.13,1.50
2013.05.29 06:34:53.946,1.53584,1.53606,1.88,2.44
2013.05.29 06:34:55.301,1.53584,1.53605,1.50,2.82
2013.05.29 06:34:55.495,1.53574,1.53596,1.88,1.69
2013.05.29 06:34:55.556,1.53574,1.53593,1.88,1.88
2013.05.29 06:34:55.626,1.53572,1.5359,1.13,1.50
2013.05.29 06:34:56.235,1.53568,1.5359,2.07,1.50
2013.05.29 06:34:56.724,1.53569,1.5359,2.44,1.50
2013.05.29 06:34:57.089,1.53573,1.53593,1.50,1.13
2013.05.29 06:34:57.709,1.53572,1.53593,2.25,1.13
2013.05.29 06:34:58.254,1.53572,1.53593,3.75,1.13
2013.05.29 06:34:58.374,1.53572,1.53593,3.75,1.13
2013.05.29 06:34:58.677,1.53578,1.53595,1.13,1.50
2013.05.29 06:34:58.997,1.53585,1.53599,2.25,1.50
2013.05.29 06:34:59.304,1.53591,1.53612,2.44,1.50
2013.05.29 06:34:59.605,1.53593,1.53612,1.50,1.50
2013.05.29 06:34:59.734,1.53595,1.53615,2.44,1.50
2013.05.29 06:35:00.508,1.53597,1.53617,1.50,1.88
2013.05.29 06:35:01.408,1.53594,1.53617,1.69,1.13
2013.05.29 06:35:01.477,1.53594,1.53611,1.69,1.13
2013.05.29 06:35:01.746,1.53583,1.53602,2.44,1.50
2013.05.29 06:35:01.874,1.53583,1.53602,1.69,1.50
2013.05.29 06:35:01.998,1.53581,1.53602,1.32,1.50
2013.05.29 06:35:02.246,1.53583,1.53603,1.69,1.50
2013.05.29 06:35:02.557,1.53581,1.53603,1.69,1.50
2013.05.29 06:35:02.865,1.53579,1.53598,2.82,1.50
2013.05.29 06:35:02.986,1.53576,1.53597,2.44,1.50
2013.05.29 06:35:03.543,1.53576,1.53598,1.69,1.50
2013.05.29 06:35:04.065,1.53574,1.53598,2.44,1.50
2013.05.29 06:35:05.494,1.53574,1.53595,2.82,1.50
2013.05.29 06:35:06.025,1.53575,1.53595,1.50,1.50
2013.05.29 06:35:06.154,1.53575,1.53597,1.50,1.69
2013.05.29 06:35:06.693,1.53574,1.53595,1.32,2.25
2013.05.29 06:35:07.645,1.53572,1.53594,3.57,1.50
2013.05.29 06:35:07.716,1.53573,1.53594,1.88,1.50
2013.05.29 06:35:08.274,1.53574,1.53594,3.00,1.50
2013.05.29 06:35:08.823,1.53574,1.53596,1.13,1.69
2013.05.29 06:35:11.025,1.53574,1.53593,1.13,1.13
2013.05.29 06:35:11.274,1.53562,1.53588,1.13,2.07
2013.05.29 06:35:11.634,1.53562,1.53586,1.88,2.07
2013.05.29 06:35:11.694,1.53563,1.53586,1.13,1.69
2013.05.29 06:35:12.253,1.53563,1.53588,1.88,2.07
2013.05.29 06:35:12.856,1.53562,1.53588,1.13,2.44
2013.05.29 06:35:13.284,1.53562,1.53588,3.00,2.44
2013.05.29 06:35:13.404,1.53566,1.5359,1.32,1.32
2013.05.29 06:35:13.904,1.5357,1.53591,1.13,1.69
2013.05.29 06:35:14.327,1.53564,1.53588,1.32,1.88
2013.05.29 06:35:14.573,1.53563,1.53587,1.69,2.25
2013.05.29 06:35:15.124,1.53568,1.53587,1.50,1.50
2013.05.29 06:35:15.245,1.5357,1.53591,2.25,1.13
2013.05.29 06:35:15.303,1.53571,1.53591,2.25,1.13
2013.05.29 06:35:15.485,1.53573,1.53595,1.50,2.25
2013.05.29 06:35:15.663,1.53575,1.53595,1.50,2.25
2013.05.29 06:35:16.013,1.53575,1.53597,1.50,1.32
2013.05.29 06:35:16.133,1.53575,1.53591,1.50,1.13
2013.05.29 06:35:16.374,1.53567,1.53588,1.69,1.50
2013.05.29 06:35:16.444,1.53566,1.53591,1.88,2.07
2013.05.29 06:35:17.914,1.53566,1.53591,2.82,1.32
2013.05.29 06:35:18.034,1.53567,1.53591,1.50,1.32
2013.05.29 06:35:18.163,1.5357,1.53593,1.69,1.50
2013.05.29 06:35:18.285,1.53564,1.53591,2.07,1.69
2013.05.29 06:35:18.654,1.53563,1.53588,1.50,1.69
2013.05.29 06:35:18.954,1.53563,1.53588,1.50,2.44
2013.05.29 06:35:19.376,1.53567,1.53588,1.50,1.50
2013.05.29 06:35:19.443,1.53568,1.53592,1.50,2.07
2013.05.29 06:35:19.623,1.5357,1.53592,3.19,1.13
2013.05.29 06:35:19.803,1.53574,1.53596,1.13,1.13
2013.05.29 06:35:20.048,1.53576,1.53596,1.50,1.13
2013.05.29 06:35:20.113,1.53574,1.53596,1.88,1.13
2013.05.29 06:35:20.542,1.53574,1.536,1.88,3.94
2013.05.29 06:35:22.172,1.53574,1.536,1.13,3.94
2013.05.29 06:35:23.143,1.53574,1.536,1.13,3.94
2013.05.29 06:35:23.683,1.53574,1.536,1.13,3.94
2013.05.29 06:35:24.236,1.53574,1.53594,1.13,1.50
2013.05.29 06:35:25.056,1.53574,1.53594,1.13,2.25
2013.05.29 06:35:27.024,1.53574,1.53594,1.13,1.50
2013.05.29 06:35:27.685,1.53573,1.53594,1.13,2.44
2013.05.29 06:35:28.194,1.53573,1.53594,2.25,1.69
2013.05.29 06:35:29.736,1.53574,1.53595,1.13,1.69
2013.05.29 06:35:30.105,1.53578,1.53595,1.88,1.50
2013.05.29 06:35:31.123,1.5358,1.53595,2.63,1.50
2013.05.29 06:35:31.183,1.53582,1.53603,1.50,1.69
2013.05.29 06:35:31.604,1.5358,1.53603,1.13,1.69
2013.05.29 06:35:31.970,1.53582,1.53603,1.13,1.50
2013.05.29 06:35:32.427,1.53584,1.53606,2.25,2.44
2013.05.29 06:35:32.974,1.53582,1.536,1.13,1.50
2013.05.29 06:35:33.094,1.53579,1.536,2.44,1.50
2013.05.29 06:35:33.514,1.5358,1.53599,1.69,1.50
2013.05.29 06:35:34.704,1.53583,1.53601,1.50,1.50
2013.05.29 06:35:34.885,1.53583,1.53602,2.07,1.50
2013.05.29 06:35:35.426,1.53583,1.53603,2.82,1.50
2013.05.29 06:35:35.994,1.53583,1.53603,2.07,1.50
2013.05.29 06:35:36.176,1.53582,1.53601,1.69,1.50
2013.05.29 06:35:36.306,1.53582,1.53601,1.50,1.50
2013.05.29 06:35:36.556,1.53581,1.536,1.13,1.50
2013.05.29 06:35:36.746,1.53584,1.53604,1.13,1.69
2013.05.29 06:35:36.875,1.53585,1.53606,1.50,2.63
2013.05.29 06:35:37.065,1.53588,1.5361,1.13,3.19
2013.05.29 06:35:37.624,1.53588,1.5361,1.13,3.19
2013.05.29 06:35:39.986,1.53586,1.53605,1.32,1.50
2013.05.29 06:35:40.054,1.53585,1.53605,2.44,1.50
2013.05.29 06:35:40.293,1.53586,1.53605,1.13,1.13
2013.05.29 06:35:40.474,1.53575,1.53596,2.07,1.50
2013.05.29 06:35:40.954,1.53574,1.53595,2.07,1.88
2013.05.29 06:35:42.002,1.53578,1.53598,1.13,1.50
2013.05.29 06:35:43.607,1.53578,1.53598,1.88,1.50
2013.05.29 06:35:44.634,1.53578,1.53594,1.50,1.13
2013.05.29 06:35:44.756,1.53566,1.53587,1.69,1.13
2013.05.29 06:35:44.826,1.53568,1.53585,1.13,1.88
2013.05.29 06:35:45.014,1.53564,1.53586,1.69,1.13
2013.05.29 06:35:45.075,1.53565,1.53585,1.13,2.63
2013.05.29 06:35:45.386,1.53565,1.53582,1.13,1.50
2013.05.29 06:35:45.575,1.53563,1.53585,1.50,2.44
2013.05.29 06:35:45.635,1.53565,1.53585,1.50,1.69
2013.05.29 06:35:45.705,1.53566,1.53587,1.50,1.13
2013.05.29 06:35:45.834,1.53564,1.53588,2.82,1.50
2013.05.29 06:35:46.075,1.53568,1.5359,1.69,1.13
2013.05.29 06:35:46.603,1.53569,1.53591,1.50,2.25
2013.05.29 06:35:46.937,1.53567,1.53584,1.69,1.88
2013.05.29 06:35:47.065,1.53565,1.53589,1.69,2.25
2013.05.29 06:35:47.185,1.53569,1.53589,1.13,2.44
2013.05.29 06:35:47.306,1.53569,1.5359,1.88,3.19
2013.05.29 06:35:47.761,1.5357,1.53591,1.13,1.69
2013.05.29 06:35:48.185,1.53573,1.53595,2.25,1.13
2013.05.29 06:35:48.256,1.53576,1.53596,1.13,2.25
2013.05.29 06:35:48.564,1.53575,1.53588,1.32,1.13
2013.05.29 06:35:48.685,1.53566,1.53588,1.69,1.88
2013.05.29 06:35:48.754,1.53563,1.53583,1.13,1.50
2013.05.29 06:35:49.185,1.53559,1.53583,3.57,2.25
2013.05.29 06:35:49.724,1.53562,1.53583,1.13,1.50
2013.05.29 06:35:50.269,1.53569,1.53591,2.25,1.69
2013.05.29 06:35:50.348,1.53573,1.53593,2.25,1.13
2013.05.29 06:35:50.593,1.53561,1.53584,1.69,3.00
2013.05.29 06:35:51.124,1.53559,1.53583,3.57,1.13
2013.05.29 06:35:51.574,1.53559,1.53581,1.88,1.50
2013.05.29 06:35:52.451,1.53558,1.53574,2.07,1.13
2013.05.29 06:35:52.590,1.53555,1.53574,3.00,1.88
2013.05.29 06:35:52.661,1.53552,1.53574,1.69,1.88
2013.05.29 06:35:53.005,1.53554,1.53573,1.32,1.13
2013.05.29 06:35:53.066,1.53554,1.53572,1.13,1.69
2013.05.29 06:35:53.134,1.53549,1.53572,1.88,1.69
2013.05.29 06:35:53.196,1.53552,1.53572,1.13,1.69
2013.05.29 06:35:53.387,1.53549,1.53571,1.50,1.69
2013.05.29 06:35:54.316,1.53548,1.53571,1.69,1.50
2013.05.29 06:35:54.947,1.53551,1.53572,3.00,1.13
2013.05.29 06:35:55.267,1.53551,1.53573,3.00,1.13
2013.05.29 06:35:55.954,1.53551,1.53573,3.00,1.50
2013.05.29 06:35:56.313,1.53548,1.5357,2.25,1.69
2013.05.29 06:35:56.374,1.53546,1.53568,1.50,1.13
2013.05.29 06:35:56.434,1.53545,1.53568,1.69,1.88
2013.05.29 06:35:57.254,1.53547,1.53569,1.50,1.13
2013.05.29 06:35:57.467,1.53549,1.53572,1.50,3.57
2013.05.29 06:35:59.524,1.53549,1.53572,1.50,2.82
2013.05.29 06:36:00.587,1.53551,1.53566,1.50,1.13
2013.05.29 06:36:00.834,1.53539,1.53556,1.13,1.13
2013.05.29 06:36:00.954,1.53534,1.53557,2.44,1.50
2013.05.29 06:36:01.015,1.53535,1.53558,1.69,1.88
2013.05.29 06:36:01.138,1.53536,1.53558,1.50,1.88
2013.05.29 06:36:01.684,1.53535,1.53556,1.69,1.50
2013.05.29 06:36:01.864,1.53534,1.53556,2.44,1.50
2013.05.29 06:36:01.995,1.53535,1.53558,1.69,1.88
2013.05.29 06:36:02.064,1.53537,1.53558,1.50,1.50
2013.05.29 06:36:02.305,1.53539,1.53561,1.50,2.07
2013.05.29 06:36:02.425,1.53538,1.53559,1.50,1.50
2013.05.29 06:36:02.963,1.53537,1.53558,1.13,3.00
2013.05.29 06:36:03.086,1.53535,1.53553,1.50,1.13
2013.05.29 06:36:03.217,1.53532,1.53553,1.32,1.88
2013.05.29 06:36:03.284,1.5353,1.53553,2.07,2.63
2013.05.29 06:36:03.680,1.5353,1.53549,1.13,1.50
2013.05.29 06:36:04.044,1.53532,1.53553,1.13,2.82
2013.05.29 06:36:04.226,1.53533,1.53554,1.50,1.69
2013.05.29 06:36:04.473,1.53537,1.53558,1.13,1.95
2013.05.29 06:36:05.205,1.53537,1.53558,1.13,3.83
2013.05.29 06:36:05.275,1.53537,1.53558,1.13,3.08
2013.05.29 06:36:05.334,1.53537,1.53558,1.13,2.70
2013.05.29 06:36:05.453,1.53535,1.53557,2.63,1.50
2013.05.29 06:36:05.573,1.53536,1.5356,1.88,2.44
2013.05.29 06:36:05.695,1.53536,1.53559,2.63,2.44
2013.05.29 06:36:05.885,1.53532,1.53555,1.69,1.88
2013.05.29 06:36:05.956,1.53531,1.53555,2.44,2.07
2013.05.29 06:36:06.084,1.53531,1.53555,2.82,1.32
2013.05.29 06:36:06.384,1.53537,1.53558,1.50,2.70
2013.05.29 06:36:06.925,1.53537,1.53558,3.00,2.70
2013.05.29 06:36:07.484,1.53536,1.53557,1.50,1.50
2013.05.29 06:36:07.725,1.53538,1.53557,1.88,1.50
2013.05.29 06:36:08.126,1.53541,1.53563,1.50,3.27
2013.05.29 06:36:08.455,1.53546,1.53568,1.50,3.19
2013.05.29 06:36:09.527,1.53547,1.53569,1.50,1.50
2013.05.29 06:36:09.840,1.5355,1.5357,1.50,1.69
2013.05.29 06:36:10.167,1.53559,1.53575,1.50,1.50
2013.05.29 06:36:10.237,1.53554,1.53574,1.32,1.50
2013.05.29 06:36:10.306,1.53551,1.53574,3.00,2.25
2013.05.29 06:36:10.375,1.53551,1.53574,2.63,2.25
2013.05.29 06:36:10.508,1.53551,1.53574,2.25,2.25
2013.05.29 06:36:11.007,1.53554,1.53576,1.13,2.44
2013.05.29 06:36:11.684,1.53554,1.53573,1.13,1.50
2013.05.29 06:36:12.006,1.53554,1.53572,1.13,1.50
2013.05.29 06:36:12.315,1.53551,1.53573,2.25,2.25
2013.05.29 06:36:12.435,1.53554,1.53577,1.50,5.07
2013.05.29 06:36:12.884,1.53555,1.53577,1.50,1.32
2013.05.29 06:36:12.944,1.53553,1.53573,1.50,1.13
2013.05.29 06:36:13.063,1.5355,1.53573,3.57,3.38
2013.05.29 06:36:13.125,1.5355,1.53573,1.69,3.38
2013.05.29 06:36:13.664,1.53549,1.5357,1.32,1.50
2013.05.29 06:36:14.854,1.53548,1.5357,1.32,1.50
2013.05.29 06:36:15.215,1.53546,1.53567,2.07,1.50
2013.05.29 06:36:15.465,1.53544,1.53567,2.44,1.50
2013.05.29 06:36:16.105,1.53544,1.53566,2.44,1.50
2013.05.29 06:36:16.179,1.53544,1.53565,1.69,1.50
2013.05.29 06:36:16.495,1.53539,1.53558,1.32,1.13
2013.05.29 06:36:16.854,1.53537,1.53559,1.13,1.69
2013.05.29 06:36:16.914,1.53537,1.53558,1.13,1.69
2013.05.29 06:36:17.093,1.53534,1.53555,1.69,1.50
2013.05.29 06:36:17.665,1.53534,1.53555,1.69,2.25
2013.05.29 06:36:17.734,1.53534,1.53555,1.69,2.25
2013.05.29 06:36:18.114,1.53532,1.53555,1.50,1.50
2013.05.29 06:36:18.174,1.53533,1.53555,1.13,1.50
2013.05.29 06:36:18.354,1.53534,1.53556,1.50,1.69
2013.05.29 06:36:18.535,1.53539,1.53558,1.50,1.69
2013.05.29 06:36:18.655,1.5354,1.5356,1.69,1.88
2013.05.29 06:36:18.954,1.53539,1.53562,1.69,1.13
2013.05.29 06:36:19.494,1.53539,1.53561,1.69,2.25
2013.05.29 06:36:20.274,1.53539,1.53561,1.50,3.19
2013.05.29 06:36:20.515,1.53533,1.53555,1.50,3.19
2013.05.29 06:36:20.584,1.53532,1.53553,2.07,1.13
2013.05.29 06:36:21.124,1.53529,1.53551,1.69,1.50
2013.05.29 06:36:21.484,1.53526,1.53543,1.50,1.13
2013.05.29 06:36:21.786,1.53524,1.5354,1.69,1.13
2013.05.29 06:36:22.214,1.53526,1.53549,1.50,1.32
2013.05.29 06:36:22.336,1.53529,1.5355,1.50,2.44
2013.05.29 06:36:22.845,1.53532,1.53553,1.50,2.07
2013.05.29 06:36:23.034,1.53535,1.53557,1.88,1.32
2013.05.29 06:36:23.096,1.5354,1.53559,1.13,3.94
2013.05.29 06:36:23.285,1.53544,1.53562,1.50,1.50
2013.05.29 06:36:23.404,1.53544,1.53567,2.82,1.88
2013.05.29 06:36:23.705,1.53555,1.53571,1.50,2.07
2013.05.29 06:36:23.777,1.53555,1.53575,1.50,1.69
2013.05.29 06:36:23.845,1.53556,1.53575,1.50,1.69
2013.05.29 06:36:23.906,1.53556,1.53577,1.69,1.50
2013.05.29 06:36:24.035,1.53558,1.53581,1.50,1.69
2013.05.29 06:36:24.165,1.53561,1.53582,1.50,2.82
2013.05.29 06:36:25.052,1.53562,1.53585,1.50,3.19
2013.05.29 06:36:25.463,1.53562,1.53585,2.44,1.50
2013.05.29 06:36:25.725,1.53564,1.53585,1.50,1.50
2013.05.29 06:36:26.255,1.53565,1.53586,1.50,1.69
2013.05.29 06:36:26.565,1.53581,1.53598,3.00,1.50
2013.05.29 06:36:26.624,1.53581,1.53602,2.25,3.19
2013.05.29 06:36:26.684,1.53581,1.53603,2.82,1.13
2013.05.29 06:36:26.745,1.53584,1.53603,1.13,1.13
2013.05.29 06:36:27.286,1.53584,1.53609,1.50,2.44
2013.05.29 06:36:27.634,1.53589,1.5361,1.13,2.82
2013.05.29 06:36:28.544,1.5359,1.5361,1.13,1.32
2013.05.29 06:36:28.606,1.53593,1.53611,1.13,1.50
2013.05.29 06:36:28.675,1.53593,1.53613,1.88,1.50
2013.05.29 06:36:28.734,1.53595,1.53616,1.13,1.88
2013.05.29 06:36:28.794,1.53595,1.53616,1.13,1.13
2013.05.29 06:36:28.974,1.53596,1.53619,2.25,1.69
2013.05.29 06:36:29.284,1.53599,1.53624,1.32,1.69
2013.05.29 06:36:29.824,1.53597,1.53621,1.88,1.69
2013.05.29 06:36:29.883,1.53597,1.53621,1.50,1.69
2013.05.29 06:36:30.065,1.53597,1.53619,1.88,1.50
2013.05.29 06:36:30.194,1.53597,1.53619,1.88,1.50
2013.05.29 06:36:30.253,1.53597,1.53619,1.88,1.50
2013.05.29 06:36:31.352,1.53599,1.53618,1.13,1.50
2013.05.29 06:36:31.533,1.53595,1.53618,1.32,1.50
2013.05.29 06:36:31.654,1.53594,1.53618,1.50,3.94
2013.05.29 06:36:32.013,1.53594,1.53615,1.50,1.69
2013.05.29 06:36:33.613,1.53594,1.53616,1.50,2.44
2013.05.29 06:36:33.793,1.53594,1.53616,1.50,2.44
2013.05.29 06:36:34.521,1.5359,1.53612,1.13,1.50
2013.05.29 06:36:34.597,1.53587,1.5361,1.13,2.44
2013.05.29 06:36:35.106,1.53587,1.53609,1.13,1.69
2013.05.29 06:36:35.953,1.53587,1.53607,1.13,1.50
2013.05.29 06:36:36.536,1.53587,1.53607,1.13,3.19
2013.05.29 06:36:36.905,1.53584,1.53607,2.25,3.19
2013.05.29 06:36:36.963,1.53584,1.53607,1.88,3.19
2013.05.29 06:36:37.603,1.53585,1.53606,1.13,2.82
2013.05.29 06:36:37.922,1.53583,1.53602,1.13,1.13
2013.05.29 06:36:38.227,1.53577,1.53598,1.32,1.13
2013.05.29 06:36:38.774,1.53576,1.53598,3.19,1.13
2013.05.29 06:36:40.217,1.53576,1.53597,2.44,1.13
2013.05.29 06:36:40.347,1.53572,1.53593,3.00,1.13
2013.05.29 06:36:40.596,1.53569,1.53592,1.69,1.50
2013.05.29 06:36:40.671,1.53568,1.53586,2.44,1.50
2013.05.29 06:36:40.795,1.53564,1.53586,2.07,2.25
2013.05.29 06:36:40.925,1.53564,1.53585,1.32,1.50
2013.05.29 06:36:41.114,1.53566,1.53586,1.50,1.13
2013.05.29 06:36:41.234,1.53566,1.5358,1.50,1.50
2013.05.29 06:36:41.535,1.53562,1.53579,2.44,1.50
2013.05.29 06:36:41.595,1.53561,1.53579,1.69,1.50
2013.05.29 06:36:42.035,1.5356,1.53577,1.69,1.13
2013.05.29 06:36:42.215,1.53556,1.53577,3.94,1.13
2013.05.29 06:36:42.274,1.53559,1.53577,1.50,1.13
2013.05.29 06:36:42.595,1.53565,1.53577,1.50,1.13
2013.05.29 06:36:43.382,1.53563,1.53584,2.44,1.13
2013.05.29 06:36:43.470,1.53561,1.53583,1.50,2.44
2013.05.29 06:36:43.541,1.53558,1.53582,1.69,2.82
2013.05.29 06:36:43.844,1.53554,1.53576,1.69,1.50
2013.05.29 06:36:45.554,1.53554,1.53577,1.69,1.13
2013.05.29 06:36:46.124,1.53554,1.53576,2.44,1.13
2013.05.29 06:36:46.186,1.53553,1.53574,3.57,1.88
2013.05.29 06:36:46.374,1.53553,1.53573,1.50,1.13
2013.05.29 06:36:46.496,1.53552,1.53573,2.44,1.13
2013.05.29 06:36:47.180,1.53552,1.53573,1.69,1.13
2013.05.29 06:36:48.081,1.53551,1.53572,1.50,1.50
2013.05.29 06:36:48.395,1.53558,1.53573,1.50,1.50
2013.05.29 06:36:48.696,1.53561,1.53573,1.50,1.50
2013.05.29 06:36:48.884,1.53561,1.53578,1.50,1.13
2013.05.29 06:36:48.945,1.53558,1.53577,2.25,1.50
2013.05.29 06:36:50.734,1.53559,1.5358,1.50,1.50
2013.05.29 06:36:51.278,1.5356,1.5358,1.50,1.50
2013.05.29 06:36:51.586,1.53559,1.53579,1.50,1.50
2013.05.29 06:36:51.776,1.53557,1.53574,3.38,1.13
2013.05.29 06:36:51.845,1.53557,1.53574,2.63,1.88
2013.05.29 06:36:52.444,1.53556,1.53577,1.69,1.50
2013.05.29 06:36:52.526,1.53555,1.53577,2.44,1.50
2013.05.29 06:36:52.646,1.53554,1.53573,1.50,2.25
2013.05.29 06:36:52.715,1.53552,1.53572,2.44,1.50
2013.05.29 06:36:52.774,1.53552,1.53572,1.69,1.50
2013.05.29 06:36:53.408,1.5355,1.5357,4.32,1.50
2013.05.29 06:36:53.479,1.5355,1.53569,2.82,1.88
2013.05.29 06:36:53.797,1.5355,1.53572,1.50,1.50
2013.05.29 06:36:53.869,1.53554,1.53573,2.25,1.32
2013.05.29 06:36:54.066,1.53559,1.53578,1.50,1.50
2013.05.29 06:36:54.317,1.53559,1.53581,1.69,2.25
2013.05.29 06:36:54.505,1.53561,1.53583,1.50,2.44
2013.05.29 06:36:54.806,1.53572,1.53589,2.25,1.50
2013.05.29 06:36:54.876,1.53574,1.53594,1.50,1.69
2013.05.29 06:36:55.864,1.53573,1.53594,3.75,1.69
2013.05.29 06:36:56.244,1.5357,1.53591,2.25,1.32
2013.05.29 06:36:56.485,1.53569,1.5359,2.25,2.25
2013.05.29 06:36:56.604,1.53567,1.5359,2.44,2.25
2013.05.29 06:36:57.436,1.53569,1.5359,1.50,2.25
2013.05.29 06:36:58.196,1.53568,1.5359,1.50,2.25
2013.05.29 06:36:58.745,1.53567,1.53588,1.69,1.50
2013.05.29 06:36:59.095,1.53567,1.53587,1.69,1.50
2013.05.29 06:37:00.254,1.53567,1.53588,1.69,1.50
2013.05.29 06:37:00.622,1.53565,1.53588,1.69,1.50
2013.05.29 06:37:00.863,1.53564,1.53586,1.32,1.50
2013.05.29 06:37:01.382,1.53565,1.53589,2.25,1.69
2013.05.29 06:37:01.456,1.53566,1.53589,3.00,1.69
2013.05.29 06:37:01.524,1.53566,1.53589,3.00,1.69
2013.05.29 06:37:03.766,1.53566,1.53589,2.44,1.50
2013.05.29 06:37:04.323,1.53567,1.53589,1.69,1.50
2013.05.29 06:37:05.273,1.53568,1.53589,1.50,1.50
2013.05.29 06:37:05.334,1.53569,1.53592,1.50,1.50
2013.05.29 06:37:05.394,1.53573,1.53593,1.50,2.44
2013.05.29 06:37:05.636,1.53576,1.53598,1.50,2.25
2013.05.29 06:37:05.764,1.53577,1.536,2.25,2.07
2013.05.29 06:37:06.066,1.53576,1.53598,1.50,2.63
2013.05.29 06:37:06.436,1.53578,1.536,1.13,1.32
2013.05.29 06:37:06.746,1.5358,1.53603,1.69,2.25
2013.05.29 06:37:06.815,1.53582,1.53603,1.50,1.50
2013.05.29 06:37:08.314,1.53583,1.53606,2.25,1.69
2013.05.29 06:37:08.616,1.53586,1.53608,1.50,1.69
2013.05.29 06:37:08.804,1.53586,1.53608,1.50,1.69
2013.05.29 06:37:09.570,1.53586,1.53608,1.50,1.69
2013.05.29 06:37:10.454,1.53586,1.53608,1.50,1.69
2013.05.29 06:37:11.056,1.53586,1.53608,1.50,1.69
2013.05.29 06:37:11.574,1.53586,1.53608,1.50,1.69
2013.05.29 06:37:12.445,1.53587,1.53609,1.13,1.69
2013.05.29 06:37:12.579,1.53589,1.53612,1.50,1.69
2013.05.29 06:37:12.644,1.53591,1.53613,1.13,1.50
2013.05.29 06:37:12.703,1.53593,1.53614,1.50,1.50
2013.05.29 06:37:13.124,1.53591,1.53611,1.13,1.13
2013.05.29 06:37:13.183,1.53588,1.53604,2.44,2.22
2013.05.29 06:37:13.243,1.53584,1.53591,1.13,1.50
2013.05.29 06:37:13.303,1.53573,1.53591,1.50,1.50
2013.05.29 06:37:13.364,1.53573,1.53594,2.25,1.50
2013.05.29 06:37:13.423,1.53573,1.53595,1.50,1.50
2013.05.29 06:37:13.544,1.53573,1.53594,1.50,1.50
2013.05.29 06:37:13.735,1.53574,1.53596,1.50,1.69
2013.05.29 06:37:13.808,1.53574,1.53596,1.50,1.69
2013.05.29 06:37:14.114,1.53574,1.53597,1.50,1.69
2013.05.29 06:37:14.354,1.53578,1.53598,2.25,1.50
2013.05.29 06:37:14.894,1.53579,1.536,1.13,1.13
2013.05.29 06:37:15.845,1.53579,1.536,1.88,1.13
2013.05.29 06:37:16.405,1.53579,1.536,1.88,1.13
2013.05.29 06:37:16.996,1.53579,1.536,1.88,1.13
2013.05.29 06:37:17.713,1.53579,1.53601,1.88,3.57
2013.05.29 06:37:17.895,1.5358,1.53601,1.50,2.07
2013.05.29 06:37:17.955,1.53582,1.53604,1.50,1.69
2013.05.29 06:37:18.015,1.53583,1.53605,1.50,1.50
2013.05.29 06:37:18.101,1.53584,1.53605,1.50,1.50
2013.05.29 06:37:18.414,1.53585,1.53607,3.19,1.50
2013.05.29 06:37:18.916,1.53588,1.53607,1.69,1.13
2013.05.29 06:37:19.045,1.53589,1.53609,2.25,1.13
2013.05.29 06:37:20.534,1.53591,1.53609,1.50,1.13
2013.05.29 06:37:21.263,1.53591,1.53612,1.50,2.44
2013.05.29 06:37:23.914,1.53588,1.5361,2.07,2.25
2013.05.29 06:37:24.096,1.53587,1.5361,1.69,3.00
2013.05.29 06:37:24.283,1.53585,1.53607,2.07,1.50
2013.05.29 06:37:25.053,1.53583,1.53605,2.82,1.50
2013.05.29 06:37:26.493,1.53583,1.53605,3.19,1.50
2013.05.29 06:37:29.277,1.53584,1.53605,1.69,1.50
2013.05.29 06:37:29.465,1.53585,1.53607,1.13,1.50
2013.05.29 06:37:31.735,1.53587,1.53611,3.00,2.44
2013.05.29 06:37:31.926,1.53587,1.5361,1.50,2.44
2013.05.29 06:37:32.236,1.53585,1.53606,1.13,2.44
2013.05.29 06:37:32.543,1.53586,1.53607,2.25,1.69
2013.05.29 06:37:33.524,1.53586,1.53608,3.00,2.44
2013.05.29 06:37:33.884,1.53588,1.53608,1.50,2.44
2013.05.29 06:37:34.424,1.53589,1.53608,1.88,2.44
2013.05.29 06:37:36.314,1.53589,1.53609,2.63,1.50
2013.05.29 06:37:37.696,1.5359,1.53609,1.50,1.50
2013.05.29 06:37:41.734,1.53591,1.53612,1.88,3.19
2013.05.29 06:37:42.329,1.53591,1.53614,2.63,2.82
2013.05.29 06:37:42.913,1.53593,1.53614,1.13,2.82
2013.05.29 06:37:43.119,1.53593,1.53614,1.13,2.82
2013.05.29 06:37:43.913,1.53593,1.53609,1.13,1.13
2013.05.29 06:37:44.155,1.53588,1.53609,1.69,1.88
2013.05.29 06:37:44.296,1.53589,1.53612,1.13,1.69
2013.05.29 06:37:44.854,1.5359,1.53612,1.50,1.69
2013.05.29 06:37:45.404,1.5359,1.53612,3.19,1.50
2013.05.29 06:37:45.464,1.53591,1.53612,1.88,1.50
2013.05.29 06:37:45.993,1.53591,1.53612,1.88,1.50
2013.05.29 06:37:49.218,1.53596,1.53612,1.13,1.50
2013.05.29 06:37:49.404,1.53606,1.53628,1.50,2.82
2013.05.29 06:37:49.476,1.53606,1.53629,2.25,2.44
2013.05.29 06:37:49.665,1.53608,1.53628,1.69,1.50
2013.05.29 06:37:49.735,1.53612,1.53635,1.50,2.44
2013.05.29 06:37:49.795,1.5361,1.53632,1.13,1.13
2013.05.29 06:37:50.156,1.53608,1.53627,1.13,1.50
2013.05.29 06:37:51.104,1.53608,1.5363,1.13,2.63
2013.05.29 06:37:51.293,1.53606,1.5363,3.94,2.63
2013.05.29 06:37:52.044,1.53609,1.5363,1.50,1.13
2013.05.29 06:37:52.524,1.5361,1.53631,1.50,1.50
2013.05.29 06:37:52.645,1.53608,1.5363,2.44,1.13
2013.05.29 06:37:53.955,1.5361,1.53627,1.50,1.13
2013.05.29 06:37:55.818,1.53608,1.53631,1.88,1.50
2013.05.29 06:37:55.885,1.53614,1.53633,1.50,1.69
2013.05.29 06:37:55.955,1.53613,1.53634,1.50,1.69
2013.05.29 06:37:56.195,1.53616,1.53634,1.13,1.32
2013.05.29 06:37:56.374,1.53618,1.53638,1.50,1.50
2013.05.29 06:37:56.493,1.53617,1.53638,1.50,1.50
2013.05.29 06:37:56.555,1.53617,1.53637,1.50,1.13
2013.05.29 06:37:56.744,1.53616,1.53637,1.88,1.13
2013.05.29 06:37:56.925,1.53616,1.53637,1.13,1.13
2013.05.29 06:37:57.353,1.53616,1.53638,1.88,2.07
2013.05.29 06:37:58.175,1.53618,1.53638,1.50,2.07
2013.05.29 06:37:58.713,1.53619,1.53637,1.50,1.13
2013.05.29 06:37:59.014,1.53618,1.53637,2.25,1.13
2013.05.29 06:37:59.135,1.53621,1.53637,1.50,1.13
2013.05.29 06:37:59.195,1.53621,1.53642,1.50,1.13
2013.05.29 06:37:59.274,1.53621,1.53644,2.44,2.25
2013.05.29 06:37:59.464,1.53623,1.53643,3.19,1.13
2013.05.29 06:37:59.526,1.53624,1.53646,1.50,2.63
2013.05.29 06:37:59.958,1.53622,1.53641,1.69,1.13
2013.05.29 06:38:00.145,1.5362,1.53641,1.50,1.13
2013.05.29 06:38:00.324,1.53619,1.53642,1.13,1.69
2013.05.29 06:38:02.044,1.53619,1.53641,2.25,1.13
2013.05.29 06:38:02.404,1.53618,1.5364,2.25,1.50
2013.05.29 06:38:02.709,1.53618,1.5364,2.25,1.50
2013.05.29 06:38:02.845,1.53618,1.5364,1.88,1.50
2013.05.29 06:38:02.977,1.53622,1.53641,2.25,2.25
2013.05.29 06:38:03.105,1.53622,1.53642,2.25,1.50
2013.05.29 06:38:03.165,1.53624,1.53642,1.13,1.50
2013.05.29 06:38:03.557,1.53622,1.53642,1.50,1.50
2013.05.29 06:38:03.632,1.53622,1.53642,1.13,3.00
2013.05.29 06:38:04.143,1.53622,1.53642,1.13,2.25
2013.05.29 06:38:05.674,1.53618,1.53642,1.32,1.50
2013.05.29 06:38:05.856,1.53618,1.5364,1.32,1.50
2013.05.29 06:38:06.933,1.53618,1.5364,1.32,2.25
2013.05.29 06:38:08.874,1.5362,1.5364,1.50,1.50
2013.05.29 06:38:10.335,1.53618,1.53639,1.50,1.50
2013.05.29 06:38:10.394,1.53618,1.53639,1.50,1.50
2013.05.29 06:38:10.454,1.53615,1.53637,2.25,1.32
2013.05.29 06:38:10.515,1.53615,1.53635,2.25,1.13
2013.05.29 06:38:10.575,1.53615,1.53632,1.50,1.13
2013.05.29 06:38:10.755,1.53609,1.53628,1.32,1.50
2013.05.29 06:38:10.824,1.53609,1.53628,1.32,2.25
2013.05.29 06:38:11.184,1.53609,1.53628,2.07,1.50
2013.05.29 06:38:11.714,1.53611,1.53629,1.13,1.50
2013.05.29 06:38:13.705,1.53611,1.53629,1.13,3.38
2013.05.29 06:38:14.535,1.53615,1.53628,1.13,2.25
2013.05.29 06:38:14.667,1.53615,1.53635,1.88,1.50
2013.05.29 06:38:14.914,1.53616,1.53636,1.50,1.13
2013.05.29 06:38:15.853,1.53615,1.53635,1.32,2.25
2013.05.29 06:38:16.334,1.53615,1.53633,1.13,3.00
2013.05.29 06:38:16.875,1.5361,1.5363,2.82,1.50
2013.05.29 06:38:16.994,1.53614,1.53634,1.13,3.19
2013.05.29 06:38:17.054,1.53614,1.53634,1.13,3.19
2013.05.29 06:38:18.074,1.53613,1.53634,1.13,1.69
2013.05.29 06:38:18.134,1.53614,1.53634,1.13,2.44
2013.05.29 06:38:19.138,1.53614,1.53634,1.13,4.69
2013.05.29 06:38:19.724,1.53614,1.53634,1.13,3.94
2013.05.29 06:38:19.844,1.53614,1.53634,1.13,3.94
2013.05.29 06:38:20.485,1.53614,1.53634,1.13,2.25
2013.05.29 06:38:20.545,1.53616,1.53634,1.50,1.50
2013.05.29 06:38:20.674,1.53616,1.53636,1.50,1.69
2013.05.29 06:38:21.074,1.53617,1.53636,1.50,1.69
2013.05.29 06:38:22.924,1.53615,1.53638,1.13,3.57
2013.05.29 06:38:23.485,1.53615,1.53635,1.13,1.69
2013.05.29 06:38:26.415,1.53614,1.53637,1.50,2.07
2013.05.29 06:38:26.944,1.53612,1.53634,1.50,2.25
2013.05.29 06:38:28.365,1.53612,1.53634,1.50,2.44
2013.05.29 06:38:28.675,1.53611,1.53629,1.13,2.25
2013.05.29 06:38:28.735,1.53611,1.53629,1.13,1.50
2013.05.29 06:38:28.855,1.53611,1.53631,1.88,1.50
2013.05.29 06:38:28.915,1.53611,1.53631,1.88,1.50
2013.05.29 06:38:29.454,1.53611,1.53631,1.88,1.50
2013.05.29 06:38:32.144,1.53611,1.53632,2.25,2.25
2013.05.29 06:38:32.964,1.53611,1.53631,1.50,2.25
2013.05.29 06:38:35.125,1.53612,1.53632,1.50,1.50
2013.05.29 06:38:38.275,1.53611,1.53632,2.07,1.50
2013.05.29 06:38:38.583,1.53611,1.53632,2.07,1.50
2013.05.29 06:38:40.076,1.53611,1.53632,2.25,1.50
2013.05.29 06:38:40.624,1.53611,1.53632,1.88,1.50
2013.05.29 06:38:41.394,1.53611,1.53632,1.88,1.50
2013.05.29 06:38:41.704,1.53611,1.53632,1.88,1.50
2013.05.29 06:38:43.524,1.53611,1.53631,1.88,1.50
2013.05.29 06:38:45.236,1.53611,1.53628,1.50,1.50
2013.05.29 06:38:45.554,1.53611,1.5363,1.13,1.69
2013.05.29 06:38:46.096,1.53611,1.53627,1.13,1.50
2013.05.29 06:38:46.605,1.5361,1.53627,1.13,2.25
2013.05.29 06:38:47.365,1.5361,1.53627,1.13,2.25
2013.05.29 06:38:48.574,1.5361,1.53627,1.13,2.25
2013.05.29 06:38:48.713,1.5361,1.53627,1.13,2.25
2013.05.29 06:38:50.218,1.5361,1.53624,1.13,1.50
2013.05.29 06:38:50.287,1.5361,1.53624,1.13,1.88
2013.05.29 06:38:50.414,1.53608,1.53622,1.13,1.50
2013.05.29 06:38:51.425,1.53609,1.53621,1.13,1.50
2013.05.29 06:38:51.545,1.53606,1.53615,1.95,1.50
2013.05.29 06:38:51.664,1.53606,1.5362,1.95,1.13
2013.05.29 06:38:51.724,1.53606,1.5362,1.13,1.13
2013.05.29 06:38:52.084,1.53607,1.53622,1.58,1.88
2013.05.29 06:38:52.145,1.53607,1.53622,1.58,1.50
2013.05.29 06:38:57.405,1.53612,1.53625,1.13,1.50
2013.05.29 06:39:00.534,1.53611,1.53628,2.70,1.50
2013.05.29 06:39:00.894,1.53613,1.53628,1.13,1.50
2013.05.29 06:39:05.943,1.53613,1.53634,1.50,1.69
2013.05.29 06:39:06.004,1.53618,1.53634,1.13,1.50
2013.05.29 06:39:06.065,1.53618,1.53639,1.50,2.44
2013.05.29 06:39:06.124,1.53618,1.53639,1.69,2.25
2013.05.29 06:39:08.364,1.53622,1.53639,1.88,1.50
2013.05.29 06:39:09.325,1.53623,1.53639,1.69,1.50
2013.05.29 06:39:09.470,1.53623,1.53642,1.69,1.50
2013.05.29 06:39:09.537,1.53623,1.53643,1.69,1.50
2013.05.29 06:39:09.725,1.53623,1.53645,1.69,2.25
2013.05.29 06:39:09.785,1.53625,1.53645,1.50,1.50
2013.05.29 06:39:10.348,1.53624,1.53645,1.32,1.50
2013.05.29 06:39:10.864,1.53624,1.53645,2.07,1.50
2013.05.29 06:39:11.234,1.53624,1.53644,1.88,1.50
2013.05.29 06:39:11.414,1.5362,1.53644,3.94,1.50
2013.05.29 06:39:11.594,1.5362,1.53643,3.19,1.50
2013.05.29 06:39:12.134,1.5362,1.53643,3.19,1.50
2013.05.29 06:39:12.494,1.53622,1.53643,1.32,1.50
2013.05.29 06:39:13.085,1.53621,1.53643,2.82,1.50
2013.05.29 06:39:15.696,1.53621,1.53643,3.19,1.50
2013.05.29 06:39:16.215,1.53622,1.53643,1.32,2.25
2013.05.29 06:39:16.523,1.53621,1.53643,4.32,2.25
2013.05.29 06:39:17.614,1.53621,1.53642,2.07,1.50
2013.05.29 06:39:20.614,1.53622,1.53642,2.07,1.50
2013.05.29 06:39:20.925,1.53622,1.53643,2.07,1.50
2013.05.29 06:39:21.511,1.53622,1.53643,2.44,1.50
2013.05.29 06:39:29.284,1.53622,1.53643,1.13,2.25
2013.05.29 06:39:29.799,1.53621,1.53641,1.13,1.50
2013.05.29 06:39:29.876,1.53621,1.53641,1.13,1.50
2013.05.29 06:39:31.195,1.5362,1.53641,1.50,1.50
2013.05.29 06:39:34.604,1.53623,1.53641,1.50,1.50
2013.05.29 06:39:34.795,1.53627,1.53651,1.13,1.69
2013.05.29 06:39:34.919,1.53631,1.53651,1.13,1.50
2013.05.29 06:39:34.986,1.53633,1.53653,1.13,1.50
2013.05.29 06:39:35.055,1.53637,1.53654,1.13,3.00
2013.05.29 06:39:35.295,1.53641,1.53662,1.13,1.69
2013.05.29 06:39:35.844,1.53643,1.53663,1.13,1.69
2013.05.29 06:39:36.395,1.53643,1.53663,2.44,1.50
2013.05.29 06:39:37.372,1.53643,1.53663,2.44,1.50
2013.05.29 06:39:37.978,1.53642,1.53661,2.44,1.50
2013.05.29 06:39:38.045,1.53642,1.53661,2.44,1.50
2013.05.29 06:39:38.496,1.53642,1.53659,1.69,1.50
2013.05.29 06:39:38.565,1.5364,1.53658,1.50,1.50
2013.05.29 06:39:39.087,1.53638,1.53656,1.32,1.50
2013.05.29 06:39:39.216,1.53638,1.53655,1.32,1.50
2013.05.29 06:39:39.805,1.53636,1.53655,3.57,1.50
2013.05.29 06:39:40.535,1.53636,1.53655,2.63,1.69
2013.05.29 06:39:41.232,1.53636,1.53655,2.25,1.69
2013.05.29 06:39:41.505,1.53636,1.53655,2.25,1.69
2013.05.29 06:39:43.665,1.53634,1.53654,2.63,1.69
2013.05.29 06:39:44.058,1.53631,1.53652,1.13,1.69
2013.05.29 06:39:44.130,1.53626,1.53643,1.13,1.50
2013.05.29 06:39:44.375,1.53626,1.5364,1.13,1.50
2013.05.29 06:39:45.417,1.53626,1.53643,1.88,1.50
2013.05.29 06:39:45.965,1.53623,1.53643,2.25,1.50
2013.05.29 06:39:49.576,1.53623,1.53642,2.25,1.50
2013.05.29 06:39:50.735,1.53622,1.53642,3.00,1.50
2013.05.29 06:39:51.764,1.53619,1.53642,2.63,1.69
2013.05.29 06:39:51.895,1.53619,1.53638,1.88,1.50
2013.05.29 06:39:51.956,1.53619,1.53638,2.25,1.50
2013.05.29 06:39:52.017,1.53619,1.53641,3.75,2.82
2013.05.29 06:39:52.148,1.53619,1.53638,1.88,1.50
2013.05.29 06:39:52.585,1.53619,1.53638,1.88,1.50
2013.05.29 06:39:52.766,1.53619,1.53638,1.88,1.50
2013.05.29 06:39:53.232,1.53619,1.53639,3.38,1.50
2013.05.29 06:39:54.174,1.53619,1.53641,2.63,2.44
2013.05.29 06:39:54.689,1.53619,1.53641,2.63,2.44
2013.05.29 06:40:00.314,1.53619,1.53641,1.88,2.44
2013.05.29 06:40:01.255,1.53619,1.53641,1.88,2.44
2013.05.29 06:40:01.556,1.53619,1.53639,1.13,2.44
2013.05.29 06:40:01.866,1.53619,1.53638,1.88,1.69
2013.05.29 06:40:01.987,1.5362,1.53639,1.50,2.44
2013.05.29 06:40:02.116,1.5362,1.53643,3.00,1.69
2013.05.29 06:40:02.187,1.53621,1.53644,1.88,1.69
2013.05.29 06:40:02.315,1.53621,1.53644,1.88,1.69
2013.05.29 06:40:02.495,1.53623,1.53644,1.13,1.69
2013.05.29 06:40:02.614,1.53621,1.53644,2.63,1.69
2013.05.29 06:40:03.524,1.53622,1.53644,1.13,2.44
2013.05.29 06:40:03.584,1.53622,1.53644,1.13,2.44
2013.05.29 06:40:03.824,1.53622,1.53644,1.13,2.44
2013.05.29 06:40:03.944,1.53622,1.53644,1.88,2.44
2013.05.29 06:40:04.481,1.53621,1.53639,1.50,1.13
2013.05.29 06:40:04.610,1.53619,1.53639,1.50,1.32
2013.05.29 06:40:04.679,1.53619,1.53639,1.50,2.07
2013.05.29 06:40:04.985,1.53612,1.53633,2.25,2.44
2013.05.29 06:40:05.586,1.53613,1.53632,1.50,2.82
2013.05.29 06:40:06.726,1.53616,1.53632,1.50,2.82
2013.05.29 06:40:06.798,1.53617,1.53632,1.50,1.13
2013.05.29 06:40:06.938,1.53614,1.53636,1.13,1.69
2013.05.29 06:40:07.077,1.53619,1.53635,1.13,1.69
2013.05.29 06:40:07.793,1.53619,1.53634,1.13,2.25
2013.05.29 06:40:08.294,1.53614,1.53635,2.25,1.69
2013.05.29 06:40:08.774,1.53614,1.53635,1.50,1.69
2013.05.29 06:40:08.895,1.53614,1.53634,1.50,1.69
2013.05.29 06:40:09.486,1.53614,1.53634,2.25,1.69
2013.05.29 06:40:12.055,1.53614,1.53634,2.25,1.69
2013.05.29 06:40:15.565,1.53615,1.53634,1.50,1.69
2013.05.29 06:40:18.725,1.53613,1.53632,1.13,1.32
2013.05.29 06:40:20.295,1.53612,1.53632,1.88,1.13
2013.05.29 06:40:22.265,1.53613,1.53634,1.13,2.44
2013.05.29 06:40:25.358,1.53613,1.53634,2.25,2.44
2013.05.29 06:40:25.607,1.53618,1.53636,1.88,1.69
2013.05.29 06:40:26.331,1.53618,1.53637,2.63,1.69
2013.05.29 06:40:26.410,1.53624,1.53644,1.13,1.69
2013.05.29 06:40:26.725,1.53628,1.53648,1.50,2.07
2013.05.29 06:40:26.785,1.53628,1.53648,1.50,2.07
2013.05.29 06:40:26.964,1.53631,1.53653,1.50,2.63
2013.05.29 06:40:27.085,1.53631,1.53653,2.25,1.69
2013.05.29 06:40:27.276,1.53636,1.53655,1.50,2.07
2013.05.29 06:40:29.984,1.53632,1.53655,1.50,2.07
2013.05.29 06:40:30.426,1.53632,1.53655,1.50,2.44
2013.05.29 06:40:31.614,1.53632,1.53652,1.50,1.69
2013.05.29 06:40:32.134,1.53632,1.53651,1.50,2.44
2013.05.29 06:40:33.675,1.53632,1.5365,1.50,1.69
2013.05.29 06:40:34.815,1.5363,1.5365,1.50,1.69
2013.05.29 06:40:34.874,1.5363,1.5365,1.50,1.69
2013.05.29 06:40:35.315,1.53632,1.5365,1.50,1.69
2013.05.29 06:40:35.835,1.53632,1.5365,1.50,1.69
2013.05.29 06:40:37.126,1.53628,1.53648,1.13,2.44
2013.05.29 06:40:37.196,1.53628,1.53647,1.13,1.69
2013.05.29 06:40:37.264,1.53625,1.53644,1.13,2.44
2013.05.29 06:40:37.565,1.53619,1.53631,1.13,2.44
2013.05.29 06:40:37.685,1.53616,1.53631,1.50,2.44
2013.05.29 06:40:37.884,1.53616,1.53628,1.50,1.69
2013.05.29 06:40:38.005,1.53607,1.53626,1.50,1.69
2013.05.29 06:40:38.065,1.53606,1.53621,1.50,1.69
2013.05.29 06:40:38.371,1.53603,1.53619,1.88,2.44
2013.05.29 06:40:39.774,1.53603,1.53618,1.50,2.44
2013.05.29 06:40:40.076,1.53598,1.53615,1.28,1.50
2013.05.29 06:40:40.135,1.53598,1.53617,1.28,2.44
2013.05.29 06:40:40.685,1.53598,1.53618,1.28,2.44
2013.05.29 06:40:40.984,1.53597,1.53618,1.80,2.44
2013.05.29 06:40:41.139,1.53597,1.53618,2.10,2.44
2013.05.29 06:40:41.655,1.53601,1.53621,2.10,2.44
2013.05.29 06:40:42.265,1.53604,1.53622,1.35,2.82
2013.05.29 06:40:42.384,1.53599,1.53618,1.65,2.07
2013.05.29 06:40:42.566,1.53593,1.53614,1.50,1.69
2013.05.29 06:40:42.696,1.53591,1.53614,2.63,2.44
2013.05.29 06:40:42.887,1.53591,1.5361,1.13,1.50
2013.05.29 06:40:43.195,1.53588,1.53608,2.25,1.69
2013.05.29 06:40:43.528,1.53588,1.53606,1.50,1.69
2013.05.29 06:40:43.718,1.53588,1.53606,1.50,1.69
2013.05.29 06:40:44.366,1.53591,1.53612,1.50,1.32
2013.05.29 06:40:44.676,1.5359,1.53611,1.50,2.07
2013.05.29 06:40:45.445,1.53591,1.53611,1.50,2.82
2013.05.29 06:40:46.045,1.53585,1.53605,2.25,1.32
2013.05.29 06:40:46.105,1.53584,1.53603,1.13,1.32
2013.05.29 06:40:46.165,1.5358,1.53602,1.50,1.69
2013.05.29 06:40:46.566,1.53576,1.53595,1.88,1.69
2013.05.29 06:40:47.065,1.53577,1.53598,1.50,2.07
2013.05.29 06:40:47.245,1.53582,1.536,1.50,1.69
2013.05.29 06:40:47.606,1.53587,1.53604,1.50,2.82
2013.05.29 06:40:47.666,1.53587,1.53605,1.50,1.69
2013.05.29 06:40:47.736,1.53587,1.53608,1.50,1.69
2013.05.29 06:40:48.224,1.5359,1.53609,1.50,1.69
2013.05.29 06:40:48.284,1.53588,1.53609,2.25,1.69
2013.05.29 06:40:48.657,1.53588,1.53604,1.13,1.13
2013.05.29 06:40:48.787,1.53581,1.53601,1.50,1.69
2013.05.29 06:40:48.856,1.53579,1.53598,1.88,1.50
2013.05.29 06:40:48.926,1.53579,1.53598,1.13,1.88
2013.05.29 06:40:48.996,1.53575,1.53596,2.63,2.07
2013.05.29 06:40:49.547,1.53572,1.53596,3.00,2.07
2013.05.29 06:40:49.735,1.53574,1.53596,1.50,2.07
2013.05.29 06:40:50.274,1.53573,1.53597,1.50,2.44
2013.05.29 06:40:51.955,1.53575,1.53597,1.50,1.69
2013.05.29 06:40:53.997,1.53575,1.53597,1.50,2.44
2013.05.29 06:40:54.328,1.53579,1.53599,1.50,2.44
2013.05.29 06:40:54.639,1.53581,1.53598,1.50,1.69
2013.05.29 06:40:55.227,1.53578,1.53595,1.50,1.69
2013.05.29 06:40:56.215,1.53578,1.53596,1.50,2.44
2013.05.29 06:40:56.336,1.53576,1.53596,1.50,2.44
2013.05.29 06:40:56.407,1.53574,1.53596,2.25,2.44
2013.05.29 06:40:56.477,1.53582,1.53596,1.50,1.69
2013.05.29 06:40:56.726,1.53585,1.53605,1.50,1.69
2013.05.29 06:40:56.855,1.53587,1.53607,1.50,1.32
2013.05.29 06:40:57.455,1.53589,1.5361,3.00,2.82
2013.05.29 06:40:58.566,1.53591,1.5361,1.50,1.69
2013.05.29 06:40:59.205,1.5359,1.5361,1.50,1.69
2013.05.29 06:40:59.264,1.53587,1.5361,1.50,3.19
2013.05.29 06:40:59.326,1.5359,1.5361,1.50,3.19
2013.05.29 06:41:01.635,1.53588,1.5361,1.50,1.69
2013.05.29 06:41:01.997,1.53589,1.53608,1.50,1.69
2013.05.29 06:41:02.131,1.53588,1.53609,1.50,1.69
2013.05.29 06:41:02.267,1.53591,1.5361,1.50,2.44
2013.05.29 06:41:02.585,1.53594,1.53614,1.50,2.52
2013.05.29 06:41:02.655,1.53596,1.53616,1.50,2.82
2013.05.29 06:41:02.776,1.53599,1.53616,1.50,1.69
2013.05.29 06:41:03.518,1.53601,1.53617,1.50,1.32
2013.05.29 06:41:03.758,1.53612,1.53631,3.00,1.69
2013.05.29 06:41:03.825,1.53612,1.5363,2.25,2.07
2013.05.29 06:41:04.137,1.5361,1.53627,1.50,3.00
2013.05.29 06:41:04.206,1.53606,1.53627,1.88,1.50
2013.05.29 06:41:04.459,1.53608,1.53628,1.50,1.69
2013.05.29 06:41:05.717,1.53608,1.5363,1.13,2.44
2013.05.29 06:41:06.826,1.5361,1.53634,2.25,2.44
2013.05.29 06:41:07.328,1.5361,1.53634,1.69,2.44
2013.05.29 06:41:09.575,1.53609,1.53633,1.50,2.44
2013.05.29 06:41:10.154,1.53608,1.53633,1.69,2.44
2013.05.29 06:41:10.216,1.53606,1.5363,3.94,1.88
2013.05.29 06:41:11.277,1.53606,1.53628,1.69,1.50
2013.05.29 06:41:12.117,1.53605,1.53628,1.13,1.69
2013.05.29 06:41:12.305,1.53603,1.53625,2.07,1.50
2013.05.29 06:41:13.457,1.53603,1.53625,1.32,1.50
2013.05.29 06:41:13.961,1.53603,1.53625,1.32,1.50
2013.05.29 06:41:15.265,1.53604,1.53625,1.13,1.50
2013.05.29 06:41:15.385,1.53604,1.53626,1.13,1.69
2013.05.29 06:41:15.455,1.53602,1.53622,2.25,1.69
2013.05.29 06:41:15.695,1.536,1.53618,1.88,1.50
2013.05.29 06:41:15.815,1.53599,1.53616,1.50,2.25
2013.05.29 06:41:16.057,1.53589,1.53605,1.13,1.50
2013.05.29 06:41:16.246,1.53587,1.53603,1.32,1.50
2013.05.29 06:41:16.435,1.53579,1.53603,3.19,2.25
2013.05.29 06:41:16.736,1.53581,1.53604,1.50,2.44
2013.05.29 06:41:17.633,1.53582,1.53606,1.50,2.44
2013.05.29 06:41:18.154,1.53581,1.53606,4.13,3.19
2013.05.29 06:41:19.497,1.53586,1.53607,2.82,1.50
2013.05.29 06:41:19.880,1.53593,1.53614,2.07,1.50
2013.05.29 06:41:19.947,1.53593,1.53613,2.44,1.50
2013.05.29 06:41:20.090,1.53595,1.53617,1.32,2.25
2013.05.29 06:41:20.277,1.53598,1.53618,1.13,1.69
2013.05.29 06:41:20.347,1.53598,1.53618,1.13,1.69
2013.05.29 06:41:20.477,1.53593,1.53612,2.44,1.50
2013.05.29 06:41:20.667,1.53593,1.53611,1.50,2.25
2013.05.29 06:41:20.963,1.53588,1.53609,1.69,1.50
2013.05.29 06:41:21.924,1.53589,1.53611,2.44,1.50
2013.05.29 06:41:22.474,1.53591,1.53611,1.50,1.50
2013.05.29 06:41:23.085,1.53591,1.53609,1.50,1.13
2013.05.29 06:41:23.449,1.53592,1.53608,1.13,1.73
2013.05.29 06:41:23.527,1.53594,1.53612,1.88,2.63
2013.05.29 06:41:23.595,1.53595,1.53617,1.13,1.32
2013.05.29 06:41:23.717,1.53598,1.5362,1.88,2.44
2013.05.29 06:41:27.821,1.53595,1.53617,1.69,1.50
2013.05.29 06:41:28.190,1.53594,1.53613,1.32,1.13
2013.05.29 06:41:28.735,1.5359,1.53608,1.69,1.50
2013.05.29 06:41:28.985,1.53586,1.53608,1.69,1.50
2013.05.29 06:41:29.578,1.53587,1.53608,2.25,1.50
2013.05.29 06:41:29.766,1.53592,1.53615,2.44,2.25
2013.05.29 06:41:29.957,1.53593,1.53615,1.69,1.50
2013.05.29 06:41:30.086,1.53593,1.53616,2.44,2.25
2013.05.29 06:41:30.307,1.53593,1.53616,2.44,2.25
2013.05.29 06:41:30.823,1.53593,1.53616,2.25,2.25
2013.05.29 06:41:31.503,1.53593,1.53616,3.38,2.25
2013.05.29 06:41:32.319,1.53593,1.53616,2.63,2.25
2013.05.29 06:41:33.588,1.53593,1.53615,1.13,1.50
2013.05.29 06:41:34.360,1.53593,1.53613,1.13,1.50
2013.05.29 06:41:34.690,1.5359,1.5361,1.69,1.13
2013.05.29 06:41:35.506,1.5359,1.53614,1.50,2.44
2013.05.29 06:41:35.576,1.53592,1.53614,1.50,1.69
2013.05.29 06:41:35.886,1.53598,1.53616,1.50,2.25
2013.05.29 06:41:36.201,1.53601,1.53616,1.50,2.25
2013.05.29 06:41:36.507,1.53602,1.53621,1.50,1.50
2013.05.29 06:41:36.635,1.53603,1.53621,1.50,1.50
2013.05.29 06:41:37.203,1.53604,1.53622,1.50,1.50
2013.05.29 06:41:38.316,1.53604,1.53622,1.50,1.50
2013.05.29 06:41:40.788,1.53601,1.53622,1.69,1.50
2013.05.29 06:41:41.324,1.53601,1.53622,1.69,1.50
2013.05.29 06:41:41.894,1.536,1.53622,3.57,1.50
2013.05.29 06:41:42.597,1.536,1.53622,1.69,1.50
2013.05.29 06:41:43.699,1.53601,1.53622,1.50,1.50
2013.05.29 06:41:44.298,1.53601,1.53622,1.50,1.50
2013.05.29 06:41:45.985,1.53603,1.53626,1.50,2.44
2013.05.29 06:41:49.872,1.53603,1.53627,1.50,2.44
2013.05.29 06:41:54.434,1.53607,1.53627,1.50,2.07
2013.05.29 06:41:55.956,1.53605,1.53627,1.50,2.82
2013.05.29 06:41:56.025,1.53605,1.53627,1.50,2.82
2013.05.29 06:42:00.035,1.53602,1.53625,3.00,2.44
2013.05.29 06:42:00.165,1.53602,1.53625,2.25,2.82
2013.05.29 06:42:00.508,1.536,1.53622,2.07,1.13
2013.05.29 06:42:03.277,1.53599,1.5362,1.50,1.50
2013.05.29 06:42:03.617,1.53598,1.5362,1.88,2.07
2013.05.29 06:42:04.185,1.53596,1.53617,1.88,1.50
2013.05.29 06:42:04.262,1.53595,1.53617,1.50,1.50
2013.05.29 06:42:05.155,1.53595,1.53617,1.50,2.25
2013.05.29 06:42:05.225,1.53596,1.53617,1.50,1.50
2013.05.29 06:42:05.354,1.53596,1.53619,1.50,1.32
2013.05.29 06:42:05.415,1.53593,1.53616,1.69,1.50
2013.05.29 06:42:07.947,1.53593,1.53616,1.13,2.44
2013.05.29 06:42:09.049,1.53591,1.53616,2.25,3.19
2013.05.29 06:42:09.636,1.53593,1.53616,1.50,3.19
2013.05.29 06:42:11.265,1.53593,1.53616,1.69,1.69
2013.05.29 06:42:12.246,1.53593,1.53616,1.69,1.69
2013.05.29 06:42:15.096,1.53592,1.53616,3.19,1.69
2013.05.29 06:42:16.516,1.53592,1.53614,2.25,2.07
2013.05.29 06:42:16.825,1.53586,1.53607,1.50,2.44
2013.05.29 06:42:17.245,1.53585,1.53605,1.88,1.69
2013.05.29 06:42:17.665,1.53582,1.53605,1.50,3.94
2013.05.29 06:42:24.675,1.53581,1.53601,1.88,1.69
2013.05.29 06:42:25.176,1.53581,1.53601,1.50,1.69
2013.05.29 06:42:25.988,1.53581,1.53601,1.50,1.69
2013.05.29 06:42:26.116,1.53581,1.53599,1.50,1.69
2013.05.29 06:42:29.755,1.53581,1.53601,1.50,1.69
2013.05.29 06:42:31.995,1.53581,1.53599,1.50,1.69
2013.05.29 06:42:32.308,1.53584,1.53605,1.13,3.19
2013.05.29 06:42:32.377,1.53584,1.53605,1.88,2.44
2013.05.29 06:42:32.624,1.53589,1.5361,1.13,1.50
2013.05.29 06:42:32.685,1.53589,1.5361,1.13,1.50
2013.05.29 06:42:32.746,1.53591,1.5361,1.50,1.50
2013.05.29 06:42:33.296,1.53591,1.5361,1.50,1.50
2013.05.29 06:42:35.676,1.53591,1.5361,2.25,1.50
2013.05.29 06:42:36.912,1.53592,1.5361,1.50,1.50
2013.05.29 06:42:37.001,1.53593,1.53613,2.25,2.44
2013.05.29 06:42:38.215,1.53593,1.53614,2.25,3.19
2013.05.29 06:42:39.845,1.53594,1.53614,1.50,2.44
2013.05.29 06:42:39.906,1.53596,1.53616,1.50,2.44
2013.05.29 06:42:40.156,1.53603,1.53622,1.50,2.44
2013.05.29 06:42:40.225,1.53604,1.53622,1.50,2.44
2013.05.29 06:42:44.276,1.53603,1.53623,2.25,1.32
2013.05.29 06:42:45.617,1.53602,1.5362,1.50,1.13
2013.05.29 06:42:45.685,1.536,1.5362,3.00,1.32
2013.05.29 06:42:47.165,1.53597,1.53619,3.00,3.19
2013.05.29 06:42:47.246,1.53594,1.53616,2.25,2.44
2013.05.29 06:42:47.318,1.53594,1.53613,2.25,1.32
2013.05.29 06:42:48.388,1.53594,1.53613,1.50,1.32
2013.05.29 06:42:48.914,1.53591,1.53613,1.50,2.82
2013.05.29 06:42:50.066,1.53591,1.53613,1.50,3.57
2013.05.29 06:42:51.568,1.53591,1.53613,2.25,3.64
2013.05.29 06:42:55.806,1.53591,1.53612,1.50,1.58
2013.05.29 06:42:57.575,1.53591,1.53612,1.50,1.58
2013.05.29 06:42:57.796,1.53591,1.53612,1.50,1.58
2013.05.29 06:42:58.305,1.53591,1.53612,1.50,1.58
2013.05.29 06:42:58.738,1.53594,1.53613,1.50,1.20
2013.05.29 06:42:59.535,1.53594,1.53615,1.50,1.58
2013.05.29 06:42:59.595,1.53594,1.53615,3.00,1.50
2013.05.29 06:42:59.896,1.53605,1.53621,1.69,1.50
2013.05.29 06:43:00.205,1.53608,1.53621,1.69,1.50
2013.05.29 06:43:00.796,1.53605,1.53623,2.44,1.13
2013.05.29 06:43:01.397,1.53605,1.53623,2.44,1.13
2013.05.29 06:43:01.525,1.53607,1.53623,1.69,1.13
2013.05.29 06:43:02.375,1.53607,1.53623,1.69,1.13
2013.05.29 06:43:02.437,1.53604,1.53623,3.19,1.13
2013.05.29 06:43:02.984,1.53602,1.53622,1.69,1.50
2013.05.29 06:43:04.085,1.53602,1.53622,1.69,1.50
2013.05.29 06:43:04.644,1.53603,1.53623,1.69,1.13
2013.05.29 06:43:05.155,1.53603,1.53623,1.69,1.13
2013.05.29 06:43:05.456,1.53602,1.53621,2.44,1.13
2013.05.29 06:43:05.525,1.53602,1.53621,1.69,1.13
2013.05.29 06:43:08.676,1.53601,1.53624,2.44,3.75
2013.05.29 06:43:08.865,1.53601,1.53624,3.19,3.75
2013.05.29 06:43:09.344,1.53603,1.53627,3.19,1.50
2013.05.29 06:43:10.135,1.53603,1.53627,3.19,2.25
2013.05.29 06:43:11.375,1.53605,1.53628,1.32,2.52
2013.05.29 06:43:11.734,1.53606,1.53626,1.69,1.50
2013.05.29 06:43:11.975,1.5361,1.5363,1.69,1.88
2013.05.29 06:43:12.406,1.53611,1.5363,1.69,1.13
2013.05.29 06:43:14.897,1.5361,1.53631,1.69,4.50
2013.05.29 06:43:15.025,1.5361,1.53629,1.69,1.50
2013.05.29 06:43:17.454,1.53609,1.53629,1.69,1.88
2013.05.29 06:43:17.994,1.53609,1.53629,1.69,1.13
2013.05.29 06:43:21.776,1.53611,1.5363,1.69,1.13
2013.05.29 06:43:22.261,1.53613,1.53633,2.25,1.50
2013.05.29 06:43:22.410,1.53632,1.5365,1.50,1.13
2013.05.29 06:43:22.479,1.53632,1.5365,2.44,1.13
2013.05.29 06:43:22.665,1.53632,1.53651,2.44,1.13
2013.05.29 06:43:23.924,1.53633,1.53651,1.69,1.13
2013.05.29 06:43:27.094,1.53633,1.53651,1.69,1.13
2013.05.29 06:43:27.710,1.53635,1.53656,1.69,1.88
2013.05.29 06:43:27.896,1.53635,1.53655,1.69,2.63
2013.05.29 06:43:28.024,1.53635,1.53655,2.44,1.88
2013.05.29 06:43:28.145,1.53636,1.53659,1.50,2.25
2013.05.29 06:43:28.539,1.53641,1.5366,2.25,1.50
2013.05.29 06:43:28.796,1.53646,1.53667,1.69,1.88
2013.05.29 06:43:29.046,1.53645,1.53664,1.69,1.13
2013.05.29 06:43:29.296,1.53646,1.53666,1.69,1.13
2013.05.29 06:43:30.687,1.53647,1.53668,2.44,2.25
2013.05.29 06:43:30.756,1.53647,1.53668,1.69,2.25
2013.05.29 06:43:32.075,1.53648,1.53671,1.69,2.63
2013.05.29 06:43:32.255,1.53656,1.53672,1.32,2.25
2013.05.29 06:43:32.376,1.53658,1.5368,1.32,1.69
2013.05.29 06:43:32.499,1.5366,1.53681,2.07,1.13
2013.05.29 06:43:32.805,1.53667,1.53689,3.19,1.50
2013.05.29 06:43:32.865,1.53669,1.53691,1.69,2.25
2013.05.29 06:43:33.153,1.5367,1.53694,2.44,3.00
2013.05.29 06:43:33.361,1.53673,1.53691,2.44,1.50
2013.05.29 06:43:34.152,1.53671,1.5369,2.44,1.50
2013.05.29 06:43:34.474,1.5367,1.53689,2.07,1.13
2013.05.29 06:43:35.117,1.5367,1.53686,2.07,1.50
2013.05.29 06:43:35.715,1.53666,1.53686,2.44,1.88
2013.05.29 06:43:36.025,1.53658,1.53676,2.07,1.50
2013.05.29 06:43:36.086,1.53658,1.53676,1.32,1.50
2013.05.29 06:43:37.668,1.53654,1.53674,2.07,1.50
2013.05.29 06:43:39.176,1.53654,1.53673,2.07,1.13
2013.05.29 06:43:41.606,1.53653,1.5367,2.44,1.50
2013.05.29 06:43:41.915,1.53649,1.53668,3.19,1.50
2013.05.29 06:43:41.985,1.53649,1.53668,3.19,1.50
2013.05.29 06:43:43.504,1.53649,1.53669,3.57,1.88
2013.05.29 06:43:43.565,1.5365,1.53669,1.69,1.88
2013.05.29 06:43:43.816,1.5365,1.53669,2.44,1.50
2013.05.29 06:43:44.022,1.5365,1.53668,1.69,1.50
2013.05.29 06:43:44.089,1.5365,1.53667,1.50,1.88
2013.05.29 06:43:44.160,1.53646,1.53667,2.25,1.88
2013.05.29 06:43:44.230,1.53646,1.53663,1.50,1.50
2013.05.29 06:43:44.895,1.53644,1.53663,1.69,1.50
2013.05.29 06:43:46.377,1.53644,1.53663,1.69,1.50
2013.05.29 06:43:46.446,1.53646,1.53668,1.13,1.69
2013.05.29 06:43:46.505,1.53646,1.5367,1.13,2.82
2013.05.29 06:43:46.685,1.53647,1.5367,1.50,2.07
2013.05.29 06:43:48.027,1.53647,1.5367,2.44,1.50
2013.05.29 06:43:48.476,1.53651,1.53673,1.88,2.63
2013.05.29 06:43:48.784,1.53652,1.53673,1.50,2.63
2013.05.29 06:43:49.101,1.53651,1.53673,1.88,2.63
2013.05.29 06:43:50.837,1.5365,1.53672,3.19,1.50
2013.05.29 06:43:51.202,1.5365,1.53672,3.19,1.50
2013.05.29 06:43:51.685,1.53647,1.5367,2.82,1.50
2013.05.29 06:43:51.746,1.53647,1.5367,2.07,1.50
2013.05.29 06:43:51.816,1.53646,1.53668,1.69,1.13
2013.05.29 06:43:52.920,1.53644,1.53666,1.69,2.25
2013.05.29 06:43:52.986,1.53643,1.53662,1.13,1.50
2013.05.29 06:43:53.055,1.53641,1.5366,1.13,1.69
2013.05.29 06:43:53.355,1.53636,1.5366,2.07,2.44
2013.05.29 06:43:53.655,1.53637,1.5366,2.07,2.44
2013.05.29 06:43:53.715,1.53638,1.5366,1.50,2.44
2013.05.29 06:43:54.947,1.5364,1.53665,1.69,3.57
2013.05.29 06:43:55.577,1.53639,1.53665,2.44,2.44
2013.05.29 06:43:55.776,1.53641,1.53666,1.50,3.94
2013.05.29 06:43:57.179,1.53641,1.53664,1.50,1.50
2013.05.29 06:43:57.367,1.53639,1.53663,3.19,2.25
2013.05.29 06:43:57.597,1.53639,1.53659,3.19,1.13
2013.05.29 06:43:57.905,1.53635,1.53655,1.69,1.88
2013.05.29 06:43:58.154,1.53634,1.53655,2.44,1.88
2013.05.29 06:43:58.705,1.53632,1.53656,1.69,1.88
2013.05.29 06:43:58.840,1.53631,1.53654,2.44,1.88
2013.05.29 06:43:58.906,1.5363,1.53654,2.82,3.57
2013.05.29 06:43:59.025,1.5363,1.5365,1.32,1.13
2013.05.29 06:43:59.144,1.53626,1.5365,1.69,1.13
2013.05.29 06:44:00.994,1.53626,1.5365,1.69,1.88
2013.05.29 06:44:01.760,1.53626,1.53649,1.69,1.50
2013.05.29 06:44:02.073,1.53624,1.53643,1.88,1.13
2013.05.29 06:44:02.254,1.53618,1.53637,1.69,1.13
2013.05.29 06:44:02.315,1.53617,1.53637,1.69,1.13
2013.05.29 06:44:02.855,1.5362,1.53641,1.50,2.63
2013.05.29 06:44:03.216,1.53624,1.53646,2.44,1.88
2013.05.29 06:44:03.735,1.53627,1.53647,1.50,1.32
2013.05.29 06:44:05.599,1.53624,1.53645,1.69,1.13
2013.05.29 06:44:06.888,1.53625,1.53646,1.50,2.44
2013.05.29 06:44:07.195,1.53629,1.53649,1.50,1.50
2013.05.29 06:44:07.255,1.53629,1.5365,1.50,1.69
2013.05.29 06:44:07.318,1.53629,1.53652,2.25,2.44
2013.05.29 06:44:07.627,1.53628,1.53648,2.25,1.13
2013.05.29 06:44:09.176,1.53628,1.53652,1.50,3.94
2013.05.29 06:44:09.476,1.53635,1.53652,1.50,1.69
2013.05.29 06:44:09.605,1.53635,1.53657,1.50,2.82
2013.05.29 06:44:10.187,1.53635,1.53654,1.50,1.69
2013.05.29 06:44:10.955,1.53634,1.53654,1.50,1.69
2013.05.29 06:44:11.316,1.53631,1.53652,1.69,1.13
2013.05.29 06:44:12.615,1.53631,1.53652,1.69,2.63
2013.05.29 06:44:12.674,1.53629,1.5365,2.44,2.25
2013.05.29 06:44:12.795,1.53629,1.53649,2.44,2.25
2013.05.29 06:44:12.975,1.53627,1.53647,1.69,1.50
2013.05.29 06:44:13.395,1.53627,1.53648,1.69,1.50
2013.05.29 06:44:15.085,1.53629,1.53652,1.50,3.57
2013.05.29 06:44:17.436,1.53628,1.5365,1.50,1.50
2013.05.29 06:44:17.736,1.53624,1.53644,1.69,3.00
2013.05.29 06:44:17.856,1.53621,1.53639,1.69,2.25
2013.05.29 06:44:18.046,1.53614,1.53636,1.50,1.69
2013.05.29 06:44:18.177,1.53613,1.53634,1.13,1.50
2013.05.29 06:44:18.248,1.53615,1.53635,2.25,1.50
2013.05.29 06:44:18.317,1.53615,1.53636,2.25,1.50
2013.05.29 06:44:18.386,1.53614,1.53639,1.69,3.19
2013.05.29 06:44:18.565,1.53615,1.53639,1.88,3.19
2013.05.29 06:44:18.823,1.53617,1.5364,1.50,1.69
2013.05.29 06:44:18.948,1.53622,1.53643,2.07,1.50
2013.05.29 06:44:19.076,1.53623,1.53647,1.50,3.19
2013.05.29 06:44:19.146,1.53623,1.53647,1.50,2.44
2013.05.29 06:44:19.506,1.53629,1.53651,1.69,1.50
2013.05.29 06:44:26.285,1.53629,1.53652,1.69,1.88
2013.05.29 06:44:26.720,1.53631,1.53652,3.19,1.13
2013.05.29 06:44:27.077,1.53635,1.53655,1.50,1.13
2013.05.29 06:44:27.205,1.53633,1.53654,2.44,2.25
2013.05.29 06:44:27.567,1.53634,1.53656,2.07,1.50
2013.05.29 06:44:27.637,1.53634,1.53656,1.69,1.88
2013.05.29 06:44:28.184,1.53634,1.53656,2.44,1.13
2013.05.29 06:44:37.297,1.53634,1.53656,3.19,1.13
2013.05.29 06:44:42.438,1.53636,1.53657,1.69,1.13
2013.05.29 06:44:43.276,1.53636,1.53657,1.69,1.88
2013.05.29 06:44:43.806,1.53634,1.53656,2.44,2.25
2013.05.29 06:44:44.797,1.53634,1.53656,2.44,1.50
2013.05.29 06:44:44.927,1.53634,1.53653,1.69,1.50
2013.05.29 06:44:44.997,1.53633,1.53652,1.50,1.13
2013.05.29 06:44:45.073,1.53636,1.53653,1.50,1.88
2013.05.29 06:44:45.139,1.53637,1.53653,1.50,1.13
2013.05.29 06:44:45.208,1.53639,1.53658,1.13,1.69
2013.05.29 06:44:45.279,1.53643,1.53659,1.50,1.50
2013.05.29 06:44:45.526,1.53643,1.53664,2.25,1.13
2013.05.29 06:44:45.596,1.53642,1.53664,2.44,1.13
2013.05.29 06:44:45.785,1.53642,1.53664,2.44,1.88
2013.05.29 06:44:46.096,1.53645,1.53666,1.50,1.50
2013.05.29 06:44:46.218,1.53642,1.53663,2.44,1.50
2013.05.29 06:44:46.586,1.53644,1.53664,2.63,1.88
2013.05.29 06:44:46.896,1.53646,1.53667,1.50,2.07
2013.05.29 06:44:47.015,1.53646,1.53668,1.50,1.69
2013.05.29 06:44:47.965,1.53644,1.53667,1.50,2.44
2013.05.29 06:44:48.086,1.53644,1.53666,1.50,1.69
2013.05.29 06:44:48.686,1.53644,1.53667,1.50,3.19
2013.05.29 06:44:49.347,1.53644,1.53667,2.07,2.25
2013.05.29 06:44:49.416,1.53646,1.53667,1.50,2.25
2013.05.29 06:44:49.727,1.53645,1.53658,1.69,1.13
2013.05.29 06:44:49.858,1.53637,1.53656,1.50,1.50
2013.05.29 06:44:49.926,1.53636,1.53655,1.13,1.69
2013.05.29 06:44:50.235,1.53636,1.53655,1.13,2.44
2013.05.29 06:44:52.635,1.53636,1.53655,1.13,2.44
2013.05.29 06:44:54.020,1.53636,1.53655,1.13,1.50
2013.05.29 06:44:54.328,1.53639,1.53658,1.13,1.88
2013.05.29 06:44:54.645,1.53647,1.53665,1.13,2.25
2013.05.29 06:44:54.895,1.53644,1.53665,1.32,1.50
2013.05.29 06:44:55.227,1.53644,1.53663,1.32,2.25
2013.05.29 06:44:55.536,1.5364,1.53661,1.69,3.38
2013.05.29 06:44:55.608,1.53638,1.53659,1.13,2.25
2013.05.29 06:44:55.675,1.53633,1.53657,3.57,1.50
2013.05.29 06:44:55.795,1.53632,1.53655,1.69,2.25
2013.05.29 06:44:55.856,1.53632,1.53654,1.69,2.25
2013.05.29 06:44:57.095,1.53631,1.53652,2.07,2.25
2013.05.29 06:44:57.173,1.53628,1.5365,2.82,1.50
2013.05.29 06:44:57.679,1.53633,1.53654,1.13,2.25
2013.05.29 06:44:58.225,1.53633,1.53655,1.13,1.88
2013.05.29 06:44:58.745,1.53632,1.53655,1.88,1.88
2013.05.29 06:45:03.086,1.53633,1.53655,1.88,1.50
2013.05.29 06:45:05.386,1.53634,1.53655,1.13,1.50
2013.05.29 06:45:05.815,1.53637,1.53656,1.13,1.13
2013.05.29 06:45:06.257,1.53637,1.53655,1.13,1.50
2013.05.29 06:45:06.567,1.53632,1.53651,1.32,2.25
2013.05.29 06:45:06.697,1.53632,1.5365,1.88,2.25
2013.05.29 06:45:07.476,1.53632,1.53652,1.88,1.50
2013.05.29 06:45:08.325,1.53628,1.53651,2.82,3.00
2013.05.29 06:45:08.445,1.5363,1.53649,1.13,1.50
2013.05.29 06:45:08.885,1.53628,1.53649,2.82,1.50
2013.05.29 06:45:09.005,1.53629,1.53649,2.07,1.50
2013.05.29 06:45:09.435,1.53629,1.53651,2.07,2.25
2013.05.29 06:45:09.965,1.53629,1.53651,2.07,2.25
2013.05.29 06:45:17.927,1.53636,1.53652,1.13,1.50
2013.05.29 06:45:18.176,1.53638,1.53656,2.07,1.50
2013.05.29 06:45:18.235,1.53638,1.5366,1.32,1.50
2013.05.29 06:45:18.355,1.53643,1.53662,1.32,1.50
2013.05.29 06:45:18.716,1.53647,1.53668,1.88,2.07
2013.05.29 06:45:18.785,1.53647,1.53669,2.63,1.69
2013.05.29 06:45:19.655,1.53647,1.5367,3.38,3.19
2013.05.29 06:45:20.098,1.53648,1.5367,1.13,3.19
2013.05.29 06:45:20.466,1.53647,1.53667,1.50,1.50
2013.05.29 06:45:20.536,1.53644,1.53666,1.88,1.50
2013.05.29 06:45:21.646,1.53644,1.53666,1.13,1.50
2013.05.29 06:45:21.967,1.53648,1.53667,1.13,2.25
2013.05.29 06:45:22.539,1.53644,1.53663,1.13,1.50
2013.05.29 06:45:22.616,1.53649,1.53666,1.13,1.50
2013.05.29 06:45:22.746,1.53644,1.53666,1.13,1.50
2013.05.29 06:45:24.596,1.53644,1.5366,1.13,1.50
2013.05.29 06:45:24.836,1.53633,1.53651,1.69,1.50
2013.05.29 06:45:24.955,1.5363,1.53651,1.50,1.50
2013.05.29 06:45:25.325,1.53627,1.53651,2.82,3.00
2013.05.29 06:45:26.111,1.53627,1.53649,2.44,1.13
2013.05.29 06:45:26.416,1.53627,1.53648,1.50,3.38
2013.05.29 06:45:26.546,1.53625,1.53647,1.69,1.50
2013.05.29 06:45:27.245,1.53625,1.53648,2.07,3.75
2013.05.29 06:45:27.487,1.53629,1.53648,1.13,2.25
2013.05.29 06:45:27.616,1.53629,1.53651,3.57,1.50
2013.05.29 06:45:27.745,1.5363,1.53654,1.50,2.44
2013.05.29 06:45:28.285,1.5363,1.53652,1.50,1.69
2013.05.29 06:45:28.466,1.53628,1.53651,2.44,1.50
2013.05.29 06:45:29.496,1.53628,1.53651,3.19,1.88
2013.05.29 06:45:29.855,1.53624,1.53638,1.69,1.13
2013.05.29 06:45:29.917,1.53621,1.53638,3.57,1.13
2013.05.29 06:45:29.986,1.53621,1.53642,3.57,1.50
2013.05.29 06:45:30.536,1.53624,1.53646,1.69,1.50
2013.05.29 06:45:30.595,1.53624,1.53647,2.44,2.25
2013.05.29 06:45:31.145,1.53626,1.53647,1.50,3.00
2013.05.29 06:45:31.447,1.53628,1.53645,1.50,1.69
2013.05.29 06:45:31.952,1.53628,1.53649,1.50,2.25
2013.05.29 06:45:32.509,1.53628,1.53649,3.94,1.50
2013.05.29 06:45:34.347,1.53628,1.53649,2.82,1.13
2013.05.29 06:45:34.477,1.53625,1.53637,1.69,1.13
2013.05.29 06:45:34.726,1.53619,1.53642,2.49,2.63
2013.05.29 06:45:34.785,1.53619,1.53642,2.11,2.63
2013.05.29 06:45:35.183,1.53622,1.53644,2.44,1.50
2013.05.29 06:45:35.426,1.53625,1.53646,1.69,1.88
2013.05.29 06:45:36.117,1.53625,1.53646,1.69,1.13
2013.05.29 06:45:36.635,1.53624,1.53646,1.69,1.13
2013.05.29 06:45:36.815,1.53625,1.53646,1.69,1.13
2013.05.29 06:45:40.337,1.53627,1.53646,1.50,1.88
2013.05.29 06:45:40.645,1.53622,1.53638,3.19,1.13
2013.05.29 06:45:40.765,1.53623,1.53641,1.69,2.25
2013.05.29 06:45:41.346,1.53625,1.53646,2.44,1.13
2013.05.29 06:45:41.405,1.53625,1.53646,1.69,1.13
2013.05.29 06:45:41.645,1.53625,1.53646,2.44,1.13
2013.05.29 06:45:43.656,1.53625,1.53646,1.69,1.13
2013.05.29 06:45:44.278,1.53625,1.53646,2.44,1.13
2013.05.29 06:45:48.847,1.53625,1.53643,1.69,1.50
2013.05.29 06:45:49.225,1.53621,1.53637,1.32,1.13
2013.05.29 06:45:50.570,1.53619,1.53637,2.44,1.13
2013.05.29 06:45:51.276,1.53619,1.53637,2.82,1.13
2013.05.29 06:45:51.906,1.53619,1.53637,2.44,1.13
2013.05.29 06:45:52.726,1.53621,1.53637,1.50,1.13
2013.05.29 06:45:52.846,1.53619,1.53639,1.50,1.13
2013.05.29 06:45:52.919,1.53618,1.53639,1.88,1.13
2013.05.29 06:45:53.787,1.53619,1.53637,1.50,1.50
2013.05.29 06:45:55.209,1.53618,1.5364,1.50,1.50
2013.05.29 06:45:55.396,1.5362,1.53642,1.50,2.44
2013.05.29 06:45:55.527,1.53624,1.53644,1.50,2.25
2013.05.29 06:45:55.596,1.53626,1.53644,1.50,2.25
2013.05.29 06:45:55.777,1.53633,1.53651,1.13,1.50
2013.05.29 06:45:56.085,1.53631,1.53653,1.50,1.69
2013.05.29 06:45:56.809,1.5363,1.53651,1.32,1.50
2013.05.29 06:45:57.425,1.5363,1.53651,2.44,1.50
2013.05.29 06:45:59.077,1.53631,1.53652,1.50,1.50
2013.05.29 06:45:59.406,1.53632,1.53654,1.13,2.82
2013.05.29 06:46:02.017,1.53632,1.53654,1.88,2.07
2013.05.29 06:46:04.476,1.53633,1.53652,1.69,1.50
2013.05.29 06:46:04.836,1.53632,1.53649,1.13,1.50
2013.05.29 06:46:04.906,1.5363,1.53649,1.50,2.25
2013.05.29 06:46:05.465,1.5363,1.53649,1.50,2.25
2013.05.29 06:46:06.118,1.5363,1.5365,1.50,1.50
2013.05.29 06:46:10.206,1.53629,1.53649,1.13,2.25
2013.05.29 06:46:10.724,1.53629,1.5365,2.25,1.50
2013.05.29 06:46:11.195,1.53631,1.53653,1.50,3.19
2013.05.29 06:46:12.143,1.5363,1.53652,1.50,1.50
2013.05.29 06:46:12.389,1.53632,1.53652,1.13,1.50
2013.05.29 06:46:12.935,1.53631,1.53652,1.50,1.50
2013.05.29 06:46:13.314,1.53632,1.53653,1.50,2.44
2013.05.29 06:46:13.968,1.53634,1.53653,1.50,1.69
2013.05.29 06:46:20.015,1.53632,1.53653,2.63,1.50
2013.05.29 06:46:20.550,1.53633,1.53653,1.50,1.50
2013.05.29 06:46:20.915,1.53632,1.53652,1.50,1.50
2013.05.29 06:46:21.094,1.53633,1.53654,1.50,2.82
2013.05.29 06:46:21.457,1.53633,1.53653,1.50,1.50
2013.05.29 06:46:22.016,1.53633,1.53652,1.50,1.50
2013.05.29 06:46:22.316,1.53632,1.53653,2.25,1.50
2013.05.29 06:46:22.857,1.53632,1.53653,3.75,1.50
2013.05.29 06:46:23.307,1.53634,1.53657,1.50,2.44
2013.05.29 06:46:23.786,1.53633,1.53653,1.69,1.13
2013.05.29 06:46:24.325,1.53632,1.53653,1.32,1.88
2013.05.29 06:46:25.326,1.53629,1.53652,2.44,1.50
2013.05.29 06:46:25.955,1.53629,1.53652,1.69,1.50
2013.05.29 06:46:28.836,1.53631,1.53653,1.50,2.82
2013.05.29 06:46:33.345,1.53631,1.53653,2.44,2.63
2013.05.29 06:46:34.875,1.53631,1.53653,2.44,2.63
2013.05.29 06:46:35.315,1.53632,1.53653,1.50,1.88
2013.05.29 06:46:37.455,1.53631,1.53653,2.44,1.88
2013.05.29 06:46:38.316,1.53632,1.53653,1.50,1.88
2013.05.29 06:46:38.566,1.5363,1.53652,1.32,2.25
2013.05.29 06:46:42.905,1.53629,1.53652,1.93,3.00
2013.05.29 06:46:43.258,1.5363,1.53652,1.18,3.00
2013.05.29 06:46:44.182,1.5363,1.53651,1.18,1.13
2013.05.29 06:46:44.486,1.53628,1.53648,1.32,1.13
2013.05.29 06:46:45.645,1.53632,1.53647,1.69,1.88
2013.05.29 06:46:45.765,1.53633,1.53654,1.69,1.13
2013.05.29 06:46:46.125,1.53635,1.53654,1.50,1.13
2013.05.29 06:46:47.894,1.53632,1.53654,3.19,1.13
2013.05.29 06:46:48.185,1.53634,1.53653,1.69,1.13
2013.05.29 06:46:49.665,1.53634,1.53653,1.69,1.13
2013.05.29 06:46:49.785,1.53632,1.5365,1.32,1.13
2013.05.29 06:46:53.094,1.53631,1.5365,1.69,1.13
2013.05.29 06:46:56.336,1.53635,1.53653,1.13,1.50
2013.05.29 06:46:56.456,1.53635,1.53658,2.63,3.19
2013.05.29 06:46:56.635,1.53636,1.53658,1.69,1.50
2013.05.29 06:46:56.698,1.53638,1.53661,1.13,4.32
2013.05.29 06:46:56.887,1.5364,1.53663,3.57,1.50
2013.05.29 06:46:57.445,1.53641,1.53665,2.44,2.63
2013.05.29 06:46:57.965,1.53641,1.53665,3.19,2.63
2013.05.29 06:46:58.504,1.53643,1.53665,1.88,1.13
2013.05.29 06:46:58.565,1.53643,1.53665,2.82,1.13
2013.05.29 06:46:59.107,1.53645,1.53665,1.69,1.13
2013.05.29 06:46:59.654,1.53648,1.53665,1.50,1.13
2013.05.29 06:47:01.355,1.53644,1.53665,1.69,1.88
2013.05.29 06:47:01.870,1.53647,1.53665,1.50,1.88
2013.05.29 06:47:02.424,1.53644,1.53665,1.69,1.88
2013.05.29 06:47:04.065,1.53644,1.53666,1.69,1.88
2013.05.29 06:47:04.255,1.53647,1.5367,2.25,2.25
2013.05.29 06:47:04.326,1.53651,1.53671,1.32,1.13
2013.05.29 06:47:04.865,1.5365,1.53671,2.44,1.13
2013.05.29 06:47:05.225,1.53647,1.53669,2.07,2.63
2013.05.29 06:47:06.175,1.53645,1.53668,4.69,1.50
2013.05.29 06:47:07.556,1.53646,1.53668,2.44,2.25
2013.05.29 06:47:08.084,1.53645,1.53665,1.69,2.63
2013.05.29 06:47:08.826,1.53645,1.53665,1.69,1.88
2013.05.29 06:47:10.069,1.53645,1.53665,1.69,2.63
2013.05.29 06:47:10.730,1.53642,1.53665,1.69,2.63
2013.05.29 06:47:13.856,1.53642,1.53665,3.19,1.88
2013.05.29 06:47:15.646,1.53642,1.53665,3.19,3.75
2013.05.29 06:47:16.028,1.53639,1.53662,3.94,1.88
2013.05.29 06:47:17.935,1.53639,1.53662,3.19,1.88
2013.05.29 06:47:18.679,1.53639,1.53662,1.69,3.38
2013.05.29 06:47:19.296,1.53636,1.53661,4.32,2.25
2013.05.29 06:47:19.357,1.53636,1.5366,2.82,1.50
2013.05.29 06:47:19.906,1.53638,1.5366,1.69,2.25
2013.05.29 06:47:20.455,1.53639,1.53661,2.44,2.25
2013.05.29 06:47:25.515,1.5364,1.53661,3.75,2.25
2013.05.29 06:47:26.342,1.53644,1.53661,1.50,2.25
2013.05.29 06:47:27.732,1.53643,1.53661,1.50,2.25
2013.05.29 06:47:29.356,1.53643,1.53662,1.69,1.88
2013.05.29 06:47:29.940,1.53643,1.53662,1.69,1.88
2013.05.29 06:47:30.465,1.53643,1.53662,1.69,1.88
2013.05.29 06:47:31.606,1.5364,1.53662,3.19,1.88
2013.05.29 06:47:31.847,1.53641,1.53661,1.69,1.13
2013.05.29 06:47:32.397,1.53642,1.53657,2.25,1.88
2013.05.29 06:47:32.467,1.53639,1.53656,1.69,1.50
2013.05.29 06:47:32.526,1.53638,1.53656,1.69,1.50
2013.05.29 06:47:35.145,1.53636,1.53656,1.69,1.88
2013.05.29 06:47:35.206,1.53636,1.53653,1.69,1.88
2013.05.29 06:47:35.745,1.53634,1.53653,2.44,2.63
2013.05.29 06:47:36.836,1.53634,1.53652,2.44,1.13
2013.05.29 06:47:37.197,1.53633,1.53648,1.69,1.13
2013.05.29 06:47:37.557,1.53636,1.53648,2.25,1.13
2013.05.29 06:47:37.998,1.53637,1.53652,1.50,1.50
2013.05.29 06:47:38.546,1.53638,1.53655,1.69,1.50
2013.05.29 06:47:39.096,1.53637,1.53652,1.69,1.13
2013.05.29 06:47:40.036,1.5364,1.53652,1.50,1.13
2013.05.29 06:47:40.225,1.5364,1.53655,1.50,1.50
2013.05.29 06:47:40.736,1.53639,1.53656,1.50,1.50
2013.05.29 06:47:40.916,1.53637,1.53656,1.69,1.50
2013.05.29 06:47:41.497,1.53638,1.53656,1.50,1.50
2013.05.29 06:47:41.747,1.53639,1.53659,1.69,1.50
2013.05.29 06:47:42.281,1.53641,1.53659,2.44,1.50
2013.05.29 06:47:42.785,1.53641,1.53659,1.69,1.50
2013.05.29 06:47:42.905,1.53641,1.53661,1.69,2.63
2013.05.29 06:47:43.025,1.53641,1.53661,2.44,1.88
2013.05.29 06:47:43.327,1.53643,1.53661,3.19,1.13
2013.05.29 06:47:44.307,1.53641,1.53661,1.32,1.50
2013.05.29 06:47:45.139,1.53639,1.5366,2.44,1.50
2013.05.29 06:47:50.196,1.53638,1.53659,1.69,1.50
2013.05.29 06:47:51.713,1.53636,1.53659,2.82,1.50
2013.05.29 06:47:52.247,1.53636,1.53656,2.82,1.50
2013.05.29 06:47:52.555,1.53628,1.53652,2.44,3.00
2013.05.29 06:47:52.677,1.53623,1.53644,2.82,1.50
2013.05.29 06:47:52.866,1.53623,1.53645,1.32,1.50
2013.05.29 06:47:53.408,1.53623,1.53645,1.32,1.50
2013.05.29 06:47:53.715,1.53622,1.53645,3.57,1.50
2013.05.29 06:47:54.817,1.53623,1.53645,1.32,1.50
2013.05.29 06:47:55.125,1.53628,1.53644,1.13,1.50
2013.05.29 06:47:56.238,1.53623,1.53644,2.82,1.50
2013.05.29 06:47:56.977,1.53625,1.53644,1.69,1.50
2013.05.29 06:47:57.476,1.53627,1.53648,1.69,1.88
2013.05.29 06:47:58.186,1.53624,1.53648,3.57,1.88
2013.05.29 06:47:58.695,1.53625,1.53648,1.69,1.13
2013.05.29 06:48:00.928,1.53625,1.53645,1.69,1.13
2013.05.29 06:48:01.115,1.53624,1.53645,2.44,1.13
2013.05.29 06:48:01.235,1.53624,1.53647,3.19,2.82
2013.05.29 06:48:01.785,1.53625,1.53647,2.25,1.69
2013.05.29 06:48:02.144,1.53625,1.53647,2.25,1.69
2013.05.29 06:48:03.205,1.53628,1.53649,1.50,1.88
2013.05.29 06:48:05.398,1.53628,1.53644,2.25,1.13
2013.05.29 06:48:06.589,1.53624,1.53644,1.50,1.13
2013.05.29 06:48:06.976,1.53627,1.53646,1.50,1.50
2013.05.29 06:48:07.786,1.53629,1.53648,1.13,1.50
2013.05.29 06:48:07.905,1.5363,1.5365,1.13,1.88
2013.05.29 06:48:08.026,1.53633,1.53652,1.13,1.88
2013.05.29 06:48:08.147,1.53636,1.53654,1.13,1.50
2013.05.29 06:48:08.516,1.53631,1.53654,2.82,1.50
2013.05.29 06:48:10.228,1.53639,1.53655,1.13,1.88
2013.05.29 06:48:10.356,1.53639,1.53659,2.63,1.69
2013.05.29 06:48:10.487,1.5364,1.53661,1.50,2.25
2013.05.29 06:48:11.835,1.53641,1.53661,1.50,1.13
2013.05.29 06:48:12.194,1.53645,1.53664,2.25,1.13
2013.05.29 06:48:12.256,1.53648,1.53668,2.25,2.07
2013.05.29 06:48:12.675,1.53648,1.53669,1.88,1.50
2013.05.29 06:48:12.735,1.53648,1.53669,2.63,1.50
2013.05.29 06:48:13.418,1.53647,1.53669,2.07,1.50
2013.05.29 06:48:13.665,1.53648,1.53671,1.32,1.13
2013.05.29 06:48:13.786,1.53648,1.53671,3.57,1.13
2013.05.29 06:48:14.087,1.53653,1.53674,3.38,1.69
2013.05.29 06:48:14.526,1.53655,1.53675,2.44,1.50
2013.05.29 06:48:15.037,1.53656,1.53676,1.50,1.13
2013.05.29 06:48:15.565,1.53655,1.53676,1.69,1.13
2013.05.29 06:48:16.095,1.53655,1.53676,1.69,1.13
2013.05.29 06:48:16.699,1.53655,1.53676,1.69,1.13
2013.05.29 06:48:17.235,1.53652,1.53674,2.82,1.13
2013.05.29 06:48:18.146,1.53652,1.53674,2.82,1.13
2013.05.29 06:48:18.325,1.53652,1.53674,2.82,1.13
2013.05.29 06:48:19.090,1.53652,1.53674,2.44,1.13
2013.05.29 06:48:19.768,1.53652,1.53674,2.44,1.13
2013.05.29 06:48:20.306,1.53651,1.53674,1.69,2.63
2013.05.29 06:48:25.295,1.5365,1.53673,4.69,2.25
2013.05.29 06:48:25.417,1.5365,1.53669,1.69,1.13
2013.05.29 06:48:25.785,1.53647,1.53668,2.44,1.13
2013.05.29 06:48:25.845,1.53647,1.53668,2.44,1.50
2013.05.29 06:48:26.379,1.53649,1.53671,2.44,2.63
2013.05.29 06:48:29.066,1.53649,1.53671,3.19,2.63
2013.05.29 06:48:30.342,1.53649,1.53671,3.19,2.25
2013.05.29 06:48:30.669,1.53651,1.53673,1.69,1.88
2013.05.29 06:48:31.195,1.5365,1.53672,2.44,1.50
2013.05.29 06:48:33.064,1.53651,1.53673,1.69,1.50
2013.05.29 06:48:33.755,1.53651,1.53673,1.69,1.50
2013.05.29 06:48:34.103,1.53654,1.53674,1.32,1.50
2013.05.29 06:48:35.726,1.53653,1.53673,1.32,1.50
2013.05.29 06:48:36.496,1.5366,1.53673,1.13,1.50
2013.05.29 06:48:36.616,1.53663,1.53681,1.50,1.50
2013.05.29 06:48:36.988,1.53661,1.53683,1.50,1.13
2013.05.29 06:48:37.415,1.53662,1.53683,2.44,1.13
2013.05.29 06:48:38.657,1.53662,1.53683,2.82,1.13
2013.05.29 06:48:40.456,1.53665,1.53685,1.32,1.88
2013.05.29 06:48:40.997,1.53666,1.53686,1.69,1.13
2013.05.29 06:48:41.376,1.53666,1.53688,1.69,2.63
2013.05.29 06:48:43.166,1.53667,1.53688,1.69,1.88
2013.05.29 06:48:43.285,1.53669,1.53688,2.44,1.13
2013.05.29 06:48:43.466,1.53675,1.537,2.44,3.00
2013.05.29 06:48:43.526,1.53683,1.537,1.50,2.25
2013.05.29 06:48:43.841,1.53684,1.537,1.69,1.13
2013.05.29 06:48:44.085,1.53684,1.53707,1.69,1.13
2013.05.29 06:48:45.197,1.53686,1.53707,1.69,1.13
2013.05.29 06:48:46.039,1.53688,1.53707,1.69,1.13
2013.05.29 06:48:46.347,1.53688,1.53703,1.69,1.13
2013.05.29 06:48:46.420,1.53688,1.53703,1.69,1.13
2013.05.29 06:48:46.608,1.53684,1.53703,1.69,3.38
2013.05.29 06:48:46.677,1.5368,1.53699,1.69,1.13
2013.05.29 06:48:46.739,1.53678,1.53699,2.44,1.88
2013.05.29 06:48:46.867,1.53678,1.53697,1.69,1.13
2013.05.29 06:48:47.465,1.5367,1.53693,2.07,1.88
2013.05.29 06:48:47.856,1.53677,1.53696,1.50,1.88
2013.05.29 06:48:48.226,1.53677,1.53696,1.50,1.50
2013.05.29 06:48:48.346,1.53676,1.53698,1.69,1.88
2013.05.29 06:48:48.466,1.53675,1.53697,3.19,1.13
2013.05.29 06:48:48.705,1.53676,1.53697,2.44,1.13
2013.05.29 06:48:48.767,1.53676,1.53695,1.69,1.13
2013.05.29 06:48:49.257,1.53676,1.53695,2.44,1.13
2013.05.29 06:48:49.806,1.53676,1.53695,1.69,1.13
2013.05.29 06:48:50.275,1.53677,1.537,3.19,2.63
2013.05.29 06:48:50.395,1.53679,1.537,1.69,2.63
2013.05.29 06:48:50.515,1.5368,1.53702,1.69,1.88
2013.05.29 06:48:50.758,1.5368,1.53702,1.69,1.13
2013.05.29 06:48:51.065,1.5368,1.53699,1.69,2.63
2013.05.29 06:48:51.967,1.53677,1.53697,1.69,1.13
2013.05.29 06:48:52.147,1.53674,1.53697,2.44,1.88
2013.05.29 06:48:52.579,1.53676,1.53697,1.69,1.88
2013.05.29 06:48:53.795,1.53679,1.53698,1.69,1.13
2013.05.29 06:48:53.863,1.53683,1.53698,1.69,1.13
2013.05.29 06:48:54.680,1.53684,1.53698,2.44,1.13
2013.05.29 06:48:56.666,1.5368,1.53697,1.69,1.13
2013.05.29 06:48:56.797,1.53681,1.53698,1.69,1.13
2013.05.29 06:48:57.296,1.53685,1.53704,1.69,3.00
2013.05.29 06:48:57.370,1.53688,1.53704,2.07,2.63
2013.05.29 06:48:57.557,1.53693,1.53711,1.69,2.25
2013.05.29 06:48:57.866,1.53705,1.53711,1.32,1.50
2013.05.29 06:48:58.287,1.53709,1.53719,1.69,5.63
2013.05.29 06:48:58.475,1.5371,1.53722,2.44,3.01
2013.05.29 06:48:58.597,1.53711,1.53729,1.50,2.25
2013.05.29 06:48:58.665,1.53712,1.53733,1.50,1.69
2013.05.29 06:48:58.785,1.53712,1.53734,1.50,1.69
2013.05.29 06:48:59.503,1.53712,1.53735,1.69,1.32
2013.05.29 06:48:59.651,1.53714,1.53735,1.88,1.32
2013.05.29 06:49:00.195,1.53714,1.53737,1.88,1.69
2013.05.29 06:49:00.745,1.53714,1.53735,1.13,1.69
2013.05.29 06:49:01.045,1.53715,1.53733,1.50,1.50
2013.05.29 06:49:01.726,1.53715,1.53735,1.50,1.69
2013.05.29 06:49:02.085,1.53718,1.53737,1.50,2.44
2013.05.29 06:49:02.205,1.53715,1.53737,1.50,1.69
2013.05.29 06:49:02.809,1.53715,1.53736,2.25,1.69
2013.05.29 06:49:03.356,1.53711,1.53733,1.50,1.69
2013.05.29 06:49:03.415,1.53711,1.53731,1.50,1.50
2013.05.29 06:49:03.954,1.53712,1.53731,1.50,1.50
2013.05.29 06:49:04.745,1.53712,1.53733,1.50,1.69
2013.05.29 06:49:05.186,1.53712,1.53733,1.50,1.69
2013.05.29 06:49:05.735,1.53712,1.53733,1.50,1.69
2013.05.29 06:49:06.036,1.53714,1.53734,1.50,2.44
2013.05.29 06:49:07.467,1.53713,1.53734,1.13,2.44
2013.05.29 06:49:08.116,1.53713,1.53731,1.13,1.50
2013.05.29 06:49:08.202,1.53708,1.53729,1.50,1.88
2013.05.29 06:49:08.396,1.53705,1.53727,2.44,1.13
2013.05.29 06:49:09.029,1.53705,1.53724,1.13,2.63
2013.05.29 06:49:09.334,1.53702,1.53724,1.88,2.63
2013.05.29 06:49:10.264,1.53706,1.53724,1.13,2.25
2013.05.29 06:49:10.384,1.53704,1.53727,1.50,2.25
2013.05.29 06:49:10.505,1.53704,1.53729,1.50,2.44
2013.05.29 06:49:10.565,1.53708,1.53728,1.13,1.32
2013.05.29 06:49:11.168,1.53708,1.53729,1.88,1.69
2013.05.29 06:49:11.486,1.53709,1.53726,1.50,1.50
2013.05.29 06:49:11.666,1.53709,1.53726,1.50,1.50
2013.05.29 06:49:12.234,1.53709,1.53727,1.50,1.50
2013.05.29 06:49:14.914,1.53709,1.53727,1.13,1.88
2013.05.29 06:49:15.095,1.53709,1.53726,1.13,1.50
2013.05.29 06:49:15.276,1.53704,1.53725,1.69,1.50
2013.05.29 06:49:15.525,1.53705,1.53726,1.88,1.50
2013.05.29 06:49:16.304,1.53705,1.53729,1.88,1.69
2013.05.29 06:49:18.175,1.53706,1.53728,1.50,1.50
2013.05.29 06:49:18.535,1.53703,1.53721,1.13,1.69
2013.05.29 06:49:19.036,1.53703,1.53719,1.13,1.50
2013.05.29 06:49:19.167,1.53703,1.53722,1.13,1.69
2013.05.29 06:49:19.724,1.53702,1.53725,1.88,1.69
2013.05.29 06:49:21.351,1.53702,1.53722,1.13,1.32
2013.05.29 06:49:21.727,1.53699,1.53719,1.50,2.25
2013.05.29 06:49:21.916,1.53699,1.53721,1.88,1.32
2013.05.29 06:49:21.976,1.537,1.53721,1.13,1.32
2013.05.29 06:49:23.718,1.53701,1.5372,1.13,1.50
2013.05.29 06:49:24.295,1.53701,1.5372,1.13,1.50
2013.05.29 06:49:26.669,1.53694,1.53714,1.13,1.88
2013.05.29 06:49:26.735,1.53693,1.53714,1.69,1.88
2013.05.29 06:49:27.133,1.53693,1.53717,2.82,1.13
2013.05.29 06:49:27.255,1.53693,1.53717,2.07,1.13
2013.05.29 06:49:27.314,1.53696,1.53717,1.13,1.13
2013.05.29 06:49:27.618,1.53698,1.5372,2.25,2.07
2013.05.29 06:49:27.803,1.53699,1.53721,1.32,1.13
2013.05.29 06:49:27.864,1.53701,1.53721,1.13,1.13
2013.05.29 06:49:28.104,1.53704,1.53728,1.32,2.44
2013.05.29 06:49:28.165,1.53705,1.53729,1.32,2.07
2013.05.29 06:49:28.524,1.53706,1.53729,1.88,2.07
2013.05.29 06:49:29.123,1.53706,1.53725,1.13,2.25
2013.05.29 06:49:30.204,1.53705,1.53725,1.13,2.44
2013.05.29 06:49:30.264,1.53705,1.53721,1.13,1.50
2013.05.29 06:49:30.575,1.53702,1.53719,1.32,1.13
2013.05.29 06:49:30.945,1.53702,1.53717,1.13,1.50
2013.05.29 06:49:31.005,1.53693,1.53716,2.63,2.25
2013.05.29 06:49:31.555,1.53692,1.53714,1.20,2.44
2013.05.29 06:49:31.976,1.53695,1.53716,1.50,1.69
2013.05.29 06:49:32.095,1.53695,1.53715,1.88,1.69
2013.05.29 06:49:33.014,1.53696,1.53718,1.50,1.50
2013.05.29 06:49:34.154,1.53696,1.5372,1.50,3.19
2013.05.29 06:49:34.695,1.53696,1.5372,1.50,1.69
2013.05.29 06:49:35.225,1.53696,1.53721,2.82,2.63
2013.05.29 06:49:35.585,1.537,1.53724,1.88,1.32
2013.05.29 06:49:41.495,1.53703,1.53724,1.50,2.82
2013.05.29 06:49:42.005,1.53703,1.53722,1.50,1.69
2013.05.29 06:49:42.246,1.53703,1.53725,2.63,1.69
2013.05.29 06:49:42.487,1.53704,1.53722,1.32,1.50
2013.05.29 06:49:42.616,1.53705,1.53725,1.13,1.69
2013.05.29 06:49:43.146,1.53706,1.53726,1.88,1.69
2013.05.29 06:49:44.185,1.53704,1.53726,1.13,1.69
2013.05.29 06:49:44.364,1.53706,1.53727,3.00,2.25
2013.05.29 06:49:44.783,1.5371,1.5373,1.13,3.19
2013.05.29 06:49:45.034,1.53707,1.53728,1.50,1.32
2013.05.29 06:49:45.155,1.53707,1.53727,1.50,3.38
2013.05.29 06:49:45.455,1.53706,1.53726,1.13,1.50
2013.05.29 06:49:45.575,1.53706,1.53725,1.13,1.50
2013.05.29 06:49:46.176,1.53703,1.53724,2.44,2.25
2013.05.29 06:49:46.245,1.53706,1.53724,1.13,2.25
2013.05.29 06:49:48.466,1.53706,1.53724,1.88,1.50
2013.05.29 06:49:50.285,1.53704,1.53726,1.13,2.44
2013.05.29 06:49:52.047,1.53704,1.53726,1.50,1.69
2013.05.29 06:49:52.795,1.53704,1.53726,1.88,1.69
2013.05.29 06:49:52.917,1.53704,1.53727,1.13,3.57
2013.05.29 06:49:53.464,1.53704,1.53726,1.50,1.69
2013.05.29 06:49:53.705,1.53705,1.53727,1.50,1.69
2013.05.29 06:49:53.767,1.53706,1.53729,1.13,1.69
2013.05.29 06:49:53.896,1.53706,1.5373,1.88,2.44
2013.05.29 06:49:54.075,1.53705,1.5373,1.50,3.19
2013.05.29 06:49:55.416,1.53705,1.53726,1.13,1.13
2013.05.29 06:49:55.776,1.53708,1.53729,1.50,1.69
2013.05.29 06:49:57.015,1.53709,1.53732,1.13,3.19
2013.05.29 06:49:57.256,1.5371,1.53732,1.88,1.69
2013.05.29 06:50:02.454,1.5371,1.53732,1.50,1.69
2013.05.29 06:50:05.085,1.53711,1.53733,1.13,2.44
2013.05.29 06:50:09.346,1.53713,1.53731,1.50,1.32
2013.05.29 06:50:09.406,1.53707,1.53731,3.38,1.32
2013.05.29 06:50:09.525,1.53706,1.53722,1.88,1.13
2013.05.29 06:50:09.591,1.53704,1.53722,1.13,1.13
2013.05.29 06:50:10.327,1.53704,1.53727,1.88,1.32
2013.05.29 06:50:11.274,1.53704,1.53727,1.50,1.32
2013.05.29 06:50:11.575,1.53702,1.53725,2.07,1.50
2013.05.29 06:50:13.006,1.53707,1.53727,1.50,1.13
2013.05.29 06:50:13.185,1.53707,1.53731,1.50,3.19
2013.05.29 06:50:13.365,1.53708,1.53732,1.50,3.94
2013.05.29 06:50:13.685,1.5371,1.53735,2.25,2.44
2013.05.29 06:50:13.746,1.5371,1.53735,1.50,1.69
2013.05.29 06:50:13.865,1.53707,1.53733,2.25,1.32
2013.05.29 06:50:13.926,1.53707,1.53731,1.50,1.69
2013.05.29 06:50:14.226,1.53703,1.53728,1.69,2.44
2013.05.29 06:50:14.655,1.53703,1.53727,2.44,1.13
2013.05.29 06:50:15.014,1.53703,1.53725,1.69,1.50
2013.05.29 06:50:15.315,1.53703,1.53722,1.69,1.13
2013.05.29 06:50:15.856,1.53702,1.53724,1.13,1.69
2013.05.29 06:50:16.355,1.53704,1.53725,2.07,1.13
2013.05.29 06:50:16.476,1.53704,1.53729,1.88,1.69
2013.05.29 06:50:16.594,1.53706,1.53729,1.50,1.69
2013.05.29 06:50:17.135,1.53707,1.5373,1.50,1.69
2013.05.29 06:50:17.674,1.53709,1.5373,1.50,1.69
2013.05.29 06:50:17.986,1.53709,1.5373,1.50,1.69
2013.05.29 06:50:20.075,1.53709,1.5373,1.50,1.69
2013.05.29 06:50:20.195,1.5371,1.53734,1.50,4.69
2013.05.29 06:50:20.315,1.5371,1.53734,1.50,3.19
2013.05.29 06:50:20.816,1.5371,1.53732,2.25,1.69
2013.05.29 06:50:21.622,1.53712,1.53734,1.69,1.50
2013.05.29 06:50:21.758,1.53716,1.53738,1.13,3.57
2013.05.29 06:50:23.335,1.53718,1.53738,1.13,2.82
2013.05.29 06:50:24.551,1.53718,1.53739,1.13,1.69
2013.05.29 06:50:24.795,1.53721,1.53742,2.63,1.69
2013.05.29 06:50:25.098,1.5372,1.53744,1.50,1.69
2013.05.29 06:50:25.646,1.53721,1.53742,1.50,1.69
2013.05.29 06:50:26.018,1.53721,1.53742,1.50,1.69
2013.05.29 06:50:26.444,1.53721,1.53744,2.63,1.69
2013.05.29 06:50:26.884,1.53723,1.53745,1.50,2.44
2013.05.29 06:50:28.005,1.53723,1.53745,1.50,1.69
2013.05.29 06:50:28.384,1.53723,1.53745,1.50,1.69
2013.05.29 06:50:29.093,1.53723,1.53745,1.50,1.69
2013.05.29 06:50:29.785,1.53725,1.53745,1.13,1.69
2013.05.29 06:50:29.964,1.53725,1.53745,1.13,1.32
2013.05.29 06:50:30.084,1.53725,1.53745,1.13,2.07
2013.05.29 06:50:33.005,1.53721,1.53745,2.07,2.07
2013.05.29 06:50:33.126,1.53721,1.53745,2.07,2.07
2013.05.29 06:50:33.365,1.53718,1.53741,1.88,1.69
2013.05.29 06:50:33.425,1.53718,1.5374,1.50,2.82
2013.05.29 06:50:33.965,1.53716,1.53735,2.07,1.13
2013.05.29 06:50:34.823,1.53717,1.53735,1.32,1.13
2013.05.29 06:50:36.865,1.53718,1.53735,1.88,1.13
2013.05.29 06:50:36.985,1.53719,1.53744,1.50,2.44
2013.05.29 06:50:37.285,1.53721,1.53744,1.13,1.69
2013.05.29 06:50:37.746,1.53721,1.53745,3.38,2.07
2013.05.29 06:50:38.274,1.53723,1.53745,1.13,1.32
2013.05.29 06:50:38.856,1.53723,1.53751,1.13,2.44
2013.05.29 06:50:39.385,1.53723,1.53747,1.88,2.44
2013.05.29 06:50:39.785,1.53725,1.53747,1.13,2.44
2013.05.29 06:50:41.564,1.53725,1.53748,1.32,1.32
2013.05.29 06:50:43.374,1.53726,1.53748,1.13,1.32
2013.05.29 06:50:44.207,1.53726,1.53748,1.13,1.32
2013.05.29 06:50:44.485,1.53726,1.53748,1.13,1.32
2013.05.29 06:50:44.687,1.53726,1.53748,1.13,1.32
2013.05.29 06:50:46.646,1.53727,1.5375,1.50,2.44
2013.05.29 06:50:46.946,1.53725,1.53745,2.82,1.13
2013.05.29 06:50:47.125,1.53727,1.53745,1.13,1.13
2013.05.29 06:50:47.595,1.5373,1.53745,2.63,1.13
2013.05.29 06:50:47.836,1.53732,1.53752,1.13,1.32
2013.05.29 06:50:48.855,1.53732,1.53753,1.13,1.32
2013.05.29 06:50:49.956,1.5373,1.53753,1.13,1.69
2013.05.29 06:50:50.425,1.5373,1.5375,1.13,1.88
2013.05.29 06:50:50.485,1.5373,1.5375,1.13,1.88
2013.05.29 06:50:50.665,1.5373,1.53749,1.13,1.50
2013.05.29 06:50:51.477,1.53727,1.53749,1.69,1.50
2013.05.29 06:50:52.347,1.5373,1.53752,1.50,1.32
2013.05.29 06:50:52.405,1.5373,1.53754,1.88,1.69
2013.05.29 06:50:52.946,1.53733,1.53755,1.50,1.13
2013.05.29 06:50:53.066,1.53733,1.53755,1.50,1.13
2013.05.29 06:50:55.465,1.53734,1.53759,2.07,1.69
2013.05.29 06:50:55.825,1.53735,1.5376,2.25,1.32
2013.05.29 06:50:56.326,1.53737,1.53764,2.63,3.19
2013.05.29 06:50:56.869,1.53737,1.53764,2.63,3.19
2013.05.29 06:50:57.389,1.53737,1.53761,1.13,2.44
2013.05.29 06:51:00.605,1.53736,1.53761,1.69,1.69
2013.05.29 06:51:01.124,1.53736,1.53761,1.69,1.69
2013.05.29 06:51:02.811,1.53739,1.53761,1.13,1.69
2013.05.29 06:51:03.345,1.53737,1.53762,1.50,1.69
2013.05.29 06:51:03.525,1.53737,1.53763,3.19,1.69
2013.05.29 06:51:04.272,1.53738,1.53761,2.82,1.50
2013.05.29 06:51:04.585,1.53738,1.5376,2.44,1.50
2013.05.29 06:51:04.945,1.53744,1.53767,1.50,1.69
2013.05.29 06:51:05.066,1.53744,1.53768,1.13,1.69
2013.05.29 06:51:05.375,1.53744,1.53769,1.88,4.32
2013.05.29 06:51:07.066,1.53758,1.53767,1.13,1.50
2013.05.29 06:51:07.247,1.53766,1.53776,1.50,3.94
2013.05.29 06:51:07.889,1.53765,1.53786,1.13,2.44
2013.05.29 06:51:07.959,1.53765,1.53784,1.13,1.69
2013.05.29 06:51:08.504,1.53763,1.53784,1.50,1.69
2013.05.29 06:51:08.805,1.53767,1.53786,1.50,1.50
2013.05.29 06:51:08.865,1.53766,1.53787,1.50,1.69
2013.05.29 06:51:09.165,1.53763,1.53788,1.69,1.69
2013.05.29 06:51:09.224,1.53764,1.53785,1.32,1.50
2013.05.29 06:51:09.525,1.53769,1.53789,1.13,1.69
2013.05.29 06:51:09.848,1.5376,1.53784,1.50,2.44
2013.05.29 06:51:09.915,1.53758,1.5378,2.07,1.50
2013.05.29 06:51:10.781,1.53749,1.5377,1.50,3.00
2013.05.29 06:51:11.086,1.53753,1.5377,1.13,1.50
2013.05.29 06:51:11.206,1.53753,1.53772,1.13,1.69
2013.05.29 06:51:11.527,1.5375,1.53771,1.13,1.50
2013.05.29 06:51:12.074,1.53749,1.53771,1.13,1.50
2013.05.29 06:51:12.586,1.5375,1.5377,1.13,2.63
2013.05.29 06:51:12.716,1.53743,1.53761,1.77,1.50
2013.05.29 06:51:12.777,1.53741,1.53761,2.07,1.50
2013.05.29 06:51:12.965,1.53736,1.53759,2.44,1.13
2013.05.29 06:51:13.147,1.53738,1.53758,1.13,1.50
2013.05.29 06:51:13.326,1.5374,1.5376,1.50,1.13
2013.05.29 06:51:13.895,1.53736,1.5376,1.77,2.25
2013.05.29 06:51:14.446,1.53734,1.53756,2.44,1.13
2013.05.29 06:51:14.712,1.53732,1.53756,2.44,1.88
2013.05.29 06:51:15.146,1.53732,1.53756,1.69,2.63
2013.05.29 06:51:15.686,1.53731,1.53756,2.82,1.88
2013.05.29 06:51:16.215,1.53731,1.53756,2.44,1.88
2013.05.29 06:51:16.695,1.53731,1.53755,1.69,1.88
2013.05.29 06:51:16.944,1.53731,1.53755,1.69,1.88
2013.05.29 06:51:17.306,1.5373,1.53755,3.19,1.88
2013.05.29 06:51:17.887,1.5373,1.53755,3.94,1.13
2013.05.29 06:51:19.366,1.5373,1.53755,3.94,2.82
2013.05.29 06:51:20.535,1.53731,1.53755,1.69,2.07
2013.05.29 06:51:24.657,1.53732,1.53755,1.69,1.32
2013.05.29 06:51:25.995,1.53733,1.53758,2.63,3.19
2013.05.29 06:51:26.375,1.53731,1.53755,1.69,2.44
2013.05.29 06:51:26.495,1.53731,1.53753,1.69,1.50
2013.05.29 06:51:27.646,1.53735,1.53753,1.50,1.50
2013.05.29 06:51:27.766,1.53736,1.53757,1.13,1.50
2013.05.29 06:51:27.884,1.53733,1.53759,3.57,1.32
2013.05.29 06:51:29.348,1.53733,1.53755,1.88,1.69
2013.05.29 06:51:29.476,1.5373,1.5375,1.58,1.13
2013.05.29 06:51:29.595,1.53726,1.53749,2.44,1.50
2013.05.29 06:51:29.739,1.53725,1.53745,1.88,1.13
2013.05.29 06:51:30.246,1.53722,1.53745,3.19,1.13
2013.05.29 06:51:30.845,1.53721,1.53742,1.69,1.13
2013.05.29 06:51:30.965,1.5372,1.53742,1.69,1.13
2013.05.29 06:51:31.205,1.53719,1.53743,1.69,2.44
2013.05.29 06:51:31.679,1.5372,1.53743,1.69,2.44
2013.05.29 06:51:40.525,1.5372,1.53742,1.69,1.13
2013.05.29 06:51:40.646,1.53718,1.53742,1.88,2.07
2013.05.29 06:51:40.764,1.53718,1.53742,1.13,2.82
2013.05.29 06:51:41.454,1.53718,1.53742,1.13,2.82
2013.05.29 06:51:42.125,1.53717,1.53742,1.69,2.07
2013.05.29 06:51:42.374,1.53717,1.53742,1.69,1.32
2013.05.29 06:51:42.735,1.53716,1.53741,2.44,2.25
2013.05.29 06:51:47.046,1.53716,1.53741,2.44,3.00
2013.05.29 06:51:47.366,1.53713,1.53736,1.69,1.50
2013.05.29 06:51:47.546,1.53708,1.53731,1.13,1.13
2013.05.29 06:51:47.617,1.53706,1.53731,2.82,1.13
2013.05.29 06:51:47.685,1.53706,1.5373,2.07,2.25
2013.05.29 06:51:48.244,1.53705,1.53728,2.44,1.13
2013.05.29 06:51:48.795,1.53701,1.53726,1.69,2.25
2013.05.29 06:51:49.164,1.53701,1.53726,1.69,2.44
2013.05.29 06:51:49.794,1.53701,1.53726,2.44,2.44
2013.05.29 06:51:50.155,1.53701,1.53719,1.69,1.13
2013.05.29 06:51:50.275,1.53697,1.53719,2.44,1.88
2013.05.29 06:51:50.397,1.53697,1.53718,1.69,3.00
2013.05.29 06:51:51.015,1.53695,1.53719,1.32,1.13
2013.05.29 06:51:51.435,1.53697,1.53721,2.44,2.25
2013.05.29 06:51:52.166,1.53697,1.53719,2.44,1.50
2013.05.29 06:51:53.146,1.53697,1.53722,2.44,2.25
2013.05.29 06:51:54.566,1.53701,1.53722,1.50,1.50
2013.05.29 06:51:55.068,1.53699,1.53722,1.69,1.50
2013.05.29 06:51:55.374,1.53699,1.53721,1.69,1.50
2013.05.29 06:51:56.505,1.53701,1.53723,1.69,1.50
2013.05.29 06:51:56.565,1.53701,1.53724,1.69,2.44
2013.05.29 06:51:56.685,1.53703,1.53726,1.13,2.82
2013.05.29 06:51:56.865,1.53707,1.5373,1.88,1.50
2013.05.29 06:51:56.926,1.53707,1.53732,1.88,1.69
2013.05.29 06:51:57.464,1.53707,1.53733,1.88,4.32
2013.05.29 06:51:58.376,1.53707,1.53732,1.50,1.32
2013.05.29 06:51:58.558,1.53706,1.5373,1.69,1.13
2013.05.29 06:51:59.114,1.53706,1.5373,1.69,1.13
2013.05.29 06:52:00.117,1.53706,1.53729,1.69,2.63
2013.05.29 06:52:00.247,1.53703,1.53727,2.82,1.50
2013.05.29 06:52:00.317,1.53703,1.53726,2.82,1.50
2013.05.29 06:52:00.686,1.53703,1.53726,1.88,1.69
2013.05.29 06:52:00.867,1.53703,1.53725,1.88,1.69
2013.05.29 06:52:01.417,1.53703,1.53722,1.13,1.50
2013.05.29 06:52:02.595,1.53702,1.53725,2.07,2.44
2013.05.29 06:52:03.316,1.53703,1.53725,1.13,1.50
2013.05.29 06:52:03.686,1.53703,1.53727,2.63,1.69
2013.05.29 06:52:04.105,1.53702,1.53725,1.13,1.50
2013.05.29 06:52:04.415,1.5371,1.5373,1.50,1.69
2013.05.29 06:52:04.774,1.53707,1.53729,1.50,1.32
2013.05.29 06:52:04.834,1.53703,1.53727,1.32,1.50
2013.05.29 06:52:04.900,1.53703,1.53726,1.32,1.50
2013.05.29 06:52:05.445,1.53702,1.53724,1.13,1.69
2013.05.29 06:52:08.406,1.53702,1.53723,1.13,1.13
2013.05.29 06:52:08.604,1.53702,1.53723,1.88,1.13
2013.05.29 06:52:08.965,1.53707,1.53723,1.13,1.13
2013.05.29 06:52:09.516,1.53707,1.5373,1.13,2.07
2013.05.29 06:52:11.099,1.53705,1.5373,1.50,2.82
2013.05.29 06:52:11.664,1.53704,1.53729,1.50,1.69
2013.05.29 06:52:12.806,1.53705,1.5373,2.25,1.69
2013.05.29 06:52:16.584,1.53705,1.53731,2.44,1.69
2013.05.29 06:52:17.195,1.53707,1.53731,1.13,1.32
2013.05.29 06:52:20.275,1.53708,1.53732,2.25,1.69
2013.05.29 06:52:20.635,1.53711,1.53734,2.25,1.32
2013.05.29 06:52:20.756,1.53707,1.5373,1.58,1.69
2013.05.29 06:52:20.816,1.53706,1.53729,1.95,2.25
2013.05.29 06:52:21.117,1.53706,1.53727,1.13,1.50
2013.05.29 06:52:21.365,1.53703,1.53727,2.33,1.50
2013.05.29 06:52:21.905,1.53707,1.53727,1.88,1.50
2013.05.29 06:52:23.776,1.53709,1.53731,1.50,2.44
2013.05.29 06:52:24.206,1.53713,1.53731,1.13,1.69
2013.05.29 06:52:24.337,1.53716,1.53737,1.13,2.44
2013.05.29 06:52:24.845,1.53717,1.53738,1.50,1.69
2013.05.29 06:52:25.455,1.53716,1.53738,1.88,1.69
2013.05.29 06:52:25.826,1.53713,1.53739,3.08,2.07
2013.05.29 06:52:25.946,1.53713,1.53734,1.95,1.50
2013.05.29 06:52:26.005,1.53713,1.53734,1.13,1.50
2013.05.29 06:52:26.126,1.53711,1.53734,1.69,1.50
2013.05.29 06:52:26.965,1.5371,1.53734,1.13,2.44
2013.05.29 06:52:27.405,1.53709,1.53728,1.13,1.32
2013.05.29 06:52:27.584,1.53699,1.53721,1.32,1.88
2013.05.29 06:52:28.226,1.53699,1.53722,2.44,1.50
2013.05.29 06:52:28.355,1.53699,1.53724,2.44,1.50
2013.05.29 06:52:28.815,1.537,1.53725,1.69,1.13
2013.05.29 06:52:29.175,1.53699,1.53725,3.19,1.32
2013.05.29 06:52:29.595,1.537,1.53725,1.50,1.32
2013.05.29 06:52:30.085,1.53699,1.5372,1.32,1.13
2013.05.29 06:52:32.706,1.53699,1.5372,1.50,1.50
2013.05.29 06:52:33.065,1.53704,1.53727,2.25,1.32
2013.05.29 06:52:35.168,1.53704,1.5373,3.38,1.69
2013.05.29 06:52:36.437,1.53704,1.53729,1.88,1.69
2013.05.29 06:52:36.876,1.53704,1.53728,1.88,1.32
2013.05.29 06:52:37.444,1.53704,1.53725,1.13,1.88
2013.05.29 06:52:39.265,1.53703,1.53725,2.25,1.88
2013.05.29 06:52:39.746,1.53706,1.5373,1.13,3.57
2013.05.29 06:52:41.375,1.53705,1.53729,3.00,1.69
2013.05.29 06:52:42.107,1.53705,1.53728,2.25,1.69
2013.05.29 06:52:42.415,1.53704,1.53727,1.50,2.44
2013.05.29 06:52:44.295,1.53705,1.53729,1.50,2.07
2013.05.29 06:52:44.654,1.53701,1.53726,1.50,2.82
2013.05.29 06:52:44.775,1.53701,1.53726,1.50,2.82
2013.05.29 06:52:45.405,1.53702,1.53726,1.50,2.07
2013.05.29 06:52:45.785,1.53705,1.53729,1.50,1.69
2013.05.29 06:52:46.035,1.53704,1.53726,1.88,1.32
2013.05.29 06:52:47.917,1.53704,1.53726,1.88,1.32
2013.05.29 06:52:49.234,1.53703,1.53727,1.13,1.32
2013.05.29 06:52:51.566,1.53704,1.53728,1.88,2.44
2013.05.29 06:52:51.744,1.53704,1.5373,2.25,2.44
2013.05.29 06:52:51.925,1.53704,1.5373,2.25,2.44
2013.05.29 06:52:52.464,1.53704,1.53728,1.50,1.69
2013.05.29 06:52:59.815,1.53703,1.53727,1.32,2.44
2013.05.29 06:52:59.998,1.53703,1.53725,1.13,1.69
2013.05.29 06:53:00.186,1.537,1.53725,1.88,2.07
2013.05.29 06:53:00.735,1.537,1.53721,1.13,1.69
2013.05.29 06:53:01.247,1.537,1.53721,1.13,1.69
2013.05.29 06:53:02.764,1.537,1.53721,1.88,1.69
2013.05.29 06:53:03.377,1.537,1.53721,1.88,1.69
2013.05.29 06:53:04.058,1.537,1.53721,1.88,1.69
2013.05.29 06:53:04.985,1.537,1.53721,1.88,1.69
2013.05.29 06:53:06.305,1.537,1.53721,1.13,1.69
2013.05.29 06:53:07.280,1.537,1.53721,1.13,1.69
2013.05.29 06:53:08.575,1.537,1.53721,1.13,1.50
2013.05.29 06:53:08.935,1.53703,1.53725,1.13,1.32
2013.05.29 06:53:11.886,1.53703,1.53726,1.13,1.69
2013.05.29 06:53:14.164,1.53706,1.53726,1.50,1.69
2013.05.29 06:53:15.255,1.53712,1.53731,1.13,1.69
2013.05.29 06:53:16.055,1.53712,1.53731,1.50,1.69
2013.05.29 06:53:16.535,1.53712,1.53731,1.50,1.69
2013.05.29 06:53:26.530,1.53712,1.53733,1.13,3.19
2013.05.29 06:53:29.186,1.53712,1.53733,1.50,1.69
2013.05.29 06:53:33.946,1.53712,1.53735,2.63,1.69
2013.05.29 06:53:35.018,1.53712,1.53735,2.63,1.69
2013.05.29 06:53:37.246,1.53712,1.53735,2.25,1.69
2013.05.29 06:53:37.708,1.53712,1.53733,1.13,1.32
2013.05.29 06:53:38.014,1.53712,1.5373,1.13,1.50
2013.05.29 06:53:38.195,1.53712,1.53732,1.13,1.32
2013.05.29 06:53:38.685,1.53714,1.53734,1.50,2.07
2013.05.29 06:53:39.045,1.53714,1.53734,1.50,1.69
2013.05.29 06:53:40.548,1.53714,1.53737,2.63,2.07
2013.05.29 06:53:40.677,1.53714,1.53737,1.88,3.94
2013.05.29 06:53:40.746,1.53713,1.53736,2.25,1.69
2013.05.29 06:53:40.866,1.53714,1.53736,1.13,1.69
2013.05.29 06:53:41.355,1.53716,1.53736,1.50,1.69
2013.05.29 06:53:41.535,1.53716,1.53739,1.50,1.69
2013.05.29 06:53:42.471,1.53718,1.53741,1.50,1.69
2013.05.29 06:53:42.835,1.53718,1.5374,1.50,1.32
2013.05.29 06:53:43.074,1.53715,1.53736,1.88,1.69
2013.05.29 06:53:43.330,1.53715,1.53736,1.13,2.44
2013.05.29 06:53:43.455,1.5371,1.53736,4.13,2.44
2013.05.29 06:53:45.086,1.53711,1.53736,1.13,2.44
2013.05.29 06:53:45.947,1.5371,1.53735,2.63,3.19
2013.05.29 06:53:46.455,1.53712,1.53737,1.13,1.69
2013.05.29 06:53:46.699,1.53716,1.53736,1.13,1.69
2013.05.29 06:53:47.185,1.5372,1.53738,1.13,3.19
2013.05.29 06:53:47.368,1.5372,1.53738,1.13,1.69
2013.05.29 06:53:48.216,1.53716,1.53738,1.50,1.69
2013.05.29 06:53:48.395,1.53716,1.53736,1.13,2.44
2013.05.29 06:53:48.635,1.53709,1.53732,2.63,2.07
2013.05.29 06:53:48.756,1.53709,1.5373,1.13,1.50
2013.05.29 06:53:48.995,1.53702,1.53727,1.50,2.07
2013.05.29 06:53:49.514,1.53701,1.53727,1.88,2.07
2013.05.29 06:53:50.417,1.53701,1.53726,1.13,3.19
2013.05.29 06:53:50.976,1.53701,1.53725,1.13,1.69
2013.05.29 06:53:54.165,1.53701,1.53725,1.50,1.69
2013.05.29 06:53:54.646,1.53701,1.53725,1.50,1.69
2013.05.29 06:53:57.135,1.53701,1.53726,1.88,2.44
2013.05.29 06:54:00.125,1.53702,1.53726,1.32,1.50
2013.05.29 06:54:00.435,1.53707,1.5373,2.25,1.88
2013.05.29 06:54:00.675,1.53709,1.53734,1.69,1.32
2013.05.29 06:54:01.214,1.53709,1.53734,1.69,2.07
2013.05.29 06:54:01.474,1.53709,1.53734,2.82,1.32
2013.05.29 06:54:02.624,1.53711,1.53734,1.13,1.32
2013.05.29 06:54:02.925,1.53709,1.53731,1.69,1.50
2013.05.29 06:54:03.284,1.53706,1.53728,1.50,2.44
2013.05.29 06:54:03.825,1.53707,1.5373,1.88,2.07
2013.05.29 06:54:04.365,1.53707,1.5373,1.88,2.07
2013.05.29 06:54:04.991,1.53707,1.53731,1.88,1.69
2013.05.29 06:54:13.476,1.53708,1.53729,1.13,1.32
2013.05.29 06:54:13.774,1.53708,1.53731,1.88,2.44
2013.05.29 06:54:15.938,1.53708,1.53731,2.63,1.69
2013.05.29 06:54:16.426,1.53708,1.53731,1.88,3.57
2013.05.29 06:54:16.785,1.53707,1.53726,1.13,1.32
2013.05.29 06:54:17.506,1.53705,1.53726,1.13,1.32
2013.05.29 06:54:18.066,1.53705,1.53726,1.13,1.32
2013.05.29 06:54:18.186,1.53707,1.5373,1.50,1.32
2013.05.29 06:54:18.245,1.53707,1.53731,1.50,2.44
2013.05.29 06:54:18.485,1.5371,1.53732,1.50,1.69
2013.05.29 06:54:18.606,1.53711,1.53735,1.50,1.69
2013.05.29 06:54:19.279,1.53712,1.53737,2.25,1.69
2013.05.29 06:54:19.931,1.53713,1.53737,1.50,1.69
2013.05.29 06:54:20.496,1.53714,1.53738,2.25,2.44
2013.05.29 06:54:20.854,1.53714,1.53737,1.88,1.69
2013.05.29 06:54:23.625,1.53714,1.53737,1.88,1.69
2013.05.29 06:54:23.926,1.53707,1.53727,1.50,1.13
2013.05.29 06:54:23.986,1.53705,1.53727,1.32,1.13
2013.05.29 06:54:24.107,1.53705,1.53729,2.07,1.13
2013.05.29 06:54:24.236,1.53707,1.53731,1.50,1.32
2013.05.29 06:54:25.085,1.53709,1.53733,1.50,2.44
2013.05.29 06:54:26.695,1.5371,1.53732,1.50,1.69
2013.05.29 06:54:26.995,1.53707,1.53728,2.25,1.50
2013.05.29 06:54:27.176,1.53707,1.53726,2.25,1.13
2013.05.29 06:54:27.742,1.53708,1.53729,1.13,1.69
2013.05.29 06:54:28.436,1.53712,1.53729,1.13,1.32
2013.05.29 06:54:28.496,1.53712,1.53733,1.13,1.69
2013.05.29 06:54:28.675,1.53712,1.53737,2.63,2.07
2013.05.29 06:54:28.734,1.53712,1.53737,2.63,1.32
2013.05.29 06:54:29.365,1.53712,1.53737,2.63,1.32
2013.05.29 06:54:30.095,1.53712,1.53737,3.00,1.32
2013.05.29 06:54:31.005,1.53712,1.53736,1.50,1.69
2013.05.29 06:54:31.134,1.53712,1.53736,1.50,1.69
2013.05.29 06:54:31.196,1.53712,1.53736,1.13,1.69
2013.05.29 06:54:31.436,1.5371,1.53734,3.00,1.69
2013.05.29 06:54:32.098,1.53713,1.53736,1.50,1.32
2013.05.29 06:54:32.404,1.53718,1.53739,1.50,1.32
2013.05.29 06:54:33.126,1.53718,1.53741,1.50,2.44
2013.05.29 06:54:35.185,1.53718,1.53739,1.13,1.32
2013.05.29 06:54:35.496,1.53723,1.53744,1.13,1.69
2013.05.29 06:54:35.988,1.53724,1.53749,2.07,2.07
2013.05.29 06:54:36.308,1.53725,1.53749,2.25,1.32
2013.05.29 06:54:40.226,1.53728,1.5375,1.50,1.32
2013.05.29 06:54:40.705,1.53727,1.53746,1.13,1.32
2013.05.29 06:54:41.524,1.53725,1.53746,1.50,1.32
2013.05.29 06:54:41.705,1.53724,1.53747,1.50,1.69
2013.05.29 06:54:42.567,1.53719,1.53739,1.88,3.57
2013.05.29 06:54:42.650,1.53712,1.53737,2.82,1.88
2013.05.29 06:54:42.956,1.53715,1.53736,1.50,1.13
2013.05.29 06:54:43.135,1.53715,1.53739,1.50,1.32
2013.05.29 06:54:43.260,1.53717,1.53739,1.13,1.32
2013.05.29 06:54:43.805,1.5372,1.53739,1.50,1.13
2013.05.29 06:54:44.436,1.53719,1.53739,1.50,1.50
2013.05.29 06:54:44.558,1.53717,1.53736,1.50,1.13
2013.05.29 06:54:44.686,1.53717,1.53736,1.50,1.13
2013.05.29 06:54:45.825,1.53715,1.53736,2.07,1.13
2013.05.29 06:54:46.005,1.53714,1.53736,1.50,1.32
2013.05.29 06:54:48.075,1.53714,1.53736,1.13,1.32
2013.05.29 06:54:48.314,1.53713,1.53736,1.13,1.32
2013.05.29 06:54:48.879,1.53712,1.53736,2.44,1.32
2013.05.29 06:54:49.380,1.53713,1.53736,1.50,1.32
2013.05.29 06:54:49.880,1.53712,1.53736,2.25,1.32
2013.05.29 06:54:50.186,1.53712,1.53734,1.50,1.32
2013.05.29 06:54:50.724,1.5371,1.53732,2.44,1.13
2013.05.29 06:54:50.847,1.5371,1.53735,3.19,1.32
2013.05.29 06:54:50.965,1.53713,1.53735,1.50,1.32
2013.05.29 06:54:56.545,1.53714,1.53739,3.19,2.44
2013.05.29 06:54:56.785,1.53717,1.53742,1.50,1.32
2013.05.29 06:54:57.287,1.53718,1.53743,1.50,1.32
2013.05.29 06:54:57.787,1.5372,1.53744,1.13,1.69
2013.05.29 06:54:58.084,1.5372,1.53745,1.13,2.44
2013.05.29 06:54:58.585,1.5372,1.53745,1.13,3.94
2013.05.29 06:54:59.490,1.53721,1.53744,1.50,1.69
2013.05.29 06:54:59.736,1.53719,1.53742,1.50,2.44
2013.05.29 06:54:59.975,1.53719,1.5374,1.50,1.13
2013.05.29 06:55:00.337,1.53716,1.53738,1.69,1.13
2013.05.29 06:55:00.407,1.53714,1.53738,2.63,2.07
2013.05.29 06:55:00.716,1.53711,1.53735,1.69,1.88
2013.05.29 06:55:02.038,1.5371,1.53732,1.69,1.13
2013.05.29 06:55:02.120,1.53704,1.53726,1.50,3.38
2013.05.29 06:55:02.188,1.53702,1.53725,1.50,1.69
2013.05.29 06:55:02.375,1.53702,1.53723,1.50,1.32
2013.05.29 06:55:02.953,1.537,1.53723,1.13,2.82
2013.05.29 06:55:03.254,1.53698,1.53723,1.69,2.82
2013.05.29 06:55:04.117,1.53699,1.53725,2.44,1.69
2013.05.29 06:55:04.658,1.537,1.53726,2.25,2.44
2013.05.29 06:55:05.215,1.537,1.53726,2.44,2.44
2013.05.29 06:55:05.735,1.53703,1.53728,1.13,2.44
2013.05.29 06:55:07.154,1.53704,1.53729,1.50,1.32
2013.05.29 06:55:07.714,1.53704,1.53729,1.50,1.32
2013.05.29 06:55:08.615,1.53701,1.53727,2.25,2.07
2013.05.29 06:55:09.204,1.53702,1.53726,1.69,1.69
2013.05.29 06:55:10.527,1.53704,1.53727,1.50,2.07
2013.05.29 06:55:10.587,1.53707,1.53728,1.13,1.69
2013.05.29 06:55:10.645,1.53708,1.53733,1.50,2.07
2013.05.29 06:55:10.765,1.53708,1.53733,3.19,1.13
2013.05.29 06:55:10.826,1.53708,1.53733,3.94,1.13
2013.05.29 06:55:11.380,1.53706,1.53729,1.13,1.69
2013.05.29 06:55:11.924,1.53704,1.53728,1.69,1.88
2013.05.29 06:55:12.345,1.537,1.53726,3.57,1.13
2013.05.29 06:55:12.465,1.537,1.53723,2.44,1.13
2013.05.29 06:55:12.717,1.537,1.53726,3.57,2.07
2013.05.29 06:55:14.287,1.53703,1.53726,1.69,1.13
2013.05.29 06:55:14.857,1.53704,1.53726,1.50,1.13
2013.05.29 06:55:15.527,1.53703,1.53726,1.69,1.13
2013.05.29 06:55:18.207,1.53703,1.53728,1.69,1.32
2013.05.29 06:55:18.627,1.53705,1.5373,1.88,1.32
2013.05.29 06:55:18.758,1.53708,1.53731,2.25,1.13
2013.05.29 06:55:18.911,1.53709,1.53732,1.13,2.07
2013.05.29 06:55:19.217,1.53709,1.53727,1.50,1.32
2013.05.29 06:55:19.336,1.53703,1.53727,2.63,1.32
2013.05.29 06:55:19.396,1.53703,1.53725,1.88,1.88
2013.05.29 06:55:19.936,1.53701,1.53726,1.32,1.69
2013.05.29 06:55:19.995,1.53704,1.53726,1.50,1.69
2013.05.29 06:55:20.306,1.53708,1.53731,2.25,2.07
2013.05.29 06:55:20.856,1.53708,1.53727,2.25,2.25
2013.05.29 06:55:21.156,1.53706,1.53727,2.63,1.88
2013.05.29 06:55:21.336,1.53709,1.53727,1.50,1.13
2013.05.29 06:55:21.577,1.53714,1.53737,1.69,1.13
2013.05.29 06:55:21.705,1.53714,1.53735,1.69,1.50
2013.05.29 06:55:21.825,1.53714,1.53737,1.69,1.13
2013.05.29 06:55:22.378,1.53719,1.5374,1.50,2.44
2013.05.29 06:55:22.896,1.5372,1.53736,2.63,1.13
2013.05.29 06:55:23.435,1.53718,1.53736,1.13,1.13
2013.05.29 06:55:25.236,1.53717,1.53736,1.13,1.13
2013.05.29 06:55:25.518,1.53717,1.53736,1.88,1.13
2013.05.29 06:55:25.586,1.53717,1.53735,1.88,1.13
2013.05.29 06:55:25.647,1.53717,1.53731,1.13,1.13
2013.05.29 06:55:25.716,1.5371,1.53731,1.32,1.13
2013.05.29 06:55:26.135,1.5371,1.53733,2.07,1.13
2013.05.29 06:55:26.255,1.53712,1.53733,1.69,1.13
2013.05.29 06:55:26.616,1.5371,1.53733,1.32,1.13
2013.05.29 06:55:26.677,1.5371,1.53732,1.32,1.13
2013.05.29 06:55:26.865,1.53705,1.53726,1.13,2.44
2013.05.29 06:55:26.925,1.53701,1.53725,1.69,1.13
2013.05.29 06:55:27.836,1.53702,1.53725,1.13,1.32
2013.05.29 06:55:28.827,1.53702,1.53726,1.50,1.32
2013.05.29 06:55:29.136,1.53697,1.53718,3.57,1.13
2013.05.29 06:55:29.255,1.53697,1.53723,2.82,2.07
2013.05.29 06:55:29.376,1.53698,1.53722,1.69,2.25
2013.05.29 06:55:31.685,1.53699,1.53712,1.69,1.88
2013.05.29 06:55:31.985,1.53698,1.53714,1.50,1.88
2013.05.29 06:55:32.285,1.53692,1.53714,2.25,1.13
2013.05.29 06:55:32.797,1.53692,1.53714,2.25,1.13
2013.05.29 06:55:32.856,1.53692,1.53714,2.25,1.13
2013.05.29 06:55:33.717,1.53698,1.53719,1.50,1.32
2013.05.29 06:55:34.845,1.53698,1.53718,2.25,1.32
2013.05.29 06:55:35.372,1.53699,1.53718,1.50,1.32
2013.05.29 06:55:37.195,1.53698,1.53718,1.50,1.32
2013.05.29 06:55:39.327,1.53697,1.53718,1.32,1.13
2013.05.29 06:55:44.040,1.53694,1.53718,1.69,2.82
2013.05.29 06:55:47.688,1.53696,1.53718,1.69,1.13
2013.05.29 06:55:47.995,1.53698,1.53723,1.50,2.82
2013.05.29 06:55:48.115,1.53697,1.53722,2.82,2.07
2013.05.29 06:55:48.417,1.53695,1.53715,1.13,2.25
2013.05.29 06:55:49.135,1.53695,1.53716,1.13,2.44
2013.05.29 06:55:49.635,1.53699,1.53716,1.13,2.44
2013.05.29 06:55:49.875,1.53701,1.5372,1.50,1.69
2013.05.29 06:55:49.935,1.53699,1.53719,1.88,1.32
2013.05.29 06:55:50.485,1.53701,1.53723,1.50,1.69
2013.05.29 06:55:51.025,1.53699,1.53718,2.63,1.32
2013.05.29 06:55:51.145,1.53695,1.53718,1.32,2.82
2013.05.29 06:55:52.455,1.537,1.53718,1.13,1.32
2013.05.29 06:55:52.815,1.537,1.53717,1.13,1.13
2013.05.29 06:55:52.935,1.537,1.53719,1.13,2.07
2013.05.29 06:55:53.756,1.53698,1.53719,1.13,2.07
2013.05.29 06:55:54.416,1.53698,1.53717,1.13,2.25
2013.05.29 06:55:54.955,1.53698,1.53717,1.13,1.50
2013.05.29 06:55:59.345,1.53699,1.53718,1.50,1.13
2013.05.29 06:55:59.407,1.53701,1.53719,1.13,1.13
2013.05.29 06:55:59.476,1.53701,1.53724,1.13,2.44
2013.05.29 06:55:59.777,1.53701,1.53725,1.32,1.50
2013.05.29 06:55:59.846,1.53701,1.53728,2.82,3.57
2013.05.29 06:55:59.906,1.53703,1.53728,1.88,3.57
2013.05.29 06:56:00.268,1.53703,1.53728,1.50,2.07
2013.05.29 06:56:00.396,1.53702,1.53728,1.50,2.82
2013.05.29 06:56:01.305,1.53702,1.53728,1.88,3.19
2013.05.29 06:56:01.868,1.53703,1.53727,1.50,1.69
2013.05.29 06:56:02.425,1.53703,1.53727,1.50,2.44
2013.05.29 06:56:02.616,1.53703,1.53727,1.88,2.44
2013.05.29 06:56:05.855,1.53703,1.53726,1.88,1.32
2013.05.29 06:56:06.215,1.53703,1.53718,1.13,1.13
2013.05.29 06:56:12.175,1.53703,1.53722,1.13,1.69
2013.05.29 06:56:12.295,1.53703,1.53726,1.13,2.07
2013.05.29 06:56:12.535,1.53708,1.53727,1.50,1.13
2013.05.29 06:56:14.585,1.53708,1.5373,1.50,2.07
2013.05.29 06:56:17.844,1.53708,1.53728,1.50,1.69
2013.05.29 06:56:20.395,1.53707,1.53727,1.50,1.50
2013.05.29 06:56:20.897,1.53702,1.53725,2.25,1.69
2013.05.29 06:56:20.958,1.53702,1.53719,2.25,1.13
2013.05.29 06:56:21.147,1.53699,1.53715,1.32,1.50
2013.05.29 06:56:21.521,1.53693,1.53714,1.69,1.32
2013.05.29 06:56:21.709,1.5369,1.53714,1.32,2.63
2013.05.29 06:56:22.215,1.5369,1.53714,1.32,2.63
2013.05.29 06:56:22.515,1.53691,1.53716,1.69,1.88
2013.05.29 06:56:22.756,1.53693,1.53716,1.69,1.13
2013.05.29 06:56:24.086,1.53694,1.53716,1.13,1.50
2013.05.29 06:56:24.965,1.53694,1.53717,1.13,1.50
2013.05.29 06:56:25.495,1.53694,1.5372,3.75,2.82
2013.05.29 06:56:26.045,1.53697,1.53721,1.13,1.88
2013.05.29 06:56:26.955,1.53698,1.53721,3.19,1.69
2013.05.29 06:56:28.115,1.53698,1.53721,3.19,1.69
2013.05.29 06:56:28.656,1.53699,1.5372,1.32,1.69
2013.05.29 06:56:30.145,1.53704,1.53724,1.50,2.07
2013.05.29 06:56:32.696,1.53701,1.53726,1.88,3.94
2013.05.29 06:56:32.756,1.537,1.53722,1.32,1.13
2013.05.29 06:56:33.116,1.53699,1.53718,1.88,1.50
2013.05.29 06:56:33.355,1.53689,1.53711,2.07,1.50
2013.05.29 06:56:34.716,1.53689,1.53715,3.19,2.82
2013.05.29 06:56:34.779,1.5369,1.53715,1.69,2.82
2013.05.29 06:56:34.966,1.53693,1.53715,1.13,1.32
2013.05.29 06:56:35.494,1.53694,1.53716,1.69,1.13
2013.05.29 06:56:36.237,1.53694,1.53716,1.13,1.32
2013.05.29 06:56:36.547,1.53689,1.53707,1.13,1.13
2013.05.29 06:56:36.915,1.53683,1.53707,2.07,1.50
2013.05.29 06:56:39.138,1.53683,1.53706,1.13,2.25
2013.05.29 06:56:41.266,1.53682,1.53706,2.07,1.50
2013.05.29 06:56:41.777,1.53682,1.53707,2.44,1.69
2013.05.29 06:56:46.006,1.53682,1.53708,2.07,1.32
2013.05.29 06:56:46.126,1.53681,1.53706,2.44,1.69
2013.05.29 06:56:46.627,1.53681,1.53705,1.69,3.00
2013.05.29 06:56:47.186,1.53682,1.53705,1.69,2.25
2013.05.29 06:56:48.255,1.53682,1.53705,2.44,1.50
2013.05.29 06:56:48.736,1.53684,1.53705,3.19,1.50
2013.05.29 06:56:49.275,1.53685,1.53705,2.07,1.50
2013.05.29 06:56:49.919,1.53685,1.53705,2.07,1.50
2013.05.29 06:56:50.427,1.53685,1.53706,1.32,1.50
2013.05.29 06:56:50.785,1.5369,1.53713,1.13,2.07
2013.05.29 06:56:51.786,1.5369,1.53715,1.32,3.19
2013.05.29 06:56:53.837,1.5369,1.53714,1.32,1.13
2013.05.29 06:56:54.216,1.53694,1.53714,1.50,1.88
2013.05.29 06:56:54.517,1.53685,1.53705,2.07,2.25
2013.05.29 06:56:54.825,1.53689,1.53705,1.50,1.88
2013.05.29 06:56:55.126,1.53682,1.537,1.13,1.13
2013.05.29 06:56:55.615,1.53674,1.53699,1.69,2.07
2013.05.29 06:56:55.859,1.53674,1.53697,1.69,1.50
2013.05.29 06:56:55.989,1.53674,1.53699,2.44,2.07
2013.05.29 06:56:57.066,1.53674,1.53697,2.82,1.13
2013.05.29 06:56:57.433,1.53675,1.53696,1.69,1.50
2013.05.29 06:56:58.085,1.53675,1.53699,1.69,2.44
2013.05.29 06:56:58.625,1.53679,1.537,1.13,2.07
2013.05.29 06:56:59.166,1.53674,1.53698,3.19,1.50
2013.05.29 06:56:59.785,1.53674,1.53697,2.07,1.50
2013.05.29 06:57:01.315,1.53679,1.53697,1.13,1.50
2013.05.29 06:57:01.375,1.53679,1.53699,1.13,1.69
2013.05.29 06:57:01.957,1.53674,1.53699,2.44,2.44
2013.05.29 06:57:02.766,1.53674,1.53698,2.44,1.50
2013.05.29 06:57:03.125,1.53674,1.53697,2.07,1.50
2013.05.29 06:57:03.915,1.53675,1.53697,1.69,1.50
2013.05.29 06:57:05.212,1.53675,1.53697,1.69,1.50
2013.05.29 06:57:10.740,1.53674,1.53698,1.32,1.69
2013.05.29 06:57:15.547,1.53675,1.53699,1.50,1.32
2013.05.29 06:57:15.857,1.53669,1.53694,3.19,1.69
2013.05.29 06:57:15.915,1.53671,1.53694,1.32,1.69
2013.05.29 06:57:16.435,1.53673,1.53696,1.13,1.69
2013.05.29 06:57:17.207,1.53673,1.53694,1.88,1.32
2013.05.29 06:57:18.685,1.53674,1.53696,1.13,1.32
2013.05.29 06:57:19.342,1.53674,1.53696,1.13,1.32
2013.05.29 06:57:21.136,1.5367,1.53694,1.69,3.19
2013.05.29 06:57:21.577,1.5367,1.53694,1.32,2.44
2013.05.29 06:57:24.755,1.53675,1.53697,1.50,1.32
2013.05.29 06:57:24.816,1.53676,1.53699,1.69,2.63
2013.05.29 06:57:25.370,1.53676,1.53699,2.44,1.88
2013.05.29 06:57:26.106,1.53676,1.53699,2.44,1.88
2013.05.29 06:57:30.007,1.5368,1.53703,1.69,1.50
2013.05.29 06:57:30.186,1.53683,1.53705,1.88,1.13
2013.05.29 06:57:30.377,1.53685,1.53709,1.69,1.50
2013.05.29 06:57:31.436,1.53685,1.5371,3.19,1.69
2013.05.29 06:57:31.935,1.53685,1.5371,1.69,2.44
2013.05.29 06:57:32.736,1.53685,1.5371,1.32,1.69
2013.05.29 06:57:33.085,1.53689,1.53712,1.88,1.69
2013.05.29 06:57:33.504,1.53693,1.53718,1.32,1.69
2013.05.29 06:57:38.359,1.53693,1.53715,1.32,1.13
2013.05.29 06:57:38.666,1.53688,1.537,1.13,1.50
2013.05.29 06:57:38.725,1.53686,1.537,1.32,1.50
2013.05.29 06:57:39.026,1.53684,1.537,1.50,1.50
2013.05.29 06:57:39.578,1.53679,1.537,1.69,1.50
2013.05.29 06:57:40.135,1.53679,1.537,1.69,1.50
2013.05.29 06:57:41.119,1.53679,1.537,2.44,1.50
2013.05.29 06:57:41.996,1.53679,1.53705,2.63,2.44
2013.05.29 06:57:42.505,1.53682,1.53705,1.13,1.69
2013.05.29 06:57:43.057,1.53681,1.53705,1.69,1.50
2013.05.29 06:57:43.675,1.53681,1.53705,2.44,1.50
2013.05.29 06:57:44.096,1.53682,1.53705,1.32,1.50
2013.05.29 06:57:44.456,1.53679,1.53695,1.69,1.50
2013.05.29 06:57:44.995,1.53674,1.53695,2.44,1.50
2013.05.29 06:57:45.796,1.53674,1.53699,2.82,2.25
2013.05.29 06:57:45.868,1.53678,1.53699,1.32,1.13
2013.05.29 06:57:45.997,1.53678,1.53699,1.32,1.13
2013.05.29 06:57:46.178,1.5368,1.53703,1.50,1.69
2013.05.29 06:57:46.737,1.53682,1.53704,1.50,1.69
2013.05.29 06:57:47.935,1.53682,1.53704,1.13,1.32
2013.05.29 06:57:48.966,1.53684,1.53704,1.50,1.32
2013.05.29 06:57:49.386,1.53682,1.53705,1.32,1.32
2013.05.29 06:57:54.105,1.53684,1.53706,2.44,1.32
2013.05.29 06:57:54.228,1.53687,1.53709,2.25,1.69
2013.05.29 06:57:54.356,1.53689,1.53713,2.44,1.50
2013.05.29 06:57:54.416,1.5369,1.53716,3.57,1.88
2013.05.29 06:57:54.476,1.53691,1.53716,1.50,1.13
2013.05.29 06:57:54.715,1.5369,1.53716,2.82,2.63
2013.05.29 06:57:55.195,1.53693,1.53717,1.13,2.44
2013.05.29 06:57:55.500,1.53693,1.53719,2.07,3.19
2013.05.29 06:57:55.889,1.53693,1.53716,1.69,2.44
2013.05.29 06:57:56.197,1.5369,1.53713,2.44,2.63
2013.05.29 06:57:56.435,1.53694,1.53715,2.70,1.13
2013.05.29 06:57:56.555,1.53698,1.53716,1.13,1.69
2013.05.29 06:57:57.159,1.53693,1.53711,1.13,1.50
2013.05.29 06:57:57.227,1.5369,1.53712,1.32,2.25
2013.05.29 06:57:57.465,1.53687,1.53712,3.08,2.07
2013.05.29 06:57:57.827,1.53687,1.53712,2.25,1.69
2013.05.29 06:57:59.145,1.53687,1.53712,2.25,2.44
2013.05.29 06:57:59.687,1.53685,1.53699,1.69,1.13
2013.05.29 06:57:59.808,1.53681,1.53699,1.50,1.13
2013.05.29 06:58:00.000,1.53677,1.53702,2.82,1.50
2013.05.29 06:58:00.200,1.53678,1.53704,1.69,1.32
2013.05.29 06:58:00.385,1.53678,1.53705,3.19,3.19
2013.05.29 06:58:00.900,1.5368,1.53704,2.25,1.32
2013.05.29 06:58:01.145,1.53678,1.53704,3.19,1.32
2013.05.29 06:58:01.656,1.53678,1.53704,3.94,1.13
2013.05.29 06:58:02.407,1.53678,1.53704,1.69,1.88
2013.05.29 06:58:02.716,1.53677,1.53702,1.69,1.50
2013.05.29 06:58:02.775,1.53676,1.53702,2.07,1.69
2013.05.29 06:58:04.456,1.53675,1.537,2.44,2.25
2013.05.29 06:58:05.044,1.53676,1.53699,1.69,3.00
2013.05.29 06:58:05.166,1.53676,1.53694,1.69,1.13
2013.05.29 06:58:05.596,1.53672,1.53694,1.50,2.63
2013.05.29 06:58:06.134,1.5367,1.53694,2.44,1.13
2013.05.29 06:58:06.307,1.53672,1.53696,1.13,1.69
2013.05.29 06:58:06.383,1.5368,1.53697,1.88,2.25
2013.05.29 06:58:06.455,1.53681,1.537,1.58,1.69
2013.05.29 06:58:06.520,1.53686,1.53702,1.58,1.13
2013.05.29 06:58:06.660,1.53688,1.53707,1.50,1.13
2013.05.29 06:58:06.728,1.5369,1.53711,1.50,1.32
2013.05.29 06:58:07.156,1.53686,1.53708,2.33,1.50
2013.05.29 06:58:07.335,1.53686,1.53708,1.50,1.50
2013.05.29 06:58:07.936,1.53684,1.53708,2.44,1.50
2013.05.29 06:58:08.176,1.53684,1.53703,1.69,1.13
2013.05.29 06:58:08.709,1.53684,1.53703,1.69,1.13
2013.05.29 06:58:09.235,1.53687,1.53707,3.00,1.13
2013.05.29 06:58:09.866,1.53689,1.53707,1.50,1.13
2013.05.29 06:58:11.706,1.53689,1.53703,1.50,1.13
2013.05.29 06:58:11.885,1.53683,1.53703,1.69,1.13
2013.05.29 06:58:12.005,1.53683,1.53703,2.44,1.13
2013.05.29 06:58:12.245,1.53683,1.53703,1.32,1.13
2013.05.29 06:58:13.280,1.53682,1.53703,2.82,1.13
2013.05.29 06:58:13.725,1.53682,1.53703,2.82,1.13
2013.05.29 06:58:13.847,1.53683,1.53703,1.13,1.13
2013.05.29 06:58:15.155,1.53682,1.53704,1.88,1.13
2013.05.29 06:58:15.882,1.53682,1.53707,2.82,2.07
2013.05.29 06:58:16.176,1.53682,1.53706,2.44,2.07
2013.05.29 06:58:16.415,1.5368,1.53703,2.25,2.44
2013.05.29 06:58:16.476,1.5368,1.53701,2.25,1.13
2013.05.29 06:58:16.607,1.53678,1.537,1.32,1.13
2013.05.29 06:58:16.679,1.53678,1.53701,1.32,2.63
2013.05.29 06:58:16.746,1.5368,1.53703,1.50,1.69
2013.05.29 06:58:16.935,1.53684,1.53708,1.32,2.07
2013.05.29 06:58:17.115,1.53683,1.53707,3.19,1.13
2013.05.29 06:58:17.696,1.53683,1.53705,1.69,1.88
2013.05.29 06:58:18.046,1.53683,1.53701,1.69,1.13
2013.05.29 06:58:18.345,1.53678,1.53703,1.13,2.07
2013.05.29 06:58:19.466,1.53679,1.53703,1.13,3.94
2013.05.29 06:58:19.715,1.53685,1.53709,2.07,1.32
2013.05.29 06:58:19.836,1.53684,1.53705,1.69,1.50
2013.05.29 06:58:20.017,1.53682,1.53703,1.13,2.44
2013.05.29 06:58:20.255,1.53679,1.53703,1.32,1.69
2013.05.29 06:58:20.316,1.53677,1.53699,1.32,1.13
2013.05.29 06:58:20.496,1.53676,1.53699,2.44,1.13
2013.05.29 06:58:20.615,1.53678,1.53702,1.32,1.32
2013.05.29 06:58:20.675,1.53678,1.53703,1.32,2.07
2013.05.29 06:58:20.976,1.53682,1.53706,1.88,1.69
2013.05.29 06:58:21.035,1.53684,1.53708,1.13,2.07
2013.05.29 06:58:22.676,1.53685,1.53706,1.13,1.32
2013.05.29 06:58:22.795,1.53682,1.53704,1.69,1.13
2013.05.29 06:58:23.035,1.53684,1.53707,1.13,1.50
2013.05.29 06:58:23.702,1.53684,1.53707,1.13,1.50
2013.05.29 06:58:24.065,1.53684,1.53706,1.13,1.13
2013.05.29 06:58:24.680,1.53683,1.53706,1.32,1.88
2013.05.29 06:58:29.365,1.53684,1.53704,1.50,1.50
2013.05.29 06:58:29.885,1.53682,1.53702,1.32,1.13
2013.05.29 06:58:30.506,1.53682,1.53702,1.32,1.13
2013.05.29 06:58:31.096,1.5368,1.53702,1.50,1.13
2013.05.29 06:58:31.665,1.5368,1.53703,1.88,2.25
2013.05.29 06:58:32.234,1.53682,1.53706,3.75,2.07
2013.05.29 06:58:32.745,1.53682,1.53706,4.69,1.88
2013.05.29 06:58:33.116,1.53683,1.53706,2.82,1.50
2013.05.29 06:58:33.476,1.53692,1.53715,1.50,2.44
2013.05.29 06:58:33.727,1.53692,1.53715,1.88,1.32
2013.05.29 06:58:34.536,1.53692,1.53716,1.88,1.32
2013.05.29 06:58:35.735,1.53692,1.53716,2.63,2.07
2013.05.29 06:58:35.977,1.53692,1.53712,1.88,1.13
2013.05.29 06:58:36.338,1.53689,1.53705,1.50,1.13
2013.05.29 06:58:36.405,1.53685,1.53705,1.13,1.13
2013.05.29 06:58:36.936,1.53681,1.53705,1.69,1.88
2013.05.29 06:58:39.282,1.53682,1.53705,2.25,1.32
2013.05.29 06:58:40.134,1.53683,1.53701,1.13,1.50
2013.05.29 06:58:40.486,1.53675,1.53686,1.69,1.50
2013.05.29 06:58:40.606,1.53669,1.53685,1.69,1.13
2013.05.29 06:58:40.729,1.53668,1.53687,1.13,1.13
2013.05.29 06:58:40.795,1.53668,1.53682,1.13,1.50
2013.05.29 06:58:40.856,1.53666,1.53682,1.69,1.50
2013.05.29 06:58:41.358,1.53664,1.53684,1.69,1.13
2013.05.29 06:58:41.486,1.53663,1.53679,1.69,1.13
2013.05.29 06:58:41.606,1.53661,1.53684,1.13,1.50
2013.05.29 06:58:41.734,1.53661,1.53687,2.63,2.07
2013.05.29 06:58:42.168,1.53668,1.53693,2.44,1.88
2013.05.29 06:58:42.243,1.53671,1.53693,1.69,1.13
2013.05.29 06:58:42.487,1.53675,1.53696,1.50,1.69
2013.05.29 06:58:42.545,1.53677,1.53701,1.13,2.07
2013.05.29 06:58:42.605,1.53677,1.53696,1.13,1.13
2013.05.29 06:58:42.725,1.53676,1.537,2.44,1.69
2013.05.29 06:58:42.905,1.53676,1.53697,1.69,1.13
2013.05.29 06:58:43.446,1.53675,1.53695,1.69,1.50
2013.05.29 06:58:43.506,1.53675,1.537,1.69,3.19
2013.05.29 06:58:43.686,1.53677,1.53698,1.88,1.50
2013.05.29 06:58:43.878,1.53673,1.53698,2.44,2.82
2013.05.29 06:58:43.949,1.53673,1.53696,1.50,3.19
2013.05.29 06:58:44.136,1.5367,1.53695,2.07,2.07
2013.05.29 06:58:44.197,1.53673,1.53695,2.25,1.32
2013.05.29 06:58:44.258,1.53673,1.53695,2.44,1.13
2013.05.29 06:58:44.507,1.53676,1.53695,1.50,1.13
2013.05.29 06:58:44.626,1.53674,1.53696,1.69,1.13
2013.05.29 06:58:44.807,1.53672,1.53696,2.25,2.82
2013.05.29 06:58:45.105,1.53669,1.53694,1.69,2.07
2013.05.29 06:58:45.166,1.53668,1.53691,2.44,1.13
2013.05.29 06:58:45.423,1.53663,1.53686,1.88,1.50
2013.05.29 06:58:45.493,1.53665,1.53687,1.50,1.32
2013.05.29 06:58:45.615,1.53663,1.53686,3.38,1.13
2013.05.29 06:58:45.675,1.53663,1.53689,4.13,2.44
2013.05.29 06:58:45.796,1.53665,1.53687,1.69,1.13
2013.05.29 06:58:46.035,1.53667,1.53691,1.69,1.13
2013.05.29 06:58:46.215,1.53667,1.5369,3.19,3.00
2013.05.29 06:58:46.516,1.53667,1.53676,1.50,1.13
2013.05.29 06:58:46.578,1.53658,1.53676,1.50,1.13
2013.05.29 06:58:46.645,1.53656,1.53679,1.13,1.32
2013.05.29 06:58:47.185,1.53657,1.53681,2.25,1.32
2013.05.29 06:58:48.906,1.53657,1.53679,1.50,1.32
2013.05.29 06:58:49.086,1.53654,1.53676,1.69,1.13
2013.05.29 06:58:49.205,1.53655,1.53679,1.50,1.69
2013.05.29 06:58:49.386,1.53658,1.53679,1.13,1.13
2013.05.29 06:58:49.767,1.53662,1.53683,1.50,1.69
2013.05.29 06:58:50.430,1.53662,1.53685,1.69,1.13
2013.05.29 06:58:50.498,1.53662,1.53688,3.57,1.69
2013.05.29 06:58:50.986,1.53663,1.53685,1.69,1.13
2013.05.29 06:58:51.536,1.53662,1.53685,1.69,1.13
2013.05.29 06:58:52.956,1.53662,1.53686,1.32,1.69
2013.05.29 06:58:53.493,1.53663,1.53688,2.07,1.32
2013.05.29 06:58:54.036,1.53663,1.53689,3.19,1.69
2013.05.29 06:58:54.738,1.53665,1.53689,1.50,1.69
2013.05.29 06:58:54.956,1.53665,1.53692,1.69,2.82
2013.05.29 06:58:56.148,1.53665,1.53692,2.07,2.44
2013.05.29 06:58:56.217,1.53668,1.53692,1.13,1.69
2013.05.29 06:58:56.765,1.53669,1.53693,1.88,1.69
2013.05.29 06:58:56.825,1.53669,1.53695,2.07,1.69
2013.05.29 06:58:57.396,1.53669,1.53695,2.07,1.69
2013.05.29 06:59:01.925,1.5367,1.53696,2.25,2.07
2013.05.29 06:59:11.985,1.53671,1.53693,1.69,1.13
2013.05.29 06:59:12.165,1.53668,1.53692,2.44,1.13
2013.05.29 06:59:16.816,1.53668,1.53691,1.50,1.50
2013.05.29 06:59:18.675,1.53669,1.53694,1.88,2.82
2013.05.29 06:59:18.856,1.5367,1.53694,1.50,1.32
2013.05.29 06:59:19.216,1.53672,1.53694,1.50,1.32
2013.05.29 06:59:20.997,1.53672,1.53694,1.69,1.88
2013.05.29 06:59:21.787,1.53674,1.53694,1.50,1.50
2013.05.29 06:59:22.546,1.53677,1.53694,1.50,1.50
2013.05.29 06:59:22.726,1.5368,1.53699,1.50,1.50
2013.05.29 06:59:22.906,1.53685,1.53701,1.50,1.13
2013.05.29 06:59:22.967,1.53688,1.53704,1.88,1.13
2013.05.29 06:59:23.025,1.53688,1.53709,1.88,2.82
2013.05.29 06:59:23.086,1.5369,1.53713,1.13,1.32
2013.05.29 06:59:23.625,1.53691,1.53713,1.50,1.32
2013.05.29 06:59:23.805,1.53691,1.53716,1.50,1.69
2013.05.29 06:59:25.039,1.53689,1.53716,1.50,2.44
2013.05.29 06:59:25.511,1.53691,1.53716,2.25,1.69
2013.05.29 06:59:25.759,1.53689,1.53714,1.50,1.32
2013.05.29 06:59:25.826,1.53689,1.53712,1.50,1.32
2013.05.29 06:59:26.008,1.53685,1.53707,1.50,1.32
2013.05.29 06:59:26.077,1.53683,1.53707,1.88,1.32
2013.05.29 06:59:26.135,1.5368,1.53697,2.44,1.13
2013.05.29 06:59:26.256,1.53675,1.53697,1.69,1.50
2013.05.29 06:59:26.317,1.53671,1.53697,1.69,2.44
2013.05.29 06:59:26.436,1.5367,1.53695,1.69,1.69
2013.05.29 06:59:26.896,1.53673,1.53697,1.50,1.32
2013.05.29 06:59:27.276,1.53678,1.537,1.13,1.50
2013.05.29 06:59:27.336,1.53678,1.53701,1.13,1.69
2013.05.29 06:59:29.017,1.53675,1.53701,2.44,1.69
2013.05.29 06:59:29.256,1.53674,1.537,2.82,1.69
2013.05.29 06:59:29.437,1.53675,1.53699,1.69,1.50
2013.05.29 06:59:29.797,1.53668,1.53693,2.44,2.07
2013.05.29 06:59:30.336,1.53666,1.53693,2.44,3.94
2013.05.29 06:59:31.213,1.53666,1.53692,2.44,1.69
2013.05.29 06:59:31.557,1.53673,1.53695,1.32,2.25
2013.05.29 06:59:31.616,1.53673,1.53695,1.32,1.50
2013.05.29 06:59:36.778,1.53673,1.53695,1.13,1.69
2013.05.29 06:59:36.841,1.5367,1.53694,1.13,1.69
2013.05.29 06:59:37.026,1.5367,1.53691,1.13,2.63
2013.05.29 06:59:37.385,1.5367,1.53691,2.63,2.63
2013.05.29 06:59:37.926,1.53675,1.53692,1.13,1.13
2013.05.29 06:59:38.256,1.53672,1.53691,1.50,1.13
2013.05.29 06:59:38.787,1.53672,1.53695,1.50,1.69
2013.05.29 06:59:39.635,1.53672,1.53695,1.13,1.32
2013.05.29 06:59:39.986,1.53676,1.53695,1.13,1.32
2013.05.29 06:59:40.046,1.53676,1.53695,1.13,1.32
2013.05.29 06:59:40.226,1.53676,1.53699,1.13,1.32
2013.05.29 06:59:40.468,1.53673,1.53696,1.88,1.69
2013.05.29 06:59:40.767,1.53672,1.53693,1.13,1.50
2013.05.29 06:59:40.946,1.53668,1.53692,1.32,1.88
2013.05.29 06:59:41.126,1.53667,1.53691,1.69,1.13
2013.05.29 06:59:42.295,1.53664,1.53688,1.32,1.13
2013.05.29 06:59:42.377,1.53662,1.53688,4.32,1.32
2013.05.29 06:59:42.446,1.5367,1.53689,1.13,2.07
2013.05.29 06:59:42.565,1.5367,1.53692,2.25,1.13
2013.05.29 06:59:42.745,1.5367,1.53695,2.25,2.07
2013.05.29 06:59:43.166,1.5367,1.53692,1.50,1.50
2013.05.29 06:59:43.226,1.53667,1.53692,2.44,1.50
2013.05.29 06:59:43.286,1.53667,1.53692,2.82,1.50
2013.05.29 06:59:43.406,1.53668,1.53692,1.69,1.88
2013.05.29 06:59:43.466,1.53668,1.53693,2.82,1.69
2013.05.29 06:59:43.525,1.53668,1.53694,3.19,3.19
2013.05.29 06:59:43.646,1.53673,1.53695,1.13,2.44
2013.05.29 06:59:43.766,1.5367,1.53695,1.50,3.57
2013.05.29 06:59:44.066,1.53668,1.53693,2.44,1.69
2013.05.29 06:59:45.095,1.53669,1.53693,1.32,1.50
2013.05.29 06:59:45.659,1.5367,1.53695,2.44,1.32
2013.05.29 06:59:48.587,1.53669,1.53694,2.07,2.63
2013.05.29 06:59:48.766,1.53669,1.53693,1.32,1.50
2013.05.29 06:59:49.065,1.53668,1.53692,1.32,2.25
2013.05.29 06:59:49.606,1.53667,1.53691,2.07,2.25
2013.05.29 06:59:49.968,1.5366,1.53678,1.13,1.50
2013.05.29 06:59:50.216,1.53654,1.53676,1.32,1.50
2013.05.29 06:59:50.817,1.53654,1.53679,1.69,3.75
2013.05.29 06:59:50.878,1.53654,1.53679,2.07,2.25
2013.05.29 06:59:51.328,1.53654,1.53678,2.07,1.50
2013.05.29 06:59:52.328,1.53654,1.53678,2.07,1.50
2013.05.29 06:59:53.432,1.53654,1.53678,2.07,2.25
2013.05.29 06:59:53.936,1.53654,1.53677,1.13,2.44
2013.05.29 06:59:53.996,1.53656,1.53677,1.50,1.50
2013.05.29 06:59:54.176,1.53657,1.5368,1.13,3.19
2013.05.29 06:59:54.817,1.53656,1.53679,1.50,2.44
2013.05.29 06:59:54.876,1.53656,1.53679,1.50,2.44
2013.05.29 06:59:55.116,1.53652,1.53675,1.88,1.69
2013.05.29 06:59:55.237,1.5365,1.53673,1.69,1.50
2013.05.29 06:59:55.576,1.5365,1.53672,1.69,1.50
2013.05.29 06:59:56.126,1.53648,1.53669,1.32,1.50
2013.05.29 06:59:56.436,1.53648,1.53667,1.32,1.50
2013.05.29 06:59:56.735,1.53643,1.53667,1.32,1.50
2013.05.29 06:59:57.277,1.53642,1.53667,2.44,1.50
2013.05.29 06:59:57.997,1.53642,1.53667,3.19,2.25
2013.05.29 06:59:58.238,1.53645,1.53671,2.63,1.32
2013.05.29 06:59:58.307,1.53647,1.53667,1.50,1.13
2013.05.29 06:59:58.667,1.53648,1.53666,1.13,1.50
2013.05.29 06:59:58.728,1.53646,1.53666,1.13,1.50
