2011.05.24 17:00:00.141,1.32749,1.32767,2.25,1.50
2011.05.24 17:00:00.620,1.32749,1.32769,1.50,1.50
2011.05.24 17:00:00.842,1.32746,1.3277,2.48,1.50
2011.05.24 17:00:00.951,1.32746,1.32772,2.48,1.50
2011.05.24 17:00:01.396,1.32747,1.32774,1.73,1.50
2011.05.24 17:00:01.744,1.32749,1.32768,1.50,1.50
2011.05.24 17:00:01.861,1.32749,1.32771,1.50,1.50
2011.05.24 17:00:01.971,1.32749,1.32773,1.50,1.50
2011.05.24 17:00:02.194,1.32749,1.32773,1.50,1.50
2011.05.24 17:00:02.532,1.32752,1.32771,1.50,1.50
2011.05.24 17:00:02.861,1.32752,1.3277,1.50,1.50
2011.05.24 17:00:03.194,1.32763,1.32779,1.13,2.25
2011.05.24 17:00:03.424,1.32763,1.32782,1.13,1.84
2011.05.24 17:00:03.544,1.32755,1.32776,1.50,2.18
2011.05.24 17:00:03.773,1.32745,1.32771,1.50,1.50
2011.05.24 17:00:04.001,1.32744,1.32771,1.50,2.59
2011.05.24 17:00:04.332,1.32741,1.3276,1.50,1.50
2011.05.24 17:00:04.452,1.32741,1.3276,1.50,1.50
2011.05.24 17:00:04.564,1.3274,1.32755,2.25,1.50
2011.05.24 17:00:04.685,1.3274,1.32757,1.50,1.50
2011.05.24 17:00:05.245,1.32746,1.32763,1.50,1.50
2011.05.24 17:00:05.364,1.32747,1.32765,1.50,1.50
2011.05.24 17:00:05.707,1.32742,1.32765,1.73,3.00
2011.05.24 17:00:06.043,1.32736,1.32757,1.73,1.43
2011.05.24 17:00:06.164,1.32736,1.32753,1.73,1.50
2011.05.24 17:00:06.501,1.32736,1.32751,1.50,1.50
2011.05.24 17:00:06.612,1.32736,1.32751,1.50,1.50
2011.05.24 17:00:06.723,1.32736,1.32752,1.50,1.50
2011.05.24 17:00:07.281,1.32736,1.32753,1.35,1.50
2011.05.24 17:00:07.722,1.32736,1.32757,2.10,1.50
2011.05.24 17:00:08.457,1.32747,1.32763,2.25,1.50
2011.05.24 17:00:08.570,1.32747,1.32763,2.25,1.50
2011.05.24 17:00:09.500,1.32747,1.32766,2.48,1.50
2011.05.24 17:00:09.611,1.32747,1.32768,2.25,1.50
2011.05.24 17:00:09.942,1.32748,1.32768,1.50,1.50
2011.05.24 17:00:10.160,1.32748,1.32771,1.50,1.50
2011.05.24 17:00:12.700,1.32748,1.32771,1.50,1.50
2011.05.24 17:00:13.140,1.32753,1.32774,2.63,1.50
2011.05.24 17:00:13.745,1.32754,1.32778,2.40,1.50
2011.05.24 17:00:14.192,1.32753,1.32778,1.73,1.50
2011.05.24 17:00:14.533,1.32757,1.32775,1.50,1.50
2011.05.24 17:00:14.761,1.32757,1.3278,2.85,1.50
2011.05.24 17:00:15.311,1.3276,1.32784,2.48,1.50
2011.05.24 17:00:15.640,1.32766,1.32785,1.50,1.50
2011.05.24 17:00:15.973,1.32762,1.32786,2.48,1.50
2011.05.24 17:00:16.421,1.32767,1.32787,1.50,1.50
2011.05.24 17:00:16.642,1.32767,1.3279,1.50,1.50
2011.05.24 17:00:16.974,1.32767,1.32787,1.50,1.50
2011.05.24 17:00:17.091,1.32767,1.32786,1.50,1.50
2011.05.24 17:00:17.579,1.32767,1.32786,1.50,1.50
2011.05.24 17:00:17.817,1.32767,1.32789,1.50,1.50
2011.05.24 17:00:17.933,1.32767,1.32793,1.73,1.50
2011.05.24 17:00:19.321,1.32769,1.32794,1.73,1.50
2011.05.24 17:00:19.870,1.32769,1.32795,2.48,1.50
2011.05.24 17:00:21.531,1.32769,1.32788,1.73,1.50
2011.05.24 17:00:22.409,1.32765,1.32789,2.63,1.50
2011.05.24 17:00:23.440,1.32767,1.3279,2.25,1.50
2011.05.24 17:00:23.551,1.32768,1.3279,2.25,1.50
2011.05.24 17:00:23.770,1.32768,1.3279,2.48,1.50
2011.05.24 17:00:24.761,1.32768,1.32791,1.50,1.50
2011.05.24 17:00:24.982,1.32772,1.32791,1.13,1.50
2011.05.24 17:00:25.420,1.32768,1.32794,1.88,1.50
2011.05.24 17:00:25.530,1.32768,1.32794,1.88,1.50
2011.05.24 17:00:26.110,1.32768,1.32794,1.13,1.50
2011.05.24 17:00:26.331,1.32765,1.32784,1.13,1.50
2011.05.24 17:00:26.879,1.32764,1.32784,1.50,1.50
2011.05.24 17:00:27.431,1.32766,1.32784,1.13,1.50
2011.05.24 17:00:27.870,1.32766,1.32785,1.13,1.50
2011.05.24 17:00:28.091,1.32772,1.32789,1.50,1.50
2011.05.24 17:00:28.200,1.32773,1.32789,1.50,1.50
2011.05.24 17:00:28.531,1.32775,1.32791,2.63,1.50
2011.05.24 17:00:28.640,1.32776,1.32794,1.88,1.50
2011.05.24 17:00:28.751,1.32771,1.32794,1.13,1.50
2011.05.24 17:00:29.411,1.3277,1.32793,1.50,1.50
2011.05.24 17:00:30.179,1.32772,1.32793,1.50,1.50
2011.05.24 17:00:30.295,1.32772,1.32796,2.25,1.50
2011.05.24 17:00:30.960,1.3277,1.32796,1.50,1.50
2011.05.24 17:00:31.073,1.32768,1.3279,1.73,1.50
2011.05.24 17:00:31.411,1.32768,1.3279,1.50,1.50
2011.05.24 17:00:31.965,1.32773,1.32791,1.50,1.50
2011.05.24 17:00:32.194,1.32773,1.32791,1.50,1.50
2011.05.24 17:00:33.190,1.32773,1.32791,1.50,1.50
2011.05.24 17:00:33.902,1.32773,1.32791,1.50,1.50
2011.05.24 17:00:34.345,1.3277,1.32793,3.23,1.50
2011.05.24 17:00:34.462,1.3277,1.32794,2.48,1.50
2011.05.24 17:00:35.011,1.32775,1.32797,1.50,1.50
2011.05.24 17:00:35.124,1.32774,1.32797,1.50,1.50
2011.05.24 17:00:35.459,1.32774,1.32795,1.50,1.50
2011.05.24 17:00:35.790,1.32774,1.32795,1.50,1.50
2011.05.24 17:00:35.901,1.32774,1.32795,1.50,1.50
2011.05.24 17:00:36.232,1.32774,1.32796,2.25,1.50
2011.05.24 17:00:36.781,1.32774,1.32798,1.50,1.50
2011.05.24 17:00:37.329,1.32774,1.32798,1.50,1.50
2011.05.24 17:00:38.130,1.32774,1.32798,1.50,1.50
2011.05.24 17:00:38.988,1.32774,1.32798,1.50,1.50
2011.05.24 17:00:39.210,1.32774,1.32798,1.50,1.50
2011.05.24 17:00:39.981,1.32774,1.32798,1.50,1.50
2011.05.24 17:00:40.202,1.32774,1.32801,1.50,1.50
2011.05.24 17:00:40.310,1.32774,1.32802,1.50,1.84
2011.05.24 17:00:40.860,1.32778,1.32803,1.50,2.59
2011.05.24 17:00:41.410,1.32774,1.32803,1.50,3.00
2011.05.24 17:00:41.519,1.32774,1.32803,1.50,3.75
2011.05.24 17:00:41.851,1.32774,1.32803,1.50,3.75
2011.05.24 17:00:42.410,1.32774,1.32803,1.73,3.75
2011.05.24 17:00:42.740,1.32778,1.32803,1.50,2.25
2011.05.24 17:00:42.850,1.32778,1.32805,1.50,1.09
2011.05.24 17:00:44.521,1.32778,1.32805,1.50,1.84
2011.05.24 17:00:45.292,1.32784,1.32807,1.50,1.50
2011.05.24 17:00:45.620,1.32779,1.32802,2.18,1.50
2011.05.24 17:00:46.170,1.32779,1.32802,2.40,1.50
2011.05.24 17:00:46.610,1.32783,1.32802,1.50,1.50
2011.05.24 17:00:47.050,1.32783,1.32802,1.50,1.50
2011.05.24 17:00:47.382,1.32778,1.32802,1.73,1.50
2011.05.24 17:00:48.041,1.32776,1.32798,2.25,1.50
2011.05.24 17:00:48.372,1.32782,1.32802,1.50,1.50
2011.05.24 17:00:48.811,1.32783,1.32802,1.50,1.50
2011.05.24 17:00:49.573,1.32783,1.32802,1.50,1.50
2011.05.24 17:00:53.101,1.32785,1.32802,1.50,1.50
2011.05.24 17:00:53.887,1.32781,1.32802,1.50,1.50
2011.05.24 17:00:54.005,1.32778,1.32802,1.50,1.50
2011.05.24 17:00:54.350,1.32778,1.32798,1.50,1.50
2011.05.24 17:00:56.971,1.32778,1.32798,1.50,1.50
2011.05.24 17:00:57.302,1.32778,1.32798,1.50,1.50
2011.05.24 17:00:58.181,1.32776,1.328,3.98,1.50
2011.05.24 17:01:00.171,1.32777,1.328,1.73,1.50
2011.05.24 17:01:00.392,1.32779,1.32803,1.50,1.50
2011.05.24 17:01:01.029,1.32782,1.32803,1.50,1.50
2011.05.24 17:01:01.146,1.32784,1.32804,1.50,1.50
2011.05.24 17:01:01.590,1.32784,1.32805,1.50,1.50
2011.05.24 17:01:02.030,1.32785,1.32803,1.50,1.50
2011.05.24 17:01:02.361,1.32785,1.32803,1.50,1.50
2011.05.24 17:01:03.239,1.32785,1.32803,1.50,1.50
2011.05.24 17:01:03.854,1.32785,1.32803,1.50,1.50
2011.05.24 17:01:06.262,1.3278,1.32801,1.73,1.50
2011.05.24 17:01:06.492,1.32783,1.32802,1.50,1.50
2011.05.24 17:01:06.941,1.32784,1.32805,1.50,1.50
2011.05.24 17:01:08.522,1.32785,1.32805,1.50,1.50
2011.05.24 17:01:11.069,1.32785,1.32814,2.25,1.50
2011.05.24 17:01:13.529,1.32785,1.32814,1.50,2.25
2011.05.24 17:01:14.519,1.32785,1.32814,1.50,1.50
2011.05.24 17:01:15.870,1.32785,1.32814,1.50,1.50
2011.05.24 17:01:16.860,1.32785,1.32814,1.50,1.50
2011.05.24 17:01:17.081,1.32784,1.32815,1.50,1.50
2011.05.24 17:01:18.120,1.3278,1.32809,1.50,1.09
2011.05.24 17:01:18.783,1.32784,1.32813,2.25,3.66
2011.05.24 17:01:18.903,1.32784,1.32813,2.25,1.03
2011.05.24 17:01:19.460,1.32782,1.3281,1.50,2.25
2011.05.24 17:01:19.573,1.32781,1.32809,1.50,1.50
2011.05.24 17:01:20.129,1.32781,1.32808,1.50,1.50
2011.05.24 17:01:20.461,1.32782,1.3281,1.50,4.84
2011.05.24 17:01:20.682,1.32786,1.3281,2.25,1.84
2011.05.24 17:01:20.796,1.32788,1.32813,1.50,3.00
2011.05.24 17:01:21.022,1.32791,1.32815,1.50,1.50
2011.05.24 17:01:21.563,1.32791,1.32815,1.88,1.50
2011.05.24 17:01:21.690,1.32792,1.32818,1.50,1.50
2011.05.24 17:01:22.129,1.32792,1.32818,1.50,1.50
2011.05.24 17:01:22.792,1.32793,1.32822,1.50,2.25
2011.05.24 17:01:23.349,1.32792,1.32821,1.50,1.50
2011.05.24 17:01:24.821,1.32788,1.3282,7.09,1.50
2011.05.24 17:01:25.371,1.32789,1.32818,1.50,1.09
2011.05.24 17:01:25.921,1.32789,1.32818,1.50,1.09
2011.05.24 17:01:26.250,1.32788,1.32809,1.50,1.50
2011.05.24 17:01:27.157,1.32787,1.32807,1.50,1.50
2011.05.24 17:01:27.383,1.32788,1.3281,2.25,1.50
2011.05.24 17:01:28.062,1.32783,1.32801,2.25,1.50
2011.05.24 17:01:28.291,1.32783,1.32801,1.50,1.50
2011.05.24 17:01:28.890,1.3278,1.32801,2.25,1.50
2011.05.24 17:01:29.440,1.32779,1.32801,3.00,1.50
2011.05.24 17:01:29.991,1.32778,1.32793,3.23,1.50
2011.05.24 17:01:30.101,1.32779,1.32793,1.50,1.50
2011.05.24 17:01:30.212,1.32779,1.32795,1.50,1.50
2011.05.24 17:01:30.651,1.32779,1.32797,1.50,1.50
2011.05.24 17:01:31.200,1.32776,1.32797,2.25,1.50
2011.05.24 17:01:32.144,1.32776,1.32797,2.25,1.50
2011.05.24 17:01:32.703,1.32777,1.32799,1.50,1.50
2011.05.24 17:01:33.154,1.32775,1.32788,1.50,1.50
2011.05.24 17:01:33.272,1.32768,1.32787,1.50,1.50
2011.05.24 17:01:33.395,1.32767,1.32785,1.50,1.50
2011.05.24 17:01:33.732,1.32765,1.3278,1.50,1.50
2011.05.24 17:01:34.611,1.32766,1.3278,1.50,1.50
2011.05.24 17:01:35.491,1.32766,1.32778,1.50,1.50
2011.05.24 17:01:36.040,1.32759,1.32778,1.50,1.50
2011.05.24 17:01:36.812,1.3276,1.32777,1.13,1.50
2011.05.24 17:01:37.457,1.32749,1.32766,1.13,1.50
2011.05.24 17:01:38.011,1.32747,1.32765,2.10,1.50
2011.05.24 17:01:38.561,1.32747,1.32766,4.13,1.50
2011.05.24 17:01:39.000,1.32747,1.32765,3.75,1.50
2011.05.24 17:01:40.762,1.32747,1.32767,3.98,1.50
2011.05.24 17:01:41.201,1.32752,1.32774,1.88,1.50
2011.05.24 17:01:41.530,1.32752,1.32769,2.85,1.50
2011.05.24 17:01:43.211,1.32755,1.32771,1.73,1.50
2011.05.24 17:01:43.430,1.32755,1.32772,1.50,1.50
2011.05.24 17:01:43.980,1.32756,1.32772,1.73,1.50
2011.05.24 17:01:44.310,1.32756,1.32776,1.73,1.50
2011.05.24 17:01:44.421,1.32755,1.32776,1.73,1.50
2011.05.24 17:01:44.640,1.32756,1.3278,1.73,1.50
2011.05.24 17:01:45.178,1.32756,1.32781,1.73,3.75
2011.05.24 17:01:45.302,1.32751,1.32781,1.73,1.50
2011.05.24 17:01:45.418,1.32748,1.32777,1.73,3.00
2011.05.24 17:01:45.752,1.32747,1.32764,1.50,1.50
2011.05.24 17:01:46.081,1.32745,1.32768,1.73,3.00
2011.05.24 17:01:46.192,1.32745,1.32764,1.73,2.25
2011.05.24 17:01:46.524,1.32745,1.32768,1.50,1.50
2011.05.24 17:01:46.642,1.32747,1.3277,1.50,1.50
2011.05.24 17:01:46.985,1.32753,1.32776,1.50,1.50
2011.05.24 17:01:47.100,1.32753,1.32775,1.50,1.50
2011.05.24 17:01:47.211,1.32753,1.32775,1.50,1.50
2011.05.24 17:01:47.760,1.32755,1.32778,1.50,1.50
2011.05.24 17:01:48.309,1.32755,1.32778,1.73,1.50
2011.05.24 17:01:48.640,1.32755,1.32779,1.73,1.50
2011.05.24 17:01:49.369,1.32752,1.32781,1.73,1.50
2011.05.24 17:01:49.481,1.32752,1.32781,1.73,1.50
2011.05.24 17:01:49.920,1.32752,1.32781,2.48,3.34
2011.05.24 17:01:50.141,1.32752,1.32777,2.48,1.50
2011.05.24 17:01:51.090,1.32752,1.32779,1.50,1.50
2011.05.24 17:01:51.200,1.32752,1.32779,1.50,1.50
2011.05.24 17:01:51.859,1.32751,1.32779,1.50,1.50
2011.05.24 17:01:52.519,1.32751,1.32778,1.73,1.50
2011.05.24 17:01:52.996,1.32751,1.32776,1.73,1.50
2011.05.24 17:01:53.333,1.32755,1.32776,1.50,1.50
2011.05.24 17:01:53.452,1.32757,1.32776,1.50,1.50
2011.05.24 17:01:55.301,1.32757,1.3278,1.50,1.50
2011.05.24 17:01:56.180,1.32757,1.32781,1.50,1.50
2011.05.24 17:01:57.028,1.32756,1.32781,3.75,1.50
2011.05.24 17:01:57.361,1.32755,1.32778,1.09,1.50
2011.05.24 17:01:57.473,1.32754,1.32777,1.09,1.50
2011.05.24 17:01:57.591,1.32748,1.32772,2.48,1.50
2011.05.24 17:01:57.810,1.32746,1.32768,1.50,1.50
2011.05.24 17:01:58.361,1.32741,1.32767,1.73,1.50
2011.05.24 17:01:58.471,1.32742,1.32767,1.73,1.50
2011.05.24 17:01:59.020,1.32742,1.32768,1.73,1.50
2011.05.24 17:02:00.040,1.32741,1.32768,1.73,1.50
2011.05.24 17:02:00.370,1.3274,1.32767,2.82,1.50
2011.05.24 17:02:00.702,1.32738,1.32767,2.85,1.50
2011.05.24 17:02:01.031,1.32738,1.32761,2.85,1.50
2011.05.24 17:02:01.579,1.32739,1.32763,1.73,2.25
2011.05.24 17:02:02.394,1.32739,1.32767,2.85,2.25
2011.05.24 17:02:02.516,1.3274,1.32762,1.73,1.50
2011.05.24 17:02:02.745,1.32742,1.32762,3.90,1.50
2011.05.24 17:02:02.864,1.32742,1.32763,4.65,1.50
2011.05.24 17:02:04.743,1.32742,1.32758,1.73,1.50
2011.05.24 17:02:04.974,1.32739,1.3276,1.73,1.50
2011.05.24 17:02:05.091,1.32739,1.32761,1.73,1.50
2011.05.24 17:02:05.420,1.32739,1.3276,1.73,1.50
2011.05.24 17:02:06.080,1.32739,1.32761,1.73,1.50
2011.05.24 17:02:08.450,1.32735,1.32759,1.73,1.50
2011.05.24 17:02:08.560,1.32735,1.32759,1.73,1.50
2011.05.24 17:02:09.187,1.32737,1.32761,2.48,1.50
2011.05.24 17:02:09.417,1.32741,1.32758,1.50,1.50
2011.05.24 17:02:09.645,1.32741,1.32758,1.50,1.50
2011.05.24 17:02:09.982,1.32743,1.32764,1.73,1.50
2011.05.24 17:02:10.312,1.32741,1.32766,1.73,1.50
2011.05.24 17:02:10.642,1.32741,1.32763,1.73,1.50
2011.05.24 17:02:11.850,1.32741,1.32763,1.73,1.50
2011.05.24 17:02:12.950,1.3274,1.32763,1.73,1.50
2011.05.24 17:02:13.501,1.32741,1.32764,1.73,1.50
2011.05.24 17:02:14.282,1.32727,1.32748,1.73,1.50
2011.05.24 17:02:14.611,1.32722,1.32748,2.48,1.50
2011.05.24 17:02:14.720,1.32722,1.32748,2.48,1.50
2011.05.24 17:02:15.054,1.32718,1.32747,2.48,3.27
2011.05.24 17:02:15.173,1.32722,1.32747,2.48,1.50
2011.05.24 17:02:15.500,1.32723,1.32748,1.50,1.50
2011.05.24 17:02:17.633,1.32723,1.32748,1.73,1.50
2011.05.24 17:02:17.974,1.32723,1.32744,1.50,1.50
2011.05.24 17:02:18.532,1.32723,1.32741,1.50,1.50
2011.05.24 17:02:19.573,1.32719,1.32741,1.73,1.50
2011.05.24 17:02:20.911,1.32719,1.32741,1.73,1.50
2011.05.24 17:02:23.892,1.32719,1.32741,1.73,1.50
2011.05.24 17:02:24.882,1.32723,1.32744,1.32,1.50
2011.05.24 17:02:25.507,1.32719,1.32741,1.73,1.50
2011.05.24 17:02:29.711,1.32722,1.32741,2.10,1.50
2011.05.24 17:02:29.821,1.32722,1.32744,2.10,1.50
2011.05.24 17:02:33.021,1.32722,1.32748,1.73,1.50
2011.05.24 17:02:33.131,1.32722,1.32751,1.73,1.50
2011.05.24 17:02:36.811,1.32721,1.32753,1.73,2.89
2011.05.24 17:02:37.033,1.3272,1.32749,1.73,2.18
2011.05.24 17:02:37.700,1.32717,1.32749,2.48,2.93
2011.05.24 17:02:38.141,1.32716,1.32749,3.23,2.18
2011.05.24 17:02:38.689,1.32716,1.32749,3.23,4.43
2011.05.24 17:02:39.132,1.32716,1.32748,2.85,1.50
2011.05.24 17:02:39.245,1.32714,1.3274,1.73,2.63
2011.05.24 17:02:39.366,1.32712,1.32739,1.73,1.50
2011.05.24 17:02:39.911,1.32708,1.32736,1.73,1.50
2011.05.24 17:02:40.930,1.32707,1.32733,1.73,3.00
2011.05.24 17:02:41.479,1.32707,1.32733,1.73,3.00
2011.05.24 17:02:41.590,1.32707,1.32733,1.73,3.00
2011.05.24 17:02:42.031,1.32707,1.32733,1.73,2.25
2011.05.24 17:02:42.141,1.32707,1.32733,1.73,2.25
2011.05.24 17:02:42.911,1.32707,1.32733,1.73,2.25
2011.05.24 17:02:43.241,1.32707,1.32733,1.73,3.00
2011.05.24 17:02:47.212,1.32713,1.32733,1.09,2.25
2011.05.24 17:02:47.543,1.32714,1.32736,1.73,1.50
2011.05.24 17:02:47.664,1.32718,1.32738,1.09,1.50
2011.05.24 17:02:48.219,1.32719,1.32738,1.50,1.50
2011.05.24 17:02:48.645,1.32719,1.32738,1.50,1.50
2011.05.24 17:02:49.420,1.32718,1.32738,1.09,1.50
2011.05.24 17:02:49.860,1.32718,1.32738,1.32,1.50
2011.05.24 17:02:51.882,1.32724,1.32747,2.25,1.50
2011.05.24 17:02:52.101,1.32728,1.32753,1.09,1.50
2011.05.24 17:02:52.211,1.3273,1.32755,1.50,1.50
2011.05.24 17:02:52.541,1.3273,1.32756,2.25,1.50
2011.05.24 17:02:52.871,1.3273,1.32756,2.25,1.50
2011.05.24 17:02:53.201,1.32737,1.32756,2.52,1.50
2011.05.24 17:02:53.532,1.32728,1.32745,3.00,1.50
2011.05.24 17:02:54.274,1.32719,1.32745,2.82,1.50
2011.05.24 17:02:54.504,1.32725,1.32749,2.25,1.50
2011.05.24 17:02:54.733,1.32729,1.32749,1.09,1.50
2011.05.24 17:02:54.964,1.32733,1.3275,1.50,1.50
2011.05.24 17:02:55.190,1.32733,1.32752,1.50,1.50
2011.05.24 17:02:55.850,1.32729,1.3275,1.32,1.50
2011.05.24 17:02:56.290,1.32729,1.32752,1.32,1.50
2011.05.24 17:02:56.400,1.32729,1.32753,1.32,1.50
2011.05.24 17:02:57.441,1.32726,1.32753,1.73,1.50
2011.05.24 17:03:00.490,1.32726,1.32753,1.73,1.50
2011.05.24 17:03:01.179,1.32726,1.32753,1.73,1.50
2011.05.24 17:03:02.283,1.32726,1.32742,1.73,1.50
2011.05.24 17:03:02.404,1.32721,1.32742,1.73,3.00
2011.05.24 17:03:02.631,1.32711,1.3274,3.23,1.50
2011.05.24 17:03:02.743,1.32711,1.32732,3.00,1.50
2011.05.24 17:03:03.741,1.3271,1.3273,1.09,1.50
2011.05.24 17:03:03.964,1.32698,1.32728,1.73,1.43
2011.05.24 17:03:04.420,1.32698,1.32728,1.73,1.43
2011.05.24 17:03:04.536,1.32697,1.32727,1.32,2.25
2011.05.24 17:03:04.652,1.32697,1.32722,1.09,2.25
2011.05.24 17:03:05.199,1.32693,1.32722,1.73,2.25
2011.05.24 17:03:05.420,1.32693,1.32722,1.73,2.25
2011.05.24 17:03:05.861,1.32696,1.32722,1.73,2.25
2011.05.24 17:03:09.140,1.32696,1.32722,1.73,3.75
2011.05.24 17:03:09.708,1.32702,1.32726,1.50,1.50
2011.05.24 17:03:09.825,1.32703,1.32729,1.09,1.50
2011.05.24 17:03:09.944,1.32703,1.32729,1.09,1.50
2011.05.24 17:03:10.281,1.32703,1.32721,1.32,1.50
2011.05.24 17:03:10.393,1.32703,1.32731,1.32,1.50
2011.05.24 17:03:11.390,1.32703,1.32731,1.32,1.50
2011.05.24 17:03:11.613,1.32699,1.32726,1.73,1.50
2011.05.24 17:03:11.733,1.32699,1.32722,1.73,1.50
2011.05.24 17:03:11.842,1.32691,1.32717,1.32,1.50
2011.05.24 17:03:12.173,1.3269,1.32714,1.73,3.75
2011.05.24 17:03:12.511,1.32686,1.32707,1.73,1.50
2011.05.24 17:03:13.061,1.32686,1.32707,1.73,1.50
2011.05.24 17:03:13.170,1.32685,1.32707,1.73,1.50
2011.05.24 17:03:13.722,1.32686,1.32709,1.73,1.50
2011.05.24 17:03:14.621,1.32687,1.32713,1.73,1.50
2011.05.24 17:03:14.736,1.32687,1.32712,1.73,1.50
2011.05.24 17:03:15.292,1.32693,1.32713,1.50,1.50
2011.05.24 17:03:15.852,1.32695,1.32713,1.50,1.50
2011.05.24 17:03:16.404,1.32695,1.32713,1.73,1.50
2011.05.24 17:03:17.001,1.32695,1.32713,2.10,1.50
2011.05.24 17:03:17.221,1.32696,1.32716,1.73,1.50
2011.05.24 17:03:17.662,1.327,1.3272,2.25,1.50
2011.05.24 17:03:17.993,1.32702,1.32723,1.50,1.50
2011.05.24 17:03:18.222,1.327,1.3272,2.25,1.50
2011.05.24 17:03:18.944,1.32696,1.32715,1.73,1.50
2011.05.24 17:03:19.286,1.32681,1.327,1.73,1.50
2011.05.24 17:03:19.403,1.32672,1.32695,1.73,1.50
2011.05.24 17:03:19.526,1.32671,1.32693,1.73,1.50
2011.05.24 17:03:19.970,1.32671,1.32693,1.73,1.50
2011.05.24 17:03:20.193,1.32669,1.32693,1.73,1.50
2011.05.24 17:03:20.533,1.32669,1.32692,1.73,1.50
2011.05.24 17:03:21.531,1.32667,1.32692,4.73,1.50
2011.05.24 17:03:22.101,1.32667,1.32692,3.60,1.50
2011.05.24 17:03:22.431,1.32667,1.32692,3.60,1.50
2011.05.24 17:03:22.761,1.32667,1.32686,4.50,1.50
2011.05.24 17:03:23.420,1.32667,1.32686,4.73,1.50
2011.05.24 17:03:23.640,1.32667,1.32686,4.73,1.50
2011.05.24 17:03:23.971,1.32667,1.32687,4.73,1.50
2011.05.24 17:03:24.441,1.32662,1.3268,1.35,2.25
2011.05.24 17:03:24.555,1.32655,1.32683,1.73,1.84
2011.05.24 17:03:24.673,1.32655,1.32683,1.73,1.84
2011.05.24 17:03:25.231,1.32655,1.32683,1.73,1.84
2011.05.24 17:03:26.123,1.32655,1.32683,1.73,1.84
2011.05.24 17:03:26.790,1.32655,1.32683,1.73,1.50
2011.05.24 17:03:27.013,1.3266,1.32686,1.50,2.46
2011.05.24 17:03:27.350,1.3266,1.32688,1.50,1.78
2011.05.24 17:03:27.570,1.3266,1.32688,1.50,1.78
2011.05.24 17:03:27.680,1.32657,1.32688,3.98,5.50
2011.05.24 17:03:27.790,1.32657,1.32682,1.73,1.43
2011.05.24 17:03:28.013,1.32657,1.32683,1.50,1.84
2011.05.24 17:03:28.132,1.32657,1.32686,1.73,2.53
2011.05.24 17:03:28.572,1.32659,1.32686,1.50,1.78
2011.05.24 17:03:28.791,1.3266,1.32688,2.25,1.50
2011.05.24 17:03:28.901,1.3266,1.3269,1.50,3.00
2011.05.24 17:03:29.422,1.3266,1.3269,1.50,2.59
2011.05.24 17:03:30.746,1.32666,1.32692,1.50,1.03
2011.05.24 17:03:30.863,1.32666,1.32693,1.50,1.03
2011.05.24 17:03:31.202,1.32671,1.32696,1.50,1.78
2011.05.24 17:03:31.531,1.32674,1.32704,1.50,1.50
2011.05.24 17:03:31.750,1.32679,1.32706,1.50,2.25
2011.05.24 17:03:31.972,1.32679,1.32704,1.50,2.59
2011.05.24 17:03:32.302,1.32664,1.32694,2.48,1.50
2011.05.24 17:03:32.409,1.32664,1.32694,2.48,1.50
2011.05.24 17:03:32.520,1.32664,1.32694,1.73,1.50
2011.05.24 17:03:33.069,1.32662,1.32694,2.48,3.00
2011.05.24 17:03:33.511,1.32663,1.32694,1.35,4.50
2011.05.24 17:03:33.843,1.32662,1.32688,1.35,1.50
2011.05.24 17:03:34.071,1.32662,1.32686,1.35,1.50
2011.05.24 17:03:34.179,1.32662,1.32686,1.35,1.50
2011.05.24 17:03:34.732,1.32662,1.32685,1.35,1.50
2011.05.24 17:03:35.366,1.32662,1.32685,1.35,1.50
2011.05.24 17:03:36.290,1.32662,1.32685,1.35,1.50
2011.05.24 17:03:37.830,1.32662,1.32685,1.35,1.50
2011.05.24 17:03:38.160,1.32662,1.32685,1.35,1.50
2011.05.24 17:03:39.021,1.32662,1.32686,1.35,1.50
2011.05.24 17:03:39.243,1.32662,1.32684,1.35,2.25
2011.05.24 17:03:39.353,1.32662,1.32682,1.35,1.50
2011.05.24 17:03:39.580,1.32662,1.32685,1.13,1.50
2011.05.24 17:03:40.020,1.32663,1.32686,1.13,2.25
2011.05.24 17:03:40.351,1.32663,1.32686,1.35,1.50
2011.05.24 17:03:40.461,1.32663,1.32686,1.35,1.50
2011.05.24 17:03:40.790,1.32669,1.32691,1.50,2.25
2011.05.24 17:03:40.901,1.32669,1.32693,1.50,1.78
2011.05.24 17:03:41.123,1.32669,1.32692,1.13,4.84
2011.05.24 17:03:42.034,1.32662,1.3269,1.35,1.50
2011.05.24 17:03:43.141,1.32663,1.32687,1.73,1.09
2011.05.24 17:03:43.253,1.32662,1.32687,1.35,1.09
2011.05.24 17:03:43.811,1.32663,1.32687,1.35,1.84
2011.05.24 17:03:44.031,1.32663,1.32687,1.13,3.34
2011.05.24 17:03:44.141,1.32663,1.32686,1.13,1.50
2011.05.24 17:03:46.600,1.32659,1.32686,1.50,1.50
2011.05.24 17:03:48.709,1.32657,1.32686,3.23,1.50
2011.05.24 17:03:49.261,1.3266,1.32688,1.73,2.93
2011.05.24 17:03:49.810,1.3266,1.32688,2.07,2.25
2011.05.24 17:03:50.370,1.32663,1.32688,1.73,1.50
2011.05.24 17:03:50.920,1.32663,1.32688,1.73,1.50
2011.05.24 17:03:51.507,1.32663,1.32688,1.73,1.50
2011.05.24 17:03:52.940,1.32662,1.32685,1.73,1.50
2011.05.24 17:03:53.162,1.3266,1.32685,1.73,1.50
2011.05.24 17:03:53.281,1.32657,1.32687,2.48,1.50
2011.05.24 17:03:53.610,1.32662,1.32687,1.73,1.50
2011.05.24 17:03:53.940,1.32662,1.32687,2.48,1.50
2011.05.24 17:03:54.491,1.32662,1.32692,2.48,1.50
2011.05.24 17:03:54.601,1.32665,1.32692,1.73,1.50
2011.05.24 17:03:54.711,1.32665,1.32694,1.73,1.50
2011.05.24 17:03:54.822,1.32665,1.32694,1.73,1.50
2011.05.24 17:03:55.042,1.32671,1.32699,1.50,1.50
2011.05.24 17:03:55.153,1.32673,1.327,1.50,1.78
2011.05.24 17:03:55.491,1.32656,1.3268,1.73,1.50
2011.05.24 17:03:55.602,1.32651,1.32679,3.98,1.50
2011.05.24 17:03:55.710,1.32652,1.32679,1.50,1.50
2011.05.24 17:03:55.821,1.32651,1.32679,2.48,1.50
2011.05.24 17:03:57.438,1.32651,1.32681,3.23,1.88
2011.05.24 17:03:57.559,1.32658,1.32682,1.50,1.13
2011.05.24 17:03:57.791,1.32673,1.32691,1.50,1.03
2011.05.24 17:03:57.908,1.32671,1.32695,1.50,1.50
2011.05.24 17:03:58.025,1.32671,1.32699,1.50,3.75
2011.05.24 17:03:58.144,1.32673,1.32699,1.73,1.50
2011.05.24 17:03:58.263,1.32673,1.32701,1.73,2.25
2011.05.24 17:03:58.820,1.32673,1.32701,1.73,1.50
2011.05.24 17:03:59.369,1.32673,1.32704,1.73,2.25
2011.05.24 17:04:00.140,1.32673,1.32702,1.35,1.13
2011.05.24 17:04:00.364,1.32671,1.32697,2.40,1.13
2011.05.24 17:04:00.483,1.32672,1.32699,1.35,1.09
2011.05.24 17:04:00.823,1.32666,1.32684,1.73,1.13
2011.05.24 17:04:00.943,1.32663,1.32683,1.73,1.09
2011.05.24 17:04:01.447,1.32656,1.32681,1.50,2.18
2011.05.24 17:04:01.569,1.32656,1.32679,1.73,1.88
2011.05.24 17:04:02.010,1.32651,1.32676,2.48,1.50
2011.05.24 17:04:02.120,1.32652,1.32677,1.73,1.50
2011.05.24 17:04:03.662,1.32652,1.32678,2.48,1.50
2011.05.24 17:04:03.991,1.32651,1.32679,1.73,1.50
2011.05.24 17:04:04.322,1.32647,1.32673,1.73,1.13
2011.05.24 17:04:04.549,1.32644,1.32672,1.73,1.50
2011.05.24 17:04:05.402,1.32643,1.32671,1.73,1.09
2011.05.24 17:04:05.513,1.32643,1.32672,1.73,1.09
2011.05.24 17:04:05.744,1.32643,1.32672,1.73,1.09
2011.05.24 17:04:06.521,1.32643,1.32673,1.73,2.25
2011.05.24 17:04:07.181,1.32643,1.32671,2.10,1.88
2011.05.24 17:04:07.403,1.32643,1.32671,1.73,3.30
2011.05.24 17:04:07.634,1.32648,1.32672,1.50,2.18
2011.05.24 17:04:07.755,1.32653,1.32673,1.50,1.43
2011.05.24 17:04:08.094,1.32653,1.32677,1.73,1.50
2011.05.24 17:04:10.390,1.32657,1.32681,1.73,2.18
2011.05.24 17:04:10.939,1.32657,1.32683,1.73,2.18
2011.05.24 17:04:11.269,1.32657,1.32683,1.73,2.18
2011.05.24 17:04:11.820,1.32661,1.32683,1.35,2.18
2011.05.24 17:04:12.371,1.32661,1.32679,1.13,1.43
2011.05.24 17:04:12.700,1.32662,1.32676,1.13,1.50
2011.05.24 17:04:12.922,1.32662,1.32678,1.13,1.13
2011.05.24 17:04:13.250,1.32662,1.32677,1.13,1.13
2011.05.24 17:04:14.561,1.32662,1.32679,1.13,3.68
2011.05.24 17:04:14.671,1.32662,1.32679,1.13,1.43
2011.05.24 17:04:14.783,1.32662,1.32686,1.13,1.50
2011.05.24 17:04:14.900,1.32662,1.32686,2.10,1.50
2011.05.24 17:04:16.189,1.32662,1.32686,2.10,1.50
2011.05.24 17:04:16.740,1.32662,1.32686,1.73,1.50
2011.05.24 17:04:17.073,1.32658,1.32684,1.73,2.25
2011.05.24 17:04:17.193,1.32658,1.32684,1.73,3.00
2011.05.24 17:04:17.313,1.32655,1.32683,1.73,1.13
2011.05.24 17:04:17.650,1.32657,1.32683,1.73,1.43
2011.05.24 17:04:17.981,1.32656,1.32681,2.48,1.09
2011.05.24 17:04:18.092,1.32659,1.32685,1.13,2.25
2011.05.24 17:04:18.309,1.32658,1.32685,1.35,2.25
2011.05.24 17:04:18.639,1.32659,1.32685,2.10,2.25
2011.05.24 17:04:19.081,1.32663,1.32685,2.25,1.50
2011.05.24 17:04:19.605,1.32663,1.32693,3.19,1.78
2011.05.24 17:04:21.489,1.32664,1.32693,1.13,2.53
2011.05.24 17:04:21.930,1.32663,1.32692,2.82,1.03
2011.05.24 17:04:22.153,1.32658,1.3269,2.48,1.50
2011.05.24 17:04:23.151,1.32658,1.3269,2.48,1.50
2011.05.24 17:04:23.479,1.32658,1.3269,2.48,1.50
2011.05.24 17:04:23.701,1.32658,1.3269,2.48,1.50
2011.05.24 17:04:23.811,1.32663,1.3269,1.50,1.50
2011.05.24 17:04:24.142,1.32662,1.32689,1.73,1.43
2011.05.24 17:04:24.690,1.32658,1.32689,2.48,1.43
2011.05.24 17:04:25.240,1.32663,1.32689,1.73,1.43
2011.05.24 17:04:26.630,1.32658,1.32689,2.48,1.43
2011.05.24 17:04:27.179,1.32658,1.32689,2.48,1.43
2011.05.24 17:04:27.510,1.32658,1.32689,2.48,1.43
2011.05.24 17:04:27.839,1.32658,1.32689,2.48,1.43
2011.05.24 17:04:28.389,1.32658,1.32686,1.73,1.43
2011.05.24 17:04:29.054,1.32665,1.32688,1.88,2.18
2011.05.24 17:04:29.391,1.32667,1.32691,1.50,1.43
2011.05.24 17:04:30.049,1.32663,1.32691,1.73,1.50
2011.05.24 17:04:30.710,1.32661,1.32691,3.23,2.25
2011.05.24 17:04:31.481,1.32663,1.32691,1.73,1.50
2011.05.24 17:04:32.042,1.32663,1.32691,1.73,1.09
2011.05.24 17:04:32.274,1.32663,1.32688,1.50,1.50
2011.05.24 17:04:32.392,1.32658,1.32684,1.73,1.43
2011.05.24 17:04:32.500,1.32658,1.32684,1.73,2.18
2011.05.24 17:04:33.049,1.32658,1.32684,1.73,3.68
2011.05.24 17:04:33.381,1.32658,1.32684,1.73,4.43
2011.05.24 17:04:33.713,1.32659,1.32687,1.73,1.50
2011.05.24 17:04:34.269,1.3266,1.32687,1.73,1.50
2011.05.24 17:04:35.810,1.3266,1.32687,1.73,1.50
2011.05.24 17:04:36.031,1.3266,1.3269,2.48,2.25
2011.05.24 17:04:36.144,1.3266,1.3269,2.48,1.50
2011.05.24 17:04:36.481,1.32659,1.32685,1.32,4.43
2011.05.24 17:04:36.590,1.32659,1.32684,1.32,2.25
2011.05.24 17:04:38.980,1.32659,1.32685,1.32,3.68
2011.05.24 17:04:39.090,1.32659,1.32685,1.32,2.18
2011.05.24 17:04:39.203,1.32662,1.32685,1.73,2.18
2011.05.24 17:04:39.432,1.32662,1.3269,2.10,1.50
2011.05.24 17:04:39.540,1.32662,1.3269,2.85,1.50
2011.05.24 17:04:39.873,1.32665,1.32692,1.73,1.43
2011.05.24 17:04:39.992,1.32669,1.32697,1.50,1.09
2011.05.24 17:04:40.213,1.32674,1.327,1.50,2.93
2011.05.24 17:04:40.331,1.32674,1.32702,1.50,1.50
2011.05.24 17:04:40.441,1.32674,1.32702,1.73,1.50
2011.05.24 17:04:40.989,1.32673,1.327,1.73,1.43
2011.05.24 17:04:41.321,1.32673,1.32698,1.73,1.50
2011.05.24 17:04:41.651,1.32669,1.3269,1.73,2.18
2011.05.24 17:04:42.406,1.32665,1.32692,1.73,2.93
2011.05.24 17:04:43.741,1.32666,1.32692,2.48,1.43
2011.05.24 17:04:43.961,1.32666,1.32694,3.98,1.09
2011.05.24 17:04:44.070,1.32666,1.32694,3.23,1.84
2011.05.24 17:04:44.401,1.32666,1.32691,2.48,1.50
2011.05.24 17:04:44.949,1.32664,1.32693,1.73,3.68
2011.05.24 17:04:45.743,1.32661,1.32691,1.73,1.09
2011.05.24 17:04:45.861,1.3266,1.32689,2.48,1.09
2011.05.24 17:04:46.081,1.32657,1.32689,1.73,1.09
2011.05.24 17:04:47.824,1.32656,1.32688,3.98,1.50
2011.05.24 17:04:47.938,1.32658,1.32688,1.73,2.25
2011.05.24 17:04:48.490,1.32659,1.32688,2.48,1.50
2011.05.24 17:04:50.229,1.32665,1.3269,2.48,1.50
2011.05.24 17:04:50.450,1.32665,1.32694,1.50,4.09
2011.05.24 17:04:50.892,1.32662,1.32689,1.73,2.93
2011.05.24 17:04:51.503,1.3266,1.32689,2.85,2.93
2011.05.24 17:04:51.730,1.32663,1.32689,1.73,2.93
2011.05.24 17:04:51.842,1.32665,1.32689,1.73,1.43
2011.05.24 17:04:52.393,1.32667,1.32692,2.25,1.09
2011.05.24 17:04:52.841,1.32667,1.32692,2.25,1.09
2011.05.24 17:04:53.062,1.32667,1.32696,3.98,1.50
2011.05.24 17:04:53.816,1.32667,1.32696,3.98,1.50
2011.05.24 17:04:53.937,1.32667,1.32693,2.48,1.43
2011.05.24 17:04:54.492,1.3267,1.32693,2.25,1.43
2011.05.24 17:04:54.610,1.3267,1.32698,2.25,1.50
2011.05.24 17:04:54.720,1.3267,1.327,1.73,1.37
2011.05.24 17:04:54.941,1.32667,1.32697,3.98,1.43
2011.05.24 17:04:55.381,1.32674,1.32699,1.50,1.84
2011.05.24 17:04:55.602,1.32674,1.32702,1.50,1.50
2011.05.24 17:04:56.051,1.32674,1.32703,1.73,1.50
2011.05.24 17:04:57.619,1.32678,1.32703,1.50,1.50
2011.05.24 17:04:57.731,1.32678,1.32703,1.50,1.50
2011.05.24 17:04:58.500,1.32679,1.32706,1.50,1.50
2011.05.24 17:04:59.152,1.32679,1.32707,1.50,2.25
2011.05.24 17:05:00.142,1.32677,1.32707,2.25,1.50
2011.05.24 17:05:00.689,1.32677,1.32705,2.25,2.18
2011.05.24 17:05:01.240,1.32677,1.32705,3.00,2.18
2011.05.24 17:05:01.350,1.32677,1.32705,3.00,2.18
2011.05.24 17:05:01.901,1.32677,1.32705,2.48,2.25
2011.05.24 17:05:03.512,1.32683,1.32705,1.50,3.68
2011.05.24 17:05:03.632,1.32683,1.32708,1.50,1.50
2011.05.24 17:05:03.740,1.32683,1.32711,2.25,2.25
2011.05.24 17:05:03.852,1.32686,1.32711,2.25,2.25
2011.05.24 17:05:03.959,1.32686,1.32711,2.25,1.50
2011.05.24 17:05:04.620,1.32683,1.32711,1.50,2.18
2011.05.24 17:05:05.280,1.32683,1.32711,1.50,2.93
2011.05.24 17:05:05.817,1.32681,1.32711,1.13,3.68
2011.05.24 17:05:06.370,1.3268,1.3271,3.23,2.18
2011.05.24 17:05:06.812,1.3268,1.32711,2.85,2.93
2011.05.24 17:05:07.141,1.32682,1.32709,1.73,1.43
2011.05.24 17:05:07.690,1.32683,1.32711,1.73,2.93
2011.05.24 17:05:09.230,1.32683,1.32711,1.73,2.18
2011.05.24 17:05:09.781,1.32683,1.32711,2.85,3.68
2011.05.24 17:05:09.892,1.3269,1.32711,1.50,1.50
2011.05.24 17:05:10.768,1.32691,1.32713,1.73,1.09
2011.05.24 17:05:10.880,1.32691,1.32713,1.50,1.09
2011.05.24 17:05:11.901,1.32696,1.32719,2.48,1.50
2011.05.24 17:05:12.121,1.32695,1.3272,1.73,1.50
2011.05.24 17:05:12.670,1.32695,1.3272,1.50,1.50
2011.05.24 17:05:13.002,1.32695,1.3272,1.73,3.00
2011.05.24 17:05:13.330,1.32691,1.32714,1.50,2.18
2011.05.24 17:05:15.200,1.32691,1.32715,1.73,2.25
2011.05.24 17:05:15.754,1.32694,1.32717,1.73,1.43
2011.05.24 17:05:15.874,1.32694,1.32722,1.73,1.50
2011.05.24 17:05:16.458,1.32696,1.32726,2.48,1.09
2011.05.24 17:05:16.570,1.32696,1.32727,1.73,1.50
2011.05.24 17:05:17.121,1.32697,1.32727,2.48,1.84
2011.05.24 17:05:17.230,1.32699,1.32727,1.73,1.84
2011.05.24 17:05:17.673,1.32698,1.32727,1.73,1.84
2011.05.24 17:05:17.791,1.32695,1.32721,1.73,2.18
2011.05.24 17:05:18.124,1.32693,1.32717,1.73,1.50
2011.05.24 17:05:18.463,1.32702,1.32717,1.50,1.09
2011.05.24 17:05:18.692,1.32699,1.32723,1.13,1.50
2011.05.24 17:05:18.801,1.32697,1.32723,1.13,2.25
2011.05.24 17:05:19.132,1.32696,1.32724,1.35,2.25
2011.05.24 17:05:19.350,1.32698,1.32727,1.73,1.84
2011.05.24 17:05:19.460,1.32698,1.32727,1.73,1.84
2011.05.24 17:05:19.900,1.32698,1.32727,1.73,2.59
2011.05.24 17:05:20.011,1.32698,1.32727,1.73,1.84
2011.05.24 17:05:20.449,1.32698,1.32727,1.73,1.09
2011.05.24 17:05:20.670,1.32697,1.32727,4.73,1.09
2011.05.24 17:05:21.425,1.32697,1.32726,5.48,1.50
2011.05.24 17:05:21.980,1.32695,1.32723,2.48,1.50
2011.05.24 17:05:22.621,1.32695,1.32723,1.73,2.25
2011.05.24 17:05:23.951,1.32698,1.32723,1.73,1.50
2011.05.24 17:05:24.280,1.32698,1.32725,1.73,1.09
2011.05.24 17:05:25.481,1.32698,1.32725,1.73,1.09
2011.05.24 17:05:27.058,1.32697,1.32724,3.23,1.50
2011.05.24 17:05:27.661,1.32698,1.32726,1.73,3.00
2011.05.24 17:05:28.244,1.32698,1.32723,1.73,1.09
2011.05.24 17:05:28.801,1.32697,1.32723,3.23,1.09
2011.05.24 17:05:30.671,1.32698,1.32724,1.73,1.09
2011.05.24 17:05:30.892,1.32706,1.32732,1.50,1.03
2011.05.24 17:05:31.331,1.32706,1.32733,3.23,1.09
2011.05.24 17:05:31.879,1.32706,1.32733,1.73,1.09
2011.05.24 17:05:32.432,1.32706,1.32733,1.73,1.84
2011.05.24 17:05:32.761,1.32699,1.32733,3.90,2.59
2011.05.24 17:05:32.873,1.32699,1.32728,3.15,1.50
2011.05.24 17:05:32.992,1.32698,1.32725,1.73,1.09
2011.05.24 17:05:33.113,1.32697,1.32724,2.48,2.59
2011.05.24 17:05:33.451,1.327,1.32724,1.50,1.09
2011.05.24 17:05:35.360,1.32697,1.32724,2.48,1.84
2011.05.24 17:05:35.471,1.32697,1.32724,2.48,1.09
2011.05.24 17:05:36.770,1.32693,1.32723,2.48,2.25
2011.05.24 17:05:36.883,1.32694,1.32723,1.73,1.50
2011.05.24 17:05:38.523,1.32697,1.32724,2.48,1.84
2011.05.24 17:05:38.852,1.32695,1.32724,1.73,2.59
2011.05.24 17:05:39.399,1.32693,1.32724,2.48,2.59
2011.05.24 17:05:40.263,1.32693,1.32724,2.48,2.59
2011.05.24 17:05:42.921,1.32695,1.32722,1.73,3.00
2011.05.24 17:05:43.030,1.32695,1.3272,1.73,1.50
2011.05.24 17:05:44.240,1.32697,1.32721,1.50,1.50
2011.05.24 17:05:47.309,1.32696,1.32722,1.50,1.50
2011.05.24 17:05:47.420,1.32695,1.32723,1.50,2.25
2011.05.24 17:05:50.422,1.32692,1.32723,2.48,3.75
2011.05.24 17:05:51.223,1.32692,1.32723,2.48,4.50
2011.05.24 17:05:56.949,1.32692,1.32723,2.48,1.50
2011.05.24 17:05:58.841,1.32697,1.32724,3.00,1.09
2011.05.24 17:05:59.390,1.32697,1.32722,2.25,1.50
2011.05.24 17:05:59.719,1.32697,1.32723,2.25,1.50
2011.05.24 17:06:00.270,1.32692,1.32722,2.48,1.50
2011.05.24 17:06:00.380,1.32692,1.32722,2.48,1.50
2011.05.24 17:06:00.821,1.32698,1.32725,1.50,3.54
2011.05.24 17:06:01.436,1.32692,1.32723,3.23,3.00
2011.05.24 17:06:01.989,1.32692,1.32723,2.48,3.00
2011.05.24 17:06:02.540,1.32692,1.32723,2.48,3.00
2011.05.24 17:06:06.090,1.32692,1.32723,3.23,2.25
2011.05.24 17:06:07.310,1.32697,1.32723,1.50,1.50
2011.05.24 17:06:07.875,1.32697,1.32723,1.73,2.25
2011.05.24 17:06:07.991,1.32697,1.32723,1.73,1.50
2011.05.24 17:06:08.321,1.32704,1.32729,1.50,1.78
2011.05.24 17:06:09.070,1.32704,1.32732,1.50,1.50
2011.05.24 17:06:09.672,1.32702,1.32733,1.73,3.00
2011.05.24 17:06:10.221,1.32706,1.32734,1.50,1.37
2011.05.24 17:06:10.331,1.32706,1.32735,1.50,2.79
2011.05.24 17:06:10.443,1.32706,1.32735,1.50,1.37
2011.05.24 17:06:10.784,1.32706,1.32736,1.50,1.50
2011.05.24 17:06:11.340,1.32706,1.32736,1.50,1.50
2011.05.24 17:06:13.505,1.32708,1.32736,1.50,2.25
2011.05.24 17:06:13.951,1.32703,1.32734,1.73,3.00
2011.05.24 17:06:14.176,1.32703,1.32733,1.73,4.09
2011.05.24 17:06:14.403,1.32703,1.3273,1.73,1.50
2011.05.24 17:06:14.961,1.32699,1.32729,1.73,1.84
2011.05.24 17:06:15.070,1.32699,1.32729,1.73,1.09
2011.05.24 17:06:15.730,1.32697,1.32729,2.48,1.09
2011.05.24 17:06:17.656,1.32697,1.32728,3.23,1.09
2011.05.24 17:06:17.779,1.32698,1.32728,1.73,1.09
2011.05.24 17:06:18.551,1.32698,1.32728,3.23,1.09
2011.05.24 17:06:19.213,1.32698,1.32728,2.48,1.09
2011.05.24 17:06:19.880,1.32698,1.32728,1.73,1.09
2011.05.24 17:06:20.430,1.32697,1.32728,3.23,1.84
2011.05.24 17:06:22.027,1.32697,1.32727,3.98,1.50
2011.05.24 17:06:23.472,1.32697,1.32727,3.23,2.25
2011.05.24 17:06:23.690,1.32697,1.32727,3.23,2.25
2011.05.24 17:06:25.990,1.32697,1.32727,3.23,1.50
2011.05.24 17:06:26.212,1.32699,1.32727,1.35,1.50
2011.05.24 17:06:26.759,1.32699,1.32727,1.35,1.50
2011.05.24 17:06:26.869,1.32699,1.32727,1.13,1.50
2011.05.24 17:06:27.677,1.32699,1.32727,1.35,1.50
2011.05.24 17:06:28.230,1.327,1.32728,1.73,1.50
2011.05.24 17:06:29.312,1.32699,1.32728,1.35,2.25
2011.05.24 17:06:29.751,1.32698,1.32728,2.10,3.00
2011.05.24 17:06:30.301,1.32698,1.32728,2.10,3.00
2011.05.24 17:06:32.170,1.327,1.32728,1.73,1.50
2011.05.24 17:06:32.280,1.327,1.32728,1.73,1.50
2011.05.24 17:06:32.829,1.327,1.3273,1.73,2.25
2011.05.24 17:06:33.600,1.327,1.3273,1.73,1.50
2011.05.24 17:06:35.679,1.327,1.3273,1.73,1.50
2011.05.24 17:06:39.399,1.32699,1.32729,1.35,1.50
2011.05.24 17:06:45.092,1.32699,1.32727,1.35,1.09
2011.05.24 17:06:45.320,1.32699,1.32725,1.35,1.50
2011.05.24 17:06:45.944,1.32699,1.32726,1.13,2.25
2011.05.24 17:06:47.090,1.32699,1.32726,1.13,1.50
2011.05.24 17:06:47.749,1.32699,1.32727,1.13,2.59
2011.05.24 17:06:49.069,1.32698,1.32727,1.35,2.59
2011.05.24 17:06:49.401,1.32698,1.32726,1.13,2.59
2011.05.24 17:06:49.949,1.32698,1.32726,1.35,1.84
2011.05.24 17:06:50.499,1.32698,1.32726,1.35,3.34
2011.05.24 17:06:51.049,1.32698,1.32726,1.35,1.84
2011.05.24 17:06:51.982,1.32698,1.32726,1.35,1.09
2011.05.24 17:06:52.421,1.32698,1.32727,1.35,3.00
2011.05.24 17:06:52.535,1.32697,1.32725,2.25,1.84
2011.05.24 17:06:53.090,1.32694,1.32723,1.50,2.25
2011.05.24 17:06:55.374,1.32697,1.32725,2.25,1.84
2011.05.24 17:06:59.070,1.32697,1.32725,2.25,3.34
2011.05.24 17:06:59.627,1.32697,1.32722,2.25,1.50
2011.05.24 17:07:00.290,1.32697,1.3272,2.25,1.50
2011.05.24 17:07:00.810,1.32697,1.3272,2.25,1.50
2011.05.24 17:07:01.362,1.32697,1.32721,2.25,1.84
2011.05.24 17:07:01.940,1.32697,1.32721,2.25,1.09
2011.05.24 17:07:02.696,1.32697,1.32721,2.25,2.25
2011.05.24 17:07:03.252,1.32697,1.32721,2.25,2.25
2011.05.24 17:07:03.800,1.32697,1.32721,2.25,2.25
2011.05.24 17:07:05.449,1.32694,1.32721,1.50,2.25
2011.05.24 17:07:06.207,1.32694,1.32721,1.50,2.25
2011.05.24 17:07:06.763,1.32694,1.32721,1.50,1.50
2011.05.24 17:07:06.980,1.32694,1.32721,1.50,1.50
2011.05.24 17:07:07.357,1.32696,1.32722,2.25,2.25
2011.05.24 17:07:08.230,1.32696,1.32722,2.25,1.50
2011.05.24 17:07:08.780,1.32696,1.32722,2.25,1.50
2011.05.24 17:07:08.890,1.32696,1.32722,2.25,1.50
2011.05.24 17:07:09.461,1.32696,1.32723,2.25,3.00
2011.05.24 17:07:09.569,1.32696,1.32723,2.25,2.25
2011.05.24 17:07:10.327,1.32696,1.32723,3.00,2.25
2011.05.24 17:07:18.012,1.32696,1.32725,3.00,2.59
2011.05.24 17:07:19.535,1.32696,1.32723,2.25,1.50
2011.05.24 17:07:20.091,1.32696,1.32722,2.25,1.50
2011.05.24 17:07:20.313,1.32696,1.32724,2.25,2.25
2011.05.24 17:07:20.874,1.32696,1.32724,3.00,2.25
2011.05.24 17:07:21.430,1.32696,1.32722,1.50,1.50
2011.05.24 17:07:21.761,1.327,1.32722,1.50,1.50
2011.05.24 17:07:21.981,1.327,1.32725,1.50,1.09
2011.05.24 17:07:22.090,1.327,1.32725,1.50,1.09
2011.05.24 17:07:23.303,1.32697,1.32726,2.25,1.09
2011.05.24 17:07:24.410,1.32696,1.32722,3.00,1.50
2011.05.24 17:07:24.631,1.32699,1.32722,1.50,2.25
2011.05.24 17:07:24.852,1.32699,1.32724,1.50,1.50
2011.05.24 17:07:25.292,1.32705,1.3273,1.50,2.53
2011.05.24 17:07:26.111,1.32705,1.3273,1.50,3.28
2011.05.24 17:07:27.298,1.32705,1.32726,1.50,1.50
2011.05.24 17:07:27.416,1.32697,1.32723,1.50,1.09
2011.05.24 17:07:27.972,1.32697,1.32723,1.50,2.59
2011.05.24 17:07:28.521,1.32697,1.32723,1.50,1.84
2011.05.24 17:07:29.127,1.32697,1.32723,1.50,2.59
2011.05.24 17:07:29.460,1.32697,1.32723,1.50,1.84
2011.05.24 17:07:30.142,1.32696,1.32723,2.25,1.84
2011.05.24 17:07:30.471,1.32696,1.32721,1.50,3.00
2011.05.24 17:07:30.580,1.32692,1.32721,1.50,3.00
2011.05.24 17:07:30.910,1.32692,1.32721,1.50,2.25
2011.05.24 17:07:31.459,1.32692,1.32721,1.50,2.25
2011.05.24 17:07:32.330,1.32692,1.32721,1.50,3.00
2011.05.24 17:07:33.230,1.32692,1.32721,1.50,3.00
2011.05.24 17:07:34.000,1.32693,1.3272,1.50,1.50
2011.05.24 17:07:40.959,1.32696,1.3272,1.50,1.50
2011.05.24 17:07:41.509,1.32693,1.32721,1.50,1.50
2011.05.24 17:07:41.621,1.32693,1.3272,1.50,1.50
2011.05.24 17:07:42.267,1.32693,1.32721,1.50,1.09
2011.05.24 17:07:42.386,1.32693,1.32721,1.50,1.09
2011.05.24 17:07:43.161,1.32693,1.32721,1.50,1.09
2011.05.24 17:07:43.861,1.32691,1.32721,1.50,1.84
2011.05.24 17:07:44.409,1.32691,1.3272,1.50,1.37
2011.05.24 17:07:45.662,1.32689,1.3272,1.73,2.49
2011.05.24 17:07:45.774,1.32689,1.32718,1.73,4.84
2011.05.24 17:07:46.000,1.32685,1.32715,1.73,1.50
2011.05.24 17:07:46.221,1.32683,1.32711,2.48,1.50
2011.05.24 17:07:46.769,1.3268,1.32708,1.73,1.50
2011.05.24 17:07:46.880,1.3268,1.32708,1.73,1.50
2011.05.24 17:07:47.840,1.3268,1.3271,1.73,1.50
2011.05.24 17:07:49.699,1.32688,1.32712,1.50,1.50
2011.05.24 17:07:50.250,1.32687,1.32714,3.00,1.09
2011.05.24 17:07:50.581,1.32687,1.32713,3.00,2.25
2011.05.24 17:07:50.912,1.3268,1.32701,1.50,1.50
2011.05.24 17:07:51.136,1.3268,1.32703,1.50,2.25
2011.05.24 17:07:51.473,1.3268,1.32705,1.50,1.50
2011.05.24 17:07:51.592,1.3268,1.32705,1.50,1.50
2011.05.24 17:07:51.713,1.3268,1.32705,1.50,1.50
2011.05.24 17:07:52.161,1.32685,1.32706,1.50,1.50
2011.05.24 17:07:53.140,1.32682,1.3271,1.50,2.25
2011.05.24 17:07:53.482,1.32686,1.32711,1.73,1.09
2011.05.24 17:07:54.030,1.32686,1.32711,2.48,1.09
2011.05.24 17:07:55.130,1.32686,1.32711,2.85,1.09
2011.05.24 17:07:56.552,1.3269,1.32717,1.73,2.25
2011.05.24 17:07:56.882,1.3269,1.32719,1.50,2.63
2011.05.24 17:07:56.991,1.32691,1.3272,1.50,1.50
2011.05.24 17:07:57.717,1.32688,1.32721,4.35,3.75
2011.05.24 17:07:58.053,1.32686,1.32708,1.50,1.50
2011.05.24 17:07:58.392,1.32686,1.32708,1.50,1.84
2011.05.24 17:07:58.612,1.32686,1.32708,1.50,1.50
2011.05.24 17:07:58.721,1.32686,1.32709,1.50,1.50
2011.05.24 17:07:59.052,1.32684,1.32702,1.50,1.88
2011.05.24 17:07:59.163,1.32678,1.32701,3.98,2.25
2011.05.24 17:07:59.391,1.32678,1.32702,1.88,1.09
2011.05.24 17:07:59.502,1.32679,1.32703,1.88,2.18
2011.05.24 17:07:59.722,1.32681,1.32709,1.50,1.50
2011.05.24 17:08:00.052,1.32681,1.3271,1.73,2.59
2011.05.24 17:08:00.274,1.32682,1.3271,2.48,1.84
2011.05.24 17:08:00.393,1.32682,1.32711,1.73,1.09
2011.05.24 17:08:00.941,1.32681,1.32706,1.73,1.50
2011.05.24 17:08:01.496,1.32677,1.32702,1.73,2.59
2011.05.24 17:08:01.614,1.32675,1.32701,1.73,1.09
2011.05.24 17:08:01.735,1.32675,1.32697,1.50,1.13
2011.05.24 17:08:01.854,1.32675,1.32698,1.73,1.80
2011.05.24 17:08:02.411,1.32674,1.32693,1.50,1.13
2011.05.24 17:08:02.528,1.32675,1.32691,1.50,2.59
2011.05.24 17:08:02.645,1.32661,1.32683,1.73,5.59
2011.05.24 17:08:02.882,1.32645,1.32664,1.50,2.25
2011.05.24 17:08:03.102,1.32639,1.32663,1.73,2.25
2011.05.24 17:08:03.760,1.32639,1.32663,1.73,2.25
2011.05.24 17:08:05.750,1.32639,1.32662,1.73,1.50
2011.05.24 17:08:06.300,1.32639,1.32662,1.73,1.50
2011.05.24 17:08:06.960,1.32639,1.32665,1.73,1.50
2011.05.24 17:08:07.509,1.3264,1.32665,1.73,1.50
2011.05.24 17:08:07.951,1.3264,1.32661,1.50,1.09
2011.05.24 17:08:08.284,1.32626,1.32649,1.73,1.43
2011.05.24 17:08:08.403,1.32624,1.32649,1.73,1.50
2011.05.24 17:08:08.522,1.32623,1.32649,1.73,2.18
2011.05.24 17:08:08.851,1.32623,1.3265,1.73,2.93
2011.05.24 17:08:09.072,1.32623,1.3265,2.48,1.43
2011.05.24 17:08:09.181,1.32626,1.32653,1.73,1.03
2011.05.24 17:08:09.511,1.32625,1.32655,1.73,1.84
2011.05.24 17:08:10.096,1.32625,1.32657,2.48,2.46
2011.05.24 17:08:10.216,1.32629,1.3266,1.35,1.50
2011.05.24 17:08:11.100,1.32631,1.32661,1.73,2.59
2011.05.24 17:08:11.216,1.32636,1.32661,1.13,1.84
2011.05.24 17:08:11.773,1.32632,1.32661,1.35,1.09
2011.05.24 17:08:11.891,1.32629,1.32661,2.10,1.09
2011.05.24 17:08:12.002,1.32629,1.3266,1.73,1.50
2011.05.24 17:08:12.220,1.32629,1.32659,1.73,1.50
2011.05.24 17:08:12.819,1.32629,1.32659,1.73,1.50
2011.05.24 17:08:13.151,1.32629,1.32658,1.73,1.50
2011.05.24 17:08:13.700,1.32629,1.32659,3.23,2.18
2011.05.24 17:08:13.810,1.32629,1.32661,3.23,4.43
2011.05.24 17:08:14.695,1.32632,1.32654,1.73,1.50
2011.05.24 17:08:15.246,1.32624,1.32652,1.73,2.18
2011.05.24 17:08:15.800,1.32624,1.32652,1.73,2.18
2011.05.24 17:08:17.452,1.32627,1.32652,1.73,1.77
2011.05.24 17:08:17.562,1.32629,1.32652,1.73,1.43
2011.05.24 17:08:17.672,1.32629,1.32657,1.73,1.09
2011.05.24 17:08:18.962,1.32628,1.32658,3.90,1.50
2011.05.24 17:08:19.510,1.32633,1.32661,1.73,1.50
2011.05.24 17:08:19.731,1.32635,1.32661,1.73,2.25
2011.05.24 17:08:22.487,1.32635,1.32661,1.73,2.25
2011.05.24 17:08:22.600,1.32635,1.32661,1.73,2.25
2011.05.24 17:08:23.372,1.32635,1.32662,1.73,2.12
2011.05.24 17:08:23.483,1.32629,1.32661,1.73,1.50
2011.05.24 17:08:23.603,1.32629,1.32654,1.73,4.09
2011.05.24 17:08:23.725,1.32628,1.32652,1.73,2.18
2011.05.24 17:08:23.841,1.32628,1.32649,1.73,1.84
2011.05.24 17:08:24.172,1.32624,1.32649,1.73,2.59
2011.05.24 17:08:24.830,1.32623,1.32649,1.73,1.09
2011.05.24 17:08:25.820,1.3262,1.3265,2.48,2.52
2011.05.24 17:08:26.152,1.32619,1.32647,1.73,1.43
2011.05.24 17:08:28.392,1.32619,1.32644,1.73,2.59
2011.05.24 17:08:31.241,1.32621,1.32646,1.73,1.43
2011.05.24 17:08:31.463,1.32624,1.32653,1.73,3.62
2011.05.24 17:08:31.680,1.32624,1.32653,3.23,1.09
2011.05.24 17:08:32.010,1.32624,1.32653,1.73,2.59
2011.05.24 17:08:32.340,1.32624,1.32652,1.73,1.43
2011.05.24 17:08:32.892,1.32623,1.32653,1.73,1.09
2011.05.24 17:08:33.003,1.32631,1.32654,1.50,1.50
2011.05.24 17:08:33.122,1.32632,1.3266,1.50,3.21
2011.05.24 17:08:33.233,1.32632,1.3266,1.50,2.08
2011.05.24 17:08:33.681,1.32631,1.32658,1.50,1.50
2011.05.24 17:08:33.797,1.32631,1.32659,1.73,1.50
2011.05.24 17:08:34.024,1.32632,1.3266,1.73,1.50
2011.05.24 17:08:34.142,1.32631,1.32662,1.73,3.00
2011.05.24 17:08:34.470,1.32638,1.32659,1.73,2.52
2011.05.24 17:08:34.911,1.32638,1.32659,1.73,2.52
2011.05.24 17:08:35.240,1.32639,1.3266,1.73,1.09
2011.05.24 17:08:35.919,1.32639,1.32663,1.73,3.58
2011.05.24 17:08:36.360,1.32638,1.32661,1.73,1.40
2011.05.24 17:08:36.471,1.32638,1.3266,1.73,1.36
2011.05.24 17:08:36.692,1.32639,1.32657,1.73,1.50
2011.05.24 17:08:37.022,1.32625,1.32654,1.73,6.92
2011.05.24 17:08:37.133,1.32628,1.32648,1.73,1.40
2011.05.24 17:08:37.243,1.32628,1.32649,1.73,1.09
2011.05.24 17:08:37.362,1.32623,1.32651,1.73,1.40
2011.05.24 17:08:39.576,1.32623,1.32654,1.73,1.40
2011.05.24 17:08:39.693,1.32622,1.32651,1.73,1.40
2011.05.24 17:08:39.815,1.32619,1.32648,1.73,1.84
2011.05.24 17:08:39.932,1.32619,1.32646,1.73,2.15
2011.05.24 17:08:40.482,1.32618,1.32646,1.73,2.15
2011.05.24 17:08:41.234,1.32618,1.32646,1.73,2.49
2011.05.24 17:08:41.355,1.32617,1.32647,2.48,1.50
2011.05.24 17:08:41.690,1.32617,1.32648,3.23,3.00
2011.05.24 17:08:42.241,1.32617,1.32648,3.23,3.00
2011.05.24 17:08:42.904,1.32625,1.3265,1.50,2.46
2011.05.24 17:08:43.025,1.32625,1.32651,1.50,1.50
2011.05.24 17:08:43.998,1.32631,1.32652,1.50,1.09
2011.05.24 17:08:44.550,1.32631,1.32652,1.50,1.09
2011.05.24 17:08:45.670,1.32631,1.32652,1.50,1.09
2011.05.24 17:08:46.000,1.32628,1.32654,1.73,1.09
2011.05.24 17:08:46.549,1.32628,1.32653,1.73,1.09
2011.05.24 17:08:46.883,1.32628,1.32651,1.50,2.15
2011.05.24 17:08:47.001,1.32624,1.32651,1.73,1.40
2011.05.24 17:08:47.220,1.32624,1.32649,1.50,1.50
2011.05.24 17:08:47.789,1.32622,1.32646,1.73,2.15
2011.05.24 17:08:48.770,1.32622,1.32644,1.73,1.50
2011.05.24 17:08:50.420,1.32622,1.32645,1.73,1.84
2011.05.24 17:08:50.970,1.32625,1.32645,1.50,1.09
2011.05.24 17:08:51.411,1.32625,1.32645,1.50,1.09
2011.05.24 17:08:51.633,1.32625,1.32646,1.50,1.09
2011.05.24 17:08:52.168,1.32627,1.32649,1.50,1.03
2011.05.24 17:08:52.286,1.32627,1.32653,1.73,1.09
2011.05.24 17:08:52.400,1.32627,1.32653,1.50,1.09
2011.05.24 17:08:53.582,1.32628,1.32657,1.73,1.50
2011.05.24 17:09:04.601,1.32628,1.32657,2.48,2.46
2011.05.24 17:09:04.934,1.32629,1.32657,1.50,2.87
2011.05.24 17:09:05.495,1.32623,1.32641,1.73,2.55
2011.05.24 17:09:06.033,1.32621,1.3264,1.50,1.84
2011.05.24 17:09:06.147,1.32617,1.3264,1.73,1.84
2011.05.24 17:09:06.481,1.32617,1.3264,1.73,1.84
2011.05.24 17:09:07.030,1.32617,1.3264,1.50,1.84
2011.05.24 17:09:07.586,1.3262,1.32641,1.73,1.84
2011.05.24 17:09:09.242,1.32618,1.32643,1.50,1.13
2011.05.24 17:09:09.350,1.32617,1.32643,1.50,1.13
2011.05.24 17:09:09.467,1.32617,1.32644,1.50,1.50
2011.05.24 17:09:09.692,1.32618,1.32646,1.73,1.50
2011.05.24 17:09:10.024,1.32617,1.32647,4.73,1.50
2011.05.24 17:09:10.141,1.32617,1.32647,3.98,1.50
2011.05.24 17:09:10.470,1.32616,1.32643,1.73,1.13
2011.05.24 17:09:10.911,1.32616,1.32643,1.73,1.13
2011.05.24 17:09:12.550,1.32617,1.32644,1.73,1.88
2011.05.24 17:09:13.101,1.32619,1.32642,1.50,1.09
2011.05.24 17:09:15.850,1.32619,1.32642,1.50,2.59
2011.05.24 17:09:16.401,1.32619,1.32642,1.50,1.09
2011.05.24 17:09:17.060,1.32616,1.32642,1.73,1.09
2011.05.24 17:09:19.883,1.32616,1.32642,1.73,1.50
2011.05.24 17:09:20.221,1.32616,1.32643,1.73,3.00
2011.05.24 17:09:20.441,1.32619,1.32646,2.10,2.59
2011.05.24 17:09:21.116,1.32625,1.3265,1.73,1.84
2011.05.24 17:09:21.560,1.32625,1.3265,1.73,1.50
2011.05.24 17:09:21.670,1.32625,1.3265,1.73,1.50
2011.05.24 17:09:21.890,1.32625,1.3265,1.73,1.50
2011.05.24 17:09:22.659,1.32625,1.3265,1.73,1.50
2011.05.24 17:09:23.209,1.32625,1.3265,1.73,1.50
2011.05.24 17:09:24.870,1.32625,1.3265,1.73,1.50
2011.05.24 17:09:26.960,1.32625,1.3265,2.10,2.25
2011.05.24 17:09:27.072,1.32625,1.3265,1.73,1.50
2011.05.24 17:09:27.527,1.32625,1.32649,1.73,1.88
2011.05.24 17:09:27.647,1.32622,1.32649,1.73,1.47
2011.05.24 17:09:27.763,1.32622,1.32649,1.73,1.50
2011.05.24 17:09:30.500,1.32622,1.32652,1.73,2.25
2011.05.24 17:09:30.612,1.32622,1.32651,2.48,1.50
2011.05.24 17:09:30.831,1.32629,1.32656,1.50,2.59
2011.05.24 17:09:31.383,1.32631,1.32659,1.73,1.50
2011.05.24 17:09:31.721,1.32631,1.32659,1.73,1.50
2011.05.24 17:09:32.272,1.32631,1.32659,1.73,1.50
2011.05.24 17:09:32.380,1.3263,1.32659,2.85,1.50
2011.05.24 17:09:32.490,1.3263,1.32659,2.48,1.50
2011.05.24 17:09:32.823,1.32638,1.32665,1.50,2.25
2011.05.24 17:09:32.941,1.32638,1.32665,1.50,1.50
2011.05.24 17:09:33.956,1.32638,1.32665,1.50,1.50
2011.05.24 17:09:34.072,1.32638,1.32665,1.50,1.50
2011.05.24 17:09:35.090,1.32638,1.32667,1.73,1.50
2011.05.24 17:09:35.309,1.32638,1.32667,1.73,2.25
2011.05.24 17:09:35.860,1.32638,1.32667,1.73,2.25
2011.05.24 17:09:36.409,1.32638,1.32667,1.73,2.25
2011.05.24 17:09:36.740,1.32638,1.32667,1.73,1.50
2011.05.24 17:09:36.960,1.32638,1.32667,1.73,1.50
2011.05.24 17:09:37.620,1.32639,1.32667,2.40,1.50
2011.05.24 17:09:37.730,1.32639,1.32671,2.40,3.38
2011.05.24 17:09:39.610,1.32637,1.32669,1.73,2.25
2011.05.24 17:09:39.724,1.32637,1.32669,1.73,4.43
2011.05.24 17:09:39.952,1.32637,1.32667,3.23,1.50
2011.05.24 17:09:40.500,1.32637,1.32669,3.23,4.43
2011.05.24 17:09:41.520,1.32637,1.32667,3.23,1.50
2011.05.24 17:09:42.533,1.32637,1.32667,3.23,1.50
2011.05.24 17:09:42.861,1.32637,1.32669,3.23,5.93
2011.05.24 17:09:45.210,1.32637,1.32664,1.73,3.00
2011.05.24 17:09:46.640,1.32637,1.32664,1.73,3.00
2011.05.24 17:09:47.190,1.32637,1.32664,2.48,3.00
2011.05.24 17:09:49.950,1.32639,1.32664,1.50,2.25
2011.05.24 17:09:50.170,1.32638,1.32664,1.73,3.68
2011.05.24 17:09:50.502,1.32641,1.32666,1.50,1.84
2011.05.24 17:09:50.721,1.32641,1.32668,1.50,2.25
2011.05.24 17:09:52.489,1.32639,1.32669,2.48,1.47
2011.05.24 17:09:53.040,1.32639,1.32666,1.73,1.50
2011.05.24 17:09:53.376,1.32641,1.32668,1.73,1.50
2011.05.24 17:09:53.492,1.32641,1.32669,2.48,1.09
2011.05.24 17:09:53.602,1.32645,1.3267,1.50,1.84
2011.05.24 17:09:53.931,1.32645,1.3267,1.73,1.84
2011.05.24 17:09:54.480,1.32645,1.32673,2.48,3.00
2011.05.24 17:09:54.813,1.32645,1.32673,1.73,2.25
2011.05.24 17:09:55.152,1.32642,1.32666,2.48,1.50
2011.05.24 17:09:55.266,1.32642,1.32666,2.48,1.50
2011.05.24 17:09:55.381,1.32642,1.32666,2.48,1.50
2011.05.24 17:09:56.088,1.32642,1.32665,1.73,2.18
2011.05.24 17:09:56.205,1.32642,1.32663,1.73,1.09
2011.05.24 17:09:58.210,1.32638,1.32663,1.73,4.47
2011.05.24 17:09:58.432,1.32638,1.32658,1.50,3.30
2011.05.24 17:09:58.541,1.32633,1.32658,1.73,1.50
2011.05.24 17:09:58.652,1.32633,1.32659,1.50,1.50
2011.05.24 17:09:59.204,1.32633,1.32658,1.73,2.25
2011.05.24 17:10:00.753,1.32633,1.32659,1.73,1.50
2011.05.24 17:10:03.242,1.32633,1.32659,1.73,1.50
2011.05.24 17:10:04.450,1.32633,1.32662,1.73,2.59
2011.05.24 17:10:06.300,1.32633,1.32662,1.73,1.09
2011.05.24 17:10:06.851,1.32633,1.32662,1.73,2.59
2011.05.24 17:10:07.588,1.32633,1.32662,2.48,2.59
2011.05.24 17:10:08.151,1.32633,1.3266,1.73,2.18
2011.05.24 17:10:08.261,1.32633,1.32658,1.73,1.50
2011.05.24 17:10:09.253,1.32635,1.32664,2.25,1.50
2011.05.24 17:10:09.371,1.32635,1.32664,3.23,1.50
2011.05.24 17:10:09.920,1.32637,1.32664,1.73,2.25
2011.05.24 17:10:10.690,1.32636,1.32665,3.23,2.25
2011.05.24 17:10:11.020,1.32636,1.32669,3.23,3.00
2011.05.24 17:10:11.350,1.32636,1.32667,3.23,1.50
2011.05.24 17:10:11.700,1.32636,1.32669,3.23,1.50
2011.05.24 17:10:12.250,1.32638,1.32669,1.73,3.75
2011.05.24 17:10:12.470,1.32639,1.32668,1.73,2.25
2011.05.24 17:10:13.180,1.32639,1.32668,1.73,2.25
2011.05.24 17:10:13.620,1.32639,1.32668,1.73,1.50
2011.05.24 17:10:14.171,1.32639,1.32668,1.73,1.50
2011.05.24 17:10:14.720,1.32639,1.32668,2.10,1.50
2011.05.24 17:10:15.490,1.32639,1.32668,1.73,1.50
2011.05.24 17:10:15.600,1.32639,1.32668,1.73,1.50
2011.05.24 17:10:16.261,1.32641,1.32669,2.10,2.18
2011.05.24 17:10:16.371,1.32641,1.3267,2.10,1.84
2011.05.24 17:10:16.813,1.32641,1.3267,2.10,1.84
2011.05.24 17:10:17.371,1.32641,1.32671,2.10,2.18
2011.05.24 17:10:18.272,1.32641,1.32671,1.73,2.18
2011.05.24 17:10:18.858,1.32642,1.32671,2.48,2.93
2011.05.24 17:10:19.082,1.32642,1.32671,2.25,1.50
2011.05.24 17:10:19.193,1.32642,1.32671,2.48,1.50
2011.05.24 17:10:19.633,1.32642,1.32672,1.73,1.50
2011.05.24 17:10:20.072,1.32642,1.32672,1.73,1.50
2011.05.24 17:10:20.655,1.32642,1.32672,1.73,1.50
2011.05.24 17:10:20.991,1.32641,1.32673,1.73,4.09
2011.05.24 17:10:21.321,1.32637,1.3266,1.50,1.50
2011.05.24 17:10:21.433,1.32637,1.3266,1.50,2.25
2011.05.24 17:10:21.651,1.32632,1.32658,1.73,2.25
2011.05.24 17:10:21.982,1.32628,1.32657,3.23,1.09
2011.05.24 17:10:22.202,1.32628,1.32659,3.98,2.52
2011.05.24 17:10:23.388,1.32631,1.32659,1.73,1.50
2011.05.24 17:10:25.390,1.3263,1.32659,1.73,1.50
2011.05.24 17:10:25.503,1.32629,1.32657,1.73,1.09
2011.05.24 17:10:25.732,1.32628,1.32653,2.48,1.50
2011.05.24 17:10:25.950,1.32628,1.32653,1.50,1.50
2011.05.24 17:10:28.280,1.32625,1.32653,1.73,1.50
2011.05.24 17:10:28.611,1.32626,1.32655,2.48,1.50
2011.05.24 17:10:29.159,1.32626,1.32655,3.23,1.50
2011.05.24 17:10:29.491,1.32631,1.32657,1.50,2.59
2011.05.24 17:10:29.601,1.32633,1.32657,1.50,1.84
2011.05.24 17:10:29.931,1.32626,1.32657,3.23,1.84
2011.05.24 17:10:30.045,1.32626,1.32653,1.73,1.50
2011.05.24 17:10:30.162,1.32627,1.32653,1.50,1.50
2011.05.24 17:10:30.270,1.32627,1.32656,1.50,1.50
2011.05.24 17:10:30.820,1.32629,1.32658,1.73,1.50
2011.05.24 17:10:31.340,1.32629,1.32658,1.50,1.50
2011.05.24 17:10:31.560,1.32629,1.32658,1.73,3.68
2011.05.24 17:10:31.670,1.32629,1.32655,1.73,1.50
2011.05.24 17:10:32.216,1.3263,1.32658,1.50,2.25
2011.05.24 17:10:32.331,1.3263,1.32658,1.50,2.25
2011.05.24 17:10:32.992,1.32628,1.32658,1.73,1.50
2011.05.24 17:10:33.430,1.32629,1.32659,1.50,1.50
2011.05.24 17:10:33.539,1.32629,1.3266,1.50,1.09
2011.05.24 17:10:35.741,1.32629,1.32661,1.73,1.09
2011.05.24 17:10:36.075,1.32623,1.32649,1.50,2.25
2011.05.24 17:10:36.304,1.32617,1.32644,2.25,1.50
2011.05.24 17:10:36.532,1.32614,1.32643,2.48,1.50
2011.05.24 17:10:36.752,1.32614,1.32644,2.25,3.00
2011.05.24 17:10:37.300,1.32616,1.32644,2.25,1.50
2011.05.24 17:10:38.180,1.32617,1.32644,2.25,1.50
2011.05.24 17:10:38.295,1.32617,1.32645,2.25,1.84
2011.05.24 17:10:38.633,1.32624,1.32648,2.25,1.03
2011.05.24 17:10:38.753,1.32628,1.32649,1.50,1.03
2011.05.24 17:10:39.205,1.32627,1.32649,1.50,1.03
2011.05.24 17:10:39.323,1.32623,1.32649,1.50,1.03
2011.05.24 17:10:39.432,1.32627,1.32649,1.50,1.03
2011.05.24 17:10:39.980,1.32623,1.32649,1.50,1.03
2011.05.24 17:10:40.580,1.32623,1.32649,1.50,1.03
2011.05.24 17:10:41.241,1.32623,1.32649,1.50,1.03
2011.05.24 17:10:42.051,1.32623,1.32652,1.50,1.50
2011.05.24 17:10:42.599,1.32627,1.32652,2.25,1.50
2011.05.24 17:10:43.152,1.32627,1.32653,2.25,1.03
2011.05.24 17:10:43.483,1.32624,1.32649,1.50,1.50
2011.05.24 17:10:43.811,1.32624,1.32652,1.50,1.50
2011.05.24 17:10:44.031,1.32624,1.32652,1.50,1.50
2011.05.24 17:10:44.580,1.32624,1.32653,1.50,3.28
2011.05.24 17:10:44.691,1.32624,1.32653,1.50,1.03
2011.05.24 17:10:45.384,1.32624,1.32653,1.50,2.53
2011.05.24 17:10:45.722,1.32624,1.32653,1.50,3.28
2011.05.24 17:10:46.270,1.32624,1.32653,1.50,3.28
2011.05.24 17:10:47.320,1.32624,1.32653,1.50,3.28
2011.05.24 17:10:48.552,1.3262,1.32647,1.50,1.50
2011.05.24 17:10:48.663,1.32617,1.32644,1.50,1.50
2011.05.24 17:10:48.781,1.32612,1.3264,2.25,1.50
2011.05.24 17:10:48.892,1.32611,1.32639,2.48,2.25
2011.05.24 17:10:49.221,1.32619,1.32642,1.50,2.25
2011.05.24 17:10:49.552,1.32619,1.32646,2.25,2.59
2011.05.24 17:10:49.879,1.32619,1.32643,1.50,1.50
2011.05.24 17:10:50.650,1.32619,1.32642,1.50,1.09
2011.05.24 17:10:52.380,1.32616,1.32644,1.73,1.84
2011.05.24 17:10:52.933,1.32615,1.32644,1.73,1.84
2011.05.24 17:10:53.151,1.32615,1.32642,1.73,1.09
2011.05.24 17:10:53.663,1.32615,1.32643,1.73,1.50
2011.05.24 17:10:53.777,1.32615,1.32643,1.73,2.25
2011.05.24 17:10:57.039,1.32615,1.32643,1.73,3.00
2011.05.24 17:10:57.261,1.32615,1.32643,1.73,3.00
2011.05.24 17:11:01.230,1.32615,1.32643,1.73,3.00
2011.05.24 17:11:01.454,1.32615,1.32643,1.73,3.00
2011.05.24 17:11:01.991,1.32615,1.32643,1.73,3.00
2011.05.24 17:11:02.101,1.32615,1.32643,2.48,3.00
2011.05.24 17:11:07.463,1.32618,1.32648,2.48,2.25
2011.05.24 17:11:08.022,1.32621,1.32648,1.73,1.50
2011.05.24 17:11:08.353,1.3262,1.32648,1.73,1.50
2011.05.24 17:11:08.905,1.3262,1.32648,1.73,1.50
2011.05.24 17:11:09.701,1.32625,1.32655,1.50,1.50
2011.05.24 17:11:09.920,1.32627,1.32655,2.25,2.25
2011.05.24 17:11:10.253,1.32622,1.32653,3.23,2.25
2011.05.24 17:11:10.362,1.32622,1.32653,1.73,2.25
2011.05.24 17:11:10.582,1.32626,1.32653,1.50,1.09
2011.05.24 17:11:12.453,1.32626,1.32654,3.00,1.50
2011.05.24 17:11:12.790,1.32626,1.32654,3.00,1.84
2011.05.24 17:11:14.721,1.32622,1.32653,1.73,1.50
2011.05.24 17:11:14.942,1.32623,1.32654,1.50,1.09
2011.05.24 17:11:15.273,1.32626,1.32654,1.50,2.59
2011.05.24 17:11:15.830,1.32626,1.32654,3.00,1.84
2011.05.24 17:11:17.150,1.32626,1.32654,3.00,1.84
2011.05.24 17:11:17.590,1.32626,1.32654,3.00,1.84
2011.05.24 17:11:18.630,1.32626,1.32654,2.25,1.09
2011.05.24 17:11:18.963,1.32621,1.32652,1.73,1.50
2011.05.24 17:11:19.072,1.32621,1.32649,1.73,1.50
2011.05.24 17:11:19.615,1.3262,1.32649,2.48,3.00
2011.05.24 17:11:19.951,1.32621,1.32651,1.73,1.50
2011.05.24 17:11:20.720,1.3262,1.32651,1.73,2.25
2011.05.24 17:11:22.471,1.32618,1.32651,1.73,2.25
2011.05.24 17:11:22.913,1.32617,1.32648,3.57,1.50
2011.05.24 17:11:23.251,1.32617,1.32649,3.57,2.63
2011.05.24 17:11:26.941,1.32617,1.32647,1.32,1.50
2011.05.24 17:11:27.539,1.32618,1.32647,3.23,1.50
2011.05.24 17:11:28.090,1.32618,1.32647,3.23,1.50
2011.05.24 17:11:29.072,1.32619,1.32649,1.73,1.50
2011.05.24 17:11:29.605,1.32618,1.32649,3.00,1.50
2011.05.24 17:11:33.730,1.32622,1.3265,1.50,1.50
2011.05.24 17:11:33.841,1.32619,1.32651,1.50,4.84
2011.05.24 17:11:33.951,1.32621,1.32651,1.50,5.22
2011.05.24 17:11:34.280,1.32618,1.32651,3.23,7.39
2011.05.24 17:11:35.391,1.32618,1.32651,3.23,7.02
2011.05.24 17:11:35.940,1.32618,1.32646,3.23,1.09
2011.05.24 17:11:39.351,1.32618,1.32646,3.23,1.09
2011.05.24 17:11:39.901,1.32616,1.32646,3.98,1.84
2011.05.24 17:11:40.912,1.32616,1.32645,1.73,1.50
2011.05.24 17:11:45.812,1.32617,1.32645,1.50,1.50
2011.05.24 17:11:45.921,1.32616,1.32643,1.73,3.00
2011.05.24 17:11:46.144,1.32614,1.32642,1.50,1.50
2011.05.24 17:11:46.371,1.32618,1.32646,1.50,2.25
2011.05.24 17:11:46.483,1.3262,1.32646,1.50,1.50
2011.05.24 17:11:46.592,1.3262,1.32648,1.50,2.25
2011.05.24 17:11:47.283,1.3262,1.32649,1.50,1.03
2011.05.24 17:11:47.880,1.3262,1.32649,1.50,1.03
2011.05.24 17:11:48.485,1.3262,1.32649,1.50,1.03
2011.05.24 17:11:48.821,1.3262,1.32649,1.50,2.25
2011.05.24 17:11:49.301,1.32619,1.32649,1.73,1.50
2011.05.24 17:11:50.070,1.32615,1.32645,2.48,1.50
2011.05.24 17:11:50.290,1.32615,1.32645,2.48,1.50
2011.05.24 17:11:50.840,1.32615,1.32645,2.48,1.50
2011.05.24 17:11:51.389,1.32615,1.32645,2.48,2.25
2011.05.24 17:11:51.940,1.32615,1.32643,2.48,1.09
2011.05.24 17:11:52.711,1.32616,1.32644,1.73,1.09
2011.05.24 17:11:53.260,1.32615,1.32643,1.73,1.09
2011.05.24 17:11:56.625,1.3262,1.32645,1.50,1.09
2011.05.24 17:11:56.851,1.3262,1.32647,1.50,1.50
2011.05.24 17:11:59.180,1.32618,1.32647,1.50,1.50
2011.05.24 17:11:59.731,1.32616,1.32645,2.48,1.50
2011.05.24 17:12:03.203,1.32617,1.32647,1.73,1.50
2011.05.24 17:12:04.210,1.32617,1.32645,1.73,1.50
2011.05.24 17:12:05.582,1.32616,1.32639,1.50,1.50
2011.05.24 17:12:07.130,1.32613,1.32639,1.73,1.50
2011.05.24 17:12:07.242,1.32613,1.32639,1.73,1.50
2011.05.24 17:12:09.660,1.32612,1.32638,1.50,2.63
2011.05.24 17:12:09.773,1.32612,1.32633,1.50,1.09
2011.05.24 17:12:09.892,1.32612,1.32635,1.50,1.84
2011.05.24 17:12:10.491,1.32608,1.32636,2.48,1.50
2011.05.24 17:12:12.041,1.32608,1.32636,1.73,2.25
2011.05.24 17:12:12.373,1.32608,1.32635,1.73,1.50
2011.05.24 17:12:15.922,1.32608,1.32633,1.73,1.50
2011.05.24 17:12:16.143,1.32608,1.32632,1.73,2.52
2011.05.24 17:12:16.470,1.32608,1.32632,1.73,2.59
2011.05.24 17:12:17.023,1.32608,1.32632,2.48,1.09
2011.05.24 17:12:17.360,1.32608,1.32636,2.48,1.50
2011.05.24 17:12:17.903,1.32608,1.32636,2.48,1.50
2011.05.24 17:12:18.453,1.32608,1.32637,2.48,3.00
2011.05.24 17:12:19.206,1.32608,1.32633,1.50,4.02
2011.05.24 17:12:21.672,1.32609,1.32637,1.50,1.84
2011.05.24 17:12:21.782,1.32611,1.32637,1.50,1.50
2011.05.24 17:12:22.003,1.32616,1.32644,1.50,2.25
2011.05.24 17:12:23.852,1.32618,1.32646,1.73,2.25
2011.05.24 17:12:23.966,1.3262,1.3265,1.50,2.25
2011.05.24 17:12:24.300,1.3262,1.3265,2.48,1.50
2011.05.24 17:12:25.932,1.3262,1.32647,1.73,3.34
2011.05.24 17:12:26.163,1.32619,1.32645,2.48,1.50
2011.05.24 17:12:26.281,1.32617,1.32644,1.50,1.50
2011.05.24 17:12:26.504,1.32619,1.32644,1.50,1.50
2011.05.24 17:12:26.841,1.32617,1.32646,1.73,3.75
2011.05.24 17:12:27.390,1.32617,1.32646,1.50,2.25
2011.05.24 17:12:27.962,1.32616,1.32642,1.50,3.34
2011.05.24 17:12:28.071,1.32616,1.32641,1.50,1.50
2011.05.24 17:12:28.621,1.32613,1.32642,2.18,1.09
2011.05.24 17:12:29.630,1.32613,1.32642,2.18,1.09
2011.05.24 17:12:30.154,1.32613,1.32636,2.18,1.50
2011.05.24 17:12:30.495,1.32607,1.32627,3.00,1.09
2011.05.24 17:12:30.611,1.32607,1.32627,3.00,1.09
2011.05.24 17:12:31.162,1.32607,1.32627,3.00,1.09
2011.05.24 17:12:32.394,1.32607,1.32627,3.00,1.09
2011.05.24 17:12:33.173,1.32607,1.32634,3.00,4.09
2011.05.24 17:12:33.392,1.32607,1.32634,3.00,2.59
2011.05.24 17:12:38.732,1.32607,1.32632,3.00,2.18
2011.05.24 17:12:38.842,1.32607,1.32632,3.00,2.18
2011.05.24 17:12:39.830,1.32602,1.32633,1.73,4.09
2011.05.24 17:12:41.272,1.32602,1.32633,2.48,4.84
2011.05.24 17:12:43.132,1.32606,1.32632,2.25,1.43
2011.05.24 17:12:43.242,1.32611,1.32636,1.50,2.59
2011.05.24 17:12:43.352,1.32611,1.32637,1.50,1.50
2011.05.24 17:12:43.680,1.32611,1.32642,1.73,2.25
2011.05.24 17:12:44.670,1.32612,1.32643,1.73,1.37
2011.05.24 17:12:46.110,1.32612,1.32643,2.48,1.03
2011.05.24 17:12:46.350,1.32612,1.32643,2.48,1.03
2011.05.24 17:12:47.219,1.32612,1.32643,1.73,1.50
2011.05.24 17:12:47.769,1.32612,1.32643,2.48,1.50
2011.05.24 17:12:47.881,1.32616,1.32646,1.50,3.68
2011.05.24 17:12:47.991,1.32616,1.32646,1.73,3.68
2011.05.24 17:12:48.612,1.32616,1.32646,1.73,2.25
2011.05.24 17:12:50.751,1.32615,1.32645,1.73,1.50
2011.05.24 17:12:51.081,1.32611,1.32639,1.50,1.50
2011.05.24 17:12:56.562,1.32608,1.32638,2.48,1.09
2011.05.24 17:12:56.672,1.32606,1.32634,1.50,1.50
2011.05.24 17:12:56.894,1.32608,1.32634,3.00,1.09
2011.05.24 17:12:57.783,1.32611,1.32636,1.50,2.18
2011.05.24 17:12:59.174,1.32612,1.32637,1.50,4.09
2011.05.24 17:12:59.295,1.32615,1.32642,1.50,1.50
2011.05.24 17:12:59.521,1.32615,1.32643,1.50,2.25
2011.05.24 17:13:00.903,1.32614,1.32644,1.50,1.84
2011.05.24 17:13:01.234,1.32609,1.32637,1.50,1.50
2011.05.24 17:13:01.792,1.32607,1.32636,2.25,1.09
2011.05.24 17:13:02.220,1.32607,1.32637,2.25,1.50
2011.05.24 17:13:02.332,1.32607,1.32637,2.25,2.25
2011.05.24 17:13:02.770,1.32607,1.32637,2.25,1.50
2011.05.24 17:13:06.691,1.3261,1.32636,1.50,1.50
2011.05.24 17:13:06.911,1.3261,1.32636,1.50,1.50
2011.05.24 17:13:08.910,1.32607,1.32636,1.73,1.50
2011.05.24 17:13:10.103,1.32617,1.32637,1.50,1.50
2011.05.24 17:13:10.324,1.32623,1.32648,1.50,1.09
2011.05.24 17:13:10.553,1.32623,1.32648,2.25,1.09
2011.05.24 17:13:10.882,1.32627,1.32648,2.25,1.09
2011.05.24 17:13:11.212,1.32627,1.3265,2.25,2.25
2011.05.24 17:13:11.433,1.32617,1.32646,2.48,1.50
2011.05.24 17:13:12.055,1.32617,1.32646,1.73,1.84
2011.05.24 17:13:12.172,1.32617,1.32646,1.73,1.50
2011.05.24 17:13:12.501,1.3262,1.32649,2.25,1.50
2011.05.24 17:13:15.763,1.3262,1.32649,1.50,1.50
2011.05.24 17:13:16.305,1.32616,1.3265,1.73,3.68
2011.05.24 17:13:16.861,1.32616,1.32648,1.73,1.50
2011.05.24 17:13:17.300,1.32616,1.32649,3.23,2.25
2011.05.24 17:13:20.711,1.32616,1.32649,3.23,2.25
2011.05.24 17:13:20.933,1.32615,1.32646,2.48,2.59
2011.05.24 17:13:21.055,1.32615,1.32641,1.73,1.50
2011.05.24 17:13:21.505,1.32615,1.32636,1.50,1.50
2011.05.24 17:13:21.622,1.32614,1.32636,1.73,1.50
2011.05.24 17:13:21.731,1.32614,1.32634,1.50,1.50
2011.05.24 17:13:27.275,1.3261,1.32632,1.73,1.50
2011.05.24 17:13:27.830,1.32606,1.32631,1.73,1.50
2011.05.24 17:13:32.090,1.32606,1.32631,1.73,1.50
2011.05.24 17:13:32.632,1.32606,1.32631,1.73,1.50
2011.05.24 17:13:33.450,1.32606,1.32632,1.73,1.84
2011.05.24 17:13:34.001,1.32606,1.32633,2.25,2.18
2011.05.24 17:13:34.222,1.32613,1.32638,1.50,1.50
2011.05.24 17:13:34.333,1.32613,1.32638,1.50,1.50
2011.05.24 17:13:34.441,1.32614,1.32642,1.50,3.00
2011.05.24 17:13:36.111,1.32614,1.32642,1.50,1.50
2011.05.24 17:13:36.551,1.32614,1.32642,1.50,2.25
2011.05.24 17:13:36.662,1.32614,1.32642,1.50,2.25
2011.05.24 17:13:38.482,1.32614,1.32643,2.25,3.34
2011.05.24 17:13:39.030,1.32612,1.3264,1.73,2.25
2011.05.24 17:13:40.611,1.32612,1.3264,1.73,1.84
2011.05.24 17:13:43.108,1.32618,1.32645,1.50,1.84
2011.05.24 17:13:44.651,1.32616,1.32645,2.25,2.59
2011.05.24 17:13:44.980,1.32613,1.32641,1.73,1.09
2011.05.24 17:13:46.190,1.32613,1.32641,1.73,1.09
2011.05.24 17:13:47.731,1.32613,1.3264,1.73,2.25
2011.05.24 17:13:48.280,1.32613,1.3264,1.73,1.50
2011.05.24 17:13:48.850,1.32613,1.3264,1.73,1.50
2011.05.24 17:13:53.801,1.32613,1.3264,1.73,1.50
2011.05.24 17:13:55.520,1.32611,1.3264,1.73,1.50
2011.05.24 17:13:55.851,1.32611,1.3264,1.73,2.25
2011.05.24 17:13:56.400,1.32611,1.32639,1.50,1.50
2011.05.24 17:13:56.731,1.32611,1.32636,1.50,2.25
2011.05.24 17:13:58.321,1.3261,1.32636,1.50,2.25
2011.05.24 17:13:58.882,1.3261,1.32636,1.73,3.00
2011.05.24 17:14:00.443,1.32609,1.32636,1.73,1.50
2011.05.24 17:14:01.012,1.32606,1.32633,1.73,3.00
2011.05.24 17:14:01.232,1.32605,1.32633,1.73,4.50
2011.05.24 17:14:01.891,1.32605,1.32633,1.73,5.25
2011.05.24 17:14:02.223,1.32605,1.32629,1.73,1.50
2011.05.24 17:14:03.444,1.32605,1.32627,1.50,3.00
2011.05.24 17:14:03.782,1.32603,1.32628,1.73,1.50
2011.05.24 17:14:03.891,1.32603,1.32629,1.73,1.50
2011.05.24 17:14:03.999,1.32603,1.32629,1.73,1.50
2011.05.24 17:14:05.779,1.32602,1.32629,2.48,1.50
2011.05.24 17:14:07.332,1.32602,1.32629,3.23,1.50
2011.05.24 17:14:07.883,1.32602,1.32629,3.23,1.50
2011.05.24 17:14:08.212,1.32604,1.32629,1.50,1.50
2011.05.24 17:14:08.323,1.32604,1.32633,1.50,2.25
2011.05.24 17:14:08.654,1.32611,1.32633,1.50,1.43
2011.05.24 17:14:09.651,1.32607,1.32635,3.23,1.50
2011.05.24 17:14:10.530,1.32607,1.32635,3.23,2.25
2011.05.24 17:14:10.975,1.32607,1.32635,3.23,1.50
2011.05.24 17:14:11.660,1.32607,1.32635,3.98,1.50
2011.05.24 17:14:12.211,1.32607,1.32636,3.00,1.50
2011.05.24 17:14:14.730,1.32607,1.32636,3.00,2.25
2011.05.24 17:14:15.391,1.32607,1.32636,3.00,2.25
2011.05.24 17:14:15.941,1.32609,1.32637,1.50,1.84
2011.05.24 17:14:16.692,1.32609,1.32635,1.50,1.50
2011.05.24 17:14:20.010,1.32607,1.32631,1.50,1.50
2011.05.24 17:14:21.321,1.32607,1.32632,1.50,1.50
2011.05.24 17:14:23.420,1.32607,1.32633,3.75,3.00
2011.05.24 17:14:25.742,1.32607,1.32633,2.25,1.50
2011.05.24 17:14:34.020,1.32607,1.32633,3.75,1.50
2011.05.24 17:14:34.790,1.32607,1.32633,3.75,1.50
2011.05.24 17:14:35.231,1.32613,1.32636,2.25,2.25
2011.05.24 17:14:35.341,1.32613,1.32636,2.25,1.50
2011.05.24 17:14:35.451,1.32616,1.32637,1.50,1.09
2011.05.24 17:14:36.002,1.32616,1.3264,1.50,1.50
2011.05.24 17:14:36.568,1.32615,1.3264,1.50,1.50
2011.05.24 17:14:39.263,1.32615,1.32641,1.50,1.50
2011.05.24 17:14:40.823,1.32615,1.32642,1.50,1.50
2011.05.24 17:14:43.172,1.32614,1.32642,1.50,1.43
2011.05.24 17:14:43.720,1.32614,1.32642,2.25,1.43
2011.05.24 17:14:44.371,1.32614,1.32643,2.25,1.09
2011.05.24 17:14:45.433,1.32619,1.32644,1.50,1.84
2011.05.24 17:14:45.882,1.32613,1.32642,1.50,3.68
2011.05.24 17:14:46.211,1.32611,1.32637,1.50,1.09
2011.05.24 17:14:47.310,1.32609,1.32638,1.50,4.09
2011.05.24 17:14:48.320,1.32609,1.32637,1.50,1.09
2011.05.24 17:14:48.431,1.32609,1.32637,1.50,1.09
2011.05.24 17:14:48.542,1.32612,1.32637,1.50,1.09
2011.05.24 17:14:49.438,1.32614,1.32638,1.50,1.09
2011.05.24 17:14:49.785,1.32618,1.32642,1.50,3.34
2011.05.24 17:14:51.222,1.32617,1.32642,1.50,1.09
2011.05.24 17:14:51.881,1.32615,1.32645,2.25,4.37
2011.05.24 17:14:52.102,1.32614,1.32642,1.73,2.59
2011.05.24 17:14:53.200,1.32614,1.32642,1.50,2.59
2011.05.24 17:14:54.272,1.32614,1.32642,1.73,3.34
2011.05.24 17:14:55.152,1.32617,1.32642,1.50,1.84
2011.05.24 17:14:55.702,1.32617,1.32642,2.25,2.59
2011.05.24 17:14:56.471,1.32617,1.32642,2.25,1.84
2011.05.24 17:14:57.351,1.32617,1.32642,3.00,1.84
2011.05.24 17:14:57.903,1.32617,1.32642,3.00,1.09
2011.05.24 17:14:58.450,1.32617,1.32641,1.50,1.50
2011.05.24 17:14:58.839,1.32617,1.32642,1.50,1.84
2011.05.24 17:15:01.482,1.32625,1.32642,1.50,2.25
2011.05.24 17:15:01.812,1.32617,1.32644,1.50,2.25
2011.05.24 17:15:01.920,1.32617,1.32644,1.50,2.25
2011.05.24 17:15:04.823,1.32617,1.32644,1.50,5.25
2011.05.24 17:15:05.053,1.32617,1.32639,1.50,1.50
2011.05.24 17:15:05.631,1.32616,1.32638,1.50,1.50
2011.05.24 17:15:06.228,1.32617,1.32641,1.50,1.09
2011.05.24 17:15:09.700,1.32616,1.32641,2.25,1.09
2011.05.24 17:15:09.812,1.32616,1.32641,2.25,1.84
2011.05.24 17:15:10.911,1.32618,1.32643,1.50,1.50
2011.05.24 17:15:11.022,1.32618,1.32645,1.50,1.78
2011.05.24 17:15:11.351,1.32617,1.32646,1.50,1.84
2011.05.24 17:15:11.574,1.32616,1.3264,2.25,2.25
2011.05.24 17:15:12.131,1.32616,1.3264,2.25,3.00
2011.05.24 17:15:12.461,1.32616,1.3264,2.25,1.50
2011.05.24 17:15:12.572,1.32616,1.32641,2.25,3.00
2011.05.24 17:15:12.900,1.32614,1.32641,2.25,1.50
2011.05.24 17:15:15.444,1.32614,1.32641,2.25,2.25
2011.05.24 17:15:16.003,1.32614,1.32639,2.25,1.09
2011.05.24 17:15:18.601,1.32614,1.3264,1.50,1.84
2011.05.24 17:15:18.932,1.3261,1.32635,1.50,1.50
2011.05.24 17:15:19.151,1.3261,1.32636,1.50,1.50
2011.05.24 17:15:19.951,1.3261,1.32636,1.50,1.50
2011.05.24 17:15:22.042,1.3261,1.32637,1.50,1.50
2011.05.24 17:15:22.951,1.3261,1.32637,1.50,1.50
2011.05.24 17:15:23.697,1.3261,1.32636,1.50,1.50
2011.05.24 17:15:27.932,1.32615,1.32636,1.50,1.50
2011.05.24 17:15:28.372,1.32617,1.32638,1.50,1.50
2011.05.24 17:15:28.700,1.32617,1.32638,1.50,1.50
2011.05.24 17:15:29.250,1.32616,1.32639,2.25,1.50
2011.05.24 17:15:30.320,1.32616,1.32639,2.25,2.25
2011.05.24 17:15:30.542,1.32613,1.32639,1.50,2.25
2011.05.24 17:15:31.321,1.3261,1.32637,1.50,1.50
2011.05.24 17:15:31.870,1.3261,1.32637,3.00,2.25
2011.05.24 17:15:32.312,1.3261,1.32637,3.00,2.25
2011.05.24 17:15:33.077,1.32617,1.32637,1.50,1.50
2011.05.24 17:15:33.632,1.3261,1.32637,3.00,1.50
2011.05.24 17:15:36.791,1.32613,1.32637,1.50,1.50
2011.05.24 17:15:37.283,1.32613,1.32637,1.50,1.50
2011.05.24 17:15:37.871,1.32612,1.32637,1.50,1.50
2011.05.24 17:15:42.380,1.32613,1.32639,1.50,3.00
2011.05.24 17:15:43.244,1.32613,1.32639,1.50,1.50
2011.05.24 17:15:47.682,1.3261,1.32638,1.50,1.50
2011.05.24 17:15:47.901,1.32609,1.32634,1.50,2.25
2011.05.24 17:15:48.013,1.32606,1.32632,2.25,1.50
2011.05.24 17:15:48.123,1.32606,1.32631,2.48,1.09
2011.05.24 17:15:48.233,1.32606,1.32631,2.25,1.09
2011.05.24 17:15:50.721,1.326,1.32628,1.73,1.50
2011.05.24 17:15:51.161,1.32598,1.32627,2.25,1.50
2011.05.24 17:15:52.744,1.32599,1.32623,1.73,1.09
2011.05.24 17:15:52.853,1.32601,1.3262,1.73,1.50
2011.05.24 17:15:52.963,1.32605,1.32621,1.50,1.84
2011.05.24 17:15:53.184,1.32601,1.32622,1.73,1.50
2011.05.24 17:15:53.414,1.32601,1.32621,1.73,2.25
2011.05.24 17:15:53.642,1.32602,1.32622,1.73,1.84
2011.05.24 17:15:53.861,1.32597,1.32622,1.73,1.50
2011.05.24 17:15:54.192,1.32603,1.32621,1.73,1.50
2011.05.24 17:15:54.523,1.326,1.3262,1.73,2.25
2011.05.24 17:15:55.111,1.326,1.32618,1.73,1.50
2011.05.24 17:15:55.224,1.32602,1.3262,1.50,1.50
2011.05.24 17:15:55.343,1.32602,1.32626,1.50,1.03
2011.05.24 17:15:55.454,1.32602,1.32626,1.73,1.50
2011.05.24 17:15:56.422,1.32606,1.32626,1.73,2.25
2011.05.24 17:15:56.973,1.32606,1.32627,1.73,1.50
2011.05.24 17:15:57.850,1.32606,1.32629,1.73,1.50
2011.05.24 17:15:58.203,1.32606,1.32629,1.73,1.50
2011.05.24 17:15:58.424,1.32607,1.32629,1.73,1.50
2011.05.24 17:15:58.652,1.32609,1.32629,1.73,1.50
2011.05.24 17:15:58.762,1.32609,1.32629,1.73,1.50
2011.05.24 17:15:59.091,1.32609,1.32629,1.73,1.50
2011.05.24 17:16:00.248,1.32609,1.32631,1.73,1.50
2011.05.24 17:16:00.978,1.32609,1.32633,1.73,1.50
2011.05.24 17:16:01.202,1.32609,1.32633,1.73,1.50
2011.05.24 17:16:01.311,1.32609,1.32633,1.73,1.50
2011.05.24 17:16:01.641,1.32609,1.32632,1.73,1.50
2011.05.24 17:16:02.192,1.32607,1.32628,1.73,1.50
2011.05.24 17:16:02.630,1.32606,1.32623,1.73,1.50
2011.05.24 17:16:02.741,1.32606,1.32623,1.73,1.50
2011.05.24 17:16:02.851,1.32606,1.32623,1.73,2.25
2011.05.24 17:16:03.522,1.32606,1.32623,1.73,1.50
2011.05.24 17:16:03.742,1.32606,1.32624,1.73,1.50
2011.05.24 17:16:04.389,1.32607,1.32623,1.50,1.13
2011.05.24 17:16:04.612,1.32607,1.32623,1.50,1.50
2011.05.24 17:16:05.161,1.32606,1.32623,1.73,1.50
2011.05.24 17:16:06.122,1.32607,1.32623,1.73,2.25
2011.05.24 17:16:06.671,1.32608,1.32623,1.73,1.50
2011.05.24 17:16:06.912,1.32606,1.32624,1.73,1.50
2011.05.24 17:16:08.009,1.32605,1.32624,1.73,2.25
2011.05.24 17:16:08.590,1.32605,1.32623,1.73,1.50
2011.05.24 17:16:09.150,1.32605,1.32623,1.73,2.25
2011.05.24 17:16:09.701,1.32605,1.32623,1.73,2.25
2011.05.24 17:16:10.643,1.32602,1.32623,1.73,2.25
2011.05.24 17:16:11.191,1.32602,1.32623,1.73,2.25
2011.05.24 17:16:11.700,1.32603,1.32623,1.73,2.25
2011.05.24 17:16:12.511,1.32603,1.32623,1.73,2.25
2011.05.24 17:16:13.501,1.32603,1.32623,1.73,3.00
2011.05.24 17:16:14.430,1.32603,1.32623,1.73,3.00
2011.05.24 17:16:15.050,1.32603,1.32623,1.73,3.00
2011.05.24 17:16:15.600,1.32603,1.32623,1.73,3.00
2011.05.24 17:16:16.120,1.32603,1.32623,1.73,2.25
2011.05.24 17:16:16.782,1.32603,1.32623,1.73,3.00
2011.05.24 17:16:17.112,1.32603,1.32623,1.73,3.00
2011.05.24 17:16:17.441,1.32598,1.32619,1.73,2.25
2011.05.24 17:16:18.422,1.32603,1.3262,1.73,1.50
2011.05.24 17:16:20.712,1.32603,1.32622,1.73,1.50
2011.05.24 17:16:21.392,1.32603,1.32623,1.73,1.50
2011.05.24 17:16:21.720,1.32603,1.32624,1.73,1.50
2011.05.24 17:16:22.162,1.32602,1.32625,1.73,2.63
2011.05.24 17:16:22.494,1.32598,1.3262,1.73,1.50
2011.05.24 17:16:22.613,1.32603,1.3262,1.73,1.50
2011.05.24 17:16:23.052,1.32604,1.32622,1.50,1.50
2011.05.24 17:16:23.600,1.32602,1.32624,1.73,1.50
2011.05.24 17:16:25.731,1.32601,1.32624,1.73,1.50
2011.05.24 17:16:25.952,1.32604,1.32624,1.50,1.50
2011.05.24 17:16:26.281,1.32602,1.32625,1.73,2.25
2011.05.24 17:16:27.132,1.32603,1.32625,1.73,1.50
2011.05.24 17:16:27.463,1.32598,1.32623,1.73,2.25
2011.05.24 17:16:27.791,1.32601,1.32623,1.73,2.25
2011.05.24 17:16:34.192,1.32604,1.32624,1.73,1.50
2011.05.24 17:16:37.802,1.32604,1.32627,1.73,1.50
2011.05.24 17:16:37.912,1.32604,1.32625,1.73,1.09
2011.05.24 17:16:38.242,1.32604,1.32625,1.73,1.09
2011.05.24 17:16:38.351,1.32604,1.32626,1.73,1.09
2011.05.24 17:16:38.903,1.32606,1.32629,1.73,1.50
2011.05.24 17:16:39.613,1.32608,1.32622,1.73,1.77
2011.05.24 17:16:39.728,1.326,1.32622,1.73,1.09
2011.05.24 17:16:40.390,1.32602,1.32622,1.73,1.84
2011.05.24 17:16:42.232,1.32601,1.3262,1.73,1.13
2011.05.24 17:16:42.451,1.32601,1.32622,1.73,1.50
2011.05.24 17:16:43.001,1.32604,1.32622,1.73,1.50
2011.05.24 17:16:47.181,1.32604,1.32623,1.73,1.50
2011.05.24 17:16:47.401,1.32605,1.32623,1.73,1.50
2011.05.24 17:16:48.000,1.32605,1.32626,1.73,3.00
2011.05.24 17:16:48.221,1.32603,1.32625,1.73,1.50
2011.05.24 17:16:48.771,1.32605,1.32625,1.73,1.50
2011.05.24 17:16:49.321,1.32605,1.32626,1.73,1.50
2011.05.24 17:16:50.004,1.32605,1.32627,1.73,3.75
2011.05.24 17:16:51.141,1.32605,1.32624,1.73,1.09
2011.05.24 17:16:52.298,1.32605,1.32627,1.73,4.09
2011.05.24 17:16:53.030,1.32605,1.32624,1.73,1.09
2011.05.24 17:16:54.100,1.32605,1.32624,1.73,1.09
2011.05.24 17:16:55.462,1.32605,1.32623,1.73,1.13
2011.05.24 17:16:55.793,1.326,1.32618,1.73,1.84
2011.05.24 17:16:56.011,1.32598,1.32616,1.73,1.50
2011.05.24 17:16:56.561,1.32598,1.32616,1.50,1.50
2011.05.24 17:16:56.892,1.32598,1.32618,1.73,2.25
2011.05.24 17:16:57.440,1.32598,1.32621,1.73,1.50
2011.05.24 17:16:58.841,1.32596,1.32618,1.73,1.50
2011.05.24 17:16:58.952,1.32596,1.32618,1.73,1.50
2011.05.24 17:17:00.050,1.32596,1.32615,1.73,1.50
2011.05.24 17:17:00.161,1.32596,1.32615,1.73,2.25
2011.05.24 17:17:00.383,1.32596,1.32615,1.50,2.25
2011.05.24 17:17:01.182,1.32594,1.32617,1.73,4.84
2011.05.24 17:17:01.413,1.32589,1.32612,1.50,1.84
2011.05.24 17:17:01.631,1.32586,1.32612,1.88,1.84
2011.05.24 17:17:01.745,1.32586,1.32608,1.88,1.50
2011.05.24 17:17:01.865,1.32585,1.32604,1.13,1.84
2011.05.24 17:17:02.203,1.32586,1.32609,1.50,1.84
2011.05.24 17:17:02.641,1.32587,1.32612,2.25,2.25
2011.05.24 17:17:03.851,1.32585,1.32612,1.13,3.00
2011.05.24 17:17:04.402,1.32585,1.32613,1.88,1.50
2011.05.24 17:17:05.110,1.32585,1.32614,1.88,3.00
2011.05.24 17:17:05.223,1.32586,1.32615,1.50,3.75
2011.05.24 17:17:05.552,1.32588,1.32616,1.50,1.50
2011.05.24 17:17:06.236,1.3259,1.32617,1.13,1.50
2011.05.24 17:17:06.791,1.3259,1.32617,1.13,1.50
2011.05.24 17:17:07.159,1.3259,1.32617,1.35,1.50
2011.05.24 17:17:07.710,1.32587,1.32617,2.85,1.50
2011.05.24 17:17:08.370,1.32587,1.32617,2.10,1.50
2011.05.24 17:17:08.972,1.32587,1.32617,2.10,1.50
2011.05.24 17:17:09.190,1.32587,1.32617,2.10,1.50
2011.05.24 17:17:09.521,1.32588,1.32617,1.35,1.50
2011.05.24 17:17:09.851,1.32588,1.32617,1.88,1.50
2011.05.24 17:17:10.400,1.3259,1.32618,1.50,1.50
2011.05.24 17:17:11.280,1.32589,1.32619,1.50,1.84
2011.05.24 17:17:11.831,1.32589,1.32619,1.50,1.84
2011.05.24 17:17:12.161,1.32588,1.32618,1.88,1.50
2011.05.24 17:17:16.011,1.32587,1.32615,2.25,1.50
2011.05.24 17:17:16.451,1.32587,1.32615,2.25,1.50
2011.05.24 17:17:16.780,1.32583,1.32613,1.35,1.43
2011.05.24 17:17:17.502,1.32583,1.32613,1.35,2.18
2011.05.24 17:17:19.271,1.32584,1.32613,1.73,2.18
2011.05.24 17:17:19.821,1.32586,1.32615,1.73,1.84
2011.05.24 17:17:22.860,1.32586,1.32615,2.10,1.84
2011.05.24 17:17:26.662,1.32586,1.32615,1.73,1.84
2011.05.24 17:17:27.931,1.32586,1.32615,1.73,2.59
2011.05.24 17:17:28.151,1.32584,1.32614,1.73,1.43
2011.05.24 17:17:28.483,1.3258,1.32608,1.73,1.13
2011.05.24 17:17:28.701,1.3258,1.32603,1.50,1.50
2011.05.24 17:17:28.920,1.3258,1.32603,1.50,1.50
2011.05.24 17:17:29.362,1.32577,1.32603,1.50,3.00
2011.05.24 17:17:30.532,1.32577,1.32603,1.50,2.25
2011.05.24 17:17:31.082,1.32577,1.32603,1.50,3.00
2011.05.24 17:17:31.415,1.32567,1.32598,1.35,1.43
2011.05.24 17:17:31.861,1.32564,1.32598,1.35,2.18
2011.05.24 17:17:32.301,1.32564,1.32598,1.35,2.93
2011.05.24 17:17:33.658,1.32564,1.32598,1.35,2.18
2011.05.24 17:17:34.482,1.32564,1.32598,1.35,3.68
2011.05.24 17:17:35.034,1.32565,1.32598,1.35,3.30
2011.05.24 17:17:35.590,1.32563,1.32595,1.73,2.18
2011.05.24 17:17:36.254,1.32565,1.32589,1.35,1.13
2011.05.24 17:17:36.482,1.32556,1.32586,4.35,1.77
2011.05.24 17:17:38.803,1.32564,1.32589,1.50,1.03
2011.05.24 17:17:39.132,1.32561,1.32589,1.50,1.50
2011.05.24 17:17:39.681,1.32561,1.3259,1.50,2.25
2011.05.24 17:17:40.123,1.32572,1.32592,1.50,1.03
2011.05.24 17:17:40.234,1.32572,1.32594,1.50,1.50
2011.05.24 17:17:40.352,1.32575,1.326,1.50,2.59
2011.05.24 17:17:40.682,1.32577,1.326,2.25,1.50
2011.05.24 17:17:40.792,1.32577,1.326,2.25,2.25
2011.05.24 17:17:40.902,1.32571,1.326,1.50,1.88
2011.05.24 17:17:41.013,1.32571,1.32597,1.50,1.09
2011.05.24 17:17:41.341,1.32571,1.32599,1.50,1.50
2011.05.24 17:17:41.450,1.32571,1.32599,1.50,1.50
2011.05.24 17:17:42.423,1.32571,1.32599,1.50,5.14
2011.05.24 17:17:42.751,1.32566,1.32594,1.50,1.50
2011.05.24 17:17:42.863,1.32565,1.32595,1.50,2.52
2011.05.24 17:17:43.605,1.32573,1.32595,1.50,2.93
2011.05.24 17:17:43.722,1.32573,1.32598,1.50,2.25
2011.05.24 17:17:43.830,1.32573,1.32598,1.50,1.50
2011.05.24 17:17:47.283,1.32572,1.32598,1.50,1.88
2011.05.24 17:17:47.841,1.32572,1.32599,1.50,1.50
2011.05.24 17:17:49.463,1.32572,1.32599,1.50,1.50
2011.05.24 17:17:53.421,1.32572,1.32601,1.50,1.41
2011.05.24 17:17:53.534,1.32569,1.32598,1.50,1.50
2011.05.24 17:17:54.090,1.32566,1.32596,3.00,2.53
2011.05.24 17:17:54.313,1.32566,1.32596,1.50,2.53
2011.05.24 17:17:54.532,1.32572,1.32599,1.50,1.41
2011.05.24 17:17:55.870,1.3257,1.32598,1.50,1.41
2011.05.24 17:17:56.971,1.32571,1.32597,1.50,1.13
2011.05.24 17:17:57.301,1.32563,1.32592,1.50,7.39
2011.05.24 17:17:58.590,1.32563,1.32589,1.50,1.50
2011.05.24 17:17:58.922,1.32558,1.32586,1.50,1.43
2011.05.24 17:18:00.282,1.32556,1.32586,3.98,2.18
2011.05.24 17:18:01.463,1.32556,1.32585,3.98,1.50
2011.05.24 17:18:01.681,1.32556,1.32585,3.75,3.00
2011.05.24 17:18:02.234,1.32556,1.32585,2.85,2.63
2011.05.24 17:18:03.401,1.32556,1.32584,2.63,2.25
2011.05.24 17:18:03.513,1.32556,1.32583,1.35,3.38
2011.05.24 17:18:04.095,1.32555,1.32581,1.13,1.50
2011.05.24 17:18:04.213,1.32551,1.32568,1.13,1.50
2011.05.24 17:18:04.325,1.32543,1.32569,1.73,1.84
2011.05.24 17:18:04.442,1.32534,1.32566,2.25,2.18
2011.05.24 17:18:04.551,1.32534,1.32568,2.25,2.59
2011.05.24 17:18:05.101,1.32535,1.32565,1.73,2.18
2011.05.24 17:18:05.212,1.32537,1.32565,1.73,1.43
2011.05.24 17:18:05.322,1.32537,1.32565,3.23,1.43
2011.05.24 17:18:05.871,1.32537,1.32567,3.23,1.50
2011.05.24 17:18:06.093,1.32537,1.32567,4.73,1.50
2011.05.24 17:18:06.420,1.32539,1.32567,1.50,1.50
2011.05.24 17:18:06.533,1.32541,1.3257,1.50,1.50
2011.05.24 17:18:06.753,1.32543,1.32572,2.25,1.50
2011.05.24 17:18:07.300,1.32544,1.32572,1.50,1.50
2011.05.24 17:18:08.800,1.32543,1.32573,2.25,2.93
2011.05.24 17:18:09.131,1.32536,1.32564,1.88,2.18
2011.05.24 17:18:09.683,1.32536,1.32565,2.25,2.25
2011.05.24 17:18:10.011,1.32538,1.32567,1.50,1.50
2011.05.24 17:18:10.892,1.32537,1.32567,2.48,1.50
2011.05.24 17:18:11.220,1.32536,1.32565,1.73,1.50
2011.05.24 17:18:11.772,1.32533,1.32563,2.48,1.09
2011.05.24 17:18:11.883,1.32533,1.32561,1.50,1.13
2011.05.24 17:18:11.991,1.32531,1.32558,1.50,4.67
2011.05.24 17:18:12.212,1.32527,1.32554,2.25,3.00
2011.05.24 17:18:12.762,1.32527,1.32555,2.25,1.50
2011.05.24 17:18:12.871,1.32527,1.32555,2.25,1.50
2011.05.24 17:18:14.791,1.32527,1.32555,3.00,2.25
2011.05.24 17:18:15.121,1.32527,1.32555,3.00,1.50
2011.05.24 17:18:15.561,1.32527,1.32555,3.23,1.50
2011.05.24 17:18:15.893,1.32527,1.32555,3.23,1.50
2011.05.24 17:18:16.441,1.32527,1.32556,3.98,1.84
2011.05.24 17:18:16.663,1.32527,1.32556,3.98,1.84
2011.05.24 17:18:18.701,1.32527,1.32556,2.48,1.84
2011.05.24 17:18:18.921,1.32529,1.32556,1.50,1.09
2011.05.24 17:18:20.182,1.32527,1.32541,1.73,3.34
2011.05.24 17:18:20.710,1.32495,1.32505,2.25,1.50
2011.05.24 17:18:20.833,1.32475,1.32505,3.23,1.09
2011.05.24 17:18:20.942,1.32477,1.32506,1.73,1.09
2011.05.24 17:18:21.055,1.32475,1.32505,1.73,1.09
2011.05.24 17:18:21.293,1.32476,1.32506,1.73,1.47
2011.05.24 17:18:21.402,1.32504,1.32508,1.50,1.13
2011.05.24 17:18:21.620,1.32476,1.32506,1.50,1.84
2011.05.24 17:18:21.842,1.32473,1.32505,1.73,1.09
2011.05.24 17:18:22.504,1.32469,1.32499,1.73,1.50
2011.05.24 17:18:22.733,1.32475,1.32499,1.50,1.50
2011.05.24 17:18:22.853,1.32475,1.32501,1.50,1.50
2011.05.24 17:18:23.083,1.32469,1.32495,2.48,1.50
2011.05.24 17:18:23.414,1.32458,1.32486,3.23,2.25
2011.05.24 17:18:23.533,1.32458,1.32485,3.23,1.09
2011.05.24 17:18:23.642,1.32458,1.32485,3.23,1.84
2011.05.24 17:18:24.192,1.3246,1.32485,1.50,1.09
2011.05.24 17:18:24.912,1.32475,1.32494,1.50,1.50
2011.05.24 17:18:25.031,1.32475,1.32503,1.73,1.09
2011.05.24 17:18:25.252,1.32477,1.32504,1.50,2.59
2011.05.24 17:18:25.913,1.32479,1.32504,1.73,2.25
2011.05.24 17:18:26.024,1.32482,1.32509,1.50,1.50
2011.05.24 17:18:26.582,1.32482,1.32509,1.50,1.50
2011.05.24 17:18:27.463,1.32485,1.32509,1.13,1.50
2011.05.24 17:18:27.921,1.32485,1.32509,1.13,1.50
2011.05.24 17:18:28.031,1.32485,1.32509,1.13,2.25
2011.05.24 17:18:28.801,1.32485,1.32511,1.13,1.50
2011.05.24 17:18:29.133,1.32485,1.32512,1.35,2.59
2011.05.24 17:18:29.674,1.32487,1.32512,1.73,2.59
2011.05.24 17:18:29.800,1.32491,1.32516,1.50,1.50
2011.05.24 17:18:29.915,1.32493,1.3252,1.88,1.50
2011.05.24 17:18:30.035,1.32499,1.32523,1.73,1.50
2011.05.24 17:18:30.262,1.32499,1.32527,1.50,3.75
2011.05.24 17:18:30.812,1.32499,1.32524,1.50,1.47
2011.05.24 17:18:31.142,1.32493,1.32524,1.73,2.89
2011.05.24 17:18:31.473,1.325,1.32524,1.50,2.52
2011.05.24 17:18:32.022,1.32499,1.32527,1.50,1.50
2011.05.24 17:18:32.571,1.32499,1.32527,1.50,1.50
2011.05.24 17:18:33.181,1.32499,1.32526,1.50,1.50
2011.05.24 17:18:33.295,1.32499,1.32526,1.50,3.00
2011.05.24 17:18:33.760,1.32503,1.32526,1.50,2.25
2011.05.24 17:18:34.587,1.32507,1.32526,2.25,1.09
2011.05.24 17:18:35.530,1.32507,1.32526,2.25,1.09
2011.05.24 17:18:36.532,1.32507,1.32526,1.50,1.84
2011.05.24 17:18:36.753,1.32507,1.32527,1.50,1.09
2011.05.24 17:18:36.971,1.32507,1.32531,1.50,3.34
2011.05.24 17:18:38.733,1.32507,1.32531,1.50,1.50
2011.05.24 17:18:38.853,1.32506,1.32531,1.50,1.50
2011.05.24 17:18:39.984,1.32506,1.32532,1.50,2.18
2011.05.24 17:18:40.098,1.32513,1.32536,1.50,1.50
2011.05.24 17:18:40.213,1.32515,1.32537,1.50,1.09
2011.05.24 17:18:40.323,1.32513,1.32538,2.25,1.09
2011.05.24 17:18:40.432,1.32513,1.32538,2.25,1.50
2011.05.24 17:18:40.543,1.32513,1.32538,2.25,1.09
2011.05.24 17:18:40.984,1.32514,1.32537,1.50,1.88
2011.05.24 17:18:41.540,1.32512,1.32535,1.50,1.50
2011.05.24 17:18:42.094,1.32514,1.32533,1.50,1.09
2011.05.24 17:18:42.322,1.32507,1.32532,1.50,1.47
2011.05.24 17:18:42.432,1.32507,1.3253,1.50,1.13
2011.05.24 17:18:42.760,1.32506,1.32531,1.50,1.50
2011.05.24 17:18:43.310,1.32505,1.32528,1.50,1.09
2011.05.24 17:18:43.870,1.32505,1.32527,1.50,1.09
2011.05.24 17:18:44.422,1.32508,1.32531,1.50,1.13
2011.05.24 17:18:44.532,1.32508,1.32531,1.50,1.13
2011.05.24 17:18:44.643,1.32507,1.32531,1.50,2.25
2011.05.24 17:18:45.382,1.32507,1.32528,1.50,1.13
2011.05.24 17:18:46.451,1.32506,1.32528,1.50,1.09
2011.05.24 17:18:47.001,1.32507,1.32529,1.50,1.09
2011.05.24 17:18:47.112,1.3251,1.32529,1.50,1.09
2011.05.24 17:18:48.210,1.32506,1.32529,1.50,1.09
2011.05.24 17:18:49.281,1.3251,1.32531,2.25,2.59
2011.05.24 17:18:49.501,1.3251,1.32531,1.50,1.50
2011.05.24 17:18:49.723,1.32512,1.32533,1.50,1.50
2011.05.24 17:18:49.941,1.32507,1.32533,1.50,1.50
2011.05.24 17:18:50.492,1.32511,1.32533,1.50,1.50
2011.05.24 17:18:51.161,1.32511,1.32534,1.50,1.88
2011.05.24 17:18:51.818,1.32506,1.32534,1.50,2.63
2011.05.24 17:18:52.201,1.32506,1.32534,1.50,2.63
2011.05.24 17:18:53.492,1.32505,1.32531,1.73,2.63
2011.05.24 17:18:53.600,1.32505,1.32531,1.50,3.38
2011.05.24 17:18:53.712,1.325,1.32531,1.73,1.50
2011.05.24 17:18:54.282,1.32506,1.32534,1.50,4.13
2011.05.24 17:18:55.540,1.32506,1.32533,1.50,1.13
2011.05.24 17:18:56.090,1.32505,1.32533,1.50,1.13
2011.05.24 17:18:57.650,1.32503,1.32531,1.73,1.50
2011.05.24 17:18:58.097,1.32503,1.32531,1.73,1.50
2011.05.24 17:18:58.520,1.32503,1.32532,1.73,1.13
2011.05.24 17:18:59.460,1.32503,1.32532,1.73,1.13
2011.05.24 17:19:00.011,1.32503,1.32532,1.73,1.13
2011.05.24 17:19:00.610,1.32503,1.32532,1.73,1.13
2011.05.24 17:19:02.116,1.32512,1.32532,1.50,1.84
2011.05.24 17:19:02.233,1.32513,1.32536,1.50,1.78
2011.05.24 17:19:02.345,1.32516,1.32537,1.50,1.50
2011.05.24 17:19:03.340,1.32515,1.32538,1.50,1.09
2011.05.24 17:19:04.120,1.32515,1.32538,1.50,1.09
2011.05.24 17:19:05.430,1.32515,1.32538,1.50,1.09
2011.05.24 17:19:07.540,1.32514,1.32538,1.50,1.09
2011.05.24 17:19:08.062,1.32514,1.32539,1.50,1.09
2011.05.24 17:19:10.853,1.32514,1.32539,1.50,1.09
2011.05.24 17:19:11.073,1.32514,1.32542,1.50,2.93
2011.05.24 17:19:11.512,1.32514,1.32539,1.50,1.50
2011.05.24 17:19:11.841,1.32514,1.32541,1.50,1.50
2011.05.24 17:19:12.613,1.32515,1.32541,1.50,1.84
2011.05.24 17:19:14.720,1.32517,1.32543,1.50,2.59
2011.05.24 17:19:15.475,1.32522,1.32543,1.50,2.59
2011.05.24 17:19:16.973,1.3252,1.32543,1.50,2.59
2011.05.24 17:19:17.520,1.32521,1.32543,1.50,1.84
2011.05.24 17:19:18.071,1.3252,1.32541,1.50,1.88
2011.05.24 17:19:18.182,1.32514,1.32541,2.25,2.25
2011.05.24 17:19:18.292,1.32516,1.32541,1.50,2.25
2011.05.24 17:19:18.511,1.32514,1.3254,2.25,1.50
2011.05.24 17:19:19.392,1.32515,1.32541,1.50,2.25
2011.05.24 17:19:19.960,1.32514,1.32541,1.50,3.00
2011.05.24 17:19:20.510,1.32514,1.3254,1.50,1.50
2011.05.24 17:19:22.500,1.32514,1.3254,1.50,1.50
2011.05.24 17:19:23.105,1.32515,1.32541,1.50,2.25
2011.05.24 17:19:23.791,1.32514,1.32541,1.50,1.50
2011.05.24 17:19:26.301,1.32514,1.32541,1.50,1.50
2011.05.24 17:19:27.903,1.32514,1.32541,1.50,1.50
2011.05.24 17:19:28.451,1.32513,1.32541,1.73,1.88
2011.05.24 17:19:29.585,1.32514,1.32541,1.50,3.30
2011.05.24 17:19:29.705,1.32514,1.32541,1.50,3.30
2011.05.24 17:19:30.602,1.32514,1.32541,1.50,1.47
2011.05.24 17:19:31.010,1.32514,1.32541,1.50,1.47
2011.05.24 17:19:31.122,1.32512,1.3254,1.50,2.63
2011.05.24 17:19:31.451,1.32512,1.3254,1.50,2.25
2011.05.24 17:19:31.891,1.32513,1.32537,1.50,2.93
2011.05.24 17:19:32.331,1.32513,1.32538,1.50,2.22
2011.05.24 17:19:32.443,1.32514,1.32539,1.50,1.03
2011.05.24 17:19:32.773,1.32506,1.32533,1.50,2.52
2011.05.24 17:19:33.102,1.32518,1.32535,1.50,3.00
2011.05.24 17:19:33.321,1.32515,1.32535,1.50,2.59
2011.05.24 17:19:33.541,1.32515,1.32535,1.50,2.59
2011.05.24 17:19:34.107,1.32516,1.32537,2.25,1.50
2011.05.24 17:19:34.225,1.32517,1.32537,1.50,2.25
2011.05.24 17:19:34.342,1.32515,1.32537,1.50,2.25
2011.05.24 17:19:35.221,1.32514,1.32537,2.25,2.59
2011.05.24 17:19:35.664,1.32512,1.32537,1.50,3.75
2011.05.24 17:19:35.891,1.32504,1.32536,2.25,2.18
2011.05.24 17:19:36.890,1.32504,1.32533,2.25,3.00
2011.05.24 17:19:38.312,1.32504,1.32532,1.50,1.09
2011.05.24 17:19:38.702,1.32504,1.3253,1.50,2.18
2011.05.24 17:19:38.921,1.32504,1.32529,1.50,1.43
2011.05.24 17:19:40.112,1.32504,1.3253,1.50,1.43
2011.05.24 17:19:40.773,1.32502,1.32526,1.50,2.18
2011.05.24 17:19:41.213,1.32501,1.32526,2.25,1.09
2011.05.24 17:19:41.431,1.32501,1.32526,2.25,1.09
2011.05.24 17:19:44.523,1.32503,1.32527,1.50,1.09
2011.05.24 17:19:44.964,1.32514,1.32531,1.13,1.43
2011.05.24 17:19:45.086,1.32512,1.32535,1.50,1.09
2011.05.24 17:19:45.312,1.32511,1.32534,1.50,3.68
2011.05.24 17:19:45.533,1.3251,1.32534,1.50,1.50
2011.05.24 17:19:45.751,1.32507,1.32534,1.50,1.50
2011.05.24 17:19:46.084,1.32511,1.32534,1.50,2.25
2011.05.24 17:19:46.632,1.32513,1.32534,2.25,2.18
2011.05.24 17:19:46.742,1.32513,1.32536,2.25,1.50
2011.05.24 17:19:46.853,1.32518,1.32541,1.50,1.50
2011.05.24 17:19:46.962,1.32519,1.32541,1.50,1.50
2011.05.24 17:19:47.291,1.32517,1.32543,1.50,3.00
2011.05.24 17:19:47.621,1.32517,1.32543,1.50,2.25
2011.05.24 17:19:47.951,1.32517,1.32543,1.50,2.25
2011.05.24 17:19:48.432,1.32517,1.32543,1.50,1.50
2011.05.24 17:19:49.711,1.32516,1.32542,1.50,1.50
2011.05.24 17:19:50.042,1.32517,1.32542,1.50,1.50
2011.05.24 17:19:50.481,1.32517,1.32542,1.50,1.50
2011.05.24 17:19:51.360,1.32517,1.32543,1.50,2.25
2011.05.24 17:19:53.170,1.32517,1.32543,1.50,2.25
2011.05.24 17:19:54.421,1.32517,1.32543,1.50,2.25
2011.05.24 17:19:55.035,1.32517,1.32543,1.73,2.25
2011.05.24 17:19:59.850,1.32517,1.32543,1.50,2.25
2011.05.24 17:20:01.071,1.32523,1.32543,1.50,1.50
2011.05.24 17:20:01.732,1.32525,1.32543,1.50,1.50
2011.05.24 17:20:02.327,1.32527,1.32548,1.50,2.25
2011.05.24 17:20:03.437,1.32527,1.32546,1.50,1.50
2011.05.24 17:20:03.666,1.32518,1.32542,1.50,1.77
2011.05.24 17:20:03.787,1.32519,1.32542,1.50,1.09
2011.05.24 17:20:04.121,1.32522,1.32542,2.25,1.09
2011.05.24 17:20:04.562,1.32518,1.32542,1.50,1.09
2011.05.24 17:20:04.892,1.32524,1.32543,1.50,3.00
2011.05.24 17:20:05.444,1.32526,1.3255,2.25,1.50
2011.05.24 17:20:05.561,1.32526,1.3255,2.25,1.50
2011.05.24 17:20:06.221,1.32532,1.32551,1.50,2.25
2011.05.24 17:20:06.340,1.32536,1.3256,1.50,1.50
2011.05.24 17:20:06.781,1.32536,1.32561,1.50,2.93
2011.05.24 17:20:07.224,1.32542,1.32563,1.50,1.50
2011.05.24 17:20:07.345,1.32544,1.32564,1.50,1.50
2011.05.24 17:20:07.683,1.32541,1.32567,1.50,2.25
2011.05.24 17:20:07.792,1.32544,1.32567,1.50,1.50
2011.05.24 17:20:08.122,1.32544,1.32567,1.50,1.50
2011.05.24 17:20:08.450,1.32544,1.32568,1.50,1.50
2011.05.24 17:20:09.002,1.32542,1.3257,1.50,3.21
2011.05.24 17:20:09.441,1.32542,1.32567,2.25,2.25
2011.05.24 17:20:09.992,1.32542,1.32567,2.25,1.50
2011.05.24 17:20:10.867,1.32544,1.32566,1.50,1.50
2011.05.24 17:20:11.202,1.32543,1.32566,1.50,1.50
2011.05.24 17:20:11.642,1.32542,1.32564,2.25,2.25
2011.05.24 17:20:15.490,1.32541,1.32564,2.25,5.25
2011.05.24 17:20:16.362,1.32539,1.32562,1.50,1.50
2011.05.24 17:20:16.910,1.32539,1.3256,1.50,1.09
2011.05.24 17:20:17.241,1.32539,1.3256,1.50,2.59
2011.05.24 17:20:17.916,1.32535,1.32557,1.50,3.00
2011.05.24 17:20:18.040,1.32531,1.32554,1.50,2.59
2011.05.24 17:20:18.592,1.32529,1.32552,1.50,1.09
2011.05.24 17:20:18.702,1.32529,1.32549,1.50,1.50
2011.05.24 17:20:18.924,1.32526,1.32549,1.50,1.50
2011.05.24 17:20:19.041,1.32525,1.32548,1.50,1.50
2011.05.24 17:20:19.592,1.32525,1.32548,1.50,2.25
2011.05.24 17:20:20.035,1.32523,1.32547,1.50,1.50
2011.05.24 17:20:20.592,1.32523,1.32546,1.50,2.25
2011.05.24 17:20:20.923,1.32522,1.32544,1.50,2.59
2011.05.24 17:20:23.431,1.32522,1.32542,1.50,1.50
2011.05.24 17:20:23.541,1.3252,1.32542,1.50,1.50
2011.05.24 17:20:25.653,1.3252,1.32542,1.50,1.50
2011.05.24 17:20:25.764,1.32519,1.32539,1.50,3.00
2011.05.24 17:20:25.983,1.32516,1.32538,2.25,1.50
2011.05.24 17:20:26.315,1.32512,1.32536,1.50,1.50
2011.05.24 17:20:26.434,1.32511,1.32536,1.50,1.50
2011.05.24 17:20:26.772,1.32512,1.32533,1.50,3.00
2011.05.24 17:20:27.211,1.32512,1.32533,1.50,3.75
2011.05.24 17:20:29.082,1.32512,1.32533,1.50,3.00
2011.05.24 17:20:29.908,1.32513,1.32533,1.50,3.00
2011.05.24 17:20:30.694,1.32512,1.32533,1.50,2.25
2011.05.24 17:20:30.812,1.32513,1.32536,1.50,1.50
2011.05.24 17:20:30.926,1.32513,1.32537,2.25,1.09
2011.05.24 17:20:31.044,1.32516,1.32539,1.50,1.37
2011.05.24 17:20:31.162,1.32517,1.3254,2.25,2.12
2011.05.24 17:20:31.604,1.32519,1.32539,1.50,1.09
2011.05.24 17:20:32.151,1.32519,1.32539,1.50,1.09
2011.05.24 17:20:32.262,1.32519,1.3254,1.50,1.50
2011.05.24 17:20:32.921,1.32518,1.3254,1.50,1.50
2011.05.24 17:20:33.471,1.32518,1.32539,1.50,1.09
2011.05.24 17:20:34.621,1.32515,1.32538,1.50,1.50
2011.05.24 17:20:34.843,1.32511,1.32536,2.25,2.25
2011.05.24 17:20:35.061,1.32511,1.32533,2.25,1.50
2011.05.24 17:20:35.172,1.32511,1.32533,2.25,1.50
2011.05.24 17:20:37.253,1.32511,1.32533,2.25,3.75
2011.05.24 17:20:38.662,1.32511,1.32533,2.25,3.75
2011.05.24 17:20:39.171,1.32511,1.32533,2.25,3.00
2011.05.24 17:20:41.453,1.32511,1.32533,1.50,4.50
2011.05.24 17:20:44.541,1.32511,1.32533,1.50,3.75
2011.05.24 17:20:44.651,1.32511,1.32533,1.50,3.75
2011.05.24 17:20:45.096,1.3251,1.32531,1.50,1.09
2011.05.24 17:20:45.324,1.32506,1.3253,1.50,1.50
2011.05.24 17:20:45.837,1.32504,1.32527,1.50,1.50
2011.05.24 17:20:46.693,1.32503,1.32528,1.50,1.50
2011.05.24 17:20:47.131,1.32496,1.32522,1.50,1.09
2011.05.24 17:20:47.572,1.32493,1.32518,1.50,1.50
2011.05.24 17:20:48.014,1.32499,1.3252,1.50,1.50
2011.05.24 17:20:48.132,1.32499,1.32525,2.25,1.50
2011.05.24 17:20:48.242,1.32504,1.32525,2.25,1.50
2011.05.24 17:20:48.571,1.32505,1.32525,1.50,1.50
2011.05.24 17:20:48.680,1.32505,1.32527,1.50,1.50
2011.05.24 17:20:49.474,1.32508,1.32529,1.50,1.09
2011.05.24 17:20:49.812,1.32519,1.32534,1.50,1.50
2011.05.24 17:20:51.470,1.32522,1.32538,1.50,1.50
2011.05.24 17:20:52.143,1.32522,1.32538,1.50,1.50
2011.05.24 17:20:52.473,1.32521,1.32539,1.50,1.50
2011.05.24 17:20:53.242,1.32523,1.3254,1.50,1.50
2011.05.24 17:20:53.462,1.32524,1.3254,1.50,1.50
2011.05.24 17:20:54.233,1.32523,1.3254,1.50,1.50
2011.05.24 17:20:57.061,1.32523,1.32544,1.50,2.25
2011.05.24 17:20:57.174,1.32523,1.32545,1.50,1.78
2011.05.24 17:20:59.181,1.32524,1.32546,1.50,1.03
2011.05.24 17:21:00.391,1.32524,1.32546,1.50,1.78
2011.05.24 17:21:01.070,1.32526,1.32546,1.50,1.03
2011.05.24 17:21:06.182,1.32526,1.32549,1.50,1.03
2011.05.24 17:21:06.404,1.32524,1.32549,2.25,1.03
2011.05.24 17:21:06.742,1.32526,1.32549,1.50,1.78
2011.05.24 17:21:08.331,1.32529,1.32548,1.50,1.50
2011.05.24 17:21:09.553,1.32531,1.32549,1.50,1.03
2011.05.24 17:21:10.321,1.32532,1.32549,1.50,1.78
2011.05.24 17:21:10.543,1.32532,1.32549,1.50,1.03
2011.05.24 17:21:10.653,1.32533,1.32551,1.50,1.78
2011.05.24 17:21:10.763,1.32542,1.32557,1.50,1.50
2011.05.24 17:21:10.873,1.32542,1.32559,1.50,1.03
2011.05.24 17:21:10.983,1.32549,1.32562,1.50,1.50
2011.05.24 17:21:11.092,1.32549,1.32565,1.50,1.03
2011.05.24 17:21:12.268,1.32549,1.32566,1.50,2.25
2011.05.24 17:21:13.741,1.32536,1.32566,2.25,3.00
2011.05.24 17:21:13.962,1.32536,1.32566,2.48,2.25
2011.05.24 17:21:15.631,1.32539,1.32567,1.50,1.88
2011.05.24 17:21:15.743,1.32536,1.32566,1.50,1.50
2011.05.24 17:21:16.511,1.32536,1.32566,1.50,1.50
2011.05.24 17:21:17.064,1.3254,1.32568,1.50,2.53
2011.05.24 17:21:17.184,1.32539,1.3257,1.50,1.09
2011.05.24 17:21:18.401,1.3254,1.3257,1.13,1.09
2011.05.24 17:21:20.303,1.32542,1.3257,1.50,1.84
2011.05.24 17:21:21.184,1.3254,1.3257,1.50,1.50
2011.05.24 17:21:21.774,1.32544,1.32571,1.50,1.50
2011.05.24 17:21:22.274,1.32544,1.32572,3.75,2.87
2011.05.24 17:21:22.612,1.32547,1.32573,2.25,1.78
2011.05.24 17:21:23.162,1.32545,1.32573,1.50,1.78
2011.05.24 17:21:23.711,1.32546,1.32573,2.25,2.25
2011.05.24 17:21:24.351,1.32546,1.32573,2.25,2.25
2011.05.24 17:21:24.900,1.32543,1.32572,1.50,1.78
2011.05.24 17:21:26.161,1.32543,1.32572,1.50,2.53
2011.05.24 17:21:26.493,1.32543,1.3257,1.50,1.50
2011.05.24 17:21:26.821,1.32549,1.3257,1.50,1.50
2011.05.24 17:21:27.371,1.32551,1.32571,1.50,1.03
2011.05.24 17:21:27.813,1.32549,1.3257,1.50,1.50
2011.05.24 17:21:28.361,1.32553,1.32569,1.50,3.75
2011.05.24 17:21:29.361,1.32553,1.32567,1.50,1.50
2011.05.24 17:21:30.796,1.32553,1.32567,1.50,1.03
2011.05.24 17:21:31.705,1.32553,1.32569,1.50,1.50
2011.05.24 17:21:33.372,1.32553,1.32569,1.50,1.50
2011.05.24 17:21:33.591,1.32553,1.32569,1.50,1.50
2011.05.24 17:21:34.802,1.32553,1.32569,1.50,1.50
2011.05.24 17:21:35.132,1.32545,1.32574,1.13,1.50
2011.05.24 17:21:35.352,1.32547,1.32574,1.50,1.50
2011.05.24 17:21:44.923,1.32543,1.32574,2.63,1.50
2011.05.24 17:21:45.033,1.32543,1.32572,2.25,1.50
2011.05.24 17:21:45.364,1.32553,1.32569,1.50,2.25
2011.05.24 17:21:45.703,1.3254,1.32568,2.25,1.50
2011.05.24 17:21:45.923,1.3254,1.32569,2.25,5.93
2011.05.24 17:21:46.363,1.3254,1.32569,2.25,2.53
2011.05.24 17:21:46.961,1.32554,1.32567,1.50,1.03
2011.05.24 17:21:47.077,1.32551,1.32567,1.50,1.03
2011.05.24 17:21:47.192,1.32549,1.32568,1.50,2.53
2011.05.24 17:21:48.163,1.32545,1.32565,1.50,1.50
2011.05.24 17:21:48.272,1.32545,1.32565,1.50,1.50
2011.05.24 17:21:50.690,1.32545,1.32565,1.50,1.50
2011.05.24 17:21:53.042,1.32544,1.32564,1.50,1.50
2011.05.24 17:21:54.788,1.32544,1.32564,1.50,2.25
2011.05.24 17:21:54.910,1.32542,1.32563,1.50,3.00
2011.05.24 17:21:57.812,1.32542,1.32562,1.50,1.50
2011.05.24 17:21:58.722,1.32542,1.3256,1.50,1.50
2011.05.24 17:21:58.832,1.32537,1.32559,1.50,1.50
2011.05.24 17:21:58.944,1.32537,1.32559,1.50,1.50
2011.05.24 17:21:59.396,1.32534,1.32554,1.50,2.59
2011.05.24 17:21:59.516,1.3253,1.3255,1.50,1.50
2011.05.24 17:22:00.069,1.32524,1.32547,1.50,1.50
2011.05.24 17:22:00.406,1.32525,1.32543,1.50,1.50
2011.05.24 17:22:00.524,1.3252,1.32542,1.50,1.09
2011.05.24 17:22:00.642,1.3252,1.32542,1.50,1.09
2011.05.24 17:22:00.751,1.32516,1.32542,1.50,1.84
2011.05.24 17:22:00.972,1.32523,1.32543,1.50,1.84
2011.05.24 17:22:01.742,1.32523,1.32543,1.50,2.59
2011.05.24 17:22:02.952,1.32523,1.32543,1.50,1.50
2011.05.24 17:22:03.062,1.32523,1.32543,1.50,1.50
2011.05.24 17:22:03.173,1.32524,1.32543,1.50,1.50
2011.05.24 17:22:03.612,1.32522,1.32543,1.50,2.53
2011.05.24 17:22:04.307,1.32522,1.32543,1.50,1.78
2011.05.24 17:22:04.429,1.32509,1.32529,1.50,1.09
2011.05.24 17:22:04.762,1.32507,1.32528,1.50,2.91
2011.05.24 17:22:05.094,1.32503,1.32526,2.25,2.25
2011.05.24 17:22:05.323,1.32507,1.32526,1.50,1.50
2011.05.24 17:22:05.655,1.32511,1.32528,1.50,1.50
2011.05.24 17:22:05.775,1.32514,1.32532,1.50,1.88
2011.05.24 17:22:06.111,1.32513,1.32532,1.50,1.50
2011.05.24 17:22:06.443,1.32513,1.32527,1.50,1.09
2011.05.24 17:22:06.771,1.32501,1.32524,2.25,1.88
2011.05.24 17:22:06.882,1.32501,1.32524,1.50,2.63
2011.05.24 17:22:08.522,1.325,1.32521,1.50,2.59
2011.05.24 17:22:08.746,1.32494,1.32519,1.50,1.50
2011.05.24 17:22:08.862,1.32494,1.32519,1.50,1.84
2011.05.24 17:22:08.971,1.32499,1.32519,1.50,1.09
2011.05.24 17:22:15.773,1.32496,1.32523,1.50,6.34
2011.05.24 17:22:15.882,1.32496,1.3252,1.50,2.53
2011.05.24 17:22:17.182,1.32494,1.3252,1.50,1.03
2011.05.24 17:22:17.293,1.32495,1.3252,1.50,1.78
2011.05.24 17:22:17.402,1.325,1.3252,1.50,1.78
2011.05.24 17:22:19.773,1.325,1.32519,1.50,1.50
2011.05.24 17:22:19.881,1.32494,1.32519,1.50,1.84
2011.05.24 17:22:20.712,1.32494,1.32519,1.50,1.09
2011.05.24 17:22:21.261,1.32494,1.32517,1.50,1.50
2011.05.24 17:22:21.846,1.32492,1.3252,1.50,1.47
2011.05.24 17:22:22.401,1.32494,1.32519,1.50,1.47
2011.05.24 17:22:22.624,1.325,1.32519,1.50,1.50
2011.05.24 17:22:23.294,1.325,1.3252,1.50,1.78
2011.05.24 17:22:23.901,1.325,1.3252,1.50,1.78
2011.05.24 17:22:24.124,1.325,1.3252,1.50,1.03
2011.05.24 17:22:24.892,1.325,1.32521,1.50,1.50
2011.05.24 17:22:27.281,1.325,1.32521,1.50,1.50
2011.05.24 17:22:27.802,1.325,1.32519,1.50,1.50
2011.05.24 17:22:27.919,1.32496,1.32519,1.50,2.25
2011.05.24 17:22:28.034,1.32497,1.32519,1.50,1.50
2011.05.24 17:22:28.375,1.32501,1.32519,1.50,1.50
2011.05.24 17:22:28.604,1.32501,1.32522,1.50,1.50
2011.05.24 17:22:28.832,1.32501,1.32524,1.50,1.50
2011.05.24 17:22:29.274,1.32506,1.3253,2.25,1.50
2011.05.24 17:22:29.831,1.32511,1.32534,1.50,2.25
2011.05.24 17:22:31.522,1.32511,1.32536,1.50,3.28
2011.05.24 17:22:31.742,1.32509,1.32533,1.50,3.00
2011.05.24 17:22:31.961,1.32505,1.32533,1.50,3.00
2011.05.24 17:22:35.123,1.32506,1.32534,1.50,4.43
2011.05.24 17:22:35.342,1.32509,1.32536,1.50,3.28
2011.05.24 17:22:35.672,1.32509,1.32534,1.50,1.50
2011.05.24 17:22:35.891,1.32509,1.32534,1.50,1.50
2011.05.24 17:22:37.112,1.32505,1.32531,2.25,1.50
2011.05.24 17:22:38.971,1.32506,1.32532,1.50,1.50
2011.05.24 17:22:41.024,1.32506,1.32532,1.50,3.00
2011.05.24 17:22:41.133,1.32506,1.32531,1.50,1.50
2011.05.24 17:22:41.682,1.32504,1.32529,1.50,1.50
2011.05.24 17:22:41.902,1.32504,1.32529,1.50,1.50
2011.05.24 17:22:42.342,1.3251,1.32533,1.50,3.75
2011.05.24 17:22:45.133,1.3251,1.32533,1.50,1.50
2011.05.24 17:22:45.573,1.32511,1.32536,1.50,1.03
2011.05.24 17:22:45.791,1.32508,1.32536,1.50,1.03
2011.05.24 17:22:46.122,1.32506,1.32533,1.50,1.09
2011.05.24 17:22:46.452,1.32506,1.32528,1.50,1.50
2011.05.24 17:22:46.561,1.325,1.32528,1.50,1.50
2011.05.24 17:22:46.891,1.325,1.32528,1.50,1.50
2011.05.24 17:22:50.191,1.32497,1.32531,3.23,2.63
2011.05.24 17:22:50.412,1.32502,1.32531,1.50,1.88
2011.05.24 17:22:52.041,1.32502,1.32527,2.25,1.09
2011.05.24 17:22:52.373,1.325,1.32529,1.50,1.47
2011.05.24 17:22:52.921,1.32499,1.32525,1.50,1.50
2011.05.24 17:22:54.263,1.32499,1.32528,2.25,4.09
2011.05.24 17:22:54.812,1.32499,1.32526,1.50,1.50
2011.05.24 17:22:55.362,1.32499,1.32525,1.50,1.50
2011.05.24 17:22:56.366,1.325,1.32526,1.50,2.25
2011.05.24 17:22:56.486,1.32501,1.32526,1.50,1.50
2011.05.24 17:22:56.604,1.32498,1.32526,2.25,1.88
2011.05.24 17:22:56.832,1.32498,1.32526,2.25,1.47
2011.05.24 17:22:57.630,1.32496,1.32524,3.75,2.59
2011.05.24 17:22:57.744,1.32496,1.32523,3.00,3.00
2011.05.24 17:22:57.864,1.32497,1.32523,1.50,1.50
2011.05.24 17:22:58.083,1.32498,1.32523,1.50,2.25
2011.05.24 17:22:59.601,1.32498,1.32523,1.50,2.25
2011.05.24 17:23:00.193,1.325,1.32523,2.25,1.50
2011.05.24 17:23:04.182,1.325,1.3252,1.50,3.34
2011.05.24 17:23:04.514,1.32487,1.32505,1.73,1.50
2011.05.24 17:23:04.954,1.32487,1.32509,2.25,1.50
2011.05.24 17:23:05.182,1.32487,1.32508,1.50,1.50
2011.05.24 17:23:05.402,1.32487,1.32508,1.50,1.50
2011.05.24 17:23:06.511,1.32483,1.32508,1.50,1.50
2011.05.24 17:23:06.952,1.32486,1.32508,1.50,1.50
2011.05.24 17:23:07.284,1.32481,1.325,1.50,3.00
2011.05.24 17:23:07.513,1.32478,1.32501,3.00,1.50
2011.05.24 17:23:07.623,1.32478,1.32501,3.00,1.50
2011.05.24 17:23:08.062,1.32478,1.325,2.25,3.00
2011.05.24 17:23:08.482,1.32478,1.32493,3.00,1.50
2011.05.24 17:23:10.118,1.32477,1.32494,2.25,1.50
2011.05.24 17:23:10.344,1.32471,1.32496,1.50,1.50
2011.05.24 17:23:10.453,1.32471,1.32495,2.25,1.50
2011.05.24 17:23:10.782,1.32476,1.32493,2.25,1.50
2011.05.24 17:23:11.113,1.32476,1.32492,2.25,1.50
2011.05.24 17:23:11.672,1.32476,1.32493,2.25,1.50
2011.05.24 17:23:12.225,1.32476,1.32493,2.25,1.50
2011.05.24 17:23:12.453,1.32476,1.32496,2.48,1.50
2011.05.24 17:23:12.781,1.32476,1.32496,2.48,1.50
2011.05.24 17:23:13.112,1.32476,1.32498,2.25,1.50
2011.05.24 17:23:13.224,1.32476,1.32496,2.25,1.50
2011.05.24 17:23:13.345,1.32476,1.32496,2.25,1.50
2011.05.24 17:23:13.462,1.32476,1.32496,2.25,1.50
2011.05.24 17:23:13.682,1.32476,1.32499,2.25,1.50
2011.05.24 17:23:13.903,1.32476,1.32499,2.25,1.50
2011.05.24 17:23:14.235,1.32481,1.32502,2.25,1.50
2011.05.24 17:23:14.777,1.32477,1.32501,3.00,1.50
2011.05.24 17:23:15.441,1.32477,1.32501,3.00,1.50
2011.05.24 17:23:16.541,1.32477,1.32503,3.75,3.00
2011.05.24 17:23:16.873,1.32477,1.325,1.50,1.50
2011.05.24 17:23:19.322,1.32476,1.325,2.25,1.50
2011.05.24 17:23:19.651,1.32476,1.325,2.25,1.50
2011.05.24 17:23:20.102,1.32476,1.32501,2.25,3.00
2011.05.24 17:23:20.323,1.32481,1.32501,2.25,1.50
2011.05.24 17:23:20.435,1.32482,1.32501,1.50,1.50
2011.05.24 17:23:20.772,1.32477,1.325,1.50,1.50
2011.05.24 17:23:20.992,1.32477,1.325,3.00,1.50
2011.05.24 17:23:22.743,1.32477,1.325,1.50,3.00
2011.05.24 17:23:25.165,1.32477,1.32494,1.50,1.50
2011.05.24 17:23:25.504,1.3246,1.32484,1.50,1.50
2011.05.24 17:23:25.624,1.32459,1.32485,3.00,1.50
2011.05.24 17:23:25.744,1.3246,1.32482,1.50,1.50
2011.05.24 17:23:25.962,1.3246,1.32483,1.50,1.50
2011.05.24 17:23:26.183,1.32461,1.32484,1.50,1.50
2011.05.24 17:23:26.403,1.32462,1.32487,1.50,1.50
2011.05.24 17:23:26.924,1.3246,1.32488,2.25,1.50
2011.05.24 17:23:27.041,1.32455,1.32483,1.73,1.50
2011.05.24 17:23:27.155,1.32456,1.32482,1.50,1.50
2011.05.24 17:23:27.383,1.32456,1.32482,2.25,1.50
2011.05.24 17:23:27.713,1.32456,1.3248,2.25,1.50
2011.05.24 17:23:29.813,1.32456,1.32481,2.25,1.50
2011.05.24 17:23:30.031,1.32456,1.32481,2.25,2.25
2011.05.24 17:23:30.253,1.32456,1.32481,2.25,2.25
2011.05.24 17:23:30.801,1.32456,1.32482,2.25,1.50
2011.05.24 17:23:33.503,1.32456,1.32478,1.50,1.43
2011.05.24 17:23:33.615,1.32451,1.32476,1.50,1.09
2011.05.24 17:23:34.063,1.32448,1.32475,2.25,2.63
2011.05.24 17:23:34.611,1.32444,1.3247,1.50,1.84
2011.05.24 17:23:36.821,1.32444,1.32469,1.50,1.09
2011.05.24 17:23:37.044,1.32444,1.32469,1.50,2.59
2011.05.24 17:23:37.154,1.32442,1.32469,2.25,1.84
2011.05.24 17:23:37.264,1.32442,1.32469,1.50,1.09
2011.05.24 17:23:37.802,1.32442,1.32469,1.50,1.84
2011.05.24 17:23:38.022,1.32442,1.32467,1.50,1.50
2011.05.24 17:23:38.134,1.32442,1.32468,1.50,1.50
2011.05.24 17:23:38.462,1.32442,1.32468,1.50,1.50
2011.05.24 17:23:38.793,1.32442,1.32468,1.73,1.50
2011.05.24 17:23:39.515,1.32437,1.32468,2.48,1.50
2011.05.24 17:23:39.745,1.32442,1.32468,1.50,3.00
2011.05.24 17:23:39.976,1.32437,1.32466,3.00,1.50
2011.05.24 17:23:40.314,1.32437,1.32466,3.23,1.50
2011.05.24 17:23:41.284,1.32437,1.32463,3.23,2.59
2011.05.24 17:23:41.613,1.32437,1.32461,3.00,1.09
2011.05.24 17:23:41.832,1.32437,1.32462,3.00,1.84
2011.05.24 17:23:42.051,1.32437,1.32463,3.00,2.25
2011.05.24 17:23:42.902,1.32437,1.32463,3.00,2.25
2011.05.24 17:23:43.011,1.32437,1.32463,3.00,2.25
2011.05.24 17:23:43.347,1.3242,1.32446,2.25,3.34
2011.05.24 17:23:43.463,1.32421,1.32448,1.73,2.59
2011.05.24 17:23:43.575,1.32421,1.32447,1.73,1.09
2011.05.24 17:23:44.454,1.32422,1.32451,1.50,2.25
2011.05.24 17:23:44.895,1.32425,1.32453,1.50,2.25
2011.05.24 17:23:45.451,1.32426,1.32453,2.25,2.25
2011.05.24 17:23:45.959,1.32426,1.32453,2.25,2.25
2011.05.24 17:23:47.471,1.3243,1.32453,1.50,1.50
2011.05.24 17:23:47.814,1.32433,1.3246,1.73,2.25
2011.05.24 17:23:48.372,1.32433,1.3246,1.73,2.25
2011.05.24 17:23:48.701,1.32433,1.32462,1.73,3.38
2011.05.24 17:23:48.922,1.32429,1.32462,1.73,3.72
2011.05.24 17:23:50.678,1.32428,1.3246,2.48,2.59
2011.05.24 17:23:51.023,1.32428,1.32455,2.48,1.50
2011.05.24 17:23:51.134,1.32428,1.32455,2.48,1.50
2011.05.24 17:23:51.791,1.32428,1.32455,1.50,1.50
2011.05.24 17:23:52.641,1.32428,1.32456,2.25,1.50
2011.05.24 17:23:53.436,1.32428,1.32457,3.00,1.50
2011.05.24 17:23:53.552,1.32428,1.32457,3.75,1.50
2011.05.24 17:23:53.883,1.32433,1.3246,2.25,1.50
2011.05.24 17:23:54.104,1.32433,1.32462,1.50,1.50
2011.05.24 17:23:54.434,1.32435,1.32462,1.73,1.50
2011.05.24 17:23:54.984,1.32436,1.32462,2.48,1.50
2011.05.24 17:23:55.620,1.32436,1.32462,3.23,1.50
2011.05.24 17:23:55.737,1.32435,1.32462,1.73,1.50
2011.05.24 17:23:55.963,1.32436,1.32464,3.23,3.00
2011.05.24 17:23:56.072,1.32436,1.32464,2.48,2.25
2011.05.24 17:23:56.402,1.32436,1.32465,3.75,1.84
2011.05.24 17:23:56.953,1.32443,1.32465,1.50,1.50
2011.05.24 17:23:57.062,1.32443,1.32468,1.50,2.25
2011.05.24 17:23:57.172,1.32439,1.32471,2.48,2.25
2011.05.24 17:23:57.503,1.32439,1.32471,3.60,1.50
2011.05.24 17:23:57.941,1.32441,1.32471,2.48,1.50
2011.05.24 17:23:58.602,1.32441,1.32472,2.63,2.59
2011.05.24 17:23:58.932,1.32441,1.32471,2.48,1.50
2011.05.24 17:23:59.261,1.32443,1.32471,1.50,1.50
2011.05.24 17:23:59.486,1.32446,1.32472,1.50,1.50
2011.05.24 17:23:59.602,1.32446,1.32475,1.50,1.50
2011.05.24 17:23:59.822,1.32449,1.32475,1.50,1.50
2011.05.24 17:24:00.591,1.32449,1.32476,1.50,1.50
2011.05.24 17:24:01.145,1.32449,1.32477,1.50,1.84
2011.05.24 17:24:01.269,1.32449,1.32476,1.50,2.25
2011.05.24 17:24:03.303,1.32449,1.32476,1.50,2.25
2011.05.24 17:24:03.633,1.32449,1.32472,1.50,1.50
2011.05.24 17:24:04.963,1.32449,1.32472,1.50,3.00
2011.05.24 17:24:05.182,1.32449,1.32472,1.50,3.00
2011.05.24 17:24:05.902,1.32449,1.3247,1.50,1.09
2011.05.24 17:24:06.984,1.32447,1.3247,2.25,1.09
2011.05.24 17:24:07.205,1.32447,1.32464,1.50,1.50
2011.05.24 17:24:07.326,1.32447,1.32465,1.50,1.50
2011.05.24 17:24:08.049,1.32449,1.32467,1.50,1.50
2011.05.24 17:24:09.193,1.32447,1.32467,1.50,1.50
2011.05.24 17:24:09.523,1.32445,1.32467,1.50,1.50
2011.05.24 17:24:10.152,1.32445,1.32467,1.50,1.50
2011.05.24 17:24:13.432,1.32447,1.3247,1.50,3.00
2011.05.24 17:24:13.872,1.32449,1.32472,1.50,2.25
2011.05.24 17:24:14.092,1.32449,1.32472,1.50,3.75
2011.05.24 17:24:14.894,1.32449,1.3247,1.50,1.50
2011.05.24 17:24:15.236,1.32455,1.3247,1.88,1.50
2011.05.24 17:24:15.354,1.32455,1.32474,1.88,1.50
2011.05.24 17:24:15.695,1.32457,1.32474,1.50,1.50
2011.05.24 17:24:16.324,1.32456,1.32474,1.50,1.50
2011.05.24 17:24:16.652,1.32456,1.3247,1.50,1.50
2011.05.24 17:24:16.985,1.32456,1.3247,1.50,1.50
2011.05.24 17:24:17.105,1.32456,1.32472,1.50,1.50
2011.05.24 17:24:17.225,1.32457,1.32478,2.25,1.50
2011.05.24 17:24:17.344,1.3246,1.32478,1.50,1.50
2011.05.24 17:24:17.458,1.32463,1.32478,1.50,1.50
2011.05.24 17:24:17.795,1.32466,1.32479,1.50,1.50
2011.05.24 17:24:17.914,1.32466,1.32479,1.50,1.50
2011.05.24 17:24:18.692,1.32466,1.32483,1.50,1.50
2011.05.24 17:24:19.022,1.32466,1.32487,1.50,1.50
2011.05.24 17:24:20.811,1.32466,1.32479,1.50,1.50
2011.05.24 17:24:21.038,1.32466,1.32481,1.50,1.50
2011.05.24 17:24:21.155,1.32466,1.32484,1.50,1.50
2011.05.24 17:24:21.275,1.32466,1.32484,1.50,1.50
2011.05.24 17:24:21.504,1.32466,1.32486,1.50,1.50
2011.05.24 17:24:22.612,1.32466,1.32486,1.50,1.50
2011.05.24 17:24:22.943,1.32466,1.32481,1.50,1.50
2011.05.24 17:24:23.162,1.32466,1.32484,1.50,1.50
2011.05.24 17:24:23.603,1.32466,1.32483,1.50,1.50
2011.05.24 17:24:23.822,1.32466,1.32486,1.50,1.50
2011.05.24 17:24:24.042,1.32466,1.32481,1.50,1.50
2011.05.24 17:24:24.261,1.32466,1.32485,1.50,1.50
2011.05.24 17:24:24.934,1.32466,1.32487,1.50,1.50
2011.05.24 17:24:25.566,1.32466,1.3249,1.50,1.50
2011.05.24 17:24:25.683,1.32466,1.3249,1.50,3.00
2011.05.24 17:24:26.125,1.32466,1.3249,1.50,1.50
2011.05.24 17:24:26.462,1.32466,1.32482,1.50,1.50
2011.05.24 17:24:28.212,1.32465,1.32485,1.50,1.50
2011.05.24 17:24:28.433,1.32462,1.32485,1.50,1.50
2011.05.24 17:24:28.543,1.32462,1.32483,1.50,1.50
2011.05.24 17:24:28.872,1.32462,1.32483,1.50,1.50
2011.05.24 17:24:32.278,1.32462,1.32485,1.50,1.50
2011.05.24 17:24:32.397,1.32462,1.32485,1.50,1.50
2011.05.24 17:24:33.002,1.32462,1.32485,1.50,1.50
2011.05.24 17:24:33.661,1.32462,1.32482,1.50,1.50
2011.05.24 17:24:35.053,1.32465,1.32485,1.50,1.50
2011.05.24 17:24:35.163,1.32465,1.32485,1.50,1.50
2011.05.24 17:24:35.272,1.32462,1.32485,1.88,1.50
2011.05.24 17:24:35.492,1.32462,1.32484,1.50,1.50
2011.05.24 17:24:36.041,1.32462,1.32484,1.50,1.50
2011.05.24 17:24:36.372,1.32461,1.32484,2.25,1.50
2011.05.24 17:24:37.040,1.32467,1.32486,1.50,1.50
2011.05.24 17:24:38.332,1.32469,1.3249,1.50,1.50
2011.05.24 17:24:38.445,1.32469,1.3249,1.88,1.50
2011.05.24 17:24:38.563,1.32471,1.3249,1.50,1.50
2011.05.24 17:24:39.002,1.32471,1.32493,1.73,1.50
2011.05.24 17:24:39.551,1.32473,1.32494,1.50,1.50
2011.05.24 17:24:40.102,1.32477,1.32496,1.50,1.50
2011.05.24 17:24:40.651,1.32477,1.32496,1.50,1.50
2011.05.24 17:24:50.789,1.32476,1.32493,2.25,1.50
2011.05.24 17:24:50.902,1.32476,1.32493,2.25,1.50
2011.05.24 17:24:51.232,1.3247,1.325,2.25,1.50
2011.05.24 17:24:53.171,1.3247,1.325,1.73,2.25
2011.05.24 17:24:53.641,1.3247,1.32501,1.73,3.00
2011.05.24 17:25:00.834,1.32471,1.325,1.50,1.50
2011.05.24 17:25:01.064,1.32471,1.325,1.73,2.25
2011.05.24 17:25:01.512,1.32471,1.325,2.10,3.00
2011.05.24 17:25:01.732,1.32471,1.325,1.50,3.00
2011.05.24 17:25:02.258,1.32471,1.325,2.48,2.25
2011.05.24 17:25:02.812,1.32471,1.325,2.48,3.00
2011.05.24 17:25:03.521,1.32471,1.325,2.48,2.25
2011.05.24 17:25:04.211,1.32471,1.325,2.48,3.00
2011.05.24 17:25:04.763,1.32471,1.325,1.50,1.50
2011.05.24 17:25:05.091,1.32471,1.325,1.50,2.25
2011.05.24 17:25:05.423,1.32467,1.32496,3.23,1.09
2011.05.24 17:25:05.533,1.32467,1.32494,3.23,1.50
2011.05.24 17:25:05.754,1.32465,1.32491,1.50,1.50
2011.05.24 17:25:05.872,1.32459,1.32491,1.73,2.25
2011.05.24 17:25:06.093,1.32459,1.32488,1.73,1.50
2011.05.24 17:25:06.201,1.32459,1.32487,1.73,1.50
2011.05.24 17:25:07.091,1.3246,1.32487,1.50,2.25
2011.05.24 17:25:07.425,1.3246,1.32487,1.50,1.50
2011.05.24 17:25:08.651,1.32459,1.32487,1.50,1.50
2011.05.24 17:25:09.212,1.32459,1.32487,1.50,1.50
2011.05.24 17:25:09.544,1.32459,1.32487,1.50,1.50
2011.05.24 17:25:10.101,1.32458,1.32487,1.50,1.50
2011.05.24 17:25:10.541,1.32458,1.32486,1.50,1.50
2011.05.24 17:25:11.311,1.32458,1.32485,1.50,1.50
2011.05.24 17:25:11.531,1.32458,1.32486,1.50,2.25
2011.05.24 17:25:12.169,1.32457,1.32483,1.50,2.25
2011.05.24 17:25:12.722,1.32457,1.32483,1.50,1.50
2011.05.24 17:25:12.832,1.32457,1.32483,1.50,1.50
2011.05.24 17:25:13.165,1.32457,1.32483,1.50,1.09
2011.05.24 17:25:13.392,1.32457,1.32485,3.00,1.09
2011.05.24 17:25:13.726,1.32461,1.32479,1.50,1.50
2011.05.24 17:25:14.067,1.32451,1.32474,1.73,1.50
2011.05.24 17:25:14.184,1.3245,1.32474,2.25,1.50
2011.05.24 17:25:14.742,1.3245,1.32475,2.25,1.50
2011.05.24 17:25:15.771,1.3245,1.32475,2.25,1.50
2011.05.24 17:25:16.214,1.3245,1.32477,2.25,1.50
2011.05.24 17:25:16.771,1.32449,1.32477,1.50,1.50
2011.05.24 17:25:16.991,1.32449,1.32477,1.50,1.50
2011.05.24 17:25:17.774,1.32451,1.32475,1.50,1.50
2011.05.24 17:25:18.107,1.32453,1.32477,1.50,1.50
2011.05.24 17:25:18.443,1.3245,1.32476,1.73,1.50
2011.05.24 17:25:18.554,1.32455,1.32478,1.50,1.50
2011.05.24 17:25:18.676,1.3245,1.32477,2.48,3.00
2011.05.24 17:25:18.792,1.3245,1.32477,2.48,3.00
2011.05.24 17:25:19.013,1.3245,1.32475,2.48,1.50
2011.05.24 17:25:19.553,1.32449,1.32476,1.50,1.50
2011.05.24 17:25:19.772,1.32449,1.32476,1.50,1.50
2011.05.24 17:25:19.993,1.32449,1.32476,1.50,1.50
2011.05.24 17:25:20.322,1.32449,1.32477,1.50,1.50
2011.05.24 17:25:20.434,1.32446,1.32477,2.25,2.25
2011.05.24 17:25:20.763,1.32446,1.32473,2.48,2.59
2011.05.24 17:25:21.092,1.32446,1.32473,2.25,2.59
2011.05.24 17:25:22.849,1.32446,1.32473,2.25,2.59
2011.05.24 17:25:23.524,1.32446,1.32472,2.25,1.84
2011.05.24 17:25:24.081,1.32446,1.32472,2.48,1.84
2011.05.24 17:25:24.776,1.32446,1.32471,2.48,1.50
2011.05.24 17:25:25.351,1.32446,1.32471,2.25,1.50
2011.05.24 17:25:25.573,1.32447,1.32472,1.50,1.09
2011.05.24 17:25:25.683,1.3245,1.32478,1.50,2.59
2011.05.24 17:25:25.796,1.3245,1.32479,3.23,1.09
2011.05.24 17:25:25.912,1.32451,1.3248,1.73,1.50
2011.05.24 17:25:26.022,1.32451,1.32481,2.10,1.50
2011.05.24 17:25:26.572,1.32452,1.32481,1.73,1.50
2011.05.24 17:25:26.683,1.32452,1.32482,1.50,1.50
2011.05.24 17:25:27.012,1.32451,1.3248,1.50,2.25
2011.05.24 17:25:27.562,1.32451,1.32479,1.50,1.50
2011.05.24 17:25:28.322,1.32451,1.32479,1.50,2.25
2011.05.24 17:25:28.762,1.3245,1.32479,2.25,1.50
2011.05.24 17:25:28.982,1.3245,1.32479,2.25,1.50
2011.05.24 17:25:29.536,1.32454,1.3248,1.50,1.50
2011.05.24 17:25:29.656,1.32454,1.3248,1.50,1.50
2011.05.24 17:25:29.994,1.32454,1.32481,2.25,1.50
2011.05.24 17:25:30.511,1.32454,1.32481,1.50,3.75
2011.05.24 17:25:30.624,1.32454,1.3248,1.50,3.34
2011.05.24 17:25:31.185,1.3245,1.32477,1.50,1.50
2011.05.24 17:25:31.402,1.3245,1.32477,1.50,1.50
2011.05.24 17:25:33.181,1.3245,1.32478,2.25,1.50
2011.05.24 17:25:34.486,1.3245,1.32478,1.50,1.50
2011.05.24 17:25:41.404,1.32452,1.32478,1.50,1.50
2011.05.24 17:25:41.512,1.32452,1.32478,1.50,1.50
2011.05.24 17:25:41.844,1.3245,1.32478,2.25,3.00
2011.05.24 17:25:42.283,1.32456,1.32478,1.13,1.50
2011.05.24 17:25:42.753,1.32459,1.32484,1.50,1.84
2011.05.24 17:25:42.871,1.3246,1.32487,1.50,1.50
2011.05.24 17:25:43.311,1.32463,1.32489,1.13,1.84
2011.05.24 17:25:43.753,1.32469,1.32489,1.13,1.84
2011.05.24 17:25:44.301,1.32468,1.32489,1.13,1.84
2011.05.24 17:25:45.852,1.32468,1.32491,1.13,1.50
2011.05.24 17:25:46.184,1.3246,1.32487,1.35,3.75
2011.05.24 17:25:47.557,1.32457,1.32489,5.10,1.84
2011.05.24 17:25:47.894,1.32462,1.32489,1.50,1.09
2011.05.24 17:25:48.223,1.3246,1.32489,2.48,1.09
2011.05.24 17:25:50.443,1.3246,1.32489,2.10,1.84
2011.05.24 17:25:50.552,1.3246,1.32489,1.35,3.34
2011.05.24 17:25:51.102,1.32457,1.32488,3.98,1.50
2011.05.24 17:25:52.403,1.32458,1.32486,1.73,2.25
2011.05.24 17:25:53.065,1.32458,1.32486,1.73,2.25
2011.05.24 17:25:53.182,1.32458,1.32486,1.73,1.50
2011.05.24 17:25:53.405,1.32458,1.32484,1.73,3.00
2011.05.24 17:25:53.744,1.32458,1.32483,1.73,2.25
2011.05.24 17:25:53.961,1.32458,1.32484,1.73,2.25
2011.05.24 17:25:54.293,1.32457,1.32481,1.13,1.09
2011.05.24 17:25:54.511,1.32457,1.32481,1.13,1.09
2011.05.24 17:25:55.502,1.32457,1.32482,1.35,4.09
2011.05.24 17:25:55.611,1.32457,1.32482,1.35,4.09
2011.05.24 17:25:56.391,1.32454,1.32481,1.13,1.09
2011.05.24 17:25:57.182,1.32453,1.32482,1.13,3.34
2011.05.24 17:25:57.402,1.32452,1.32482,2.85,1.84
2011.05.24 17:25:59.183,1.32457,1.32483,2.25,1.50
2011.05.24 17:25:59.403,1.32458,1.32485,1.50,1.50
2011.05.24 17:25:59.733,1.32457,1.32487,2.48,1.50
2011.05.24 17:26:00.942,1.32457,1.32487,2.48,1.09
2011.05.24 17:26:03.405,1.32457,1.32483,1.73,1.13
2011.05.24 17:26:03.633,1.3246,1.32486,1.50,1.50
2011.05.24 17:26:03.962,1.32457,1.32489,3.23,1.50
2011.05.24 17:26:05.275,1.32457,1.32488,3.98,1.50
2011.05.24 17:26:05.862,1.32458,1.32489,1.50,2.25
2011.05.24 17:26:06.382,1.32459,1.32488,1.50,1.50
2011.05.24 17:26:08.301,1.32459,1.32489,1.73,1.50
2011.05.24 17:26:10.452,1.32458,1.32488,1.73,1.50
2011.05.24 17:26:10.987,1.32462,1.3249,1.50,1.50
2011.05.24 17:26:11.223,1.32462,1.3249,1.50,1.50
2011.05.24 17:26:11.449,1.3247,1.32493,1.50,3.75
2011.05.24 17:26:11.569,1.3247,1.32495,1.50,1.03
2011.05.24 17:26:11.794,1.32468,1.32496,1.50,1.50
2011.05.24 17:26:11.903,1.32467,1.32496,3.75,1.50
2011.05.24 17:26:12.012,1.3247,1.32496,1.50,1.50
2011.05.24 17:26:12.234,1.32467,1.32499,1.73,1.50
2011.05.24 17:26:14.104,1.32471,1.32499,1.50,1.50
2011.05.24 17:26:14.742,1.32472,1.32499,1.73,2.25
2011.05.24 17:26:14.965,1.32472,1.32499,1.50,2.63
2011.05.24 17:26:15.524,1.32472,1.32499,1.73,1.13
2011.05.24 17:26:16.314,1.32472,1.325,1.73,2.22
2011.05.24 17:26:16.972,1.32471,1.32498,1.73,2.25
2011.05.24 17:26:22.145,1.32471,1.32498,1.73,1.50
2011.05.24 17:26:23.274,1.32471,1.32496,1.73,1.50
2011.05.24 17:26:23.386,1.32473,1.32499,1.50,1.50
2011.05.24 17:26:23.505,1.32479,1.32502,1.50,1.50
2011.05.24 17:26:23.734,1.32475,1.32503,1.50,2.18
2011.05.24 17:26:23.845,1.32477,1.32504,2.25,1.50
2011.05.24 17:26:24.073,1.32478,1.32504,1.50,2.25
2011.05.24 17:26:24.182,1.32476,1.32504,1.73,1.50
2011.05.24 17:26:24.293,1.32476,1.32504,1.73,1.50
2011.05.24 17:26:24.513,1.32476,1.32504,1.50,1.50
2011.05.24 17:26:25.061,1.32476,1.32504,3.00,1.50
2011.05.24 17:26:25.502,1.32476,1.32502,3.00,1.50
2011.05.24 17:26:26.324,1.32477,1.32502,1.50,2.25
2011.05.24 17:26:26.871,1.32477,1.32502,2.25,2.25
2011.05.24 17:26:27.201,1.32477,1.32502,2.25,2.25
2011.05.24 17:26:27.422,1.32477,1.32502,2.25,3.00
2011.05.24 17:26:27.907,1.32472,1.32502,1.73,1.09
2011.05.24 17:26:29.245,1.32476,1.32505,2.25,2.25
2011.05.24 17:26:29.473,1.32477,1.32503,1.50,1.50
2011.05.24 17:26:30.133,1.32477,1.32503,3.75,1.50
2011.05.24 17:26:30.683,1.32477,1.32503,3.75,1.50
2011.05.24 17:26:30.796,1.32474,1.32502,1.50,1.50
2011.05.24 17:26:31.561,1.32472,1.32501,1.50,1.09
2011.05.24 17:26:31.677,1.32472,1.32501,1.50,1.84
2011.05.24 17:26:32.562,1.32472,1.32498,1.50,1.50
2011.05.24 17:26:33.111,1.3247,1.32495,1.50,1.50
2011.05.24 17:26:33.451,1.3247,1.32496,1.50,1.50
2011.05.24 17:26:35.092,1.3247,1.32495,1.50,1.50
2011.05.24 17:26:35.313,1.32469,1.32495,1.50,1.50
2011.05.24 17:26:35.422,1.32469,1.32496,1.50,2.25
2011.05.24 17:26:35.981,1.3247,1.32497,1.50,1.50
2011.05.24 17:26:36.432,1.3247,1.32496,1.50,1.50
2011.05.24 17:26:38.291,1.3247,1.32496,1.50,1.50
2011.05.24 17:26:38.401,1.3247,1.32495,1.50,1.50
2011.05.24 17:26:39.212,1.3247,1.32495,1.50,1.50
2011.05.24 17:26:42.722,1.32469,1.32495,1.50,2.25
2011.05.24 17:26:43.333,1.32469,1.32495,1.50,3.00
2011.05.24 17:26:44.111,1.32469,1.32495,1.50,3.00
2011.05.24 17:26:44.445,1.32469,1.32495,1.50,3.00
2011.05.24 17:26:44.562,1.32469,1.32495,1.50,2.25
2011.05.24 17:26:44.675,1.32469,1.32495,1.50,1.50
2011.05.24 17:26:45.013,1.32468,1.32496,1.50,3.00
2011.05.24 17:26:45.122,1.32468,1.32494,1.50,1.50
2011.05.24 17:26:45.891,1.32468,1.32494,2.25,3.00
2011.05.24 17:26:46.441,1.32467,1.32494,1.50,1.50
2011.05.24 17:26:51.033,1.32469,1.32494,1.50,2.25
2011.05.24 17:26:51.583,1.32467,1.32495,2.48,2.25
2011.05.24 17:26:52.133,1.32471,1.32496,1.50,1.50
2011.05.24 17:26:52.354,1.32471,1.32496,1.50,1.50
2011.05.24 17:26:52.686,1.3247,1.32497,1.50,1.50
2011.05.24 17:26:53.281,1.32474,1.325,2.25,1.50
2011.05.24 17:26:53.833,1.32476,1.32502,2.25,3.00
2011.05.24 17:26:53.944,1.32474,1.32503,2.25,1.50
2011.05.24 17:26:54.272,1.32474,1.32502,1.50,2.25
2011.05.24 17:26:54.821,1.32474,1.32502,1.50,2.25
2011.05.24 17:26:55.373,1.32476,1.32502,1.50,1.50
2011.05.24 17:26:56.413,1.32478,1.32503,1.50,1.50
2011.05.24 17:26:56.524,1.32485,1.32504,1.50,1.50
2011.05.24 17:26:57.051,1.32485,1.32509,1.50,1.50
2011.05.24 17:26:57.169,1.3248,1.32509,1.50,3.75
2011.05.24 17:26:57.723,1.32478,1.32509,2.25,3.75
2011.05.24 17:26:57.833,1.32478,1.32508,1.50,1.50
2011.05.24 17:26:58.382,1.32478,1.32508,2.25,1.50
2011.05.24 17:26:59.871,1.32479,1.32508,1.50,1.50
2011.05.24 17:27:00.532,1.32478,1.32508,3.00,1.50
2011.05.24 17:27:00.752,1.32478,1.32508,3.00,1.50
2011.05.24 17:27:00.863,1.32478,1.32508,4.50,1.50
2011.05.24 17:27:01.413,1.32481,1.32508,1.50,1.50
2011.05.24 17:27:01.870,1.32481,1.32509,2.25,1.50
2011.05.24 17:27:02.105,1.32483,1.32512,1.50,2.87
2011.05.24 17:27:02.333,1.32483,1.32512,1.50,2.87
2011.05.24 17:27:02.883,1.32482,1.32512,2.48,2.87
2011.05.24 17:27:04.482,1.32483,1.32513,2.25,1.74
2011.05.24 17:27:05.061,1.32483,1.32512,1.50,1.74
2011.05.24 17:27:05.613,1.32477,1.32506,2.48,1.50
2011.05.24 17:27:06.052,1.32479,1.32507,1.50,1.37
2011.05.24 17:27:06.383,1.32479,1.32507,1.73,1.37
2011.05.24 17:27:06.712,1.32482,1.32507,1.50,1.37
2011.05.24 17:27:06.823,1.32485,1.32509,1.50,1.03
2011.05.24 17:27:07.442,1.32482,1.32509,1.73,1.50
2011.05.24 17:27:08.272,1.32484,1.32509,1.50,1.50
2011.05.24 17:27:08.492,1.32485,1.32509,1.50,1.50
2011.05.24 17:27:09.043,1.32486,1.32509,1.50,1.50
2011.05.24 17:27:09.591,1.32486,1.32511,2.25,1.03
2011.05.24 17:27:10.260,1.32486,1.32511,1.50,1.03
2011.05.24 17:27:10.652,1.32486,1.32511,1.50,1.03
2011.05.24 17:27:11.210,1.32486,1.32511,1.50,1.03
2011.05.24 17:27:12.073,1.32486,1.32511,1.50,1.03
2011.05.24 17:27:12.183,1.32486,1.32511,1.50,1.50
2011.05.24 17:27:12.513,1.32484,1.32511,1.73,1.50
2011.05.24 17:27:12.732,1.32482,1.32511,1.73,2.25
2011.05.24 17:27:15.362,1.32482,1.3251,1.73,2.25
2011.05.24 17:27:17.704,1.32479,1.32505,1.73,1.09
2011.05.24 17:27:17.823,1.32479,1.32505,1.50,2.59
2011.05.24 17:27:17.936,1.32477,1.32505,2.25,2.59
2011.05.24 17:27:18.164,1.3248,1.32505,1.50,1.09
2011.05.24 17:27:18.711,1.32481,1.32508,1.50,1.50
2011.05.24 17:27:19.262,1.32482,1.3251,1.50,1.50
2011.05.24 17:27:19.867,1.32482,1.32511,2.25,2.25
2011.05.24 17:27:20.312,1.32482,1.32511,3.00,2.25
2011.05.24 17:27:21.111,1.32482,1.32511,3.00,1.50
2011.05.24 17:27:21.222,1.32482,1.32511,3.00,1.50
2011.05.24 17:27:21.805,1.32482,1.32511,1.50,1.50
2011.05.24 17:27:21.923,1.3248,1.3251,1.50,1.50
2011.05.24 17:27:22.035,1.32478,1.32509,2.25,1.50
2011.05.24 17:27:22.372,1.32479,1.32512,1.50,4.03
2011.05.24 17:27:25.283,1.3248,1.32512,1.50,4.03
2011.05.24 17:27:25.832,1.3248,1.32512,1.50,2.25
2011.05.24 17:27:26.858,1.3248,1.32511,1.50,1.50
2011.05.24 17:27:27.492,1.3248,1.32512,1.50,2.53
2011.05.24 17:27:30.462,1.3248,1.32512,3.00,2.53
2011.05.24 17:27:30.905,1.32482,1.32512,1.50,1.50
2011.05.24 17:27:31.351,1.32481,1.32512,1.50,1.50
2011.05.24 17:27:32.662,1.32482,1.32512,1.50,1.50
2011.05.24 17:27:34.972,1.32486,1.32514,1.50,2.59
2011.05.24 17:27:35.193,1.32489,1.32516,1.50,1.50
2011.05.24 17:27:36.192,1.32489,1.32518,1.50,1.50
2011.05.24 17:27:38.141,1.3249,1.32518,1.50,1.50
2011.05.24 17:27:41.366,1.3249,1.32518,1.50,1.50
2011.05.24 17:27:42.031,1.32488,1.32514,3.00,1.09
2011.05.24 17:27:42.359,1.32489,1.32514,1.50,2.59
2011.05.24 17:27:42.474,1.32489,1.32516,3.00,2.25
2011.05.24 17:27:42.691,1.32489,1.32516,2.25,1.50
2011.05.24 17:27:43.700,1.32489,1.32516,2.25,1.50
2011.05.24 17:27:44.553,1.3249,1.32516,1.50,1.50
2011.05.24 17:27:44.991,1.3249,1.32516,2.25,1.50
2011.05.24 17:27:46.651,1.3249,1.32516,2.25,1.50
2011.05.24 17:27:51.211,1.3249,1.32519,1.50,1.50
2011.05.24 17:27:51.431,1.32491,1.32519,2.25,1.50
2011.05.24 17:27:52.371,1.32493,1.32519,1.50,1.50
2011.05.24 17:27:53.945,1.32496,1.32519,1.50,1.50
2011.05.24 17:27:54.175,1.32496,1.3252,1.50,1.84
2011.05.24 17:27:56.314,1.32502,1.3252,1.50,1.09
2011.05.24 17:27:56.533,1.32503,1.32526,1.50,1.50
2011.05.24 17:27:56.644,1.32502,1.32527,1.50,1.50
2011.05.24 17:27:57.190,1.32506,1.3253,1.50,1.50
2011.05.24 17:27:57.307,1.32507,1.32531,1.50,1.09
2011.05.24 17:27:59.113,1.32507,1.32532,1.50,1.84
2011.05.24 17:28:01.473,1.32507,1.32533,1.50,3.75
2011.05.24 17:28:01.693,1.32504,1.32532,1.50,2.59
2011.05.24 17:28:01.911,1.32504,1.32531,1.50,1.09
2011.05.24 17:28:02.244,1.32504,1.32531,2.25,1.09
2011.05.24 17:28:02.792,1.32504,1.32531,1.50,1.09
2011.05.24 17:28:03.962,1.32504,1.32533,1.50,2.25
2011.05.24 17:28:04.182,1.32508,1.32533,1.50,2.25
2011.05.24 17:28:05.112,1.32508,1.32533,1.50,2.25
2011.05.24 17:28:05.662,1.32508,1.32533,2.25,2.25
2011.05.24 17:28:06.336,1.32508,1.32533,2.25,2.25
2011.05.24 17:28:06.782,1.32508,1.32533,2.25,2.25
2011.05.24 17:28:09.913,1.32506,1.32533,1.50,1.50
2011.05.24 17:28:10.242,1.32501,1.32531,1.73,3.00
2011.05.24 17:28:10.572,1.32503,1.32531,1.50,2.25
2011.05.24 17:28:11.206,1.32503,1.32531,1.50,1.50
2011.05.24 17:28:11.433,1.32499,1.32525,2.48,1.50
2011.05.24 17:28:11.543,1.32499,1.32525,1.50,1.50
2011.05.24 17:28:11.981,1.32499,1.32525,2.25,2.25
2011.05.24 17:28:13.242,1.32499,1.32525,1.50,2.25
2011.05.24 17:28:13.762,1.325,1.32525,1.50,1.50
2011.05.24 17:28:14.202,1.325,1.32526,2.48,1.09
2011.05.24 17:28:14.779,1.32503,1.32527,1.50,1.09
2011.05.24 17:28:15.404,1.32503,1.32528,1.50,2.25
2011.05.24 17:28:15.623,1.32499,1.32525,1.50,1.50
2011.05.24 17:28:15.842,1.32497,1.32525,2.25,1.50
2011.05.24 17:28:16.172,1.32493,1.32523,1.50,2.59
2011.05.24 17:28:16.504,1.32492,1.32522,2.25,3.75
2011.05.24 17:28:16.833,1.32486,1.32514,1.73,4.50
2011.05.24 17:28:17.271,1.32483,1.3251,2.25,1.50
2011.05.24 17:28:17.602,1.32481,1.32509,1.50,1.50
2011.05.24 17:28:17.932,1.32481,1.32508,1.50,1.50
2011.05.24 17:28:18.261,1.32478,1.32507,2.25,1.09
2011.05.24 17:28:18.955,1.32478,1.32507,1.50,1.09
2011.05.24 17:28:19.184,1.32478,1.32507,1.50,1.84
2011.05.24 17:28:19.403,1.32478,1.32507,1.50,1.84
2011.05.24 17:28:20.392,1.32478,1.32505,1.50,3.00
2011.05.24 17:28:20.505,1.32478,1.32503,1.73,1.50
2011.05.24 17:28:20.733,1.32478,1.32504,1.73,1.50
2011.05.24 17:28:23.053,1.32478,1.32505,2.25,2.25
2011.05.24 17:28:23.516,1.32483,1.32509,1.50,1.50
2011.05.24 17:28:23.635,1.32485,1.32509,1.50,1.50
2011.05.24 17:28:24.192,1.32485,1.32509,1.50,1.50
2011.05.24 17:28:24.522,1.32485,1.3251,1.50,1.50
2011.05.24 17:28:24.963,1.3248,1.32508,2.48,1.50
2011.05.24 17:28:25.184,1.32476,1.32501,1.50,1.84
2011.05.24 17:28:25.295,1.32475,1.325,1.50,1.50
2011.05.24 17:28:25.951,1.32476,1.32505,2.25,3.00
2011.05.24 17:28:26.642,1.32476,1.32505,2.25,1.50
2011.05.24 17:28:27.370,1.32476,1.32505,2.25,3.00
2011.05.24 17:28:27.702,1.32475,1.32505,1.50,3.00
2011.05.24 17:28:29.092,1.32475,1.32503,1.50,1.50
2011.05.24 17:28:29.888,1.32475,1.32504,1.50,1.09
2011.05.24 17:28:31.014,1.32475,1.32502,1.50,1.50
2011.05.24 17:28:31.343,1.32472,1.325,1.50,1.09
2011.05.24 17:28:31.454,1.3247,1.32498,2.48,4.09
2011.05.24 17:28:31.782,1.3247,1.32497,1.50,1.50
2011.05.24 17:28:32.296,1.3247,1.32496,1.50,1.50
2011.05.24 17:28:32.852,1.32469,1.32495,1.50,1.50
2011.05.24 17:28:33.531,1.32469,1.32493,1.50,2.59
2011.05.24 17:28:34.082,1.32468,1.32493,1.50,3.34
2011.05.24 17:28:34.302,1.32468,1.32493,2.25,3.34
2011.05.24 17:28:35.303,1.32468,1.32493,2.25,3.34
2011.05.24 17:28:36.100,1.32468,1.32492,2.25,1.50
2011.05.24 17:28:37.354,1.32464,1.3249,2.48,1.09
2011.05.24 17:28:37.683,1.32461,1.32483,1.50,1.09
2011.05.24 17:28:37.794,1.32459,1.32482,1.50,1.50
2011.05.24 17:28:39.692,1.32459,1.32482,1.50,2.25
2011.05.24 17:28:39.913,1.3246,1.32482,1.50,1.50
2011.05.24 17:28:41.132,1.32461,1.32486,1.50,3.00
2011.05.24 17:28:41.242,1.32461,1.32485,1.50,1.50
2011.05.24 17:28:41.792,1.32462,1.32485,1.50,1.50
2011.05.24 17:28:45.371,1.32461,1.32486,1.50,2.25
2011.05.24 17:28:45.922,1.32461,1.32486,1.50,1.50
2011.05.24 17:28:47.868,1.32461,1.32487,1.50,1.84
2011.05.24 17:28:47.983,1.32466,1.32487,2.25,1.09
2011.05.24 17:28:48.536,1.32466,1.32487,2.25,1.09
2011.05.24 17:28:48.873,1.32462,1.32487,1.50,1.09
2011.05.24 17:28:48.984,1.32462,1.32486,1.50,1.50
2011.05.24 17:28:49.532,1.32462,1.32486,1.50,1.50
2011.05.24 17:28:49.971,1.32462,1.32487,1.50,3.34
2011.05.24 17:28:50.084,1.32458,1.32479,3.75,1.50
2011.05.24 17:28:50.304,1.32454,1.3248,1.50,4.13
2011.05.24 17:28:50.862,1.32457,1.32481,2.25,2.63
2011.05.24 17:28:52.391,1.32457,1.32481,2.25,4.13
2011.05.24 17:28:52.502,1.32457,1.32481,2.25,3.75
2011.05.24 17:28:52.614,1.32457,1.32481,2.25,1.50
2011.05.24 17:28:53.453,1.32457,1.32485,2.25,3.38
2011.05.24 17:28:53.783,1.32457,1.32485,2.25,4.88
2011.05.24 17:28:54.222,1.32457,1.32485,2.48,1.88
2011.05.24 17:28:54.551,1.32457,1.32486,2.48,1.88
2011.05.24 17:28:55.651,1.32458,1.32486,1.50,1.13
2011.05.24 17:28:56.401,1.32459,1.32486,1.50,2.63
2011.05.24 17:28:56.976,1.32456,1.32485,1.73,1.50
2011.05.24 17:28:57.422,1.32456,1.32486,1.50,3.00
2011.05.24 17:28:57.642,1.32453,1.3248,2.10,2.25
2011.05.24 17:28:57.752,1.32453,1.32478,1.73,1.88
2011.05.24 17:28:57.865,1.32453,1.32479,1.50,1.50
2011.05.24 17:28:58.193,1.32453,1.32478,1.73,1.50
2011.05.24 17:28:58.632,1.3245,1.32476,2.25,1.09
2011.05.24 17:28:58.852,1.3245,1.32479,2.25,2.25
2011.05.24 17:28:59.181,1.3245,1.32479,1.50,1.50
2011.05.24 17:29:00.703,1.3245,1.32479,1.50,1.50
2011.05.24 17:29:01.141,1.3245,1.32481,1.50,1.50
2011.05.24 17:29:01.582,1.32449,1.32477,2.25,1.50
2011.05.24 17:29:01.912,1.32449,1.32477,2.25,1.50
2011.05.24 17:29:02.024,1.32449,1.32477,1.50,3.75
2011.05.24 17:29:02.353,1.32446,1.32474,3.00,1.50
2011.05.24 17:29:02.857,1.32446,1.32472,3.00,1.50
2011.05.24 17:29:02.972,1.32447,1.32472,1.50,1.50
2011.05.24 17:29:03.881,1.32447,1.32472,3.75,1.50
2011.05.24 17:29:04.213,1.32447,1.32475,5.25,2.25
2011.05.24 17:29:05.963,1.32447,1.32476,6.00,1.50
2011.05.24 17:29:06.077,1.32453,1.32476,1.50,1.50
2011.05.24 17:29:06.194,1.32449,1.32473,1.73,1.13
2011.05.24 17:29:06.303,1.32447,1.32471,3.98,1.50
2011.05.24 17:29:06.413,1.32447,1.32471,3.75,2.25
2011.05.24 17:29:06.963,1.32447,1.32469,3.00,1.09
2011.05.24 17:29:07.185,1.32443,1.32469,1.50,2.59
2011.05.24 17:29:07.306,1.32443,1.32467,1.50,1.50
2011.05.24 17:29:07.534,1.32443,1.32466,1.50,1.50
2011.05.24 17:29:07.752,1.32448,1.32467,2.25,1.50
2011.05.24 17:29:08.086,1.32448,1.32467,3.00,1.84
2011.05.24 17:29:08.202,1.32448,1.32467,2.25,3.00
2011.05.24 17:29:08.772,1.32448,1.32472,3.00,1.50
2011.05.24 17:29:09.552,1.32448,1.32472,3.00,1.50
2011.05.24 17:29:10.653,1.32448,1.32472,4.50,1.50
2011.05.24 17:29:11.251,1.32448,1.32473,4.50,2.25
2011.05.24 17:29:11.801,1.32448,1.32473,5.25,1.50
2011.05.24 17:29:13.413,1.32448,1.32473,2.25,2.25
2011.05.24 17:29:13.742,1.32449,1.32474,1.50,1.50
2011.05.24 17:29:14.183,1.32448,1.32476,1.50,1.50
2011.05.24 17:29:14.292,1.32448,1.32476,1.50,3.75
2011.05.24 17:29:18.025,1.32447,1.32475,1.50,1.50
2011.05.24 17:29:20.032,1.32446,1.32476,3.00,2.25
2011.05.24 17:29:20.143,1.32449,1.32476,1.50,3.75
2011.05.24 17:29:20.761,1.32449,1.32476,1.50,3.00
2011.05.24 17:29:22.382,1.32449,1.32476,1.50,1.50
2011.05.24 17:29:22.712,1.32449,1.32476,1.50,1.50
2011.05.24 17:29:22.932,1.32449,1.32476,1.50,1.50
2011.05.24 17:29:23.695,1.32453,1.32476,1.50,1.50
2011.05.24 17:29:23.822,1.3246,1.32485,1.50,1.50
2011.05.24 17:29:24.044,1.3246,1.32487,1.50,1.50
2011.05.24 17:29:27.943,1.32461,1.3249,1.50,3.00
2011.05.24 17:29:28.442,1.32458,1.32488,1.50,2.25
2011.05.24 17:29:28.672,1.32458,1.32487,1.50,2.25
2011.05.24 17:29:29.684,1.32461,1.3249,1.50,1.50
2011.05.24 17:29:29.902,1.32462,1.3249,1.50,1.50
2011.05.24 17:29:30.122,1.32462,1.3249,1.50,1.50
2011.05.24 17:29:30.753,1.3246,1.32488,1.73,2.25
2011.05.24 17:29:31.082,1.32459,1.32485,1.50,1.50
2011.05.24 17:29:32.716,1.32459,1.32487,1.50,3.00
2011.05.24 17:29:33.324,1.3246,1.32487,1.73,2.25
2011.05.24 17:29:33.433,1.3246,1.32487,1.73,1.50
2011.05.24 17:29:33.815,1.3246,1.32487,1.50,1.50
2011.05.24 17:29:34.482,1.32461,1.32489,1.50,1.50
2011.05.24 17:29:35.013,1.32461,1.32489,3.00,1.50
2011.05.24 17:29:35.456,1.32464,1.32491,1.50,1.50
2011.05.24 17:29:35.574,1.32465,1.32492,1.50,2.25
2011.05.24 17:29:35.683,1.32465,1.32494,1.50,1.03
2011.05.24 17:29:35.795,1.32465,1.32493,1.50,1.50
2011.05.24 17:29:36.462,1.32461,1.32492,1.73,3.00
2011.05.24 17:29:36.796,1.32458,1.32489,2.48,1.50
2011.05.24 17:29:37.023,1.32458,1.32486,1.73,1.50
2011.05.24 17:29:37.136,1.32456,1.32488,1.73,2.25
2011.05.24 17:29:37.364,1.32455,1.32488,1.73,3.75
2011.05.24 17:29:37.472,1.32455,1.32487,1.50,1.50
2011.05.24 17:29:37.693,1.32455,1.32487,1.50,1.50
2011.05.24 17:29:38.362,1.32457,1.32486,1.50,3.00
2011.05.24 17:29:38.914,1.32457,1.32486,3.75,3.00
2011.05.24 17:29:39.303,1.32458,1.32486,1.50,1.50
2011.05.24 17:29:39.632,1.32461,1.32487,1.50,2.25
2011.05.24 17:29:40.184,1.32459,1.32488,1.50,2.18
2011.05.24 17:29:40.851,1.32465,1.32489,1.50,1.50
2011.05.24 17:29:42.304,1.32465,1.32489,1.50,1.50
2011.05.24 17:29:42.633,1.32462,1.32489,1.50,1.50
2011.05.24 17:29:44.713,1.32461,1.32489,1.50,2.25
2011.05.24 17:29:45.271,1.32461,1.3249,1.50,1.78
2011.05.24 17:29:45.492,1.32459,1.32488,1.50,1.09
2011.05.24 17:29:46.087,1.32459,1.32488,1.50,3.27
2011.05.24 17:29:46.203,1.32464,1.32488,1.50,2.18
2011.05.24 17:29:46.312,1.32464,1.32488,1.50,2.93
2011.05.24 17:29:46.911,1.32461,1.32489,2.25,1.50
2011.05.24 17:29:48.903,1.32465,1.3249,1.50,1.78
2011.05.24 17:29:49.381,1.32465,1.32491,1.50,1.78
2011.05.24 17:29:50.882,1.32468,1.32491,1.50,1.03
2011.05.24 17:29:51.324,1.32468,1.32493,1.50,2.25
2011.05.24 17:29:51.433,1.32468,1.32493,1.50,2.25
2011.05.24 17:29:52.975,1.3247,1.32494,1.50,1.03
2011.05.24 17:29:53.415,1.32474,1.32497,1.50,1.78
2011.05.24 17:29:53.753,1.32472,1.32496,2.25,1.09
2011.05.24 17:29:53.864,1.32468,1.32495,2.25,1.50
2011.05.24 17:29:54.412,1.32468,1.32494,2.25,3.68
2011.05.24 17:29:55.362,1.32468,1.32494,1.50,2.18
2011.05.24 17:29:56.993,1.32466,1.32494,3.00,2.93
2011.05.24 17:29:57.323,1.32465,1.32492,1.50,2.59
2011.05.24 17:29:58.188,1.32461,1.32491,2.25,3.68
2011.05.24 17:29:58.631,1.32461,1.32489,1.50,1.50
2011.05.24 17:29:59.077,1.32458,1.32486,3.00,1.50
2011.05.24 17:29:59.304,1.32454,1.32484,1.50,1.50
2011.05.24 17:29:59.743,1.32454,1.32483,1.50,3.00
2011.05.24 17:29:59.853,1.32454,1.32483,1.50,3.00
2011.05.24 17:30:00.402,1.32454,1.32483,1.50,2.25
2011.05.24 17:30:01.552,1.32453,1.32483,3.23,1.50
2011.05.24 17:30:02.405,1.32453,1.32482,3.00,3.00
2011.05.24 17:30:02.734,1.32449,1.3247,1.50,1.47
2011.05.24 17:30:02.954,1.32446,1.3247,1.50,1.09
2011.05.24 17:30:03.559,1.32444,1.3247,1.50,1.09
2011.05.24 17:30:03.783,1.32442,1.32469,2.25,1.09
2011.05.24 17:30:04.223,1.32442,1.32469,2.25,1.84
2011.05.24 17:30:05.653,1.32442,1.32469,1.50,2.93
2011.05.24 17:30:05.764,1.32442,1.32469,1.50,2.18
2011.05.24 17:30:06.824,1.32439,1.32468,1.50,1.13
2011.05.24 17:30:07.151,1.32435,1.32463,1.50,2.93
2011.05.24 17:30:07.592,1.32436,1.32463,1.50,1.43
2011.05.24 17:30:07.814,1.32437,1.32464,1.50,1.50
2011.05.24 17:30:08.143,1.32437,1.32463,1.50,1.50
2011.05.24 17:30:08.253,1.32434,1.32462,2.25,2.25
2011.05.24 17:30:08.829,1.32434,1.32462,2.25,1.50
2011.05.24 17:30:09.402,1.32434,1.32462,1.50,2.18
2011.05.24 17:30:09.953,1.32435,1.32462,1.50,3.27
2011.05.24 17:30:10.062,1.32434,1.3246,1.50,1.50
2011.05.24 17:30:10.172,1.32434,1.32462,2.25,3.34
2011.05.24 17:30:10.501,1.32434,1.32461,1.50,2.18
2011.05.24 17:30:11.851,1.32434,1.32461,1.50,2.18
2011.05.24 17:30:12.401,1.32434,1.32461,1.50,2.18
2011.05.24 17:30:13.442,1.32434,1.32461,2.25,2.93
2011.05.24 17:30:13.553,1.32436,1.32461,1.50,2.93
2011.05.24 17:30:13.882,1.3244,1.32464,1.50,1.50
2011.05.24 17:30:13.992,1.32441,1.32466,1.50,1.50
2011.05.24 17:30:14.542,1.32439,1.32468,3.75,1.78
2011.05.24 17:30:14.762,1.32441,1.32468,1.50,1.50
2011.05.24 17:30:15.565,1.32441,1.32468,1.50,1.03
2011.05.24 17:30:17.023,1.3244,1.32466,1.50,1.47
2011.05.24 17:30:18.331,1.32438,1.32466,1.50,1.47
2011.05.24 17:30:18.662,1.32438,1.32464,1.50,1.88
2011.05.24 17:30:19.369,1.32436,1.32464,1.50,1.78
2011.05.24 17:30:19.482,1.32433,1.32463,1.50,1.03
2011.05.24 17:30:19.704,1.32433,1.32462,1.73,1.50
2011.05.24 17:30:19.923,1.32432,1.32457,1.50,1.50
2011.05.24 17:30:20.252,1.32433,1.32457,1.50,2.25
2011.05.24 17:30:20.366,1.32436,1.32459,1.50,1.84
2011.05.24 17:30:20.484,1.32436,1.3246,1.50,1.09
2011.05.24 17:30:20.813,1.32436,1.3246,1.50,1.50
2011.05.24 17:30:21.035,1.32432,1.3246,1.50,1.50
2011.05.24 17:30:21.592,1.32432,1.3246,1.50,1.50
2011.05.24 17:30:21.922,1.32432,1.3246,1.50,1.50
2011.05.24 17:30:22.251,1.32432,1.3246,2.25,2.25
2011.05.24 17:30:22.363,1.32433,1.3246,1.50,1.50
2011.05.24 17:30:22.935,1.32432,1.32461,1.50,1.50
2011.05.24 17:30:23.493,1.32432,1.3246,1.50,3.00
2011.05.24 17:30:24.262,1.32432,1.32458,1.50,1.50
2011.05.24 17:30:24.702,1.32432,1.32458,1.50,1.50
2011.05.24 17:30:25.296,1.32432,1.32458,1.50,1.50
2011.05.24 17:30:27.013,1.32432,1.32458,1.50,2.25
2011.05.24 17:30:27.743,1.32432,1.32458,1.50,1.50
2011.05.24 17:30:27.964,1.32424,1.32452,1.73,1.84
2011.05.24 17:30:28.073,1.32424,1.32452,2.25,1.84
2011.05.24 17:30:28.293,1.32425,1.32451,1.50,1.50
2011.05.24 17:30:28.513,1.32422,1.32452,2.48,1.84
2011.05.24 17:30:28.985,1.32425,1.32452,1.50,1.09
2011.05.24 17:30:29.434,1.32427,1.32454,1.50,4.50
2011.05.24 17:30:29.763,1.3243,1.32456,1.50,1.50
2011.05.24 17:30:30.605,1.32427,1.32458,3.75,1.50
2011.05.24 17:30:30.723,1.32429,1.32455,1.50,3.00
2011.05.24 17:30:31.272,1.32426,1.32453,1.50,4.09
2011.05.24 17:30:33.264,1.32425,1.32453,1.50,4.84
2011.05.24 17:30:33.376,1.32423,1.32447,1.50,1.43
2011.05.24 17:30:33.605,1.32419,1.32446,2.25,1.84
2011.05.24 17:30:33.723,1.32419,1.32447,3.23,1.43
2011.05.24 17:30:34.055,1.32418,1.32438,2.18,1.09
2011.05.24 17:30:34.164,1.32412,1.32439,1.73,2.87
2011.05.24 17:30:34.383,1.32407,1.32434,1.73,1.50
2011.05.24 17:30:34.496,1.32412,1.32434,1.84,1.50
2011.05.24 17:30:34.614,1.32414,1.32437,1.50,1.43
2011.05.24 17:30:34.944,1.32419,1.32444,1.50,1.50
2011.05.24 17:30:35.272,1.32418,1.32444,1.50,2.25
2011.05.24 17:30:35.382,1.32418,1.32444,1.50,2.25
2011.05.24 17:30:35.713,1.32417,1.3244,1.50,1.50
2011.05.24 17:30:36.043,1.32413,1.32439,1.50,1.50
2011.05.24 17:30:36.591,1.32411,1.32442,1.50,3.75
2011.05.24 17:30:37.771,1.32416,1.32443,1.50,1.50
2011.05.24 17:30:38.603,1.32415,1.32444,1.50,1.09
2011.05.24 17:30:39.373,1.32418,1.32444,1.50,1.09
2011.05.24 17:30:40.033,1.32418,1.32444,1.50,2.22
2011.05.24 17:30:40.582,1.32418,1.32444,1.50,1.09
2011.05.24 17:30:41.912,1.32418,1.32444,1.50,1.09
2011.05.24 17:30:42.022,1.32417,1.32445,3.00,1.50
2011.05.24 17:30:42.355,1.32409,1.32438,1.50,1.13
2011.05.24 17:30:42.582,1.32408,1.32436,1.50,1.50
2011.05.24 17:30:42.803,1.32408,1.32437,1.50,1.50
2011.05.24 17:30:45.044,1.32407,1.32435,1.84,1.13
2011.05.24 17:30:45.992,1.32407,1.32434,1.84,1.13
2011.05.24 17:30:46.897,1.32406,1.32434,2.25,2.25
2011.05.24 17:30:47.235,1.32404,1.32435,2.25,1.50
2011.05.24 17:30:47.573,1.32403,1.32432,1.50,1.50
2011.05.24 17:30:47.793,1.32403,1.32431,1.50,1.50
2011.05.24 17:30:48.015,1.32399,1.32424,1.50,1.50
2011.05.24 17:30:48.135,1.32398,1.32426,1.50,1.84
2011.05.24 17:30:48.255,1.324,1.32426,1.50,1.84
2011.05.24 17:30:48.812,1.32398,1.32424,1.50,1.50
2011.05.24 17:30:49.392,1.324,1.32427,1.50,1.09
2011.05.24 17:30:49.502,1.324,1.32427,1.50,1.09
2011.05.24 17:30:51.463,1.32399,1.32429,1.50,1.50
2011.05.24 17:30:51.574,1.32399,1.32429,2.25,2.25
2011.05.24 17:30:51.793,1.32399,1.32429,2.25,1.50
2011.05.24 17:30:52.122,1.32399,1.32429,2.25,1.50
2011.05.24 17:30:52.232,1.32399,1.32431,2.25,2.53
2011.05.24 17:30:52.562,1.32399,1.32432,2.25,1.37
2011.05.24 17:30:53.115,1.32405,1.32432,3.00,1.78
2011.05.24 17:30:53.454,1.32407,1.32432,2.25,1.50
2011.05.24 17:30:54.065,1.32407,1.32433,2.25,1.50
2011.05.24 17:30:54.703,1.32407,1.32433,2.25,1.50
2011.05.24 17:30:54.812,1.32407,1.32433,2.25,2.25
2011.05.24 17:30:55.652,1.32407,1.32433,2.25,2.25
2011.05.24 17:30:55.981,1.32405,1.32433,1.13,1.50
2011.05.24 17:30:56.531,1.32405,1.32433,1.35,2.25
2011.05.24 17:30:57.941,1.32405,1.32433,1.13,1.50
2011.05.24 17:30:59.595,1.32405,1.32433,1.13,1.50
2011.05.24 17:31:01.943,1.32405,1.32433,2.10,1.50
2011.05.24 17:31:02.272,1.32405,1.32433,2.10,1.50
2011.05.24 17:31:03.162,1.32405,1.32434,2.48,2.25
2011.05.24 17:31:03.857,1.32405,1.32434,2.10,1.50
2011.05.24 17:31:05.211,1.32405,1.32434,2.10,1.50
2011.05.24 17:31:06.332,1.32405,1.32434,2.85,2.25
2011.05.24 17:31:06.882,1.32405,1.32434,2.85,1.50
2011.05.24 17:31:07.322,1.32406,1.32434,1.73,3.00
2011.05.24 17:31:08.593,1.32407,1.32434,1.35,3.00
2011.05.24 17:31:08.813,1.32407,1.32434,1.50,2.25
2011.05.24 17:31:08.924,1.32407,1.32434,1.20,2.25
2011.05.24 17:31:09.252,1.32404,1.32433,2.25,1.09
2011.05.24 17:31:09.362,1.32404,1.32433,2.25,1.84
2011.05.24 17:31:10.568,1.32404,1.32433,2.25,1.09
2011.05.24 17:31:11.516,1.32405,1.32433,1.50,1.09
2011.05.24 17:31:12.572,1.32405,1.32433,1.50,1.84
2011.05.24 17:31:13.623,1.32405,1.32433,1.50,1.84
2011.05.24 17:31:13.734,1.32399,1.32423,2.48,1.84
2011.05.24 17:31:13.844,1.32399,1.32423,1.73,1.09
2011.05.24 17:31:13.957,1.32396,1.32422,2.25,1.43
2011.05.24 17:31:14.296,1.32401,1.32426,1.50,1.50
2011.05.24 17:31:14.964,1.32401,1.32426,1.50,1.50
2011.05.24 17:31:15.297,1.32401,1.32426,2.25,1.50
2011.05.24 17:31:17.831,1.32399,1.32427,1.50,2.25
2011.05.24 17:31:18.735,1.32401,1.32427,1.50,1.50
2011.05.24 17:31:19.347,1.32403,1.32429,1.50,1.50
2011.05.24 17:31:19.682,1.32404,1.32431,2.25,1.84
2011.05.24 17:31:21.393,1.32408,1.32434,1.50,1.50
2011.05.24 17:31:21.722,1.3241,1.32434,1.50,1.50
2011.05.24 17:31:22.739,1.32409,1.32434,1.50,1.50
2011.05.24 17:31:23.295,1.32408,1.32435,1.50,1.03
2011.05.24 17:31:23.803,1.32409,1.32437,1.50,3.66
2011.05.24 17:31:24.023,1.3241,1.32436,2.25,1.13
2011.05.24 17:31:24.572,1.3241,1.32436,2.25,1.50
2011.05.24 17:31:25.012,1.3241,1.32436,1.50,1.50
2011.05.24 17:31:25.803,1.32409,1.32438,2.25,1.50
2011.05.24 17:31:29.672,1.32412,1.32439,1.50,1.09
2011.05.24 17:31:29.785,1.32418,1.3244,1.50,1.78
2011.05.24 17:31:30.114,1.3242,1.32445,2.25,1.50
2011.05.24 17:31:30.332,1.3242,1.32447,2.25,2.25
2011.05.24 17:31:30.443,1.32422,1.32447,1.50,1.50
2011.05.24 17:31:30.551,1.32422,1.32447,1.50,1.50
2011.05.24 17:31:31.212,1.3242,1.32448,3.00,1.50
2011.05.24 17:31:32.532,1.3242,1.3245,2.25,1.50
2011.05.24 17:31:32.752,1.3242,1.3245,2.25,1.50
2011.05.24 17:31:32.863,1.3242,1.3245,2.25,3.00
2011.05.24 17:31:33.081,1.3242,1.3245,2.25,1.50
2011.05.24 17:31:33.242,1.3242,1.3245,2.25,1.50
2011.05.24 17:31:33.574,1.32423,1.32451,1.50,1.13
2011.05.24 17:31:33.901,1.32421,1.32451,3.00,1.13
2011.05.24 17:31:34.232,1.32421,1.32452,1.50,1.88
2011.05.24 17:31:34.781,1.32421,1.32451,2.25,1.50
2011.05.24 17:31:35.552,1.32421,1.32451,1.50,3.00
2011.05.24 17:31:36.101,1.32423,1.32451,1.13,1.50
2011.05.24 17:31:37.144,1.32423,1.32451,1.13,1.50
2011.05.24 17:31:39.324,1.32423,1.32448,1.13,3.00
2011.05.24 17:31:39.762,1.32423,1.32447,1.13,2.79
2011.05.24 17:31:40.312,1.32423,1.32447,1.13,1.09
2011.05.24 17:31:41.627,1.32424,1.32447,1.13,3.27
2011.05.24 17:31:41.962,1.32424,1.32446,1.13,1.09
2011.05.24 17:31:42.073,1.32423,1.32446,1.13,1.09
2011.05.24 17:31:42.951,1.32424,1.32447,1.13,3.27
2011.05.24 17:31:43.173,1.32424,1.32447,1.13,1.50
2011.05.24 17:31:43.722,1.32424,1.32448,1.88,1.03
2011.05.24 17:31:45.553,1.32424,1.32448,1.13,2.25
2011.05.24 17:31:46.102,1.32423,1.32448,1.13,2.25
2011.05.24 17:31:47.583,1.32423,1.32448,1.13,1.50
2011.05.24 17:31:48.162,1.32423,1.32443,1.13,1.50
2011.05.24 17:31:48.501,1.32421,1.32442,1.13,1.09
2011.05.24 17:31:49.496,1.32421,1.32442,1.13,1.09
2011.05.24 17:31:50.053,1.32422,1.32443,1.13,1.50
2011.05.24 17:31:50.383,1.32418,1.32443,2.25,2.25
2011.05.24 17:31:50.713,1.32419,1.32443,1.50,1.50
2011.05.24 17:31:51.043,1.32417,1.32443,3.38,2.53
2011.05.24 17:31:51.155,1.32417,1.3244,1.13,2.25
2011.05.24 17:31:51.482,1.32417,1.3244,1.13,1.50
2011.05.24 17:31:51.924,1.32416,1.32438,1.13,1.50
2011.05.24 17:31:52.471,1.32416,1.32438,1.13,2.25
2011.05.24 17:31:53.072,1.32416,1.32438,1.13,3.75
2011.05.24 17:31:53.484,1.32416,1.32438,1.13,3.75
2011.05.24 17:31:53.705,1.32412,1.32437,1.50,1.50
2011.05.24 17:31:53.814,1.32412,1.32437,2.25,1.50
2011.05.24 17:31:54.437,1.32412,1.32437,2.63,1.50
2011.05.24 17:31:54.558,1.32417,1.32439,1.13,1.78
2011.05.24 17:31:54.676,1.32418,1.32441,2.25,1.78
2011.05.24 17:31:54.797,1.32418,1.32443,3.00,1.78
2011.05.24 17:31:55.027,1.32418,1.32443,1.50,3.28
2011.05.24 17:31:55.145,1.32416,1.32443,1.13,1.78
2011.05.24 17:31:55.263,1.32416,1.32442,1.13,1.09
2011.05.24 17:31:55.373,1.32417,1.32444,1.50,3.99
2011.05.24 17:31:55.926,1.32417,1.32443,2.25,1.03
2011.05.24 17:31:56.482,1.32417,1.32443,3.00,1.03
2011.05.24 17:31:56.594,1.3242,1.32446,1.50,1.78
2011.05.24 17:31:57.032,1.3242,1.32446,2.25,1.50
2011.05.24 17:31:57.143,1.3242,1.32447,2.25,2.25
2011.05.24 17:31:57.361,1.3242,1.32447,1.50,2.25
2011.05.24 17:31:58.491,1.3242,1.32447,1.50,3.00
2011.05.24 17:31:59.392,1.32417,1.32446,2.25,2.18
2011.05.24 17:31:59.503,1.32419,1.32446,1.50,2.93
2011.05.24 17:32:00.342,1.3242,1.32447,1.50,3.00
2011.05.24 17:32:00.810,1.3242,1.32447,1.50,3.00
2011.05.24 17:32:01.952,1.32421,1.32447,1.50,3.00
2011.05.24 17:32:02.831,1.32421,1.32446,1.50,1.50
2011.05.24 17:32:06.685,1.32417,1.32445,3.00,2.16
2011.05.24 17:32:07.293,1.32418,1.32444,1.50,1.03
2011.05.24 17:32:07.841,1.3242,1.32444,1.50,1.03
2011.05.24 17:32:15.183,1.32417,1.32443,1.50,2.25
2011.05.24 17:32:15.402,1.32418,1.32444,1.50,1.50
2011.05.24 17:32:17.792,1.3242,1.32444,1.50,2.25
2011.05.24 17:32:18.342,1.3242,1.32448,3.00,2.25
2011.05.24 17:32:22.274,1.3242,1.32451,3.75,3.75
2011.05.24 17:32:23.383,1.3242,1.32451,4.50,2.25
2011.05.24 17:32:23.491,1.3242,1.32451,4.50,2.25
2011.05.24 17:32:24.001,1.3242,1.32451,3.75,3.75
2011.05.24 17:32:24.532,1.3242,1.32451,3.00,3.75
2011.05.24 17:32:25.042,1.3242,1.3245,3.00,1.50
2011.05.24 17:32:28.836,1.3242,1.32449,1.50,1.50
2011.05.24 17:32:30.052,1.3242,1.32449,2.25,1.50
2011.05.24 17:32:32.722,1.32418,1.32448,2.25,1.50
2011.05.24 17:32:32.833,1.32417,1.32446,3.00,2.25
2011.05.24 17:32:33.162,1.32417,1.32446,1.50,2.25
2011.05.24 17:32:33.492,1.3242,1.32447,1.50,1.03
2011.05.24 17:32:34.193,1.32421,1.32447,2.25,1.03
2011.05.24 17:32:37.990,1.32421,1.3245,1.50,2.25
2011.05.24 17:32:38.754,1.32422,1.3245,2.25,1.50
2011.05.24 17:32:40.392,1.32422,1.3245,2.25,1.50
2011.05.24 17:32:41.723,1.32422,1.3245,1.50,1.50
2011.05.24 17:32:42.633,1.32422,1.32452,1.50,1.03
2011.05.24 17:32:42.742,1.32421,1.32453,1.50,5.12
2011.05.24 17:32:42.853,1.32419,1.32452,2.25,1.03
2011.05.24 17:32:43.182,1.32419,1.32452,1.50,1.78
2011.05.24 17:32:43.642,1.32418,1.32452,2.25,1.78
2011.05.24 17:32:44.181,1.32419,1.32451,2.25,1.50
2011.05.24 17:32:44.793,1.32419,1.32451,3.00,1.50
2011.05.24 17:32:46.154,1.3242,1.32452,2.25,1.03
2011.05.24 17:32:47.661,1.32422,1.32452,1.50,1.03
2011.05.24 17:32:48.199,1.32435,1.32461,3.00,2.25
2011.05.24 17:32:48.315,1.32436,1.32463,2.25,2.25
2011.05.24 17:32:48.425,1.32438,1.32468,1.84,1.50
2011.05.24 17:32:48.764,1.32449,1.32477,1.50,2.25
2011.05.24 17:32:48.984,1.32451,1.32477,1.50,1.50
2011.05.24 17:32:49.533,1.32452,1.32481,1.50,1.09
2011.05.24 17:32:50.082,1.32453,1.32481,1.50,1.09
2011.05.24 17:32:50.963,1.32452,1.32483,1.50,3.34
2011.05.24 17:32:51.292,1.32452,1.32481,1.50,1.09
2011.05.24 17:32:51.404,1.32452,1.32481,1.50,1.09
2011.05.24 17:32:51.952,1.32452,1.32481,1.50,1.09
2011.05.24 17:32:52.912,1.32452,1.32481,1.50,1.09
2011.05.24 17:32:53.022,1.32452,1.32481,1.50,1.09
2011.05.24 17:32:56.723,1.32452,1.32478,1.50,2.25
2011.05.24 17:32:57.240,1.32449,1.32478,2.25,1.50
2011.05.24 17:32:57.683,1.32449,1.32478,1.50,3.75
2011.05.24 17:32:58.122,1.32448,1.32478,1.50,3.75
2011.05.24 17:32:59.202,1.32449,1.32477,1.50,1.50
2011.05.24 17:33:00.194,1.32449,1.32477,1.50,1.50
2011.05.24 17:33:00.633,1.32449,1.32477,1.50,1.50
2011.05.24 17:33:00.963,1.32449,1.32473,1.50,1.50
2011.05.24 17:33:01.074,1.32451,1.32473,1.50,1.50
2011.05.24 17:33:01.294,1.32445,1.3247,1.50,2.25
2011.05.24 17:33:02.001,1.32445,1.3247,1.50,2.25
2011.05.24 17:33:02.122,1.32442,1.32468,2.25,1.84
2011.05.24 17:33:02.235,1.32442,1.32468,2.25,1.09
2011.05.24 17:33:02.792,1.32441,1.32468,1.50,1.84
2011.05.24 17:33:04.703,1.3244,1.32468,1.50,1.84
2011.05.24 17:33:05.124,1.32439,1.32467,1.50,1.50
2011.05.24 17:33:06.162,1.3244,1.32466,1.50,1.50
2011.05.24 17:33:06.601,1.32442,1.32468,1.50,1.84
2011.05.24 17:33:06.712,1.32442,1.32468,1.50,1.84
2011.05.24 17:33:07.531,1.32441,1.32468,2.25,2.59
2011.05.24 17:33:08.342,1.32442,1.32468,1.50,1.50
2011.05.24 17:33:09.273,1.32442,1.32469,2.25,1.50
2011.05.24 17:33:10.463,1.32443,1.32469,1.50,1.50
2011.05.24 17:33:10.793,1.32444,1.32472,2.25,3.75
2011.05.24 17:33:10.906,1.32447,1.32474,1.50,2.52
2011.05.24 17:33:11.024,1.32448,1.32476,1.50,3.00
2011.05.24 17:33:11.902,1.32448,1.32477,2.25,1.50
2011.05.24 17:33:12.884,1.32448,1.32476,1.50,1.50
2011.05.24 17:33:12.994,1.32448,1.32476,1.50,1.50
2011.05.24 17:33:13.434,1.32448,1.32473,1.50,1.50
2011.05.24 17:33:13.982,1.32448,1.32473,1.50,2.25
2011.05.24 17:33:14.313,1.32446,1.32474,1.50,1.09
2011.05.24 17:33:15.323,1.32445,1.32474,1.50,2.59
2011.05.24 17:33:15.872,1.32443,1.32473,1.50,3.00
2011.05.24 17:33:16.424,1.32442,1.32471,1.50,1.50
2011.05.24 17:33:17.663,1.32441,1.3247,2.25,2.25
2011.05.24 17:33:18.023,1.32443,1.3247,1.50,1.50
2011.05.24 17:33:18.132,1.32443,1.32471,1.50,1.50
2011.05.24 17:33:18.682,1.32451,1.32471,1.50,1.50
2011.05.24 17:33:18.794,1.32451,1.32473,1.50,1.50
2011.05.24 17:33:18.903,1.32447,1.32473,1.50,4.50
2011.05.24 17:33:19.014,1.32447,1.32473,1.50,3.75
2011.05.24 17:33:19.565,1.32451,1.32472,1.50,2.25
2011.05.24 17:33:21.733,1.32454,1.32472,1.50,2.25
2011.05.24 17:33:21.845,1.32454,1.32474,1.50,1.09
2011.05.24 17:33:21.956,1.32458,1.32475,1.50,1.50
2011.05.24 17:33:22.184,1.32454,1.32476,1.50,1.50
2011.05.24 17:33:22.403,1.32454,1.32476,2.25,1.50
2011.05.24 17:33:23.334,1.32454,1.3248,2.25,3.28
2011.05.24 17:33:23.552,1.32454,1.3248,2.25,4.03
2011.05.24 17:33:23.885,1.3246,1.3248,1.50,2.53
2011.05.24 17:33:24.102,1.3246,1.3248,1.50,2.53
2011.05.24 17:33:24.673,1.3246,1.3248,1.50,1.50
2011.05.24 17:33:27.254,1.3246,1.32482,1.50,3.34
2011.05.24 17:33:27.368,1.3246,1.32482,1.50,3.34
2011.05.24 17:33:27.594,1.32461,1.32482,1.50,1.09
2011.05.24 17:33:29.246,1.32463,1.32483,1.50,1.50
2011.05.24 17:33:29.355,1.32463,1.32487,1.50,1.50
2011.05.24 17:33:29.574,1.32466,1.32492,1.50,3.00
2011.05.24 17:33:29.902,1.32469,1.32492,1.50,2.25
2011.05.24 17:33:30.232,1.32471,1.32492,1.50,2.25
2011.05.24 17:33:30.673,1.32471,1.32493,1.50,1.50
2011.05.24 17:33:31.260,1.3247,1.32493,1.50,1.50
2011.05.24 17:33:31.373,1.3247,1.32493,1.50,2.25
2011.05.24 17:33:31.592,1.32471,1.32494,1.50,2.25
2011.05.24 17:33:32.143,1.32471,1.32494,1.50,1.50
2011.05.24 17:33:32.253,1.32468,1.32494,1.50,2.25
2011.05.24 17:33:32.363,1.32465,1.32493,1.50,1.50
2011.05.24 17:33:32.473,1.32465,1.32491,1.50,1.50
2011.05.24 17:33:33.023,1.32469,1.32491,1.50,1.50
2011.05.24 17:33:33.573,1.32468,1.32491,1.50,2.25
2011.05.24 17:33:34.014,1.32468,1.32491,1.50,1.50
2011.05.24 17:33:34.595,1.3247,1.32493,1.50,1.50
2011.05.24 17:33:36.043,1.3247,1.32497,1.50,4.84
2011.05.24 17:33:36.152,1.3247,1.32497,1.50,4.84
2011.05.24 17:33:36.693,1.3247,1.32497,1.50,4.84
2011.05.24 17:33:37.272,1.3247,1.32494,1.50,1.50
2011.05.24 17:33:39.552,1.32471,1.32494,1.50,2.25
2011.05.24 17:33:43.182,1.3247,1.32494,2.25,1.50
2011.05.24 17:33:43.814,1.32471,1.32492,1.50,1.50
2011.05.24 17:33:43.924,1.32468,1.32493,1.50,3.00
2011.05.24 17:33:44.374,1.32468,1.32493,1.50,3.00
2011.05.24 17:33:44.922,1.32465,1.32488,1.50,2.25
2011.05.24 17:33:46.383,1.32465,1.32488,1.50,1.50
2011.05.24 17:33:48.112,1.32465,1.32488,1.50,2.25
2011.05.24 17:33:48.223,1.32463,1.32488,1.50,3.00
2011.05.24 17:33:48.772,1.32461,1.32486,1.50,3.68
2011.05.24 17:33:49.703,1.32462,1.32488,1.50,3.68
2011.05.24 17:33:57.162,1.32461,1.3249,1.50,5.52
2011.05.24 17:34:02.403,1.32462,1.32487,1.50,1.43
2011.05.24 17:34:02.843,1.32462,1.32488,1.50,2.93
2011.05.24 17:34:03.173,1.32459,1.32485,2.25,2.18
2011.05.24 17:34:05.085,1.32459,1.32484,1.50,1.50
2011.05.24 17:34:07.342,1.32457,1.32483,3.00,1.50
2011.05.24 17:34:07.453,1.32457,1.32481,3.00,2.18
2011.05.24 17:34:08.163,1.32457,1.32481,3.00,2.18
2011.05.24 17:34:08.674,1.32457,1.32479,1.50,2.18
2011.05.24 17:34:09.190,1.32458,1.32481,2.25,2.93
2011.05.24 17:34:10.983,1.32458,1.32479,1.50,4.02
2011.05.24 17:34:11.202,1.32455,1.3248,1.50,3.27
2011.05.24 17:34:11.314,1.3246,1.3248,2.25,1.09
2011.05.24 17:34:13.413,1.3246,1.32482,1.50,2.18
2011.05.24 17:34:13.525,1.32458,1.32482,1.50,2.18
2011.05.24 17:34:15.212,1.32458,1.3248,1.50,2.18
2011.05.24 17:34:16.421,1.32458,1.32481,1.50,1.50
2011.05.24 17:34:16.973,1.32456,1.32479,1.50,1.09
2011.05.24 17:34:17.083,1.32456,1.32478,1.50,1.43
2011.05.24 17:34:17.415,1.3245,1.3247,1.50,1.09
2011.05.24 17:34:17.526,1.32443,1.3247,2.48,1.09
2011.05.24 17:34:17.755,1.32443,1.32466,1.50,1.50
2011.05.24 17:34:17.865,1.32441,1.32464,1.50,2.93
2011.05.24 17:34:18.085,1.32435,1.32461,1.50,1.50
2011.05.24 17:34:18.194,1.32435,1.32458,1.50,1.50
2011.05.24 17:34:19.932,1.32433,1.32455,2.25,1.09
2011.05.24 17:34:21.093,1.32434,1.32456,1.50,2.18
2011.05.24 17:34:21.643,1.32435,1.32456,1.50,1.50
2011.05.24 17:34:22.373,1.32435,1.32456,1.50,1.50
2011.05.24 17:34:24.863,1.32435,1.32455,1.50,2.18
2011.05.24 17:34:25.082,1.32424,1.32453,2.10,1.09
2011.05.24 17:34:25.631,1.32424,1.32452,1.73,1.09
2011.05.24 17:34:27.183,1.32428,1.32452,3.00,1.09
2011.05.24 17:34:27.403,1.32429,1.32453,1.13,1.09
2011.05.24 17:34:27.515,1.32432,1.32457,1.50,1.50
2011.05.24 17:34:27.623,1.32432,1.32457,1.50,1.50
2011.05.24 17:34:27.953,1.32432,1.32457,1.50,1.50
2011.05.24 17:34:29.343,1.3243,1.32458,1.50,1.50
2011.05.24 17:34:29.673,1.3243,1.32458,1.73,1.50
2011.05.24 17:34:30.555,1.3243,1.32459,1.73,1.50
2011.05.24 17:34:30.676,1.32426,1.32454,2.25,3.00
2011.05.24 17:34:31.233,1.32426,1.32454,2.25,3.00
2011.05.24 17:34:31.563,1.32426,1.32454,2.25,3.00
2011.05.24 17:34:31.943,1.32425,1.32453,1.50,1.50
2011.05.24 17:34:32.274,1.32422,1.32452,1.50,2.25
2011.05.24 17:34:32.713,1.32422,1.32449,1.50,1.84
2011.05.24 17:34:33.163,1.32422,1.32449,1.50,1.84
2011.05.24 17:34:34.640,1.32421,1.32449,2.25,3.34
2011.05.24 17:34:35.364,1.32425,1.32449,1.50,1.84
2011.05.24 17:34:35.693,1.32425,1.32449,1.50,1.84
2011.05.24 17:34:37.244,1.32425,1.32449,1.73,2.59
2011.05.24 17:34:37.463,1.32421,1.32449,1.73,2.59
2011.05.24 17:34:37.575,1.32421,1.32449,1.50,1.09
2011.05.24 17:34:38.122,1.32421,1.32449,1.50,2.59
2011.05.24 17:34:38.812,1.32421,1.32449,1.50,1.09
2011.05.24 17:34:39.362,1.32421,1.32449,1.50,1.84
2011.05.24 17:34:40.093,1.32421,1.32449,1.50,1.84
2011.05.24 17:34:40.203,1.32421,1.32449,1.50,1.84
2011.05.24 17:34:40.760,1.32421,1.32449,1.50,1.84
2011.05.24 17:34:40.877,1.32421,1.32449,1.50,2.59
2011.05.24 17:34:41.435,1.32421,1.32449,1.50,1.09
2011.05.24 17:34:42.168,1.32418,1.32443,3.23,1.50
2011.05.24 17:34:43.174,1.32418,1.32442,3.00,2.18
2011.05.24 17:34:45.703,1.32416,1.32443,1.50,2.25
2011.05.24 17:34:47.161,1.32416,1.32443,1.50,2.25
2011.05.24 17:34:47.399,1.32416,1.32443,1.50,2.25
2011.05.24 17:34:47.873,1.32416,1.32443,1.50,2.25
2011.05.24 17:34:48.093,1.32416,1.32442,1.50,1.50
2011.05.24 17:34:48.703,1.32416,1.32441,1.50,2.93
2011.05.24 17:34:48.925,1.32416,1.32441,1.50,2.93
2011.05.24 17:34:49.547,1.32415,1.32441,1.50,2.93
2011.05.24 17:34:50.114,1.32413,1.3244,1.50,1.50
2011.05.24 17:34:51.162,1.32413,1.3244,1.50,1.50
2011.05.24 17:34:51.382,1.32413,1.3244,1.50,1.50
2011.05.24 17:34:51.953,1.32413,1.3244,1.50,1.50
2011.05.24 17:34:52.172,1.32411,1.32438,1.50,1.50
2011.05.24 17:34:52.802,1.32409,1.32438,1.50,1.50
2011.05.24 17:34:53.382,1.32409,1.32438,1.50,1.50
2011.05.24 17:34:56.322,1.32408,1.32434,1.50,1.50
2011.05.24 17:34:56.431,1.32408,1.32434,1.50,1.50
2011.05.24 17:34:58.363,1.32408,1.32434,2.25,3.00
2011.05.24 17:34:58.477,1.32411,1.32434,1.88,2.25
2011.05.24 17:34:58.815,1.32423,1.32445,1.50,1.50
2011.05.24 17:34:58.924,1.32423,1.32448,1.50,1.50
2011.05.24 17:34:59.032,1.32423,1.32449,1.50,1.50
2011.05.24 17:34:59.142,1.32423,1.32449,1.50,1.50
2011.05.24 17:35:00.745,1.32425,1.3245,1.50,1.50
2011.05.24 17:35:00.964,1.32423,1.32453,1.50,3.00
2011.05.24 17:35:01.491,1.32423,1.32451,1.50,1.50
2011.05.24 17:35:02.282,1.32423,1.32452,1.50,2.25
2011.05.24 17:35:03.024,1.32428,1.32452,1.13,1.50
2011.05.24 17:35:03.705,1.32432,1.32456,1.13,3.00
2011.05.24 17:35:04.044,1.3242,1.32439,1.43,1.50
2011.05.24 17:35:04.153,1.32413,1.32439,1.50,1.50
2011.05.24 17:35:04.815,1.32415,1.3244,1.50,2.18
2011.05.24 17:35:04.936,1.32415,1.3244,2.25,2.18
2011.05.24 17:35:05.163,1.32419,1.32445,1.50,1.50
2011.05.24 17:35:05.273,1.3242,1.32445,1.50,1.50
2011.05.24 17:35:05.605,1.32414,1.32443,1.50,2.52
2011.05.24 17:35:05.935,1.32414,1.32443,1.50,4.02
2011.05.24 17:35:06.607,1.32419,1.32443,1.50,1.50
2011.05.24 17:35:06.723,1.32415,1.32443,1.50,2.25
2011.05.24 17:35:07.274,1.32414,1.32443,2.25,1.50
2011.05.24 17:35:07.843,1.32414,1.32443,2.25,1.50
2011.05.24 17:35:08.435,1.32414,1.32444,2.25,4.43
2011.05.24 17:35:08.993,1.32414,1.32444,1.50,2.93
2011.05.24 17:35:09.103,1.32418,1.32444,3.00,2.93
2011.05.24 17:35:09.212,1.32418,1.32444,3.00,5.18
2011.05.24 17:35:09.654,1.32418,1.32444,3.00,3.68
2011.05.24 17:35:09.986,1.32419,1.32445,1.50,1.50
2011.05.24 17:35:10.808,1.32419,1.32446,1.50,1.84
2011.05.24 17:35:11.034,1.32419,1.32447,1.50,2.59
2011.05.24 17:35:11.583,1.32419,1.32446,1.50,1.09
2011.05.24 17:35:12.823,1.32415,1.32444,1.50,3.00
2011.05.24 17:35:12.935,1.32415,1.32444,1.50,3.00
2011.05.24 17:35:13.043,1.32415,1.32444,1.50,3.00
2011.05.24 17:35:13.593,1.32415,1.32444,1.50,3.00
2011.05.24 17:35:14.144,1.32414,1.32444,1.50,1.50
2011.05.24 17:35:14.255,1.32414,1.32443,1.50,1.50
2011.05.24 17:35:14.365,1.32411,1.32441,1.50,2.93
2011.05.24 17:35:15.282,1.32411,1.32441,1.50,2.52
2011.05.24 17:35:15.503,1.32415,1.32441,1.50,3.27
2011.05.24 17:35:15.614,1.32415,1.32441,1.50,2.59
2011.05.24 17:35:16.251,1.32415,1.32441,1.50,2.25
2011.05.24 17:35:16.370,1.32417,1.32444,2.25,1.84
2011.05.24 17:35:16.815,1.32415,1.32444,1.50,2.59
2011.05.24 17:35:18.433,1.32415,1.32444,1.50,1.84
2011.05.24 17:35:18.943,1.32412,1.32441,1.50,1.50
2011.05.24 17:35:19.493,1.32411,1.32441,1.50,2.93
2011.05.24 17:35:20.372,1.32411,1.32441,1.88,2.93
2011.05.24 17:35:20.973,1.32411,1.32441,2.10,2.93
2011.05.24 17:35:23.103,1.32412,1.32441,1.50,3.68
2011.05.24 17:35:23.433,1.32412,1.32441,1.50,2.93
2011.05.24 17:35:26.962,1.32412,1.32441,1.50,3.68
2011.05.24 17:35:27.554,1.32412,1.32439,1.50,1.50
2011.05.24 17:35:27.773,1.32411,1.32437,1.50,1.50
2011.05.24 17:35:28.802,1.32412,1.32438,1.50,1.50
2011.05.24 17:35:29.466,1.32402,1.32434,1.50,1.50
2011.05.24 17:35:29.584,1.32403,1.32431,1.50,1.50
2011.05.24 17:35:29.693,1.32402,1.32431,1.50,1.50
2011.05.24 17:35:30.219,1.32403,1.32432,1.50,2.25
2011.05.24 17:35:30.443,1.32399,1.32428,1.84,2.25
2011.05.24 17:35:30.552,1.32399,1.32428,1.84,2.25
2011.05.24 17:35:30.994,1.32399,1.32428,1.50,1.50
2011.05.24 17:35:31.324,1.32394,1.32421,1.50,1.50
2011.05.24 17:35:31.435,1.32394,1.32423,1.50,1.50
2011.05.24 17:35:31.543,1.32394,1.32421,1.50,1.50
2011.05.24 17:35:32.504,1.32396,1.32422,1.13,1.50
2011.05.24 17:35:32.724,1.32395,1.32423,1.50,1.50
2011.05.24 17:35:33.383,1.32396,1.32427,1.13,4.50
2011.05.24 17:35:33.498,1.32395,1.32423,2.25,1.50
2011.05.24 17:35:33.836,1.32389,1.32417,1.50,2.25
2011.05.24 17:35:34.176,1.32384,1.32414,1.50,3.38
2011.05.24 17:35:34.404,1.32387,1.32412,1.50,1.50
2011.05.24 17:35:34.516,1.3238,1.32408,1.50,1.13
2011.05.24 17:35:35.123,1.32376,1.32402,1.50,1.88
2011.05.24 17:35:35.343,1.32375,1.32401,1.50,1.13
2011.05.24 17:35:35.454,1.32376,1.32402,1.50,2.25
2011.05.24 17:35:35.783,1.3237,1.32399,1.50,1.50
2011.05.24 17:35:35.895,1.3237,1.32395,1.50,3.00
2011.05.24 17:35:36.225,1.32367,1.32389,1.50,2.25
2011.05.24 17:35:36.555,1.3236,1.32384,1.50,3.01
2011.05.24 17:35:36.774,1.32361,1.32386,1.50,1.37
2011.05.24 17:35:37.323,1.32361,1.32385,1.50,1.47
2011.05.24 17:35:38.017,1.32362,1.32385,2.25,1.13
2011.05.24 17:35:38.354,1.32368,1.32389,1.50,2.25
2011.05.24 17:35:38.464,1.32368,1.3239,1.50,1.03
2011.05.24 17:35:38.795,1.32368,1.3239,1.50,1.50
2011.05.24 17:35:39.014,1.32368,1.32392,1.50,2.52
2011.05.24 17:35:39.125,1.32367,1.32392,1.50,3.27
2011.05.24 17:35:39.630,1.32367,1.32392,1.50,3.27
2011.05.24 17:35:39.751,1.32368,1.32392,1.50,1.84
2011.05.24 17:35:40.082,1.32368,1.32392,1.50,1.84
2011.05.24 17:35:40.634,1.3237,1.32393,1.50,1.88
2011.05.24 17:35:40.747,1.32375,1.32395,1.50,1.88
2011.05.24 17:35:41.304,1.32374,1.32397,1.50,1.50
2011.05.24 17:35:41.417,1.32368,1.32396,1.50,1.13
2011.05.24 17:35:41.536,1.32371,1.32394,1.50,1.43
2011.05.24 17:35:41.653,1.32371,1.32397,1.50,1.13
2011.05.24 17:35:41.764,1.32371,1.32398,1.50,1.43
2011.05.24 17:35:41.873,1.32373,1.32397,1.50,1.13
2011.05.24 17:35:42.313,1.32373,1.32399,1.50,1.50
2011.05.24 17:35:43.873,1.32373,1.324,1.50,2.16
2011.05.24 17:35:45.992,1.3237,1.324,1.50,1.78
2011.05.24 17:35:47.662,1.32368,1.32398,1.73,1.50
2011.05.24 17:35:48.212,1.32368,1.32397,1.50,1.88
2011.05.24 17:35:48.983,1.32367,1.32397,1.50,1.50
2011.05.24 17:35:50.483,1.3237,1.32397,1.50,1.88
2011.05.24 17:35:50.596,1.3237,1.32397,1.50,1.50
2011.05.24 17:35:51.655,1.3237,1.32398,1.50,3.00
2011.05.24 17:35:53.832,1.3237,1.32398,1.50,2.25
2011.05.24 17:35:54.382,1.3237,1.32398,2.25,2.25
2011.05.24 17:35:56.052,1.32373,1.32398,1.50,2.25
2011.05.24 17:35:58.482,1.3237,1.32398,1.50,2.25
2011.05.24 17:35:58.703,1.3237,1.324,2.25,1.88
2011.05.24 17:35:59.252,1.32372,1.32401,1.50,1.88
2011.05.24 17:36:00.353,1.32373,1.32403,1.50,4.41
2011.05.24 17:36:00.922,1.32374,1.32403,1.09,3.75
2011.05.24 17:36:01.262,1.3238,1.32403,1.50,1.13
2011.05.24 17:36:03.685,1.3238,1.32403,1.50,1.13
2011.05.24 17:36:04.743,1.3238,1.32403,1.50,1.13
2011.05.24 17:36:05.292,1.32382,1.32403,1.50,1.13
2011.05.24 17:36:06.232,1.32382,1.32403,1.50,1.13
2011.05.24 17:36:06.782,1.32387,1.32405,1.50,1.88
2011.05.24 17:36:07.113,1.32387,1.32405,1.50,1.50
2011.05.24 17:36:07.334,1.32387,1.32406,1.50,1.13
2011.05.24 17:36:07.912,1.32388,1.32407,1.50,1.50
2011.05.24 17:36:08.540,1.32389,1.32408,1.50,1.50
2011.05.24 17:36:09.314,1.32388,1.32408,1.50,1.50
2011.05.24 17:36:10.083,1.32386,1.32408,2.25,1.50
2011.05.24 17:36:10.632,1.32386,1.3241,2.25,1.50
2011.05.24 17:36:10.962,1.32386,1.32411,2.25,1.50
2011.05.24 17:36:13.493,1.3239,1.32415,1.50,1.50
2011.05.24 17:36:14.044,1.32391,1.32418,1.50,1.50
2011.05.24 17:36:14.372,1.3239,1.32418,1.50,1.50
2011.05.24 17:36:14.703,1.3239,1.32418,1.50,1.50
2011.05.24 17:36:21.312,1.32392,1.32418,1.50,1.50
2011.05.24 17:36:21.643,1.32391,1.3242,1.50,1.50
2011.05.24 17:36:21.974,1.32396,1.3242,1.09,1.13
2011.05.24 17:36:22.686,1.32398,1.32427,1.50,1.13
2011.05.24 17:36:26.882,1.32397,1.32428,1.50,1.13
2011.05.24 17:36:27.213,1.32393,1.32424,2.25,1.88
2011.05.24 17:36:27.323,1.32393,1.32424,1.50,1.88
2011.05.24 17:36:27.652,1.3239,1.3242,2.25,1.13
2011.05.24 17:36:28.266,1.32389,1.32409,1.50,2.63
2011.05.24 17:36:28.387,1.32383,1.32409,1.73,2.18
2011.05.24 17:36:28.504,1.32381,1.32411,1.73,2.22
2011.05.24 17:36:28.725,1.32383,1.32412,1.50,1.50
2011.05.24 17:36:30.722,1.3238,1.3241,1.50,1.50
2011.05.24 17:36:31.163,1.32377,1.32405,2.82,1.50
2011.05.24 17:36:31.275,1.32377,1.32406,3.00,1.88
2011.05.24 17:36:31.494,1.32377,1.32405,1.50,1.13
2011.05.24 17:36:31.715,1.32376,1.32406,1.50,1.88
2011.05.24 17:36:32.262,1.32376,1.32405,2.25,2.25
2011.05.24 17:36:32.832,1.32376,1.32405,1.50,2.25
2011.05.24 17:36:33.442,1.32374,1.32405,2.59,1.50
2011.05.24 17:36:34.486,1.32374,1.32403,1.09,3.75
2011.05.24 17:36:34.603,1.32374,1.32403,1.09,3.75
2011.05.24 17:36:35.434,1.32374,1.32403,1.09,3.75
2011.05.24 17:36:35.877,1.32374,1.32403,1.84,3.38
2011.05.24 17:36:36.214,1.32388,1.32406,1.84,2.93
2011.05.24 17:36:36.437,1.32389,1.32413,1.50,1.50
2011.05.24 17:36:36.779,1.32391,1.32413,1.50,1.50
2011.05.24 17:36:37.313,1.32397,1.32419,1.50,1.50
2011.05.24 17:36:37.865,1.32395,1.32421,1.50,3.00
2011.05.24 17:36:37.976,1.32398,1.32421,2.93,2.25
2011.05.24 17:36:38.095,1.32398,1.32426,2.93,1.50
2011.05.24 17:36:38.314,1.324,1.32426,2.93,1.50
2011.05.24 17:36:38.425,1.32407,1.32426,1.50,1.50
2011.05.24 17:36:38.536,1.32401,1.32426,1.50,1.50
2011.05.24 17:36:38.873,1.324,1.32426,2.25,1.50
2011.05.24 17:36:39.094,1.32398,1.32426,1.09,1.50
2011.05.24 17:36:39.207,1.324,1.32428,1.50,2.18
2011.05.24 17:36:39.324,1.324,1.32429,1.50,1.50
2011.05.24 17:36:39.653,1.32402,1.3243,1.50,2.25
2011.05.24 17:36:40.203,1.32402,1.32431,1.50,1.50
2011.05.24 17:36:40.777,1.324,1.32431,2.25,1.50
2011.05.24 17:36:41.443,1.324,1.32431,2.25,1.50
2011.05.24 17:36:42.426,1.32398,1.32429,1.50,1.50
2011.05.24 17:36:42.765,1.32402,1.3243,1.50,1.37
2011.05.24 17:36:43.094,1.32405,1.3243,1.50,1.03
2011.05.24 17:36:44.283,1.32401,1.32433,1.50,2.25
2011.05.24 17:36:44.394,1.32401,1.32431,1.50,1.50
2011.05.24 17:36:44.943,1.324,1.32428,1.50,2.59
2011.05.24 17:36:45.492,1.32401,1.32429,1.50,1.50
2011.05.24 17:36:46.174,1.32397,1.32423,2.25,2.25
2011.05.24 17:36:46.284,1.32401,1.32423,1.50,1.50
2011.05.24 17:36:46.394,1.32397,1.32423,2.25,2.25
2011.05.24 17:36:46.503,1.32402,1.32423,1.50,2.25
2011.05.24 17:36:47.356,1.32401,1.32426,1.50,1.09
2011.05.24 17:36:49.163,1.32402,1.3243,1.50,2.25
2011.05.24 17:36:49.495,1.32404,1.3243,1.50,1.50
2011.05.24 17:36:49.726,1.32405,1.32433,1.50,2.25
2011.05.24 17:36:50.284,1.32405,1.32433,1.50,2.25
2011.05.24 17:36:51.165,1.32409,1.32434,1.50,2.25
2011.05.24 17:36:51.382,1.32409,1.32436,1.50,1.50
2011.05.24 17:36:51.493,1.32407,1.32439,1.50,4.03
2011.05.24 17:36:52.043,1.32406,1.32436,1.50,1.50
2011.05.24 17:36:52.268,1.32406,1.32436,1.50,1.50
2011.05.24 17:36:52.384,1.32406,1.32436,1.50,2.25
2011.05.24 17:36:53.267,1.32403,1.32434,3.75,2.25
2011.05.24 17:36:58.892,1.32404,1.32435,1.50,2.59
2011.05.24 17:36:59.882,1.32404,1.32435,1.50,1.50
2011.05.24 17:37:02.593,1.32403,1.32433,2.59,1.50
2011.05.24 17:37:02.816,1.32403,1.32431,1.09,1.50
2011.05.24 17:37:03.153,1.32403,1.3243,1.09,1.50
2011.05.24 17:37:05.584,1.32401,1.32429,1.09,1.50
2011.05.24 17:37:05.694,1.32398,1.32428,2.25,3.00
2011.05.24 17:37:06.393,1.324,1.3243,1.50,3.75
2011.05.24 17:37:08.123,1.32396,1.32428,1.50,1.50
2011.05.24 17:37:08.672,1.32399,1.32427,1.50,3.00
2011.05.24 17:37:08.783,1.32399,1.32427,1.50,1.50
2011.05.24 17:37:09.116,1.32402,1.32429,1.84,1.50
2011.05.24 17:37:09.234,1.32404,1.32429,1.50,1.50
2011.05.24 17:37:09.783,1.32403,1.32429,1.50,1.50
2011.05.24 17:37:10.476,1.32408,1.32433,2.25,1.50
2011.05.24 17:37:11.211,1.32406,1.32433,2.25,1.50
2011.05.24 17:37:11.437,1.32408,1.32434,1.50,1.50
2011.05.24 17:37:11.776,1.3241,1.32435,2.25,1.50
2011.05.24 17:37:12.225,1.3241,1.32436,2.25,1.50
2011.05.24 17:37:12.449,1.32412,1.32437,1.50,1.50
2011.05.24 17:37:12.567,1.32412,1.32439,1.50,1.50
2011.05.24 17:37:12.688,1.32415,1.32443,1.50,1.50
2011.05.24 17:37:13.026,1.32418,1.32443,1.50,1.50
2011.05.24 17:37:13.477,1.3242,1.32443,1.50,1.50
2011.05.24 17:37:13.595,1.3242,1.32443,1.50,1.50
2011.05.24 17:37:14.251,1.3242,1.32449,2.25,1.84
2011.05.24 17:37:14.475,1.3242,1.32449,2.25,1.09
2011.05.24 17:37:15.025,1.32423,1.3245,1.50,1.50
2011.05.24 17:37:15.793,1.32422,1.3245,2.25,1.50
2011.05.24 17:37:16.013,1.32421,1.32449,1.50,4.09
2011.05.24 17:37:16.234,1.32416,1.32447,2.25,3.00
2011.05.24 17:37:16.782,1.32415,1.32446,1.50,1.50
2011.05.24 17:37:17.333,1.32415,1.32446,1.50,2.25
2011.05.24 17:37:17.774,1.32415,1.32446,2.25,1.50
2011.05.24 17:37:18.322,1.32415,1.32447,2.25,3.00
2011.05.24 17:37:18.762,1.32415,1.32445,1.50,1.50
2011.05.24 17:37:19.214,1.32415,1.32445,1.50,2.25
2011.05.24 17:37:19.877,1.32414,1.32445,1.50,2.25
2011.05.24 17:37:20.743,1.32417,1.32445,1.50,2.25
2011.05.24 17:37:21.303,1.32414,1.32445,1.50,1.50
2011.05.24 17:37:21.745,1.32409,1.32441,2.48,1.84
2011.05.24 17:37:22.292,1.32413,1.32441,1.50,3.34
2011.05.24 17:37:22.853,1.32413,1.32441,1.50,2.59
2011.05.24 17:37:23.406,1.32409,1.32439,2.25,1.50
2011.05.24 17:37:25.752,1.32411,1.3244,1.50,1.50
2011.05.24 17:37:26.303,1.32417,1.32441,1.50,1.50
2011.05.24 17:37:26.903,1.32417,1.32442,1.50,1.50
2011.05.24 17:37:27.210,1.32413,1.32442,1.50,3.00
2011.05.24 17:37:27.327,1.32414,1.32443,1.50,2.25
2011.05.24 17:37:27.444,1.32414,1.32443,1.50,2.25
2011.05.24 17:37:28.063,1.32414,1.32443,2.25,1.50
2011.05.24 17:37:29.504,1.32415,1.32444,2.25,1.78
2011.05.24 17:37:29.833,1.32419,1.32446,1.50,1.50
2011.05.24 17:37:29.943,1.32418,1.32448,2.25,1.50
2011.05.24 17:37:30.054,1.32418,1.32449,2.25,3.28
2011.05.24 17:37:30.714,1.32418,1.32445,1.50,1.09
2011.05.24 17:37:31.042,1.32414,1.32444,1.50,3.00
2011.05.24 17:37:31.613,1.32412,1.32442,1.50,1.50
2011.05.24 17:37:32.053,1.32411,1.32441,1.50,2.25
2011.05.24 17:37:32.632,1.3241,1.32441,1.50,1.50
2011.05.24 17:37:33.183,1.3241,1.32441,2.25,1.50
2011.05.24 17:37:34.032,1.3241,1.32443,2.25,3.00
2011.05.24 17:37:34.584,1.32411,1.32443,2.25,1.50
2011.05.24 17:37:35.062,1.32411,1.32443,2.25,2.25
2011.05.24 17:37:35.714,1.32412,1.32443,1.50,2.25
2011.05.24 17:37:36.362,1.32416,1.32443,2.25,2.25
2011.05.24 17:37:36.913,1.32416,1.32443,2.25,1.50
2011.05.24 17:37:38.246,1.32419,1.32444,1.50,1.03
2011.05.24 17:37:38.804,1.32419,1.32446,1.50,2.25
2011.05.24 17:37:39.464,1.32417,1.32446,1.50,2.25
2011.05.24 17:37:40.013,1.32417,1.32444,1.50,1.50
2011.05.24 17:37:40.452,1.32413,1.32444,1.50,1.13
2011.05.24 17:37:42.694,1.3241,1.32442,1.73,1.88
2011.05.24 17:37:45.093,1.32409,1.3244,2.82,1.03
2011.05.24 17:37:45.942,1.32409,1.3244,2.59,1.03
2011.05.24 17:37:47.926,1.32409,1.3244,2.59,1.03
2011.05.24 17:37:48.482,1.32407,1.32438,1.50,1.50
2011.05.24 17:37:49.008,1.32407,1.32439,1.50,3.00
2011.05.24 17:37:49.573,1.32407,1.3244,1.50,3.28
2011.05.24 17:37:50.925,1.32411,1.32441,1.50,1.03
2011.05.24 17:37:51.144,1.32417,1.32442,1.50,1.50
2011.05.24 17:37:51.616,1.32415,1.32445,2.25,1.50
2011.05.24 17:37:51.738,1.32414,1.32443,1.50,1.50
2011.05.24 17:37:51.856,1.32412,1.32443,1.50,1.50
2011.05.24 17:37:53.353,1.32412,1.32445,2.25,1.84
2011.05.24 17:37:53.904,1.32413,1.32444,1.50,1.78
2011.05.24 17:37:54.015,1.32417,1.32444,1.50,1.03
2011.05.24 17:37:57.933,1.32412,1.32444,2.25,1.78
2011.05.24 17:38:00.624,1.32411,1.32442,1.50,1.50
2011.05.24 17:38:00.737,1.3241,1.32441,1.50,1.09
2011.05.24 17:38:00.858,1.32409,1.32441,2.25,1.09
2011.05.24 17:38:01.306,1.32405,1.32438,1.50,1.84
2011.05.24 17:38:02.085,1.32403,1.32436,2.25,1.50
2011.05.24 17:38:02.633,1.324,1.32433,3.00,4.43
2011.05.24 17:38:03.158,1.324,1.32433,1.50,3.68
2011.05.24 17:38:04.014,1.32399,1.32431,2.07,1.50
2011.05.24 17:38:05.998,1.32399,1.32431,2.59,1.50
2011.05.24 17:38:06.353,1.32399,1.32432,2.82,1.03
2011.05.24 17:38:08.658,1.32399,1.32432,2.82,2.53
2011.05.24 17:38:10.042,1.32399,1.3243,1.84,1.50
2011.05.24 17:38:10.534,1.32399,1.3243,2.59,1.50
2011.05.24 17:38:11.483,1.32401,1.3243,1.50,1.50
2011.05.24 17:38:11.703,1.32403,1.32431,1.50,1.50
2011.05.24 17:38:11.926,1.32407,1.32431,1.09,1.50
2011.05.24 17:38:12.268,1.32411,1.32439,1.50,1.50
2011.05.24 17:38:13.004,1.32419,1.32449,2.25,1.50
2011.05.24 17:38:13.332,1.32419,1.32449,2.25,1.50
2011.05.24 17:38:14.991,1.32419,1.3245,2.25,1.50
2011.05.24 17:38:17.521,1.32419,1.3245,2.48,1.50
2011.05.24 17:38:17.855,1.32416,1.32442,1.50,1.50
2011.05.24 17:38:18.403,1.32417,1.32444,2.25,1.50
2011.05.24 17:38:19.063,1.32416,1.32446,1.50,1.03
2011.05.24 17:38:19.173,1.32416,1.32447,3.00,2.59
2011.05.24 17:38:19.722,1.32416,1.32447,3.23,2.59
2011.05.24 17:38:20.711,1.32418,1.32447,1.73,1.84
2011.05.24 17:38:21.343,1.32417,1.32449,1.73,1.09
2011.05.24 17:38:22.183,1.32418,1.32449,1.50,1.50
2011.05.24 17:38:22.513,1.32418,1.32451,1.73,1.78
2011.05.24 17:38:22.734,1.32419,1.32451,1.50,1.03
2011.05.24 17:38:23.314,1.32417,1.32451,2.25,1.03
2011.05.24 17:38:23.643,1.32417,1.32451,2.25,1.03
2011.05.24 17:38:24.142,1.32417,1.32451,2.25,1.03
2011.05.24 17:38:32.974,1.32418,1.3245,1.09,1.50
2011.05.24 17:38:33.304,1.32417,1.32449,1.84,2.55
2011.05.24 17:38:33.744,1.32417,1.32449,2.59,2.55
2011.05.24 17:38:34.403,1.32417,1.32448,2.25,1.47
2011.05.24 17:38:37.563,1.32417,1.32448,3.00,1.88
2011.05.24 17:38:37.894,1.3242,1.3245,2.18,1.13
2011.05.24 17:38:38.004,1.3242,1.32451,2.18,1.03
2011.05.24 17:38:38.113,1.32422,1.32453,1.50,1.50
2011.05.24 17:38:38.444,1.32424,1.32454,2.18,1.09
2011.05.24 17:38:44.074,1.32426,1.32455,1.50,1.37
2011.05.24 17:38:45.953,1.32426,1.32455,1.50,1.37
2011.05.24 17:38:46.173,1.32426,1.32455,1.50,1.37
2011.05.24 17:38:46.759,1.32426,1.32455,1.50,1.37
2011.05.24 17:38:47.284,1.32426,1.32455,1.50,1.37
2011.05.24 17:38:50.774,1.32426,1.32454,1.50,2.12
2011.05.24 17:38:51.214,1.32424,1.32446,1.43,1.50
2011.05.24 17:38:51.325,1.32417,1.32446,3.75,2.25
2011.05.24 17:38:51.433,1.32417,1.32446,2.25,2.25
2011.05.24 17:38:51.654,1.32419,1.32446,1.50,1.50
2011.05.24 17:38:51.874,1.32419,1.32449,1.50,3.75
2011.05.24 17:38:52.314,1.3242,1.32449,1.50,2.25
2011.05.24 17:38:52.754,1.32423,1.32449,1.50,1.50
2011.05.24 17:38:53.312,1.32423,1.32449,1.50,1.50
2011.05.24 17:38:53.863,1.3242,1.32449,1.50,1.50
2011.05.24 17:38:56.453,1.32422,1.32451,1.50,1.50
2011.05.24 17:38:57.334,1.32422,1.32451,1.50,1.50
2011.05.24 17:39:01.562,1.32422,1.32453,1.50,1.78
2011.05.24 17:39:02.353,1.32422,1.32453,1.50,1.03
2011.05.24 17:39:02.904,1.32422,1.32453,1.50,2.12
2011.05.24 17:39:03.453,1.32421,1.32453,2.25,1.37
2011.05.24 17:39:04.042,1.32421,1.32453,2.25,2.12
2011.05.24 17:39:04.157,1.32426,1.32453,1.50,1.37
2011.05.24 17:39:04.278,1.32426,1.32453,1.50,1.37
2011.05.24 17:39:06.809,1.32427,1.32453,1.50,1.37
2011.05.24 17:39:07.147,1.32431,1.32455,2.25,1.03
2011.05.24 17:39:07.266,1.32434,1.32458,1.50,1.50
2011.05.24 17:39:07.593,1.32434,1.32462,1.50,1.50
2011.05.24 17:39:08.822,1.32434,1.32462,1.50,1.50
2011.05.24 17:39:16.082,1.32436,1.32462,1.50,1.50
2011.05.24 17:39:16.413,1.32437,1.32462,1.50,1.50
2011.05.24 17:39:16.744,1.32436,1.32465,1.50,1.09
2011.05.24 17:39:17.283,1.32436,1.32465,1.50,2.59
2011.05.24 17:39:17.834,1.32435,1.32465,2.25,2.46
2011.05.24 17:39:18.571,1.32435,1.32463,1.50,1.09
2011.05.24 17:39:18.914,1.32432,1.3246,2.25,2.25
2011.05.24 17:39:19.489,1.32432,1.3246,1.50,2.25
2011.05.24 17:39:20.403,1.32432,1.3246,1.50,2.25
2011.05.24 17:39:21.064,1.32432,1.3246,1.50,1.50
2011.05.24 17:39:21.175,1.32435,1.3246,2.25,1.50
2011.05.24 17:39:21.285,1.32435,1.32462,2.25,1.50
2011.05.24 17:39:21.504,1.32436,1.32464,1.50,1.78
2011.05.24 17:39:22.055,1.32432,1.32466,2.82,2.16
2011.05.24 17:39:22.163,1.32432,1.32464,2.82,1.03
2011.05.24 17:39:26.184,1.32437,1.32464,1.50,1.78
2011.05.24 17:39:26.809,1.32438,1.32464,1.50,1.03
2011.05.24 17:39:27.034,1.32437,1.32464,1.50,1.03
2011.05.24 17:39:27.724,1.32437,1.32464,1.50,1.03
2011.05.24 17:39:28.716,1.32437,1.32467,1.50,1.50
2011.05.24 17:39:28.945,1.32438,1.32468,1.50,1.78
2011.05.24 17:39:29.054,1.3244,1.32468,1.50,1.03
2011.05.24 17:39:29.493,1.32439,1.32469,1.50,2.53
2011.05.24 17:39:29.603,1.32439,1.32469,1.50,1.78
2011.05.24 17:39:30.153,1.32439,1.32469,2.25,1.03
2011.05.24 17:39:30.484,1.32442,1.32469,1.50,1.03
2011.05.24 17:39:30.593,1.32442,1.32472,1.50,1.50
2011.05.24 17:39:30.705,1.32442,1.32473,2.25,1.78
2011.05.24 17:39:31.035,1.32442,1.32474,1.50,1.03
2011.05.24 17:39:32.221,1.32442,1.32474,1.50,1.41
2011.05.24 17:39:32.774,1.32442,1.32474,1.50,1.03
2011.05.24 17:39:33.244,1.32442,1.32474,1.50,1.78
2011.05.24 17:39:33.741,1.32442,1.32472,1.50,1.03
2011.05.24 17:39:34.403,1.32442,1.32467,1.50,1.50
2011.05.24 17:39:37.180,1.32441,1.3247,1.50,1.50
2011.05.24 17:39:39.295,1.32441,1.3247,1.50,1.50
2011.05.24 17:39:39.406,1.32441,1.32471,2.25,1.50
2011.05.24 17:39:39.963,1.32441,1.32473,1.50,1.78
2011.05.24 17:39:42.973,1.32442,1.32471,1.50,1.50
2011.05.24 17:39:43.305,1.32443,1.32471,1.50,1.50
2011.05.24 17:39:43.416,1.32446,1.32473,1.50,1.50
2011.05.24 17:39:43.753,1.32446,1.32473,1.50,3.00
2011.05.24 17:39:44.303,1.32446,1.32473,1.50,3.00
2011.05.24 17:39:44.855,1.32446,1.32476,1.50,1.50
2011.05.24 17:39:45.183,1.32446,1.32476,1.73,1.50
2011.05.24 17:39:46.167,1.32452,1.32479,1.50,1.50
2011.05.24 17:39:46.394,1.32449,1.32481,2.25,1.50
2011.05.24 17:39:46.505,1.32452,1.32481,1.50,2.25
2011.05.24 17:39:47.503,1.32449,1.32481,2.48,1.50
2011.05.24 17:39:47.724,1.32447,1.32479,2.07,1.50
2011.05.24 17:39:47.944,1.32447,1.32477,2.07,1.50
2011.05.24 17:39:50.936,1.32447,1.32477,1.32,1.50
2011.05.24 17:39:51.279,1.32448,1.32478,1.73,1.50
2011.05.24 17:39:51.398,1.32449,1.32479,1.73,2.18
2011.05.24 17:39:51.844,1.32452,1.32482,2.25,4.03
2011.05.24 17:39:51.953,1.32452,1.32482,2.25,3.28
2011.05.24 17:39:53.700,1.32453,1.32482,1.50,1.03
2011.05.24 17:39:54.254,1.32452,1.32484,1.50,2.53
2011.05.24 17:39:56.384,1.32449,1.32481,3.00,2.25
2011.05.24 17:39:56.713,1.32449,1.32477,1.50,1.43
2011.05.24 17:39:57.115,1.32447,1.32476,1.09,2.25
2011.05.24 17:39:59.525,1.32452,1.32477,1.50,1.43
2011.05.24 17:40:00.074,1.32451,1.3248,1.50,1.50
2011.05.24 17:40:01.397,1.3245,1.32482,1.50,1.03
2011.05.24 17:40:01.519,1.32451,1.32481,2.25,2.25
2011.05.24 17:40:01.747,1.32452,1.32481,1.73,3.00
2011.05.24 17:40:02.193,1.32451,1.32481,1.50,2.25
2011.05.24 17:40:02.923,1.32453,1.32481,1.50,2.25
2011.05.24 17:40:03.913,1.32453,1.32482,1.50,1.50
2011.05.24 17:40:04.244,1.32453,1.32483,1.50,3.34
2011.05.24 17:40:04.464,1.32447,1.32482,2.48,2.16
2011.05.24 17:40:05.803,1.32447,1.3248,3.23,1.13
2011.05.24 17:40:06.924,1.3245,1.32482,1.50,2.49
2011.05.24 17:40:07.478,1.32452,1.32482,1.50,2.49
2011.05.24 17:40:08.032,1.32452,1.32482,1.50,2.49
2011.05.24 17:40:08.453,1.32452,1.32482,1.50,3.24
2011.05.24 17:40:10.444,1.32454,1.32483,1.50,3.24
2011.05.24 17:40:10.774,1.32447,1.32477,1.73,2.16
2011.05.24 17:40:11.323,1.32446,1.32477,2.25,3.66
2011.05.24 17:40:11.434,1.32446,1.32477,2.25,3.66
2011.05.24 17:40:14.065,1.32446,1.32476,3.00,3.00
2011.05.24 17:40:14.395,1.32446,1.32473,1.50,2.18
2011.05.24 17:40:15.116,1.32446,1.32472,1.50,1.50
2011.05.24 17:40:15.673,1.32441,1.32472,2.48,1.50
2011.05.24 17:40:16.264,1.32442,1.32472,1.73,1.50
2011.05.24 17:40:17.155,1.32442,1.32472,1.73,1.50
2011.05.24 17:40:17.703,1.32442,1.32472,1.73,1.50
2011.05.24 17:40:18.526,1.32442,1.32471,1.73,1.50
2011.05.24 17:40:19.472,1.32442,1.32473,1.73,5.46
2011.05.24 17:40:22.133,1.32442,1.32473,2.48,3.21
2011.05.24 17:40:22.245,1.32446,1.32473,1.50,1.71
2011.05.24 17:40:23.057,1.32447,1.32473,2.25,1.50
2011.05.24 17:40:23.686,1.32448,1.32473,1.50,1.50
2011.05.24 17:40:25.583,1.32447,1.32473,2.25,1.50
2011.05.24 17:40:29.303,1.32448,1.32474,1.50,1.03
2011.05.24 17:40:31.934,1.32447,1.32474,2.25,1.78
2011.05.24 17:40:32.483,1.32444,1.32472,1.50,1.50
2011.05.24 17:40:34.415,1.32446,1.32473,1.50,3.68
2011.05.24 17:40:34.637,1.32441,1.32466,1.50,1.50
2011.05.24 17:40:34.974,1.32439,1.32465,1.50,2.52
2011.05.24 17:40:35.743,1.32431,1.32465,2.48,2.12
2011.05.24 17:40:36.293,1.32431,1.32463,2.48,1.09
2011.05.24 17:40:37.523,1.32432,1.32463,1.50,1.50
2011.05.24 17:40:37.633,1.32432,1.32465,1.50,1.03
2011.05.24 17:40:38.184,1.32433,1.32465,2.48,3.28
2011.05.24 17:40:40.464,1.32433,1.32464,1.73,3.00
2011.05.24 17:40:44.664,1.32437,1.32466,1.50,1.50
2011.05.24 17:40:49.606,1.32438,1.32466,1.50,1.50
2011.05.24 17:40:53.670,1.32438,1.32466,1.50,2.25
2011.05.24 17:40:55.097,1.32437,1.32466,1.50,1.50
2011.05.24 17:40:58.290,1.32437,1.32467,1.50,1.50
2011.05.24 17:40:59.183,1.32437,1.32467,1.50,2.25
2011.05.24 17:41:01.873,1.32438,1.32467,1.50,1.50
2011.05.24 17:41:02.794,1.32438,1.32467,1.50,1.50
2011.05.24 17:41:02.904,1.32438,1.32467,1.50,1.50
2011.05.24 17:41:03.454,1.32438,1.32467,1.50,2.25
2011.05.24 17:41:04.163,1.32437,1.32467,3.00,1.50
2011.05.24 17:41:04.713,1.32438,1.32467,1.50,1.50
2011.05.24 17:41:05.304,1.32437,1.32467,2.25,1.50
2011.05.24 17:41:06.074,1.32438,1.32467,1.50,2.25
2011.05.24 17:41:07.767,1.32438,1.32467,1.50,2.25
2011.05.24 17:41:10.715,1.3244,1.32467,1.50,1.50
2011.05.24 17:41:10.934,1.32441,1.32467,1.50,1.50
2011.05.24 17:41:12.809,1.32441,1.32467,1.50,2.59
2011.05.24 17:41:13.036,1.32436,1.32466,1.50,1.50
2011.05.24 17:41:13.147,1.32434,1.32462,2.25,1.47
2011.05.24 17:41:13.595,1.32435,1.32462,1.50,1.09
2011.05.24 17:41:13.925,1.32431,1.32461,1.50,1.50
2011.05.24 17:41:14.534,1.3243,1.32459,1.50,1.50
2011.05.24 17:41:14.653,1.32425,1.32455,1.50,1.13
2011.05.24 17:41:14.987,1.32423,1.32457,2.07,1.88
2011.05.24 17:41:15.544,1.32422,1.32455,1.50,2.52
2011.05.24 17:41:16.094,1.32422,1.32452,1.50,1.13
2011.05.24 17:41:16.976,1.32421,1.32451,2.25,1.88
2011.05.24 17:41:20.594,1.32421,1.32451,1.50,1.13
2011.05.24 17:41:21.144,1.32421,1.32449,1.50,2.25
2011.05.24 17:41:22.774,1.32418,1.32448,1.50,1.50
2011.05.24 17:41:23.285,1.32422,1.32449,1.50,2.59
2011.05.24 17:41:23.835,1.32424,1.32449,1.50,2.25
2011.05.24 17:41:23.944,1.32424,1.32449,1.50,1.88
2011.05.24 17:41:26.683,1.32424,1.3245,1.50,1.13
2011.05.24 17:41:27.255,1.32424,1.3245,1.50,1.13
2011.05.24 17:41:27.805,1.32424,1.32451,1.50,1.13
2011.05.24 17:41:28.025,1.32424,1.32453,1.50,1.03
2011.05.24 17:41:28.133,1.32422,1.32452,2.25,1.13
2011.05.24 17:41:31.624,1.32424,1.32452,1.50,1.13
2011.05.24 17:41:33.674,1.3243,1.32452,1.50,1.13
2011.05.24 17:41:34.005,1.32431,1.32456,2.25,1.78
2011.05.24 17:41:34.116,1.32433,1.32456,1.50,1.50
2011.05.24 17:41:34.226,1.32433,1.3246,1.50,2.91
2011.05.24 17:41:34.863,1.32431,1.32459,3.68,1.13
2011.05.24 17:41:35.085,1.32428,1.32459,2.59,1.78
2011.05.24 17:41:35.633,1.3243,1.32458,1.50,1.03
2011.05.24 17:41:37.123,1.3243,1.32458,1.50,1.03
2011.05.24 17:41:38.549,1.32428,1.3246,1.84,2.16
2011.05.24 17:41:39.103,1.32432,1.32458,1.50,1.41
2011.05.24 17:41:39.434,1.32428,1.32458,2.52,1.41
2011.05.24 17:41:39.763,1.32428,1.32459,1.09,1.41
2011.05.24 17:41:41.433,1.32428,1.32457,1.09,1.50
2011.05.24 17:41:43.863,1.32428,1.32457,1.09,1.50
2011.05.24 17:41:45.592,1.32428,1.32457,1.09,1.50
2011.05.24 17:41:45.820,1.32428,1.32457,1.84,2.25
2011.05.24 17:41:46.378,1.32436,1.32459,1.50,1.88
2011.05.24 17:41:46.608,1.32438,1.3246,1.50,1.03
2011.05.24 17:41:47.053,1.32438,1.32464,1.50,1.78
2011.05.24 17:41:47.384,1.32437,1.32464,1.50,1.03
2011.05.24 17:41:47.964,1.32437,1.32466,1.50,1.78
2011.05.24 17:41:48.510,1.32437,1.32466,1.50,1.03
2011.05.24 17:41:49.730,1.3244,1.32466,1.50,1.78
2011.05.24 17:41:50.394,1.32439,1.32466,1.50,1.03
2011.05.24 17:41:50.834,1.32439,1.32466,1.50,1.78
2011.05.24 17:41:51.164,1.32441,1.32466,1.50,1.78
2011.05.24 17:41:54.205,1.32436,1.32466,1.50,2.25
2011.05.24 17:41:55.704,1.32439,1.32466,1.50,1.50
2011.05.24 17:41:59.364,1.32438,1.32466,1.50,1.50
2011.05.24 17:42:02.163,1.32438,1.32468,1.50,2.22
2011.05.24 17:42:05.224,1.32436,1.32466,2.25,1.50
2011.05.24 17:42:05.773,1.32435,1.32464,1.50,1.03
2011.05.24 17:42:05.884,1.32435,1.32463,1.50,2.18
2011.05.24 17:42:06.214,1.32435,1.32463,2.25,2.18
2011.05.24 17:42:06.543,1.32435,1.32463,1.50,2.18
2011.05.24 17:42:07.614,1.32435,1.32463,1.50,2.18
2011.05.24 17:42:09.749,1.32432,1.32463,2.25,2.93
2011.05.24 17:42:12.293,1.32434,1.32463,1.50,2.18
2011.05.24 17:42:12.624,1.32439,1.32463,1.50,1.50
2011.05.24 17:42:12.956,1.32442,1.32465,1.50,1.03
2011.05.24 17:42:13.184,1.32442,1.32468,1.50,1.03
2011.05.24 17:42:13.844,1.32442,1.32469,1.50,1.03
2011.05.24 17:42:17.695,1.3244,1.32469,1.50,1.03
2011.05.24 17:42:18.035,1.32437,1.32469,2.25,1.03
2011.05.24 17:42:18.583,1.32437,1.32468,1.50,1.78
2011.05.24 17:42:21.404,1.3244,1.32468,1.50,1.03
2011.05.24 17:42:21.624,1.32441,1.32468,1.50,1.78
2011.05.24 17:42:23.296,1.32442,1.3247,1.50,2.53
2011.05.24 17:42:23.524,1.32441,1.3247,1.50,1.50
2011.05.24 17:42:27.203,1.32443,1.32471,1.50,2.97
2011.05.24 17:42:30.313,1.32442,1.32471,1.50,2.97
2011.05.24 17:42:31.474,1.32443,1.32471,1.50,2.59
2011.05.24 17:42:32.023,1.32444,1.32471,1.50,1.84
2011.05.24 17:42:40.925,1.32444,1.32471,1.50,1.09
2011.05.24 17:42:43.544,1.32444,1.32471,1.50,1.84
2011.05.24 17:42:43.886,1.32446,1.32476,1.50,1.50
2011.05.24 17:42:44.214,1.32446,1.32476,1.73,1.03
2011.05.24 17:42:44.805,1.32446,1.32478,2.48,3.28
2011.05.24 17:42:51.884,1.32449,1.32479,1.50,3.75
2011.05.24 17:42:52.216,1.32452,1.32481,1.50,1.84
2011.05.24 17:42:52.324,1.32452,1.32481,1.50,1.09
2011.05.24 17:42:52.874,1.32452,1.32481,1.50,1.09
2011.05.24 17:42:53.533,1.32456,1.32481,1.50,1.09
2011.05.24 17:42:56.334,1.32457,1.32482,1.50,1.09
2011.05.24 17:42:56.666,1.32459,1.32482,1.73,1.09
2011.05.24 17:42:57.174,1.32462,1.32488,1.50,3.00
2011.05.24 17:42:57.244,1.32463,1.32491,1.50,1.09
2011.05.24 17:42:57.365,1.32463,1.32492,1.73,1.09
2011.05.24 17:42:57.476,1.32461,1.32492,1.73,1.50
2011.05.24 17:42:57.916,1.32464,1.32492,1.50,1.50
2011.05.24 17:42:58.146,1.32467,1.32494,1.50,1.50
2011.05.24 17:42:58.945,1.32467,1.32496,1.50,3.28
2011.05.24 17:42:59.493,1.32467,1.32496,1.50,2.53
2011.05.24 17:43:00.314,1.32467,1.32496,1.50,3.28
2011.05.24 17:43:01.084,1.3247,1.32497,1.50,1.09
2011.05.24 17:43:01.526,1.3247,1.32499,1.50,1.50
2011.05.24 17:43:02.024,1.32467,1.32501,1.73,1.03
2011.05.24 17:43:02.368,1.3246,1.32492,1.50,1.03
2011.05.24 17:43:02.490,1.32461,1.32491,1.50,1.50
2011.05.24 17:43:02.827,1.32451,1.32479,1.73,1.50
2011.05.24 17:43:02.948,1.3245,1.32475,3.15,1.84
2011.05.24 17:43:03.176,1.32448,1.32475,1.73,2.52
2011.05.24 17:43:03.395,1.32445,1.32476,2.48,2.52
2011.05.24 17:43:03.836,1.32448,1.32475,2.18,1.09
2011.05.24 17:43:04.415,1.32447,1.32475,2.48,1.09
2011.05.24 17:43:04.541,1.32451,1.32475,1.50,1.09
2011.05.24 17:43:05.286,1.32456,1.32481,2.25,1.50
2011.05.24 17:43:05.514,1.32452,1.32483,1.50,2.12
2011.05.24 17:43:06.176,1.32451,1.32483,2.25,1.37
2011.05.24 17:43:06.507,1.32446,1.32475,1.50,1.50
2011.05.24 17:43:06.734,1.32446,1.32476,1.50,2.59
2011.05.24 17:43:08.275,1.32444,1.32472,1.73,3.00
2011.05.24 17:43:08.495,1.32444,1.32473,1.50,1.50
2011.05.24 17:43:08.716,1.32444,1.32476,1.50,1.50
2011.05.24 17:43:08.826,1.32444,1.32476,2.25,2.25
2011.05.24 17:43:09.963,1.32445,1.32477,1.73,3.34
2011.05.24 17:43:10.183,1.32447,1.32477,1.50,1.84
2011.05.24 17:43:10.522,1.32442,1.32471,1.73,1.50
2011.05.24 17:43:11.446,1.32442,1.32472,1.50,1.50
2011.05.24 17:43:12.503,1.32441,1.32472,1.73,1.50
2011.05.24 17:43:17.934,1.32447,1.32472,1.50,2.18
2011.05.24 17:43:18.045,1.32447,1.32472,1.50,1.43
2011.05.24 17:43:18.379,1.32447,1.32475,2.48,1.84
2011.05.24 17:43:18.910,1.32448,1.32477,1.73,1.50
2011.05.24 17:43:19.034,1.3245,1.3248,1.73,1.50
2011.05.24 17:43:19.254,1.32451,1.3248,1.73,1.50
2011.05.24 17:43:19.694,1.32452,1.3248,1.73,1.50
2011.05.24 17:43:20.135,1.32457,1.32483,1.50,1.09
2011.05.24 17:43:20.244,1.32457,1.32483,1.50,1.09
2011.05.24 17:43:20.904,1.32453,1.32483,1.73,1.50
2011.05.24 17:43:21.125,1.32453,1.32486,1.73,1.50
2011.05.24 17:43:21.673,1.32457,1.32483,1.50,1.50
2011.05.24 17:43:22.864,1.32457,1.32483,1.50,1.50
2011.05.24 17:43:23.413,1.32457,1.32484,1.50,1.50
2011.05.24 17:43:28.194,1.32462,1.32487,1.50,1.50
2011.05.24 17:43:28.743,1.32462,1.3249,1.50,1.50
2011.05.24 17:43:29.075,1.32462,1.3249,1.50,1.50
2011.05.24 17:43:29.623,1.32462,1.32492,1.50,2.25
2011.05.24 17:43:30.173,1.32456,1.32491,3.57,1.50
2011.05.24 17:43:31.003,1.32456,1.32491,2.82,2.25
2011.05.24 17:43:31.568,1.32456,1.32491,3.57,1.50
2011.05.24 17:43:33.824,1.32457,1.3249,1.73,2.18
2011.05.24 17:43:33.936,1.32457,1.3249,1.73,3.30
2011.05.24 17:43:34.734,1.32461,1.3249,1.50,3.30
2011.05.24 17:43:35.423,1.32457,1.3249,4.73,1.50
2011.05.24 17:43:37.294,1.32457,1.3249,2.48,1.88
2011.05.24 17:43:37.843,1.32457,1.32489,3.23,1.78
2011.05.24 17:43:45.738,1.32458,1.32488,1.73,1.03
2011.05.24 17:43:47.665,1.32458,1.3249,1.73,1.50
2011.05.24 17:43:54.376,1.32462,1.3249,1.50,1.50
2011.05.24 17:44:00.785,1.32462,1.32492,1.73,3.30
2011.05.24 17:44:01.113,1.32462,1.32492,1.73,3.30
2011.05.24 17:44:06.124,1.32462,1.32492,1.73,2.18
2011.05.24 17:44:06.664,1.32466,1.32492,1.50,1.43
2011.05.24 17:44:06.781,1.32467,1.32492,1.50,1.88
2011.05.24 17:44:11.323,1.32461,1.32488,1.73,1.50
2011.05.24 17:44:17.285,1.32466,1.32488,1.50,1.50
2011.05.24 17:44:17.616,1.32463,1.32492,1.73,2.97
2011.05.24 17:44:18.424,1.32464,1.32492,1.73,2.97
2011.05.24 17:44:20.313,1.32466,1.32492,2.48,1.47
2011.05.24 17:44:20.863,1.32467,1.32492,2.48,1.47
2011.05.24 17:44:22.447,1.32471,1.32492,1.50,1.47
2011.05.24 17:44:22.675,1.32471,1.32492,1.50,1.09
2011.05.24 17:44:27.575,1.32472,1.32492,2.25,1.09
2011.05.24 17:44:27.709,1.32472,1.32498,1.50,1.50
2011.05.24 17:44:37.503,1.32468,1.32498,1.73,1.50
2011.05.24 17:44:42.474,1.32468,1.32494,1.73,1.50
2011.05.24 17:44:43.023,1.32467,1.32493,1.50,4.43
2011.05.24 17:44:48.323,1.32466,1.32492,1.50,2.59
2011.05.24 17:44:48.765,1.32472,1.32492,1.50,2.25
2011.05.24 17:44:48.874,1.32472,1.32493,1.50,1.50
2011.05.24 17:44:55.604,1.32472,1.32495,1.50,1.09
2011.05.24 17:44:55.935,1.32472,1.32498,1.73,2.25
2011.05.24 17:44:56.155,1.32472,1.32498,2.10,2.25
2011.05.24 17:44:56.705,1.32472,1.32498,1.73,1.50
2011.05.24 17:44:57.254,1.32476,1.32501,1.50,3.68
2011.05.24 17:44:57.914,1.32476,1.32501,1.50,1.50
2011.05.24 17:44:58.244,1.32476,1.32501,1.50,2.25
2011.05.24 17:44:58.796,1.32476,1.32501,1.50,1.50
2011.05.24 17:44:59.893,1.32476,1.32501,1.50,1.50
2011.05.24 17:45:08.544,1.32477,1.32501,1.50,1.50
2011.05.24 17:45:09.094,1.32477,1.32502,1.50,1.09
2011.05.24 17:45:09.313,1.32477,1.32502,1.50,1.09
2011.05.24 17:45:11.835,1.32477,1.32501,1.50,1.50
2011.05.24 17:45:12.856,1.32477,1.32501,1.50,1.50
2011.05.24 17:45:13.188,1.32484,1.32503,1.50,2.22
2011.05.24 17:45:13.308,1.32484,1.32509,1.50,1.41
2011.05.24 17:45:13.918,1.32482,1.32511,1.73,1.50
2011.05.24 17:45:14.258,1.3248,1.32511,1.35,1.50
2011.05.24 17:45:14.814,1.32482,1.32509,1.73,2.25
2011.05.24 17:45:19.974,1.32486,1.32509,1.50,2.25
2011.05.24 17:45:20.415,1.32489,1.32509,1.50,1.50
2011.05.24 17:45:20.527,1.32489,1.32512,1.50,2.18
2011.05.24 17:45:20.864,1.32489,1.32517,1.50,3.00
2011.05.24 17:45:20.976,1.32487,1.32517,3.23,1.50
2011.05.24 17:45:21.697,1.32486,1.32515,2.48,1.50
2011.05.24 17:45:24.174,1.32488,1.32515,2.18,1.50
2011.05.24 17:45:25.234,1.32487,1.32516,1.73,1.50
2011.05.24 17:45:26.194,1.32487,1.32516,1.73,1.50
2011.05.24 17:45:27.801,1.32492,1.32517,1.50,1.50
2011.05.24 17:45:29.984,1.32492,1.32517,1.50,2.25
2011.05.24 17:45:30.094,1.32489,1.32513,1.50,1.50
2011.05.24 17:45:30.205,1.32487,1.32508,1.50,1.50
2011.05.24 17:45:30.313,1.32482,1.32508,1.73,1.50
2011.05.24 17:45:30.424,1.32482,1.32508,1.73,1.50
2011.05.24 17:45:30.973,1.32482,1.32508,1.73,1.50
2011.05.24 17:45:31.524,1.32482,1.32508,1.73,1.50
2011.05.24 17:45:32.103,1.32487,1.3251,1.50,1.84
2011.05.24 17:45:32.701,1.32482,1.32508,1.50,1.50
2011.05.24 17:45:33.914,1.32481,1.32506,1.50,1.50
2011.05.24 17:45:34.246,1.32478,1.32504,1.73,1.50
2011.05.24 17:45:40.253,1.32481,1.32504,1.50,2.25
2011.05.24 17:45:40.845,1.32481,1.32504,1.50,2.25
2011.05.24 17:45:41.825,1.32478,1.32503,2.48,1.50
2011.05.24 17:45:42.383,1.32481,1.32503,1.73,2.25
2011.05.24 17:45:43.006,1.32481,1.32503,1.50,2.25
2011.05.24 17:45:43.554,1.32478,1.32504,1.73,1.50
2011.05.24 17:45:48.455,1.32478,1.32504,2.48,1.50
2011.05.24 17:45:48.674,1.32478,1.32505,2.48,1.50
2011.05.24 17:45:49.234,1.32478,1.32505,2.48,1.50
2011.05.24 17:45:50.533,1.32482,1.32507,1.50,2.25
2011.05.24 17:45:55.603,1.32482,1.32508,1.50,1.50
2011.05.24 17:45:56.044,1.32482,1.32507,1.50,3.75
2011.05.24 17:45:56.706,1.32476,1.32502,1.50,1.50
2011.05.24 17:45:56.818,1.32474,1.325,1.73,1.50
2011.05.24 17:45:57.168,1.32473,1.32494,1.50,1.50
2011.05.24 17:45:57.285,1.32472,1.3249,1.50,1.50
2011.05.24 17:45:57.836,1.3247,1.32488,1.50,1.50
2011.05.24 17:45:58.384,1.3247,1.32487,1.50,1.50
2011.05.24 17:45:58.607,1.32466,1.32486,1.73,1.50
2011.05.24 17:45:58.946,1.32461,1.32486,1.73,1.50
2011.05.24 17:45:59.055,1.32461,1.32486,1.73,1.50
2011.05.24 17:45:59.825,1.32462,1.32487,2.25,1.50
2011.05.24 17:46:00.414,1.3246,1.32487,1.50,1.50
2011.05.24 17:46:00.964,1.32462,1.3249,2.48,2.25
2011.05.24 17:46:03.565,1.32462,1.32488,2.48,2.25
2011.05.24 17:46:04.116,1.32462,1.32488,2.48,3.00
2011.05.24 17:46:04.729,1.32477,1.32489,2.25,2.18
2011.05.24 17:46:04.847,1.32462,1.3249,1.73,1.50
2011.05.24 17:46:04.968,1.32468,1.32494,1.50,1.50
2011.05.24 17:46:05.087,1.32468,1.32494,1.73,2.25
2011.05.24 17:46:05.198,1.32468,1.32495,1.50,1.09
2011.05.24 17:46:05.317,1.32467,1.32495,3.23,1.09
2011.05.24 17:46:05.764,1.32467,1.32493,3.23,1.50
2011.05.24 17:46:06.205,1.32467,1.32493,3.00,1.09
2011.05.24 17:46:07.877,1.32462,1.32492,2.48,1.09
2011.05.24 17:46:07.997,1.32462,1.32487,2.48,1.50
2011.05.24 17:46:13.227,1.3246,1.32487,1.73,1.50
2011.05.24 17:46:13.347,1.3246,1.32489,1.73,1.50
2011.05.24 17:46:13.458,1.32463,1.3249,1.73,2.18
2011.05.24 17:46:13.576,1.32463,1.3249,1.73,1.43
2011.05.24 17:46:13.795,1.32464,1.32492,1.73,1.50
2011.05.24 17:46:16.804,1.32468,1.32493,1.50,1.50
2011.05.24 17:46:17.464,1.32468,1.32493,1.50,1.50
2011.05.24 17:46:18.013,1.32463,1.32493,1.73,2.25
2011.05.24 17:46:18.853,1.32466,1.32493,1.50,2.25
2011.05.24 17:46:19.536,1.32466,1.32493,1.50,2.25
2011.05.24 17:46:20.895,1.32463,1.32494,1.73,2.25
2011.05.24 17:46:21.226,1.32462,1.32487,1.73,1.09
2011.05.24 17:46:21.444,1.32462,1.32487,1.73,2.59
2011.05.24 17:46:22.065,1.32462,1.32487,1.50,2.59
2011.05.24 17:46:29.707,1.32462,1.32487,1.50,3.34
2011.05.24 17:46:31.545,1.32458,1.32487,3.98,1.09
2011.05.24 17:46:34.927,1.32458,1.32485,3.98,1.50
2011.05.24 17:46:35.155,1.32458,1.32486,3.00,2.25
2011.05.24 17:46:35.915,1.32456,1.32485,1.73,1.50
2011.05.24 17:46:38.204,1.32459,1.32485,1.50,1.50
2011.05.24 17:46:38.313,1.32459,1.32486,1.73,1.50
2011.05.24 17:46:39.563,1.32458,1.32487,1.73,2.25
2011.05.24 17:46:42.559,1.32457,1.3249,1.73,4.02
2011.05.24 17:46:42.675,1.32457,1.32488,2.48,1.50
2011.05.24 17:46:43.236,1.32459,1.32488,1.50,2.25
2011.05.24 17:46:48.626,1.32461,1.32489,2.25,1.50
2011.05.24 17:46:50.034,1.32462,1.32489,1.73,1.50
2011.05.24 17:46:51.404,1.32462,1.3249,1.50,2.25
2011.05.24 17:46:56.936,1.32462,1.32491,1.50,1.03
2011.05.24 17:46:57.374,1.32462,1.32492,3.68,1.78
2011.05.24 17:47:03.937,1.32467,1.32491,2.25,1.03
2011.05.24 17:47:04.616,1.32467,1.32494,3.75,3.00
2011.05.24 17:47:04.727,1.32469,1.32494,1.50,2.25
2011.05.24 17:47:04.956,1.32469,1.32496,1.50,1.50
2011.05.24 17:47:05.174,1.32469,1.32496,1.50,1.50
2011.05.24 17:47:05.892,1.32469,1.32496,1.50,1.50
2011.05.24 17:47:07.373,1.32472,1.32497,1.50,2.25
2011.05.24 17:47:08.167,1.32471,1.32498,1.50,2.25
2011.05.24 17:47:08.724,1.32476,1.325,2.25,1.09
2011.05.24 17:47:09.387,1.32476,1.325,2.25,1.09
2011.05.24 17:47:09.725,1.32487,1.32504,3.00,1.50
2011.05.24 17:47:10.055,1.32481,1.32507,2.40,1.50
2011.05.24 17:47:10.165,1.32481,1.32507,2.40,1.50
2011.05.24 17:47:11.081,1.32481,1.32507,3.15,1.50
2011.05.24 17:47:12.330,1.32487,1.32508,2.25,2.25
2011.05.24 17:47:12.453,1.32487,1.32509,2.25,1.09
2011.05.24 17:47:12.565,1.32486,1.32512,1.50,2.53
2011.05.24 17:47:13.114,1.32486,1.32512,2.25,2.25
2011.05.24 17:47:13.444,1.32483,1.32512,1.73,2.25
2011.05.24 17:47:14.716,1.32481,1.32511,1.73,4.84
2011.05.24 17:47:18.905,1.32481,1.32506,1.50,3.38
2011.05.24 17:47:19.235,1.32481,1.325,1.50,1.50
2011.05.24 17:47:21.149,1.32476,1.32498,1.73,1.50
2011.05.24 17:47:24.079,1.32481,1.32505,1.50,1.13
2011.05.24 17:47:24.306,1.32481,1.32508,1.50,2.25
2011.05.24 17:47:24.635,1.32478,1.32506,1.73,1.09
2011.05.24 17:47:24.746,1.32478,1.32506,2.48,1.84
2011.05.24 17:47:24.857,1.32478,1.32506,1.73,1.84
2011.05.24 17:47:24.978,1.32477,1.32507,1.50,1.50
2011.05.24 17:47:25.094,1.32477,1.32506,1.50,1.50
2011.05.24 17:47:27.006,1.32479,1.32507,1.50,2.25
2011.05.24 17:47:27.116,1.3248,1.32508,1.50,1.78
2011.05.24 17:47:27.226,1.32482,1.32509,1.50,2.25
2011.05.24 17:47:27.664,1.32484,1.32512,1.50,1.78
2011.05.24 17:47:28.216,1.32487,1.32513,1.50,3.00
2011.05.24 17:47:28.546,1.32498,1.32514,2.25,1.09
2011.05.24 17:47:28.657,1.3249,1.32514,1.50,1.09
2011.05.24 17:47:29.389,1.32488,1.32514,1.73,1.09
2011.05.24 17:47:29.508,1.32489,1.32514,2.18,1.09
2011.05.24 17:47:30.456,1.32487,1.32515,2.48,2.59
2011.05.24 17:47:30.786,1.32487,1.32514,1.73,1.09
2011.05.24 17:47:31.116,1.32487,1.32512,3.00,1.50
2011.05.24 17:47:31.842,1.32481,1.32509,1.50,2.93
2011.05.24 17:47:32.774,1.32488,1.32509,2.25,2.93
2011.05.24 17:47:33.424,1.32481,1.32509,1.50,2.93
2011.05.24 17:47:33.977,1.32487,1.32509,3.00,2.93
2011.05.24 17:47:34.524,1.32483,1.32513,1.50,1.50
2011.05.24 17:47:35.075,1.32487,1.32512,2.25,1.50
2011.05.24 17:47:35.485,1.32484,1.32512,1.50,3.00
2011.05.24 17:47:36.256,1.32484,1.32513,1.50,1.50
2011.05.24 17:47:38.345,1.32491,1.32514,1.50,1.50
2011.05.24 17:47:38.457,1.32491,1.32516,1.50,1.74
2011.05.24 17:47:38.565,1.32489,1.32513,1.50,2.25
2011.05.24 17:47:38.674,1.32487,1.32512,2.25,1.50
2011.05.24 17:47:39.114,1.32487,1.32512,1.50,1.50
2011.05.24 17:47:39.774,1.32487,1.32515,2.25,1.50
2011.05.24 17:47:40.620,1.32484,1.32516,1.73,2.59
2011.05.24 17:47:42.265,1.32487,1.32516,1.50,3.34
2011.05.24 17:47:42.814,1.32483,1.32513,1.73,1.50
2011.05.24 17:47:43.146,1.32481,1.32511,2.48,1.09
2011.05.24 17:47:43.365,1.32481,1.32506,1.73,1.50
2011.05.24 17:47:43.696,1.32477,1.32508,1.73,4.05
2011.05.24 17:47:43.916,1.32477,1.32507,2.48,1.50
2011.05.24 17:47:44.355,1.32477,1.32507,2.48,1.13
2011.05.24 17:47:47.294,1.32477,1.32503,1.73,1.13
2011.05.24 17:47:47.625,1.32477,1.32501,1.50,1.50
2011.05.24 17:47:48.174,1.32477,1.32503,1.73,1.50
2011.05.24 17:47:49.346,1.32474,1.32504,1.73,3.75
2011.05.24 17:47:49.676,1.32473,1.32504,1.50,2.93
2011.05.24 17:47:50.224,1.32472,1.32503,1.50,1.50
2011.05.24 17:47:50.445,1.32472,1.32503,2.25,1.50
2011.05.24 17:47:51.199,1.32471,1.32502,3.23,1.03
2011.05.24 17:47:51.535,1.32472,1.32502,1.50,1.03
2011.05.24 17:47:54.914,1.32471,1.325,2.48,1.50
2011.05.24 17:47:59.604,1.32471,1.325,2.48,1.50
2011.05.24 17:48:00.698,1.32471,1.325,3.23,1.50
2011.05.24 17:48:00.819,1.32471,1.325,3.23,1.50
2011.05.24 17:48:01.267,1.32479,1.32504,1.50,1.50
2011.05.24 17:48:01.386,1.32479,1.32508,1.50,2.25
2011.05.24 17:48:01.497,1.32483,1.32509,1.50,2.25
2011.05.24 17:48:01.716,1.32479,1.3251,1.50,1.03
2011.05.24 17:48:02.263,1.32479,1.32509,1.73,2.25
2011.05.24 17:48:02.854,1.32476,1.32507,1.73,1.50
2011.05.24 17:48:06.185,1.32474,1.32504,1.73,1.50
2011.05.24 17:48:06.294,1.32474,1.32504,1.73,1.50
2011.05.24 17:48:06.406,1.32474,1.32503,1.73,2.18
2011.05.24 17:48:07.085,1.32473,1.32503,1.73,3.68
2011.05.24 17:48:09.114,1.32474,1.32503,2.48,3.68
2011.05.24 17:48:12.124,1.32473,1.32503,1.73,1.50
2011.05.24 17:48:12.885,1.32473,1.32503,1.73,2.25
2011.05.24 17:48:13.424,1.32473,1.32503,2.48,2.25
2011.05.24 17:48:17.985,1.32476,1.32503,2.25,3.00
2011.05.24 17:48:18.204,1.32476,1.32503,2.48,1.50
2011.05.24 17:48:18.926,1.32476,1.32503,2.48,1.50
2011.05.24 17:48:19.644,1.32478,1.32506,1.73,1.50
2011.05.24 17:48:21.633,1.32478,1.32509,2.48,1.50
2011.05.24 17:48:24.457,1.32478,1.32509,2.48,1.50
2011.05.24 17:48:25.014,1.32478,1.32509,2.48,1.50
2011.05.24 17:48:25.465,1.32476,1.32509,3.23,5.18
2011.05.24 17:48:26.125,1.32476,1.32508,1.73,1.50
2011.05.24 17:48:26.347,1.32476,1.32506,1.50,1.84
2011.05.24 17:48:26.687,1.32475,1.32505,1.73,1.50
2011.05.24 17:48:26.795,1.32474,1.32504,1.50,3.68
2011.05.24 17:48:27.015,1.32474,1.32504,1.50,3.68
2011.05.24 17:48:27.237,1.32479,1.32504,1.50,2.25
2011.05.24 17:48:27.574,1.32479,1.32504,1.50,1.50
2011.05.24 17:48:28.344,1.32478,1.32505,1.50,1.78
2011.05.24 17:48:29.068,1.32477,1.32505,2.48,2.53
2011.05.24 17:48:29.294,1.32477,1.32505,2.25,1.03
2011.05.24 17:48:30.173,1.32477,1.32505,3.00,2.53
2011.05.24 17:48:30.820,1.32477,1.32505,3.00,2.53
2011.05.24 17:48:31.161,1.32484,1.32508,1.50,3.68
2011.05.24 17:48:31.385,1.32484,1.32512,1.50,1.03
2011.05.24 17:48:31.714,1.32487,1.32516,1.50,1.50
2011.05.24 17:48:31.934,1.32487,1.32516,1.50,2.25
2011.05.24 17:48:32.265,1.32485,1.32517,1.50,6.00
2011.05.24 17:48:32.814,1.32481,1.32511,1.73,1.43
2011.05.24 17:48:33.146,1.32481,1.3251,1.73,1.50
2011.05.24 17:48:33.694,1.32481,1.3251,1.73,1.50
2011.05.24 17:48:34.314,1.32481,1.32511,2.48,2.93
2011.05.24 17:48:34.425,1.32486,1.32511,1.50,1.43
2011.05.24 17:48:34.645,1.32484,1.3251,2.48,1.09
2011.05.24 17:48:35.193,1.32481,1.3251,1.73,1.09
2011.05.24 17:48:35.744,1.3248,1.3251,1.73,1.09
2011.05.24 17:48:36.588,1.32477,1.32506,3.75,1.50
2011.05.24 17:48:37.374,1.32477,1.32506,3.75,1.50
2011.05.24 17:48:38.994,1.32477,1.32506,3.00,2.25
2011.05.24 17:48:39.104,1.32477,1.32506,3.00,2.25
2011.05.24 17:48:39.435,1.32477,1.32503,1.50,2.25
2011.05.24 17:48:40.464,1.32481,1.32503,1.50,2.25
2011.05.24 17:48:40.904,1.32481,1.32503,1.50,1.50
2011.05.24 17:48:41.124,1.32478,1.32503,2.25,2.25
2011.05.24 17:48:41.235,1.32478,1.32506,1.50,1.50
2011.05.24 17:48:41.788,1.32484,1.32509,1.50,1.03
2011.05.24 17:48:42.125,1.32484,1.32513,1.50,1.50
2011.05.24 17:48:42.234,1.32484,1.32514,1.50,1.78
2011.05.24 17:48:42.785,1.32484,1.32514,1.50,1.03
2011.05.24 17:48:42.894,1.32484,1.32514,2.25,1.78
2011.05.24 17:48:43.115,1.32488,1.32514,1.50,1.03
2011.05.24 17:48:43.621,1.32488,1.32514,1.50,1.03
2011.05.24 17:48:43.955,1.32486,1.32516,2.25,1.50
2011.05.24 17:48:44.394,1.32486,1.32516,1.50,1.50
2011.05.24 17:48:45.634,1.32486,1.32515,1.50,1.13
2011.05.24 17:48:45.746,1.32486,1.32513,1.50,1.47
2011.05.24 17:48:46.293,1.32482,1.3251,1.50,3.68
2011.05.24 17:48:58.854,1.32482,1.3251,1.50,1.50
2011.05.24 17:48:59.184,1.32483,1.3251,1.50,2.93
2011.05.24 17:48:59.293,1.32483,1.3251,1.50,2.93
2011.05.24 17:49:01.155,1.32481,1.3251,2.25,2.93
2011.05.24 17:49:01.264,1.32482,1.3251,2.25,1.50
2011.05.24 17:49:01.864,1.32482,1.32511,2.25,2.25
2011.05.24 17:49:02.380,1.32482,1.32509,1.50,2.52
2011.05.24 17:49:02.502,1.32481,1.32508,1.50,1.09
2011.05.24 17:49:02.727,1.32481,1.32504,1.50,2.25
2011.05.24 17:49:02.954,1.32476,1.32504,2.48,3.75
2011.05.24 17:49:03.505,1.32473,1.32501,2.25,3.68
2011.05.24 17:49:04.387,1.32479,1.32501,2.18,1.50
2011.05.24 17:49:04.715,1.32479,1.32502,2.18,1.50
2011.05.24 17:49:05.054,1.32476,1.32503,1.73,1.50
2011.05.24 17:49:05.166,1.32475,1.32502,2.48,1.50
2011.05.24 17:49:05.786,1.32477,1.32503,1.50,1.50
2011.05.24 17:49:06.520,1.32477,1.32503,1.50,1.50
2011.05.24 17:49:08.754,1.32477,1.32502,1.50,1.50
2011.05.24 17:49:09.634,1.32474,1.32502,1.50,1.50
2011.05.24 17:49:10.184,1.32474,1.32502,1.73,1.50
2011.05.24 17:49:12.704,1.32477,1.32502,1.50,1.50
2011.05.24 17:49:13.036,1.32478,1.32502,2.18,1.50
2011.05.24 17:49:13.254,1.32478,1.32502,2.18,1.50
2011.05.24 17:49:14.545,1.32477,1.32503,1.73,1.50
2011.05.24 17:49:14.874,1.32477,1.32503,1.50,1.50
2011.05.24 17:49:15.906,1.32477,1.32504,2.25,2.97
2011.05.24 17:49:16.015,1.32481,1.32504,1.50,4.09
2011.05.24 17:49:16.604,1.32481,1.32504,1.50,1.84
2011.05.24 17:49:16.825,1.32481,1.32505,1.50,2.25
2011.05.24 17:49:17.153,1.32481,1.32505,1.50,1.50
2011.05.24 17:49:20.154,1.32481,1.32507,1.50,1.50
2011.05.24 17:49:20.269,1.32481,1.32507,1.50,1.50
2011.05.24 17:49:20.606,1.32481,1.32507,1.50,2.25
2011.05.24 17:49:21.155,1.32481,1.32508,2.93,1.50
2011.05.24 17:49:21.705,1.32481,1.32508,1.50,1.50
2011.05.24 17:49:22.414,1.3248,1.32507,2.18,1.50
2011.05.24 17:49:22.745,1.32474,1.32502,1.73,3.00
2011.05.24 17:49:22.857,1.32472,1.325,2.25,3.75
2011.05.24 17:49:22.980,1.32472,1.32498,1.50,1.50
2011.05.24 17:49:23.534,1.32472,1.32498,1.50,1.50
2011.05.24 17:49:24.526,1.32476,1.32501,2.25,1.50
2011.05.24 17:49:25.473,1.32476,1.32502,1.50,1.50
2011.05.24 17:49:26.085,1.32476,1.32504,1.50,3.00
2011.05.24 17:49:26.699,1.32476,1.32504,1.50,3.00
2011.05.24 17:49:29.344,1.32476,1.32503,1.50,1.50
2011.05.24 17:49:29.896,1.32471,1.32497,1.50,1.50
2011.05.24 17:49:30.565,1.32471,1.32498,1.50,1.50
2011.05.24 17:49:30.897,1.32471,1.325,1.50,1.50
2011.05.24 17:49:31.224,1.32472,1.325,1.50,1.50
2011.05.24 17:49:31.446,1.3247,1.32498,1.73,1.50
2011.05.24 17:49:31.994,1.32469,1.32497,1.50,2.59
2011.05.24 17:49:34.214,1.32469,1.32497,1.50,1.09
2011.05.24 17:49:34.792,1.32469,1.32497,1.50,1.09
2011.05.24 17:49:35.455,1.32469,1.32497,1.50,1.09
2011.05.24 17:49:35.784,1.32469,1.32497,1.50,2.59
2011.05.24 17:49:36.228,1.32473,1.32497,1.50,1.50
2011.05.24 17:49:36.345,1.32474,1.32498,1.50,1.78
2011.05.24 17:49:36.456,1.32475,1.32503,2.25,1.78
2011.05.24 17:49:36.569,1.32476,1.32503,1.50,1.03
2011.05.24 17:49:36.797,1.32476,1.32504,1.50,2.53
2011.05.24 17:49:36.906,1.32476,1.32504,1.50,2.25
2011.05.24 17:49:37.627,1.32476,1.32504,1.50,2.53
2011.05.24 17:49:38.198,1.32476,1.32505,2.25,1.50
2011.05.24 17:49:38.534,1.32476,1.32505,2.25,2.25
2011.05.24 17:49:39.413,1.32476,1.32505,1.50,1.50
2011.05.24 17:49:44.803,1.32476,1.32505,1.50,1.50
2011.05.24 17:49:45.895,1.32473,1.32504,1.32,1.03
2011.05.24 17:49:46.115,1.32472,1.32504,1.73,2.12
2011.05.24 17:49:46.665,1.32476,1.32504,1.50,3.00
2011.05.24 17:49:47.704,1.32478,1.32504,3.00,3.00
2011.05.24 17:49:48.586,1.32478,1.32504,3.00,3.00
2011.05.24 17:49:48.701,1.32483,1.32508,1.50,1.50
2011.05.24 17:49:48.927,1.32483,1.32512,1.50,3.00
2011.05.24 17:49:50.385,1.32483,1.32513,1.73,1.50
2011.05.24 17:49:53.165,1.3249,1.32513,1.50,1.50
2011.05.24 17:49:55.964,1.3249,1.32513,1.50,1.50
2011.05.24 17:50:01.330,1.32491,1.32513,1.50,1.50
2011.05.24 17:50:01.556,1.32485,1.32511,1.50,1.50
2011.05.24 17:50:01.667,1.32485,1.32509,1.50,2.18
2011.05.24 17:50:04.539,1.32488,1.32509,1.50,1.43
2011.05.24 17:50:05.090,1.3249,1.3251,1.50,1.50
2011.05.24 17:50:07.604,1.3249,1.32512,1.50,1.50
2011.05.24 17:50:11.267,1.3249,1.32513,1.50,1.50
2011.05.24 17:50:11.386,1.32486,1.3251,1.50,1.43
2011.05.24 17:50:25.345,1.32486,1.3251,1.50,2.18
2011.05.24 17:50:28.637,1.32486,1.3251,1.50,2.18
2011.05.24 17:50:29.226,1.32486,1.3251,1.50,2.18
2011.05.24 17:50:33.683,1.32486,1.3251,1.50,2.52
2011.05.24 17:50:34.269,1.32486,1.3251,1.50,2.52
2011.05.24 17:50:34.824,1.32486,1.3251,1.50,2.52
2011.05.24 17:50:39.314,1.32486,1.3251,1.50,1.77
2011.05.24 17:50:39.426,1.32484,1.3251,1.50,1.77
2011.05.24 17:50:40.705,1.32484,1.3251,1.50,4.02
2011.05.24 17:50:40.814,1.32484,1.3251,2.25,2.93
2011.05.24 17:50:41.394,1.32484,1.3251,2.25,1.50
2011.05.24 17:50:51.445,1.32484,1.3251,2.25,1.50
2011.05.24 17:50:52.019,1.32484,1.3251,2.25,1.50
2011.05.24 17:50:52.135,1.32484,1.3251,2.25,1.50
2011.05.24 17:50:52.466,1.32484,1.32511,1.50,4.88
2011.05.24 17:50:53.171,1.32484,1.32508,1.50,1.78
2011.05.24 17:50:53.724,1.32484,1.32507,1.50,1.50
2011.05.24 17:50:54.105,1.32484,1.32505,1.50,1.50
2011.05.24 17:50:54.716,1.32483,1.32505,2.25,1.50
2011.05.24 17:50:55.490,1.32484,1.32506,1.50,2.25
2011.05.24 17:50:55.610,1.32487,1.32506,1.50,2.25
2011.05.24 17:50:55.946,1.32484,1.32504,1.50,1.50
2011.05.24 17:50:59.056,1.32484,1.32504,1.50,3.00
2011.05.24 17:50:59.385,1.32483,1.32504,1.50,2.25
2011.05.24 17:50:59.494,1.32483,1.32504,1.50,2.25
2011.05.24 17:50:59.716,1.32483,1.32504,1.50,2.25
2011.05.24 17:50:59.936,1.32483,1.32504,1.50,3.00
2011.05.24 17:51:00.486,1.32485,1.32505,1.50,2.25
2011.05.24 17:51:01.443,1.32485,1.32509,1.50,3.62
2011.05.24 17:51:04.525,1.32485,1.32508,2.25,3.28
2011.05.24 17:51:06.284,1.32485,1.32506,1.50,1.50
2011.05.24 17:51:07.425,1.32485,1.32506,1.50,1.47
2011.05.24 17:51:07.774,1.32483,1.32506,1.50,2.89
2011.05.24 17:51:16.746,1.3248,1.32504,1.50,3.00
2011.05.24 17:51:16.859,1.3248,1.32504,1.50,3.75
2011.05.24 17:51:17.306,1.32479,1.32503,1.50,1.88
2011.05.24 17:51:19.865,1.32479,1.32504,1.50,2.25
2011.05.24 17:51:20.086,1.32479,1.32504,1.50,2.25
2011.05.24 17:51:20.195,1.32479,1.32504,1.50,2.25
2011.05.24 17:51:25.765,1.32481,1.32504,1.50,1.50
2011.05.24 17:51:25.875,1.32485,1.32508,1.50,2.53
2011.05.24 17:51:26.095,1.32485,1.32508,1.50,2.53
2011.05.24 17:51:26.423,1.32483,1.32508,1.50,2.12
2011.05.24 17:51:28.525,1.32483,1.32508,1.50,1.09
2011.05.24 17:51:28.636,1.32486,1.32508,1.50,1.09
2011.05.24 17:51:31.316,1.32486,1.32508,1.50,1.84
2011.05.24 17:51:31.905,1.32486,1.32508,1.50,1.84
2011.05.24 17:51:34.065,1.32486,1.32508,1.50,1.84
2011.05.24 17:51:34.836,1.32486,1.32508,1.50,1.84
2011.05.24 17:51:35.276,1.32487,1.32508,1.50,1.50
2011.05.24 17:51:35.495,1.32483,1.3251,2.25,2.25
2011.05.24 17:51:36.044,1.32483,1.32508,1.50,1.50
2011.05.24 17:51:36.488,1.32488,1.32509,1.50,2.93
2011.05.24 17:51:37.907,1.32487,1.32511,1.50,2.18
2011.05.24 17:51:41.035,1.32488,1.3251,1.50,1.50
2011.05.24 17:51:41.615,1.32488,1.3251,1.50,1.50
2011.05.24 17:51:41.724,1.32486,1.3251,1.50,1.50
2011.05.24 17:51:43.385,1.32486,1.32511,1.50,2.25
2011.05.24 17:51:45.195,1.32486,1.32512,1.50,3.54
2011.05.24 17:51:47.835,1.32486,1.32511,1.50,1.50
2011.05.24 17:51:48.164,1.32486,1.32511,2.25,1.50
2011.05.24 17:51:48.714,1.32488,1.32512,1.50,1.37
2011.05.24 17:51:49.266,1.3249,1.32513,1.50,2.25
2011.05.24 17:51:49.705,1.32491,1.32513,2.25,1.50
2011.05.24 17:51:49.817,1.32493,1.32516,1.50,1.03
2011.05.24 17:51:50.034,1.32496,1.32519,1.50,2.25
2011.05.24 17:51:53.516,1.32497,1.3252,1.50,1.03
2011.05.24 17:51:53.846,1.32496,1.32523,1.50,2.12
2011.05.24 17:51:54.396,1.32495,1.32522,2.25,1.84
2011.05.24 17:51:54.726,1.32499,1.32522,1.50,1.09
2011.05.24 17:51:55.275,1.32502,1.32522,1.50,1.84
2011.05.24 17:51:57.705,1.32502,1.32522,1.50,1.09
2011.05.24 17:51:58.206,1.32502,1.32522,1.50,1.09
2011.05.24 17:51:58.320,1.32498,1.3252,1.50,1.78
2011.05.24 17:51:58.877,1.32498,1.3252,1.50,2.53
2011.05.24 17:51:59.534,1.32501,1.32522,1.50,1.84
2011.05.24 17:51:59.869,1.32507,1.32524,1.50,1.78
2011.05.24 17:51:59.990,1.32504,1.32524,1.50,1.03
2011.05.24 17:52:00.578,1.32503,1.32524,2.25,1.03
2011.05.24 17:52:01.246,1.32504,1.32527,2.25,1.03
2011.05.24 17:52:01.577,1.3251,1.32528,1.50,1.03
2011.05.24 17:52:01.907,1.32513,1.32529,1.50,1.78
2011.05.24 17:52:02.017,1.32513,1.32529,1.50,1.78
2011.05.24 17:52:03.015,1.32509,1.32529,1.50,1.03
2011.05.24 17:52:17.205,1.32509,1.3253,1.50,1.50
2011.05.24 17:52:18.978,1.3251,1.32531,1.50,1.50
2011.05.24 17:52:19.095,1.32516,1.32536,1.50,1.78
2011.05.24 17:52:19.535,1.32516,1.32536,1.50,1.03
2011.05.24 17:52:20.305,1.32518,1.32537,1.50,1.50
2011.05.24 17:52:20.637,1.32523,1.32542,1.50,1.50
2011.05.24 17:52:20.964,1.32523,1.32542,1.50,1.50
2011.05.24 17:52:21.514,1.32525,1.32543,1.50,1.50
2011.05.24 17:52:21.844,1.32525,1.32544,1.50,3.00
2011.05.24 17:52:22.525,1.32525,1.32544,1.50,1.50
2011.05.24 17:52:23.116,1.32525,1.32545,1.50,1.37
2011.05.24 17:52:24.254,1.32519,1.32544,1.50,4.05
2011.05.24 17:52:25.245,1.32522,1.32543,1.50,2.55
2011.05.24 17:52:25.467,1.32524,1.32544,1.50,1.88
2011.05.24 17:52:26.126,1.32526,1.32546,1.50,1.41
2011.05.24 17:52:26.454,1.32522,1.32543,1.50,2.25
2011.05.24 17:52:27.364,1.32522,1.32543,1.50,3.00
2011.05.24 17:52:28.474,1.32522,1.32543,1.50,3.00
2011.05.24 17:52:29.034,1.32522,1.32543,1.50,3.00
2011.05.24 17:52:29.477,1.32517,1.32541,2.25,1.03
2011.05.24 17:52:29.695,1.32517,1.3254,2.25,1.03
2011.05.24 17:52:33.445,1.32517,1.3254,2.25,1.78
2011.05.24 17:52:35.825,1.32518,1.3254,1.50,1.78
2011.05.24 17:52:35.936,1.32518,1.3254,1.50,1.78
2011.05.24 17:52:36.156,1.32517,1.3254,1.50,2.53
2011.05.24 17:52:36.374,1.32517,1.3254,2.25,2.53
2011.05.24 17:52:36.706,1.32519,1.3254,1.50,1.78
2011.05.24 17:52:43.980,1.32518,1.3254,1.50,2.53
2011.05.24 17:52:45.524,1.32518,1.3254,1.50,2.53
2011.05.24 17:52:46.074,1.32518,1.3254,1.50,3.96
2011.05.24 17:52:46.795,1.32518,1.3254,1.50,3.21
2011.05.24 17:52:47.018,1.32518,1.32543,1.50,5.25
2011.05.24 17:52:47.135,1.32524,1.32543,1.50,4.50
2011.05.24 17:52:47.245,1.32524,1.32543,1.50,4.50
2011.05.24 17:52:49.314,1.32524,1.32543,1.50,2.25
2011.05.24 17:52:50.965,1.32524,1.32543,1.50,1.50
2011.05.24 17:52:51.575,1.32522,1.32543,1.50,1.50
2011.05.24 17:52:53.005,1.32522,1.32543,1.50,3.00
2011.05.24 17:52:55.165,1.32522,1.32544,1.50,3.28
2011.05.24 17:52:55.715,1.3252,1.32542,1.50,1.50
2011.05.24 17:52:55.828,1.32519,1.32541,1.50,2.18
2011.05.24 17:52:56.385,1.32517,1.32541,1.50,2.93
2011.05.24 17:53:03.285,1.32517,1.3254,1.50,1.50
2011.05.24 17:53:06.095,1.32517,1.32541,1.50,2.18
2011.05.24 17:53:06.366,1.32517,1.32541,1.50,2.18
2011.05.24 17:53:11.974,1.32517,1.32541,1.50,2.93
2011.05.24 17:53:17.465,1.32516,1.32539,1.50,1.50
2011.05.24 17:53:17.905,1.32516,1.32539,1.50,3.00
2011.05.24 17:53:18.125,1.32516,1.32539,1.50,3.34
2011.05.24 17:53:18.674,1.32516,1.32539,1.50,2.59
2011.05.24 17:53:32.925,1.32517,1.3254,1.50,3.68
2011.05.24 17:53:33.147,1.32512,1.32538,1.50,1.84
2011.05.24 17:53:33.255,1.32513,1.32538,1.50,1.09
2011.05.24 17:53:33.585,1.32515,1.32539,1.50,1.43
2011.05.24 17:53:34.114,1.32515,1.32539,1.50,1.43
2011.05.24 17:53:34.445,1.32517,1.3254,2.25,3.68
2011.05.24 17:53:35.096,1.32517,1.3254,1.50,3.68
2011.05.24 17:53:35.975,1.32518,1.3254,1.50,2.25
2011.05.24 17:53:36.305,1.3252,1.3254,1.50,1.50
2011.05.24 17:53:36.786,1.3252,1.32541,1.50,1.50
2011.05.24 17:53:38.935,1.3252,1.32542,1.50,1.09
2011.05.24 17:53:39.485,1.32519,1.32542,1.50,1.84
2011.05.24 17:53:39.594,1.32519,1.32542,1.50,1.84
2011.05.24 17:53:40.635,1.32519,1.32543,1.50,1.09
2011.05.24 17:53:42.235,1.32519,1.32542,1.50,1.09
2011.05.24 17:53:42.566,1.32516,1.3254,1.50,2.93
2011.05.24 17:53:43.114,1.32517,1.3254,1.50,2.93
2011.05.24 17:53:44.525,1.32517,1.3254,1.50,2.18
2011.05.24 17:53:45.199,1.32517,1.3254,2.25,1.43
2011.05.24 17:53:45.538,1.32519,1.32542,1.50,2.25
2011.05.24 17:53:46.095,1.32522,1.32542,1.50,1.50
2011.05.24 17:53:46.644,1.3252,1.32543,2.25,1.50
2011.05.24 17:53:47.087,1.3252,1.32543,2.25,1.50
2011.05.24 17:53:47.416,1.3252,1.32543,2.25,2.25
2011.05.24 17:53:47.965,1.3252,1.32543,2.25,3.00
2011.05.24 17:53:48.534,1.3252,1.32543,1.50,1.50
2011.05.24 17:53:48.966,1.3252,1.32543,1.50,1.50
2011.05.24 17:53:49.523,1.3252,1.32543,1.50,2.25
2011.05.24 17:53:50.064,1.3252,1.32543,1.50,3.00
2011.05.24 17:53:52.044,1.3252,1.32543,1.50,3.00
2011.05.24 17:53:59.724,1.3252,1.32543,1.50,1.50
2011.05.24 17:53:59.946,1.3252,1.32543,1.50,2.25
2011.05.24 17:54:00.494,1.3252,1.32543,1.50,1.50
2011.05.24 17:54:01.044,1.3252,1.32543,1.50,2.25
2011.05.24 17:54:05.786,1.32519,1.32543,1.50,2.25
2011.05.24 17:54:07.323,1.32519,1.32543,1.50,1.50
2011.05.24 17:54:07.654,1.32519,1.32543,1.50,1.50
2011.05.24 17:54:07.985,1.32519,1.32543,1.50,1.50
2011.05.24 17:54:17.654,1.32519,1.32543,1.50,1.50
2011.05.24 17:54:19.325,1.32519,1.32544,1.50,3.28
2011.05.24 17:54:21.355,1.32519,1.32544,1.50,4.03
2011.05.24 17:54:25.633,1.32519,1.32543,1.50,1.50
2011.05.24 17:54:25.977,1.32519,1.32544,1.50,3.28
2011.05.24 17:54:26.525,1.32517,1.32543,2.25,1.50
2011.05.24 17:54:27.334,1.32517,1.32543,2.25,1.50
2011.05.24 17:54:27.870,1.32517,1.32544,2.25,4.03
2011.05.24 17:54:29.869,1.32519,1.32544,1.50,3.28
2011.05.24 17:54:30.109,1.32523,1.32546,2.25,1.77
2011.05.24 17:54:30.228,1.32526,1.32548,1.50,1.50
2011.05.24 17:54:30.786,1.32525,1.32551,1.50,1.50
2011.05.24 17:54:31.335,1.32523,1.32552,2.25,1.50
2011.05.24 17:54:32.326,1.32525,1.32553,1.50,1.37
2011.05.24 17:54:32.655,1.32525,1.32553,2.25,1.37
2011.05.24 17:54:33.094,1.32525,1.32553,1.50,1.37
2011.05.24 17:54:33.314,1.32526,1.32552,2.25,1.13
2011.05.24 17:54:33.953,1.32524,1.3255,1.50,2.63
2011.05.24 17:54:34.505,1.32524,1.32549,1.50,1.50
2011.05.24 17:54:35.055,1.32521,1.32547,1.50,1.78
2011.05.24 17:54:37.515,1.32522,1.32547,1.50,1.03
2011.05.24 17:54:39.934,1.32522,1.32547,1.50,1.78
2011.05.24 17:54:40.155,1.32521,1.32547,1.50,1.03
2011.05.24 17:54:40.706,1.32521,1.32539,1.50,1.50
2011.05.24 17:54:40.927,1.32518,1.32536,1.50,2.18
2011.05.24 17:54:41.474,1.32518,1.32539,1.50,1.50
2011.05.24 17:54:41.917,1.32516,1.32538,1.50,1.50
2011.05.24 17:54:42.145,1.32514,1.32539,1.50,3.00
2011.05.24 17:54:43.006,1.32511,1.32534,2.25,1.50
2011.05.24 17:54:43.226,1.32511,1.32534,2.25,1.50
2011.05.24 17:54:44.444,1.32512,1.32535,1.50,1.50
2011.05.24 17:54:44.994,1.32512,1.32537,1.50,2.25
2011.05.24 17:54:46.845,1.32512,1.32537,1.50,2.25
2011.05.24 17:54:53.425,1.32512,1.32537,2.25,1.50
2011.05.24 17:54:54.003,1.32512,1.32537,2.25,1.50
2011.05.24 17:54:54.403,1.32512,1.32536,1.50,2.93
2011.05.24 17:54:56.206,1.32515,1.32536,1.50,1.50
2011.05.24 17:54:56.315,1.32515,1.32536,1.50,1.50
2011.05.24 17:54:57.085,1.32515,1.32536,1.50,1.50
2011.05.24 17:54:57.418,1.32511,1.32536,1.50,1.50
2011.05.24 17:54:57.538,1.32509,1.32536,1.50,1.50
2011.05.24 17:54:58.095,1.32509,1.32533,1.50,1.50
2011.05.24 17:54:58.754,1.32509,1.32536,2.25,1.50
2011.05.24 17:54:59.086,1.3251,1.32536,1.50,2.25
2011.05.24 17:55:02.077,1.32508,1.32534,2.25,1.50
2011.05.24 17:55:02.191,1.32508,1.32534,2.25,3.68
2011.05.24 17:55:02.525,1.32509,1.32534,1.50,2.25
2011.05.24 17:55:03.065,1.32509,1.32534,2.25,2.25
2011.05.24 17:55:04.175,1.3251,1.32534,1.50,2.25
2011.05.24 17:55:05.982,1.3251,1.32534,1.50,2.25
2011.05.24 17:55:07.529,1.32511,1.32535,1.50,4.09
2011.05.24 17:55:07.759,1.32512,1.32535,1.50,2.59
2011.05.24 17:55:08.795,1.32515,1.32538,1.50,1.50
2011.05.24 17:55:08.907,1.32515,1.3254,1.50,1.50
2011.05.24 17:55:09.126,1.32513,1.32536,1.50,1.09
2011.05.24 17:55:10.114,1.32512,1.32539,2.25,1.50
2011.05.24 17:55:10.231,1.32512,1.32538,1.50,1.09
2011.05.24 17:55:10.834,1.32511,1.3254,1.50,3.00
2011.05.24 17:55:11.054,1.32511,1.32536,1.50,1.09
2011.05.24 17:55:11.495,1.32511,1.32536,1.50,1.09
2011.05.24 17:55:11.937,1.32509,1.32535,1.50,2.18
2011.05.24 17:55:12.275,1.32509,1.32534,1.50,2.25
2011.05.24 17:55:12.824,1.32511,1.32534,1.50,2.25
2011.05.24 17:55:14.137,1.32511,1.32534,1.50,2.25
2011.05.24 17:55:15.015,1.32511,1.32534,1.50,2.25
2011.05.24 17:55:15.236,1.3251,1.32534,1.50,2.25
2011.05.24 17:55:15.786,1.32509,1.32534,2.25,1.50
2011.05.24 17:55:16.561,1.32507,1.32534,2.25,1.50
2011.05.24 17:55:17.999,1.32507,1.32534,2.25,2.25
2011.05.24 17:55:18.338,1.32506,1.32534,2.25,2.93
2011.05.24 17:55:19.147,1.32506,1.32533,2.25,1.50
2011.05.24 17:55:21.675,1.32506,1.32534,2.25,2.25
2011.05.24 17:55:22.227,1.32506,1.32531,1.50,1.50
2011.05.24 17:55:22.774,1.32507,1.32531,1.50,4.43
2011.05.24 17:55:24.489,1.32507,1.32531,1.50,2.18
2011.05.24 17:55:25.836,1.32508,1.32531,1.50,1.50
2011.05.24 17:55:26.435,1.32508,1.32531,1.50,1.50
2011.05.24 17:55:27.014,1.32508,1.32531,1.50,1.50
2011.05.24 17:55:27.564,1.32508,1.32531,1.50,1.50
2011.05.24 17:55:29.044,1.32508,1.32531,1.50,1.50
2011.05.24 17:55:31.407,1.32508,1.32531,1.50,1.50
2011.05.24 17:55:31.738,1.32509,1.32532,1.50,1.50
2011.05.24 17:55:31.856,1.32512,1.32534,1.50,1.50
2011.05.24 17:55:33.607,1.32511,1.32534,1.50,1.50
2011.05.24 17:55:34.420,1.32511,1.32533,1.50,1.50
2011.05.24 17:55:34.537,1.32509,1.32533,1.50,1.50
2011.05.24 17:55:35.085,1.32509,1.32533,1.50,1.50
2011.05.24 17:55:36.297,1.32509,1.32533,1.50,1.50
2011.05.24 17:55:36.628,1.32508,1.32532,1.50,1.50
2011.05.24 17:55:37.233,1.32507,1.32532,1.50,2.25
2011.05.24 17:55:37.843,1.32507,1.32532,1.50,1.50
2011.05.24 17:55:38.571,1.32507,1.32532,1.50,1.50
2011.05.24 17:55:40.093,1.32507,1.32532,1.50,1.50
2011.05.24 17:55:41.413,1.32507,1.32532,1.50,3.00
2011.05.24 17:55:42.477,1.32507,1.32532,1.50,3.00
2011.05.24 17:55:42.805,1.32505,1.3253,2.25,1.50
2011.05.24 17:55:44.615,1.32505,1.32528,1.50,1.50
2011.05.24 17:55:44.726,1.32504,1.32528,2.25,1.50
2011.05.24 17:55:45.275,1.32504,1.32527,1.50,1.50
2011.05.24 17:55:47.235,1.32504,1.32524,1.50,1.50
2011.05.24 17:55:48.387,1.32504,1.32524,1.50,2.25
2011.05.24 17:55:48.719,1.32499,1.3252,1.50,1.50
2011.05.24 17:55:48.837,1.32497,1.3252,1.50,1.50
2011.05.24 17:55:48.947,1.32497,1.3252,1.50,1.50
2011.05.24 17:55:49.278,1.32495,1.32519,1.50,3.75
2011.05.24 17:55:49.396,1.32493,1.32518,2.25,1.50
2011.05.24 17:55:51.354,1.32492,1.32518,1.50,1.50
2011.05.24 17:55:52.515,1.32492,1.32519,1.50,5.93
2011.05.24 17:55:53.334,1.32492,1.32517,1.50,1.50
2011.05.24 17:55:53.925,1.3249,1.32514,1.50,2.25
2011.05.24 17:55:55.104,1.32489,1.32514,2.25,2.25
2011.05.24 17:55:55.985,1.32489,1.32514,2.25,2.25
2011.05.24 17:55:56.975,1.32489,1.32514,2.25,3.00
2011.05.24 17:55:58.075,1.32489,1.32514,2.25,3.00
2011.05.24 17:55:59.342,1.32489,1.32514,2.25,3.00
2011.05.24 17:56:01.089,1.32489,1.32514,2.25,3.75
2011.05.24 17:56:02.195,1.3249,1.32514,1.50,3.00
2011.05.24 17:56:02.746,1.3249,1.32514,1.50,2.25
2011.05.24 17:56:03.185,1.3249,1.32514,1.50,2.25
2011.05.24 17:56:04.015,1.3249,1.32514,1.50,3.34
2011.05.24 17:56:04.566,1.3249,1.32514,1.50,3.34
2011.05.24 17:56:06.186,1.3249,1.32514,1.50,2.59
2011.05.24 17:56:06.926,1.3249,1.32514,1.50,3.34
2011.05.24 17:56:07.305,1.32488,1.32514,1.50,3.34
2011.05.24 17:56:07.890,1.32487,1.32511,1.50,1.50
2011.05.24 17:56:08.225,1.32487,1.32511,1.50,1.50
2011.05.24 17:56:09.226,1.32487,1.32512,1.50,2.18
2011.05.24 17:56:09.445,1.32485,1.32511,1.50,3.75
2011.05.24 17:56:11.858,1.32485,1.32511,1.50,3.00
2011.05.24 17:56:12.305,1.32485,1.32508,1.50,1.09
2011.05.24 17:56:13.134,1.32485,1.32507,1.50,1.09
2011.05.24 17:56:13.245,1.32485,1.32507,1.50,1.09
2011.05.24 17:56:13.795,1.32485,1.32508,1.50,1.09
2011.05.24 17:56:14.576,1.32485,1.32507,1.50,1.09
2011.05.24 17:56:14.795,1.32485,1.32507,1.50,1.09
2011.05.24 17:56:14.908,1.32485,1.32507,1.50,1.09
2011.05.24 17:56:16.654,1.32485,1.32507,1.50,1.84
2011.05.24 17:56:17.457,1.32485,1.32503,1.50,1.50
2011.05.24 17:56:17.676,1.32482,1.32503,1.50,1.50
2011.05.24 17:56:17.788,1.32482,1.32503,1.50,1.50
2011.05.24 17:56:18.010,1.32478,1.32503,1.50,1.50
2011.05.24 17:56:18.126,1.32478,1.32503,1.50,3.00
2011.05.24 17:56:18.240,1.32478,1.32503,1.50,3.00
2011.05.24 17:56:18.577,1.32478,1.32503,1.50,3.00
2011.05.24 17:56:18.686,1.32478,1.32502,1.50,1.50
2011.05.24 17:56:19.127,1.32478,1.32503,1.50,4.03
2011.05.24 17:56:19.238,1.32479,1.325,1.50,1.50
2011.05.24 17:56:19.358,1.32478,1.325,1.50,2.25
2011.05.24 17:56:20.424,1.32478,1.32499,1.50,1.09
2011.05.24 17:56:20.976,1.32476,1.32499,1.50,1.09
2011.05.24 17:56:21.414,1.32476,1.32499,1.50,1.09
2011.05.24 17:56:21.525,1.32476,1.32499,1.50,1.09
2011.05.24 17:56:21.745,1.32476,1.32499,1.50,1.09
2011.05.24 17:56:22.189,1.32472,1.32498,2.25,1.03
2011.05.24 17:56:22.308,1.32471,1.32495,1.50,3.34
2011.05.24 17:56:22.427,1.3247,1.32493,1.50,1.50
2011.05.24 17:56:22.975,1.32468,1.3249,1.50,1.09
2011.05.24 17:56:25.131,1.32465,1.32485,1.50,3.34
2011.05.24 17:56:25.467,1.32459,1.32483,1.50,1.50
2011.05.24 17:56:25.796,1.3246,1.32484,1.50,2.97
2011.05.24 17:56:25.905,1.3246,1.32481,1.50,1.09
2011.05.24 17:56:26.125,1.32459,1.32483,1.50,1.09
2011.05.24 17:56:26.676,1.32461,1.32482,1.50,1.09
2011.05.24 17:56:27.195,1.32461,1.32483,1.50,2.59
2011.05.24 17:56:27.415,1.32461,1.32483,1.50,2.25
2011.05.24 17:56:27.526,1.32461,1.32483,1.50,2.25
2011.05.24 17:56:29.972,1.32461,1.32482,1.50,1.50
2011.05.24 17:56:30.310,1.32462,1.32483,2.25,1.50
2011.05.24 17:56:30.645,1.32471,1.32491,1.50,1.50
2011.05.24 17:56:31.416,1.32471,1.32493,1.50,1.50
2011.05.24 17:56:32.085,1.32471,1.32494,1.50,2.25
2011.05.24 17:56:32.855,1.3247,1.32494,1.50,3.00
2011.05.24 17:56:39.755,1.3247,1.32494,1.50,3.00
2011.05.24 17:56:41.555,1.3247,1.32494,1.50,2.25
2011.05.24 17:56:44.765,1.3247,1.32494,1.50,3.00
2011.05.24 17:56:44.876,1.3247,1.32494,1.50,2.25
2011.05.24 17:56:45.425,1.32475,1.32497,1.50,2.59
2011.05.24 17:56:47.275,1.32475,1.32498,1.50,1.03
2011.05.24 17:56:48.230,1.32475,1.32499,1.50,2.46
2011.05.24 17:56:48.698,1.32475,1.32501,1.50,2.18
2011.05.24 17:56:49.051,1.32479,1.32501,1.50,1.03
2011.05.24 17:56:49.170,1.32479,1.32503,1.50,1.50
2011.05.24 17:56:49.727,1.3248,1.32503,1.50,1.50
2011.05.24 17:56:50.386,1.3248,1.32503,1.50,1.09
2011.05.24 17:56:50.606,1.32476,1.32503,1.13,3.34
2011.05.24 17:56:51.157,1.32475,1.32501,1.50,2.18
2011.05.24 17:56:51.688,1.32475,1.32501,1.50,1.43
2011.05.24 17:56:53.157,1.32475,1.32501,1.50,1.43
2011.05.24 17:56:54.155,1.32475,1.32501,1.50,1.43
2011.05.24 17:56:54.714,1.32475,1.32501,1.50,1.43
2011.05.24 17:56:56.126,1.32475,1.32501,1.50,1.43
2011.05.24 17:56:56.455,1.32475,1.32501,1.50,1.43
2011.05.24 17:56:56.795,1.32475,1.32501,1.50,2.93
2011.05.24 17:56:58.227,1.32478,1.32503,1.50,4.77
2011.05.24 17:56:58.447,1.32476,1.32503,1.50,4.77
2011.05.24 17:56:58.994,1.32476,1.32503,1.50,4.77
2011.05.24 17:57:01.143,1.32479,1.32503,1.50,2.93
2011.05.24 17:57:01.262,1.32479,1.32505,2.25,1.50
2011.05.24 17:57:01.377,1.32479,1.32506,2.25,1.50
2011.05.24 17:57:01.705,1.32479,1.32506,1.50,3.00
2011.05.24 17:57:02.255,1.32479,1.32506,1.50,2.25
2011.05.24 17:57:03.245,1.32481,1.32506,1.88,2.25
2011.05.24 17:57:03.574,1.32481,1.32506,1.88,1.50
2011.05.24 17:57:04.365,1.32481,1.32509,1.13,2.25
2011.05.24 17:57:07.181,1.32481,1.32509,1.50,2.25
2011.05.24 17:57:07.885,1.3248,1.32509,2.63,2.25
2011.05.24 17:57:08.325,1.3248,1.32508,1.50,1.13
2011.05.24 17:57:08.892,1.32477,1.32504,2.25,1.84
2011.05.24 17:57:09.875,1.3248,1.32504,1.50,2.59
2011.05.24 17:57:10.424,1.32475,1.32504,2.25,1.84
2011.05.24 17:57:10.535,1.32475,1.32504,2.25,2.59
2011.05.24 17:57:12.447,1.32475,1.32504,1.73,2.59
2011.05.24 17:57:12.557,1.32475,1.32504,1.73,2.59
2011.05.24 17:57:12.898,1.32481,1.32504,1.50,1.09
2011.05.24 17:57:13.248,1.32485,1.3251,1.88,1.78
2011.05.24 17:57:13.590,1.32491,1.32517,1.13,1.50
2011.05.24 17:57:13.926,1.32493,1.32521,1.13,1.50
2011.05.24 17:57:14.853,1.32493,1.32521,1.13,1.50
2011.05.24 17:57:15.426,1.32493,1.32521,1.13,1.50
2011.05.24 17:57:15.644,1.32493,1.32521,1.13,1.50
2011.05.24 17:57:16.635,1.32493,1.32519,1.13,3.00
2011.05.24 17:57:17.186,1.32492,1.32518,1.13,1.50
2011.05.24 17:57:18.135,1.3249,1.32519,1.50,2.25
2011.05.24 17:57:19.385,1.3249,1.32519,1.88,2.25
2011.05.24 17:57:22.870,1.32491,1.32519,1.50,2.25
2011.05.24 17:57:23.424,1.32492,1.3252,1.50,1.50
2011.05.24 17:57:23.757,1.32493,1.32519,1.13,1.50
2011.05.24 17:57:24.305,1.32496,1.3252,1.88,1.50
2011.05.24 17:57:24.862,1.32498,1.32522,1.50,1.09
2011.05.24 17:57:26.802,1.32498,1.32522,1.50,1.09
2011.05.24 17:57:27.885,1.32498,1.32523,1.50,1.84
2011.05.24 17:57:28.325,1.32501,1.32527,1.50,1.78
2011.05.24 17:57:28.435,1.325,1.32527,1.50,1.78
2011.05.24 17:57:28.985,1.32501,1.32527,1.50,1.78
2011.05.24 17:57:30.400,1.32504,1.32527,1.13,1.78
2011.05.24 17:57:30.515,1.32501,1.32527,1.88,1.03
2011.05.24 17:57:30.625,1.32501,1.32527,1.50,1.03
2011.05.24 17:57:33.365,1.32501,1.32524,1.50,1.50
2011.05.24 17:57:33.588,1.32506,1.32529,1.50,1.50
2011.05.24 17:57:33.709,1.32507,1.32531,1.50,2.12
2011.05.24 17:57:33.827,1.32508,1.32531,1.50,1.50
2011.05.24 17:57:34.157,1.3251,1.32535,2.25,1.50
2011.05.24 17:57:34.267,1.3251,1.32535,2.25,1.50
2011.05.24 17:57:34.377,1.32513,1.32535,1.13,1.50
2011.05.24 17:57:34.486,1.32513,1.32535,1.13,1.50
2011.05.24 17:57:35.255,1.32513,1.32535,1.13,1.50
2011.05.24 17:57:35.805,1.32513,1.32535,1.13,1.50
2011.05.24 17:57:36.245,1.32513,1.32535,1.13,1.50
2011.05.24 17:57:37.347,1.32513,1.32536,1.13,2.25
2011.05.24 17:57:39.208,1.32511,1.32537,1.50,1.84
2011.05.24 17:57:39.548,1.3251,1.32536,2.25,1.50
2011.05.24 17:57:39.667,1.3251,1.32535,2.25,1.03
2011.05.24 17:57:40.219,1.3251,1.32534,1.13,1.50
2011.05.24 17:57:40.340,1.32509,1.3253,1.13,1.09
2011.05.24 17:57:40.461,1.32502,1.3253,2.63,3.34
2011.05.24 17:57:40.581,1.32502,1.32529,1.50,2.63
2011.05.24 17:57:40.808,1.32502,1.32529,1.50,5.97
2011.05.24 17:57:41.146,1.325,1.32523,1.05,1.50
2011.05.24 17:57:42.106,1.325,1.32522,1.05,1.50
2011.05.24 17:57:42.435,1.32498,1.32521,1.05,3.00
2011.05.24 17:57:42.657,1.32498,1.32521,1.05,1.50
2011.05.24 17:57:42.998,1.32502,1.32522,1.05,1.67
2011.05.24 17:57:43.219,1.32502,1.32522,1.05,1.39
2011.05.24 17:57:43.336,1.325,1.32522,1.05,2.14
2011.05.24 17:57:43.886,1.325,1.32522,1.05,1.39
2011.05.24 17:57:46.385,1.325,1.32523,1.05,1.84
2011.05.24 17:57:46.825,1.32501,1.32524,1.05,3.23
2011.05.24 17:57:47.425,1.32501,1.32526,1.05,1.03
2011.05.24 17:57:47.543,1.32499,1.32523,1.50,1.09
2011.05.24 17:57:49.245,1.32497,1.32523,1.50,1.09
2011.05.24 17:57:49.837,1.32497,1.32523,1.50,1.84
2011.05.24 17:57:50.165,1.32496,1.32523,1.50,3.34
2011.05.24 17:57:50.276,1.32496,1.32522,1.50,2.18
2011.05.24 17:57:51.046,1.32493,1.3252,1.50,1.43
2011.05.24 17:57:51.265,1.32497,1.32521,1.50,1.50
2011.05.24 17:57:52.146,1.32496,1.32521,1.50,1.50
2011.05.24 17:57:52.256,1.32496,1.32521,1.50,1.50
2011.05.24 17:57:52.807,1.32494,1.32523,1.88,1.77
2011.05.24 17:57:52.916,1.32494,1.32524,1.88,1.09
2011.05.24 17:57:53.026,1.32494,1.32523,1.88,1.84
2011.05.24 17:57:53.691,1.32497,1.32522,1.50,1.50
2011.05.24 17:57:54.545,1.32496,1.32522,1.50,1.50
2011.05.24 17:57:55.977,1.32496,1.32522,1.50,1.50
2011.05.24 17:57:56.307,1.3249,1.32518,1.50,1.84
2011.05.24 17:57:56.527,1.32493,1.32518,1.50,1.84
2011.05.24 17:57:57.415,1.32493,1.32518,1.50,2.59
2011.05.24 17:57:57.648,1.32493,1.32517,1.50,1.09
2011.05.24 17:57:57.869,1.32493,1.32518,1.50,2.25
2011.05.24 17:57:57.989,1.32498,1.32518,1.50,1.50
2011.05.24 17:57:58.218,1.32497,1.32518,1.50,1.50
2011.05.24 17:57:58.339,1.32497,1.32518,1.50,1.50
2011.05.24 17:57:58.570,1.32494,1.32518,1.50,1.50
2011.05.24 17:57:59.125,1.32493,1.32518,1.50,2.59
2011.05.24 17:58:00.075,1.32493,1.32518,1.50,1.84
2011.05.24 17:58:00.874,1.32493,1.32518,1.50,1.84
2011.05.24 17:58:02.425,1.32493,1.32518,1.50,1.84
2011.05.24 17:58:03.415,1.32493,1.32518,1.50,1.84
2011.05.24 17:58:04.167,1.32493,1.32518,1.50,2.59
2011.05.24 17:58:05.475,1.32493,1.32516,1.50,1.09
2011.05.24 17:58:05.695,1.32493,1.32516,1.50,1.09
2011.05.24 17:58:05.916,1.32492,1.32516,1.50,1.09
2011.05.24 17:58:06.246,1.3249,1.32515,1.50,1.84
2011.05.24 17:58:06.576,1.32488,1.32514,1.73,2.25
2011.05.24 17:58:06.685,1.32488,1.32511,1.73,1.50
2011.05.24 17:58:06.906,1.32487,1.3251,1.50,1.50
2011.05.24 17:58:07.017,1.32485,1.32511,1.50,1.50
2011.05.24 17:58:07.127,1.32485,1.32509,1.50,1.09
2011.05.24 17:58:07.565,1.32483,1.32507,1.50,1.09
2011.05.24 17:58:08.006,1.32485,1.32507,2.25,2.59
2011.05.24 17:58:08.994,1.32485,1.3251,2.25,2.59
2011.05.24 17:58:09.790,1.32486,1.32507,1.50,1.09
2011.05.24 17:58:09.913,1.32485,1.32509,1.50,1.09
2011.05.24 17:58:10.136,1.32487,1.32508,1.50,1.09
2011.05.24 17:58:10.249,1.32487,1.3251,1.50,1.84
2011.05.24 17:58:10.369,1.32493,1.3251,1.50,1.84
2011.05.24 17:58:10.487,1.32493,1.3251,1.50,1.50
2011.05.24 17:58:11.405,1.32495,1.32512,1.50,1.50
2011.05.24 17:58:12.627,1.32495,1.32516,1.50,2.59
2011.05.24 17:58:12.848,1.32496,1.32518,1.50,1.09
2011.05.24 17:58:13.178,1.32508,1.32526,1.50,1.50
2011.05.24 17:58:13.956,1.32507,1.32526,1.73,1.50
2011.05.24 17:58:14.067,1.32509,1.32532,1.50,2.25
2011.05.24 17:58:14.176,1.32513,1.32532,1.50,2.25
2011.05.24 17:58:14.616,1.32515,1.32536,1.50,1.09
2011.05.24 17:58:14.945,1.32516,1.32536,2.25,1.09
2011.05.24 17:58:15.992,1.32518,1.3254,2.25,1.09
2011.05.24 17:58:16.115,1.3252,1.32543,1.50,1.50
2011.05.24 17:58:16.229,1.3252,1.32546,1.50,3.27
2011.05.24 17:58:16.350,1.32522,1.32547,1.50,1.78
2011.05.24 17:58:16.468,1.32523,1.32548,1.50,1.03
2011.05.24 17:58:17.026,1.32525,1.3255,1.50,1.50
2011.05.24 17:58:17.574,1.32525,1.32549,1.50,1.50
2011.05.24 17:58:17.904,1.32523,1.32548,1.50,3.00
2011.05.24 17:58:19.115,1.32521,1.32543,1.50,1.50
2011.05.24 17:58:20.641,1.3252,1.32543,2.48,1.50
2011.05.24 17:58:21.006,1.32518,1.32543,3.23,3.38
2011.05.24 17:58:21.226,1.32517,1.32542,1.73,1.50
2011.05.24 17:58:21.448,1.32517,1.32543,2.25,1.50
2011.05.24 17:58:21.995,1.32518,1.32543,1.73,3.00
2011.05.24 17:58:23.532,1.32522,1.32543,1.50,3.00
2011.05.24 17:58:23.756,1.32521,1.32543,1.73,3.00
2011.05.24 17:58:23.975,1.32521,1.32543,1.73,3.00
2011.05.24 17:58:25.807,1.32524,1.32548,1.50,1.78
2011.05.24 17:58:26.986,1.32526,1.32548,1.50,1.50
2011.05.24 17:58:27.545,1.32526,1.32548,2.25,1.50
2011.05.24 17:58:27.766,1.32524,1.32548,2.25,1.50
2011.05.24 17:58:28.935,1.32523,1.32551,1.50,2.16
2011.05.24 17:58:30.845,1.32523,1.32552,1.50,1.03
2011.05.24 17:58:31.616,1.32523,1.32552,1.50,2.12
2011.05.24 17:58:31.948,1.32521,1.3255,1.50,1.09
2011.05.24 17:58:32.286,1.32519,1.32544,1.50,2.63
2011.05.24 17:58:32.506,1.32518,1.32544,1.50,1.88
2011.05.24 17:58:33.201,1.32519,1.32544,1.50,1.84
2011.05.24 17:58:33.865,1.32519,1.32544,1.50,1.84
2011.05.24 17:58:34.086,1.32517,1.32542,1.50,1.80
2011.05.24 17:58:34.637,1.32517,1.32543,1.50,2.25
2011.05.24 17:58:34.856,1.32521,1.32543,1.50,2.25
2011.05.24 17:58:35.406,1.32515,1.32543,1.50,1.50
2011.05.24 17:58:35.515,1.32523,1.32543,1.50,1.50
2011.05.24 17:58:36.291,1.32522,1.32543,1.50,1.50
2011.05.24 17:58:36.412,1.32525,1.32545,1.50,1.50
2011.05.24 17:58:36.965,1.32525,1.32547,1.50,1.09
2011.05.24 17:58:37.188,1.32525,1.32549,1.50,1.09
2011.05.24 17:58:37.628,1.32523,1.32551,1.50,3.30
2011.05.24 17:58:38.193,1.32522,1.32551,1.50,3.30
2011.05.24 17:58:38.315,1.32531,1.32551,1.50,1.50
2011.05.24 17:58:38.430,1.32531,1.32553,1.50,1.50
2011.05.24 17:58:38.656,1.3253,1.32553,1.50,1.50
2011.05.24 17:58:39.319,1.32531,1.32554,1.50,2.25
2011.05.24 17:58:40.095,1.32531,1.32554,1.50,2.25
2011.05.24 17:58:40.425,1.32532,1.32554,1.50,2.25
2011.05.24 17:58:40.975,1.32532,1.32554,1.50,2.25
2011.05.24 17:58:42.705,1.32532,1.32554,1.50,2.25
2011.05.24 17:58:49.725,1.32526,1.32554,1.50,1.84
2011.05.24 17:58:50.605,1.32524,1.32553,1.50,1.84
2011.05.24 17:58:52.605,1.32524,1.32553,1.50,1.84
2011.05.24 17:58:55.906,1.32524,1.32553,1.88,1.84
2011.05.24 17:58:58.406,1.32523,1.32553,1.73,1.84
2011.05.24 17:58:58.935,1.32523,1.32553,1.50,1.84
2011.05.24 17:58:59.053,1.32522,1.32548,1.50,1.50
2011.05.24 17:58:59.605,1.32521,1.32546,1.50,1.09
2011.05.24 17:59:00.200,1.32519,1.32546,1.73,1.09
2011.05.24 17:59:00.536,1.32519,1.32545,1.73,1.09
2011.05.24 17:59:01.195,1.32519,1.32545,1.50,1.09
2011.05.24 17:59:02.036,1.3252,1.32548,1.50,3.00
2011.05.24 17:59:02.584,1.3252,1.32548,2.25,3.00
2011.05.24 17:59:05.754,1.32519,1.32545,1.50,1.09
2011.05.24 17:59:07.545,1.32519,1.32544,3.00,1.09
2011.05.24 17:59:07.766,1.32521,1.32551,2.25,1.50
2011.05.24 17:59:07.880,1.32526,1.32551,1.50,1.50
2011.05.24 17:59:08.106,1.32527,1.32553,1.50,1.50
2011.05.24 17:59:08.216,1.32528,1.32555,1.50,1.50
2011.05.24 17:59:08.766,1.32529,1.32555,2.25,1.50
2011.05.24 17:59:09.315,1.32529,1.32556,1.50,1.50
2011.05.24 17:59:09.541,1.32529,1.32556,1.50,1.50
2011.05.24 17:59:10.315,1.3253,1.32556,1.50,1.50
2011.05.24 17:59:10.867,1.32526,1.32555,3.00,1.50
2011.05.24 17:59:11.196,1.32526,1.32552,1.50,2.63
2011.05.24 17:59:11.418,1.32521,1.3255,1.50,3.34
2011.05.24 17:59:11.538,1.32521,1.32545,1.50,3.34
2011.05.24 17:59:11.766,1.32521,1.32544,2.25,1.50
2011.05.24 17:59:12.315,1.32519,1.32544,1.73,1.50
2011.05.24 17:59:13.696,1.32522,1.32544,1.73,1.50
2011.05.24 17:59:13.917,1.32522,1.32552,1.73,1.09
2011.05.24 17:59:14.027,1.32525,1.32554,1.35,1.50
2011.05.24 17:59:15.523,1.32524,1.32556,1.73,1.78
2011.05.24 17:59:15.966,1.32528,1.32554,1.50,1.50
2011.05.24 17:59:16.295,1.32524,1.32554,1.50,1.50
2011.05.24 17:59:20.214,1.32524,1.32554,1.50,1.50
2011.05.24 17:59:20.438,1.32529,1.32554,1.50,2.25
2011.05.24 17:59:20.669,1.32534,1.32558,1.50,1.50
2011.05.24 17:59:20.787,1.32534,1.32562,1.50,3.00
2011.05.24 17:59:21.494,1.32534,1.32563,1.50,1.50
2011.05.24 17:59:21.828,1.32531,1.32559,2.25,1.50
2011.05.24 17:59:22.816,1.32535,1.3256,1.13,1.50
2011.05.24 17:59:24.395,1.32533,1.32563,1.13,3.28
2011.05.24 17:59:24.727,1.32535,1.32563,1.50,1.78
2011.05.24 17:59:25.277,1.3254,1.32563,1.50,2.53
2011.05.24 17:59:25.716,1.3254,1.32565,1.50,1.84
2011.05.24 17:59:26.439,1.32539,1.32566,1.50,1.09
2011.05.24 17:59:26.666,1.32543,1.32569,1.50,1.50
2011.05.24 17:59:26.776,1.32543,1.32573,1.50,1.50
2011.05.24 17:59:26.997,1.32543,1.32573,1.50,1.50
2011.05.24 17:59:27.216,1.32543,1.32574,1.50,3.75
2011.05.24 17:59:27.766,1.32546,1.32576,1.50,1.78
2011.05.24 17:59:28.570,1.32546,1.32576,1.50,1.03
2011.05.24 17:59:30.210,1.32545,1.32576,1.50,1.78
2011.05.24 17:59:30.548,1.32546,1.32577,1.50,2.25
2011.05.24 17:59:30.777,1.3255,1.32579,1.50,1.84
2011.05.24 17:59:31.519,1.32549,1.32579,1.50,1.09
2011.05.24 17:59:32.076,1.32547,1.32576,1.50,1.50
2011.05.24 17:59:32.407,1.32549,1.32579,1.50,1.84
2011.05.24 17:59:32.515,1.32551,1.32579,1.50,1.09
2011.05.24 17:59:33.066,1.32553,1.32579,1.50,1.09
2011.05.24 17:59:33.850,1.32554,1.32579,1.50,1.09
2011.05.24 17:59:34.407,1.3255,1.32579,3.00,1.09
2011.05.24 17:59:34.625,1.3255,1.3258,1.50,2.59
2011.05.24 17:59:35.135,1.3255,1.3258,1.50,2.25
2011.05.24 17:59:35.744,1.32549,1.3258,2.25,2.59
2011.05.24 17:59:36.296,1.32551,1.3258,1.50,1.50
2011.05.24 17:59:36.406,1.32551,1.3258,1.50,1.09
2011.05.24 17:59:37.067,1.32549,1.32574,1.50,1.09
2011.05.24 17:59:37.177,1.32543,1.32572,1.50,2.25
2011.05.24 17:59:37.397,1.3254,1.3257,1.88,1.50
2011.05.24 17:59:38.520,1.3254,1.32569,1.50,1.50
2011.05.24 17:59:39.187,1.32543,1.32567,1.50,1.09
2011.05.24 17:59:41.316,1.32543,1.32567,1.50,1.09
2011.05.24 17:59:42.305,1.32543,1.32568,1.50,1.09
2011.05.24 17:59:53.366,1.32545,1.32569,1.50,1.09
2011.05.24 17:59:54.155,1.32545,1.32569,1.50,1.50
2011.05.24 17:59:54.773,1.32546,1.32569,1.50,1.50
2011.05.24 17:59:55.266,1.32542,1.32569,1.13,1.09
2011.05.24 17:59:55.487,1.32541,1.32569,1.43,2.59
2011.05.24 17:59:55.707,1.32539,1.32568,3.68,3.75
2011.05.24 17:59:56.476,1.32539,1.32568,1.13,3.75
2011.05.24 17:59:56.586,1.32539,1.32568,1.50,1.50
2011.05.24 17:59:56.696,1.32543,1.32568,1.13,1.50
2011.05.24 17:59:56.917,1.32543,1.32568,1.13,1.50
2011.05.24 17:59:57.248,1.32541,1.32563,2.25,1.50
2011.05.24 17:59:57.366,1.32543,1.32569,1.13,1.50
2011.05.24 17:59:57.477,1.32547,1.3257,1.13,1.50
2011.05.24 17:59:57.807,1.32548,1.32575,1.35,1.50
2011.05.24 17:59:58.027,1.32548,1.32575,1.35,1.50
2011.05.24 17:59:58.466,1.32549,1.32578,1.13,2.63
2011.05.24 17:59:58.795,1.32547,1.32574,2.63,2.63
2011.05.24 17:59:58.906,1.32547,1.32572,2.25,1.50
2011.05.24 17:59:59.237,1.32545,1.32571,2.55,1.09
