2016.05.31 03:00:00.403,1.63176,1.63191,1.20,1.07
2016.05.31 03:00:01.357,1.63174,1.63191,1.31,1.00
2016.05.31 03:00:02.193,1.63174,1.63188,1.12,1.00
2016.05.31 03:00:02.347,1.63172,1.63187,2.00,1.00
2016.05.31 03:00:02.449,1.6317,1.63187,1.31,1.00
2016.05.31 03:00:04.986,1.6317,1.63188,1.50,1.00
2016.05.31 03:00:05.240,1.6317,1.6319,3.00,1.12
2016.05.31 03:00:05.291,1.63171,1.6319,1.12,1.12
2016.05.31 03:00:05.609,1.63174,1.6319,1.12,1.12
2016.05.31 03:00:07.601,1.63172,1.63189,1.12,1.00
2016.05.31 03:00:07.652,1.63172,1.63189,1.12,1.00
2016.05.31 03:00:07.805,1.63172,1.63187,1.12,1.00
2016.05.31 03:00:08.320,1.63171,1.63187,1.12,1.00
2016.05.31 03:00:14.331,1.63168,1.63188,1.87,1.05
2016.05.31 03:00:17.527,1.6317,1.63188,1.12,1.05
2016.05.31 03:00:18.037,1.6317,1.63188,1.50,1.00
2016.05.31 03:00:22.781,1.6317,1.63189,1.12,1.00
2016.05.31 03:00:23.086,1.63178,1.63197,1.12,1.50
2016.05.31 03:00:23.137,1.63178,1.63198,3.37,1.12
2016.05.31 03:00:23.677,1.63178,1.63198,1.20,1.10
2016.05.31 03:00:24.484,1.63178,1.63197,1.07,1.00
2016.05.31 03:00:26.107,1.63181,1.632,1.00,1.93
2016.05.31 03:00:26.210,1.63185,1.63205,1.00,1.75
2016.05.31 03:00:26.312,1.63186,1.63207,1.87,1.75
2016.05.31 03:00:26.483,1.63188,1.63207,1.12,1.57
2016.05.31 03:00:28.611,1.63186,1.63206,3.37,1.00
2016.05.31 03:00:28.663,1.63186,1.63206,1.87,1.12
2016.05.31 03:00:28.868,1.63182,1.63204,2.68,1.12
2016.05.31 03:00:30.053,1.6319,1.63207,1.00,1.87
2016.05.31 03:00:30.256,1.63186,1.63205,1.50,1.00
2016.05.31 03:00:30.872,1.63185,1.63204,1.82,1.00
2016.05.31 03:00:30.974,1.63184,1.63204,1.25,1.00
2016.05.31 03:00:31.581,1.63184,1.63202,1.20,1.00
2016.05.31 03:00:31.734,1.63183,1.63202,1.17,1.57
2016.05.31 03:00:31.938,1.63181,1.632,2.00,1.00
2016.05.31 03:00:32.244,1.63181,1.63198,1.82,1.00
2016.05.31 03:00:32.295,1.63181,1.63198,1.30,1.10
2016.05.31 03:00:32.347,1.63178,1.63198,1.69,1.57
2016.05.31 03:00:32.450,1.63177,1.63195,1.29,1.00
2016.05.31 03:00:32.653,1.63176,1.63195,1.31,1.10
2016.05.31 03:00:37.387,1.63175,1.63188,1.12,1.00
2016.05.31 03:00:37.438,1.63173,1.63186,1.00,1.00
2016.05.31 03:00:37.489,1.63173,1.63183,1.00,1.00
2016.05.31 03:00:37.592,1.63162,1.63181,2.14,1.10
2016.05.31 03:00:37.643,1.63162,1.63179,1.31,1.00
2016.05.31 03:00:37.694,1.63161,1.63179,1.07,1.00
2016.05.31 03:00:37.847,1.63162,1.63179,1.31,1.00
2016.05.31 03:00:38.105,1.63165,1.63183,1.12,1.50
2016.05.31 03:00:38.901,1.63165,1.63186,1.12,2.32
2016.05.31 03:00:39.459,1.63165,1.63186,1.12,2.32
2016.05.31 03:00:40.927,1.63165,1.63186,1.12,3.07
2016.05.31 03:00:41.435,1.63168,1.63187,1.10,1.50
2016.05.31 03:00:41.948,1.63168,1.63188,1.20,2.70
2016.05.31 03:00:49.678,1.63168,1.63188,1.10,1.85
2016.05.31 03:00:50.085,1.63166,1.63185,1.10,1.07
2016.05.31 03:00:52.083,1.63168,1.63186,1.00,1.87
2016.05.31 03:00:55.279,1.63169,1.63186,1.00,1.12
2016.05.31 03:00:56.376,1.63169,1.63188,1.00,2.25
2016.05.31 03:00:57.959,1.63169,1.63188,1.50,1.87
2016.05.31 03:00:58.622,1.63169,1.63188,1.10,1.45
2016.05.31 03:00:58.775,1.6317,1.63191,1.10,2.32
2016.05.31 03:00:58.877,1.63172,1.63192,1.00,1.50
2016.05.31 03:00:59.283,1.63174,1.63193,1.50,1.50
2016.05.31 03:00:59.435,1.63174,1.63193,1.00,1.07
2016.05.31 03:01:00.037,1.63176,1.63193,1.00,1.07
2016.05.31 03:01:00.545,1.63177,1.63194,1.00,1.18
2016.05.31 03:01:01.411,1.63179,1.63195,1.00,1.18
2016.05.31 03:01:03.044,1.6318,1.632,1.00,4.55
2016.05.31 03:01:03.095,1.63181,1.632,1.00,3.05
2016.05.31 03:01:03.901,1.6318,1.632,1.00,2.30
2016.05.31 03:01:04.104,1.6318,1.63199,1.00,1.20
2016.05.31 03:01:04.155,1.6318,1.63199,1.00,2.25
2016.05.31 03:01:04.662,1.63179,1.63198,1.00,3.05
2016.05.31 03:01:06.079,1.63177,1.63197,1.09,1.33
2016.05.31 03:01:06.130,1.63176,1.63195,2.06,1.00
2016.05.31 03:01:06.472,1.63176,1.63195,1.00,2.32
2016.05.31 03:01:07.427,1.63174,1.63194,1.31,1.93
2016.05.31 03:01:07.935,1.63174,1.63193,1.19,1.18
2016.05.31 03:01:08.325,1.63174,1.63192,1.19,1.12
2016.05.31 03:01:09.729,1.63175,1.63192,1.19,1.12
2016.05.31 03:01:09.781,1.63175,1.63194,1.19,2.30
2016.05.31 03:01:10.288,1.63175,1.63194,1.19,2.00
2016.05.31 03:01:10.831,1.63175,1.63194,1.19,2.00
2016.05.31 03:01:11.363,1.63176,1.63194,1.19,2.00
2016.05.31 03:01:12.914,1.63175,1.63194,1.19,2.38
2016.05.31 03:01:13.219,1.63175,1.63192,1.19,1.18
2016.05.31 03:01:13.473,1.6317,1.63192,3.94,2.68
2016.05.31 03:01:14.240,1.6317,1.63192,3.26,1.63
2016.05.31 03:01:15.942,1.6317,1.63192,2.51,1.57
2016.05.31 03:01:15.993,1.63179,1.63193,1.19,1.12
2016.05.31 03:01:16.198,1.63188,1.63202,1.00,2.70
2016.05.31 03:01:16.249,1.63192,1.63202,1.00,1.47
2016.05.31 03:01:16.301,1.63194,1.63207,1.00,1.75
2016.05.31 03:01:16.403,1.63194,1.63209,1.00,1.00
2016.05.31 03:01:16.505,1.63196,1.63211,1.00,1.45
2016.05.31 03:01:16.738,1.63196,1.63212,1.00,1.12
2016.05.31 03:01:17.251,1.63196,1.63213,1.25,1.00
2016.05.31 03:01:17.656,1.63198,1.63213,1.00,1.12
2016.05.31 03:01:17.961,1.63203,1.63218,1.00,1.37
2016.05.31 03:01:18.347,1.63208,1.63221,1.00,1.47
2016.05.31 03:01:18.500,1.63215,1.6323,1.00,1.00
2016.05.31 03:01:18.855,1.63217,1.63231,1.19,1.12
2016.05.31 03:01:18.957,1.6322,1.63235,1.00,1.37
2016.05.31 03:01:19.262,1.63222,1.63237,1.00,1.75
2016.05.31 03:01:19.784,1.63223,1.63236,1.00,1.12
2016.05.31 03:01:19.988,1.63223,1.63238,1.00,1.10
2016.05.31 03:01:20.903,1.63224,1.6324,1.00,1.47
2016.05.31 03:01:21.006,1.63221,1.63241,1.31,1.00
2016.05.31 03:01:22.130,1.63221,1.63242,1.31,1.20
2016.05.31 03:01:22.283,1.63223,1.63242,2.51,1.20
2016.05.31 03:01:22.436,1.63229,1.6325,1.12,1.20
2016.05.31 03:01:22.983,1.63229,1.63251,1.31,2.70
2016.05.31 03:01:23.034,1.63229,1.6325,1.31,1.57
2016.05.31 03:01:23.713,1.6323,1.63251,1.76,1.87
2016.05.31 03:01:24.019,1.63229,1.63249,1.31,1.00
2016.05.31 03:01:25.517,1.63229,1.6325,1.31,1.12
2016.05.31 03:01:26.138,1.63229,1.63249,1.31,1.00
2016.05.31 03:01:26.291,1.63229,1.63252,1.31,2.32
2016.05.31 03:01:26.342,1.63229,1.63249,1.31,1.00
2016.05.31 03:01:26.444,1.63229,1.63251,1.31,1.00
2016.05.31 03:01:26.647,1.63229,1.63249,1.31,1.00
2016.05.31 03:01:27.156,1.63229,1.63249,1.31,1.20
2016.05.31 03:01:29.769,1.63227,1.63248,2.44,1.50
2016.05.31 03:01:29.973,1.63225,1.63247,1.31,1.12
2016.05.31 03:01:30.227,1.63228,1.6325,1.19,1.75
2016.05.31 03:01:30.481,1.63231,1.63251,1.01,1.00
2016.05.31 03:01:31.014,1.63231,1.6325,1.01,1.00
2016.05.31 03:01:31.728,1.63231,1.63251,1.01,1.00
2016.05.31 03:01:32.237,1.63231,1.63253,1.01,1.12
2016.05.31 03:01:32.288,1.63232,1.63252,1.31,1.10
2016.05.31 03:01:32.613,1.6324,1.63261,1.31,2.70
2016.05.31 03:01:32.920,1.63245,1.63263,1.31,2.25
2016.05.31 03:01:32.971,1.63245,1.63267,1.31,2.70
2016.05.31 03:01:33.074,1.63245,1.63266,1.31,1.47
2016.05.31 03:01:33.227,1.63244,1.63263,1.01,1.00
2016.05.31 03:01:33.782,1.63246,1.63263,1.01,1.00
2016.05.31 03:01:34.240,1.63246,1.63268,1.31,1.00
2016.05.31 03:01:34.444,1.63248,1.63271,1.31,1.57
2016.05.31 03:01:35.193,1.6325,1.63272,1.31,1.12
2016.05.31 03:01:35.357,1.63249,1.63273,1.29,1.85
2016.05.31 03:01:35.718,1.6325,1.63273,1.19,1.57
2016.05.31 03:01:36.300,1.6325,1.63273,1.19,1.85
2016.05.31 03:01:37.872,1.63247,1.63271,2.81,1.50
2016.05.31 03:01:38.270,1.63251,1.63271,1.12,1.20
2016.05.31 03:01:39.582,1.63252,1.63272,1.00,1.20
2016.05.31 03:01:39.633,1.63249,1.63271,1.00,1.47
2016.05.31 03:01:39.938,1.63249,1.63272,1.00,1.20
2016.05.31 03:01:40.652,1.63252,1.63273,1.31,1.12
2016.05.31 03:01:40.858,1.63257,1.63282,1.50,2.62
2016.05.31 03:01:40.909,1.63261,1.63282,1.12,1.12
2016.05.31 03:01:41.214,1.63269,1.63293,1.87,1.85
2016.05.31 03:01:42.184,1.63274,1.63293,1.10,1.07
2016.05.31 03:01:42.236,1.63273,1.63296,2.62,1.07
2016.05.31 03:01:42.338,1.63276,1.63297,1.12,1.10
2016.05.31 03:01:42.846,1.63276,1.63297,1.12,2.25
2016.05.31 03:01:42.901,1.63274,1.63295,1.12,1.07
2016.05.31 03:01:44.977,1.63275,1.63297,1.12,1.00
2016.05.31 03:01:45.512,1.63275,1.63298,1.12,1.10
2016.05.31 03:01:46.171,1.63275,1.63298,1.12,1.66
2016.05.31 03:01:47.150,1.63275,1.63298,1.12,1.10
2016.05.31 03:01:47.658,1.63275,1.63297,1.12,1.00
2016.05.31 03:01:48.165,1.63275,1.63298,1.75,1.69
2016.05.31 03:01:48.473,1.63275,1.63298,2.00,1.50
2016.05.31 03:01:49.853,1.63275,1.63299,2.00,1.50
2016.05.31 03:01:50.158,1.63277,1.63302,1.75,1.84
2016.05.31 03:01:51.001,1.63281,1.633,1.00,1.31
2016.05.31 03:01:51.461,1.63281,1.63297,1.00,1.00
2016.05.31 03:01:51.888,1.63281,1.633,1.00,2.14
2016.05.31 03:01:52.040,1.63279,1.63299,1.00,1.95
2016.05.31 03:01:52.346,1.63275,1.63295,1.00,2.32
2016.05.31 03:01:52.762,1.63276,1.63295,1.00,1.20
2016.05.31 03:01:52.813,1.63276,1.63297,1.00,1.87
2016.05.31 03:01:52.865,1.63276,1.63297,1.00,1.69
2016.05.31 03:01:53.170,1.63275,1.63293,1.00,1.12
2016.05.31 03:01:53.323,1.63277,1.63297,1.00,1.20
2016.05.31 03:01:53.577,1.63277,1.63297,1.00,1.95
2016.05.31 03:01:54.179,1.63276,1.63296,1.00,2.25
2016.05.31 03:01:54.486,1.63278,1.63297,1.00,1.12
2016.05.31 03:01:55.008,1.63279,1.63298,1.00,1.10
2016.05.31 03:01:55.059,1.63279,1.63298,1.00,1.29
2016.05.31 03:02:00.272,1.63275,1.63294,1.57,1.62
2016.05.31 03:02:00.374,1.63275,1.63291,1.50,1.19
2016.05.31 03:02:00.425,1.63275,1.63291,1.00,1.19
2016.05.31 03:02:00.578,1.63275,1.63292,1.00,1.19
2016.05.31 03:02:00.984,1.63277,1.63295,1.00,2.06
2016.05.31 03:02:01.289,1.63277,1.63295,1.00,1.19
2016.05.31 03:02:01.840,1.6328,1.63297,1.00,2.81
2016.05.31 03:02:03.076,1.6328,1.63297,1.00,1.20
2016.05.31 03:02:03.783,1.6328,1.63297,1.00,1.20
2016.05.31 03:02:03.884,1.63277,1.63296,1.00,1.20
2016.05.31 03:02:03.936,1.63277,1.63296,1.00,1.57
2016.05.31 03:02:04.493,1.63277,1.63292,1.00,1.00
2016.05.31 03:02:04.787,1.63277,1.63297,1.00,1.12
2016.05.31 03:02:05.158,1.63276,1.63294,1.00,1.87
2016.05.31 03:02:06.049,1.63278,1.63294,1.00,1.12
2016.05.31 03:02:06.303,1.63279,1.63297,1.00,1.12
2016.05.31 03:02:06.405,1.63277,1.63297,1.00,2.62
2016.05.31 03:02:06.507,1.63277,1.63292,1.00,1.00
2016.05.31 03:02:06.870,1.63277,1.63292,1.19,1.00
2016.05.31 03:02:08.499,1.63279,1.63297,1.19,1.87
2016.05.31 03:02:09.015,1.63279,1.63297,1.19,1.50
2016.05.31 03:02:10.123,1.6328,1.63297,1.25,1.12
2016.05.31 03:02:10.672,1.6328,1.63298,1.25,1.50
2016.05.31 03:02:10.743,1.6328,1.63298,1.25,1.50
2016.05.31 03:02:11.961,1.63278,1.63298,1.10,3.00
2016.05.31 03:02:14.155,1.63279,1.63298,1.00,1.10
2016.05.31 03:02:14.714,1.63279,1.63297,1.00,1.00
2016.05.31 03:02:15.685,1.63278,1.63297,1.00,1.10
2016.05.31 03:02:15.737,1.63276,1.63297,1.00,1.57
2016.05.31 03:02:16.042,1.63278,1.63297,1.00,3.00
2016.05.31 03:02:16.605,1.63277,1.63296,1.00,1.57
2016.05.31 03:02:17.383,1.63277,1.63295,1.00,1.45
2016.05.31 03:02:22.029,1.63277,1.63298,1.00,2.25
2016.05.31 03:02:22.131,1.63279,1.63297,1.00,1.20
2016.05.31 03:02:24.071,1.63279,1.63297,1.00,1.12
2016.05.31 03:02:24.722,1.63277,1.63297,1.10,1.12
2016.05.31 03:02:25.259,1.63277,1.63296,1.10,1.00
2016.05.31 03:02:25.773,1.63277,1.63297,1.10,1.12
2016.05.31 03:02:26.080,1.63279,1.63297,1.00,1.12
2016.05.31 03:02:27.477,1.63279,1.63298,1.00,1.57
2016.05.31 03:02:27.985,1.63279,1.63298,1.00,1.95
2016.05.31 03:02:29.782,1.63279,1.63298,1.00,1.57
2016.05.31 03:02:30.138,1.63277,1.63297,1.10,1.00
2016.05.31 03:02:30.190,1.6328,1.63298,1.00,2.70
2016.05.31 03:02:30.655,1.6328,1.63298,1.00,1.57
2016.05.31 03:02:32.634,1.63277,1.63298,1.10,2.70
2016.05.31 03:02:33.296,1.63277,1.63293,1.00,1.00
2016.05.31 03:02:33.499,1.63277,1.63298,1.00,1.57
2016.05.31 03:02:33.550,1.63279,1.63298,1.00,1.57
2016.05.31 03:02:33.906,1.63276,1.63296,1.10,1.37
2016.05.31 03:02:33.957,1.63274,1.63296,1.20,1.50
2016.05.31 03:02:34.008,1.63274,1.63292,1.10,1.87
2016.05.31 03:02:34.262,1.63277,1.63296,1.00,1.00
2016.05.31 03:02:34.604,1.63277,1.63293,1.00,1.00
2016.05.31 03:02:35.506,1.63277,1.63296,1.00,1.45
2016.05.31 03:02:36.114,1.63277,1.63293,1.00,1.00
2016.05.31 03:02:38.086,1.63278,1.63293,1.00,1.00
2016.05.31 03:02:38.223,1.63278,1.63297,1.00,1.87
2016.05.31 03:02:38.730,1.63276,1.63297,1.00,1.50
2016.05.31 03:02:39.238,1.63276,1.63297,1.00,2.30
2016.05.31 03:02:40.030,1.63277,1.63297,1.00,1.93
2016.05.31 03:02:40.549,1.63277,1.63297,1.00,1.25
2016.05.31 03:02:41.374,1.63277,1.63297,1.00,1.27
2016.05.31 03:02:43.839,1.63279,1.63297,1.00,1.27
2016.05.31 03:02:44.372,1.63278,1.63297,1.00,1.33
2016.05.31 03:02:45.465,1.63277,1.63297,1.00,2.45
2016.05.31 03:02:45.770,1.63274,1.63292,1.00,2.30
2016.05.31 03:02:46.205,1.63271,1.63292,1.00,2.30
2016.05.31 03:02:46.256,1.63274,1.63292,1.00,2.30
2016.05.31 03:02:46.409,1.63271,1.63292,1.00,3.05
2016.05.31 03:02:47.272,1.63271,1.63292,1.00,2.68
2016.05.31 03:02:48.741,1.63271,1.6329,1.00,1.00
2016.05.31 03:02:48.946,1.63269,1.6329,1.10,1.31
2016.05.31 03:02:48.997,1.63266,1.63288,2.70,1.00
2016.05.31 03:02:49.200,1.63266,1.63287,1.00,1.18
2016.05.31 03:02:49.607,1.63266,1.63284,1.00,1.00
2016.05.31 03:02:50.122,1.63266,1.63285,1.00,1.50
2016.05.31 03:02:51.704,1.63264,1.63284,1.00,3.07
2016.05.31 03:02:52.026,1.63264,1.63281,1.00,1.00
2016.05.31 03:02:52.604,1.63265,1.63282,1.00,1.10
2016.05.31 03:02:52.909,1.63267,1.63286,1.00,1.12
2016.05.31 03:02:53.011,1.63267,1.63287,1.00,1.95
2016.05.31 03:02:53.164,1.63269,1.63287,1.00,1.20
2016.05.31 03:02:53.779,1.63269,1.63287,1.00,1.00
2016.05.31 03:02:54.084,1.63271,1.63287,1.00,1.00
2016.05.31 03:02:56.951,1.63271,1.63288,1.00,1.07
2016.05.31 03:02:57.478,1.6327,1.63287,1.00,1.00
2016.05.31 03:02:58.080,1.63271,1.63287,1.00,1.07
2016.05.31 03:02:58.630,1.6327,1.63288,1.00,1.80
2016.05.31 03:02:59.087,1.63268,1.63287,1.00,1.92
2016.05.31 03:02:59.341,1.63264,1.63282,1.10,1.00
2016.05.31 03:02:59.493,1.63264,1.63282,1.00,1.47
2016.05.31 03:03:00.001,1.63263,1.63282,1.00,2.25
2016.05.31 03:03:00.425,1.63261,1.63281,1.00,1.87
2016.05.31 03:03:00.476,1.63261,1.6328,1.00,1.47
2016.05.31 03:03:00.730,1.63259,1.63278,1.00,1.10
2016.05.31 03:03:00.781,1.63255,1.63278,1.76,2.00
2016.05.31 03:03:00.883,1.63255,1.63275,1.00,1.82
2016.05.31 03:03:01.240,1.63255,1.63272,1.00,1.00
2016.05.31 03:03:01.789,1.63256,1.63275,1.00,2.32
2016.05.31 03:03:02.094,1.63258,1.63275,1.00,1.57
2016.05.31 03:03:02.145,1.63256,1.63276,1.00,1.18
2016.05.31 03:03:02.652,1.63258,1.63272,1.00,1.00
2016.05.31 03:03:03.795,1.63256,1.63272,1.00,1.00
2016.05.31 03:03:03.948,1.63253,1.63273,1.00,1.20
2016.05.31 03:03:04.303,1.63256,1.63274,1.00,1.50
2016.05.31 03:03:04.608,1.63259,1.63278,1.00,1.12
2016.05.31 03:03:04.659,1.63259,1.63278,1.00,1.12
2016.05.31 03:03:04.914,1.63257,1.63278,1.00,2.62
2016.05.31 03:03:05.073,1.63255,1.63274,1.05,1.00
2016.05.31 03:03:05.125,1.63253,1.63272,1.00,1.00
2016.05.31 03:03:05.278,1.63251,1.63271,1.25,2.08
2016.05.31 03:03:05.329,1.63251,1.6327,1.25,1.12
2016.05.31 03:03:06.149,1.63253,1.63271,1.00,1.55
2016.05.31 03:03:06.650,1.63254,1.63272,1.00,1.87
2016.05.31 03:03:07.159,1.63253,1.63272,1.00,1.12
2016.05.31 03:03:10.344,1.63253,1.63271,1.00,1.00
2016.05.31 03:03:10.890,1.63253,1.63272,1.00,1.20
2016.05.31 03:03:11.245,1.63253,1.6327,1.00,1.00
2016.05.31 03:03:11.499,1.63251,1.6327,1.00,1.37
2016.05.31 03:03:11.601,1.63251,1.63268,1.00,1.20
2016.05.31 03:03:13.116,1.63252,1.63268,1.00,1.07
2016.05.31 03:03:13.423,1.63254,1.63272,1.00,1.93
2016.05.31 03:03:14.075,1.63253,1.63272,1.00,1.12
2016.05.31 03:03:14.228,1.63254,1.63273,1.00,1.50
2016.05.31 03:03:14.583,1.63252,1.63273,1.00,1.50
2016.05.31 03:03:14.685,1.63252,1.63272,1.00,1.57
2016.05.31 03:03:14.788,1.6325,1.63269,1.25,1.12
2016.05.31 03:03:14.890,1.6325,1.63269,1.00,1.95
2016.05.31 03:03:15.645,1.63252,1.6327,1.00,1.50
2016.05.31 03:03:15.747,1.63252,1.63271,1.00,1.50
2016.05.31 03:03:15.849,1.63254,1.63271,1.00,1.12
2016.05.31 03:03:16.103,1.63252,1.63271,1.00,1.50
2016.05.31 03:03:16.154,1.6325,1.63268,1.00,1.00
2016.05.31 03:03:16.674,1.6325,1.6327,1.00,3.00
2016.05.31 03:03:17.448,1.63252,1.6327,1.19,1.18
2016.05.31 03:03:17.500,1.63253,1.63271,1.25,1.55
2016.05.31 03:03:18.008,1.63253,1.63273,1.00,1.93
2016.05.31 03:03:18.515,1.63252,1.63272,1.00,1.55
2016.05.31 03:03:20.084,1.63254,1.63271,1.00,1.25
2016.05.31 03:03:20.593,1.63254,1.63273,1.00,1.12
2016.05.31 03:03:21.007,1.63256,1.63273,1.00,1.12
2016.05.31 03:03:23.302,1.63257,1.63275,1.25,1.12
2016.05.31 03:03:23.813,1.63255,1.63275,1.00,1.12
2016.05.31 03:03:29.162,1.63256,1.63273,1.00,1.10
2016.05.31 03:03:29.421,1.63256,1.63273,1.00,1.29
2016.05.31 03:03:29.853,1.63253,1.63272,1.00,1.76
2016.05.31 03:03:29.904,1.63253,1.6327,1.00,1.19
2016.05.31 03:03:30.107,1.63253,1.63272,1.00,1.69
2016.05.31 03:03:32.229,1.63251,1.63272,1.00,2.89
2016.05.31 03:03:32.808,1.6325,1.6327,1.00,2.44
2016.05.31 03:03:32.860,1.6325,1.63269,1.00,1.84
2016.05.31 03:03:33.165,1.63248,1.63269,1.00,2.96
2016.05.31 03:03:33.426,1.6325,1.63269,1.00,2.21
2016.05.31 03:03:34.087,1.63251,1.63269,1.00,1.84
2016.05.31 03:03:37.228,1.63252,1.63269,1.00,1.39
2016.05.31 03:03:37.280,1.63252,1.63272,1.00,2.89
2016.05.31 03:03:38.170,1.6325,1.63269,1.00,1.31
2016.05.31 03:03:41.203,1.6325,1.63269,1.00,2.06
2016.05.31 03:03:41.829,1.6325,1.63271,1.00,2.81
2016.05.31 03:03:42.100,1.63252,1.63271,1.00,2.06
2016.05.31 03:03:44.920,1.6325,1.6327,1.00,1.69
2016.05.31 03:03:44.987,1.63248,1.63267,1.00,1.19
2016.05.31 03:03:45.385,1.63247,1.63265,1.00,1.60
2016.05.31 03:03:45.711,1.63245,1.63265,1.00,1.60
2016.05.31 03:03:46.167,1.63245,1.63265,1.00,1.31
2016.05.31 03:03:46.827,1.63245,1.63263,1.00,1.10
2016.05.31 03:03:46.979,1.63243,1.63262,1.00,1.00
2016.05.31 03:03:47.030,1.63242,1.6326,1.00,1.19
2016.05.31 03:03:47.565,1.63241,1.6326,1.00,2.44
2016.05.31 03:03:47.920,1.63239,1.63259,1.00,1.64
2016.05.31 03:03:51.798,1.63242,1.63258,1.00,1.75
2016.05.31 03:03:52.053,1.63245,1.63262,1.00,1.69
2016.05.31 03:03:53.152,1.63245,1.63262,1.00,1.10
2016.05.31 03:03:55.166,1.63245,1.63262,1.00,1.29
2016.05.31 03:03:58.177,1.63245,1.63263,1.00,1.12
2016.05.31 03:04:00.849,1.63245,1.63263,1.00,1.57
2016.05.31 03:04:01.351,1.63246,1.63265,1.00,1.60
2016.05.31 03:04:01.706,1.63248,1.63264,1.00,1.20
2016.05.31 03:04:02.242,1.63248,1.63266,1.00,1.52
2016.05.31 03:04:02.881,1.63248,1.63263,1.00,1.00
2016.05.31 03:04:05.082,1.63248,1.63266,1.00,1.09
2016.05.31 03:04:05.320,1.63247,1.63263,1.00,1.00
2016.05.31 03:04:05.858,1.63248,1.63263,1.00,1.00
2016.05.31 03:04:06.726,1.63248,1.63266,1.00,1.84
2016.05.31 03:04:06.969,1.63246,1.63266,1.00,1.84
2016.05.31 03:04:09.066,1.63247,1.63266,1.00,1.39
2016.05.31 03:04:15.437,1.63248,1.63266,1.00,1.39
2016.05.31 03:04:20.530,1.63247,1.63267,1.00,2.87
2016.05.31 03:04:21.100,1.63248,1.63267,1.00,2.87
2016.05.31 03:04:21.741,1.63245,1.63263,1.00,1.00
2016.05.31 03:04:21.934,1.63245,1.63262,1.00,1.39
2016.05.31 03:04:21.986,1.63242,1.63262,1.00,2.19
2016.05.31 03:04:22.038,1.63242,1.63257,1.00,1.00
2016.05.31 03:04:22.191,1.6324,1.63257,1.00,1.10
2016.05.31 03:04:22.699,1.63236,1.63257,1.00,1.69
2016.05.31 03:04:24.779,1.63236,1.63257,1.00,2.06
2016.05.31 03:04:25.280,1.63236,1.63256,1.00,1.60
2016.05.31 03:04:29.508,1.63238,1.63255,1.00,1.07
2016.05.31 03:04:30.033,1.63238,1.63258,1.00,2.14
2016.05.31 03:04:30.901,1.63238,1.63258,1.00,2.14
2016.05.31 03:04:31.245,1.63241,1.63257,1.00,1.50
2016.05.31 03:04:31.830,1.63241,1.63259,1.00,1.12
2016.05.31 03:04:31.932,1.63237,1.63258,1.00,1.01
2016.05.31 03:04:32.135,1.6324,1.63257,1.00,1.76
2016.05.31 03:04:32.915,1.63241,1.63258,1.00,1.50
2016.05.31 03:04:33.271,1.63239,1.63259,1.00,1.85
2016.05.31 03:04:33.923,1.63236,1.63257,1.57,1.57
2016.05.31 03:04:33.975,1.63236,1.63255,1.10,1.12
2016.05.31 03:04:34.229,1.63233,1.63255,1.00,1.76
2016.05.31 03:04:34.331,1.63233,1.63253,1.00,1.69
2016.05.31 03:04:35.645,1.63233,1.63252,1.00,1.29
2016.05.31 03:04:35.797,1.6323,1.6325,1.00,2.06
2016.05.31 03:04:36.102,1.63232,1.63248,1.00,1.00
2016.05.31 03:04:38.356,1.63233,1.6325,1.00,1.69
2016.05.31 03:04:38.661,1.63236,1.63253,1.00,1.31
2016.05.31 03:04:39.682,1.63236,1.63254,1.00,1.94
2016.05.31 03:04:40.239,1.63238,1.63254,1.00,1.94
2016.05.31 03:04:41.941,1.63235,1.63254,1.00,1.94
2016.05.31 03:04:48.140,1.63237,1.63254,1.00,2.06
2016.05.31 03:04:51.464,1.63234,1.63253,1.00,1.20
2016.05.31 03:04:51.566,1.63232,1.63253,1.00,1.57
2016.05.31 03:04:51.618,1.63232,1.63252,1.00,1.65
2016.05.31 03:04:51.923,1.63232,1.6325,1.00,1.12
2016.05.31 03:04:53.221,1.63235,1.6325,1.00,1.12
2016.05.31 03:04:53.324,1.63235,1.63252,1.00,1.50
2016.05.31 03:04:53.426,1.63235,1.63253,1.00,1.12
2016.05.31 03:04:54.945,1.63237,1.63254,1.00,1.12
2016.05.31 03:04:55.483,1.63238,1.63257,1.00,1.87
2016.05.31 03:04:55.534,1.63238,1.63257,1.00,1.87
2016.05.31 03:04:56.354,1.63238,1.63256,1.00,1.20
2016.05.31 03:05:00.839,1.6324,1.63255,1.00,1.18
2016.05.31 03:05:00.890,1.6324,1.63257,1.00,1.63
2016.05.31 03:05:01.848,1.63241,1.63257,1.00,1.57
2016.05.31 03:05:02.002,1.63241,1.63257,1.00,1.10
2016.05.31 03:05:02.330,1.63243,1.63257,1.00,1.10
2016.05.31 03:05:04.104,1.63245,1.6326,1.00,1.12
2016.05.31 03:05:04.409,1.63247,1.63262,1.00,1.18
2016.05.31 03:05:04.460,1.63245,1.63262,1.00,1.18
2016.05.31 03:05:06.141,1.63246,1.63262,1.19,1.12
2016.05.31 03:05:06.447,1.63254,1.63266,1.00,1.75
2016.05.31 03:05:06.498,1.63252,1.63266,1.50,1.75
2016.05.31 03:05:06.600,1.63249,1.63266,1.00,1.75
2016.05.31 03:05:07.444,1.63251,1.63266,1.00,1.75
2016.05.31 03:05:07.749,1.63251,1.63268,1.00,1.12
2016.05.31 03:05:08.308,1.63251,1.63271,1.00,1.37
2016.05.31 03:05:08.495,1.63257,1.63271,1.00,1.37
2016.05.31 03:05:08.879,1.6326,1.63278,1.00,1.75
2016.05.31 03:05:11.892,1.63255,1.63278,3.00,2.25
2016.05.31 03:05:12.311,1.63258,1.63278,1.00,1.50
2016.05.31 03:05:12.362,1.63258,1.63278,1.00,1.00
2016.05.31 03:05:17.029,1.63255,1.63278,2.25,1.00
2016.05.31 03:05:19.133,1.63255,1.63278,3.75,1.12
2016.05.31 03:05:19.699,1.63258,1.63278,1.00,1.87
2016.05.31 03:05:21.492,1.63258,1.63278,1.00,1.00
2016.05.31 03:05:24.470,1.63257,1.63278,1.00,1.00
2016.05.31 03:05:28.325,1.63254,1.63275,2.06,1.00
2016.05.31 03:05:28.528,1.63253,1.63275,1.19,1.10
2016.05.31 03:05:28.732,1.63252,1.63273,1.29,1.00
2016.05.31 03:05:34.181,1.63252,1.63273,1.00,1.39
2016.05.31 03:05:35.535,1.63252,1.63273,1.00,1.39
2016.05.31 03:05:35.851,1.63247,1.63268,1.10,1.29
2016.05.31 03:05:36.157,1.63247,1.63265,1.00,1.19
2016.05.31 03:05:41.601,1.63244,1.63265,3.07,1.19
2016.05.31 03:05:42.591,1.63244,1.63264,1.20,1.19
2016.05.31 03:05:42.896,1.63244,1.63261,1.00,1.19
2016.05.31 03:05:43.441,1.63242,1.63261,1.20,1.19
2016.05.31 03:05:43.695,1.63239,1.6326,1.87,1.19
2016.05.31 03:05:43.797,1.63239,1.63256,1.87,1.19
2016.05.31 03:05:47.342,1.63237,1.63256,1.10,1.19
2016.05.31 03:05:47.853,1.63238,1.63256,1.10,1.19
2016.05.31 03:05:50.777,1.63237,1.63256,1.12,1.19
2016.05.31 03:05:53.521,1.63237,1.63256,1.20,1.19
2016.05.31 03:05:56.094,1.63238,1.63256,1.20,1.19
2016.05.31 03:05:56.321,1.6324,1.6326,1.00,3.19
2016.05.31 03:05:56.474,1.6324,1.6326,1.87,1.76
2016.05.31 03:05:59.625,1.6324,1.63256,1.87,1.19
2016.05.31 03:05:59.778,1.63238,1.63256,1.57,1.19
2016.05.31 03:06:02.059,1.63238,1.63256,1.10,1.29
2016.05.31 03:06:11.027,1.63239,1.63256,1.37,1.29
2016.05.31 03:06:11.079,1.63239,1.63259,1.50,1.31
2016.05.31 03:06:12.193,1.6324,1.63259,2.70,1.19
2016.05.31 03:06:13.060,1.63242,1.63259,1.00,1.19
2016.05.31 03:06:13.162,1.63243,1.63262,1.10,2.06
2016.05.31 03:06:13.317,1.63246,1.63262,1.37,1.31
2016.05.31 03:06:13.419,1.63248,1.63266,1.20,1.19
2016.05.31 03:06:13.589,1.6325,1.63271,1.12,2.14
2016.05.31 03:06:13.640,1.6325,1.63266,1.50,1.19
2016.05.31 03:06:14.162,1.63249,1.63266,1.07,1.19
2016.05.31 03:06:14.481,1.63254,1.63266,1.00,1.19
2016.05.31 03:06:17.119,1.63254,1.63271,1.00,1.19
2016.05.31 03:06:18.044,1.63255,1.63271,1.00,1.19
2016.05.31 03:06:18.571,1.63256,1.63271,1.00,1.19
2016.05.31 03:06:18.723,1.63258,1.63271,1.00,1.19
2016.05.31 03:06:21.432,1.63258,1.63276,1.00,1.19
2016.05.31 03:06:22.076,1.63261,1.63276,1.00,1.19
2016.05.31 03:06:26.485,1.63261,1.63281,1.00,1.39
2016.05.31 03:06:26.638,1.63263,1.63281,1.00,1.39
2016.05.31 03:06:27.985,1.63267,1.63281,1.00,1.39
2016.05.31 03:06:28.036,1.63269,1.63282,1.00,1.25
2016.05.31 03:06:28.139,1.63267,1.63283,1.00,1.19
2016.05.31 03:06:30.430,1.63266,1.63283,1.10,1.69
2016.05.31 03:06:30.789,1.63266,1.6328,1.10,1.19
2016.05.31 03:06:31.095,1.63263,1.6328,1.12,1.19
2016.05.31 03:06:32.992,1.63263,1.6328,1.10,1.19
2016.05.31 03:06:33.423,1.63259,1.63277,1.00,1.19
2016.05.31 03:06:33.932,1.63259,1.63277,1.12,1.19
2016.05.31 03:06:34.445,1.63261,1.63277,1.00,1.19
2016.05.31 03:06:36.381,1.63261,1.63277,1.20,1.19
2016.05.31 03:06:36.888,1.63261,1.63277,1.00,1.19
2016.05.31 03:06:39.314,1.6326,1.63277,1.00,1.19
2016.05.31 03:06:41.731,1.63262,1.63277,1.00,1.19
2016.05.31 03:06:41.783,1.63262,1.63281,1.10,1.29
2016.05.31 03:06:42.411,1.63262,1.63282,1.10,1.95
2016.05.31 03:06:42.938,1.63263,1.63282,1.00,1.20
2016.05.31 03:06:45.017,1.63262,1.63282,1.10,2.14
2016.05.31 03:06:45.068,1.63262,1.63281,1.00,1.01
2016.05.31 03:06:45.374,1.63262,1.63277,1.00,1.00
2016.05.31 03:06:45.920,1.63262,1.63281,1.00,1.01
2016.05.31 03:06:46.022,1.63262,1.63277,1.00,1.00
2016.05.31 03:06:46.074,1.63262,1.63281,1.00,1.01
2016.05.31 03:06:46.126,1.63264,1.63281,1.00,1.01
2016.05.31 03:06:46.380,1.63266,1.63282,1.00,1.12
2016.05.31 03:06:46.766,1.63266,1.63285,1.00,1.31
2016.05.31 03:06:46.817,1.63262,1.63282,1.87,1.00
2016.05.31 03:06:46.970,1.63262,1.63282,1.10,1.31
2016.05.31 03:06:47.529,1.63261,1.63282,1.10,2.81
2016.05.31 03:06:47.833,1.6326,1.6328,1.00,2.44
2016.05.31 03:06:49.535,1.63262,1.6328,1.00,2.00
2016.05.31 03:06:49.688,1.63273,1.63294,1.00,1.50
2016.05.31 03:06:49.790,1.63274,1.63294,1.12,1.12
2016.05.31 03:06:50.025,1.63281,1.63301,1.00,1.31
2016.05.31 03:06:53.657,1.63282,1.63301,1.00,1.31
2016.05.31 03:06:54.064,1.63284,1.63303,1.00,1.69
2016.05.31 03:06:54.844,1.63284,1.63303,1.10,1.25
2016.05.31 03:06:55.872,1.63287,1.63303,1.00,1.00
2016.05.31 03:06:55.923,1.63288,1.63306,1.00,1.07
2016.05.31 03:06:56.228,1.6329,1.6331,1.00,2.51
2016.05.31 03:06:56.330,1.63292,1.63312,1.00,2.14
2016.05.31 03:06:56.432,1.63292,1.63308,1.00,1.00
2016.05.31 03:06:56.586,1.63292,1.63312,1.10,1.20
2016.05.31 03:06:56.638,1.63293,1.63312,1.87,1.12
2016.05.31 03:06:57.095,1.63296,1.63313,1.20,1.37
2016.05.31 03:06:57.451,1.63294,1.63312,2.25,1.00
2016.05.31 03:06:57.603,1.63293,1.63312,1.00,1.57
2016.05.31 03:06:58.024,1.63293,1.63308,1.00,1.12
2016.05.31 03:06:58.278,1.63291,1.63307,1.87,1.12
2016.05.31 03:06:59.228,1.63289,1.63307,1.00,1.12
2016.05.31 03:06:59.580,1.63288,1.63304,1.00,1.12
2016.05.31 03:07:01.095,1.63294,1.63304,1.12,1.12
2016.05.31 03:07:01.147,1.63294,1.63309,1.31,1.12
2016.05.31 03:07:01.249,1.63295,1.6331,1.00,1.75
2016.05.31 03:07:01.403,1.63295,1.63309,2.25,1.12
2016.05.31 03:07:01.507,1.63294,1.6331,1.50,1.12
2016.05.31 03:07:02.016,1.63294,1.63309,1.50,1.12
2016.05.31 03:07:05.892,1.63294,1.63311,1.00,1.20
2016.05.31 03:07:11.914,1.63293,1.63315,1.19,1.75
2016.05.31 03:07:12.016,1.63294,1.63312,1.00,1.12
2016.05.31 03:07:13.557,1.63294,1.63313,1.00,1.12
2016.05.31 03:07:13.889,1.63295,1.63315,1.00,1.12
2016.05.31 03:07:14.398,1.63296,1.63315,1.00,1.12
2016.05.31 03:07:16.373,1.63292,1.63314,3.19,1.20
2016.05.31 03:07:16.593,1.63289,1.6331,1.50,1.20
2016.05.31 03:07:17.097,1.63288,1.6331,2.62,1.07
2016.05.31 03:07:18.699,1.63293,1.63311,1.00,1.50
2016.05.31 03:07:19.008,1.63294,1.63315,1.19,1.57
2016.05.31 03:07:19.059,1.63292,1.63314,1.84,1.37
2016.05.31 03:07:19.863,1.63291,1.63312,1.31,1.12
2016.05.31 03:07:20.008,1.6329,1.63311,1.39,1.50
2016.05.31 03:07:20.069,1.6329,1.63311,1.10,1.87
2016.05.31 03:07:21.939,1.6329,1.63311,1.29,1.50
2016.05.31 03:07:22.244,1.63299,1.63314,1.00,1.12
2016.05.31 03:07:22.711,1.63305,1.63315,1.00,1.12
2016.05.31 03:07:22.814,1.63305,1.63319,1.00,1.47
2016.05.31 03:07:25.473,1.633,1.63319,1.00,1.20
2016.05.31 03:07:25.575,1.633,1.63314,1.00,1.37
2016.05.31 03:07:25.627,1.63298,1.63314,1.00,1.37
2016.05.31 03:07:25.678,1.63298,1.63313,1.00,1.12
2016.05.31 03:07:25.938,1.63291,1.63312,1.29,1.95
2016.05.31 03:07:25.989,1.6329,1.63306,1.00,1.12
2016.05.31 03:07:26.040,1.63287,1.63306,1.31,1.12
2016.05.31 03:07:26.091,1.63287,1.63304,1.25,1.75
2016.05.31 03:07:26.639,1.63287,1.63303,1.00,1.12
2016.05.31 03:07:27.940,1.63287,1.63302,1.00,1.12
2016.05.31 03:07:28.244,1.63287,1.63301,1.00,1.12
2016.05.31 03:07:30.402,1.63285,1.63301,1.00,1.12
2016.05.31 03:07:30.557,1.6328,1.633,1.25,2.25
2016.05.31 03:07:30.609,1.6328,1.63294,1.00,1.12
2016.05.31 03:07:30.660,1.63278,1.63294,1.00,1.12
2016.05.31 03:07:30.711,1.63278,1.63292,1.00,1.12
2016.05.31 03:07:30.814,1.63276,1.63292,1.25,1.12
2016.05.31 03:07:31.474,1.63274,1.63292,1.00,1.87
2016.05.31 03:07:31.525,1.63276,1.63292,1.00,1.87
2016.05.31 03:07:32.935,1.63276,1.63293,1.00,1.87
2016.05.31 03:07:36.956,1.63273,1.63293,1.19,1.87
2016.05.31 03:07:37.463,1.63273,1.63292,1.00,1.12
2016.05.31 03:07:40.351,1.63273,1.63292,1.00,2.62
2016.05.31 03:07:40.503,1.6327,1.6329,1.00,1.12
2016.05.31 03:07:40.555,1.6327,1.63287,1.00,1.00
2016.05.31 03:07:43.103,1.63268,1.63288,1.00,1.95
2016.05.31 03:07:43.255,1.63268,1.63285,1.00,1.50
2016.05.31 03:07:43.622,1.63266,1.63284,1.00,1.12
2016.05.31 03:07:45.549,1.63266,1.63283,1.00,1.87
2016.05.31 03:07:47.456,1.63264,1.63283,1.00,3.37
2016.05.31 03:07:50.068,1.63265,1.63282,1.00,1.50
2016.05.31 03:07:50.802,1.63269,1.63282,1.00,1.50
2016.05.31 03:07:50.989,1.63272,1.63288,1.00,1.57
2016.05.31 03:07:55.125,1.63273,1.6329,1.00,1.75
2016.05.31 03:07:55.176,1.63273,1.6329,1.00,1.10
2016.05.31 03:07:55.684,1.63274,1.63292,1.00,1.50
2016.05.31 03:07:56.278,1.63275,1.63291,1.00,1.20
2016.05.31 03:07:58.975,1.63275,1.63291,1.00,1.87
2016.05.31 03:07:59.485,1.63275,1.6329,1.00,1.12
2016.05.31 03:07:59.639,1.63277,1.63292,1.00,1.87
2016.05.31 03:07:59.741,1.63275,1.63292,1.00,1.87
2016.05.31 03:07:59.996,1.63273,1.6329,1.00,1.12
2016.05.31 03:08:00.199,1.63275,1.6329,1.00,1.12
2016.05.31 03:08:00.869,1.63275,1.63292,1.00,1.10
2016.05.31 03:08:00.920,1.63277,1.63292,1.00,1.10
2016.05.31 03:08:01.074,1.63281,1.633,1.00,1.87
2016.05.31 03:08:01.227,1.63281,1.63301,1.00,1.12
2016.05.31 03:08:01.329,1.63284,1.63302,1.00,1.20
2016.05.31 03:08:03.217,1.63284,1.63303,1.00,1.95
2016.05.31 03:08:09.919,1.63286,1.63303,1.00,1.20
2016.05.31 03:08:10.975,1.63282,1.63303,1.25,1.57
2016.05.31 03:08:11.128,1.63282,1.63302,1.25,1.57
2016.05.31 03:08:11.432,1.63281,1.633,1.00,2.25
2016.05.31 03:08:12.152,1.63279,1.63299,1.37,1.12
2016.05.31 03:08:12.255,1.63277,1.63297,1.00,2.25
2016.05.31 03:08:12.306,1.63277,1.63295,1.00,1.12
2016.05.31 03:08:12.830,1.63276,1.63295,1.00,1.12
2016.05.31 03:08:14.300,1.6328,1.63295,1.00,1.12
2016.05.31 03:08:14.404,1.6328,1.63297,1.00,1.10
2016.05.31 03:08:14.456,1.63282,1.63299,1.00,1.85
2016.05.31 03:08:14.659,1.63282,1.63302,1.00,1.50
2016.05.31 03:08:15.863,1.63284,1.63303,1.00,2.62
2016.05.31 03:08:16.441,1.63284,1.63304,1.00,1.95
2016.05.31 03:08:16.964,1.63285,1.63304,1.00,1.47
2016.05.31 03:08:19.987,1.63286,1.63304,1.00,1.47
2016.05.31 03:08:20.140,1.63286,1.63306,1.00,2.25
2016.05.31 03:08:20.241,1.6329,1.63308,1.00,1.45
2016.05.31 03:08:20.546,1.63294,1.6331,1.00,1.12
2016.05.31 03:08:21.685,1.63296,1.6331,1.00,1.12
2016.05.31 03:08:21.787,1.63296,1.63312,1.00,1.12
2016.05.31 03:08:21.940,1.63299,1.63312,1.00,1.12
2016.05.31 03:08:22.101,1.63299,1.63316,1.00,1.87
2016.05.31 03:08:22.152,1.63302,1.63316,1.00,1.12
2016.05.31 03:08:22.204,1.63303,1.63319,1.00,1.75
2016.05.31 03:08:22.256,1.63307,1.63319,1.00,1.75
2016.05.31 03:08:22.308,1.63307,1.63323,1.00,1.87
2016.05.31 03:08:22.359,1.63305,1.63323,1.00,1.75
2016.05.31 03:08:22.411,1.63305,1.63322,1.00,1.12
2016.05.31 03:08:22.666,1.63306,1.63326,1.19,1.12
2016.05.31 03:08:22.769,1.63306,1.63325,1.00,1.75
2016.05.31 03:08:25.218,1.63309,1.63327,1.00,1.75
2016.05.31 03:08:25.523,1.63312,1.63328,1.00,1.75
2016.05.31 03:08:25.929,1.63313,1.63328,1.00,1.20
2016.05.31 03:08:26.454,1.63314,1.6333,1.00,1.75
2016.05.31 03:08:28.360,1.63318,1.6333,1.00,1.12
2016.05.31 03:08:28.613,1.6332,1.63333,1.00,1.12
2016.05.31 03:08:28.716,1.6332,1.63336,1.00,1.75
2016.05.31 03:08:29.329,1.63314,1.63332,1.31,1.00
2016.05.31 03:08:30.099,1.63314,1.63327,1.31,1.00
2016.05.31 03:08:30.391,1.63307,1.6332,1.39,1.00
2016.05.31 03:08:30.442,1.63307,1.6332,1.25,1.00
2016.05.31 03:08:33.980,1.63302,1.63323,1.46,1.20
2016.05.31 03:08:34.083,1.63304,1.63323,2.81,1.00
2016.05.31 03:08:34.134,1.63305,1.63325,1.64,1.00
2016.05.31 03:08:34.642,1.6331,1.63325,1.19,1.00
2016.05.31 03:08:34.965,1.6331,1.63327,1.19,1.00
2016.05.31 03:08:36.394,1.6331,1.63328,1.19,1.00
2016.05.31 03:08:36.919,1.63312,1.63327,1.19,1.00
2016.05.31 03:08:39.299,1.63312,1.63331,1.19,1.00
2016.05.31 03:08:39.452,1.63316,1.63332,1.00,1.10
2016.05.31 03:08:40.000,1.63314,1.63333,1.25,1.20
2016.05.31 03:08:40.305,1.63316,1.63333,1.00,1.20
2016.05.31 03:08:40.675,1.63319,1.63333,1.00,1.20
2016.05.31 03:08:41.420,1.63316,1.63333,1.00,1.20
2016.05.31 03:08:42.161,1.63319,1.63333,1.00,1.20
2016.05.31 03:08:42.466,1.63316,1.63333,1.00,1.10
2016.05.31 03:08:42.568,1.63312,1.63332,1.69,1.00
2016.05.31 03:08:42.670,1.63312,1.63332,1.69,2.62
2016.05.31 03:08:48.609,1.63312,1.63331,1.19,1.45
2016.05.31 03:08:55.247,1.63317,1.63331,1.00,1.45
2016.05.31 03:08:55.553,1.63318,1.63331,1.19,1.12
2016.05.31 03:08:55.858,1.63316,1.63331,1.19,1.12
2016.05.31 03:09:14.976,1.63314,1.63331,1.19,1.50
2016.05.31 03:09:15.483,1.63311,1.6333,1.69,1.20
2016.05.31 03:09:15.534,1.63311,1.63327,1.69,1.00
2016.05.31 03:09:19.619,1.63311,1.63327,1.19,1.10
2016.05.31 03:09:20.205,1.63311,1.63329,1.19,1.87
2016.05.31 03:09:20.408,1.63311,1.63326,1.00,1.50
2016.05.31 03:09:21.895,1.63308,1.63325,1.19,1.07
2016.05.31 03:09:22.149,1.63307,1.63325,1.00,1.20
2016.05.31 03:09:22.657,1.63308,1.63325,1.00,1.45
2016.05.31 03:09:25.201,1.63305,1.63325,1.19,1.95
2016.05.31 03:09:25.709,1.63305,1.63322,1.00,1.12
2016.05.31 03:09:26.327,1.63307,1.63323,1.00,1.87
2016.05.31 03:09:26.581,1.63307,1.63325,1.00,1.12
2016.05.31 03:09:27.461,1.63306,1.63325,1.00,1.87
2016.05.31 03:09:27.984,1.63306,1.63323,1.00,1.07
2016.05.31 03:09:28.381,1.63308,1.63323,1.00,1.07
2016.05.31 03:09:28.776,1.63303,1.63323,1.31,1.20
2016.05.31 03:09:31.977,1.63303,1.63323,1.39,1.00
2016.05.31 03:09:32.959,1.63303,1.63325,2.14,1.57
2016.05.31 03:09:33.488,1.63303,1.63325,2.14,1.57
2016.05.31 03:09:35.503,1.63303,1.63325,2.14,1.57
2016.05.31 03:09:37.914,1.63308,1.63325,1.00,1.20
2016.05.31 03:09:39.766,1.63308,1.63327,1.19,1.85
2016.05.31 03:09:39.919,1.63311,1.63328,1.00,1.07
2016.05.31 03:09:45.415,1.63312,1.63328,1.00,1.07
2016.05.31 03:09:45.466,1.63316,1.6333,1.00,1.12
2016.05.31 03:09:45.519,1.63316,1.63331,1.00,1.75
2016.05.31 03:09:45.621,1.63316,1.63333,1.00,1.12
2016.05.31 03:09:46.153,1.63317,1.63334,1.00,2.25
2016.05.31 03:09:46.458,1.63314,1.63334,1.69,1.87
2016.05.31 03:09:46.712,1.63316,1.63331,1.00,1.20
2016.05.31 03:09:46.815,1.63316,1.63334,1.00,1.20
2016.05.31 03:09:46.917,1.63318,1.63335,1.00,1.85
2016.05.31 03:09:47.534,1.63318,1.63334,1.00,1.50
2016.05.31 03:09:48.384,1.63315,1.63333,1.00,1.57
2016.05.31 03:09:48.486,1.63312,1.63333,1.29,1.82
2016.05.31 03:09:48.588,1.63312,1.63332,1.00,1.20
2016.05.31 03:09:50.246,1.63312,1.63331,1.00,1.10
2016.05.31 03:09:50.398,1.63315,1.63333,1.00,1.87
2016.05.31 03:09:50.703,1.63317,1.63334,1.00,1.50
2016.05.31 03:09:52.547,1.63319,1.63335,1.00,2.25
2016.05.31 03:09:52.895,1.63316,1.63335,1.00,2.25
2016.05.31 03:09:53.071,1.63312,1.63334,1.20,1.47
2016.05.31 03:09:53.579,1.63312,1.63333,1.00,1.20
2016.05.31 03:09:54.102,1.63312,1.63332,1.00,1.57
2016.05.31 03:09:54.608,1.63311,1.63332,1.00,2.70
2016.05.31 03:09:56.592,1.63311,1.63331,1.00,1.47
2016.05.31 03:09:57.201,1.63311,1.6333,1.00,1.50
2016.05.31 03:09:57.511,1.63309,1.6333,1.10,1.12
2016.05.31 03:09:58.369,1.63309,1.63331,1.10,2.32
2016.05.31 03:09:58.879,1.63308,1.63328,1.76,1.27
2016.05.31 03:09:59.083,1.63307,1.63327,1.29,1.57
2016.05.31 03:10:00.064,1.63308,1.63327,1.25,1.10
2016.05.31 03:10:00.677,1.63307,1.63327,1.29,1.57
2016.05.31 03:10:01.396,1.63305,1.63326,1.29,1.87
2016.05.31 03:10:02.071,1.63305,1.63326,1.29,1.87
2016.05.31 03:10:04.314,1.63304,1.63321,1.31,1.00
2016.05.31 03:10:04.416,1.63299,1.63321,1.76,1.87
2016.05.31 03:10:04.949,1.63299,1.6332,1.29,1.20
2016.05.31 03:10:06.325,1.63302,1.63321,1.19,1.07
2016.05.31 03:10:08.904,1.63304,1.63323,1.00,1.20
2016.05.31 03:10:09.007,1.63304,1.63323,1.19,1.12
2016.05.31 03:10:09.538,1.63304,1.63323,1.29,1.00
2016.05.31 03:10:13.076,1.63305,1.63323,1.19,1.00
2016.05.31 03:10:13.599,1.63305,1.63325,1.19,1.12
2016.05.31 03:10:15.304,1.63305,1.63325,1.19,1.12
2016.05.31 03:10:15.457,1.63304,1.63323,1.29,1.37
2016.05.31 03:10:15.611,1.63302,1.63322,1.76,1.85
2016.05.31 03:10:16.304,1.633,1.6332,1.39,1.37
2016.05.31 03:10:18.009,1.633,1.6332,1.39,1.00
2016.05.31 03:10:18.467,1.633,1.6332,1.39,1.50
2016.05.31 03:10:19.121,1.633,1.6332,1.39,1.12
2016.05.31 03:10:19.682,1.633,1.6332,1.39,1.12
2016.05.31 03:10:21.343,1.633,1.63321,1.84,1.65
2016.05.31 03:10:26.068,1.633,1.63321,1.39,2.40
2016.05.31 03:10:26.119,1.63299,1.63319,3.19,1.00
2016.05.31 03:10:29.369,1.63301,1.6332,1.19,1.12
2016.05.31 03:10:30.174,1.63299,1.63319,2.44,1.00
2016.05.31 03:10:31.086,1.63299,1.63319,2.14,1.47
2016.05.31 03:10:31.779,1.63299,1.63318,2.06,1.07
2016.05.31 03:10:32.441,1.63299,1.63318,1.19,1.95
2016.05.31 03:10:34.039,1.63299,1.63314,1.19,1.00
2016.05.31 03:10:34.090,1.63295,1.63314,2.09,1.12
2016.05.31 03:10:34.548,1.63297,1.63315,1.37,1.07
2016.05.31 03:10:34.702,1.633,1.63319,1.19,1.20
2016.05.31 03:10:34.754,1.633,1.63319,1.19,1.20
2016.05.31 03:10:35.039,1.63302,1.6332,1.19,1.00
2016.05.31 03:10:35.547,1.63302,1.63322,1.19,1.50
2016.05.31 03:10:37.754,1.63302,1.63322,1.39,1.10
2016.05.31 03:10:38.506,1.63304,1.63323,1.19,1.20
2016.05.31 03:10:40.068,1.63303,1.63322,1.19,1.57
2016.05.31 03:10:40.181,1.633,1.6332,1.31,1.47
2016.05.31 03:10:40.689,1.633,1.6332,1.19,1.87
2016.05.31 03:10:41.401,1.633,1.63317,1.19,1.00
2016.05.31 03:10:43.106,1.633,1.63317,1.25,1.00
2016.05.31 03:10:43.620,1.633,1.6332,1.25,1.87
2016.05.31 03:10:44.124,1.633,1.6332,1.25,1.12
2016.05.31 03:10:44.379,1.63302,1.63321,1.00,1.57
2016.05.31 03:10:46.537,1.63299,1.63321,1.29,1.57
2016.05.31 03:10:47.045,1.63299,1.63321,1.10,3.07
2016.05.31 03:10:49.084,1.63301,1.63321,1.00,1.47
2016.05.31 03:10:49.591,1.63302,1.63323,1.50,1.12
2016.05.31 03:10:49.924,1.63305,1.63325,1.00,1.87
2016.05.31 03:10:49.975,1.63305,1.63325,1.00,1.87
2016.05.31 03:10:55.113,1.63306,1.63325,1.00,1.12
2016.05.31 03:10:58.127,1.63307,1.63327,1.00,1.50
2016.05.31 03:11:00.430,1.63307,1.63327,1.00,1.12
2016.05.31 03:11:02.133,1.63307,1.63327,1.00,1.82
2016.05.31 03:11:02.489,1.63307,1.63327,1.19,1.50
2016.05.31 03:11:03.622,1.63311,1.63327,1.00,1.50
2016.05.31 03:11:03.775,1.63312,1.63331,1.19,1.12
2016.05.31 03:11:03.979,1.63316,1.63333,1.00,1.12
2016.05.31 03:11:05.158,1.63318,1.63333,1.00,1.12
2016.05.31 03:11:05.310,1.63319,1.63336,1.25,1.75
2016.05.31 03:11:05.413,1.63319,1.63338,1.19,1.50
2016.05.31 03:11:06.022,1.63319,1.63338,1.00,1.12
2016.05.31 03:11:08.436,1.63321,1.63337,1.00,1.07
2016.05.31 03:11:08.487,1.63319,1.63338,1.25,1.12
2016.05.31 03:11:08.893,1.63317,1.63338,1.31,1.95
2016.05.31 03:11:09.432,1.63317,1.63338,1.31,1.95
2016.05.31 03:11:09.992,1.63317,1.63338,1.25,1.95
2016.05.31 03:11:10.609,1.63317,1.63338,1.25,1.57
2016.05.31 03:11:11.981,1.63319,1.63339,1.00,3.37
2016.05.31 03:11:12.383,1.63321,1.6334,1.00,2.25
2016.05.31 03:11:12.641,1.63323,1.63342,1.29,1.10
2016.05.31 03:11:13.150,1.63322,1.63341,1.19,1.10
2016.05.31 03:11:13.555,1.63322,1.63339,1.19,1.00
2016.05.31 03:11:13.810,1.63313,1.63333,2.06,1.00
2016.05.31 03:11:14.315,1.63312,1.6333,1.29,1.00
2016.05.31 03:11:14.823,1.63312,1.63331,1.69,1.00
2016.05.31 03:11:15.344,1.63312,1.6333,1.19,1.00
2016.05.31 03:11:15.934,1.6331,1.6333,1.76,1.12
2016.05.31 03:11:16.087,1.63309,1.63328,1.66,1.00
2016.05.31 03:11:18.105,1.63313,1.6333,1.31,1.12
2016.05.31 03:11:18.258,1.63313,1.63332,1.69,1.00
2016.05.31 03:11:18.310,1.63315,1.63332,1.69,1.00
2016.05.31 03:11:18.411,1.63317,1.63336,1.39,1.37
2016.05.31 03:11:18.919,1.63317,1.63337,1.94,1.75
2016.05.31 03:11:19.224,1.63316,1.63336,1.69,1.00
2016.05.31 03:11:19.546,1.63324,1.63339,1.69,1.57
2016.05.31 03:11:19.598,1.63324,1.63339,1.69,1.20
2016.05.31 03:11:19.700,1.63329,1.63346,1.00,1.50
2016.05.31 03:11:19.752,1.63329,1.63346,1.19,1.87
2016.05.31 03:11:19.804,1.63331,1.63346,1.19,1.12
2016.05.31 03:11:20.316,1.63327,1.63347,2.14,1.12
2016.05.31 03:11:20.539,1.63327,1.63349,2.14,1.87
2016.05.31 03:11:21.049,1.63327,1.63349,2.89,1.87
2016.05.31 03:11:24.452,1.63327,1.63348,2.14,1.10
2016.05.31 03:11:24.554,1.63327,1.63349,2.14,1.87
2016.05.31 03:11:26.698,1.63335,1.63349,1.19,1.12
2016.05.31 03:11:26.749,1.63335,1.6335,1.19,2.32
2016.05.31 03:11:26.801,1.6333,1.6335,1.56,2.25
2016.05.31 03:11:26.852,1.6333,1.6335,1.66,1.20
2016.05.31 03:11:26.903,1.63329,1.63347,1.31,1.00
2016.05.31 03:11:27.231,1.63328,1.63345,1.56,1.00
2016.05.31 03:11:27.738,1.63328,1.63346,1.56,1.10
2016.05.31 03:11:28.246,1.63326,1.63345,2.06,1.00
2016.05.31 03:11:30.753,1.63326,1.63346,1.12,1.57
2016.05.31 03:11:31.102,1.63329,1.63347,1.00,1.87
2016.05.31 03:11:31.255,1.63329,1.63349,1.50,1.00
2016.05.31 03:11:37.321,1.63328,1.63348,1.87,1.00
2016.05.31 03:11:37.855,1.63328,1.63347,1.07,1.00
2016.05.31 03:11:41.967,1.63328,1.63348,1.07,1.50
2016.05.31 03:11:42.069,1.63328,1.63347,1.07,1.37
2016.05.31 03:11:42.577,1.63326,1.63347,1.20,1.10
2016.05.31 03:11:54.699,1.63328,1.63347,1.07,1.00
2016.05.31 03:12:01.154,1.63327,1.63347,1.87,1.37
2016.05.31 03:12:01.523,1.63327,1.63342,1.12,1.50
2016.05.31 03:12:01.574,1.63325,1.6334,1.12,1.12
2016.05.31 03:12:02.082,1.63321,1.6334,1.95,1.12
2016.05.31 03:12:02.133,1.63321,1.6334,1.57,1.12
2016.05.31 03:12:02.591,1.63323,1.6334,1.12,1.00
2016.05.31 03:12:03.100,1.63323,1.63337,1.12,1.00
2016.05.31 03:12:03.288,1.63317,1.63334,1.47,1.00
2016.05.31 03:12:03.748,1.63317,1.63336,1.75,1.00
2016.05.31 03:12:03.850,1.63317,1.63338,2.25,1.25
2016.05.31 03:12:04.054,1.63319,1.63337,1.12,1.12
2016.05.31 03:12:09.443,1.63319,1.63335,1.12,1.00
2016.05.31 03:12:13.838,1.63316,1.63335,1.12,1.00
2016.05.31 03:12:16.909,1.63321,1.63341,1.00,3.63
2016.05.31 03:12:20.521,1.63319,1.6334,1.10,1.31
2016.05.31 03:12:20.573,1.63317,1.63339,1.50,2.59
2016.05.31 03:12:20.737,1.63316,1.63334,1.00,1.69
2016.05.31 03:12:21.264,1.63317,1.63334,1.00,1.31
2016.05.31 03:12:25.188,1.63317,1.63334,1.00,1.60
2016.05.31 03:12:25.695,1.63317,1.63333,1.00,1.12
2016.05.31 03:12:26.243,1.63318,1.63333,1.00,1.12
2016.05.31 03:12:29.463,1.63319,1.63333,1.00,1.12
2016.05.31 03:12:29.565,1.63319,1.63335,1.00,1.12
2016.05.31 03:12:29.667,1.63321,1.63336,1.00,1.07
2016.05.31 03:12:29.972,1.63322,1.6334,1.00,1.69
2016.05.31 03:12:30.328,1.63322,1.63338,1.00,1.01
2016.05.31 03:12:30.861,1.63325,1.63341,1.00,1.50
2016.05.31 03:12:30.963,1.63325,1.63341,1.00,1.07
2016.05.31 03:12:31.116,1.63324,1.63342,1.00,1.87
2016.05.31 03:12:31.268,1.63321,1.63339,1.00,1.60
2016.05.31 03:12:34.827,1.63324,1.63339,1.00,2.06
2016.05.31 03:12:35.334,1.63325,1.6334,1.00,1.69
2016.05.31 03:12:36.915,1.63324,1.6334,1.00,1.31
2016.05.31 03:12:37.862,1.63321,1.63339,1.00,1.69
2016.05.31 03:12:38.217,1.63321,1.63337,1.00,1.50
2016.05.31 03:12:39.031,1.63321,1.63337,1.00,1.32
2016.05.31 03:12:41.460,1.63323,1.63338,1.00,1.69
2016.05.31 03:12:41.715,1.63326,1.63342,1.00,1.64
2016.05.31 03:12:42.222,1.63326,1.6334,1.00,1.60
2016.05.31 03:12:42.376,1.63324,1.6334,1.00,1.60
2016.05.31 03:12:46.622,1.63325,1.6334,1.00,1.69
2016.05.31 03:12:47.066,1.6333,1.63342,1.00,2.06
2016.05.31 03:12:47.473,1.6333,1.63344,1.00,1.32
2016.05.31 03:12:47.974,1.6333,1.63346,1.00,1.31
2016.05.31 03:12:51.163,1.63331,1.63346,1.00,1.64
2016.05.31 03:12:51.521,1.63333,1.63348,1.00,2.06
2016.05.31 03:12:51.826,1.63335,1.6335,1.00,1.01
2016.05.31 03:12:51.877,1.63335,1.6335,1.00,1.01
2016.05.31 03:12:51.929,1.63337,1.6335,1.00,1.01
2016.05.31 03:12:52.437,1.63337,1.63353,1.00,2.44
2016.05.31 03:12:54.097,1.63334,1.63353,1.00,1.69
2016.05.31 03:12:54.148,1.63337,1.63352,1.00,1.76
2016.05.31 03:12:54.200,1.63334,1.63352,1.00,1.76
2016.05.31 03:12:54.251,1.63332,1.6335,1.00,1.94
2016.05.31 03:12:54.579,1.63334,1.6335,1.00,1.12
2016.05.31 03:12:55.101,1.63335,1.63353,1.00,1.56
2016.05.31 03:12:55.407,1.63335,1.63353,1.00,1.56
2016.05.31 03:12:55.458,1.63337,1.63354,1.00,1.39
2016.05.31 03:12:56.776,1.63339,1.63356,1.00,2.44
2016.05.31 03:12:57.141,1.63341,1.63356,1.00,1.31
2016.05.31 03:12:57.297,1.63341,1.63357,1.00,2.14
2016.05.31 03:12:59.124,1.63341,1.63358,1.00,1.64
2016.05.31 03:12:59.724,1.63341,1.63359,1.00,1.31
2016.05.31 03:13:01.607,1.63339,1.6336,1.00,1.64
2016.05.31 03:13:01.658,1.63339,1.63358,1.00,2.81
2016.05.31 03:13:02.831,1.63337,1.63354,1.00,1.69
2016.05.31 03:13:06.254,1.63337,1.6335,1.00,1.19
2016.05.31 03:13:07.509,1.63338,1.6335,1.00,1.19
2016.05.31 03:13:10.367,1.63336,1.63349,1.00,1.19
2016.05.31 03:13:12.174,1.63334,1.63349,1.00,1.19
2016.05.31 03:13:12.711,1.63333,1.63349,1.00,1.39
2016.05.31 03:13:14.857,1.63333,1.63346,1.00,1.19
2016.05.31 03:13:14.908,1.63328,1.63346,1.10,1.56
2016.05.31 03:13:15.061,1.63328,1.63342,1.00,1.19
2016.05.31 03:13:19.724,1.63328,1.63345,1.00,1.76
2016.05.31 03:13:20.487,1.6333,1.63345,1.00,1.29
2016.05.31 03:13:20.589,1.6333,1.63347,1.00,1.31
2016.05.31 03:13:20.692,1.63332,1.63349,1.00,1.19
2016.05.31 03:13:22.426,1.63333,1.63349,1.00,1.19
2016.05.31 03:13:25.426,1.63333,1.6335,1.00,1.84
2016.05.31 03:13:25.936,1.63332,1.63349,1.00,2.04
2016.05.31 03:13:26.190,1.63332,1.63349,1.00,1.76
2016.05.31 03:13:26.545,1.63334,1.63349,1.00,1.19
2016.05.31 03:13:32.268,1.63335,1.63349,1.00,1.19
2016.05.31 03:13:32.433,1.63335,1.6335,1.00,1.29
2016.05.31 03:13:32.484,1.63332,1.6335,1.00,1.29
2016.05.31 03:13:33.276,1.63331,1.63349,1.00,1.26
2016.05.31 03:13:33.783,1.63332,1.63349,1.00,1.31
2016.05.31 03:13:34.206,1.63336,1.63349,1.00,1.19
2016.05.31 03:13:35.960,1.63336,1.63347,1.00,1.19
2016.05.31 03:13:36.367,1.63339,1.63347,1.00,1.19
2016.05.31 03:13:38.050,1.63339,1.63348,1.00,1.19
2016.05.31 03:13:38.558,1.63339,1.6335,1.00,1.19
2016.05.31 03:13:41.323,1.63337,1.6335,1.00,1.19
2016.05.31 03:13:41.477,1.63339,1.6335,1.00,1.19
2016.05.31 03:13:41.680,1.6334,1.63355,1.00,1.29
2016.05.31 03:13:42.106,1.63337,1.63355,1.00,1.39
2016.05.31 03:13:43.889,1.6334,1.63355,1.00,1.39
2016.05.31 03:13:44.194,1.63342,1.63356,1.00,1.19
2016.05.31 03:13:44.296,1.6334,1.63356,1.00,1.19
2016.05.31 03:13:44.556,1.6334,1.63358,1.00,1.31
2016.05.31 03:13:47.946,1.63341,1.63358,1.00,1.12
2016.05.31 03:13:51.965,1.63338,1.63358,1.00,1.12
2016.05.31 03:13:52.118,1.63338,1.63355,1.00,1.12
2016.05.31 03:13:52.724,1.63338,1.63353,1.00,1.12
2016.05.31 03:13:53.281,1.63338,1.63352,1.00,1.12
2016.05.31 03:13:54.917,1.63338,1.63354,1.00,1.87
2016.05.31 03:13:55.604,1.63341,1.63354,1.00,1.75
2016.05.31 03:13:56.221,1.63341,1.63356,1.00,1.12
2016.05.31 03:13:57.172,1.63343,1.63356,1.00,1.12
2016.05.31 03:13:57.430,1.63343,1.6336,1.00,1.12
2016.05.31 03:13:57.743,1.63345,1.6336,1.00,1.12
2016.05.31 03:13:57.998,1.63345,1.63362,1.00,1.12
2016.05.31 03:13:59.345,1.63343,1.63361,1.00,1.07
2016.05.31 03:13:59.396,1.63343,1.63362,1.00,4.05
2016.05.31 03:13:59.701,1.63343,1.63356,1.00,1.12
2016.05.31 03:14:00.082,1.6334,1.63356,1.12,1.12
2016.05.31 03:14:01.484,1.6334,1.63359,1.00,1.87
2016.05.31 03:14:05.153,1.63342,1.63359,1.00,1.12
2016.05.31 03:14:08.332,1.6334,1.63356,1.00,1.57
2016.05.31 03:14:08.384,1.6334,1.63356,1.00,1.95
2016.05.31 03:14:08.905,1.6334,1.63355,1.00,1.50
2016.05.31 03:14:11.737,1.6334,1.63357,1.00,1.69
2016.05.31 03:14:11.932,1.63342,1.63358,1.00,2.51
2016.05.31 03:14:13.359,1.63343,1.63358,1.00,1.76
2016.05.31 03:14:13.543,1.63343,1.63358,1.00,1.20
2016.05.31 03:14:14.058,1.63344,1.63361,1.00,1.39
2016.05.31 03:14:14.565,1.63345,1.63361,1.00,1.39
2016.05.31 03:14:15.470,1.63345,1.6336,1.00,1.29
2016.05.31 03:14:16.574,1.63344,1.6336,1.00,1.29
2016.05.31 03:14:17.214,1.63346,1.6336,1.00,1.29
2016.05.31 03:14:17.266,1.63346,1.63362,1.00,1.31
2016.05.31 03:14:22.069,1.63346,1.63362,1.00,1.26
2016.05.31 03:14:22.120,1.63348,1.63363,1.00,1.31
2016.05.31 03:14:22.428,1.6335,1.63365,1.00,2.06
2016.05.31 03:14:26.472,1.6335,1.63365,1.00,1.31
2016.05.31 03:14:26.711,1.63346,1.63364,1.00,1.66
2016.05.31 03:14:31.976,1.63345,1.63364,1.00,2.44
2016.05.31 03:14:33.347,1.63343,1.63362,1.00,2.81
2016.05.31 03:14:33.398,1.63342,1.6336,1.00,1.19
2016.05.31 03:14:33.703,1.63342,1.63359,1.00,2.04
2016.05.31 03:14:34.061,1.6334,1.63357,1.00,2.14
2016.05.31 03:14:37.923,1.6334,1.63354,1.00,1.19
2016.05.31 03:14:38.940,1.63337,1.63354,1.00,1.19
2016.05.31 03:14:39.305,1.63339,1.63354,1.00,1.19
2016.05.31 03:14:39.356,1.63339,1.63357,1.00,2.44
2016.05.31 03:14:39.712,1.63335,1.63356,1.00,1.31
2016.05.31 03:14:39.814,1.63335,1.63354,1.00,1.29
2016.05.31 03:14:40.819,1.63338,1.63353,1.00,1.01
2016.05.31 03:14:42.436,1.63339,1.63354,1.00,1.19
2016.05.31 03:14:43.426,1.63339,1.63358,1.00,1.95
2016.05.31 03:14:43.794,1.63341,1.63358,1.00,1.57
2016.05.31 03:14:43.997,1.63344,1.6336,1.00,1.10
2016.05.31 03:14:44.201,1.63344,1.63364,1.00,1.82
2016.05.31 03:14:45.244,1.63346,1.63364,1.00,1.82
2016.05.31 03:14:50.395,1.63345,1.63363,1.00,1.65
2016.05.31 03:14:51.131,1.63342,1.63361,1.50,1.00
2016.05.31 03:14:51.284,1.63342,1.6336,1.00,1.20
2016.05.31 03:14:51.592,1.63342,1.63359,1.00,1.47
2016.05.31 03:14:57.819,1.63342,1.6336,1.00,1.12
2016.05.31 03:15:00.081,1.63347,1.6336,1.00,1.12
2016.05.31 03:15:00.241,1.63347,1.63366,1.00,2.06
2016.05.31 03:15:00.292,1.63349,1.63367,1.00,1.07
2016.05.31 03:15:04.130,1.6335,1.63367,1.00,1.07
2016.05.31 03:15:04.181,1.63353,1.63367,1.00,1.07
2016.05.31 03:15:04.435,1.63355,1.63374,1.00,1.87
2016.05.31 03:15:04.944,1.63355,1.63374,1.00,1.07
2016.05.31 03:15:05.456,1.63355,1.63375,1.00,1.50
2016.05.31 03:15:05.558,1.63355,1.63375,1.00,1.87
2016.05.31 03:15:08.395,1.63355,1.63374,1.19,1.50
2016.05.31 03:15:09.983,1.6336,1.63374,1.00,1.50
2016.05.31 03:15:10.295,1.63367,1.6338,1.00,1.12
2016.05.31 03:15:10.499,1.63368,1.63387,1.00,2.54
2016.05.31 03:15:10.703,1.63368,1.63387,1.19,1.04
2016.05.31 03:15:11.015,1.6337,1.63389,1.19,1.00
2016.05.31 03:15:13.695,1.63368,1.63389,1.19,1.50
2016.05.31 03:15:14.002,1.63367,1.63386,1.69,1.47
2016.05.31 03:15:14.538,1.63367,1.63388,1.69,3.00
2016.05.31 03:15:15.862,1.6337,1.63391,1.19,2.25
2016.05.31 03:15:16.484,1.6337,1.63392,1.19,2.70
2016.05.31 03:15:16.991,1.6337,1.63392,1.19,1.95
2016.05.31 03:15:17.955,1.63373,1.63392,1.00,1.95
2016.05.31 03:15:18.158,1.63375,1.63392,1.00,1.45
2016.05.31 03:15:18.312,1.63372,1.63393,1.25,3.00
2016.05.31 03:15:18.939,1.63371,1.63392,1.69,1.87
2016.05.31 03:15:19.472,1.63369,1.6339,1.19,2.32
2016.05.31 03:15:19.980,1.63372,1.63392,1.25,1.12
2016.05.31 03:15:25.138,1.63373,1.63392,1.00,1.50
2016.05.31 03:15:30.194,1.63371,1.63392,1.19,1.50
2016.05.31 03:15:35.910,1.63369,1.6339,1.19,1.50
2016.05.31 03:15:36.063,1.63369,1.63389,1.19,1.10
2016.05.31 03:15:38.736,1.63369,1.63388,1.19,1.00
2016.05.31 03:15:38.838,1.63369,1.63387,1.19,1.07
2016.05.31 03:15:38.889,1.63369,1.63388,1.00,2.25
2016.05.31 03:15:38.941,1.63367,1.63388,1.69,2.25
2016.05.31 03:15:39.347,1.63369,1.63388,1.00,1.50
2016.05.31 03:15:39.679,1.63372,1.6339,1.25,1.12
2016.05.31 03:15:39.832,1.63372,1.63392,1.25,1.50
2016.05.31 03:15:40.087,1.63369,1.6339,1.25,1.45
2016.05.31 03:15:43.326,1.63369,1.6339,1.00,1.95
2016.05.31 03:15:43.868,1.63372,1.63388,1.00,1.37
2016.05.31 03:15:44.380,1.63372,1.63389,1.00,1.12
2016.05.31 03:15:44.727,1.63372,1.63389,1.19,1.12
2016.05.31 03:15:45.229,1.63373,1.63389,1.00,1.12
2016.05.31 03:15:45.771,1.63372,1.63389,1.25,1.12
2016.05.31 03:15:48.531,1.63372,1.6339,1.25,1.75
2016.05.31 03:15:50.725,1.6337,1.6339,1.00,1.75
2016.05.31 03:15:50.784,1.63368,1.63388,1.00,1.20
2016.05.31 03:15:50.835,1.63369,1.63385,1.00,1.12
2016.05.31 03:15:50.937,1.63371,1.63388,1.00,1.12
2016.05.31 03:15:51.598,1.63373,1.63388,1.00,1.12
2016.05.31 03:15:51.924,1.63374,1.63392,1.00,1.12
2016.05.31 03:15:53.550,1.63374,1.63393,1.00,1.75
2016.05.31 03:15:56.426,1.63377,1.63394,1.00,1.12
2016.05.31 03:15:56.680,1.63377,1.63395,1.00,1.12
2016.05.31 03:15:57.127,1.63381,1.63397,1.00,1.12
2016.05.31 03:15:57.330,1.63379,1.634,1.00,1.95
2016.05.31 03:15:57.991,1.63379,1.63397,1.00,1.12
2016.05.31 03:15:58.093,1.63376,1.63397,1.00,1.87
2016.05.31 03:15:58.817,1.63374,1.63395,1.76,1.10
2016.05.31 03:15:58.869,1.63374,1.63393,1.00,1.12
2016.05.31 03:15:59.175,1.63371,1.63389,1.57,1.00
2016.05.31 03:15:59.682,1.6337,1.63389,2.44,1.00
2016.05.31 03:16:02.107,1.63372,1.63391,1.39,1.00
2016.05.31 03:16:02.700,1.63373,1.6339,1.19,1.00
2016.05.31 03:16:05.168,1.63372,1.6339,1.69,1.00
2016.05.31 03:16:05.220,1.63372,1.63392,1.69,1.00
2016.05.31 03:16:05.373,1.63373,1.63392,1.60,1.00
2016.05.31 03:16:05.679,1.63377,1.63393,1.10,1.00
2016.05.31 03:16:06.917,1.63377,1.63396,1.39,1.00
2016.05.31 03:16:06.968,1.63378,1.63399,1.37,1.12
2016.05.31 03:16:07.019,1.63382,1.63401,1.19,1.00
2016.05.31 03:16:07.649,1.63383,1.63402,2.81,1.00
2016.05.31 03:16:07.955,1.6338,1.63395,1.31,1.00
2016.05.31 03:16:08.006,1.6338,1.63395,1.12,1.00
2016.05.31 03:16:08.210,1.63377,1.63395,1.32,1.00
2016.05.31 03:16:08.667,1.63377,1.63393,1.07,1.00
2016.05.31 03:16:09.174,1.63374,1.63393,1.34,1.00
2016.05.31 03:16:09.612,1.63374,1.63391,1.69,1.00
2016.05.31 03:16:09.663,1.63374,1.6339,1.00,1.00
2016.05.31 03:16:09.714,1.6337,1.63388,1.90,1.00
2016.05.31 03:16:10.021,1.63369,1.63388,1.60,1.00
2016.05.31 03:16:10.072,1.6337,1.63391,1.50,1.00
2016.05.31 03:16:10.123,1.63371,1.63393,1.57,1.37
2016.05.31 03:16:10.175,1.63373,1.63394,1.10,1.57
2016.05.31 03:16:10.226,1.63373,1.63394,1.76,1.10
2016.05.31 03:16:12.965,1.63373,1.63394,2.25,1.00
2016.05.31 03:16:13.269,1.63373,1.63391,1.00,1.00
2016.05.31 03:16:13.320,1.6337,1.63391,1.25,1.00
2016.05.31 03:16:13.828,1.63368,1.6339,1.44,1.00
2016.05.31 03:16:14.847,1.63368,1.6339,2.19,1.00
2016.05.31 03:16:31.082,1.63369,1.6339,1.29,1.12
2016.05.31 03:16:31.438,1.63367,1.63387,1.26,1.00
2016.05.31 03:16:31.489,1.63367,1.63383,1.26,1.00
2016.05.31 03:16:31.998,1.63365,1.63385,1.56,1.12
2016.05.31 03:16:32.303,1.63365,1.63386,2.06,1.50
2016.05.31 03:16:36.591,1.63366,1.63386,1.31,1.10
2016.05.31 03:16:37.190,1.63368,1.63388,1.31,1.12
2016.05.31 03:16:37.291,1.6337,1.6339,1.19,2.25
2016.05.31 03:16:37.800,1.6337,1.6339,1.19,2.25
2016.05.31 03:16:39.536,1.6337,1.63388,1.19,1.57
2016.05.31 03:16:40.062,1.63368,1.63387,1.31,1.87
2016.05.31 03:16:43.455,1.63368,1.63386,1.00,1.12
2016.05.31 03:16:43.676,1.63368,1.63384,1.00,1.75
2016.05.31 03:16:44.205,1.63365,1.63383,1.19,1.50
2016.05.31 03:16:47.233,1.63365,1.63383,1.19,1.87
2016.05.31 03:16:47.571,1.63365,1.63382,1.19,1.12
2016.05.31 03:16:48.177,1.63365,1.63383,1.19,1.57
2016.05.31 03:16:48.279,1.63366,1.63385,1.19,1.87
2016.05.31 03:16:48.787,1.63369,1.63385,1.19,1.12
2016.05.31 03:16:49.890,1.63372,1.63387,1.00,1.12
2016.05.31 03:16:50.043,1.63372,1.63389,1.19,1.75
2016.05.31 03:16:50.144,1.63372,1.63389,1.19,1.75
2016.05.31 03:16:51.692,1.63372,1.6339,1.19,1.50
2016.05.31 03:16:52.916,1.6338,1.63396,1.00,1.10
2016.05.31 03:16:52.967,1.63377,1.63396,1.25,1.10
2016.05.31 03:16:53.576,1.63377,1.63394,1.25,1.00
2016.05.31 03:17:03.262,1.63377,1.63392,1.25,1.00
2016.05.31 03:17:03.480,1.63369,1.63386,1.19,1.00
2016.05.31 03:17:03.532,1.63366,1.63384,1.39,1.00
2016.05.31 03:17:05.354,1.63367,1.63386,1.19,1.87
2016.05.31 03:17:06.235,1.63367,1.63387,1.00,2.62
2016.05.31 03:17:14.464,1.63373,1.63386,1.00,1.27
2016.05.31 03:17:14.667,1.63368,1.63387,1.50,1.87
2016.05.31 03:17:20.062,1.63367,1.63387,1.50,1.87
2016.05.31 03:17:21.024,1.63368,1.63388,1.00,1.75
2016.05.31 03:17:25.475,1.6337,1.63388,1.50,1.75
2016.05.31 03:17:25.679,1.63372,1.63391,1.00,1.57
2016.05.31 03:17:26.211,1.63373,1.63391,1.50,1.57
2016.05.31 03:17:26.782,1.63373,1.63393,1.50,2.06
2016.05.31 03:17:27.533,1.63375,1.63393,1.00,2.06
2016.05.31 03:17:27.859,1.63377,1.63394,1.00,1.31
2016.05.31 03:17:28.379,1.63378,1.63396,1.00,1.64
2016.05.31 03:17:31.203,1.63378,1.63396,1.00,1.45
2016.05.31 03:17:33.533,1.63377,1.63397,1.50,2.00
2016.05.31 03:17:33.736,1.63379,1.63397,1.00,1.75
2016.05.31 03:17:33.939,1.63377,1.63397,1.50,1.12
2016.05.31 03:17:34.447,1.63377,1.63397,1.50,1.12
2016.05.31 03:17:35.579,1.63377,1.63395,1.00,1.12
2016.05.31 03:17:36.097,1.63378,1.63395,1.00,1.12
2016.05.31 03:17:37.651,1.63378,1.63397,1.00,1.75
2016.05.31 03:17:39.472,1.63383,1.63397,1.37,1.87
2016.05.31 03:17:39.625,1.63383,1.63404,1.65,1.56
2016.05.31 03:17:39.678,1.63384,1.63405,1.37,1.39
2016.05.31 03:17:39.780,1.63387,1.63407,1.00,2.00
2016.05.31 03:17:40.308,1.63388,1.63407,1.00,1.75
2016.05.31 03:17:41.035,1.63388,1.63406,1.00,1.12
2016.05.31 03:17:41.361,1.63388,1.63404,1.00,1.12
2016.05.31 03:17:49.210,1.63388,1.63406,1.00,1.50
2016.05.31 03:17:50.335,1.63387,1.63406,1.00,2.25
2016.05.31 03:17:50.386,1.63384,1.63403,1.15,1.85
2016.05.31 03:17:50.994,1.63384,1.63401,1.05,1.75
2016.05.31 03:17:53.187,1.63384,1.63401,1.00,1.87
2016.05.31 03:17:55.947,1.63384,1.634,1.00,1.12
2016.05.31 03:17:57.775,1.63381,1.63398,1.12,1.10
2016.05.31 03:17:57.826,1.63379,1.63398,1.00,1.76
2016.05.31 03:17:58.131,1.63376,1.63394,1.00,1.12
2016.05.31 03:17:58.565,1.63378,1.63394,1.00,1.12
2016.05.31 03:17:58.870,1.63381,1.63396,1.00,1.12
2016.05.31 03:17:59.405,1.63382,1.63396,1.00,1.12
2016.05.31 03:17:59.761,1.63382,1.63398,1.00,1.12
2016.05.31 03:18:02.325,1.63383,1.63398,1.00,1.12
2016.05.31 03:18:05.095,1.63382,1.63398,1.50,1.12
2016.05.31 03:18:05.880,1.63382,1.63397,1.50,1.12
2016.05.31 03:18:06.411,1.63382,1.63396,1.50,1.12
2016.05.31 03:18:08.306,1.63379,1.63396,1.50,1.12
2016.05.31 03:18:08.408,1.63377,1.63395,1.00,1.01
2016.05.31 03:18:08.459,1.63377,1.63394,1.00,1.47
2016.05.31 03:18:08.768,1.63375,1.63392,1.00,1.12
2016.05.31 03:18:09.276,1.63376,1.63392,1.00,1.12
2016.05.31 03:18:12.526,1.63378,1.63392,1.00,1.12
2016.05.31 03:18:12.628,1.63378,1.63396,1.00,1.50
2016.05.31 03:18:12.680,1.63383,1.63396,1.00,1.12
2016.05.31 03:18:12.731,1.63383,1.634,1.00,1.39
2016.05.31 03:18:12.834,1.63386,1.63402,1.00,1.12
2016.05.31 03:18:12.986,1.63389,1.63405,1.00,1.12
2016.05.31 03:18:13.493,1.63387,1.63404,1.50,1.75
2016.05.31 03:18:13.556,1.63387,1.63403,1.50,1.12
2016.05.31 03:18:13.998,1.63385,1.63401,1.50,1.75
2016.05.31 03:18:16.201,1.63384,1.63401,1.00,1.87
2016.05.31 03:18:16.252,1.63382,1.63399,1.00,1.12
2016.05.31 03:18:16.456,1.63376,1.63395,1.00,1.87
2016.05.31 03:18:16.508,1.63374,1.63394,1.87,1.12
2016.05.31 03:18:16.816,1.63376,1.63394,1.00,1.50
2016.05.31 03:18:17.335,1.63376,1.63393,1.00,1.50
2016.05.31 03:18:18.513,1.63374,1.63393,1.00,1.50
2016.05.31 03:18:19.690,1.63374,1.63392,1.00,1.12
2016.05.31 03:18:20.001,1.63374,1.6339,1.00,1.12
2016.05.31 03:18:20.523,1.63373,1.63389,1.00,1.12
2016.05.31 03:18:21.891,1.63374,1.63389,1.00,1.12
2016.05.31 03:18:23.420,1.63374,1.63391,1.50,1.75
2016.05.31 03:18:23.674,1.63374,1.63393,1.50,1.75
2016.05.31 03:18:26.163,1.63376,1.63393,1.00,1.75
2016.05.31 03:18:27.671,1.63374,1.63393,1.00,2.25
2016.05.31 03:18:27.773,1.63372,1.63391,1.00,1.20
2016.05.31 03:18:28.297,1.63373,1.63389,1.00,1.12
2016.05.31 03:18:30.130,1.63373,1.6339,1.00,1.12
2016.05.31 03:18:30.435,1.63375,1.63393,1.00,1.97
2016.05.31 03:18:30.486,1.63375,1.63393,1.00,1.97
2016.05.31 03:18:31.196,1.63374,1.63392,1.00,1.47
2016.05.31 03:18:31.380,1.63372,1.6339,1.00,1.12
2016.05.31 03:18:31.691,1.63375,1.6339,1.00,1.12
2016.05.31 03:18:32.011,1.63375,1.6339,1.00,1.31
2016.05.31 03:18:33.718,1.63373,1.6339,1.50,1.31
2016.05.31 03:18:34.023,1.63372,1.63388,1.00,1.29
2016.05.31 03:18:36.365,1.63371,1.63388,1.00,2.06
2016.05.31 03:18:36.416,1.63368,1.63386,1.00,1.29
2016.05.31 03:18:36.467,1.63368,1.63382,1.00,1.69
2016.05.31 03:18:36.519,1.63364,1.63382,1.00,3.19
2016.05.31 03:18:36.621,1.63362,1.63381,1.50,2.06
2016.05.31 03:18:38.385,1.63361,1.6338,1.07,1.64
2016.05.31 03:18:38.487,1.63361,1.63376,1.00,1.12
2016.05.31 03:18:38.640,1.63359,1.63376,1.50,1.01
2016.05.31 03:18:38.692,1.63356,1.63376,1.55,1.94
2016.05.31 03:18:38.743,1.63356,1.63375,1.55,1.31
2016.05.31 03:18:39.095,1.63354,1.63372,1.05,1.31
2016.05.31 03:18:39.147,1.63354,1.63372,1.00,1.31
2016.05.31 03:18:39.351,1.63355,1.63375,1.00,1.94
2016.05.31 03:18:39.555,1.63358,1.63375,1.00,1.31
2016.05.31 03:18:41.281,1.63358,1.63376,1.00,1.75
2016.05.31 03:18:41.960,1.63359,1.63376,1.00,1.75
2016.05.31 03:18:43.531,1.6336,1.63376,1.00,1.75
2016.05.31 03:18:43.785,1.63361,1.63379,1.00,1.31
2016.05.31 03:18:44.293,1.6336,1.63382,1.10,2.44
2016.05.31 03:18:46.842,1.63362,1.63382,1.00,2.06
2016.05.31 03:18:48.989,1.63365,1.6338,1.00,1.31
2016.05.31 03:18:49.193,1.63366,1.63383,1.00,1.31
2016.05.31 03:18:52.031,1.6337,1.63385,1.00,1.31
2016.05.31 03:18:52.286,1.63372,1.63389,1.00,1.31
2016.05.31 03:18:57.702,1.63373,1.6339,1.00,1.94
2016.05.31 03:19:00.211,1.63373,1.63391,1.00,1.31
2016.05.31 03:19:02.968,1.63375,1.63391,1.00,1.31
2016.05.31 03:19:07.787,1.63373,1.63391,1.00,1.31
2016.05.31 03:19:12.810,1.63374,1.63391,1.00,1.31
2016.05.31 03:19:18.916,1.63376,1.63391,1.00,1.31
2016.05.31 03:19:19.220,1.6338,1.63399,1.00,1.94
2016.05.31 03:19:19.526,1.63388,1.63403,1.00,1.94
2016.05.31 03:19:19.577,1.63388,1.63403,1.00,2.00
2016.05.31 03:19:19.629,1.63386,1.63405,1.00,1.94
2016.05.31 03:19:19.680,1.63386,1.63405,1.00,1.94
2016.05.31 03:19:20.200,1.63391,1.63403,1.00,1.60
2016.05.31 03:19:20.302,1.63392,1.63406,1.00,1.31
2016.05.31 03:19:20.404,1.63392,1.6341,1.00,1.27
2016.05.31 03:19:20.455,1.63395,1.63411,1.00,1.99
2016.05.31 03:19:20.506,1.63393,1.63411,1.00,1.99
2016.05.31 03:19:23.172,1.63391,1.63411,1.00,2.06
2016.05.31 03:19:23.325,1.63391,1.63409,1.00,1.94
2016.05.31 03:19:23.854,1.63392,1.63408,1.00,1.31
2016.05.31 03:19:23.956,1.63392,1.6341,1.00,1.94
2016.05.31 03:19:25.357,1.63394,1.6341,1.00,1.94
2016.05.31 03:19:25.566,1.63395,1.63412,1.00,1.31
2016.05.31 03:19:26.488,1.63396,1.63412,1.00,1.31
2016.05.31 03:19:26.641,1.63399,1.63414,1.00,1.01
2016.05.31 03:19:26.693,1.63399,1.63415,1.00,1.12
2016.05.31 03:19:27.261,1.63399,1.63415,1.00,1.01
2016.05.31 03:19:27.745,1.63397,1.63412,1.00,1.00
2016.05.31 03:19:28.051,1.63397,1.63409,1.00,1.00
2016.05.31 03:19:28.205,1.63395,1.63409,1.00,1.00
2016.05.31 03:19:28.761,1.63395,1.63411,1.00,1.00
2016.05.31 03:19:29.422,1.63395,1.63409,1.00,1.00
2016.05.31 03:19:30.366,1.63395,1.63411,1.00,1.00
2016.05.31 03:19:30.722,1.63397,1.63411,1.00,1.00
2016.05.31 03:19:31.535,1.63397,1.63411,1.00,1.19
2016.05.31 03:19:31.637,1.63395,1.63409,1.00,1.00
2016.05.31 03:19:32.704,1.63395,1.63411,1.00,1.00
2016.05.31 03:19:37.787,1.63395,1.63412,1.00,1.01
2016.05.31 03:19:38.309,1.63396,1.63414,1.00,1.01
2016.05.31 03:19:39.695,1.63397,1.63415,1.00,1.12
2016.05.31 03:19:46.310,1.63393,1.63414,1.00,2.14
2016.05.31 03:19:46.616,1.63393,1.63408,1.00,1.75
2016.05.31 03:19:47.275,1.63393,1.63407,1.00,1.12
2016.05.31 03:19:51.053,1.63389,1.63407,1.00,1.12
2016.05.31 03:19:51.104,1.63386,1.63406,1.00,1.57
2016.05.31 03:19:51.156,1.63383,1.63404,1.01,2.62
2016.05.31 03:19:51.208,1.63382,1.63399,1.19,1.12
2016.05.31 03:19:51.622,1.63385,1.634,1.00,1.12
2016.05.31 03:19:51.775,1.63385,1.63402,1.00,1.12
2016.05.31 03:19:53.011,1.63386,1.63402,1.00,1.12
2016.05.31 03:19:53.215,1.63386,1.63405,1.00,1.12
2016.05.31 03:19:55.614,1.63386,1.63407,1.50,2.25
2016.05.31 03:19:57.268,1.63386,1.63406,1.50,1.12
2016.05.31 03:20:00.548,1.63386,1.63402,1.00,1.12
2016.05.31 03:20:00.650,1.63383,1.63402,1.50,1.12
2016.05.31 03:20:00.803,1.63383,1.63405,1.50,1.31
2016.05.31 03:20:00.854,1.63383,1.63404,1.50,1.31
2016.05.31 03:20:01.355,1.63383,1.63404,1.50,1.39
2016.05.31 03:20:01.913,1.63383,1.63403,1.50,1.12
2016.05.31 03:20:03.470,1.63383,1.63403,1.50,1.12
2016.05.31 03:20:03.775,1.63383,1.63404,1.50,2.04
2016.05.31 03:20:04.238,1.63381,1.63402,1.87,2.89
2016.05.31 03:20:04.773,1.63381,1.634,1.00,1.69
2016.05.31 03:20:06.486,1.63381,1.63396,1.00,1.01
2016.05.31 03:20:06.829,1.63378,1.63396,1.50,1.01
2016.05.31 03:20:07.103,1.63381,1.63396,1.00,1.01
2016.05.31 03:20:07.154,1.63378,1.63396,1.50,1.01
2016.05.31 03:20:07.663,1.63379,1.63397,1.00,1.66
2016.05.31 03:20:07.765,1.63381,1.63398,1.00,1.01
2016.05.31 03:20:07.816,1.63381,1.63399,1.00,2.06
2016.05.31 03:20:07.969,1.63381,1.63399,1.00,1.69
2016.05.31 03:20:08.482,1.63381,1.63399,1.00,1.22
2016.05.31 03:20:09.024,1.63382,1.63399,1.00,1.22
2016.05.31 03:20:09.811,1.63382,1.63401,1.00,1.01
2016.05.31 03:20:10.098,1.63384,1.63401,1.00,1.01
2016.05.31 03:20:10.656,1.63384,1.63396,1.00,1.00
2016.05.31 03:20:11.184,1.63385,1.63396,1.00,1.00
2016.05.31 03:20:13.472,1.63385,1.63401,1.00,1.00
2016.05.31 03:20:13.524,1.63385,1.63399,1.87,1.00
2016.05.31 03:20:14.185,1.63385,1.63397,2.25,1.00
2016.05.31 03:20:14.339,1.63385,1.63397,1.00,1.00
2016.05.31 03:20:15.325,1.63381,1.63397,1.18,1.00
2016.05.31 03:20:17.203,1.63381,1.63397,1.18,1.00
2016.05.31 03:20:22.253,1.63381,1.63397,1.00,1.00
2016.05.31 03:20:22.508,1.63381,1.63395,1.00,1.00
2016.05.31 03:20:22.814,1.63381,1.63395,1.87,1.00
2016.05.31 03:20:23.119,1.63381,1.63394,1.10,1.00
2016.05.31 03:20:23.272,1.6338,1.63391,1.20,1.00
2016.05.31 03:20:23.677,1.6338,1.63394,1.10,1.00
2016.05.31 03:20:28.969,1.6338,1.63393,1.00,1.00
2016.05.31 03:20:29.387,1.6338,1.63393,1.69,1.00
2016.05.31 03:20:31.243,1.6338,1.63394,1.69,1.00
2016.05.31 03:20:31.812,1.6338,1.63392,1.69,1.00
2016.05.31 03:20:32.495,1.6338,1.63394,1.69,1.00
2016.05.31 03:20:33.486,1.63383,1.63394,1.19,1.00
2016.05.31 03:20:51.098,1.63383,1.63393,1.19,1.00
2016.05.31 03:20:51.732,1.63382,1.63393,1.19,1.00
2016.05.31 03:20:52.746,1.63382,1.63392,1.19,1.00
2016.05.31 03:20:55.083,1.63382,1.63389,1.19,1.00
2016.05.31 03:20:55.960,1.63382,1.63391,1.19,1.00
2016.05.31 03:20:56.912,1.63379,1.63391,1.19,1.00
2016.05.31 03:20:57.116,1.63376,1.6339,1.19,1.00
2016.05.31 03:20:58.316,1.63376,1.63389,1.19,1.00
2016.05.31 03:20:58.823,1.63375,1.63387,1.19,1.00
2016.05.31 03:20:59.127,1.63372,1.63384,1.19,1.00
2016.05.31 03:20:59.678,1.6337,1.63383,1.19,1.00
2016.05.31 03:21:00.430,1.63371,1.63383,1.19,1.00
2016.05.31 03:21:01.556,1.63368,1.63383,1.19,1.00
2016.05.31 03:21:01.658,1.63368,1.63381,1.19,1.00
2016.05.31 03:21:01.963,1.63362,1.63374,1.19,1.00
2016.05.31 03:21:02.218,1.63362,1.63376,1.19,1.00
2016.05.31 03:21:02.270,1.63362,1.63378,1.19,1.10
2016.05.31 03:21:02.321,1.63366,1.63378,1.19,1.10
2016.05.31 03:21:04.631,1.63366,1.63377,1.19,1.00
2016.05.31 03:21:04.733,1.63359,1.63373,1.76,1.00
2016.05.31 03:21:04.891,1.63362,1.63373,1.19,1.00
2016.05.31 03:21:04.942,1.63362,1.63375,1.19,1.00
2016.05.31 03:21:05.470,1.63364,1.63376,1.19,1.00
2016.05.31 03:21:05.990,1.63364,1.63377,1.19,1.00
2016.05.31 03:21:08.334,1.63364,1.63376,1.19,1.00
2016.05.31 03:21:11.125,1.63364,1.63378,1.19,1.00
2016.05.31 03:21:18.128,1.63364,1.63373,1.00,1.00
2016.05.31 03:21:18.281,1.63358,1.63372,2.51,1.00
2016.05.31 03:21:18.336,1.63358,1.63374,1.76,1.00
2016.05.31 03:21:18.540,1.63362,1.63376,1.25,1.00
2016.05.31 03:21:19.162,1.63362,1.63377,1.25,1.00
2016.05.31 03:21:19.264,1.63362,1.63377,1.69,1.00
2016.05.31 03:21:19.787,1.63364,1.63378,1.19,1.00
2016.05.31 03:21:26.508,1.63367,1.6338,1.25,1.00
2016.05.31 03:21:34.857,1.63367,1.63378,1.25,1.00
2016.05.31 03:21:36.194,1.63367,1.63378,1.19,1.00
2016.05.31 03:21:36.245,1.63367,1.6338,1.19,1.00
2016.05.31 03:21:39.547,1.63367,1.63381,1.19,1.00
2016.05.31 03:21:39.598,1.63368,1.63381,1.19,1.00
2016.05.31 03:21:45.766,1.63367,1.63381,1.76,1.00
2016.05.31 03:21:47.971,1.63367,1.63381,1.57,1.00
2016.05.31 03:21:50.172,1.63367,1.63382,1.10,1.00
2016.05.31 03:21:52.937,1.63367,1.6338,1.00,1.00
2016.05.31 03:21:52.988,1.63365,1.6338,1.10,1.00
2016.05.31 03:21:54.736,1.63365,1.63379,1.00,1.00
2016.05.31 03:21:57.264,1.63361,1.63379,1.95,1.00
2016.05.31 03:22:00.950,1.63362,1.63378,1.10,1.00
2016.05.31 03:22:01.356,1.63362,1.63378,1.29,1.00
2016.05.31 03:22:01.911,1.63364,1.63376,1.19,1.00
2016.05.31 03:22:02.266,1.63365,1.63376,1.19,1.00
2016.05.31 03:22:02.503,1.63362,1.63376,1.19,1.00
2016.05.31 03:22:03.005,1.63362,1.63377,1.19,1.00
2016.05.31 03:22:04.681,1.63362,1.63377,1.12,1.00
2016.05.31 03:22:05.326,1.63362,1.63377,1.31,1.00
2016.05.31 03:22:05.902,1.63362,1.63377,1.19,1.00
2016.05.31 03:22:06.183,1.63362,1.63379,1.66,1.00
2016.05.31 03:22:10.137,1.63362,1.63378,1.69,1.00
2016.05.31 03:22:10.290,1.63362,1.63378,1.69,1.00
2016.05.31 03:22:10.428,1.63362,1.63375,1.69,1.00
2016.05.31 03:22:11.602,1.63359,1.63372,1.39,1.00
2016.05.31 03:22:11.805,1.63359,1.63375,1.31,1.00
2016.05.31 03:22:11.857,1.63359,1.63375,1.56,1.00
2016.05.31 03:22:12.189,1.63361,1.63375,1.19,1.00
2016.05.31 03:22:12.921,1.63363,1.63375,1.00,1.00
2016.05.31 03:22:13.229,1.63358,1.63371,1.10,1.00
2016.05.31 03:22:13.432,1.63354,1.6337,2.81,1.00
2016.05.31 03:22:13.946,1.63355,1.63371,1.45,1.00
2016.05.31 03:22:14.100,1.63357,1.63376,1.00,1.00
2016.05.31 03:22:14.151,1.63356,1.63376,2.04,1.00
2016.05.31 03:22:14.557,1.63361,1.63373,1.12,1.00
2016.05.31 03:22:14.862,1.63361,1.63378,1.87,1.45
2016.05.31 03:22:15.382,1.63361,1.63378,2.25,1.00
2016.05.31 03:22:18.966,1.63361,1.63378,2.06,1.00
2016.05.31 03:22:20.196,1.63361,1.63377,1.31,1.00
2016.05.31 03:22:22.981,1.63361,1.63375,1.19,1.00
2016.05.31 03:22:23.083,1.63359,1.63373,1.29,1.00
2016.05.31 03:22:23.629,1.63359,1.63372,1.00,1.00
2016.05.31 03:22:29.072,1.63359,1.63371,1.00,1.00
2016.05.31 03:22:35.218,1.63359,1.63373,1.00,1.00
2016.05.31 03:22:38.226,1.63355,1.63373,1.20,1.00
2016.05.31 03:22:40.413,1.63355,1.63372,1.20,1.00
2016.05.31 03:22:47.304,1.63359,1.63372,1.00,1.00
2016.05.31 03:22:47.846,1.63361,1.63372,1.00,1.00
2016.05.31 03:22:55.304,1.63358,1.63372,1.00,1.00
2016.05.31 03:22:55.538,1.63358,1.6337,1.00,1.00
2016.05.31 03:22:55.589,1.63354,1.6337,2.25,1.00
2016.05.31 03:22:59.466,1.63358,1.6337,1.00,1.00
2016.05.31 03:22:59.669,1.63358,1.63372,1.00,1.00
2016.05.31 03:23:03.036,1.63358,1.63365,1.00,1.00
2016.05.31 03:23:03.138,1.63355,1.63367,1.57,1.00
2016.05.31 03:23:03.189,1.63356,1.63372,1.20,1.00
2016.05.31 03:23:03.696,1.63356,1.63373,1.10,1.00
2016.05.31 03:23:03.849,1.63356,1.63371,1.10,1.00
2016.05.31 03:23:04.016,1.63351,1.63368,1.12,1.00
2016.05.31 03:23:04.067,1.63351,1.63364,1.00,1.00
2016.05.31 03:23:04.270,1.63341,1.63358,2.00,1.00
2016.05.31 03:23:04.322,1.63341,1.63356,1.37,1.00
2016.05.31 03:23:04.526,1.63337,1.63356,1.27,1.00
2016.05.31 03:23:05.220,1.63337,1.63357,1.27,1.00
2016.05.31 03:23:05.476,1.6334,1.63357,1.00,1.00
2016.05.31 03:23:11.034,1.6334,1.63356,1.00,1.00
2016.05.31 03:23:21.509,1.6334,1.63354,1.00,1.00
2016.05.31 03:23:23.166,1.63337,1.63354,1.20,1.00
2016.05.31 03:23:31.131,1.63337,1.63355,1.27,1.00
2016.05.31 03:23:31.285,1.63337,1.63355,3.07,1.00
2016.05.31 03:23:31.815,1.63338,1.63355,1.12,1.00
2016.05.31 03:23:32.353,1.63341,1.63355,1.00,1.00
2016.05.31 03:23:32.919,1.63341,1.63355,1.00,1.19
2016.05.31 03:23:33.073,1.63335,1.63351,1.37,1.25
2016.05.31 03:23:33.125,1.63335,1.63351,1.00,1.00
2016.05.31 03:23:34.727,1.63332,1.63346,1.20,1.00
2016.05.31 03:23:34.830,1.63331,1.63346,1.00,1.25
2016.05.31 03:23:34.882,1.63331,1.63344,1.00,1.00
2016.05.31 03:23:34.933,1.63331,1.63346,1.00,1.25
2016.05.31 03:23:36.424,1.63331,1.63348,1.00,1.19
2016.05.31 03:23:36.985,1.63331,1.63348,1.00,1.19
2016.05.31 03:23:37.495,1.63327,1.63347,1.20,1.19
2016.05.31 03:23:46.224,1.63327,1.63345,1.20,1.00
2016.05.31 03:23:51.244,1.63327,1.63344,1.20,1.00
2016.05.31 03:23:53.230,1.63327,1.63346,1.95,1.25
2016.05.31 03:23:53.332,1.63331,1.63347,1.00,1.19
2016.05.31 03:23:53.638,1.63334,1.63349,1.00,1.00
2016.05.31 03:23:54.150,1.63334,1.63349,1.00,1.19
2016.05.31 03:23:54.653,1.63331,1.63349,2.25,1.19
2016.05.31 03:23:58.763,1.63335,1.6335,1.00,1.19
2016.05.31 03:24:04.065,1.63331,1.63348,1.50,1.25
2016.05.31 03:24:04.116,1.63331,1.63348,1.10,1.25
2016.05.31 03:24:04.371,1.63331,1.63346,1.10,1.25
2016.05.31 03:24:04.983,1.63332,1.63347,1.10,1.19
2016.05.31 03:24:07.283,1.63332,1.6335,1.17,1.19
2016.05.31 03:24:07.588,1.63332,1.6335,1.20,1.19
2016.05.31 03:24:08.162,1.63332,1.6335,1.87,1.19
2016.05.31 03:24:11.431,1.63332,1.63345,1.50,1.00
2016.05.31 03:24:11.534,1.63327,1.63341,2.25,1.00
2016.05.31 03:24:11.636,1.63325,1.63344,1.75,1.19
2016.05.31 03:24:11.859,1.63329,1.63347,1.00,1.76
2016.05.31 03:24:12.062,1.63329,1.63349,1.50,1.29
2016.05.31 03:24:12.599,1.63332,1.63349,1.00,1.19
2016.05.31 03:24:22.870,1.63332,1.63349,1.63,1.19
2016.05.31 03:24:23.177,1.63328,1.63346,1.18,1.19
2016.05.31 03:24:23.991,1.63325,1.63342,1.12,1.25
2016.05.31 03:24:25.803,1.63324,1.63341,1.47,1.00
2016.05.31 03:24:25.905,1.63324,1.63339,1.47,1.00
2016.05.31 03:24:26.058,1.6332,1.63339,1.87,1.19
2016.05.31 03:24:27.619,1.63321,1.63342,2.70,1.29
2016.05.31 03:24:27.722,1.63322,1.63343,1.45,1.19
2016.05.31 03:24:29.760,1.63323,1.63344,1.65,1.39
2016.05.31 03:24:30.529,1.63325,1.63346,3.37,1.76
2016.05.31 03:24:30.858,1.63333,1.63349,1.00,1.19
2016.05.31 03:24:31.114,1.63333,1.63352,1.20,1.19
2016.05.31 03:24:31.622,1.63335,1.63352,1.00,1.19
2016.05.31 03:24:33.901,1.63335,1.63352,3.00,1.19
2016.05.31 03:24:33.952,1.63339,1.63356,1.00,1.29
2016.05.31 03:24:34.170,1.63339,1.63358,1.00,1.01
2016.05.31 03:24:34.221,1.63342,1.63359,1.00,1.01
2016.05.31 03:24:34.729,1.63342,1.6336,1.00,2.06
2016.05.31 03:24:39.903,1.63337,1.63345,1.57,1.31
2016.05.31 03:24:40.210,1.63318,1.63338,1.00,1.76
2016.05.31 03:24:41.214,1.63316,1.63336,1.00,1.69
2016.05.31 03:24:41.316,1.63319,1.63336,1.00,1.20
2016.05.31 03:24:41.571,1.63323,1.63342,1.00,1.60
2016.05.31 03:24:41.673,1.63323,1.63343,1.10,1.29
2016.05.31 03:24:42.748,1.63326,1.63345,1.00,1.12
2016.05.31 03:24:43.054,1.63329,1.6335,1.95,1.01
2016.05.31 03:24:43.669,1.6333,1.6335,1.37,1.01
2016.05.31 03:24:46.947,1.63331,1.63351,1.57,1.39
2016.05.31 03:24:47.805,1.63333,1.63351,1.00,1.39
2016.05.31 03:24:48.327,1.63332,1.63351,1.93,1.39
2016.05.31 03:24:51.434,1.63332,1.6335,1.00,1.39
2016.05.31 03:24:52.059,1.63332,1.6335,1.37,1.76
2016.05.31 03:24:52.581,1.63332,1.63349,1.12,1.10
2016.05.31 03:24:53.088,1.63332,1.63351,1.87,2.06
2016.05.31 03:24:56.963,1.63333,1.63351,1.00,2.06
2016.05.31 03:24:57.505,1.63332,1.63351,1.00,2.06
2016.05.31 03:24:59.460,1.6333,1.63348,1.10,1.25
2016.05.31 03:24:59.511,1.6333,1.63345,1.10,1.00
2016.05.31 03:24:59.715,1.63327,1.63345,1.12,1.20
2016.05.31 03:25:00.273,1.63327,1.63345,1.00,1.39
2016.05.31 03:25:01.502,1.63328,1.63345,1.00,1.39
2016.05.31 03:25:01.922,1.63331,1.63349,1.00,2.12
2016.05.31 03:25:02.703,1.63331,1.63347,1.10,1.00
2016.05.31 03:25:04.017,1.63328,1.63345,1.12,1.00
2016.05.31 03:25:04.119,1.63327,1.63345,1.65,1.00
2016.05.31 03:25:04.271,1.63327,1.63345,2.32,1.00
2016.05.31 03:25:04.779,1.63328,1.63347,1.50,1.25
2016.05.31 03:25:05.034,1.63332,1.63352,1.37,1.31
2016.05.31 03:25:05.340,1.63338,1.63356,1.00,1.69
2016.05.31 03:25:05.880,1.63338,1.63358,1.87,1.29
2016.05.31 03:25:06.387,1.63338,1.63355,1.00,1.29
2016.05.31 03:25:07.638,1.63338,1.63355,1.00,2.06
2016.05.31 03:25:08.309,1.63335,1.63353,1.10,1.39
2016.05.31 03:25:08.831,1.63335,1.63349,1.00,1.00
2016.05.31 03:25:09.289,1.63333,1.63349,1.50,1.00
2016.05.31 03:25:09.443,1.63335,1.63349,1.00,1.00
2016.05.31 03:25:09.749,1.63335,1.63348,1.00,1.19
2016.05.31 03:25:09.901,1.63332,1.63346,1.00,1.00
2016.05.31 03:25:14.801,1.63332,1.63346,1.00,1.19
2016.05.31 03:25:18.440,1.63332,1.63343,1.00,1.00
2016.05.31 03:25:18.491,1.63327,1.63343,1.20,1.00
2016.05.31 03:25:18.542,1.63328,1.63343,1.00,1.19
2016.05.31 03:25:19.090,1.63327,1.63339,1.00,1.19
2016.05.31 03:25:19.243,1.63322,1.63339,1.10,1.19
2016.05.31 03:25:19.598,1.63326,1.63339,1.00,1.19
2016.05.31 03:25:19.853,1.63326,1.63341,1.00,1.25
2016.05.31 03:25:20.083,1.63329,1.63341,1.00,1.25
2016.05.31 03:25:27.982,1.63329,1.63345,1.00,1.25
2016.05.31 03:25:30.554,1.63329,1.63343,1.00,1.00
2016.05.31 03:25:35.628,1.63329,1.63344,1.00,1.00
2016.05.31 03:25:35.939,1.63329,1.63343,1.00,1.19
2016.05.31 03:25:37.109,1.63329,1.63343,1.00,1.69
2016.05.31 03:25:37.312,1.63325,1.63341,1.12,1.19
2016.05.31 03:25:37.568,1.63325,1.6334,1.00,1.69
2016.05.31 03:25:37.670,1.63322,1.63338,1.10,1.19
2016.05.31 03:25:37.874,1.63322,1.63336,1.10,1.19
2016.05.31 03:25:38.181,1.63319,1.63336,1.12,1.19
2016.05.31 03:25:38.649,1.63318,1.63336,1.20,1.69
2016.05.31 03:25:39.200,1.63315,1.63333,2.25,1.19
2016.05.31 03:25:41.237,1.63318,1.63331,1.00,1.25
2016.05.31 03:25:41.289,1.63318,1.63329,1.00,1.25
2016.05.31 03:25:41.493,1.63313,1.63327,1.10,1.00
2016.05.31 03:25:41.595,1.63312,1.63327,1.20,1.19
2016.05.31 03:25:41.899,1.63309,1.63325,1.55,1.19
2016.05.31 03:25:45.693,1.63309,1.63331,1.87,2.06
2016.05.31 03:25:45.744,1.63313,1.63331,1.00,1.69
2016.05.31 03:25:46.049,1.63315,1.63332,1.18,1.19
2016.05.31 03:25:46.150,1.63315,1.63335,1.18,1.29
2016.05.31 03:25:50.220,1.63318,1.63337,1.12,2.06
2016.05.31 03:25:50.633,1.6332,1.63338,1.00,1.31
2016.05.31 03:25:50.837,1.63323,1.63343,1.00,1.69
2016.05.31 03:25:50.889,1.63325,1.63343,1.00,1.31
2016.05.31 03:25:51.195,1.63325,1.63342,1.12,1.19
2016.05.31 03:25:52.288,1.63323,1.63342,1.12,1.69
2016.05.31 03:25:54.066,1.63323,1.63342,1.12,1.69
2016.05.31 03:25:58.094,1.63322,1.63342,1.87,1.69
2016.05.31 03:26:02.945,1.63323,1.63342,1.87,1.19
2016.05.31 03:26:05.139,1.63323,1.63342,1.10,1.19
2016.05.31 03:26:07.437,1.63323,1.63336,1.20,1.00
2016.05.31 03:26:07.539,1.63323,1.63332,1.20,1.00
2016.05.31 03:26:07.591,1.63318,1.63334,3.07,1.00
2016.05.31 03:26:07.642,1.63319,1.63336,1.12,1.00
2016.05.31 03:26:07.693,1.63319,1.63332,1.00,1.00
2016.05.31 03:26:07.795,1.63313,1.6333,2.32,1.00
2016.05.31 03:26:07.847,1.63313,1.63325,1.12,1.00
2016.05.31 03:26:07.899,1.63307,1.63326,1.57,1.00
2016.05.31 03:26:07.950,1.63305,1.63322,1.12,1.19
2016.05.31 03:26:08.001,1.63302,1.63319,1.20,1.00
2016.05.31 03:26:08.171,1.63302,1.63316,1.00,1.19
2016.05.31 03:26:08.222,1.63298,1.63316,1.00,1.19
2016.05.31 03:26:08.273,1.63298,1.63316,1.00,1.19
2016.05.31 03:26:08.780,1.63299,1.63317,1.00,1.29
2016.05.31 03:26:08.934,1.63303,1.63317,1.00,1.29
2016.05.31 03:26:09.036,1.63299,1.63317,1.00,1.19
2016.05.31 03:26:09.793,1.63297,1.63315,1.50,1.19
2016.05.31 03:26:12.253,1.63293,1.63313,1.87,1.19
2016.05.31 03:26:12.558,1.63297,1.63314,1.00,2.06
2016.05.31 03:26:12.864,1.63295,1.63311,1.00,1.19
2016.05.31 03:26:13.296,1.63295,1.63309,1.00,1.19
2016.05.31 03:26:13.651,1.63295,1.63312,1.00,1.39
2016.05.31 03:26:13.855,1.63297,1.63313,1.00,2.44
2016.05.31 03:26:15.104,1.63297,1.63314,1.00,3.19
2016.05.31 03:26:17.964,1.63297,1.63312,1.00,1.39
2016.05.31 03:26:19.471,1.63295,1.63308,1.00,1.19
2016.05.31 03:26:19.981,1.63295,1.63308,1.00,1.19
2016.05.31 03:26:22.139,1.63294,1.63308,1.00,1.19
2016.05.31 03:26:24.479,1.63293,1.63308,1.00,1.39
2016.05.31 03:26:24.966,1.63291,1.63303,1.00,1.19
2016.05.31 03:26:25.152,1.63288,1.633,1.00,1.19
2016.05.31 03:26:25.409,1.63288,1.633,1.00,1.76
2016.05.31 03:26:25.511,1.63286,1.633,1.87,1.29
2016.05.31 03:26:25.984,1.63289,1.633,1.00,1.29
2016.05.31 03:26:34.108,1.63289,1.63303,1.00,2.51
2016.05.31 03:26:34.625,1.63295,1.63303,1.00,1.19
2016.05.31 03:26:34.676,1.63295,1.63308,1.00,1.31
2016.05.31 03:26:34.779,1.63295,1.63311,1.00,2.06
2016.05.31 03:26:34.882,1.63298,1.63313,1.00,1.69
2016.05.31 03:26:35.187,1.63297,1.63309,1.00,1.19
2016.05.31 03:26:35.239,1.63297,1.63311,1.00,1.19
2016.05.31 03:26:38.484,1.63295,1.63311,1.00,1.19
2016.05.31 03:26:38.636,1.63295,1.63308,1.00,1.19
2016.05.31 03:26:38.941,1.63293,1.63308,1.00,1.19
2016.05.31 03:26:39.043,1.63295,1.63308,1.00,1.19
2016.05.31 03:26:39.360,1.63299,1.63308,1.00,1.19
2016.05.31 03:26:39.411,1.63299,1.63313,1.00,1.19
2016.05.31 03:26:41.243,1.63298,1.63313,1.00,1.31
2016.05.31 03:26:41.294,1.63298,1.63311,1.00,1.19
2016.05.31 03:26:41.345,1.63296,1.63311,1.00,1.31
2016.05.31 03:26:41.498,1.63295,1.63307,1.00,1.19
2016.05.31 03:26:42.323,1.63292,1.63307,1.00,1.19
2016.05.31 03:26:46.760,1.63292,1.63303,1.00,1.19
2016.05.31 03:26:46.862,1.63292,1.63306,1.00,1.19
2016.05.31 03:26:47.532,1.63292,1.63308,1.00,1.19
2016.05.31 03:26:47.583,1.63294,1.63308,1.00,1.19
2016.05.31 03:26:53.267,1.63298,1.63309,1.00,1.19
2016.05.31 03:26:53.369,1.63298,1.63311,1.00,1.31
2016.05.31 03:26:53.877,1.63298,1.63311,1.00,1.19
2016.05.31 03:26:55.644,1.63299,1.63311,1.00,1.19
2016.05.31 03:26:55.695,1.63299,1.63315,1.00,1.31
2016.05.31 03:26:57.905,1.63297,1.63315,1.00,1.19
2016.05.31 03:26:58.009,1.63294,1.63312,1.47,1.39
2016.05.31 03:26:58.316,1.63292,1.63309,1.00,1.29
2016.05.31 03:27:00.985,1.63294,1.63309,1.00,1.29
2016.05.31 03:27:03.936,1.63295,1.63309,1.00,1.29
2016.05.31 03:27:04.038,1.63297,1.63313,1.00,1.69
2016.05.31 03:27:04.359,1.63299,1.63314,1.00,1.29
2016.05.31 03:27:05.790,1.63299,1.63314,1.00,1.10
2016.05.31 03:27:08.392,1.63299,1.63317,1.50,1.39
2016.05.31 03:27:09.239,1.633,1.63316,1.00,1.39
2016.05.31 03:27:10.052,1.63299,1.63316,1.50,1.29
2016.05.31 03:27:10.104,1.63302,1.63317,1.00,1.31
2016.05.31 03:27:12.088,1.63302,1.63319,1.00,1.89
2016.05.31 03:27:14.480,1.63304,1.63318,1.00,1.00
2016.05.31 03:27:14.987,1.63304,1.6332,1.00,1.82
2016.05.31 03:27:17.017,1.63304,1.63317,1.00,1.00
2016.05.31 03:27:17.068,1.63302,1.63317,1.00,1.00
2016.05.31 03:27:18.433,1.63302,1.63315,1.00,1.19
2016.05.31 03:27:18.535,1.63302,1.63316,1.00,1.19
2016.05.31 03:27:23.049,1.63303,1.63316,1.00,1.19
2016.05.31 03:27:26.048,1.63303,1.63318,1.00,1.10
2016.05.31 03:27:28.089,1.63301,1.63318,1.00,1.10
2016.05.31 03:27:36.963,1.63303,1.63318,1.00,1.10
2016.05.31 03:27:37.217,1.63307,1.63324,1.00,1.20
2016.05.31 03:27:38.289,1.63308,1.63325,1.00,1.31
2016.05.31 03:27:38.889,1.63308,1.63325,1.00,1.00
2016.05.31 03:27:40.244,1.63308,1.63324,1.00,1.00
2016.05.31 03:27:40.716,1.63308,1.63326,1.00,1.20
2016.05.31 03:27:41.234,1.63308,1.63325,1.00,1.00
2016.05.31 03:27:41.796,1.63308,1.63326,1.00,1.65
2016.05.31 03:27:43.514,1.63308,1.63326,1.00,1.65
2016.05.31 03:27:44.354,1.63305,1.63325,1.00,1.50
2016.05.31 03:27:44.456,1.63304,1.63323,1.00,1.01
2016.05.31 03:27:44.508,1.63302,1.63319,1.00,1.45
2016.05.31 03:27:45.023,1.63302,1.63317,1.00,1.37
2016.05.31 03:27:45.530,1.63301,1.63317,1.00,1.37
2016.05.31 03:27:48.173,1.63301,1.63318,1.00,1.47
2016.05.31 03:27:48.378,1.63301,1.63322,1.50,2.25
2016.05.31 03:27:50.962,1.63301,1.63317,1.00,1.00
2016.05.31 03:27:51.476,1.63301,1.63318,1.00,1.20
2016.05.31 03:27:52.051,1.63302,1.6332,1.00,1.57
2016.05.31 03:27:52.559,1.63302,1.63317,1.00,1.00
2016.05.31 03:27:53.080,1.63302,1.63318,1.00,1.10
2016.05.31 03:27:53.589,1.63301,1.63317,1.00,1.00
2016.05.31 03:27:53.971,1.63301,1.63316,1.00,1.12
2016.05.31 03:27:54.022,1.63299,1.63316,1.00,1.12
2016.05.31 03:28:01.490,1.63299,1.63317,1.00,1.50
2016.05.31 03:28:03.839,1.633,1.63317,1.00,1.50
2016.05.31 03:28:08.367,1.63299,1.63317,1.00,1.50
2016.05.31 03:28:08.418,1.63294,1.63316,2.62,1.50
2016.05.31 03:28:08.521,1.63294,1.6331,1.50,1.07
2016.05.31 03:28:08.572,1.63292,1.63309,1.10,1.10
2016.05.31 03:28:08.625,1.63291,1.63309,1.00,1.50
2016.05.31 03:28:08.880,1.63289,1.63305,1.00,1.00
2016.05.31 03:28:08.931,1.63289,1.63303,1.00,1.12
2016.05.31 03:28:09.492,1.63289,1.63305,1.00,2.25
2016.05.31 03:28:14.812,1.6329,1.63304,1.00,1.95
2016.05.31 03:28:15.564,1.6329,1.63301,1.00,1.00
2016.05.31 03:28:27.171,1.63292,1.63303,1.00,1.12
2016.05.31 03:28:27.324,1.63292,1.63307,1.00,1.12
2016.05.31 03:28:27.831,1.63292,1.63307,1.00,1.50
2016.05.31 03:28:28.176,1.63292,1.63304,1.00,1.10
2016.05.31 03:28:28.836,1.63293,1.63308,1.00,1.87
2016.05.31 03:28:38.554,1.63296,1.63308,1.00,1.50
2016.05.31 03:28:38.656,1.63296,1.6331,1.00,1.12
2016.05.31 03:28:38.759,1.63294,1.63311,1.00,2.62
2016.05.31 03:28:39.279,1.63294,1.63308,1.00,1.00
2016.05.31 03:28:39.879,1.63294,1.63309,1.00,1.20
2016.05.31 03:28:40.557,1.63294,1.63308,1.00,1.00
2016.05.31 03:28:42.780,1.63294,1.63309,1.00,1.20
2016.05.31 03:28:43.328,1.63294,1.63308,1.00,1.00
2016.05.31 03:28:43.938,1.63294,1.63309,1.00,1.20
2016.05.31 03:28:44.922,1.63294,1.63308,1.00,1.00
2016.05.31 03:28:48.632,1.63294,1.63309,1.00,1.20
2016.05.31 03:28:49.224,1.63295,1.63311,1.00,1.75
2016.05.31 03:28:49.326,1.63295,1.63313,1.00,1.12
2016.05.31 03:28:49.835,1.63295,1.63314,1.00,1.95
2016.05.31 03:28:52.847,1.63294,1.63312,1.00,1.47
2016.05.31 03:28:52.898,1.63292,1.63313,1.10,1.87
2016.05.31 03:28:53.203,1.63292,1.63305,1.00,1.00
2016.05.31 03:28:53.507,1.63292,1.63308,1.00,1.45
2016.05.31 03:28:55.093,1.63292,1.63306,1.00,1.00
2016.05.31 03:28:55.616,1.63292,1.63307,1.00,1.20
2016.05.31 03:28:56.942,1.63292,1.63306,1.00,1.00
2016.05.31 03:28:57.447,1.63292,1.63307,1.00,1.10
2016.05.31 03:28:57.700,1.63292,1.63306,1.00,1.57
2016.05.31 03:29:00.601,1.63292,1.63304,1.00,1.00
2016.05.31 03:29:01.103,1.63292,1.63304,1.00,1.20
2016.05.31 03:29:04.709,1.63291,1.63305,1.00,1.87
2016.05.31 03:29:13.031,1.63291,1.63304,1.00,1.57
2016.05.31 03:29:13.337,1.63288,1.633,1.00,2.44
2016.05.31 03:29:13.613,1.63288,1.63301,1.00,1.50
2016.05.31 03:29:14.830,1.63288,1.63301,1.00,1.87
2016.05.31 03:29:15.237,1.63286,1.63298,1.12,1.50
2016.05.31 03:29:15.396,1.63286,1.63296,1.12,1.47
2016.05.31 03:29:15.903,1.63285,1.63295,1.12,1.76
2016.05.31 03:29:16.106,1.63283,1.63296,1.00,1.76
2016.05.31 03:29:16.517,1.63286,1.63296,1.87,1.01
2016.05.31 03:29:16.568,1.63286,1.63297,1.87,2.44
2016.05.31 03:29:19.019,1.63285,1.63294,1.12,1.00
2016.05.31 03:29:19.120,1.63286,1.63293,1.12,1.12
2016.05.31 03:29:19.883,1.63283,1.63293,1.00,2.25
2016.05.31 03:29:26.419,1.63285,1.63293,1.12,2.25
2016.05.31 03:29:40.268,1.63282,1.63292,1.50,1.07
2016.05.31 03:29:42.435,1.63283,1.63291,1.00,1.10
2016.05.31 03:29:47.858,1.63283,1.63293,1.00,1.12
2016.05.31 03:29:48.528,1.63285,1.63293,1.12,1.12
2016.05.31 03:29:50.069,1.63286,1.63293,1.12,1.12
2016.05.31 03:29:50.171,1.63283,1.63294,1.00,1.50
2016.05.31 03:29:50.274,1.63285,1.63295,1.12,1.20
2016.05.31 03:29:50.845,1.63286,1.63295,1.12,1.95
2016.05.31 03:29:51.202,1.63286,1.63297,1.12,1.57
2016.05.31 03:29:51.737,1.63285,1.63297,1.00,1.57
2016.05.31 03:29:52.287,1.63286,1.63298,1.87,1.50
2016.05.31 03:29:52.338,1.63289,1.63299,1.00,1.87
2016.05.31 03:29:52.440,1.63289,1.633,1.00,1.20
2016.05.31 03:29:55.593,1.63286,1.63298,1.87,1.00
2016.05.31 03:29:55.645,1.63286,1.63297,1.87,1.12
2016.05.31 03:29:55.950,1.63283,1.63295,1.50,2.62
2016.05.31 03:29:57.179,1.63286,1.63295,1.12,2.25
2016.05.31 03:29:57.281,1.63283,1.63294,1.50,1.20
2016.05.31 03:29:57.837,1.63286,1.63292,1.12,1.10
2016.05.31 03:29:58.373,1.63286,1.63291,1.12,1.00
2016.05.31 03:29:58.717,1.63285,1.63289,1.12,1.00
2016.05.31 03:29:58.768,1.63283,1.6329,1.00,2.40
2016.05.31 03:29:58.820,1.63282,1.63288,1.00,1.50
2016.05.31 03:29:59.175,1.6328,1.63284,1.00,1.00
2016.05.31 03:29:59.276,1.63272,1.63285,1.00,1.00
2016.05.31 03:30:00.169,1.63272,1.63284,1.00,1.00
2016.05.31 03:30:00.271,1.63269,1.63282,1.00,1.00
2016.05.31 03:30:00.627,1.63266,1.63283,1.00,1.12
2016.05.31 03:30:10.416,1.63268,1.63282,1.00,1.20
2016.05.31 03:30:10.711,1.63265,1.63281,1.00,1.50
2016.05.31 03:30:10.816,1.63263,1.63279,1.00,1.31
2016.05.31 03:30:11.121,1.63262,1.63276,1.00,1.12
2016.05.31 03:30:11.510,1.63262,1.63279,1.00,1.87
2016.05.31 03:30:12.155,1.63261,1.63279,1.00,1.12
2016.05.31 03:30:12.359,1.63261,1.63279,1.00,1.50
2016.05.31 03:30:12.866,1.63261,1.63278,1.00,1.00
2016.05.31 03:30:14.229,1.63261,1.63278,1.00,1.37
2016.05.31 03:30:14.761,1.6326,1.63278,1.00,1.57
2016.05.31 03:30:15.378,1.6326,1.63278,1.00,1.76
2016.05.31 03:30:15.429,1.6326,1.63278,1.00,1.76
2016.05.31 03:30:15.532,1.6326,1.63276,1.00,1.47
2016.05.31 03:30:16.039,1.63259,1.63277,1.00,2.14
2016.05.31 03:30:16.445,1.63255,1.63276,1.00,1.39
2016.05.31 03:30:16.648,1.63258,1.63277,1.00,3.26
2016.05.31 03:30:17.191,1.63258,1.63277,1.00,1.00
2016.05.31 03:30:17.526,1.63254,1.63274,1.87,1.00
2016.05.31 03:30:18.985,1.63257,1.63278,1.00,1.12
2016.05.31 03:30:19.215,1.63257,1.63278,3.37,1.00
2016.05.31 03:30:19.267,1.63259,1.6328,1.27,1.00
2016.05.31 03:30:19.420,1.63263,1.6328,1.00,1.00
2016.05.31 03:30:19.471,1.63263,1.63282,1.00,1.00
2016.05.31 03:30:19.979,1.63264,1.63283,1.00,1.00
2016.05.31 03:30:20.743,1.63263,1.63281,1.00,1.00
2016.05.31 03:30:21.253,1.63262,1.63281,1.01,1.00
2016.05.31 03:30:26.394,1.63264,1.63283,1.00,1.10
2016.05.31 03:30:26.497,1.63265,1.63286,1.00,1.20
2016.05.31 03:30:26.656,1.63268,1.63287,1.00,1.10
2016.05.31 03:30:26.963,1.6327,1.63289,1.00,1.10
2016.05.31 03:30:27.746,1.63281,1.63289,1.12,1.10
2016.05.31 03:30:28.278,1.63281,1.6329,1.12,1.20
2016.05.31 03:30:29.649,1.63281,1.63289,1.12,1.10
2016.05.31 03:30:29.751,1.63272,1.63291,1.00,1.87
2016.05.31 03:30:32.918,1.63272,1.63291,1.00,2.06
2016.05.31 03:30:34.059,1.63272,1.63288,1.00,1.31
2016.05.31 03:30:34.693,1.63273,1.63288,1.00,1.31
2016.05.31 03:30:40.975,1.63271,1.63288,1.00,1.31
2016.05.31 03:30:41.026,1.63269,1.63288,1.00,2.06
2016.05.31 03:30:41.189,1.63269,1.63288,1.00,3.19
2016.05.31 03:30:41.240,1.63266,1.63287,1.00,1.69
2016.05.31 03:30:42.396,1.63268,1.63287,1.00,1.94
2016.05.31 03:30:42.751,1.63268,1.63286,1.00,1.20
2016.05.31 03:30:43.694,1.63268,1.63288,1.00,2.06
2016.05.31 03:30:45.660,1.63272,1.63288,1.00,1.31
2016.05.31 03:30:45.966,1.63277,1.63292,1.00,1.31
2016.05.31 03:30:46.028,1.63277,1.63297,1.00,1.69
2016.05.31 03:30:46.948,1.63286,1.63297,1.12,1.69
2016.05.31 03:30:47.582,1.63286,1.63294,1.12,1.01
2016.05.31 03:30:47.786,1.63274,1.63292,1.00,2.04
2016.05.31 03:30:48.293,1.63274,1.63289,1.00,1.64
2016.05.31 03:30:48.582,1.63281,1.63289,1.12,1.64
2016.05.31 03:30:49.644,1.6328,1.63288,1.12,1.57
2016.05.31 03:30:49.898,1.63273,1.63288,1.00,1.95
2016.05.31 03:30:50.578,1.63279,1.63288,1.12,1.69
2016.05.31 03:30:50.679,1.63273,1.63286,1.00,1.07
2016.05.31 03:30:51.290,1.63277,1.63288,1.00,1.01
2016.05.31 03:30:51.392,1.63277,1.6329,1.00,2.11
2016.05.31 03:30:51.494,1.63283,1.63289,1.12,1.00
2016.05.31 03:30:51.545,1.63285,1.63292,1.12,1.50
2016.05.31 03:30:52.097,1.63285,1.63292,1.12,1.12
2016.05.31 03:30:54.265,1.63285,1.63292,1.12,1.12
2016.05.31 03:30:54.368,1.63286,1.63294,1.12,1.12
2016.05.31 03:30:58.689,1.63281,1.63294,1.00,1.12
2016.05.31 03:30:58.740,1.63275,1.63294,1.00,1.12
2016.05.31 03:31:02.675,1.6328,1.63299,1.00,1.50
2016.05.31 03:31:02.980,1.63284,1.63302,1.00,1.50
2016.05.31 03:31:03.489,1.63284,1.63304,1.00,1.12
2016.05.31 03:31:03.743,1.63282,1.63301,1.12,1.57
2016.05.31 03:31:03.972,1.63281,1.63299,1.00,1.00
2016.05.31 03:31:04.280,1.63279,1.63299,1.00,1.95
2016.05.31 03:31:06.137,1.63281,1.63299,1.00,1.20
2016.05.31 03:31:06.645,1.63281,1.63302,1.00,1.05
2016.05.31 03:31:07.051,1.63283,1.63302,1.00,1.05
2016.05.31 03:31:08.367,1.63283,1.63302,1.00,1.00
2016.05.31 03:31:09.494,1.63284,1.63302,1.00,1.00
2016.05.31 03:31:10.623,1.63281,1.63302,1.00,1.20
2016.05.31 03:31:10.725,1.63283,1.63302,1.00,1.20
2016.05.31 03:31:13.726,1.63281,1.63302,1.00,1.20
2016.05.31 03:31:16.078,1.6328,1.63299,1.50,1.00
2016.05.31 03:31:16.585,1.6328,1.63299,1.00,1.20
2016.05.31 03:31:17.350,1.63277,1.63296,1.50,1.00
2016.05.31 03:31:17.401,1.63277,1.63296,1.50,1.30
2016.05.31 03:31:17.503,1.63274,1.63293,1.00,1.00
2016.05.31 03:31:17.554,1.63273,1.63291,1.00,1.00
2016.05.31 03:31:17.656,1.63271,1.6329,1.20,1.00
2016.05.31 03:31:17.707,1.63269,1.6329,1.00,1.39
2016.05.31 03:31:18.160,1.63272,1.6329,1.00,1.39
2016.05.31 03:31:18.364,1.63269,1.6329,1.00,1.20
2016.05.31 03:31:18.618,1.63267,1.63287,1.27,1.00
2016.05.31 03:31:19.075,1.6327,1.63289,1.00,1.44
2016.05.31 03:31:19.582,1.63271,1.63289,1.00,1.14
2016.05.31 03:31:19.953,1.63267,1.63288,2.40,1.00
2016.05.31 03:31:20.156,1.6327,1.63288,1.00,1.10
2016.05.31 03:31:20.258,1.63267,1.63288,2.62,1.10
2016.05.31 03:31:20.868,1.63269,1.63288,1.50,1.10
2016.05.31 03:31:21.176,1.63267,1.63288,2.62,1.10
2016.05.31 03:31:21.900,1.63267,1.63288,1.87,1.12
2016.05.31 03:31:22.154,1.63267,1.63286,2.62,1.37
2016.05.31 03:31:22.307,1.63264,1.63285,1.00,1.57
2016.05.31 03:31:22.358,1.63264,1.63282,1.00,1.00
2016.05.31 03:31:25.412,1.63263,1.63282,2.32,1.00
2016.05.31 03:31:25.771,1.63265,1.63284,2.25,1.10
2016.05.31 03:31:27.354,1.63266,1.63286,1.00,1.87
2016.05.31 03:31:27.660,1.63273,1.63293,1.87,1.18
2016.05.31 03:31:27.966,1.63276,1.63296,1.12,1.00
2016.05.31 03:31:28.373,1.63276,1.63298,1.00,2.94
2016.05.31 03:31:28.907,1.63277,1.63298,1.50,2.94
2016.05.31 03:31:29.974,1.63276,1.63298,3.00,2.51
2016.05.31 03:31:30.026,1.63279,1.63298,1.00,2.32
2016.05.31 03:31:30.372,1.63282,1.63301,2.25,1.00
2016.05.31 03:31:30.576,1.63285,1.63304,1.00,1.57
2016.05.31 03:31:30.729,1.63285,1.63304,1.10,1.00
2016.05.31 03:31:30.780,1.63287,1.63308,1.00,1.80
2016.05.31 03:31:31.091,1.63289,1.63308,1.87,1.18
2016.05.31 03:31:32.217,1.63289,1.63308,1.12,1.00
2016.05.31 03:31:35.168,1.63287,1.63306,1.12,1.50
2016.05.31 03:31:35.322,1.63284,1.63304,1.50,1.12
2016.05.31 03:31:35.577,1.63284,1.63304,1.50,2.62
2016.05.31 03:31:35.628,1.63279,1.63298,3.82,1.12
2016.05.31 03:31:35.802,1.63279,1.63297,1.27,1.00
2016.05.31 03:31:35.854,1.63275,1.63297,1.00,2.25
2016.05.31 03:31:35.905,1.63275,1.63296,1.00,1.12
2016.05.31 03:31:38.224,1.63275,1.63296,1.00,1.12
2016.05.31 03:31:39.063,1.63277,1.63296,1.00,1.45
2016.05.31 03:31:39.931,1.63277,1.63298,1.00,3.05
2016.05.31 03:31:40.237,1.63276,1.63296,1.00,1.57
2016.05.31 03:31:41.605,1.63282,1.63297,1.00,1.18
2016.05.31 03:31:41.707,1.63284,1.63301,1.00,1.75
2016.05.31 03:31:41.809,1.63284,1.63303,1.00,1.63
2016.05.31 03:31:42.328,1.63285,1.63305,1.00,1.90
2016.05.31 03:31:42.380,1.63287,1.63306,1.00,1.93
2016.05.31 03:31:42.533,1.63287,1.63306,1.00,1.12
2016.05.31 03:31:42.686,1.63291,1.63309,1.00,1.25
2016.05.31 03:31:43.195,1.63292,1.63312,1.00,1.93
2016.05.31 03:31:44.057,1.63292,1.63312,1.00,1.55
2016.05.31 03:31:46.280,1.6329,1.63311,1.12,1.25
2016.05.31 03:31:47.923,1.63289,1.63309,1.57,1.00
2016.05.31 03:31:47.975,1.63284,1.63304,1.50,1.20
2016.05.31 03:31:48.280,1.63282,1.63302,1.12,1.50
2016.05.31 03:31:48.383,1.6328,1.63302,1.20,1.57
2016.05.31 03:31:48.535,1.63282,1.63303,1.65,1.00
2016.05.31 03:31:48.637,1.63286,1.63306,1.00,2.25
2016.05.31 03:31:48.739,1.63286,1.63306,1.10,1.00
2016.05.31 03:31:48.790,1.63288,1.63308,1.00,1.15
2016.05.31 03:31:49.095,1.6329,1.63312,1.00,1.93
2016.05.31 03:31:49.147,1.6329,1.63312,1.50,1.55
2016.05.31 03:31:49.334,1.63292,1.63313,1.00,1.63
2016.05.31 03:31:49.843,1.63293,1.63313,1.00,1.57
2016.05.31 03:31:50.199,1.63294,1.63314,1.00,1.20
2016.05.31 03:31:50.989,1.63296,1.63315,1.00,1.87
2016.05.31 03:31:51.296,1.63303,1.63324,1.00,1.76
2016.05.31 03:31:51.449,1.63303,1.63325,1.00,2.62
2016.05.31 03:31:51.501,1.63306,1.63325,1.00,1.87
2016.05.31 03:31:52.013,1.63306,1.63325,1.00,1.10
2016.05.31 03:31:53.925,1.63306,1.63325,1.00,1.29
2016.05.31 03:31:54.406,1.63304,1.63323,1.00,1.19
2016.05.31 03:31:54.918,1.63303,1.63323,1.00,1.76
2016.05.31 03:31:57.569,1.63304,1.63325,1.00,1.31
2016.05.31 03:31:59.122,1.63302,1.63325,1.10,1.31
2016.05.31 03:31:59.173,1.63302,1.63318,1.10,1.00
2016.05.31 03:32:00.032,1.63301,1.6332,1.93,1.00
2016.05.31 03:32:00.337,1.63304,1.6332,3.37,1.00
2016.05.31 03:32:00.930,1.63307,1.6332,1.00,1.00
2016.05.31 03:32:01.083,1.63305,1.63322,1.45,1.00
2016.05.31 03:32:01.590,1.63307,1.63322,1.00,1.00
2016.05.31 03:32:03.112,1.63307,1.63327,1.00,1.39
2016.05.31 03:32:03.163,1.63308,1.63327,1.37,1.20
2016.05.31 03:32:03.468,1.63313,1.63329,1.65,1.69
2016.05.31 03:32:03.570,1.63313,1.63329,1.65,1.00
2016.05.31 03:32:04.588,1.63313,1.63329,2.02,1.00
2016.05.31 03:32:06.327,1.63313,1.63331,2.77,1.19
2016.05.31 03:32:06.828,1.63313,1.63331,2.40,1.19
2016.05.31 03:32:07.856,1.63314,1.63331,1.00,1.19
2016.05.31 03:32:08.092,1.63318,1.63331,1.00,1.19
2016.05.31 03:32:11.304,1.63314,1.63331,1.00,1.19
2016.05.31 03:32:11.809,1.63313,1.6333,1.65,1.25
2016.05.31 03:32:15.801,1.63318,1.6333,1.00,1.25
2016.05.31 03:32:17.757,1.63318,1.6333,1.00,1.19
2016.05.31 03:32:18.258,1.63318,1.63328,1.00,1.00
2016.05.31 03:32:19.416,1.63312,1.63328,2.77,1.00
2016.05.31 03:32:20.380,1.63318,1.63333,1.00,1.39
2016.05.31 03:32:20.686,1.6333,1.63338,1.00,1.19
2016.05.31 03:32:20.737,1.63332,1.63343,1.00,1.19
2016.05.31 03:32:20.891,1.6333,1.63343,1.10,1.19
2016.05.31 03:32:20.942,1.6333,1.63341,1.10,1.19
2016.05.31 03:32:21.196,1.6333,1.63346,1.10,1.24
2016.05.31 03:32:21.528,1.63333,1.63346,1.00,1.19
2016.05.31 03:32:22.088,1.63335,1.63346,1.00,1.19
2016.05.31 03:32:22.394,1.63338,1.63348,1.00,1.19
2016.05.31 03:32:22.714,1.63338,1.63351,1.00,1.19
2016.05.31 03:32:22.765,1.63341,1.63351,1.00,1.19
2016.05.31 03:32:23.889,1.63347,1.63351,1.00,1.25
2016.05.31 03:32:23.941,1.63347,1.63358,1.00,1.19
2016.05.31 03:32:24.145,1.63348,1.6336,1.00,1.19
2016.05.31 03:32:24.501,1.63351,1.6336,1.00,1.19
2016.05.31 03:32:24.604,1.63344,1.63362,1.45,1.19
2016.05.31 03:32:24.706,1.6335,1.6337,1.12,1.31
2016.05.31 03:32:24.757,1.63353,1.6337,1.10,1.19
2016.05.31 03:32:25.044,1.63354,1.63374,1.75,1.19
2016.05.31 03:32:26.809,1.63355,1.63378,1.50,1.19
2016.05.31 03:32:27.321,1.63357,1.63378,1.00,1.19
2016.05.31 03:32:28.053,1.63362,1.63378,1.00,1.19
2016.05.31 03:32:28.104,1.63362,1.63382,1.00,1.01
2016.05.31 03:32:28.156,1.63362,1.63383,1.00,1.31
2016.05.31 03:32:28.207,1.63362,1.63382,1.00,1.31
2016.05.31 03:32:28.519,1.63362,1.63381,1.57,1.19
2016.05.31 03:32:29.121,1.63364,1.63383,1.10,1.29
2016.05.31 03:32:29.476,1.63364,1.63384,3.00,1.19
2016.05.31 03:32:30.089,1.63368,1.6339,1.00,1.31
2016.05.31 03:32:30.191,1.63364,1.63377,1.75,1.12
2016.05.31 03:32:30.396,1.6334,1.63362,1.20,1.29
2016.05.31 03:32:30.549,1.63339,1.63361,1.82,1.39
2016.05.31 03:32:30.752,1.63341,1.63363,2.00,1.31
2016.05.31 03:32:31.279,1.63343,1.63364,1.37,1.01
2016.05.31 03:32:31.804,1.63345,1.63365,1.57,1.39
2016.05.31 03:32:32.781,1.63345,1.63365,2.68,1.19
2016.05.31 03:32:34.269,1.63349,1.63365,1.37,1.19
2016.05.31 03:32:34.371,1.63351,1.6337,1.00,1.76
2016.05.31 03:32:34.831,1.63357,1.6337,1.00,1.76
2016.05.31 03:32:39.147,1.63356,1.63364,1.00,1.00
2016.05.31 03:32:39.351,1.63338,1.6335,1.00,1.00
2016.05.31 03:32:39.402,1.63333,1.63353,1.37,2.32
2016.05.31 03:32:39.453,1.63333,1.63348,1.00,1.19
2016.05.31 03:32:39.555,1.63328,1.63345,1.63,1.19
2016.05.31 03:32:39.979,1.63325,1.63342,3.43,1.19
2016.05.31 03:32:40.030,1.63327,1.63346,1.05,1.19
2016.05.31 03:32:40.082,1.63327,1.63348,1.18,1.69
2016.05.31 03:32:40.590,1.63329,1.63349,1.00,2.44
2016.05.31 03:32:41.048,1.63327,1.63348,1.57,1.29
2016.05.31 03:32:41.100,1.63327,1.63348,1.57,1.29
2016.05.31 03:32:41.426,1.63333,1.63348,1.00,1.29
2016.05.31 03:32:41.478,1.63328,1.63348,1.50,1.29
2016.05.31 03:32:41.631,1.63332,1.63348,1.00,1.19
2016.05.31 03:32:42.189,1.63332,1.63345,1.00,1.19
2016.05.31 03:32:43.610,1.63333,1.63345,1.00,1.19
2016.05.31 03:32:44.115,1.63332,1.63345,1.50,1.19
2016.05.31 03:32:44.166,1.63332,1.63351,1.50,2.06
2016.05.31 03:32:44.218,1.63338,1.63353,1.00,1.39
2016.05.31 03:32:44.270,1.63338,1.63355,1.00,1.75
2016.05.31 03:32:44.321,1.63338,1.63358,1.00,1.50
2016.05.31 03:32:44.372,1.6334,1.63361,1.19,1.75
2016.05.31 03:32:44.423,1.63343,1.63362,1.19,1.45
2016.05.31 03:32:44.628,1.63342,1.63364,1.39,1.50
2016.05.31 03:32:46.583,1.63342,1.63363,2.05,1.12
2016.05.31 03:32:47.999,1.63342,1.63362,1.73,1.75
2016.05.31 03:32:48.325,1.63341,1.63361,1.47,1.12
2016.05.31 03:32:49.123,1.6335,1.63361,1.00,1.12
2016.05.31 03:32:49.401,1.63347,1.63361,1.00,1.12
2016.05.31 03:32:51.158,1.63347,1.63359,1.00,1.12
2016.05.31 03:32:51.713,1.63347,1.6336,1.00,1.12
2016.05.31 03:32:52.366,1.63347,1.63362,1.00,3.00
2016.05.31 03:32:55.077,1.63348,1.63361,1.00,2.70
2016.05.31 03:32:56.207,1.6335,1.63361,1.00,2.70
2016.05.31 03:32:56.734,1.6335,1.63363,1.00,1.12
2016.05.31 03:33:03.761,1.6335,1.63365,1.00,2.25
2016.05.31 03:33:07.047,1.63348,1.63363,1.00,1.27
2016.05.31 03:33:07.148,1.63349,1.63361,1.00,1.87
2016.05.31 03:33:07.901,1.63351,1.63361,1.00,1.12
2016.05.31 03:33:08.448,1.63351,1.63362,1.00,1.87
2016.05.31 03:33:11.363,1.63351,1.63362,1.00,3.00
2016.05.31 03:33:22.046,1.63352,1.63362,1.00,1.12
2016.05.31 03:33:25.880,1.63352,1.63362,1.00,1.12
2016.05.31 03:33:27.255,1.63351,1.63362,1.00,1.12
2016.05.31 03:33:29.450,1.63347,1.63362,1.50,2.25
2016.05.31 03:33:29.501,1.63347,1.63358,1.00,1.12
2016.05.31 03:33:29.806,1.63348,1.63354,1.00,1.12
2016.05.31 03:33:30.265,1.63345,1.63355,1.28,1.87
2016.05.31 03:33:30.773,1.63345,1.63355,1.28,1.50
2016.05.31 03:33:37.886,1.63347,1.63355,1.00,1.69
2016.05.31 03:33:37.938,1.63344,1.63355,1.53,1.69
2016.05.31 03:33:38.094,1.63341,1.63352,1.08,1.00
2016.05.31 03:33:38.636,1.63342,1.63354,1.08,1.69
2016.05.31 03:33:38.942,1.63346,1.63354,1.00,1.69
2016.05.31 03:33:39.640,1.63342,1.63354,1.28,1.69
2016.05.31 03:33:40.066,1.63341,1.63354,1.00,2.06
2016.05.31 03:33:40.117,1.63344,1.63354,1.00,2.06
2016.05.31 03:33:40.621,1.63346,1.63354,1.00,2.06
2016.05.31 03:33:40.672,1.63343,1.63354,1.00,2.06
2016.05.31 03:33:41.191,1.63342,1.63352,1.00,1.60
2016.05.31 03:33:41.243,1.63342,1.63352,1.17,1.60
2016.05.31 03:33:41.756,1.63346,1.63352,1.00,2.06
2016.05.31 03:33:41.807,1.63341,1.63352,1.00,2.06
2016.05.31 03:33:41.858,1.63341,1.63352,1.15,2.06
2016.05.31 03:33:42.645,1.63341,1.63352,1.07,2.06
2016.05.31 03:33:42.696,1.63342,1.6335,1.10,1.47
2016.05.31 03:33:42.952,1.63337,1.63348,1.00,1.01
2016.05.31 03:33:43.004,1.63341,1.63348,1.00,1.75
2016.05.31 03:33:43.291,1.63349,1.63361,1.00,1.87
2016.05.31 03:33:43.546,1.63349,1.63366,1.00,3.37
2016.05.31 03:33:44.498,1.63349,1.63366,1.00,2.25
2016.05.31 03:33:45.912,1.63349,1.63364,1.00,1.50
2016.05.31 03:33:46.434,1.63349,1.63362,1.00,1.20
2016.05.31 03:33:48.383,1.63348,1.63362,1.00,1.57
2016.05.31 03:33:49.270,1.63343,1.6336,1.00,1.37
2016.05.31 03:33:49.322,1.63343,1.6336,1.00,2.32
2016.05.31 03:33:49.627,1.63343,1.63353,1.00,1.45
2016.05.31 03:33:50.980,1.63343,1.63352,1.00,1.93
2016.05.31 03:33:51.082,1.63338,1.63352,1.00,1.18
2016.05.31 03:33:51.133,1.6334,1.63352,1.00,1.18
2016.05.31 03:33:54.190,1.63339,1.63352,1.00,1.87
2016.05.31 03:33:54.292,1.63337,1.63352,1.00,1.87
2016.05.31 03:33:59.068,1.63337,1.63351,1.00,1.50
2016.05.31 03:33:59.593,1.63337,1.6335,1.00,1.12
2016.05.31 03:34:02.271,1.63335,1.6335,1.00,1.75
2016.05.31 03:34:02.780,1.63341,1.63349,1.00,1.12
2016.05.31 03:34:03.086,1.63337,1.63349,1.67,1.12
2016.05.31 03:34:03.137,1.63336,1.63349,1.00,1.75
2016.05.31 03:34:03.340,1.63338,1.6335,1.00,1.50
2016.05.31 03:34:03.669,1.63335,1.6335,1.00,1.50
2016.05.31 03:34:03.974,1.63337,1.63349,1.00,1.47
2016.05.31 03:34:04.282,1.63342,1.63349,1.00,1.47
2016.05.31 03:34:04.965,1.63338,1.63349,1.00,1.47
2016.05.31 03:34:05.516,1.63337,1.63349,1.00,1.47
2016.05.31 03:34:07.728,1.63336,1.63349,1.00,1.47
2016.05.31 03:34:12.469,1.63335,1.6335,1.00,1.50
2016.05.31 03:34:12.520,1.63333,1.63347,1.00,1.07
2016.05.31 03:34:12.622,1.63333,1.63346,1.00,1.12
2016.05.31 03:34:13.185,1.63335,1.63346,1.00,1.12
2016.05.31 03:34:13.287,1.63336,1.6335,1.00,1.31
2016.05.31 03:34:13.833,1.63337,1.63351,1.00,1.50
2016.05.31 03:34:13.885,1.63339,1.63351,1.00,1.50
2016.05.31 03:34:13.936,1.63339,1.63354,1.00,1.50
2016.05.31 03:34:14.089,1.63341,1.63354,1.00,1.12
2016.05.31 03:34:14.409,1.63345,1.63358,1.00,1.12
2016.05.31 03:34:14.910,1.63345,1.63359,1.00,1.12
2016.05.31 03:34:16.533,1.63348,1.63359,1.00,1.12
2016.05.31 03:34:16.584,1.63348,1.63362,1.00,1.12
2016.05.31 03:34:17.113,1.63348,1.63362,1.00,1.12
2016.05.31 03:34:21.237,1.63346,1.63362,1.00,1.50
2016.05.31 03:34:22.255,1.63344,1.63356,1.00,1.12
2016.05.31 03:34:22.409,1.63337,1.6335,1.25,1.00
2016.05.31 03:34:22.924,1.63337,1.63352,1.00,1.87
2016.05.31 03:34:26.651,1.6334,1.63353,1.00,1.75
2016.05.31 03:34:26.854,1.6334,1.63356,1.00,1.75
2016.05.31 03:34:29.475,1.6334,1.63357,1.00,1.12
2016.05.31 03:34:31.384,1.6334,1.63356,1.00,1.47
2016.05.31 03:34:31.995,1.6334,1.63354,1.00,1.12
2016.05.31 03:34:34.873,1.63338,1.63354,1.00,1.50
2016.05.31 03:34:34.976,1.63338,1.63351,1.00,1.12
2016.05.31 03:34:35.078,1.63336,1.63351,1.00,1.12
2016.05.31 03:34:35.180,1.63336,1.6335,1.00,1.12
2016.05.31 03:34:36.635,1.63335,1.6335,1.00,1.12
2016.05.31 03:34:37.139,1.63335,1.63349,1.00,1.75
2016.05.31 03:34:38.922,1.63336,1.63349,1.00,1.75
2016.05.31 03:34:39.024,1.63338,1.63351,1.00,1.10
2016.05.31 03:34:39.633,1.63336,1.63352,1.00,1.07
2016.05.31 03:34:40.145,1.63336,1.63351,1.00,1.20
2016.05.31 03:34:41.145,1.63335,1.63349,1.00,1.00
2016.05.31 03:34:41.197,1.63333,1.63349,1.00,1.10
2016.05.31 03:34:41.299,1.6333,1.63346,1.00,1.12
2016.05.31 03:34:41.620,1.63329,1.63343,1.00,1.12
2016.05.31 03:34:43.204,1.63328,1.63343,1.00,1.12
2016.05.31 03:34:43.564,1.63328,1.6334,1.00,1.12
2016.05.31 03:34:43.616,1.63325,1.6334,1.00,1.12
2016.05.31 03:34:43.769,1.63325,1.63337,1.00,1.12
2016.05.31 03:34:44.277,1.63328,1.63337,1.00,1.12
2016.05.31 03:34:54.885,1.63328,1.63342,1.00,1.87
2016.05.31 03:34:54.987,1.63329,1.63343,1.00,1.10
2016.05.31 03:34:55.038,1.63331,1.63343,1.00,1.10
2016.05.31 03:34:55.191,1.63332,1.63346,1.00,1.12
2016.05.31 03:34:55.293,1.63334,1.63346,1.00,1.12
2016.05.31 03:34:55.446,1.63335,1.63348,1.00,2.32
2016.05.31 03:34:55.710,1.63338,1.63348,1.00,2.32
2016.05.31 03:34:56.117,1.63341,1.63348,1.00,1.50
2016.05.31 03:34:56.321,1.63345,1.63356,1.00,1.10
2016.05.31 03:34:56.986,1.63343,1.63357,1.00,1.50
2016.05.31 03:34:57.220,1.6334,1.63352,1.00,1.00
2016.05.31 03:34:57.727,1.6334,1.63353,1.00,1.20
2016.05.31 03:34:59.249,1.63341,1.63353,1.00,1.10
2016.05.31 03:34:59.758,1.63341,1.63356,1.00,1.87
2016.05.31 03:35:00.113,1.63344,1.63356,1.00,1.87
2016.05.31 03:35:00.418,1.63346,1.63357,1.00,1.12
2016.05.31 03:35:00.880,1.63353,1.6336,1.00,1.12
2016.05.31 03:35:00.948,1.6336,1.63366,1.00,1.50
2016.05.31 03:35:00.999,1.63363,1.63373,1.00,1.69
2016.05.31 03:35:01.051,1.63363,1.63373,1.00,1.25
2016.05.31 03:35:01.102,1.63367,1.63377,1.00,1.31
2016.05.31 03:35:01.408,1.63373,1.63383,1.00,1.12
2016.05.31 03:35:01.612,1.63376,1.63385,1.00,1.00
2016.05.31 03:35:02.613,1.63376,1.63384,1.00,1.00
2016.05.31 03:35:02.918,1.63378,1.63384,1.00,1.00
2016.05.31 03:35:03.273,1.63379,1.63384,1.00,1.00
2016.05.31 03:35:03.741,1.63377,1.63381,1.00,1.12
2016.05.31 03:35:08.344,1.63375,1.63384,1.00,1.00
2016.05.31 03:35:11.166,1.63379,1.63384,1.00,1.00
2016.05.31 03:35:11.471,1.6338,1.63384,1.00,1.00
2016.05.31 03:35:11.573,1.63378,1.63384,1.00,1.00
2016.05.31 03:35:12.081,1.63379,1.63384,1.00,1.00
2016.05.31 03:35:12.183,1.63376,1.63384,1.00,1.00
2016.05.31 03:35:12.234,1.63376,1.63382,1.00,1.12
2016.05.31 03:35:12.518,1.63376,1.63385,1.00,1.00
2016.05.31 03:35:12.925,1.63376,1.63381,1.00,1.12
2016.05.31 03:35:14.364,1.63374,1.63381,1.00,1.12
2016.05.31 03:35:16.248,1.63379,1.63385,1.00,1.00
2016.05.31 03:35:16.315,1.63379,1.63391,1.00,1.45
2016.05.31 03:35:17.153,1.63381,1.63391,1.00,1.45
2016.05.31 03:35:17.357,1.63387,1.63398,1.00,1.22
2016.05.31 03:35:17.408,1.63389,1.634,1.00,1.57
2016.05.31 03:35:17.561,1.6339,1.63402,1.00,1.50
2016.05.31 03:35:18.139,1.6339,1.634,1.00,1.00
2016.05.31 03:35:18.394,1.63386,1.63401,1.00,1.95
2016.05.31 03:35:18.649,1.63388,1.63401,1.00,1.87
2016.05.31 03:35:19.963,1.6339,1.634,1.00,1.07
2016.05.31 03:35:20.217,1.6339,1.63403,1.00,1.50
2016.05.31 03:35:20.269,1.63392,1.63403,1.00,1.50
2016.05.31 03:35:21.043,1.63392,1.63404,1.00,1.12
2016.05.31 03:35:21.094,1.63389,1.63404,1.00,1.50
2016.05.31 03:35:21.611,1.63389,1.63403,1.00,1.20
2016.05.31 03:35:22.667,1.63389,1.63403,1.00,1.45
2016.05.31 03:35:23.052,1.63391,1.63403,1.00,1.45
2016.05.31 03:35:23.560,1.63392,1.63405,1.00,1.20
2016.05.31 03:35:23.611,1.63392,1.63405,1.00,1.07
2016.05.31 03:35:24.184,1.63395,1.63405,1.00,1.07
2016.05.31 03:35:24.716,1.63395,1.63405,1.00,1.50
2016.05.31 03:35:25.037,1.63389,1.63402,1.25,1.00
2016.05.31 03:35:25.140,1.63389,1.63402,1.00,1.12
2016.05.31 03:35:25.344,1.63395,1.63408,1.00,1.87
2016.05.31 03:35:25.395,1.63397,1.63408,1.00,2.25
2016.05.31 03:35:25.722,1.63397,1.63406,1.00,1.12
2016.05.31 03:35:26.787,1.63395,1.63406,1.00,1.12
2016.05.31 03:35:27.067,1.63397,1.63406,1.00,1.12
2016.05.31 03:35:27.424,1.63397,1.63408,1.00,1.75
2016.05.31 03:35:27.475,1.63399,1.63408,1.00,1.75
2016.05.31 03:35:27.831,1.63397,1.63409,1.00,1.12
2016.05.31 03:35:27.882,1.63397,1.63407,1.00,1.12
2016.05.31 03:35:28.187,1.63399,1.63411,1.00,1.75
2016.05.31 03:35:28.441,1.63399,1.63411,1.00,1.75
2016.05.31 03:35:28.946,1.63399,1.63412,1.19,1.12
2016.05.31 03:35:29.503,1.63399,1.63414,1.19,1.12
2016.05.31 03:35:29.605,1.63399,1.63414,1.00,1.12
2016.05.31 03:35:29.859,1.63399,1.63412,1.00,1.12
2016.05.31 03:35:30.164,1.63399,1.63412,1.00,1.12
2016.05.31 03:35:30.370,1.63399,1.63416,1.00,1.45
2016.05.31 03:35:33.264,1.63399,1.63417,1.25,2.25
2016.05.31 03:35:33.315,1.63399,1.63417,1.25,2.25
2016.05.31 03:35:33.824,1.634,1.6342,1.19,1.50
2016.05.31 03:35:34.035,1.63408,1.6342,1.00,1.50
2016.05.31 03:35:36.348,1.6341,1.6342,1.00,1.87
2016.05.31 03:35:36.400,1.63408,1.6342,1.00,1.12
2016.05.31 03:35:36.451,1.63408,1.63422,1.00,1.57
2016.05.31 03:35:36.553,1.63408,1.6342,1.00,1.12
2016.05.31 03:35:36.605,1.63406,1.6342,1.00,1.12
2016.05.31 03:35:36.656,1.63406,1.6342,1.19,1.50
2016.05.31 03:35:37.178,1.63405,1.63419,1.19,1.87
2016.05.31 03:35:37.484,1.63405,1.63416,1.19,1.12
2016.05.31 03:35:37.840,1.63401,1.63415,1.00,1.10
2016.05.31 03:35:37.893,1.63399,1.63412,1.00,1.12
2016.05.31 03:35:37.944,1.63394,1.63412,1.00,1.12
2016.05.31 03:35:37.996,1.63396,1.63407,1.00,1.12
2016.05.31 03:35:38.099,1.63394,1.63407,1.00,1.87
2016.05.31 03:35:38.390,1.63396,1.63407,1.00,1.12
2016.05.31 03:35:38.442,1.63396,1.63409,1.00,1.20
2016.05.31 03:35:39.306,1.63392,1.63407,1.19,1.10
2016.05.31 03:35:39.408,1.63391,1.63406,1.00,1.20
2016.05.31 03:35:39.510,1.63391,1.63406,1.00,1.57
2016.05.31 03:35:39.829,1.63393,1.63406,1.19,1.87
2016.05.31 03:35:40.085,1.63396,1.63409,1.00,1.20
2016.05.31 03:35:40.389,1.63396,1.63406,1.00,1.00
2016.05.31 03:35:40.897,1.63395,1.63405,1.25,1.10
2016.05.31 03:35:41.494,1.63392,1.63405,1.00,1.10
2016.05.31 03:35:43.111,1.63395,1.63405,1.00,1.20
2016.05.31 03:35:43.323,1.63395,1.63407,1.25,1.10
2016.05.31 03:35:44.035,1.63395,1.63409,1.25,1.10
2016.05.31 03:35:44.491,1.63395,1.63409,1.25,1.87
2016.05.31 03:35:44.834,1.63395,1.63405,1.00,1.00
2016.05.31 03:35:44.885,1.63393,1.63408,1.00,1.87
2016.05.31 03:35:45.039,1.63393,1.63406,1.00,1.87
2016.05.31 03:35:45.345,1.63396,1.63406,1.00,1.10
2016.05.31 03:35:46.336,1.63396,1.63406,1.00,1.12
2016.05.31 03:35:47.478,1.63394,1.63407,1.25,1.10
2016.05.31 03:35:47.796,1.63395,1.63407,1.00,1.87
2016.05.31 03:35:48.305,1.63395,1.63408,1.00,2.32
2016.05.31 03:35:48.813,1.63396,1.63409,1.00,1.87
2016.05.31 03:35:48.865,1.63393,1.63409,1.00,1.87
2016.05.31 03:35:49.151,1.63392,1.63407,1.00,1.85
2016.05.31 03:35:51.221,1.63392,1.63406,1.00,1.50
2016.05.31 03:35:51.425,1.63389,1.63405,1.25,1.12
2016.05.31 03:35:51.476,1.63386,1.63404,1.00,1.47
2016.05.31 03:35:51.528,1.63386,1.63403,1.00,1.50
2016.05.31 03:35:51.836,1.63387,1.634,1.00,1.47
2016.05.31 03:35:51.887,1.63385,1.63401,1.00,1.50
2016.05.31 03:35:52.358,1.63386,1.63399,1.19,1.75
2016.05.31 03:35:52.410,1.63386,1.63401,1.19,1.12
2016.05.31 03:35:52.512,1.63391,1.63401,1.00,1.12
2016.05.31 03:35:52.716,1.63391,1.63405,1.00,1.12
2016.05.31 03:35:53.376,1.63391,1.63403,1.00,1.12
2016.05.31 03:35:53.614,1.63394,1.63408,1.00,2.25
2016.05.31 03:35:54.122,1.63397,1.63409,1.00,1.12
2016.05.31 03:35:54.376,1.63399,1.63412,1.00,1.12
2016.05.31 03:35:54.687,1.63401,1.6341,1.25,1.20
2016.05.31 03:35:54.930,1.63405,1.63414,1.00,1.50
2016.05.31 03:35:54.991,1.63402,1.63415,1.00,2.25
2016.05.31 03:35:55.043,1.63402,1.6341,1.00,1.12
2016.05.31 03:35:55.551,1.63404,1.63411,1.00,1.12
2016.05.31 03:35:55.704,1.63404,1.63413,1.00,1.57
2016.05.31 03:35:55.908,1.634,1.63414,1.00,1.87
2016.05.31 03:35:56.060,1.63398,1.63414,1.25,1.87
2016.05.31 03:35:56.164,1.63398,1.63413,1.25,1.10
2016.05.31 03:35:56.317,1.634,1.63413,1.00,1.50
2016.05.31 03:35:56.829,1.63401,1.63413,1.00,1.12
2016.05.31 03:35:56.880,1.63399,1.63413,1.00,1.12
2016.05.31 03:35:57.047,1.63399,1.63414,1.00,1.20
2016.05.31 03:35:57.594,1.634,1.63415,1.00,1.87
2016.05.31 03:35:58.914,1.634,1.63417,1.00,1.95
2016.05.31 03:35:59.709,1.63402,1.63417,1.00,1.47
2016.05.31 03:35:59.862,1.634,1.63417,1.00,1.95
2016.05.31 03:35:59.913,1.634,1.63417,1.00,1.27
2016.05.31 03:36:00.268,1.63403,1.63418,1.00,1.87
2016.05.31 03:36:02.164,1.63401,1.63418,1.00,3.00
2016.05.31 03:36:02.670,1.63411,1.63417,1.00,1.27
2016.05.31 03:36:02.905,1.63412,1.63426,1.00,2.25
2016.05.31 03:36:02.956,1.63414,1.63427,1.00,1.00
2016.05.31 03:36:03.211,1.63412,1.63426,1.00,1.00
2016.05.31 03:36:04.176,1.63412,1.63427,1.00,1.00
2016.05.31 03:36:06.495,1.6341,1.63427,1.19,1.20
2016.05.31 03:36:06.546,1.63407,1.63427,1.00,1.09
2016.05.31 03:36:06.598,1.63407,1.63426,1.00,1.57
2016.05.31 03:36:06.903,1.63407,1.63425,1.00,1.12
2016.05.31 03:36:07.225,1.6341,1.63426,1.00,1.20
2016.05.31 03:36:07.378,1.63411,1.63428,1.00,2.44
2016.05.31 03:36:07.906,1.6341,1.63425,1.00,1.20
2016.05.31 03:36:08.223,1.6341,1.63424,1.00,1.47
2016.05.31 03:36:08.580,1.6341,1.63426,1.00,1.07
2016.05.31 03:36:08.834,1.63407,1.63425,1.00,1.47
2016.05.31 03:36:08.936,1.63407,1.63422,1.00,1.00
2016.05.31 03:36:09.476,1.63407,1.63423,1.00,1.20
2016.05.31 03:36:09.983,1.63407,1.63422,1.00,1.00
2016.05.31 03:36:10.533,1.63407,1.63423,1.00,1.20
2016.05.31 03:36:11.287,1.63407,1.63423,1.00,1.65
2016.05.31 03:36:11.643,1.63407,1.63422,1.00,2.25
2016.05.31 03:36:13.233,1.63409,1.63421,1.00,1.07
2016.05.31 03:36:13.336,1.63407,1.63422,1.00,2.81
2016.05.31 03:36:13.387,1.63407,1.63422,1.00,1.20
2016.05.31 03:36:13.489,1.63407,1.63422,1.00,2.62
2016.05.31 03:36:13.744,1.63407,1.63422,1.00,2.02
2016.05.31 03:36:14.254,1.63407,1.63422,1.00,3.52
2016.05.31 03:36:14.559,1.63404,1.63422,1.00,4.87
2016.05.31 03:36:14.712,1.63404,1.63422,1.00,4.87
2016.05.31 03:36:15.219,1.63404,1.63422,1.00,4.87
2016.05.31 03:36:15.544,1.63406,1.63422,1.00,3.00
2016.05.31 03:36:16.223,1.63404,1.63422,1.00,2.62
2016.05.31 03:36:16.730,1.63404,1.63421,1.00,1.65
2016.05.31 03:36:17.137,1.63402,1.63422,1.00,4.12
2016.05.31 03:36:17.239,1.63402,1.63422,1.00,2.62
2016.05.31 03:36:18.185,1.63405,1.63421,1.00,1.27
2016.05.31 03:36:18.287,1.63403,1.63422,1.00,3.37
2016.05.31 03:36:19.450,1.63403,1.6342,1.00,2.25
2016.05.31 03:36:20.605,1.63405,1.6342,1.00,1.12
2016.05.31 03:36:20.656,1.63403,1.63421,1.00,1.07
2016.05.31 03:36:20.809,1.63405,1.63421,1.00,1.07
2016.05.31 03:36:22.781,1.63407,1.63421,1.00,1.50
2016.05.31 03:36:23.298,1.63407,1.63418,1.00,1.12
2016.05.31 03:36:23.805,1.63406,1.63417,1.00,1.12
2016.05.31 03:36:24.467,1.63403,1.63417,1.00,1.12
2016.05.31 03:36:25.137,1.63401,1.63417,1.00,1.50
2016.05.31 03:36:26.715,1.634,1.63416,1.00,1.45
2016.05.31 03:36:26.817,1.63398,1.63414,1.00,1.20
2016.05.31 03:36:27.072,1.63389,1.63408,1.00,2.25
2016.05.31 03:36:27.174,1.63389,1.63406,1.00,1.50
2016.05.31 03:36:27.478,1.63387,1.63404,1.00,1.85
2016.05.31 03:36:27.951,1.6339,1.63405,1.00,1.12
2016.05.31 03:36:28.684,1.6339,1.63406,1.00,1.87
2016.05.31 03:36:32.906,1.63391,1.63406,1.00,1.87
2016.05.31 03:36:33.119,1.63394,1.63406,1.00,1.50
2016.05.31 03:36:33.425,1.63397,1.63414,1.00,1.12
2016.05.31 03:36:33.527,1.63399,1.63414,1.00,1.12
2016.05.31 03:36:33.731,1.63397,1.63413,1.00,1.95
2016.05.31 03:36:34.143,1.63395,1.63412,1.00,1.50
2016.05.31 03:36:34.960,1.63393,1.63411,1.00,1.57
2016.05.31 03:36:35.816,1.63391,1.6341,1.00,1.10
2016.05.31 03:36:36.322,1.63391,1.6341,1.00,1.57
2016.05.31 03:36:36.830,1.63392,1.63412,1.10,2.25
2016.05.31 03:36:39.464,1.63391,1.6341,1.10,3.00
2016.05.31 03:36:40.838,1.63388,1.63409,1.76,2.25
2016.05.31 03:36:41.144,1.63387,1.63403,1.00,1.87
2016.05.31 03:36:41.348,1.6339,1.6341,1.00,1.57
2016.05.31 03:36:43.625,1.6339,1.63407,1.00,1.00
2016.05.31 03:36:44.083,1.63392,1.6341,1.00,1.87
2016.05.31 03:36:45.627,1.63394,1.63409,1.00,1.10
2016.05.31 03:36:46.134,1.63394,1.63412,1.25,1.87
2016.05.31 03:36:46.634,1.63395,1.63413,1.00,1.12
2016.05.31 03:36:47.404,1.63397,1.63414,1.00,2.70
2016.05.31 03:36:47.506,1.63397,1.63415,1.00,1.50
2016.05.31 03:36:47.608,1.634,1.63417,1.00,1.87
2016.05.31 03:36:47.710,1.63402,1.6342,1.00,1.50
2016.05.31 03:36:49.389,1.63398,1.63421,2.51,2.70
2016.05.31 03:36:49.797,1.63384,1.63401,1.31,1.92
2016.05.31 03:36:50.000,1.63382,1.634,1.00,1.12
2016.05.31 03:36:50.256,1.63385,1.63401,1.00,2.30
2016.05.31 03:36:50.511,1.63387,1.63404,1.00,1.12
2016.05.31 03:36:50.888,1.6339,1.63401,1.00,1.00
2016.05.31 03:36:51.193,1.6339,1.63404,1.00,1.20
2016.05.31 03:36:51.601,1.63387,1.63401,1.00,1.00
2016.05.31 03:36:52.108,1.63387,1.634,1.00,1.00
2016.05.31 03:36:52.585,1.63385,1.634,1.00,1.00
2016.05.31 03:36:52.839,1.63385,1.63403,1.00,1.20
2016.05.31 03:36:53.398,1.63386,1.63404,1.00,1.87
2016.05.31 03:36:53.914,1.63385,1.63403,1.00,1.20
2016.05.31 03:36:54.124,1.63387,1.63404,1.00,1.12
2016.05.31 03:36:54.276,1.63385,1.63402,1.00,1.10
2016.05.31 03:36:54.327,1.63385,1.63402,1.00,1.50
2016.05.31 03:36:55.453,1.63385,1.63404,1.00,2.25
2016.05.31 03:36:55.707,1.63387,1.63404,1.00,1.12
2016.05.31 03:36:56.250,1.63387,1.63406,1.00,2.25
2016.05.31 03:36:56.352,1.63385,1.63404,1.10,1.12
2016.05.31 03:36:56.505,1.63385,1.63401,1.00,1.00
2016.05.31 03:36:56.607,1.63383,1.63401,1.00,1.00
2016.05.31 03:36:57.156,1.63383,1.63401,1.00,1.12
2016.05.31 03:36:57.258,1.63381,1.634,1.10,1.10
2016.05.31 03:36:57.635,1.63379,1.63398,1.39,1.12
2016.05.31 03:36:58.142,1.63376,1.63397,1.31,1.12
2016.05.31 03:36:58.649,1.63374,1.63396,1.29,2.62
2016.05.31 03:36:58.701,1.63374,1.63394,1.25,1.12
2016.05.31 03:36:59.572,1.63379,1.63394,1.00,1.12
2016.05.31 03:36:59.826,1.63381,1.63401,1.00,2.44
2016.05.31 03:36:59.878,1.63384,1.63401,1.00,2.44
2016.05.31 03:37:00.385,1.63384,1.63398,1.00,1.00
2016.05.31 03:37:03.093,1.63379,1.63398,2.44,1.00
2016.05.31 03:37:04.419,1.63379,1.63398,2.81,1.00
2016.05.31 03:37:05.322,1.63379,1.63399,3.56,1.00
2016.05.31 03:37:05.900,1.63379,1.63398,2.81,1.00
2016.05.31 03:37:06.774,1.63379,1.63397,2.06,1.00
2016.05.31 03:37:06.825,1.63379,1.63397,1.31,1.00
2016.05.31 03:37:07.028,1.63379,1.63399,1.39,1.10
2016.05.31 03:37:07.536,1.63379,1.63399,2.06,1.00
2016.05.31 03:37:07.657,1.63379,1.63397,1.31,1.00
2016.05.31 03:37:08.918,1.63379,1.63399,2.06,1.00
2016.05.31 03:37:09.132,1.6338,1.63399,1.39,1.00
2016.05.31 03:37:12.540,1.6338,1.63398,1.39,1.00
2016.05.31 03:37:18.855,1.63384,1.63399,1.19,1.20
2016.05.31 03:37:19.378,1.63384,1.63399,1.19,1.00
2016.05.31 03:37:19.908,1.63384,1.63402,1.19,1.87
2016.05.31 03:37:20.372,1.63384,1.63402,1.19,1.10
2016.05.31 03:37:22.914,1.6339,1.63405,1.19,1.10
2016.05.31 03:37:23.518,1.6339,1.63406,1.19,1.00
2016.05.31 03:37:25.996,1.6339,1.63406,1.31,1.12
2016.05.31 03:37:28.126,1.6339,1.63409,1.19,1.50
2016.05.31 03:37:29.073,1.6339,1.63405,1.19,1.00
2016.05.31 03:37:29.631,1.6339,1.63404,1.19,1.00
2016.05.31 03:37:30.078,1.63387,1.63404,1.01,1.00
2016.05.31 03:37:33.769,1.63387,1.63401,1.01,1.00
2016.05.31 03:37:33.821,1.63384,1.63401,1.39,1.00
2016.05.31 03:37:34.024,1.63383,1.63399,1.19,1.00
2016.05.31 03:37:34.813,1.63383,1.63397,1.19,1.00
2016.05.31 03:37:35.119,1.63383,1.63399,1.19,1.00
2016.05.31 03:37:35.272,1.63383,1.63397,1.19,1.00
2016.05.31 03:37:35.998,1.63383,1.63396,1.19,1.00
2016.05.31 03:37:36.145,1.6338,1.63396,1.19,1.00
2016.05.31 03:37:40.353,1.6338,1.63398,1.19,1.20
2016.05.31 03:37:40.620,1.63382,1.63399,1.19,1.00
2016.05.31 03:37:40.671,1.63382,1.63401,1.19,1.00
2016.05.31 03:37:41.461,1.63384,1.63404,1.25,1.10
2016.05.31 03:37:42.927,1.63389,1.63409,1.00,1.87
2016.05.31 03:37:42.978,1.63391,1.63411,1.00,2.25
2016.05.31 03:37:43.148,1.63393,1.63411,1.19,1.00
2016.05.31 03:37:43.453,1.63394,1.63413,2.06,1.00
2016.05.31 03:37:43.961,1.63394,1.63412,2.06,1.00
2016.05.31 03:37:45.585,1.63394,1.63414,2.06,1.00
2016.05.31 03:37:48.688,1.63394,1.63412,2.06,1.00
2016.05.31 03:37:49.195,1.63394,1.63411,1.19,1.00
2016.05.31 03:37:49.500,1.63399,1.63412,1.19,1.00
2016.05.31 03:37:53.085,1.63399,1.63411,1.19,1.00
2016.05.31 03:37:53.137,1.63394,1.63411,1.39,1.00
2016.05.31 03:37:53.290,1.63399,1.63412,1.19,1.00
2016.05.31 03:37:53.341,1.63399,1.63415,1.19,1.20
2016.05.31 03:37:53.443,1.63399,1.63417,1.19,1.12
2016.05.31 03:37:53.495,1.63402,1.63417,1.19,1.00
2016.05.31 03:37:56.188,1.63402,1.63418,1.19,1.10
2016.05.31 03:37:56.239,1.63398,1.63418,1.76,1.10
2016.05.31 03:37:56.341,1.63402,1.63417,1.69,1.00
2016.05.31 03:37:56.858,1.63402,1.63418,1.19,2.25
2016.05.31 03:37:58.071,1.63402,1.63418,1.31,1.10
2016.05.31 03:37:58.529,1.63406,1.63422,1.25,1.87
2016.05.31 03:37:58.631,1.63406,1.63422,1.25,1.10
2016.05.31 03:37:59.435,1.63406,1.63423,1.25,1.10
2016.05.31 03:38:00.077,1.63406,1.63423,1.19,1.00
2016.05.31 03:38:00.737,1.63411,1.63425,1.00,1.10
2016.05.31 03:38:00.890,1.63411,1.63433,1.50,3.50
2016.05.31 03:38:00.942,1.63414,1.63434,1.00,1.18
2016.05.31 03:38:01.095,1.6342,1.63439,1.01,1.50
2016.05.31 03:38:01.223,1.63425,1.63441,1.19,1.50
2016.05.31 03:38:01.275,1.63425,1.63441,1.19,1.00
2016.05.31 03:38:01.428,1.63431,1.6345,1.01,1.86
2016.05.31 03:38:01.619,1.63437,1.63453,1.19,2.25
2016.05.31 03:38:01.978,1.63441,1.6346,1.19,1.50
2016.05.31 03:38:02.080,1.63447,1.63463,1.19,1.87
2016.05.31 03:38:02.284,1.63449,1.63465,1.19,1.57
2016.05.31 03:38:02.386,1.63451,1.63465,1.19,1.10
2016.05.31 03:38:02.901,1.63457,1.63465,1.25,1.00
2016.05.31 03:38:03.209,1.63455,1.63466,1.19,1.00
2016.05.31 03:38:03.516,1.63457,1.63465,1.25,1.00
2016.05.31 03:38:03.619,1.63459,1.63466,1.25,1.00
2016.05.31 03:38:03.887,1.63462,1.63481,1.19,1.12
2016.05.31 03:38:03.939,1.6346,1.6348,1.29,1.12
2016.05.31 03:38:04.041,1.63457,1.63475,1.19,1.00
2016.05.31 03:38:04.245,1.63454,1.63475,1.19,2.25
2016.05.31 03:38:04.296,1.63454,1.63474,1.19,1.12
2016.05.31 03:38:04.601,1.63454,1.6347,1.19,1.85
2016.05.31 03:38:04.703,1.63444,1.63465,1.94,1.75
2016.05.31 03:38:04.805,1.63444,1.63463,1.19,1.12
2016.05.31 03:38:04.857,1.63444,1.63458,1.19,1.00
2016.05.31 03:38:04.992,1.63444,1.63463,1.56,1.50
2016.05.31 03:38:05.504,1.63443,1.63463,1.19,1.12
2016.05.31 03:38:06.675,1.63443,1.63461,1.19,1.12
2016.05.31 03:38:06.980,1.63443,1.63458,1.19,1.12
2016.05.31 03:38:07.287,1.63447,1.63461,1.19,1.12
2016.05.31 03:38:07.338,1.63447,1.63462,1.19,1.75
2016.05.31 03:38:07.863,1.63447,1.63463,1.19,1.12
2016.05.31 03:38:08.118,1.63447,1.63466,1.69,1.12
2016.05.31 03:38:08.627,1.63446,1.6347,2.51,1.12
2016.05.31 03:38:08.679,1.63447,1.63471,1.94,2.25
2016.05.31 03:38:08.932,1.63447,1.63464,1.94,1.00
2016.05.31 03:38:09.034,1.63443,1.63463,2.04,1.00
2016.05.31 03:38:09.219,1.63439,1.63462,4.69,1.12
2016.05.31 03:38:09.270,1.63439,1.63462,1.69,1.20
2016.05.31 03:38:09.321,1.63439,1.63462,1.31,1.87
2016.05.31 03:38:09.626,1.63445,1.6346,1.19,1.75
2016.05.31 03:38:09.678,1.63442,1.6346,1.19,1.75
2016.05.31 03:38:10.412,1.63442,1.63462,1.19,1.12
2016.05.31 03:38:10.667,1.63444,1.63462,1.19,1.12
2016.05.31 03:38:12.097,1.63448,1.63462,1.19,1.12
2016.05.31 03:38:12.304,1.63444,1.63462,1.19,1.12
2016.05.31 03:38:12.508,1.63444,1.6346,1.19,1.12
2016.05.31 03:38:12.712,1.63444,1.63463,1.19,1.12
2016.05.31 03:38:12.763,1.63446,1.63463,1.19,1.12
2016.05.31 03:38:14.173,1.63446,1.63466,1.76,1.12
2016.05.31 03:38:14.696,1.63446,1.63465,1.69,1.12
2016.05.31 03:38:17.152,1.63448,1.63468,1.69,1.95
2016.05.31 03:38:17.254,1.63448,1.63468,1.69,1.57
2016.05.31 03:38:17.508,1.63448,1.63468,1.19,1.57
2016.05.31 03:38:17.849,1.63449,1.63469,1.19,2.25
2016.05.31 03:38:18.154,1.6345,1.63468,1.19,1.12
2016.05.31 03:38:18.662,1.63452,1.63469,1.19,1.12
2016.05.31 03:38:18.764,1.63452,1.6347,1.19,1.12
2016.05.31 03:38:18.917,1.63452,1.6347,1.69,1.12
2016.05.31 03:38:19.453,1.63452,1.63473,1.19,1.75
2016.05.31 03:38:20.659,1.63452,1.63474,1.19,1.75
2016.05.31 03:38:21.763,1.63454,1.63478,1.69,1.50
2016.05.31 03:38:21.865,1.63459,1.63481,1.19,1.12
2016.05.31 03:38:21.967,1.6346,1.63481,1.31,1.12
2016.05.31 03:38:22.019,1.63462,1.63483,2.44,1.75
2016.05.31 03:38:22.071,1.63464,1.63488,1.01,1.12
2016.05.31 03:38:22.266,1.63467,1.63492,1.31,1.12
2016.05.31 03:38:22.574,1.63472,1.63496,1.19,4.50
2016.05.31 03:38:22.626,1.63472,1.63496,1.69,1.12
2016.05.31 03:38:22.728,1.63474,1.63497,1.31,2.62
2016.05.31 03:38:22.880,1.63473,1.63497,1.01,1.00
2016.05.31 03:38:22.982,1.63473,1.63502,1.64,2.44
2016.05.31 03:38:23.084,1.63476,1.63503,1.19,2.81
2016.05.31 03:38:23.187,1.63476,1.63503,2.04,1.25
2016.05.31 03:38:23.436,1.63482,1.63507,1.60,1.29
2016.05.31 03:38:23.539,1.63483,1.63511,2.01,2.83
2016.05.31 03:38:23.846,1.63484,1.63508,1.57,1.19
2016.05.31 03:38:23.948,1.63484,1.63507,1.20,1.19
2016.05.31 03:38:24.050,1.63483,1.63504,1.60,1.10
2016.05.31 03:38:24.382,1.6348,1.63502,1.31,1.07
2016.05.31 03:38:24.637,1.63481,1.63505,1.31,1.50
2016.05.31 03:38:24.841,1.63483,1.63507,1.12,1.87
2016.05.31 03:38:25.146,1.63487,1.6351,1.12,1.39
2016.05.31 03:38:25.501,1.63486,1.63509,1.12,1.69
2016.05.31 03:38:25.843,1.63484,1.63506,1.12,1.07
2016.05.31 03:38:25.998,1.63486,1.63508,1.85,1.12
2016.05.31 03:38:26.050,1.63487,1.63511,1.94,1.37
2016.05.31 03:38:26.203,1.63489,1.63516,1.69,1.24
2016.05.31 03:38:26.305,1.6349,1.63517,2.06,2.14
2016.05.31 03:38:26.509,1.63491,1.63515,1.75,2.13
2016.05.31 03:38:27.293,1.63491,1.63514,2.25,1.51
2016.05.31 03:38:27.497,1.63493,1.63516,1.12,1.13
2016.05.31 03:38:28.083,1.63493,1.63516,1.87,1.13
2016.05.31 03:38:28.490,1.63495,1.63517,1.87,1.13
2016.05.31 03:38:28.998,1.63496,1.63518,1.25,2.22
2016.05.31 03:38:29.944,1.63497,1.63518,1.00,1.92
2016.05.31 03:38:30.364,1.635,1.63518,1.12,2.22
2016.05.31 03:38:30.779,1.63498,1.63519,1.12,1.27
2016.05.31 03:38:31.237,1.63495,1.63518,1.12,2.06
2016.05.31 03:38:32.017,1.63495,1.63518,1.12,1.13
2016.05.31 03:38:32.996,1.63493,1.63517,1.20,1.13
2016.05.31 03:38:33.302,1.63492,1.63516,1.10,2.09
2016.05.31 03:38:33.467,1.63491,1.63514,1.12,1.33
2016.05.31 03:38:33.772,1.63494,1.63513,1.75,1.50
2016.05.31 03:38:33.874,1.63492,1.63512,1.12,1.25
2016.05.31 03:38:35.079,1.63492,1.63514,1.12,1.51
2016.05.31 03:38:35.130,1.63493,1.63514,1.12,1.51
2016.05.31 03:38:35.639,1.63493,1.63514,1.50,1.06
2016.05.31 03:38:35.741,1.63491,1.63514,1.50,1.58
2016.05.31 03:38:36.102,1.6349,1.63512,1.57,1.33
2016.05.31 03:38:36.646,1.63489,1.63511,1.12,1.21
2016.05.31 03:38:36.849,1.63493,1.63513,1.00,1.63
2016.05.31 03:38:36.901,1.63493,1.63513,1.75,1.25
2016.05.31 03:38:37.307,1.63495,1.63518,1.12,1.72
2016.05.31 03:38:37.792,1.63492,1.63516,1.87,1.13
2016.05.31 03:38:38.542,1.63492,1.63516,1.12,1.13
2016.05.31 03:38:38.797,1.63493,1.63517,1.12,1.06
2016.05.31 03:38:39.753,1.63496,1.63519,1.20,2.96
2016.05.31 03:38:40.062,1.63501,1.63518,1.87,1.53
2016.05.31 03:38:42.451,1.63502,1.63518,1.20,2.40
2016.05.31 03:38:42.823,1.635,1.63518,1.12,1.63
2016.05.31 03:38:42.874,1.63497,1.63518,1.00,1.73
2016.05.31 03:38:44.600,1.63499,1.63518,1.00,3.31
2016.05.31 03:38:45.107,1.63499,1.63518,1.19,2.40
2016.05.31 03:38:45.431,1.63497,1.63517,1.50,1.56
2016.05.31 03:38:45.858,1.63496,1.63515,1.00,1.68
2016.05.31 03:38:46.366,1.63496,1.63515,1.00,1.68
2016.05.31 03:38:47.423,1.63496,1.63514,1.00,2.26
2016.05.31 03:38:47.525,1.63496,1.63514,1.00,1.33
2016.05.31 03:38:48.034,1.63498,1.63515,1.00,1.62
2016.05.31 03:38:48.339,1.63498,1.63518,2.51,1.53
2016.05.31 03:38:48.864,1.635,1.63518,1.39,2.40
2016.05.31 03:38:49.180,1.63507,1.63518,1.00,1.62
2016.05.31 03:38:49.231,1.63518,1.63523,1.00,1.12
2016.05.31 03:38:49.384,1.63522,1.63538,1.00,1.39
2016.05.31 03:38:49.435,1.63517,1.6354,1.00,1.94
2016.05.31 03:38:49.537,1.63518,1.63543,2.22,1.31
2016.05.31 03:38:49.588,1.63521,1.63546,1.75,1.37
2016.05.31 03:38:49.786,1.63519,1.63544,1.12,1.31
2016.05.31 03:38:49.941,1.63517,1.63541,1.84,1.94
2016.05.31 03:38:50.042,1.63517,1.63535,1.84,1.12
2016.05.31 03:38:50.348,1.63517,1.63528,1.07,1.00
2016.05.31 03:38:50.450,1.63517,1.63542,1.12,1.01
2016.05.31 03:38:50.653,1.63517,1.63535,1.12,1.12
2016.05.31 03:38:50.983,1.63517,1.63542,1.12,1.07
2016.05.31 03:38:51.389,1.63512,1.6354,1.95,1.01
2016.05.31 03:38:51.440,1.63512,1.63536,1.27,2.00
2016.05.31 03:38:51.491,1.63512,1.63535,1.20,1.12
2016.05.31 03:38:51.796,1.6351,1.6352,1.57,1.00
2016.05.31 03:38:51.948,1.6351,1.63534,1.57,1.75
2016.05.31 03:38:52.050,1.63514,1.63536,1.00,1.31
2016.05.31 03:38:52.214,1.63514,1.63536,1.12,1.20
2016.05.31 03:38:52.520,1.63513,1.63536,2.32,1.31
2016.05.31 03:38:52.828,1.63513,1.63534,1.00,1.12
2016.05.31 03:38:52.879,1.63511,1.63534,1.10,1.12
2016.05.31 03:38:52.981,1.63513,1.63533,1.00,1.01
2016.05.31 03:38:53.287,1.63508,1.63529,1.12,2.44
2016.05.31 03:38:53.606,1.63504,1.6352,1.12,1.80
2016.05.31 03:38:53.912,1.63503,1.63518,1.57,2.22
2016.05.31 03:38:54.370,1.63506,1.63518,1.00,1.62
2016.05.31 03:38:54.691,1.63503,1.63518,1.00,1.80
2016.05.31 03:38:55.575,1.63503,1.63519,1.50,1.44
2016.05.31 03:38:56.182,1.63503,1.63528,1.87,1.30
2016.05.31 03:38:56.284,1.63509,1.63529,1.12,1.57
2016.05.31 03:38:56.335,1.63509,1.6353,1.50,1.01
2016.05.31 03:38:56.540,1.63512,1.63531,1.50,1.31
2016.05.31 03:38:56.642,1.63512,1.63533,1.00,1.31
2016.05.31 03:38:57.173,1.63511,1.63533,1.00,1.31
2016.05.31 03:38:57.318,1.63508,1.63532,1.75,1.39
2016.05.31 03:38:57.476,1.63509,1.63532,1.00,1.76
2016.05.31 03:38:57.731,1.63508,1.63522,1.50,1.12
2016.05.31 03:38:57.986,1.63509,1.63529,1.00,1.19
2016.05.31 03:38:58.088,1.63506,1.63529,1.37,1.19
2016.05.31 03:38:58.342,1.63505,1.63522,1.00,1.37
2016.05.31 03:38:58.618,1.63508,1.63529,1.75,1.01
2016.05.31 03:38:58.669,1.63508,1.63532,1.75,1.01
2016.05.31 03:38:58.875,1.63509,1.63533,1.12,1.69
2016.05.31 03:38:59.283,1.63509,1.63534,1.12,2.44
2016.05.31 03:38:59.385,1.63508,1.63529,1.75,1.00
2016.05.31 03:38:59.908,1.63509,1.63529,1.12,1.00
2016.05.31 03:39:00.064,1.6351,1.63529,1.12,1.00
2016.05.31 03:39:00.268,1.63511,1.63529,1.00,1.00
2016.05.31 03:39:01.389,1.63512,1.63531,1.12,1.10
2016.05.31 03:39:01.543,1.63514,1.63533,1.00,1.57
2016.05.31 03:39:01.798,1.6352,1.63546,1.87,1.31
2016.05.31 03:39:02.140,1.63522,1.63548,1.87,1.75
2016.05.31 03:39:02.293,1.63524,1.63549,1.85,1.12
2016.05.31 03:39:02.600,1.63525,1.63549,3.00,1.12
2016.05.31 03:39:02.804,1.63528,1.63552,1.50,1.12
2016.05.31 03:39:03.689,1.63525,1.63551,2.62,1.12
2016.05.31 03:39:03.893,1.63523,1.63548,2.25,1.75
2016.05.31 03:39:04.046,1.63522,1.63547,1.76,1.12
2016.05.31 03:39:04.424,1.63521,1.63545,1.20,1.75
2016.05.31 03:39:04.475,1.6352,1.63545,1.12,1.94
2016.05.31 03:39:04.577,1.63516,1.63545,1.57,2.06
2016.05.31 03:39:04.679,1.63516,1.63541,1.20,1.60
2016.05.31 03:39:04.985,1.63509,1.63535,1.12,1.76
2016.05.31 03:39:05.036,1.63509,1.63535,1.12,1.01
2016.05.31 03:39:05.432,1.6351,1.63535,1.50,1.94
2016.05.31 03:39:05.587,1.63515,1.63539,1.45,1.01
2016.05.31 03:39:05.638,1.63515,1.63539,1.50,1.01
2016.05.31 03:39:05.690,1.63516,1.6354,1.20,1.31
2016.05.31 03:39:05.997,1.63517,1.63542,1.07,1.31
2016.05.31 03:39:06.932,1.63517,1.63541,1.50,1.31
2016.05.31 03:39:07.187,1.63505,1.63529,1.45,1.12
2016.05.31 03:39:07.238,1.63504,1.63528,1.12,1.12
2016.05.31 03:39:07.289,1.63502,1.63526,1.20,1.75
2016.05.31 03:39:07.340,1.63502,1.63525,1.10,1.12
2016.05.31 03:39:07.493,1.63497,1.63522,3.37,1.12
2016.05.31 03:39:07.595,1.63496,1.63521,1.87,1.12
2016.05.31 03:39:08.098,1.63496,1.63519,1.50,1.31
2016.05.31 03:39:08.403,1.63498,1.63522,1.57,1.01
2016.05.31 03:39:08.707,1.635,1.63524,1.87,1.39
2016.05.31 03:39:08.758,1.635,1.63526,1.87,1.94
2016.05.31 03:39:08.810,1.63504,1.63527,1.37,1.94
2016.05.31 03:39:08.861,1.63505,1.63529,1.12,1.29
2016.05.31 03:39:08.913,1.63506,1.63529,1.87,1.29
2016.05.31 03:39:08.964,1.6351,1.63534,1.12,1.31
2016.05.31 03:39:09.466,1.63511,1.63534,1.12,1.29
2016.05.31 03:39:09.975,1.6351,1.63534,1.12,1.31
2016.05.31 03:39:11.640,1.6351,1.63526,1.12,1.19
2016.05.31 03:39:11.851,1.6351,1.63528,1.12,1.19
2016.05.31 03:39:12.055,1.6351,1.63531,1.87,1.25
2016.05.31 03:39:12.208,1.63512,1.63533,1.50,1.00
2016.05.31 03:39:13.306,1.63514,1.63531,1.50,1.00
2016.05.31 03:39:13.680,1.63511,1.63531,1.87,1.00
2016.05.31 03:39:13.731,1.63511,1.63529,1.87,1.00
2016.05.31 03:39:13.884,1.63511,1.63529,1.20,1.00
2016.05.31 03:39:15.169,1.63511,1.63529,1.20,1.19
2016.05.31 03:39:18.880,1.63511,1.63529,1.20,1.19
2016.05.31 03:39:19.396,1.63511,1.63529,1.87,1.19
2016.05.31 03:39:20.868,1.63522,1.63536,1.00,1.12
2016.05.31 03:39:21.180,1.63526,1.63544,1.12,1.00
2016.05.31 03:39:21.638,1.63529,1.63547,1.00,1.00
2016.05.31 03:39:22.574,1.63529,1.63546,1.00,1.00
2016.05.31 03:39:23.681,1.63525,1.63546,1.87,1.25
2016.05.31 03:39:23.733,1.63525,1.63546,1.87,1.19
2016.05.31 03:39:24.163,1.63525,1.63544,1.20,1.19
2016.05.31 03:39:24.703,1.63523,1.63542,1.12,1.00
2016.05.31 03:39:25.557,1.63523,1.63538,1.12,1.00
2016.05.31 03:39:25.828,1.63514,1.63535,3.00,1.00
2016.05.31 03:39:25.895,1.63514,1.63533,1.50,1.00
2016.05.31 03:39:26.410,1.63513,1.63533,1.57,1.00
2016.05.31 03:39:27.506,1.63512,1.63532,1.50,1.00
2016.05.31 03:39:28.241,1.63515,1.63538,1.47,2.04
2016.05.31 03:39:28.546,1.63519,1.63539,1.12,1.19
2016.05.31 03:39:29.868,1.63519,1.6354,1.50,1.00
2016.05.31 03:39:30.244,1.6352,1.63541,2.14,1.00
2016.05.31 03:39:30.296,1.63521,1.63544,2.06,1.12
2016.05.31 03:39:30.397,1.63524,1.63545,2.25,1.00
2016.05.31 03:39:30.732,1.63528,1.63545,1.10,1.00
2016.05.31 03:39:31.274,1.63526,1.63542,1.12,1.00
2016.05.31 03:39:32.368,1.63524,1.63542,1.18,1.00
2016.05.31 03:39:32.726,1.63527,1.63539,1.00,1.00
2016.05.31 03:39:32.879,1.63524,1.63539,1.12,1.00
2016.05.31 03:39:33.286,1.6352,1.63538,2.25,1.00
2016.05.31 03:39:33.337,1.6352,1.63535,1.50,1.00
2016.05.31 03:39:33.555,1.63516,1.63532,1.12,1.00
2016.05.31 03:39:33.962,1.63517,1.63529,1.00,1.00
2016.05.31 03:39:34.370,1.63509,1.63528,1.95,1.00
2016.05.31 03:39:34.573,1.63509,1.63528,1.20,1.00
2016.05.31 03:39:37.652,1.63508,1.63527,1.60,1.00
2016.05.31 03:39:37.804,1.63506,1.63524,1.31,1.00
2016.05.31 03:39:38.344,1.63505,1.63523,2.51,1.00
2016.05.31 03:39:38.929,1.63508,1.63526,1.25,1.00
2016.05.31 03:39:39.031,1.63507,1.63526,1.69,1.00
2016.05.31 03:39:39.185,1.6351,1.63531,1.25,1.57
2016.05.31 03:39:39.760,1.63511,1.63532,1.00,1.18
2016.05.31 03:39:40.172,1.63513,1.63532,1.00,1.18
2016.05.31 03:39:40.274,1.63513,1.63533,1.00,1.75
2016.05.31 03:39:40.376,1.63511,1.63533,1.00,1.75
2016.05.31 03:39:40.981,1.63514,1.63534,1.25,1.18
2016.05.31 03:39:41.287,1.63522,1.63541,1.00,1.12
2016.05.31 03:39:41.592,1.63526,1.63547,1.50,2.12
2016.05.31 03:39:42.050,1.63526,1.63549,1.46,1.75
2016.05.31 03:39:42.309,1.6353,1.63549,1.12,1.75
2016.05.31 03:39:42.462,1.6353,1.63551,1.12,1.80
2016.05.31 03:39:42.564,1.63532,1.63553,1.00,1.93
2016.05.31 03:39:42.717,1.63532,1.63553,1.00,1.20
2016.05.31 03:39:43.390,1.63532,1.63553,1.57,1.00
2016.05.31 03:39:43.909,1.63533,1.63553,1.12,1.00
2016.05.31 03:39:44.741,1.63535,1.63557,1.00,1.74
2016.05.31 03:39:44.792,1.63535,1.63557,1.37,1.74
2016.05.31 03:39:45.095,1.63546,1.63565,1.50,1.37
2016.05.31 03:39:45.610,1.63546,1.63567,1.50,1.12
2016.05.31 03:39:45.713,1.63548,1.63567,1.50,1.31
2016.05.31 03:39:46.003,1.63553,1.63572,1.00,1.31
2016.05.31 03:39:46.055,1.63551,1.63572,1.00,1.31
2016.05.31 03:39:46.157,1.63553,1.63572,1.00,1.31
2016.05.31 03:39:46.260,1.63553,1.6357,1.00,1.01
2016.05.31 03:39:47.354,1.63553,1.6357,1.00,1.31
2016.05.31 03:39:47.406,1.63551,1.63568,1.00,1.12
2016.05.31 03:39:47.817,1.63546,1.63567,1.00,1.20
2016.05.31 03:39:48.368,1.63546,1.63567,1.00,1.87
2016.05.31 03:39:48.990,1.63546,1.63563,1.00,1.00
2016.05.31 03:39:49.245,1.63541,1.63563,1.12,1.12
2016.05.31 03:39:50.187,1.63541,1.63563,1.00,1.50
2016.05.31 03:39:50.491,1.63536,1.63554,1.75,1.00
2016.05.31 03:39:50.543,1.63536,1.63554,1.10,1.00
2016.05.31 03:39:50.748,1.63533,1.63554,2.25,1.00
2016.05.31 03:39:50.901,1.63534,1.63556,1.65,1.20
2016.05.31 03:39:51.104,1.6354,1.63559,1.12,1.00
2016.05.31 03:39:51.978,1.6354,1.63559,1.95,1.00
2016.05.31 03:39:52.080,1.63542,1.63561,1.12,1.00
2016.05.31 03:39:52.385,1.63542,1.63559,1.12,1.00
2016.05.31 03:39:52.691,1.63538,1.63556,2.25,1.00
2016.05.31 03:39:52.743,1.63538,1.63556,1.50,1.00
2016.05.31 03:39:52.997,1.63538,1.63558,2.25,1.12
2016.05.31 03:39:53.366,1.63542,1.63558,1.27,1.00
2016.05.31 03:39:53.418,1.63544,1.63562,1.10,1.00
2016.05.31 03:39:53.622,1.63547,1.63562,1.00,1.00
2016.05.31 03:39:53.826,1.63543,1.63562,1.95,1.00
2016.05.31 03:39:54.029,1.63547,1.63562,1.00,1.20
2016.05.31 03:39:54.284,1.63549,1.63566,1.12,1.12
2016.05.31 03:39:54.387,1.63549,1.63568,1.12,1.39
2016.05.31 03:39:54.640,1.63553,1.63569,1.00,1.39
2016.05.31 03:39:54.945,1.63549,1.63569,1.57,1.19
2016.05.31 03:39:55.098,1.63549,1.63571,2.32,1.76
2016.05.31 03:39:55.355,1.63545,1.63566,1.12,1.57
2016.05.31 03:39:55.407,1.63545,1.63562,1.12,1.25
2016.05.31 03:39:55.562,1.63542,1.63562,1.45,1.00
2016.05.31 03:39:55.765,1.63541,1.63563,1.09,1.50
2016.05.31 03:39:56.071,1.63547,1.6357,1.46,1.50
2016.05.31 03:39:56.224,1.63548,1.6357,1.94,1.50
2016.05.31 03:39:56.377,1.63549,1.6357,1.19,1.50
2016.05.31 03:39:56.429,1.6355,1.6357,1.19,1.50
2016.05.31 03:39:56.740,1.63554,1.63574,1.56,1.75
2016.05.31 03:39:56.791,1.63554,1.63574,1.94,1.12
2016.05.31 03:39:56.979,1.63556,1.63575,2.43,1.50
2016.05.31 03:39:57.031,1.63556,1.63576,2.13,1.00
2016.05.31 03:39:57.185,1.6356,1.6358,1.55,1.75
2016.05.31 03:39:57.237,1.6356,1.6358,2.05,1.10
2016.05.31 03:39:57.340,1.63563,1.63584,1.68,1.20
2016.05.31 03:39:57.442,1.63563,1.63586,2.50,1.00
2016.05.31 03:39:57.494,1.63568,1.63589,1.00,1.66
2016.05.31 03:39:57.799,1.63563,1.63585,1.57,1.76
2016.05.31 03:39:57.902,1.63563,1.63582,1.00,1.94
2016.05.31 03:39:58.183,1.63565,1.63578,1.00,1.19
2016.05.31 03:39:58.692,1.63564,1.63574,1.12,1.19
2016.05.31 03:39:58.895,1.63552,1.63569,1.37,1.19
2016.05.31 03:39:59.150,1.63552,1.63564,1.00,1.19
2016.05.31 03:39:59.632,1.6355,1.63563,1.00,1.19
2016.05.31 03:39:59.684,1.6355,1.63567,1.00,1.19
2016.05.31 03:40:00.199,1.6355,1.63567,1.87,1.19
2016.05.31 03:40:00.885,1.63553,1.63567,1.00,1.19
2016.05.31 03:40:00.988,1.63553,1.63571,1.00,1.39
2016.05.31 03:40:01.040,1.63556,1.63571,1.00,1.29
2016.05.31 03:40:01.387,1.63556,1.63571,1.87,1.19
2016.05.31 03:40:01.900,1.63557,1.63571,1.12,1.19
2016.05.31 03:40:03.186,1.6356,1.63577,1.00,1.19
2016.05.31 03:40:03.440,1.6356,1.63577,2.25,1.19
2016.05.31 03:40:03.746,1.63567,1.63584,1.50,1.39
2016.05.31 03:40:03.797,1.6357,1.63584,1.00,1.31
2016.05.31 03:40:03.849,1.6357,1.63586,1.12,1.19
2016.05.31 03:40:03.900,1.63574,1.63586,1.00,1.19
2016.05.31 03:40:03.952,1.63574,1.6359,1.00,1.39
2016.05.31 03:40:04.613,1.63574,1.63596,1.20,1.31
2016.05.31 03:40:04.664,1.63575,1.63596,1.47,1.31
2016.05.31 03:40:04.970,1.63574,1.6359,1.55,1.19
2016.05.31 03:40:05.175,1.63571,1.6359,1.00,1.76
2016.05.31 03:40:05.442,1.63567,1.63587,1.18,2.44
2016.05.31 03:40:05.544,1.63565,1.63585,1.20,1.01
2016.05.31 03:40:05.595,1.63563,1.63579,1.12,1.19
2016.05.31 03:40:06.760,1.6356,1.63577,1.00,1.31
2016.05.31 03:40:06.913,1.63556,1.63579,1.55,1.39
2016.05.31 03:40:07.421,1.63556,1.63579,1.55,1.76
2016.05.31 03:40:08.917,1.63558,1.63579,1.88,1.19
2016.05.31 03:40:08.968,1.63559,1.63579,1.63,1.19
2016.05.31 03:40:09.121,1.63563,1.63585,1.70,2.44
2016.05.31 03:40:09.223,1.63564,1.63585,1.82,2.44
2016.05.31 03:40:09.496,1.63567,1.63589,1.12,1.01
2016.05.31 03:40:10.027,1.63567,1.63589,1.50,1.01
2016.05.31 03:40:10.534,1.63571,1.63589,1.00,1.01
2016.05.31 03:40:10.865,1.63574,1.63587,1.00,1.19
2016.05.31 03:40:10.930,1.63572,1.63587,1.00,1.19
2016.05.31 03:40:11.133,1.6357,1.63583,1.12,1.19
2016.05.31 03:40:11.235,1.6357,1.6359,1.10,1.31
2016.05.31 03:40:11.338,1.6357,1.6359,1.00,1.87
2016.05.31 03:40:11.439,1.63565,1.6359,1.55,1.87
2016.05.31 03:40:11.541,1.63565,1.63589,1.55,1.39
2016.05.31 03:40:12.121,1.63565,1.63585,1.55,1.19
2016.05.31 03:40:12.636,1.63565,1.63587,1.00,2.06
2016.05.31 03:40:13.152,1.63564,1.63587,1.10,2.06
2016.05.31 03:40:13.687,1.63564,1.63583,1.00,1.20
2016.05.31 03:40:13.992,1.63563,1.63582,1.50,1.19
2016.05.31 03:40:14.834,1.63563,1.63583,1.00,1.75
2016.05.31 03:40:15.747,1.63562,1.63583,1.00,1.75
2016.05.31 03:40:17.484,1.63562,1.63582,1.00,1.69
2016.05.31 03:40:17.586,1.63554,1.63579,2.25,1.94
2016.05.31 03:40:17.739,1.63551,1.63573,1.87,1.31
2016.05.31 03:40:17.790,1.63551,1.63571,1.10,1.60
2016.05.31 03:40:17.995,1.63554,1.63571,1.00,1.94
2016.05.31 03:40:18.047,1.63551,1.6357,1.00,1.31
2016.05.31 03:40:18.707,1.63551,1.63572,1.10,1.31
2016.05.31 03:40:18.997,1.63551,1.63575,1.20,1.69
2016.05.31 03:40:19.353,1.63551,1.63574,1.20,1.26
2016.05.31 03:40:21.575,1.63555,1.63575,1.00,1.31
2016.05.31 03:40:21.779,1.63556,1.63579,1.20,1.31
2016.05.31 03:40:21.931,1.63556,1.63579,1.87,1.01
2016.05.31 03:40:22.249,1.63561,1.6358,1.00,1.31
2016.05.31 03:40:23.817,1.63563,1.63582,1.00,1.94
2016.05.31 03:40:24.121,1.63563,1.63581,1.00,1.31
2016.05.31 03:40:24.718,1.63569,1.63584,1.00,1.01
2016.05.31 03:40:24.769,1.63565,1.63588,1.20,2.04
2016.05.31 03:40:24.871,1.6357,1.63589,1.00,1.31
2016.05.31 03:40:25.381,1.63565,1.63589,2.25,1.94
2016.05.31 03:40:25.433,1.63569,1.63589,1.00,1.31
2016.05.31 03:40:26.878,1.63569,1.63592,1.20,1.01
2016.05.31 03:40:27.192,1.63571,1.63592,1.12,1.66
2016.05.31 03:40:27.876,1.63574,1.63592,1.00,1.66
2016.05.31 03:40:28.806,1.63577,1.63592,1.00,1.66
2016.05.31 03:40:28.969,1.63571,1.63594,1.87,1.14
2016.05.31 03:40:29.378,1.63568,1.63592,1.20,1.64
2016.05.31 03:40:30.710,1.63573,1.63592,1.00,2.14
2016.05.31 03:40:31.855,1.63576,1.63593,1.00,1.74
2016.05.31 03:40:32.902,1.63576,1.63596,1.50,1.37
2016.05.31 03:40:33.442,1.63576,1.63596,1.50,2.12
2016.05.31 03:40:34.247,1.63576,1.63595,1.00,1.84
2016.05.31 03:40:35.404,1.63574,1.63596,1.00,2.44
2016.05.31 03:40:35.557,1.63568,1.63587,1.75,2.51
2016.05.31 03:40:35.726,1.63564,1.63583,1.87,1.69
2016.05.31 03:40:35.777,1.63562,1.63583,1.00,1.31
2016.05.31 03:40:36.134,1.63564,1.63582,1.00,1.39
2016.05.31 03:40:36.185,1.63564,1.63582,1.00,1.19
2016.05.31 03:40:36.237,1.63565,1.63582,1.12,1.19
2016.05.31 03:40:36.542,1.63565,1.63587,1.12,1.76
2016.05.31 03:40:37.466,1.63566,1.63587,1.18,1.29
2016.05.31 03:40:37.619,1.63568,1.6359,1.50,2.81
2016.05.31 03:40:37.721,1.63569,1.6359,1.12,1.39
2016.05.31 03:40:38.255,1.6357,1.63592,1.12,1.76
2016.05.31 03:40:38.636,1.63574,1.63595,1.12,1.76
2016.05.31 03:40:38.687,1.63573,1.63592,1.00,1.31
2016.05.31 03:40:39.308,1.63575,1.63593,1.00,1.12
2016.05.31 03:40:39.360,1.63575,1.63594,1.00,1.87
2016.05.31 03:40:39.884,1.63576,1.63595,1.00,1.01
2016.05.31 03:40:39.936,1.63578,1.63596,1.00,1.12
2016.05.31 03:40:40.484,1.63578,1.63595,1.00,1.01
2016.05.31 03:40:40.997,1.63578,1.63593,1.00,1.01
2016.05.31 03:40:41.505,1.63578,1.63595,1.00,1.31
2016.05.31 03:40:42.041,1.63578,1.63592,1.00,1.29
2016.05.31 03:40:42.348,1.63563,1.63572,1.00,1.19
2016.05.31 03:40:42.451,1.63558,1.6357,1.20,1.19
2016.05.31 03:40:42.604,1.63557,1.6357,1.07,1.29
2016.05.31 03:40:43.216,1.63558,1.6357,1.50,1.29
2016.05.31 03:40:43.572,1.63558,1.63572,1.50,1.19
2016.05.31 03:40:43.623,1.6356,1.63572,1.00,1.19
2016.05.31 03:40:43.928,1.63562,1.63577,1.50,1.29
2016.05.31 03:40:44.436,1.63563,1.63577,1.00,1.29
2016.05.31 03:40:44.972,1.63563,1.63578,1.00,1.19
2016.05.31 03:40:45.124,1.63565,1.63578,1.00,1.19
2016.05.31 03:40:45.328,1.63562,1.63578,1.50,1.19
2016.05.31 03:40:45.431,1.63567,1.63583,1.00,1.76
2016.05.31 03:40:45.758,1.63571,1.6359,1.00,1.76
2016.05.31 03:40:46.279,1.6357,1.6359,1.00,1.39
2016.05.31 03:40:46.787,1.63571,1.6359,1.00,1.39
2016.05.31 03:40:46.940,1.63573,1.6359,1.00,1.39
2016.05.31 03:40:46.992,1.63574,1.63591,1.00,1.56
2016.05.31 03:40:47.495,1.63574,1.63594,1.20,1.56
2016.05.31 03:40:47.878,1.63574,1.63595,1.12,1.01
2016.05.31 03:40:48.082,1.63574,1.63594,1.10,1.76
2016.05.31 03:40:49.433,1.63571,1.63593,1.00,2.44
2016.05.31 03:40:49.535,1.63574,1.63591,1.00,2.51
2016.05.31 03:40:49.586,1.63572,1.63587,1.00,1.01
2016.05.31 03:40:49.689,1.63567,1.63586,1.00,1.69
2016.05.31 03:40:49.740,1.63564,1.63585,1.57,1.26
2016.05.31 03:40:50.247,1.63563,1.63584,1.00,1.31
2016.05.31 03:40:50.574,1.63563,1.63582,1.00,1.60
2016.05.31 03:40:51.481,1.63563,1.63582,1.00,1.31
2016.05.31 03:40:51.938,1.63562,1.6358,1.00,1.31
2016.05.31 03:40:52.193,1.63559,1.6358,1.10,2.44
2016.05.31 03:40:53.523,1.63569,1.63579,1.00,1.31
2016.05.31 03:40:53.575,1.63563,1.63579,1.50,1.12
2016.05.31 03:40:53.627,1.6357,1.63583,1.00,1.85
2016.05.31 03:40:53.934,1.63572,1.6359,1.50,1.39
2016.05.31 03:40:53.985,1.63574,1.6359,1.00,2.06
2016.05.31 03:40:54.313,1.63577,1.6359,1.00,1.19
2016.05.31 03:40:55.455,1.63577,1.63588,1.00,1.19
2016.05.31 03:40:55.608,1.63577,1.63591,1.00,1.01
2016.05.31 03:40:55.659,1.63575,1.63589,1.00,1.31
2016.05.31 03:40:55.863,1.63572,1.63589,1.50,1.94
2016.05.31 03:40:55.965,1.63571,1.63587,1.00,1.31
2016.05.31 03:40:56.302,1.63571,1.63584,1.00,1.60
2016.05.31 03:40:56.607,1.63573,1.63585,1.00,1.12
2016.05.31 03:40:56.776,1.63575,1.6359,1.00,1.94
2016.05.31 03:40:56.929,1.63578,1.6359,1.00,1.12
2016.05.31 03:40:57.081,1.63578,1.63592,1.00,2.00
2016.05.31 03:40:57.440,1.63575,1.63592,1.00,2.00
2016.05.31 03:40:57.492,1.63573,1.63592,1.00,2.00
2016.05.31 03:40:57.543,1.63573,1.63592,1.00,3.56
2016.05.31 03:40:57.747,1.63573,1.6359,1.50,1.31
2016.05.31 03:40:58.813,1.63575,1.6359,1.00,1.31
2016.05.31 03:41:00.066,1.63573,1.63589,1.00,1.01
2016.05.31 03:41:00.169,1.63572,1.63589,1.00,1.94
2016.05.31 03:41:00.475,1.63571,1.63585,1.00,1.01
2016.05.31 03:41:00.527,1.63569,1.63585,1.00,1.31
2016.05.31 03:41:00.578,1.63566,1.63585,1.00,1.31
2016.05.31 03:41:00.707,1.63566,1.63584,1.00,1.01
2016.05.31 03:41:01.066,1.63565,1.63581,1.00,1.94
2016.05.31 03:41:01.220,1.63563,1.63581,1.50,1.94
2016.05.31 03:41:01.729,1.63563,1.6358,1.50,1.12
2016.05.31 03:41:02.237,1.63563,1.63579,1.00,1.12
2016.05.31 03:41:02.339,1.63562,1.63577,1.00,1.12
2016.05.31 03:41:02.441,1.63559,1.63577,1.00,1.60
2016.05.31 03:41:02.594,1.63559,1.63575,1.00,1.12
2016.05.31 03:41:02.950,1.63557,1.63574,1.00,1.12
2016.05.31 03:41:03.154,1.63557,1.63573,1.00,1.31
2016.05.31 03:41:03.425,1.63557,1.63574,1.50,2.00
2016.05.31 03:41:03.832,1.63556,1.63572,1.00,1.12
2016.05.31 03:41:04.373,1.63556,1.63571,1.00,1.12
2016.05.31 03:41:04.757,1.63556,1.63573,1.50,1.12
2016.05.31 03:41:04.808,1.63556,1.63573,1.87,1.12
2016.05.31 03:41:05.012,1.63565,1.63581,1.00,1.12
2016.05.31 03:41:05.115,1.63568,1.63582,1.00,1.12
2016.05.31 03:41:05.217,1.63568,1.63586,1.00,1.94
2016.05.31 03:41:05.573,1.63566,1.63586,1.00,1.94
2016.05.31 03:41:05.928,1.63566,1.63585,1.00,1.94
2016.05.31 03:41:06.185,1.63564,1.63584,1.00,1.69
2016.05.31 03:41:06.698,1.63564,1.63582,1.00,1.31
2016.05.31 03:41:08.391,1.63564,1.63583,1.00,1.31
2016.05.31 03:41:08.988,1.63564,1.63583,1.00,1.31
2016.05.31 03:41:09.268,1.63562,1.63582,1.00,1.76
2016.05.31 03:41:09.675,1.63561,1.6358,1.50,1.31
2016.05.31 03:41:09.930,1.63566,1.63585,1.00,1.31
2016.05.31 03:41:10.447,1.63569,1.63585,1.00,1.01
2016.05.31 03:41:10.993,1.63569,1.63589,1.00,2.06
2016.05.31 03:41:12.599,1.63569,1.63587,1.00,1.29
2016.05.31 03:41:12.701,1.63565,1.63587,1.20,1.39
2016.05.31 03:41:13.210,1.63565,1.63585,1.10,1.31
2016.05.31 03:41:14.056,1.63565,1.63585,1.29,1.31
2016.05.31 03:41:14.566,1.63569,1.63587,1.00,1.39
2016.05.31 03:41:14.770,1.63565,1.63586,1.57,1.01
2016.05.31 03:41:15.126,1.63568,1.63586,1.00,1.01
2016.05.31 03:41:17.101,1.63565,1.63586,1.87,1.39
2016.05.31 03:41:17.610,1.63568,1.63587,1.10,1.76
2016.05.31 03:41:18.170,1.63568,1.63587,1.50,1.19
2016.05.31 03:41:19.021,1.63568,1.63583,1.50,1.19
2016.05.31 03:41:19.603,1.63566,1.63583,1.87,1.19
2016.05.31 03:41:19.908,1.63562,1.63581,1.85,1.19
2016.05.31 03:41:19.959,1.63562,1.63581,1.20,1.19
2016.05.31 03:41:20.213,1.63567,1.63581,1.00,1.19
2016.05.31 03:41:20.678,1.63567,1.63585,1.00,1.39
2016.05.31 03:41:20.832,1.6357,1.63585,1.00,1.19
2016.05.31 03:41:21.138,1.63581,1.63585,1.00,1.25
2016.05.31 03:41:21.596,1.63574,1.63585,2.25,1.19
2016.05.31 03:41:21.804,1.6357,1.63585,1.12,1.19
2016.05.31 03:41:22.435,1.6357,1.63588,2.62,1.19
2016.05.31 03:41:22.537,1.63574,1.63595,1.00,2.14
2016.05.31 03:41:22.742,1.63575,1.63597,1.00,2.06
2016.05.31 03:41:22.937,1.63578,1.63597,1.00,1.31
2016.05.31 03:41:24.664,1.63578,1.63599,1.50,2.06
2016.05.31 03:41:24.970,1.63581,1.63599,1.00,1.31
2016.05.31 03:41:25.173,1.63579,1.636,1.00,1.94
2016.05.31 03:41:25.789,1.63578,1.636,1.20,1.75
2016.05.31 03:41:27.146,1.63577,1.63599,1.87,2.06
2016.05.31 03:41:27.248,1.63577,1.63598,1.00,1.87
2016.05.31 03:41:27.554,1.63574,1.63595,1.95,1.12
2016.05.31 03:41:27.865,1.63577,1.63595,1.00,1.12
2016.05.31 03:41:27.968,1.63577,1.63598,1.00,2.00
2016.05.31 03:41:28.416,1.63579,1.63598,1.00,2.00
2016.05.31 03:41:28.722,1.63581,1.63598,1.00,1.12
2016.05.31 03:41:29.775,1.63579,1.63598,1.50,1.12
2016.05.31 03:41:30.299,1.63579,1.63597,1.00,1.12
2016.05.31 03:41:30.402,1.63581,1.63597,1.00,1.12
2016.05.31 03:41:30.709,1.63583,1.63597,1.00,1.12
2016.05.31 03:41:30.862,1.63584,1.63599,1.00,1.12
2016.05.31 03:41:31.186,1.63585,1.63606,1.00,1.60
2016.05.31 03:41:31.237,1.63589,1.63606,1.00,1.50
2016.05.31 03:41:31.288,1.63589,1.63608,1.00,1.12
2016.05.31 03:41:31.391,1.63589,1.63611,1.07,1.12
2016.05.31 03:41:31.901,1.6359,1.63612,1.00,1.12
2016.05.31 03:41:32.003,1.63593,1.63612,1.00,1.12
2016.05.31 03:41:33.162,1.6359,1.63611,1.05,1.01
2016.05.31 03:41:33.213,1.63586,1.63609,3.13,1.76
2016.05.31 03:41:33.555,1.63578,1.63595,1.18,1.12
2016.05.31 03:41:33.657,1.63575,1.63594,1.00,1.12
2016.05.31 03:41:33.759,1.63575,1.63592,1.00,1.12
2016.05.31 03:41:33.912,1.63572,1.63589,1.12,1.12
2016.05.31 03:41:34.712,1.63573,1.63589,1.00,1.12
2016.05.31 03:41:34.817,1.63577,1.63589,1.00,1.12
2016.05.31 03:41:34.920,1.63577,1.63593,1.00,1.12
2016.05.31 03:41:35.022,1.63581,1.63593,1.00,1.12
2016.05.31 03:41:35.133,1.63582,1.63595,1.00,1.75
2016.05.31 03:41:35.235,1.63582,1.63599,1.00,1.75
2016.05.31 03:41:35.286,1.63584,1.63601,1.00,2.06
2016.05.31 03:41:35.911,1.63584,1.63602,1.00,1.75
2016.05.31 03:41:35.977,1.63586,1.63602,1.00,1.01
2016.05.31 03:41:36.284,1.6359,1.6361,1.00,1.01
2016.05.31 03:41:36.336,1.6359,1.6361,1.00,1.01
2016.05.31 03:41:36.387,1.6359,1.63608,1.00,1.01
2016.05.31 03:41:36.895,1.6359,1.63607,1.00,1.12
2016.05.31 03:41:39.256,1.6359,1.63608,1.19,1.12
2016.05.31 03:41:39.571,1.63591,1.63608,1.19,1.12
2016.05.31 03:41:40.079,1.63594,1.63609,1.19,1.12
2016.05.31 03:41:40.310,1.63597,1.63615,1.19,1.12
2016.05.31 03:41:40.412,1.63597,1.63617,1.19,1.12
2016.05.31 03:41:41.840,1.636,1.63617,1.69,1.12
2016.05.31 03:41:42.197,1.636,1.63619,1.69,1.12
2016.05.31 03:41:43.149,1.636,1.63614,1.19,1.00
2016.05.31 03:41:43.200,1.63597,1.63613,1.19,1.00
2016.05.31 03:41:43.413,1.63597,1.63612,1.19,1.75
2016.05.31 03:41:43.464,1.63594,1.63611,1.19,1.75
2016.05.31 03:41:43.988,1.63594,1.6361,1.19,1.12
2016.05.31 03:41:45.166,1.63592,1.6361,1.19,1.31
2016.05.31 03:41:45.573,1.6359,1.63608,1.19,1.87
2016.05.31 03:41:49.902,1.6359,1.63606,1.19,1.12
2016.05.31 03:41:50.056,1.63589,1.63604,1.00,1.12
2016.05.31 03:41:50.108,1.63591,1.63605,1.00,1.12
2016.05.31 03:41:50.261,1.63593,1.63609,1.00,1.12
2016.05.31 03:41:50.617,1.63595,1.6361,1.00,1.12
2016.05.31 03:41:51.143,1.63595,1.63612,1.00,1.12
2016.05.31 03:41:52.390,1.63596,1.63612,1.00,1.87
2016.05.31 03:41:52.886,1.63596,1.63612,1.00,1.20
2016.05.31 03:41:54.139,1.63604,1.63613,1.00,1.12
2016.05.31 03:41:54.304,1.63601,1.6362,1.00,1.56
2016.05.31 03:41:54.660,1.63601,1.63619,1.00,1.00
2016.05.31 03:41:54.762,1.63601,1.63617,1.00,1.10
2016.05.31 03:41:55.473,1.63602,1.63617,1.00,1.10
2016.05.31 03:41:56.316,1.63604,1.63619,1.00,1.12
2016.05.31 03:41:56.419,1.63605,1.63623,1.00,2.25
2016.05.31 03:41:56.470,1.63607,1.63623,1.00,2.25
2016.05.31 03:41:56.521,1.63601,1.63622,1.19,1.57
2016.05.31 03:41:56.572,1.63604,1.63622,1.00,1.57
2016.05.31 03:41:56.624,1.63604,1.63622,1.00,1.20
2016.05.31 03:41:56.827,1.63601,1.6362,1.19,1.00
2016.05.31 03:41:57.420,1.63599,1.63617,1.39,1.00
2016.05.31 03:41:58.079,1.63599,1.63617,1.29,1.00
2016.05.31 03:41:59.421,1.63599,1.63619,1.19,1.00
2016.05.31 03:42:00.839,1.63599,1.63616,1.19,1.00
2016.05.31 03:42:01.347,1.63596,1.63615,1.31,1.00
2016.05.31 03:42:01.399,1.63596,1.63615,1.31,1.00
2016.05.31 03:42:01.501,1.63594,1.63613,1.31,1.00
2016.05.31 03:42:01.842,1.6359,1.6361,3.19,1.00
2016.05.31 03:42:01.944,1.6359,1.6361,1.84,1.00
2016.05.31 03:42:01.996,1.6359,1.63607,1.39,1.00
2016.05.31 03:42:02.047,1.63589,1.63607,1.87,1.00
2016.05.31 03:42:02.149,1.63585,1.63603,1.01,1.00
2016.05.31 03:42:02.252,1.63583,1.63602,2.32,1.00
2016.05.31 03:42:02.455,1.63582,1.636,1.12,1.00
2016.05.31 03:42:03.876,1.63582,1.63602,1.50,1.00
2016.05.31 03:42:04.210,1.63584,1.63604,2.62,1.00
2016.05.31 03:42:05.340,1.63587,1.63604,1.00,1.00
2016.05.31 03:42:09.116,1.63585,1.63604,1.20,1.00
2016.05.31 03:42:09.371,1.63584,1.63604,1.10,1.00
2016.05.31 03:42:09.473,1.63584,1.63602,1.00,1.00
2016.05.31 03:42:11.642,1.63584,1.63604,1.00,1.00
2016.05.31 03:42:12.061,1.63584,1.63602,1.00,1.00
2016.05.31 03:42:12.214,1.63581,1.63602,1.57,1.10
2016.05.31 03:42:12.585,1.63583,1.63602,1.00,1.10
2016.05.31 03:42:14.644,1.63582,1.63602,1.10,1.00
2016.05.31 03:42:15.415,1.63582,1.63601,1.10,1.00
2016.05.31 03:42:20.222,1.63582,1.63599,1.00,1.00
2016.05.31 03:42:20.477,1.63571,1.63591,1.29,1.00
2016.05.31 03:42:20.656,1.6357,1.63589,1.00,1.00
2016.05.31 03:42:21.310,1.63567,1.63589,3.94,1.00
2016.05.31 03:42:21.817,1.63567,1.63589,1.20,1.01
2016.05.31 03:42:23.329,1.63568,1.63589,1.12,1.69
2016.05.31 03:42:24.212,1.63568,1.63589,1.50,1.19
2016.05.31 03:42:24.740,1.63568,1.63586,1.00,1.00
2016.05.31 03:42:25.181,1.63564,1.63585,3.16,1.19
2016.05.31 03:42:25.234,1.63564,1.63585,1.74,1.29
2016.05.31 03:42:25.648,1.63565,1.63585,1.12,1.19
2016.05.31 03:42:25.801,1.63567,1.63585,1.00,1.00
2016.05.31 03:42:26.004,1.63567,1.63587,2.25,1.25
2016.05.31 03:42:26.057,1.63573,1.63589,1.00,1.19
2016.05.31 03:42:26.109,1.63573,1.63589,1.00,1.00
2016.05.31 03:42:26.855,1.63572,1.63589,1.50,1.00
2016.05.31 03:42:27.738,1.63572,1.63589,1.55,1.00
2016.05.31 03:42:28.338,1.6357,1.63589,1.18,1.00
2016.05.31 03:42:28.491,1.63573,1.63589,1.00,1.00
2016.05.31 03:42:29.152,1.63573,1.63592,1.00,1.29
2016.05.31 03:42:29.457,1.63577,1.63595,1.00,1.29
2016.05.31 03:42:29.509,1.63577,1.63595,1.10,1.00
2016.05.31 03:42:29.611,1.63578,1.63598,1.00,1.01
2016.05.31 03:42:29.870,1.63581,1.636,1.00,1.19
2016.05.31 03:42:30.909,1.63578,1.63598,3.45,1.25
2016.05.31 03:42:31.227,1.63578,1.63598,3.45,1.25
2016.05.31 03:42:31.754,1.63579,1.63597,1.37,1.00
2016.05.31 03:42:32.323,1.63579,1.63596,1.37,1.00
2016.05.31 03:42:32.374,1.63577,1.63596,1.07,1.19
2016.05.31 03:42:32.929,1.63576,1.63594,1.87,1.19
2016.05.31 03:42:36.118,1.63576,1.63592,1.12,1.00
2016.05.31 03:42:36.987,1.63573,1.63591,1.80,1.00
2016.05.31 03:42:37.038,1.63573,1.63589,1.18,1.00
2016.05.31 03:42:37.358,1.63569,1.63586,2.00,1.00
2016.05.31 03:42:37.868,1.63571,1.63588,1.55,1.19
2016.05.31 03:42:39.656,1.63571,1.63588,1.12,1.19
2016.05.31 03:42:40.163,1.63571,1.63588,1.12,1.00
2016.05.31 03:42:41.892,1.63571,1.63589,1.18,1.00
2016.05.31 03:42:42.335,1.63572,1.63592,1.18,1.19
2016.05.31 03:42:42.489,1.63574,1.63592,1.18,1.19
2016.05.31 03:42:45.557,1.63577,1.63594,1.37,1.19
2016.05.31 03:42:45.710,1.63577,1.63594,1.47,1.25
2016.05.31 03:42:48.638,1.63577,1.63598,1.25,1.69
2016.05.31 03:42:49.243,1.63577,1.63598,1.18,1.31
2016.05.31 03:42:49.941,1.63577,1.63598,1.12,1.19
2016.05.31 03:42:51.224,1.63575,1.6359,1.93,1.31
2016.05.31 03:42:51.327,1.63573,1.6359,1.00,1.56
2016.05.31 03:42:51.429,1.63568,1.63587,1.53,1.19
2016.05.31 03:42:51.582,1.63566,1.63585,1.17,1.31
2016.05.31 03:42:53.035,1.63563,1.63585,1.99,1.39
2016.05.31 03:42:53.720,1.63563,1.63585,1.55,1.39
2016.05.31 03:42:54.026,1.63565,1.63586,1.10,1.39
2016.05.31 03:42:54.534,1.63566,1.63586,1.00,1.29
2016.05.31 03:42:54.636,1.63566,1.63586,1.12,1.00
2016.05.31 03:42:54.839,1.63567,1.63587,1.25,1.25
2016.05.31 03:42:55.380,1.63566,1.63587,1.55,1.19
2016.05.31 03:42:56.517,1.63566,1.63587,1.00,1.76
2016.05.31 03:42:58.028,1.63564,1.63586,1.17,1.31
2016.05.31 03:43:02.012,1.63563,1.63585,1.55,1.29
2016.05.31 03:43:06.811,1.63565,1.63588,1.57,1.76
2016.05.31 03:43:08.619,1.63566,1.63588,1.87,1.29
2016.05.31 03:43:12.860,1.63567,1.63589,2.32,2.06
2016.05.31 03:43:14.063,1.63567,1.63588,1.47,1.01
2016.05.31 03:43:20.782,1.63566,1.63589,3.37,2.06
2016.05.31 03:43:22.077,1.63567,1.63589,1.57,2.06
2016.05.31 03:43:23.816,1.63566,1.63589,3.37,1.31
2016.05.31 03:43:30.677,1.63566,1.63586,1.12,1.19
2016.05.31 03:43:33.525,1.63565,1.63586,1.10,1.19
2016.05.31 03:43:34.775,1.63565,1.63586,1.00,1.31
2016.05.31 03:43:36.176,1.63566,1.63587,1.00,1.19
2016.05.31 03:43:36.683,1.63566,1.63587,1.37,1.19
2016.05.31 03:43:38.126,1.63566,1.63587,1.87,1.19
2016.05.31 03:43:38.713,1.63566,1.63587,1.95,1.19
2016.05.31 03:43:39.666,1.63566,1.63587,1.47,1.19
2016.05.31 03:43:40.190,1.63566,1.63587,1.00,1.19
2016.05.31 03:43:42.242,1.63565,1.63587,1.20,1.19
2016.05.31 03:43:44.979,1.63565,1.63587,1.00,1.76
2016.05.31 03:43:45.495,1.63565,1.63587,1.12,1.31
2016.05.31 03:43:48.239,1.63568,1.63587,1.00,1.25
2016.05.31 03:43:48.553,1.63568,1.63592,1.57,1.66
2016.05.31 03:43:49.060,1.63571,1.63592,1.25,1.47
2016.05.31 03:43:49.366,1.63566,1.63588,1.31,1.10
2016.05.31 03:44:03.099,1.63567,1.63588,1.47,1.12
2016.05.31 03:44:03.271,1.63564,1.63585,2.25,1.25
2016.05.31 03:44:03.576,1.63557,1.63578,1.37,1.57
2016.05.31 03:44:03.989,1.63557,1.63578,1.00,2.02
2016.05.31 03:44:04.040,1.63554,1.63575,1.12,1.00
2016.05.31 03:44:09.200,1.63554,1.63576,1.00,2.06
2016.05.31 03:44:14.527,1.63555,1.63576,1.00,3.19
2016.05.31 03:44:15.121,1.63555,1.63576,1.00,3.19
2016.05.31 03:44:23.515,1.63556,1.63576,1.00,2.01
2016.05.31 03:44:24.023,1.63556,1.63577,1.10,1.85
2016.05.31 03:44:25.026,1.63556,1.63577,1.10,1.47
2016.05.31 03:44:25.531,1.63556,1.63577,1.10,1.10
2016.05.31 03:44:26.091,1.63556,1.63577,1.00,1.12
2016.05.31 03:44:28.160,1.63553,1.63577,1.56,2.25
2016.05.31 03:44:30.077,1.63553,1.63577,1.12,1.50
2016.05.31 03:44:30.980,1.63553,1.63572,1.12,1.19
2016.05.31 03:44:31.294,1.63559,1.63578,1.00,2.44
2016.05.31 03:44:31.498,1.63561,1.63581,1.00,1.29
2016.05.31 03:44:32.255,1.63563,1.63581,1.00,1.19
2016.05.31 03:44:32.705,1.63564,1.63587,1.20,1.39
2016.05.31 03:44:33.213,1.63564,1.63587,1.57,1.39
2016.05.31 03:44:35.605,1.63564,1.63587,1.00,1.69
2016.05.31 03:44:36.749,1.63569,1.63587,1.50,1.69
2016.05.31 03:44:36.801,1.63569,1.63591,1.50,2.44
2016.05.31 03:44:36.903,1.63573,1.63595,1.00,2.14
2016.05.31 03:44:37.005,1.63573,1.63598,1.65,1.74
2016.05.31 03:44:37.057,1.63573,1.63598,2.02,1.69
2016.05.31 03:44:37.587,1.63577,1.63599,1.00,1.69
2016.05.31 03:44:37.791,1.63577,1.63599,1.00,1.69
2016.05.31 03:44:38.927,1.63578,1.63599,1.00,1.69
2016.05.31 03:44:40.899,1.63577,1.63599,1.00,1.69
2016.05.31 03:44:41.483,1.63579,1.636,1.00,1.94
2016.05.31 03:44:41.839,1.63579,1.63601,1.50,1.31
2016.05.31 03:44:42.069,1.63581,1.63603,1.00,1.76
2016.05.31 03:44:42.394,1.63585,1.63603,1.75,1.19
2016.05.31 03:44:42.901,1.63584,1.63603,1.12,1.19
2016.05.31 03:44:43.687,1.63583,1.63603,1.75,1.19
2016.05.31 03:44:48.553,1.63582,1.63603,1.12,1.69
2016.05.31 03:44:49.061,1.63581,1.63603,2.32,1.69
2016.05.31 03:44:49.112,1.63581,1.63603,1.57,2.81
2016.05.31 03:44:49.871,1.63578,1.63597,1.87,1.19
2016.05.31 03:44:49.974,1.63575,1.63596,1.87,1.19
2016.05.31 03:44:50.025,1.63575,1.63593,1.20,1.19
2016.05.31 03:44:50.092,1.63573,1.63593,1.12,1.19
2016.05.31 03:44:50.195,1.63571,1.63593,2.25,1.39
2016.05.31 03:44:50.246,1.63571,1.63593,1.12,1.76
2016.05.31 03:44:50.400,1.63568,1.63592,1.87,1.76
2016.05.31 03:44:50.654,1.63568,1.63592,1.00,2.44
2016.05.31 03:44:50.757,1.63566,1.63585,1.50,1.19
2016.05.31 03:44:51.058,1.63564,1.63582,1.00,1.01
2016.05.31 03:44:51.110,1.63569,1.63584,1.00,1.75
2016.05.31 03:44:51.213,1.63569,1.63588,1.00,1.31
2016.05.31 03:44:51.621,1.63573,1.63592,1.00,1.94
2016.05.31 03:44:51.824,1.63569,1.63592,1.00,1.94
2016.05.31 03:44:53.644,1.63568,1.63589,1.00,1.19
2016.05.31 03:44:53.747,1.63568,1.63588,1.00,1.31
2016.05.31 03:44:53.849,1.63565,1.63583,1.00,1.60
2016.05.31 03:44:53.900,1.63563,1.63583,2.25,1.60
2016.05.31 03:44:53.951,1.63563,1.63583,2.25,1.31
2016.05.31 03:44:55.229,1.63564,1.63583,1.00,1.31
2016.05.31 03:44:57.163,1.63564,1.63585,1.00,1.19
2016.05.31 03:45:00.657,1.63564,1.63586,1.00,1.20
2016.05.31 03:45:01.548,1.63564,1.63587,1.87,1.00
2016.05.31 03:45:04.191,1.63567,1.63588,1.00,1.10
2016.05.31 03:45:04.498,1.63571,1.63595,1.50,1.65
2016.05.31 03:45:04.702,1.63573,1.63596,1.87,2.06
2016.05.31 03:45:05.498,1.63573,1.63595,1.50,1.39
2016.05.31 03:45:05.804,1.63571,1.63593,1.14,1.20
2016.05.31 03:45:08.361,1.63572,1.63594,1.10,1.95
2016.05.31 03:45:08.837,1.63572,1.63594,1.10,2.14
2016.05.31 03:45:10.923,1.63572,1.63591,1.10,1.19
2016.05.31 03:45:11.229,1.6357,1.63591,1.12,1.76
2016.05.31 03:45:11.432,1.63568,1.63585,1.00,1.19
2016.05.31 03:45:11.686,1.63567,1.63588,1.00,1.31
2016.05.31 03:45:12.217,1.63564,1.63586,2.75,1.19
2016.05.31 03:45:12.726,1.63566,1.63585,1.00,1.31
2016.05.31 03:45:14.624,1.63564,1.63585,1.00,1.31
2016.05.31 03:45:15.778,1.63565,1.63585,1.00,2.44
2016.05.31 03:45:15.931,1.63566,1.63586,1.12,1.66
2016.05.31 03:45:22.136,1.63571,1.63586,1.00,1.19
2016.05.31 03:45:22.340,1.63577,1.63596,1.00,2.12
2016.05.31 03:45:22.543,1.63578,1.636,1.12,1.44
2016.05.31 03:45:23.076,1.6358,1.63602,1.00,2.94
2016.05.31 03:45:23.148,1.63577,1.63597,1.00,1.69
2016.05.31 03:45:23.657,1.63577,1.63596,1.00,1.12
2016.05.31 03:45:24.194,1.63577,1.63596,1.00,1.12
2016.05.31 03:45:25.746,1.63574,1.63595,1.00,1.25
2016.05.31 03:45:25.973,1.63572,1.63592,1.00,2.44
2016.05.31 03:45:26.278,1.63571,1.63591,1.00,2.03
2016.05.31 03:45:27.038,1.63571,1.63591,1.00,2.12
2016.05.31 03:45:29.962,1.63574,1.63591,1.00,1.87
2016.05.31 03:45:30.064,1.63574,1.63591,1.00,1.10
2016.05.31 03:45:30.115,1.63575,1.63595,1.00,1.31
2016.05.31 03:45:30.623,1.63575,1.63596,1.00,2.01
2016.05.31 03:45:30.777,1.63575,1.63594,1.00,1.39
2016.05.31 03:45:32.032,1.63575,1.63594,1.00,1.31
2016.05.31 03:45:32.389,1.63578,1.63597,1.00,1.12
2016.05.31 03:45:32.724,1.63582,1.63601,1.00,1.01
2016.05.31 03:45:33.233,1.63582,1.63604,1.00,2.06
2016.05.31 03:45:34.120,1.63582,1.63602,1.00,1.60
2016.05.31 03:45:34.223,1.63582,1.63604,1.00,1.76
2016.05.31 03:45:34.274,1.63584,1.63604,1.00,1.01
2016.05.31 03:45:34.429,1.63587,1.63609,1.12,1.01
2016.05.31 03:45:34.481,1.6359,1.63611,1.00,1.94
2016.05.31 03:45:35.516,1.6359,1.63612,1.00,1.76
2016.05.31 03:45:36.230,1.6359,1.63611,1.00,1.20
2016.05.31 03:45:37.578,1.63592,1.63611,1.00,1.20
2016.05.31 03:45:38.079,1.63592,1.63612,1.00,1.39
2016.05.31 03:45:38.131,1.6359,1.63612,1.00,1.84
2016.05.31 03:45:38.304,1.63588,1.63611,1.10,2.81
2016.05.31 03:45:38.508,1.63586,1.63608,1.50,1.29
2016.05.31 03:45:40.079,1.63584,1.63607,1.50,1.44
2016.05.31 03:45:40.181,1.63584,1.63607,1.50,2.19
2016.05.31 03:45:40.791,1.63582,1.63604,1.00,1.39
2016.05.31 03:45:44.429,1.63582,1.63604,1.00,1.87
2016.05.31 03:45:45.333,1.63582,1.63604,1.00,2.06
2016.05.31 03:45:45.868,1.6358,1.63603,1.20,1.39
2016.05.31 03:45:47.033,1.63583,1.63604,1.00,1.37
2016.05.31 03:45:47.085,1.63583,1.63605,1.00,1.01
2016.05.31 03:45:47.595,1.63583,1.63606,1.57,1.19
2016.05.31 03:45:48.102,1.63583,1.63606,1.12,1.29
2016.05.31 03:45:48.325,1.63583,1.63606,1.12,1.07
2016.05.31 03:45:48.478,1.63583,1.63606,2.25,1.32
2016.05.31 03:45:50.815,1.63585,1.63606,1.75,1.07
2016.05.31 03:45:54.936,1.63586,1.63608,1.00,1.31
2016.05.31 03:45:55.038,1.63583,1.63608,2.70,1.31
2016.05.31 03:45:55.450,1.63583,1.63606,1.00,1.39
2016.05.31 03:45:56.249,1.63583,1.63606,1.00,1.76
2016.05.31 03:45:56.472,1.63583,1.63605,1.00,2.04
2016.05.31 03:45:56.922,1.63581,1.63604,1.10,2.44
2016.05.31 03:45:59.547,1.63581,1.63604,1.87,2.44
2016.05.31 03:45:59.851,1.63582,1.63604,1.12,1.69
2016.05.31 03:46:00.303,1.63584,1.63605,1.12,1.01
2016.05.31 03:46:00.476,1.63585,1.63606,1.20,1.39
2016.05.31 03:46:00.984,1.63586,1.6361,1.50,2.89
2016.05.31 03:46:01.304,1.63586,1.6361,2.62,2.44
2016.05.31 03:46:03.377,1.63586,1.63608,1.20,1.64
2016.05.31 03:46:03.907,1.63586,1.63607,1.20,1.01
2016.05.31 03:46:04.225,1.63581,1.63603,1.65,2.06
2016.05.31 03:46:04.479,1.63581,1.63602,1.50,1.94
2016.05.31 03:46:05.926,1.63584,1.63605,1.25,1.31
2016.05.31 03:46:05.990,1.63588,1.63605,1.00,1.31
2016.05.31 03:46:06.041,1.63588,1.63608,1.00,2.06
2016.05.31 03:46:06.143,1.63589,1.63611,1.50,1.01
2016.05.31 03:46:06.398,1.63593,1.63613,1.10,1.31
2016.05.31 03:46:06.906,1.63593,1.63614,1.20,1.31
2016.05.31 03:46:07.417,1.63592,1.63616,1.12,2.51
2016.05.31 03:46:08.541,1.63592,1.63614,1.18,1.31
2016.05.31 03:46:08.694,1.63591,1.63612,1.15,1.31
2016.05.31 03:46:08.796,1.63591,1.63612,1.15,1.31
2016.05.31 03:46:10.461,1.63591,1.63612,1.15,1.31
2016.05.31 03:46:10.665,1.63594,1.63617,1.07,1.12
2016.05.31 03:46:10.993,1.63593,1.63615,1.18,1.01
2016.05.31 03:46:11.405,1.63593,1.63614,1.10,1.31
2016.05.31 03:46:12.516,1.63598,1.63614,1.00,1.31
2016.05.31 03:46:12.618,1.63598,1.63618,1.12,1.69
2016.05.31 03:46:12.669,1.63599,1.63619,1.05,1.94
2016.05.31 03:46:12.772,1.63601,1.63623,1.45,1.69
2016.05.31 03:46:12.823,1.63605,1.63624,1.00,1.01
2016.05.31 03:46:12.874,1.63605,1.63626,1.05,1.94
2016.05.31 03:46:12.925,1.63613,1.63626,1.00,1.01
2016.05.31 03:46:13.078,1.63614,1.63637,3.13,1.20
2016.05.31 03:46:13.282,1.63618,1.63639,1.12,1.01
2016.05.31 03:46:14.150,1.63615,1.63638,2.19,1.10
2016.05.31 03:46:14.404,1.63615,1.63637,1.24,1.75
2016.05.31 03:46:14.853,1.63618,1.63637,1.19,1.75
2016.05.31 03:46:15.160,1.63621,1.63638,1.00,1.12
2016.05.31 03:46:16.591,1.63623,1.63638,1.00,1.12
2016.05.31 03:46:16.693,1.63623,1.63642,1.00,1.12
2016.05.31 03:46:16.745,1.63626,1.63642,1.00,1.12
2016.05.31 03:46:17.056,1.63628,1.63646,1.00,1.12
2016.05.31 03:46:17.375,1.63631,1.63648,1.00,1.12
2016.05.31 03:46:17.579,1.63631,1.63651,1.00,1.87
2016.05.31 03:46:18.262,1.63634,1.63651,1.00,1.87
2016.05.31 03:46:18.364,1.63634,1.63655,1.29,1.57
2016.05.31 03:46:18.467,1.63642,1.63657,1.00,1.75
2016.05.31 03:46:18.570,1.63644,1.63658,1.00,1.00
2016.05.31 03:46:18.622,1.63644,1.63663,1.00,1.12
2016.05.31 03:46:18.674,1.63644,1.63664,1.00,1.57
2016.05.31 03:46:18.777,1.63642,1.63664,1.31,2.25
2016.05.31 03:46:19.300,1.6364,1.63662,1.76,1.42
2016.05.31 03:46:19.453,1.63642,1.63664,1.29,1.20
2016.05.31 03:46:20.226,1.6364,1.63662,1.12,1.72
2016.05.31 03:46:20.328,1.63636,1.63661,2.44,1.93
2016.05.31 03:46:20.379,1.63636,1.6366,1.69,1.12
2016.05.31 03:46:20.683,1.63636,1.63658,1.31,1.12
2016.05.31 03:46:20.887,1.63637,1.63662,1.31,2.25
2016.05.31 03:46:20.990,1.63639,1.63662,1.12,1.31
2016.05.31 03:46:21.462,1.6364,1.63661,1.39,1.12
2016.05.31 03:46:21.514,1.6364,1.63663,2.06,2.25
2016.05.31 03:46:21.768,1.63641,1.63665,1.57,1.97
2016.05.31 03:46:22.025,1.63643,1.63667,2.25,2.44
2016.05.31 03:46:22.279,1.63645,1.63668,1.87,2.25
2016.05.31 03:46:22.585,1.63647,1.63667,1.00,1.12
2016.05.31 03:46:22.921,1.63647,1.63665,1.20,1.19
2016.05.31 03:46:24.794,1.63649,1.63665,1.00,1.19
2016.05.31 03:46:24.846,1.63651,1.63671,1.00,2.06
2016.05.31 03:46:25.357,1.63649,1.63672,1.45,1.69
2016.05.31 03:46:25.409,1.63649,1.63669,1.45,1.19
2016.05.31 03:46:25.613,1.6364,1.63664,2.25,1.69
2016.05.31 03:46:25.718,1.63639,1.63661,1.50,1.84
2016.05.31 03:46:25.820,1.63637,1.63659,1.10,1.31
2016.05.31 03:46:25.971,1.63637,1.63658,1.00,1.01
2016.05.31 03:46:26.073,1.63633,1.63656,1.20,2.25
2016.05.31 03:46:26.276,1.63633,1.63655,1.00,1.12
2016.05.31 03:46:26.581,1.63627,1.63651,1.57,2.06
2016.05.31 03:46:26.632,1.63627,1.63651,1.57,2.81
2016.05.31 03:46:26.735,1.63627,1.63648,1.00,1.01
2016.05.31 03:46:26.837,1.63627,1.63648,1.00,1.76
2016.05.31 03:46:27.159,1.63619,1.63638,1.20,1.19
2016.05.31 03:46:27.362,1.63625,1.63641,1.00,1.60
2016.05.31 03:46:27.465,1.63625,1.63646,1.10,2.06
2016.05.31 03:46:27.516,1.63625,1.63645,1.10,1.39
2016.05.31 03:46:27.821,1.63621,1.6364,1.12,1.29
2016.05.31 03:46:27.923,1.63617,1.63637,1.20,1.19
2016.05.31 03:46:28.367,1.63621,1.63636,1.12,1.19
2016.05.31 03:46:28.471,1.63618,1.63638,1.12,1.31
2016.05.31 03:46:28.523,1.63619,1.63638,1.12,1.31
2016.05.31 03:46:28.828,1.63623,1.63638,1.87,1.19
2016.05.31 03:46:28.930,1.63625,1.63643,1.12,1.19
2016.05.31 03:46:29.032,1.63627,1.63647,1.12,1.19
2016.05.31 03:46:29.134,1.63628,1.63648,1.87,1.19
2016.05.31 03:46:29.439,1.63634,1.63648,1.75,1.19
2016.05.31 03:46:29.759,1.63631,1.6365,1.12,1.19
2016.05.31 03:46:30.014,1.63631,1.63651,1.12,1.19
2016.05.31 03:46:30.116,1.63633,1.63651,1.50,1.19
2016.05.31 03:46:30.218,1.63637,1.63657,1.12,1.19
2016.05.31 03:46:31.202,1.63637,1.63657,1.12,1.69
2016.05.31 03:46:31.254,1.63637,1.63652,1.12,1.19
2016.05.31 03:46:31.306,1.63631,1.63652,3.37,1.29
2016.05.31 03:46:31.357,1.63631,1.63647,1.87,1.19
2016.05.31 03:46:31.561,1.63629,1.63648,1.00,1.01
2016.05.31 03:46:31.663,1.63629,1.63644,1.12,1.19
2016.05.31 03:46:31.765,1.63624,1.63641,1.12,1.19
2016.05.31 03:46:31.867,1.63624,1.63645,1.47,1.29
2016.05.31 03:46:32.071,1.63627,1.63645,1.12,1.19
2016.05.31 03:46:32.122,1.63629,1.63649,1.10,1.76
2016.05.31 03:46:32.174,1.63629,1.63649,1.95,1.31
2016.05.31 03:46:32.413,1.63629,1.63649,1.20,1.19
2016.05.31 03:46:32.464,1.63629,1.63647,1.20,1.19
2016.05.31 03:46:32.769,1.63622,1.63642,2.62,1.19
2016.05.31 03:46:32.871,1.63622,1.63642,1.20,1.29
2016.05.31 03:46:33.391,1.63624,1.63642,1.00,1.39
2016.05.31 03:46:33.897,1.63624,1.63642,1.12,1.19
2016.05.31 03:46:34.297,1.63624,1.63647,1.31,1.12
2016.05.31 03:46:34.399,1.63629,1.63647,1.00,1.87
2016.05.31 03:46:34.501,1.63629,1.63649,1.00,1.12
2016.05.31 03:46:34.603,1.63632,1.63649,1.00,1.12
2016.05.31 03:46:34.755,1.63632,1.63654,1.00,1.87
2016.05.31 03:46:35.363,1.63632,1.63654,1.31,1.47
2016.05.31 03:46:36.540,1.63634,1.63654,1.00,1.47
2016.05.31 03:46:36.592,1.63637,1.63654,1.00,1.47
2016.05.31 03:46:36.694,1.63637,1.6366,1.76,1.85
2016.05.31 03:46:37.244,1.6364,1.63661,1.00,1.12
2016.05.31 03:46:38.360,1.6364,1.63663,1.01,1.12
2016.05.31 03:46:38.563,1.63641,1.63665,1.57,1.12
2016.05.31 03:46:40.856,1.63641,1.63663,1.50,1.60
2016.05.31 03:46:41.077,1.6364,1.63661,1.10,1.94
2016.05.31 03:46:41.281,1.63636,1.63659,1.75,1.50
2016.05.31 03:46:41.332,1.63636,1.63655,1.00,1.12
2016.05.31 03:46:41.434,1.63633,1.63652,1.00,1.12
2016.05.31 03:46:41.738,1.63633,1.63651,1.00,1.12
2016.05.31 03:46:42.245,1.63631,1.63651,1.00,1.12
2016.05.31 03:46:43.301,1.63629,1.63648,1.00,1.20
2016.05.31 03:46:43.606,1.63629,1.63645,1.00,1.12
2016.05.31 03:46:44.764,1.63627,1.63644,1.00,1.07
2016.05.31 03:46:44.815,1.63623,1.63645,1.00,1.12
2016.05.31 03:46:44.866,1.63622,1.63645,1.10,1.18
2016.05.31 03:46:45.376,1.63621,1.63642,1.01,1.18
2016.05.31 03:46:45.680,1.63621,1.63644,2.06,1.18
2016.05.31 03:46:46.210,1.63624,1.63644,1.00,1.18
2016.05.31 03:46:46.364,1.63624,1.63646,1.10,1.20
2016.05.31 03:46:46.870,1.63624,1.63646,1.50,1.20
2016.05.31 03:46:47.807,1.63624,1.63646,1.50,1.46
2016.05.31 03:46:48.063,1.63621,1.63642,1.50,1.61
2016.05.31 03:46:48.574,1.63621,1.63642,1.00,2.36
2016.05.31 03:46:49.153,1.63619,1.63642,1.69,3.11
2016.05.31 03:46:50.015,1.6362,1.63642,1.12,1.68
2016.05.31 03:46:50.547,1.6362,1.63641,1.12,1.61
2016.05.31 03:46:53.661,1.63623,1.63642,1.32,1.00
2016.05.31 03:46:53.762,1.63627,1.63646,1.09,1.00
2016.05.31 03:46:53.814,1.63627,1.6365,1.09,2.36
2016.05.31 03:46:53.865,1.63627,1.6365,2.06,1.68
2016.05.31 03:46:54.439,1.63627,1.63649,2.06,1.61
2016.05.31 03:46:56.146,1.63627,1.63652,2.06,1.01
2016.05.31 03:46:56.631,1.63627,1.6365,2.06,1.50
2016.05.31 03:46:56.937,1.63627,1.63648,1.10,1.01
2016.05.31 03:46:57.292,1.63631,1.63649,1.00,1.12
2016.05.31 03:46:57.394,1.63633,1.63653,1.00,1.60
2016.05.31 03:46:57.569,1.63633,1.63656,2.62,1.12
2016.05.31 03:46:58.077,1.63634,1.63656,1.70,1.12
2016.05.31 03:46:59.556,1.63636,1.63656,1.00,1.12
2016.05.31 03:46:59.810,1.63636,1.63659,2.21,1.75
2016.05.31 03:47:00.725,1.63638,1.63659,1.00,1.75
2016.05.31 03:47:01.511,1.63636,1.63658,1.84,1.50
2016.05.31 03:47:02.050,1.63636,1.63658,1.46,1.50
2016.05.31 03:47:02.357,1.63632,1.63652,1.12,1.12
2016.05.31 03:47:02.459,1.63632,1.63654,1.20,2.06
2016.05.31 03:47:03.179,1.63628,1.6365,1.87,1.00
2016.05.31 03:47:03.231,1.63628,1.6365,1.12,1.00
2016.05.31 03:47:03.333,1.63627,1.63648,1.50,1.00
2016.05.31 03:47:03.641,1.63627,1.63648,1.20,1.87
2016.05.31 03:47:03.948,1.63631,1.63653,1.94,1.75
2016.05.31 03:47:04.001,1.63633,1.63653,1.76,1.00
2016.05.31 03:47:04.325,1.63631,1.63653,1.64,1.10
2016.05.31 03:47:04.884,1.6363,1.63655,2.81,1.87
2016.05.31 03:47:05.392,1.63632,1.63655,1.69,1.50
2016.05.31 03:47:05.890,1.63633,1.63656,1.20,1.87
2016.05.31 03:47:05.991,1.63631,1.63652,1.39,1.10
2016.05.31 03:47:06.297,1.63628,1.63648,1.00,1.12
2016.05.31 03:47:06.653,1.63628,1.63651,1.20,2.62
2016.05.31 03:47:06.755,1.63628,1.63651,1.39,2.25
2016.05.31 03:47:07.276,1.63628,1.6365,1.10,1.50
2016.05.31 03:47:07.378,1.63625,1.63648,2.06,1.12
2016.05.31 03:47:07.836,1.6363,1.63649,1.00,1.12
2016.05.31 03:47:07.938,1.6363,1.63654,1.87,1.76
2016.05.31 03:47:07.989,1.6363,1.63654,1.87,1.76
2016.05.31 03:47:08.096,1.63632,1.63654,1.87,1.01
2016.05.31 03:47:08.629,1.63633,1.63655,1.50,1.39
2016.05.31 03:47:09.594,1.63634,1.63657,1.87,2.06
2016.05.31 03:47:10.387,1.63635,1.63657,1.07,1.31
2016.05.31 03:47:10.489,1.63636,1.63659,2.32,1.01
2016.05.31 03:47:10.794,1.63638,1.63662,1.87,2.89
2016.05.31 03:47:15.933,1.63639,1.63662,1.87,2.81
2016.05.31 03:47:15.984,1.6364,1.63662,1.12,1.76
2016.05.31 03:47:19.086,1.6364,1.63662,1.12,1.66
2016.05.31 03:47:19.188,1.63639,1.63661,1.10,1.76
2016.05.31 03:47:19.290,1.63639,1.63662,1.10,3.19
2016.05.31 03:47:20.180,1.63638,1.6366,1.50,1.31
2016.05.31 03:47:21.701,1.63636,1.63658,1.25,1.01
2016.05.31 03:47:22.215,1.63636,1.63656,1.93,1.31
2016.05.31 03:47:22.267,1.63636,1.63656,2.30,1.12
2016.05.31 03:47:22.370,1.63638,1.63658,1.50,1.12
2016.05.31 03:47:22.472,1.6364,1.63662,1.07,1.37
2016.05.31 03:47:25.757,1.63639,1.63662,1.55,1.94
2016.05.31 03:47:25.918,1.63639,1.63658,1.00,2.12
2016.05.31 03:47:25.969,1.63631,1.63653,2.00,1.60
2016.05.31 03:47:26.325,1.63631,1.63651,1.05,1.12
2016.05.31 03:47:26.630,1.63631,1.63652,1.15,1.12
2016.05.31 03:47:27.139,1.63631,1.63653,2.68,1.01
2016.05.31 03:47:28.539,1.63629,1.63652,1.18,1.37
2016.05.31 03:47:28.641,1.63628,1.6365,1.05,1.31
2016.05.31 03:47:30.397,1.63628,1.63648,1.00,1.31
2016.05.31 03:47:32.697,1.63628,1.6365,1.10,1.18
2016.05.31 03:47:32.748,1.63634,1.6365,1.00,1.18
2016.05.31 03:47:33.130,1.63641,1.63665,1.87,1.82
2016.05.31 03:47:33.639,1.63645,1.63667,1.12,1.44
2016.05.31 03:47:34.307,1.63645,1.63667,1.12,2.19
2016.05.31 03:47:34.784,1.63643,1.63666,1.87,1.65
2016.05.31 03:47:38.392,1.63641,1.63664,3.00,1.07
2016.05.31 03:47:38.551,1.63641,1.63663,2.25,1.09
2016.05.31 03:47:38.754,1.63638,1.63658,1.20,1.31
2016.05.31 03:47:38.857,1.63636,1.63657,1.93,1.29
2016.05.31 03:47:38.960,1.63633,1.63656,1.12,1.01
2016.05.31 03:47:39.012,1.63633,1.63656,1.12,1.29
2016.05.31 03:47:39.541,1.63632,1.63656,1.93,1.69
2016.05.31 03:47:41.116,1.63632,1.63655,1.87,1.38
2016.05.31 03:47:41.445,1.63628,1.63651,1.85,1.76
2016.05.31 03:47:41.497,1.63628,1.63651,1.20,2.14
2016.05.31 03:47:41.651,1.63627,1.6365,1.18,1.76
2016.05.31 03:47:42.611,1.63632,1.63649,1.00,1.26
2016.05.31 03:47:43.033,1.63628,1.6365,1.95,1.31
2016.05.31 03:47:43.085,1.63628,1.6365,2.00,1.31
2016.05.31 03:47:43.137,1.6363,1.63651,1.12,1.19
2016.05.31 03:47:43.189,1.6363,1.63654,1.12,1.76
2016.05.31 03:47:43.699,1.6363,1.63652,1.12,1.07
2016.05.31 03:47:44.780,1.63631,1.63654,1.18,1.87
2016.05.31 03:47:45.035,1.63632,1.63655,1.93,1.09
2016.05.31 03:47:46.548,1.63633,1.63656,2.49,1.20
2016.05.31 03:47:47.736,1.63633,1.63656,2.57,2.70
2016.05.31 03:47:48.270,1.63633,1.63655,1.25,1.50
2016.05.31 03:47:48.855,1.63633,1.63654,1.25,1.07
2016.05.31 03:47:49.364,1.63632,1.63654,1.18,1.47
2016.05.31 03:47:49.719,1.63633,1.63657,2.49,1.87
2016.05.31 03:47:49.771,1.63634,1.63657,1.20,1.50
2016.05.31 03:47:50.476,1.63634,1.63657,1.65,1.12
2016.05.31 03:47:50.980,1.63635,1.63657,1.18,1.00
2016.05.31 03:47:51.439,1.63638,1.63659,1.05,1.20
2016.05.31 03:47:51.940,1.63637,1.63659,2.30,1.00
2016.05.31 03:47:52.656,1.63637,1.63658,2.44,1.00
2016.05.31 03:47:52.961,1.63635,1.63659,1.74,3.00
2016.05.31 03:47:53.367,1.63635,1.63659,1.74,2.62
2016.05.31 03:47:53.850,1.63636,1.63659,1.37,1.95
2016.05.31 03:47:54.158,1.63636,1.63659,1.37,1.95
2016.05.31 03:47:54.515,1.63634,1.63656,1.37,2.25
2016.05.31 03:47:57.179,1.63634,1.63656,1.31,1.12
2016.05.31 03:47:57.710,1.63634,1.63656,1.31,1.37
2016.05.31 03:47:58.284,1.63634,1.63656,1.31,1.75
2016.05.31 03:47:58.713,1.63634,1.63656,1.31,1.50
2016.05.31 03:47:59.148,1.63634,1.63656,1.31,1.75
2016.05.31 03:47:59.658,1.63633,1.63653,1.67,1.37
2016.05.31 03:47:59.761,1.6363,1.63651,1.80,1.37
2016.05.31 03:47:59.863,1.63628,1.6365,1.44,1.45
2016.05.31 03:47:59.966,1.63625,1.63648,1.31,1.57
2016.05.31 03:48:00.017,1.63625,1.63645,1.31,1.50
2016.05.31 03:48:00.170,1.63622,1.63643,1.01,1.37
2016.05.31 03:48:00.221,1.63621,1.63643,1.37,1.50
2016.05.31 03:48:00.481,1.63619,1.63641,1.07,1.75
2016.05.31 03:48:00.533,1.63618,1.63641,2.12,1.75
2016.05.31 03:48:00.888,1.63617,1.6364,2.01,1.12
2016.05.31 03:48:01.091,1.63617,1.6364,2.01,2.25
2016.05.31 03:48:02.765,1.6362,1.6364,1.25,1.37
2016.05.31 03:48:03.071,1.63624,1.63646,1.31,1.10
2016.05.31 03:48:03.274,1.63624,1.63646,2.44,1.00
2016.05.31 03:48:05.632,1.63624,1.63647,3.56,1.00
2016.05.31 03:48:06.171,1.63625,1.63648,1.31,1.10
2016.05.31 03:48:10.332,1.63626,1.63648,1.01,1.10
2016.05.31 03:48:10.881,1.63626,1.63648,1.01,1.10
2016.05.31 03:48:13.412,1.63628,1.63652,2.32,1.32
2016.05.31 03:48:13.463,1.63628,1.63653,3.07,2.19
2016.05.31 03:48:13.965,1.63629,1.63653,1.12,1.44
2016.05.31 03:48:14.588,1.63629,1.63653,1.12,1.44
2016.05.31 03:48:20.877,1.63629,1.63653,1.50,1.82
2016.05.31 03:48:21.993,1.63629,1.63646,1.12,1.12
2016.05.31 03:48:22.191,1.63622,1.63644,1.18,1.25
2016.05.31 03:48:22.243,1.63622,1.63644,1.18,1.82
2016.05.31 03:48:22.294,1.6362,1.63644,2.25,2.12
2016.05.31 03:48:22.549,1.6362,1.63641,1.50,1.01
2016.05.31 03:48:22.854,1.6362,1.63639,1.00,1.12
2016.05.31 03:48:22.906,1.63618,1.63639,1.00,1.12
2016.05.31 03:48:23.445,1.63618,1.63639,1.00,1.31
2016.05.31 03:48:27.090,1.63617,1.63638,1.00,1.31
2016.05.31 03:48:36.138,1.63617,1.63638,2.62,1.37
2016.05.31 03:48:36.189,1.63617,1.63639,3.07,1.50
2016.05.31 03:48:36.444,1.63617,1.6364,3.07,2.32
2016.05.31 03:48:36.969,1.63617,1.6364,2.70,2.32
2016.05.31 03:48:37.072,1.63617,1.6364,3.07,1.20
2016.05.31 03:48:37.377,1.63617,1.6364,3.07,1.20
2016.05.31 03:48:39.348,1.63617,1.63639,2.70,1.50
2016.05.31 03:48:39.602,1.63617,1.6364,3.22,2.32
2016.05.31 03:48:40.134,1.63617,1.63641,3.79,2.00
2016.05.31 03:48:40.741,1.63617,1.63641,3.79,1.57
2016.05.31 03:48:41.990,1.63618,1.63642,1.46,2.30
2016.05.31 03:48:43.591,1.63618,1.63642,1.46,2.30
2016.05.31 03:48:48.745,1.63619,1.6364,1.15,2.81
2016.05.31 03:48:49.613,1.63618,1.63637,1.15,1.31
2016.05.31 03:48:51.298,1.63618,1.63637,1.15,1.19
2016.05.31 03:48:51.451,1.63612,1.63633,1.07,3.56
2016.05.31 03:48:51.502,1.63612,1.63633,1.00,3.56
2016.05.31 03:48:51.604,1.63612,1.63629,1.00,1.37
2016.05.31 03:48:51.655,1.63607,1.63628,1.00,1.31
2016.05.31 03:48:51.911,1.63604,1.63625,1.12,1.31
2016.05.31 03:48:51.963,1.63604,1.63623,1.00,1.19
2016.05.31 03:48:52.270,1.63602,1.63622,1.12,1.19
2016.05.31 03:48:52.574,1.63603,1.63624,1.53,1.39
2016.05.31 03:48:52.676,1.63607,1.63626,1.00,1.31
2016.05.31 03:48:53.184,1.63607,1.63628,1.15,1.31
2016.05.31 03:48:53.704,1.63607,1.63629,1.63,1.76
2016.05.31 03:48:54.214,1.63609,1.6363,1.07,1.39
2016.05.31 03:48:54.468,1.63609,1.63632,2.00,1.82
2016.05.31 03:48:54.621,1.63609,1.63632,1.63,1.76
2016.05.31 03:48:55.832,1.63609,1.63632,2.00,1.76
2016.05.31 03:48:57.743,1.63609,1.63632,1.95,1.01
2016.05.31 03:48:58.380,1.63609,1.63633,2.14,1.87
2016.05.31 03:48:58.981,1.63609,1.63633,2.14,1.87
2016.05.31 03:49:02.161,1.6361,1.63632,2.06,1.50
2016.05.31 03:49:02.680,1.63613,1.63634,1.50,2.30
2016.05.31 03:49:03.114,1.63615,1.63634,1.00,1.55
2016.05.31 03:49:03.648,1.63615,1.63636,1.10,1.07
2016.05.31 03:49:04.334,1.63613,1.63634,1.57,1.01
2016.05.31 03:49:09.671,1.63612,1.63634,1.87,1.76
2016.05.31 03:49:11.994,1.63612,1.63632,1.37,1.00
2016.05.31 03:49:12.350,1.63608,1.63629,2.06,1.00
2016.05.31 03:49:12.401,1.63608,1.63627,1.12,1.00
2016.05.31 03:49:12.554,1.63605,1.63626,1.27,1.12
2016.05.31 03:49:12.605,1.63603,1.63624,1.20,1.19
2016.05.31 03:49:12.758,1.63602,1.63624,1.12,1.76
2016.05.31 03:49:12.961,1.63601,1.6362,1.07,1.00
2016.05.31 03:49:13.138,1.63598,1.6362,1.95,1.29
2016.05.31 03:49:14.946,1.63598,1.6362,2.70,1.10
2016.05.31 03:49:16.049,1.63601,1.63623,1.10,1.90
2016.05.31 03:49:16.100,1.63601,1.63623,1.20,1.25
2016.05.31 03:49:16.417,1.63608,1.63626,1.00,1.98
2016.05.31 03:49:16.519,1.63609,1.6363,1.37,1.64
2016.05.31 03:49:16.671,1.63609,1.63631,1.57,1.00
2016.05.31 03:49:21.685,1.6361,1.63631,1.87,1.00
2016.05.31 03:49:22.188,1.63611,1.63633,1.20,1.05
2016.05.31 03:49:23.335,1.63611,1.63633,1.20,1.00
2016.05.31 03:49:27.274,1.6361,1.63631,2.62,1.00
2016.05.31 03:49:27.782,1.6361,1.63632,2.62,1.05
2016.05.31 03:49:28.325,1.63611,1.63632,1.45,1.05
2016.05.31 03:49:28.931,1.63611,1.63632,1.57,1.00
2016.05.31 03:49:29.455,1.63611,1.63632,1.20,1.19
2016.05.31 03:49:33.053,1.63611,1.63632,1.95,1.19
2016.05.31 03:49:33.332,1.63614,1.63635,1.12,1.37
2016.05.31 03:49:33.484,1.63614,1.63635,2.25,1.26
2016.05.31 03:49:34.269,1.63614,1.63635,1.20,1.37
2016.05.31 03:49:34.802,1.63614,1.63635,1.37,2.06
2016.05.31 03:49:37.226,1.63614,1.63635,1.00,2.06
2016.05.31 03:49:37.531,1.63612,1.63634,1.00,2.06
2016.05.31 03:49:38.077,1.63611,1.63632,1.10,1.31
2016.05.31 03:49:43.638,1.6361,1.63628,1.12,1.00
2016.05.31 03:49:46.404,1.63609,1.6363,2.32,1.00
2016.05.31 03:49:46.723,1.63611,1.6363,2.62,1.00
2016.05.31 03:49:53.259,1.63611,1.6363,1.12,1.00
2016.05.31 03:49:53.812,1.63611,1.6363,1.00,1.00
2016.05.31 03:49:54.161,1.63611,1.63628,1.00,1.00
2016.05.31 03:49:55.382,1.63611,1.6363,1.00,1.25
2016.05.31 03:49:56.126,1.63611,1.63627,1.00,1.00
2016.05.31 03:49:56.279,1.63607,1.63625,1.00,1.00
2016.05.31 03:49:56.380,1.63607,1.63625,1.00,1.19
2016.05.31 03:49:56.432,1.63605,1.63625,1.00,1.19
2016.05.31 03:49:56.635,1.63605,1.63621,1.00,1.00
2016.05.31 03:49:56.737,1.636,1.63621,1.87,1.00
2016.05.31 03:49:57.263,1.63599,1.6362,2.62,1.25
2016.05.31 03:50:00.483,1.63603,1.63623,1.00,1.69
2016.05.31 03:50:01.010,1.63602,1.63621,1.00,1.31
2016.05.31 03:50:01.535,1.63603,1.63621,1.00,1.31
2016.05.31 03:50:03.015,1.63599,1.6362,1.50,1.76
2016.05.31 03:50:03.117,1.63598,1.63617,1.10,2.12
2016.05.31 03:50:03.219,1.63595,1.63615,1.12,2.00
2016.05.31 03:50:05.142,1.63595,1.63613,1.00,1.60
2016.05.31 03:50:07.289,1.63594,1.63613,1.00,1.60
2016.05.31 03:50:07.340,1.63591,1.63613,1.12,2.81
2016.05.31 03:50:07.391,1.6359,1.63613,1.57,3.62
2016.05.31 03:50:07.899,1.6359,1.63611,1.00,2.44
2016.05.31 03:50:08.643,1.63588,1.63611,2.25,3.19
2016.05.31 03:50:09.601,1.63588,1.63611,1.50,3.24
2016.05.31 03:50:10.130,1.63587,1.63602,1.37,1.19
2016.05.31 03:50:10.194,1.63584,1.63602,1.87,1.19
2016.05.31 03:50:10.245,1.63584,1.63598,1.87,1.19
2016.05.31 03:50:10.347,1.63584,1.63598,1.10,1.19
2016.05.31 03:50:10.806,1.63589,1.63604,1.00,1.31
2016.05.31 03:50:11.621,1.63588,1.63606,1.10,1.19
2016.05.31 03:50:11.672,1.63587,1.63602,1.20,1.19
2016.05.31 03:50:11.774,1.63586,1.63602,1.07,1.19
2016.05.31 03:50:15.713,1.63584,1.63602,1.20,1.19
2016.05.31 03:50:19.472,1.63584,1.63599,1.20,1.19
2016.05.31 03:50:19.625,1.63582,1.63599,1.27,1.69
2016.05.31 03:50:19.779,1.6358,1.63598,1.00,1.31
2016.05.31 03:50:24.656,1.63582,1.63599,1.00,1.29
2016.05.31 03:50:25.184,1.63582,1.63599,1.50,1.19
2016.05.31 03:50:25.338,1.63583,1.63602,2.25,1.07
2016.05.31 03:50:26.150,1.63583,1.63604,1.55,2.44
2016.05.31 03:50:26.303,1.63585,1.63604,1.05,1.69
2016.05.31 03:50:26.506,1.63588,1.63606,1.07,1.19
2016.05.31 03:50:26.760,1.63588,1.63609,1.07,2.44
2016.05.31 03:50:26.863,1.63592,1.63609,1.00,1.31
2016.05.31 03:50:28.798,1.63588,1.63609,2.68,1.19
2016.05.31 03:50:30.824,1.63592,1.63611,1.00,1.37
2016.05.31 03:50:30.875,1.63589,1.6361,1.10,1.07
2016.05.31 03:50:31.028,1.63588,1.63609,1.50,1.19
2016.05.31 03:50:31.532,1.6359,1.63611,1.00,1.74
2016.05.31 03:50:31.836,1.63592,1.63612,1.00,3.24
2016.05.31 03:50:32.561,1.63592,1.63611,1.00,1.25
2016.05.31 03:50:32.828,1.63594,1.63612,1.00,1.75
2016.05.31 03:50:33.134,1.63597,1.63617,1.10,2.12
2016.05.31 03:50:33.439,1.636,1.63617,1.00,1.37
2016.05.31 03:50:34.771,1.636,1.63617,1.00,1.37
2016.05.31 03:50:37.176,1.636,1.63616,1.00,1.19
2016.05.31 03:50:37.329,1.63598,1.63616,1.00,1.39
2016.05.31 03:50:37.381,1.63596,1.63616,1.00,2.44
2016.05.31 03:50:37.432,1.63596,1.63612,1.00,1.19
2016.05.31 03:50:37.783,1.63598,1.63612,1.00,1.19
2016.05.31 03:50:37.834,1.63598,1.63617,1.00,1.74
2016.05.31 03:50:41.484,1.63599,1.63615,1.00,1.01
2016.05.31 03:50:41.587,1.636,1.63618,1.00,1.99
2016.05.31 03:50:42.020,1.636,1.63617,1.00,1.20
2016.05.31 03:50:42.122,1.636,1.6362,1.00,1.94
2016.05.31 03:50:42.428,1.63601,1.63621,1.00,1.07
2016.05.31 03:50:45.034,1.63601,1.63621,1.00,1.07
2016.05.31 03:50:45.137,1.63599,1.63621,1.87,1.39
2016.05.31 03:50:45.240,1.63599,1.63618,1.00,1.69
2016.05.31 03:50:45.545,1.63599,1.63616,1.00,1.94
2016.05.31 03:50:47.530,1.636,1.63615,1.00,1.20
2016.05.31 03:50:47.859,1.636,1.63621,1.00,1.39
2016.05.31 03:50:48.192,1.636,1.63622,1.00,1.31
2016.05.31 03:50:52.005,1.63602,1.63625,1.45,1.69
2016.05.31 03:50:52.189,1.63602,1.63625,1.45,1.69
2016.05.31 03:50:52.342,1.63601,1.63623,1.41,1.56
2016.05.31 03:50:52.393,1.63601,1.6362,1.85,1.19
2016.05.31 03:50:52.444,1.63601,1.6362,1.00,1.76
2016.05.31 03:50:52.648,1.63599,1.63616,1.00,1.31
2016.05.31 03:50:52.880,1.63602,1.6362,1.00,2.06
2016.05.31 03:50:53.136,1.63606,1.63624,1.00,1.60
2016.05.31 03:50:53.288,1.63608,1.63624,1.00,1.01
2016.05.31 03:50:54.632,1.63608,1.63624,1.00,1.32
2016.05.31 03:50:55.210,1.63607,1.63624,1.00,1.39
2016.05.31 03:50:55.589,1.63611,1.63624,1.00,1.75
2016.05.31 03:50:55.895,1.63616,1.63633,1.00,1.12
2016.05.31 03:50:56.201,1.63613,1.63634,1.00,1.39
2016.05.31 03:50:57.854,1.6361,1.63631,1.87,3.56
2016.05.31 03:50:57.957,1.63608,1.63628,1.10,1.76
2016.05.31 03:50:58.009,1.63608,1.63627,1.10,1.29
2016.05.31 03:50:58.517,1.63607,1.63626,1.00,1.31
2016.05.31 03:51:00.074,1.63609,1.63625,1.00,1.09
2016.05.31 03:51:00.278,1.63612,1.63627,1.00,1.26
2016.05.31 03:51:00.795,1.63613,1.6363,1.00,1.07
2016.05.31 03:51:00.998,1.63615,1.6363,1.00,1.07
2016.05.31 03:51:02.589,1.63616,1.63632,1.00,1.72
2016.05.31 03:51:06.324,1.63617,1.63632,1.00,1.72
2016.05.31 03:51:06.376,1.63617,1.63634,1.00,1.44
2016.05.31 03:51:06.885,1.63618,1.63635,1.00,1.62
2016.05.31 03:51:06.987,1.6362,1.63635,1.00,1.26
2016.05.31 03:51:07.039,1.6362,1.63638,1.00,3.24
2016.05.31 03:51:07.294,1.63622,1.63638,1.00,2.49
2016.05.31 03:51:07.614,1.63628,1.63638,1.00,1.19
2016.05.31 03:51:07.666,1.63631,1.63641,1.00,1.01
2016.05.31 03:51:07.769,1.63631,1.63647,1.00,1.26
2016.05.31 03:51:07.872,1.63631,1.6365,1.00,2.49
2016.05.31 03:51:07.923,1.63634,1.6365,1.00,2.49
2016.05.31 03:51:08.853,1.63632,1.6365,1.00,2.12
2016.05.31 03:51:09.107,1.63632,1.63649,1.00,2.57
2016.05.31 03:51:09.209,1.6363,1.63649,1.00,2.19
2016.05.31 03:51:10.866,1.63626,1.63647,1.10,2.49
2016.05.31 03:51:11.373,1.63625,1.63642,1.00,1.53
2016.05.31 03:51:13.689,1.63625,1.63642,1.00,1.18
2016.05.31 03:51:14.383,1.63629,1.63642,1.00,1.65
2016.05.31 03:51:14.586,1.63634,1.63649,1.00,2.12
2016.05.31 03:51:16.022,1.63634,1.63652,1.00,2.94
2016.05.31 03:51:16.480,1.63636,1.63652,1.00,1.82
2016.05.31 03:51:19.561,1.63634,1.63648,1.00,1.19
2016.05.31 03:51:19.665,1.63632,1.6365,1.87,1.19
2016.05.31 03:51:19.869,1.63632,1.6365,1.10,1.29
2016.05.31 03:51:21.133,1.63634,1.6365,1.00,1.36
2016.05.31 03:51:23.929,1.63634,1.63652,1.00,1.74
2016.05.31 03:51:24.820,1.63634,1.63652,1.00,1.60
2016.05.31 03:51:24.922,1.63637,1.63654,1.00,2.17
2016.05.31 03:51:26.485,1.63632,1.63653,1.87,1.87
2016.05.31 03:51:26.536,1.63632,1.63652,1.00,1.42
2016.05.31 03:51:26.587,1.6363,1.63651,1.00,3.82
2016.05.31 03:51:26.924,1.6363,1.6365,1.00,2.55
2016.05.31 03:51:27.977,1.6363,1.6365,1.00,2.55
2016.05.31 03:51:28.325,1.63628,1.63649,1.00,3.00
2016.05.31 03:51:28.377,1.63628,1.63646,1.00,1.31
2016.05.31 03:51:28.707,1.63625,1.63646,1.00,2.81
2016.05.31 03:51:31.465,1.63625,1.63646,1.05,2.62
2016.05.31 03:51:32.795,1.63625,1.63646,1.07,2.25
2016.05.31 03:51:33.516,1.63627,1.63646,1.00,2.25
2016.05.31 03:51:34.888,1.63631,1.63646,1.00,2.25
2016.05.31 03:51:35.167,1.63633,1.6365,1.00,1.12
2016.05.31 03:51:35.231,1.63634,1.63652,1.00,1.12
2016.05.31 03:51:35.282,1.63636,1.63652,1.00,1.12
2016.05.31 03:51:35.486,1.63636,1.63654,1.00,1.20
2016.05.31 03:51:35.639,1.6364,1.63654,1.00,1.20
2016.05.31 03:51:35.792,1.63643,1.63659,1.00,1.12
2016.05.31 03:51:36.250,1.63643,1.63662,1.00,1.87
2016.05.31 03:51:38.009,1.63643,1.63661,1.00,1.12
2016.05.31 03:51:42.156,1.63643,1.63659,1.00,1.12
2016.05.31 03:51:42.319,1.63638,1.63658,1.20,1.20
2016.05.31 03:51:42.376,1.63638,1.63655,1.00,1.12
2016.05.31 03:51:42.478,1.63635,1.63655,1.00,1.12
2016.05.31 03:51:42.631,1.63635,1.63654,1.00,1.12
2016.05.31 03:51:43.393,1.63635,1.63655,1.00,2.19
2016.05.31 03:51:44.810,1.63635,1.63655,1.00,1.82
2016.05.31 03:51:45.115,1.6364,1.63658,1.00,1.65
2016.05.31 03:51:46.112,1.6364,1.63658,1.00,1.60
2016.05.31 03:51:48.650,1.63641,1.63658,1.00,1.18
2016.05.31 03:51:50.582,1.63641,1.63659,1.00,1.25
2016.05.31 03:51:51.103,1.63641,1.63659,1.00,1.20
2016.05.31 03:51:53.332,1.63639,1.63659,1.19,1.59
2016.05.31 03:51:53.434,1.63636,1.63657,1.12,1.12
2016.05.31 03:51:53.485,1.63635,1.63656,1.00,1.12
2016.05.31 03:51:53.790,1.63634,1.63653,1.00,1.68
2016.05.31 03:51:54.094,1.63634,1.63652,1.00,1.50
2016.05.31 03:51:54.196,1.63632,1.63652,1.00,1.50
2016.05.31 03:51:54.298,1.63632,1.6365,1.00,1.12
2016.05.31 03:51:55.405,1.6363,1.6365,1.19,1.50
2016.05.31 03:51:55.985,1.6363,1.6365,1.00,1.69
2016.05.31 03:51:56.307,1.63625,1.63645,1.00,1.98
2016.05.31 03:51:58.844,1.63629,1.63645,1.00,1.12
2016.05.31 03:51:59.151,1.63668,1.63676,1.00,1.10
2016.05.31 03:51:59.365,1.63674,1.63687,1.00,1.12
2016.05.31 03:51:59.417,1.63673,1.63693,1.25,1.87
2016.05.31 03:51:59.674,1.63676,1.63691,1.00,1.12
2016.05.31 03:51:59.777,1.63672,1.63693,1.00,1.50
2016.05.31 03:51:59.828,1.63675,1.63693,1.00,1.69
2016.05.31 03:51:59.981,1.63673,1.63691,1.25,1.57
2016.05.31 03:52:00.033,1.63673,1.63691,1.69,1.07
2016.05.31 03:52:00.344,1.63676,1.63694,1.19,2.25
2016.05.31 03:52:00.447,1.63676,1.63694,1.19,1.27
2016.05.31 03:52:00.959,1.63678,1.63696,1.00,3.00
2016.05.31 03:52:01.112,1.63678,1.63696,1.00,1.20
2016.05.31 03:52:01.417,1.63678,1.63696,1.00,1.95
2016.05.31 03:52:01.863,1.63678,1.63692,1.00,1.12
2016.05.31 03:52:02.118,1.6367,1.6369,1.19,1.50
2016.05.31 03:52:02.170,1.6367,1.63684,1.19,1.75
2016.05.31 03:52:02.221,1.6367,1.63684,1.00,1.75
2016.05.31 03:52:02.273,1.63667,1.63684,1.00,1.75
2016.05.31 03:52:02.800,1.63667,1.63683,1.00,1.75
2016.05.31 03:52:03.099,1.63669,1.63683,1.00,1.75
2016.05.31 03:52:03.409,1.63672,1.63686,1.00,1.12
2016.05.31 03:52:03.714,1.6367,1.63686,1.00,1.12
2016.05.31 03:52:03.866,1.6367,1.63688,1.00,1.75
2016.05.31 03:52:04.252,1.63673,1.63688,1.00,1.75
2016.05.31 03:52:04.783,1.63671,1.63689,1.00,1.12
2016.05.31 03:52:05.291,1.63671,1.63688,1.00,1.75
2016.05.31 03:52:05.854,1.63671,1.63689,1.19,1.12
2016.05.31 03:52:06.161,1.63695,1.63711,1.00,1.19
2016.05.31 03:52:06.212,1.63695,1.63714,1.00,1.01
2016.05.31 03:52:06.264,1.63695,1.63714,1.00,1.60
2016.05.31 03:52:06.569,1.63698,1.63717,1.00,1.78
2016.05.31 03:52:07.185,1.63695,1.63715,1.00,1.25
2016.05.31 03:52:07.515,1.63698,1.63715,1.00,1.05
2016.05.31 03:52:07.617,1.63692,1.63715,2.51,1.23
2016.05.31 03:52:08.176,1.63693,1.63715,1.31,1.61
2016.05.31 03:52:08.907,1.63697,1.63715,1.00,1.23
2016.05.31 03:52:09.008,1.63692,1.63715,2.51,1.23
2016.05.31 03:52:09.212,1.63691,1.63711,1.37,1.00
2016.05.31 03:52:09.619,1.63687,1.63707,2.44,1.00
2016.05.31 03:52:10.253,1.6369,1.6371,1.25,1.85
2016.05.31 03:52:10.305,1.6369,1.6371,1.25,1.20
2016.05.31 03:52:11.135,1.6369,1.6371,1.25,1.31
2016.05.31 03:52:12.268,1.6369,1.6371,1.25,1.46
2016.05.31 03:52:12.886,1.6369,1.63709,1.25,1.27
2016.05.31 03:52:13.201,1.63691,1.63712,1.19,2.13
2016.05.31 03:52:13.705,1.63691,1.63712,1.19,1.83
2016.05.31 03:52:14.222,1.63693,1.63712,1.00,1.72
2016.05.31 03:52:14.426,1.6369,1.6371,1.19,1.27
2016.05.31 03:52:14.933,1.6369,1.63709,1.29,1.27
2016.05.31 03:52:16.043,1.6369,1.6371,1.29,1.35
2016.05.31 03:52:16.548,1.6369,1.63709,1.29,1.27
2016.05.31 03:52:16.701,1.63685,1.63705,1.25,1.65
2016.05.31 03:52:16.753,1.63687,1.63705,1.00,1.84
2016.05.31 03:52:16.893,1.63685,1.63705,1.00,2.32
2016.05.31 03:52:16.945,1.63683,1.63702,1.25,1.72
2016.05.31 03:52:17.452,1.63683,1.63703,1.69,3.15
2016.05.31 03:52:17.953,1.63684,1.63702,1.00,1.35
2016.05.31 03:52:18.339,1.63686,1.63702,1.00,1.27
2016.05.31 03:52:18.950,1.63686,1.63706,1.00,2.45
2016.05.31 03:52:19.104,1.63684,1.63706,1.00,2.83
2016.05.31 03:52:19.657,1.63685,1.63702,1.00,1.46
2016.05.31 03:52:19.936,1.63685,1.63705,1.00,1.44
2016.05.31 03:52:20.140,1.63686,1.63703,1.00,1.26
2016.05.31 03:52:20.659,1.63687,1.63703,1.00,1.26
2016.05.31 03:52:20.710,1.63687,1.63705,1.00,1.44
2016.05.31 03:52:21.218,1.63686,1.63705,1.00,1.76
2016.05.31 03:52:21.269,1.63686,1.63702,1.00,1.19
2016.05.31 03:52:21.687,1.63683,1.63702,1.00,1.39
2016.05.31 03:52:23.617,1.6368,1.63701,1.00,1.31
2016.05.31 03:52:23.669,1.63678,1.63698,1.50,1.19
2016.05.31 03:52:23.872,1.63674,1.63695,1.10,1.76
2016.05.31 03:52:24.404,1.63674,1.63693,1.00,1.31
2016.05.31 03:52:24.456,1.63674,1.6369,1.00,1.19
2016.05.31 03:52:24.684,1.63672,1.6369,1.50,1.29
2016.05.31 03:52:25.095,1.63673,1.63692,1.00,1.01
2016.05.31 03:52:25.607,1.63673,1.63692,1.00,1.62
2016.05.31 03:52:26.171,1.63674,1.63692,1.00,1.62
2016.05.31 03:52:26.477,1.63673,1.63691,1.00,1.89
2016.05.31 03:52:27.205,1.63673,1.63692,1.00,1.52
2016.05.31 03:52:27.907,1.63673,1.63691,1.00,1.46
2016.05.31 03:52:29.178,1.63673,1.63691,1.87,1.46
2016.05.31 03:52:29.381,1.63686,1.63698,1.00,1.01
2016.05.31 03:52:29.433,1.63687,1.63702,1.37,1.99
2016.05.31 03:52:29.536,1.63692,1.63706,1.12,1.12
2016.05.31 03:52:29.587,1.63693,1.63712,1.87,1.00
2016.05.31 03:52:29.755,1.63694,1.63712,1.87,1.00
2016.05.31 03:52:30.063,1.63696,1.63714,1.57,1.00
2016.05.31 03:52:30.472,1.63703,1.63721,1.37,1.31
2016.05.31 03:52:30.726,1.63708,1.63723,1.37,1.00
2016.05.31 03:52:30.782,1.63707,1.63724,1.87,1.00
2016.05.31 03:52:30.834,1.63707,1.6372,1.75,1.00
2016.05.31 03:52:30.938,1.63702,1.63715,1.95,1.00
2016.05.31 03:52:31.041,1.63699,1.63715,1.10,1.00
2016.05.31 03:52:31.398,1.63697,1.63718,1.50,1.00
2016.05.31 03:52:31.566,1.63712,1.63724,1.00,2.44
2016.05.31 03:52:31.721,1.63717,1.63732,1.19,1.00
2016.05.31 03:52:31.824,1.63717,1.63734,2.06,1.00
2016.05.31 03:52:32.028,1.63723,1.63736,1.12,1.00
2016.05.31 03:52:32.538,1.63722,1.63741,1.57,1.00
2016.05.31 03:52:32.658,1.63723,1.63741,1.87,1.00
2016.05.31 03:52:32.964,1.63728,1.63742,1.00,1.00
2016.05.31 03:52:33.067,1.63723,1.63742,1.20,1.00
2016.05.31 03:52:33.579,1.63723,1.63741,1.37,1.00
2016.05.31 03:52:33.877,1.63721,1.63741,1.62,1.00
2016.05.31 03:52:34.399,1.63723,1.63741,1.12,1.00
2016.05.31 03:52:35.351,1.63721,1.63741,1.50,1.00
2016.05.31 03:52:35.859,1.63723,1.63741,1.12,1.00
2016.05.31 03:52:36.223,1.6372,1.63741,1.95,1.00
2016.05.31 03:52:36.502,1.6372,1.63741,2.70,1.00
2016.05.31 03:52:36.858,1.63721,1.63741,1.60,1.00
2016.05.31 03:52:36.909,1.63721,1.63739,1.31,1.00
2016.05.31 03:52:37.704,1.6372,1.63739,1.01,1.00
2016.05.31 03:52:38.010,1.63722,1.6374,1.57,1.00
2016.05.31 03:52:38.163,1.63722,1.6374,1.57,1.00
2016.05.31 03:52:39.007,1.63721,1.6374,1.69,1.00
2016.05.31 03:52:39.210,1.63721,1.6374,1.97,1.00
2016.05.31 03:52:39.566,1.63721,1.6374,2.12,1.00
2016.05.31 03:52:39.809,1.63721,1.6374,2.12,1.00
2016.05.31 03:52:40.816,1.63724,1.6374,1.00,1.00
2016.05.31 03:52:41.336,1.63723,1.6374,1.12,1.00
2016.05.31 03:52:41.490,1.63723,1.63743,1.12,1.00
2016.05.31 03:52:41.664,1.63732,1.63744,1.00,1.00
2016.05.31 03:52:41.981,1.6373,1.63746,1.69,1.00
2016.05.31 03:52:42.032,1.63726,1.63744,1.87,1.00
2016.05.31 03:52:42.083,1.63725,1.63742,2.62,1.00
2016.05.31 03:52:42.236,1.63724,1.63742,1.12,1.00
2016.05.31 03:52:42.287,1.63724,1.63742,1.12,1.19
2016.05.31 03:52:42.703,1.63728,1.63742,1.00,1.19
2016.05.31 03:52:43.973,1.63733,1.63744,1.00,1.19
2016.05.31 03:52:44.024,1.63733,1.63748,1.00,1.19
2016.05.31 03:52:44.667,1.63732,1.63749,1.00,1.19
2016.05.31 03:52:45.005,1.63732,1.63752,2.81,1.00
2016.05.31 03:52:45.158,1.63734,1.63754,1.31,1.10
2016.05.31 03:52:45.313,1.63736,1.63756,1.39,1.25
2016.05.31 03:52:45.567,1.63738,1.63758,1.19,1.12
2016.05.31 03:52:46.075,1.63738,1.63758,1.69,1.10
2016.05.31 03:52:46.404,1.63739,1.63761,2.51,1.31
2016.05.31 03:52:46.456,1.63741,1.63763,1.69,1.87
2016.05.31 03:52:46.508,1.63741,1.63763,1.69,1.10
2016.05.31 03:52:46.661,1.63743,1.6376,1.29,1.00
2016.05.31 03:52:46.967,1.63743,1.6376,1.19,1.00
2016.05.31 03:52:47.119,1.63744,1.63762,1.19,1.10
2016.05.31 03:52:49.673,1.63741,1.6376,3.94,1.00
2016.05.31 03:52:50.517,1.63741,1.6376,3.89,1.00
2016.05.31 03:52:51.689,1.63742,1.63762,1.39,1.19
2016.05.31 03:52:52.235,1.63744,1.63764,1.00,1.29
2016.05.31 03:52:52.793,1.63743,1.63762,1.01,1.19
2016.05.31 03:52:53.379,1.63741,1.6376,2.81,1.00
2016.05.31 03:52:54.468,1.63741,1.6376,1.00,1.19
2016.05.31 03:52:54.816,1.63737,1.63753,2.02,1.00
2016.05.31 03:52:54.918,1.63735,1.63753,1.25,1.00
2016.05.31 03:52:55.427,1.63733,1.63752,2.02,1.00
2016.05.31 03:52:55.783,1.63733,1.6375,1.19,1.00
2016.05.31 03:52:56.107,1.63743,1.63755,1.00,1.60
2016.05.31 03:52:56.210,1.63743,1.63757,1.00,1.31
2016.05.31 03:52:56.718,1.63744,1.6376,1.00,3.56
2016.05.31 03:52:57.357,1.63744,1.63762,1.00,1.69
2016.05.31 03:52:57.459,1.63747,1.63762,1.00,1.69
2016.05.31 03:52:57.764,1.63762,1.63772,1.00,1.20
2016.05.31 03:52:57.816,1.6376,1.63772,1.00,1.20
2016.05.31 03:52:58.019,1.63766,1.63775,1.00,1.31
2016.05.31 03:52:58.172,1.6377,1.63782,1.00,1.19
2016.05.31 03:52:58.223,1.63768,1.63783,1.00,1.25
2016.05.31 03:52:58.276,1.63771,1.63783,1.00,1.25
2016.05.31 03:52:58.493,1.63779,1.63793,1.00,1.20
2016.05.31 03:52:58.544,1.63781,1.63794,1.00,1.12
2016.05.31 03:52:58.749,1.63784,1.63801,1.00,1.09
2016.05.31 03:52:58.904,1.63786,1.63805,1.00,3.60
2016.05.31 03:52:59.057,1.63791,1.63809,1.00,1.27
2016.05.31 03:52:59.160,1.63791,1.63807,1.00,1.00
2016.05.31 03:52:59.481,1.63796,1.63811,1.00,1.08
2016.05.31 03:53:00.040,1.63796,1.6381,1.00,1.00
2016.05.31 03:53:00.294,1.63796,1.6382,1.00,2.47
2016.05.31 03:53:00.495,1.63803,1.63822,1.50,2.14
2016.05.31 03:53:00.548,1.63804,1.63825,1.20,1.25
2016.05.31 03:53:00.601,1.63802,1.63825,1.20,1.25
2016.05.31 03:53:00.652,1.63802,1.63829,1.20,1.56
2016.05.31 03:53:00.805,1.63807,1.63829,1.00,1.00
2016.05.31 03:53:00.856,1.63807,1.63832,1.00,1.12
2016.05.31 03:53:00.909,1.63805,1.63832,1.97,1.00
2016.05.31 03:53:01.214,1.63807,1.63831,1.20,1.75
2016.05.31 03:53:01.516,1.63811,1.63831,1.19,1.45
2016.05.31 03:53:01.823,1.63804,1.63825,1.19,1.50
2016.05.31 03:53:02.029,1.63804,1.63826,1.19,1.12
2016.05.31 03:53:02.660,1.63804,1.63826,1.19,1.00
2016.05.31 03:53:02.813,1.63804,1.63826,1.19,1.50
2016.05.31 03:53:03.068,1.63802,1.63826,1.69,1.75
2016.05.31 03:53:03.323,1.63802,1.63827,2.06,1.57
2016.05.31 03:53:03.627,1.63808,1.63828,1.00,1.37
2016.05.31 03:53:03.729,1.63803,1.63828,1.69,1.00
2016.05.31 03:53:03.780,1.63806,1.63828,1.12,1.12
2016.05.31 03:53:04.282,1.63806,1.63829,1.12,1.10
2016.05.31 03:53:04.924,1.63813,1.63831,1.19,1.12
2016.05.31 03:53:05.026,1.63813,1.63838,1.19,1.50
2016.05.31 03:53:05.213,1.63817,1.63838,1.12,1.12
2016.05.31 03:53:05.521,1.63811,1.63834,3.75,1.94
2016.05.31 03:53:05.572,1.63808,1.63833,1.07,1.69
2016.05.31 03:53:05.675,1.63805,1.63831,1.87,1.94
2016.05.31 03:53:05.828,1.63805,1.63829,1.20,2.44
2016.05.31 03:53:05.997,1.638,1.63825,1.12,1.01
2016.05.31 03:53:06.099,1.63801,1.63826,1.50,1.31
2016.05.31 03:53:07.915,1.63803,1.63827,1.57,1.76
2016.05.31 03:53:08.018,1.63803,1.63829,3.65,1.94
2016.05.31 03:53:08.070,1.63804,1.6383,2.52,1.29
2016.05.31 03:53:08.377,1.63806,1.6383,1.75,1.56
2016.05.31 03:53:08.429,1.63804,1.6383,1.75,1.69
2016.05.31 03:53:08.936,1.63804,1.63829,1.75,1.39
2016.05.31 03:53:10.226,1.63804,1.6383,2.00,1.87
2016.05.31 03:53:10.329,1.63804,1.63827,1.01,1.00
2016.05.31 03:53:10.736,1.63807,1.63832,1.12,3.26
2016.05.31 03:53:11.041,1.63808,1.6383,1.12,1.69
2016.05.31 03:53:11.603,1.63806,1.6383,2.15,1.19
2016.05.31 03:53:11.655,1.63806,1.63833,1.45,1.39
2016.05.31 03:53:11.706,1.63811,1.63833,1.12,1.69
2016.05.31 03:53:12.196,1.63811,1.6383,1.12,1.19
2016.05.31 03:53:12.250,1.63807,1.6383,2.25,1.19
2016.05.31 03:53:12.403,1.63807,1.63832,1.31,3.37
2016.05.31 03:53:12.657,1.63809,1.63834,1.22,1.01
2016.05.31 03:53:12.810,1.63812,1.63838,1.12,1.71
2016.05.31 03:53:13.003,1.63813,1.63839,1.01,1.31
2016.05.31 03:53:13.309,1.63814,1.6384,1.94,1.07
2016.05.31 03:53:13.513,1.63814,1.6384,2.00,1.26
2016.05.31 03:53:13.598,1.63814,1.6384,1.94,1.26
2016.05.31 03:53:13.752,1.63814,1.6384,2.00,1.26
2016.05.31 03:53:14.184,1.63812,1.63837,1.31,1.60
2016.05.31 03:53:14.490,1.63827,1.63837,1.00,1.12
2016.05.31 03:53:14.593,1.63823,1.63843,1.39,1.19
2016.05.31 03:53:14.644,1.63828,1.63843,1.50,1.19
2016.05.31 03:53:14.748,1.6384,1.63849,1.00,1.31
2016.05.31 03:53:14.851,1.63843,1.63865,1.19,1.20
2016.05.31 03:53:15.218,1.63849,1.63865,1.00,1.75
2016.05.31 03:53:15.525,1.63845,1.63864,1.00,1.12
2016.05.31 03:53:15.577,1.63845,1.63859,1.00,1.75
2016.05.31 03:53:15.629,1.63842,1.63859,1.00,1.75
2016.05.31 03:53:15.782,1.63839,1.63856,1.00,1.60
2016.05.31 03:53:15.833,1.63837,1.63856,1.00,1.60
2016.05.31 03:53:15.935,1.63834,1.63854,1.19,1.50
2016.05.31 03:53:16.037,1.63832,1.63852,1.00,1.84
2016.05.31 03:53:16.414,1.63828,1.63847,1.00,1.00
2016.05.31 03:53:16.950,1.63827,1.63847,1.10,1.00
2016.05.31 03:53:17.102,1.63832,1.63852,1.37,1.39
2016.05.31 03:53:17.153,1.63831,1.63851,2.25,1.29
2016.05.31 03:53:17.205,1.63832,1.63851,1.50,1.19
2016.05.31 03:53:17.307,1.6383,1.63851,2.89,1.00
2016.05.31 03:53:17.359,1.63832,1.63852,2.06,1.10
2016.05.31 03:53:17.461,1.63834,1.63854,1.25,1.12
2016.05.31 03:53:17.680,1.63836,1.63857,1.07,1.00
2016.05.31 03:53:18.595,1.6384,1.6386,1.37,1.12
2016.05.31 03:53:18.878,1.63837,1.63862,1.57,1.75
2016.05.31 03:53:19.760,1.63837,1.63862,2.02,1.75
2016.05.31 03:53:19.862,1.63837,1.63864,1.87,1.75
2016.05.31 03:53:20.176,1.63833,1.6386,2.04,1.12
2016.05.31 03:53:20.291,1.63839,1.63864,1.39,1.75
2016.05.31 03:53:20.393,1.63836,1.63862,1.50,1.75
2016.05.31 03:53:20.495,1.63835,1.63861,2.58,1.12
2016.05.31 03:53:21.002,1.63835,1.63857,3.07,1.19
2016.05.31 03:53:21.393,1.63832,1.63857,1.12,1.39
2016.05.31 03:53:21.495,1.63828,1.63853,1.12,1.60
2016.05.31 03:53:21.547,1.63828,1.63853,1.12,2.06
2016.05.31 03:53:21.700,1.63823,1.6385,1.20,2.06
2016.05.31 03:53:21.752,1.63822,1.63846,1.12,1.19
2016.05.31 03:53:23.435,1.63822,1.63846,2.25,1.19
2016.05.31 03:53:23.741,1.63826,1.63848,1.12,1.29
2016.05.31 03:53:23.843,1.63824,1.63848,1.12,1.31
2016.05.31 03:53:24.038,1.63822,1.63847,1.12,1.01
2016.05.31 03:53:24.191,1.63823,1.63848,1.75,2.06
2016.05.31 03:53:24.704,1.63822,1.63848,2.40,2.44
2016.05.31 03:53:25.014,1.63828,1.63848,1.00,2.44
2016.05.31 03:53:25.337,1.63823,1.63848,1.50,2.44
2016.05.31 03:53:25.388,1.63823,1.63843,1.00,1.19
2016.05.31 03:53:25.542,1.63819,1.63843,2.32,1.31
2016.05.31 03:53:25.848,1.63823,1.63843,1.00,1.29
2016.05.31 03:53:26.154,1.63823,1.63846,1.10,1.31
2016.05.31 03:53:26.256,1.63823,1.63843,1.47,1.19
2016.05.31 03:53:26.530,1.63822,1.63843,1.00,1.19
2016.05.31 03:53:26.835,1.63822,1.63842,1.00,1.29
2016.05.31 03:53:27.091,1.63817,1.63837,2.25,1.19
2016.05.31 03:53:27.910,1.63817,1.6384,2.62,1.19
2016.05.31 03:53:29.201,1.63817,1.63836,1.00,1.19
2016.05.31 03:53:29.253,1.63812,1.63834,1.10,1.69
2016.05.31 03:53:29.355,1.63809,1.6383,1.10,1.19
2016.05.31 03:53:29.661,1.63804,1.63825,2.25,1.69
2016.05.31 03:53:29.763,1.63802,1.63824,1.10,1.19
2016.05.31 03:53:29.815,1.638,1.63821,1.20,1.00
2016.05.31 03:53:30.121,1.63799,1.63821,1.00,1.19
2016.05.31 03:53:30.612,1.63801,1.63822,1.00,1.19
2016.05.31 03:53:30.764,1.63802,1.63825,1.10,1.76
2016.05.31 03:53:30.816,1.63807,1.63825,1.00,1.29
2016.05.31 03:53:31.020,1.63808,1.6383,1.12,2.44
2016.05.31 03:53:31.122,1.63811,1.6383,1.10,1.19
2016.05.31 03:53:31.431,1.63818,1.63836,1.00,1.01
2016.05.31 03:53:31.892,1.63816,1.63835,1.00,1.94
2016.05.31 03:53:31.943,1.63813,1.63834,1.00,1.31
2016.05.31 03:53:31.995,1.63813,1.63832,1.00,1.29
2016.05.31 03:53:33.353,1.63808,1.6383,1.50,1.39
2016.05.31 03:53:33.981,1.63806,1.63828,1.95,1.69
2016.05.31 03:53:34.496,1.63804,1.63825,1.57,1.19
2016.05.31 03:53:34.649,1.63803,1.63825,1.45,1.29
2016.05.31 03:53:35.612,1.63802,1.63823,1.50,1.00
2016.05.31 03:53:35.663,1.63801,1.63825,1.68,1.39
2016.05.31 03:53:38.049,1.63801,1.63825,2.32,1.39
2016.05.31 03:53:39.014,1.63802,1.63825,1.87,1.29
2016.05.31 03:53:41.087,1.63803,1.63823,1.20,1.25
2016.05.31 03:53:43.973,1.63802,1.63822,1.12,1.19
2016.05.31 03:53:44.178,1.63798,1.63819,1.12,1.19
2016.05.31 03:53:44.229,1.63798,1.63817,1.95,1.00
2016.05.31 03:53:44.789,1.63797,1.63817,1.50,1.20
2016.05.31 03:53:45.247,1.63798,1.63818,1.87,1.00
2016.05.31 03:53:45.400,1.63797,1.63818,1.65,1.19
2016.05.31 03:53:45.908,1.63798,1.63818,1.50,1.19
2016.05.31 03:53:47.165,1.63797,1.63818,1.65,1.19
2016.05.31 03:53:47.717,1.63798,1.63818,1.50,1.19
2016.05.31 03:53:49.658,1.63797,1.63818,1.50,2.06
2016.05.31 03:53:49.963,1.63794,1.63818,3.07,2.06
2016.05.31 03:53:50.116,1.638,1.63818,1.00,1.31
2016.05.31 03:53:50.638,1.638,1.63818,1.12,1.19
2016.05.31 03:53:51.394,1.63802,1.63818,1.00,1.19
2016.05.31 03:53:51.699,1.63807,1.63821,1.10,1.19
2016.05.31 03:53:52.005,1.63809,1.63821,1.20,1.19
2016.05.31 03:53:52.107,1.63811,1.63821,1.00,1.25
2016.05.31 03:53:52.361,1.63813,1.63826,1.00,1.19
2016.05.31 03:53:52.789,1.63815,1.63826,1.00,1.19
2016.05.31 03:53:53.097,1.63826,1.63833,1.00,1.19
2016.05.31 03:53:53.199,1.6383,1.63842,1.00,1.69
2016.05.31 03:53:53.251,1.63828,1.63842,1.00,1.69
2016.05.31 03:53:53.353,1.63828,1.63838,1.00,1.19
2016.05.31 03:53:54.165,1.63839,1.63843,1.00,1.69
2016.05.31 03:53:54.217,1.63835,1.63843,2.25,1.19
2016.05.31 03:53:54.268,1.63835,1.63843,1.00,1.19
2016.05.31 03:53:54.320,1.63839,1.63847,1.00,1.19
2016.05.31 03:53:54.422,1.63835,1.63844,1.00,1.19
2016.05.31 03:53:54.473,1.63837,1.63844,1.00,1.19
2016.05.31 03:53:54.525,1.63837,1.63849,1.00,1.19
2016.05.31 03:53:55.236,1.63835,1.63849,1.10,1.19
2016.05.31 03:53:55.287,1.63837,1.63849,1.00,1.19
2016.05.31 03:53:55.631,1.63843,1.63852,1.00,1.19
2016.05.31 03:53:55.936,1.63849,1.63863,1.00,1.19
2016.05.31 03:53:55.987,1.63849,1.63859,1.00,1.19
2016.05.31 03:53:56.039,1.63846,1.63859,1.00,1.19
2016.05.31 03:53:56.090,1.63846,1.6386,1.00,1.01
2016.05.31 03:53:56.193,1.63843,1.63859,1.00,1.01
2016.05.31 03:53:56.295,1.63843,1.63859,1.00,1.01
2016.05.31 03:53:56.639,1.63848,1.63855,1.00,1.12
2016.05.31 03:53:56.691,1.63847,1.63856,1.00,1.75
2016.05.31 03:53:56.742,1.63847,1.63858,1.00,1.94
2016.05.31 03:53:57.048,1.63856,1.63867,1.00,1.01
2016.05.31 03:53:57.100,1.63858,1.63869,1.00,1.01
2016.05.31 03:53:57.304,1.63858,1.63873,1.00,1.69
2016.05.31 03:53:57.406,1.63859,1.63873,1.00,1.31
2016.05.31 03:53:57.983,1.63857,1.63867,1.00,1.25
2016.05.31 03:53:58.289,1.63859,1.63876,1.00,1.66
2016.05.31 03:53:58.595,1.63861,1.63878,1.00,1.31
2016.05.31 03:53:58.646,1.63863,1.6388,1.00,2.04
2016.05.31 03:53:58.698,1.63863,1.63882,1.00,1.66
2016.05.31 03:53:59.004,1.63865,1.63881,1.00,1.01
2016.05.31 03:53:59.309,1.63865,1.63878,1.00,1.01
2016.05.31 03:53:59.360,1.63863,1.63878,1.00,1.01
2016.05.31 03:53:59.514,1.63863,1.63876,1.00,1.31
2016.05.31 03:53:59.566,1.63854,1.63876,1.12,1.31
2016.05.31 03:53:59.668,1.63852,1.63875,1.12,1.31
2016.05.31 03:54:00.288,1.63853,1.63872,1.20,1.29
2016.05.31 03:54:00.594,1.63857,1.63872,1.00,1.29
2016.05.31 03:54:00.864,1.63855,1.63872,1.00,1.29
2016.05.31 03:54:01.118,1.63852,1.63868,1.00,1.69
2016.05.31 03:54:01.459,1.63854,1.63865,1.00,1.31
2016.05.31 03:54:01.510,1.63851,1.63867,1.00,1.39
2016.05.31 03:54:01.562,1.63851,1.63864,1.00,1.19
2016.05.31 03:54:01.868,1.6385,1.6386,1.00,1.29
2016.05.31 03:54:03.224,1.6385,1.6386,1.00,1.29
2016.05.31 03:54:04.051,1.63845,1.63859,2.37,1.31
2016.05.31 03:54:04.979,1.63845,1.63858,1.00,1.12
2016.05.31 03:54:05.916,1.63844,1.63858,3.12,1.12
2016.05.31 03:54:05.967,1.63844,1.63858,3.12,1.31
2016.05.31 03:54:06.272,1.63844,1.6385,2.37,1.31
2016.05.31 03:54:07.027,1.63842,1.63852,2.43,1.31
2016.05.31 03:54:07.180,1.63844,1.63852,1.69,1.31
2016.05.31 03:54:07.486,1.63845,1.63851,1.00,2.06
2016.05.31 03:54:07.740,1.63842,1.63851,2.81,1.31
2016.05.31 03:54:07.843,1.63845,1.63853,1.31,1.31
2016.05.31 03:54:11.925,1.63842,1.63849,2.51,1.25
2016.05.31 03:54:12.112,1.63843,1.63847,1.00,1.25
2016.05.31 03:54:12.519,1.63831,1.63848,1.00,1.19
2016.05.31 03:54:12.570,1.63831,1.63848,1.15,1.19
2016.05.31 03:54:12.672,1.63832,1.6385,1.04,2.44
2016.05.31 03:54:12.723,1.63832,1.6385,1.10,1.31
2016.05.31 03:54:12.825,1.63834,1.63854,1.10,2.06
2016.05.31 03:54:13.028,1.63837,1.63857,1.00,1.39
2016.05.31 03:54:13.375,1.63837,1.63857,1.75,1.19
2016.05.31 03:54:13.681,1.63871,1.63876,1.00,3.56
2016.05.31 03:54:13.733,1.63855,1.63873,1.50,1.00
2016.05.31 03:54:13.784,1.63872,1.63876,1.50,1.12
2016.05.31 03:54:13.886,1.63877,1.63884,1.12,1.25
2016.05.31 03:54:13.938,1.63878,1.63884,1.10,1.19
2016.05.31 03:54:14.092,1.63875,1.63884,1.00,1.19
2016.05.31 03:54:14.143,1.63877,1.63895,1.00,1.94
2016.05.31 03:54:14.195,1.63882,1.63893,1.00,2.96
2016.05.31 03:54:14.460,1.6388,1.63892,1.00,1.75
2016.05.31 03:54:14.563,1.63875,1.63892,1.00,1.01
2016.05.31 03:54:14.614,1.63878,1.63892,1.00,1.01
2016.05.31 03:54:14.717,1.63879,1.63893,1.00,1.12
2016.05.31 03:54:14.819,1.63879,1.63895,1.00,1.12
2016.05.31 03:54:14.972,1.63882,1.63896,1.00,1.01
2016.05.31 03:54:15.025,1.63877,1.63896,1.10,1.01
2016.05.31 03:54:15.076,1.63877,1.63898,1.10,1.01
2016.05.31 03:54:15.128,1.63877,1.63898,1.00,1.01
2016.05.31 03:54:15.442,1.63882,1.63901,1.00,1.76
2016.05.31 03:54:15.595,1.63884,1.63901,1.00,2.04
2016.05.31 03:54:15.901,1.63884,1.639,1.00,1.01
2016.05.31 03:54:16.157,1.63876,1.63899,1.12,1.31
2016.05.31 03:54:16.209,1.63876,1.63894,1.12,1.00
2016.05.31 03:54:16.515,1.63876,1.63892,1.12,1.00
2016.05.31 03:54:16.815,1.63874,1.63892,1.12,1.00
2016.05.31 03:54:16.917,1.63872,1.6389,1.76,1.00
2016.05.31 03:54:16.968,1.6387,1.6389,2.44,1.00
2016.05.31 03:54:17.273,1.63876,1.63895,1.00,1.75
2016.05.31 03:54:17.528,1.63876,1.63896,2.44,1.00
2016.05.31 03:54:17.579,1.63878,1.63898,1.01,1.10
2016.05.31 03:54:17.884,1.63878,1.63898,1.94,1.00
2016.05.31 03:54:18.292,1.63869,1.6389,1.12,1.00
2016.05.31 03:54:18.343,1.63869,1.63886,1.12,1.00
2016.05.31 03:54:18.496,1.63867,1.63885,1.31,1.00
2016.05.31 03:54:18.548,1.63867,1.63885,1.20,1.00
2016.05.31 03:54:18.854,1.63864,1.63885,1.57,1.12
2016.05.31 03:54:19.368,1.63864,1.63885,1.87,1.00
2016.05.31 03:54:19.747,1.63864,1.63885,1.87,1.00
2016.05.31 03:54:20.106,1.63867,1.63887,1.31,1.00
2016.05.31 03:54:20.615,1.63868,1.63886,1.75,1.00
2016.05.31 03:54:20.927,1.63869,1.6389,1.20,1.12
2016.05.31 03:54:21.202,1.63869,1.63891,1.85,1.12
2016.05.31 03:54:21.930,1.63869,1.63888,1.12,1.00
2016.05.31 03:54:22.032,1.63865,1.63888,1.57,1.57
2016.05.31 03:54:22.134,1.63864,1.63883,1.12,1.00
2016.05.31 03:54:22.185,1.63863,1.63883,1.75,1.00
2016.05.31 03:54:22.493,1.63862,1.63883,1.12,1.10
2016.05.31 03:54:22.851,1.63862,1.63882,1.10,1.12
2016.05.31 03:54:23.157,1.63859,1.63881,1.20,1.12
2016.05.31 03:54:23.462,1.63859,1.63881,1.00,2.44
2016.05.31 03:54:23.834,1.63855,1.63873,1.00,1.01
2016.05.31 03:54:23.936,1.63852,1.63873,1.10,1.01
2016.05.31 03:54:24.089,1.63848,1.63872,1.50,2.44
2016.05.31 03:54:24.141,1.63847,1.63868,1.57,1.29
2016.05.31 03:54:24.243,1.63847,1.63868,1.10,1.29
2016.05.31 03:54:24.547,1.63848,1.63867,1.19,1.20
2016.05.31 03:54:25.590,1.63848,1.63868,1.19,1.87
2016.05.31 03:54:28.847,1.63849,1.63866,1.19,1.87
2016.05.31 03:54:29.000,1.63849,1.63867,1.19,1.87
2016.05.31 03:54:29.102,1.63853,1.63868,1.19,1.12
2016.05.31 03:54:29.469,1.63853,1.63869,1.19,1.10
2016.05.31 03:54:30.754,1.63855,1.63872,1.19,1.50
2016.05.31 03:54:30.917,1.63855,1.63872,1.19,1.00
2016.05.31 03:54:31.274,1.63853,1.6387,2.06,1.00
2016.05.31 03:54:31.478,1.63854,1.63872,1.12,1.20
2016.05.31 03:54:31.581,1.63853,1.63872,1.20,1.00
2016.05.31 03:54:32.038,1.63852,1.63871,1.29,1.20
2016.05.31 03:54:32.405,1.63852,1.63871,1.29,2.62
2016.05.31 03:54:32.507,1.63851,1.63871,1.00,1.87
2016.05.31 03:54:34.183,1.63851,1.6387,1.00,2.32
2016.05.31 03:54:34.234,1.63851,1.6387,1.69,1.65
2016.05.31 03:54:34.439,1.63853,1.63873,1.19,1.50
2016.05.31 03:54:34.694,1.63856,1.63876,1.19,1.12
2016.05.31 03:54:36.478,1.63856,1.63876,1.25,1.12
2016.05.31 03:54:38.015,1.63857,1.63876,1.00,1.12
2016.05.31 03:54:38.117,1.63865,1.63876,1.00,1.12
2016.05.31 03:54:38.320,1.6387,1.63885,1.00,1.87
2016.05.31 03:54:38.371,1.63872,1.63887,1.00,3.75
2016.05.31 03:54:38.423,1.63872,1.63887,1.00,1.20
2016.05.31 03:54:38.930,1.63872,1.63887,1.00,1.00
2016.05.31 03:54:40.240,1.63874,1.63891,1.00,1.10
2016.05.31 03:54:40.546,1.63875,1.63893,1.00,1.20
2016.05.31 03:54:40.777,1.63875,1.63895,1.25,1.10
2016.05.31 03:54:40.828,1.63879,1.63897,1.00,1.10
2016.05.31 03:54:43.083,1.63878,1.63897,1.00,1.10
2016.05.31 03:54:44.137,1.63878,1.63892,1.25,1.00
2016.05.31 03:54:44.595,1.63871,1.63892,1.00,2.62
2016.05.31 03:54:44.646,1.63868,1.63887,1.69,1.00
2016.05.31 03:54:44.800,1.63868,1.63888,1.00,1.50
2016.05.31 03:54:45.073,1.63866,1.63882,1.00,1.00
2016.05.31 03:54:45.379,1.63866,1.63887,1.00,1.50
2016.05.31 03:54:45.430,1.63868,1.63887,1.00,1.50
2016.05.31 03:54:45.735,1.63871,1.63888,1.00,1.00
2016.05.31 03:54:47.193,1.63866,1.63888,1.19,2.25
2016.05.31 03:54:47.244,1.63865,1.63882,1.31,1.00
2016.05.31 03:54:47.347,1.6386,1.63881,1.94,1.87
2016.05.31 03:54:47.450,1.6386,1.63877,1.19,1.00
2016.05.31 03:54:47.603,1.63858,1.63879,1.00,2.25
2016.05.31 03:54:47.655,1.63858,1.63879,1.19,2.25
2016.05.31 03:54:47.969,1.63857,1.63878,2.49,1.00
2016.05.31 03:54:49.231,1.63858,1.63878,1.20,1.00
2016.05.31 03:54:49.566,1.63859,1.63882,1.20,3.00
2016.05.31 03:54:49.692,1.63859,1.63882,1.89,1.87
2016.05.31 03:54:49.896,1.63872,1.63891,1.00,1.00
2016.05.31 03:54:50.252,1.63874,1.63892,1.00,1.25
2016.05.31 03:54:52.362,1.63876,1.63893,1.00,1.29
2016.05.31 03:54:52.565,1.63877,1.63896,1.00,1.39
2016.05.31 03:54:53.101,1.6388,1.63898,1.00,2.14
2016.05.31 03:54:53.613,1.6388,1.63898,1.00,1.39
2016.05.31 03:54:54.163,1.6388,1.63898,1.00,1.00
2016.05.31 03:54:54.629,1.6388,1.63897,1.00,1.19
2016.05.31 03:54:54.884,1.63876,1.63894,1.00,1.19
2016.05.31 03:54:55.038,1.63873,1.6389,1.00,1.19
2016.05.31 03:54:55.141,1.63871,1.6389,1.10,1.19
2016.05.31 03:54:55.193,1.63868,1.63887,1.20,1.39
2016.05.31 03:54:55.519,1.63866,1.63881,1.00,1.19
2016.05.31 03:54:55.925,1.63866,1.63882,1.00,1.29
2016.05.31 03:54:57.119,1.63868,1.63882,1.00,1.19
2016.05.31 03:54:58.779,1.63868,1.63884,1.00,1.29
2016.05.31 03:54:59.275,1.63866,1.63884,1.00,1.29
2016.05.31 03:54:59.377,1.63869,1.63886,1.00,1.01
2016.05.31 03:54:59.734,1.63871,1.63887,1.00,1.69
2016.05.31 03:55:00.334,1.63871,1.63891,1.00,1.29
2016.05.31 03:55:00.436,1.63871,1.63891,1.00,1.29
2016.05.31 03:55:01.879,1.63874,1.63891,1.00,2.51
2016.05.31 03:55:01.930,1.63872,1.63892,1.00,3.26
2016.05.31 03:55:02.083,1.63869,1.6389,1.00,1.56
2016.05.31 03:55:02.236,1.63869,1.63888,1.00,1.69
2016.05.31 03:55:02.338,1.63869,1.63888,1.00,1.26
2016.05.31 03:55:02.542,1.63862,1.63884,1.12,2.89
2016.05.31 03:55:02.593,1.63861,1.63884,1.87,3.26
2016.05.31 03:55:02.644,1.63861,1.63882,1.12,1.31
2016.05.31 03:55:02.798,1.63857,1.63877,1.12,1.76
2016.05.31 03:55:02.849,1.63856,1.63875,1.20,1.69
2016.05.31 03:55:03.002,1.63853,1.63872,1.00,1.12
2016.05.31 03:55:03.199,1.6385,1.63871,1.00,1.20
2016.05.31 03:55:04.012,1.63847,1.63868,1.12,1.01
2016.05.31 03:55:04.063,1.63847,1.63868,1.12,1.29
2016.05.31 03:55:04.861,1.63845,1.63867,1.87,1.39
2016.05.31 03:55:05.490,1.63845,1.63866,1.12,1.10
2016.05.31 03:55:06.562,1.63845,1.63864,1.12,1.12
2016.05.31 03:55:06.665,1.63842,1.63862,1.75,1.00
2016.05.31 03:55:06.716,1.63839,1.6386,1.87,1.31
2016.05.31 03:55:06.767,1.63839,1.63858,1.12,1.12
2016.05.31 03:55:06.818,1.63836,1.63856,1.12,1.00
2016.05.31 03:55:07.124,1.63834,1.63852,1.12,1.00
2016.05.31 03:55:07.227,1.63831,1.63853,1.87,1.10
2016.05.31 03:55:07.593,1.63834,1.63854,1.12,1.00
2016.05.31 03:55:07.848,1.63833,1.63853,1.75,1.00
2016.05.31 03:55:08.205,1.63833,1.63855,1.12,1.10
2016.05.31 03:55:08.357,1.63834,1.63856,2.04,1.17
2016.05.31 03:55:09.248,1.6384,1.63859,1.29,1.10
2016.05.31 03:55:09.453,1.63841,1.63863,1.76,1.10
2016.05.31 03:55:09.504,1.63841,1.63865,2.04,1.10
2016.05.31 03:55:10.012,1.63844,1.63862,1.20,1.00
2016.05.31 03:55:14.635,1.63844,1.63866,1.76,1.50
2016.05.31 03:55:14.737,1.63846,1.63868,1.75,1.18
2016.05.31 03:55:15.042,1.63848,1.63871,2.06,2.00
2016.05.31 03:55:15.347,1.63851,1.63871,1.31,1.07
2016.05.31 03:55:16.534,1.63851,1.63871,1.31,1.07
2016.05.31 03:55:16.737,1.63847,1.63871,3.56,1.93
2016.05.31 03:55:16.839,1.63847,1.63868,2.14,1.20
2016.05.31 03:55:16.941,1.63845,1.63867,2.44,1.75
2016.05.31 03:55:17.044,1.63845,1.63865,1.25,1.12
2016.05.31 03:55:17.204,1.63842,1.63864,1.39,1.85
2016.05.31 03:55:17.407,1.63841,1.63862,1.69,1.93
2016.05.31 03:55:17.916,1.63841,1.63862,1.19,2.30
2016.05.31 03:55:18.171,1.63841,1.63864,1.76,1.53
2016.05.31 03:55:18.971,1.63841,1.63865,3.19,1.50
2016.05.31 03:55:20.775,1.63841,1.63863,2.44,1.00
2016.05.31 03:55:20.826,1.63841,1.63863,1.31,1.50
2016.05.31 03:55:20.929,1.6384,1.63863,1.76,1.87
2016.05.31 03:55:21.437,1.63839,1.63861,1.01,1.12
2016.05.31 03:55:21.948,1.63836,1.63856,1.31,1.45
2016.05.31 03:55:22.280,1.63823,1.63845,1.19,1.12
2016.05.31 03:55:22.839,1.63823,1.63841,1.19,1.00
2016.05.31 03:55:22.890,1.63819,1.63841,1.39,1.50
2016.05.31 03:55:24.451,1.6382,1.63841,1.69,1.20
2016.05.31 03:55:24.654,1.6382,1.63844,2.51,1.50
2016.05.31 03:55:24.756,1.63823,1.63845,1.94,1.27
2016.05.31 03:55:24.858,1.63825,1.63845,2.04,1.00
2016.05.31 03:55:24.960,1.63826,1.63847,1.01,1.10
2016.05.31 03:55:25.236,1.63832,1.63852,1.01,1.00
2016.05.31 03:55:25.338,1.63832,1.63854,2.04,1.57
2016.05.31 03:55:25.440,1.63833,1.63854,1.31,1.10
2016.05.31 03:55:26.000,1.63834,1.63856,1.01,1.87
2016.05.31 03:55:27.315,1.63834,1.63854,1.01,1.00
2016.05.31 03:55:27.518,1.63831,1.63852,2.44,1.20
2016.05.31 03:55:27.569,1.63831,1.6385,2.06,1.00
2016.05.31 03:55:27.722,1.63829,1.63848,1.01,1.00
2016.05.31 03:55:29.917,1.63826,1.63847,2.81,1.12
2016.05.31 03:55:30.247,1.63822,1.63842,2.14,1.00
2016.05.31 03:55:30.502,1.63818,1.6384,1.39,1.20
2016.05.31 03:55:30.553,1.63818,1.63837,1.39,1.00
2016.05.31 03:55:30.858,1.63821,1.6384,1.39,1.00
2016.05.31 03:55:31.346,1.63824,1.63841,1.29,1.00
2016.05.31 03:55:31.651,1.63825,1.63843,1.01,1.00
2016.05.31 03:55:32.781,1.63825,1.63841,1.01,1.00
2016.05.31 03:55:33.016,1.63824,1.63841,1.39,1.00
2016.05.31 03:55:33.068,1.63822,1.63839,2.44,1.00
2016.05.31 03:55:33.324,1.63821,1.63841,2.44,1.00
2016.05.31 03:55:33.631,1.63821,1.63838,2.44,1.00
2016.05.31 03:55:33.988,1.63818,1.63836,3.19,1.00
2016.05.31 03:55:35.111,1.63818,1.63838,2.51,1.00
2016.05.31 03:55:35.543,1.63818,1.63836,1.76,1.00
2016.05.31 03:55:36.751,1.63818,1.63838,1.76,1.00
2016.05.31 03:55:37.424,1.6382,1.63838,1.39,1.00
2016.05.31 03:55:37.525,1.6382,1.6384,2.51,1.00
2016.05.31 03:55:37.628,1.63824,1.6384,1.39,1.00
2016.05.31 03:55:37.831,1.63825,1.63842,1.01,1.00
2016.05.31 03:55:38.609,1.63825,1.63844,1.01,1.00
2016.05.31 03:55:38.711,1.63825,1.63847,1.01,1.12
2016.05.31 03:55:39.218,1.63827,1.63847,1.31,1.00
2016.05.31 03:55:40.857,1.63827,1.63849,2.06,1.20
2016.05.31 03:55:41.716,1.63828,1.63847,1.01,1.00
2016.05.31 03:55:41.869,1.63825,1.63847,2.44,1.75
2016.05.31 03:55:42.391,1.63824,1.63844,1.69,1.12
2016.05.31 03:55:42.596,1.63826,1.63845,1.69,1.12
2016.05.31 03:55:42.698,1.63826,1.63847,1.76,1.75
2016.05.31 03:55:43.590,1.63828,1.6385,1.69,1.87
2016.05.31 03:55:43.641,1.63828,1.6385,1.76,1.12
2016.05.31 03:55:43.795,1.63829,1.63851,2.04,1.50
2016.05.31 03:55:43.948,1.63833,1.63854,1.29,1.10
2016.05.31 03:55:44.001,1.63833,1.63854,2.44,1.00
2016.05.31 03:55:44.155,1.63835,1.63857,2.04,1.95
2016.05.31 03:55:44.360,1.63839,1.63859,1.01,1.00
2016.05.31 03:55:45.331,1.63839,1.63862,1.31,1.87
2016.05.31 03:55:46.956,1.63839,1.63862,1.12,1.87
2016.05.31 03:55:49.310,1.63841,1.63863,1.12,2.25
2016.05.31 03:55:50.400,1.63839,1.63858,1.87,1.25
2016.05.31 03:55:50.603,1.63834,1.63853,1.00,1.10
2016.05.31 03:55:50.757,1.6383,1.63853,1.12,1.69
2016.05.31 03:55:52.158,1.63829,1.63852,1.12,2.06
2016.05.31 03:55:52.686,1.63827,1.63852,1.87,2.06
2016.05.31 03:55:54.191,1.63827,1.63852,1.87,3.19
2016.05.31 03:55:54.496,1.63825,1.63847,1.87,1.00
2016.05.31 03:55:55.040,1.63826,1.63847,1.75,1.50
2016.05.31 03:55:57.284,1.63824,1.63847,1.20,1.20
2016.05.31 03:55:57.446,1.63824,1.63845,1.20,1.00
2016.05.31 03:55:57.751,1.6382,1.63844,2.32,1.57
2016.05.31 03:55:58.005,1.63823,1.63845,1.10,1.87
2016.05.31 03:55:59.802,1.6384,1.63846,1.00,1.69
2016.05.31 03:56:00.077,1.63855,1.6387,1.25,4.20
2016.05.31 03:56:00.137,1.63855,1.63875,1.25,1.10
2016.05.31 03:56:00.188,1.63854,1.63878,1.94,1.50
2016.05.31 03:56:00.240,1.63858,1.63879,1.12,1.00
2016.05.31 03:56:00.394,1.63859,1.63881,1.00,1.50
2016.05.31 03:56:00.498,1.63856,1.6388,1.87,1.10
2016.05.31 03:56:01.043,1.63858,1.63879,1.01,1.00
2016.05.31 03:56:01.556,1.63857,1.63879,1.76,1.00
2016.05.31 03:56:02.237,1.63859,1.6388,1.10,1.10
2016.05.31 03:56:02.561,1.63859,1.6388,1.00,2.25
2016.05.31 03:56:02.866,1.63859,1.6388,1.00,1.10
2016.05.31 03:56:04.026,1.63863,1.63882,1.00,1.12
2016.05.31 03:56:04.229,1.63865,1.63886,1.24,1.20
2016.05.31 03:56:04.280,1.63863,1.63884,2.57,1.00
2016.05.31 03:56:04.433,1.63863,1.63884,1.20,1.10
2016.05.31 03:56:04.484,1.63863,1.63884,1.10,1.50
2016.05.31 03:56:04.739,1.63863,1.63884,1.20,1.10
2016.05.31 03:56:06.719,1.63862,1.63883,2.25,1.00
2016.05.31 03:56:07.900,1.63862,1.63885,2.30,1.00
2016.05.31 03:56:08.323,1.63865,1.63887,1.19,2.25
2016.05.31 03:56:08.628,1.63869,1.6389,1.19,1.87
2016.05.31 03:56:08.781,1.63869,1.63892,1.29,1.50
2016.05.31 03:56:08.883,1.63869,1.6389,1.19,1.10
2016.05.31 03:56:09.372,1.63875,1.63893,1.01,1.00
2016.05.31 03:56:09.423,1.63876,1.63896,1.75,1.00
2016.05.31 03:56:09.525,1.63877,1.63899,1.76,1.50
2016.05.31 03:56:09.628,1.63878,1.63899,1.93,1.50
2016.05.31 03:56:09.782,1.63882,1.63903,1.12,1.00
2016.05.31 03:56:09.884,1.63882,1.63903,1.00,1.29
2016.05.31 03:56:09.987,1.63882,1.63903,1.12,1.10
2016.05.31 03:56:10.089,1.63884,1.63906,1.10,1.20
2016.05.31 03:56:10.192,1.63886,1.63908,1.01,1.57
2016.05.31 03:56:10.528,1.63888,1.63907,1.10,1.12
2016.05.31 03:56:10.834,1.63883,1.63903,1.12,1.19
2016.05.31 03:56:10.937,1.63883,1.63905,1.76,1.00
2016.05.31 03:56:10.988,1.63883,1.63905,2.04,1.00
2016.05.31 03:56:11.517,1.63883,1.63905,1.87,1.19
2016.05.31 03:56:12.303,1.63883,1.63905,1.20,1.31
2016.05.31 03:56:12.811,1.6388,1.63903,1.57,1.31
2016.05.31 03:56:12.863,1.63879,1.63903,1.12,1.31
2016.05.31 03:56:12.965,1.63878,1.63899,1.57,1.25
2016.05.31 03:56:13.016,1.63877,1.63899,1.20,1.25
2016.05.31 03:56:13.118,1.63875,1.63896,1.87,1.00
2016.05.31 03:56:13.323,1.63869,1.63891,1.50,1.25
2016.05.31 03:56:13.476,1.63866,1.63885,1.95,1.00
2016.05.31 03:56:13.783,1.63866,1.6388,1.50,1.01
2016.05.31 03:56:14.100,1.63863,1.6388,1.50,2.06
2016.05.31 03:56:14.201,1.63857,1.6388,1.10,2.06
2016.05.31 03:56:14.507,1.63858,1.63881,3.00,1.31
2016.05.31 03:56:14.762,1.63864,1.63887,2.25,1.19
2016.05.31 03:56:15.185,1.63864,1.63887,1.75,1.29
2016.05.31 03:56:15.498,1.63869,1.6389,1.12,1.19
2016.05.31 03:56:15.600,1.63869,1.6389,1.12,1.19
2016.05.31 03:56:15.804,1.63869,1.63887,1.12,1.00
2016.05.31 03:56:16.109,1.63871,1.63887,1.12,1.00
2016.05.31 03:56:16.262,1.6387,1.63887,1.75,1.00
2016.05.31 03:56:18.287,1.6387,1.63886,1.12,1.00
2016.05.31 03:56:18.389,1.63867,1.63886,2.32,1.00
2016.05.31 03:56:18.795,1.63865,1.63883,1.75,1.00
2016.05.31 03:56:18.897,1.63863,1.63883,1.75,1.00
2016.05.31 03:56:19.316,1.63864,1.63883,1.12,1.00
2016.05.31 03:56:19.418,1.6387,1.63886,1.12,1.00
2016.05.31 03:56:19.600,1.63876,1.63887,1.12,1.00
2016.05.31 03:56:19.702,1.63864,1.63883,1.47,1.19
2016.05.31 03:56:19.753,1.63859,1.63882,1.87,1.31
2016.05.31 03:56:19.856,1.63858,1.63882,1.57,1.31
2016.05.31 03:56:19.907,1.63858,1.63882,1.20,1.94
2016.05.31 03:56:20.213,1.63856,1.63879,1.12,1.31
2016.05.31 03:56:20.571,1.63854,1.63877,1.10,2.44
2016.05.31 03:56:21.665,1.63854,1.63876,1.00,1.01
2016.05.31 03:56:22.074,1.63852,1.63873,1.10,1.57
2016.05.31 03:56:22.324,1.63847,1.63871,2.62,1.31
2016.05.31 03:56:22.375,1.63847,1.63869,1.20,1.87
2016.05.31 03:56:22.782,1.63845,1.63869,1.20,2.81
2016.05.31 03:56:22.833,1.63845,1.63868,1.20,1.01
2016.05.31 03:56:23.139,1.63836,1.63859,1.12,1.19
2016.05.31 03:56:23.190,1.63834,1.63854,1.12,1.19
2016.05.31 03:56:23.242,1.63833,1.63854,1.12,1.19
2016.05.31 03:56:23.445,1.63832,1.63854,1.00,2.06
2016.05.31 03:56:28.109,1.63832,1.63853,1.12,1.31
2016.05.31 03:56:28.160,1.63834,1.63853,1.00,1.31
2016.05.31 03:56:28.364,1.63834,1.63857,1.20,1.94
2016.05.31 03:56:28.415,1.63838,1.63857,1.00,1.94
2016.05.31 03:56:28.569,1.63838,1.63858,1.12,1.31
2016.05.31 03:56:29.146,1.63838,1.63859,1.20,1.19
2016.05.31 03:56:29.456,1.63834,1.63857,1.20,1.76
2016.05.31 03:56:29.660,1.63832,1.63855,1.50,2.44
2016.05.31 03:56:29.813,1.6383,1.63853,1.75,1.01
2016.05.31 03:56:29.915,1.63828,1.63853,2.62,1.39
2016.05.31 03:56:30.069,1.63828,1.6385,1.00,1.94
2016.05.31 03:56:30.136,1.63828,1.63849,1.00,1.69
2016.05.31 03:56:30.877,1.6383,1.63849,1.12,1.19
2016.05.31 03:56:30.999,1.63834,1.63852,1.20,1.19
2016.05.31 03:56:31.101,1.63834,1.63855,1.57,1.29
2016.05.31 03:56:31.304,1.63834,1.63855,1.87,1.19
2016.05.31 03:56:32.528,1.63835,1.63852,1.12,1.19
2016.05.31 03:56:32.681,1.63834,1.63852,1.20,1.19
2016.05.31 03:56:32.734,1.63837,1.63852,1.00,1.19
2016.05.31 03:56:32.785,1.63839,1.63855,1.00,1.39
2016.05.31 03:56:32.837,1.63839,1.63858,1.50,1.94
2016.05.31 03:56:33.092,1.63841,1.63862,1.12,1.19
2016.05.31 03:56:33.194,1.63842,1.63863,1.20,1.19
2016.05.31 03:56:37.152,1.63842,1.63862,1.20,1.19
2016.05.31 03:56:37.306,1.63839,1.63862,2.25,2.21
2016.05.31 03:56:37.409,1.63838,1.63854,1.12,1.19
2016.05.31 03:56:37.460,1.63837,1.63854,1.20,1.19
2016.05.31 03:56:39.263,1.63837,1.63854,1.12,1.29
2016.05.31 03:56:39.365,1.63837,1.63858,1.57,1.19
2016.05.31 03:56:39.569,1.63839,1.63858,1.50,1.19
2016.05.31 03:56:41.424,1.63839,1.63858,1.50,1.19
2016.05.31 03:56:42.784,1.63839,1.63858,1.10,1.31
2016.05.31 03:56:43.416,1.63839,1.63853,1.00,1.69
2016.05.31 03:56:43.469,1.63833,1.63853,1.50,1.69
2016.05.31 03:56:43.521,1.63833,1.63853,1.00,2.06
2016.05.31 03:56:44.030,1.63832,1.63852,1.00,1.31
2016.05.31 03:56:44.437,1.63834,1.63853,1.00,1.19
2016.05.31 03:56:45.544,1.63834,1.63849,1.00,1.19
2016.05.31 03:56:46.540,1.63834,1.63849,1.00,1.19
2016.05.31 03:56:46.591,1.6383,1.63849,1.12,1.19
2016.05.31 03:56:46.744,1.6383,1.63853,1.12,2.06
2016.05.31 03:56:46.948,1.6383,1.63853,1.87,1.01
2016.05.31 03:56:50.317,1.63833,1.63855,1.20,1.57
2016.05.31 03:56:50.636,1.63838,1.63855,1.00,1.20
2016.05.31 03:56:52.332,1.63833,1.63855,2.81,1.20
2016.05.31 03:56:55.181,1.63833,1.63853,1.19,1.00
2016.05.31 03:56:59.016,1.63833,1.63853,1.19,1.50
2016.05.31 03:57:00.437,1.63833,1.63853,1.19,1.87
2016.05.31 03:57:00.692,1.6383,1.63852,1.19,1.75
2016.05.31 03:57:01.234,1.6383,1.63851,1.19,1.12
2016.05.31 03:57:01.437,1.6383,1.63849,1.19,1.12
2016.05.31 03:57:01.489,1.63826,1.63847,1.31,1.50
2016.05.31 03:57:01.540,1.63826,1.63844,1.31,1.12
2016.05.31 03:57:01.592,1.63823,1.63844,1.19,1.87
2016.05.31 03:57:01.897,1.63821,1.63844,1.39,1.20
2016.05.31 03:57:02.208,1.63821,1.63843,1.29,1.12
2016.05.31 03:57:02.463,1.63826,1.63849,2.81,1.10
2016.05.31 03:57:02.616,1.63826,1.63847,1.01,1.00
2016.05.31 03:57:02.667,1.63825,1.63847,1.31,1.10
2016.05.31 03:57:02.870,1.63824,1.63847,1.01,1.57
2016.05.31 03:57:03.380,1.63822,1.63842,2.44,1.00
2016.05.31 03:57:03.679,1.63814,1.63836,2.81,1.10
2016.05.31 03:57:03.781,1.63813,1.63836,1.39,1.87
2016.05.31 03:57:05.185,1.63812,1.63833,1.39,1.20
2016.05.31 03:57:05.236,1.63811,1.6383,1.31,1.00
2016.05.31 03:57:05.288,1.63808,1.6383,1.29,1.87
2016.05.31 03:57:05.542,1.63808,1.63829,1.19,2.25
2016.05.31 03:57:10.264,1.63804,1.63828,1.94,1.50
2016.05.31 03:57:11.007,1.63803,1.63827,1.39,1.07
2016.05.31 03:57:11.160,1.63802,1.63825,2.06,1.00
2016.05.31 03:57:11.262,1.63802,1.63825,1.31,1.87
2016.05.31 03:57:11.568,1.63798,1.6382,1.29,1.12
2016.05.31 03:57:11.619,1.63798,1.6382,1.01,1.12
2016.05.31 03:57:11.818,1.63798,1.6382,1.31,1.20
2016.05.31 03:57:12.343,1.63799,1.6382,1.31,1.00
2016.05.31 03:57:12.801,1.63798,1.63819,1.12,1.69
2016.05.31 03:57:12.903,1.63796,1.63818,1.31,1.95
2016.05.31 03:57:13.005,1.63795,1.63818,1.31,3.00
2016.05.31 03:57:13.153,1.6379,1.63814,1.50,1.87
2016.05.31 03:57:13.358,1.6379,1.63812,1.20,1.12
2016.05.31 03:57:14.534,1.6379,1.63813,1.12,1.75
2016.05.31 03:57:14.689,1.63796,1.63818,1.10,1.87
2016.05.31 03:57:14.740,1.63796,1.63819,1.57,1.12
2016.05.31 03:57:14.945,1.63796,1.63817,1.60,1.20
2016.05.31 03:57:15.150,1.63794,1.63817,1.20,1.65
2016.05.31 03:57:15.302,1.63794,1.63817,1.31,1.57
2016.05.31 03:57:15.929,1.63796,1.63817,1.12,1.57
2016.05.31 03:57:16.505,1.63794,1.63817,1.01,1.20
2016.05.31 03:57:16.557,1.63793,1.63817,2.06,1.20
2016.05.31 03:57:16.709,1.63793,1.63817,2.06,1.95
2016.05.31 03:57:17.018,1.6379,1.63812,1.12,1.19
2016.05.31 03:57:17.120,1.63787,1.63807,1.12,1.00
2016.05.31 03:57:17.222,1.63783,1.63805,1.75,1.00
2016.05.31 03:57:17.324,1.63781,1.63805,1.75,1.65
2016.05.31 03:57:17.596,1.63781,1.63804,1.12,1.12
2016.05.31 03:57:18.106,1.63781,1.63804,1.12,1.87
2016.05.31 03:57:18.411,1.63779,1.63802,1.60,1.12
2016.05.31 03:57:19.073,1.63782,1.63802,1.00,1.12
2016.05.31 03:57:19.867,1.63782,1.63804,1.00,1.50
2016.05.31 03:57:20.122,1.63785,1.63804,1.00,1.50
2016.05.31 03:57:20.427,1.63785,1.63807,1.12,1.39
2016.05.31 03:57:20.753,1.63782,1.63801,1.85,1.37
2016.05.31 03:57:20.804,1.63775,1.63798,1.01,1.50
2016.05.31 03:57:20.857,1.63773,1.63798,1.94,2.44
2016.05.31 03:57:20.926,1.63773,1.63794,1.12,1.62
2016.05.31 03:57:21.079,1.63771,1.63792,1.12,1.10
2016.05.31 03:57:21.660,1.63769,1.63792,1.12,1.50
2016.05.31 03:57:21.865,1.63768,1.63791,1.20,1.45
2016.05.31 03:57:21.916,1.63773,1.63791,1.00,1.50
2016.05.31 03:57:22.380,1.63773,1.63792,1.00,1.10
2016.05.31 03:57:23.096,1.63773,1.63793,1.10,1.25
2016.05.31 03:57:23.198,1.63773,1.63793,1.01,1.00
2016.05.31 03:57:23.453,1.63778,1.63797,1.12,1.87
2016.05.31 03:57:23.555,1.63779,1.63801,1.87,1.69
2016.05.31 03:57:23.606,1.63784,1.63801,1.12,1.00
2016.05.31 03:57:23.708,1.63782,1.63802,1.12,1.00
2016.05.31 03:57:24.175,1.63782,1.638,1.12,1.00
2016.05.31 03:57:24.378,1.63779,1.638,1.75,1.69
2016.05.31 03:57:24.481,1.63779,1.638,1.75,1.19
2016.05.31 03:57:24.836,1.63777,1.63796,1.50,1.19
2016.05.31 03:57:24.938,1.63777,1.63796,1.10,1.19
2016.05.31 03:57:25.040,1.63777,1.63796,1.10,1.19
2016.05.31 03:57:25.481,1.63777,1.63794,1.00,1.19
2016.05.31 03:57:25.686,1.63773,1.63794,1.20,1.39
2016.05.31 03:57:28.336,1.6377,1.63789,1.12,2.06
2016.05.31 03:57:28.439,1.63763,1.63784,1.75,1.19
2016.05.31 03:57:28.658,1.63763,1.63778,1.75,1.19
2016.05.31 03:57:30.078,1.63757,1.63777,1.75,1.31
2016.05.31 03:57:30.139,1.63753,1.63774,2.62,1.25
2016.05.31 03:57:30.191,1.63753,1.63773,2.62,1.19
2016.05.31 03:57:30.496,1.63758,1.63779,2.32,1.31
2016.05.31 03:57:30.650,1.6376,1.63782,1.75,1.19
2016.05.31 03:57:30.955,1.63766,1.63786,1.37,1.01
2016.05.31 03:57:31.269,1.63778,1.63797,1.20,1.19
2016.05.31 03:57:31.727,1.63773,1.63795,2.62,1.29
2016.05.31 03:57:32.252,1.63773,1.63795,1.87,1.29
2016.05.31 03:57:32.719,1.63773,1.63791,1.12,1.25
2016.05.31 03:57:32.771,1.63768,1.63791,1.85,1.69
2016.05.31 03:57:32.873,1.63767,1.6379,1.50,1.87
2016.05.31 03:57:32.925,1.63764,1.63789,1.50,1.39
2016.05.31 03:57:32.976,1.63763,1.63789,2.25,2.44
2016.05.31 03:57:33.078,1.63763,1.63787,1.50,1.39
2016.05.31 03:57:33.180,1.63763,1.63783,2.25,1.19
2016.05.31 03:57:34.078,1.63762,1.63779,2.25,1.25
2016.05.31 03:57:34.282,1.63762,1.63779,1.00,1.25
2016.05.31 03:57:34.384,1.63762,1.63781,1.87,1.19
2016.05.31 03:57:35.688,1.63762,1.63784,1.87,2.14
2016.05.31 03:57:36.145,1.6376,1.63782,1.12,1.39
2016.05.31 03:57:36.603,1.63763,1.63785,1.07,2.06
2016.05.31 03:57:36.705,1.63763,1.63785,1.50,1.29
2016.05.31 03:57:37.569,1.63764,1.63787,1.95,1.01
2016.05.31 03:57:37.621,1.63768,1.63789,1.12,1.94
2016.05.31 03:57:37.775,1.63772,1.63793,1.12,1.19
2016.05.31 03:57:38.131,1.63777,1.63793,1.12,1.19
2016.05.31 03:57:39.425,1.63777,1.63791,1.12,1.19
2016.05.31 03:57:39.579,1.6377,1.63791,1.12,1.19
2016.05.31 03:57:39.681,1.6377,1.63787,1.12,1.19
2016.05.31 03:57:39.783,1.63768,1.63787,1.12,1.19
2016.05.31 03:57:40.126,1.6377,1.63787,1.12,1.19
2016.05.31 03:57:40.787,1.63769,1.63787,1.12,1.19
2016.05.31 03:57:41.130,1.63769,1.63787,1.12,1.34
2016.05.31 03:57:41.663,1.63769,1.63787,1.12,1.34
2016.05.31 03:57:42.034,1.63773,1.63792,1.10,1.09
2016.05.31 03:57:42.339,1.63773,1.63793,1.87,1.34
2016.05.31 03:57:42.847,1.63773,1.63793,1.87,1.34
2016.05.31 03:57:43.408,1.63773,1.63793,1.87,1.34
2016.05.31 03:57:44.125,1.63773,1.63793,1.12,1.34
2016.05.31 03:57:44.636,1.6377,1.6379,1.12,1.34
2016.05.31 03:57:44.839,1.63765,1.63782,1.12,1.34
2016.05.31 03:57:46.332,1.63764,1.63784,1.12,1.34
2016.05.31 03:57:47.859,1.63763,1.63781,1.12,1.36
2016.05.31 03:57:47.910,1.63762,1.6378,1.75,1.26
2016.05.31 03:57:48.115,1.6376,1.6378,1.75,1.26
2016.05.31 03:57:49.004,1.63758,1.63778,1.12,1.29
2016.05.31 03:57:49.057,1.63756,1.63777,1.12,1.19
2016.05.31 03:57:49.108,1.63756,1.63777,1.12,1.19
2016.05.31 03:57:49.261,1.63753,1.63777,1.85,1.39
2016.05.31 03:57:49.364,1.63752,1.63775,1.12,1.31
2016.05.31 03:57:49.669,1.63749,1.63764,1.12,1.19
2016.05.31 03:57:49.772,1.63743,1.63764,1.12,1.29
2016.05.31 03:57:49.877,1.63741,1.63761,1.12,1.19
2016.05.31 03:57:51.575,1.63738,1.6376,1.12,1.19
2016.05.31 03:57:53.578,1.63738,1.63756,1.12,1.19
2016.05.31 03:57:54.076,1.63737,1.63756,1.87,1.19
2016.05.31 03:57:54.178,1.63734,1.63756,1.12,1.19
2016.05.31 03:57:54.381,1.63732,1.63751,1.12,1.19
2016.05.31 03:57:54.433,1.6373,1.63751,1.12,1.19
2016.05.31 03:57:54.535,1.63729,1.63751,1.12,1.56
2016.05.31 03:57:54.594,1.63729,1.63746,1.12,1.19
2016.05.31 03:57:54.646,1.63728,1.63746,1.75,1.19
2016.05.31 03:57:54.933,1.6373,1.63746,1.85,1.19
2016.05.31 03:57:54.986,1.63733,1.6375,1.12,1.31
2016.05.31 03:57:55.536,1.63734,1.6375,1.75,1.19
2016.05.31 03:57:55.840,1.63735,1.63754,1.12,1.69
2016.05.31 03:57:56.381,1.63733,1.63753,1.12,1.19
2016.05.31 03:57:56.483,1.63732,1.63753,1.12,1.29
2016.05.31 03:57:58.490,1.6373,1.63753,1.50,1.39
2016.05.31 03:57:58.592,1.6373,1.63749,1.50,1.19
2016.05.31 03:58:00.232,1.6373,1.63753,1.50,1.39
2016.05.31 03:58:00.714,1.63731,1.63753,1.20,1.29
2016.05.31 03:58:01.223,1.63733,1.63755,1.20,1.31
2016.05.31 03:58:01.380,1.63734,1.63757,1.75,2.44
2016.05.31 03:58:01.890,1.63735,1.63757,1.12,1.29
2016.05.31 03:58:02.398,1.63735,1.63757,1.12,1.29
2016.05.31 03:58:02.449,1.63735,1.63759,1.12,1.12
2016.05.31 03:58:02.552,1.63737,1.6376,1.12,1.12
2016.05.31 03:58:03.100,1.63738,1.63762,2.25,1.65
2016.05.31 03:58:03.253,1.63739,1.63762,1.12,1.10
2016.05.31 03:58:04.287,1.63738,1.63762,1.95,1.57
2016.05.31 03:58:04.591,1.63736,1.6376,1.12,1.87
2016.05.31 03:58:04.896,1.63734,1.63759,1.87,1.12
2016.05.31 03:58:06.425,1.63734,1.63756,1.12,1.20
2016.05.31 03:58:07.910,1.63734,1.63751,1.12,1.00
2016.05.31 03:58:08.062,1.63725,1.63747,1.12,1.00
2016.05.31 03:58:08.164,1.63734,1.63748,1.00,2.14
2016.05.31 03:58:08.673,1.63732,1.63751,1.00,1.01
2016.05.31 03:58:08.725,1.63732,1.63752,1.00,1.12
2016.05.31 03:58:08.777,1.63733,1.63756,1.12,1.94
2016.05.31 03:58:08.943,1.63738,1.63758,1.12,1.12
2016.05.31 03:58:09.045,1.6374,1.63763,1.87,1.60
2016.05.31 03:58:10.668,1.6374,1.63759,1.12,1.00
2016.05.31 03:58:10.822,1.63735,1.63757,1.75,1.00
2016.05.31 03:58:11.025,1.63733,1.63757,2.25,1.20
2016.05.31 03:58:11.595,1.63733,1.63755,2.25,1.00
2016.05.31 03:58:18.537,1.63734,1.63755,1.12,1.00
2016.05.31 03:58:19.039,1.63736,1.63755,1.12,1.00
2016.05.31 03:58:24.084,1.63736,1.63753,1.12,1.19
2016.05.31 03:58:26.953,1.63736,1.63756,1.12,1.69
2016.05.31 03:58:27.055,1.63736,1.63759,1.50,1.29
2016.05.31 03:58:27.310,1.63738,1.63759,1.12,1.19
2016.05.31 03:58:31.163,1.63738,1.63756,1.87,1.19
2016.05.31 03:58:31.265,1.63736,1.63756,1.12,1.19
2016.05.31 03:58:31.368,1.63734,1.63756,1.12,1.19
2016.05.31 03:58:31.878,1.63733,1.63754,1.75,1.19
2016.05.31 03:58:32.779,1.63733,1.63753,1.75,1.69
2016.05.31 03:58:33.034,1.63729,1.63753,2.25,1.84
2016.05.31 03:58:33.440,1.63729,1.63746,1.75,1.19
2016.05.31 03:58:33.593,1.63723,1.63743,1.12,1.19
2016.05.31 03:58:33.696,1.6372,1.63743,1.87,1.19
2016.05.31 03:58:34.225,1.6372,1.63743,1.12,1.29
2016.05.31 03:58:38.586,1.63727,1.63743,1.00,1.29
2016.05.31 03:58:38.739,1.63735,1.63754,1.57,1.31
2016.05.31 03:58:38.841,1.63735,1.63749,1.57,1.19
2016.05.31 03:58:38.944,1.63736,1.63754,1.87,1.19
2016.05.31 03:58:39.165,1.63737,1.63758,1.12,1.69
2016.05.31 03:58:39.217,1.63738,1.63758,1.47,1.69
2016.05.31 03:58:39.733,1.63739,1.63758,1.12,1.69
2016.05.31 03:58:40.739,1.63736,1.63754,1.87,1.19
2016.05.31 03:58:42.032,1.63735,1.63754,1.75,1.19
2016.05.31 03:58:42.135,1.63733,1.63748,1.12,1.19
2016.05.31 03:58:42.237,1.63732,1.63752,1.10,1.19
2016.05.31 03:58:42.390,1.6373,1.63748,1.50,1.19
2016.05.31 03:58:42.492,1.63728,1.63748,1.95,1.69
2016.05.31 03:58:43.180,1.63729,1.63748,1.12,1.19
2016.05.31 03:58:43.384,1.6373,1.63753,1.50,1.31
2016.05.31 03:58:43.488,1.63731,1.63753,1.50,1.19
2016.05.31 03:58:43.793,1.63737,1.63757,1.00,1.31
2016.05.31 03:58:44.329,1.63735,1.63751,1.12,1.19
2016.05.31 03:58:44.583,1.63726,1.63745,1.87,1.19
2016.05.31 03:58:44.787,1.63725,1.63743,1.00,1.19
2016.05.31 03:58:45.298,1.63722,1.63738,1.12,1.00
2016.05.31 03:58:46.015,1.63722,1.63741,1.50,1.19
2016.05.31 03:58:46.168,1.63723,1.63741,1.87,1.19
2016.05.31 03:58:46.372,1.63728,1.63746,2.25,1.25
2016.05.31 03:58:46.474,1.6373,1.63746,1.12,1.25
2016.05.31 03:58:46.525,1.63732,1.63748,1.75,1.00
2016.05.31 03:58:46.678,1.63734,1.63748,1.12,1.00
2016.05.31 03:58:48.951,1.63732,1.63748,1.12,1.19
2016.05.31 03:58:49.053,1.63732,1.63745,1.12,1.00
2016.05.31 03:58:49.308,1.63721,1.63735,1.50,1.00
2016.05.31 03:58:49.411,1.6372,1.63735,1.20,1.00
2016.05.31 03:58:54.311,1.63719,1.63738,1.12,1.00
2016.05.31 03:58:54.565,1.63719,1.63738,1.12,1.19
2016.05.31 03:58:54.871,1.63713,1.63732,1.87,1.19
2016.05.31 03:58:56.480,1.63717,1.63732,1.10,1.19
2016.05.31 03:58:56.655,1.63716,1.63735,1.12,1.69
2016.05.31 03:58:56.758,1.63717,1.63735,1.47,1.00
2016.05.31 03:58:58.739,1.63715,1.63735,1.12,1.00
2016.05.31 03:58:59.950,1.63715,1.63733,1.12,1.00
2016.05.31 03:59:00.255,1.63714,1.63731,1.12,1.00
2016.05.31 03:59:00.408,1.63712,1.63731,2.32,1.00
2016.05.31 03:59:02.807,1.63711,1.63728,1.12,1.00
2016.05.31 03:59:03.127,1.63708,1.63726,1.12,1.00
2016.05.31 03:59:03.179,1.63708,1.63726,1.12,1.00
2016.05.31 03:59:03.382,1.63709,1.63726,1.12,1.00
2016.05.31 03:59:03.688,1.63709,1.63722,1.12,1.00
2016.05.31 03:59:03.842,1.63702,1.63717,1.12,1.00
2016.05.31 03:59:03.944,1.63701,1.63717,1.75,1.00
2016.05.31 03:59:04.351,1.63699,1.63717,1.12,1.00
2016.05.31 03:59:05.301,1.63698,1.63715,1.85,1.00
2016.05.31 03:59:05.352,1.63697,1.63715,1.12,1.00
2016.05.31 03:59:05.403,1.63693,1.63712,1.85,1.00
2016.05.31 03:59:05.709,1.6369,1.63707,1.12,1.00
2016.05.31 03:59:05.811,1.6369,1.63707,1.12,1.00
2016.05.31 03:59:05.975,1.63688,1.63707,1.87,1.00
2016.05.31 03:59:06.133,1.63688,1.63707,1.00,1.00
2016.05.31 03:59:08.237,1.63688,1.63707,1.50,1.00
2016.05.31 03:59:08.754,1.63688,1.63707,1.87,1.00
2016.05.31 03:59:09.304,1.63688,1.63707,1.10,1.00
2016.05.31 03:59:10.515,1.63688,1.63708,1.10,1.10
2016.05.31 03:59:11.863,1.63688,1.63708,1.20,1.00
2016.05.31 03:59:13.093,1.63688,1.63709,1.20,1.10
2016.05.31 03:59:13.297,1.6369,1.63709,1.12,1.00
2016.05.31 03:59:13.815,1.63691,1.63709,1.12,1.00
2016.05.31 03:59:18.300,1.63691,1.6371,1.12,1.00
2016.05.31 03:59:19.955,1.63691,1.63708,1.12,1.00
2016.05.31 03:59:20.108,1.63686,1.63708,1.12,1.00
2016.05.31 03:59:22.198,1.63686,1.63708,1.12,1.19
2016.05.31 03:59:22.300,1.63685,1.63708,1.75,1.19
2016.05.31 03:59:32.098,1.63685,1.63706,1.20,1.29
2016.05.31 03:59:33.933,1.63685,1.63706,1.95,1.29
2016.05.31 03:59:35.915,1.6368,1.63702,1.65,1.94
2016.05.31 03:59:36.182,1.63678,1.63699,1.00,1.31
2016.05.31 03:59:36.414,1.63683,1.63701,1.00,1.01
2016.05.31 03:59:36.466,1.63683,1.63702,1.12,1.31
2016.05.31 03:59:36.621,1.63685,1.63704,1.00,1.19
2016.05.31 03:59:36.724,1.63685,1.63707,1.20,1.19
2016.05.31 03:59:37.589,1.63685,1.63707,1.00,2.44
2016.05.31 03:59:40.728,1.63687,1.63707,1.00,2.06
2016.05.31 03:59:41.034,1.63688,1.63703,1.00,1.19
2016.05.31 03:59:42.215,1.63688,1.63707,1.00,1.31
2016.05.31 03:59:42.267,1.63688,1.63705,1.00,1.01
2016.05.31 03:59:42.318,1.63684,1.63703,1.00,1.31
2016.05.31 03:59:42.369,1.63681,1.63702,1.10,1.31
2016.05.31 03:59:42.420,1.63681,1.637,1.00,1.39
2016.05.31 03:59:42.472,1.63678,1.637,1.87,1.69
2016.05.31 03:59:42.523,1.63678,1.63696,1.50,1.19
2016.05.31 03:59:42.676,1.63675,1.63696,1.50,1.19
2016.05.31 03:59:43.339,1.63675,1.63696,2.25,1.19
2016.05.31 03:59:43.442,1.63678,1.637,1.12,1.74
2016.05.31 03:59:43.964,1.63679,1.637,1.12,1.74
2016.05.31 03:59:45.170,1.63679,1.63695,1.12,1.24
2016.05.31 03:59:45.272,1.63678,1.63695,1.50,1.24
2016.05.31 03:59:46.079,1.63676,1.63695,1.20,1.24
2016.05.31 03:59:46.523,1.63676,1.63693,1.20,1.24
2016.05.31 03:59:47.189,1.63676,1.63693,1.12,1.24
2016.05.31 03:59:47.495,1.63676,1.63687,1.00,1.24
2016.05.31 03:59:47.546,1.63673,1.63687,1.00,1.24
2016.05.31 03:59:50.772,1.63673,1.63691,1.00,1.24
2016.05.31 03:59:50.823,1.63676,1.63691,1.00,1.24
2016.05.31 03:59:51.230,1.63676,1.63694,1.00,1.19
2016.05.31 03:59:51.281,1.63678,1.63694,1.00,1.19
2016.05.31 03:59:52.310,1.6368,1.63694,1.00,1.25
2016.05.31 03:59:52.717,1.63683,1.63697,1.00,1.19
2016.05.31 03:59:52.974,1.63681,1.63697,1.00,1.19
2016.05.31 03:59:53.091,1.63681,1.63693,1.00,1.19
2016.05.31 03:59:53.438,1.63681,1.63697,1.00,1.19
2016.05.31 03:59:53.743,1.63686,1.63701,1.00,1.19
2016.05.31 03:59:54.048,1.63691,1.63705,1.00,1.19
2016.05.31 03:59:54.201,1.63692,1.63707,1.00,1.19
2016.05.31 03:59:55.429,1.63696,1.63707,1.00,1.19
2016.05.31 03:59:56.062,1.63698,1.63707,1.00,1.19
2016.05.31 03:59:56.227,1.63698,1.63716,1.00,1.29
2016.05.31 03:59:56.837,1.63701,1.63718,1.00,1.39
2016.05.31 03:59:58.321,1.63702,1.63718,1.00,1.19
2016.05.31 03:59:58.372,1.63702,1.63721,1.00,1.29
2016.05.31 03:59:59.045,1.63701,1.63718,1.00,1.19
2016.05.31 03:59:59.148,1.63699,1.63718,1.00,1.39
2016.05.31 03:59:59.665,1.637,1.63718,1.00,1.31
2016.05.31 03:59:59.717,1.637,1.63719,1.00,1.01
2016.05.31 03:59:59.921,1.63704,1.63721,1.00,1.29
