2010.02.24 08:00:00.111,1.39335,1.3938,9.20,2.40
2010.02.24 08:00:00.510,1.39335,1.39375,9.20,1.60
2010.02.24 08:00:01.232,1.39345,1.3938,2.00,5.80
2010.02.24 08:00:01.466,1.39345,1.39375,2.00,1.60
2010.02.24 08:00:02.088,1.39345,1.3938,3.60,3.40
2010.02.24 08:00:02.430,1.39345,1.3938,5.20,1.00
2010.02.24 08:00:03.267,1.39345,1.3938,5.20,5.60
2010.02.24 08:00:03.525,1.3935,1.39385,3.60,1.60
2010.02.24 08:00:04.108,1.39355,1.39385,1.60,1.00
2010.02.24 08:00:04.388,1.39355,1.3939,8.80,1.00
2010.02.24 08:00:04.718,1.3935,1.3939,9.60,1.00
2010.02.24 08:00:05.319,1.39355,1.39375,2.40,1.00
2010.02.24 08:00:05.526,1.3935,1.3937,1.00,1.00
2010.02.24 08:00:05.718,1.39345,1.3937,6.40,1.00
2010.02.24 08:00:08.484,1.39345,1.3937,3.20,1.00
2010.02.24 08:00:09.119,1.39345,1.3937,1.60,1.00
2010.02.24 08:00:10.668,1.39345,1.39375,1.00,4.80
2010.02.24 08:00:10.898,1.39345,1.39365,1.60,1.00
2010.02.24 08:00:11.466,1.39345,1.3937,1.60,1.60
2010.02.24 08:00:11.702,1.39345,1.3937,1.60,1.00
2010.02.24 08:00:17.298,1.3934,1.39365,4.00,1.60
2010.02.24 08:00:18.286,1.3934,1.39365,2.40,1.60
2010.02.24 08:00:19.271,1.3934,1.39365,1.60,1.60
2010.02.24 08:00:20.321,1.39345,1.3937,1.60,2.40
2010.02.24 08:00:20.827,1.39345,1.3937,1.60,1.60
2010.02.24 08:00:22.126,1.3934,1.3937,1.60,3.20
2010.02.24 08:00:22.480,1.3934,1.3937,1.60,2.40
2010.02.24 08:00:23.066,1.3934,1.3937,1.60,3.20
2010.02.24 08:00:24.031,1.3934,1.3937,1.00,3.20
2010.02.24 08:00:24.680,1.3934,1.3937,1.00,3.60
2010.02.24 08:00:24.816,1.3934,1.39365,1.00,1.00
2010.02.24 08:00:24.861,1.39335,1.3936,5.20,1.60
2010.02.24 08:00:25.658,1.39335,1.39365,1.00,6.80
2010.02.24 08:00:25.707,1.39335,1.39365,1.60,2.00
2010.02.24 08:00:26.061,1.3934,1.39365,1.00,1.60
2010.02.24 08:00:28.460,1.39335,1.3936,3.20,1.00
2010.02.24 08:00:28.560,1.39335,1.3936,3.20,1.00
2010.02.24 08:00:28.649,1.39335,1.39365,3.20,5.20
2010.02.24 08:00:28.819,1.3934,1.39365,1.00,5.20
2010.02.24 08:00:29.423,1.3934,1.39365,1.00,3.60
2010.02.24 08:00:29.507,1.3934,1.39365,1.00,1.60
2010.02.24 08:00:31.434,1.39345,1.3937,1.00,2.20
2010.02.24 08:00:31.494,1.39345,1.3937,1.60,2.20
2010.02.24 08:00:31.546,1.39345,1.3937,1.60,1.60
2010.02.24 08:00:32.720,1.39345,1.3937,1.00,1.60
2010.02.24 08:00:34.368,1.39345,1.3937,1.60,1.60
2010.02.24 08:00:34.527,1.39355,1.39375,3.20,1.00
2010.02.24 08:00:34.684,1.3936,1.39385,1.00,5.00
2010.02.24 08:00:34.826,1.3936,1.39385,1.00,1.60
2010.02.24 08:00:35.922,1.3936,1.3938,1.00,1.00
2010.02.24 08:00:36.196,1.39345,1.39385,5.20,10.40
2010.02.24 08:00:36.473,1.39345,1.39385,5.20,7.20
2010.02.24 08:00:37.475,1.39345,1.3937,1.60,1.60
2010.02.24 08:00:37.826,1.39345,1.39375,1.60,1.00
2010.02.24 08:00:38.311,1.39345,1.3938,2.00,1.00
2010.02.24 08:00:39.064,1.3936,1.3938,1.00,1.00
2010.02.24 08:00:39.194,1.3936,1.39385,1.00,5.60
2010.02.24 08:00:39.471,1.3936,1.39385,1.00,4.00
2010.02.24 08:00:39.756,1.3936,1.39385,1.00,6.40
2010.02.24 08:00:40.397,1.3935,1.3937,1.00,1.60
2010.02.24 08:00:40.499,1.3935,1.3938,1.00,4.90
2010.02.24 08:00:40.604,1.3935,1.3938,1.00,4.10
2010.02.24 08:00:41.170,1.39345,1.3938,3.60,2.40
2010.02.24 08:00:41.279,1.39345,1.3938,2.00,1.00
2010.02.24 08:00:42.273,1.3936,1.39385,1.00,5.60
2010.02.24 08:00:42.634,1.39365,1.39385,1.00,1.00
2010.02.24 08:00:43.178,1.39365,1.39385,6.40,1.00
2010.02.24 08:00:43.482,1.3937,1.3941,5.60,1.80
2010.02.24 08:00:44.479,1.3937,1.3941,5.60,1.00
2010.02.24 08:00:45.704,1.3937,1.39405,8.80,1.00
2010.02.24 08:00:46.427,1.3937,1.3941,8.80,1.80
2010.02.24 08:00:47.796,1.3937,1.3941,6.40,1.80
2010.02.24 08:00:48.264,1.39375,1.3941,4.00,2.60
2010.02.24 08:00:48.502,1.39375,1.3941,4.00,3.40
2010.02.24 08:00:49.019,1.39375,1.3941,4.00,2.60
2010.02.24 08:00:49.166,1.39385,1.39415,4.80,1.00
2010.02.24 08:00:49.774,1.39385,1.39425,7.20,3.40
2010.02.24 08:00:49.931,1.39395,1.39425,1.60,3.40
2010.02.24 08:00:50.078,1.39405,1.39425,1.00,1.80
2010.02.24 08:00:50.621,1.39405,1.39425,5.60,1.00
2010.02.24 08:00:50.986,1.39415,1.3945,1.00,1.60
2010.02.24 08:00:51.771,1.3942,1.39455,1.60,1.60
2010.02.24 08:00:52.128,1.39425,1.3945,1.60,2.40
2010.02.24 08:00:52.915,1.39415,1.3945,4.80,3.40
2010.02.24 08:00:53.212,1.39405,1.3944,7.60,3.10
2010.02.24 08:00:53.803,1.39405,1.3944,7.60,3.90
2010.02.24 08:00:54.010,1.39405,1.3944,7.60,3.10
2010.02.24 08:00:54.238,1.39405,1.39435,6.00,1.60
2010.02.24 08:00:54.800,1.39405,1.39435,4.40,3.20
2010.02.24 08:00:55.145,1.394,1.39435,4.80,4.00
2010.02.24 08:00:55.880,1.39405,1.39435,1.60,5.20
2010.02.24 08:00:56.176,1.39405,1.39435,1.60,2.80
2010.02.24 08:00:56.917,1.39405,1.3943,1.60,1.00
2010.02.24 08:00:57.282,1.39405,1.39435,1.60,2.40
2010.02.24 08:00:58.129,1.39405,1.3943,1.60,1.00
2010.02.24 08:00:58.490,1.3939,1.39425,3.20,1.00
2010.02.24 08:00:58.707,1.3939,1.39425,3.20,2.40
2010.02.24 08:00:59.411,1.39385,1.39425,4.80,6.20
2010.02.24 08:00:59.652,1.39385,1.39425,4.80,5.80
2010.02.24 08:01:00.929,1.39385,1.39425,7.20,5.80
2010.02.24 08:01:01.166,1.39385,1.39425,7.20,4.20
2010.02.24 08:01:01.285,1.39395,1.39425,1.60,2.40
2010.02.24 08:01:02.456,1.39395,1.39425,1.60,1.00
2010.02.24 08:01:02.708,1.39395,1.3943,1.60,5.00
2010.02.24 08:01:02.950,1.39405,1.3943,1.60,4.20
2010.02.24 08:01:03.597,1.39405,1.3943,1.60,2.40
2010.02.24 08:01:03.950,1.3942,1.39445,1.00,1.00
2010.02.24 08:01:04.794,1.39415,1.3945,4.00,4.80
2010.02.24 08:01:05.129,1.39425,1.3945,1.60,1.60
2010.02.24 08:01:06.171,1.39415,1.3945,4.80,3.00
2010.02.24 08:01:06.844,1.39415,1.3945,4.80,1.60
2010.02.24 08:01:07.066,1.3942,1.39455,3.20,4.20
2010.02.24 08:01:07.415,1.3942,1.39455,3.20,5.00
2010.02.24 08:01:08.033,1.3942,1.39455,3.20,4.20
2010.02.24 08:01:08.525,1.39425,1.39455,1.60,4.20
2010.02.24 08:01:08.803,1.39425,1.39455,1.60,3.40
2010.02.24 08:01:09.090,1.39425,1.39455,1.60,4.20
2010.02.24 08:01:09.185,1.3942,1.3945,3.20,1.00
2010.02.24 08:01:09.868,1.3942,1.3945,1.60,1.00
2010.02.24 08:01:09.964,1.3943,1.39455,1.00,3.00
2010.02.24 08:01:10.506,1.3943,1.39445,1.00,1.60
2010.02.24 08:01:10.811,1.3943,1.3946,2.00,1.00
2010.02.24 08:01:11.396,1.3943,1.3946,1.00,1.00
2010.02.24 08:01:11.707,1.39425,1.3946,4.80,2.60
2010.02.24 08:01:12.062,1.39425,1.3946,8.60,1.40
2010.02.24 08:01:12.606,1.39425,1.3946,7.00,3.80
2010.02.24 08:01:12.972,1.3942,1.3945,3.20,1.00
2010.02.24 08:01:13.844,1.39425,1.39455,1.60,1.00
2010.02.24 08:01:14.497,1.3942,1.39455,4.80,1.00
2010.02.24 08:01:14.895,1.3942,1.39455,4.80,2.40
2010.02.24 08:01:15.581,1.3942,1.3945,3.20,1.00
2010.02.24 08:01:15.942,1.39415,1.3945,4.80,1.60
2010.02.24 08:01:16.499,1.39415,1.39455,4.80,5.70
2010.02.24 08:01:16.842,1.39415,1.39455,9.60,4.10
2010.02.24 08:01:17.780,1.39415,1.39455,12.00,3.40
2010.02.24 08:01:18.649,1.39415,1.39445,4.00,1.60
2010.02.24 08:01:19.006,1.3941,1.3944,1.60,1.00
2010.02.24 08:01:20.505,1.3941,1.39445,1.60,4.00
2010.02.24 08:01:20.854,1.3941,1.3944,1.60,1.00
2010.02.24 08:01:21.677,1.39405,1.39435,4.80,1.00
2010.02.24 08:01:22.730,1.39415,1.3944,1.60,2.20
2010.02.24 08:01:23.092,1.39415,1.3945,2.40,1.00
2010.02.24 08:01:23.745,1.39415,1.3945,4.00,1.80
2010.02.24 08:01:24.045,1.39415,1.3945,5.60,1.00
2010.02.24 08:01:24.739,1.3942,1.39455,1.60,3.40
2010.02.24 08:01:24.992,1.3942,1.39455,3.20,1.60
2010.02.24 08:01:25.716,1.3942,1.39455,3.20,1.60
2010.02.24 08:01:26.029,1.3942,1.39455,4.80,1.60
2010.02.24 08:01:26.589,1.39425,1.39455,1.60,1.60
2010.02.24 08:01:26.907,1.39435,1.39455,1.60,1.00
2010.02.24 08:01:27.265,1.39435,1.3946,1.60,1.00
2010.02.24 08:01:28.110,1.3943,1.3946,1.00,1.00
2010.02.24 08:01:28.766,1.39435,1.3946,1.60,1.00
2010.02.24 08:01:29.126,1.3944,1.3946,1.60,1.00
2010.02.24 08:01:29.298,1.3944,1.39465,1.60,4.20
2010.02.24 08:01:32.402,1.39435,1.3946,2.30,1.00
2010.02.24 08:01:32.764,1.3943,1.39455,1.00,1.60
2010.02.24 08:01:33.750,1.3943,1.39455,1.00,2.40
2010.02.24 08:01:34.179,1.39435,1.3946,2.30,1.00
2010.02.24 08:01:34.843,1.39435,1.3946,3.20,1.00
2010.02.24 08:01:35.018,1.3943,1.39455,1.00,3.20
2010.02.24 08:01:35.167,1.39425,1.3946,1.60,4.20
2010.02.24 08:01:35.810,1.39425,1.3946,6.40,1.60
2010.02.24 08:01:36.863,1.39425,1.3946,5.60,1.60
2010.02.24 08:01:37.450,1.3943,1.3946,1.60,1.60
2010.02.24 08:01:37.812,1.39435,1.39465,1.60,1.60
2010.02.24 08:01:39.309,1.39435,1.39465,1.60,3.80
2010.02.24 08:01:39.537,1.39435,1.39465,1.60,2.30
2010.02.24 08:01:39.715,1.39435,1.39465,3.20,1.00
2010.02.24 08:01:39.892,1.39435,1.39465,7.20,1.00
2010.02.24 08:01:40.546,1.3945,1.39465,1.00,1.60
2010.02.24 08:01:41.388,1.3945,1.3946,1.00,1.60
2010.02.24 08:01:41.539,1.3943,1.3946,3.20,1.00
2010.02.24 08:01:42.411,1.39425,1.3946,3.20,1.60
2010.02.24 08:01:42.763,1.3943,1.39465,3.20,3.80
2010.02.24 08:01:43.234,1.3943,1.3945,1.60,1.60
2010.02.24 08:01:43.554,1.39425,1.39465,1.60,5.60
2010.02.24 08:01:44.581,1.39425,1.3946,1.60,2.00
2010.02.24 08:01:44.773,1.39425,1.3946,2.40,2.00
2010.02.24 08:01:44.978,1.39425,1.3946,5.60,2.00
2010.02.24 08:01:45.977,1.39425,1.39445,4.80,1.00
2010.02.24 08:01:46.340,1.39425,1.39455,1.60,1.60
2010.02.24 08:01:47.112,1.39425,1.3945,1.60,2.00
2010.02.24 08:01:47.912,1.3943,1.3945,2.50,2.00
2010.02.24 08:01:48.278,1.39425,1.39455,1.60,2.50
2010.02.24 08:01:49.138,1.39415,1.3945,3.20,1.60
2010.02.24 08:01:49.306,1.39415,1.3945,3.20,1.80
2010.02.24 08:01:49.636,1.39425,1.3945,1.60,1.00
2010.02.24 08:01:50.357,1.39425,1.3946,1.60,6.40
2010.02.24 08:01:50.543,1.39425,1.3946,1.60,4.80
2010.02.24 08:01:51.169,1.39425,1.3946,1.60,5.00
2010.02.24 08:01:52.059,1.39425,1.3946,1.60,8.00
2010.02.24 08:01:52.415,1.39425,1.39455,1.60,1.60
2010.02.24 08:01:52.958,1.39425,1.39455,1.60,1.00
2010.02.24 08:01:53.313,1.39435,1.3946,1.00,8.00
2010.02.24 08:01:53.762,1.39435,1.39455,1.00,1.00
2010.02.24 08:01:54.458,1.39435,1.39455,1.00,3.80
2010.02.24 08:01:55.226,1.39435,1.3944,1.00,1.00
2010.02.24 08:01:55.519,1.3941,1.3945,7.20,1.00
2010.02.24 08:01:56.652,1.39425,1.3945,1.00,1.00
2010.02.24 08:01:57.426,1.39425,1.3944,1.60,1.00
2010.02.24 08:01:57.790,1.39415,1.39455,7.90,1.80
2010.02.24 08:01:58.012,1.39425,1.39455,1.60,1.80
2010.02.24 08:01:58.647,1.39425,1.39455,1.60,1.80
2010.02.24 08:02:00.964,1.39425,1.39455,1.60,1.80
2010.02.24 08:02:02.257,1.39425,1.39455,1.60,1.00
2010.02.24 08:02:02.626,1.39425,1.3946,1.60,1.80
2010.02.24 08:02:03.127,1.39425,1.3946,3.80,1.80
2010.02.24 08:02:03.425,1.39425,1.39465,6.20,8.20
2010.02.24 08:02:03.699,1.39425,1.39465,6.20,7.40
2010.02.24 08:02:04.564,1.39435,1.39465,1.60,4.20
2010.02.24 08:02:04.745,1.39435,1.39465,3.20,1.00
2010.02.24 08:02:05.456,1.39445,1.39475,3.00,2.40
2010.02.24 08:02:05.640,1.39455,1.3948,1.60,1.60
2010.02.24 08:02:06.358,1.39455,1.39485,3.20,1.00
2010.02.24 08:02:06.704,1.39465,1.3949,1.60,1.00
2010.02.24 08:02:08.229,1.39465,1.3949,1.00,1.80
2010.02.24 08:02:09.719,1.39465,1.3949,1.00,3.40
2010.02.24 08:02:10.624,1.39465,1.3949,1.00,1.80
2010.02.24 08:02:15.906,1.39465,1.3949,1.00,1.00
2010.02.24 08:02:16.721,1.39465,1.3949,2.40,1.00
2010.02.24 08:02:17.084,1.39465,1.3949,1.60,1.00
2010.02.24 08:02:17.881,1.39465,1.39495,3.80,1.80
2010.02.24 08:02:20.079,1.39465,1.39495,2.20,4.20
2010.02.24 08:02:20.217,1.39465,1.3949,1.60,1.00
2010.02.24 08:02:20.365,1.3946,1.3949,2.30,1.00
2010.02.24 08:02:20.904,1.39465,1.3949,1.60,1.00
2010.02.24 08:02:21.818,1.39465,1.3949,1.60,1.60
2010.02.24 08:02:22.707,1.39465,1.39495,3.90,1.80
2010.02.24 08:02:23.053,1.39465,1.3948,1.00,1.00
2010.02.24 08:02:23.856,1.39455,1.3949,1.60,1.00
2010.02.24 08:02:24.064,1.39455,1.3949,1.60,1.00
2010.02.24 08:02:25.414,1.39465,1.3949,1.60,1.00
2010.02.24 08:02:25.588,1.39455,1.3949,3.80,1.00
2010.02.24 08:02:26.278,1.39455,1.3949,1.60,1.00
2010.02.24 08:02:26.979,1.39455,1.3948,3.20,1.00
2010.02.24 08:02:27.189,1.39455,1.39475,5.60,1.00
2010.02.24 08:02:27.387,1.39455,1.39485,3.20,1.00
2010.02.24 08:02:28.084,1.39465,1.3949,1.60,1.00
2010.02.24 08:02:28.458,1.39465,1.3949,1.60,1.00
2010.02.24 08:02:29.195,1.39455,1.3949,5.40,1.00
2010.02.24 08:02:29.485,1.39465,1.3949,1.60,1.80
2010.02.24 08:02:30.171,1.39455,1.3948,1.60,1.00
2010.02.24 08:02:30.422,1.39445,1.3948,2.20,1.00
2010.02.24 08:02:31.187,1.39455,1.39475,1.60,1.80
2010.02.24 08:02:31.805,1.39445,1.39475,1.60,1.80
2010.02.24 08:02:32.641,1.39445,1.39475,1.60,4.20
2010.02.24 08:02:32.997,1.3943,1.3947,5.60,3.20
2010.02.24 08:02:33.912,1.39435,1.3947,1.70,3.40
2010.02.24 08:02:34.798,1.39445,1.3947,1.60,1.00
2010.02.24 08:02:35.443,1.3944,1.3947,1.00,1.00
2010.02.24 08:02:35.818,1.39435,1.3947,1.60,1.80
2010.02.24 08:02:36.122,1.3944,1.3947,2.20,1.80
2010.02.24 08:02:36.935,1.3944,1.3947,3.00,1.00
2010.02.24 08:02:39.887,1.39445,1.3947,1.60,1.00
2010.02.24 08:02:44.972,1.39445,1.39475,1.60,1.00
2010.02.24 08:02:45.124,1.39445,1.39475,1.60,1.00
2010.02.24 08:02:45.530,1.39445,1.39475,1.60,1.00
2010.02.24 08:02:45.671,1.39445,1.39475,1.60,1.80
2010.02.24 08:02:47.510,1.39445,1.39475,1.60,1.00
2010.02.24 08:02:51.512,1.39445,1.39475,1.60,1.80
2010.02.24 08:02:51.867,1.39445,1.39475,1.60,1.00
2010.02.24 08:03:02.556,1.3945,1.3948,1.00,3.40
2010.02.24 08:03:04.475,1.3945,1.3948,2.20,1.80
2010.02.24 08:03:04.542,1.3946,1.39485,1.60,1.80
2010.02.24 08:03:04.620,1.3946,1.3949,2.30,1.80
2010.02.24 08:03:05.188,1.39465,1.39495,3.20,1.00
2010.02.24 08:03:05.270,1.39465,1.39495,3.90,1.00
2010.02.24 08:03:07.176,1.39465,1.39495,3.20,1.00
2010.02.24 08:03:08.031,1.39455,1.3949,1.60,1.80
2010.02.24 08:03:09.697,1.39455,1.3949,1.60,1.80
2010.02.24 08:03:09.931,1.39455,1.3949,1.60,3.40
2010.02.24 08:03:10.600,1.39455,1.3949,1.60,3.40
2010.02.24 08:03:11.647,1.39455,1.39485,1.60,1.00
2010.02.24 08:03:12.381,1.39445,1.39475,2.20,1.80
2010.02.24 08:03:12.748,1.39445,1.39475,1.60,1.00
2010.02.24 08:03:13.343,1.39445,1.39475,1.60,1.00
2010.02.24 08:03:13.703,1.3944,1.39475,1.60,1.00
2010.02.24 08:03:14.492,1.39445,1.39475,1.60,1.00
2010.02.24 08:03:16.357,1.39445,1.3948,1.60,2.60
2010.02.24 08:03:16.945,1.39445,1.3948,1.60,1.00
2010.02.24 08:03:18.181,1.39445,1.3948,1.60,2.50
2010.02.24 08:03:19.291,1.39445,1.3948,2.40,2.50
2010.02.24 08:03:19.437,1.39445,1.3948,1.60,2.60
2010.02.24 08:03:20.646,1.39445,1.39475,1.60,1.00
2010.02.24 08:03:21.182,1.39445,1.39475,1.60,1.00
2010.02.24 08:03:21.344,1.39445,1.39475,1.60,1.00
2010.02.24 08:03:22.115,1.39445,1.3948,1.60,2.60
2010.02.24 08:03:23.482,1.39445,1.3948,1.60,3.40
2010.02.24 08:03:23.706,1.39445,1.3948,1.60,2.60
2010.02.24 08:03:24.649,1.39445,1.3948,1.60,2.50
2010.02.24 08:03:24.797,1.39445,1.3948,1.60,3.30
2010.02.24 08:03:25.351,1.3945,1.3948,2.30,1.00
2010.02.24 08:03:25.524,1.3945,1.3948,2.30,1.00
2010.02.24 08:03:26.814,1.3945,1.39475,2.20,1.00
2010.02.24 08:03:29.870,1.3945,1.3948,2.30,1.00
2010.02.24 08:03:30.136,1.3945,1.3948,2.30,1.00
2010.02.24 08:03:30.275,1.3945,1.3948,2.30,1.00
2010.02.24 08:03:32.504,1.3945,1.3948,1.60,1.00
2010.02.24 08:03:33.054,1.3945,1.3948,2.30,1.00
2010.02.24 08:03:38.213,1.3945,1.39465,2.20,1.00
2010.02.24 08:03:38.552,1.39435,1.3946,3.80,1.00
2010.02.24 08:03:38.893,1.39435,1.3946,2.20,1.00
2010.02.24 08:03:39.650,1.3943,1.39455,2.20,1.80
2010.02.24 08:03:40.390,1.39425,1.3945,3.20,1.00
2010.02.24 08:03:41.164,1.39415,1.39445,4.80,1.00
2010.02.24 08:03:41.423,1.39415,1.3944,3.20,1.00
2010.02.24 08:03:42.233,1.39415,1.3944,1.60,1.00
2010.02.24 08:03:43.167,1.39415,1.39445,1.60,3.90
2010.02.24 08:03:43.556,1.3941,1.3943,1.60,1.60
2010.02.24 08:03:44.327,1.3941,1.3943,1.60,1.80
2010.02.24 08:03:44.742,1.3941,1.3943,1.60,1.80
2010.02.24 08:03:45.414,1.3941,1.3943,1.60,1.80
2010.02.24 08:03:46.866,1.394,1.39435,2.40,1.80
2010.02.24 08:03:47.109,1.39405,1.39435,1.60,1.80
2010.02.24 08:03:47.347,1.39405,1.3944,1.60,1.80
2010.02.24 08:03:51.294,1.39405,1.3944,3.20,1.00
2010.02.24 08:03:51.922,1.39415,1.39445,1.60,1.00
2010.02.24 08:03:56.113,1.39415,1.3945,3.20,1.80
2010.02.24 08:03:58.036,1.39425,1.39455,1.60,1.80
2010.02.24 08:03:58.411,1.39425,1.39455,9.60,1.00
2010.02.24 08:03:59.194,1.3943,1.39455,4.00,1.00
2010.02.24 08:03:59.474,1.39435,1.39465,3.20,1.80
2010.02.24 08:04:00.717,1.39435,1.3947,1.60,1.80
2010.02.24 08:04:08.175,1.39435,1.3947,3.20,1.80
2010.02.24 08:04:08.538,1.3945,1.39475,1.60,1.80
2010.02.24 08:04:09.181,1.3945,1.39475,1.60,1.00
2010.02.24 08:04:09.947,1.39445,1.3947,1.60,1.00
2010.02.24 08:04:12.614,1.3944,1.3947,2.30,1.00
2010.02.24 08:04:12.977,1.3944,1.3947,2.30,1.80
2010.02.24 08:04:13.323,1.3944,1.3947,2.30,3.40
2010.02.24 08:04:14.307,1.3944,1.3946,1.00,1.00
2010.02.24 08:04:14.602,1.3943,1.39465,2.40,3.40
2010.02.24 08:04:15.367,1.3943,1.3946,1.60,1.60
2010.02.24 08:04:16.284,1.39425,1.39455,5.20,1.00
2010.02.24 08:04:16.640,1.3942,1.39455,12.80,1.00
2010.02.24 08:04:17.948,1.39425,1.3946,3.60,5.00
2010.02.24 08:04:18.771,1.3943,1.39455,1.60,1.00
2010.02.24 08:04:21.222,1.3943,1.39455,1.60,1.00
2010.02.24 08:04:21.304,1.39425,1.39455,3.60,1.80
2010.02.24 08:04:22.596,1.3943,1.39455,1.60,1.00
2010.02.24 08:04:24.203,1.3943,1.39455,1.60,1.00
2010.02.24 08:04:24.281,1.3943,1.3945,1.60,1.00
2010.02.24 08:04:24.358,1.39425,1.3945,1.60,1.00
2010.02.24 08:04:25.164,1.39425,1.3945,2.00,1.00
2010.02.24 08:04:25.699,1.39425,1.3945,1.60,1.00
2010.02.24 08:04:26.929,1.39425,1.39445,1.60,1.00
2010.02.24 08:04:28.202,1.3943,1.3945,1.00,1.00
2010.02.24 08:04:28.885,1.39425,1.39455,1.60,3.40
2010.02.24 08:04:29.167,1.39425,1.39455,1.60,4.20
2010.02.24 08:04:29.446,1.39425,1.39455,1.60,5.00
2010.02.24 08:04:30.165,1.39425,1.39455,1.60,5.00
2010.02.24 08:04:30.345,1.39425,1.39455,1.00,5.00
2010.02.24 08:04:30.868,1.39425,1.39455,1.00,3.40
2010.02.24 08:04:33.659,1.3943,1.39455,1.00,3.40
2010.02.24 08:04:35.067,1.39425,1.39455,1.60,3.40
2010.02.24 08:04:35.782,1.39425,1.39455,1.60,1.80
2010.02.24 08:04:35.951,1.39425,1.39455,3.20,1.80
2010.02.24 08:04:36.772,1.39425,1.39455,1.60,3.80
2010.02.24 08:04:37.076,1.39415,1.39455,3.20,6.20
2010.02.24 08:04:37.761,1.3942,1.39455,1.00,5.00
2010.02.24 08:04:38.123,1.3942,1.39455,1.00,3.40
2010.02.24 08:04:40.087,1.39415,1.3945,5.40,1.00
2010.02.24 08:04:40.794,1.3941,1.39445,6.00,1.60
2010.02.24 08:04:41.771,1.39415,1.3945,1.60,3.40
2010.02.24 08:04:42.819,1.39415,1.3945,3.20,3.40
2010.02.24 08:04:43.548,1.39415,1.3945,3.20,1.80
2010.02.24 08:04:45.039,1.39415,1.3945,4.00,1.80
2010.02.24 08:04:45.579,1.39415,1.3945,4.80,1.80
2010.02.24 08:04:48.703,1.39415,1.3945,4.80,1.00
2010.02.24 08:04:48.849,1.39415,1.3945,5.60,1.00
2010.02.24 08:04:48.989,1.3942,1.3945,1.00,1.00
2010.02.24 08:04:49.266,1.3942,1.3945,1.60,1.00
2010.02.24 08:04:50.659,1.39425,1.3945,1.00,1.00
2010.02.24 08:04:50.803,1.39425,1.39455,2.00,1.80
2010.02.24 08:04:51.363,1.39425,1.39455,3.60,1.80
2010.02.24 08:04:55.129,1.39425,1.39455,4.00,1.80
2010.02.24 08:04:55.449,1.39425,1.39455,4.00,1.80
2010.02.24 08:04:57.096,1.3943,1.39455,1.00,1.80
2010.02.24 08:04:57.778,1.39425,1.39455,4.00,1.80
2010.02.24 08:04:58.138,1.3944,1.39455,1.00,1.00
2010.02.24 08:04:58.498,1.3944,1.39455,1.00,1.00
2010.02.24 08:04:59.115,1.3944,1.39455,1.00,1.80
2010.02.24 08:04:59.438,1.39445,1.39455,1.00,1.00
2010.02.24 08:05:00.156,1.39445,1.3946,1.00,1.00
2010.02.24 08:05:03.903,1.39445,1.39455,1.00,1.60
2010.02.24 08:05:05.787,1.39445,1.3946,1.00,1.00
2010.02.24 08:05:05.896,1.39445,1.39465,1.00,8.20
2010.02.24 08:05:06.456,1.39445,1.39455,1.00,1.60
2010.02.24 08:05:08.139,1.39445,1.3946,1.00,1.80
2010.02.24 08:05:10.117,1.39445,1.3946,1.00,2.60
2010.02.24 08:05:10.921,1.39445,1.3946,1.00,1.60
2010.02.24 08:05:17.879,1.39445,1.39465,1.00,3.40
2010.02.24 08:05:20.529,1.39445,1.39465,1.00,3.20
2010.02.24 08:05:20.640,1.39445,1.39465,1.00,1.60
2010.02.24 08:05:21.296,1.39445,1.3947,1.00,2.60
2010.02.24 08:05:21.419,1.39445,1.39475,1.00,3.40
2010.02.24 08:05:26.164,1.39445,1.39475,1.00,1.80
2010.02.24 08:05:27.815,1.39445,1.39475,4.00,1.00
2010.02.24 08:05:28.168,1.39445,1.39485,4.00,5.80
2010.02.24 08:05:29.006,1.39455,1.39485,1.00,5.00
2010.02.24 08:05:29.793,1.39455,1.3949,7.10,1.00
2010.02.24 08:05:30.064,1.39455,1.39495,7.10,5.00
2010.02.24 08:05:32.419,1.39455,1.39495,7.90,5.00
2010.02.24 08:05:32.778,1.39455,1.39495,8.70,5.00
2010.02.24 08:05:33.464,1.39455,1.39495,7.90,5.00
2010.02.24 08:05:34.004,1.39455,1.39495,8.70,5.00
2010.02.24 08:05:35.670,1.3946,1.39495,1.60,5.00
2010.02.24 08:05:36.015,1.3946,1.39495,1.60,4.20
2010.02.24 08:05:36.337,1.3946,1.39495,1.60,3.40
2010.02.24 08:05:38.014,1.3946,1.39495,1.60,4.20
2010.02.24 08:05:38.195,1.3946,1.39485,1.60,1.60
2010.02.24 08:05:38.849,1.3946,1.39495,1.60,3.40
2010.02.24 08:05:38.992,1.3946,1.39495,1.60,4.20
2010.02.24 08:05:39.517,1.3946,1.39495,1.60,5.00
2010.02.24 08:05:39.645,1.3946,1.39495,1.60,5.80
2010.02.24 08:05:41.799,1.3946,1.39495,2.40,4.20
2010.02.24 08:05:41.853,1.3946,1.39495,2.40,3.40
2010.02.24 08:05:41.896,1.3946,1.3949,2.40,1.60
2010.02.24 08:05:42.256,1.39465,1.39495,1.60,6.60
2010.02.24 08:05:42.616,1.39465,1.39495,2.00,1.60
2010.02.24 08:05:43.198,1.39465,1.39495,1.00,1.60
2010.02.24 08:05:43.449,1.3946,1.39495,4.00,1.60
2010.02.24 08:05:44.163,1.3946,1.39495,4.00,1.60
2010.02.24 08:05:44.776,1.39465,1.39495,1.00,1.60
2010.02.24 08:05:44.939,1.39465,1.39495,1.60,1.60
2010.02.24 08:05:45.112,1.39465,1.39495,2.40,1.60
2010.02.24 08:05:47.392,1.3947,1.395,1.60,1.00
2010.02.24 08:05:47.774,1.3947,1.39495,1.60,1.60
2010.02.24 08:05:48.142,1.3947,1.395,1.60,1.00
2010.02.24 08:05:49.023,1.3948,1.39505,1.00,6.60
2010.02.24 08:05:49.376,1.3949,1.39515,3.20,1.60
2010.02.24 08:05:50.150,1.39495,1.39525,3.20,1.60
2010.02.24 08:05:50.859,1.39495,1.3953,3.20,1.00
2010.02.24 08:05:51.084,1.39495,1.3953,1.60,1.00
2010.02.24 08:05:52.782,1.39495,1.3953,1.60,5.00
2010.02.24 08:05:53.145,1.39495,1.39525,1.60,1.60
2010.02.24 08:05:53.897,1.3949,1.39525,4.00,4.00
2010.02.24 08:05:54.244,1.3949,1.39525,4.00,1.60
2010.02.24 08:05:55.753,1.3949,1.3953,4.00,8.20
2010.02.24 08:05:56.683,1.3949,1.3953,4.00,7.40
2010.02.24 08:05:58.912,1.3949,1.39525,4.00,1.60
2010.02.24 08:05:59.458,1.39495,1.39525,1.60,1.60
2010.02.24 08:06:00.148,1.39505,1.3953,1.60,2.60
2010.02.24 08:06:00.412,1.39505,1.3953,1.60,1.00
2010.02.24 08:06:01.012,1.3951,1.3953,1.60,1.00
2010.02.24 08:06:01.284,1.3951,1.39535,2.00,1.80
2010.02.24 08:06:02.239,1.3951,1.3954,2.00,1.00
2010.02.24 08:06:02.541,1.39515,1.39545,1.60,4.20
2010.02.24 08:06:04.016,1.39515,1.39545,1.60,4.20
2010.02.24 08:06:05.863,1.39515,1.39545,1.60,4.20
2010.02.24 08:06:06.111,1.3951,1.39545,2.00,4.20
2010.02.24 08:06:06.615,1.3951,1.39545,2.00,4.20
2010.02.24 08:06:08.241,1.3951,1.39545,2.00,4.20
2010.02.24 08:06:08.590,1.39505,1.39535,6.80,1.60
2010.02.24 08:06:09.437,1.395,1.39535,4.00,4.00
2010.02.24 08:06:09.669,1.39495,1.39525,4.00,1.60
2010.02.24 08:06:14.060,1.395,1.3953,1.60,1.00
2010.02.24 08:06:14.287,1.39515,1.3953,1.00,1.00
2010.02.24 08:06:14.845,1.39505,1.39535,1.00,2.40
2010.02.24 08:06:15.064,1.39495,1.39535,3.20,3.20
2010.02.24 08:06:15.896,1.395,1.39535,1.60,1.80
2010.02.24 08:06:16.265,1.395,1.3953,1.60,1.00
2010.02.24 08:06:16.466,1.395,1.3953,1.60,1.00
2010.02.24 08:06:17.134,1.395,1.3953,1.00,1.80
2010.02.24 08:06:17.358,1.39495,1.39525,2.40,1.00
2010.02.24 08:06:18.210,1.3949,1.39525,3.20,3.20
2010.02.24 08:06:18.574,1.39495,1.39525,1.60,3.20
2010.02.24 08:06:19.705,1.39505,1.3953,1.60,4.80
2010.02.24 08:06:19.818,1.39505,1.3953,1.60,1.60
2010.02.24 08:06:20.453,1.39505,1.39535,3.20,3.40
2010.02.24 08:06:20.558,1.39505,1.39535,2.00,1.60
2010.02.24 08:06:20.664,1.39505,1.39535,2.00,1.60
2010.02.24 08:06:21.527,1.39505,1.39535,1.60,3.20
2010.02.24 08:06:21.888,1.39505,1.39535,1.60,1.60
2010.02.24 08:06:22.635,1.39505,1.39535,1.60,2.20
2010.02.24 08:06:22.926,1.39505,1.3953,1.60,1.60
2010.02.24 08:06:24.119,1.395,1.3953,1.60,1.60
2010.02.24 08:06:24.292,1.3951,1.39535,1.60,2.10
2010.02.24 08:06:25.057,1.3951,1.39535,1.60,1.60
2010.02.24 08:06:25.213,1.3951,1.39535,3.30,1.60
2010.02.24 08:06:26.054,1.3953,1.3956,1.60,4.00
2010.02.24 08:06:26.421,1.3952,1.3955,5.60,1.60
2010.02.24 08:06:26.633,1.3953,1.3956,1.60,2.40
2010.02.24 08:06:27.151,1.39535,1.39555,3.00,1.00
2010.02.24 08:06:27.471,1.39545,1.39565,1.60,1.60
2010.02.24 08:06:28.216,1.39545,1.3957,1.60,1.60
2010.02.24 08:06:28.573,1.3954,1.39565,1.60,1.60
2010.02.24 08:06:28.935,1.39545,1.3957,1.60,1.60
2010.02.24 08:06:29.738,1.3954,1.39565,1.60,1.60
2010.02.24 08:06:31.064,1.3954,1.39565,1.60,1.60
2010.02.24 08:06:31.212,1.39525,1.3955,1.60,1.00
2010.02.24 08:06:31.842,1.3952,1.39545,1.40,3.20
2010.02.24 08:06:32.125,1.39515,1.3954,4.00,1.00
2010.02.24 08:06:32.888,1.39515,1.3954,3.20,1.00
2010.02.24 08:06:33.587,1.39515,1.3954,1.60,1.00
2010.02.24 08:06:35.532,1.39525,1.39545,2.20,1.00
2010.02.24 08:06:36.090,1.39525,1.39545,1.00,1.60
2010.02.24 08:06:36.249,1.39525,1.3954,1.00,1.60
2010.02.24 08:06:36.837,1.39515,1.3954,1.60,3.80
2010.02.24 08:06:37.203,1.39505,1.39535,3.20,1.60
2010.02.24 08:06:38.004,1.39505,1.39535,3.20,3.20
2010.02.24 08:06:39.419,1.395,1.39525,7.10,1.60
2010.02.24 08:06:39.705,1.395,1.39525,2.20,1.00
2010.02.24 08:06:40.404,1.39495,1.39525,3.20,1.60
2010.02.24 08:06:40.659,1.39495,1.3952,3.20,1.00
2010.02.24 08:06:41.902,1.39495,1.39525,3.90,1.80
2010.02.24 08:06:44.310,1.39495,1.3952,3.80,1.00
2010.02.24 08:06:45.002,1.39495,1.39525,1.60,3.40
2010.02.24 08:06:45.188,1.39495,1.3952,1.60,1.00
2010.02.24 08:06:46.360,1.3947,1.39505,4.80,1.00
2010.02.24 08:06:47.127,1.39465,1.395,1.00,1.00
2010.02.24 08:06:47.353,1.3946,1.3949,2.40,1.00
2010.02.24 08:06:47.934,1.39455,1.3948,1.60,1.00
2010.02.24 08:06:49.184,1.3946,1.3948,2.40,1.00
2010.02.24 08:06:49.541,1.39455,1.3948,1.60,1.00
2010.02.24 08:06:50.258,1.39455,1.3948,3.20,1.00
2010.02.24 08:06:50.414,1.39455,1.39485,3.80,1.00
2010.02.24 08:06:53.221,1.39455,1.39485,1.60,1.80
2010.02.24 08:06:53.602,1.3945,1.3948,1.00,1.00
2010.02.24 08:06:54.766,1.39445,1.3948,4.00,1.00
2010.02.24 08:06:54.919,1.39445,1.3948,1.70,7.40
2010.02.24 08:06:55.410,1.39445,1.39475,1.60,1.60
2010.02.24 08:06:57.030,1.39445,1.3948,3.30,2.60
2010.02.24 08:06:57.635,1.3945,1.3948,1.60,1.00
2010.02.24 08:06:57.780,1.39455,1.39485,1.60,2.60
2010.02.24 08:06:59.004,1.39455,1.39485,1.60,1.00
2010.02.24 08:06:59.135,1.39455,1.3949,5.60,1.00
2010.02.24 08:06:59.770,1.39455,1.39495,5.60,1.00
2010.02.24 08:06:59.888,1.39465,1.395,1.60,1.00
2010.02.24 08:07:00.927,1.39465,1.39495,1.60,1.00
2010.02.24 08:07:01.302,1.3946,1.39495,3.20,1.80
2010.02.24 08:07:01.809,1.3946,1.39495,3.20,1.00
2010.02.24 08:07:01.966,1.39455,1.39495,8.00,1.80
2010.02.24 08:07:02.105,1.39455,1.39495,8.80,1.80
2010.02.24 08:07:03.044,1.39455,1.39495,8.80,1.80
2010.02.24 08:07:03.755,1.39465,1.39495,1.60,1.80
2010.02.24 08:07:04.019,1.39475,1.39495,1.00,1.80
2010.02.24 08:07:04.281,1.39465,1.39495,1.60,4.20
2010.02.24 08:07:04.906,1.39465,1.3949,1.60,1.60
2010.02.24 08:07:05.232,1.39465,1.3949,1.60,2.30
2010.02.24 08:07:05.548,1.3946,1.39485,1.00,1.60
2010.02.24 08:07:06.978,1.3946,1.3949,1.00,3.90
2010.02.24 08:07:08.110,1.3946,1.39475,1.00,1.60
2010.02.24 08:07:08.472,1.3946,1.39485,1.00,3.20
2010.02.24 08:07:09.004,1.39465,1.3949,1.60,2.30
2010.02.24 08:07:09.372,1.3947,1.39495,1.00,5.00
2010.02.24 08:07:10.036,1.3947,1.39495,2.00,1.60
2010.02.24 08:07:10.252,1.3947,1.39495,1.00,3.20
2010.02.24 08:07:10.864,1.3947,1.39495,2.00,1.60
2010.02.24 08:07:12.533,1.3946,1.39485,1.00,1.60
2010.02.24 08:07:12.900,1.39455,1.39485,2.00,1.60
2010.02.24 08:07:13.523,1.39455,1.39485,1.00,1.60
2010.02.24 08:07:13.892,1.3945,1.39485,9.20,1.60
2010.02.24 08:07:15.794,1.3945,1.39485,4.00,1.60
2010.02.24 08:07:15.979,1.39445,1.39485,8.80,1.60
2010.02.24 08:07:16.148,1.39445,1.39485,8.00,4.20
2010.02.24 08:07:16.319,1.39445,1.39485,5.60,5.00
2010.02.24 08:07:16.492,1.39445,1.39475,5.60,1.60
2010.02.24 08:07:17.097,1.39445,1.39475,2.50,1.60
2010.02.24 08:07:17.380,1.39445,1.39475,1.60,1.60
2010.02.24 08:07:19.249,1.39445,1.39475,3.20,1.60
2010.02.24 08:07:19.384,1.3945,1.39485,1.00,4.20
2010.02.24 08:07:19.989,1.3945,1.39485,2.00,3.40
2010.02.24 08:07:21.103,1.3946,1.39485,2.30,1.60
2010.02.24 08:07:21.623,1.3946,1.3949,4.70,1.00
2010.02.24 08:07:21.714,1.3946,1.39495,6.30,1.60
2010.02.24 08:07:22.332,1.39465,1.39495,3.80,1.60
2010.02.24 08:07:22.434,1.39465,1.395,3.80,1.00
2010.02.24 08:07:22.513,1.39465,1.395,1.60,1.00
2010.02.24 08:07:23.383,1.39465,1.395,1.60,1.00
2010.02.24 08:07:24.089,1.39465,1.395,3.20,1.00
2010.02.24 08:07:24.312,1.39465,1.395,1.60,1.00
2010.02.24 08:07:25.197,1.39465,1.395,3.20,1.00
2010.02.24 08:07:25.354,1.39465,1.395,4.80,1.00
2010.02.24 08:07:25.935,1.3947,1.395,1.00,1.00
2010.02.24 08:07:26.021,1.3947,1.39505,5.50,1.60
2010.02.24 08:07:26.886,1.39475,1.39505,3.20,1.60
2010.02.24 08:07:27.602,1.39475,1.39505,3.20,4.00
2010.02.24 08:07:28.434,1.39475,1.39505,3.20,6.40
2010.02.24 08:07:30.994,1.3947,1.39505,5.40,8.00
2010.02.24 08:07:31.260,1.39465,1.39495,2.20,4.00
2010.02.24 08:07:31.521,1.3946,1.39495,5.20,4.00
2010.02.24 08:07:31.683,1.3946,1.39495,6.00,6.40
2010.02.24 08:07:31.841,1.3946,1.39495,6.80,6.40
2010.02.24 08:07:32.922,1.3946,1.39495,6.00,4.00
2010.02.24 08:07:33.268,1.3946,1.39495,5.20,4.00
2010.02.24 08:07:34.072,1.3947,1.3949,1.00,2.40
2010.02.24 08:07:34.345,1.3947,1.39495,1.00,1.60
2010.02.24 08:07:34.609,1.3947,1.39485,1.00,1.60
2010.02.24 08:07:36.400,1.3947,1.39495,1.00,4.00
2010.02.24 08:07:36.489,1.3946,1.39485,1.00,1.60
2010.02.24 08:07:36.568,1.39455,1.39485,5.20,1.60
2010.02.24 08:07:37.105,1.39455,1.39485,4.00,1.60
2010.02.24 08:07:37.221,1.39455,1.39485,3.20,1.60
2010.02.24 08:07:37.577,1.39455,1.3949,3.20,4.80
2010.02.24 08:07:38.087,1.39455,1.39495,4.80,4.20
2010.02.24 08:07:38.459,1.39455,1.39485,1.60,3.20
2010.02.24 08:07:39.566,1.39455,1.39485,1.00,3.20
2010.02.24 08:07:40.463,1.39455,1.39485,1.00,4.00
2010.02.24 08:07:40.583,1.39455,1.39475,1.00,1.60
2010.02.24 08:07:41.155,1.3945,1.39475,1.00,1.60
2010.02.24 08:07:41.278,1.39445,1.39475,1.00,3.40
2010.02.24 08:07:41.874,1.39445,1.39465,1.00,1.60
2010.02.24 08:07:42.242,1.39445,1.39455,1.00,1.60
2010.02.24 08:07:43.329,1.3942,1.39445,1.00,1.60
2010.02.24 08:07:43.697,1.394,1.39445,1.60,1.80
2010.02.24 08:07:44.058,1.394,1.39445,3.20,1.80
2010.02.24 08:07:44.878,1.3941,1.39445,3.20,3.40
2010.02.24 08:07:45.088,1.3941,1.39445,4.80,1.80
2010.02.24 08:07:45.602,1.39425,1.39445,1.60,1.60
2010.02.24 08:07:45.725,1.39425,1.3945,1.60,1.00
2010.02.24 08:07:46.323,1.39425,1.39455,1.60,3.40
2010.02.24 08:07:46.450,1.3943,1.39455,1.00,3.40
2010.02.24 08:07:48.338,1.39435,1.39455,1.60,1.60
2010.02.24 08:07:51.056,1.39435,1.39465,1.60,5.00
2010.02.24 08:07:53.242,1.39435,1.39465,1.60,3.40
2010.02.24 08:07:53.560,1.39435,1.39465,3.20,1.80
2010.02.24 08:07:53.871,1.39435,1.39465,3.20,1.60
2010.02.24 08:07:54.859,1.39435,1.39465,3.60,1.60
2010.02.24 08:07:56.082,1.3944,1.39465,1.00,1.60
2010.02.24 08:07:56.224,1.39435,1.39465,3.60,1.60
2010.02.24 08:07:57.523,1.3944,1.39465,1.00,1.60
2010.02.24 08:07:57.871,1.3944,1.39465,1.60,1.60
2010.02.24 08:07:58.223,1.3944,1.39465,1.00,1.60
2010.02.24 08:07:58.579,1.39435,1.39465,3.20,1.80
2010.02.24 08:07:58.809,1.39435,1.3946,2.40,1.00
2010.02.24 08:07:59.037,1.39435,1.39455,1.60,1.60
2010.02.24 08:07:59.765,1.3943,1.39455,2.20,1.60
2010.02.24 08:07:59.918,1.3942,1.39445,1.00,1.60
2010.02.24 08:08:00.866,1.3942,1.39455,1.00,3.40
2010.02.24 08:08:01.876,1.39415,1.39455,8.70,3.40
2010.02.24 08:08:02.577,1.39415,1.39445,7.10,1.60
2010.02.24 08:08:08.301,1.39415,1.39455,8.70,3.40
2010.02.24 08:08:09.127,1.39415,1.39445,5.40,3.20
2010.02.24 08:08:09.384,1.3942,1.3944,1.00,1.60
2010.02.24 08:08:10.235,1.39405,1.39435,4.80,1.60
2010.02.24 08:08:10.590,1.39405,1.39435,2.40,1.60
2010.02.24 08:08:11.383,1.39405,1.39435,1.60,1.60
2010.02.24 08:08:11.784,1.39405,1.39435,2.40,1.60
2010.02.24 08:08:11.976,1.39405,1.39435,3.20,1.60
2010.02.24 08:08:12.770,1.39405,1.3943,1.60,2.20
2010.02.24 08:08:13.124,1.39405,1.39435,3.20,1.60
2010.02.24 08:08:14.378,1.39405,1.3944,3.20,1.00
2010.02.24 08:08:15.057,1.39405,1.39435,3.20,1.60
2010.02.24 08:08:15.279,1.39405,1.39435,2.40,1.60
2010.02.24 08:08:15.963,1.39405,1.3942,1.00,1.00
2010.02.24 08:08:16.304,1.39395,1.39425,1.00,5.00
2010.02.24 08:08:16.868,1.39385,1.39415,6.30,1.60
2010.02.24 08:08:17.106,1.39385,1.39415,5.50,1.60
2010.02.24 08:08:17.793,1.3938,1.39405,3.10,1.60
2010.02.24 08:08:18.158,1.3938,1.39415,2.30,5.70
2010.02.24 08:08:18.917,1.3938,1.3941,1.60,1.60
2010.02.24 08:08:19.262,1.39375,1.39405,1.60,1.60
2010.02.24 08:08:20.031,1.3938,1.39405,2.00,1.60
2010.02.24 08:08:20.280,1.3938,1.39405,2.00,1.60
2010.02.24 08:08:21.306,1.3938,1.39405,1.20,1.60
2010.02.24 08:08:21.580,1.39385,1.3941,1.60,1.00
2010.02.24 08:08:22.103,1.3938,1.39395,1.00,1.60
2010.02.24 08:08:23.084,1.39365,1.39385,1.00,1.60
2010.02.24 08:08:23.451,1.39355,1.39385,1.60,3.40
2010.02.24 08:08:25.440,1.39355,1.39385,1.60,3.40
2010.02.24 08:08:26.951,1.39355,1.39385,1.60,3.40
2010.02.24 08:08:29.056,1.39355,1.39385,1.00,3.40
2010.02.24 08:08:29.442,1.39355,1.39385,1.60,1.80
2010.02.24 08:08:30.078,1.39355,1.39385,3.20,1.00
2010.02.24 08:08:31.575,1.39355,1.39385,1.60,1.80
2010.02.24 08:08:31.729,1.3935,1.39385,1.60,3.40
2010.02.24 08:08:31.876,1.3935,1.39385,2.40,3.40
2010.02.24 08:08:32.804,1.3935,1.39385,1.60,3.40
2010.02.24 08:08:33.160,1.39355,1.39385,1.60,4.20
2010.02.24 08:08:33.514,1.39355,1.39385,1.60,3.40
2010.02.24 08:08:36.839,1.3935,1.39385,4.80,3.40
2010.02.24 08:08:37.573,1.39355,1.39385,1.60,3.40
2010.02.24 08:08:37.695,1.39355,1.39385,3.20,3.40
2010.02.24 08:08:38.972,1.39355,1.39385,3.20,3.20
2010.02.24 08:08:39.781,1.39365,1.39395,1.00,7.40
2010.02.24 08:08:39.823,1.39365,1.39395,1.00,4.00
2010.02.24 08:08:40.038,1.39365,1.39395,1.00,5.60
2010.02.24 08:08:40.455,1.39365,1.39395,1.60,5.60
2010.02.24 08:08:41.106,1.39365,1.39385,1.00,1.60
2010.02.24 08:08:41.770,1.3938,1.3941,1.00,1.00
2010.02.24 08:08:41.886,1.3938,1.3942,1.60,9.10
2010.02.24 08:08:41.986,1.3938,1.3942,1.60,7.50
2010.02.24 08:08:42.571,1.3938,1.3942,1.60,1.80
2010.02.24 08:08:42.671,1.39375,1.3942,5.40,1.60
2010.02.24 08:08:43.208,1.3938,1.39415,5.40,2.00
2010.02.24 08:08:44.372,1.3938,1.39415,3.20,2.00
2010.02.24 08:08:44.622,1.3938,1.39415,3.20,2.00
2010.02.24 08:08:45.339,1.39385,1.3942,3.90,1.80
2010.02.24 08:08:45.529,1.3939,1.3942,1.00,1.60
2010.02.24 08:08:46.201,1.3939,1.39425,1.00,5.00
2010.02.24 08:08:46.407,1.3939,1.3942,1.00,1.00
2010.02.24 08:08:46.755,1.39385,1.39415,7.10,1.00
2010.02.24 08:08:47.455,1.39385,1.39415,2.30,5.60
2010.02.24 08:08:47.751,1.39385,1.39415,3.90,3.20
2010.02.24 08:08:48.409,1.39385,1.3942,3.90,1.80
2010.02.24 08:08:49.483,1.39385,1.3942,3.80,1.80
2010.02.24 08:08:49.977,1.39385,1.3942,3.80,2.20
2010.02.24 08:08:50.233,1.39385,1.39415,1.00,3.40
2010.02.24 08:08:50.916,1.3938,1.39415,1.60,3.40
2010.02.24 08:08:51.178,1.3938,1.39405,1.60,1.60
2010.02.24 08:08:51.435,1.39375,1.39405,6.40,1.60
2010.02.24 08:08:52.340,1.39375,1.39405,4.80,1.60
2010.02.24 08:08:53.195,1.39375,1.3939,1.60,1.00
2010.02.24 08:08:53.789,1.3937,1.39395,3.10,1.60
2010.02.24 08:08:54.660,1.3937,1.39395,4.00,1.60
2010.02.24 08:08:55.023,1.3937,1.39405,4.00,1.60
2010.02.24 08:08:55.802,1.39375,1.3941,2.40,5.80
2010.02.24 08:08:55.989,1.3938,1.3941,1.60,1.80
2010.02.24 08:08:56.162,1.3938,1.39405,1.60,1.60
2010.02.24 08:08:57.193,1.39385,1.39405,1.60,1.60
2010.02.24 08:08:57.545,1.3939,1.39405,1.60,1.60
2010.02.24 08:08:58.400,1.3939,1.3941,1.60,1.00
2010.02.24 08:08:58.795,1.39375,1.3941,5.20,1.00
2010.02.24 08:08:59.626,1.39375,1.3941,2.00,1.00
2010.02.24 08:08:59.818,1.39375,1.3941,2.00,1.80
2010.02.24 08:09:00.000,1.39375,1.3941,3.60,1.80
2010.02.24 08:09:01.595,1.39375,1.39405,3.20,3.20
2010.02.24 08:09:02.950,1.39375,1.39405,1.60,3.20
2010.02.24 08:09:03.325,1.39375,1.39405,3.20,4.80
2010.02.24 08:09:04.204,1.3937,1.3939,2.00,1.00
2010.02.24 08:09:04.475,1.3937,1.39385,1.00,1.80
2010.02.24 08:09:05.057,1.39355,1.39385,1.60,1.80
2010.02.24 08:09:05.325,1.39355,1.39385,3.20,1.80
2010.02.24 08:09:06.042,1.39355,1.39385,1.60,1.80
2010.02.24 08:09:06.294,1.3935,1.39385,7.20,1.80
2010.02.24 08:09:06.537,1.3935,1.39385,7.20,2.60
2010.02.24 08:09:07.167,1.3935,1.39385,2.40,1.80
2010.02.24 08:09:07.373,1.3935,1.39385,4.00,3.40
2010.02.24 08:09:07.576,1.39355,1.39385,1.60,3.40
2010.02.24 08:09:08.599,1.3935,1.39385,8.00,3.40
2010.02.24 08:09:09.403,1.39355,1.39385,1.60,3.40
2010.02.24 08:09:10.569,1.39365,1.39385,1.60,3.40
2010.02.24 08:09:10.804,1.39365,1.39385,1.60,1.80
2010.02.24 08:09:11.037,1.39365,1.39385,1.60,1.80
2010.02.24 08:09:11.545,1.39365,1.39385,1.60,1.60
2010.02.24 08:09:11.841,1.3936,1.39385,1.60,1.60
2010.02.24 08:09:12.529,1.39355,1.39385,1.60,3.20
2010.02.24 08:09:15.215,1.39355,1.39385,1.60,3.40
2010.02.24 08:09:15.900,1.3935,1.39375,1.60,1.60
2010.02.24 08:09:17.068,1.3935,1.39375,1.60,1.60
2010.02.24 08:09:20.514,1.3935,1.3938,1.60,1.00
2010.02.24 08:09:20.657,1.3935,1.39385,1.60,5.00
2010.02.24 08:09:20.796,1.3935,1.39385,1.60,4.20
2010.02.24 08:09:21.376,1.3935,1.39385,3.10,3.40
2010.02.24 08:09:21.431,1.39355,1.39385,3.20,1.60
2010.02.24 08:09:21.581,1.39355,1.39385,6.40,1.60
2010.02.24 08:09:22.983,1.39355,1.39395,6.40,5.00
2010.02.24 08:09:23.270,1.39355,1.3939,1.60,5.00
2010.02.24 08:09:24.000,1.3935,1.39385,4.80,1.60
2010.02.24 08:09:24.281,1.39355,1.39385,1.60,3.40
2010.02.24 08:09:24.799,1.39355,1.39385,1.60,1.80
2010.02.24 08:09:25.538,1.3935,1.3938,1.60,1.00
2010.02.24 08:09:25.737,1.39355,1.3938,1.60,1.00
2010.02.24 08:09:26.756,1.3935,1.3938,1.60,1.00
2010.02.24 08:09:27.353,1.39355,1.3938,1.60,1.00
2010.02.24 08:09:28.711,1.3935,1.39375,1.60,1.00
2010.02.24 08:09:29.073,1.3935,1.3937,1.00,1.00
2010.02.24 08:09:29.966,1.39345,1.39375,2.20,4.20
2010.02.24 08:09:30.184,1.39335,1.39365,2.20,3.20
2010.02.24 08:09:30.706,1.3933,1.39355,1.00,1.60
2010.02.24 08:09:30.927,1.3932,1.3935,3.00,1.00
2010.02.24 08:09:31.750,1.39325,1.3935,1.60,1.00
2010.02.24 08:09:32.117,1.3932,1.39355,3.00,2.60
2010.02.24 08:09:33.797,1.3932,1.3933,1.40,1.00
2010.02.24 08:09:34.179,1.39295,1.39335,1.00,1.00
2010.02.24 08:09:34.887,1.393,1.3932,1.60,1.00
2010.02.24 08:09:35.114,1.39295,1.39315,1.00,1.00
2010.02.24 08:09:35.776,1.39305,1.3933,1.60,2.40
2010.02.24 08:09:35.973,1.393,1.3933,1.50,2.40
2010.02.24 08:09:36.495,1.393,1.39325,1.00,4.80
2010.02.24 08:09:36.685,1.39295,1.39325,2.40,4.80
2010.02.24 08:09:37.002,1.39305,1.39325,1.60,1.60
2010.02.24 08:09:37.624,1.39295,1.39325,2.40,1.60
2010.02.24 08:09:37.947,1.39295,1.39315,6.40,1.00
2010.02.24 08:09:38.316,1.39285,1.39315,4.80,2.00
2010.02.24 08:09:39.125,1.39285,1.39305,1.60,1.00
2010.02.24 08:09:39.316,1.3928,1.39305,1.00,2.00
2010.02.24 08:09:39.515,1.39285,1.3931,1.60,2.00
2010.02.24 08:09:44.059,1.39285,1.3931,2.40,1.00
2010.02.24 08:09:44.426,1.39285,1.3932,2.40,3.80
2010.02.24 08:09:44.772,1.39285,1.3932,3.20,3.80
2010.02.24 08:09:45.618,1.39295,1.39325,1.60,5.40
2010.02.24 08:09:46.491,1.3929,1.39315,1.00,1.60
2010.02.24 08:09:46.695,1.39285,1.39315,1.60,5.60
2010.02.24 08:09:47.077,1.39285,1.39315,1.60,7.40
2010.02.24 08:09:47.728,1.39285,1.39315,1.60,3.40
2010.02.24 08:09:48.042,1.39285,1.39315,1.60,5.80
2010.02.24 08:09:49.081,1.39285,1.39315,1.60,3.40
2010.02.24 08:09:51.067,1.393,1.3932,1.60,2.40
2010.02.24 08:09:51.167,1.393,1.3933,1.60,1.00
2010.02.24 08:09:51.263,1.393,1.3933,1.60,1.00
2010.02.24 08:09:52.079,1.393,1.3933,1.60,2.40
2010.02.24 08:09:52.479,1.393,1.39325,1.60,1.60
2010.02.24 08:09:53.227,1.3929,1.39315,1.60,1.00
2010.02.24 08:09:53.453,1.39285,1.39315,5.60,1.00
2010.02.24 08:09:54.236,1.39285,1.3932,5.60,1.60
2010.02.24 08:09:54.609,1.39295,1.3932,3.20,1.00
2010.02.24 08:09:55.488,1.39295,1.3932,3.80,1.00
2010.02.24 08:09:55.636,1.393,1.39325,1.60,1.80
2010.02.24 08:09:56.767,1.393,1.3933,1.60,3.90
2010.02.24 08:09:58.663,1.393,1.39325,1.60,1.80
2010.02.24 08:10:00.069,1.39295,1.3932,3.20,1.00
2010.02.24 08:10:00.232,1.39295,1.3932,1.60,1.00
2010.02.24 08:10:01.027,1.39295,1.3931,1.60,1.00
2010.02.24 08:10:01.670,1.39285,1.3931,1.60,1.00
2010.02.24 08:10:02.701,1.39285,1.39305,1.60,1.00
2010.02.24 08:10:03.873,1.3929,1.39315,1.00,1.60
2010.02.24 08:10:04.641,1.39285,1.3931,1.60,1.00
2010.02.24 08:10:04.727,1.39285,1.3931,3.20,1.00
2010.02.24 08:10:04.924,1.39285,1.3932,2.00,3.40
2010.02.24 08:10:05.108,1.39285,1.3932,1.60,3.40
2010.02.24 08:10:06.059,1.39295,1.3932,1.60,1.80
2010.02.24 08:10:06.400,1.393,1.3932,1.60,1.80
2010.02.24 08:10:07.068,1.39295,1.39325,3.20,1.80
2010.02.24 08:10:07.340,1.39295,1.39325,1.60,1.80
2010.02.24 08:10:08.346,1.39295,1.39325,3.20,1.80
2010.02.24 08:10:08.726,1.393,1.39325,1.60,1.80
2010.02.24 08:10:11.511,1.39305,1.39325,1.60,1.00
2010.02.24 08:10:12.041,1.393,1.39325,1.60,1.00
2010.02.24 08:10:12.798,1.39305,1.39325,1.60,1.00
2010.02.24 08:10:13.099,1.39305,1.39325,3.20,1.00
2010.02.24 08:10:13.698,1.39305,1.3933,1.60,1.00
2010.02.24 08:10:14.416,1.39305,1.3933,1.60,1.00
2010.02.24 08:10:14.740,1.3929,1.39315,3.20,1.00
2010.02.24 08:10:15.502,1.39295,1.39325,1.60,1.80
2010.02.24 08:10:16.541,1.3929,1.39325,3.60,1.80
2010.02.24 08:10:17.089,1.3929,1.39325,1.00,5.50
2010.02.24 08:10:17.201,1.39285,1.39325,5.20,6.30
2010.02.24 08:10:17.498,1.39285,1.39325,5.20,3.90
2010.02.24 08:10:18.558,1.39285,1.39325,5.20,5.50
2010.02.24 08:10:18.914,1.39285,1.39325,6.00,5.50
2010.02.24 08:10:19.995,1.39285,1.3933,6.80,10.70
2010.02.24 08:10:20.268,1.39285,1.39325,6.00,5.50
2010.02.24 08:10:20.511,1.39285,1.3932,3.60,1.80
2010.02.24 08:10:21.322,1.39285,1.3932,4.40,1.60
2010.02.24 08:10:21.449,1.39285,1.3932,3.60,2.40
2010.02.24 08:10:22.218,1.393,1.3932,1.60,1.00
2010.02.24 08:10:22.898,1.3931,1.39335,1.00,1.10
2010.02.24 08:10:23.267,1.39305,1.3934,1.60,1.80
2010.02.24 08:10:24.173,1.39305,1.3934,6.00,1.60
2010.02.24 08:10:25.016,1.39315,1.3934,1.60,1.60
2010.02.24 08:10:25.974,1.39315,1.39345,1.60,3.40
2010.02.24 08:10:26.235,1.39305,1.3934,5.20,1.00
2010.02.24 08:10:27.425,1.39315,1.3934,1.60,1.00
2010.02.24 08:10:28.216,1.39325,1.39355,4.00,7.40
2010.02.24 08:10:28.584,1.39325,1.39355,5.60,3.40
2010.02.24 08:10:29.105,1.39325,1.39355,1.60,3.40
2010.02.24 08:10:30.856,1.3933,1.3935,1.00,1.80
2010.02.24 08:10:31.007,1.3933,1.3935,1.60,1.00
2010.02.24 08:10:31.652,1.39325,1.39355,1.60,5.00
2010.02.24 08:10:32.243,1.3932,1.39345,1.00,1.60
2010.02.24 08:10:32.607,1.39325,1.3935,1.00,1.00
2010.02.24 08:10:33.521,1.3933,1.3935,1.00,1.00
2010.02.24 08:10:34.372,1.3933,1.39355,1.00,7.00
2010.02.24 08:10:34.691,1.3933,1.39355,1.00,5.40
2010.02.24 08:10:37.096,1.3933,1.39355,1.00,6.20
2010.02.24 08:10:38.084,1.3933,1.39355,1.00,5.40
2010.02.24 08:10:39.615,1.3933,1.39355,1.00,3.40
2010.02.24 08:10:40.367,1.3933,1.39355,1.00,1.60
2010.02.24 08:10:40.993,1.39335,1.3936,1.00,1.00
2010.02.24 08:10:42.459,1.3934,1.3936,1.00,1.00
2010.02.24 08:10:43.427,1.3934,1.39365,1.00,5.00
2010.02.24 08:10:44.108,1.39355,1.39365,1.00,1.00
2010.02.24 08:10:45.039,1.3934,1.3937,5.20,1.00
2010.02.24 08:10:45.111,1.3934,1.3937,4.40,1.00
2010.02.24 08:10:45.198,1.3934,1.3937,4.00,2.00
2010.02.24 08:10:45.810,1.3934,1.3937,1.00,2.20
2010.02.24 08:10:45.935,1.39335,1.39365,6.80,1.00
2010.02.24 08:10:47.046,1.3934,1.3937,5.60,1.60
2010.02.24 08:10:47.187,1.3934,1.3937,6.40,1.60
2010.02.24 08:10:47.864,1.39355,1.39375,1.60,1.00
2010.02.24 08:10:48.573,1.3937,1.39375,1.00,1.00
2010.02.24 08:10:49.858,1.3937,1.394,1.00,1.80
2010.02.24 08:10:50.715,1.39365,1.394,1.00,4.20
2010.02.24 08:10:50.894,1.39365,1.39395,1.00,5.00
2010.02.24 08:10:51.684,1.3936,1.3939,2.00,2.40
2010.02.24 08:10:51.992,1.3937,1.3939,1.00,2.40
2010.02.24 08:10:52.774,1.3937,1.39395,1.00,1.00
2010.02.24 08:10:53.155,1.3937,1.394,1.00,1.60
2010.02.24 08:10:54.290,1.39365,1.3939,5.60,1.00
2010.02.24 08:10:54.412,1.39365,1.3939,4.00,1.60
2010.02.24 08:10:54.511,1.39365,1.3939,3.20,2.40
2010.02.24 08:10:55.069,1.39365,1.39395,1.60,4.00
2010.02.24 08:10:55.173,1.3936,1.3939,3.20,2.40
2010.02.24 08:10:55.267,1.3936,1.3939,2.40,2.40
2010.02.24 08:10:55.840,1.3936,1.3939,1.60,2.40
2010.02.24 08:10:56.200,1.3936,1.3939,2.40,2.40
2010.02.24 08:11:00.830,1.3936,1.39385,2.40,2.40
2010.02.24 08:11:02.119,1.39365,1.39385,1.60,2.40
2010.02.24 08:11:02.315,1.39355,1.39385,3.20,3.20
2010.02.24 08:11:02.672,1.39355,1.39385,1.60,1.60
2010.02.24 08:11:04.079,1.3936,1.39385,1.00,1.60
2010.02.24 08:11:04.907,1.3936,1.3939,1.00,2.40
2010.02.24 08:11:05.233,1.3936,1.3939,1.60,2.40
2010.02.24 08:11:07.049,1.39355,1.39385,3.60,1.60
2010.02.24 08:11:07.161,1.39355,1.39385,2.00,1.60
2010.02.24 08:11:08.003,1.39355,1.39385,1.00,1.60
2010.02.24 08:11:08.282,1.39355,1.39385,1.00,1.60
2010.02.24 08:11:08.846,1.39355,1.3938,1.60,1.00
2010.02.24 08:11:10.767,1.39355,1.3938,3.20,1.00
2010.02.24 08:11:11.805,1.39355,1.3938,1.60,1.00
2010.02.24 08:11:12.117,1.3935,1.3938,1.60,1.00
2010.02.24 08:11:13.492,1.39355,1.3939,1.60,1.80
2010.02.24 08:11:14.190,1.39355,1.3939,2.40,1.80
2010.02.24 08:11:15.947,1.39355,1.39385,1.00,1.60
2010.02.24 08:11:16.014,1.3935,1.3938,11.20,1.00
2010.02.24 08:11:16.144,1.3935,1.3938,8.80,1.00
2010.02.24 08:11:16.188,1.3935,1.3938,6.40,1.00
2010.02.24 08:11:16.535,1.39355,1.3938,1.60,1.00
2010.02.24 08:11:17.437,1.3935,1.3938,11.90,1.00
2010.02.24 08:11:17.544,1.39355,1.3938,1.60,1.00
2010.02.24 08:11:18.193,1.39355,1.3938,3.20,1.00
2010.02.24 08:11:19.622,1.39355,1.3939,4.80,1.60
2010.02.24 08:11:19.837,1.39355,1.3939,5.60,1.60
2010.02.24 08:11:20.684,1.39355,1.3939,6.40,1.60
2010.02.24 08:11:20.912,1.39355,1.39395,6.40,2.40
2010.02.24 08:11:21.358,1.3936,1.39395,1.00,1.80
2010.02.24 08:11:22.499,1.3936,1.39395,1.00,3.40
2010.02.24 08:11:23.416,1.3936,1.39395,1.00,5.00
2010.02.24 08:11:23.936,1.3936,1.39395,1.60,5.00
2010.02.24 08:11:24.573,1.3936,1.3939,1.00,3.40
2010.02.24 08:11:24.772,1.39355,1.3939,1.60,3.40
2010.02.24 08:11:25.499,1.39355,1.3939,2.40,3.40
2010.02.24 08:11:25.860,1.3935,1.39385,1.20,1.80
2010.02.24 08:11:26.222,1.3935,1.39375,1.00,1.00
2010.02.24 08:11:27.374,1.3934,1.39375,10.00,1.80
2010.02.24 08:11:27.541,1.3934,1.39375,10.10,1.80
2010.02.24 08:11:27.693,1.39345,1.39375,1.60,1.80
2010.02.24 08:11:28.431,1.3935,1.39375,1.00,1.00
2010.02.24 08:11:30.363,1.39345,1.39375,2.40,1.00
2010.02.24 08:11:30.497,1.39345,1.39375,1.60,1.00
2010.02.24 08:11:30.621,1.3934,1.39375,1.60,3.40
2010.02.24 08:11:30.754,1.3934,1.39375,2.40,3.40
2010.02.24 08:11:31.261,1.39335,1.39375,11.20,3.40
2010.02.24 08:11:31.450,1.39335,1.39375,8.00,3.40
2010.02.24 08:11:31.638,1.39335,1.39375,5.60,3.40
2010.02.24 08:11:31.828,1.39335,1.39375,6.40,3.40
2010.02.24 08:11:32.762,1.3935,1.39375,1.00,3.40
2010.02.24 08:11:33.051,1.39345,1.39375,2.40,1.80
2010.02.24 08:11:33.859,1.39345,1.3938,1.60,1.80
2010.02.24 08:11:34.474,1.39345,1.3938,1.60,3.40
2010.02.24 08:11:35.260,1.39345,1.3938,1.60,2.60
2010.02.24 08:11:35.853,1.39345,1.3938,1.60,1.80
2010.02.24 08:11:36.641,1.3935,1.3938,1.00,1.80
2010.02.24 08:11:36.940,1.3935,1.3938,1.00,1.00
2010.02.24 08:11:38.689,1.3935,1.3938,1.60,1.00
2010.02.24 08:11:39.471,1.39355,1.3939,2.40,2.60
2010.02.24 08:11:39.739,1.39355,1.3939,1.60,1.80
2010.02.24 08:11:40.941,1.3935,1.39385,4.80,1.60
2010.02.24 08:11:41.092,1.3935,1.39385,4.00,1.60
2010.02.24 08:11:41.838,1.39355,1.39385,1.60,1.60
2010.02.24 08:11:42.196,1.39355,1.39385,1.60,3.20
2010.02.24 08:11:42.556,1.39355,1.3938,1.60,1.60
2010.02.24 08:11:42.915,1.39355,1.3938,1.60,1.60
2010.02.24 08:11:43.519,1.3935,1.3938,4.00,1.60
2010.02.24 08:11:43.896,1.39345,1.3938,8.00,1.60
2010.02.24 08:11:44.254,1.39345,1.3938,7.20,1.60
2010.02.24 08:11:45.163,1.39345,1.39375,7.20,1.60
2010.02.24 08:11:47.145,1.39345,1.3938,7.20,1.60
2010.02.24 08:11:47.706,1.39345,1.3938,5.60,1.80
2010.02.24 08:11:48.085,1.3934,1.39375,3.20,1.60
2010.02.24 08:11:48.904,1.39335,1.3937,2.40,1.00
2010.02.24 08:11:49.271,1.39335,1.3937,3.20,1.00
2010.02.24 08:11:50.084,1.39345,1.39375,1.60,1.80
2010.02.24 08:11:50.492,1.39345,1.39375,1.60,1.00
2010.02.24 08:11:51.607,1.3935,1.39375,1.00,1.00
2010.02.24 08:11:52.177,1.39345,1.39375,1.00,1.00
2010.02.24 08:11:52.377,1.39355,1.39375,1.00,1.00
2010.02.24 08:11:52.574,1.39355,1.3938,1.00,2.20
2010.02.24 08:11:53.240,1.39345,1.3938,2.40,2.20
2010.02.24 08:11:53.605,1.39345,1.3938,4.00,2.20
2010.02.24 08:11:53.966,1.39345,1.39375,1.60,3.20
2010.02.24 08:11:54.480,1.3934,1.39375,5.60,3.20
2010.02.24 08:11:54.860,1.3934,1.39375,4.80,1.60
2010.02.24 08:11:55.235,1.39345,1.39375,1.00,1.60
2010.02.24 08:11:55.815,1.39345,1.3938,1.00,3.80
2010.02.24 08:11:56.178,1.3934,1.3938,4.00,3.80
2010.02.24 08:11:56.371,1.39345,1.3938,1.00,3.80
2010.02.24 08:11:58.425,1.39345,1.39375,1.00,1.60
2010.02.24 08:11:59.309,1.3934,1.39375,4.80,1.60
2010.02.24 08:11:59.554,1.3934,1.3938,4.80,3.80
2010.02.24 08:11:59.794,1.39345,1.3938,1.60,3.80
2010.02.24 08:12:02.764,1.39345,1.3938,3.20,2.00
2010.02.24 08:12:02.901,1.39345,1.39375,4.00,1.60
2010.02.24 08:12:03.266,1.3935,1.3938,3.20,2.00
2010.02.24 08:12:03.628,1.39365,1.3938,1.00,2.00
2010.02.24 08:12:04.346,1.39365,1.3938,1.00,1.00
2010.02.24 08:12:04.579,1.3936,1.39395,1.00,3.60
2010.02.24 08:12:04.801,1.39355,1.39395,4.80,6.00
2010.02.24 08:12:05.937,1.3937,1.39395,1.00,1.60
2010.02.24 08:12:06.544,1.39375,1.39405,5.60,1.00
2010.02.24 08:12:06.712,1.39375,1.3941,4.80,1.60
2010.02.24 08:12:06.872,1.39375,1.39415,4.80,8.20
2010.02.24 08:12:07.932,1.39375,1.39415,4.80,10.60
2010.02.24 08:12:08.722,1.39375,1.3941,4.80,2.40
2010.02.24 08:12:09.090,1.39375,1.3941,1.60,4.20
2010.02.24 08:12:09.446,1.39375,1.39405,1.60,1.00
2010.02.24 08:12:09.733,1.39375,1.39405,1.00,4.00
2010.02.24 08:12:10.235,1.3937,1.394,1.00,1.60
2010.02.24 08:12:10.543,1.3937,1.39395,1.00,1.60
2010.02.24 08:12:10.696,1.39365,1.39395,6.50,3.20
2010.02.24 08:12:11.324,1.3937,1.39395,1.00,2.30
2010.02.24 08:12:13.694,1.3936,1.39385,3.20,1.00
2010.02.24 08:12:13.988,1.3936,1.39395,1.60,5.00
2010.02.24 08:12:14.759,1.3936,1.3939,1.60,1.00
2010.02.24 08:12:15.122,1.3936,1.39385,1.60,1.60
2010.02.24 08:12:15.483,1.39355,1.39385,5.30,4.80
2010.02.24 08:12:15.837,1.39355,1.39385,1.60,5.60
2010.02.24 08:12:17.332,1.39355,1.39385,1.60,6.40
2010.02.24 08:12:17.555,1.39355,1.39385,1.60,7.20
2010.02.24 08:12:18.954,1.39355,1.39385,3.70,5.60
2010.02.24 08:12:19.322,1.3936,1.39385,1.00,1.60
2010.02.24 08:12:20.139,1.39365,1.3939,1.00,3.40
2010.02.24 08:12:20.730,1.39365,1.39395,1.00,5.00
2010.02.24 08:12:20.874,1.39365,1.39395,1.00,1.80
2010.02.24 08:12:21.587,1.39365,1.39395,1.60,1.80
2010.02.24 08:12:22.164,1.39365,1.39395,1.60,3.40
2010.02.24 08:12:23.505,1.39365,1.39395,1.60,1.80
2010.02.24 08:12:24.006,1.39365,1.39395,1.00,3.40
2010.02.24 08:12:24.315,1.3937,1.39395,1.00,1.60
2010.02.24 08:12:25.642,1.39375,1.39395,1.00,1.60
2010.02.24 08:12:26.358,1.3938,1.39405,1.00,2.40
2010.02.24 08:12:26.597,1.3938,1.39405,1.00,1.60
2010.02.24 08:12:28.363,1.39375,1.39405,4.00,1.60
2010.02.24 08:12:28.932,1.39365,1.39395,8.80,1.60
2010.02.24 08:12:29.307,1.39365,1.3939,1.60,2.40
2010.02.24 08:12:29.920,1.3936,1.39385,3.20,1.60
2010.02.24 08:12:30.287,1.39355,1.3938,7.20,1.00
2010.02.24 08:12:30.826,1.3935,1.3938,1.00,1.00
2010.02.24 08:12:31.199,1.39355,1.39385,1.00,3.40
2010.02.24 08:12:32.146,1.39355,1.39385,1.00,1.80
2010.02.24 08:12:32.337,1.39355,1.3938,1.00,1.00
2010.02.24 08:12:32.526,1.39345,1.3937,5.60,2.10
2010.02.24 08:12:32.723,1.3935,1.39375,2.10,1.60
2010.02.24 08:12:33.617,1.3935,1.39385,1.00,3.40
2010.02.24 08:12:33.978,1.39355,1.39385,1.60,3.40
2010.02.24 08:12:34.745,1.39355,1.39385,3.20,1.80
2010.02.24 08:12:39.268,1.39355,1.39385,3.20,1.80
2010.02.24 08:12:39.445,1.39355,1.39385,3.20,3.40
2010.02.24 08:12:40.387,1.39355,1.39385,1.60,3.40
2010.02.24 08:12:40.740,1.39355,1.39385,1.60,8.20
2010.02.24 08:12:41.088,1.39355,1.39385,1.60,9.00
2010.02.24 08:12:41.696,1.39355,1.39385,2.40,7.40
2010.02.24 08:12:42.497,1.39355,1.39385,2.40,5.00
2010.02.24 08:12:43.585,1.39355,1.39385,2.40,6.60
2010.02.24 08:12:43.889,1.39355,1.39385,2.40,9.00
2010.02.24 08:12:44.192,1.39355,1.39375,1.00,1.60
2010.02.24 08:12:45.891,1.39355,1.39365,1.00,1.60
2010.02.24 08:12:46.611,1.39355,1.3937,1.00,1.60
2010.02.24 08:12:47.196,1.39355,1.39375,1.00,1.60
2010.02.24 08:12:47.458,1.39355,1.3938,1.00,1.80
2010.02.24 08:12:47.602,1.39355,1.39385,2.40,3.80
2010.02.24 08:12:48.191,1.39355,1.3939,4.00,1.00
2010.02.24 08:12:48.554,1.39355,1.39395,4.00,4.20
2010.02.24 08:12:49.775,1.39355,1.39395,4.00,5.00
2010.02.24 08:12:50.359,1.39355,1.39395,4.00,5.80
2010.02.24 08:12:50.411,1.39355,1.39395,4.00,4.20
2010.02.24 08:12:50.751,1.39355,1.39395,3.20,4.20
2010.02.24 08:12:52.089,1.39355,1.39395,1.60,7.40
2010.02.24 08:12:52.357,1.39355,1.3939,1.00,1.00
2010.02.24 08:12:55.066,1.39355,1.39385,1.00,1.60
2010.02.24 08:12:55.137,1.3935,1.39385,4.50,1.80
2010.02.24 08:12:55.770,1.3935,1.39385,5.30,1.80
2010.02.24 08:12:56.748,1.3935,1.39385,3.70,1.80
2010.02.24 08:12:57.085,1.3935,1.39385,2.10,1.80
2010.02.24 08:12:57.883,1.3935,1.39385,2.90,3.40
2010.02.24 08:12:58.229,1.39365,1.3939,3.20,1.00
2010.02.24 08:12:59.032,1.39365,1.3939,3.90,1.00
2010.02.24 08:12:59.396,1.3937,1.39395,1.60,1.80
2010.02.24 08:12:59.752,1.39375,1.39395,2.40,1.80
2010.02.24 08:13:00.362,1.39385,1.39405,4.80,1.60
2010.02.24 08:13:00.526,1.39385,1.39415,7.20,1.00
2010.02.24 08:13:00.691,1.39395,1.39415,1.00,2.00
2010.02.24 08:13:01.200,1.3941,1.3943,1.60,3.40
2010.02.24 08:13:01.534,1.39415,1.39445,1.60,1.60
2010.02.24 08:13:02.283,1.39415,1.39445,1.60,1.60
2010.02.24 08:13:02.542,1.3942,1.3945,1.60,1.00
2010.02.24 08:13:03.228,1.39425,1.3945,1.60,1.00
2010.02.24 08:13:03.590,1.39425,1.39455,1.60,1.60
2010.02.24 08:13:03.949,1.3942,1.39455,3.20,1.60
2010.02.24 08:13:04.461,1.3943,1.39455,1.60,1.60
2010.02.24 08:13:04.781,1.3942,1.39455,5.60,1.60
2010.02.24 08:13:05.554,1.3942,1.39455,3.20,1.60
2010.02.24 08:13:05.946,1.3942,1.3944,1.60,1.00
2010.02.24 08:13:06.731,1.39415,1.3944,1.60,1.00
2010.02.24 08:13:07.052,1.39415,1.39435,1.60,1.00
2010.02.24 08:13:07.697,1.3941,1.39435,2.20,1.00
2010.02.24 08:13:08.405,1.39415,1.3944,1.60,1.00
2010.02.24 08:13:08.982,1.3941,1.39435,2.30,1.60
2010.02.24 08:13:09.306,1.3941,1.3944,3.10,1.00
2010.02.24 08:13:09.574,1.3941,1.3943,1.00,1.00
2010.02.24 08:13:10.355,1.39405,1.3943,2.40,1.00
2010.02.24 08:13:10.519,1.394,1.39425,2.20,1.00
2010.02.24 08:13:11.156,1.394,1.39425,2.30,1.60
2010.02.24 08:13:11.348,1.394,1.39425,2.20,4.20
2010.02.24 08:13:11.984,1.39395,1.39415,1.60,1.00
2010.02.24 08:13:13.037,1.39385,1.39415,2.20,1.60
2010.02.24 08:13:13.187,1.39385,1.39415,2.20,3.40
2010.02.24 08:13:13.963,1.39385,1.39405,2.20,1.60
2010.02.24 08:13:14.306,1.39385,1.39405,2.30,1.60
2010.02.24 08:13:14.650,1.39385,1.39405,2.20,1.60
2010.02.24 08:13:15.198,1.39385,1.39415,2.20,3.40
2010.02.24 08:13:15.347,1.39385,1.39415,2.20,1.80
2010.02.24 08:13:16.475,1.39385,1.39415,4.60,1.00
2010.02.24 08:13:17.600,1.39385,1.39415,2.20,1.00
2010.02.24 08:13:18.115,1.39385,1.39415,2.20,1.80
2010.02.24 08:13:18.920,1.39385,1.39415,2.30,1.80
2010.02.24 08:13:19.884,1.39385,1.39415,3.90,1.00
2010.02.24 08:13:21.924,1.394,1.3942,1.60,1.00
2010.02.24 08:13:21.984,1.39395,1.3942,1.00,1.00
2010.02.24 08:13:22.037,1.39395,1.3942,1.00,1.00
2010.02.24 08:13:22.126,1.394,1.3942,1.60,1.00
2010.02.24 08:13:22.753,1.39395,1.39415,2.20,1.60
2010.02.24 08:13:22.842,1.39395,1.39415,1.60,1.60
2010.02.24 08:13:24.931,1.39395,1.3942,1.60,1.00
2010.02.24 08:13:25.250,1.39395,1.3942,2.40,1.00
2010.02.24 08:13:26.160,1.3939,1.39415,1.00,1.60
2010.02.24 08:13:26.360,1.3939,1.39415,1.00,1.60
2010.02.24 08:13:26.551,1.3939,1.3942,1.00,1.00
2010.02.24 08:13:27.063,1.3939,1.39415,1.00,1.60
2010.02.24 08:13:27.293,1.3938,1.39415,1.00,1.60
2010.02.24 08:13:28.007,1.3938,1.3941,1.00,1.00
2010.02.24 08:13:28.359,1.39375,1.3941,7.80,1.00
2010.02.24 08:13:28.725,1.39385,1.3941,2.30,1.00
2010.02.24 08:13:29.502,1.39375,1.3941,7.80,1.00
2010.02.24 08:13:29.835,1.39375,1.3941,7.90,1.00
2010.02.24 08:13:30.441,1.39375,1.3941,4.60,1.00
2010.02.24 08:13:31.792,1.39375,1.3941,4.70,1.00
2010.02.24 08:13:32.356,1.39375,1.394,3.80,1.00
2010.02.24 08:13:32.428,1.39375,1.394,1.60,1.00
2010.02.24 08:13:32.913,1.3937,1.394,7.10,1.00
2010.02.24 08:13:33.274,1.3937,1.394,6.30,1.00
2010.02.24 08:13:35.141,1.3937,1.394,4.70,1.00
2010.02.24 08:13:35.332,1.3937,1.39405,4.70,3.40
2010.02.24 08:13:36.835,1.3937,1.39405,4.60,3.40
2010.02.24 08:13:37.034,1.3937,1.39405,3.80,5.00
2010.02.24 08:13:44.987,1.3937,1.39405,3.90,5.00
2010.02.24 08:13:45.860,1.3937,1.39405,3.80,5.00
2010.02.24 08:13:45.982,1.3937,1.39405,2.20,5.00
2010.02.24 08:13:46.040,1.3937,1.394,1.00,1.60
2010.02.24 08:13:46.560,1.39365,1.39395,1.00,3.20
2010.02.24 08:13:46.660,1.3936,1.394,2.40,7.40
2010.02.24 08:13:47.001,1.3936,1.39395,1.60,3.40
2010.02.24 08:13:51.240,1.3936,1.39395,2.40,3.40
2010.02.24 08:13:51.393,1.3936,1.39395,2.40,3.40
2010.02.24 08:13:51.465,1.3936,1.39395,2.40,3.20
2010.02.24 08:13:52.009,1.3936,1.39395,2.40,1.60
2010.02.24 08:13:52.100,1.39365,1.394,1.60,3.40
2010.02.24 08:13:53.121,1.39365,1.39395,1.60,1.00
2010.02.24 08:13:53.827,1.39365,1.394,1.60,3.40
2010.02.24 08:13:55.542,1.39365,1.39395,1.60,1.00
2010.02.24 08:13:56.083,1.39365,1.39395,3.20,1.00
2010.02.24 08:13:59.056,1.39365,1.39395,4.80,1.00
2010.02.24 08:14:00.170,1.39365,1.394,4.80,1.80
2010.02.24 08:14:00.709,1.39365,1.394,4.80,1.80
2010.02.24 08:14:01.196,1.3937,1.394,1.60,1.80
2010.02.24 08:14:01.363,1.3937,1.394,1.60,1.00
2010.02.24 08:14:05.603,1.39365,1.394,5.40,1.00
2010.02.24 08:14:05.905,1.39365,1.394,4.80,1.00
2010.02.24 08:14:06.537,1.39365,1.39395,4.80,1.00
2010.02.24 08:14:06.720,1.39365,1.39395,3.20,3.20
2010.02.24 08:14:06.782,1.39365,1.39395,3.20,3.20
2010.02.24 08:14:07.320,1.39365,1.39395,3.20,3.20
2010.02.24 08:14:08.267,1.39365,1.3939,3.20,1.00
2010.02.24 08:14:08.355,1.39365,1.3939,3.20,1.60
2010.02.24 08:14:08.874,1.39365,1.3939,1.60,2.20
2010.02.24 08:14:09.628,1.3936,1.3939,1.00,2.20
2010.02.24 08:14:10.383,1.3936,1.3939,1.00,3.00
2010.02.24 08:14:10.717,1.3936,1.3939,1.00,3.80
2010.02.24 08:14:12.289,1.3936,1.39385,1.00,1.60
2010.02.24 08:14:18.877,1.39365,1.3939,1.60,2.20
2010.02.24 08:14:19.238,1.39375,1.3939,1.60,1.00
2010.02.24 08:14:19.594,1.39375,1.39405,4.80,3.80
2010.02.24 08:14:19.824,1.39385,1.39405,1.60,2.20
2010.02.24 08:14:23.098,1.39375,1.39405,4.80,3.80
2010.02.24 08:14:25.004,1.39375,1.394,1.60,1.00
2010.02.24 08:14:25.196,1.39375,1.39405,1.60,3.20
2010.02.24 08:14:25.380,1.39375,1.39405,1.60,4.00
2010.02.24 08:14:25.557,1.39375,1.39405,1.60,4.80
2010.02.24 08:14:26.089,1.3937,1.39405,3.20,4.00
2010.02.24 08:14:26.292,1.3937,1.39405,3.20,3.20
2010.02.24 08:14:26.676,1.39375,1.39405,1.60,3.20
2010.02.24 08:14:28.298,1.39385,1.3941,1.60,1.60
2010.02.24 08:14:28.656,1.39385,1.3941,1.60,1.60
2010.02.24 08:14:29.629,1.39385,1.3941,1.60,1.60
2010.02.24 08:14:29.987,1.3938,1.3941,1.60,1.60
2010.02.24 08:14:30.734,1.3938,1.3941,1.60,1.60
2010.02.24 08:14:30.974,1.3938,1.3941,1.60,1.60
2010.02.24 08:14:32.059,1.3938,1.3941,1.60,1.60
2010.02.24 08:14:32.185,1.39385,1.3941,1.60,1.00
2010.02.24 08:14:32.318,1.39385,1.3941,1.60,1.00
2010.02.24 08:14:32.561,1.39385,1.39415,1.60,2.60
2010.02.24 08:14:33.095,1.39385,1.39415,1.60,1.00
2010.02.24 08:14:34.315,1.3938,1.39415,1.60,1.00
2010.02.24 08:14:35.379,1.3938,1.39415,3.20,2.60
2010.02.24 08:14:35.912,1.39395,1.39415,1.60,2.60
2010.02.24 08:14:36.017,1.39395,1.3942,1.60,1.00
2010.02.24 08:14:36.128,1.39395,1.39425,1.60,5.00
2010.02.24 08:14:36.718,1.39395,1.39425,1.60,3.40
2010.02.24 08:14:37.088,1.39395,1.3942,1.60,1.00
2010.02.24 08:14:38.207,1.39405,1.39425,2.20,1.80
2010.02.24 08:14:38.530,1.39405,1.39425,2.20,1.60
2010.02.24 08:14:39.659,1.39405,1.3942,1.00,1.00
2010.02.24 08:14:39.890,1.3938,1.3942,5.60,1.80
2010.02.24 08:14:40.432,1.3938,1.39415,1.60,1.60
2010.02.24 08:14:41.855,1.39395,1.39415,1.60,1.00
2010.02.24 08:14:42.117,1.39395,1.39415,1.60,1.80
2010.02.24 08:14:42.702,1.39395,1.39415,1.60,1.60
2010.02.24 08:14:43.461,1.39395,1.3942,3.80,1.80
2010.02.24 08:14:43.834,1.39395,1.3942,3.90,3.40
2010.02.24 08:14:44.686,1.39395,1.3942,1.60,3.40
2010.02.24 08:14:46.080,1.39385,1.39415,2.30,4.20
2010.02.24 08:14:46.196,1.39385,1.3941,1.60,1.80
2010.02.24 08:14:47.547,1.3938,1.3941,4.80,1.80
2010.02.24 08:14:47.868,1.39385,1.3941,3.60,1.80
2010.02.24 08:14:48.691,1.39385,1.3941,3.60,1.00
2010.02.24 08:14:49.043,1.3939,1.3941,1.60,1.00
2010.02.24 08:14:50.862,1.39385,1.3941,1.60,1.00
2010.02.24 08:14:51.476,1.39385,1.3941,1.60,1.00
2010.02.24 08:14:51.640,1.3938,1.39395,1.60,1.00
2010.02.24 08:14:52.251,1.39355,1.3939,1.00,1.00
2010.02.24 08:14:53.074,1.39345,1.39385,1.60,5.00
2010.02.24 08:14:53.138,1.3935,1.39375,1.60,1.60
2010.02.24 08:14:55.025,1.39355,1.3938,1.60,3.40
2010.02.24 08:14:56.181,1.3935,1.3938,3.90,3.40
2010.02.24 08:14:56.357,1.3935,1.39375,3.80,1.60
2010.02.24 08:14:57.143,1.3935,1.3938,2.20,1.80
2010.02.24 08:14:58.605,1.39355,1.3938,1.60,1.80
2010.02.24 08:15:00.863,1.39355,1.3938,1.60,6.60
2010.02.24 08:15:00.963,1.39355,1.3938,1.60,8.20
2010.02.24 08:15:01.070,1.39345,1.3937,1.60,1.00
2010.02.24 08:15:01.584,1.39335,1.3937,3.90,4.10
2010.02.24 08:15:01.697,1.39335,1.3937,5.50,4.10
2010.02.24 08:15:02.941,1.39345,1.3937,1.60,1.60
2010.02.24 08:15:03.208,1.39345,1.39375,1.60,5.80
2010.02.24 08:15:03.479,1.39345,1.39375,1.60,3.40
2010.02.24 08:15:04.011,1.39355,1.39375,1.60,1.60
2010.02.24 08:15:04.381,1.39355,1.39385,2.20,6.60
2010.02.24 08:15:05.074,1.39355,1.39385,1.60,7.30
2010.02.24 08:15:08.245,1.3935,1.39385,3.90,7.70
2010.02.24 08:15:08.590,1.39355,1.39385,1.60,7.70
2010.02.24 08:15:09.291,1.39355,1.3938,1.60,1.00
2010.02.24 08:15:09.810,1.3935,1.3938,3.20,1.00
2010.02.24 08:15:10.129,1.39345,1.3938,8.00,1.00
2010.02.24 08:15:10.895,1.39355,1.39385,1.60,1.00
2010.02.24 08:15:12.303,1.39355,1.39385,1.60,1.80
2010.02.24 08:15:12.547,1.39355,1.39385,1.60,1.00
2010.02.24 08:15:13.257,1.39355,1.39385,4.00,1.80
2010.02.24 08:15:13.481,1.39355,1.39385,4.00,1.00
2010.02.24 08:15:13.837,1.39355,1.39385,4.00,1.00
2010.02.24 08:15:14.341,1.39355,1.39385,6.40,1.00
2010.02.24 08:15:16.725,1.39355,1.39385,4.00,1.00
2010.02.24 08:15:16.808,1.39355,1.39385,1.60,1.00
2010.02.24 08:15:16.878,1.39355,1.39385,1.60,1.00
2010.02.24 08:15:17.403,1.39355,1.39385,1.60,1.00
2010.02.24 08:15:17.702,1.39355,1.39385,6.40,1.00
2010.02.24 08:15:18.426,1.39355,1.3939,6.40,1.80
2010.02.24 08:15:18.734,1.39355,1.3939,4.00,1.00
2010.02.24 08:15:19.341,1.39355,1.3939,1.60,1.00
2010.02.24 08:15:20.880,1.39355,1.3939,1.60,1.80
2010.02.24 08:15:21.618,1.39355,1.39395,1.60,8.30
2010.02.24 08:15:21.823,1.39355,1.3939,4.80,1.00
2010.02.24 08:15:22.022,1.39355,1.39395,4.80,6.60
2010.02.24 08:15:22.596,1.39355,1.3939,7.20,1.00
2010.02.24 08:15:22.784,1.39355,1.3939,4.80,1.00
2010.02.24 08:15:22.976,1.39365,1.39395,1.60,3.20
2010.02.24 08:15:23.162,1.39365,1.39395,1.60,2.40
2010.02.24 08:15:26.045,1.3936,1.39395,1.60,2.40
2010.02.24 08:15:26.163,1.39365,1.39395,1.60,2.40
2010.02.24 08:15:26.933,1.39365,1.39395,1.60,1.60
2010.02.24 08:15:27.395,1.39365,1.39395,1.60,2.40
2010.02.24 08:15:27.757,1.39355,1.39385,4.80,1.60
2010.02.24 08:15:28.614,1.39355,1.39385,1.60,5.00
2010.02.24 08:15:29.701,1.39355,1.39385,1.60,3.40
2010.02.24 08:15:30.042,1.3936,1.3939,1.00,3.80
2010.02.24 08:15:30.744,1.39375,1.394,1.60,1.60
2010.02.24 08:15:30.818,1.39375,1.39405,1.60,4.60
2010.02.24 08:15:30.898,1.39375,1.39405,1.60,3.40
2010.02.24 08:15:31.327,1.3937,1.39405,1.60,3.40
2010.02.24 08:15:31.565,1.3937,1.39405,1.60,3.50
2010.02.24 08:15:32.117,1.3937,1.39405,1.60,3.40
2010.02.24 08:15:32.314,1.39365,1.39405,4.80,3.40
2010.02.24 08:15:32.973,1.39365,1.394,3.20,3.40
2010.02.24 08:15:33.139,1.3937,1.39395,2.00,1.60
2010.02.24 08:15:33.749,1.3938,1.39395,1.60,1.60
2010.02.24 08:15:34.125,1.3938,1.394,1.60,1.80
2010.02.24 08:15:35.286,1.3938,1.394,1.60,1.80
2010.02.24 08:15:36.355,1.3938,1.39405,1.60,3.40
2010.02.24 08:15:36.580,1.3938,1.39405,1.60,3.40
2010.02.24 08:15:37.210,1.3938,1.39405,1.60,4.20
2010.02.24 08:15:37.416,1.3938,1.39405,1.60,3.40
2010.02.24 08:15:39.528,1.3938,1.39405,1.60,1.60
2010.02.24 08:15:39.852,1.39385,1.3941,1.60,3.40
2010.02.24 08:15:40.645,1.3938,1.39405,1.60,1.60
2010.02.24 08:15:41.722,1.39375,1.39405,1.60,1.60
2010.02.24 08:15:42.522,1.3937,1.39405,1.60,1.60
2010.02.24 08:15:42.883,1.39365,1.39405,6.80,4.20
2010.02.24 08:15:43.232,1.39365,1.39405,6.80,5.00
2010.02.24 08:15:43.498,1.39365,1.39405,6.80,4.20
2010.02.24 08:15:44.717,1.39365,1.39405,6.80,5.00
2010.02.24 08:15:45.074,1.39365,1.394,3.60,1.80
2010.02.24 08:15:45.946,1.39365,1.3939,3.20,1.00
2010.02.24 08:15:46.201,1.39365,1.39395,3.20,3.20
2010.02.24 08:15:47.005,1.39365,1.3939,3.20,1.00
2010.02.24 08:15:47.231,1.39365,1.3939,1.60,1.00
2010.02.24 08:15:47.802,1.39365,1.3939,3.20,1.00
2010.02.24 08:15:50.153,1.39375,1.3939,1.60,1.00
2010.02.24 08:15:52.139,1.39375,1.39395,1.60,1.60
2010.02.24 08:15:54.431,1.39365,1.39395,3.20,3.20
2010.02.24 08:15:55.395,1.3938,1.394,1.60,2.40
2010.02.24 08:15:56.019,1.3938,1.394,1.60,1.00
2010.02.24 08:15:56.281,1.3938,1.39405,1.60,1.60
2010.02.24 08:15:58.932,1.3938,1.39405,1.60,1.60
2010.02.24 08:16:00.629,1.3938,1.39405,1.60,1.60
2010.02.24 08:16:00.906,1.3937,1.39405,1.60,1.60
2010.02.24 08:16:01.523,1.39375,1.3941,1.60,5.70
2010.02.24 08:16:01.686,1.3937,1.39405,1.60,1.60
2010.02.24 08:16:03.429,1.3937,1.39395,1.60,1.60
2010.02.24 08:16:03.569,1.3937,1.39395,1.60,3.20
2010.02.24 08:16:04.095,1.39365,1.39395,4.80,1.60
2010.02.24 08:16:05.539,1.39365,1.39395,4.80,3.20
2010.02.24 08:16:06.551,1.39365,1.39395,3.90,1.80
2010.02.24 08:16:06.662,1.39365,1.3939,3.80,1.00
2010.02.24 08:16:06.768,1.39365,1.3939,2.20,1.00
2010.02.24 08:16:07.798,1.39365,1.3939,1.60,1.00
2010.02.24 08:16:07.990,1.39365,1.39395,1.60,3.40
2010.02.24 08:16:08.758,1.39365,1.3939,1.60,1.60
2010.02.24 08:16:09.114,1.3936,1.3939,1.60,3.20
2010.02.24 08:16:09.624,1.3936,1.3939,1.60,4.00
2010.02.24 08:16:10.006,1.3936,1.39385,1.60,1.00
2010.02.24 08:16:10.139,1.39355,1.39385,3.90,1.00
2010.02.24 08:16:10.832,1.3936,1.39385,1.60,1.00
2010.02.24 08:16:17.102,1.39355,1.39385,3.90,1.00
2010.02.24 08:16:17.575,1.3936,1.39385,1.60,1.80
2010.02.24 08:16:17.652,1.3936,1.39385,1.60,1.80
2010.02.24 08:16:17.726,1.3936,1.39385,2.20,1.80
2010.02.24 08:16:17.795,1.3936,1.39385,3.80,1.80
2010.02.24 08:16:18.299,1.3936,1.39385,3.80,2.60
2010.02.24 08:16:18.912,1.3936,1.39385,3.80,3.40
2010.02.24 08:16:19.217,1.3936,1.39385,1.60,3.80
2010.02.24 08:16:20.177,1.3936,1.39385,1.00,2.60
2010.02.24 08:16:20.826,1.3936,1.39385,1.00,1.80
2010.02.24 08:16:22.861,1.39355,1.39385,3.90,1.80
2010.02.24 08:16:22.932,1.3936,1.39385,1.60,1.80
2010.02.24 08:16:24.107,1.39355,1.39385,1.60,1.80
2010.02.24 08:16:24.369,1.39355,1.39385,3.20,1.80
2010.02.24 08:16:24.911,1.3936,1.39385,1.00,1.80
2010.02.24 08:16:25.206,1.39355,1.39385,3.60,1.80
2010.02.24 08:16:30.639,1.3936,1.39385,1.60,1.80
2010.02.24 08:16:33.833,1.39365,1.39385,1.60,1.80
2010.02.24 08:16:34.176,1.3936,1.39385,1.60,1.80
2010.02.24 08:16:34.526,1.3936,1.39385,1.60,2.60
2010.02.24 08:16:35.249,1.3936,1.39385,1.60,1.80
2010.02.24 08:16:37.612,1.39355,1.39385,3.60,1.00
2010.02.24 08:16:37.701,1.39355,1.39385,3.60,1.00
2010.02.24 08:16:37.797,1.3936,1.39385,1.60,1.00
2010.02.24 08:16:40.056,1.39355,1.39385,3.60,1.00
2010.02.24 08:16:41.481,1.3936,1.39385,1.60,2.60
2010.02.24 08:16:42.155,1.3936,1.39385,1.60,1.80
2010.02.24 08:16:42.391,1.3936,1.39385,1.60,1.00
2010.02.24 08:16:43.344,1.39365,1.3939,1.00,3.40
2010.02.24 08:16:43.956,1.39365,1.3939,3.20,1.80
2010.02.24 08:16:44.601,1.39365,1.39395,3.20,3.40
2010.02.24 08:16:50.352,1.39365,1.39395,1.60,3.40
2010.02.24 08:16:50.686,1.3936,1.3938,1.00,1.00
2010.02.24 08:16:51.324,1.39355,1.3938,1.60,1.00
2010.02.24 08:16:52.102,1.3935,1.3938,1.00,1.60
2010.02.24 08:16:52.297,1.39345,1.3938,9.30,1.60
2010.02.24 08:16:56.107,1.3935,1.3938,2.00,1.00
2010.02.24 08:16:56.691,1.3935,1.3938,5.20,1.00
2010.02.24 08:16:58.919,1.39355,1.3938,1.60,1.00
2010.02.24 08:16:59.150,1.39355,1.39385,1.60,1.80
2010.02.24 08:17:01.254,1.39355,1.39385,1.60,1.00
2010.02.24 08:17:01.610,1.39355,1.39385,1.60,1.80
2010.02.24 08:17:08.944,1.39355,1.39385,1.60,2.20
2010.02.24 08:17:09.860,1.39355,1.39385,1.60,1.80
2010.02.24 08:17:11.812,1.39355,1.3938,1.60,1.00
2010.02.24 08:17:11.887,1.39355,1.3938,1.60,1.60
2010.02.24 08:17:18.301,1.39355,1.3938,1.60,2.00
2010.02.24 08:17:18.458,1.39355,1.3938,1.60,2.20
2010.02.24 08:17:18.611,1.39355,1.39375,1.60,1.60
2010.02.24 08:17:19.762,1.3935,1.3937,2.00,1.00
2010.02.24 08:17:20.088,1.3935,1.3937,2.00,1.60
2010.02.24 08:17:20.403,1.3935,1.39375,2.00,1.60
2010.02.24 08:17:22.104,1.3935,1.39375,2.00,2.00
2010.02.24 08:17:22.386,1.3935,1.3937,1.00,1.60
2010.02.24 08:17:23.363,1.39345,1.39375,5.20,2.00
2010.02.24 08:17:23.594,1.39345,1.3937,3.60,1.00
2010.02.24 08:17:23.818,1.39345,1.3937,3.60,1.60
2010.02.24 08:17:24.036,1.39345,1.3937,5.20,1.60
2010.02.24 08:17:24.479,1.39345,1.3937,5.20,1.00
2010.02.24 08:17:25.783,1.39345,1.39375,5.20,2.00
2010.02.24 08:17:27.592,1.3935,1.39375,1.60,1.60
2010.02.24 08:17:27.746,1.3935,1.39375,2.00,1.60
2010.02.24 08:17:29.917,1.3935,1.39375,1.60,1.60
2010.02.24 08:17:30.097,1.39345,1.39375,5.20,1.80
2010.02.24 08:17:30.850,1.3934,1.39365,2.40,1.00
2010.02.24 08:17:31.178,1.39345,1.39365,1.60,1.00
2010.02.24 08:17:31.379,1.39345,1.39365,1.60,1.80
2010.02.24 08:17:31.577,1.3934,1.39365,1.60,1.80
2010.02.24 08:17:32.757,1.39335,1.39365,3.80,2.60
2010.02.24 08:17:32.868,1.39335,1.39365,2.20,2.60
2010.02.24 08:17:32.977,1.39335,1.39355,1.60,1.00
2010.02.24 08:17:33.905,1.39325,1.39355,1.60,2.60
2010.02.24 08:17:35.247,1.3932,1.3935,1.60,1.80
2010.02.24 08:17:36.104,1.39315,1.3934,1.60,1.00
2010.02.24 08:17:37.409,1.39315,1.3934,2.20,1.00
2010.02.24 08:17:37.645,1.39315,1.3934,3.80,1.00
2010.02.24 08:17:39.951,1.39315,1.3934,3.20,1.00
2010.02.24 08:17:40.220,1.39315,1.3934,1.60,1.00
2010.02.24 08:17:41.315,1.39315,1.3934,1.60,1.80
2010.02.24 08:17:41.647,1.39315,1.3934,1.60,1.00
2010.02.24 08:17:43.249,1.39315,1.3934,3.90,1.00
2010.02.24 08:17:45.172,1.39315,1.39345,3.90,3.40
2010.02.24 08:17:45.534,1.39315,1.39345,1.60,4.00
2010.02.24 08:17:50.554,1.39315,1.39345,1.60,4.00
2010.02.24 08:17:50.804,1.39315,1.3934,1.60,1.60
2010.02.24 08:17:51.621,1.39315,1.3934,1.60,1.00
2010.02.24 08:17:51.891,1.39305,1.3933,6.40,1.60
2010.02.24 08:17:52.538,1.39305,1.3934,3.20,1.00
2010.02.24 08:17:52.810,1.39305,1.3934,2.40,1.00
2010.02.24 08:17:53.457,1.39305,1.3933,1.60,1.60
2010.02.24 08:17:54.145,1.39305,1.3934,2.40,1.00
2010.02.24 08:17:54.391,1.39305,1.3934,3.20,1.00
2010.02.24 08:17:55.809,1.39305,1.3934,4.00,1.00
2010.02.24 08:17:56.337,1.39315,1.3934,1.60,1.00
2010.02.24 08:17:57.570,1.3931,1.3934,1.60,1.00
2010.02.24 08:17:58.090,1.39315,1.3934,1.60,1.00
2010.02.24 08:17:59.524,1.3931,1.3934,2.20,1.00
2010.02.24 08:17:59.859,1.39315,1.3934,1.60,1.00
2010.02.24 08:18:01.255,1.39305,1.3934,2.40,1.00
2010.02.24 08:18:01.448,1.39315,1.3934,1.60,2.60
2010.02.24 08:18:01.619,1.39315,1.3934,1.60,1.00
2010.02.24 08:18:02.425,1.39315,1.39345,1.60,1.00
2010.02.24 08:18:03.031,1.39315,1.39345,1.60,1.00
2010.02.24 08:18:03.391,1.39325,1.39345,1.60,1.00
2010.02.24 08:18:04.138,1.39315,1.39345,1.60,1.00
2010.02.24 08:18:04.489,1.39325,1.39345,1.60,1.00
2010.02.24 08:18:05.280,1.39315,1.3935,1.60,2.40
2010.02.24 08:18:05.620,1.39315,1.39345,1.60,1.60
2010.02.24 08:18:05.956,1.39315,1.3935,1.60,7.40
2010.02.24 08:18:06.573,1.39315,1.39345,1.60,1.00
2010.02.24 08:18:06.930,1.39315,1.39335,1.60,1.60
2010.02.24 08:18:07.445,1.39305,1.39335,5.60,1.60
2010.02.24 08:18:07.623,1.39305,1.39335,1.60,1.80
2010.02.24 08:18:07.913,1.39305,1.39335,1.60,3.40
2010.02.24 08:18:09.806,1.39305,1.39335,3.20,1.00
2010.02.24 08:18:12.037,1.39305,1.39335,1.60,1.80
2010.02.24 08:18:12.237,1.39305,1.3933,1.60,1.00
2010.02.24 08:18:12.420,1.393,1.3933,1.00,1.00
2010.02.24 08:18:13.003,1.393,1.3933,1.00,4.20
2010.02.24 08:18:13.364,1.39295,1.3933,1.60,4.20
2010.02.24 08:18:14.078,1.3929,1.39325,3.20,1.00
2010.02.24 08:18:14.850,1.39285,1.3932,2.40,1.80
2010.02.24 08:18:15.209,1.39285,1.3932,2.40,2.60
2010.02.24 08:18:16.067,1.39285,1.3932,1.60,2.60
2010.02.24 08:18:16.928,1.39285,1.3932,1.60,1.80
2010.02.24 08:18:18.109,1.39295,1.3932,1.60,1.80
2010.02.24 08:18:19.114,1.39285,1.3932,1.60,1.80
2010.02.24 08:18:21.054,1.39285,1.3932,2.40,1.80
2010.02.24 08:18:21.127,1.39285,1.3932,4.00,1.80
2010.02.24 08:18:21.194,1.3929,1.3932,1.00,1.80
2010.02.24 08:18:21.263,1.39295,1.3932,1.60,1.80
2010.02.24 08:18:21.545,1.39295,1.3932,1.60,1.60
2010.02.24 08:18:22.070,1.39295,1.39325,1.60,1.80
2010.02.24 08:18:22.273,1.39295,1.3933,4.40,2.60
2010.02.24 08:18:22.448,1.39295,1.3933,4.40,1.80
2010.02.24 08:18:23.135,1.39295,1.3933,2.40,1.80
2010.02.24 08:18:23.422,1.39295,1.3933,1.60,1.80
2010.02.24 08:18:23.687,1.39295,1.3933,1.60,2.60
2010.02.24 08:18:24.672,1.39295,1.39325,1.60,1.80
2010.02.24 08:18:28.284,1.39295,1.39325,1.60,3.40
2010.02.24 08:18:32.320,1.39285,1.3932,6.30,1.00
2010.02.24 08:18:32.568,1.39285,1.3932,1.60,3.40
2010.02.24 08:18:32.799,1.39285,1.3932,3.90,2.60
2010.02.24 08:18:33.028,1.39285,1.39325,3.90,11.40
2010.02.24 08:18:33.979,1.39285,1.39315,1.60,1.60
2010.02.24 08:18:34.341,1.39285,1.39315,1.60,3.20
2010.02.24 08:18:36.643,1.39285,1.39315,3.20,1.00
2010.02.24 08:18:36.785,1.39285,1.3932,3.90,2.60
2010.02.24 08:18:36.920,1.39285,1.3932,3.90,3.40
2010.02.24 08:18:41.598,1.39285,1.3932,3.80,3.40
2010.02.24 08:18:41.760,1.39285,1.39315,3.80,1.00
2010.02.24 08:18:41.933,1.39285,1.39315,1.60,4.00
2010.02.24 08:18:42.510,1.39295,1.39315,1.00,3.20
2010.02.24 08:18:42.941,1.39295,1.3931,1.00,1.00
2010.02.24 08:18:43.507,1.39295,1.39305,1.00,2.20
2010.02.24 08:18:43.846,1.39285,1.39315,1.60,5.00
2010.02.24 08:18:44.176,1.3928,1.3931,2.30,1.00
2010.02.24 08:18:44.957,1.39285,1.3931,1.60,1.00
2010.02.24 08:18:46.354,1.39285,1.3931,1.60,1.80
2010.02.24 08:18:46.521,1.39275,1.39305,3.90,1.80
2010.02.24 08:18:48.414,1.39275,1.39305,3.90,2.60
2010.02.24 08:18:49.364,1.39275,1.393,3.20,1.00
2010.02.24 08:18:49.564,1.3927,1.39295,1.60,1.60
2010.02.24 08:18:49.764,1.39265,1.39295,3.20,1.60
2010.02.24 08:18:50.492,1.39275,1.39295,2.20,1.60
2010.02.24 08:18:50.777,1.39285,1.39305,1.00,5.00
2010.02.24 08:18:51.947,1.39285,1.39305,1.00,1.80
2010.02.24 08:18:52.306,1.39285,1.39305,1.00,1.00
2010.02.24 08:18:52.488,1.39285,1.39305,1.00,1.80
2010.02.24 08:18:53.208,1.39285,1.39305,1.00,2.60
2010.02.24 08:18:53.628,1.39285,1.39305,1.00,1.60
2010.02.24 08:18:54.469,1.39285,1.3931,2.40,3.40
2010.02.24 08:18:54.829,1.39285,1.393,1.00,1.00
2010.02.24 08:18:55.707,1.39285,1.393,1.00,1.60
2010.02.24 08:18:56.019,1.39285,1.393,1.00,1.60
2010.02.24 08:18:56.790,1.39285,1.39295,1.00,1.60
2010.02.24 08:18:57.953,1.39285,1.393,1.00,1.60
2010.02.24 08:18:58.505,1.39285,1.3931,1.00,5.70
2010.02.24 08:18:58.675,1.39285,1.39305,1.00,1.60
2010.02.24 08:18:58.981,1.39275,1.39305,1.00,1.60
2010.02.24 08:18:59.799,1.3927,1.39305,2.40,4.80
2010.02.24 08:19:00.161,1.3927,1.39305,1.60,4.80
2010.02.24 08:19:01.165,1.39265,1.39305,4.80,6.50
2010.02.24 08:19:01.321,1.39265,1.39305,4.80,7.30
2010.02.24 08:19:02.137,1.39275,1.393,3.20,1.00
2010.02.24 08:19:03.373,1.39275,1.39305,3.20,5.00
2010.02.24 08:19:04.479,1.39275,1.393,3.20,1.00
2010.02.24 08:19:05.909,1.39275,1.39305,4.80,3.20
2010.02.24 08:19:07.254,1.39285,1.39315,4.80,1.00
2010.02.24 08:19:07.462,1.39285,1.3932,4.80,2.30
2010.02.24 08:19:08.375,1.3929,1.3932,1.00,2.30
2010.02.24 08:19:09.688,1.3929,1.39325,4.00,3.20
2010.02.24 08:19:10.644,1.3929,1.39325,3.20,3.20
2010.02.24 08:19:11.234,1.3929,1.39325,4.00,3.20
2010.02.24 08:19:11.538,1.39295,1.39325,1.60,1.60
2010.02.24 08:19:11.899,1.3929,1.39325,4.00,1.60
2010.02.24 08:19:12.676,1.39295,1.3933,4.00,2.30
2010.02.24 08:19:12.805,1.39295,1.3933,4.00,2.00
2010.02.24 08:19:13.394,1.39295,1.3933,4.80,2.00
2010.02.24 08:19:13.545,1.39305,1.39335,1.60,3.80
2010.02.24 08:19:14.148,1.39305,1.39335,1.00,5.40
2010.02.24 08:19:14.884,1.39305,1.39335,1.60,5.00
2010.02.24 08:19:15.446,1.39305,1.39335,1.60,5.40
2010.02.24 08:19:15.702,1.39295,1.39325,6.40,3.20
2010.02.24 08:19:16.395,1.39295,1.39325,5.60,1.60
2010.02.24 08:19:16.695,1.39295,1.39325,6.40,1.60
2010.02.24 08:19:19.706,1.39295,1.3932,1.60,1.00
2010.02.24 08:19:20.238,1.39295,1.39325,1.60,3.20
2010.02.24 08:19:20.562,1.39295,1.39325,1.60,1.60
2010.02.24 08:19:21.932,1.3929,1.3933,5.20,6.20
2010.02.24 08:19:22.125,1.3929,1.3933,5.20,6.20
2010.02.24 08:19:23.271,1.3929,1.3933,5.20,3.80
2010.02.24 08:19:23.403,1.39295,1.3933,1.60,3.80
2010.02.24 08:19:24.113,1.39295,1.3933,1.60,4.60
2010.02.24 08:19:25.657,1.39295,1.3933,2.40,4.60
2010.02.24 08:19:26.015,1.39295,1.3933,3.20,4.60
2010.02.24 08:19:26.149,1.39295,1.3933,3.20,3.80
2010.02.24 08:19:26.215,1.39295,1.39325,3.20,1.60
2010.02.24 08:19:26.978,1.39305,1.3933,1.60,1.00
2010.02.24 08:19:27.707,1.393,1.39335,3.20,1.80
2010.02.24 08:19:27.934,1.393,1.39335,3.20,3.40
2010.02.24 08:19:28.984,1.393,1.39335,3.20,3.40
2010.02.24 08:19:33.674,1.393,1.39335,1.60,3.40
2010.02.24 08:19:33.849,1.393,1.39335,1.60,3.40
2010.02.24 08:19:34.022,1.393,1.3934,3.20,7.80
2010.02.24 08:19:35.136,1.393,1.39335,2.40,1.80
2010.02.24 08:19:35.485,1.393,1.39335,3.20,1.80
2010.02.24 08:19:36.618,1.393,1.39335,1.60,1.80
2010.02.24 08:19:36.722,1.393,1.3934,1.60,7.80
2010.02.24 08:19:37.949,1.39305,1.39335,1.60,1.00
2010.02.24 08:19:39.071,1.39305,1.3934,4.80,1.60
2010.02.24 08:19:39.379,1.39305,1.3934,6.40,1.60
2010.02.24 08:19:40.573,1.39305,1.39345,4.80,5.70
2010.02.24 08:19:41.032,1.39305,1.3934,4.80,1.60
2010.02.24 08:19:41.805,1.39305,1.3934,4.00,1.60
2010.02.24 08:19:42.055,1.39305,1.3934,4.80,1.60
2010.02.24 08:19:42.633,1.39315,1.39335,1.60,1.00
2010.02.24 08:19:42.843,1.39305,1.39345,4.80,3.40
2010.02.24 08:19:43.691,1.39305,1.39345,4.00,3.40
2010.02.24 08:19:45.195,1.39305,1.3934,4.80,1.60
2010.02.24 08:19:45.300,1.39305,1.3934,4.80,1.00
2010.02.24 08:19:45.539,1.39305,1.3934,3.20,1.00
2010.02.24 08:19:46.209,1.39305,1.39335,1.60,1.60
2010.02.24 08:19:46.453,1.39305,1.3933,1.60,1.60
2010.02.24 08:19:47.314,1.39305,1.39335,1.60,5.00
2010.02.24 08:19:48.116,1.39305,1.39335,1.60,3.40
2010.02.24 08:19:48.319,1.39305,1.39335,1.60,5.00
2010.02.24 08:19:49.097,1.39315,1.39335,1.60,1.00
2010.02.24 08:19:49.300,1.39315,1.3934,1.60,1.80
2010.02.24 08:19:50.061,1.39305,1.3934,2.40,1.80
2010.02.24 08:19:50.438,1.39305,1.39345,4.00,1.80
2010.02.24 08:19:51.159,1.39315,1.39345,1.60,1.80
2010.02.24 08:19:51.348,1.39315,1.39345,1.60,1.00
2010.02.24 08:19:57.000,1.39315,1.39345,1.60,1.00
2010.02.24 08:19:57.221,1.39315,1.39345,1.60,1.00
2010.02.24 08:19:57.728,1.39315,1.3935,1.60,1.00
2010.02.24 08:20:01.977,1.39315,1.3935,3.20,1.00
2010.02.24 08:20:02.854,1.39315,1.3935,4.80,1.00
2010.02.24 08:20:05.044,1.39315,1.3935,5.60,1.00
2010.02.24 08:20:05.852,1.39325,1.3936,3.20,3.40
2010.02.24 08:20:06.699,1.39325,1.3936,3.20,1.60
2010.02.24 08:20:10.477,1.39325,1.3936,4.80,1.60
2010.02.24 08:20:14.081,1.39325,1.39345,3.60,1.00
2010.02.24 08:20:14.447,1.39325,1.3937,5.20,5.80
2010.02.24 08:20:14.812,1.39335,1.3937,1.00,4.20
2010.02.24 08:20:15.386,1.39335,1.3937,3.20,3.40
2010.02.24 08:20:16.703,1.39345,1.39365,1.60,1.00
2010.02.24 08:20:16.960,1.3936,1.39405,2.40,1.80
2010.02.24 08:20:17.593,1.39365,1.39405,1.60,1.60
2010.02.24 08:20:19.378,1.3936,1.39385,1.00,3.20
2010.02.24 08:20:19.755,1.3935,1.3938,1.60,1.60
2010.02.24 08:20:20.546,1.3935,1.3938,2.40,2.40
2010.02.24 08:20:23.922,1.3935,1.3938,4.00,2.30
2010.02.24 08:20:24.276,1.39355,1.3939,1.60,1.80
2010.02.24 08:20:26.255,1.39355,1.3939,3.20,1.80
2010.02.24 08:20:26.405,1.39355,1.3939,4.80,1.00
2010.02.24 08:20:27.029,1.39355,1.39395,4.80,5.80
2010.02.24 08:20:29.591,1.39355,1.39395,6.40,5.80
2010.02.24 08:20:29.943,1.39355,1.39395,5.60,5.80
2010.02.24 08:20:30.300,1.39355,1.3939,3.20,1.00
2010.02.24 08:20:30.501,1.39355,1.3939,4.00,1.00
2010.02.24 08:20:30.602,1.39355,1.3939,4.80,1.00
2010.02.24 08:20:31.202,1.39355,1.3939,3.20,1.00
2010.02.24 08:20:31.553,1.39355,1.3939,5.60,1.00
2010.02.24 08:20:32.108,1.39355,1.39385,5.60,1.00
2010.02.24 08:20:34.031,1.39355,1.39385,8.00,1.00
2010.02.24 08:20:34.202,1.39355,1.39385,7.20,1.00
2010.02.24 08:20:34.373,1.39355,1.39385,4.80,1.00
2010.02.24 08:20:37.390,1.39355,1.3939,4.80,1.00
2010.02.24 08:20:40.617,1.39355,1.3939,5.60,1.00
2010.02.24 08:20:40.809,1.39355,1.3939,4.80,1.00
2010.02.24 08:20:41.521,1.3935,1.39385,3.60,1.60
2010.02.24 08:20:41.728,1.3935,1.39385,3.20,1.60
2010.02.24 08:20:43.873,1.3935,1.39385,4.00,1.60
2010.02.24 08:20:44.835,1.3935,1.3939,4.00,3.40
2010.02.24 08:20:45.750,1.39355,1.3939,1.00,3.40
2010.02.24 08:20:46.005,1.3936,1.3939,1.60,1.80
2010.02.24 08:20:46.544,1.39365,1.39395,3.20,4.00
2010.02.24 08:20:46.659,1.39365,1.39395,3.20,1.60
2010.02.24 08:20:47.914,1.3936,1.39395,4.80,4.00
2010.02.24 08:20:48.179,1.39355,1.3939,1.60,1.00
2010.02.24 08:20:48.883,1.3935,1.39385,2.40,5.00
2010.02.24 08:20:49.087,1.3935,1.39385,1.60,6.60
2010.02.24 08:20:49.292,1.3935,1.3938,1.60,1.80
2010.02.24 08:20:51.752,1.3934,1.39375,4.00,2.60
2010.02.24 08:20:51.793,1.3934,1.3937,1.60,1.80
2010.02.24 08:20:57.811,1.3934,1.3937,1.60,1.00
2010.02.24 08:20:58.191,1.3934,1.3937,2.40,1.00
2010.02.24 08:20:58.242,1.39345,1.3937,1.00,1.00
2010.02.24 08:20:58.340,1.3935,1.3937,1.60,1.00
2010.02.24 08:20:58.854,1.39355,1.3938,1.60,1.00
2010.02.24 08:20:59.214,1.39355,1.39385,1.60,3.20
2010.02.24 08:20:59.908,1.39345,1.3938,5.60,1.60
2010.02.24 08:21:00.396,1.39345,1.3938,4.00,1.80
2010.02.24 08:21:00.755,1.39345,1.3938,3.20,3.40
2010.02.24 08:21:01.109,1.39345,1.3938,1.60,3.40
2010.02.24 08:21:01.982,1.39345,1.39375,1.60,1.80
2010.02.24 08:21:02.097,1.39345,1.39375,1.60,3.40
2010.02.24 08:21:04.446,1.3934,1.39375,1.60,3.40
2010.02.24 08:21:06.777,1.3933,1.39365,1.60,3.40
2010.02.24 08:21:06.911,1.3933,1.39365,1.60,3.40
2010.02.24 08:21:07.026,1.3933,1.39365,2.40,3.40
2010.02.24 08:21:07.769,1.3933,1.39365,3.20,3.40
2010.02.24 08:21:09.675,1.39335,1.39365,3.20,1.80
2010.02.24 08:21:10.002,1.39335,1.39365,3.20,1.60
2010.02.24 08:21:12.732,1.39335,1.39365,4.00,1.60
2010.02.24 08:21:12.920,1.39335,1.39365,4.80,1.60
2010.02.24 08:21:13.737,1.39335,1.39365,1.60,3.20
2010.02.24 08:21:13.933,1.3933,1.3936,5.20,1.60
2010.02.24 08:21:14.286,1.3933,1.3936,3.60,1.60
2010.02.24 08:21:14.636,1.3933,1.3936,3.20,1.60
2010.02.24 08:21:15.422,1.39335,1.3936,1.00,1.60
2010.02.24 08:21:15.488,1.39335,1.39365,2.20,1.60
2010.02.24 08:21:15.781,1.39335,1.3937,1.60,1.00
2010.02.24 08:21:16.700,1.39335,1.3936,3.20,1.00
2010.02.24 08:21:16.910,1.39335,1.3936,1.60,1.00
2010.02.24 08:21:17.755,1.39345,1.39365,1.60,2.30
2010.02.24 08:21:17.928,1.39345,1.39375,3.90,1.80
2010.02.24 08:21:18.615,1.3934,1.39375,1.00,4.20
2010.02.24 08:21:18.904,1.39335,1.39375,7.20,4.20
2010.02.24 08:21:21.759,1.39335,1.39375,6.40,4.20
2010.02.24 08:21:26.898,1.39335,1.3937,6.40,1.00
2010.02.24 08:21:26.966,1.39335,1.3937,4.80,1.00
2010.02.24 08:21:27.076,1.39335,1.3937,3.20,1.00
2010.02.24 08:21:27.660,1.39335,1.3937,1.60,1.00
2010.02.24 08:21:27.746,1.39335,1.3937,1.60,1.80
2010.02.24 08:21:28.298,1.39335,1.39365,1.60,1.60
2010.02.24 08:21:29.325,1.39335,1.3937,1.60,1.80
2010.02.24 08:21:29.516,1.39335,1.39365,1.60,1.60
2010.02.24 08:21:30.057,1.39335,1.3937,1.60,1.80
2010.02.24 08:21:30.703,1.39335,1.3937,2.20,1.80
2010.02.24 08:21:32.061,1.39335,1.39365,2.20,1.60
2010.02.24 08:21:34.556,1.39325,1.3936,5.60,1.60
2010.02.24 08:21:34.915,1.39325,1.39355,1.60,1.80
2010.02.24 08:21:35.617,1.3932,1.3935,2.20,1.80
2010.02.24 08:21:35.810,1.3932,1.3935,2.20,1.00
2010.02.24 08:21:37.687,1.3932,1.39345,2.20,1.60
2010.02.24 08:21:38.419,1.3932,1.3935,2.20,1.00
2010.02.24 08:21:46.418,1.39325,1.39355,1.60,1.80
2010.02.24 08:21:46.612,1.39325,1.39355,1.60,1.80
2010.02.24 08:21:47.897,1.39335,1.39365,3.20,5.80
2010.02.24 08:21:48.044,1.39335,1.39365,3.20,1.80
2010.02.24 08:21:48.187,1.39335,1.39365,3.20,1.60
2010.02.24 08:21:51.442,1.3935,1.39375,1.00,2.20
2010.02.24 08:21:52.006,1.39355,1.39375,6.40,1.00
2010.02.24 08:21:52.279,1.39355,1.39375,4.80,1.00
2010.02.24 08:21:52.818,1.39355,1.394,4.80,3.40
2010.02.24 08:21:52.995,1.3936,1.394,1.60,3.40
2010.02.24 08:21:53.645,1.3936,1.394,1.60,3.20
2010.02.24 08:21:54.173,1.3936,1.39395,1.60,1.60
2010.02.24 08:21:59.834,1.3936,1.39395,1.60,1.60
2010.02.24 08:22:01.349,1.3936,1.39395,3.20,1.60
2010.02.24 08:22:02.991,1.3936,1.39395,4.00,1.60
2010.02.24 08:22:04.728,1.3936,1.39395,3.20,1.60
2010.02.24 08:22:07.185,1.3936,1.39395,4.00,1.60
2010.02.24 08:22:07.284,1.39365,1.39395,1.00,1.60
2010.02.24 08:22:07.312,1.39365,1.394,1.00,1.80
2010.02.24 08:22:07.354,1.39365,1.394,1.60,1.00
2010.02.24 08:22:08.004,1.39365,1.39405,8.70,2.60
2010.02.24 08:22:08.332,1.3936,1.39395,4.00,1.60
2010.02.24 08:22:08.656,1.3936,1.39395,3.20,1.80
2010.02.24 08:22:08.878,1.3936,1.39395,1.60,1.80
2010.02.24 08:22:09.097,1.3936,1.39395,4.00,1.80
2010.02.24 08:22:09.313,1.3936,1.39395,4.70,1.80
2010.02.24 08:22:09.834,1.3936,1.394,4.70,1.80
2010.02.24 08:22:10.191,1.39365,1.394,3.20,1.80
2010.02.24 08:22:10.544,1.39365,1.394,7.10,1.80
2010.02.24 08:22:16.636,1.3937,1.394,1.60,1.80
2010.02.24 08:22:16.786,1.3937,1.39405,3.10,3.40
2010.02.24 08:22:18.127,1.39375,1.39405,1.00,3.40
2010.02.24 08:22:18.223,1.39375,1.39405,2.30,1.80
2010.02.24 08:22:18.757,1.39375,1.3941,3.10,1.80
2010.02.24 08:22:18.815,1.3938,1.3941,1.60,1.80
2010.02.24 08:22:23.057,1.3938,1.3941,1.60,1.00
2010.02.24 08:22:23.349,1.3938,1.3941,1.60,1.00
2010.02.24 08:22:24.097,1.39385,1.3941,1.60,1.00
2010.02.24 08:22:24.461,1.3938,1.3941,2.40,1.00
2010.02.24 08:22:25.961,1.3938,1.39405,2.40,1.00
2010.02.24 08:22:26.547,1.39385,1.39405,1.00,1.00
2010.02.24 08:22:26.608,1.39385,1.3941,1.00,1.00
2010.02.24 08:22:27.209,1.39395,1.39415,2.00,1.00
2010.02.24 08:22:27.298,1.3939,1.39415,2.00,1.00
2010.02.24 08:22:27.818,1.3939,1.3942,2.80,1.00
2010.02.24 08:22:28.180,1.3939,1.3942,2.00,1.00
2010.02.24 08:22:31.456,1.39395,1.3942,1.00,1.00
2010.02.24 08:22:31.494,1.39395,1.3942,2.00,1.00
2010.02.24 08:22:32.101,1.39395,1.39425,3.60,1.80
2010.02.24 08:22:32.749,1.394,1.39425,1.60,1.80
2010.02.24 08:22:33.052,1.394,1.3943,2.00,1.80
2010.02.24 08:22:34.035,1.394,1.39435,2.00,3.40
2010.02.24 08:22:35.107,1.394,1.39435,2.00,3.40
2010.02.24 08:22:36.533,1.39395,1.39425,4.40,1.00
2010.02.24 08:22:36.703,1.39395,1.39425,3.60,1.00
2010.02.24 08:22:37.025,1.39395,1.39425,2.00,1.60
2010.02.24 08:22:37.185,1.39395,1.39425,2.00,1.80
2010.02.24 08:22:37.341,1.39395,1.39425,2.00,1.00
2010.02.24 08:22:40.327,1.39395,1.39425,3.60,1.00
2010.02.24 08:22:41.026,1.39395,1.39425,2.00,1.00
2010.02.24 08:22:41.266,1.39395,1.39425,1.00,2.60
2010.02.24 08:22:41.507,1.39395,1.39425,1.00,3.40
2010.02.24 08:22:42.009,1.39395,1.39425,1.00,5.00
2010.02.24 08:22:42.230,1.39395,1.39425,1.00,7.40
2010.02.24 08:22:42.912,1.39385,1.39425,5.20,7.40
2010.02.24 08:22:44.373,1.39385,1.3943,5.20,14.20
2010.02.24 08:22:44.678,1.39385,1.39425,5.20,5.00
2010.02.24 08:22:45.611,1.39395,1.39425,1.60,2.60
2010.02.24 08:22:45.752,1.39395,1.39425,1.60,1.80
2010.02.24 08:22:47.295,1.39395,1.39425,1.60,1.80
2010.02.24 08:22:48.279,1.39395,1.39425,1.60,1.00
2010.02.24 08:22:48.462,1.39395,1.3943,3.20,1.00
2010.02.24 08:22:55.655,1.39395,1.3943,3.20,1.00
2010.02.24 08:22:56.593,1.39395,1.3943,1.60,2.60
2010.02.24 08:22:57.555,1.394,1.3943,1.60,1.80
2010.02.24 08:22:59.870,1.39405,1.3943,1.60,1.80
2010.02.24 08:23:02.316,1.394,1.3943,1.60,1.80
2010.02.24 08:23:02.506,1.39415,1.39435,1.60,1.00
2010.02.24 08:23:02.689,1.39415,1.39435,3.20,1.00
2010.02.24 08:23:03.484,1.3941,1.39435,1.00,1.80
2010.02.24 08:23:04.280,1.39405,1.39435,3.20,1.80
2010.02.24 08:23:04.634,1.39405,1.39435,3.20,1.00
2010.02.24 08:23:05.492,1.39405,1.39435,1.60,1.80
2010.02.24 08:23:06.020,1.3942,1.3945,1.60,1.00
2010.02.24 08:23:08.364,1.3944,1.39455,1.60,1.00
2010.02.24 08:23:08.572,1.3945,1.3949,1.60,1.00
2010.02.24 08:23:09.343,1.3945,1.3949,1.60,1.00
2010.02.24 08:23:09.929,1.39445,1.39475,4.00,1.00
2010.02.24 08:23:10.298,1.39445,1.39475,2.40,1.60
2010.02.24 08:23:12.313,1.39445,1.3948,4.00,2.60
2010.02.24 08:23:12.505,1.39445,1.3948,3.20,1.00
2010.02.24 08:23:13.143,1.39445,1.3948,3.20,1.00
2010.02.24 08:23:13.399,1.39445,1.3948,4.00,1.00
2010.02.24 08:23:13.651,1.39445,1.39485,3.20,8.30
2010.02.24 08:23:14.383,1.39445,1.39485,3.20,9.80
2010.02.24 08:23:14.713,1.39455,1.39485,1.60,4.20
2010.02.24 08:23:15.341,1.39445,1.39485,7.20,4.20
2010.02.24 08:23:15.715,1.39445,1.39475,4.80,1.60
2010.02.24 08:23:16.582,1.39445,1.39475,1.60,3.20
2010.02.24 08:23:18.518,1.39445,1.39465,1.60,1.00
2010.02.24 08:23:20.571,1.39445,1.3946,1.60,1.00
2010.02.24 08:23:20.919,1.39435,1.39465,5.60,1.60
2010.02.24 08:23:21.573,1.39435,1.3946,4.00,1.00
2010.02.24 08:23:21.803,1.39435,1.3946,1.00,1.00
2010.02.24 08:23:22.503,1.39425,1.3946,4.00,1.00
2010.02.24 08:23:23.052,1.39425,1.3946,4.00,1.00
2010.02.24 08:23:23.586,1.39425,1.3946,4.00,1.00
2010.02.24 08:23:23.683,1.39425,1.39455,2.40,1.60
2010.02.24 08:23:23.848,1.39425,1.39455,2.40,1.80
2010.02.24 08:23:24.413,1.3943,1.39455,1.60,1.00
2010.02.24 08:23:24.798,1.39425,1.39455,1.60,1.80
2010.02.24 08:23:25.608,1.39425,1.39455,1.60,1.80
2010.02.24 08:23:26.765,1.39425,1.39455,1.60,1.00
2010.02.24 08:23:27.000,1.3942,1.39455,4.00,3.40
2010.02.24 08:23:27.879,1.39415,1.39445,1.00,1.60
2010.02.24 08:23:28.083,1.3941,1.39445,5.60,1.60
2010.02.24 08:23:28.915,1.39415,1.39445,4.00,1.60
2010.02.24 08:23:29.947,1.39415,1.39445,3.20,1.60
2010.02.24 08:23:30.511,1.3941,1.39435,1.00,1.60
2010.02.24 08:23:30.797,1.39405,1.39435,7.10,1.60
2010.02.24 08:23:31.428,1.39415,1.3944,3.20,1.80
2010.02.24 08:23:31.733,1.39415,1.39435,1.00,1.00
2010.02.24 08:23:32.523,1.3942,1.3944,1.60,1.00
2010.02.24 08:23:33.410,1.3942,1.39445,1.60,1.00
2010.02.24 08:23:35.094,1.39415,1.39445,7.20,1.60
2010.02.24 08:23:35.296,1.39415,1.3944,6.40,1.00
2010.02.24 08:23:35.996,1.39415,1.3945,7.20,1.00
2010.02.24 08:23:36.201,1.3941,1.3945,16.60,1.00
2010.02.24 08:23:37.002,1.39415,1.39445,8.00,1.00
2010.02.24 08:23:37.593,1.39415,1.39445,8.00,1.00
2010.02.24 08:23:37.834,1.39415,1.39445,10.40,1.00
2010.02.24 08:23:38.857,1.39415,1.39445,8.00,1.00
2010.02.24 08:23:39.717,1.39415,1.39445,8.80,1.00
2010.02.24 08:23:41.689,1.39415,1.3944,8.60,1.00
2010.02.24 08:23:42.248,1.39415,1.39455,7.90,3.40
2010.02.24 08:23:42.348,1.39415,1.39455,8.70,1.80
2010.02.24 08:23:42.446,1.3942,1.3946,1.60,10.40
2010.02.24 08:23:42.954,1.3942,1.3946,1.60,8.00
2010.02.24 08:23:46.077,1.3942,1.39455,1.60,2.00
2010.02.24 08:23:46.327,1.3942,1.39455,1.60,3.40
2010.02.24 08:23:47.677,1.39415,1.39455,8.60,3.40
2010.02.24 08:23:47.980,1.39415,1.39455,8.00,5.40
2010.02.24 08:23:48.873,1.39415,1.39455,7.20,5.40
2010.02.24 08:23:49.128,1.39415,1.39455,7.20,5.40
2010.02.24 08:23:49.245,1.39425,1.3945,1.60,1.00
2010.02.24 08:23:49.597,1.3942,1.3945,1.00,1.00
2010.02.24 08:23:50.490,1.39415,1.39445,5.60,1.00
2010.02.24 08:23:51.030,1.39415,1.39445,7.20,1.60
2010.02.24 08:23:51.383,1.3941,1.39445,6.00,1.60
2010.02.24 08:23:52.060,1.39415,1.3945,1.60,1.80
2010.02.24 08:23:52.275,1.3941,1.39445,3.60,4.80
2010.02.24 08:23:52.922,1.39405,1.39445,4.80,5.40
2010.02.24 08:23:53.909,1.39405,1.39445,4.80,6.20
2010.02.24 08:23:54.205,1.39405,1.39445,4.80,6.20
2010.02.24 08:23:54.977,1.3941,1.39445,2.40,1.00
2010.02.24 08:23:55.332,1.3941,1.3945,6.20,1.00
2010.02.24 08:23:55.702,1.39415,1.3945,1.60,1.00
2010.02.24 08:23:56.467,1.39415,1.39455,6.40,5.70
2010.02.24 08:23:56.753,1.39415,1.39455,7.20,5.70
2010.02.24 08:23:56.958,1.39415,1.39455,7.20,5.80
2010.02.24 08:23:57.465,1.39415,1.39455,7.20,5.40
2010.02.24 08:24:00.243,1.3942,1.39455,2.40,3.40
2010.02.24 08:24:00.614,1.39425,1.39455,2.40,3.40
2010.02.24 08:24:00.981,1.39425,1.39455,4.70,1.60
2010.02.24 08:24:01.599,1.39425,1.39455,3.90,1.60
2010.02.24 08:24:01.775,1.3943,1.39455,2.00,1.60
2010.02.24 08:24:03.458,1.39435,1.3946,2.00,1.00
2010.02.24 08:24:03.582,1.39435,1.3946,1.60,1.00
2010.02.24 08:24:13.202,1.39435,1.39465,3.60,4.20
2010.02.24 08:24:13.469,1.3944,1.3946,1.60,1.00
2010.02.24 08:24:14.015,1.3943,1.3946,5.50,1.00
2010.02.24 08:24:14.387,1.39435,1.3946,1.60,1.00
2010.02.24 08:24:15.566,1.39425,1.39455,3.90,1.60
2010.02.24 08:24:17.672,1.39435,1.39455,1.60,1.00
2010.02.24 08:24:17.759,1.39435,1.3946,1.60,3.30
2010.02.24 08:24:18.962,1.39435,1.3946,1.60,1.70
2010.02.24 08:24:19.089,1.3945,1.39495,1.60,1.60
2010.02.24 08:24:19.604,1.3945,1.39495,1.60,1.60
2010.02.24 08:24:21.113,1.39465,1.3949,1.60,1.60
2010.02.24 08:24:21.358,1.39465,1.39495,3.20,3.40
2010.02.24 08:24:22.425,1.39465,1.39495,3.20,3.20
2010.02.24 08:24:22.787,1.39465,1.39495,4.00,1.60
2010.02.24 08:24:23.614,1.39475,1.395,1.60,2.20
2010.02.24 08:24:23.774,1.3948,1.39505,1.00,1.60
2010.02.24 08:24:23.938,1.3948,1.3951,1.50,1.00
2010.02.24 08:24:24.595,1.39485,1.39515,1.60,1.80
2010.02.24 08:24:26.627,1.39485,1.39515,4.00,1.60
2010.02.24 08:24:28.425,1.39485,1.39505,1.00,1.60
2010.02.24 08:24:29.107,1.39485,1.39515,2.40,1.80
2010.02.24 08:24:29.770,1.39485,1.39515,4.00,1.80
2010.02.24 08:24:30.006,1.3949,1.39515,1.00,1.60
2010.02.24 08:24:34.840,1.39485,1.39515,2.40,1.60
2010.02.24 08:24:36.058,1.39485,1.39515,2.40,1.00
2010.02.24 08:24:36.832,1.39485,1.3952,4.00,1.80
2010.02.24 08:24:37.171,1.39485,1.39515,4.00,1.60
2010.02.24 08:24:37.504,1.39495,1.39525,1.60,5.00
2010.02.24 08:24:38.272,1.39495,1.39525,3.20,3.40
2010.02.24 08:24:38.498,1.39495,1.39525,1.00,3.40
2010.02.24 08:24:38.702,1.3949,1.39525,1.60,3.40
2010.02.24 08:24:38.911,1.3949,1.39525,1.60,4.20
2010.02.24 08:24:39.949,1.39495,1.3952,2.20,1.80
2010.02.24 08:24:40.315,1.395,1.3952,2.20,1.00
2010.02.24 08:24:40.672,1.395,1.39525,2.20,3.40
2010.02.24 08:24:41.775,1.39495,1.39525,2.40,3.40
2010.02.24 08:24:42.035,1.39495,1.39525,4.00,3.40
2010.02.24 08:24:43.664,1.3949,1.3952,1.60,1.00
2010.02.24 08:24:43.805,1.3949,1.3952,1.60,2.60
2010.02.24 08:24:43.950,1.3949,1.39515,1.60,1.60
2010.02.24 08:24:44.774,1.3949,1.39505,1.60,1.00
2010.02.24 08:24:45.159,1.3949,1.39505,1.60,1.60
2010.02.24 08:24:45.977,1.3949,1.39515,1.60,4.20
2010.02.24 08:24:46.284,1.3949,1.39515,1.60,3.40
2010.02.24 08:24:47.203,1.3949,1.39515,1.60,3.40
2010.02.24 08:24:47.726,1.39485,1.39505,1.00,1.60
2010.02.24 08:24:47.840,1.3948,1.39505,1.60,1.60
2010.02.24 08:24:48.556,1.3949,1.39505,1.60,1.60
2010.02.24 08:24:49.106,1.3949,1.3951,1.60,1.00
2010.02.24 08:24:49.368,1.39495,1.3951,2.20,1.00
2010.02.24 08:24:49.617,1.39495,1.39515,2.20,3.40
2010.02.24 08:24:50.816,1.39495,1.39515,1.60,3.40
2010.02.24 08:24:51.597,1.39495,1.39515,1.60,1.60
2010.02.24 08:24:52.247,1.3949,1.39515,1.00,1.60
2010.02.24 08:24:52.462,1.39485,1.39515,4.00,1.60
2010.02.24 08:24:58.227,1.39485,1.39515,2.40,3.40
2010.02.24 08:24:58.818,1.39485,1.3951,1.00,1.00
2010.02.24 08:24:59.127,1.3948,1.39505,2.40,1.60
2010.02.24 08:25:03.962,1.3948,1.39505,1.60,1.00
2010.02.24 08:25:04.622,1.3948,1.39495,1.00,3.20
2010.02.24 08:25:04.801,1.3947,1.3949,1.00,1.60
2010.02.24 08:25:05.409,1.39455,1.39485,2.40,1.60
2010.02.24 08:25:06.258,1.3947,1.39485,1.60,1.60
2010.02.24 08:25:06.618,1.3947,1.39495,1.60,1.80
2010.02.24 08:25:08.025,1.3947,1.39495,1.60,1.60
2010.02.24 08:25:09.559,1.3948,1.395,1.60,1.00
2010.02.24 08:25:09.923,1.3948,1.39505,1.60,1.60
2010.02.24 08:25:11.843,1.3948,1.39505,1.60,1.60
2010.02.24 08:25:16.984,1.3948,1.3951,1.60,3.40
2010.02.24 08:25:17.118,1.39475,1.3951,2.40,3.40
2010.02.24 08:25:17.258,1.39475,1.3951,1.60,3.40
2010.02.24 08:25:18.088,1.39475,1.3951,1.60,3.40
2010.02.24 08:25:18.185,1.3947,1.39505,4.40,1.60
2010.02.24 08:25:18.285,1.3947,1.39505,1.20,3.40
2010.02.24 08:25:18.390,1.3947,1.39505,1.00,3.40
2010.02.24 08:25:19.991,1.39465,1.39505,9.20,3.40
2010.02.24 08:25:20.301,1.3947,1.39505,1.00,3.40
2010.02.24 08:25:20.610,1.3947,1.39505,2.80,1.60
2010.02.24 08:25:20.921,1.39475,1.3951,1.60,1.80
2010.02.24 08:25:22.901,1.3947,1.39505,5.20,1.60
2010.02.24 08:25:23.080,1.39475,1.39505,1.00,1.60
2010.02.24 08:25:23.735,1.39475,1.39505,1.00,4.00
2010.02.24 08:25:24.057,1.39475,1.39505,1.60,4.00
2010.02.24 08:25:24.866,1.3947,1.39505,2.00,4.00
2010.02.24 08:25:25.264,1.3947,1.39495,1.00,1.60
2010.02.24 08:25:27.152,1.3947,1.39495,1.00,1.60
2010.02.24 08:25:28.142,1.39465,1.39495,3.20,1.70
2010.02.24 08:25:28.513,1.39465,1.395,3.60,1.00
2010.02.24 08:25:31.889,1.3947,1.395,1.00,1.00
2010.02.24 08:25:32.052,1.3947,1.39495,1.00,1.60
2010.02.24 08:25:32.139,1.3947,1.39495,2.40,1.60
2010.02.24 08:25:35.637,1.3947,1.39495,2.40,1.60
2010.02.24 08:25:38.319,1.3947,1.39495,1.60,1.60
2010.02.24 08:25:44.255,1.39465,1.3949,1.60,1.60
2010.02.24 08:25:44.332,1.39465,1.3949,1.60,2.40
2010.02.24 08:25:44.957,1.39455,1.3949,6.00,2.40
2010.02.24 08:25:45.050,1.39455,1.3949,5.20,1.60
2010.02.24 08:25:45.707,1.39455,1.3949,5.20,2.40
2010.02.24 08:25:45.789,1.3946,1.3949,1.10,1.00
2010.02.24 08:25:46.143,1.3946,1.39495,1.10,2.60
2010.02.24 08:25:47.000,1.3946,1.3949,1.00,1.00
2010.02.24 08:25:47.335,1.3946,1.39495,1.00,4.60
2010.02.24 08:25:48.113,1.39465,1.39495,1.60,1.20
2010.02.24 08:25:48.857,1.39465,1.395,2.70,1.80
2010.02.24 08:25:49.140,1.39465,1.395,2.80,1.80
2010.02.24 08:25:50.935,1.39465,1.395,2.60,1.80
2010.02.24 08:25:51.238,1.39465,1.395,5.80,1.00
2010.02.24 08:25:56.662,1.39465,1.395,5.20,1.00
2010.02.24 08:25:57.915,1.39475,1.39505,3.20,7.80
2010.02.24 08:25:58.389,1.39475,1.39505,3.20,6.60
2010.02.24 08:25:58.991,1.39475,1.3949,1.60,1.60
2010.02.24 08:25:59.692,1.39465,1.395,2.00,7.40
2010.02.24 08:25:59.986,1.39465,1.395,2.00,1.80
2010.02.24 08:26:11.107,1.3947,1.395,1.00,1.80
2010.02.24 08:26:11.303,1.39475,1.395,3.20,1.00
2010.02.24 08:26:17.228,1.39475,1.39505,3.20,6.60
2010.02.24 08:26:18.057,1.39475,1.395,3.20,1.00
2010.02.24 08:26:19.694,1.3948,1.39505,1.00,6.60
2010.02.24 08:26:19.894,1.39475,1.395,3.20,1.00
2010.02.24 08:26:24.017,1.39475,1.39505,1.60,6.60
2010.02.24 08:26:24.234,1.39475,1.39505,3.20,6.60
2010.02.24 08:26:25.133,1.39475,1.39505,3.60,5.00
2010.02.24 08:26:25.493,1.39475,1.39505,4.40,3.20
2010.02.24 08:26:25.853,1.39475,1.39505,3.60,3.20
2010.02.24 08:26:26.574,1.3948,1.39505,1.60,1.60
2010.02.24 08:26:28.062,1.3948,1.39495,1.60,1.00
2010.02.24 08:26:28.150,1.39475,1.39495,1.00,1.00
2010.02.24 08:26:28.718,1.3947,1.39495,5.20,1.00
2010.02.24 08:26:28.850,1.39475,1.39505,4.00,3.40
2010.02.24 08:26:28.969,1.3948,1.39505,1.60,3.40
2010.02.24 08:26:30.477,1.3947,1.39495,2.40,1.60
2010.02.24 08:26:31.694,1.3947,1.3949,1.00,1.00
2010.02.24 08:26:32.356,1.39465,1.3949,4.00,1.00
2010.02.24 08:26:32.597,1.3947,1.39495,1.60,1.80
2010.02.24 08:26:35.777,1.3947,1.39495,1.60,1.00
2010.02.24 08:26:36.103,1.39475,1.395,1.60,1.80
2010.02.24 08:26:36.597,1.39475,1.395,3.60,1.60
2010.02.24 08:26:36.936,1.3948,1.39505,1.60,3.40
2010.02.24 08:26:37.346,1.3948,1.39505,1.60,1.60
2010.02.24 08:26:40.182,1.39475,1.39495,2.00,1.00
2010.02.24 08:26:40.755,1.3948,1.395,1.60,1.00
2010.02.24 08:26:41.070,1.3948,1.39505,1.60,1.60
2010.02.24 08:26:42.607,1.3948,1.39495,1.60,1.00
2010.02.24 08:26:43.154,1.3947,1.39495,3.20,1.00
2010.02.24 08:26:43.429,1.3947,1.39495,2.40,1.00
2010.02.24 08:26:43.699,1.3947,1.395,2.40,2.60
2010.02.24 08:26:43.973,1.39475,1.39495,2.40,1.60
2010.02.24 08:26:44.624,1.3948,1.39495,1.60,1.60
2010.02.24 08:26:45.165,1.3948,1.395,1.60,1.00
2010.02.24 08:26:46.588,1.3948,1.3949,1.60,1.00
2010.02.24 08:26:47.431,1.39455,1.39485,1.60,1.60
2010.02.24 08:26:47.658,1.39455,1.39485,1.60,1.60
2010.02.24 08:26:49.218,1.3946,1.39495,2.00,6.60
2010.02.24 08:26:50.470,1.3946,1.39485,2.00,1.60
2010.02.24 08:26:51.331,1.39455,1.3948,1.60,1.00
2010.02.24 08:26:51.534,1.3945,1.39465,2.00,1.00
2010.02.24 08:26:52.219,1.39445,1.39465,1.60,1.00
2010.02.24 08:26:53.524,1.3944,1.39465,4.00,1.00
2010.02.24 08:26:53.637,1.39445,1.39475,1.00,4.80
2010.02.24 08:26:53.744,1.3945,1.39475,1.60,2.40
2010.02.24 08:26:53.860,1.3945,1.3947,1.60,1.00
2010.02.24 08:26:54.075,1.39445,1.39465,1.60,1.00
2010.02.24 08:26:55.519,1.39435,1.3946,7.20,1.00
2010.02.24 08:26:55.888,1.39445,1.3947,1.60,3.10
2010.02.24 08:26:56.988,1.39445,1.39485,6.40,6.60
2010.02.24 08:26:57.234,1.3945,1.39485,1.60,5.00
2010.02.24 08:26:57.914,1.3945,1.39485,1.60,4.20
2010.02.24 08:26:59.060,1.39455,1.39485,1.60,1.80
2010.02.24 08:26:59.874,1.3945,1.39485,1.00,3.40
2010.02.24 08:27:00.112,1.3945,1.39485,1.20,4.20
2010.02.24 08:27:00.413,1.3945,1.39485,1.20,5.00
2010.02.24 08:27:01.290,1.3945,1.39485,1.00,5.00
2010.02.24 08:27:01.641,1.3945,1.39485,1.00,5.00
2010.02.24 08:27:02.211,1.3945,1.3948,1.00,1.80
2010.02.24 08:27:02.407,1.3944,1.3948,4.80,2.60
2010.02.24 08:27:05.441,1.3944,1.3948,5.60,2.60
2010.02.24 08:27:05.782,1.3944,1.3948,6.40,2.60
2010.02.24 08:27:06.102,1.39445,1.3948,1.60,2.60
2010.02.24 08:27:07.426,1.39445,1.3948,1.60,1.80
2010.02.24 08:27:09.215,1.3944,1.3948,6.40,1.80
2010.02.24 08:27:09.628,1.3945,1.39475,1.60,1.60
2010.02.24 08:27:10.824,1.3945,1.39475,1.60,2.40
2010.02.24 08:27:11.675,1.3946,1.39485,1.00,1.80
2010.02.24 08:27:11.940,1.39455,1.39485,1.60,3.40
2010.02.24 08:27:14.581,1.39455,1.39485,1.60,4.20
2010.02.24 08:27:14.845,1.39455,1.39485,1.60,3.40
2010.02.24 08:27:17.690,1.3945,1.39475,1.60,1.60
2010.02.24 08:27:18.496,1.39455,1.39475,1.00,1.60
2010.02.24 08:27:18.856,1.39455,1.39475,2.00,1.60
2010.02.24 08:27:19.996,1.39455,1.3948,1.60,1.00
2010.02.24 08:27:20.352,1.39455,1.39475,2.00,1.60
2010.02.24 08:27:21.515,1.39455,1.39485,2.00,3.40
2010.02.24 08:27:22.263,1.39455,1.39485,3.60,3.40
2010.02.24 08:27:22.542,1.39455,1.39485,3.60,4.20
2010.02.24 08:27:23.016,1.39455,1.39485,3.60,3.40
2010.02.24 08:27:25.869,1.3945,1.39475,1.60,1.60
2010.02.24 08:27:26.763,1.39445,1.39475,3.60,1.60
2010.02.24 08:27:26.958,1.3945,1.39475,1.60,1.60
2010.02.24 08:27:27.825,1.39455,1.39475,1.60,1.60
2010.02.24 08:27:27.941,1.3946,1.39475,1.60,1.60
2010.02.24 08:27:28.252,1.3946,1.39485,2.00,5.80
2010.02.24 08:27:28.808,1.3946,1.39485,2.00,3.40
2010.02.24 08:27:30.114,1.3946,1.39485,2.00,4.20
2010.02.24 08:27:30.405,1.3946,1.39485,2.00,3.40
2010.02.24 08:27:31.707,1.3946,1.39485,2.00,3.50
2010.02.24 08:27:32.228,1.3946,1.39475,1.60,1.60
2010.02.24 08:27:32.434,1.39435,1.39475,3.20,1.60
2010.02.24 08:27:32.625,1.3943,1.39475,5.20,1.60
2010.02.24 08:27:32.817,1.3943,1.39475,5.20,3.40
2010.02.24 08:27:33.464,1.39445,1.39475,2.00,3.40
2010.02.24 08:27:33.806,1.39445,1.39475,1.00,3.40
2010.02.24 08:27:34.795,1.39445,1.39465,1.00,1.60
2010.02.24 08:27:41.181,1.3944,1.39465,3.60,1.60
2010.02.24 08:27:46.833,1.3944,1.39455,3.20,1.60
2010.02.24 08:27:47.054,1.3943,1.39455,4.40,1.60
2010.02.24 08:27:47.271,1.3943,1.39455,2.80,1.60
2010.02.24 08:27:47.482,1.3943,1.39455,1.20,1.60
2010.02.24 08:27:48.094,1.39425,1.39455,8.00,1.60
2010.02.24 08:27:49.843,1.39425,1.39455,7.20,1.60
2010.02.24 08:27:50.417,1.39435,1.39455,1.00,1.60
2010.02.24 08:27:51.950,1.39425,1.39455,1.60,1.60
2010.02.24 08:27:53.162,1.39425,1.39455,1.60,3.20
2010.02.24 08:27:53.398,1.39425,1.3945,1.60,1.00
2010.02.24 08:27:53.632,1.3942,1.39445,3.20,1.60
2010.02.24 08:27:54.338,1.3942,1.39445,1.00,1.60
2010.02.24 08:27:54.672,1.39415,1.39445,4.80,1.60
2010.02.24 08:27:55.042,1.3942,1.39445,1.00,1.60
2010.02.24 08:27:55.814,1.39415,1.39445,4.80,1.60
2010.02.24 08:27:58.563,1.39415,1.39445,5.20,1.60
2010.02.24 08:27:58.731,1.39425,1.39445,1.00,1.60
2010.02.24 08:27:58.911,1.3942,1.39445,1.60,1.60
2010.02.24 08:27:59.524,1.3942,1.39455,1.60,4.00
2010.02.24 08:27:59.909,1.3942,1.39455,1.60,1.60
2010.02.24 08:28:00.444,1.3942,1.39455,1.60,1.60
2010.02.24 08:28:02.019,1.3942,1.39455,3.20,1.60
2010.02.24 08:28:02.795,1.3942,1.3945,3.20,1.00
2010.02.24 08:28:04.268,1.39425,1.39445,1.00,1.60
2010.02.24 08:28:04.864,1.39425,1.39455,3.60,3.40
2010.02.24 08:28:05.166,1.39425,1.39455,3.60,5.00
2010.02.24 08:28:05.958,1.39425,1.3945,1.60,1.00
2010.02.24 08:28:08.138,1.39425,1.3945,4.80,1.00
2010.02.24 08:28:08.286,1.39425,1.39455,5.20,1.60
2010.02.24 08:28:08.895,1.3943,1.39465,2.40,5.80
2010.02.24 08:28:09.027,1.3943,1.39465,2.40,3.40
2010.02.24 08:28:09.871,1.39435,1.39465,1.60,4.20
2010.02.24 08:28:10.260,1.39435,1.39465,5.20,1.60
2010.02.24 08:28:10.929,1.39435,1.39465,5.20,1.60
2010.02.24 08:28:11.217,1.39435,1.39465,3.20,3.20
2010.02.24 08:28:17.610,1.39435,1.39455,1.60,3.20
2010.02.24 08:28:17.656,1.3943,1.39455,5.60,4.80
2010.02.24 08:28:17.695,1.3943,1.39455,2.40,4.80
2010.02.24 08:28:17.749,1.39435,1.39455,1.00,4.80
2010.02.24 08:28:18.280,1.39435,1.39465,1.00,3.40
2010.02.24 08:28:18.321,1.3943,1.39455,2.40,1.60
2010.02.24 08:28:18.470,1.39435,1.39455,1.00,1.60
2010.02.24 08:28:18.512,1.39435,1.39465,1.60,1.80
2010.02.24 08:28:18.865,1.39435,1.39465,2.00,1.80
2010.02.24 08:28:19.385,1.39435,1.39465,1.60,3.40
2010.02.24 08:28:19.759,1.39435,1.39465,3.60,1.80
2010.02.24 08:28:20.938,1.39435,1.39465,1.60,3.40
2010.02.24 08:28:21.234,1.3943,1.39455,2.40,1.60
2010.02.24 08:28:24.889,1.3943,1.39465,2.40,3.40
2010.02.24 08:28:26.504,1.3943,1.39465,3.20,3.40
2010.02.24 08:28:26.852,1.3943,1.39465,5.60,3.40
2010.02.24 08:28:30.986,1.3943,1.39465,5.60,3.40
2010.02.24 08:28:32.521,1.3943,1.39465,5.60,4.20
2010.02.24 08:28:33.087,1.3943,1.39465,5.60,5.00
2010.02.24 08:28:33.440,1.3943,1.39465,5.60,3.40
2010.02.24 08:28:35.666,1.3943,1.39455,5.60,1.60
2010.02.24 08:28:37.124,1.3943,1.39455,5.60,1.60
2010.02.24 08:28:37.315,1.3943,1.39465,3.20,3.40
2010.02.24 08:28:39.376,1.3943,1.39465,4.00,3.40
2010.02.24 08:28:39.521,1.3943,1.39465,5.60,3.40
2010.02.24 08:28:40.274,1.3943,1.39465,5.60,3.40
2010.02.24 08:28:43.452,1.3943,1.39455,5.60,1.60
2010.02.24 08:28:43.651,1.3943,1.39455,5.60,1.60
2010.02.24 08:28:43.846,1.3943,1.39455,2.40,1.60
2010.02.24 08:28:45.966,1.3943,1.39465,2.40,3.40
2010.02.24 08:28:46.190,1.39435,1.39465,1.00,3.20
2010.02.24 08:28:46.710,1.3945,1.3947,1.60,1.60
2010.02.24 08:28:46.882,1.3945,1.39475,1.60,1.60
2010.02.24 08:28:48.019,1.39455,1.39485,4.00,1.60
2010.02.24 08:28:51.542,1.39455,1.3948,4.00,1.60
2010.02.24 08:28:51.871,1.39455,1.39485,3.60,1.60
2010.02.24 08:28:52.333,1.39455,1.39485,4.40,1.60
2010.02.24 08:28:52.475,1.39465,1.39485,4.00,1.60
2010.02.24 08:28:52.758,1.3947,1.39495,1.60,1.60
2010.02.24 08:28:53.374,1.39475,1.39495,1.60,1.60
2010.02.24 08:28:53.497,1.39475,1.39495,2.40,1.60
2010.02.24 08:28:54.098,1.39475,1.39495,1.60,1.60
2010.02.24 08:28:54.240,1.3948,1.39505,1.60,1.60
2010.02.24 08:28:55.763,1.3948,1.39505,1.60,1.60
2010.02.24 08:28:56.690,1.3948,1.395,1.60,1.00
2010.02.24 08:28:56.820,1.39475,1.395,7.20,1.00
2010.02.24 08:28:57.522,1.39475,1.395,6.40,1.00
2010.02.24 08:28:57.671,1.39475,1.39505,6.40,1.60
2010.02.24 08:28:59.278,1.3948,1.39505,1.60,1.60
2010.02.24 08:29:02.193,1.3948,1.395,1.60,1.00
2010.02.24 08:29:02.886,1.3947,1.39495,4.80,1.60
2010.02.24 08:29:02.934,1.3947,1.39495,1.60,1.60
2010.02.24 08:29:03.897,1.39475,1.395,1.60,1.00
2010.02.24 08:29:04.311,1.39475,1.3951,3.20,3.40
2010.02.24 08:29:05.002,1.3948,1.39515,1.00,3.40
2010.02.24 08:29:05.244,1.3948,1.39515,2.40,1.80
2010.02.24 08:29:06.399,1.39485,1.39515,3.60,1.00
2010.02.24 08:29:06.563,1.39485,1.39515,3.60,1.80
2010.02.24 08:29:07.380,1.3949,1.39515,1.60,1.80
2010.02.24 08:29:07.583,1.3949,1.39515,1.60,1.80
2010.02.24 08:29:07.783,1.3949,1.39515,1.60,1.60
2010.02.24 08:29:07.986,1.3949,1.39515,1.60,1.60
2010.02.24 08:29:08.526,1.39485,1.39515,4.00,1.60
2010.02.24 08:29:09.409,1.39485,1.3952,4.00,1.80
2010.02.24 08:29:09.594,1.39485,1.3952,4.00,1.00
2010.02.24 08:29:09.953,1.39485,1.3952,4.00,1.80
2010.02.24 08:29:10.311,1.39485,1.39515,4.00,1.00
2010.02.24 08:29:10.970,1.39485,1.39515,4.00,1.80
2010.02.24 08:29:12.023,1.39475,1.39505,1.60,3.20
2010.02.24 08:29:12.569,1.39475,1.39505,1.60,3.40
2010.02.24 08:29:12.699,1.39475,1.39505,1.60,6.60
2010.02.24 08:29:12.943,1.39475,1.39505,1.60,5.00
2010.02.24 08:29:14.233,1.39475,1.395,1.60,1.00
2010.02.24 08:29:16.417,1.39475,1.395,1.60,1.00
2010.02.24 08:29:16.608,1.39475,1.395,1.60,1.00
2010.02.24 08:29:17.198,1.3947,1.395,2.40,1.00
2010.02.24 08:29:18.636,1.39475,1.39505,3.60,1.80
2010.02.24 08:29:19.893,1.39475,1.39505,3.60,1.60
2010.02.24 08:29:25.719,1.3948,1.39505,1.00,1.60
2010.02.24 08:29:26.439,1.39485,1.3951,1.60,1.00
2010.02.24 08:29:26.666,1.39485,1.39515,1.60,3.40
2010.02.24 08:29:27.016,1.39485,1.39515,1.60,1.80
2010.02.24 08:29:28.264,1.39485,1.39515,1.60,1.80
2010.02.24 08:29:30.377,1.39485,1.39515,2.40,1.80
2010.02.24 08:29:30.730,1.39485,1.39515,2.40,1.00
2010.02.24 08:29:32.456,1.39485,1.39515,1.60,1.00
2010.02.24 08:29:33.206,1.39485,1.39515,3.20,1.00
2010.02.24 08:29:36.268,1.39485,1.39515,3.20,1.00
2010.02.24 08:29:36.458,1.39485,1.39515,3.20,1.80
2010.02.24 08:29:36.828,1.39485,1.39515,3.20,1.00
2010.02.24 08:29:37.017,1.39485,1.39515,3.20,1.00
2010.02.24 08:29:38.632,1.39485,1.39515,1.60,1.00
2010.02.24 08:29:39.058,1.39485,1.39515,3.20,1.00
2010.02.24 08:29:40.356,1.3949,1.39515,1.60,1.00
2010.02.24 08:29:40.719,1.3949,1.39515,2.00,1.00
2010.02.24 08:29:41.588,1.3949,1.3952,1.60,1.80
2010.02.24 08:29:41.947,1.3949,1.3952,2.00,1.00
2010.02.24 08:29:48.817,1.395,1.3952,2.40,1.00
2010.02.24 08:29:49.017,1.395,1.39525,2.40,3.40
2010.02.24 08:29:49.715,1.395,1.39525,2.40,1.80
2010.02.24 08:29:56.104,1.395,1.39525,2.40,1.00
2010.02.24 08:29:56.769,1.395,1.39525,2.40,3.40
2010.02.24 08:29:57.074,1.3949,1.39525,3.20,3.40
2010.02.24 08:29:57.366,1.3949,1.3951,2.40,1.00
2010.02.24 08:29:58.069,1.39485,1.39505,2.40,1.00
2010.02.24 08:29:59.011,1.39485,1.3951,2.40,1.00
2010.02.24 08:30:00.017,1.3948,1.395,1.60,1.00
2010.02.24 08:30:00.274,1.39485,1.3951,3.20,1.00
2010.02.24 08:30:00.549,1.39485,1.3951,2.40,1.00
2010.02.24 08:30:10.634,1.39485,1.3951,2.40,1.80
2010.02.24 08:30:10.999,1.39475,1.3951,3.20,1.80
2010.02.24 08:30:14.101,1.39475,1.395,3.20,1.00
2010.02.24 08:30:14.196,1.39475,1.395,1.60,1.00
2010.02.24 08:30:14.259,1.39475,1.395,1.60,1.60
2010.02.24 08:30:14.787,1.3947,1.395,1.60,1.60
2010.02.24 08:30:15.191,1.39465,1.39505,6.00,5.80
2010.02.24 08:30:16.327,1.3947,1.395,1.60,1.00
2010.02.24 08:30:18.381,1.3947,1.39505,1.60,3.80
2010.02.24 08:30:19.067,1.3947,1.39505,1.60,2.20
2010.02.24 08:30:19.180,1.3947,1.39505,1.60,1.80
2010.02.24 08:30:21.989,1.3948,1.39505,1.60,1.90
2010.02.24 08:30:22.026,1.3948,1.39505,1.60,1.80
2010.02.24 08:30:24.516,1.3948,1.39505,1.60,1.00
2010.02.24 08:30:25.089,1.3948,1.395,1.60,1.00
2010.02.24 08:30:25.439,1.39475,1.395,3.60,1.00
2010.02.24 08:30:27.990,1.39475,1.395,2.00,1.00
2010.02.24 08:30:28.103,1.39465,1.39495,5.60,1.00
2010.02.24 08:30:28.851,1.39465,1.39495,4.00,1.60
2010.02.24 08:30:29.146,1.3946,1.39485,1.60,1.00
2010.02.24 08:30:29.417,1.39455,1.39485,6.40,1.60
2010.02.24 08:30:30.133,1.39455,1.39485,1.60,4.00
2010.02.24 08:30:30.447,1.39455,1.3948,1.60,1.00
2010.02.24 08:30:31.787,1.39455,1.3948,3.20,1.00
2010.02.24 08:30:32.091,1.3946,1.39485,1.60,1.00
2010.02.24 08:30:32.830,1.39465,1.39495,1.60,2.60
2010.02.24 08:30:33.029,1.39465,1.39495,1.60,1.80
2010.02.24 08:30:33.223,1.39465,1.39495,1.60,1.60
2010.02.24 08:30:38.767,1.39465,1.39495,3.20,1.60
2010.02.24 08:30:41.298,1.39465,1.39485,3.20,1.00
2010.02.24 08:30:46.942,1.39465,1.3948,1.60,1.00
2010.02.24 08:30:47.487,1.39455,1.3948,6.40,1.00
2010.02.24 08:30:47.791,1.39455,1.3948,4.80,1.60
2010.02.24 08:30:48.572,1.39455,1.39485,1.60,5.20
2010.02.24 08:30:50.131,1.39455,1.3948,1.60,1.00
2010.02.24 08:30:52.678,1.39455,1.3948,1.60,1.60
2010.02.24 08:30:53.425,1.3945,1.3948,4.00,1.60
2010.02.24 08:30:53.738,1.3945,1.3948,3.20,1.60
2010.02.24 08:30:59.051,1.3945,1.3947,3.20,1.00
2010.02.24 08:30:59.375,1.39445,1.3947,5.60,1.00
2010.02.24 08:30:59.546,1.39445,1.3947,4.80,1.00
2010.02.24 08:31:00.682,1.39455,1.39485,4.00,1.60
2010.02.24 08:31:01.042,1.39465,1.39485,1.60,1.00
2010.02.24 08:31:02.100,1.39455,1.39485,4.00,1.00
2010.02.24 08:31:02.632,1.39455,1.3948,1.60,1.00
2010.02.24 08:31:05.062,1.3945,1.3948,3.20,1.00
2010.02.24 08:31:05.863,1.39455,1.3948,1.60,1.00
2010.02.24 08:31:07.238,1.39455,1.3948,2.40,1.00
2010.02.24 08:31:07.787,1.39455,1.3948,5.60,1.00
2010.02.24 08:31:07.980,1.39465,1.39495,1.60,1.00
2010.02.24 08:31:08.649,1.39465,1.395,2.40,1.00
2010.02.24 08:31:09.014,1.39465,1.395,4.80,1.00
2010.02.24 08:31:10.341,1.39465,1.395,4.80,4.00
2010.02.24 08:31:10.699,1.39465,1.395,4.80,1.00
2010.02.24 08:31:12.055,1.39475,1.395,1.60,1.00
2010.02.24 08:31:12.295,1.39475,1.39505,3.20,3.40
2010.02.24 08:31:14.335,1.39475,1.39505,3.20,1.60
2010.02.24 08:31:17.538,1.39475,1.395,3.20,1.00
2010.02.24 08:31:18.074,1.3947,1.395,4.80,1.00
2010.02.24 08:31:18.158,1.3947,1.395,4.00,1.00
2010.02.24 08:31:18.228,1.3947,1.395,3.20,1.00
2010.02.24 08:31:18.947,1.39465,1.395,4.80,1.00
2010.02.24 08:31:19.036,1.39465,1.395,5.60,1.00
2010.02.24 08:31:19.116,1.39465,1.395,4.80,1.00
2010.02.24 08:31:20.919,1.39465,1.39495,4.80,1.00
2010.02.24 08:31:21.436,1.39465,1.39495,3.20,1.00
2010.02.24 08:31:21.695,1.39465,1.39485,3.20,1.00
2010.02.24 08:31:22.981,1.39465,1.39485,1.60,1.00
2010.02.24 08:31:24.286,1.39475,1.39485,1.60,1.00
2010.02.24 08:31:24.873,1.39475,1.3949,1.60,1.60
2010.02.24 08:31:25.002,1.39475,1.395,3.20,1.00
2010.02.24 08:31:25.709,1.39475,1.39505,3.20,5.00
2010.02.24 08:31:26.570,1.39475,1.39505,3.20,5.80
2010.02.24 08:31:26.923,1.39475,1.39505,3.20,5.00
2010.02.24 08:31:27.286,1.39465,1.395,3.20,1.00
2010.02.24 08:31:27.992,1.39465,1.39485,3.20,1.00
2010.02.24 08:31:28.673,1.39465,1.39485,1.60,1.00
2010.02.24 08:31:29.038,1.39455,1.39475,2.40,3.20
2010.02.24 08:31:29.824,1.3945,1.39475,1.60,3.20
2010.02.24 08:31:30.139,1.3945,1.3946,1.60,3.20
2010.02.24 08:31:30.434,1.39445,1.39475,4.80,3.70
2010.02.24 08:31:31.238,1.3946,1.39475,1.60,3.20
2010.02.24 08:31:31.606,1.39455,1.3949,1.60,3.20
2010.02.24 08:31:32.409,1.39465,1.395,1.60,1.80
2010.02.24 08:31:32.620,1.39465,1.395,3.20,1.00
2010.02.24 08:31:33.546,1.39455,1.39485,4.00,1.00
2010.02.24 08:31:33.800,1.39455,1.3949,3.20,1.00
2010.02.24 08:31:34.677,1.39455,1.3949,1.60,11.10
2010.02.24 08:31:35.011,1.39455,1.3949,1.60,8.70
2010.02.24 08:31:35.850,1.39455,1.39485,1.00,4.20
2010.02.24 08:31:36.593,1.39455,1.39485,1.60,4.20
2010.02.24 08:31:36.954,1.39455,1.39485,1.00,1.80
2010.02.24 08:31:41.348,1.39455,1.3949,1.00,7.90
2010.02.24 08:31:42.824,1.3945,1.39485,1.60,1.60
2010.02.24 08:31:42.907,1.39455,1.39485,1.60,1.00
2010.02.24 08:31:45.094,1.39455,1.3948,1.60,1.00
2010.02.24 08:31:45.328,1.3945,1.39475,1.60,1.60
2010.02.24 08:31:46.563,1.3945,1.3948,1.60,1.00
2010.02.24 08:31:46.925,1.39445,1.3948,4.80,1.60
2010.02.24 08:31:47.988,1.39445,1.3948,4.80,1.60
2010.02.24 08:31:49.808,1.39455,1.3948,1.00,1.60
2010.02.24 08:31:49.930,1.39455,1.39485,3.20,3.40
2010.02.24 08:31:50.617,1.39455,1.39485,3.20,1.60
2010.02.24 08:31:51.346,1.39455,1.39485,1.60,2.40
2010.02.24 08:31:52.158,1.3945,1.3947,1.60,1.60
2010.02.24 08:31:52.522,1.39445,1.3948,4.00,2.40
2010.02.24 08:31:53.060,1.39445,1.3948,4.80,1.00
2010.02.24 08:31:53.282,1.39445,1.3948,4.80,3.20
2010.02.24 08:31:53.945,1.39445,1.39475,4.80,1.60
2010.02.24 08:31:54.177,1.39445,1.39475,3.20,1.60
2010.02.24 08:31:54.931,1.39445,1.3948,6.40,3.20
2010.02.24 08:31:55.580,1.39445,1.39475,3.20,1.60
2010.02.24 08:31:56.066,1.39445,1.39475,4.80,1.60
2010.02.24 08:31:56.671,1.3945,1.3948,1.60,2.40
2010.02.24 08:31:57.385,1.3945,1.3948,1.60,1.60
2010.02.24 08:31:58.081,1.3945,1.39475,1.60,1.60
2010.02.24 08:31:58.757,1.39445,1.39475,3.20,1.60
2010.02.24 08:31:59.713,1.3945,1.3948,1.60,1.60
2010.02.24 08:32:01.124,1.3945,1.3948,1.60,3.20
2010.02.24 08:32:02.865,1.3945,1.39475,1.60,1.60
2010.02.24 08:32:04.524,1.39445,1.39475,3.20,1.60
2010.02.24 08:32:04.897,1.39435,1.3946,3.20,2.10
2010.02.24 08:32:05.647,1.39435,1.39455,3.20,1.60
2010.02.24 08:32:07.242,1.39435,1.39455,3.20,1.60
2010.02.24 08:32:07.534,1.39435,1.3946,4.80,1.00
2010.02.24 08:32:08.189,1.39435,1.39465,4.80,1.60
2010.02.24 08:32:08.765,1.3944,1.3947,1.60,3.70
2010.02.24 08:32:09.137,1.39445,1.3947,1.60,3.60
2010.02.24 08:32:09.951,1.3944,1.3947,3.20,3.70
2010.02.24 08:32:10.870,1.3944,1.39465,3.20,1.60
2010.02.24 08:32:12.324,1.3944,1.3947,3.20,3.60
2010.02.24 08:32:12.469,1.3944,1.3947,3.20,3.70
2010.02.24 08:32:14.697,1.39445,1.3947,1.00,3.60
2010.02.24 08:32:15.505,1.3944,1.3947,3.20,3.70
2010.02.24 08:32:15.814,1.3945,1.3947,1.00,3.60
2010.02.24 08:32:16.338,1.3945,1.3948,1.00,7.20
2010.02.24 08:32:16.710,1.39455,1.3948,1.00,1.60
2010.02.24 08:32:17.429,1.39455,1.39485,3.20,1.30
2010.02.24 08:32:17.690,1.39465,1.3949,1.00,1.60
2010.02.24 08:32:18.244,1.39465,1.39495,1.00,3.70
2010.02.24 08:32:18.548,1.39465,1.39495,1.60,3.70
2010.02.24 08:32:18.840,1.39465,1.3949,1.60,1.60
2010.02.24 08:32:19.640,1.39465,1.39495,1.60,3.60
2010.02.24 08:32:19.989,1.39465,1.39495,1.60,2.00
2010.02.24 08:32:20.979,1.39465,1.39495,4.80,2.00
2010.02.24 08:32:21.329,1.39465,1.39495,4.80,1.60
2010.02.24 08:32:22.225,1.39465,1.3949,4.80,1.60
2010.02.24 08:32:22.416,1.39465,1.39495,4.80,4.00
2010.02.24 08:32:23.636,1.39465,1.39495,4.80,2.40
2010.02.24 08:32:24.312,1.3946,1.3949,3.20,1.00
2010.02.24 08:32:24.559,1.3945,1.39475,1.00,1.60
2010.02.24 08:32:25.151,1.39445,1.39465,2.40,1.60
2010.02.24 08:32:25.397,1.39435,1.39465,3.20,1.60
2010.02.24 08:32:26.283,1.39435,1.3946,3.20,2.00
2010.02.24 08:32:27.734,1.39435,1.3946,1.60,2.00
2010.02.24 08:32:28.491,1.3943,1.3946,1.60,2.00
2010.02.24 08:32:29.231,1.3943,1.3946,3.20,1.60
2010.02.24 08:32:29.508,1.39435,1.3946,3.20,1.60
2010.02.24 08:32:30.687,1.3944,1.39465,1.00,1.00
2010.02.24 08:32:30.932,1.39445,1.39475,1.60,1.60
2010.02.24 08:32:31.628,1.39455,1.39475,1.00,1.60
2010.02.24 08:32:31.868,1.39455,1.3948,1.60,1.60
2010.02.24 08:32:33.442,1.39455,1.39485,1.60,3.90
2010.02.24 08:32:34.766,1.39455,1.39485,1.60,3.80
2010.02.24 08:32:35.381,1.39455,1.39485,6.40,1.00
2010.02.24 08:32:35.753,1.3947,1.3951,3.20,4.20
2010.02.24 08:32:36.108,1.3948,1.39515,1.00,1.00
2010.02.24 08:32:36.883,1.3948,1.3951,1.60,1.00
2010.02.24 08:32:37.323,1.3948,1.39515,1.60,3.20
2010.02.24 08:32:37.651,1.3948,1.39515,1.60,5.00
2010.02.24 08:32:38.229,1.39475,1.39515,7.20,5.00
2010.02.24 08:32:39.514,1.39475,1.395,4.00,1.60
2010.02.24 08:32:39.692,1.39475,1.39495,1.60,1.00
2010.02.24 08:32:40.255,1.39465,1.39495,5.20,1.60
2010.02.24 08:32:40.409,1.39465,1.39495,4.80,1.60
2010.02.24 08:32:43.413,1.39465,1.39495,4.80,3.20
2010.02.24 08:32:43.611,1.3946,1.39495,4.00,3.60
2010.02.24 08:32:43.799,1.3946,1.3949,3.20,1.60
2010.02.24 08:32:45.189,1.3946,1.3949,1.60,1.60
2010.02.24 08:32:45.792,1.39465,1.3949,1.60,1.60
2010.02.24 08:32:55.043,1.3946,1.3949,1.60,1.60
2010.02.24 08:33:10.836,1.3946,1.3948,1.60,1.60
2010.02.24 08:33:11.624,1.39455,1.3948,3.20,1.60
2010.02.24 08:33:17.883,1.39455,1.39475,3.20,1.00
2010.02.24 08:33:18.060,1.39455,1.39475,3.20,1.60
2010.02.24 08:33:18.602,1.39455,1.39475,3.20,1.00
2010.02.24 08:33:19.321,1.39455,1.3948,3.20,2.00
2010.02.24 08:33:19.625,1.39455,1.39475,3.20,1.00
2010.02.24 08:33:20.474,1.39455,1.39475,3.20,2.00
2010.02.24 08:33:21.605,1.39455,1.39475,1.60,2.00
2010.02.24 08:33:25.003,1.39455,1.3947,1.60,1.60
2010.02.24 08:33:25.112,1.39455,1.3947,1.60,2.00
2010.02.24 08:33:26.378,1.39445,1.3947,4.80,2.00
2010.02.24 08:33:26.649,1.39455,1.3947,1.60,2.00
2010.02.24 08:33:27.172,1.39445,1.3947,4.80,2.00
2010.02.24 08:33:30.809,1.39445,1.3947,4.80,1.00
2010.02.24 08:33:31.163,1.39445,1.3948,4.80,3.60
2010.02.24 08:33:40.722,1.39445,1.3948,4.80,3.60
2010.02.24 08:33:41.757,1.39455,1.3948,1.60,1.20
2010.02.24 08:33:42.075,1.39455,1.39485,1.60,1.60
2010.02.24 08:33:43.238,1.39455,1.39485,1.60,3.20
2010.02.24 08:33:43.424,1.39455,1.39485,1.60,3.80
2010.02.24 08:33:46.740,1.39455,1.39485,1.60,4.20
2010.02.24 08:33:46.969,1.39455,1.39485,1.60,3.80
2010.02.24 08:33:47.665,1.39455,1.39485,1.60,2.20
2010.02.24 08:33:48.351,1.39455,1.39485,1.60,1.40
2010.02.24 08:33:48.469,1.39455,1.3949,1.60,3.40
2010.02.24 08:33:48.575,1.39455,1.3949,1.60,5.00
2010.02.24 08:33:48.784,1.39455,1.3949,1.60,5.00
2010.02.24 08:33:49.322,1.39455,1.3949,1.60,3.40
2010.02.24 08:33:51.211,1.39455,1.3949,1.60,3.80
2010.02.24 08:33:51.538,1.39455,1.39485,1.60,1.60
2010.02.24 08:33:52.677,1.39465,1.39485,1.00,1.60
2010.02.24 08:33:55.142,1.39455,1.3949,1.60,5.00
2010.02.24 08:33:55.391,1.39465,1.3949,1.00,5.00
2010.02.24 08:33:55.644,1.39465,1.39485,1.00,1.00
2010.02.24 08:33:56.121,1.39465,1.3948,1.00,1.60
2010.02.24 08:33:56.481,1.39455,1.3948,1.60,1.60
2010.02.24 08:33:59.748,1.39455,1.39485,1.60,1.60
2010.02.24 08:34:00.249,1.39465,1.3949,1.00,5.40
2010.02.24 08:34:01.473,1.39465,1.3949,1.00,5.00
2010.02.24 08:34:02.717,1.39465,1.3949,1.00,2.60
2010.02.24 08:34:02.958,1.39465,1.3949,1.00,1.80
2010.02.24 08:34:03.200,1.39465,1.3949,1.00,3.80
2010.02.24 08:34:03.438,1.39455,1.3949,3.20,3.40
2010.02.24 08:34:03.566,1.39465,1.3949,1.60,3.80
2010.02.24 08:34:04.475,1.39465,1.3949,2.40,3.40
2010.02.24 08:34:06.143,1.39465,1.3949,1.60,3.40
2010.02.24 08:34:06.495,1.39465,1.3949,2.40,3.40
2010.02.24 08:34:08.113,1.39465,1.3949,1.00,3.40
2010.02.24 08:34:08.914,1.39455,1.3949,3.20,3.40
2010.02.24 08:34:09.615,1.39465,1.3949,1.00,3.40
2010.02.24 08:34:11.836,1.39465,1.39485,1.00,1.60
2010.02.24 08:34:12.444,1.39465,1.39485,1.00,3.20
2010.02.24 08:34:12.549,1.39455,1.39485,1.60,3.90
2010.02.24 08:34:13.323,1.39455,1.39485,1.60,2.30
2010.02.24 08:34:13.486,1.39455,1.39485,3.20,2.30
2010.02.24 08:34:13.833,1.3946,1.3949,1.00,1.60
2010.02.24 08:34:19.547,1.39455,1.3949,4.80,1.60
2010.02.24 08:34:20.244,1.39455,1.3949,4.80,3.20
2010.02.24 08:34:24.407,1.39455,1.3949,4.80,2.40
2010.02.24 08:34:24.491,1.39455,1.3949,4.80,1.60
2010.02.24 08:34:25.437,1.39455,1.3949,4.80,2.40
2010.02.24 08:34:25.787,1.39455,1.3949,4.80,3.20
2010.02.24 08:34:26.480,1.39455,1.39485,4.80,1.00
2010.02.24 08:34:27.465,1.39455,1.3949,4.80,3.20
2010.02.24 08:34:30.958,1.39455,1.3949,4.80,3.20
2010.02.24 08:34:31.835,1.39455,1.3949,4.80,3.60
2010.02.24 08:34:32.203,1.39455,1.3949,4.80,3.20
2010.02.24 08:34:33.073,1.39465,1.39495,4.80,5.70
2010.02.24 08:34:33.286,1.39465,1.39485,3.20,1.00
2010.02.24 08:34:33.571,1.39465,1.39485,1.60,2.30
2010.02.24 08:34:34.292,1.39465,1.39485,1.60,3.90
2010.02.24 08:34:34.441,1.39465,1.39485,1.60,2.30
2010.02.24 08:34:36.032,1.39465,1.3948,1.60,2.00
2010.02.24 08:34:36.391,1.39465,1.3949,1.60,3.20
2010.02.24 08:34:36.745,1.39465,1.3949,1.60,3.00
2010.02.24 08:34:37.367,1.39455,1.39485,3.20,1.00
2010.02.24 08:34:37.683,1.39455,1.3949,4.80,4.00
2010.02.24 08:34:37.819,1.39455,1.3949,4.80,3.00
2010.02.24 08:34:37.951,1.39455,1.3949,4.80,2.20
2010.02.24 08:34:38.661,1.39465,1.3949,1.60,2.20
2010.02.24 08:34:39.657,1.39465,1.3949,1.60,2.20
2010.02.24 08:34:40.253,1.39465,1.3949,3.20,1.00
2010.02.24 08:34:40.287,1.39475,1.3949,1.60,1.60
2010.02.24 08:34:40.577,1.39475,1.39495,1.60,2.20
2010.02.24 08:34:40.859,1.39475,1.39495,1.60,1.60
2010.02.24 08:34:42.964,1.39475,1.39505,1.60,1.60
2010.02.24 08:34:43.112,1.39475,1.39505,3.20,1.60
2010.02.24 08:34:44.294,1.3948,1.3951,1.00,1.00
2010.02.24 08:34:44.411,1.3948,1.3951,1.00,1.00
2010.02.24 08:34:44.535,1.3948,1.3951,2.40,1.00
2010.02.24 08:34:45.149,1.3948,1.39515,3.20,3.20
2010.02.24 08:34:45.290,1.39495,1.3952,3.20,2.20
2010.02.24 08:34:46.158,1.39505,1.3953,1.60,1.80
2010.02.24 08:34:46.525,1.39495,1.3953,10.20,1.80
2010.02.24 08:34:47.204,1.39495,1.3953,4.80,1.80
2010.02.24 08:34:47.847,1.39505,1.3953,1.60,1.80
2010.02.24 08:34:48.541,1.39505,1.3953,1.60,1.00
2010.02.24 08:34:49.196,1.39495,1.3953,6.80,1.00
2010.02.24 08:34:49.410,1.39495,1.3953,5.60,1.00
2010.02.24 08:34:49.678,1.39505,1.3953,1.60,1.00
2010.02.24 08:34:50.486,1.39505,1.3953,1.60,1.60
2010.02.24 08:34:51.330,1.39495,1.3953,3.20,3.40
2010.02.24 08:34:51.696,1.39495,1.3953,2.40,3.40
2010.02.24 08:34:52.005,1.39495,1.3953,2.40,3.80
2010.02.24 08:34:52.880,1.39495,1.39525,1.60,1.60
2010.02.24 08:34:56.350,1.39505,1.3953,3.20,1.00
2010.02.24 08:34:56.653,1.39505,1.3954,3.20,5.00
2010.02.24 08:34:57.681,1.39515,1.3954,1.60,5.00
2010.02.24 08:34:57.835,1.39515,1.3954,1.60,1.80
2010.02.24 08:34:58.445,1.39515,1.3954,1.60,1.00
2010.02.24 08:34:58.597,1.39515,1.3954,1.60,1.80
2010.02.24 08:34:59.574,1.39525,1.3955,1.60,1.00
2010.02.24 08:34:59.949,1.39525,1.3956,3.20,3.20
2010.02.24 08:35:00.690,1.39535,1.3956,1.60,1.00
2010.02.24 08:35:02.077,1.39525,1.3955,4.00,1.00
2010.02.24 08:35:02.216,1.3952,1.39545,2.40,1.00
2010.02.24 08:35:02.755,1.39515,1.39545,3.00,1.00
2010.02.24 08:35:02.900,1.3951,1.3955,10.40,3.40
2010.02.24 08:35:03.465,1.39515,1.3955,1.60,3.40
2010.02.24 08:35:03.843,1.39515,1.3955,5.60,2.00
2010.02.24 08:35:04.210,1.39515,1.3954,1.60,1.00
2010.02.24 08:35:04.744,1.3951,1.3954,4.80,1.00
2010.02.24 08:35:04.889,1.3951,1.3954,2.40,1.00
2010.02.24 08:35:05.623,1.39515,1.3954,1.60,1.00
2010.02.24 08:35:05.995,1.3951,1.39545,7.20,1.00
2010.02.24 08:35:07.833,1.39515,1.3955,1.60,2.60
2010.02.24 08:35:08.530,1.3951,1.3955,10.40,2.60
2010.02.24 08:35:08.713,1.39515,1.39545,1.60,1.00
2010.02.24 08:35:09.322,1.39505,1.3954,4.00,1.00
2010.02.24 08:35:10.280,1.39505,1.3954,3.20,1.00
2010.02.24 08:35:10.701,1.39505,1.3954,1.60,3.40
2010.02.24 08:35:11.397,1.39505,1.3953,1.60,1.60
2010.02.24 08:35:14.067,1.395,1.3953,4.00,1.60
2010.02.24 08:35:14.625,1.395,1.39525,1.00,4.20
2010.02.24 08:35:14.734,1.3949,1.39525,1.60,4.20
2010.02.24 08:35:15.310,1.3949,1.39525,1.60,3.40
2010.02.24 08:35:16.913,1.39495,1.39525,1.60,1.80
2010.02.24 08:35:17.958,1.39495,1.39525,1.60,1.00
2010.02.24 08:35:21.679,1.395,1.39525,1.00,1.00
2010.02.24 08:35:22.054,1.395,1.3953,1.20,1.00
2010.02.24 08:35:22.411,1.39505,1.39535,1.60,5.40
2010.02.24 08:35:22.763,1.39505,1.39535,1.60,3.80
2010.02.24 08:35:24.658,1.395,1.39535,2.80,5.40
2010.02.24 08:35:24.805,1.39495,1.39535,5.60,6.20
2010.02.24 08:35:25.100,1.39495,1.39535,5.60,7.00
2010.02.24 08:35:25.387,1.39495,1.39535,5.60,7.80
2010.02.24 08:35:26.206,1.39495,1.3953,1.60,2.60
2010.02.24 08:35:27.742,1.39495,1.3953,1.60,1.00
2010.02.24 08:35:28.530,1.39505,1.39535,1.60,3.40
2010.02.24 08:35:28.688,1.39505,1.3952,1.60,1.00
2010.02.24 08:35:28.846,1.395,1.3953,1.00,1.00
2010.02.24 08:35:29.593,1.39505,1.39535,3.20,1.80
2010.02.24 08:35:29.811,1.39505,1.3954,1.60,2.60
2010.02.24 08:35:30.022,1.39505,1.3954,2.40,1.80
2010.02.24 08:35:31.052,1.39505,1.3954,1.60,1.80
2010.02.24 08:35:32.673,1.39495,1.39525,1.00,1.00
2010.02.24 08:35:33.067,1.39495,1.39525,1.00,1.00
2010.02.24 08:35:37.027,1.39495,1.39525,2.40,1.00
2010.02.24 08:35:37.295,1.39495,1.39525,2.40,1.00
2010.02.24 08:35:37.845,1.39495,1.3953,10.40,1.00
2010.02.24 08:35:37.930,1.39505,1.39535,1.60,1.80
2010.02.24 08:35:41.913,1.395,1.39535,2.40,3.40
2010.02.24 08:35:42.210,1.395,1.39535,1.00,5.00
2010.02.24 08:35:42.946,1.39495,1.3953,3.20,1.80
2010.02.24 08:35:43.126,1.39505,1.3953,1.60,1.80
2010.02.24 08:35:43.470,1.3951,1.3953,1.60,1.00
2010.02.24 08:35:43.636,1.3951,1.39535,1.60,1.80
2010.02.24 08:35:43.971,1.3951,1.39535,1.60,3.40
2010.02.24 08:35:44.644,1.39495,1.39535,7.20,3.40
2010.02.24 08:35:45.852,1.39495,1.3953,7.20,1.00
2010.02.24 08:35:46.535,1.39495,1.39515,4.00,1.00
2010.02.24 08:35:47.164,1.3949,1.39525,3.10,1.00
2010.02.24 08:35:47.495,1.3949,1.39525,3.00,1.00
2010.02.24 08:35:48.136,1.3949,1.3952,2.20,3.40
2010.02.24 08:35:48.652,1.3949,1.3952,1.00,3.40
2010.02.24 08:35:48.811,1.39485,1.3952,1.60,1.80
2010.02.24 08:35:49.554,1.3948,1.39515,4.00,1.60
2010.02.24 08:35:49.717,1.39485,1.39515,1.60,1.00
2010.02.24 08:35:50.519,1.39485,1.39515,1.60,1.80
2010.02.24 08:35:50.839,1.3948,1.39515,4.40,3.40
2010.02.24 08:35:51.693,1.39485,1.39515,3.60,1.80
2010.02.24 08:35:53.037,1.39485,1.39515,3.20,1.80
2010.02.24 08:35:53.620,1.39485,1.39515,1.60,3.40
2010.02.24 08:35:54.817,1.3948,1.39515,3.60,5.00
2010.02.24 08:35:55.029,1.3948,1.395,2.00,1.00
2010.02.24 08:35:55.237,1.39475,1.39505,3.20,3.20
2010.02.24 08:35:55.434,1.3948,1.3951,2.00,1.00
2010.02.24 08:35:56.009,1.39475,1.39515,3.20,2.60
2010.02.24 08:35:56.369,1.39475,1.3951,3.20,1.80
2010.02.24 08:35:57.316,1.39475,1.39505,3.20,1.00
2010.02.24 08:35:57.568,1.39465,1.39505,9.60,1.80
2010.02.24 08:35:58.053,1.39465,1.39495,6.40,1.60
2010.02.24 08:35:58.180,1.3946,1.39495,8.80,1.60
2010.02.24 08:35:59.134,1.39465,1.39495,1.60,1.60
2010.02.24 08:35:59.333,1.39465,1.395,3.20,5.00
2010.02.24 08:36:00.881,1.39465,1.395,3.20,4.20
2010.02.24 08:36:03.877,1.3946,1.395,9.60,5.80
2010.02.24 08:36:04.115,1.39465,1.395,3.20,4.20
2010.02.24 08:36:04.795,1.39465,1.395,3.20,5.00
2010.02.24 08:36:04.866,1.39465,1.395,3.20,5.80
2010.02.24 08:36:06.194,1.3947,1.395,1.60,1.00
2010.02.24 08:36:06.262,1.3947,1.39505,1.60,5.00
2010.02.24 08:36:07.885,1.3947,1.395,1.60,1.60
2010.02.24 08:36:08.248,1.39465,1.395,6.40,3.20
2010.02.24 08:36:09.033,1.39475,1.395,1.60,1.60
2010.02.24 08:36:09.295,1.39475,1.39505,1.60,1.80
2010.02.24 08:36:10.813,1.39475,1.395,1.60,1.00
2010.02.24 08:36:11.184,1.39465,1.3949,9.60,1.00
2010.02.24 08:36:12.014,1.39475,1.395,1.60,1.00
2010.02.24 08:36:12.378,1.39475,1.3951,1.60,6.60
2010.02.24 08:36:13.250,1.39475,1.39505,1.60,1.00
2010.02.24 08:36:13.469,1.39475,1.395,1.60,1.00
2010.02.24 08:36:13.691,1.39465,1.395,4.80,1.60
2010.02.24 08:36:15.102,1.39465,1.395,4.80,1.60
2010.02.24 08:36:15.323,1.3947,1.39505,1.60,2.60
2010.02.24 08:36:15.844,1.39475,1.39505,1.60,2.60
2010.02.24 08:36:16.062,1.39475,1.39505,1.60,1.80
2010.02.24 08:36:16.419,1.39475,1.39505,1.60,2.60
2010.02.24 08:36:16.765,1.39475,1.39505,1.60,3.40
2010.02.24 08:36:18.993,1.39475,1.39505,1.60,2.60
2010.02.24 08:36:19.605,1.39475,1.39505,1.60,1.80
2010.02.24 08:36:19.847,1.39475,1.39505,1.60,3.40
2010.02.24 08:36:21.269,1.39475,1.39505,1.60,2.60
2010.02.24 08:36:21.568,1.39475,1.39505,1.60,1.80
2010.02.24 08:36:21.873,1.3948,1.3951,1.60,3.40
2010.02.24 08:36:22.389,1.39485,1.3951,1.60,1.80
2010.02.24 08:36:22.651,1.39485,1.39515,1.60,1.80
2010.02.24 08:36:24.265,1.3948,1.39515,2.40,4.20
2010.02.24 08:36:24.844,1.3948,1.3951,1.60,1.00
2010.02.24 08:36:26.079,1.39475,1.39505,2.40,1.60
2010.02.24 08:36:26.450,1.3947,1.395,1.60,1.00
2010.02.24 08:36:26.807,1.3947,1.39505,1.60,2.20
2010.02.24 08:36:28.193,1.3947,1.395,1.60,1.20
2010.02.24 08:36:28.304,1.39465,1.395,7.20,2.80
2010.02.24 08:36:28.880,1.39465,1.39495,4.80,1.00
2010.02.24 08:36:28.981,1.39465,1.395,4.00,2.40
2010.02.24 08:36:30.354,1.39465,1.395,5.60,2.40
2010.02.24 08:36:30.767,1.39465,1.395,5.60,2.40
2010.02.24 08:36:31.270,1.39475,1.395,1.60,2.40
2010.02.24 08:36:31.493,1.39475,1.39505,1.60,1.00
2010.02.24 08:36:32.351,1.39475,1.39505,1.60,1.40
2010.02.24 08:36:32.572,1.39475,1.39505,4.00,1.00
2010.02.24 08:36:33.641,1.39485,1.39505,2.40,1.00
2010.02.24 08:36:34.081,1.39485,1.3951,2.40,1.80
2010.02.24 08:36:36.016,1.39485,1.39515,2.40,3.80
2010.02.24 08:36:51.507,1.39485,1.3951,2.40,1.00
2010.02.24 08:36:53.577,1.39485,1.3951,1.60,1.00
2010.02.24 08:36:53.824,1.3948,1.3951,2.30,1.00
2010.02.24 08:36:55.180,1.3948,1.3951,2.20,1.00
2010.02.24 08:36:55.346,1.39475,1.3951,4.00,2.20
2010.02.24 08:36:55.498,1.39475,1.3951,1.60,2.20
2010.02.24 08:36:56.021,1.3947,1.3951,7.80,2.20
2010.02.24 08:36:56.562,1.39475,1.3951,1.60,2.20
2010.02.24 08:36:56.940,1.39475,1.395,1.60,1.00
2010.02.24 08:36:58.054,1.39475,1.395,1.60,1.60
2010.02.24 08:36:58.232,1.39475,1.395,1.60,1.00
2010.02.24 08:36:58.831,1.3947,1.395,2.40,1.00
2010.02.24 08:36:59.987,1.39475,1.395,1.60,1.00
2010.02.24 08:37:00.913,1.3947,1.395,2.40,1.00
2010.02.24 08:37:02.131,1.3947,1.395,2.40,1.00
2010.02.24 08:37:03.405,1.3947,1.395,2.30,1.00
2010.02.24 08:37:03.567,1.3947,1.395,2.40,1.00
2010.02.24 08:37:04.749,1.3947,1.395,2.40,1.00
2010.02.24 08:37:05.447,1.3947,1.39495,1.00,1.80
2010.02.24 08:37:05.719,1.39455,1.39485,3.20,1.60
2010.02.24 08:37:06.771,1.3946,1.39485,1.00,1.60
2010.02.24 08:37:08.225,1.39455,1.39485,1.60,1.00
2010.02.24 08:37:08.508,1.39465,1.39495,1.60,4.90
2010.02.24 08:37:09.067,1.39455,1.39495,3.20,8.00
2010.02.24 08:37:09.348,1.39455,1.39485,3.20,1.00
2010.02.24 08:37:10.242,1.3946,1.3949,1.00,2.60
2010.02.24 08:37:10.584,1.3947,1.3949,1.00,1.00
2010.02.24 08:37:11.078,1.3947,1.3949,1.00,1.00
2010.02.24 08:37:11.447,1.39465,1.39495,1.60,1.80
2010.02.24 08:37:11.796,1.3946,1.39495,1.60,3.40
2010.02.24 08:37:12.597,1.39465,1.39495,2.40,3.40
2010.02.24 08:37:12.734,1.39465,1.39495,4.00,1.00
2010.02.24 08:37:13.300,1.39465,1.39495,4.00,1.60
2010.02.24 08:37:13.440,1.39465,1.39495,1.60,3.20
2010.02.24 08:37:15.504,1.39465,1.39495,1.60,3.30
2010.02.24 08:37:16.787,1.39465,1.39495,1.60,4.90
2010.02.24 08:37:17.074,1.3947,1.39495,1.60,1.00
2010.02.24 08:37:17.749,1.3947,1.39495,3.20,1.00
2010.02.24 08:37:18.051,1.39485,1.3952,7.20,1.00
2010.02.24 08:37:18.806,1.39485,1.3952,5.60,1.60
2010.02.24 08:37:18.994,1.39485,1.3952,5.60,1.60
2010.02.24 08:37:19.181,1.39485,1.39525,7.20,4.20
2010.02.24 08:37:19.369,1.39485,1.39525,8.00,4.20
2010.02.24 08:37:19.948,1.39485,1.39525,8.00,2.60
2010.02.24 08:37:20.145,1.3949,1.39525,1.60,1.80
2010.02.24 08:37:20.339,1.3949,1.39525,3.20,1.80
2010.02.24 08:37:20.526,1.395,1.3953,1.00,8.70
2010.02.24 08:37:21.184,1.395,1.3953,1.00,1.80
2010.02.24 08:37:21.551,1.395,1.3953,1.60,1.60
2010.02.24 08:37:22.091,1.39505,1.39535,1.60,2.40
2010.02.24 08:37:22.452,1.39515,1.39545,3.20,1.60
2010.02.24 08:37:23.481,1.39515,1.39535,1.60,1.60
2010.02.24 08:37:23.631,1.39515,1.39535,1.60,1.00
2010.02.24 08:37:24.151,1.3951,1.3954,4.00,1.00
2010.02.24 08:37:24.307,1.3951,1.3954,4.00,1.00
2010.02.24 08:37:25.508,1.39515,1.3954,1.60,1.00
2010.02.24 08:37:26.340,1.3951,1.3954,4.00,1.00
2010.02.24 08:37:26.823,1.39515,1.3954,1.60,1.00
2010.02.24 08:37:27.125,1.39515,1.3955,3.20,3.40
2010.02.24 08:37:27.421,1.3952,1.3955,1.00,2.20
2010.02.24 08:37:28.099,1.39515,1.3954,2.40,1.60
2010.02.24 08:37:28.293,1.39505,1.3954,6.40,1.60
2010.02.24 08:37:28.997,1.3951,1.3954,1.60,1.00
2010.02.24 08:37:30.953,1.39515,1.39545,1.60,1.00
2010.02.24 08:37:31.186,1.39515,1.39545,1.60,1.00
2010.02.24 08:37:31.466,1.39515,1.3955,1.60,1.80
2010.02.24 08:37:32.227,1.39515,1.39555,3.20,6.60
2010.02.24 08:37:33.578,1.39525,1.39555,1.60,2.40
2010.02.24 08:37:33.694,1.39525,1.3956,3.20,1.60
2010.02.24 08:37:33.815,1.39525,1.3956,3.20,1.00
2010.02.24 08:37:33.928,1.39525,1.3956,3.20,1.00
2010.02.24 08:37:35.000,1.39525,1.39555,4.00,2.40
2010.02.24 08:37:35.568,1.39525,1.39555,4.00,1.60
2010.02.24 08:37:35.890,1.39535,1.3956,1.60,1.60
2010.02.24 08:37:36.959,1.3953,1.3956,1.60,1.60
2010.02.24 08:37:40.648,1.39535,1.3956,1.60,1.60
2010.02.24 08:37:41.751,1.39525,1.3956,5.60,1.60
2010.02.24 08:37:41.978,1.39525,1.39565,5.60,7.10
2010.02.24 08:37:44.231,1.39535,1.3956,1.00,1.60
2010.02.24 08:37:44.269,1.39535,1.39565,1.60,3.80
2010.02.24 08:37:44.636,1.3953,1.3956,2.40,1.00
2010.02.24 08:37:45.693,1.39525,1.3956,14.00,1.00
2010.02.24 08:37:46.832,1.39535,1.3956,1.60,1.00
2010.02.24 08:37:48.809,1.3953,1.3956,2.40,1.00
2010.02.24 08:37:48.959,1.39525,1.3956,7.20,1.80
2010.02.24 08:37:49.590,1.39515,1.39545,8.00,1.00
2010.02.24 08:37:49.749,1.39515,1.39545,7.20,1.00
2010.02.24 08:37:50.056,1.39515,1.39555,7.20,3.40
2010.02.24 08:37:50.594,1.39525,1.39555,1.60,1.80
2010.02.24 08:37:50.891,1.39525,1.39555,1.60,2.60
2010.02.24 08:37:51.187,1.39515,1.39545,4.80,3.20
2010.02.24 08:37:52.344,1.3951,1.3954,8.80,1.00
2010.02.24 08:37:52.452,1.39515,1.39545,1.60,3.20
2010.02.24 08:37:53.303,1.39515,1.39545,3.20,3.20
2010.02.24 08:37:54.923,1.39515,1.39545,2.40,3.20
2010.02.24 08:37:55.962,1.39515,1.39545,1.60,3.20
2010.02.24 08:37:58.107,1.3951,1.39545,4.00,4.80
2010.02.24 08:37:58.453,1.3951,1.39545,2.30,5.50
2010.02.24 08:37:59.066,1.3951,1.3954,2.20,1.00
2010.02.24 08:37:59.210,1.3951,1.39545,2.30,3.90
2010.02.24 08:37:59.361,1.39515,1.39545,1.60,3.90
2010.02.24 08:38:00.344,1.3951,1.39545,2.30,3.90
2010.02.24 08:38:01.572,1.3951,1.39545,2.30,2.30
2010.02.24 08:38:01.921,1.39515,1.39545,1.60,2.30
2010.02.24 08:38:05.012,1.39515,1.3954,1.60,1.00
2010.02.24 08:38:05.846,1.39515,1.39545,1.60,2.40
2010.02.24 08:38:06.323,1.39515,1.39545,1.60,2.30
2010.02.24 08:38:06.708,1.39515,1.3954,1.60,1.00
2010.02.24 08:38:13.658,1.3951,1.3954,2.40,1.00
2010.02.24 08:38:15.300,1.3951,1.3953,2.40,1.60
2010.02.24 08:38:15.373,1.39505,1.3954,1.60,1.00
2010.02.24 08:38:15.440,1.39505,1.3954,1.60,2.60
2010.02.24 08:38:15.508,1.39505,1.3954,3.20,1.80
2010.02.24 08:38:16.325,1.39505,1.3954,5.60,1.80
2010.02.24 08:38:21.400,1.39505,1.3953,4.00,1.00
2010.02.24 08:38:22.160,1.395,1.3953,3.60,1.00
2010.02.24 08:38:25.326,1.395,1.39525,1.00,1.60
2010.02.24 08:38:25.442,1.39495,1.3952,1.60,1.00
2010.02.24 08:38:26.098,1.39495,1.3952,4.00,1.00
2010.02.24 08:38:26.459,1.39505,1.39535,1.60,1.80
2010.02.24 08:38:26.816,1.39505,1.39535,1.60,1.80
2010.02.24 08:38:27.642,1.395,1.39535,1.60,1.80
2010.02.24 08:38:28.027,1.39495,1.39535,11.80,5.00
2010.02.24 08:38:28.740,1.39495,1.39535,9.40,5.00
2010.02.24 08:38:30.805,1.39495,1.3953,9.40,1.00
2010.02.24 08:38:31.362,1.39495,1.39525,1.60,1.00
2010.02.24 08:38:31.707,1.39495,1.3951,1.60,1.00
2010.02.24 08:38:32.403,1.3948,1.39515,3.20,2.30
2010.02.24 08:38:32.770,1.39485,1.39515,1.60,1.00
2010.02.24 08:38:33.643,1.39485,1.3952,1.60,4.20
2010.02.24 08:38:34.782,1.39485,1.3952,1.60,3.40
2010.02.24 08:38:35.658,1.3948,1.3951,3.20,2.40
2010.02.24 08:38:35.856,1.39475,1.39505,6.40,1.60
2010.02.24 08:38:36.661,1.39485,1.3951,1.60,3.00
2010.02.24 08:38:37.038,1.39475,1.39505,4.80,1.60
2010.02.24 08:38:39.245,1.39475,1.39495,4.80,1.00
2010.02.24 08:38:39.820,1.39475,1.39495,4.80,1.60
2010.02.24 08:38:39.971,1.39475,1.39495,3.20,1.00
2010.02.24 08:38:40.572,1.39475,1.39495,3.20,1.60
2010.02.24 08:38:42.815,1.39475,1.39495,1.60,1.60
2010.02.24 08:38:43.616,1.39475,1.395,1.60,1.60
2010.02.24 08:38:47.037,1.39475,1.39495,1.60,1.00
2010.02.24 08:38:48.234,1.3947,1.395,1.60,1.60
2010.02.24 08:38:49.110,1.3947,1.395,1.60,1.60
2010.02.24 08:38:49.969,1.39475,1.395,1.60,1.60
2010.02.24 08:38:50.231,1.3947,1.395,1.60,1.60
2010.02.24 08:38:50.760,1.39475,1.395,1.60,1.60
2010.02.24 08:38:52.248,1.3947,1.395,3.20,1.60
2010.02.24 08:38:52.462,1.3947,1.395,3.20,1.60
2010.02.24 08:38:53.650,1.3947,1.395,1.60,1.60
2010.02.24 08:38:53.891,1.39465,1.39485,1.60,1.00
2010.02.24 08:38:54.565,1.3946,1.39485,1.60,3.20
2010.02.24 08:38:54.728,1.39445,1.39475,2.00,4.20
2010.02.24 08:38:55.512,1.39435,1.3947,3.20,1.00
2010.02.24 08:38:55.850,1.39435,1.3947,1.60,1.80
2010.02.24 08:38:56.651,1.3942,1.39455,4.80,4.20
2010.02.24 08:38:57.029,1.39415,1.39445,1.60,1.00
2010.02.24 08:38:57.694,1.3941,1.39445,3.20,1.00
2010.02.24 08:38:58.062,1.39415,1.39445,1.60,6.60
2010.02.24 08:38:58.621,1.39405,1.39435,7.20,1.00
2010.02.24 08:38:58.880,1.39405,1.39435,2.40,1.00
2010.02.24 08:38:59.580,1.39405,1.3944,1.60,1.80
2010.02.24 08:38:59.929,1.39415,1.3944,1.60,1.80
2010.02.24 08:39:01.061,1.39415,1.39445,1.60,1.00
2010.02.24 08:39:01.811,1.39415,1.39445,1.60,1.80
2010.02.24 08:39:03.743,1.39415,1.39445,1.60,1.00
2010.02.24 08:39:05.556,1.39415,1.3944,1.60,1.00
2010.02.24 08:39:05.917,1.39405,1.39435,8.80,1.00
2010.02.24 08:39:07.413,1.39405,1.39435,1.60,1.00
2010.02.24 08:39:07.591,1.39405,1.39435,1.60,3.40
2010.02.24 08:39:10.336,1.3941,1.39435,1.00,3.40
2010.02.24 08:39:11.052,1.3941,1.39435,1.00,1.80
2010.02.24 08:39:12.335,1.39405,1.3944,1.60,4.20
2010.02.24 08:39:13.044,1.39405,1.39425,1.60,1.60
2010.02.24 08:39:13.565,1.39395,1.39425,6.40,1.60
2010.02.24 08:39:13.746,1.39405,1.39435,2.00,3.40
2010.02.24 08:39:13.907,1.3941,1.3944,1.00,3.80
2010.02.24 08:39:14.066,1.3941,1.3944,1.60,2.00
2010.02.24 08:39:14.269,1.3941,1.3944,1.60,1.60
2010.02.24 08:39:14.879,1.39415,1.39445,1.60,3.40
2010.02.24 08:39:15.124,1.39415,1.39445,3.20,1.60
2010.02.24 08:39:15.790,1.3941,1.39445,6.00,1.60
2010.02.24 08:39:15.952,1.39415,1.3944,3.20,1.60
2010.02.24 08:39:16.560,1.39415,1.3944,1.60,1.60
2010.02.24 08:39:16.935,1.3941,1.3944,3.20,1.60
2010.02.24 08:39:17.720,1.39415,1.3944,1.60,1.60
2010.02.24 08:39:18.039,1.39415,1.39445,1.60,1.60
2010.02.24 08:39:19.144,1.39405,1.39435,3.20,1.60
2010.02.24 08:39:20.285,1.39415,1.39445,4.80,1.60
2010.02.24 08:39:20.470,1.39425,1.39445,1.60,1.60
2010.02.24 08:39:21.217,1.39425,1.3945,1.60,1.60
2010.02.24 08:39:21.579,1.39435,1.3945,1.60,1.60
2010.02.24 08:39:22.292,1.39435,1.3946,1.60,1.60
2010.02.24 08:39:22.645,1.39435,1.3946,1.60,1.00
2010.02.24 08:39:23.338,1.3944,1.3947,1.00,3.40
2010.02.24 08:39:23.572,1.39435,1.3946,1.60,1.00
2010.02.24 08:39:24.800,1.39435,1.39465,1.60,3.60
2010.02.24 08:39:26.184,1.39435,1.39465,1.60,3.60
2010.02.24 08:39:26.889,1.3943,1.3946,3.20,1.60
2010.02.24 08:39:27.660,1.3943,1.39455,3.20,1.60
2010.02.24 08:39:28.029,1.3943,1.39455,3.20,3.20
2010.02.24 08:39:29.753,1.3943,1.3946,3.20,3.80
2010.02.24 08:39:30.336,1.39435,1.3946,1.60,1.00
2010.02.24 08:39:30.558,1.3943,1.39465,5.60,1.60
2010.02.24 08:39:31.150,1.3943,1.39465,5.60,4.00
2010.02.24 08:39:31.389,1.39435,1.3947,1.60,5.00
2010.02.24 08:39:32.550,1.39435,1.3947,1.60,5.00
2010.02.24 08:39:32.792,1.39435,1.3947,3.20,1.00
2010.02.24 08:39:33.713,1.39435,1.3947,1.60,3.40
2010.02.24 08:39:34.586,1.3943,1.3947,5.60,3.40
2010.02.24 08:39:34.877,1.3943,1.3947,6.40,3.40
2010.02.24 08:39:34.962,1.3943,1.3947,5.60,3.40
2010.02.24 08:39:35.611,1.3943,1.3947,5.60,4.20
2010.02.24 08:39:35.724,1.39435,1.3947,8.80,1.60
2010.02.24 08:39:35.809,1.3944,1.3947,1.60,1.60
2010.02.24 08:39:35.902,1.3944,1.39475,1.60,1.60
2010.02.24 08:39:36.253,1.3944,1.39475,8.00,1.60
2010.02.24 08:39:37.059,1.3944,1.39475,3.20,5.00
2010.02.24 08:39:37.411,1.3944,1.39475,2.40,5.00
2010.02.24 08:39:37.629,1.39435,1.39475,7.20,5.00
2010.02.24 08:39:37.851,1.39435,1.3947,5.60,1.60
2010.02.24 08:39:38.514,1.3943,1.3947,8.80,1.80
2010.02.24 08:39:38.683,1.3943,1.39465,4.00,1.00
2010.02.24 08:39:39.445,1.39435,1.39465,1.60,1.00
2010.02.24 08:39:39.631,1.39435,1.39465,3.20,1.00
2010.02.24 08:39:40.823,1.3944,1.3947,1.60,3.40
2010.02.24 08:39:41.174,1.3944,1.3947,1.60,2.60
2010.02.24 08:39:42.078,1.39435,1.3947,3.20,3.40
2010.02.24 08:39:42.436,1.39435,1.3947,3.20,2.60
2010.02.24 08:39:42.789,1.39435,1.3947,3.20,1.80
2010.02.24 08:39:43.310,1.39435,1.3947,3.20,2.20
2010.02.24 08:39:43.514,1.39425,1.39455,7.20,1.00
2010.02.24 08:39:44.066,1.39425,1.39455,5.60,1.60
2010.02.24 08:39:44.678,1.39425,1.3945,4.80,1.00
2010.02.24 08:39:44.869,1.3942,1.3945,1.60,1.00
2010.02.24 08:39:46.865,1.3943,1.39455,1.00,1.80
2010.02.24 08:39:47.687,1.39435,1.3946,1.60,1.00
2010.02.24 08:39:47.961,1.39435,1.39465,4.00,1.00
2010.02.24 08:39:48.686,1.39435,1.3947,4.00,4.60
2010.02.24 08:39:49.058,1.39435,1.3947,4.00,3.80
2010.02.24 08:39:50.108,1.39435,1.3947,4.00,3.90
2010.02.24 08:39:52.364,1.39445,1.39475,1.60,1.80
2010.02.24 08:39:53.287,1.3945,1.39475,2.40,1.80
2010.02.24 08:39:53.449,1.3945,1.3948,2.40,1.80
2010.02.24 08:39:54.274,1.39445,1.39475,4.00,1.00
2010.02.24 08:39:54.609,1.39445,1.39475,4.00,1.60
2010.02.24 08:39:55.937,1.39445,1.39475,4.80,1.60
2010.02.24 08:39:56.839,1.39445,1.39475,4.00,1.60
2010.02.24 08:39:57.676,1.3945,1.39475,1.00,1.00
2010.02.24 08:39:58.032,1.3945,1.39475,2.40,1.00
2010.02.24 08:39:59.302,1.39455,1.39475,1.60,1.00
2010.02.24 08:39:59.482,1.39455,1.3948,1.60,1.00
2010.02.24 08:40:00.542,1.39455,1.39485,1.60,1.80
2010.02.24 08:40:03.391,1.39455,1.39485,1.60,2.60
2010.02.24 08:40:05.317,1.39455,1.39485,1.60,1.80
2010.02.24 08:40:06.289,1.39455,1.39485,1.60,2.60
2010.02.24 08:40:10.612,1.3945,1.39485,4.00,1.80
2010.02.24 08:40:12.019,1.39465,1.3948,1.00,1.00
2010.02.24 08:40:12.850,1.39455,1.39495,3.20,1.00
2010.02.24 08:40:12.971,1.39455,1.395,3.20,3.40
2010.02.24 08:40:13.091,1.39465,1.395,3.20,1.80
2010.02.24 08:40:14.265,1.3946,1.395,5.60,6.60
2010.02.24 08:40:14.407,1.39465,1.39495,3.20,1.00
2010.02.24 08:40:14.525,1.39465,1.39495,3.20,1.80
2010.02.24 08:40:15.184,1.39465,1.39495,3.20,1.80
2010.02.24 08:40:16.010,1.39465,1.39495,1.00,5.40
2010.02.24 08:40:16.827,1.39465,1.3949,1.00,1.60
2010.02.24 08:40:17.188,1.39465,1.39495,1.00,1.80
2010.02.24 08:40:17.545,1.39465,1.39495,1.60,1.80
2010.02.24 08:40:17.699,1.39465,1.39495,3.20,1.80
2010.02.24 08:40:19.642,1.39465,1.39495,3.20,1.00
2010.02.24 08:40:19.789,1.39465,1.39495,3.20,1.00
2010.02.24 08:40:22.539,1.39465,1.39495,1.60,3.20
2010.02.24 08:40:23.328,1.39465,1.3949,1.00,1.60
2010.02.24 08:40:24.823,1.39465,1.3949,1.00,1.60
2010.02.24 08:40:24.885,1.39465,1.39495,2.40,7.40
2010.02.24 08:40:25.474,1.3946,1.3949,1.60,1.60
2010.02.24 08:40:25.536,1.39465,1.3949,1.00,1.60
2010.02.24 08:40:25.611,1.39465,1.3949,1.00,1.80
2010.02.24 08:40:26.470,1.39455,1.3949,3.20,1.80
2010.02.24 08:40:27.727,1.39455,1.3949,3.20,3.40
2010.02.24 08:40:28.999,1.39455,1.39485,3.20,1.60
2010.02.24 08:40:30.250,1.39455,1.39485,1.60,1.60
2010.02.24 08:40:30.778,1.3945,1.39485,1.00,5.00
2010.02.24 08:40:31.130,1.39445,1.39485,3.20,11.40
2010.02.24 08:40:31.485,1.39445,1.39485,3.20,11.80
2010.02.24 08:40:31.840,1.39445,1.3948,3.20,3.40
2010.02.24 08:40:33.157,1.39445,1.3948,4.00,3.40
2010.02.24 08:40:33.508,1.39455,1.39475,1.60,1.00
2010.02.24 08:40:33.564,1.39445,1.39475,2.40,1.00
2010.02.24 08:40:35.638,1.3945,1.39475,1.00,1.00
2010.02.24 08:40:35.996,1.39445,1.39475,4.00,1.00
2010.02.24 08:40:36.867,1.39455,1.39475,1.60,1.00
2010.02.24 08:40:37.247,1.3945,1.39475,1.00,1.00
2010.02.24 08:40:37.603,1.39455,1.39485,1.60,5.00
2010.02.24 08:40:38.301,1.39455,1.39485,1.60,3.40
2010.02.24 08:40:38.564,1.39455,1.3948,1.60,2.40
2010.02.24 08:40:38.686,1.39455,1.39485,1.60,5.00
2010.02.24 08:40:38.810,1.39445,1.39485,5.60,6.60
2010.02.24 08:40:39.587,1.39445,1.39485,4.00,6.60
2010.02.24 08:40:41.151,1.39445,1.39485,4.00,9.00
2010.02.24 08:40:41.519,1.39455,1.39475,1.60,1.00
2010.02.24 08:40:43.631,1.39455,1.39485,1.60,1.00
2010.02.24 08:40:44.533,1.39455,1.39485,1.60,1.80
2010.02.24 08:40:46.579,1.39455,1.39485,1.60,1.80
2010.02.24 08:40:47.749,1.39455,1.39485,1.60,1.00
2010.02.24 08:40:51.167,1.39455,1.3949,1.60,1.00
2010.02.24 08:40:52.531,1.39455,1.3949,1.60,2.20
2010.02.24 08:40:52.837,1.39455,1.39485,1.60,1.60
2010.02.24 08:40:58.050,1.39455,1.39485,6.40,1.60
2010.02.24 08:41:05.404,1.39455,1.39485,7.20,1.60
2010.02.24 08:41:06.255,1.39455,1.39485,6.40,1.60
2010.02.24 08:41:06.537,1.39455,1.39485,7.20,1.60
2010.02.24 08:41:07.086,1.3946,1.39485,1.60,1.60
2010.02.24 08:41:07.839,1.39465,1.39485,1.60,1.60
2010.02.24 08:41:08.218,1.39465,1.3949,1.60,1.60
2010.02.24 08:41:08.994,1.39465,1.39495,1.60,1.60
2010.02.24 08:41:09.606,1.39465,1.395,5.20,2.00
2010.02.24 08:41:09.910,1.3948,1.39515,1.00,8.20
2010.02.24 08:41:10.498,1.3948,1.39515,3.20,4.20
2010.02.24 08:41:11.265,1.3949,1.39515,1.00,1.60
2010.02.24 08:41:11.622,1.3949,1.3952,1.00,1.60
2010.02.24 08:41:13.034,1.39485,1.3952,5.60,3.40
2010.02.24 08:41:13.191,1.39485,1.39515,4.00,1.60
2010.02.24 08:41:13.840,1.39485,1.39515,4.80,1.60
2010.02.24 08:41:15.060,1.39485,1.39515,3.20,1.60
2010.02.24 08:41:18.340,1.39485,1.39515,1.60,1.60
2010.02.24 08:41:21.641,1.3949,1.39515,1.00,1.60
2010.02.24 08:41:24.411,1.39485,1.39515,1.60,1.60
2010.02.24 08:41:25.152,1.39485,1.39515,1.60,1.80
2010.02.24 08:41:25.502,1.39485,1.39515,1.60,4.20
2010.02.24 08:41:26.627,1.39485,1.39515,1.60,4.20
2010.02.24 08:41:27.256,1.3949,1.39515,1.00,1.80
2010.02.24 08:41:36.180,1.39485,1.39515,1.60,1.80
2010.02.24 08:41:37.346,1.3948,1.39515,1.60,1.80
2010.02.24 08:41:39.786,1.39485,1.39515,1.60,1.80
2010.02.24 08:41:44.442,1.39485,1.3951,1.60,1.00
2010.02.24 08:41:44.598,1.3948,1.39505,1.00,1.60
2010.02.24 08:41:46.054,1.3948,1.39505,1.00,2.40
2010.02.24 08:41:46.195,1.3948,1.39505,1.00,1.60
2010.02.24 08:41:47.051,1.39475,1.39505,3.20,1.60
2010.02.24 08:41:47.383,1.39485,1.3951,1.00,1.00
2010.02.24 08:41:47.737,1.39485,1.39515,1.00,5.00
2010.02.24 08:41:49.437,1.39485,1.39515,1.60,2.60
2010.02.24 08:41:49.546,1.39485,1.39515,3.20,2.60
2010.02.24 08:41:50.114,1.39485,1.39515,3.20,1.80
2010.02.24 08:41:50.281,1.39485,1.39515,1.60,3.40
2010.02.24 08:41:51.058,1.39485,1.39515,3.20,1.00
2010.02.24 08:41:51.425,1.39495,1.3952,1.00,3.40
2010.02.24 08:41:52.295,1.39495,1.3952,1.00,1.80
2010.02.24 08:42:06.306,1.39495,1.39525,1.00,4.00
2010.02.24 08:42:06.657,1.39495,1.39525,1.60,1.60
2010.02.24 08:42:08.384,1.39495,1.39525,1.00,6.50
2010.02.24 08:42:10.231,1.395,1.39525,1.00,6.40
2010.02.24 08:42:10.355,1.39495,1.39525,3.60,3.40
2010.02.24 08:42:10.483,1.39495,1.39525,2.00,3.40
2010.02.24 08:42:10.606,1.39495,1.39525,1.00,5.00
2010.02.24 08:42:11.124,1.39495,1.39525,1.00,5.70
2010.02.24 08:42:11.495,1.395,1.39525,1.00,1.80
2010.02.24 08:42:11.849,1.395,1.3953,1.00,4.10
2010.02.24 08:42:13.264,1.395,1.3953,1.00,5.70
2010.02.24 08:42:13.810,1.395,1.3953,1.00,4.90
2010.02.24 08:42:14.002,1.395,1.3953,1.00,4.10
2010.02.24 08:42:17.865,1.39495,1.39525,1.60,1.60
2010.02.24 08:42:22.040,1.39495,1.39525,1.00,3.40
2010.02.24 08:42:25.300,1.39505,1.39525,1.00,3.40
2010.02.24 08:42:25.368,1.39505,1.39525,1.00,1.80
2010.02.24 08:42:25.908,1.395,1.39525,1.00,3.20
2010.02.24 08:42:25.998,1.395,1.39525,1.00,1.60
2010.02.24 08:42:26.160,1.395,1.3953,1.00,4.20
2010.02.24 08:42:27.032,1.395,1.3953,1.00,3.40
2010.02.24 08:42:27.742,1.395,1.3953,1.00,4.20
2010.02.24 08:42:27.992,1.395,1.3953,1.00,5.00
2010.02.24 08:42:28.709,1.39505,1.3953,1.00,4.20
2010.02.24 08:42:28.850,1.39505,1.3953,1.00,5.00
2010.02.24 08:42:29.335,1.39505,1.3953,1.00,2.60
2010.02.24 08:42:29.457,1.39505,1.3953,1.00,1.80
2010.02.24 08:42:31.912,1.39505,1.39535,1.00,7.30
2010.02.24 08:42:32.232,1.39505,1.39535,1.00,6.60
2010.02.24 08:42:33.145,1.395,1.3953,1.00,4.80
2010.02.24 08:42:34.244,1.395,1.3953,2.30,3.20
2010.02.24 08:42:34.423,1.39505,1.3953,1.00,1.60
2010.02.24 08:42:34.707,1.39505,1.39535,1.00,14.00
2010.02.24 08:42:34.985,1.39505,1.3953,1.00,1.60
2010.02.24 08:42:43.834,1.395,1.3953,1.60,3.20
2010.02.24 08:42:43.902,1.395,1.3953,1.60,3.80
2010.02.24 08:42:43.971,1.395,1.39525,1.00,1.60
2010.02.24 08:42:44.812,1.395,1.3953,1.00,7.80
2010.02.24 08:42:45.054,1.39505,1.3953,1.00,7.70
2010.02.24 08:42:45.279,1.39505,1.3953,1.00,6.90
2010.02.24 08:42:46.601,1.395,1.3953,1.00,9.40
2010.02.24 08:42:46.921,1.395,1.3953,1.00,7.00
2010.02.24 08:42:47.447,1.395,1.3953,1.00,7.80
2010.02.24 08:42:47.824,1.39495,1.39525,1.60,1.60
2010.02.24 08:42:48.658,1.3949,1.3952,4.80,1.60
2010.02.24 08:42:50.070,1.39495,1.39525,1.60,1.60
2010.02.24 08:42:51.056,1.395,1.39525,1.00,1.60
2010.02.24 08:42:54.661,1.395,1.3953,1.00,3.20
2010.02.24 08:42:56.534,1.39505,1.39535,1.00,9.80
2010.02.24 08:42:57.373,1.39505,1.39535,1.00,5.00
2010.02.24 08:42:57.660,1.39505,1.39535,1.00,6.60
2010.02.24 08:42:58.212,1.395,1.3953,1.00,3.20
2010.02.24 08:42:58.911,1.395,1.3953,1.00,3.20
2010.02.24 08:42:59.116,1.39505,1.3953,1.00,1.80
2010.02.24 08:42:59.502,1.39505,1.3953,1.00,2.60
2010.02.24 08:42:59.700,1.39505,1.3953,1.00,3.40
2010.02.24 08:43:00.369,1.39505,1.3953,1.00,2.60
2010.02.24 08:43:00.487,1.395,1.3953,2.30,3.40
2010.02.24 08:43:00.810,1.395,1.3953,2.30,2.60
2010.02.24 08:43:01.140,1.395,1.3953,2.30,3.40
2010.02.24 08:43:02.109,1.395,1.39525,2.20,1.60
2010.02.24 08:43:02.451,1.395,1.39525,2.30,1.00
2010.02.24 08:43:03.254,1.39495,1.39525,1.60,2.40
2010.02.24 08:43:03.555,1.39495,1.39525,1.60,3.60
2010.02.24 08:43:03.868,1.395,1.3952,1.60,1.60
2010.02.24 08:43:04.591,1.395,1.39525,1.60,5.80
2010.02.24 08:43:04.879,1.3949,1.39515,1.60,4.00
2010.02.24 08:43:05.059,1.3949,1.39515,1.60,1.60
2010.02.24 08:43:05.985,1.3949,1.39515,1.60,3.20
2010.02.24 08:43:07.409,1.3949,1.39515,1.60,1.60
2010.02.24 08:43:09.766,1.3949,1.39515,1.60,1.00
2010.02.24 08:43:09.855,1.3949,1.39515,1.60,3.60
2010.02.24 08:43:09.944,1.3949,1.39515,1.60,4.40
2010.02.24 08:43:10.593,1.3949,1.39515,1.60,4.00
2010.02.24 08:43:10.947,1.3949,1.39515,1.60,3.20
2010.02.24 08:43:12.118,1.39485,1.39515,1.60,3.20
2010.02.24 08:43:14.018,1.39485,1.39515,1.60,4.80
2010.02.24 08:43:14.126,1.39485,1.39515,1.60,5.00
2010.02.24 08:43:14.238,1.39485,1.3951,1.60,1.00
2010.02.24 08:43:14.339,1.39485,1.3951,1.60,1.60
2010.02.24 08:43:15.856,1.39485,1.395,1.60,1.00
2010.02.24 08:43:15.916,1.39485,1.39495,1.60,1.60
2010.02.24 08:43:16.028,1.39475,1.39495,4.80,1.60
2010.02.24 08:43:16.970,1.39475,1.3952,6.40,5.40
2010.02.24 08:43:17.675,1.39475,1.39515,6.40,2.00
2010.02.24 08:43:18.603,1.39475,1.3951,6.40,1.60
2010.02.24 08:43:19.470,1.39475,1.395,1.60,1.60
2010.02.24 08:43:19.667,1.39475,1.3951,3.20,3.40
2010.02.24 08:43:19.848,1.39475,1.3951,3.20,3.80
2010.02.24 08:43:20.104,1.39475,1.3951,3.20,3.40
2010.02.24 08:43:20.413,1.39475,1.3951,3.20,3.80
2010.02.24 08:43:20.614,1.3948,1.3951,1.00,3.80
2010.02.24 08:43:20.723,1.39485,1.3951,1.60,3.80
2010.02.24 08:43:20.828,1.39485,1.3951,1.60,3.40
2010.02.24 08:43:21.650,1.39485,1.39505,1.60,1.60
2010.02.24 08:43:22.018,1.3947,1.39505,5.60,5.40
2010.02.24 08:43:22.814,1.39465,1.39505,7.60,7.00
2010.02.24 08:43:23.977,1.3947,1.39495,4.00,1.60
2010.02.24 08:43:24.147,1.3947,1.39495,1.00,1.60
2010.02.24 08:43:26.312,1.3947,1.395,1.60,1.00
2010.02.24 08:43:26.828,1.3947,1.39505,5.60,6.40
2010.02.24 08:43:27.183,1.39475,1.3951,3.20,6.60
2010.02.24 08:43:27.888,1.39475,1.3951,3.20,7.00
2010.02.24 08:43:28.131,1.39475,1.3951,3.20,6.60
2010.02.24 08:43:28.821,1.39475,1.39505,1.60,1.00
2010.02.24 08:43:29.070,1.39475,1.3951,3.20,6.60
2010.02.24 08:43:29.822,1.39475,1.3951,4.80,4.80
2010.02.24 08:43:29.985,1.3948,1.3951,1.60,4.80
2010.02.24 08:43:30.837,1.39475,1.39495,3.20,1.60
2010.02.24 08:43:31.154,1.39475,1.3951,4.80,4.00
2010.02.24 08:43:31.506,1.39475,1.3951,4.80,3.20
2010.02.24 08:43:34.910,1.39475,1.3951,4.80,3.20
2010.02.24 08:43:36.880,1.39475,1.39505,1.60,1.60
2010.02.24 08:43:44.081,1.39475,1.395,1.60,1.00
2010.02.24 08:43:44.810,1.39475,1.39505,1.60,3.20
2010.02.24 08:43:45.745,1.3947,1.395,3.20,1.00
2010.02.24 08:43:46.104,1.39465,1.395,4.80,1.00
2010.02.24 08:43:47.283,1.39465,1.395,4.80,1.60
2010.02.24 08:43:48.764,1.39465,1.395,1.60,1.80
2010.02.24 08:43:50.505,1.39465,1.395,1.60,2.60
2010.02.24 08:43:50.592,1.39455,1.39495,3.20,6.60
2010.02.24 08:43:50.656,1.39455,1.39495,3.20,6.20
2010.02.24 08:43:50.715,1.39455,1.3949,3.20,1.00
2010.02.24 08:43:50.779,1.39455,1.3949,3.20,2.60
2010.02.24 08:43:50.837,1.39455,1.3949,3.20,3.40
2010.02.24 08:43:50.900,1.39455,1.3949,3.20,4.20
2010.02.24 08:43:51.473,1.39455,1.3949,3.20,4.20
2010.02.24 08:43:51.544,1.39455,1.39485,1.60,1.80
2010.02.24 08:43:52.793,1.39455,1.39485,3.20,1.00
2010.02.24 08:43:53.405,1.39455,1.39485,4.00,1.00
2010.02.24 08:43:53.611,1.39455,1.39485,4.00,2.60
2010.02.24 08:43:53.855,1.39455,1.39485,2.40,2.60
2010.02.24 08:43:54.092,1.39455,1.39485,2.40,1.00
2010.02.24 08:43:54.327,1.39455,1.39485,4.00,1.00
2010.02.24 08:43:58.703,1.39455,1.39485,4.00,1.00
2010.02.24 08:43:58.864,1.39455,1.3949,4.00,2.60
2010.02.24 08:44:00.806,1.39455,1.3949,4.00,1.80
2010.02.24 08:44:01.571,1.39455,1.39485,3.20,3.20
2010.02.24 08:44:02.650,1.39455,1.39485,3.20,1.60
2010.02.24 08:44:03.020,1.39455,1.39475,1.60,1.60
2010.02.24 08:44:04.450,1.3945,1.39475,2.40,1.00
2010.02.24 08:44:04.546,1.39445,1.39475,7.20,1.00
2010.02.24 08:44:04.647,1.39445,1.39475,4.80,1.60
2010.02.24 08:44:05.195,1.39445,1.39475,4.00,1.60
2010.02.24 08:44:05.299,1.39445,1.39475,3.20,1.60
2010.02.24 08:44:06.366,1.39445,1.39475,1.60,6.40
2010.02.24 08:44:06.584,1.39445,1.3947,1.60,1.00
2010.02.24 08:44:06.948,1.39445,1.3948,1.60,1.80
2010.02.24 08:44:07.447,1.39445,1.3948,3.20,1.80
2010.02.24 08:44:07.811,1.39445,1.3947,4.00,1.60
2010.02.24 08:44:08.169,1.39445,1.3947,3.20,1.60
2010.02.24 08:44:08.910,1.39445,1.3947,1.60,2.10
2010.02.24 08:44:10.042,1.39445,1.39475,1.60,6.40
2010.02.24 08:44:10.706,1.39445,1.39475,1.60,1.60
2010.02.24 08:44:10.882,1.39445,1.3948,1.60,5.80
2010.02.24 08:44:11.608,1.39445,1.3948,1.60,5.00
2010.02.24 08:44:11.882,1.39445,1.3948,1.60,5.80
2010.02.24 08:44:12.576,1.39455,1.3948,1.60,2.60
2010.02.24 08:44:13.457,1.39445,1.3948,1.60,4.20
2010.02.24 08:44:13.553,1.39445,1.3948,1.60,5.80
2010.02.24 08:44:14.845,1.39445,1.3948,1.60,4.20
2010.02.24 08:44:16.137,1.39445,1.39475,1.60,1.00
2010.02.24 08:44:16.343,1.39445,1.39475,1.60,4.00
2010.02.24 08:44:17.025,1.39445,1.39465,1.60,1.60
2010.02.24 08:44:17.380,1.3944,1.39465,1.60,1.60
2010.02.24 08:44:17.736,1.39445,1.39465,1.60,1.60
2010.02.24 08:44:18.935,1.39435,1.39465,8.00,1.60
2010.02.24 08:44:20.208,1.39435,1.39465,4.00,2.40
2010.02.24 08:44:20.470,1.39435,1.39465,4.00,1.60
2010.02.24 08:44:21.023,1.39435,1.39465,4.00,3.20
2010.02.24 08:44:21.241,1.39435,1.3946,3.20,1.00
2010.02.24 08:44:21.453,1.3943,1.3945,1.60,3.20
2010.02.24 08:44:21.978,1.39425,1.3945,1.60,3.20
2010.02.24 08:44:22.335,1.39425,1.3946,1.60,6.60
2010.02.24 08:44:22.877,1.39425,1.3946,1.60,1.80
2010.02.24 08:44:23.232,1.39425,1.3946,1.60,3.40
2010.02.24 08:44:26.859,1.39425,1.3946,1.60,3.40
2010.02.24 08:44:27.596,1.39425,1.3946,1.60,3.40
2010.02.24 08:44:27.966,1.39435,1.3946,1.60,2.60
2010.02.24 08:44:29.237,1.39435,1.3946,1.60,3.40
2010.02.24 08:44:29.817,1.39425,1.3946,1.60,3.40
2010.02.24 08:44:29.948,1.39425,1.39455,1.60,1.00
2010.02.24 08:44:30.936,1.39425,1.3945,1.60,3.20
2010.02.24 08:44:34.421,1.39425,1.3945,1.60,1.60
2010.02.24 08:44:34.617,1.39425,1.3945,1.60,2.40
2010.02.24 08:44:35.338,1.39425,1.3945,1.60,1.60
2010.02.24 08:44:35.610,1.39425,1.3945,1.60,2.40
2010.02.24 08:44:36.338,1.39425,1.3945,1.60,3.20
2010.02.24 08:44:36.635,1.39425,1.3945,1.60,1.60
2010.02.24 08:44:37.377,1.39425,1.3945,1.60,4.00
2010.02.24 08:44:37.667,1.39425,1.3945,1.60,4.80
2010.02.24 08:44:38.018,1.39425,1.3945,1.60,3.20
2010.02.24 08:44:39.396,1.39425,1.3945,1.60,3.30
2010.02.24 08:44:39.931,1.39425,1.39455,1.60,6.20
2010.02.24 08:44:40.102,1.3942,1.39445,1.60,1.00
2010.02.24 08:44:40.270,1.3942,1.39445,1.60,1.60
2010.02.24 08:44:40.804,1.3942,1.39445,1.60,3.40
2010.02.24 08:44:40.991,1.3941,1.39435,1.00,1.00
2010.02.24 08:44:41.897,1.39405,1.39425,1.60,1.60
2010.02.24 08:44:42.261,1.39395,1.3943,3.20,4.20
2010.02.24 08:44:43.055,1.39405,1.3943,1.60,1.00
2010.02.24 08:44:43.421,1.39395,1.3943,5.60,2.40
2010.02.24 08:44:44.073,1.39405,1.3943,1.60,2.40
2010.02.24 08:44:44.260,1.39405,1.39435,3.20,5.00
2010.02.24 08:44:45.060,1.394,1.39425,3.10,1.00
2010.02.24 08:44:45.332,1.394,1.3943,3.20,1.00
2010.02.24 08:44:45.454,1.394,1.3943,1.60,1.00
2010.02.24 08:44:45.556,1.39395,1.3943,8.00,2.40
2010.02.24 08:44:46.104,1.39405,1.3943,1.00,2.40
2010.02.24 08:44:46.220,1.39395,1.3943,8.00,2.40
2010.02.24 08:44:47.847,1.39395,1.39425,8.00,1.00
2010.02.24 08:44:48.469,1.39395,1.39425,8.00,1.00
2010.02.24 08:44:49.235,1.39395,1.3942,4.80,1.00
2010.02.24 08:44:49.551,1.39395,1.39425,5.60,2.80
2010.02.24 08:44:49.714,1.39395,1.39425,4.80,1.00
2010.02.24 08:44:50.678,1.39395,1.39425,6.40,1.00
2010.02.24 08:44:50.764,1.39395,1.3942,3.20,1.00
2010.02.24 08:44:51.354,1.39395,1.3942,4.00,1.00
2010.02.24 08:44:51.572,1.39395,1.3942,3.20,1.00
2010.02.24 08:44:52.534,1.39395,1.39425,4.80,2.90
2010.02.24 08:44:52.885,1.39395,1.39425,3.20,2.90
2010.02.24 08:44:54.380,1.39395,1.3942,3.20,1.00
2010.02.24 08:44:55.471,1.39395,1.39425,3.20,3.00
2010.02.24 08:44:55.995,1.394,1.39425,1.60,2.40
2010.02.24 08:44:56.153,1.394,1.3943,3.20,1.00
2010.02.24 08:44:56.391,1.394,1.3943,3.20,1.00
2010.02.24 08:44:56.627,1.394,1.3943,1.60,1.60
2010.02.24 08:44:57.367,1.39395,1.3943,8.00,1.60
2010.02.24 08:44:57.726,1.39405,1.3943,1.60,1.60
2010.02.24 08:44:58.968,1.39405,1.3943,3.20,1.00
2010.02.24 08:44:59.247,1.3942,1.39435,1.60,1.00
2010.02.24 08:44:59.790,1.3942,1.39435,1.60,1.00
2010.02.24 08:45:00.026,1.39415,1.39435,1.60,1.00
2010.02.24 08:45:00.254,1.39415,1.3944,1.60,1.00
2010.02.24 08:45:00.931,1.3941,1.3944,1.60,1.00
2010.02.24 08:45:01.118,1.39415,1.3944,1.00,1.00
2010.02.24 08:45:02.506,1.3941,1.3944,2.30,1.00
2010.02.24 08:45:02.887,1.39405,1.3944,6.40,1.00
2010.02.24 08:45:03.575,1.39405,1.39445,8.80,1.00
2010.02.24 08:45:05.029,1.39405,1.39445,6.40,5.50
2010.02.24 08:45:05.548,1.39405,1.39445,6.40,9.40
2010.02.24 08:45:05.908,1.39405,1.3944,1.60,4.20
2010.02.24 08:45:06.164,1.39405,1.39435,1.60,1.00
2010.02.24 08:45:06.930,1.39405,1.3944,1.60,5.00
2010.02.24 08:45:07.308,1.394,1.39435,3.20,1.00
2010.02.24 08:45:08.105,1.39405,1.39435,1.60,1.00
2010.02.24 08:45:08.730,1.39405,1.3944,1.60,1.80
2010.02.24 08:45:09.058,1.39405,1.3944,1.60,2.60
2010.02.24 08:45:09.790,1.39405,1.3944,1.60,3.40
2010.02.24 08:45:09.991,1.39405,1.39435,3.20,1.60
2010.02.24 08:45:10.539,1.3941,1.3944,1.60,1.00
2010.02.24 08:45:10.734,1.3941,1.3944,3.20,1.00
2010.02.24 08:45:14.403,1.39415,1.3944,3.20,1.00
2010.02.24 08:45:14.613,1.39415,1.39455,5.60,5.00
2010.02.24 08:45:15.293,1.39415,1.39455,6.40,4.20
2010.02.24 08:45:15.507,1.39415,1.3945,2.40,4.20
2010.02.24 08:45:16.250,1.3941,1.39445,3.20,1.60
2010.02.24 08:45:16.596,1.39405,1.39445,7.20,4.20
2010.02.24 08:45:17.671,1.3941,1.39445,2.30,2.60
2010.02.24 08:45:17.983,1.3941,1.3944,1.60,1.00
2010.02.24 08:45:18.292,1.3941,1.3944,1.60,1.00
2010.02.24 08:45:19.694,1.3941,1.3944,1.60,1.00
2010.02.24 08:45:19.943,1.3941,1.39445,1.60,2.60
2010.02.24 08:45:21.551,1.39415,1.39445,1.60,1.60
2010.02.24 08:45:22.238,1.3942,1.39445,1.60,1.60
2010.02.24 08:45:22.911,1.3942,1.39455,1.60,4.20
2010.02.24 08:45:23.276,1.3942,1.3945,1.60,1.00
2010.02.24 08:45:24.153,1.39415,1.3945,2.00,3.40
2010.02.24 08:45:24.360,1.39415,1.3945,1.60,3.80
2010.02.24 08:45:25.031,1.39415,1.39445,1.60,1.00
2010.02.24 08:45:25.347,1.39415,1.3944,1.60,1.60
2010.02.24 08:45:26.159,1.39405,1.3944,6.40,1.60
2010.02.24 08:45:26.371,1.39405,1.3944,1.60,5.40
2010.02.24 08:45:27.048,1.394,1.39435,4.80,2.00
2010.02.24 08:45:27.415,1.394,1.39425,1.60,1.60
2010.02.24 08:45:28.217,1.394,1.3942,1.60,1.60
2010.02.24 08:45:28.854,1.394,1.3942,2.40,1.60
2010.02.24 08:45:29.626,1.39385,1.39415,6.40,1.60
2010.02.24 08:45:30.941,1.39385,1.3941,6.40,1.00
2010.02.24 08:45:31.132,1.39385,1.39415,6.40,1.60
2010.02.24 08:45:31.307,1.39385,1.39415,6.40,1.00
2010.02.24 08:45:31.827,1.39385,1.3942,6.40,1.60
2010.02.24 08:45:34.129,1.39385,1.3941,6.40,1.00
2010.02.24 08:45:34.705,1.39385,1.3942,6.40,1.60
2010.02.24 08:45:34.933,1.39385,1.3942,7.20,1.60
2010.02.24 08:45:35.496,1.394,1.3942,2.40,1.00
2010.02.24 08:45:35.690,1.394,1.3943,2.40,1.00
2010.02.24 08:45:36.923,1.394,1.39435,2.40,5.00
2010.02.24 08:45:38.741,1.394,1.39435,7.20,5.00
2010.02.24 08:45:39.339,1.394,1.39435,2.40,5.40
2010.02.24 08:45:39.474,1.394,1.39435,2.40,4.20
2010.02.24 08:45:39.601,1.394,1.39435,4.00,4.20
2010.02.24 08:45:39.737,1.394,1.39435,9.60,2.60
2010.02.24 08:45:40.277,1.39405,1.39435,1.60,1.00
2010.02.24 08:45:40.410,1.39405,1.3944,1.60,1.80
2010.02.24 08:45:43.103,1.394,1.39435,4.00,1.60
2010.02.24 08:45:43.639,1.39405,1.3944,3.60,4.20
2010.02.24 08:45:43.705,1.39405,1.3944,3.60,3.40
2010.02.24 08:45:44.666,1.39405,1.39435,3.60,1.00
2010.02.24 08:45:45.066,1.394,1.3943,6.40,1.00
2010.02.24 08:45:45.910,1.39405,1.39435,2.00,1.60
2010.02.24 08:45:46.112,1.39405,1.39435,2.00,1.60
2010.02.24 08:45:47.219,1.39405,1.39435,1.00,3.40
2010.02.24 08:45:47.593,1.39405,1.39435,1.60,2.60
2010.02.24 08:45:48.427,1.39405,1.3944,1.60,3.40
2010.02.24 08:45:49.095,1.39405,1.3944,3.20,1.80
2010.02.24 08:45:49.984,1.39405,1.3944,3.20,1.80
2010.02.24 08:45:50.529,1.3941,1.39445,2.00,5.00
2010.02.24 08:45:50.772,1.3941,1.39445,2.00,3.40
2010.02.24 08:45:51.333,1.3941,1.3943,2.00,1.00
2010.02.24 08:45:59.698,1.39405,1.3942,1.60,1.00
2010.02.24 08:45:59.836,1.39395,1.3942,7.60,1.00
2010.02.24 08:45:59.912,1.39395,1.3942,2.80,1.00
2010.02.24 08:46:00.423,1.39395,1.3942,2.00,1.00
2010.02.24 08:46:00.634,1.39395,1.39425,2.00,2.60
2010.02.24 08:46:00.947,1.39395,1.39425,2.00,1.80
2010.02.24 08:46:05.957,1.39395,1.39425,3.60,1.80
2010.02.24 08:46:06.171,1.39405,1.3943,1.60,2.60
2010.02.24 08:46:06.378,1.39405,1.3943,1.60,1.00
2010.02.24 08:46:10.131,1.39415,1.3943,2.40,1.00
2010.02.24 08:46:10.288,1.39415,1.39435,3.20,1.00
2010.02.24 08:46:10.893,1.39405,1.39435,1.60,1.00
2010.02.24 08:46:11.103,1.39405,1.3943,1.60,1.00
2010.02.24 08:46:11.316,1.39405,1.39435,1.60,1.80
2010.02.24 08:46:11.520,1.39405,1.39435,1.60,1.00
2010.02.24 08:46:12.171,1.39405,1.39435,1.60,1.00
2010.02.24 08:46:13.414,1.394,1.39435,3.20,1.80
2010.02.24 08:46:13.600,1.394,1.39425,1.60,1.00
2010.02.24 08:46:13.788,1.394,1.39425,3.20,1.00
2010.02.24 08:46:14.436,1.39405,1.39435,3.20,1.00
2010.02.24 08:46:14.598,1.39405,1.39435,1.60,1.00
2010.02.24 08:46:14.863,1.39405,1.3943,1.60,1.00
2010.02.24 08:46:15.766,1.39405,1.39425,1.60,1.00
2010.02.24 08:46:15.954,1.394,1.39425,1.60,1.00
2010.02.24 08:46:16.536,1.39395,1.3941,1.00,1.00
2010.02.24 08:46:16.722,1.39385,1.394,1.60,1.00
2010.02.24 08:46:17.284,1.39375,1.39405,1.00,1.60
2010.02.24 08:46:17.668,1.3937,1.394,1.60,1.00
2010.02.24 08:46:18.848,1.3937,1.394,1.60,2.60
2010.02.24 08:46:19.391,1.3937,1.394,1.60,1.00
2010.02.24 08:46:19.693,1.3938,1.3939,1.60,1.00
2010.02.24 08:46:20.309,1.39375,1.39405,1.00,9.00
2010.02.24 08:46:20.512,1.39365,1.39405,6.40,9.00
2010.02.24 08:46:20.710,1.39365,1.39405,6.40,9.80
2010.02.24 08:46:21.212,1.39375,1.39405,1.60,5.80
2010.02.24 08:46:21.539,1.3937,1.39405,2.40,7.40
2010.02.24 08:46:21.849,1.3937,1.39405,2.40,4.20
2010.02.24 08:46:22.581,1.3937,1.39405,2.40,2.60
2010.02.24 08:46:23.244,1.3937,1.39405,4.00,1.00
2010.02.24 08:46:24.630,1.39385,1.39405,1.60,1.00
2010.02.24 08:46:24.879,1.39385,1.39405,1.60,1.00
2010.02.24 08:46:26.114,1.39385,1.3941,1.60,1.80
2010.02.24 08:46:27.949,1.3938,1.394,1.60,1.00
2010.02.24 08:46:28.829,1.3938,1.39405,1.60,1.60
2010.02.24 08:46:29.146,1.39385,1.3941,1.60,2.60
2010.02.24 08:46:29.894,1.39385,1.3941,1.60,1.80
2010.02.24 08:46:31.689,1.39375,1.3941,1.60,5.80
2010.02.24 08:46:32.618,1.39375,1.3941,1.60,3.40
2010.02.24 08:46:33.798,1.39375,1.39405,1.60,1.00
2010.02.24 08:46:33.934,1.3937,1.3939,4.00,1.00
2010.02.24 08:46:34.474,1.39365,1.3939,4.00,1.00
2010.02.24 08:46:34.613,1.39365,1.39395,4.00,1.60
2010.02.24 08:46:34.742,1.3937,1.39395,1.60,1.60
2010.02.24 08:46:35.052,1.39375,1.39395,2.00,1.60
2010.02.24 08:46:35.974,1.39375,1.3939,2.00,1.00
2010.02.24 08:46:36.066,1.3937,1.3939,2.00,1.00
2010.02.24 08:46:36.308,1.39365,1.3939,4.00,1.00
2010.02.24 08:46:36.920,1.39365,1.3939,3.20,1.00
2010.02.24 08:46:38.321,1.39375,1.39395,2.00,1.60
2010.02.24 08:46:38.965,1.39375,1.39395,2.00,1.00
2010.02.24 08:46:39.188,1.39375,1.3939,2.00,1.00
2010.02.24 08:46:39.287,1.39375,1.3939,1.00,1.00
2010.02.24 08:46:39.392,1.39375,1.3939,1.00,1.00
2010.02.24 08:46:39.502,1.3937,1.3939,1.00,1.00
2010.02.24 08:46:39.806,1.39365,1.3939,3.20,1.00
2010.02.24 08:46:40.677,1.39365,1.39395,3.20,1.60
2010.02.24 08:46:40.849,1.39365,1.394,4.80,2.40
2010.02.24 08:46:41.465,1.39365,1.394,3.20,2.40
2010.02.24 08:46:41.823,1.3937,1.39405,1.60,4.20
2010.02.24 08:46:42.180,1.3937,1.39405,1.60,3.40
2010.02.24 08:46:42.531,1.39365,1.39395,3.20,1.60
2010.02.24 08:46:43.850,1.39375,1.39395,2.20,1.60
2010.02.24 08:46:43.959,1.39375,1.394,2.20,1.00
2010.02.24 08:46:46.109,1.3937,1.39395,2.40,1.00
2010.02.24 08:46:47.151,1.39375,1.39405,1.00,5.00
2010.02.24 08:46:47.756,1.39375,1.39405,2.40,3.40
2010.02.24 08:46:48.116,1.39385,1.39405,1.60,1.60
2010.02.24 08:46:48.399,1.3938,1.3941,1.60,1.00
2010.02.24 08:46:48.680,1.3938,1.3941,2.40,1.00
2010.02.24 08:46:49.222,1.3938,1.39405,1.00,1.60
2010.02.24 08:46:49.427,1.39375,1.39405,1.60,1.60
2010.02.24 08:46:50.108,1.39375,1.39395,1.60,1.00
2010.02.24 08:46:51.278,1.3938,1.39395,1.60,1.60
2010.02.24 08:46:51.441,1.3937,1.39395,5.60,1.60
2010.02.24 08:46:51.596,1.3937,1.39395,3.20,1.60
2010.02.24 08:46:51.754,1.39375,1.39395,1.60,1.60
2010.02.24 08:46:52.668,1.39375,1.39395,1.60,1.60
2010.02.24 08:46:53.030,1.39375,1.39395,1.60,1.60
2010.02.24 08:46:54.132,1.39375,1.39395,1.60,1.80
2010.02.24 08:46:54.775,1.3937,1.3938,1.00,1.60
2010.02.24 08:46:54.991,1.39345,1.3938,2.20,1.60
2010.02.24 08:46:55.549,1.3934,1.3938,4.00,1.60
2010.02.24 08:46:55.759,1.3934,1.3938,1.60,1.60
2010.02.24 08:46:56.640,1.39345,1.39375,1.60,1.60
2010.02.24 08:46:57.802,1.3935,1.39375,1.00,1.60
2010.02.24 08:46:58.183,1.3935,1.39375,3.10,1.60
2010.02.24 08:47:01.027,1.3935,1.39375,2.40,1.60
2010.02.24 08:47:01.126,1.3935,1.39375,1.60,1.60
2010.02.24 08:47:01.313,1.3935,1.39375,1.60,1.60
2010.02.24 08:47:02.900,1.3935,1.39375,2.30,1.60
2010.02.24 08:47:04.097,1.3935,1.3938,2.30,1.80
2010.02.24 08:47:04.260,1.3935,1.3938,2.80,1.80
2010.02.24 08:47:04.350,1.3935,1.39375,2.80,1.60
2010.02.24 08:47:05.208,1.39355,1.39375,1.00,1.60
2010.02.24 08:47:05.331,1.39355,1.39375,2.20,1.60
2010.02.24 08:47:06.450,1.39355,1.39385,2.00,1.60
2010.02.24 08:47:07.085,1.3937,1.3939,1.60,3.00
2010.02.24 08:47:07.387,1.39375,1.39405,1.00,1.60
2010.02.24 08:47:07.978,1.3939,1.3943,2.00,3.00
2010.02.24 08:47:08.809,1.3939,1.3943,6.00,1.60
2010.02.24 08:47:09.116,1.39395,1.39425,2.80,3.60
2010.02.24 08:47:09.855,1.39395,1.3942,2.80,1.60
2010.02.24 08:47:10.164,1.39405,1.3942,1.60,1.60
2010.02.24 08:47:10.435,1.39405,1.39425,2.20,3.20
2010.02.24 08:47:11.187,1.39395,1.39415,1.60,2.40
2010.02.24 08:47:11.867,1.3939,1.39405,1.60,1.60
2010.02.24 08:47:12.241,1.3938,1.39405,1.60,1.80
2010.02.24 08:47:12.942,1.39375,1.39405,2.00,1.80
2010.02.24 08:47:13.989,1.39375,1.39395,2.20,1.00
2010.02.24 08:47:14.846,1.39375,1.39405,2.20,3.40
2010.02.24 08:47:15.512,1.3937,1.39405,3.60,3.40
2010.02.24 08:47:15.737,1.3937,1.39405,2.80,4.00
2010.02.24 08:47:16.915,1.3937,1.39395,1.60,1.60
2010.02.24 08:47:17.273,1.39375,1.39395,2.20,1.60
2010.02.24 08:47:18.063,1.3938,1.394,1.60,1.00
2010.02.24 08:47:18.432,1.3938,1.39395,1.60,1.60
2010.02.24 08:47:19.091,1.3938,1.39395,1.60,1.60
2010.02.24 08:47:19.242,1.3938,1.39395,1.60,1.60
2010.02.24 08:47:20.490,1.3938,1.39405,1.60,3.90
2010.02.24 08:47:21.215,1.3938,1.39405,1.60,2.10
2010.02.24 08:47:21.500,1.3938,1.39405,2.40,1.60
2010.02.24 08:47:22.303,1.3939,1.3941,1.00,1.00
2010.02.24 08:47:22.696,1.39395,1.3941,2.40,1.00
2010.02.24 08:47:24.672,1.3939,1.3941,2.40,1.00
2010.02.24 08:47:25.249,1.39395,1.3941,2.40,1.00
2010.02.24 08:47:26.107,1.39395,1.3941,1.00,1.00
2010.02.24 08:47:26.823,1.3939,1.39415,2.40,1.60
2010.02.24 08:47:26.988,1.3939,1.39415,3.20,1.60
2010.02.24 08:47:27.339,1.3939,1.39415,2.40,1.60
2010.02.24 08:47:28.158,1.3939,1.39415,1.60,1.60
2010.02.24 08:47:32.726,1.3939,1.3941,1.60,1.00
2010.02.24 08:47:33.090,1.39385,1.3941,4.00,1.00
2010.02.24 08:47:33.450,1.39385,1.3941,1.60,1.00
2010.02.24 08:47:34.773,1.3938,1.394,2.00,1.00
2010.02.24 08:47:35.036,1.3938,1.3941,2.00,1.00
2010.02.24 08:47:35.746,1.3938,1.39415,2.00,7.40
2010.02.24 08:47:35.996,1.3938,1.39415,2.00,8.00
2010.02.24 08:47:36.357,1.3938,1.39415,2.00,7.40
2010.02.24 08:47:37.176,1.39385,1.39415,1.60,7.40
2010.02.24 08:47:37.952,1.39385,1.39415,1.60,8.00
2010.02.24 08:47:39.062,1.3938,1.39405,1.60,1.60
2010.02.24 08:47:39.389,1.3939,1.39405,2.40,1.60
2010.02.24 08:47:40.008,1.39385,1.3939,1.60,1.00
2010.02.24 08:47:40.171,1.39375,1.39395,1.60,1.60
2010.02.24 08:47:40.743,1.3938,1.39405,2.40,2.60
2010.02.24 08:47:41.002,1.3938,1.39405,2.40,1.80
2010.02.24 08:47:41.250,1.3938,1.39405,1.60,2.60
2010.02.24 08:47:43.807,1.39395,1.39405,1.60,1.00
2010.02.24 08:47:44.305,1.39395,1.3941,1.60,1.00
2010.02.24 08:47:44.371,1.39395,1.39415,1.60,1.00
2010.02.24 08:47:44.650,1.39395,1.39415,1.60,1.00
2010.02.24 08:47:44.740,1.394,1.39415,1.60,1.00
2010.02.24 08:47:45.235,1.39395,1.3942,1.60,3.20
2010.02.24 08:47:45.422,1.39395,1.39415,1.60,1.60
2010.02.24 08:47:45.600,1.3939,1.3942,2.40,2.60
2010.02.24 08:47:46.475,1.3939,1.3942,3.10,2.40
2010.02.24 08:47:46.819,1.39375,1.39405,7.20,1.00
2010.02.24 08:47:47.520,1.39375,1.39405,2.40,1.00
2010.02.24 08:47:48.702,1.39375,1.39405,2.40,4.20
2010.02.24 08:47:49.781,1.39375,1.394,2.40,1.00
2010.02.24 08:47:50.004,1.3938,1.394,2.20,1.00
2010.02.24 08:47:54.697,1.3938,1.39395,2.20,1.00
2010.02.24 08:47:56.851,1.3938,1.394,2.20,1.00
2010.02.24 08:47:58.293,1.3937,1.39385,1.60,1.00
2010.02.24 08:47:58.665,1.3937,1.39385,2.00,1.00
2010.02.24 08:47:59.487,1.3937,1.3939,2.40,1.00
2010.02.24 08:48:00.272,1.3937,1.3939,1.60,1.00
2010.02.24 08:48:00.971,1.39365,1.39395,1.60,1.80
2010.02.24 08:48:01.141,1.39365,1.3939,1.60,1.00
2010.02.24 08:48:01.816,1.3937,1.3939,2.40,1.00
2010.02.24 08:48:01.977,1.3937,1.3938,2.40,1.00
2010.02.24 08:48:05.510,1.3937,1.3938,1.00,1.00
2010.02.24 08:48:05.651,1.39365,1.3938,2.40,1.00
2010.02.24 08:48:07.518,1.3936,1.3938,2.40,1.00
2010.02.24 08:48:08.200,1.3936,1.3937,2.40,1.00
2010.02.24 08:48:08.537,1.3936,1.39375,1.00,1.00
2010.02.24 08:48:09.301,1.3935,1.39375,2.40,1.60
2010.02.24 08:48:09.395,1.3935,1.3937,2.40,1.00
2010.02.24 08:48:09.490,1.3935,1.3937,1.60,1.00
2010.02.24 08:48:09.580,1.39345,1.3937,2.40,1.00
2010.02.24 08:48:09.920,1.39345,1.39375,2.40,1.60
2010.02.24 08:48:10.406,1.3935,1.39375,2.40,1.60
2010.02.24 08:48:10.725,1.3935,1.39375,1.60,1.60
2010.02.24 08:48:11.045,1.39345,1.3938,3.20,1.80
2010.02.24 08:48:11.587,1.39345,1.39385,6.40,6.60
2010.02.24 08:48:11.930,1.39345,1.3938,5.60,1.00
2010.02.24 08:48:12.656,1.39345,1.3938,6.80,1.00
2010.02.24 08:48:13.384,1.39345,1.39375,5.20,1.60
2010.02.24 08:48:13.955,1.39345,1.39375,3.60,1.60
2010.02.24 08:48:14.158,1.39345,1.3938,4.00,1.60
2010.02.24 08:48:14.708,1.39345,1.39375,1.00,1.60
2010.02.24 08:48:14.910,1.3934,1.39375,6.40,1.60
2010.02.24 08:48:15.742,1.3934,1.39375,5.60,1.60
2010.02.24 08:48:16.141,1.3934,1.3938,7.20,8.20
2010.02.24 08:48:16.796,1.39345,1.3938,1.20,5.80
2010.02.24 08:48:16.987,1.39345,1.3938,4.40,4.20
2010.02.24 08:48:17.673,1.39345,1.3938,4.40,1.80
2010.02.24 08:48:18.042,1.39345,1.39385,4.40,6.20
2010.02.24 08:48:19.386,1.39345,1.39385,4.00,6.20
2010.02.24 08:48:21.712,1.39345,1.39385,4.80,6.20
2010.02.24 08:48:22.275,1.39345,1.3938,4.80,4.80
2010.02.24 08:48:23.404,1.3936,1.3938,1.60,2.40
2010.02.24 08:48:23.757,1.3936,1.39385,1.60,1.60
2010.02.24 08:48:32.290,1.39355,1.3938,3.20,1.00
2010.02.24 08:48:34.592,1.39355,1.3938,1.60,1.00
2010.02.24 08:48:35.238,1.39355,1.3937,1.60,1.00
2010.02.24 08:48:35.607,1.39355,1.3938,3.20,1.00
2010.02.24 08:48:36.662,1.39355,1.39375,1.60,1.60
2010.02.24 08:48:37.206,1.3935,1.39375,2.40,1.60
2010.02.24 08:48:37.342,1.39345,1.39375,4.00,1.60
2010.02.24 08:48:38.269,1.39355,1.3938,1.60,4.00
2010.02.24 08:48:38.839,1.39355,1.3938,1.60,3.20
2010.02.24 08:48:39.202,1.39355,1.3938,1.60,5.20
2010.02.24 08:48:40.242,1.39355,1.3938,1.60,3.60
2010.02.24 08:48:40.842,1.39355,1.3938,1.60,3.20
2010.02.24 08:48:43.166,1.39355,1.3938,1.60,1.60
2010.02.24 08:48:45.859,1.3936,1.3938,1.00,1.60
2010.02.24 08:48:46.373,1.3936,1.39385,1.00,4.00
2010.02.24 08:48:46.552,1.3936,1.39385,1.00,3.20
2010.02.24 08:48:47.958,1.3936,1.39385,1.00,1.60
2010.02.24 08:48:50.680,1.3936,1.39385,1.00,1.60
2010.02.24 08:48:51.304,1.3936,1.3939,2.80,1.60
2010.02.24 08:48:52.650,1.3936,1.3939,1.00,3.70
2010.02.24 08:48:53.370,1.3936,1.39385,1.00,2.80
2010.02.24 08:48:53.697,1.3936,1.3938,1.00,1.60
2010.02.24 08:48:55.001,1.3936,1.3939,2.00,1.00
2010.02.24 08:48:55.240,1.39365,1.3939,1.60,1.00
2010.02.24 08:48:57.967,1.39365,1.3939,3.20,1.00
2010.02.24 08:48:58.361,1.39375,1.394,1.00,3.60
2010.02.24 08:48:59.060,1.3938,1.39405,1.60,2.40
2010.02.24 08:48:59.325,1.39375,1.39405,4.20,2.40
2010.02.24 08:48:59.867,1.39375,1.39415,4.20,9.80
2010.02.24 08:49:00.162,1.39375,1.39415,5.20,9.80
2010.02.24 08:49:01.364,1.39375,1.39415,5.20,10.20
2010.02.24 08:49:01.581,1.39375,1.3941,3.20,2.40
2010.02.24 08:49:02.404,1.39375,1.39405,3.60,1.60
2010.02.24 08:49:02.761,1.39375,1.39405,4.40,1.60
2010.02.24 08:49:04.933,1.39375,1.39405,1.60,2.00
2010.02.24 08:49:05.126,1.39375,1.39405,1.60,2.40
2010.02.24 08:49:05.313,1.39375,1.39405,1.60,1.60
2010.02.24 08:49:08.055,1.39375,1.39405,3.20,1.60
2010.02.24 08:49:08.395,1.39385,1.3941,3.20,1.00
2010.02.24 08:49:14.422,1.3939,1.39415,1.60,3.20
2010.02.24 08:49:14.593,1.3939,1.39415,1.60,2.40
2010.02.24 08:49:15.362,1.3939,1.3942,1.60,3.40
2010.02.24 08:49:15.586,1.39385,1.39415,2.00,1.60
2010.02.24 08:49:16.290,1.39385,1.39415,2.40,1.60
2010.02.24 08:49:19.278,1.39385,1.39415,2.40,1.70
2010.02.24 08:49:19.548,1.39385,1.39415,2.40,3.20
2010.02.24 08:49:19.688,1.3938,1.39415,2.40,5.20
2010.02.24 08:49:20.253,1.3938,1.39405,2.40,1.60
2010.02.24 08:49:20.523,1.3938,1.39405,2.40,1.60
2010.02.24 08:49:21.230,1.39385,1.39415,2.40,2.40
2010.02.24 08:49:21.410,1.39385,1.39415,2.40,1.60
2010.02.24 08:49:21.584,1.39385,1.39415,2.40,3.60
2010.02.24 08:49:23.346,1.39385,1.39415,2.40,3.20
2010.02.24 08:49:24.110,1.39395,1.39415,2.40,1.60
2010.02.24 08:49:28.412,1.39395,1.39415,1.00,7.40
2010.02.24 08:49:28.993,1.3937,1.394,1.00,1.60
2010.02.24 08:49:29.363,1.3936,1.39395,2.40,1.00
2010.02.24 08:49:33.944,1.39365,1.3939,1.00,1.00
2010.02.24 08:49:34.440,1.3936,1.3939,2.40,1.00
2010.02.24 08:49:34.681,1.39365,1.3939,1.60,1.00
2010.02.24 08:49:34.771,1.39365,1.3939,2.40,1.00
2010.02.24 08:49:35.579,1.39365,1.3939,2.40,1.00
2010.02.24 08:49:35.769,1.3937,1.39395,1.60,3.40
2010.02.24 08:49:36.544,1.3937,1.3938,1.60,1.60
2010.02.24 08:49:37.211,1.39355,1.3938,1.60,5.80
2010.02.24 08:49:37.558,1.39345,1.39375,4.40,3.40
2010.02.24 08:49:37.909,1.39345,1.39375,5.10,3.40
2010.02.24 08:49:38.273,1.39345,1.39365,3.00,3.20
2010.02.24 08:49:38.812,1.3934,1.39365,1.00,4.80
2010.02.24 08:49:38.938,1.39335,1.3936,3.20,1.00
2010.02.24 08:49:39.063,1.3933,1.3936,2.00,1.00
2010.02.24 08:49:39.816,1.39335,1.3936,1.60,1.00
2010.02.24 08:49:41.094,1.3933,1.3936,2.00,1.00
2010.02.24 08:49:41.202,1.39335,1.39365,1.60,7.80
2010.02.24 08:49:41.275,1.39335,1.39365,1.60,5.80
2010.02.24 08:49:41.775,1.39335,1.39365,3.20,5.80
2010.02.24 08:49:41.863,1.39335,1.39365,3.20,4.20
2010.02.24 08:49:42.006,1.39335,1.39365,3.20,3.40
2010.02.24 08:49:46.469,1.39345,1.3937,1.60,5.70
2010.02.24 08:49:46.606,1.3935,1.3938,1.60,1.80
2010.02.24 08:49:47.203,1.3935,1.39385,1.60,8.20
2010.02.24 08:49:47.557,1.3935,1.39385,2.00,3.40
2010.02.24 08:49:48.682,1.39355,1.39385,1.00,1.80
2010.02.24 08:49:50.901,1.39355,1.39385,2.00,1.80
2010.02.24 08:49:55.457,1.39355,1.39385,1.00,3.40
2010.02.24 08:49:55.534,1.3935,1.39385,2.00,1.80
2010.02.24 08:49:56.179,1.3935,1.39385,2.00,3.40
2010.02.24 08:49:56.509,1.3935,1.3938,1.60,2.40
2010.02.24 08:49:57.630,1.3935,1.39385,1.60,8.20
2010.02.24 08:49:58.468,1.3935,1.39385,1.60,3.40
2010.02.24 08:49:59.234,1.39345,1.39385,6.80,3.40
2010.02.24 08:49:59.518,1.39345,1.39385,6.80,4.20
2010.02.24 08:50:00.063,1.39345,1.3938,4.80,6.60
2010.02.24 08:50:00.359,1.3935,1.3938,1.60,6.60
2010.02.24 08:50:00.508,1.3935,1.3938,1.60,1.80
2010.02.24 08:50:01.085,1.39355,1.3938,1.60,1.80
2010.02.24 08:50:01.229,1.39355,1.3938,1.60,1.80
2010.02.24 08:50:02.559,1.3935,1.3938,2.00,1.80
2010.02.24 08:50:08.116,1.39345,1.3938,4.00,1.80
2010.02.24 08:50:08.764,1.3935,1.3938,2.00,2.60
2010.02.24 08:50:09.116,1.3935,1.3938,2.00,1.80
2010.02.24 08:50:14.585,1.3935,1.3938,1.60,1.80
2010.02.24 08:50:14.779,1.39345,1.39375,2.00,1.60
2010.02.24 08:50:14.977,1.39345,1.39375,2.00,3.40
2010.02.24 08:50:16.058,1.3935,1.39375,1.60,3.40
2010.02.24 08:50:16.188,1.39345,1.39365,2.20,1.60
2010.02.24 08:50:16.871,1.39345,1.39365,1.60,1.00
2010.02.24 08:50:18.202,1.39345,1.3937,1.60,1.00
2010.02.24 08:50:19.407,1.39345,1.3937,1.60,3.80
2010.02.24 08:50:19.592,1.39345,1.3937,3.20,1.00
2010.02.24 08:50:19.778,1.39345,1.3937,2.40,1.00
2010.02.24 08:50:19.965,1.39345,1.3937,1.60,1.00
2010.02.24 08:50:28.255,1.39345,1.3937,1.60,3.20
2010.02.24 08:50:29.448,1.39335,1.39365,5.60,1.00
2010.02.24 08:50:29.679,1.39335,1.39365,7.20,1.00
2010.02.24 08:50:30.146,1.39345,1.39365,1.60,1.00
2010.02.24 08:50:36.461,1.39345,1.3936,1.60,1.00
2010.02.24 08:50:37.220,1.39335,1.3936,5.60,1.00
2010.02.24 08:50:37.301,1.39335,1.3936,3.20,1.00
2010.02.24 08:50:38.207,1.39335,1.3936,1.60,1.00
2010.02.24 08:50:38.568,1.39335,1.3936,3.20,1.00
2010.02.24 08:50:40.368,1.39335,1.39365,4.00,1.60
2010.02.24 08:50:40.523,1.39335,1.39365,4.00,1.00
2010.02.24 08:50:52.893,1.39335,1.3936,4.00,1.00
2010.02.24 08:50:53.389,1.39335,1.3936,3.20,1.00
2010.02.24 08:50:55.254,1.39335,1.39355,3.20,1.00
2010.02.24 08:50:55.381,1.39335,1.39355,1.60,1.00
2010.02.24 08:50:56.552,1.39335,1.39365,3.20,3.20
2010.02.24 08:50:56.889,1.39335,1.39365,4.80,1.60
2010.02.24 08:50:57.139,1.39335,1.3937,3.20,2.60
2010.02.24 08:50:58.380,1.3934,1.3937,1.60,2.60
2010.02.24 08:50:59.646,1.3934,1.3937,1.60,5.00
2010.02.24 08:50:59.968,1.3934,1.3937,1.60,1.00
2010.02.24 08:51:03.445,1.3934,1.39375,1.60,5.80
2010.02.24 08:51:04.481,1.3934,1.3938,1.60,8.20
2010.02.24 08:51:05.438,1.3934,1.39375,3.20,1.60
2010.02.24 08:51:05.979,1.39345,1.3938,1.60,7.40
2010.02.24 08:51:06.939,1.39345,1.3938,3.20,5.00
2010.02.24 08:51:07.148,1.3935,1.3938,2.10,5.00
2010.02.24 08:51:07.362,1.39345,1.39375,3.20,1.60
2010.02.24 08:51:07.581,1.3934,1.39375,9.20,8.00
2010.02.24 08:51:07.800,1.3935,1.3938,1.60,1.00
2010.02.24 08:51:08.277,1.39345,1.3938,7.20,1.00
2010.02.24 08:51:08.644,1.39345,1.39385,6.40,1.80
2010.02.24 08:51:09.425,1.39345,1.39385,6.40,2.60
2010.02.24 08:51:09.977,1.39345,1.39375,5.60,1.60
2010.02.24 08:51:10.063,1.39345,1.3938,6.40,1.00
2010.02.24 08:51:10.697,1.39345,1.3938,6.80,1.00
2010.02.24 08:51:13.031,1.39345,1.3938,8.40,1.00
2010.02.24 08:51:13.523,1.39345,1.39385,8.40,3.40
2010.02.24 08:51:13.718,1.3935,1.39385,1.60,1.80
2010.02.24 08:51:14.264,1.3935,1.39385,1.60,2.60
2010.02.24 08:51:14.452,1.3935,1.39385,1.00,1.80
2010.02.24 08:51:14.638,1.39345,1.39385,8.40,1.80
2010.02.24 08:51:19.183,1.39345,1.39385,8.40,1.80
2010.02.24 08:51:19.279,1.39345,1.39385,8.40,1.80
2010.02.24 08:51:19.801,1.39355,1.39385,1.60,1.80
2010.02.24 08:51:19.859,1.39355,1.39385,1.60,2.60
2010.02.24 08:51:19.905,1.39355,1.39385,1.60,1.80
2010.02.24 08:51:23.852,1.39355,1.3939,4.40,1.80
2010.02.24 08:51:24.604,1.3936,1.3939,1.00,1.80
2010.02.24 08:51:24.856,1.3936,1.3939,1.60,1.80
2010.02.24 08:51:28.647,1.39355,1.3939,5.20,1.80
2010.02.24 08:51:33.490,1.3936,1.3939,1.60,1.80
2010.02.24 08:51:33.834,1.39355,1.3939,5.20,1.80
2010.02.24 08:51:34.183,1.3936,1.3939,1.00,1.80
2010.02.24 08:51:34.531,1.3936,1.3939,1.60,1.80
2010.02.24 08:51:35.891,1.3936,1.3939,1.00,1.80
2010.02.24 08:51:36.494,1.39355,1.3939,4.00,1.80
2010.02.24 08:51:36.537,1.39355,1.3939,3.20,1.80
2010.02.24 08:51:36.644,1.39355,1.39385,1.60,1.60
2010.02.24 08:51:39.565,1.39355,1.39375,1.60,1.00
2010.02.24 08:51:40.283,1.3936,1.39385,1.60,1.80
2010.02.24 08:51:41.207,1.3936,1.39385,1.60,1.00
2010.02.24 08:51:45.123,1.39355,1.39385,2.40,1.00
2010.02.24 08:51:45.196,1.39355,1.39385,1.60,1.00
2010.02.24 08:51:46.345,1.39355,1.39385,1.60,1.80
2010.02.24 08:51:47.033,1.39355,1.3939,3.20,4.20
2010.02.24 08:51:47.390,1.39355,1.39385,1.60,1.60
2010.02.24 08:51:51.885,1.39355,1.3939,3.20,4.20
2010.02.24 08:51:52.797,1.39355,1.39385,1.60,1.60
2010.02.24 08:51:53.333,1.39365,1.3939,2.40,4.20
2010.02.24 08:51:53.605,1.39365,1.3939,2.40,3.40
2010.02.24 08:51:54.705,1.39365,1.39385,1.60,1.60
2010.02.24 08:51:59.389,1.39365,1.3939,1.60,1.80
2010.02.24 08:52:00.690,1.3936,1.39385,1.60,1.60
2010.02.24 08:52:01.019,1.3936,1.39375,1.60,1.00
2010.02.24 08:52:01.194,1.3936,1.39375,1.60,1.00
2010.02.24 08:52:01.365,1.39355,1.3938,1.60,1.00
2010.02.24 08:52:02.954,1.3935,1.39375,1.60,2.00
2010.02.24 08:52:03.216,1.39345,1.39375,3.20,3.20
2010.02.24 08:52:03.472,1.39345,1.39375,3.20,1.60
2010.02.24 08:52:03.984,1.39345,1.39375,4.80,1.00
2010.02.24 08:52:04.305,1.39345,1.3938,4.80,1.00
2010.02.24 08:52:04.622,1.39355,1.3938,1.00,1.00
2010.02.24 08:52:06.559,1.39355,1.3938,1.00,1.00
2010.02.24 08:52:07.225,1.39355,1.3938,1.00,1.80
2010.02.24 08:52:07.291,1.39355,1.39375,1.00,1.60
2010.02.24 08:52:08.101,1.39355,1.39375,1.00,6.60
2010.02.24 08:52:08.791,1.39355,1.39375,1.00,3.20
2010.02.24 08:52:09.626,1.39355,1.39375,1.00,1.60
2010.02.24 08:52:14.155,1.39355,1.39375,1.00,1.00
2010.02.24 08:52:15.504,1.39355,1.39375,1.00,3.20
2010.02.24 08:52:17.544,1.3936,1.3938,1.00,1.00
2010.02.24 08:52:17.600,1.3936,1.39385,2.40,3.40
2010.02.24 08:52:17.819,1.3936,1.39385,2.40,1.80
2010.02.24 08:52:18.021,1.3936,1.39385,2.40,1.60
2010.02.24 08:52:18.226,1.3936,1.3939,2.40,5.40
2010.02.24 08:52:19.444,1.3936,1.3939,2.40,5.00
2010.02.24 08:52:20.005,1.3936,1.39385,2.40,1.60
2010.02.24 08:52:22.380,1.3936,1.39385,2.40,1.60
2010.02.24 08:52:22.551,1.39355,1.39385,3.20,1.60
2010.02.24 08:52:23.355,1.39355,1.39385,1.60,1.60
2010.02.24 08:52:24.447,1.3935,1.3938,5.60,1.60
2010.02.24 08:52:25.200,1.3935,1.3938,5.60,1.00
2010.02.24 08:52:25.488,1.3935,1.3938,5.60,1.00
2010.02.24 08:52:28.358,1.39355,1.3938,1.60,1.00
2010.02.24 08:52:28.724,1.3935,1.39375,5.60,1.60
2010.02.24 08:52:29.492,1.39355,1.3938,1.60,1.00
2010.02.24 08:52:31.745,1.3935,1.3937,2.40,1.00
2010.02.24 08:52:31.856,1.3935,1.39375,2.40,1.60
2010.02.24 08:52:32.145,1.39345,1.3938,1.60,3.40
2010.02.24 08:52:32.726,1.39345,1.3938,1.60,4.60
2010.02.24 08:52:33.367,1.39345,1.3938,1.60,4.20
2010.02.24 08:52:33.724,1.39345,1.3938,1.60,4.60
2010.02.24 08:52:34.505,1.39345,1.39365,1.60,1.00
2010.02.24 08:52:34.868,1.39345,1.3937,1.60,4.40
2010.02.24 08:52:36.806,1.39345,1.3937,1.60,2.40
2010.02.24 08:52:37.142,1.39345,1.39375,1.60,1.00
2010.02.24 08:52:38.342,1.3934,1.3937,2.40,1.00
2010.02.24 08:52:38.701,1.39345,1.39375,1.00,1.80
2010.02.24 08:52:40.338,1.39345,1.39375,1.00,3.40
2010.02.24 08:52:41.523,1.3934,1.39375,4.80,3.40
2010.02.24 08:52:46.148,1.39345,1.39375,1.60,3.40
2010.02.24 08:52:46.690,1.3935,1.39375,1.00,3.40
2010.02.24 08:52:46.787,1.39345,1.39375,3.60,5.40
2010.02.24 08:52:46.867,1.39345,1.39365,1.60,1.60
2010.02.24 08:52:47.743,1.3934,1.39365,1.60,1.60
2010.02.24 08:52:49.290,1.3934,1.39365,1.60,2.40
2010.02.24 08:52:50.091,1.3934,1.39365,1.60,3.20
2010.02.24 08:52:50.931,1.39345,1.39365,1.60,3.20
2010.02.24 08:52:51.017,1.39345,1.39365,2.40,3.20
2010.02.24 08:52:51.515,1.39345,1.39365,1.60,2.40
2010.02.24 08:52:51.612,1.3934,1.39365,1.60,1.60
2010.02.24 08:52:52.900,1.3934,1.39365,1.60,2.60
2010.02.24 08:52:53.621,1.3934,1.39365,1.60,3.40
2010.02.24 08:52:53.986,1.3933,1.3936,1.00,1.00
2010.02.24 08:52:54.808,1.39325,1.3936,1.60,1.00
2010.02.24 08:52:55.156,1.39325,1.39355,1.60,1.60
2010.02.24 08:52:57.606,1.39325,1.3935,1.60,1.00
2010.02.24 08:53:00.738,1.39325,1.39355,1.60,3.20
2010.02.24 08:53:00.882,1.39325,1.39355,1.60,1.60
2010.02.24 08:53:01.028,1.39335,1.39355,1.60,1.60
2010.02.24 08:53:01.549,1.39325,1.39355,3.20,1.60
2010.02.24 08:53:01.701,1.39325,1.39355,1.60,1.60
2010.02.24 08:53:03.937,1.39325,1.3936,1.60,2.20
2010.02.24 08:53:04.201,1.39325,1.39355,1.60,1.60
2010.02.24 08:53:07.306,1.39325,1.3935,1.60,2.40
2010.02.24 08:53:07.857,1.39325,1.3935,1.60,1.60
2010.02.24 08:53:09.304,1.39325,1.39355,1.60,3.80
2010.02.24 08:53:09.608,1.39325,1.3935,1.60,1.60
2010.02.24 08:53:10.128,1.39325,1.3935,1.60,2.40
2010.02.24 08:53:10.627,1.39325,1.3935,1.60,5.60
2010.02.24 08:53:11.281,1.39325,1.3935,1.60,6.40
2010.02.24 08:53:12.122,1.39325,1.3935,1.60,2.40
2010.02.24 08:53:12.391,1.39325,1.3935,1.60,1.60
2010.02.24 08:53:15.831,1.39325,1.39355,3.20,2.60
2010.02.24 08:53:16.074,1.39325,1.39355,3.20,1.00
2010.02.24 08:53:16.305,1.39325,1.3936,3.20,1.80
2010.02.24 08:53:17.495,1.39325,1.3936,3.20,2.20
2010.02.24 08:53:17.978,1.39325,1.3935,1.60,1.60
2010.02.24 08:53:18.876,1.3932,1.3935,5.60,1.60
2010.02.24 08:53:21.511,1.39325,1.39355,1.60,3.20
2010.02.24 08:53:21.839,1.39325,1.3935,1.60,1.60
2010.02.24 08:53:22.343,1.39335,1.39355,4.00,1.60
2010.02.24 08:53:22.692,1.3934,1.39365,1.60,3.20
2010.02.24 08:53:23.494,1.3934,1.3937,1.00,4.40
2010.02.24 08:53:23.858,1.39335,1.39365,4.80,4.00
2010.02.24 08:53:24.211,1.39335,1.39365,4.80,4.80
2010.02.24 08:53:25.998,1.39335,1.39365,4.80,4.80
2010.02.24 08:53:26.102,1.39335,1.39365,6.40,3.20
2010.02.24 08:53:27.129,1.39335,1.39365,6.40,3.60
2010.02.24 08:53:27.373,1.39335,1.3936,6.40,1.60
2010.02.24 08:53:27.618,1.39335,1.39365,6.40,3.20
2010.02.24 08:53:29.076,1.39335,1.39365,4.80,6.40
2010.02.24 08:53:30.240,1.39335,1.39355,4.80,1.00
2010.02.24 08:53:30.435,1.3933,1.39355,3.20,1.00
2010.02.24 08:53:32.853,1.3933,1.39355,3.20,1.00
2010.02.24 08:53:33.213,1.3933,1.39355,3.20,1.00
2010.02.24 08:53:33.569,1.3933,1.39355,3.20,1.60
2010.02.24 08:53:33.918,1.39335,1.39355,1.60,1.60
2010.02.24 08:53:34.482,1.39335,1.39355,1.60,1.00
2010.02.24 08:53:34.836,1.39335,1.39355,1.60,1.00
2010.02.24 08:53:35.678,1.39335,1.3936,1.60,5.20
2010.02.24 08:53:35.875,1.39335,1.3936,1.00,5.20
2010.02.24 08:53:35.944,1.39335,1.3936,1.60,3.20
2010.02.24 08:53:36.568,1.39335,1.3935,1.60,1.60
2010.02.24 08:53:36.717,1.39335,1.3936,1.60,1.60
2010.02.24 08:53:36.799,1.3933,1.3936,5.60,1.60
2010.02.24 08:53:36.947,1.3933,1.3936,5.60,2.40
2010.02.24 08:53:37.533,1.3933,1.39355,3.20,1.00
2010.02.24 08:53:39.224,1.39335,1.3936,1.60,1.00
2010.02.24 08:53:39.639,1.39335,1.39355,1.60,1.60
2010.02.24 08:53:40.478,1.39335,1.3935,1.60,1.00
2010.02.24 08:53:40.715,1.39335,1.3935,1.60,4.00
2010.02.24 08:53:40.953,1.39325,1.3935,1.60,3.20
2010.02.24 08:53:41.764,1.39325,1.3935,1.60,3.20
2010.02.24 08:53:41.934,1.39325,1.3935,3.20,1.60
2010.02.24 08:53:42.107,1.39325,1.3935,1.60,3.20
2010.02.24 08:53:42.270,1.39325,1.39355,1.60,5.20
2010.02.24 08:53:42.874,1.39325,1.39355,1.60,3.20
2010.02.24 08:53:43.238,1.39325,1.39355,1.60,1.60
2010.02.24 08:53:43.590,1.3933,1.39355,1.00,1.60
2010.02.24 08:53:43.948,1.3933,1.3936,1.60,4.00
2010.02.24 08:53:44.998,1.3933,1.3936,1.60,3.20
2010.02.24 08:53:47.048,1.3933,1.3936,1.60,1.60
2010.02.24 08:53:47.115,1.3933,1.3936,1.60,3.20
2010.02.24 08:53:48.532,1.3933,1.39355,1.60,1.00
2010.02.24 08:53:49.373,1.39325,1.39355,3.20,1.60
2010.02.24 08:53:49.734,1.39325,1.39355,3.20,4.40
2010.02.24 08:53:50.081,1.39325,1.39355,3.20,3.20
2010.02.24 08:53:50.591,1.3932,1.3935,4.80,1.60
2010.02.24 08:53:50.903,1.39325,1.3935,1.60,1.60
2010.02.24 08:53:51.215,1.39325,1.3935,1.60,3.20
2010.02.24 08:53:53.272,1.39325,1.39345,1.60,1.00
2010.02.24 08:53:53.609,1.39325,1.3935,1.00,2.80
2010.02.24 08:53:54.315,1.3932,1.3935,1.60,4.80
2010.02.24 08:53:54.493,1.3932,1.3935,1.60,5.20
2010.02.24 08:53:55.691,1.3932,1.3935,1.60,5.20
2010.02.24 08:53:55.841,1.39325,1.3935,1.60,5.20
2010.02.24 08:53:55.976,1.39325,1.3935,3.20,3.20
2010.02.24 08:53:56.119,1.39325,1.3935,3.20,3.20
2010.02.24 08:53:56.698,1.39325,1.3935,1.60,4.80
2010.02.24 08:53:59.149,1.39325,1.3935,1.60,5.60
2010.02.24 08:53:59.660,1.39325,1.3935,1.60,6.00
2010.02.24 08:54:01.205,1.39325,1.3935,1.60,6.00
2010.02.24 08:54:01.490,1.39325,1.3935,1.60,5.60
2010.02.24 08:54:02.062,1.39325,1.3935,1.60,4.00
2010.02.24 08:54:02.891,1.39325,1.39345,1.60,1.00
2010.02.24 08:54:03.245,1.3932,1.3934,1.00,1.60
2010.02.24 08:54:03.592,1.39315,1.3934,4.00,1.60
2010.02.24 08:54:03.915,1.39315,1.3934,1.60,1.60
2010.02.24 08:54:05.919,1.39315,1.39345,1.60,4.80
2010.02.24 08:54:06.646,1.39315,1.39345,3.20,3.20
2010.02.24 08:54:06.743,1.39315,1.39345,4.80,3.20
2010.02.24 08:54:06.832,1.39315,1.39345,6.40,1.00
2010.02.24 08:54:07.101,1.3933,1.39345,1.60,1.00
2010.02.24 08:54:08.223,1.3933,1.39355,1.60,3.20
2010.02.24 08:54:10.017,1.3933,1.39355,2.40,3.20
2010.02.24 08:54:10.653,1.3933,1.39355,1.60,3.20
2010.02.24 08:54:12.365,1.3933,1.39355,1.60,4.00
2010.02.24 08:54:12.593,1.3933,1.39355,1.60,3.20
2010.02.24 08:54:13.739,1.39325,1.3935,5.60,1.00
2010.02.24 08:54:14.098,1.3932,1.3935,5.60,1.00
2010.02.24 08:54:15.581,1.3932,1.3935,4.80,1.60
2010.02.24 08:54:17.161,1.3932,1.3935,4.80,2.40
2010.02.24 08:54:17.287,1.3932,1.39345,1.60,1.00
2010.02.24 08:54:17.411,1.3932,1.3934,1.60,1.60
2010.02.24 08:54:17.541,1.39315,1.39335,3.90,1.60
2010.02.24 08:54:18.097,1.39315,1.39335,1.00,3.20
2010.02.24 08:54:18.472,1.3931,1.39335,1.00,2.40
2010.02.24 08:54:18.971,1.3931,1.39335,1.00,4.20
2010.02.24 08:54:19.347,1.393,1.3933,5.60,1.60
2010.02.24 08:54:19.708,1.39295,1.39325,3.20,1.60
2010.02.24 08:54:20.342,1.39295,1.39325,3.20,1.60
2010.02.24 08:54:20.508,1.39295,1.39325,3.20,5.80
2010.02.24 08:54:21.471,1.393,1.39325,1.60,5.00
2010.02.24 08:54:22.219,1.39295,1.3932,1.60,2.60
2010.02.24 08:54:22.579,1.39295,1.39315,1.60,2.40
2010.02.24 08:54:22.930,1.39295,1.39315,1.60,1.60
2010.02.24 08:54:23.466,1.39295,1.3932,3.20,3.40
2010.02.24 08:54:24.173,1.39295,1.3932,3.20,2.60
2010.02.24 08:54:24.959,1.39295,1.3932,3.20,3.00
2010.02.24 08:54:25.107,1.39295,1.3932,3.20,3.80
2010.02.24 08:54:27.017,1.39295,1.3931,1.60,1.00
2010.02.24 08:54:27.528,1.39285,1.3931,2.20,1.00
2010.02.24 08:54:27.907,1.39275,1.393,3.80,1.60
2010.02.24 08:54:28.724,1.3927,1.393,1.60,1.60
2010.02.24 08:54:29.079,1.39275,1.393,1.60,1.60
2010.02.24 08:54:29.318,1.39275,1.393,1.60,1.60
2010.02.24 08:54:29.975,1.39275,1.39305,3.20,10.50
2010.02.24 08:54:30.225,1.39275,1.39305,3.20,5.70
2010.02.24 08:54:30.900,1.39275,1.39305,3.20,5.00
2010.02.24 08:54:31.126,1.3928,1.39305,1.60,1.60
2010.02.24 08:54:32.115,1.3928,1.39305,1.60,1.60
2010.02.24 08:54:34.251,1.3928,1.39305,1.60,3.20
2010.02.24 08:54:35.487,1.3928,1.39305,1.60,3.20
2010.02.24 08:54:35.573,1.39275,1.39305,3.60,4.80
2010.02.24 08:54:35.620,1.39275,1.39305,3.20,4.80
2010.02.24 08:54:35.664,1.39275,1.39305,3.20,5.00
2010.02.24 08:54:36.268,1.39275,1.39305,3.20,5.40
2010.02.24 08:54:36.776,1.39275,1.393,3.20,1.00
2010.02.24 08:54:37.582,1.39265,1.39295,3.20,1.60
2010.02.24 08:54:38.947,1.39265,1.39295,1.60,1.60
2010.02.24 08:54:39.672,1.3926,1.39295,1.60,1.60
2010.02.24 08:54:40.480,1.39255,1.39295,6.40,9.40
2010.02.24 08:54:40.826,1.39255,1.39285,4.80,1.60
2010.02.24 08:54:41.611,1.39255,1.39285,1.60,3.20
2010.02.24 08:54:42.643,1.39255,1.39285,1.60,3.20
2010.02.24 08:54:44.149,1.39255,1.39275,1.60,1.00
2010.02.24 08:54:44.490,1.39255,1.39285,1.60,3.40
2010.02.24 08:54:45.886,1.39255,1.39285,1.60,4.20
2010.02.24 08:54:46.060,1.39255,1.39285,1.60,5.00
2010.02.24 08:54:46.811,1.39255,1.39285,1.60,4.20
2010.02.24 08:54:47.087,1.39255,1.39285,1.60,5.00
2010.02.24 08:54:47.362,1.39255,1.39285,1.60,3.40
2010.02.24 08:54:48.276,1.39255,1.3927,1.60,1.60
2010.02.24 08:54:49.015,1.3924,1.3927,2.40,3.20
2010.02.24 08:54:49.380,1.39245,1.39265,1.00,1.60
2010.02.24 08:54:49.742,1.3924,1.39265,3.20,1.60
2010.02.24 08:54:49.862,1.3924,1.39265,3.20,1.60
2010.02.24 08:54:49.994,1.3924,1.39275,3.20,1.60
2010.02.24 08:54:50.492,1.3924,1.39275,1.60,4.00
2010.02.24 08:54:50.737,1.3924,1.39275,1.60,3.20
2010.02.24 08:54:51.487,1.3924,1.39275,5.60,1.00
2010.02.24 08:54:51.757,1.39245,1.3928,1.60,1.80
2010.02.24 08:54:52.559,1.3924,1.39275,4.00,4.00
2010.02.24 08:54:52.927,1.3924,1.39275,4.80,3.20
2010.02.24 08:54:53.728,1.3924,1.39275,2.40,11.20
2010.02.24 08:54:54.056,1.39235,1.39275,7.20,6.60
2010.02.24 08:54:54.814,1.3923,1.39275,9.60,7.40
2010.02.24 08:54:55.123,1.39235,1.39275,7.20,9.80
2010.02.24 08:54:55.321,1.39235,1.39275,6.80,9.80
2010.02.24 08:54:55.511,1.39235,1.39275,6.80,5.80
2010.02.24 08:54:56.014,1.39235,1.39275,6.80,5.00
2010.02.24 08:54:56.214,1.39245,1.39275,1.60,3.40
2010.02.24 08:54:56.928,1.39235,1.39275,8.40,4.20
2010.02.24 08:54:57.171,1.3924,1.39275,2.00,3.40
2010.02.24 08:54:57.829,1.39235,1.39275,7.60,3.40
2010.02.24 08:54:58.183,1.39235,1.39275,8.40,4.20
2010.02.24 08:54:59.431,1.3924,1.39275,1.00,4.20
2010.02.24 08:54:59.695,1.39235,1.39275,8.80,4.20
2010.02.24 08:55:00.404,1.3924,1.39275,1.00,2.60
2010.02.24 08:55:00.688,1.39245,1.39275,1.00,1.80
2010.02.24 08:55:00.973,1.39245,1.39275,3.20,3.40
2010.02.24 08:55:01.250,1.39245,1.39275,1.60,3.40
2010.02.24 08:55:01.760,1.39245,1.39275,1.60,4.20
2010.02.24 08:55:02.978,1.39245,1.39275,1.60,4.20
2010.02.24 08:55:03.334,1.39245,1.39275,1.60,5.00
2010.02.24 08:55:04.165,1.39235,1.39265,5.50,1.60
2010.02.24 08:55:04.513,1.39235,1.39265,5.50,1.60
2010.02.24 08:55:05.361,1.39235,1.39265,4.80,2.20
2010.02.24 08:55:05.527,1.39235,1.39265,5.50,2.20
2010.02.24 08:55:05.688,1.39235,1.39265,5.50,1.60
2010.02.24 08:55:06.432,1.39235,1.39265,6.30,1.60
2010.02.24 08:55:06.712,1.39245,1.3927,1.60,1.00
2010.02.24 08:55:07.455,1.39235,1.39275,7.10,5.40
2010.02.24 08:55:07.732,1.39235,1.3927,3.20,5.00
2010.02.24 08:55:07.993,1.39235,1.3927,1.60,7.80
2010.02.24 08:55:08.247,1.39235,1.3927,1.60,7.00
2010.02.24 08:55:09.204,1.39235,1.3927,1.60,2.60
2010.02.24 08:55:09.574,1.39245,1.39265,1.00,1.60
2010.02.24 08:55:10.343,1.39245,1.39265,1.00,1.60
2010.02.24 08:55:11.755,1.39245,1.39255,1.00,3.20
2010.02.24 08:55:11.850,1.39245,1.39255,1.00,4.00
2010.02.24 08:55:12.387,1.39245,1.39255,1.00,4.20
2010.02.24 08:55:13.780,1.39245,1.39255,1.00,4.00
2010.02.24 08:55:14.172,1.3922,1.39255,1.60,4.20
2010.02.24 08:55:14.982,1.3921,1.39245,3.20,4.00
2010.02.24 08:55:15.242,1.39215,1.39245,3.90,1.70
2010.02.24 08:55:15.940,1.3922,1.39245,1.60,1.70
2010.02.24 08:55:16.191,1.3922,1.39245,3.20,1.00
2010.02.24 08:55:16.451,1.3922,1.3925,1.00,3.40
2010.02.24 08:55:17.183,1.3922,1.39245,1.00,3.20
2010.02.24 08:55:17.402,1.39215,1.39245,3.20,3.20
2010.02.24 08:55:17.605,1.39215,1.39245,3.20,1.60
2010.02.24 08:55:18.229,1.39215,1.39245,1.60,4.00
2010.02.24 08:55:18.597,1.39215,1.3924,1.60,1.00
2010.02.24 08:55:18.962,1.39205,1.3923,2.40,1.00
2010.02.24 08:55:19.563,1.392,1.3923,1.60,3.40
2010.02.24 08:55:19.860,1.392,1.3923,1.60,4.20
2010.02.24 08:55:20.609,1.39195,1.39225,1.60,3.20
2010.02.24 08:55:20.815,1.39195,1.3922,1.60,1.00
2010.02.24 08:55:21.517,1.39195,1.3922,1.60,1.60
2010.02.24 08:55:21.732,1.39195,1.3922,1.60,2.40
2010.02.24 08:55:23.576,1.39195,1.3922,1.60,1.60
2010.02.24 08:55:25.509,1.39195,1.3922,2.40,1.60
2010.02.24 08:55:25.628,1.39195,1.3922,3.20,1.60
2010.02.24 08:55:25.928,1.39195,1.3922,2.40,1.60
2010.02.24 08:55:26.257,1.39195,1.3922,1.60,1.60
2010.02.24 08:55:26.837,1.3919,1.39215,3.20,1.60
2010.02.24 08:55:26.937,1.3919,1.39215,1.60,1.60
2010.02.24 08:55:27.315,1.3919,1.39215,2.00,1.60
2010.02.24 08:55:28.033,1.39195,1.3922,1.60,3.40
2010.02.24 08:55:28.509,1.392,1.3922,1.00,1.60
2010.02.24 08:55:28.754,1.39205,1.3923,1.60,2.60
2010.02.24 08:55:29.253,1.3921,1.3923,1.00,1.00
2010.02.24 08:55:29.612,1.3921,1.39235,1.00,1.60
2010.02.24 08:55:30.949,1.3921,1.39235,2.00,1.60
2010.02.24 08:55:31.891,1.39215,1.39235,1.00,1.60
2010.02.24 08:55:32.425,1.39215,1.3924,2.00,1.80
2010.02.24 08:55:32.712,1.39215,1.3924,2.00,1.00
2010.02.24 08:55:33.001,1.39215,1.39245,2.00,5.00
2010.02.24 08:55:33.529,1.39215,1.39245,2.00,1.60
2010.02.24 08:55:33.882,1.39215,1.3925,4.40,2.50
2010.02.24 08:55:34.415,1.39215,1.3925,4.40,2.30
2010.02.24 08:55:34.785,1.39215,1.39245,2.80,1.60
2010.02.24 08:55:35.593,1.39215,1.39245,1.60,1.60
2010.02.24 08:55:36.256,1.39215,1.39245,2.00,1.60
2010.02.24 08:55:36.772,1.39215,1.39245,7.00,1.60
2010.02.24 08:55:37.115,1.3922,1.3925,3.80,1.00
2010.02.24 08:55:38.923,1.3922,1.3925,2.20,1.00
2010.02.24 08:55:39.476,1.3922,1.3925,3.80,1.00
2010.02.24 08:55:41.951,1.39215,1.39245,3.60,1.60
2010.02.24 08:55:42.107,1.39215,1.39245,4.40,1.60
2010.02.24 08:55:42.269,1.3923,1.3926,1.60,3.20
2010.02.24 08:55:42.806,1.39235,1.39265,1.60,6.30
2010.02.24 08:55:43.135,1.39235,1.39265,1.60,3.90
2010.02.24 08:55:45.046,1.39235,1.39265,1.60,3.90
2010.02.24 08:55:45.904,1.39235,1.3925,1.60,1.00
2010.02.24 08:55:46.062,1.39225,1.3925,1.00,1.00
2010.02.24 08:55:46.145,1.39225,1.39255,1.00,3.20
2010.02.24 08:55:47.079,1.39225,1.3925,1.00,1.60
2010.02.24 08:55:47.276,1.3922,1.39255,3.20,4.60
2010.02.24 08:55:47.467,1.3922,1.39255,4.00,1.60
2010.02.24 08:55:47.661,1.39235,1.3926,1.60,1.00
2010.02.24 08:55:48.159,1.39235,1.39265,3.20,2.60
2010.02.24 08:55:48.529,1.39235,1.39265,3.20,1.00
2010.02.24 08:55:49.585,1.3924,1.39265,1.00,1.00
2010.02.24 08:55:50.332,1.39235,1.39265,1.60,1.00
2010.02.24 08:55:50.548,1.3923,1.39265,4.40,1.00
2010.02.24 08:55:51.163,1.3923,1.39265,6.00,1.80
2010.02.24 08:55:51.530,1.3923,1.39265,2.80,1.80
2010.02.24 08:55:51.892,1.3923,1.39265,1.00,1.80
2010.02.24 08:55:52.030,1.39225,1.39265,6.00,4.20
2010.02.24 08:55:52.172,1.39225,1.39265,2.00,6.60
2010.02.24 08:55:52.698,1.39225,1.39255,1.00,1.60
2010.02.24 08:55:52.878,1.39225,1.3926,2.80,3.40
2010.02.24 08:55:53.242,1.39225,1.3925,1.60,1.60
2010.02.24 08:55:53.956,1.3922,1.3925,1.60,1.60
2010.02.24 08:55:54.320,1.39215,1.3925,6.40,1.60
2010.02.24 08:55:54.668,1.39215,1.3925,5.60,1.60
2010.02.24 08:55:56.170,1.39215,1.3925,6.40,1.60
2010.02.24 08:55:56.386,1.39215,1.3925,8.40,1.60
2010.02.24 08:55:56.500,1.39215,1.3925,9.20,1.60
2010.02.24 08:55:56.563,1.39215,1.3925,10.00,1.60
2010.02.24 08:55:56.747,1.39215,1.3924,10.00,1.00
2010.02.24 08:55:57.374,1.39215,1.3924,4.00,2.30
2010.02.24 08:55:57.440,1.39215,1.3924,1.60,2.30
2010.02.24 08:55:58.831,1.39215,1.3924,3.20,1.00
2010.02.24 08:55:59.180,1.39225,1.3925,1.60,1.60
2010.02.24 08:55:59.864,1.3923,1.39255,1.00,3.00
2010.02.24 08:56:00.030,1.39235,1.39255,1.60,1.00
2010.02.24 08:56:00.511,1.39235,1.3926,1.60,2.40
2010.02.24 08:56:00.678,1.39235,1.3926,1.60,1.60
2010.02.24 08:56:01.105,1.39235,1.3926,1.60,1.60
2010.02.24 08:56:03.060,1.39235,1.3926,1.00,1.60
2010.02.24 08:56:03.390,1.3923,1.39255,1.00,1.60
2010.02.24 08:56:05.831,1.39235,1.39255,1.60,1.60
2010.02.24 08:56:06.129,1.39235,1.3926,1.60,3.40
2010.02.24 08:56:07.132,1.39235,1.39255,1.00,1.60
2010.02.24 08:56:07.325,1.3923,1.39255,2.80,1.60
2010.02.24 08:56:07.877,1.3924,1.39265,1.60,1.60
2010.02.24 08:56:08.241,1.3924,1.39265,1.00,1.60
2010.02.24 08:56:08.606,1.39245,1.39265,2.00,1.60
2010.02.24 08:56:09.143,1.39245,1.39265,1.00,1.60
2010.02.24 08:56:09.522,1.39245,1.39265,1.60,1.60
2010.02.24 08:56:10.325,1.3924,1.3927,3.60,1.60
2010.02.24 08:56:10.565,1.3924,1.3927,2.00,3.60
2010.02.24 08:56:11.392,1.3924,1.39265,1.00,1.60
2010.02.24 08:56:11.617,1.39235,1.39265,2.00,3.90
2010.02.24 08:56:12.272,1.3923,1.3926,1.20,2.00
2010.02.24 08:56:12.487,1.39235,1.3926,1.60,2.00
2010.02.24 08:56:13.621,1.39235,1.3927,2.00,3.80
2010.02.24 08:56:13.985,1.39235,1.39265,2.00,1.40
2010.02.24 08:56:14.353,1.3923,1.3926,1.00,2.00
2010.02.24 08:56:17.583,1.3923,1.3926,1.00,2.00
2010.02.24 08:56:18.166,1.3923,1.3926,1.00,3.60
2010.02.24 08:56:18.519,1.3923,1.3926,2.00,1.60
2010.02.24 08:56:19.062,1.3923,1.3926,2.00,1.00
2010.02.24 08:56:19.395,1.39235,1.3927,1.60,5.40
2010.02.24 08:56:19.726,1.39235,1.39265,1.60,1.60
2010.02.24 08:56:21.174,1.3923,1.39265,2.80,1.80
2010.02.24 08:56:21.412,1.39225,1.39265,8.40,5.00
2010.02.24 08:56:22.082,1.39225,1.39265,8.40,5.40
2010.02.24 08:56:22.791,1.39225,1.39265,7.60,5.40
2010.02.24 08:56:22.956,1.3924,1.39265,1.00,5.40
2010.02.24 08:56:24.225,1.39245,1.3925,1.00,1.00
2010.02.24 08:56:25.011,1.39205,1.39245,1.60,1.60
2010.02.24 08:56:25.337,1.392,1.3924,3.20,2.20
2010.02.24 08:56:27.114,1.39215,1.39245,1.00,5.70
2010.02.24 08:56:27.482,1.39215,1.3924,1.60,2.30
2010.02.24 08:56:30.158,1.39205,1.3924,7.10,2.30
2010.02.24 08:56:30.354,1.3921,1.39235,1.00,1.60
2010.02.24 08:56:31.083,1.39205,1.39235,7.10,1.60
2010.02.24 08:56:31.841,1.39205,1.39235,3.90,1.60
2010.02.24 08:56:32.205,1.392,1.39235,1.00,3.40
2010.02.24 08:56:33.000,1.39195,1.39235,8.40,3.40
2010.02.24 08:56:34.168,1.39205,1.39235,1.00,5.40
2010.02.24 08:56:34.528,1.39205,1.39235,1.00,6.60
2010.02.24 08:56:35.313,1.39195,1.3922,2.40,1.80
2010.02.24 08:56:35.636,1.3918,1.3921,1.00,1.00
2010.02.24 08:56:36.298,1.3917,1.39205,1.60,5.80
2010.02.24 08:56:36.508,1.3917,1.392,1.60,1.80
2010.02.24 08:56:37.380,1.3916,1.39195,4.00,3.60
2010.02.24 08:56:37.755,1.3916,1.39185,2.40,1.60
2010.02.24 08:56:38.444,1.3916,1.39185,1.00,1.60
2010.02.24 08:56:38.735,1.39155,1.39175,1.60,1.60
2010.02.24 08:56:39.284,1.39145,1.39175,1.60,1.80
2010.02.24 08:56:39.655,1.39145,1.39175,1.60,2.60
2010.02.24 08:56:40.239,1.39135,1.39175,3.20,5.00
2010.02.24 08:56:41.057,1.3913,1.3917,7.20,1.00
2010.02.24 08:56:41.356,1.39135,1.3917,1.60,1.00
2010.02.24 08:56:42.354,1.39135,1.3917,4.80,1.00
2010.02.24 08:56:42.604,1.3914,1.39175,1.20,1.80
2010.02.24 08:56:43.169,1.3914,1.39175,2.00,1.80
2010.02.24 08:56:44.401,1.3914,1.39165,1.60,1.00
2010.02.24 08:56:44.770,1.39145,1.39175,1.60,1.80
2010.02.24 08:56:45.540,1.39145,1.39175,2.80,1.60
2010.02.24 08:56:46.018,1.39155,1.39165,1.60,1.00
2010.02.24 08:56:46.679,1.39145,1.39175,1.00,1.60
2010.02.24 08:56:46.891,1.3915,1.3918,1.00,2.50
2010.02.24 08:56:47.609,1.3915,1.39175,1.00,1.60
2010.02.24 08:56:47.813,1.39145,1.39175,7.00,1.60
2010.02.24 08:56:48.954,1.3915,1.39175,1.00,1.60
2010.02.24 08:56:49.917,1.3915,1.39175,1.00,3.80
2010.02.24 08:56:50.144,1.39155,1.39175,1.00,2.20
2010.02.24 08:56:50.868,1.3915,1.39175,1.60,1.60
2010.02.24 08:56:51.099,1.39145,1.39175,1.60,1.60
2010.02.24 08:56:51.834,1.3915,1.39185,1.60,7.00
2010.02.24 08:56:52.468,1.3915,1.39185,1.60,6.60
2010.02.24 08:56:53.522,1.3915,1.39185,3.20,5.00
2010.02.24 08:56:53.785,1.3915,1.39175,3.20,1.60
2010.02.24 08:56:54.504,1.39155,1.39185,1.60,5.80
2010.02.24 08:56:54.788,1.39155,1.39185,1.60,5.80
2010.02.24 08:56:55.529,1.39155,1.39185,4.80,3.40
2010.02.24 08:56:55.856,1.39155,1.39185,4.80,1.60
2010.02.24 08:56:58.329,1.3916,1.39185,1.00,1.60
2010.02.24 08:57:00.348,1.3916,1.3919,1.00,4.10
2010.02.24 08:57:01.113,1.3916,1.39185,1.00,1.60
2010.02.24 08:57:01.336,1.3916,1.3919,1.00,4.10
2010.02.24 08:57:02.216,1.3916,1.39185,1.00,1.60
2010.02.24 08:57:04.049,1.3916,1.39185,1.00,1.60
2010.02.24 08:57:04.841,1.3916,1.39185,1.00,1.60
2010.02.24 08:57:06.734,1.3916,1.3919,1.00,4.10
2010.02.24 08:57:06.894,1.3916,1.3919,1.00,2.30
2010.02.24 08:57:09.627,1.3916,1.3919,1.00,1.60
2010.02.24 08:57:10.282,1.39165,1.39195,1.00,1.00
2010.02.24 08:57:10.512,1.39165,1.392,2.00,1.00
2010.02.24 08:57:11.425,1.39165,1.392,2.40,1.00
2010.02.24 08:57:12.275,1.39165,1.39195,2.00,1.60
2010.02.24 08:57:12.531,1.3917,1.39195,2.00,1.60
2010.02.24 08:57:13.262,1.39175,1.392,1.00,1.00
2010.02.24 08:57:13.627,1.3917,1.39195,1.00,1.60
2010.02.24 08:57:14.623,1.39165,1.39205,3.60,7.40
2010.02.24 08:57:14.976,1.39165,1.39205,3.60,5.00
2010.02.24 08:57:15.491,1.3917,1.39205,1.00,3.40
2010.02.24 08:57:15.666,1.3917,1.39205,2.00,3.40
2010.02.24 08:57:15.856,1.3917,1.39195,1.60,1.60
2010.02.24 08:57:16.503,1.39165,1.392,2.40,1.00
2010.02.24 08:57:16.851,1.39165,1.392,1.60,1.00
2010.02.24 08:57:17.186,1.39165,1.392,1.60,1.00
2010.02.24 08:57:17.986,1.39165,1.3919,1.60,1.60
2010.02.24 08:57:18.365,1.39155,1.39185,6.00,3.80
2010.02.24 08:57:19.160,1.3915,1.3918,1.00,2.30
2010.02.24 08:57:19.523,1.3915,1.3918,1.00,2.30
2010.02.24 08:57:20.638,1.3915,1.3918,1.00,2.20
2010.02.24 08:57:21.292,1.3915,1.39175,1.00,1.60
2010.02.24 08:57:21.458,1.39155,1.3918,1.00,1.60
2010.02.24 08:57:22.070,1.39145,1.39175,4.80,3.80
2010.02.24 08:57:22.391,1.3915,1.39175,1.60,2.20
2010.02.24 08:57:24.442,1.3914,1.39165,4.00,1.60
2010.02.24 08:57:25.286,1.3914,1.39165,3.20,1.60
2010.02.24 08:57:25.470,1.3914,1.39165,3.20,3.20
2010.02.24 08:57:26.142,1.3914,1.39175,3.20,2.40
2010.02.24 08:57:26.334,1.3914,1.39175,3.20,1.60
2010.02.24 08:57:26.891,1.3914,1.39175,4.80,2.00
2010.02.24 08:57:27.249,1.3914,1.39175,3.20,4.40
2010.02.24 08:57:28.088,1.3914,1.39165,1.60,3.60
2010.02.24 08:57:28.984,1.39135,1.39165,4.00,3.60
2010.02.24 08:57:29.844,1.3914,1.3916,1.60,1.60
2010.02.24 08:57:33.561,1.3914,1.39165,1.60,5.40
2010.02.24 08:57:34.474,1.3914,1.39165,1.60,2.20
2010.02.24 08:57:35.349,1.3914,1.39165,5.20,1.60
2010.02.24 08:57:35.728,1.3914,1.39165,5.20,3.20
2010.02.24 08:57:36.668,1.3914,1.39165,6.80,1.60
2010.02.24 08:57:36.894,1.39145,1.39165,1.60,1.60
2010.02.24 08:57:38.369,1.3915,1.39165,1.00,1.60
2010.02.24 08:57:39.273,1.3915,1.39175,1.00,1.60
2010.02.24 08:57:44.134,1.39155,1.3918,1.60,2.20
2010.02.24 08:57:46.415,1.3915,1.39175,4.80,1.60
2010.02.24 08:57:46.912,1.3915,1.39175,5.20,1.60
2010.02.24 08:57:47.244,1.39155,1.3918,1.60,2.30
2010.02.24 08:57:48.538,1.39155,1.39175,1.60,1.00
2010.02.24 08:57:49.300,1.39155,1.39185,3.80,1.60
2010.02.24 08:57:49.660,1.39155,1.3918,4.80,2.30
2010.02.24 08:57:50.024,1.39155,1.3918,5.60,2.30
2010.02.24 08:57:50.668,1.39155,1.3918,6.40,2.30
2010.02.24 08:57:50.840,1.39155,1.3918,6.40,2.20
2010.02.24 08:57:52.221,1.39155,1.3918,1.60,2.30
2010.02.24 08:57:52.307,1.39155,1.3918,1.60,2.20
2010.02.24 08:57:52.812,1.39155,1.39185,1.60,3.20
2010.02.24 08:57:52.902,1.39155,1.39185,2.40,3.20
2010.02.24 08:57:52.989,1.39155,1.39185,4.00,3.20
2010.02.24 08:57:53.349,1.39155,1.39185,6.40,3.20
2010.02.24 08:57:54.191,1.39155,1.39185,5.60,1.60
2010.02.24 08:57:54.564,1.39165,1.39185,1.00,1.60
2010.02.24 08:57:55.329,1.39165,1.3919,1.00,1.60
2010.02.24 08:57:55.564,1.39165,1.39185,1.00,1.60
2010.02.24 08:57:56.336,1.39165,1.39185,1.00,3.20
2010.02.24 08:57:56.623,1.39175,1.39185,1.00,1.60
2010.02.24 08:57:57.264,1.3917,1.39195,1.00,2.40
2010.02.24 08:57:57.533,1.3917,1.39195,1.00,3.20
2010.02.24 08:57:58.185,1.3917,1.39195,1.60,3.20
2010.02.24 08:57:58.547,1.39165,1.39195,6.40,3.20
2010.02.24 08:57:59.327,1.39165,1.39185,1.60,1.00
2010.02.24 08:57:59.706,1.39155,1.39185,6.80,3.20
2010.02.24 08:58:00.140,1.3916,1.39185,1.00,3.20
2010.02.24 08:58:00.712,1.3916,1.39185,1.00,1.60
2010.02.24 08:58:02.013,1.39155,1.39185,4.90,3.20
2010.02.24 08:58:03.658,1.39155,1.39185,3.20,3.20
2010.02.24 08:58:04.216,1.39155,1.3918,1.60,1.60
2010.02.24 08:58:04.584,1.39155,1.3918,1.60,1.60
2010.02.24 08:58:05.387,1.3915,1.3919,5.40,1.80
2010.02.24 08:58:05.607,1.3915,1.39185,5.40,1.60
2010.02.24 08:58:05.826,1.3915,1.39185,6.00,1.60
2010.02.24 08:58:07.085,1.39155,1.3918,1.60,1.60
2010.02.24 08:58:07.930,1.39155,1.3919,1.60,1.80
2010.02.24 08:58:08.227,1.39155,1.3919,2.40,1.80
2010.02.24 08:58:08.526,1.39155,1.3919,3.20,1.80
2010.02.24 08:58:09.362,1.39155,1.3919,2.40,1.80
2010.02.24 08:58:09.749,1.39165,1.3919,1.60,3.10
2010.02.24 08:58:10.958,1.39155,1.3919,5.20,3.10
2010.02.24 08:58:11.124,1.3917,1.39185,1.00,1.60
2010.02.24 08:58:11.967,1.3916,1.3919,1.00,2.30
2010.02.24 08:58:12.207,1.3916,1.39185,1.60,1.60
2010.02.24 08:58:13.888,1.3916,1.39185,1.60,1.60
2010.02.24 08:58:15.356,1.3916,1.39195,1.60,6.60
2010.02.24 08:58:15.461,1.3916,1.39195,2.00,5.80
2010.02.24 08:58:15.766,1.39165,1.39195,1.60,3.40
2010.02.24 08:58:16.625,1.3916,1.39195,2.00,1.60
2010.02.24 08:58:16.899,1.3916,1.39195,2.00,3.20
2010.02.24 08:58:18.692,1.3916,1.39195,2.00,3.60
2010.02.24 08:58:20.723,1.3916,1.39195,2.00,3.20
2010.02.24 08:58:20.845,1.3916,1.39195,2.00,3.60
2010.02.24 08:58:23.429,1.3916,1.39195,2.80,3.60
2010.02.24 08:58:23.553,1.39165,1.39195,1.00,3.20
2010.02.24 08:58:23.907,1.39165,1.39195,1.00,1.00
2010.02.24 08:58:24.621,1.39165,1.392,3.60,3.40
2010.02.24 08:58:26.298,1.3916,1.392,3.60,3.80
2010.02.24 08:58:26.481,1.39135,1.3918,4.40,1.00
2010.02.24 08:58:29.883,1.3914,1.39165,1.20,1.60
2010.02.24 08:58:30.219,1.3914,1.39165,1.20,1.60
2010.02.24 08:58:30.716,1.3914,1.39175,1.20,8.20
2010.02.24 08:58:32.604,1.3914,1.39175,1.20,5.80
2010.02.24 08:58:33.571,1.3914,1.39175,1.20,4.20
2010.02.24 08:58:35.331,1.3914,1.3916,1.00,1.00
2010.02.24 08:58:35.813,1.39135,1.39165,2.00,3.20
2010.02.24 08:58:36.343,1.39135,1.39155,1.00,1.60
2010.02.24 08:58:37.909,1.3913,1.39155,2.40,1.60
2010.02.24 08:58:38.624,1.3913,1.39155,1.00,1.60
2010.02.24 08:58:38.991,1.3912,1.39145,1.00,3.20
2010.02.24 08:58:41.943,1.3912,1.39145,1.00,1.60
2010.02.24 08:58:42.136,1.39125,1.39155,1.60,1.60
2010.02.24 08:58:43.472,1.39135,1.39155,1.00,1.60
2010.02.24 08:58:44.091,1.39125,1.39155,3.20,1.60
2010.02.24 08:58:44.879,1.39125,1.39145,1.60,1.60
2010.02.24 08:58:45.162,1.3912,1.39155,3.20,2.40
2010.02.24 08:58:45.689,1.39125,1.3915,1.00,1.00
2010.02.24 08:58:46.212,1.3912,1.3915,3.20,2.40
2010.02.24 08:58:46.416,1.3912,1.39145,3.20,1.60
2010.02.24 08:58:46.747,1.39125,1.39155,1.60,4.60
2010.02.24 08:58:47.414,1.39125,1.39155,3.20,3.20
2010.02.24 08:58:47.643,1.39125,1.3915,1.60,1.60
2010.02.24 08:58:47.858,1.3912,1.39135,3.20,1.60
2010.02.24 08:58:48.697,1.39115,1.39145,3.20,1.60
2010.02.24 08:58:50.113,1.39115,1.3915,4.80,1.60
2010.02.24 08:58:50.811,1.39115,1.39135,1.60,1.60
2010.02.24 08:58:51.024,1.3911,1.39135,3.20,1.60
2010.02.24 08:58:52.502,1.3911,1.39135,3.20,1.60
2010.02.24 08:58:52.656,1.39105,1.39125,4.80,3.20
2010.02.24 08:58:53.303,1.39095,1.39115,3.20,1.60
2010.02.24 08:58:53.660,1.39095,1.39115,1.60,1.60
2010.02.24 08:58:54.753,1.39095,1.3912,1.60,2.20
2010.02.24 08:58:55.094,1.39095,1.3912,1.60,1.60
2010.02.24 08:58:55.439,1.3909,1.39115,1.00,1.60
2010.02.24 08:58:58.004,1.39085,1.39115,3.90,1.60
2010.02.24 08:58:59.728,1.39085,1.39115,4.70,1.60
2010.02.24 08:59:00.430,1.39085,1.39115,3.90,1.60
2010.02.24 08:59:01.172,1.3908,1.3911,1.00,1.00
2010.02.24 08:59:02.742,1.3908,1.3911,1.00,1.00
2010.02.24 08:59:02.779,1.3908,1.3911,1.00,1.00
2010.02.24 08:59:03.428,1.3908,1.3911,1.60,1.00
2010.02.24 08:59:04.957,1.3908,1.39115,1.60,3.50
2010.02.24 08:59:05.711,1.39065,1.39095,8.00,1.00
2010.02.24 08:59:05.964,1.39065,1.39095,6.40,1.60
2010.02.24 08:59:06.592,1.39065,1.39095,8.00,1.00
2010.02.24 08:59:06.899,1.39065,1.39095,6.40,1.00
2010.02.24 08:59:07.719,1.39065,1.39095,1.60,1.00
2010.02.24 08:59:08.050,1.39065,1.39085,1.00,1.60
2010.02.24 08:59:08.377,1.39065,1.39095,1.00,3.90
2010.02.24 08:59:09.586,1.3906,1.39085,1.60,1.60
2010.02.24 08:59:10.881,1.3906,1.39085,1.00,1.60
2010.02.24 08:59:11.587,1.3905,1.39085,1.00,4.40
2010.02.24 08:59:11.790,1.3905,1.3908,1.00,1.00
2010.02.24 08:59:12.620,1.3905,1.39075,1.00,1.60
2010.02.24 08:59:12.997,1.39045,1.39075,4.80,1.60
2010.02.24 08:59:13.348,1.39045,1.39075,4.80,1.00
2010.02.24 08:59:13.700,1.39045,1.3908,4.80,1.00
2010.02.24 08:59:14.494,1.3904,1.39065,1.00,1.60
2010.02.24 08:59:14.861,1.39035,1.39065,2.30,1.60
2010.02.24 08:59:15.743,1.3903,1.39065,1.60,4.40
2010.02.24 08:59:15.921,1.3903,1.39065,1.60,5.80
2010.02.24 08:59:16.535,1.3903,1.39065,1.60,6.20
2010.02.24 08:59:16.864,1.39025,1.39055,4.80,4.80
2010.02.24 08:59:17.156,1.39025,1.39055,4.80,5.20
2010.02.24 08:59:19.732,1.3903,1.39055,1.00,3.60
2010.02.24 08:59:21.640,1.39015,1.3904,4.80,1.00
2010.02.24 08:59:21.884,1.3901,1.39035,1.60,1.60
2010.02.24 08:59:22.534,1.3901,1.39035,1.00,3.20
2010.02.24 08:59:23.141,1.39005,1.39035,1.00,6.50
2010.02.24 08:59:23.810,1.3901,1.39035,1.00,3.40
2010.02.24 08:59:24.187,1.39005,1.3903,1.60,2.40
2010.02.24 08:59:25.007,1.39005,1.39025,1.60,1.60
2010.02.24 08:59:25.843,1.39005,1.3903,1.60,2.00
2010.02.24 08:59:26.190,1.39005,1.3903,1.60,2.00
2010.02.24 08:59:28.649,1.39015,1.39045,1.00,7.80
2010.02.24 08:59:29.515,1.39015,1.3904,1.00,1.60
2010.02.24 08:59:29.882,1.39015,1.39045,1.60,5.40
2010.02.24 08:59:30.236,1.39015,1.39045,1.60,5.60
2010.02.24 08:59:31.084,1.39005,1.3903,1.60,3.80
2010.02.24 08:59:31.291,1.39005,1.3903,1.60,2.20
2010.02.24 08:59:31.955,1.3902,1.3904,1.00,1.00
2010.02.24 08:59:32.153,1.3902,1.39045,1.00,3.20
2010.02.24 08:59:32.779,1.3902,1.39045,1.00,1.60
2010.02.24 08:59:33.019,1.39015,1.39045,1.00,1.60
2010.02.24 08:59:33.912,1.3902,1.39055,1.60,5.60
2010.02.24 08:59:34.290,1.3903,1.39055,1.00,1.80
2010.02.24 08:59:34.911,1.3903,1.39055,1.00,1.00
2010.02.24 08:59:35.281,1.3903,1.3906,1.00,1.00
2010.02.24 08:59:35.835,1.39035,1.39055,1.00,1.60
2010.02.24 08:59:36.832,1.3903,1.3906,1.20,1.60
2010.02.24 08:59:37.097,1.39035,1.3906,1.60,1.60
2010.02.24 08:59:38.028,1.39035,1.39065,2.20,3.20
2010.02.24 08:59:38.401,1.39035,1.39065,3.20,3.20
2010.02.24 08:59:39.313,1.39035,1.39055,3.20,1.60
2010.02.24 08:59:39.657,1.3904,1.3906,1.00,1.00
2010.02.24 08:59:40.393,1.39045,1.3907,2.00,1.00
2010.02.24 08:59:40.757,1.39045,1.39075,3.60,1.60
2010.02.24 08:59:41.587,1.3906,1.39085,3.20,2.40
2010.02.24 08:59:41.825,1.39065,1.39085,1.00,1.60
2010.02.24 08:59:42.521,1.39075,1.3912,5.60,1.00
2010.02.24 08:59:42.886,1.39085,1.39125,3.20,1.60
2010.02.24 08:59:44.764,1.39085,1.3911,3.20,1.60
2010.02.24 08:59:45.093,1.39085,1.39115,3.20,1.60
2010.02.24 08:59:45.817,1.3909,1.39125,3.20,3.20
2010.02.24 08:59:46.039,1.3909,1.39125,3.20,4.80
2010.02.24 08:59:47.693,1.3909,1.39125,3.20,5.20
2010.02.24 08:59:48.061,1.39095,1.39125,1.60,5.20
2010.02.24 08:59:48.928,1.39095,1.39115,1.60,1.60
2010.02.24 08:59:50.798,1.39085,1.39105,1.60,3.20
2010.02.24 08:59:51.632,1.3908,1.391,1.60,1.60
2010.02.24 08:59:51.858,1.3908,1.39105,1.60,2.00
2010.02.24 08:59:52.525,1.39095,1.3912,3.20,1.60
2010.02.24 08:59:52.743,1.39095,1.39115,1.60,1.60
2010.02.24 08:59:53.377,1.3909,1.3912,1.60,1.00
2010.02.24 08:59:53.576,1.3909,1.3912,1.60,2.00
2010.02.24 08:59:53.933,1.39105,1.3912,1.00,1.60
2010.02.24 08:59:54.710,1.3908,1.39115,1.00,5.20
2010.02.24 08:59:55.021,1.39085,1.39125,3.20,2.40
2010.02.24 08:59:55.768,1.3909,1.39125,6.00,1.60
2010.02.24 08:59:56.120,1.3909,1.39125,5.20,1.60
2010.02.24 08:59:56.475,1.39095,1.39125,1.00,1.60
2010.02.24 08:59:57.226,1.39095,1.39135,5.20,6.60
2010.02.24 08:59:57.415,1.39095,1.39125,4.40,1.60
2010.02.24 08:59:58.106,1.3909,1.39125,6.00,1.60
2010.02.24 08:59:58.312,1.391,1.39125,1.60,1.60
2010.02.24 08:59:59.165,1.39105,1.3913,2.40,1.60
2010.02.24 08:59:59.553,1.39105,1.39135,2.00,5.40
