2008.12.15 10:00:00.004,1.3587,1.3593,1.60,4.80
2008.12.15 10:00:00.365,1.3587,1.3593,1.60,1.60
2008.12.15 10:00:01.174,1.3586,1.3593,7.20,1.60
2008.12.15 10:00:01.463,1.35865,1.3593,1.60,1.60
2008.12.15 10:00:01.924,1.35865,1.35915,1.60,1.60
2008.12.15 10:00:02.563,1.3587,1.35925,1.60,6.40
2008.12.15 10:00:02.843,1.35885,1.35935,1.60,8.80
2008.12.15 10:00:03.133,1.359,1.3596,9.00,1.60
2008.12.15 10:00:03.653,1.3592,1.35975,1.60,1.60
2008.12.15 10:00:04.122,1.3594,1.3599,1.60,6.40
2008.12.15 10:00:04.482,1.3594,1.36,1.60,4.80
2008.12.15 10:00:04.933,1.3596,1.36005,1.60,3.20
2008.12.15 10:00:06.132,1.3595,1.36,1.60,3.20
2008.12.15 10:00:06.362,1.3595,1.36,3.20,3.20
2008.12.15 10:00:09.402,1.3596,1.35995,1.60,4.00
2008.12.15 10:00:10.681,1.35965,1.35995,1.60,4.00
2008.12.15 10:00:11.541,1.3596,1.35995,3.20,1.60
2008.12.15 10:00:11.991,1.3596,1.35995,1.60,1.60
2008.12.15 10:00:12.101,1.35965,1.3599,1.60,2.40
2008.12.15 10:00:12.561,1.35965,1.35995,1.60,7.20
2008.12.15 10:00:12.831,1.35965,1.35995,1.60,4.00
2008.12.15 10:00:13.220,1.3595,1.35995,1.60,4.00
2008.12.15 10:00:14.530,1.3595,1.35995,3.20,4.00
2008.12.15 10:00:14.850,1.3595,1.35985,3.20,1.60
2008.12.15 10:00:15.260,1.35945,1.35985,1.60,1.60
2008.12.15 10:00:17.269,1.3595,1.35985,1.60,1.60
2008.12.15 10:00:17.389,1.3595,1.3599,1.60,1.60
2008.12.15 10:00:18.499,1.3595,1.3599,3.20,1.60
2008.12.15 10:00:20.209,1.35945,1.3598,1.60,1.60
2008.12.15 10:00:20.849,1.35935,1.35975,1.60,1.60
2008.12.15 10:00:21.189,1.3593,1.35965,1.60,1.60
2008.12.15 10:00:22.508,1.35935,1.3598,1.60,3.20
2008.12.15 10:00:22.618,1.3594,1.3598,1.60,4.80
2008.12.15 10:00:24.188,1.35925,1.3597,1.60,1.60
2008.12.15 10:00:24.578,1.35925,1.35965,1.60,4.00
2008.12.15 10:00:24.858,1.35915,1.35965,1.60,10.40
2008.12.15 10:00:26.297,1.35915,1.35965,3.20,10.40
2008.12.15 10:00:27.537,1.35915,1.35965,1.60,10.40
2008.12.15 10:00:28.007,1.359,1.35955,3.20,2.40
2008.12.15 10:00:28.297,1.35905,1.35955,1.60,4.80
2008.12.15 10:00:28.627,1.359,1.3595,1.60,1.60
2008.12.15 10:00:28.987,1.359,1.35945,1.60,2.40
2008.12.15 10:00:29.357,1.35895,1.3594,1.60,3.20
2008.12.15 10:00:29.647,1.3589,1.3594,1.80,3.20
2008.12.15 10:00:30.096,1.359,1.3594,3.20,3.20
2008.12.15 10:00:30.396,1.35905,1.3595,1.60,7.20
2008.12.15 10:00:30.856,1.359,1.35945,1.60,2.40
2008.12.15 10:00:31.096,1.3592,1.3595,1.60,5.60
2008.12.15 10:00:31.276,1.359,1.3595,1.60,7.20
2008.12.15 10:00:31.566,1.359,1.3595,1.60,4.80
2008.12.15 10:00:31.966,1.359,1.3595,1.60,1.60
2008.12.15 10:00:32.306,1.35905,1.3595,1.60,1.60
2008.12.15 10:00:33.246,1.35905,1.35955,1.60,8.80
2008.12.15 10:00:33.586,1.35905,1.35955,1.60,5.60
2008.12.15 10:00:34.065,1.35905,1.3596,1.60,3.20
2008.12.15 10:00:34.575,1.359,1.3596,3.20,4.80
2008.12.15 10:00:34.915,1.35905,1.35955,1.60,7.20
2008.12.15 10:00:35.215,1.35895,1.35945,1.60,1.60
2008.12.15 10:00:36.545,1.359,1.35945,1.60,1.60
2008.12.15 10:00:37.804,1.35895,1.35945,1.60,1.60
2008.12.15 10:00:38.147,1.35895,1.35945,3.20,1.60
2008.12.15 10:00:38.674,1.3589,1.35935,1.80,1.60
2008.12.15 10:00:38.974,1.35905,1.3594,1.60,1.60
2008.12.15 10:00:39.254,1.35905,1.3594,3.20,1.60
2008.12.15 10:00:41.364,1.35915,1.3594,1.60,1.60
2008.12.15 10:00:41.774,1.35905,1.3594,1.60,1.60
2008.12.15 10:00:42.453,1.35905,1.35935,1.60,1.60
2008.12.15 10:00:42.693,1.35905,1.3594,3.20,1.60
2008.12.15 10:00:43.093,1.35905,1.35955,3.20,1.60
2008.12.15 10:00:43.333,1.3591,1.35955,1.60,1.60
2008.12.15 10:00:43.553,1.3591,1.35955,3.20,1.60
2008.12.15 10:00:44.033,1.3591,1.35945,3.20,1.60
2008.12.15 10:00:44.373,1.35905,1.3594,3.20,1.60
2008.12.15 10:00:44.733,1.3591,1.35955,3.20,3.20
2008.12.15 10:00:44.963,1.3591,1.3596,3.20,1.60
2008.12.15 10:00:45.602,1.3591,1.3596,1.60,1.60
2008.12.15 10:00:46.392,1.35915,1.3596,1.60,1.60
2008.12.15 10:00:47.462,1.3591,1.3596,1.60,1.60
2008.12.15 10:00:48.032,1.35905,1.35955,3.20,1.60
2008.12.15 10:00:48.382,1.35905,1.35955,1.60,1.60
2008.12.15 10:00:48.852,1.3592,1.35955,1.60,1.60
2008.12.15 10:00:49.432,1.3592,1.3597,1.60,1.60
2008.12.15 10:00:49.782,1.35905,1.35955,1.60,1.60
2008.12.15 10:00:51.291,1.35905,1.3595,1.60,2.40
2008.12.15 10:00:51.571,1.35895,1.35945,3.20,1.60
2008.12.15 10:00:52.511,1.3591,1.35955,1.60,10.40
2008.12.15 10:00:52.781,1.35915,1.35965,1.60,1.60
2008.12.15 10:00:53.631,1.3592,1.35955,1.60,1.60
2008.12.15 10:00:54.151,1.35915,1.35955,3.20,1.60
2008.12.15 10:00:54.550,1.35915,1.35955,1.60,1.60
2008.12.15 10:01:00.639,1.3591,1.35945,1.60,1.60
2008.12.15 10:01:00.989,1.35905,1.3595,1.60,3.20
2008.12.15 10:01:01.279,1.3592,1.35955,3.20,5.60
2008.12.15 10:01:01.509,1.3592,1.3596,3.20,1.60
2008.12.15 10:01:02.669,1.35935,1.3596,1.60,1.60
2008.12.15 10:01:03.239,1.3593,1.3597,1.60,4.80
2008.12.15 10:01:03.578,1.35945,1.3597,1.60,4.80
2008.12.15 10:01:03.699,1.35935,1.3597,1.60,3.20
2008.12.15 10:01:03.818,1.35935,1.35975,1.60,1.60
2008.12.15 10:01:04.598,1.35925,1.35965,3.20,1.60
2008.12.15 10:01:05.178,1.3594,1.3597,1.60,4.00
2008.12.15 10:01:05.538,1.3594,1.3595,1.60,1.60
2008.12.15 10:01:05.948,1.3591,1.3596,3.20,3.20
2008.12.15 10:01:06.228,1.3591,1.3598,4.80,1.60
2008.12.15 10:01:06.518,1.35925,1.3599,1.60,7.20
2008.12.15 10:01:06.778,1.35925,1.3598,1.60,1.60
2008.12.15 10:01:08.547,1.35935,1.3597,1.60,1.60
2008.12.15 10:01:09.167,1.3594,1.3598,1.60,1.60
2008.12.15 10:01:10.207,1.3594,1.3598,3.20,1.60
2008.12.15 10:01:10.737,1.3594,1.3598,1.60,1.60
2008.12.15 10:01:11.586,1.3594,1.3598,3.20,1.60
2008.12.15 10:01:12.276,1.35945,1.35985,3.20,1.60
2008.12.15 10:01:12.396,1.35945,1.35985,3.20,4.00
2008.12.15 10:01:12.506,1.35945,1.35985,3.20,1.60
2008.12.15 10:01:12.736,1.3595,1.35975,1.60,1.60
2008.12.15 10:01:13.036,1.3594,1.35975,3.20,1.60
2008.12.15 10:01:14.866,1.35945,1.3598,1.60,1.60
2008.12.15 10:01:15.225,1.35945,1.3598,3.20,1.60
2008.12.15 10:01:15.576,1.35945,1.3598,1.60,1.60
2008.12.15 10:01:15.795,1.35935,1.3598,3.20,1.60
2008.12.15 10:01:15.975,1.3594,1.35965,1.60,1.60
2008.12.15 10:01:18.425,1.3593,1.35965,3.20,1.60
2008.12.15 10:01:18.875,1.35935,1.3596,1.60,1.60
2008.12.15 10:01:19.785,1.35935,1.35975,1.60,1.60
2008.12.15 10:01:20.374,1.3595,1.35975,1.60,1.60
2008.12.15 10:01:21.104,1.35945,1.35975,1.60,1.60
2008.12.15 10:01:21.604,1.3594,1.3597,3.20,1.60
2008.12.15 10:01:21.934,1.3594,1.35975,1.60,1.60
2008.12.15 10:01:22.224,1.3594,1.35975,3.20,1.60
2008.12.15 10:01:23.094,1.35945,1.3598,1.60,1.60
2008.12.15 10:01:24.124,1.35945,1.35965,1.60,1.60
2008.12.15 10:01:24.473,1.3593,1.35965,1.60,1.60
2008.12.15 10:01:26.293,1.3593,1.35955,1.60,1.60
2008.12.15 10:01:27.222,1.3593,1.3596,1.60,1.60
2008.12.15 10:01:31.351,1.35935,1.3596,1.60,1.60
2008.12.15 10:01:31.521,1.35935,1.3595,1.60,1.60
2008.12.15 10:01:32.751,1.35925,1.3595,1.60,1.60
2008.12.15 10:01:34.941,1.35915,1.3595,1.60,1.60
2008.12.15 10:01:36.450,1.35915,1.3595,3.20,1.60
2008.12.15 10:01:36.910,1.35915,1.35935,1.60,1.60
2008.12.15 10:01:37.141,1.35915,1.3593,1.60,1.60
2008.12.15 10:01:37.390,1.35915,1.35945,1.60,3.20
2008.12.15 10:01:37.620,1.35925,1.3595,1.60,4.80
2008.12.15 10:01:37.800,1.3592,1.3595,1.60,1.60
2008.12.15 10:01:38.320,1.35915,1.35955,1.60,4.80
2008.12.15 10:01:38.540,1.3591,1.3594,1.60,1.60
2008.12.15 10:01:38.710,1.35915,1.3594,1.60,1.60
2008.12.15 10:01:39.910,1.3591,1.3592,1.60,1.60
2008.12.15 10:01:40.210,1.3587,1.3592,1.60,1.60
2008.12.15 10:01:40.609,1.35865,1.3592,1.60,1.60
2008.12.15 10:01:40.899,1.35875,1.3592,1.60,1.60
2008.12.15 10:01:41.239,1.3588,1.35915,1.60,1.60
2008.12.15 10:01:41.649,1.35875,1.3592,3.20,1.60
2008.12.15 10:01:42.629,1.3587,1.35905,1.60,1.60
2008.12.15 10:01:43.319,1.3588,1.3592,1.60,8.00
2008.12.15 10:01:43.549,1.35875,1.3591,1.60,2.40
2008.12.15 10:01:44.009,1.35875,1.3589,1.60,1.60
2008.12.15 10:01:44.230,1.3587,1.35905,1.60,3.20
2008.12.15 10:01:44.569,1.3587,1.3592,1.60,3.20
2008.12.15 10:01:44.978,1.35875,1.35935,1.60,1.60
2008.12.15 10:01:45.328,1.3589,1.35925,1.60,1.60
2008.12.15 10:01:45.838,1.35895,1.3593,1.60,1.60
2008.12.15 10:01:46.358,1.35895,1.3593,3.20,1.60
2008.12.15 10:01:46.908,1.359,1.35925,1.60,1.60
2008.12.15 10:01:47.208,1.3589,1.35935,1.60,8.00
2008.12.15 10:01:47.787,1.3589,1.35935,3.20,1.60
2008.12.15 10:01:48.408,1.3589,1.35935,1.60,1.60
2008.12.15 10:01:49.787,1.35885,1.3593,3.20,1.60
2008.12.15 10:01:50.027,1.3588,1.3593,1.60,1.60
2008.12.15 10:01:50.207,1.3587,1.35915,1.80,1.60
2008.12.15 10:01:50.437,1.3586,1.35915,1.60,1.60
2008.12.15 10:01:52.027,1.35855,1.359,1.60,1.60
2008.12.15 10:01:52.777,1.35845,1.359,3.20,1.60
2008.12.15 10:01:53.416,1.35845,1.359,1.60,1.60
2008.12.15 10:01:55.616,1.3586,1.359,1.60,1.60
2008.12.15 10:01:57.005,1.35855,1.359,1.60,1.60
2008.12.15 10:01:57.396,1.3586,1.35905,1.60,1.60
2008.12.15 10:01:59.245,1.3587,1.35905,1.60,1.60
2008.12.15 10:01:59.695,1.35855,1.359,3.20,1.60
2008.12.15 10:02:00.665,1.3584,1.35895,4.80,1.60
2008.12.15 10:02:01.194,1.35855,1.35895,1.60,1.60
2008.12.15 10:02:01.604,1.35855,1.359,1.60,1.60
2008.12.15 10:02:01.994,1.35845,1.359,4.80,1.60
2008.12.15 10:02:02.174,1.35855,1.359,1.60,1.60
2008.12.15 10:02:02.404,1.35845,1.359,4.80,1.60
2008.12.15 10:02:02.584,1.35845,1.359,3.20,1.60
2008.12.15 10:02:02.764,1.3586,1.359,1.60,1.60
2008.12.15 10:02:03.084,1.3586,1.3591,3.20,4.80
2008.12.15 10:02:03.314,1.35865,1.3591,3.20,4.80
2008.12.15 10:02:03.554,1.35865,1.3591,4.80,1.60
2008.12.15 10:02:04.394,1.3587,1.35905,1.60,1.60
2008.12.15 10:02:05.104,1.3586,1.35905,3.20,1.60
2008.12.15 10:02:06.464,1.35875,1.35905,1.60,1.60
2008.12.15 10:02:06.633,1.3587,1.35895,1.60,1.60
2008.12.15 10:02:08.013,1.35875,1.35895,1.60,1.60
2008.12.15 10:02:08.134,1.35875,1.35905,1.60,1.60
2008.12.15 10:02:09.303,1.3587,1.35905,3.20,1.60
2008.12.15 10:02:10.402,1.3588,1.35905,1.60,1.60
2008.12.15 10:02:11.082,1.3587,1.35905,1.60,1.60
2008.12.15 10:02:11.882,1.3587,1.359,1.60,1.60
2008.12.15 10:02:12.102,1.3586,1.359,3.20,1.60
2008.12.15 10:02:12.752,1.35875,1.359,1.60,1.60
2008.12.15 10:02:13.441,1.3587,1.35905,3.20,1.60
2008.12.15 10:02:14.411,1.3588,1.35905,1.60,1.60
2008.12.15 10:02:15.171,1.3587,1.35905,3.20,1.60
2008.12.15 10:02:15.521,1.3587,1.3591,1.60,1.00
2008.12.15 10:02:15.721,1.3587,1.3591,3.20,1.00
2008.12.15 10:02:16.721,1.3587,1.3591,4.80,1.00
2008.12.15 10:02:17.001,1.35885,1.3591,1.60,1.00
2008.12.15 10:02:17.480,1.3587,1.3591,6.40,1.00
2008.12.15 10:02:17.890,1.3587,1.3591,3.20,1.00
2008.12.15 10:02:18.330,1.3588,1.3591,1.60,1.00
2008.12.15 10:02:24.659,1.3589,1.3591,1.60,1.00
2008.12.15 10:02:25.049,1.35885,1.3591,3.20,1.00
2008.12.15 10:02:25.449,1.3589,1.3591,1.60,1.00
2008.12.15 10:02:25.808,1.35885,1.3591,3.20,1.00
2008.12.15 10:02:26.198,1.3589,1.3591,3.20,1.00
2008.12.15 10:02:26.588,1.35885,1.3591,1.60,1.00
2008.12.15 10:02:26.928,1.3589,1.3591,1.60,1.00
2008.12.15 10:02:27.218,1.359,1.3591,1.60,1.00
2008.12.15 10:02:27.928,1.3589,1.3591,1.60,1.60
2008.12.15 10:02:28.268,1.3589,1.35905,1.60,1.60
2008.12.15 10:02:28.618,1.3588,1.35905,1.60,1.60
2008.12.15 10:02:28.948,1.3587,1.35905,3.20,1.60
2008.12.15 10:02:29.248,1.35885,1.3591,1.60,3.20
2008.12.15 10:02:29.578,1.3589,1.3591,1.60,1.00
2008.12.15 10:02:30.317,1.35875,1.3591,3.20,1.60
2008.12.15 10:02:30.657,1.35875,1.35905,1.60,1.60
2008.12.15 10:02:34.556,1.35875,1.359,1.60,1.60
2008.12.15 10:02:34.786,1.35875,1.35905,1.60,1.60
2008.12.15 10:02:35.406,1.35865,1.35905,1.60,1.60
2008.12.15 10:02:35.646,1.35875,1.35905,1.60,1.60
2008.12.15 10:02:35.876,1.35865,1.35905,1.60,1.60
2008.12.15 10:02:36.276,1.3587,1.359,1.60,1.60
2008.12.15 10:02:36.626,1.3586,1.359,3.20,1.60
2008.12.15 10:02:36.986,1.35865,1.35905,1.60,1.60
2008.12.15 10:02:37.346,1.3588,1.3591,1.60,1.60
2008.12.15 10:02:38.685,1.3588,1.3591,1.60,1.00
2008.12.15 10:02:39.175,1.35875,1.3591,3.20,1.00
2008.12.15 10:02:40.495,1.35885,1.3591,1.60,1.00
2008.12.15 10:02:41.585,1.3588,1.3591,5.60,1.00
2008.12.15 10:02:41.755,1.3588,1.3591,8.80,1.00
2008.12.15 10:02:42.474,1.3589,1.3591,1.60,1.00
2008.12.15 10:02:44.694,1.35875,1.3591,1.60,1.00
2008.12.15 10:02:45.044,1.35885,1.3591,1.60,1.00
2008.12.15 10:02:45.504,1.3586,1.3591,1.60,1.00
2008.12.15 10:02:45.804,1.35855,1.3591,3.20,1.00
2008.12.15 10:02:47.363,1.35875,1.3591,1.60,1.00
2008.12.15 10:02:48.233,1.3587,1.3591,4.00,1.00
2008.12.15 10:02:48.413,1.35875,1.3591,2.40,1.00
2008.12.15 10:02:48.753,1.35885,1.3591,1.60,1.00
2008.12.15 10:02:49.553,1.3588,1.3591,1.60,1.00
2008.12.15 10:02:51.153,1.35855,1.3591,1.60,1.00
2008.12.15 10:02:51.452,1.35865,1.3591,1.60,1.00
2008.12.15 10:02:51.632,1.35855,1.3591,1.60,1.00
2008.12.15 10:02:52.542,1.35865,1.3591,1.60,1.00
2008.12.15 10:02:53.112,1.3587,1.3591,1.60,1.00
2008.12.15 10:02:53.342,1.35865,1.3591,1.60,1.60
2008.12.15 10:02:54.082,1.35865,1.35905,1.60,1.60
2008.12.15 10:02:54.492,1.35855,1.35895,3.20,1.60
2008.12.15 10:02:55.231,1.3586,1.35895,1.60,1.60
2008.12.15 10:02:55.641,1.35865,1.3591,1.60,3.20
2008.12.15 10:02:56.041,1.3586,1.3591,3.20,3.20
2008.12.15 10:02:56.551,1.3587,1.3591,1.60,1.00
2008.12.15 10:02:57.001,1.35875,1.3591,1.60,1.00
2008.12.15 10:02:57.891,1.35885,1.3591,3.20,1.00
2008.12.15 10:02:58.301,1.3587,1.3591,3.20,1.00
2008.12.15 10:02:58.531,1.35865,1.3591,3.20,1.00
2008.12.15 10:02:58.820,1.35875,1.3591,1.60,1.00
2008.12.15 10:02:59.750,1.35865,1.3591,4.80,1.00
2008.12.15 10:03:00.090,1.35865,1.3591,6.40,1.00
2008.12.15 10:03:00.360,1.35865,1.3591,4.80,1.00
2008.12.15 10:03:00.631,1.3587,1.3591,1.60,1.00
2008.12.15 10:03:00.960,1.35865,1.3591,1.60,1.00
2008.12.15 10:03:01.880,1.35865,1.3591,1.60,1.60
2008.12.15 10:03:02.560,1.3586,1.3591,1.60,3.20
2008.12.15 10:03:02.850,1.3586,1.3591,1.60,1.00
2008.12.15 10:03:03.120,1.35855,1.35905,4.80,1.60
2008.12.15 10:03:03.869,1.35855,1.35905,3.20,1.60
2008.12.15 10:03:11.098,1.35855,1.35905,1.60,1.60
2008.12.15 10:03:11.438,1.3585,1.35905,3.20,1.60
2008.12.15 10:03:11.557,1.3585,1.35905,1.60,1.60
2008.12.15 10:03:12.767,1.3585,1.35905,3.20,1.60
2008.12.15 10:03:13.357,1.3585,1.35905,1.60,1.60
2008.12.15 10:03:14.257,1.35845,1.3589,3.20,1.60
2008.12.15 10:03:15.616,1.35855,1.3589,1.60,1.60
2008.12.15 10:03:16.306,1.35845,1.3589,3.20,1.60
2008.12.15 10:03:17.466,1.35855,1.3589,1.60,1.60
2008.12.15 10:03:18.246,1.3585,1.3588,1.60,1.60
2008.12.15 10:03:18.836,1.3584,1.3588,3.20,1.60
2008.12.15 10:03:21.555,1.3584,1.3588,4.80,1.60
2008.12.15 10:03:21.665,1.3585,1.3588,3.20,1.60
2008.12.15 10:03:21.885,1.3585,1.3589,1.60,1.60
2008.12.15 10:03:23.375,1.3586,1.3589,1.60,1.60
2008.12.15 10:03:24.314,1.35845,1.3588,3.20,1.60
2008.12.15 10:03:25.524,1.35845,1.3588,1.60,1.60
2008.12.15 10:03:26.434,1.35845,1.3588,3.20,1.60
2008.12.15 10:03:27.504,1.3585,1.35865,1.60,1.60
2008.12.15 10:03:27.724,1.35845,1.3587,1.60,1.60
2008.12.15 10:03:28.264,1.35845,1.35865,1.60,1.60
2008.12.15 10:03:28.553,1.3583,1.35865,3.20,1.60
2008.12.15 10:03:29.423,1.35835,1.3587,1.60,1.60
2008.12.15 10:03:29.544,1.35845,1.3587,1.60,1.60
2008.12.15 10:03:30.073,1.35845,1.3588,1.60,1.60
2008.12.15 10:03:30.653,1.3585,1.3589,3.20,1.60
2008.12.15 10:03:30.993,1.35845,1.3588,1.60,1.60
2008.12.15 10:03:31.213,1.35845,1.3588,3.20,1.60
2008.12.15 10:03:33.562,1.3585,1.35875,1.60,1.60
2008.12.15 10:03:33.862,1.35845,1.3587,1.60,1.60
2008.12.15 10:03:35.302,1.35845,1.35885,3.20,1.60
2008.12.15 10:03:35.931,1.35845,1.3588,3.20,1.60
2008.12.15 10:03:36.212,1.35845,1.3588,1.60,1.60
2008.12.15 10:03:37.601,1.3581,1.35865,3.20,1.60
2008.12.15 10:03:37.901,1.3582,1.35865,1.60,1.60
2008.12.15 10:03:38.301,1.3582,1.35865,3.20,1.60
2008.12.15 10:03:38.541,1.3583,1.35865,1.60,1.60
2008.12.15 10:03:38.991,1.3582,1.35855,4.80,1.60
2008.12.15 10:03:39.321,1.35835,1.35855,1.60,1.60
2008.12.15 10:03:39.601,1.3582,1.35855,3.20,1.60
2008.12.15 10:03:40.131,1.3582,1.35855,1.60,1.60
2008.12.15 10:03:41.160,1.35825,1.3584,1.60,1.60
2008.12.15 10:03:41.840,1.3579,1.3584,3.20,1.60
2008.12.15 10:03:43.030,1.35815,1.3585,1.60,1.60
2008.12.15 10:03:43.380,1.35815,1.3585,3.20,1.60
2008.12.15 10:03:43.550,1.35815,1.3585,1.60,1.60
2008.12.15 10:03:44.270,1.3583,1.35855,1.60,1.60
2008.12.15 10:03:44.680,1.3584,1.3587,1.60,7.20
2008.12.15 10:03:45.189,1.3584,1.3587,1.60,1.60
2008.12.15 10:03:45.899,1.3585,1.3587,1.60,1.60
2008.12.15 10:03:46.539,1.3586,1.35885,1.60,8.00
2008.12.15 10:03:46.759,1.3586,1.35885,1.60,4.80
2008.12.15 10:03:46.989,1.3586,1.35885,1.60,1.60
2008.12.15 10:03:47.219,1.3586,1.3589,1.60,7.20
2008.12.15 10:03:47.609,1.35875,1.3589,1.60,1.60
2008.12.15 10:03:47.899,1.3587,1.35915,3.20,3.20
2008.12.15 10:03:48.129,1.3587,1.35925,3.20,1.60
2008.12.15 10:03:48.369,1.35875,1.35925,1.60,3.20
2008.12.15 10:03:48.768,1.35865,1.35935,3.20,7.20
2008.12.15 10:03:49.579,1.3588,1.3593,1.60,7.20
2008.12.15 10:03:49.928,1.35875,1.3593,1.60,7.20
2008.12.15 10:03:50.968,1.3587,1.35925,1.60,10.40
2008.12.15 10:03:51.548,1.3587,1.35915,1.60,1.60
2008.12.15 10:03:53.217,1.35875,1.35915,1.60,1.60
2008.12.15 10:03:54.367,1.3587,1.3591,1.60,1.60
2008.12.15 10:03:54.657,1.3587,1.35915,1.60,10.40
2008.12.15 10:03:55.067,1.3587,1.35915,1.60,1.60
2008.12.15 10:03:58.286,1.3587,1.35915,3.20,1.60
2008.12.15 10:03:58.516,1.3587,1.3592,3.20,4.00
2008.12.15 10:03:58.696,1.35875,1.3592,1.60,1.60
2008.12.15 10:03:58.816,1.35875,1.35915,1.60,1.60
2008.12.15 10:03:59.266,1.3587,1.35915,1.60,1.60
2008.12.15 10:03:59.386,1.35865,1.35915,3.20,1.60
2008.12.15 10:03:59.966,1.3587,1.35915,1.60,1.60
2008.12.15 10:04:00.996,1.35865,1.35915,1.60,1.60
2008.12.15 10:04:01.445,1.35865,1.35915,3.20,1.60
2008.12.15 10:04:01.945,1.35865,1.3591,3.20,1.60
2008.12.15 10:04:02.245,1.3587,1.3591,3.20,1.60
2008.12.15 10:04:02.555,1.3587,1.3591,1.60,1.60
2008.12.15 10:04:03.135,1.35865,1.3591,3.20,1.60
2008.12.15 10:04:03.415,1.35865,1.3591,1.60,1.60
2008.12.15 10:04:04.165,1.3587,1.3591,1.60,1.60
2008.12.15 10:04:06.184,1.35875,1.3591,1.60,1.60
2008.12.15 10:04:06.424,1.3587,1.3591,1.60,1.60
2008.12.15 10:04:06.764,1.3587,1.359,1.60,1.60
2008.12.15 10:04:07.064,1.35865,1.359,1.60,1.60
2008.12.15 10:04:07.644,1.3586,1.3589,1.60,1.60
2008.12.15 10:04:08.144,1.35855,1.3589,1.60,1.60
2008.12.15 10:04:09.293,1.3586,1.3589,1.60,1.60
2008.12.15 10:04:09.754,1.35855,1.3589,1.60,1.60
2008.12.15 10:04:11.573,1.3586,1.3589,1.60,1.60
2008.12.15 10:04:12.223,1.35855,1.3589,3.20,1.60
2008.12.15 10:04:12.493,1.35865,1.3589,1.60,1.60
2008.12.15 10:04:13.812,1.3586,1.3589,1.60,1.60
2008.12.15 10:04:14.342,1.35855,1.35875,1.60,1.60
2008.12.15 10:04:15.712,1.3586,1.35875,1.60,1.60
2008.12.15 10:04:16.522,1.3586,1.3589,1.60,1.60
2008.12.15 10:04:17.952,1.3586,1.35875,1.60,1.60
2008.12.15 10:04:19.531,1.35855,1.35875,1.60,1.60
2008.12.15 10:04:19.871,1.35855,1.3587,1.60,1.60
2008.12.15 10:04:20.161,1.35855,1.35875,1.60,1.60
2008.12.15 10:04:21.251,1.35855,1.3588,1.60,1.60
2008.12.15 10:04:21.481,1.35855,1.3588,3.20,1.60
2008.12.15 10:04:21.821,1.3586,1.35895,1.60,1.60
2008.12.15 10:04:22.460,1.35855,1.35895,1.60,1.60
2008.12.15 10:04:23.250,1.35855,1.3589,1.60,1.60
2008.12.15 10:04:23.810,1.35845,1.3589,1.60,1.60
2008.12.15 10:04:24.280,1.35855,1.3589,1.60,1.60
2008.12.15 10:04:24.780,1.35855,1.359,1.60,3.20
2008.12.15 10:04:25.130,1.3586,1.35925,1.60,3.20
2008.12.15 10:04:25.630,1.3586,1.35935,3.20,5.60
2008.12.15 10:04:26.449,1.3587,1.3593,1.60,5.60
2008.12.15 10:04:27.639,1.35875,1.3593,1.60,5.60
2008.12.15 10:04:27.869,1.3587,1.3592,1.60,5.60
2008.12.15 10:04:31.128,1.35865,1.3592,5.60,3.20
2008.12.15 10:04:31.778,1.3588,1.3592,1.60,3.20
2008.12.15 10:04:32.708,1.35865,1.3592,5.60,3.20
2008.12.15 10:04:36.187,1.3587,1.35925,1.60,5.60
2008.12.15 10:04:36.467,1.3587,1.3592,1.60,5.60
2008.12.15 10:04:37.657,1.3587,1.35915,1.60,2.40
2008.12.15 10:04:38.077,1.3587,1.3591,3.20,3.20
2008.12.15 10:04:38.197,1.35875,1.35905,1.60,1.60
2008.12.15 10:04:38.417,1.35865,1.35905,4.80,1.60
2008.12.15 10:04:38.477,1.35865,1.35905,3.20,1.60
2008.12.15 10:04:38.756,1.35865,1.35905,1.60,1.60
2008.12.15 10:04:39.636,1.35865,1.3591,1.60,1.60
2008.12.15 10:04:41.536,1.35865,1.3591,3.20,1.60
2008.12.15 10:04:41.706,1.3587,1.3592,3.20,4.80
2008.12.15 10:04:41.996,1.3587,1.3592,1.60,1.60
2008.12.15 10:04:42.396,1.35875,1.35915,1.60,1.60
2008.12.15 10:04:46.945,1.35875,1.35915,3.20,1.60
2008.12.15 10:04:47.064,1.35875,1.3592,1.60,1.60
2008.12.15 10:04:47.295,1.35875,1.35915,1.60,1.60
2008.12.15 10:04:47.474,1.35865,1.35915,4.80,1.60
2008.12.15 10:04:49.324,1.35875,1.35915,1.60,1.60
2008.12.15 10:04:52.923,1.3587,1.3591,1.60,1.60
2008.12.15 10:04:54.383,1.35875,1.3591,1.60,1.60
2008.12.15 10:04:54.883,1.35865,1.35905,1.60,1.60
2008.12.15 10:04:55.163,1.3586,1.35895,3.20,1.60
2008.12.15 10:04:56.472,1.35875,1.35895,1.60,1.60
2008.12.15 10:04:56.922,1.35875,1.3591,1.60,4.80
2008.12.15 10:04:57.102,1.35875,1.3591,3.20,4.80
2008.12.15 10:04:57.272,1.35875,1.3591,3.20,1.60
2008.12.15 10:04:58.022,1.35875,1.3591,1.60,1.60
2008.12.15 10:04:59.511,1.35875,1.3591,3.20,1.60
2008.12.15 10:05:00.421,1.35885,1.3591,1.60,1.60
2008.12.15 10:05:01.341,1.35875,1.3591,3.20,1.60
2008.12.15 10:05:02.111,1.35885,1.3591,1.60,1.60
2008.12.15 10:05:02.561,1.3589,1.3591,1.60,1.60
2008.12.15 10:05:04.070,1.3589,1.35915,1.60,1.60
2008.12.15 10:05:05.510,1.3588,1.35915,3.20,1.60
2008.12.15 10:05:05.750,1.35885,1.3592,1.60,1.60
2008.12.15 10:05:06.030,1.35885,1.35915,1.60,1.60
2008.12.15 10:05:06.540,1.35885,1.3592,1.60,1.60
2008.12.15 10:05:07.869,1.35885,1.3592,3.20,1.60
2008.12.15 10:05:08.789,1.35885,1.3592,4.80,1.60
2008.12.15 10:05:08.899,1.359,1.3592,1.60,1.60
2008.12.15 10:05:09.019,1.35905,1.3592,1.60,1.60
2008.12.15 10:05:10.909,1.35905,1.3593,1.60,1.60
2008.12.15 10:05:11.199,1.35905,1.35935,1.60,1.60
2008.12.15 10:05:11.309,1.35905,1.3593,1.60,1.60
2008.12.15 10:05:11.598,1.35905,1.35935,1.60,1.60
2008.12.15 10:05:11.768,1.3591,1.35935,1.60,1.60
2008.12.15 10:05:13.188,1.3591,1.35925,1.60,1.60
2008.12.15 10:05:13.418,1.3591,1.3592,1.60,1.60
2008.12.15 10:05:13.538,1.3591,1.35925,1.60,1.60
2008.12.15 10:05:16.008,1.35925,1.35975,1.60,1.60
2008.12.15 10:05:16.457,1.3593,1.35975,1.60,1.60
2008.12.15 10:05:16.687,1.3593,1.35975,3.20,1.60
2008.12.15 10:05:16.907,1.3593,1.35985,3.20,5.60
2008.12.15 10:05:17.147,1.3593,1.3599,3.20,1.60
2008.12.15 10:05:17.657,1.35945,1.35995,1.60,8.80
2008.12.15 10:05:17.897,1.35945,1.35985,1.60,1.60
2008.12.15 10:05:18.187,1.35945,1.3598,1.60,1.60
2008.12.15 10:05:18.647,1.3595,1.3598,1.60,1.60
2008.12.15 10:05:18.947,1.3595,1.3598,1.60,1.60
2008.12.15 10:05:19.417,1.3595,1.35995,1.60,10.40
2008.12.15 10:05:19.697,1.35955,1.35995,1.60,8.80
2008.12.15 10:05:20.037,1.3595,1.35995,3.20,8.00
2008.12.15 10:05:20.326,1.3595,1.35995,1.60,4.80
2008.12.15 10:05:20.676,1.3595,1.35995,1.60,1.60
2008.12.15 10:05:21.076,1.3596,1.35995,1.60,1.60
2008.12.15 10:05:21.596,1.3596,1.3601,1.60,7.20
2008.12.15 10:05:21.976,1.3595,1.36015,3.20,12.00
2008.12.15 10:05:22.326,1.3595,1.36,3.20,3.20
2008.12.15 10:05:23.146,1.3596,1.36015,1.60,8.80
2008.12.15 10:05:23.426,1.35965,1.3603,3.20,8.80
2008.12.15 10:05:23.586,1.35965,1.3603,4.80,8.80
2008.12.15 10:05:23.865,1.35965,1.3603,3.20,8.80
2008.12.15 10:05:24.206,1.35965,1.36035,3.20,6.40
2008.12.15 10:05:24.426,1.35965,1.36045,12.20,18.40
2008.12.15 10:05:24.796,1.35965,1.3602,10.60,3.20
2008.12.15 10:05:25.186,1.3598,1.36035,1.60,2.40
2008.12.15 10:05:25.525,1.3599,1.3603,1.60,6.40
2008.12.15 10:05:25.935,1.3599,1.3603,3.20,1.60
2008.12.15 10:05:26.295,1.36005,1.3604,1.60,2.40
2008.12.15 10:05:26.685,1.3601,1.36065,1.60,1.60
2008.12.15 10:05:26.965,1.36,1.3605,3.20,2.40
2008.12.15 10:05:27.475,1.3601,1.36065,1.60,2.40
2008.12.15 10:05:27.915,1.3602,1.36065,1.60,3.20
2008.12.15 10:05:28.295,1.36035,1.36075,1.60,2.40
2008.12.15 10:05:28.465,1.36045,1.36075,1.60,2.40
2008.12.15 10:05:28.815,1.36045,1.3608,1.60,3.20
2008.12.15 10:05:29.094,1.3605,1.36095,1.60,7.20
2008.12.15 10:05:29.434,1.3604,1.3608,1.60,1.60
2008.12.15 10:05:29.844,1.3603,1.3607,1.60,1.60
2008.12.15 10:05:30.024,1.3603,1.3607,1.60,4.00
2008.12.15 10:05:30.314,1.3602,1.3607,4.80,4.00
2008.12.15 10:05:30.604,1.3602,1.36065,3.20,4.00
2008.12.15 10:05:31.244,1.36025,1.36055,1.60,1.60
2008.12.15 10:05:31.514,1.36025,1.36045,1.60,1.60
2008.12.15 10:05:31.794,1.36,1.36045,1.60,5.60
2008.12.15 10:05:32.084,1.36,1.3605,1.60,4.00
2008.12.15 10:05:33.483,1.36,1.3604,1.60,1.60
2008.12.15 10:05:33.743,1.36005,1.36045,1.60,2.40
2008.12.15 10:05:34.203,1.36005,1.36045,1.60,3.20
2008.12.15 10:05:34.433,1.35995,1.3603,1.60,1.60
2008.12.15 10:05:34.783,1.35995,1.36025,1.60,1.60
2008.12.15 10:05:35.183,1.35995,1.3604,1.60,7.20
2008.12.15 10:05:35.533,1.3597,1.36025,1.60,2.40
2008.12.15 10:05:35.923,1.3596,1.3601,1.60,1.60
2008.12.15 10:05:36.273,1.3596,1.3601,3.20,1.60
2008.12.15 10:05:37.552,1.35965,1.36,1.60,1.60
2008.12.15 10:05:37.782,1.3596,1.35995,3.20,1.60
2008.12.15 10:05:37.892,1.3596,1.35995,1.60,1.60
2008.12.15 10:05:39.342,1.3596,1.36,1.60,1.60
2008.12.15 10:05:40.332,1.3596,1.36,3.20,1.60
2008.12.15 10:05:41.352,1.3597,1.3599,1.60,1.60
2008.12.15 10:05:41.751,1.3596,1.36,3.20,1.60
2008.12.15 10:05:42.061,1.3597,1.36,1.60,1.60
2008.12.15 10:05:42.411,1.3597,1.36015,1.60,4.80
2008.12.15 10:05:42.881,1.35935,1.36005,3.20,1.60
2008.12.15 10:05:43.061,1.3593,1.36005,3.20,8.00
2008.12.15 10:05:43.631,1.3593,1.36005,1.60,8.00
2008.12.15 10:05:44.051,1.3594,1.36005,1.60,6.40
2008.12.15 10:05:44.351,1.3594,1.36005,7.20,6.40
2008.12.15 10:05:44.701,1.3595,1.3601,1.60,1.60
2008.12.15 10:05:45.320,1.35945,1.36,1.60,1.60
2008.12.15 10:05:45.651,1.35935,1.35995,1.60,1.60
2008.12.15 10:05:47.760,1.3593,1.35975,4.80,1.60
2008.12.15 10:05:48.899,1.3593,1.35965,3.20,1.60
2008.12.15 10:05:49.689,1.35935,1.36005,1.60,10.40
2008.12.15 10:05:49.969,1.35945,1.36005,1.60,1.60
2008.12.15 10:05:50.629,1.35945,1.35995,3.20,1.60
2008.12.15 10:05:51.259,1.35945,1.35985,1.60,1.60
2008.12.15 10:05:52.319,1.3595,1.3599,1.60,1.60
2008.12.15 10:05:53.408,1.35965,1.3599,1.60,1.60
2008.12.15 10:05:54.268,1.3595,1.3599,1.60,1.60
2008.12.15 10:05:54.888,1.3595,1.35985,1.60,1.60
2008.12.15 10:05:55.128,1.3594,1.35985,4.80,1.60
2008.12.15 10:05:57.478,1.35945,1.35985,1.60,1.60
2008.12.15 10:05:59.487,1.35945,1.35985,3.20,1.60
2008.12.15 10:06:00.117,1.35955,1.35985,1.60,1.60
2008.12.15 10:06:00.347,1.3595,1.3599,4.80,1.60
2008.12.15 10:06:01.307,1.35965,1.3598,1.60,1.60
2008.12.15 10:06:01.696,1.35925,1.35985,3.20,1.60
2008.12.15 10:06:02.576,1.35945,1.35985,1.60,1.60
2008.12.15 10:06:06.185,1.3595,1.35975,1.60,1.60
2008.12.15 10:06:07.985,1.35935,1.35975,1.60,1.60
2008.12.15 10:06:11.314,1.35935,1.3597,1.60,1.60
2008.12.15 10:06:15.003,1.35935,1.3597,3.20,1.60
2008.12.15 10:06:16.443,1.35935,1.3597,1.60,1.60
2008.12.15 10:06:17.363,1.35935,1.3597,3.20,1.60
2008.12.15 10:06:18.042,1.35935,1.3597,1.60,1.60
2008.12.15 10:06:22.061,1.35935,1.3597,4.80,1.60
2008.12.15 10:06:22.641,1.3594,1.3597,3.20,1.60
2008.12.15 10:06:23.331,1.35935,1.3597,4.80,1.60
2008.12.15 10:06:23.501,1.35945,1.3597,1.60,1.60
2008.12.15 10:06:23.841,1.3594,1.3597,1.60,1.60
2008.12.15 10:06:24.961,1.3593,1.3597,1.60,1.60
2008.12.15 10:06:28.450,1.3592,1.3596,1.60,1.60
2008.12.15 10:06:29.020,1.3592,1.35955,1.60,1.60
2008.12.15 10:06:29.830,1.35915,1.35945,1.60,1.60
2008.12.15 10:06:30.240,1.35905,1.3594,1.60,1.60
2008.12.15 10:06:30.589,1.35895,1.35935,3.20,1.60
2008.12.15 10:06:30.820,1.35895,1.35935,1.60,1.60
2008.12.15 10:06:31.689,1.35895,1.3593,1.60,1.60
2008.12.15 10:06:31.859,1.35895,1.35935,1.60,1.60
2008.12.15 10:06:32.260,1.35895,1.3593,1.60,1.60
2008.12.15 10:06:32.549,1.35895,1.3593,4.00,1.60
2008.12.15 10:06:32.769,1.3591,1.3594,1.60,3.20
2008.12.15 10:06:33.159,1.359,1.3595,1.60,1.60
2008.12.15 10:06:33.519,1.35905,1.35955,3.20,1.60
2008.12.15 10:06:33.789,1.3592,1.3595,1.60,1.60
2008.12.15 10:06:34.039,1.35915,1.35955,1.60,1.60
2008.12.15 10:06:34.668,1.359,1.3595,1.60,1.60
2008.12.15 10:06:35.068,1.359,1.3595,3.20,1.60
2008.12.15 10:06:35.401,1.3591,1.3595,1.60,1.60
2008.12.15 10:06:35.918,1.3591,1.3595,3.20,1.60
2008.12.15 10:06:36.148,1.3591,1.3595,1.60,1.60
2008.12.15 10:06:36.488,1.359,1.3595,1.60,1.60
2008.12.15 10:06:36.908,1.35895,1.35945,1.60,1.60
2008.12.15 10:06:37.258,1.3591,1.3595,5.60,1.60
2008.12.15 10:06:37.558,1.35915,1.3595,3.20,1.60
2008.12.15 10:06:40.557,1.35915,1.35955,4.80,1.60
2008.12.15 10:06:40.848,1.3592,1.35955,3.20,1.60
2008.12.15 10:06:46.166,1.3591,1.35945,7.20,1.60
2008.12.15 10:06:46.636,1.35905,1.35945,1.60,1.60
2008.12.15 10:06:46.815,1.35905,1.35945,1.60,1.00
2008.12.15 10:06:47.685,1.35905,1.35945,1.60,1.60
2008.12.15 10:06:48.795,1.35905,1.35945,1.60,1.00
2008.12.15 10:06:49.755,1.35905,1.35945,1.60,1.60
2008.12.15 10:06:52.384,1.35905,1.35945,3.20,1.60
2008.12.15 10:06:53.644,1.35915,1.35945,1.60,1.60
2008.12.15 10:07:03.242,1.3592,1.35945,1.60,1.60
2008.12.15 10:07:05.631,1.35925,1.35945,1.60,1.60
2008.12.15 10:07:10.740,1.35935,1.3596,1.60,4.80
2008.12.15 10:07:11.240,1.35935,1.35955,1.60,1.60
2008.12.15 10:07:11.410,1.3591,1.35955,3.20,1.60
2008.12.15 10:07:11.820,1.3592,1.3596,1.60,4.80
2008.12.15 10:07:12.049,1.3592,1.3596,3.20,1.60
2008.12.15 10:07:12.330,1.3593,1.3596,1.60,1.60
2008.12.15 10:07:14.369,1.3593,1.3596,1.60,1.60
2008.12.15 10:07:14.849,1.3593,1.35955,1.60,1.60
2008.12.15 10:07:15.199,1.3592,1.35955,1.60,1.60
2008.12.15 10:07:16.038,1.35935,1.35955,1.60,1.60
2008.12.15 10:07:16.578,1.3593,1.35955,1.60,1.60
2008.12.15 10:07:16.748,1.3593,1.3595,1.60,1.60
2008.12.15 10:07:17.278,1.3592,1.3595,1.60,1.60
2008.12.15 10:07:17.508,1.3592,1.3594,1.60,1.60
2008.12.15 10:07:18.208,1.3592,1.3595,1.60,1.60
2008.12.15 10:07:18.558,1.3591,1.3595,1.60,1.60
2008.12.15 10:07:18.728,1.35905,1.35955,3.20,1.60
2008.12.15 10:07:19.078,1.35915,1.35955,1.60,1.60
2008.12.15 10:07:20.288,1.3592,1.35945,1.60,1.60
2008.12.15 10:07:21.057,1.35925,1.3596,1.60,4.80
2008.12.15 10:07:21.397,1.35925,1.3596,1.60,1.60
2008.12.15 10:07:21.637,1.35925,1.35955,1.60,1.60
2008.12.15 10:07:21.867,1.35925,1.3594,1.60,1.60
2008.12.15 10:07:22.107,1.3592,1.35945,1.60,1.60
2008.12.15 10:07:22.797,1.3592,1.3594,1.60,1.60
2008.12.15 10:07:23.067,1.3592,1.3595,1.60,1.60
2008.12.15 10:07:23.487,1.3591,1.3595,3.20,1.60
2008.12.15 10:07:23.947,1.35915,1.3594,1.60,1.60
2008.12.15 10:07:25.237,1.3591,1.3594,1.60,1.60
2008.12.15 10:07:26.656,1.3592,1.35945,1.60,1.60
2008.12.15 10:07:26.836,1.3592,1.3593,1.60,1.60
2008.12.15 10:07:27.016,1.35905,1.3593,1.60,1.60
2008.12.15 10:07:27.996,1.35895,1.3593,3.20,1.60
2008.12.15 10:07:29.165,1.359,1.35935,1.60,1.60
2008.12.15 10:07:30.435,1.359,1.35935,3.20,1.60
2008.12.15 10:07:32.285,1.359,1.35935,1.60,1.60
2008.12.15 10:07:32.794,1.35895,1.3593,1.60,1.60
2008.12.15 10:07:33.145,1.359,1.35945,1.60,7.20
2008.12.15 10:07:33.314,1.359,1.35945,1.60,4.80
2008.12.15 10:07:33.495,1.359,1.35945,1.60,1.60
2008.12.15 10:07:37.263,1.35905,1.35945,1.60,1.60
2008.12.15 10:07:40.533,1.3591,1.3595,1.60,1.60
2008.12.15 10:07:41.733,1.3592,1.3595,1.60,1.60
2008.12.15 10:07:41.903,1.3591,1.3595,1.60,1.60
2008.12.15 10:07:43.552,1.3592,1.3595,1.60,1.60
2008.12.15 10:07:43.712,1.35925,1.3595,1.60,1.60
2008.12.15 10:07:44.162,1.35915,1.35965,3.20,8.80
2008.12.15 10:07:44.392,1.35915,1.35955,3.20,1.60
2008.12.15 10:07:46.551,1.3592,1.35955,1.60,1.60
2008.12.15 10:07:46.731,1.3592,1.3596,1.60,1.60
2008.12.15 10:07:50.320,1.3592,1.3594,1.60,1.60
2008.12.15 10:07:50.660,1.35915,1.35955,1.60,1.60
2008.12.15 10:07:50.980,1.35905,1.35955,6.60,1.60
2008.12.15 10:07:51.540,1.35905,1.35955,3.20,1.60
2008.12.15 10:07:51.650,1.35915,1.35955,1.60,1.60
2008.12.15 10:07:53.460,1.35915,1.35955,3.20,1.60
2008.12.15 10:07:53.969,1.3592,1.3596,1.60,1.60
2008.12.15 10:07:55.289,1.3592,1.3596,3.20,1.60
2008.12.15 10:07:59.408,1.35925,1.35955,1.60,1.60
2008.12.15 10:07:59.628,1.359,1.35955,3.20,1.60
2008.12.15 10:08:00.098,1.359,1.35955,8.20,1.60
2008.12.15 10:08:00.398,1.35915,1.3596,1.60,1.60
2008.12.15 10:08:02.127,1.35925,1.35975,1.60,8.00
2008.12.15 10:08:02.338,1.35925,1.35975,10.40,1.60
2008.12.15 10:08:02.677,1.35925,1.35975,10.60,1.60
2008.12.15 10:08:03.137,1.35925,1.35975,4.80,1.60
2008.12.15 10:08:03.417,1.35925,1.35975,1.60,1.60
2008.12.15 10:08:03.647,1.35935,1.35975,1.60,1.60
2008.12.15 10:08:04.417,1.35935,1.35975,3.20,1.60
2008.12.15 10:08:04.708,1.3594,1.35975,1.60,1.60
2008.12.15 10:08:08.636,1.3594,1.3597,1.60,1.60
2008.12.15 10:08:09.616,1.3594,1.3596,1.60,1.60
2008.12.15 10:08:09.836,1.3594,1.3597,1.60,1.60
2008.12.15 10:08:10.535,1.3594,1.35975,1.60,1.60
2008.12.15 10:08:11.485,1.3594,1.35975,3.20,1.60
2008.12.15 10:08:12.865,1.3594,1.35975,4.80,1.60
2008.12.15 10:08:12.985,1.35945,1.3599,1.60,1.60
2008.12.15 10:08:14.554,1.3595,1.35995,1.60,1.60
2008.12.15 10:08:14.794,1.3595,1.36,1.60,1.60
2008.12.15 10:08:15.704,1.3596,1.36,1.60,1.60
2008.12.15 10:08:16.055,1.3595,1.36,3.20,1.60
2008.12.15 10:08:16.524,1.3595,1.36,3.20,4.00
2008.12.15 10:08:16.704,1.35955,1.35985,1.60,1.60
2008.12.15 10:08:17.504,1.3595,1.35995,3.20,1.60
2008.12.15 10:08:18.444,1.3596,1.36005,1.60,6.40
2008.12.15 10:08:18.673,1.3596,1.3601,1.60,1.60
2008.12.15 10:08:19.853,1.3596,1.36015,1.60,1.60
2008.12.15 10:08:20.073,1.3596,1.36025,1.60,10.40
2008.12.15 10:08:20.483,1.3596,1.36025,1.60,7.20
2008.12.15 10:08:20.713,1.3596,1.36025,1.60,4.80
2008.12.15 10:08:21.913,1.3596,1.3601,1.60,1.60
2008.12.15 10:08:23.582,1.3596,1.3602,1.60,5.60
2008.12.15 10:08:23.872,1.3596,1.36025,1.60,8.00
2008.12.15 10:08:24.402,1.3596,1.36025,1.60,4.80
2008.12.15 10:08:27.081,1.3597,1.36025,1.60,4.80
2008.12.15 10:08:27.302,1.3597,1.36025,1.60,1.60
2008.12.15 10:08:34.230,1.3597,1.36025,1.60,4.00
2008.12.15 10:08:34.441,1.3597,1.3601,3.20,1.60
2008.12.15 10:08:34.940,1.3597,1.3601,1.60,1.60
2008.12.15 10:08:35.629,1.35975,1.3601,1.60,1.60
2008.12.15 10:08:36.559,1.3598,1.36025,3.20,1.60
2008.12.15 10:08:36.909,1.35985,1.36025,1.60,1.60
2008.12.15 10:08:38.529,1.3598,1.36025,3.20,1.60
2008.12.15 10:08:39.158,1.3598,1.36025,1.60,1.60
2008.12.15 10:08:39.279,1.35995,1.36025,1.60,1.60
2008.12.15 10:08:39.868,1.3599,1.36025,1.60,1.60
2008.12.15 10:08:40.148,1.35985,1.36025,1.60,1.60
2008.12.15 10:08:40.759,1.3598,1.3602,1.60,1.60
2008.12.15 10:08:41.209,1.35985,1.3602,1.60,1.60
2008.12.15 10:08:41.378,1.35975,1.3602,1.60,1.60
2008.12.15 10:08:41.728,1.35975,1.3602,3.20,1.60
2008.12.15 10:08:42.478,1.3598,1.36025,1.60,1.60
2008.12.15 10:08:42.948,1.35985,1.36025,1.60,1.60
2008.12.15 10:08:43.288,1.3599,1.3603,1.60,1.60
2008.12.15 10:08:44.147,1.35985,1.36025,1.60,1.60
2008.12.15 10:08:44.867,1.3599,1.3603,1.60,1.60
2008.12.15 10:08:45.777,1.35985,1.36025,1.60,1.60
2008.12.15 10:08:46.137,1.35995,1.36025,1.60,1.60
2008.12.15 10:08:46.787,1.36,1.36025,1.60,1.60
2008.12.15 10:08:47.257,1.35995,1.36025,1.60,1.60
2008.12.15 10:08:47.497,1.35995,1.36035,1.60,1.60
2008.12.15 10:08:48.386,1.36,1.3604,1.60,1.60
2008.12.15 10:08:48.726,1.3601,1.36045,1.60,6.40
2008.12.15 10:08:48.956,1.3601,1.36055,1.60,1.60
2008.12.15 10:08:49.296,1.3602,1.3606,1.60,1.60
2008.12.15 10:08:52.815,1.3602,1.3606,3.20,1.60
2008.12.15 10:08:56.894,1.3602,1.36055,3.20,1.60
2008.12.15 10:08:57.174,1.3602,1.36055,1.60,1.60
2008.12.15 10:08:57.804,1.3602,1.3606,1.60,1.60
2008.12.15 10:08:59.644,1.3602,1.36055,1.60,1.60
2008.12.15 10:09:01.283,1.3602,1.3606,1.60,1.60
2008.12.15 10:09:01.863,1.36025,1.36065,1.60,1.60
2008.12.15 10:09:03.503,1.3601,1.3605,1.60,1.60
2008.12.15 10:09:03.683,1.36005,1.3605,3.20,1.60
2008.12.15 10:09:03.972,1.3601,1.36055,1.60,1.60
2008.12.15 10:09:04.433,1.3601,1.3605,1.60,1.60
2008.12.15 10:09:04.902,1.35995,1.36055,3.20,4.00
2008.12.15 10:09:05.252,1.3599,1.36045,1.60,4.80
2008.12.15 10:09:05.612,1.3599,1.36045,3.20,1.60
2008.12.15 10:09:06.342,1.35985,1.36045,1.60,1.60
2008.12.15 10:09:06.942,1.35975,1.3603,5.00,1.60
2008.12.15 10:09:07.192,1.35985,1.36035,1.60,8.80
2008.12.15 10:09:07.412,1.35985,1.36035,1.60,6.40
2008.12.15 10:09:07.742,1.35985,1.36045,1.60,1.60
2008.12.15 10:09:07.982,1.35985,1.3605,1.60,3.20
2008.12.15 10:09:08.212,1.35995,1.3605,1.60,3.20
2008.12.15 10:09:08.571,1.3598,1.36035,4.80,1.60
2008.12.15 10:09:08.902,1.35975,1.3604,1.60,5.60
2008.12.15 10:09:09.331,1.35985,1.36035,1.60,2.40
2008.12.15 10:09:09.742,1.3598,1.36035,1.80,3.20
2008.12.15 10:09:10.021,1.35985,1.36045,1.60,4.80
2008.12.15 10:09:10.361,1.35985,1.36045,1.60,1.60
2008.12.15 10:09:11.171,1.3598,1.3605,1.60,7.40
2008.12.15 10:09:11.461,1.35975,1.36035,3.40,1.60
2008.12.15 10:09:11.851,1.3597,1.3602,3.20,1.60
2008.12.15 10:09:12.301,1.3597,1.3602,1.60,1.60
2008.12.15 10:09:12.761,1.35975,1.36035,3.20,4.80
2008.12.15 10:09:13.220,1.3598,1.3602,1.60,1.60
2008.12.15 10:09:14.240,1.3597,1.3602,3.20,1.60
2008.12.15 10:09:15.450,1.3598,1.3602,1.60,1.60
2008.12.15 10:09:17.799,1.3597,1.3602,1.60,1.60
2008.12.15 10:09:18.149,1.3596,1.3602,4.80,1.60
2008.12.15 10:09:18.269,1.3597,1.3601,1.60,1.60
2008.12.15 10:09:19.129,1.35975,1.36015,1.60,1.60
2008.12.15 10:09:19.469,1.3596,1.3601,4.80,1.60
2008.12.15 10:09:19.709,1.35965,1.36015,1.60,1.60
2008.12.15 10:09:19.819,1.35965,1.36015,3.20,1.60
2008.12.15 10:09:23.868,1.3598,1.36015,1.60,1.60
2008.12.15 10:09:24.338,1.35965,1.36015,3.20,1.60
2008.12.15 10:09:24.678,1.3597,1.3602,1.60,1.60
2008.12.15 10:09:25.507,1.35975,1.36015,1.60,1.60
2008.12.15 10:09:26.037,1.3597,1.3601,1.60,1.60
2008.12.15 10:09:27.267,1.35965,1.36005,1.60,1.60
2008.12.15 10:09:27.657,1.3597,1.3601,1.60,1.60
2008.12.15 10:09:28.067,1.35975,1.36025,1.60,5.60
2008.12.15 10:09:28.357,1.35965,1.3601,1.60,1.60
2008.12.15 10:09:30.566,1.3597,1.3601,1.60,1.60
2008.12.15 10:09:35.145,1.3597,1.36005,1.60,1.60
2008.12.15 10:09:35.495,1.35965,1.36,1.60,1.60
2008.12.15 10:09:35.895,1.3597,1.36025,1.60,4.80
2008.12.15 10:09:36.235,1.3597,1.3601,1.60,1.60
2008.12.15 10:09:37.635,1.35965,1.36,1.60,1.60
2008.12.15 10:09:39.574,1.3596,1.35995,3.20,1.60
2008.12.15 10:09:41.744,1.3596,1.36005,3.20,1.60
2008.12.15 10:09:42.373,1.3596,1.3599,1.60,1.60
2008.12.15 10:09:42.813,1.3596,1.35995,1.60,1.60
2008.12.15 10:09:44.203,1.3596,1.35995,3.20,1.60
2008.12.15 10:09:44.893,1.3596,1.3598,3.20,1.60
2008.12.15 10:09:45.233,1.3596,1.3598,1.60,1.60
2008.12.15 10:09:45.623,1.3596,1.3598,3.20,1.60
2008.12.15 10:09:46.222,1.3596,1.3598,1.60,1.60
2008.12.15 10:09:46.502,1.3596,1.36005,1.60,3.20
2008.12.15 10:09:46.792,1.3596,1.36,1.60,1.60
2008.12.15 10:09:47.132,1.3596,1.36005,1.60,1.60
2008.12.15 10:09:47.482,1.3596,1.35985,1.60,1.60
2008.12.15 10:09:47.952,1.3596,1.36005,1.60,3.20
2008.12.15 10:09:48.222,1.3596,1.36015,1.60,3.20
2008.12.15 10:09:48.562,1.3596,1.36015,5.60,3.20
2008.12.15 10:09:48.952,1.3596,1.36025,5.60,1.60
2008.12.15 10:09:49.352,1.3596,1.3601,8.80,1.60
2008.12.15 10:09:50.031,1.3596,1.36025,8.80,4.80
2008.12.15 10:09:50.421,1.35965,1.36015,4.00,1.60
2008.12.15 10:09:50.771,1.35965,1.36025,4.00,4.80
2008.12.15 10:09:51.291,1.3596,1.3601,10.40,1.60
2008.12.15 10:09:51.531,1.3596,1.3601,6.40,1.60
2008.12.15 10:09:54.090,1.3597,1.3602,1.60,7.20
2008.12.15 10:09:54.251,1.3597,1.3602,1.60,4.80
2008.12.15 10:09:54.370,1.3597,1.3602,1.60,1.60
2008.12.15 10:09:54.660,1.3597,1.36015,1.60,1.60
2008.12.15 10:09:55.010,1.3597,1.36015,3.20,1.60
2008.12.15 10:09:55.530,1.35985,1.3604,4.00,4.80
2008.12.15 10:09:55.761,1.3599,1.36035,3.20,1.60
2008.12.15 10:09:55.940,1.35985,1.36035,7.20,1.60
2008.12.15 10:09:57.660,1.3599,1.3603,7.20,1.00
2008.12.15 10:09:58.559,1.3599,1.3603,7.20,1.60
2008.12.15 10:09:59.459,1.3599,1.3603,8.80,1.60
2008.12.15 10:09:59.749,1.35995,1.3603,7.20,1.60
2008.12.15 10:10:01.789,1.35995,1.3603,3.20,1.60
2008.12.15 10:10:02.019,1.3599,1.3603,5.60,1.60
2008.12.15 10:10:02.488,1.3599,1.36025,4.00,1.60
2008.12.15 10:10:02.758,1.35985,1.36025,5.60,1.60
2008.12.15 10:10:04.318,1.35985,1.36025,7.20,1.60
2008.12.15 10:10:04.528,1.35995,1.3603,1.60,1.60
2008.12.15 10:10:04.698,1.35995,1.3603,3.20,1.60
2008.12.15 10:10:04.818,1.36,1.36025,1.60,1.60
2008.12.15 10:10:05.068,1.3599,1.36025,5.60,1.60
2008.12.15 10:10:05.398,1.36,1.36025,1.60,1.60
2008.12.15 10:10:05.858,1.35985,1.36025,5.60,1.60
2008.12.15 10:10:06.607,1.35985,1.36025,1.60,1.60
2008.12.15 10:10:06.838,1.36,1.3604,1.60,1.60
2008.12.15 10:10:07.067,1.35995,1.36035,1.60,1.60
2008.12.15 10:10:07.357,1.35995,1.3605,1.60,1.60
2008.12.15 10:10:07.757,1.35985,1.36035,1.60,1.60
2008.12.15 10:10:08.097,1.36,1.3604,1.60,1.60
2008.12.15 10:10:08.657,1.36005,1.3605,1.60,1.60
2008.12.15 10:10:09.047,1.36005,1.36035,1.60,1.60
2008.12.15 10:10:09.397,1.36005,1.3605,1.60,7.20
2008.12.15 10:10:09.637,1.3601,1.36035,1.60,1.60
2008.12.15 10:10:09.857,1.35985,1.3605,3.20,7.20
2008.12.15 10:10:10.137,1.35985,1.36035,1.60,1.60
2008.12.15 10:10:10.487,1.35995,1.36035,1.60,1.60
2008.12.15 10:10:11.126,1.35995,1.36025,1.60,1.60
2008.12.15 10:10:11.406,1.36005,1.36035,1.60,3.20
2008.12.15 10:10:11.756,1.36005,1.3607,1.60,4.80
2008.12.15 10:10:12.056,1.3601,1.3607,1.60,1.60
2008.12.15 10:10:12.336,1.3601,1.3607,3.20,1.60
2008.12.15 10:10:12.986,1.3602,1.3606,1.60,1.60
2008.12.15 10:10:13.276,1.3603,1.3606,1.60,1.60
2008.12.15 10:10:13.566,1.3603,1.3605,1.60,1.60
2008.12.15 10:10:14.255,1.3602,1.36055,1.60,1.60
2008.12.15 10:10:14.647,1.36025,1.3605,1.60,1.60
2008.12.15 10:10:14.936,1.3602,1.3605,1.60,1.60
2008.12.15 10:10:15.275,1.36025,1.36045,1.60,1.60
2008.12.15 10:10:15.845,1.3602,1.36045,1.60,1.60
2008.12.15 10:10:16.365,1.3602,1.3604,1.60,1.60
2008.12.15 10:10:16.945,1.35995,1.3604,1.60,1.60
2008.12.15 10:10:17.305,1.36,1.3604,1.60,1.60
2008.12.15 10:10:17.655,1.36,1.3604,3.20,1.60
2008.12.15 10:10:17.935,1.36,1.3604,1.60,1.60
2008.12.15 10:10:18.744,1.3601,1.36045,1.60,1.60
2008.12.15 10:10:18.915,1.3601,1.36045,3.20,1.60
2008.12.15 10:10:19.574,1.36015,1.3605,1.60,1.60
2008.12.15 10:10:19.994,1.36015,1.3606,1.60,1.60
2008.12.15 10:10:20.324,1.3601,1.3605,3.20,1.60
2008.12.15 10:10:20.564,1.3601,1.3605,1.60,1.60
2008.12.15 10:10:21.364,1.3601,1.3605,1.60,1.00
2008.12.15 10:10:22.413,1.3601,1.3605,1.60,1.60
2008.12.15 10:10:23.163,1.36005,1.36045,3.20,1.60
2008.12.15 10:10:23.344,1.3601,1.36045,1.60,1.60
2008.12.15 10:10:24.033,1.36,1.36045,1.60,1.60
2008.12.15 10:10:25.823,1.36,1.36035,1.60,1.60
2008.12.15 10:10:30.172,1.35995,1.3603,3.20,1.60
2008.12.15 10:10:31.042,1.35995,1.3603,1.60,1.60
2008.12.15 10:10:31.391,1.3598,1.36025,1.60,1.60
2008.12.15 10:10:31.721,1.3598,1.3602,1.60,1.60
2008.12.15 10:10:32.002,1.35995,1.3602,1.60,1.60
2008.12.15 10:10:32.521,1.35995,1.3603,1.60,1.60
2008.12.15 10:10:32.982,1.35985,1.3603,3.20,1.60
2008.12.15 10:10:33.771,1.3599,1.36025,3.20,1.60
2008.12.15 10:10:33.881,1.36005,1.36025,1.60,1.60
2008.12.15 10:10:35.041,1.36005,1.3603,1.60,1.60
2008.12.15 10:10:36.340,1.3601,1.3603,1.60,1.60
2008.12.15 10:10:43.939,1.3601,1.36025,1.60,1.60
2008.12.15 10:10:44.058,1.3601,1.36035,1.60,1.60
2008.12.15 10:10:45.558,1.36015,1.36035,1.60,1.60
2008.12.15 10:10:46.628,1.36015,1.36045,3.20,1.60
2008.12.15 10:10:46.908,1.3602,1.36045,3.20,1.60
2008.12.15 10:10:47.018,1.36015,1.3605,4.80,1.60
2008.12.15 10:10:47.427,1.36025,1.3605,1.60,1.60
2008.12.15 10:10:47.657,1.3603,1.36055,1.60,1.60
2008.12.15 10:10:48.587,1.36035,1.36055,1.60,1.60
2008.12.15 10:10:50.557,1.3604,1.36055,1.60,1.60
2008.12.15 10:10:51.557,1.3604,1.3606,1.60,1.60
2008.12.15 10:10:51.847,1.36035,1.3607,3.20,1.60
2008.12.15 10:10:52.076,1.36045,1.3607,1.60,1.60
2008.12.15 10:10:52.347,1.3604,1.36075,3.20,1.60
2008.12.15 10:10:52.526,1.36055,1.3608,1.60,1.60
2008.12.15 10:10:53.106,1.3606,1.3609,1.60,1.60
2008.12.15 10:10:54.326,1.36065,1.3609,1.60,1.60
2008.12.15 10:10:54.776,1.36065,1.36085,1.60,1.60
2008.12.15 10:10:58.945,1.36065,1.3608,1.60,16.00
2008.12.15 10:10:59.115,1.36055,1.3608,1.60,16.00
2008.12.15 10:10:59.525,1.3605,1.3608,3.20,16.00
2008.12.15 10:11:00.046,1.36065,1.3608,1.60,16.00
2008.12.15 10:11:00.834,1.36075,1.3608,1.60,16.00
2008.12.15 10:11:03.804,1.3607,1.3608,1.60,16.00
2008.12.15 10:11:04.123,1.3607,1.36095,1.60,1.60
2008.12.15 10:11:05.034,1.3607,1.361,1.60,1.60
2008.12.15 10:11:05.273,1.3606,1.361,3.20,1.60
2008.12.15 10:11:05.753,1.3606,1.361,4.80,1.60
2008.12.15 10:11:06.103,1.3607,1.36095,1.60,1.60
2008.12.15 10:11:07.043,1.36075,1.361,1.60,1.60
2008.12.15 10:11:08.253,1.3608,1.361,1.60,1.60
2008.12.15 10:11:09.812,1.3608,1.36085,1.60,16.00
2008.12.15 10:11:10.212,1.3608,1.36105,1.60,1.60
2008.12.15 10:11:11.762,1.3608,1.361,3.20,1.60
2008.12.15 10:11:12.202,1.3608,1.361,1.60,1.60
2008.12.15 10:11:12.602,1.3608,1.36105,1.60,1.60
2008.12.15 10:11:12.832,1.3608,1.361,3.20,1.60
2008.12.15 10:11:13.132,1.3609,1.36125,1.60,3.20
2008.12.15 10:11:13.531,1.36095,1.36135,3.20,9.60
2008.12.15 10:11:13.871,1.36105,1.3613,1.60,1.60
2008.12.15 10:11:14.091,1.3609,1.3613,3.20,1.60
2008.12.15 10:11:14.381,1.36105,1.3613,1.60,8.00
2008.12.15 10:11:14.551,1.36105,1.3613,1.60,9.60
2008.12.15 10:11:14.881,1.36095,1.3613,3.20,8.00
2008.12.15 10:11:15.121,1.3611,1.3613,1.60,8.00
2008.12.15 10:11:15.361,1.3611,1.36145,1.60,1.60
2008.12.15 10:11:15.591,1.36115,1.36145,1.60,1.60
2008.12.15 10:11:15.871,1.36115,1.3613,1.60,8.00
2008.12.15 10:11:16.281,1.3611,1.3613,1.60,8.00
2008.12.15 10:11:16.611,1.36105,1.3613,1.60,9.60
2008.12.15 10:11:18.240,1.36105,1.3613,3.20,8.00
2008.12.15 10:11:20.070,1.3611,1.3613,1.60,8.00
2008.12.15 10:11:21.609,1.3611,1.3614,1.60,1.60
2008.12.15 10:11:23.159,1.3611,1.3613,1.60,1.60
2008.12.15 10:11:23.329,1.36105,1.3613,1.60,9.60
2008.12.15 10:11:24.549,1.3611,1.3613,1.60,9.60
2008.12.15 10:11:25.429,1.36105,1.36125,1.60,1.60
2008.12.15 10:11:25.939,1.36105,1.3613,1.60,9.60
2008.12.15 10:11:27.598,1.3611,1.3613,1.60,9.60
2008.12.15 10:11:29.447,1.36105,1.3613,1.60,9.60
2008.12.15 10:11:32.028,1.3611,1.3613,1.60,9.60
2008.12.15 10:11:32.197,1.36095,1.3613,1.60,9.60
2008.12.15 10:11:32.417,1.361,1.3613,1.60,8.00
2008.12.15 10:11:36.396,1.361,1.3614,3.20,1.60
2008.12.15 10:11:36.676,1.3611,1.3614,1.60,1.60
2008.12.15 10:11:37.256,1.3612,1.3614,1.60,1.60
2008.12.15 10:11:37.716,1.3612,1.36145,1.60,1.60
2008.12.15 10:11:38.006,1.36125,1.3615,1.60,1.60
2008.12.15 10:11:39.285,1.36125,1.36145,1.60,1.60
2008.12.15 10:11:39.805,1.36125,1.3613,1.60,1.60
2008.12.15 10:11:40.165,1.3608,1.3613,4.80,1.60
2008.12.15 10:11:40.505,1.36085,1.36125,1.60,1.60
2008.12.15 10:11:40.855,1.3607,1.36125,1.60,1.60
2008.12.15 10:11:43.535,1.36075,1.3612,4.80,1.60
2008.12.15 10:11:43.704,1.36075,1.3612,3.20,1.60
2008.12.15 10:11:45.534,1.3608,1.3612,1.60,1.60
2008.12.15 10:11:45.754,1.3608,1.36135,1.60,10.40
2008.12.15 10:11:46.173,1.3609,1.3614,1.60,1.60
2008.12.15 10:11:48.263,1.36085,1.3613,3.20,1.60
2008.12.15 10:11:50.542,1.36085,1.36135,3.20,1.60
2008.12.15 10:11:50.942,1.36085,1.3614,3.20,1.60
2008.12.15 10:11:51.342,1.36085,1.3614,1.60,1.60
2008.12.15 10:11:53.612,1.36085,1.3614,3.20,1.60
2008.12.15 10:11:53.872,1.36085,1.3614,1.60,1.60
2008.12.15 10:11:59.100,1.36085,1.36135,1.60,1.60
2008.12.15 10:12:01.900,1.36075,1.36125,1.60,1.60
2008.12.15 10:12:03.000,1.36075,1.36115,1.60,1.60
2008.12.15 10:12:04.559,1.36075,1.36125,1.60,1.60
2008.12.15 10:12:04.739,1.36075,1.36115,1.60,1.60
2008.12.15 10:12:11.527,1.36075,1.36125,1.60,1.60
2008.12.15 10:12:17.846,1.36085,1.36135,1.60,10.40
2008.12.15 10:12:18.266,1.36075,1.36125,1.60,1.60
2008.12.15 10:12:28.063,1.36065,1.3611,3.20,1.60
2008.12.15 10:12:28.343,1.36075,1.3613,1.60,3.20
2008.12.15 10:12:28.504,1.36075,1.36135,1.60,1.60
2008.12.15 10:12:29.373,1.36075,1.36125,3.20,1.60
2008.12.15 10:12:29.763,1.36085,1.36135,1.60,4.80
2008.12.15 10:12:30.013,1.3609,1.3614,1.60,1.60
2008.12.15 10:12:30.363,1.36085,1.36135,1.60,1.60
2008.12.15 10:12:33.112,1.361,1.36135,1.60,1.60
2008.12.15 10:12:34.252,1.36075,1.3612,7.20,1.60
2008.12.15 10:12:34.532,1.36075,1.3612,3.20,1.60
2008.12.15 10:12:34.692,1.36085,1.36135,1.60,8.80
2008.12.15 10:12:34.972,1.36085,1.36135,1.60,7.20
2008.12.15 10:12:35.152,1.36085,1.36135,1.60,4.00
2008.12.15 10:12:35.262,1.36085,1.36135,1.60,1.60
2008.12.15 10:12:36.531,1.36095,1.36135,1.60,1.60
2008.12.15 10:12:37.761,1.36095,1.36145,1.60,1.60
2008.12.15 10:12:38.071,1.36095,1.36145,1.60,1.60
2008.12.15 10:12:39.521,1.36105,1.36145,1.60,1.60
2008.12.15 10:12:41.230,1.3609,1.3613,1.60,1.60
2008.12.15 10:12:41.670,1.36105,1.36145,1.60,8.00
2008.12.15 10:12:41.960,1.36105,1.36145,1.60,1.60
2008.12.15 10:12:42.360,1.36105,1.3615,1.60,1.60
2008.12.15 10:12:42.880,1.3607,1.36135,4.80,1.60
2008.12.15 10:12:43.170,1.3607,1.36135,1.60,1.60
2008.12.15 10:12:45.969,1.36075,1.3612,1.60,1.60
2008.12.15 10:12:48.549,1.36075,1.36115,1.60,3.20
2008.12.15 10:12:48.718,1.36075,1.3612,1.60,1.60
2008.12.15 10:12:48.888,1.36075,1.3612,1.60,4.80
2008.12.15 10:12:49.288,1.36075,1.3612,1.60,1.60
2008.12.15 10:12:51.078,1.3606,1.3612,4.80,1.60
2008.12.15 10:12:51.478,1.36075,1.3612,1.60,1.60
2008.12.15 10:12:51.838,1.3607,1.3612,1.60,1.60
2008.12.15 10:12:51.998,1.3606,1.3612,4.80,1.60
2008.12.15 10:12:52.177,1.3606,1.3612,1.60,1.60
2008.12.15 10:12:52.797,1.3606,1.3612,8.80,4.80
2008.12.15 10:12:53.027,1.36075,1.3612,1.60,4.80
2008.12.15 10:12:53.207,1.36065,1.36115,5.60,1.60
2008.12.15 10:12:53.447,1.3608,1.36115,1.60,1.60
2008.12.15 10:12:53.787,1.36085,1.36125,1.60,8.80
2008.12.15 10:12:54.177,1.36085,1.36125,1.60,3.20
2008.12.15 10:12:54.567,1.36075,1.36135,4.80,1.60
2008.12.15 10:12:54.847,1.36075,1.36135,1.60,1.60
2008.12.15 10:12:57.036,1.36075,1.3614,1.60,3.20
2008.12.15 10:12:57.266,1.36075,1.3614,3.40,3.20
2008.12.15 10:12:57.386,1.36075,1.3615,6.60,8.80
2008.12.15 10:12:57.607,1.36075,1.3615,10.60,8.80
2008.12.15 10:12:57.776,1.36075,1.3615,10.60,7.20
2008.12.15 10:12:58.046,1.3608,1.36135,7.20,1.60
2008.12.15 10:12:58.456,1.36085,1.36145,1.60,8.80
2008.12.15 10:12:58.856,1.3608,1.36145,4.80,3.20
2008.12.15 10:12:59.126,1.36075,1.36135,6.60,1.60
2008.12.15 10:12:59.416,1.3607,1.36135,3.20,3.20
2008.12.15 10:12:59.646,1.36065,1.36135,5.00,3.20
2008.12.15 10:12:59.826,1.3607,1.36135,4.00,3.20
2008.12.15 10:13:00.176,1.36075,1.36145,5.00,7.20
2008.12.15 10:13:00.876,1.36075,1.36145,5.00,5.60
2008.12.15 10:13:01.566,1.3608,1.3613,4.00,1.60
2008.12.15 10:13:01.905,1.36065,1.3613,1.60,1.60
2008.12.15 10:13:02.295,1.3606,1.36135,3.20,3.20
2008.12.15 10:13:02.805,1.36055,1.36125,4.80,5.60
2008.12.15 10:13:03.145,1.36055,1.36125,1.60,8.80
2008.12.15 10:13:03.445,1.36055,1.3613,10.60,5.60
2008.12.15 10:13:03.825,1.36055,1.3613,12.20,5.60
2008.12.15 10:13:04.175,1.3607,1.3613,1.60,5.60
2008.12.15 10:13:04.675,1.3607,1.3613,1.60,3.20
2008.12.15 10:13:04.784,1.3607,1.36135,1.60,10.40
2008.12.15 10:13:05.404,1.3607,1.36135,3.20,10.40
2008.12.15 10:13:05.754,1.3607,1.36135,3.20,4.80
2008.12.15 10:13:06.054,1.3607,1.36135,3.20,1.60
2008.12.15 10:13:06.334,1.3607,1.36135,4.80,1.60
2008.12.15 10:13:06.624,1.3608,1.36135,1.60,1.60
2008.12.15 10:13:06.924,1.3607,1.36135,3.20,1.60
2008.12.15 10:13:07.394,1.3608,1.36135,1.60,1.60
2008.12.15 10:13:08.184,1.3607,1.36135,1.60,1.60
2008.12.15 10:13:09.393,1.3608,1.36135,1.60,1.60
2008.12.15 10:13:09.913,1.36085,1.36135,1.60,1.60
2008.12.15 10:13:10.183,1.3609,1.3614,1.60,5.60
2008.12.15 10:13:10.243,1.36105,1.3614,1.60,5.60
2008.12.15 10:13:10.463,1.361,1.3614,1.60,7.20
2008.12.15 10:13:10.523,1.36085,1.3614,1.60,1.60
2008.12.15 10:13:12.023,1.3609,1.3614,1.60,1.00
2008.12.15 10:13:12.372,1.36085,1.3614,1.60,2.40
2008.12.15 10:13:12.733,1.3609,1.3614,1.60,2.40
2008.12.15 10:13:13.213,1.36095,1.3614,1.60,1.00
2008.12.15 10:13:13.443,1.3609,1.3614,1.60,2.40
2008.12.15 10:13:13.673,1.361,1.3614,1.60,1.00
2008.12.15 10:13:13.843,1.3609,1.3614,1.60,2.40
2008.12.15 10:13:14.582,1.3609,1.3613,1.60,1.60
2008.12.15 10:13:15.782,1.3609,1.3613,3.20,1.60
2008.12.15 10:13:15.942,1.3609,1.3613,1.60,1.60
2008.12.15 10:13:16.712,1.36095,1.3614,1.60,4.00
2008.12.15 10:13:17.012,1.36095,1.3614,1.60,1.00
2008.12.15 10:13:29.679,1.3609,1.3614,3.20,1.00
2008.12.15 10:13:29.739,1.36085,1.3614,10.60,1.00
2008.12.15 10:13:30.019,1.36085,1.3614,4.80,3.20
2008.12.15 10:13:30.138,1.36085,1.3614,1.60,3.20
2008.12.15 10:13:31.378,1.36085,1.3613,1.60,5.60
2008.12.15 10:13:32.059,1.36085,1.36135,1.60,2.40
2008.12.15 10:13:32.468,1.36085,1.3613,1.60,4.00
2008.12.15 10:13:33.038,1.36085,1.3613,1.60,2.40
2008.12.15 10:13:33.388,1.36085,1.3614,1.60,3.20
2008.12.15 10:13:33.728,1.36085,1.36135,1.60,2.40
2008.12.15 10:13:34.997,1.3609,1.36135,1.60,2.40
2008.12.15 10:13:35.117,1.3609,1.3614,1.60,4.80
2008.12.15 10:13:35.627,1.361,1.3614,1.60,1.00
2008.12.15 10:13:36.277,1.361,1.3614,1.60,2.40
2008.12.15 10:13:36.387,1.361,1.3613,1.60,1.60
2008.12.15 10:13:36.687,1.361,1.36135,1.60,1.60
2008.12.15 10:13:37.856,1.361,1.3614,1.60,2.40
2008.12.15 10:13:38.366,1.36085,1.36125,4.80,1.60
2008.12.15 10:13:38.716,1.36095,1.36135,1.60,4.00
2008.12.15 10:13:39.176,1.3608,1.3612,1.60,1.60
2008.12.15 10:13:39.526,1.36065,1.36105,3.20,1.60
2008.12.15 10:13:39.766,1.3605,1.361,1.60,1.60
2008.12.15 10:13:40.046,1.3604,1.36085,3.20,1.60
2008.12.15 10:13:40.516,1.36045,1.361,3.20,7.20
2008.12.15 10:13:40.866,1.36055,1.36125,4.80,8.80
2008.12.15 10:13:41.266,1.36065,1.36105,1.60,1.60
2008.12.15 10:13:41.726,1.3604,1.36105,1.60,1.60
2008.12.15 10:13:43.585,1.3605,1.3608,1.60,1.60
2008.12.15 10:13:44.965,1.3605,1.36095,1.60,6.80
2008.12.15 10:13:45.135,1.36045,1.36095,1.60,6.80
2008.12.15 10:13:45.195,1.36045,1.36095,1.60,2.40
2008.12.15 10:13:45.255,1.36045,1.361,1.60,1.60
2008.12.15 10:13:47.764,1.36045,1.36095,3.20,1.60
2008.12.15 10:13:47.874,1.3606,1.361,1.60,7.20
2008.12.15 10:13:48.044,1.3606,1.361,1.60,1.60
2008.12.15 10:13:49.294,1.36055,1.36095,3.20,1.60
2008.12.15 10:13:49.644,1.3606,1.36085,1.60,1.60
2008.12.15 10:13:49.824,1.36045,1.36085,3.20,1.60
2008.12.15 10:13:50.244,1.3605,1.36085,1.60,1.60
2008.12.15 10:13:51.063,1.3605,1.36075,1.60,1.60
2008.12.15 10:13:53.193,1.36045,1.3609,1.60,1.60
2008.12.15 10:13:53.543,1.3604,1.3608,4.80,1.60
2008.12.15 10:13:53.713,1.3605,1.36075,1.60,1.60
2008.12.15 10:13:54.403,1.36065,1.361,1.60,6.40
2008.12.15 10:13:54.622,1.36065,1.3611,1.60,1.60
2008.12.15 10:13:56.112,1.3606,1.36095,1.60,1.60
2008.12.15 10:13:56.492,1.36045,1.36095,1.60,1.60
2008.12.15 10:14:00.661,1.3605,1.36095,1.60,1.60
2008.12.15 10:14:00.771,1.36055,1.361,1.60,3.20
2008.12.15 10:14:00.991,1.36055,1.36105,1.60,1.60
2008.12.15 10:14:01.281,1.3605,1.36105,3.20,1.60
2008.12.15 10:14:02.501,1.3605,1.36105,1.60,1.60
2008.12.15 10:14:03.250,1.3605,1.36105,1.60,4.00
2008.12.15 10:14:03.650,1.3604,1.36105,3.20,7.20
2008.12.15 10:14:03.920,1.3604,1.36095,3.20,1.60
2008.12.15 10:14:04.610,1.3604,1.36095,3.20,10.40
2008.12.15 10:14:04.970,1.3604,1.36095,3.20,4.80
2008.12.15 10:14:05.370,1.36055,1.36105,1.60,4.80
2008.12.15 10:14:05.550,1.3607,1.36105,1.60,1.60
2008.12.15 10:14:05.890,1.3603,1.361,4.80,4.00
2008.12.15 10:14:06.070,1.3603,1.36095,3.20,1.60
2008.12.15 10:14:06.360,1.3604,1.36095,1.60,1.60
2008.12.15 10:14:06.700,1.3603,1.3608,3.20,1.60
2008.12.15 10:14:07.049,1.3604,1.36085,1.60,3.20
2008.12.15 10:14:07.499,1.3604,1.3609,1.60,1.60
2008.12.15 10:14:08.499,1.3605,1.36085,1.60,1.60
2008.12.15 10:14:09.489,1.3605,1.36065,1.60,1.60
2008.12.15 10:14:09.849,1.36015,1.36065,1.60,1.60
2008.12.15 10:14:10.649,1.36015,1.3605,1.60,1.60
2008.12.15 10:14:10.939,1.3604,1.3605,1.60,1.60
2008.12.15 10:14:11.219,1.3604,1.36065,1.60,1.60
2008.12.15 10:14:14.458,1.3604,1.3607,1.60,1.60
2008.12.15 10:14:14.698,1.3604,1.36075,1.60,4.80
2008.12.15 10:14:14.808,1.3604,1.36075,1.60,1.60
2008.12.15 10:14:15.677,1.3604,1.3607,1.60,1.60
2008.12.15 10:14:17.327,1.3604,1.3608,4.80,1.60
2008.12.15 10:14:17.547,1.36045,1.3607,1.60,1.60
2008.12.15 10:14:17.787,1.3604,1.3607,3.20,1.60
2008.12.15 10:14:18.077,1.3604,1.3607,1.60,1.60
2008.12.15 10:14:18.927,1.3604,1.36085,1.60,1.60
2008.12.15 10:14:19.227,1.3604,1.3607,1.60,1.60
2008.12.15 10:14:19.597,1.3604,1.3606,1.60,1.60
2008.12.15 10:14:19.897,1.36,1.36055,1.80,1.60
2008.12.15 10:14:20.126,1.3599,1.36055,3.20,4.00
2008.12.15 10:14:20.597,1.3599,1.3605,4.80,1.60
2008.12.15 10:14:20.936,1.3601,1.36055,3.20,1.60
2008.12.15 10:14:21.266,1.36,1.3605,3.20,4.00
2008.12.15 10:14:22.186,1.36005,1.3605,3.20,4.00
2008.12.15 10:14:22.306,1.36025,1.36055,1.60,3.20
2008.12.15 10:14:22.476,1.3603,1.36055,1.60,1.60
2008.12.15 10:14:22.656,1.35985,1.36055,4.80,4.00
2008.12.15 10:14:22.776,1.35985,1.36055,3.20,4.00
2008.12.15 10:14:25.235,1.36,1.36055,1.60,4.00
2008.12.15 10:14:25.475,1.36,1.3604,1.60,1.60
2008.12.15 10:14:26.425,1.36,1.36045,1.60,2.40
2008.12.15 10:14:26.665,1.36015,1.3606,1.60,4.80
2008.12.15 10:14:27.135,1.36015,1.36055,1.60,1.60
2008.12.15 10:14:27.655,1.36015,1.3606,1.60,4.00
2008.12.15 10:14:27.945,1.36015,1.3606,1.60,1.60
2008.12.15 10:14:30.044,1.3602,1.36075,1.60,10.40
2008.12.15 10:14:30.154,1.3602,1.36075,1.60,6.40
2008.12.15 10:14:30.354,1.36015,1.3606,1.60,1.60
2008.12.15 10:14:30.464,1.3602,1.36075,1.60,2.40
2008.12.15 10:14:30.694,1.3602,1.36075,1.60,5.60
2008.12.15 10:14:31.044,1.35995,1.3606,8.80,1.60
2008.12.15 10:14:31.434,1.35995,1.36055,1.60,1.60
2008.12.15 10:14:36.473,1.36,1.36065,8.80,1.60
2008.12.15 10:14:36.752,1.36,1.36065,1.60,1.60
2008.12.15 10:14:36.862,1.36005,1.3607,1.60,4.80
2008.12.15 10:14:37.152,1.36,1.36055,5.60,1.60
2008.12.15 10:14:37.702,1.36,1.36055,1.60,1.60
2008.12.15 10:14:38.062,1.36015,1.36055,1.60,1.60
2008.12.15 10:14:38.762,1.3602,1.3607,1.60,3.20
2008.12.15 10:14:38.982,1.3602,1.36065,1.60,1.60
2008.12.15 10:14:40.162,1.3602,1.3608,1.60,3.20
2008.12.15 10:14:40.382,1.3602,1.36085,1.60,8.00
2008.12.15 10:14:40.611,1.3602,1.36085,1.60,4.80
2008.12.15 10:14:40.952,1.3602,1.3609,1.60,8.80
2008.12.15 10:14:41.371,1.3602,1.36075,1.60,1.60
2008.12.15 10:14:41.711,1.36025,1.36085,1.60,8.00
2008.12.15 10:14:41.931,1.36025,1.36085,1.60,4.80
2008.12.15 10:14:42.161,1.36025,1.36085,1.60,1.60
2008.12.15 10:14:44.161,1.36035,1.36085,1.60,1.60
2008.12.15 10:14:44.341,1.36035,1.36095,1.60,9.60
2008.12.15 10:14:44.461,1.36035,1.36095,5.60,6.40
2008.12.15 10:14:44.690,1.36035,1.3609,3.40,1.60
2008.12.15 10:14:45.090,1.36035,1.3609,1.60,1.60
2008.12.15 10:14:46.020,1.36045,1.361,1.60,7.20
2008.12.15 10:14:46.200,1.3604,1.3609,1.60,1.60
2008.12.15 10:14:46.860,1.3605,1.361,1.60,1.60
2008.12.15 10:14:47.030,1.3604,1.3609,3.20,1.60
2008.12.15 10:14:47.300,1.3604,1.3609,1.60,1.60
2008.12.15 10:14:49.939,1.36045,1.36105,1.60,1.60
2008.12.15 10:14:53.758,1.36045,1.3611,1.60,7.20
2008.12.15 10:14:54.038,1.36045,1.36105,5.60,1.60
2008.12.15 10:14:54.368,1.36045,1.36105,4.80,1.60
2008.12.15 10:14:54.588,1.36045,1.36105,1.60,1.60
2008.12.15 10:14:56.598,1.36055,1.36105,1.60,1.60
2008.12.15 10:14:56.948,1.3606,1.36105,1.60,1.60
2008.12.15 10:14:57.168,1.3605,1.36115,3.20,1.60
2008.12.15 10:14:57.407,1.36055,1.36105,1.60,1.60
2008.12.15 10:14:57.947,1.3606,1.3612,1.60,7.20
2008.12.15 10:14:58.147,1.3606,1.3612,1.60,4.00
2008.12.15 10:14:58.547,1.3606,1.36115,1.60,1.60
2008.12.15 10:14:59.597,1.36045,1.36115,10.60,1.60
2008.12.15 10:15:00.177,1.36045,1.3611,6.60,2.40
2008.12.15 10:15:00.537,1.36045,1.36105,1.60,1.60
2008.12.15 10:15:01.246,1.36045,1.36105,1.60,3.20
2008.12.15 10:15:01.657,1.36045,1.36095,1.60,1.60
2008.12.15 10:15:01.876,1.36045,1.36105,1.60,5.60
2008.12.15 10:15:02.096,1.36045,1.36105,1.60,6.40
2008.12.15 10:15:02.336,1.36045,1.36095,1.60,1.60
2008.12.15 10:15:02.636,1.36045,1.36105,1.60,5.60
2008.12.15 10:15:03.056,1.36045,1.36105,10.60,1.60
2008.12.15 10:15:03.396,1.36045,1.36105,1.60,1.60
2008.12.15 10:15:04.546,1.36045,1.36105,3.20,1.60
2008.12.15 10:15:06.215,1.36055,1.3611,1.60,3.20
2008.12.15 10:15:06.555,1.36045,1.36115,10.60,1.60
2008.12.15 10:15:11.894,1.36045,1.361,9.00,1.60
2008.12.15 10:15:12.004,1.36045,1.361,6.60,1.60
2008.12.15 10:15:12.184,1.3605,1.361,1.60,1.60
2008.12.15 10:15:12.474,1.3604,1.361,3.20,1.60
2008.12.15 10:15:13.513,1.3604,1.3609,4.80,1.60
2008.12.15 10:15:14.203,1.3604,1.3609,3.20,1.60
2008.12.15 10:15:14.383,1.36045,1.36075,1.60,1.60
2008.12.15 10:15:14.683,1.3602,1.36075,3.20,1.60
2008.12.15 10:15:14.963,1.36025,1.36075,1.60,1.60
2008.12.15 10:15:15.243,1.3601,1.36075,6.60,1.60
2008.12.15 10:15:15.413,1.3602,1.36075,1.60,1.60
2008.12.15 10:15:15.533,1.3602,1.3606,1.60,1.60
2008.12.15 10:15:15.713,1.3602,1.3606,1.60,1.60
2008.12.15 10:15:16.123,1.36025,1.3607,1.60,1.60
2008.12.15 10:15:16.403,1.36015,1.3607,1.60,1.60
2008.12.15 10:15:21.712,1.36015,1.3606,1.60,1.60
2008.12.15 10:15:22.111,1.36,1.3606,1.60,1.60
2008.12.15 10:15:22.821,1.36,1.36065,5.60,3.20
2008.12.15 10:15:23.221,1.36,1.3607,8.80,1.60
2008.12.15 10:15:24.361,1.36,1.3607,10.40,1.60
2008.12.15 10:15:24.901,1.36,1.3607,8.80,1.60
2008.12.15 10:15:25.880,1.36,1.3607,10.40,1.60
2008.12.15 10:15:27.410,1.36,1.3607,8.80,1.60
2008.12.15 10:15:27.640,1.36015,1.3607,4.00,1.60
2008.12.15 10:15:28.560,1.3603,1.3607,4.00,1.60
2008.12.15 10:15:30.200,1.36035,1.36075,4.00,4.80
2008.12.15 10:15:30.419,1.36045,1.36075,4.00,1.60
2008.12.15 10:15:30.620,1.36045,1.3606,4.00,1.60
2008.12.15 10:15:30.859,1.36035,1.3606,7.20,1.60
2008.12.15 10:15:31.089,1.36035,1.3606,4.00,1.60
2008.12.15 10:15:33.479,1.36035,1.36075,4.00,4.80
2008.12.15 10:15:33.759,1.36035,1.3606,4.00,1.60
2008.12.15 10:15:33.929,1.36035,1.3605,3.20,1.60
2008.12.15 10:15:34.209,1.3601,1.36045,4.00,1.60
2008.12.15 10:15:34.718,1.35995,1.36045,4.00,1.60
2008.12.15 10:15:34.888,1.36005,1.3605,1.60,3.20
2008.12.15 10:15:35.058,1.3601,1.36065,1.60,5.60
2008.12.15 10:15:35.239,1.36025,1.36075,1.60,4.80
2008.12.15 10:15:35.628,1.3603,1.3609,5.60,1.60
2008.12.15 10:15:36.878,1.3603,1.3609,1.60,4.00
2008.12.15 10:15:37.278,1.3603,1.36085,1.60,4.00
2008.12.15 10:15:38.907,1.3602,1.36085,4.00,5.60
2008.12.15 10:15:39.198,1.3602,1.3607,4.00,1.60
2008.12.15 10:15:39.718,1.36025,1.36085,1.60,4.00
2008.12.15 10:15:39.897,1.36025,1.36085,1.60,1.60
2008.12.15 10:15:40.177,1.3603,1.36095,1.60,5.60
2008.12.15 10:15:40.347,1.3603,1.3609,4.80,1.60
2008.12.15 10:15:41.447,1.3603,1.3609,3.20,1.60
2008.12.15 10:15:41.787,1.36025,1.3607,3.20,2.40
2008.12.15 10:15:42.137,1.36025,1.3607,1.60,2.40
2008.12.15 10:15:43.566,1.36025,1.3606,3.20,2.40
2008.12.15 10:15:44.896,1.36025,1.3607,4.80,2.40
2008.12.15 10:15:45.126,1.36035,1.3607,1.60,2.40
2008.12.15 10:15:45.236,1.36035,1.36075,1.60,4.00
2008.12.15 10:15:46.856,1.36035,1.36075,1.60,1.60
2008.12.15 10:15:47.185,1.36035,1.36075,3.20,1.60
2008.12.15 10:15:50.175,1.36035,1.36075,1.60,1.60
2008.12.15 10:15:51.634,1.36035,1.3607,1.60,1.60
2008.12.15 10:15:52.414,1.36035,1.36085,3.20,1.60
2008.12.15 10:15:52.704,1.36035,1.3609,3.20,4.80
2008.12.15 10:15:53.044,1.3605,1.361,1.60,3.20
2008.12.15 10:15:53.324,1.3604,1.3611,5.80,3.20
2008.12.15 10:15:53.614,1.36045,1.36115,1.60,1.60
2008.12.15 10:15:54.363,1.3605,1.36115,3.20,1.60
2008.12.15 10:15:55.153,1.3606,1.36115,1.60,1.60
2008.12.15 10:15:55.374,1.3606,1.36115,1.60,3.20
2008.12.15 10:15:55.594,1.36055,1.36115,1.60,12.00
2008.12.15 10:15:56.004,1.36055,1.36115,1.60,8.00
2008.12.15 10:15:56.284,1.36055,1.36115,1.60,4.80
2008.12.15 10:15:56.673,1.36055,1.36115,1.60,5.60
2008.12.15 10:15:56.963,1.3606,1.36115,1.60,6.40
2008.12.15 10:15:57.313,1.3605,1.36115,5.60,4.80
2008.12.15 10:15:57.543,1.3605,1.36115,4.80,4.80
2008.12.15 10:15:57.713,1.3605,1.36115,1.60,4.80
2008.12.15 10:15:57.943,1.3605,1.36115,1.60,3.20
2008.12.15 10:15:59.122,1.3605,1.36115,1.60,1.60
2008.12.15 10:15:59.482,1.3605,1.36115,3.20,1.60
2008.12.15 10:16:00.283,1.3606,1.36115,1.60,1.60
2008.12.15 10:16:01.852,1.3605,1.36115,3.20,7.20
2008.12.15 10:16:02.202,1.3604,1.361,8.80,1.60
2008.12.15 10:16:02.612,1.3605,1.3611,1.60,8.80
2008.12.15 10:16:02.952,1.3605,1.36105,5.60,3.20
2008.12.15 10:16:03.252,1.3605,1.36135,8.80,12.00
2008.12.15 10:16:03.601,1.36055,1.36135,7.40,6.40
2008.12.15 10:16:03.891,1.36055,1.36135,10.60,6.40
2008.12.15 10:16:05.151,1.36055,1.36125,10.60,1.60
2008.12.15 10:16:05.331,1.36055,1.36125,10.60,3.20
2008.12.15 10:16:05.441,1.3606,1.36125,1.80,12.00
2008.12.15 10:16:05.501,1.36055,1.36125,1.60,15.20
2008.12.15 10:16:05.721,1.36055,1.36125,8.80,9.60
2008.12.15 10:16:06.061,1.36055,1.36125,10.60,6.40
2008.12.15 10:16:06.641,1.36055,1.3612,9.00,3.20
2008.12.15 10:16:06.931,1.3605,1.36125,8.80,16.80
2008.12.15 10:16:07.100,1.3605,1.3611,4.80,2.40
2008.12.15 10:16:07.451,1.3605,1.3611,1.60,5.60
2008.12.15 10:16:08.990,1.3605,1.36095,1.60,5.60
2008.12.15 10:16:09.280,1.3605,1.36095,1.60,6.40
2008.12.15 10:16:09.440,1.3605,1.361,1.60,3.20
2008.12.15 10:16:09.610,1.36045,1.361,3.20,3.20
2008.12.15 10:16:09.780,1.3607,1.3611,1.60,3.20
2008.12.15 10:16:10.010,1.3607,1.361,1.60,3.20
2008.12.15 10:16:10.290,1.36055,1.36125,4.00,3.20
2008.12.15 10:16:10.700,1.3605,1.36105,1.60,1.60
2008.12.15 10:16:11.390,1.36025,1.36115,10.60,7.20
2008.12.15 10:16:11.790,1.36035,1.3611,1.60,7.20
2008.12.15 10:16:12.029,1.36035,1.36105,10.60,1.60
2008.12.15 10:16:12.369,1.3604,1.36105,1.60,1.60
2008.12.15 10:16:12.609,1.3608,1.3612,1.60,3.20
2008.12.15 10:16:12.890,1.3607,1.3612,5.60,3.20
2008.12.15 10:16:13.099,1.3608,1.36135,1.60,1.60
2008.12.15 10:16:14.259,1.3608,1.36135,4.80,1.60
2008.12.15 10:16:14.499,1.3608,1.36135,1.60,1.60
2008.12.15 10:16:15.429,1.3607,1.36135,7.20,1.60
2008.12.15 10:16:15.599,1.36065,1.36135,10.60,1.60
2008.12.15 10:16:15.879,1.36065,1.36135,1.60,10.40
2008.12.15 10:16:17.198,1.36065,1.36135,1.60,12.00
2008.12.15 10:16:17.318,1.36065,1.3613,1.60,2.40
2008.12.15 10:16:17.538,1.3606,1.36125,3.20,1.60
2008.12.15 10:16:17.658,1.36065,1.3613,1.60,5.60
2008.12.15 10:16:17.948,1.36065,1.36135,1.60,10.40
2008.12.15 10:16:18.248,1.3607,1.36135,7.20,4.80
2008.12.15 10:16:18.588,1.3607,1.3613,6.40,2.40
2008.12.15 10:16:18.888,1.36075,1.3614,1.60,4.00
2008.12.15 10:16:19.128,1.3607,1.3614,3.20,4.00
2008.12.15 10:16:19.348,1.3607,1.3614,4.80,4.00
2008.12.15 10:16:19.578,1.3607,1.3614,4.80,1.60
2008.12.15 10:16:19.748,1.3607,1.36125,1.60,1.60
2008.12.15 10:16:19.988,1.3607,1.36125,4.80,1.60
2008.12.15 10:16:20.167,1.3607,1.36125,1.60,1.60
2008.12.15 10:16:20.507,1.3606,1.36125,11.20,1.60
2008.12.15 10:16:20.727,1.3606,1.36125,1.60,1.60
2008.12.15 10:16:21.887,1.3606,1.36125,1.60,10.40
2008.12.15 10:16:22.057,1.36055,1.3612,1.60,1.60
2008.12.15 10:16:22.787,1.36055,1.3612,4.80,1.60
2008.12.15 10:16:22.957,1.3606,1.36125,1.60,1.60
2008.12.15 10:16:23.836,1.36065,1.3613,1.60,5.60
2008.12.15 10:16:24.226,1.3606,1.36125,1.60,1.60
2008.12.15 10:16:24.517,1.36065,1.3613,1.60,5.60
2008.12.15 10:16:24.746,1.36065,1.36135,1.60,10.40
2008.12.15 10:16:25.016,1.3607,1.36135,1.60,8.00
2008.12.15 10:16:25.247,1.3608,1.36135,1.60,1.60
2008.12.15 10:16:26.006,1.3607,1.3613,4.80,1.60
2008.12.15 10:16:26.356,1.3607,1.3612,7.20,1.60
2008.12.15 10:16:26.636,1.36075,1.36135,1.60,7.20
2008.12.15 10:16:26.926,1.3608,1.36135,1.60,4.80
2008.12.15 10:16:27.326,1.3607,1.36135,8.80,3.20
2008.12.15 10:16:27.686,1.3607,1.3613,4.80,1.60
2008.12.15 10:16:27.926,1.36065,1.3612,6.60,1.60
2008.12.15 10:16:28.105,1.36065,1.3612,3.20,1.60
2008.12.15 10:16:28.665,1.36065,1.3612,1.60,1.60
2008.12.15 10:16:32.384,1.36065,1.3613,1.60,4.80
2008.12.15 10:16:32.495,1.36065,1.3612,1.60,1.60
2008.12.15 10:16:33.415,1.36065,1.36115,1.60,1.60
2008.12.15 10:16:34.244,1.3605,1.3611,6.40,1.60
2008.12.15 10:16:34.424,1.36055,1.36115,1.60,1.60
2008.12.15 10:16:34.664,1.36065,1.3612,1.60,6.40
2008.12.15 10:16:34.884,1.36065,1.3612,1.60,3.20
2008.12.15 10:16:35.054,1.3608,1.3613,1.60,5.60
2008.12.15 10:16:35.284,1.3608,1.3613,1.60,3.20
2008.12.15 10:16:35.534,1.3608,1.3613,4.80,3.20
2008.12.15 10:16:35.764,1.3608,1.36155,4.80,4.80
2008.12.15 10:16:35.934,1.3609,1.36155,1.60,4.80
2008.12.15 10:16:36.334,1.3609,1.36155,1.60,1.60
2008.12.15 10:16:36.663,1.3609,1.36135,7.20,1.60
2008.12.15 10:16:36.993,1.36075,1.36125,3.20,1.60
2008.12.15 10:16:37.163,1.36075,1.36125,1.60,1.60
2008.12.15 10:16:37.404,1.36075,1.36145,5.60,4.80
2008.12.15 10:16:37.523,1.36085,1.3614,1.60,8.00
2008.12.15 10:16:37.693,1.36085,1.3614,1.60,4.80
2008.12.15 10:16:37.863,1.36075,1.36145,6.60,2.40
2008.12.15 10:16:38.043,1.36085,1.36145,1.60,3.20
2008.12.15 10:16:38.163,1.36085,1.3615,1.60,1.60
2008.12.15 10:16:38.493,1.36085,1.36125,1.60,1.60
2008.12.15 10:16:38.833,1.3606,1.36125,1.60,1.60
2008.12.15 10:16:39.233,1.3607,1.3613,1.60,1.60
2008.12.15 10:16:39.573,1.3606,1.36115,1.60,1.60
2008.12.15 10:16:39.863,1.36075,1.3612,1.60,1.60
2008.12.15 10:16:42.362,1.3607,1.36115,1.60,1.60
2008.12.15 10:16:42.642,1.36075,1.3613,1.60,4.00
2008.12.15 10:16:42.932,1.36075,1.3613,1.60,4.80
2008.12.15 10:16:43.312,1.36075,1.3613,1.60,1.60
2008.12.15 10:16:43.712,1.3607,1.36125,1.60,1.60
2008.12.15 10:16:44.512,1.3607,1.36125,3.20,1.60
2008.12.15 10:16:44.811,1.3607,1.36125,1.60,1.60
2008.12.15 10:16:47.651,1.3607,1.36135,1.60,9.60
2008.12.15 10:16:47.871,1.36065,1.3612,3.20,1.60
2008.12.15 10:16:48.041,1.36075,1.36105,3.20,1.60
2008.12.15 10:16:48.201,1.36065,1.36105,1.60,1.60
2008.12.15 10:16:48.481,1.3606,1.36105,1.60,1.60
2008.12.15 10:16:49.070,1.3606,1.3613,1.60,12.00
2008.12.15 10:16:49.310,1.3606,1.3613,3.20,10.40
2008.12.15 10:16:49.690,1.36075,1.3613,1.60,10.40
2008.12.15 10:16:50.030,1.36075,1.36125,1.60,7.20
2008.12.15 10:16:50.311,1.36075,1.36125,1.60,1.60
2008.12.15 10:16:50.890,1.3608,1.36125,3.20,1.60
2008.12.15 10:16:51.180,1.3609,1.3613,1.60,1.60
2008.12.15 10:16:51.860,1.361,1.36145,1.60,3.20
2008.12.15 10:16:52.330,1.361,1.36155,1.60,2.40
2008.12.15 10:16:52.730,1.36095,1.3615,1.60,1.60
2008.12.15 10:16:53.540,1.361,1.36155,3.20,2.40
2008.12.15 10:16:53.879,1.36095,1.3615,3.20,1.60
2008.12.15 10:16:54.339,1.3609,1.36135,3.20,1.60
2008.12.15 10:16:54.699,1.361,1.36135,1.60,1.60
2008.12.15 10:16:55.659,1.361,1.3615,1.60,1.60
2008.12.15 10:16:56.609,1.36115,1.36155,1.60,1.00
2008.12.15 10:16:57.549,1.3613,1.36155,1.60,1.00
2008.12.15 10:16:59.298,1.3614,1.36155,1.60,1.00
2008.12.15 10:17:00.378,1.36125,1.36155,10.60,1.00
2008.12.15 10:17:00.548,1.36125,1.36155,6.60,1.00
2008.12.15 10:17:00.718,1.36125,1.36155,1.60,1.00
2008.12.15 10:17:00.888,1.3613,1.36155,1.60,1.00
2008.12.15 10:17:02.397,1.3614,1.36155,1.60,1.00
2008.12.15 10:17:02.577,1.36145,1.36155,1.60,1.00
2008.12.15 10:17:02.807,1.36145,1.36195,1.60,3.20
2008.12.15 10:17:02.987,1.36145,1.36195,1.60,1.60
2008.12.15 10:17:03.547,1.36155,1.36205,1.60,8.80
2008.12.15 10:17:03.897,1.36155,1.36195,1.60,1.60
2008.12.15 10:17:04.527,1.3617,1.362,1.60,4.00
2008.12.15 10:17:04.827,1.3617,1.36205,1.60,3.20
2008.12.15 10:17:05.167,1.36165,1.3622,1.60,4.00
2008.12.15 10:17:05.396,1.3617,1.36225,3.20,4.00
2008.12.15 10:17:05.677,1.3619,1.36225,1.60,1.60
2008.12.15 10:17:06.147,1.3618,1.3623,1.60,4.80
2008.12.15 10:17:06.486,1.36175,1.36225,3.20,4.00
2008.12.15 10:17:07.116,1.36175,1.36225,1.60,1.60
2008.12.15 10:17:07.516,1.3619,1.3623,1.60,3.20
2008.12.15 10:17:07.866,1.362,1.3629,1.60,8.80
2008.12.15 10:17:08.276,1.362,1.3629,5.60,6.40
2008.12.15 10:17:08.686,1.36225,1.363,1.60,3.20
2008.12.15 10:17:08.966,1.36215,1.36285,9.00,1.60
2008.12.15 10:17:09.306,1.3623,1.3629,1.60,3.20
2008.12.15 10:17:09.606,1.3623,1.3629,1.60,1.60
2008.12.15 10:17:10.116,1.3624,1.36285,1.60,1.60
2008.12.15 10:17:10.465,1.3625,1.3628,1.60,3.20
2008.12.15 10:17:10.815,1.36225,1.3629,8.80,1.60
2008.12.15 10:17:11.105,1.36225,1.36275,1.60,1.60
2008.12.15 10:17:11.815,1.36225,1.3627,1.60,1.60
2008.12.15 10:17:12.695,1.36225,1.3626,3.20,1.60
2008.12.15 10:17:13.345,1.3622,1.36255,3.20,1.60
2008.12.15 10:17:13.625,1.3622,1.36255,1.60,1.60
2008.12.15 10:17:13.914,1.3621,1.36255,3.20,1.60
2008.12.15 10:17:14.145,1.36225,1.36265,1.60,1.60
2008.12.15 10:17:15.054,1.36215,1.3626,1.60,1.60
2008.12.15 10:17:15.234,1.3621,1.36255,1.60,1.60
2008.12.15 10:17:16.934,1.3621,1.36255,3.20,1.60
2008.12.15 10:17:17.834,1.3621,1.36255,1.60,1.60
2008.12.15 10:17:18.474,1.36205,1.36255,1.60,1.60
2008.12.15 10:17:18.653,1.3621,1.3626,1.60,1.60
2008.12.15 10:17:18.943,1.3622,1.3627,1.60,5.60
2008.12.15 10:17:19.173,1.3621,1.3626,3.20,1.60
2008.12.15 10:17:19.723,1.36215,1.36275,1.60,10.40
2008.12.15 10:17:20.003,1.3621,1.36275,1.60,10.40
2008.12.15 10:17:20.993,1.3621,1.36265,1.60,1.60
2008.12.15 10:17:21.273,1.36205,1.36265,3.20,5.60
2008.12.15 10:17:21.453,1.36205,1.36265,3.20,8.80
2008.12.15 10:17:21.623,1.36205,1.3626,3.20,3.20
2008.12.15 10:17:21.863,1.36205,1.36265,1.60,2.40
2008.12.15 10:17:22.162,1.36205,1.36265,1.60,8.80
2008.12.15 10:17:25.652,1.36205,1.36265,1.60,10.40
2008.12.15 10:17:26.691,1.36205,1.36255,1.60,8.80
2008.12.15 10:17:27.031,1.36195,1.36255,3.20,8.80
2008.12.15 10:17:32.140,1.36195,1.36255,3.20,10.40
2008.12.15 10:17:32.320,1.36195,1.3625,3.20,2.40
2008.12.15 10:17:32.480,1.36195,1.3625,3.20,5.60
2008.12.15 10:17:32.650,1.36195,1.36255,3.20,8.80
2008.12.15 10:17:35.579,1.36195,1.36255,3.20,12.00
2008.12.15 10:17:35.739,1.36195,1.3624,1.60,1.60
2008.12.15 10:17:36.699,1.36195,1.36255,8.00,4.80
2008.12.15 10:17:37.039,1.36205,1.36245,1.60,1.60
2008.12.15 10:17:37.839,1.36195,1.3624,4.80,1.60
2008.12.15 10:17:38.009,1.36195,1.3624,3.20,1.60
2008.12.15 10:17:39.539,1.36195,1.36255,11.20,10.40
2008.12.15 10:17:39.889,1.36195,1.36255,11.20,8.00
2008.12.15 10:17:40.178,1.362,1.36255,8.00,1.60
2008.12.15 10:17:40.568,1.3621,1.3626,1.60,1.60
2008.12.15 10:17:40.798,1.36205,1.36265,4.80,7.20
2008.12.15 10:17:40.968,1.36215,1.36265,1.60,1.60
2008.12.15 10:17:41.718,1.3622,1.36265,1.60,1.60
2008.12.15 10:17:42.058,1.36205,1.36265,13.80,1.60
2008.12.15 10:17:42.347,1.3622,1.36265,1.60,1.60
2008.12.15 10:17:43.237,1.3622,1.36265,3.20,1.60
2008.12.15 10:17:43.807,1.3622,1.36265,4.80,1.60
2008.12.15 10:17:44.097,1.36215,1.36265,5.00,1.60
2008.12.15 10:17:44.277,1.3621,1.36265,3.20,7.20
2008.12.15 10:17:44.677,1.3621,1.36265,3.20,10.40
2008.12.15 10:17:45.517,1.36215,1.36265,1.60,10.40
2008.12.15 10:17:45.687,1.36215,1.36265,3.20,3.20
2008.12.15 10:17:45.867,1.36215,1.36275,3.20,10.40
2008.12.15 10:17:45.987,1.36215,1.36275,4.80,10.40
2008.12.15 10:17:46.167,1.36215,1.36275,3.20,10.40
2008.12.15 10:17:46.467,1.36215,1.36275,4.80,4.80
2008.12.15 10:17:46.767,1.36225,1.36275,1.60,8.00
2008.12.15 10:17:47.007,1.36225,1.36275,1.60,4.80
2008.12.15 10:17:47.296,1.3622,1.3626,3.20,1.60
2008.12.15 10:17:49.186,1.3622,1.36255,4.80,1.60
2008.12.15 10:17:49.366,1.36225,1.3628,3.20,4.80
2008.12.15 10:17:49.596,1.36225,1.3628,3.20,1.60
2008.12.15 10:17:49.996,1.36225,1.3628,3.20,4.80
2008.12.15 10:17:50.166,1.3622,1.3627,3.20,1.60
2008.12.15 10:17:50.506,1.3622,1.36265,4.80,1.60
2008.12.15 10:17:50.975,1.3622,1.3626,4.80,1.00
2008.12.15 10:17:51.606,1.36235,1.3626,1.60,1.00
2008.12.15 10:17:51.945,1.36245,1.3627,1.60,5.60
2008.12.15 10:17:52.185,1.36245,1.3626,1.60,1.00
2008.12.15 10:17:52.486,1.36245,1.36285,1.60,3.20
2008.12.15 10:17:52.755,1.36245,1.36265,1.60,1.00
2008.12.15 10:17:53.095,1.36235,1.36265,4.80,1.00
2008.12.15 10:17:53.385,1.36235,1.36265,3.20,1.00
2008.12.15 10:17:53.615,1.36235,1.36265,1.60,1.00
2008.12.15 10:17:53.975,1.3624,1.3625,1.60,1.60
2008.12.15 10:17:54.365,1.36215,1.3626,4.80,1.60
2008.12.15 10:17:54.885,1.36225,1.3626,1.60,1.00
2008.12.15 10:17:55.235,1.36225,1.3626,7.20,1.00
2008.12.15 10:17:55.505,1.3624,1.36285,1.60,1.60
2008.12.15 10:17:55.864,1.3623,1.36285,7.20,1.60
2008.12.15 10:17:56.434,1.3623,1.36285,10.40,1.60
2008.12.15 10:17:56.734,1.36235,1.36285,5.60,1.60
2008.12.15 10:17:57.114,1.36235,1.3627,5.60,1.60
2008.12.15 10:17:57.294,1.36235,1.3627,1.60,1.60
2008.12.15 10:17:57.454,1.36225,1.36265,3.20,1.60
2008.12.15 10:17:58.054,1.36225,1.36265,1.60,1.60
2008.12.15 10:17:58.394,1.3623,1.36265,1.60,1.60
2008.12.15 10:17:58.754,1.3623,1.36265,3.20,1.60
2008.12.15 10:17:59.573,1.36245,1.36265,1.60,1.60
2008.12.15 10:18:00.423,1.36245,1.36275,1.60,1.60
2008.12.15 10:18:02.354,1.36235,1.36275,1.60,1.60
2008.12.15 10:18:02.573,1.36245,1.36275,1.60,1.60
2008.12.15 10:18:03.273,1.36235,1.36275,3.20,1.60
2008.12.15 10:18:04.003,1.36235,1.3627,3.20,1.60
2008.12.15 10:18:05.022,1.36235,1.3627,1.60,1.60
2008.12.15 10:18:09.071,1.36235,1.3627,3.20,1.60
2008.12.15 10:18:13.780,1.36235,1.36265,1.60,1.60
2008.12.15 10:18:14.180,1.3622,1.36255,1.60,1.60
2008.12.15 10:18:14.580,1.3622,1.3626,3.20,7.20
2008.12.15 10:18:14.760,1.3622,1.3626,3.20,4.80
2008.12.15 10:18:15.110,1.3622,1.3626,3.20,1.60
2008.12.15 10:18:15.800,1.3622,1.3627,3.20,1.60
2008.12.15 10:18:16.270,1.3622,1.3627,4.80,1.60
2008.12.15 10:18:16.440,1.36235,1.36275,1.60,1.60
2008.12.15 10:18:17.199,1.3623,1.36265,1.60,1.60
2008.12.15 10:18:17.419,1.36235,1.36275,1.60,1.60
2008.12.15 10:18:18.469,1.3623,1.36265,1.60,1.60
2008.12.15 10:18:18.709,1.36235,1.36275,1.60,1.60
2008.12.15 10:18:18.889,1.3623,1.3626,1.60,1.60
2008.12.15 10:18:19.179,1.36215,1.3625,3.20,1.60
2008.12.15 10:18:19.469,1.36215,1.3625,1.60,1.60
2008.12.15 10:18:19.749,1.36205,1.36245,1.60,1.60
2008.12.15 10:18:20.279,1.36205,1.36255,1.60,1.60
2008.12.15 10:18:20.459,1.3621,1.3626,1.60,1.60
2008.12.15 10:18:21.698,1.3621,1.3625,1.60,1.60
2008.12.15 10:18:22.218,1.362,1.36235,1.60,1.60
2008.12.15 10:18:22.438,1.362,1.3624,1.60,3.20
2008.12.15 10:18:22.668,1.362,1.36235,1.60,1.60
2008.12.15 10:18:23.748,1.362,1.3623,1.60,7.20
2008.12.15 10:18:23.967,1.362,1.3623,1.60,1.60
2008.12.15 10:18:25.227,1.362,1.36215,1.60,1.60
2008.12.15 10:18:27.327,1.362,1.3622,1.60,1.60
2008.12.15 10:18:28.487,1.362,1.3621,1.60,1.60
2008.12.15 10:18:30.337,1.362,1.36215,1.60,1.60
2008.12.15 10:18:30.566,1.362,1.3622,1.60,1.60
2008.12.15 10:18:30.846,1.362,1.3623,1.60,4.80
2008.12.15 10:18:31.206,1.362,1.3623,1.60,1.60
2008.12.15 10:18:32.246,1.362,1.36245,3.20,3.20
2008.12.15 10:18:32.587,1.362,1.36245,3.20,1.60
2008.12.15 10:18:33.385,1.362,1.36245,3.20,3.20
2008.12.15 10:18:34.135,1.362,1.36245,3.20,1.60
2008.12.15 10:18:35.175,1.362,1.36245,1.60,1.60
2008.12.15 10:18:36.115,1.362,1.36255,3.20,10.40
2008.12.15 10:18:36.285,1.362,1.36255,3.20,8.00
2008.12.15 10:18:36.695,1.362,1.36255,3.20,1.60
2008.12.15 10:18:37.434,1.362,1.36255,3.20,3.20
2008.12.15 10:18:37.724,1.36215,1.36255,1.60,3.20
2008.12.15 10:18:40.234,1.36215,1.36255,1.60,4.80
2008.12.15 10:18:40.703,1.3621,1.3625,1.60,1.60
2008.12.15 10:18:41.973,1.3621,1.3625,1.60,3.20
2008.12.15 10:18:42.563,1.36205,1.36245,1.60,1.60
2008.12.15 10:18:42.845,1.362,1.36235,1.60,1.60
2008.12.15 10:18:48.272,1.362,1.36235,3.20,1.60
2008.12.15 10:18:50.461,1.362,1.3624,3.20,1.60
2008.12.15 10:18:50.631,1.362,1.3623,1.60,1.60
2008.12.15 10:19:08.137,1.362,1.3624,3.20,1.60
2008.12.15 10:19:08.557,1.362,1.3623,1.60,1.60
2008.12.15 10:19:10.437,1.362,1.36225,1.60,1.60
2008.12.15 10:19:11.426,1.362,1.3623,1.60,1.60
2008.12.15 10:19:11.946,1.3621,1.36235,1.60,1.60
2008.12.15 10:19:12.336,1.3621,1.3625,1.60,1.60
2008.12.15 10:19:12.506,1.36205,1.36245,1.60,1.60
2008.12.15 10:19:13.926,1.3621,1.3625,1.60,1.60
2008.12.15 10:19:14.715,1.3621,1.3624,1.60,1.60
2008.12.15 10:19:14.886,1.362,1.36245,1.60,3.20
2008.12.15 10:19:16.315,1.362,1.36235,1.60,1.60
2008.12.15 10:19:17.545,1.362,1.36245,1.60,3.20
2008.12.15 10:19:17.595,1.36205,1.36245,1.60,1.60
2008.12.15 10:19:17.935,1.36205,1.36245,1.60,3.20
2008.12.15 10:19:18.045,1.36205,1.36245,3.20,3.20
2008.12.15 10:19:18.335,1.36215,1.3625,1.60,1.60
2008.12.15 10:19:18.785,1.362,1.36235,1.60,1.60
2008.12.15 10:19:20.724,1.362,1.3624,1.60,1.60
2008.12.15 10:19:24.293,1.36205,1.36245,1.60,1.60
2008.12.15 10:19:24.403,1.3621,1.36255,1.60,1.60
2008.12.15 10:19:24.513,1.36215,1.36265,1.60,1.60
2008.12.15 10:19:25.133,1.36225,1.3627,1.60,1.60
2008.12.15 10:19:25.593,1.36235,1.3627,1.60,1.60
2008.12.15 10:19:26.463,1.36225,1.3626,1.60,1.60
2008.12.15 10:19:26.923,1.36235,1.3627,1.60,1.60
2008.12.15 10:19:32.481,1.36235,1.3627,1.60,3.20
2008.12.15 10:19:32.721,1.3622,1.36255,1.60,1.60
2008.12.15 10:19:32.831,1.36235,1.3626,1.60,2.40
2008.12.15 10:19:33.231,1.36235,1.36265,1.60,3.20
2008.12.15 10:19:33.741,1.36225,1.3627,1.60,4.00
2008.12.15 10:19:33.971,1.3622,1.36265,1.60,1.60
2008.12.15 10:19:35.870,1.36235,1.3627,1.60,5.60
2008.12.15 10:19:36.210,1.3624,1.36295,1.60,4.00
2008.12.15 10:19:36.620,1.3624,1.36295,1.60,1.60
2008.12.15 10:19:37.220,1.3625,1.36295,1.60,1.60
2008.12.15 10:19:37.510,1.3625,1.3631,1.60,8.80
2008.12.15 10:19:37.690,1.3625,1.3631,1.60,7.20
2008.12.15 10:19:38.161,1.3625,1.3631,1.60,4.80
2008.12.15 10:19:38.440,1.3625,1.3631,1.60,1.60
2008.12.15 10:19:40.539,1.3625,1.36295,1.60,1.60
2008.12.15 10:19:42.249,1.36265,1.3631,1.60,4.80
2008.12.15 10:19:42.529,1.36265,1.3631,1.60,1.60
2008.12.15 10:19:43.049,1.3628,1.36315,1.60,1.60
2008.12.15 10:19:47.547,1.3627,1.3631,1.60,1.60
2008.12.15 10:19:47.897,1.36275,1.36315,1.60,3.20
2008.12.15 10:19:48.008,1.3626,1.363,3.20,1.60
2008.12.15 10:19:48.187,1.3626,1.363,6.40,1.60
2008.12.15 10:19:48.367,1.3626,1.363,1.60,1.60
2008.12.15 10:19:48.488,1.3626,1.36295,1.60,1.60
2008.12.15 10:19:48.727,1.3626,1.363,1.60,1.60
2008.12.15 10:19:49.077,1.3625,1.3631,1.60,10.40
2008.12.15 10:19:49.417,1.3625,1.36305,1.60,6.40
2008.12.15 10:19:49.757,1.3625,1.36305,1.60,3.20
2008.12.15 10:19:50.097,1.36255,1.36305,1.60,3.20
2008.12.15 10:19:50.467,1.36265,1.36315,1.60,13.60
2008.12.15 10:19:51.097,1.3627,1.3631,1.60,3.20
2008.12.15 10:19:52.426,1.3627,1.3631,1.60,1.60
2008.12.15 10:19:52.766,1.36265,1.3631,1.60,1.60
2008.12.15 10:19:53.116,1.3627,1.3631,1.60,1.60
2008.12.15 10:19:53.516,1.3628,1.36325,1.60,8.00
2008.12.15 10:19:53.976,1.3628,1.3632,1.60,1.60
2008.12.15 10:19:55.805,1.3628,1.36335,1.60,8.00
2008.12.15 10:19:58.245,1.36275,1.3632,1.60,1.60
2008.12.15 10:19:59.395,1.3628,1.3633,1.60,4.80
2008.12.15 10:20:01.154,1.36275,1.36315,1.60,1.60
2008.12.15 10:20:02.834,1.36265,1.3631,1.60,1.60
2008.12.15 10:20:03.314,1.36265,1.363,1.60,1.60
2008.12.15 10:20:03.714,1.36265,1.36315,1.60,3.20
2008.12.15 10:20:04.233,1.36275,1.36315,1.60,1.60
2008.12.15 10:20:05.763,1.3628,1.36325,1.60,3.20
2008.12.15 10:20:07.923,1.3628,1.3632,3.20,1.60
2008.12.15 10:20:08.363,1.3629,1.3633,1.60,3.20
2008.12.15 10:20:08.862,1.3628,1.3632,1.60,1.60
2008.12.15 10:20:10.172,1.36285,1.3633,1.60,3.20
2008.12.15 10:20:10.462,1.36275,1.36315,1.60,1.60
2008.12.15 10:20:11.042,1.36285,1.3633,1.60,3.20
2008.12.15 10:20:12.162,1.36275,1.36325,1.60,1.60
2008.12.15 10:20:12.402,1.3626,1.3632,7.20,1.60
2008.12.15 10:20:12.582,1.36275,1.3633,1.60,3.20
2008.12.15 10:20:13.041,1.3626,1.36315,3.20,1.60
2008.12.15 10:20:13.382,1.36245,1.36315,1.60,10.40
2008.12.15 10:20:14.951,1.36245,1.36315,3.20,10.40
2008.12.15 10:20:15.011,1.36245,1.36315,6.40,7.20
2008.12.15 10:20:15.071,1.3625,1.36315,1.60,7.20
2008.12.15 10:20:15.301,1.3625,1.36315,5.60,4.80
2008.12.15 10:20:15.471,1.3626,1.36325,1.60,8.80
2008.12.15 10:20:16.111,1.36265,1.36325,1.60,3.20
2008.12.15 10:20:16.520,1.36275,1.36335,1.60,12.00
2008.12.15 10:20:17.210,1.3628,1.3633,1.60,1.60
2008.12.15 10:20:18.030,1.36275,1.3633,1.60,1.60
2008.12.15 10:20:19.490,1.3628,1.3633,1.60,1.60
2008.12.15 10:20:19.720,1.36275,1.3633,3.20,1.60
2008.12.15 10:20:21.570,1.3628,1.3633,3.20,1.60
2008.12.15 10:20:21.859,1.36295,1.3634,1.60,3.20
2008.12.15 10:20:22.549,1.363,1.3634,1.60,1.60
2008.12.15 10:20:24.379,1.363,1.36335,1.60,1.60
2008.12.15 10:20:25.558,1.36295,1.36355,3.20,10.40
2008.12.15 10:20:25.778,1.36295,1.3635,3.20,3.20
2008.12.15 10:20:25.839,1.36295,1.3634,3.20,1.60
2008.12.15 10:20:25.948,1.363,1.36335,1.60,1.60
2008.12.15 10:20:26.249,1.36285,1.36335,3.20,1.60
2008.12.15 10:20:26.308,1.36295,1.36345,1.60,11.20
2008.12.15 10:20:26.428,1.36295,1.3634,3.20,1.60
2008.12.15 10:20:26.938,1.36295,1.3634,1.60,1.60
2008.12.15 10:20:29.917,1.36295,1.3636,1.60,13.60
2008.12.15 10:20:30.087,1.36305,1.36355,1.60,5.60
2008.12.15 10:20:30.357,1.36305,1.3635,1.60,3.20
2008.12.15 10:20:30.537,1.36305,1.36365,1.60,14.40
2008.12.15 10:20:30.707,1.36305,1.3636,1.60,4.80
2008.12.15 10:20:30.917,1.36305,1.36355,1.60,3.20
2008.12.15 10:20:32.577,1.36305,1.36355,1.60,1.60
2008.12.15 10:20:32.747,1.36305,1.3637,1.60,9.40
2008.12.15 10:20:35.436,1.36305,1.3637,1.60,3.20
2008.12.15 10:20:35.736,1.36315,1.3637,1.60,3.20
2008.12.15 10:20:36.036,1.36315,1.3638,1.60,6.40
2008.12.15 10:20:36.326,1.3632,1.36375,1.60,1.60
2008.12.15 10:20:36.965,1.3632,1.36375,3.20,1.60
2008.12.15 10:20:37.806,1.36335,1.36385,1.60,9.60
2008.12.15 10:20:40.855,1.3634,1.36385,1.60,1.60
2008.12.15 10:20:43.374,1.36355,1.364,1.60,6.40
2008.12.15 10:20:44.074,1.3636,1.3639,1.60,1.60
2008.12.15 10:20:44.354,1.3635,1.3639,4.80,1.60
2008.12.15 10:20:45.114,1.3635,1.3639,3.20,1.60
2008.12.15 10:20:45.284,1.36355,1.364,1.60,3.20
2008.12.15 10:20:45.594,1.36345,1.36395,4.80,1.60
2008.12.15 10:20:45.933,1.3635,1.36395,1.60,1.60
2008.12.15 10:20:46.053,1.3636,1.36395,1.60,1.60
2008.12.15 10:20:46.843,1.3636,1.3641,1.60,3.20
2008.12.15 10:20:48.553,1.3637,1.36405,1.60,1.60
2008.12.15 10:20:48.893,1.3637,1.36415,1.60,3.20
2008.12.15 10:20:49.863,1.3637,1.36405,1.60,1.60
2008.12.15 10:20:50.212,1.3637,1.36415,1.60,3.20
2008.12.15 10:20:53.092,1.3637,1.36395,1.60,1.60
2008.12.15 10:20:53.321,1.36355,1.36395,1.60,1.60
2008.12.15 10:20:54.861,1.3636,1.36405,1.60,4.80
2008.12.15 10:20:55.131,1.36365,1.36415,1.60,12.80
2008.12.15 10:20:55.541,1.3636,1.364,1.60,1.60
2008.12.15 10:20:57.901,1.36345,1.36385,3.20,1.60
2008.12.15 10:20:58.191,1.36345,1.364,1.60,3.20
2008.12.15 10:20:58.551,1.3634,1.3638,1.60,1.60
2008.12.15 10:20:58.781,1.36355,1.36405,1.60,3.20
2008.12.15 10:20:59.190,1.3633,1.36415,8.80,6.40
2008.12.15 10:20:59.650,1.36325,1.36385,7.40,1.60
2008.12.15 10:20:59.990,1.36325,1.36385,1.60,1.60
2008.12.15 10:21:02.820,1.36325,1.3637,1.60,1.60
2008.12.15 10:21:03.059,1.36335,1.3638,1.60,3.20
2008.12.15 10:21:03.909,1.3632,1.3637,3.20,1.60
2008.12.15 10:21:04.259,1.3632,1.3637,1.60,1.60
2008.12.15 10:21:05.909,1.3632,1.36355,1.60,2.40
2008.12.15 10:21:06.258,1.36305,1.3634,6.60,1.60
2008.12.15 10:21:06.608,1.3628,1.3635,6.40,5.60
2008.12.15 10:21:06.899,1.3628,1.36345,1.60,4.80
2008.12.15 10:21:07.198,1.3627,1.36335,3.20,1.60
2008.12.15 10:21:07.558,1.36285,1.36325,1.60,1.60
2008.12.15 10:21:07.898,1.36285,1.36325,1.60,1.60
2008.12.15 10:21:08.298,1.36275,1.36325,1.60,1.60
2008.12.15 10:21:08.668,1.36285,1.36335,1.60,5.60
2008.12.15 10:21:08.938,1.36285,1.36335,1.60,5.60
2008.12.15 10:21:09.218,1.36285,1.36335,1.60,6.40
2008.12.15 10:21:09.608,1.3628,1.36345,1.60,12.00
2008.12.15 10:21:10.008,1.36295,1.36335,1.60,8.80
2008.12.15 10:21:10.467,1.3628,1.36335,3.20,1.60
2008.12.15 10:21:10.947,1.36295,1.36335,1.60,1.60
2008.12.15 10:21:11.168,1.3628,1.3632,8.80,1.60
2008.12.15 10:21:11.337,1.36285,1.36335,1.60,6.40
2008.12.15 10:21:11.867,1.36285,1.3633,1.60,1.60
2008.12.15 10:21:12.207,1.3628,1.3632,1.60,1.60
2008.12.15 10:21:12.787,1.3627,1.36315,3.20,1.60
2008.12.15 10:21:13.137,1.3627,1.36325,4.80,8.80
2008.12.15 10:21:13.367,1.3627,1.36325,3.20,4.80
2008.12.15 10:21:13.707,1.3627,1.36325,3.20,1.60
2008.12.15 10:21:14.107,1.3627,1.3632,3.20,7.20
2008.12.15 10:21:14.447,1.3627,1.36305,3.20,1.60
2008.12.15 10:21:14.686,1.3627,1.36315,3.20,6.40
2008.12.15 10:21:15.217,1.3627,1.363,3.20,1.60
2008.12.15 10:21:15.626,1.3627,1.36315,3.20,15.20
2008.12.15 10:21:15.796,1.3627,1.363,3.20,1.60
2008.12.15 10:21:16.796,1.3627,1.36295,3.20,1.60
2008.12.15 10:21:17.776,1.36235,1.36295,1.60,3.20
2008.12.15 10:21:18.186,1.36225,1.36285,1.60,1.60
2008.12.15 10:21:18.356,1.3622,1.3628,1.60,1.60
2008.12.15 10:21:18.826,1.36235,1.3629,1.60,8.80
2008.12.15 10:21:19.266,1.3626,1.36285,3.20,1.60
2008.12.15 10:21:19.625,1.36225,1.3628,1.60,1.60
2008.12.15 10:21:21.365,1.36245,1.363,1.60,15.20
2008.12.15 10:21:21.655,1.3626,1.36285,1.60,1.60
2008.12.15 10:21:22.055,1.36265,1.36325,1.60,12.80
2008.12.15 10:21:22.345,1.3627,1.3632,3.20,1.60
2008.12.15 10:21:22.624,1.36275,1.3633,1.60,6.40
2008.12.15 10:21:23.044,1.36275,1.36325,1.60,4.80
2008.12.15 10:21:23.275,1.36275,1.36325,1.60,3.20
2008.12.15 10:21:23.724,1.36275,1.36315,1.60,3.20
2008.12.15 10:21:24.504,1.36275,1.36315,1.60,1.60
2008.12.15 10:21:25.904,1.36275,1.3631,1.60,1.60
2008.12.15 10:21:26.134,1.3627,1.3631,3.20,1.60
2008.12.15 10:21:26.764,1.3627,1.36325,3.20,15.20
2008.12.15 10:21:26.924,1.3627,1.3632,3.20,4.80
2008.12.15 10:21:27.103,1.3627,1.36315,3.20,1.60
2008.12.15 10:21:27.573,1.3627,1.3631,3.20,1.60
2008.12.15 10:21:28.533,1.3627,1.3632,3.20,13.60
2008.12.15 10:21:28.703,1.3627,1.36315,3.20,8.80
2008.12.15 10:21:29.053,1.3627,1.36315,3.20,12.00
2008.12.15 10:21:29.233,1.3627,1.36305,3.20,1.60
2008.12.15 10:21:29.573,1.3627,1.36295,3.20,1.60
2008.12.15 10:21:30.903,1.3627,1.36285,3.20,1.60
2008.12.15 10:21:31.583,1.3623,1.36285,3.20,1.60
2008.12.15 10:21:32.532,1.3623,1.3628,3.20,1.60
2008.12.15 10:21:32.922,1.3624,1.3628,3.20,3.20
2008.12.15 10:21:33.032,1.3624,1.3627,1.60,1.60
2008.12.15 10:21:33.202,1.3624,1.3628,1.60,3.20
2008.12.15 10:21:33.762,1.36245,1.3628,1.60,1.60
2008.12.15 10:21:35.051,1.3625,1.3631,1.60,3.20
2008.12.15 10:21:35.162,1.3625,1.3632,1.60,6.40
2008.12.15 10:21:35.332,1.3625,1.3632,1.60,3.20
2008.12.15 10:21:35.692,1.3625,1.3633,1.60,12.00
2008.12.15 10:21:35.872,1.3625,1.36325,8.80,4.80
2008.12.15 10:21:36.611,1.3625,1.36305,8.80,1.60
2008.12.15 10:21:36.851,1.3625,1.36305,4.80,1.60
2008.12.15 10:21:37.081,1.3625,1.36305,1.60,1.60
2008.12.15 10:21:38.781,1.3625,1.36315,1.60,9.60
2008.12.15 10:21:39.181,1.3625,1.36315,1.60,3.20
2008.12.15 10:21:39.450,1.3625,1.36325,5.60,12.00
2008.12.15 10:21:39.900,1.3625,1.3632,8.80,4.80
2008.12.15 10:21:45.430,1.3626,1.36315,1.60,1.60
2008.12.15 10:21:46.219,1.36275,1.36335,1.60,13.60
2008.12.15 10:21:46.439,1.36275,1.3633,1.60,4.80
2008.12.15 10:21:46.799,1.36275,1.3633,1.60,1.60
2008.12.15 10:21:47.719,1.3628,1.3633,1.60,1.60
2008.12.15 10:21:54.417,1.3629,1.3633,1.60,3.20
2008.12.15 10:21:54.997,1.3629,1.3633,1.60,1.60
2008.12.15 10:21:55.177,1.3629,1.36345,1.60,8.00
2008.12.15 10:21:55.397,1.3628,1.3633,1.60,1.60
2008.12.15 10:21:56.487,1.3629,1.3633,1.60,1.60
2008.12.15 10:21:57.107,1.3628,1.3633,1.60,1.60
2008.12.15 10:22:01.355,1.3628,1.3633,1.60,3.20
2008.12.15 10:22:02.315,1.3628,1.3633,1.60,1.60
2008.12.15 10:22:02.605,1.3628,1.3633,1.60,3.20
2008.12.15 10:22:03.465,1.3628,1.3633,1.60,4.80
2008.12.15 10:22:06.834,1.3628,1.3632,1.60,3.20
2008.12.15 10:22:07.414,1.3628,1.36315,1.60,1.60
2008.12.15 10:22:08.344,1.3628,1.36325,1.60,3.20
2008.12.15 10:22:08.693,1.3628,1.36335,1.60,6.40
2008.12.15 10:22:11.463,1.3628,1.3633,1.60,4.80
2008.12.15 10:22:11.693,1.3628,1.3633,1.60,3.20
2008.12.15 10:22:11.873,1.3628,1.36325,1.60,1.60
2008.12.15 10:22:11.983,1.3628,1.3633,1.60,1.60
2008.12.15 10:22:14.482,1.3628,1.3633,1.60,3.20
2008.12.15 10:22:14.812,1.3628,1.36325,1.60,1.60
2008.12.15 10:22:25.680,1.3628,1.36315,1.60,1.60
2008.12.15 10:22:26.139,1.36285,1.36325,1.60,3.20
2008.12.15 10:22:26.619,1.36285,1.36325,1.60,4.80
2008.12.15 10:22:26.969,1.3629,1.3632,1.60,1.60
2008.12.15 10:22:27.429,1.36265,1.36305,4.80,1.60
2008.12.15 10:22:27.829,1.36255,1.363,1.60,1.60
2008.12.15 10:22:28.519,1.3625,1.3628,1.60,1.60
2008.12.15 10:22:30.608,1.3625,1.3628,1.60,3.20
2008.12.15 10:22:30.898,1.36235,1.36265,5.00,1.60
2008.12.15 10:22:31.358,1.3622,1.36265,3.20,1.60
2008.12.15 10:22:31.648,1.3622,1.36275,3.20,1.60
2008.12.15 10:22:35.447,1.36235,1.36275,1.60,4.80
2008.12.15 10:22:35.727,1.3623,1.36265,1.60,1.60
2008.12.15 10:22:40.876,1.36215,1.36275,8.00,5.60
2008.12.15 10:22:41.216,1.3624,1.36275,1.60,5.60
2008.12.15 10:22:41.636,1.36245,1.3631,1.60,3.20
2008.12.15 10:22:42.036,1.3624,1.36325,1.60,2.40
2008.12.15 10:22:42.335,1.3625,1.36325,3.20,5.60
2008.12.15 10:22:43.605,1.36265,1.36315,1.60,5.60
2008.12.15 10:22:43.935,1.36255,1.36315,1.60,5.60
2008.12.15 10:22:44.385,1.3624,1.3631,3.40,2.40
2008.12.15 10:22:44.675,1.3626,1.3631,1.80,1.60
2008.12.15 10:22:45.015,1.3626,1.363,1.80,4.00
2008.12.15 10:22:45.415,1.3622,1.3628,1.80,2.40
2008.12.15 10:22:45.775,1.36215,1.3628,1.60,2.40
2008.12.15 10:22:46.634,1.3624,1.3627,1.60,2.40
2008.12.15 10:22:47.275,1.3624,1.36275,1.60,1.60
2008.12.15 10:22:49.594,1.3623,1.36275,3.20,1.60
2008.12.15 10:22:50.863,1.3623,1.36275,1.60,1.60
2008.12.15 10:22:51.203,1.36235,1.36275,1.60,1.60
2008.12.15 10:22:59.481,1.3623,1.3627,1.60,1.60
2008.12.15 10:22:59.651,1.36235,1.36275,1.60,1.60
2008.12.15 10:22:59.881,1.3623,1.3627,1.60,1.60
2008.12.15 10:23:00.051,1.3622,1.3626,1.60,1.60
2008.12.15 10:23:11.588,1.3623,1.36265,1.60,1.60
2008.12.15 10:23:12.738,1.3622,1.3626,3.20,1.60
2008.12.15 10:23:13.038,1.3623,1.3627,1.60,1.60
2008.12.15 10:23:13.378,1.3624,1.3628,1.60,3.20
2008.12.15 10:23:13.728,1.3624,1.3629,1.60,2.40
2008.12.15 10:23:13.948,1.3624,1.36295,1.60,1.60
2008.12.15 10:23:15.867,1.36245,1.36305,1.60,8.80
2008.12.15 10:23:16.147,1.36245,1.3631,1.60,3.20
2008.12.15 10:23:16.437,1.36245,1.36315,1.60,12.00
2008.12.15 10:23:21.017,1.36245,1.36295,1.60,1.60
2008.12.15 10:23:21.306,1.3624,1.363,8.80,3.20
2008.12.15 10:23:21.526,1.3624,1.363,4.80,3.20
2008.12.15 10:23:21.636,1.3624,1.363,1.60,3.20
2008.12.15 10:23:21.976,1.3624,1.363,1.60,1.60
2008.12.15 10:23:25.635,1.36245,1.36295,1.60,1.60
2008.12.15 10:23:25.925,1.3624,1.36295,1.60,1.60
2008.12.15 10:23:32.393,1.3624,1.36295,3.20,1.60
2008.12.15 10:23:32.793,1.3625,1.36295,1.60,1.60
2008.12.15 10:23:34.383,1.3624,1.36295,3.20,1.60
2008.12.15 10:23:38.782,1.3625,1.36295,1.60,1.60
2008.12.15 10:23:40.221,1.3625,1.36295,1.60,4.00
2008.12.15 10:23:41.301,1.36245,1.36295,1.60,2.40
2008.12.15 10:23:41.591,1.3624,1.36295,1.60,4.00
2008.12.15 10:23:41.651,1.3624,1.36295,1.60,1.60
2008.12.15 10:23:42.001,1.3624,1.36295,1.60,4.00
2008.12.15 10:23:43.331,1.3624,1.36295,3.20,4.00
2008.12.15 10:23:48.190,1.3624,1.36295,3.20,2.40
2008.12.15 10:23:48.310,1.3624,1.36295,1.60,2.40
2008.12.15 10:23:48.429,1.3624,1.363,1.60,5.60
2008.12.15 10:23:48.529,1.36245,1.363,1.60,5.60
2008.12.15 10:23:48.769,1.36245,1.363,1.60,2.40
2008.12.15 10:23:48.829,1.3624,1.3629,1.60,4.00
2008.12.15 10:23:49.469,1.3624,1.3629,3.20,4.00
2008.12.15 10:23:50.359,1.3624,1.3629,3.20,1.60
2008.12.15 10:24:06.665,1.3625,1.36295,1.60,1.60
2008.12.15 10:24:06.965,1.3625,1.36295,3.20,1.60
2008.12.15 10:24:07.315,1.3625,1.36295,1.60,1.60
2008.12.15 10:24:08.285,1.3625,1.36295,3.20,1.60
2008.12.15 10:24:09.104,1.3625,1.36295,1.60,1.60
2008.12.15 10:24:09.334,1.3625,1.3629,1.60,1.60
2008.12.15 10:24:09.664,1.3625,1.36295,1.60,1.60
2008.12.15 10:24:12.624,1.3626,1.36295,1.60,1.60
2008.12.15 10:24:13.273,1.3625,1.36295,1.60,1.60
2008.12.15 10:24:15.133,1.3625,1.363,1.60,3.20
2008.12.15 10:24:15.543,1.36245,1.3629,1.60,1.60
2008.12.15 10:24:15.923,1.3624,1.3628,1.60,1.60
2008.12.15 10:24:16.273,1.36245,1.3629,1.60,1.60
2008.12.15 10:24:16.883,1.36255,1.3629,1.60,1.60
2008.12.15 10:24:17.143,1.36255,1.36295,1.60,1.60
2008.12.15 10:24:19.102,1.3627,1.36295,1.60,1.60
2008.12.15 10:24:19.282,1.3627,1.3631,1.60,3.20
2008.12.15 10:24:19.622,1.36285,1.36325,1.60,8.00
2008.12.15 10:24:19.912,1.36285,1.3633,1.60,5.60
2008.12.15 10:24:20.202,1.36285,1.36335,1.60,1.60
2008.12.15 10:24:21.002,1.36285,1.3633,1.60,3.20
2008.12.15 10:24:21.521,1.36295,1.36345,1.60,1.60
2008.12.15 10:24:21.981,1.36305,1.36355,1.60,8.80
2008.12.15 10:24:22.391,1.36305,1.3636,1.60,1.60
2008.12.15 10:24:22.621,1.36305,1.3636,1.60,3.20
2008.12.15 10:24:22.851,1.36305,1.3636,1.60,1.60
2008.12.15 10:24:23.071,1.363,1.36345,1.60,1.60
2008.12.15 10:24:23.361,1.36305,1.3636,1.60,8.80
2008.12.15 10:24:23.601,1.36295,1.3636,3.20,5.60
2008.12.15 10:24:23.831,1.36295,1.36345,1.60,1.60
2008.12.15 10:24:24.181,1.3629,1.3635,8.80,1.60
2008.12.15 10:24:24.471,1.3629,1.3635,1.60,1.60
2008.12.15 10:24:24.921,1.3629,1.36345,1.60,1.60
2008.12.15 10:24:25.431,1.3629,1.3634,1.60,1.60
2008.12.15 10:24:25.850,1.36285,1.3634,6.60,1.60
2008.12.15 10:24:26.011,1.36285,1.3634,1.60,1.60
2008.12.15 10:24:26.231,1.36285,1.3634,3.20,1.60
2008.12.15 10:24:27.460,1.36285,1.36335,3.20,1.60
2008.12.15 10:24:29.230,1.363,1.3634,1.60,1.60
2008.12.15 10:24:31.249,1.363,1.36335,1.60,1.60
2008.12.15 10:24:31.579,1.363,1.3634,1.60,1.60
2008.12.15 10:24:32.049,1.36295,1.36335,1.60,1.60
2008.12.15 10:24:32.509,1.3629,1.36325,6.40,1.60
2008.12.15 10:24:32.679,1.36295,1.36335,1.60,1.60
2008.12.15 10:24:32.799,1.3631,1.36345,1.60,1.60
2008.12.15 10:24:33.079,1.3632,1.3635,1.60,1.60
2008.12.15 10:24:33.249,1.3632,1.3636,1.60,1.60
2008.12.15 10:24:34.448,1.3632,1.3636,3.20,1.60
2008.12.15 10:24:34.788,1.3632,1.3636,1.60,1.60
2008.12.15 10:24:35.728,1.3631,1.3636,3.20,1.60
2008.12.15 10:24:39.567,1.3631,1.3636,1.60,1.60
2008.12.15 10:24:39.797,1.36325,1.36365,1.60,1.60
2008.12.15 10:24:40.607,1.3631,1.3636,1.60,1.60
2008.12.15 10:24:41.897,1.36325,1.36365,1.60,1.60
2008.12.15 10:24:42.067,1.36325,1.36365,1.60,3.20
2008.12.15 10:24:42.227,1.36325,1.36365,1.60,4.80
2008.12.15 10:24:42.397,1.36325,1.36365,1.60,3.20
2008.12.15 10:24:43.236,1.36325,1.36365,1.60,4.80
2008.12.15 10:24:44.096,1.36325,1.36365,1.60,3.20
2008.12.15 10:24:44.436,1.36325,1.36365,1.60,1.60
2008.12.15 10:24:44.676,1.36325,1.36365,1.60,3.20
2008.12.15 10:24:44.966,1.36325,1.36355,1.60,1.60
2008.12.15 10:24:45.306,1.36325,1.3636,1.60,3.20
2008.12.15 10:24:45.486,1.363,1.3635,5.00,1.60
2008.12.15 10:24:45.896,1.363,1.3635,1.60,1.60
2008.12.15 10:24:47.435,1.363,1.3634,1.60,1.60
2008.12.15 10:24:49.785,1.36295,1.3633,1.60,1.60
2008.12.15 10:24:49.965,1.36285,1.36325,3.20,1.60
2008.12.15 10:24:50.254,1.3628,1.3632,1.60,1.60
2008.12.15 10:24:51.524,1.36285,1.36325,1.60,1.60
2008.12.15 10:24:51.754,1.36285,1.3632,1.60,1.60
2008.12.15 10:24:52.544,1.3629,1.3633,1.60,1.60
2008.12.15 10:24:52.964,1.3628,1.3632,1.60,1.60
2008.12.15 10:24:56.633,1.36275,1.3631,1.60,1.60
2008.12.15 10:24:59.662,1.36265,1.36305,1.60,1.60
2008.12.15 10:24:59.842,1.36275,1.3631,1.60,1.60
2008.12.15 10:25:05.871,1.36265,1.36305,1.60,1.60
2008.12.15 10:25:06.750,1.36275,1.3631,1.60,1.60
2008.12.15 10:25:07.950,1.36265,1.36305,1.60,1.60
2008.12.15 10:25:08.410,1.36275,1.3631,1.60,1.60
2008.12.15 10:25:18.928,1.3628,1.3632,1.60,1.60
2008.12.15 10:25:24.946,1.36275,1.36315,1.60,1.60
2008.12.15 10:25:27.616,1.36265,1.36305,1.60,1.60
2008.12.15 10:25:32.344,1.36265,1.363,1.60,1.60
2008.12.15 10:25:33.355,1.36265,1.3631,1.60,3.20
2008.12.15 10:25:35.375,1.3626,1.363,1.60,1.60
2008.12.15 10:25:42.442,1.3626,1.36315,1.60,9.60
2008.12.15 10:25:54.589,1.3626,1.3631,1.60,3.20
2008.12.15 10:25:56.169,1.3626,1.3631,1.60,4.80
2008.12.15 10:25:56.489,1.36255,1.36295,1.60,1.60
2008.12.15 10:25:56.778,1.3626,1.36315,1.60,10.40
2008.12.15 10:25:57.068,1.3626,1.3631,1.60,6.40
2008.12.15 10:25:57.238,1.3626,1.3631,1.60,3.20
2008.12.15 10:25:57.698,1.3626,1.3631,1.60,1.60
2008.12.15 10:25:58.498,1.3626,1.3631,1.60,3.20
2008.12.15 10:25:58.778,1.3626,1.3631,1.60,1.60
2008.12.15 10:25:59.678,1.3627,1.3631,1.60,1.60
2008.12.15 10:26:02.967,1.3626,1.363,1.60,1.60
2008.12.15 10:26:05.757,1.36275,1.363,4.00,1.60
2008.12.15 10:26:05.997,1.3629,1.36345,1.60,4.80
2008.12.15 10:26:06.476,1.36285,1.36335,1.60,1.60
2008.12.15 10:26:08.676,1.3626,1.3632,4.80,3.20
2008.12.15 10:26:08.796,1.36255,1.36315,1.60,1.60
2008.12.15 10:26:09.266,1.36245,1.36315,6.40,1.60
2008.12.15 10:26:09.496,1.36245,1.36315,3.20,1.60
2008.12.15 10:26:09.666,1.36245,1.36315,1.60,1.60
2008.12.15 10:26:09.945,1.3625,1.36315,1.60,4.80
2008.12.15 10:26:10.185,1.3625,1.36315,1.60,10.40
2008.12.15 10:26:11.845,1.36265,1.36315,1.60,8.00
2008.12.15 10:26:12.195,1.36265,1.36315,1.60,4.80
2008.12.15 10:26:12.475,1.36265,1.36315,1.60,1.60
2008.12.15 10:26:20.123,1.36275,1.36325,1.60,8.80
2008.12.15 10:26:20.413,1.36275,1.3632,1.60,3.20
2008.12.15 10:26:20.853,1.36275,1.3633,1.60,8.80
2008.12.15 10:26:21.373,1.3628,1.3633,1.60,7.20
2008.12.15 10:26:21.663,1.3628,1.3633,1.60,4.00
2008.12.15 10:26:25.332,1.3628,1.3633,1.60,1.60
2008.12.15 10:26:25.742,1.3627,1.3632,7.20,1.60
2008.12.15 10:26:26.261,1.3626,1.3632,1.60,1.60
2008.12.15 10:26:30.190,1.3626,1.36305,1.60,5.60
2008.12.15 10:26:31.160,1.36275,1.36315,1.60,5.60
2008.12.15 10:26:31.440,1.36275,1.3631,1.60,3.20
2008.12.15 10:26:31.720,1.36285,1.3632,1.60,5.60
2008.12.15 10:26:32.060,1.36275,1.36315,1.60,3.20
2008.12.15 10:26:32.420,1.36275,1.3631,1.60,3.20
2008.12.15 10:26:34.110,1.36285,1.3631,1.60,3.20
2008.12.15 10:26:34.520,1.36275,1.3631,1.60,3.20
2008.12.15 10:26:34.759,1.36265,1.36305,1.60,2.40
2008.12.15 10:26:35.159,1.36265,1.36305,1.60,5.60
2008.12.15 10:26:35.399,1.36265,1.36305,1.60,2.40
2008.12.15 10:26:36.199,1.36265,1.36295,1.60,2.40
2008.12.15 10:26:40.628,1.36265,1.36305,1.60,3.20
2008.12.15 10:26:47.766,1.3625,1.36285,1.60,1.60
2008.12.15 10:26:50.376,1.36225,1.3627,6.40,1.60
2008.12.15 10:26:50.796,1.36225,1.3627,1.60,1.60
2008.12.15 10:26:53.695,1.36215,1.36265,1.60,1.60
2008.12.15 10:26:57.924,1.3622,1.36275,1.60,9.60
2008.12.15 10:26:58.224,1.36235,1.36285,3.20,12.00
2008.12.15 10:26:58.574,1.3622,1.36275,4.80,1.60
2008.12.15 10:26:58.854,1.3622,1.36275,1.60,1.60
2008.12.15 10:26:58.973,1.36225,1.36285,1.60,12.80
2008.12.15 10:26:59.424,1.36225,1.3628,1.60,1.60
2008.12.15 10:26:59.773,1.3622,1.36275,1.60,1.60
2008.12.15 10:27:04.263,1.36225,1.36275,1.60,1.60
2008.12.15 10:27:06.782,1.36225,1.36275,3.20,1.60
2008.12.15 10:27:06.942,1.36235,1.36285,1.60,6.40
2008.12.15 10:27:07.292,1.36225,1.36275,1.60,1.60
2008.12.15 10:27:07.632,1.36235,1.36285,1.60,3.20
2008.12.15 10:27:10.301,1.3624,1.36295,1.60,6.40
2008.12.15 10:27:13.180,1.36255,1.36295,1.60,1.60
2008.12.15 10:27:13.360,1.3624,1.3629,1.60,1.60
2008.12.15 10:27:13.660,1.3625,1.3629,1.60,1.60
2008.12.15 10:27:14.410,1.3624,1.3629,3.20,1.60
2008.12.15 10:27:14.870,1.36255,1.363,1.60,3.20
2008.12.15 10:27:22.738,1.3625,1.3629,1.60,1.60
2008.12.15 10:27:24.927,1.3626,1.36305,1.60,6.40
2008.12.15 10:27:30.936,1.36255,1.36295,1.60,1.60
2008.12.15 10:27:31.266,1.3625,1.3629,1.60,1.60
2008.12.15 10:27:32.016,1.36255,1.36305,1.60,6.40
2008.12.15 10:27:32.236,1.36255,1.363,3.20,1.60
2008.12.15 10:27:32.956,1.3626,1.3632,1.60,10.40
2008.12.15 10:27:33.425,1.36265,1.36315,1.60,1.60
2008.12.15 10:27:35.605,1.36265,1.36315,3.20,1.60
2008.12.15 10:27:36.535,1.36265,1.36315,1.60,1.60
2008.12.15 10:27:36.995,1.3627,1.36315,1.60,1.60
2008.12.15 10:27:37.334,1.3626,1.36315,3.20,1.60
2008.12.15 10:27:37.674,1.36265,1.36315,1.60,1.60
2008.12.15 10:27:38.654,1.3628,1.36325,1.60,3.20
2008.12.15 10:27:40.214,1.36275,1.36315,1.60,1.60
2008.12.15 10:27:42.243,1.36285,1.3633,1.60,8.00
2008.12.15 10:27:42.913,1.3629,1.3633,1.60,1.60
2008.12.15 10:27:44.243,1.36295,1.3634,1.60,10.40
2008.12.15 10:27:45.172,1.3631,1.36355,1.60,7.20
2008.12.15 10:27:45.232,1.36325,1.36355,1.60,4.80
2008.12.15 10:27:45.522,1.36325,1.36355,1.60,3.20
2008.12.15 10:27:45.872,1.36335,1.36405,1.60,7.20
2008.12.15 10:27:46.162,1.36335,1.364,1.60,2.40
2008.12.15 10:27:46.502,1.3634,1.3641,1.60,5.60
2008.12.15 10:27:47.242,1.3634,1.364,1.60,5.60
2008.12.15 10:27:48.092,1.36335,1.36395,3.40,2.40
2008.12.15 10:27:48.912,1.3634,1.36405,6.40,10.40
2008.12.15 10:27:49.072,1.36355,1.364,1.60,5.60
2008.12.15 10:27:49.312,1.36355,1.364,1.60,3.20
2008.12.15 10:27:49.431,1.3637,1.3642,1.60,7.20
2008.12.15 10:27:49.721,1.3637,1.3642,1.60,4.80
2008.12.15 10:27:50.112,1.3638,1.36435,1.60,8.80
2008.12.15 10:27:50.461,1.3638,1.3643,1.60,1.60
2008.12.15 10:27:51.191,1.36385,1.3642,2.60,1.60
2008.12.15 10:27:51.611,1.36385,1.3643,1.60,6.40
2008.12.15 10:27:51.961,1.3639,1.3643,1.60,1.60
2008.12.15 10:27:52.321,1.364,1.3644,1.60,6.40
2008.12.15 10:27:53.060,1.36415,1.3644,1.60,1.60
2008.12.15 10:27:53.520,1.36415,1.365,1.60,12.00
2008.12.15 10:27:53.700,1.36415,1.36495,1.60,3.20
2008.12.15 10:27:53.870,1.36415,1.3651,1.60,12.00
2008.12.15 10:27:54.330,1.36425,1.36505,1.60,7.20
2008.12.15 10:27:54.660,1.3644,1.36485,1.60,1.60
2008.12.15 10:27:55.300,1.3643,1.36475,3.40,1.60
2008.12.15 10:27:55.640,1.3644,1.36495,1.60,10.40
2008.12.15 10:27:56.050,1.36445,1.3649,1.60,1.60
2008.12.15 10:27:56.450,1.36445,1.36505,1.60,13.60
2008.12.15 10:27:56.810,1.36445,1.36485,1.60,1.60
2008.12.15 10:27:57.900,1.36445,1.36495,1.60,8.00
2008.12.15 10:27:58.489,1.36435,1.36485,1.60,1.60
2008.12.15 10:27:58.829,1.3642,1.3647,3.20,1.60
2008.12.15 10:27:59.129,1.36415,1.36465,1.60,1.60
2008.12.15 10:27:59.419,1.3643,1.36485,1.60,3.20
2008.12.15 10:27:59.759,1.36415,1.36465,3.20,1.60
2008.12.15 10:28:00.389,1.3641,1.3646,5.80,1.60
2008.12.15 10:28:00.969,1.36425,1.3647,1.60,6.40
2008.12.15 10:28:01.259,1.364,1.36455,5.00,1.60
2008.12.15 10:28:01.549,1.36395,1.36445,1.80,1.60
2008.12.15 10:28:01.958,1.36385,1.3644,4.80,1.60
2008.12.15 10:28:02.488,1.3639,1.36455,3.20,8.80
2008.12.15 10:28:02.938,1.36385,1.3645,1.60,4.80
2008.12.15 10:28:03.348,1.36385,1.36445,1.60,1.60
2008.12.15 10:28:03.568,1.3638,1.36455,7.20,16.80
2008.12.15 10:28:03.688,1.3639,1.3644,1.60,3.20
2008.12.15 10:28:03.858,1.3639,1.36435,1.60,1.60
2008.12.15 10:28:04.658,1.36375,1.36435,6.60,1.60
2008.12.15 10:28:05.068,1.36375,1.3645,5.60,10.40
2008.12.15 10:28:05.478,1.36385,1.3645,1.60,3.20
2008.12.15 10:28:06.207,1.36385,1.3645,1.60,1.60
2008.12.15 10:28:06.957,1.36385,1.3645,1.60,3.20
2008.12.15 10:28:07.307,1.3638,1.3644,4.80,1.60
2008.12.15 10:28:07.707,1.3638,1.36425,1.60,1.60
2008.12.15 10:28:08.047,1.36375,1.3642,1.60,1.60
2008.12.15 10:28:09.666,1.3638,1.3642,1.60,1.60
2008.12.15 10:28:11.846,1.36375,1.36415,1.60,3.20
2008.12.15 10:28:12.306,1.3636,1.364,3.20,1.60
2008.12.15 10:28:12.646,1.36325,1.36395,5.00,1.60
2008.12.15 10:28:13.036,1.36325,1.36405,6.60,4.80
2008.12.15 10:28:13.385,1.36325,1.364,3.40,1.60
2008.12.15 10:28:13.776,1.36335,1.364,1.60,3.20
2008.12.15 10:28:14.186,1.36345,1.364,1.60,3.20
2008.12.15 10:28:14.355,1.36335,1.364,9.00,3.20
2008.12.15 10:28:14.575,1.36335,1.364,5.00,3.20
2008.12.15 10:28:14.815,1.36345,1.364,4.00,1.60
2008.12.15 10:28:15.105,1.36345,1.36385,5.80,1.60
2008.12.15 10:28:15.335,1.3635,1.36385,1.80,1.60
2008.12.15 10:28:15.795,1.36335,1.36385,1.60,1.60
2008.12.15 10:28:16.155,1.3633,1.3637,3.20,1.60
2008.12.15 10:28:16.485,1.36305,1.36365,7.20,1.60
2008.12.15 10:28:16.835,1.36305,1.36365,3.20,1.60
2008.12.15 10:28:17.185,1.36305,1.36365,1.60,1.60
2008.12.15 10:28:23.583,1.3631,1.36365,1.60,3.20
2008.12.15 10:28:26.152,1.36305,1.3636,1.60,1.60
2008.12.15 10:28:26.382,1.36305,1.36355,1.60,2.40
2008.12.15 10:28:26.732,1.363,1.3635,1.80,2.40
2008.12.15 10:28:27.192,1.363,1.3634,1.60,2.40
2008.12.15 10:28:28.592,1.3629,1.3634,3.20,2.40
2008.12.15 10:28:29.102,1.3629,1.3634,1.60,2.40
2008.12.15 10:28:29.452,1.36285,1.3634,3.20,2.40
2008.12.15 10:28:29.572,1.363,1.3634,1.60,2.40
2008.12.15 10:28:30.032,1.363,1.36355,1.60,5.60
2008.12.15 10:28:31.021,1.36295,1.3635,1.60,5.60
2008.12.15 10:28:31.601,1.36295,1.3635,3.20,5.60
2008.12.15 10:28:31.931,1.3631,1.3635,1.60,5.60
2008.12.15 10:28:32.391,1.3631,1.3635,1.60,2.40
2008.12.15 10:28:32.801,1.36315,1.3636,1.60,3.20
2008.12.15 10:28:33.371,1.36305,1.36355,1.60,1.60
2008.12.15 10:28:33.761,1.363,1.3635,3.20,2.40
2008.12.15 10:28:34.031,1.36285,1.3636,9.00,8.80
2008.12.15 10:28:34.391,1.36285,1.3635,3.40,5.60
2008.12.15 10:28:35.030,1.3629,1.36345,1.80,1.60
2008.12.15 10:28:35.310,1.3629,1.36345,1.80,4.00
2008.12.15 10:28:35.490,1.3628,1.36345,3.20,1.60
2008.12.15 10:28:35.880,1.36275,1.36335,4.80,1.60
2008.12.15 10:28:36.630,1.3628,1.3635,8.80,4.80
2008.12.15 10:28:37.030,1.36285,1.36345,4.00,1.60
2008.12.15 10:28:37.360,1.363,1.36345,1.60,1.60
2008.12.15 10:28:37.750,1.363,1.3634,1.60,1.60
2008.12.15 10:28:38.850,1.36275,1.36335,8.80,1.60
2008.12.15 10:28:39.140,1.36275,1.36335,10.40,1.60
2008.12.15 10:28:39.360,1.36275,1.36335,8.80,1.60
2008.12.15 10:28:39.650,1.3629,1.36365,5.80,6.40
2008.12.15 10:28:39.979,1.36305,1.36355,1.60,1.60
2008.12.15 10:28:41.279,1.3629,1.36345,3.20,1.60
2008.12.15 10:28:41.669,1.3629,1.36345,1.60,1.60
2008.12.15 10:28:42.629,1.3628,1.36335,6.40,1.60
2008.12.15 10:28:42.858,1.3628,1.36335,3.20,1.60
2008.12.15 10:28:43.139,1.36275,1.36335,1.60,1.60
2008.12.15 10:28:45.398,1.36275,1.36335,3.20,1.60
2008.12.15 10:28:46.838,1.36275,1.36335,1.60,1.60
2008.12.15 10:28:47.017,1.3627,1.3633,18.40,1.60
2008.12.15 10:28:47.317,1.3627,1.3633,11.20,1.60
2008.12.15 10:28:48.857,1.3627,1.3633,4.80,1.60
2008.12.15 10:28:49.267,1.36275,1.3633,4.00,1.60
2008.12.15 10:28:49.597,1.36275,1.3633,10.60,1.60
2008.12.15 10:28:49.827,1.3629,1.3634,1.60,3.20
2008.12.15 10:28:50.007,1.363,1.3635,1.60,5.60
2008.12.15 10:28:53.036,1.3628,1.3634,5.80,1.60
2008.12.15 10:28:53.367,1.36285,1.3634,1.80,1.60
2008.12.15 10:28:53.666,1.3628,1.3635,3.20,3.20
2008.12.15 10:28:53.836,1.36285,1.3635,1.60,1.60
2008.12.15 10:28:54.056,1.36295,1.36345,1.60,1.60
2008.12.15 10:28:54.326,1.3629,1.36355,3.20,3.20
2008.12.15 10:28:55.365,1.363,1.3635,3.20,1.60
2008.12.15 10:28:56.565,1.3629,1.3635,1.60,1.60
2008.12.15 10:28:56.965,1.36295,1.3635,3.20,1.60
2008.12.15 10:28:57.545,1.36295,1.3635,1.60,1.60
2008.12.15 10:28:57.835,1.36295,1.36365,3.20,12.00
2008.12.15 10:28:58.025,1.36295,1.3636,3.20,4.80
2008.12.15 10:28:58.325,1.36295,1.3636,3.20,1.60
2008.12.15 10:28:58.885,1.36305,1.3636,1.60,1.60
2008.12.15 10:28:59.174,1.36305,1.3636,1.60,3.20
2008.12.15 10:28:59.515,1.36295,1.3636,1.60,3.20
2008.12.15 10:28:59.804,1.36295,1.3635,1.60,1.60
2008.12.15 10:29:01.924,1.36295,1.3635,3.20,1.60
2008.12.15 10:29:02.544,1.36295,1.36365,1.60,16.80
2008.12.15 10:29:03.124,1.36295,1.3635,1.60,1.60
2008.12.15 10:29:03.634,1.36305,1.3635,1.60,1.60
2008.12.15 10:29:04.013,1.3631,1.3635,1.60,1.60
2008.12.15 10:29:04.363,1.3631,1.3635,1.60,3.20
2008.12.15 10:29:05.063,1.3631,1.3635,1.60,1.60
2008.12.15 10:29:05.573,1.363,1.36335,1.60,1.60
2008.12.15 10:29:05.803,1.3631,1.3635,1.60,3.20
2008.12.15 10:29:05.973,1.363,1.36335,1.60,1.60
2008.12.15 10:29:06.213,1.36305,1.36355,1.60,16.40
2008.12.15 10:29:06.933,1.3631,1.3635,1.60,1.60
2008.12.15 10:29:08.122,1.36295,1.3634,1.60,1.60
2008.12.15 10:29:09.822,1.36295,1.36355,3.40,3.20
2008.12.15 10:29:10.182,1.36295,1.3635,1.60,1.60
2008.12.15 10:29:10.342,1.3629,1.36345,1.60,1.60
2008.12.15 10:29:10.552,1.3629,1.36335,1.60,1.60
2008.12.15 10:29:10.832,1.3629,1.36335,1.60,3.20
2008.12.15 10:29:12.172,1.3629,1.3633,1.60,1.60
2008.12.15 10:29:12.451,1.363,1.3634,1.60,8.80
2008.12.15 10:29:12.751,1.3629,1.36335,1.60,1.60
2008.12.15 10:29:13.311,1.36285,1.3632,1.60,1.60
2008.12.15 10:29:13.941,1.36285,1.3632,1.60,3.20
2008.12.15 10:29:14.441,1.3627,1.36305,3.20,1.60
2008.12.15 10:29:14.841,1.36265,1.36305,1.60,3.20
2008.12.15 10:29:15.181,1.36265,1.36305,1.60,1.60
2008.12.15 10:29:15.901,1.3627,1.36305,6.40,1.60
2008.12.15 10:29:16.400,1.36295,1.36325,1.60,3.20
2008.12.15 10:29:16.790,1.36305,1.3639,1.60,8.80
2008.12.15 10:29:17.140,1.36325,1.3639,1.60,3.20
2008.12.15 10:29:17.523,1.36335,1.364,1.60,2.00
2008.12.15 10:29:17.930,1.3635,1.3639,3.20,9.60
2008.12.15 10:29:18.270,1.36355,1.3639,1.60,8.00
2008.12.15 10:29:19.350,1.3636,1.3639,1.60,8.00
2008.12.15 10:29:19.650,1.36355,1.3639,6.60,8.00
2008.12.15 10:29:19.940,1.36365,1.3639,1.60,8.00
2008.12.15 10:29:20.499,1.3637,1.3639,1.60,8.00
2008.12.15 10:29:20.959,1.36365,1.3639,6.60,8.00
2008.12.15 10:29:21.359,1.36355,1.3639,1.60,9.60
2008.12.15 10:29:21.819,1.36355,1.3639,1.60,8.00
2008.12.15 10:29:22.269,1.3636,1.3639,1.60,8.00
2008.12.15 10:29:22.559,1.36355,1.3639,3.20,8.00
2008.12.15 10:29:22.949,1.36355,1.3639,7.20,8.00
2008.12.15 10:29:23.289,1.36345,1.3639,10.60,8.00
2008.12.15 10:29:23.689,1.36345,1.3639,6.60,8.00
2008.12.15 10:29:23.869,1.36355,1.3639,1.60,8.00
2008.12.15 10:29:24.459,1.36355,1.3639,7.40,8.00
2008.12.15 10:29:24.629,1.36355,1.3639,3.40,8.00
2008.12.15 10:29:24.929,1.36355,1.3639,1.60,8.00
2008.12.15 10:29:25.298,1.3637,1.3639,4.00,8.00
2008.12.15 10:29:25.708,1.36375,1.3639,7.40,8.00
2008.12.15 10:29:25.999,1.36375,1.3639,1.60,8.00
2008.12.15 10:29:26.638,1.3636,1.3639,1.80,8.00
2008.12.15 10:29:26.928,1.36335,1.3639,1.60,8.00
2008.12.15 10:29:27.778,1.3633,1.3639,9.00,8.00
2008.12.15 10:29:28.978,1.3634,1.3639,1.80,8.00
2008.12.15 10:29:29.327,1.3633,1.3639,4.80,8.00
2008.12.15 10:29:32.857,1.3633,1.3639,3.20,9.60
2008.12.15 10:29:33.146,1.3633,1.3639,1.60,11.20
2008.12.15 10:29:33.486,1.3633,1.3639,4.80,8.00
2008.12.15 10:29:34.176,1.3633,1.36385,4.80,1.60
2008.12.15 10:29:34.466,1.3633,1.3638,1.60,1.60
2008.12.15 10:29:39.365,1.3633,1.3637,1.60,1.60
2008.12.15 10:29:40.245,1.36335,1.3638,1.60,3.20
2008.12.15 10:29:41.044,1.3634,1.3638,1.60,1.60
2008.12.15 10:29:41.504,1.36345,1.3639,1.60,13.60
2008.12.15 10:29:42.184,1.3633,1.3637,1.80,1.60
2008.12.15 10:29:42.454,1.3633,1.3637,1.80,3.20
2008.12.15 10:29:42.744,1.3632,1.3637,1.60,3.20
2008.12.15 10:29:43.034,1.3632,1.3637,1.60,1.60
2008.12.15 10:29:43.394,1.3632,1.3638,1.60,10.40
2008.12.15 10:29:43.914,1.36335,1.3638,1.60,5.60
2008.12.15 10:29:44.094,1.36325,1.3638,1.60,1.60
2008.12.15 10:29:44.724,1.3633,1.36395,1.60,16.80
2008.12.15 10:29:45.064,1.36335,1.3639,1.60,12.00
2008.12.15 10:29:45.364,1.36335,1.3638,1.60,1.60
2008.12.15 10:29:46.043,1.36335,1.36395,3.40,16.80
2008.12.15 10:29:46.393,1.36345,1.3639,1.60,8.00
2008.12.15 10:29:48.243,1.36345,1.3639,1.60,9.60
2008.12.15 10:29:48.652,1.36345,1.3639,1.60,11.20
2008.12.15 10:29:50.802,1.36345,1.36385,1.60,1.60
2008.12.15 10:29:51.502,1.36345,1.36395,1.60,14.40
2008.12.15 10:29:52.342,1.36345,1.3639,1.60,11.20
2008.12.15 10:29:55.281,1.36345,1.36385,1.60,1.60
2008.12.15 10:29:55.461,1.36345,1.36385,1.60,3.20
2008.12.15 10:29:58.500,1.36335,1.36375,9.00,1.60
2008.12.15 10:29:58.680,1.3634,1.36375,1.80,1.60
2008.12.15 10:29:58.740,1.3633,1.3639,1.80,18.40
2008.12.15 10:29:58.860,1.3632,1.36385,4.80,3.20
2008.12.15 10:29:59.090,1.3632,1.36385,1.60,3.20
2008.12.15 10:30:00.000,1.3632,1.36385,1.60,4.80
2008.12.15 10:30:01.550,1.3632,1.36385,1.60,6.40
2008.12.15 10:30:01.839,1.36315,1.3638,3.20,3.20
2008.12.15 10:30:02.240,1.3631,1.3638,4.80,6.40
2008.12.15 10:30:02.649,1.3631,1.3637,3.20,4.80
2008.12.15 10:30:02.929,1.36305,1.3637,1.60,4.80
2008.12.15 10:30:04.070,1.36305,1.36355,1.60,1.60
2008.12.15 10:30:04.349,1.363,1.3637,1.60,11.20
2008.12.15 10:30:04.859,1.363,1.36365,1.60,3.20
2008.12.15 10:30:05.609,1.36305,1.36365,1.60,3.20
2008.12.15 10:30:06.298,1.363,1.36375,7.20,12.00
2008.12.15 10:30:06.688,1.363,1.36365,7.20,1.60
2008.12.15 10:30:07.028,1.363,1.3635,3.20,1.60
2008.12.15 10:30:07.258,1.36295,1.3635,1.60,1.60
2008.12.15 10:30:07.778,1.36285,1.3635,3.20,1.60
2008.12.15 10:30:08.058,1.3629,1.3636,1.60,10.40
2008.12.15 10:30:08.438,1.3629,1.36355,1.60,3.20
2008.12.15 10:30:08.828,1.36285,1.3635,6.60,1.60
2008.12.15 10:30:09.128,1.36285,1.3635,1.60,1.60
2008.12.15 10:30:09.468,1.3629,1.3635,4.00,1.60
2008.12.15 10:30:09.768,1.3629,1.3635,7.20,1.60
2008.12.15 10:30:10.657,1.36285,1.3634,8.80,1.60
2008.12.15 10:30:11.937,1.36285,1.3634,4.80,1.60
2008.12.15 10:30:12.267,1.3628,1.3633,4.00,1.60
2008.12.15 10:30:12.647,1.36285,1.3634,4.00,3.20
2008.12.15 10:30:13.007,1.3628,1.3635,4.00,8.80
2008.12.15 10:30:13.397,1.3628,1.36345,7.20,4.80
2008.12.15 10:30:13.777,1.36295,1.3634,1.60,3.20
2008.12.15 10:30:14.007,1.363,1.3634,4.00,3.20
2008.12.15 10:30:14.287,1.36305,1.3638,4.00,3.20
2008.12.15 10:30:15.146,1.3631,1.36375,4.00,3.20
2008.12.15 10:30:15.496,1.36305,1.36355,8.80,1.60
2008.12.15 10:30:15.616,1.36305,1.36355,4.00,1.60
2008.12.15 10:30:15.796,1.363,1.36355,8.80,1.60
2008.12.15 10:30:15.956,1.363,1.36355,5.60,1.60
2008.12.15 10:30:16.246,1.363,1.36355,8.80,1.60
2008.12.15 10:30:16.476,1.36305,1.36355,4.00,1.60
2008.12.15 10:30:16.826,1.36305,1.36355,5.60,1.60
2008.12.15 10:30:17.536,1.36305,1.36355,3.20,1.60
2008.12.15 10:30:17.816,1.3632,1.36375,1.60,6.40
2008.12.15 10:30:18.106,1.3632,1.3639,1.60,4.80
2008.12.15 10:30:18.506,1.36325,1.364,1.60,13.60
2008.12.15 10:30:18.865,1.3634,1.364,1.60,3.20
2008.12.15 10:30:19.155,1.36335,1.36395,1.60,1.60
2008.12.15 10:30:19.685,1.3635,1.36395,1.60,1.60
2008.12.15 10:30:19.955,1.3635,1.3641,1.60,8.00
2008.12.15 10:30:20.245,1.36335,1.364,7.20,1.60
2008.12.15 10:30:20.575,1.36335,1.36385,7.20,1.60
2008.12.15 10:30:21.035,1.36325,1.36385,1.60,1.60
2008.12.15 10:30:22.414,1.36325,1.36385,1.60,7.20
2008.12.15 10:30:22.814,1.36345,1.36395,1.60,7.20
2008.12.15 10:30:23.105,1.36345,1.3639,1.60,3.20
2008.12.15 10:30:23.395,1.36345,1.364,1.60,3.20
2008.12.15 10:30:23.624,1.36355,1.3641,1.60,5.60
2008.12.15 10:30:25.744,1.3637,1.36405,1.60,1.60
2008.12.15 10:30:27.393,1.36375,1.3642,1.60,6.40
2008.12.15 10:30:27.623,1.3637,1.36405,1.60,1.60
2008.12.15 10:30:27.853,1.36375,1.36415,1.60,3.20
2008.12.15 10:30:28.623,1.3638,1.36415,1.60,1.60
2008.12.15 10:30:29.423,1.3638,1.36425,1.60,3.20
2008.12.15 10:30:29.643,1.36375,1.3641,1.60,1.60
2008.12.15 10:30:29.873,1.3637,1.36405,1.60,1.60
2008.12.15 10:30:31.543,1.3638,1.36425,1.60,4.80
2008.12.15 10:30:31.782,1.3638,1.36415,1.60,1.60
2008.12.15 10:30:34.232,1.36385,1.3643,1.60,6.40
2008.12.15 10:30:34.522,1.36385,1.3644,1.60,14.40
2008.12.15 10:30:34.762,1.3638,1.3642,1.60,1.60
2008.12.15 10:30:36.171,1.3637,1.36405,1.60,1.60
2008.12.15 10:30:38.941,1.36365,1.364,1.60,1.60
2008.12.15 10:30:40.200,1.3636,1.364,1.60,1.60
2008.12.15 10:30:40.430,1.36365,1.364,1.60,1.60
2008.12.15 10:30:42.830,1.3637,1.3641,1.60,3.20
2008.12.15 10:30:43.070,1.36365,1.364,1.60,1.60
2008.12.15 10:30:43.419,1.3636,1.36395,1.60,1.60
2008.12.15 10:30:43.599,1.3635,1.3639,1.60,1.60
2008.12.15 10:30:43.889,1.3635,1.36385,1.60,1.60
2008.12.15 10:30:44.119,1.36345,1.36385,1.60,1.60
2008.12.15 10:30:47.488,1.3634,1.3638,1.60,1.60
2008.12.15 10:30:48.828,1.36345,1.36395,1.60,6.40
2008.12.15 10:30:48.989,1.3635,1.36395,1.60,1.60
2008.12.15 10:30:49.338,1.3635,1.36395,1.60,3.20
2008.12.15 10:30:51.737,1.36345,1.36385,1.60,1.60
2008.12.15 10:30:54.287,1.3635,1.36385,1.60,1.60
2008.12.15 10:30:56.156,1.36345,1.36385,1.60,1.60
2008.12.15 10:30:56.566,1.36355,1.36395,1.60,3.20
2008.12.15 10:30:56.856,1.3635,1.36385,1.60,1.60
2008.12.15 10:30:58.726,1.36345,1.36385,1.60,1.60
2008.12.15 10:30:59.236,1.3634,1.3638,3.20,1.60
2008.12.15 10:30:59.466,1.36345,1.3639,1.60,3.20
2008.12.15 10:31:00.825,1.3634,1.3638,3.20,1.60
2008.12.15 10:31:04.194,1.3634,1.3638,1.60,1.60
2008.12.15 10:31:07.534,1.3634,1.3638,3.20,1.60
2008.12.15 10:31:08.493,1.3634,1.3638,1.60,1.60
2008.12.15 10:31:09.353,1.3634,1.3637,1.60,1.60
2008.12.15 10:31:09.403,1.36325,1.3637,1.60,1.60
2008.12.15 10:31:09.813,1.3631,1.3637,3.20,1.60
2008.12.15 10:31:10.203,1.363,1.36365,7.20,1.60
2008.12.15 10:31:10.383,1.363,1.3636,3.20,2.40
2008.12.15 10:31:10.613,1.363,1.3635,1.80,1.60
2008.12.15 10:31:10.843,1.3629,1.3635,6.40,1.60
2008.12.15 10:31:11.063,1.36285,1.3636,14.60,7.20
2008.12.15 10:31:11.304,1.36285,1.36355,6.40,8.80
2008.12.15 10:31:11.713,1.3628,1.36355,15.20,8.80
2008.12.15 10:31:12.742,1.3629,1.36355,1.60,6.40
2008.12.15 10:31:13.032,1.3629,1.36355,1.60,3.20
2008.12.15 10:31:13.322,1.3629,1.36365,1.60,12.00
2008.12.15 10:31:17.261,1.36285,1.3635,7.40,1.60
2008.12.15 10:31:17.491,1.36285,1.3635,1.60,1.60
2008.12.15 10:31:20.511,1.3629,1.3636,1.60,10.40
2008.12.15 10:31:20.911,1.3629,1.36355,1.60,6.40
2008.12.15 10:31:21.150,1.3629,1.36355,1.60,3.20
2008.12.15 10:31:21.320,1.3629,1.36355,1.60,8.80
2008.12.15 10:31:21.540,1.3629,1.36355,1.60,6.40
2008.12.15 10:31:21.780,1.36295,1.36355,4.00,3.20
2008.12.15 10:31:22.070,1.36295,1.36365,7.20,6.40
2008.12.15 10:31:22.300,1.36295,1.3636,5.80,4.80
2008.12.15 10:31:22.590,1.363,1.3636,1.80,7.20
2008.12.15 10:31:22.870,1.3629,1.3636,1.60,7.20
2008.12.15 10:31:23.640,1.36285,1.3635,6.60,1.60
2008.12.15 10:31:23.820,1.36285,1.3635,8.80,3.20
2008.12.15 10:31:24.210,1.36285,1.36335,1.60,1.60
2008.12.15 10:31:36.127,1.36285,1.3635,7.40,1.60
2008.12.15 10:31:36.417,1.36285,1.3635,10.60,1.60
2008.12.15 10:31:36.637,1.36285,1.3635,1.60,1.60
2008.12.15 10:31:41.605,1.36285,1.3634,1.60,1.60
2008.12.15 10:31:43.625,1.36285,1.3634,1.60,3.20
2008.12.15 10:31:43.855,1.36285,1.3634,1.60,1.60
2008.12.15 10:31:45.975,1.3629,1.36355,1.60,12.00
2008.12.15 10:31:46.374,1.36295,1.36345,4.00,1.60
2008.12.15 10:31:46.704,1.363,1.36355,1.60,6.40
2008.12.15 10:31:47.504,1.36305,1.3635,4.00,1.60
2008.12.15 10:31:47.904,1.3631,1.3635,1.80,1.60
2008.12.15 10:31:48.344,1.363,1.3635,6.40,1.60
2008.12.15 10:31:48.694,1.36305,1.36365,7.40,3.20
2008.12.15 10:31:48.804,1.36305,1.3636,10.60,1.60
2008.12.15 10:31:49.444,1.36305,1.36355,5.00,1.60
2008.12.15 10:31:49.553,1.3631,1.36355,1.80,1.60
2008.12.15 10:31:49.724,1.363,1.36355,12.00,1.60
2008.12.15 10:31:50.593,1.3631,1.36355,1.60,1.60
2008.12.15 10:31:52.253,1.36315,1.36355,1.60,1.60
2008.12.15 10:31:52.523,1.36315,1.3634,1.60,1.60
2008.12.15 10:31:52.763,1.363,1.3634,1.60,1.60
2008.12.15 10:31:52.933,1.36315,1.3634,1.60,1.60
2008.12.15 10:31:53.333,1.36295,1.3634,6.40,1.60
2008.12.15 10:31:53.783,1.36295,1.3636,7.20,3.20
2008.12.15 10:31:54.133,1.36315,1.3636,1.60,1.60
2008.12.15 10:31:54.752,1.3632,1.3639,1.60,6.40
2008.12.15 10:31:54.862,1.36325,1.36375,1.60,1.60
2008.12.15 10:31:55.262,1.36345,1.36395,1.60,13.60
2008.12.15 10:31:55.542,1.36345,1.36385,1.60,1.60
2008.12.15 10:31:56.112,1.3634,1.3638,1.60,1.60
2008.12.15 10:31:56.692,1.36345,1.3639,1.60,3.20
2008.12.15 10:31:56.922,1.36345,1.364,1.60,8.00
2008.12.15 10:31:57.392,1.36355,1.36395,1.60,3.20
2008.12.15 10:31:57.572,1.36355,1.36395,1.60,1.60
2008.12.15 10:31:58.611,1.3635,1.3639,1.60,1.60
2008.12.15 10:31:58.911,1.3635,1.36385,1.60,1.60
2008.12.15 10:32:00.411,1.3635,1.36385,1.60,3.20
2008.12.15 10:32:00.641,1.36315,1.3638,3.40,1.60
2008.12.15 10:32:00.891,1.36315,1.3638,1.60,1.60
2008.12.15 10:32:01.241,1.36345,1.36395,1.60,13.60
2008.12.15 10:32:02.710,1.3637,1.36405,1.60,3.20
2008.12.15 10:32:03.111,1.3637,1.36415,1.60,6.40
2008.12.15 10:32:03.570,1.3637,1.3641,1.60,1.60
2008.12.15 10:32:03.730,1.36335,1.36405,3.40,1.60
2008.12.15 10:32:04.090,1.36335,1.36405,1.60,1.60
2008.12.15 10:32:04.680,1.36345,1.36405,4.00,1.60
2008.12.15 10:32:05.040,1.3637,1.3642,1.60,3.20
2008.12.15 10:32:05.630,1.36375,1.36415,1.60,1.60
2008.12.15 10:32:06.230,1.36385,1.3643,1.60,3.20
2008.12.15 10:32:06.680,1.36385,1.3642,1.60,1.60
2008.12.15 10:32:07.079,1.36385,1.3643,1.60,3.20
2008.12.15 10:32:09.329,1.3639,1.3643,1.60,1.60
2008.12.15 10:32:09.829,1.364,1.3644,1.60,3.20
2008.12.15 10:32:10.839,1.36405,1.3645,1.60,6.40
2008.12.15 10:32:11.418,1.3642,1.36465,1.60,13.60
2008.12.15 10:32:12.038,1.36435,1.3648,1.60,8.80
2008.12.15 10:32:13.708,1.36445,1.3649,1.60,3.20
2008.12.15 10:32:15.397,1.36455,1.3649,1.60,1.60
2008.12.15 10:32:15.807,1.3644,1.3648,1.60,1.60
2008.12.15 10:32:16.097,1.3644,1.36495,1.60,12.00
2008.12.15 10:32:16.377,1.36455,1.36495,1.60,3.20
2008.12.15 10:32:16.737,1.36445,1.3648,1.80,1.60
2008.12.15 10:32:16.897,1.36435,1.365,1.60,5.60
2008.12.15 10:32:17.237,1.3645,1.36495,1.60,1.60
2008.12.15 10:32:18.227,1.3644,1.3649,1.60,1.60
2008.12.15 10:32:18.986,1.36445,1.36505,1.60,6.40
2008.12.15 10:32:19.226,1.36445,1.3652,1.60,9.00
2008.12.15 10:32:19.516,1.3645,1.3652,7.20,3.20
2008.12.15 10:32:19.677,1.3646,1.3653,4.00,8.00
2008.12.15 10:32:19.896,1.3646,1.36525,7.20,3.20
2008.12.15 10:32:20.246,1.3647,1.36535,4.00,3.20
2008.12.15 10:32:20.586,1.3648,1.36545,4.00,3.20
2008.12.15 10:32:21.096,1.3648,1.36545,4.00,4.80
2008.12.15 10:32:21.436,1.3649,1.3656,4.00,10.40
2008.12.15 10:32:22.286,1.3649,1.36555,4.00,6.40
2008.12.15 10:32:22.615,1.3649,1.36555,4.00,4.80
2008.12.15 10:32:23.006,1.36495,1.36545,4.00,1.60
2008.12.15 10:32:23.285,1.3649,1.36545,3.20,1.60
2008.12.15 10:32:23.505,1.36485,1.36545,4.00,1.60
2008.12.15 10:32:24.135,1.3649,1.36545,1.60,1.60
2008.12.15 10:32:24.295,1.3649,1.36545,5.60,1.60
2008.12.15 10:32:24.885,1.365,1.36545,4.00,1.60
2008.12.15 10:32:25.055,1.3649,1.36545,1.60,1.60
2008.12.15 10:32:25.355,1.36495,1.36545,3.20,1.60
2008.12.15 10:32:25.705,1.36485,1.3654,3.40,2.40
2008.12.15 10:32:25.945,1.36485,1.3654,1.60,2.40
2008.12.15 10:32:26.395,1.3648,1.3653,1.80,2.40
2008.12.15 10:32:26.635,1.3647,1.3653,1.80,5.60
2008.12.15 10:32:27.594,1.3647,1.3653,1.80,7.20
2008.12.15 10:32:27.944,1.3646,1.3652,1.80,2.40
2008.12.15 10:32:28.234,1.3646,1.3651,1.80,2.40
2008.12.15 10:32:28.584,1.36445,1.3651,3.40,2.40
2008.12.15 10:32:28.914,1.3645,1.36505,1.80,4.00
2008.12.15 10:32:29.324,1.3644,1.36495,1.80,2.40
2008.12.15 10:32:29.604,1.3644,1.36485,1.80,2.40
2008.12.15 10:32:29.954,1.3643,1.365,1.80,5.60
2008.12.15 10:32:30.244,1.3643,1.3649,1.80,2.40
2008.12.15 10:32:30.584,1.3643,1.36485,1.80,2.40
2008.12.15 10:32:30.754,1.3642,1.3648,1.80,2.40
2008.12.15 10:32:31.044,1.3642,1.3648,1.80,5.60
2008.12.15 10:32:32.493,1.36415,1.3648,5.80,3.20
2008.12.15 10:32:32.833,1.36415,1.36495,9.00,8.80
2008.12.15 10:32:33.293,1.3642,1.3649,5.60,3.20
2008.12.15 10:32:33.693,1.3642,1.365,7.20,8.80
2008.12.15 10:32:34.033,1.3642,1.3649,3.20,2.40
2008.12.15 10:32:34.263,1.36415,1.3649,9.20,5.60
2008.12.15 10:32:34.503,1.36425,1.3649,1.60,5.60
2008.12.15 10:32:35.553,1.36425,1.3649,1.60,3.20
2008.12.15 10:32:35.823,1.36425,1.365,4.80,12.00
2008.12.15 10:32:36.042,1.36425,1.36495,6.60,4.80
2008.12.15 10:32:36.272,1.36425,1.36495,5.00,4.80
2008.12.15 10:32:36.772,1.36425,1.36485,5.00,1.60
2008.12.15 10:32:37.042,1.36415,1.36485,10.80,1.60
2008.12.15 10:32:39.252,1.36415,1.36485,9.20,1.60
2008.12.15 10:32:41.711,1.36415,1.36495,9.20,10.40
2008.12.15 10:32:41.881,1.36415,1.36485,10.80,1.60
2008.12.15 10:32:42.391,1.3643,1.36485,1.60,1.60
2008.12.15 10:32:43.391,1.3644,1.36485,1.60,1.60
2008.12.15 10:32:44.080,1.3644,1.365,1.60,6.40
2008.12.15 10:32:44.311,1.36435,1.3649,1.60,1.60
2008.12.15 10:32:44.600,1.3643,1.3648,3.20,1.60
2008.12.15 10:32:45.010,1.36425,1.3648,6.60,3.20
2008.12.15 10:32:45.250,1.36425,1.3648,4.80,3.20
2008.12.15 10:32:45.530,1.36425,1.3647,3.20,1.60
2008.12.15 10:32:45.980,1.36415,1.3647,1.60,1.60
2008.12.15 10:32:46.490,1.36415,1.36465,1.60,1.60
2008.12.15 10:32:46.780,1.36415,1.36475,1.60,3.20
2008.12.15 10:32:47.070,1.36415,1.36465,1.60,1.60
2008.12.15 10:32:48.169,1.3641,1.36465,3.20,1.60
2008.12.15 10:32:48.660,1.3641,1.3648,1.60,12.20
2008.12.15 10:32:48.899,1.3641,1.36475,4.80,3.20
2008.12.15 10:32:49.119,1.3641,1.36465,4.80,1.60
2008.12.15 10:32:49.349,1.3641,1.3645,4.80,1.60
2008.12.15 10:32:49.759,1.36415,1.3646,1.60,3.20
2008.12.15 10:32:50.279,1.3641,1.3647,1.60,3.20
2008.12.15 10:32:51.908,1.3641,1.3647,1.60,1.60
2008.12.15 10:32:54.108,1.36415,1.36485,1.60,12.00
2008.12.15 10:32:54.328,1.36415,1.3648,1.60,3.20
2008.12.15 10:32:54.558,1.36415,1.3649,1.60,12.00
2008.12.15 10:32:54.678,1.36415,1.3648,8.80,3.20
2008.12.15 10:32:55.108,1.36415,1.36495,10.60,15.40
2008.12.15 10:32:55.758,1.36415,1.36485,6.60,1.60
2008.12.15 10:32:59.087,1.36415,1.36475,6.60,1.60
2008.12.15 10:32:59.367,1.36415,1.3649,6.60,15.40
2008.12.15 10:32:59.609,1.36415,1.3647,5.00,1.60
2008.12.15 10:32:59.967,1.36405,1.3647,10.60,1.60
2008.12.15 10:33:00.086,1.36405,1.3647,3.40,1.60
2008.12.15 10:33:00.446,1.36405,1.3647,1.60,1.60
2008.12.15 10:33:00.736,1.3641,1.3647,1.60,1.60
2008.12.15 10:33:09.754,1.36415,1.36485,1.60,13.60
2008.12.15 10:33:09.864,1.36415,1.3648,1.60,1.60
2008.12.15 10:33:12.873,1.36415,1.3647,1.60,1.60
2008.12.15 10:33:13.733,1.36415,1.36465,1.60,1.60
2008.12.15 10:33:14.483,1.3641,1.36475,3.20,8.80
2008.12.15 10:33:14.713,1.364,1.3647,1.60,6.40
2008.12.15 10:33:14.893,1.36395,1.3647,9.00,8.00
2008.12.15 10:33:15.173,1.36395,1.36465,5.00,3.20
2008.12.15 10:33:15.733,1.364,1.36475,1.60,12.20
2008.12.15 10:33:17.122,1.364,1.36465,1.60,1.60
2008.12.15 10:33:17.462,1.364,1.36465,1.60,2.40
2008.12.15 10:33:17.582,1.36395,1.36455,10.60,1.60
2008.12.15 10:33:17.802,1.36395,1.36455,4.80,1.60
2008.12.15 10:33:17.922,1.364,1.36465,1.60,12.00
2008.12.15 10:33:18.282,1.36395,1.36455,3.40,1.60
2008.12.15 10:33:18.732,1.36395,1.36455,1.60,1.60
2008.12.15 10:33:19.472,1.36395,1.36445,1.60,1.60
2008.12.15 10:33:19.812,1.36395,1.3644,1.60,1.60
2008.12.15 10:33:23.641,1.3638,1.3644,7.20,1.60
2008.12.15 10:33:23.931,1.36375,1.3644,9.00,3.20
2008.12.15 10:33:24.111,1.3638,1.3644,1.80,3.20
2008.12.15 10:33:24.291,1.3637,1.3644,7.20,3.20
2008.12.15 10:33:24.651,1.3637,1.3644,7.20,1.60
2008.12.15 10:33:24.811,1.3637,1.3644,3.20,4.00
2008.12.15 10:33:25.041,1.3637,1.3643,3.20,1.60
2008.12.15 10:33:25.161,1.36385,1.3644,1.60,4.80
2008.12.15 10:33:25.340,1.36385,1.3644,1.60,1.60
2008.12.15 10:33:25.570,1.36395,1.36435,1.60,1.60
2008.12.15 10:33:29.180,1.36385,1.3643,1.60,1.60
2008.12.15 10:33:29.339,1.36375,1.36415,10.60,1.60
2008.12.15 10:33:29.739,1.36375,1.364,3.20,1.60
2008.12.15 10:33:30.069,1.3634,1.364,1.60,1.60
2008.12.15 10:33:30.479,1.3634,1.36415,1.60,13.60
2008.12.15 10:33:30.820,1.3634,1.3641,1.60,4.00
2008.12.15 10:33:31.159,1.3635,1.3641,1.60,3.20
2008.12.15 10:33:31.449,1.3635,1.36395,1.60,1.60
2008.12.15 10:33:31.679,1.3635,1.3641,1.60,8.00
2008.12.15 10:33:32.849,1.36355,1.36405,1.60,3.20
2008.12.15 10:33:33.248,1.36345,1.364,3.20,3.20
2008.12.15 10:33:33.539,1.3634,1.36395,1.60,1.60
2008.12.15 10:33:33.898,1.3633,1.36385,4.00,3.20
2008.12.15 10:33:34.198,1.3632,1.36375,3.20,1.60
2008.12.15 10:33:34.548,1.3632,1.36375,1.80,1.60
2008.12.15 10:33:34.658,1.36305,1.3637,5.80,1.60
2008.12.15 10:33:34.868,1.36305,1.36365,4.00,2.40
2008.12.15 10:33:35.038,1.36305,1.36365,1.00,2.40
2008.12.15 10:33:35.438,1.363,1.3636,1.80,2.40
2008.12.15 10:33:35.668,1.363,1.3635,1.80,2.40
2008.12.15 10:33:35.898,1.3629,1.3635,1.60,2.40
2008.12.15 10:33:36.818,1.36295,1.3636,1.60,7.20
2008.12.15 10:33:37.208,1.36295,1.36355,1.60,2.40
2008.12.15 10:33:38.887,1.3629,1.3634,1.80,1.60
2008.12.15 10:33:39.237,1.36285,1.3634,3.40,1.60
2008.12.15 10:33:39.467,1.36285,1.3634,1.60,1.60
2008.12.15 10:33:39.817,1.36285,1.3634,1.60,4.00
2008.12.15 10:33:40.747,1.363,1.3635,1.60,5.60
2008.12.15 10:33:42.396,1.3631,1.36345,1.60,1.60
2008.12.15 10:33:42.736,1.3631,1.36355,1.60,2.40
2008.12.15 10:33:43.136,1.3631,1.36365,1.60,5.60
2008.12.15 10:33:43.906,1.36315,1.3638,1.60,18.40
2008.12.15 10:33:44.076,1.36315,1.36375,1.60,4.80
2008.12.15 10:33:44.196,1.36315,1.36375,1.60,1.60
2008.12.15 10:33:44.856,1.36315,1.36385,1.60,24.60
2008.12.15 10:33:45.136,1.36315,1.3638,1.60,4.80
2008.12.15 10:33:45.476,1.36315,1.3638,1.60,3.20
2008.12.15 10:33:45.706,1.3632,1.3639,1.60,5.60
2008.12.15 10:33:46.106,1.3632,1.3639,8.80,1.60
2008.12.15 10:33:46.285,1.36315,1.3639,10.60,7.20
2008.12.15 10:33:46.455,1.3632,1.3639,1.60,7.20
2008.12.15 10:33:46.625,1.3632,1.3639,3.20,5.60
2008.12.15 10:33:46.805,1.36315,1.3639,10.60,8.80
2008.12.15 10:34:00.352,1.36315,1.3639,10.60,7.20
2008.12.15 10:34:00.522,1.3632,1.3639,4.80,2.40
2008.12.15 10:34:00.742,1.3632,1.3639,3.20,2.40
2008.12.15 10:34:01.102,1.3632,1.36385,7.20,1.60
2008.12.15 10:34:01.392,1.3632,1.3638,4.00,1.60
2008.12.15 10:34:01.861,1.36315,1.3638,1.60,1.60
2008.12.15 10:34:03.611,1.36315,1.3637,1.60,1.60
2008.12.15 10:34:03.731,1.36315,1.3638,1.60,6.40
2008.12.15 10:34:03.971,1.3632,1.3638,1.60,1.60
2008.12.15 10:34:07.440,1.3633,1.36395,1.60,12.00
2008.12.15 10:34:07.811,1.3633,1.36395,4.80,6.40
2008.12.15 10:34:08.150,1.3632,1.3638,7.20,1.60
2008.12.15 10:34:08.500,1.3631,1.36375,7.20,3.20
2008.12.15 10:34:08.850,1.3631,1.36375,4.00,1.60
2008.12.15 10:34:09.360,1.36305,1.36375,10.60,1.60
2008.12.15 10:34:09.870,1.36305,1.36385,10.60,15.40
2008.12.15 10:34:10.100,1.36305,1.36375,9.00,1.60
2008.12.15 10:34:10.320,1.36305,1.36365,9.00,1.60
2008.12.15 10:34:10.620,1.36305,1.36375,9.00,8.00
2008.12.15 10:34:10.909,1.363,1.3636,3.20,1.60
2008.12.15 10:34:11.249,1.363,1.3636,3.20,4.80
2008.12.15 10:34:11.529,1.363,1.3636,3.20,1.60
2008.12.15 10:34:11.769,1.36305,1.3637,1.60,12.00
2008.12.15 10:34:11.999,1.36305,1.36365,1.60,1.60
2008.12.15 10:34:13.669,1.36315,1.36365,1.60,1.60
2008.12.15 10:34:13.959,1.36315,1.36375,1.60,3.20
2008.12.15 10:34:14.528,1.36315,1.36385,1.60,16.00
2008.12.15 10:34:14.699,1.36315,1.3638,6.60,3.20
2008.12.15 10:34:15.448,1.36315,1.36365,6.60,1.60
2008.12.15 10:34:15.628,1.36315,1.36365,6.60,3.20
2008.12.15 10:34:15.748,1.36315,1.3636,5.00,1.60
2008.12.15 10:34:16.158,1.363,1.3636,1.60,1.60
2008.12.15 10:34:17.258,1.36305,1.3637,1.60,9.60
2008.12.15 10:34:17.488,1.36305,1.3635,1.60,1.60
2008.12.15 10:34:21.207,1.36305,1.36375,1.60,16.80
2008.12.15 10:34:21.497,1.36315,1.3637,1.60,4.00
2008.12.15 10:34:21.657,1.36315,1.3637,1.60,2.40
2008.12.15 10:34:22.347,1.3631,1.3636,3.20,1.60
2008.12.15 10:34:22.697,1.36295,1.3636,6.60,1.60
2008.12.15 10:34:23.266,1.36295,1.3636,6.60,3.20
2008.12.15 10:34:23.666,1.3629,1.3635,4.00,1.60
2008.12.15 10:34:24.136,1.36305,1.3636,1.60,8.00
2008.12.15 10:34:24.296,1.36315,1.3637,1.60,5.60
2008.12.15 10:34:24.466,1.36315,1.36365,1.60,4.00
2008.12.15 10:34:24.696,1.36325,1.36365,1.60,2.40
2008.12.15 10:34:25.686,1.3634,1.36365,1.60,2.40
2008.12.15 10:34:27.175,1.3635,1.36365,1.60,2.40
2008.12.15 10:34:27.746,1.3635,1.36375,1.60,2.40
2008.12.15 10:34:28.096,1.36315,1.36375,1.60,1.60
2008.12.15 10:34:28.395,1.36315,1.3636,1.60,1.60
2008.12.15 10:34:29.495,1.3633,1.36375,1.60,6.40
2008.12.15 10:34:31.135,1.3633,1.3637,1.60,3.20
2008.12.15 10:34:31.304,1.36325,1.3636,1.60,1.60
2008.12.15 10:34:31.544,1.3633,1.3636,1.60,1.60
2008.12.15 10:34:31.725,1.3633,1.36375,1.60,7.20
2008.12.15 10:34:32.074,1.3633,1.3636,1.60,2.40
2008.12.15 10:34:32.474,1.36325,1.36355,1.60,2.40
2008.12.15 10:34:32.834,1.36335,1.36375,1.60,3.20
2008.12.15 10:34:33.924,1.3633,1.36365,1.60,1.60
2008.12.15 10:34:34.154,1.3633,1.36375,1.60,6.40
2008.12.15 10:34:36.033,1.36335,1.3637,1.60,1.60
2008.12.15 10:34:36.933,1.3633,1.3637,1.60,1.60
2008.12.15 10:34:38.953,1.36335,1.3637,1.60,1.60
2008.12.15 10:34:39.523,1.3633,1.3637,1.60,1.60
2008.12.15 10:34:39.862,1.36335,1.3637,1.60,1.60
2008.12.15 10:34:42.362,1.3634,1.3638,1.60,4.80
2008.12.15 10:34:42.762,1.3634,1.3639,1.60,5.60
2008.12.15 10:34:43.851,1.3634,1.36385,1.60,1.60
2008.12.15 10:34:44.541,1.36335,1.3638,1.60,1.60
2008.12.15 10:34:45.051,1.36335,1.36375,1.60,1.60
2008.12.15 10:34:45.631,1.36335,1.36385,1.60,5.60
2008.12.15 10:34:47.841,1.36335,1.36375,1.60,1.60
2008.12.15 10:34:48.960,1.3634,1.36375,1.60,1.60
2008.12.15 10:34:49.690,1.3634,1.3639,1.60,3.20
2008.12.15 10:34:49.970,1.36335,1.3638,1.60,1.60
2008.12.15 10:34:50.710,1.36335,1.36375,1.60,1.60
2008.12.15 10:34:51.000,1.36335,1.36385,1.60,3.20
2008.12.15 10:34:51.610,1.3634,1.36385,1.60,1.60
2008.12.15 10:34:53.139,1.36335,1.3638,1.60,1.60
2008.12.15 10:34:54.289,1.3634,1.36395,1.60,11.20
2008.12.15 10:34:54.759,1.3635,1.36395,1.60,1.60
2008.12.15 10:34:55.829,1.3635,1.3639,1.60,2.40
2008.12.15 10:34:56.339,1.3634,1.3639,1.60,4.00
2008.12.15 10:34:58.238,1.3634,1.3639,1.60,1.60
2008.12.15 10:34:58.598,1.36335,1.36385,1.60,1.60
2008.12.15 10:34:58.778,1.3634,1.36395,1.60,3.20
2008.12.15 10:35:00.957,1.36335,1.3638,1.60,1.60
2008.12.15 10:35:05.936,1.3633,1.3637,1.60,1.60
2008.12.15 10:35:06.576,1.36335,1.3637,1.60,1.60
2008.12.15 10:35:07.716,1.3634,1.3638,1.60,3.20
2008.12.15 10:35:08.406,1.36335,1.3637,1.60,1.60
2008.12.15 10:35:08.766,1.3632,1.36355,1.60,1.60
2008.12.15 10:35:08.986,1.3631,1.36355,4.00,1.60
2008.12.15 10:35:09.515,1.3631,1.36355,4.00,4.80
2008.12.15 10:35:09.895,1.3631,1.36345,4.00,1.60
2008.12.15 10:35:10.175,1.3631,1.3634,4.00,1.60
2008.12.15 10:35:10.535,1.3631,1.36355,4.00,11.20
2008.12.15 10:35:10.835,1.3631,1.36355,4.00,8.00
2008.12.15 10:35:11.165,1.3631,1.36355,4.00,1.60
2008.12.15 10:35:11.565,1.3632,1.36355,1.60,4.00
2008.12.15 10:35:11.905,1.3632,1.36345,1.60,2.40
2008.12.15 10:35:12.075,1.3632,1.3636,1.60,3.20
2008.12.15 10:35:16.224,1.36315,1.36355,3.20,1.60
2008.12.15 10:35:17.213,1.3632,1.36365,1.60,3.20
2008.12.15 10:35:18.493,1.36325,1.36365,1.60,1.60
2008.12.15 10:35:20.773,1.3633,1.36375,1.60,4.80
2008.12.15 10:35:21.632,1.36325,1.36365,1.60,1.60
2008.12.15 10:35:21.982,1.3633,1.36375,1.60,3.20
2008.12.15 10:35:22.432,1.36315,1.3636,5.00,1.60
2008.12.15 10:35:22.772,1.3631,1.3636,4.00,1.60
2008.12.15 10:35:23.002,1.3631,1.3636,4.00,3.20
2008.12.15 10:35:23.182,1.3631,1.36375,4.00,9.60
2008.12.15 10:35:23.422,1.3631,1.36365,4.00,1.60
2008.12.15 10:35:23.702,1.363,1.36365,7.20,1.60
2008.12.15 10:35:23.922,1.363,1.36375,8.80,14.40
2008.12.15 10:35:24.222,1.363,1.3637,8.80,4.80
2008.12.15 10:35:25.222,1.363,1.3637,10.40,3.20
2008.12.15 10:35:25.392,1.363,1.3637,12.80,2.40
2008.12.15 10:35:25.682,1.36315,1.3637,3.20,2.40
2008.12.15 10:35:25.921,1.36325,1.3637,1.60,2.40
2008.12.15 10:35:26.151,1.36325,1.3637,3.20,2.40
2008.12.15 10:35:26.311,1.36325,1.3637,1.60,2.40
2008.12.15 10:35:27.231,1.3634,1.3637,1.60,2.40
2008.12.15 10:35:28.001,1.3634,1.3638,1.60,10.40
2008.12.15 10:35:28.911,1.3634,1.36375,1.60,1.60
2008.12.15 10:35:29.401,1.36335,1.36375,1.60,1.60
2008.12.15 10:35:30.940,1.3634,1.36375,1.60,1.60
2008.12.15 10:35:39.298,1.36335,1.36375,1.60,1.60
2008.12.15 10:35:39.868,1.3633,1.36385,3.20,3.20
2008.12.15 10:35:40.288,1.3633,1.36395,4.80,13.60
2008.12.15 10:35:40.468,1.3633,1.3639,4.80,1.60
2008.12.15 10:35:40.698,1.36345,1.3639,1.60,1.60
2008.12.15 10:35:41.498,1.36345,1.364,1.60,5.60
2008.12.15 10:35:41.668,1.36345,1.36395,1.60,2.40
2008.12.15 10:35:41.848,1.3636,1.36395,1.60,2.40
2008.12.15 10:35:42.027,1.36355,1.36395,1.60,2.40
2008.12.15 10:35:42.238,1.36355,1.3641,1.60,10.40
2008.12.15 10:35:42.627,1.36355,1.36405,1.60,1.60
2008.12.15 10:35:42.807,1.36365,1.36405,1.60,1.60
2008.12.15 10:35:43.507,1.3636,1.36405,1.60,1.60
2008.12.15 10:35:44.427,1.36355,1.36405,3.20,1.60
2008.12.15 10:35:44.587,1.36365,1.36405,1.60,1.60
2008.12.15 10:35:46.287,1.36375,1.3642,1.60,10.40
2008.12.15 10:35:48.536,1.36365,1.36415,3.20,1.60
2008.12.15 10:35:49.226,1.36365,1.36415,1.60,1.60
2008.12.15 10:35:50.386,1.3638,1.36415,1.60,1.60
2008.12.15 10:35:50.906,1.36375,1.36415,1.60,1.60
2008.12.15 10:35:56.324,1.36375,1.36405,1.60,1.60
2008.12.15 10:35:56.634,1.36375,1.3642,1.60,4.80
2008.12.15 10:36:00.183,1.36365,1.36415,1.60,1.60
2008.12.15 10:36:00.473,1.36355,1.36405,6.60,1.60
2008.12.15 10:36:00.773,1.36355,1.36405,3.40,1.60
2008.12.15 10:36:01.063,1.36365,1.36405,1.60,1.60
2008.12.15 10:36:01.403,1.36365,1.36405,3.20,1.60
2008.12.15 10:36:02.103,1.3637,1.36415,1.60,3.20
2008.12.15 10:36:02.452,1.36375,1.36415,1.60,1.60
2008.12.15 10:36:02.902,1.36385,1.3643,1.60,3.20
2008.12.15 10:36:04.332,1.36395,1.3643,1.60,1.60
2008.12.15 10:36:05.392,1.3639,1.3643,1.60,1.60
2008.12.15 10:36:06.932,1.36395,1.3643,1.60,1.60
2008.12.15 10:36:07.381,1.364,1.3645,1.60,8.80
2008.12.15 10:36:07.731,1.364,1.36445,3.20,4.00
2008.12.15 10:36:08.071,1.36415,1.36445,1.60,2.40
2008.12.15 10:36:09.381,1.36395,1.36445,8.20,4.00
2008.12.15 10:36:09.841,1.3641,1.3646,1.60,5.60
2008.12.15 10:36:10.241,1.3639,1.36445,1.60,6.40
2008.12.15 10:36:10.801,1.3642,1.36445,1.60,3.20
2008.12.15 10:36:11.030,1.3643,1.36465,1.60,2.40
2008.12.15 10:36:11.371,1.36445,1.3646,1.60,2.40
2008.12.15 10:36:11.701,1.3645,1.3648,3.20,2.40
2008.12.15 10:36:12.130,1.3647,1.36475,3.20,2.40
2008.12.15 10:36:12.640,1.3647,1.3656,3.20,12.60
2008.12.15 10:36:13.030,1.36485,1.36545,1.60,3.20
2008.12.15 10:36:13.360,1.36485,1.36575,1.60,12.80
2008.12.15 10:36:13.650,1.3649,1.3655,1.60,1.60
2008.12.15 10:36:14.410,1.36495,1.3654,1.60,1.60
2008.12.15 10:36:14.810,1.365,1.3654,1.60,1.60
2008.12.15 10:36:15.509,1.3649,1.3654,1.60,1.60
2008.12.15 10:36:15.869,1.365,1.36555,1.60,9.60
2008.12.15 10:36:16.199,1.365,1.36525,1.60,2.40
2008.12.15 10:36:16.779,1.365,1.3655,1.60,2.40
2008.12.15 10:36:17.479,1.3649,1.36545,1.60,4.00
2008.12.15 10:36:17.779,1.3649,1.3654,1.60,3.20
2008.12.15 10:36:18.479,1.3648,1.3654,7.20,3.20
2008.12.15 10:36:18.769,1.3648,1.3654,5.60,3.20
2008.12.15 10:36:19.069,1.36485,1.3654,5.80,3.20
2008.12.15 10:36:19.409,1.36485,1.3654,5.60,1.60
2008.12.15 10:36:20.528,1.36485,1.3654,4.00,1.60
2008.12.15 10:36:20.938,1.36485,1.3654,1.60,1.60
2008.12.15 10:36:21.508,1.36485,1.3655,1.60,12.00
2008.12.15 10:36:21.848,1.36485,1.3654,1.60,2.40
2008.12.15 10:36:22.028,1.3648,1.3653,4.80,1.60
2008.12.15 10:36:22.448,1.3647,1.3652,3.20,1.60
2008.12.15 10:36:22.848,1.36465,1.3653,1.60,7.20
2008.12.15 10:36:23.128,1.36465,1.3653,1.60,4.00
2008.12.15 10:36:23.468,1.3647,1.36525,1.60,1.60
2008.12.15 10:36:23.857,1.3647,1.36535,1.60,6.40
2008.12.15 10:36:24.177,1.36475,1.36545,1.60,12.00
2008.12.15 10:36:24.647,1.36475,1.3654,1.60,1.60
2008.12.15 10:36:24.947,1.36485,1.3654,1.60,1.60
2008.12.15 10:36:25.677,1.36485,1.3654,1.60,3.20
2008.12.15 10:36:25.977,1.3648,1.36525,1.60,1.60
2008.12.15 10:36:26.487,1.36485,1.36535,1.60,3.20
2008.12.15 10:36:27.147,1.36485,1.36525,1.60,3.20
2008.12.15 10:36:27.497,1.36475,1.3651,4.00,1.60
2008.12.15 10:36:28.007,1.36475,1.36505,4.00,1.60
2008.12.15 10:36:28.246,1.36475,1.3652,1.60,3.20
2008.12.15 10:36:29.946,1.36475,1.3653,1.60,3.20
2008.12.15 10:36:30.876,1.36465,1.3651,5.00,1.60
2008.12.15 10:36:31.476,1.36465,1.3653,1.60,8.00
2008.12.15 10:36:31.765,1.36465,1.3653,1.60,1.60
2008.12.15 10:36:32.626,1.36465,1.36525,1.60,3.20
2008.12.15 10:36:33.025,1.3646,1.3652,7.20,1.60
2008.12.15 10:36:33.425,1.3646,1.36505,8.80,1.60
2008.12.15 10:36:33.885,1.3646,1.36505,1.60,1.60
2008.12.15 10:36:34.995,1.36445,1.3649,3.20,1.60
2008.12.15 10:36:35.255,1.36455,1.3649,1.60,1.60
2008.12.15 10:36:35.365,1.36455,1.3649,1.60,4.80
2008.12.15 10:36:35.665,1.36455,1.3649,3.20,1.60
2008.12.15 10:36:36.224,1.36455,1.3649,1.60,1.60
2008.12.15 10:36:36.564,1.3643,1.36485,6.60,1.60
2008.12.15 10:36:36.795,1.3643,1.36485,3.20,1.60
2008.12.15 10:36:37.304,1.3643,1.36485,1.60,1.60
2008.12.15 10:36:37.704,1.3644,1.36485,1.60,6.40
2008.12.15 10:36:37.894,1.3644,1.3648,1.60,2.40
2008.12.15 10:36:38.114,1.3644,1.3649,1.60,6.40
2008.12.15 10:36:38.334,1.36445,1.3649,3.20,1.60
2008.12.15 10:36:38.924,1.36445,1.3649,1.60,1.60
2008.12.15 10:36:39.784,1.3646,1.3651,1.60,6.40
2008.12.15 10:36:40.073,1.3646,1.36525,1.60,6.40
2008.12.15 10:36:40.304,1.3646,1.3652,1.60,1.60
2008.12.15 10:36:40.844,1.36455,1.3652,9.00,3.20
2008.12.15 10:36:41.193,1.3646,1.3652,1.60,1.60
2008.12.15 10:36:41.833,1.3647,1.3652,1.60,1.60
2008.12.15 10:36:42.693,1.3648,1.3653,1.60,8.80
2008.12.15 10:36:42.983,1.36475,1.36525,3.20,1.60
2008.12.15 10:36:43.863,1.36485,1.36525,1.60,1.60
2008.12.15 10:36:44.253,1.3646,1.3652,5.80,1.60
2008.12.15 10:36:44.612,1.3646,1.3653,1.60,3.20
2008.12.15 10:36:45.112,1.3647,1.36505,1.60,1.60
2008.12.15 10:36:45.843,1.3646,1.36535,4.80,3.20
2008.12.15 10:36:46.302,1.3646,1.3653,3.20,1.60
2008.12.15 10:36:46.562,1.36475,1.36515,1.60,1.60
2008.12.15 10:36:48.521,1.36465,1.3649,1.60,1.60
2008.12.15 10:36:48.862,1.3642,1.36485,1.60,1.60
2008.12.15 10:36:49.161,1.36425,1.3648,1.60,1.60
2008.12.15 10:36:49.612,1.3641,1.36475,7.20,1.60
2008.12.15 10:36:50.001,1.36415,1.3647,4.00,3.20
2008.12.15 10:36:50.411,1.36415,1.36465,4.00,1.60
2008.12.15 10:36:51.111,1.36425,1.36455,1.60,1.60
2008.12.15 10:36:51.461,1.36425,1.36465,1.60,3.20
2008.12.15 10:36:51.861,1.3642,1.3646,3.20,1.60
2008.12.15 10:36:52.151,1.36425,1.3647,1.60,3.20
2008.12.15 10:36:52.781,1.36425,1.36465,3.20,1.60
2008.12.15 10:36:53.640,1.3641,1.36465,9.60,3.20
2008.12.15 10:36:53.980,1.3641,1.36455,6.40,1.60
2008.12.15 10:36:54.310,1.36425,1.36455,1.60,1.60
2008.12.15 10:36:54.790,1.36435,1.36455,1.60,1.60
2008.12.15 10:36:55.210,1.36405,1.36455,6.40,1.60
2008.12.15 10:36:55.560,1.36405,1.36455,1.60,1.60
2008.12.15 10:36:55.780,1.3642,1.36455,1.60,1.60
2008.12.15 10:36:56.800,1.36405,1.36455,6.40,1.60
2008.12.15 10:36:57.149,1.3641,1.36455,1.60,1.60
2008.12.15 10:36:57.659,1.36425,1.3645,1.60,3.20
2008.12.15 10:36:57.949,1.36405,1.3644,6.40,1.60
2008.12.15 10:36:58.700,1.3642,1.3645,1.60,3.20
2008.12.15 10:36:59.109,1.3639,1.36435,9.60,1.60
2008.12.15 10:36:59.449,1.36395,1.36435,9.60,1.60
2008.12.15 10:36:59.849,1.3639,1.36445,9.60,3.20
2008.12.15 10:37:00.199,1.36405,1.36445,1.60,1.60
2008.12.15 10:37:00.559,1.3641,1.36455,8.00,3.20
2008.12.15 10:37:01.068,1.36405,1.36435,6.40,1.60
2008.12.15 10:37:01.358,1.3639,1.3642,4.00,1.60
2008.12.15 10:37:01.638,1.3638,1.3642,6.40,1.60
2008.12.15 10:37:01.898,1.36395,1.3642,1.60,1.60
2008.12.15 10:37:02.298,1.36375,1.3642,6.40,1.60
2008.12.15 10:37:02.648,1.3637,1.36415,6.40,1.60
2008.12.15 10:37:02.978,1.3637,1.36425,8.00,12.00
2008.12.15 10:37:03.608,1.36375,1.3642,1.60,3.20
2008.12.15 10:37:03.898,1.36375,1.36435,3.20,3.20
2008.12.15 10:37:04.368,1.36375,1.36425,1.60,1.60
2008.12.15 10:37:04.957,1.3638,1.3644,1.60,8.80
2008.12.15 10:37:05.547,1.36375,1.3642,1.60,1.60
2008.12.15 10:37:05.837,1.3639,1.3644,1.60,10.40
2008.12.15 10:37:06.127,1.36375,1.36435,3.20,1.60
2008.12.15 10:37:06.347,1.3638,1.36435,6.40,1.60
2008.12.15 10:37:06.857,1.3638,1.3643,1.60,1.60
2008.12.15 10:37:07.097,1.3638,1.3644,11.20,8.80
2008.12.15 10:37:07.457,1.36395,1.36435,1.60,1.60
2008.12.15 10:37:07.987,1.3638,1.36435,6.40,1.60
2008.12.15 10:37:08.277,1.36375,1.36435,6.40,4.80
2008.12.15 10:37:08.616,1.36385,1.36425,1.60,1.60
2008.12.15 10:37:08.967,1.364,1.36445,1.60,12.00
2008.12.15 10:37:09.307,1.36395,1.3647,3.20,12.00
2008.12.15 10:37:09.816,1.3641,1.36465,1.80,3.20
2008.12.15 10:37:10.096,1.36405,1.36485,10.60,3.20
2008.12.15 10:37:10.506,1.36415,1.36485,4.00,6.40
2008.12.15 10:37:10.856,1.36425,1.365,4.00,12.00
2008.12.15 10:37:11.296,1.36425,1.365,9.00,5.60
2008.12.15 10:37:12.166,1.36425,1.365,17.00,5.60
2008.12.15 10:37:12.406,1.36435,1.365,4.00,3.20
2008.12.15 10:37:12.805,1.36435,1.36485,5.00,1.60
2008.12.15 10:37:13.096,1.3641,1.36485,13.80,4.80
2008.12.15 10:37:13.396,1.3641,1.36485,8.00,10.40
2008.12.15 10:37:14.126,1.3641,1.3648,6.40,5.60
2008.12.15 10:37:15.025,1.3641,1.3647,6.40,1.60
2008.12.15 10:37:15.205,1.36405,1.3647,18.60,1.60
2008.12.15 10:37:15.435,1.36405,1.3647,17.00,1.60
2008.12.15 10:37:15.725,1.36405,1.36465,9.60,6.40
2008.12.15 10:37:15.965,1.36405,1.36475,9.60,12.00
2008.12.15 10:37:16.355,1.3641,1.36455,1.60,3.20
2008.12.15 10:37:16.695,1.364,1.3645,1.60,5.60
2008.12.15 10:37:17.255,1.36385,1.3645,3.20,8.80
2008.12.15 10:37:17.725,1.364,1.36445,1.60,5.60
2008.12.15 10:37:18.124,1.36405,1.36485,1.60,9.60
2008.12.15 10:37:18.454,1.36415,1.36495,1.60,7.20
2008.12.15 10:37:18.804,1.36425,1.36495,1.60,4.00
2008.12.15 10:37:19.274,1.36415,1.36475,1.60,1.60
2008.12.15 10:37:20.024,1.36415,1.3647,1.60,1.60
2008.12.15 10:37:20.774,1.36415,1.3646,1.60,1.60
2008.12.15 10:37:21.144,1.3641,1.36455,1.80,1.60
2008.12.15 10:37:21.563,1.364,1.36455,3.20,1.60
2008.12.15 10:37:21.924,1.3639,1.3645,1.60,3.20
2008.12.15 10:37:22.213,1.36385,1.3646,5.00,12.00
2008.12.15 10:37:22.553,1.36385,1.36455,4.00,8.00
2008.12.15 10:37:22.853,1.36385,1.3645,8.00,1.60
2008.12.15 10:37:23.253,1.3638,1.3644,3.20,1.60
2008.12.15 10:37:23.833,1.3638,1.3644,1.80,1.60
2008.12.15 10:37:24.173,1.3637,1.3644,20.00,1.60
2008.12.15 10:37:24.523,1.3638,1.3644,1.60,1.60
2008.12.15 10:37:25.113,1.3639,1.3644,6.40,1.60
2008.12.15 10:37:25.412,1.36395,1.3644,3.20,1.60
2008.12.15 10:37:25.642,1.364,1.3644,1.60,1.60
2008.12.15 10:37:25.882,1.36385,1.3644,11.20,1.60
2008.12.15 10:37:26.342,1.3639,1.3644,1.60,1.60
2008.12.15 10:37:27.022,1.36385,1.3644,3.20,1.60
2008.12.15 10:37:27.302,1.3639,1.3644,8.00,1.60
2008.12.15 10:37:27.653,1.36395,1.3644,3.20,1.60
2008.12.15 10:37:27.982,1.36405,1.3645,3.20,3.20
2008.12.15 10:37:28.272,1.3641,1.36445,1.60,1.60
2008.12.15 10:37:28.602,1.36395,1.36445,1.60,1.60
2008.12.15 10:37:29.022,1.3639,1.3644,1.80,1.60
2008.12.15 10:37:29.372,1.3638,1.3644,3.20,1.60
2008.12.15 10:37:29.822,1.3638,1.3644,9.60,1.60
2008.12.15 10:37:30.291,1.36395,1.3644,1.60,5.60
2008.12.15 10:37:30.511,1.36395,1.3646,1.60,8.80
2008.12.15 10:37:30.812,1.364,1.36455,1.60,7.20
2008.12.15 10:37:31.051,1.364,1.36455,1.60,10.40
2008.12.15 10:37:32.271,1.36395,1.36455,3.20,8.00
2008.12.15 10:37:32.621,1.36395,1.36455,12.80,1.60
2008.12.15 10:37:32.911,1.36405,1.36455,1.60,1.60
2008.12.15 10:37:33.251,1.3639,1.3644,11.20,1.60
2008.12.15 10:37:33.561,1.3639,1.3644,6.40,1.60
2008.12.15 10:37:33.850,1.3638,1.3643,9.60,1.60
2008.12.15 10:37:34.170,1.36395,1.36445,1.60,10.40
2008.12.15 10:37:34.960,1.36395,1.36435,1.60,6.40
2008.12.15 10:37:35.260,1.36395,1.3643,1.60,3.20
2008.12.15 10:37:35.490,1.3639,1.36445,1.60,12.00
2008.12.15 10:37:35.950,1.36395,1.3643,1.60,1.60
2008.12.15 10:37:36.280,1.36395,1.36425,1.60,1.60
2008.12.15 10:37:36.810,1.36385,1.36425,1.60,1.60
2008.12.15 10:37:37.160,1.36385,1.36415,1.60,1.60
2008.12.15 10:37:38.079,1.36375,1.36415,9.60,1.60
2008.12.15 10:37:38.300,1.36375,1.36415,6.40,1.60
2008.12.15 10:37:38.719,1.3637,1.36415,4.80,1.60
2008.12.15 10:37:39.299,1.36375,1.36415,1.60,1.60
2008.12.15 10:37:39.969,1.3638,1.36415,1.60,1.60
2008.12.15 10:37:40.359,1.36365,1.36415,1.60,1.60
2008.12.15 10:37:41.519,1.3638,1.36415,1.60,1.60
2008.12.15 10:37:42.458,1.36385,1.36415,1.60,1.60
2008.12.15 10:37:42.678,1.3639,1.36425,1.60,3.20
2008.12.15 10:37:43.718,1.3639,1.36415,1.60,1.60
2008.12.15 10:37:44.738,1.36375,1.3641,1.60,1.60
2008.12.15 10:37:45.018,1.36365,1.3641,1.60,1.60
2008.12.15 10:37:45.568,1.3637,1.3642,1.60,3.20
2008.12.15 10:37:46.938,1.36385,1.36415,1.60,1.60
2008.12.15 10:37:47.167,1.3638,1.36415,1.60,1.60
2008.12.15 10:37:47.977,1.3638,1.36425,1.60,3.20
2008.12.15 10:37:48.727,1.36385,1.3642,1.60,1.60
2008.12.15 10:37:49.907,1.3637,1.36415,9.60,1.60
2008.12.15 10:37:50.876,1.3638,1.36425,1.60,3.20
2008.12.15 10:37:51.116,1.3639,1.3642,1.60,1.60
2008.12.15 10:37:51.396,1.36385,1.36435,3.20,9.60
2008.12.15 10:37:51.686,1.3636,1.3641,6.40,1.60
2008.12.15 10:37:52.036,1.36375,1.3643,1.60,10.40
2008.12.15 10:37:52.376,1.3637,1.36425,1.60,1.60
2008.12.15 10:37:52.716,1.3639,1.36445,1.60,7.20
2008.12.15 10:37:53.106,1.3639,1.36415,1.60,1.60
2008.12.15 10:37:53.466,1.36365,1.36415,1.60,1.60
2008.12.15 10:37:53.866,1.36375,1.3644,1.60,6.40
2008.12.15 10:37:54.276,1.36385,1.3644,1.60,1.60
2008.12.15 10:37:54.796,1.36385,1.3645,3.20,8.80
2008.12.15 10:37:55.065,1.36385,1.36445,3.20,1.60
2008.12.15 10:37:55.355,1.36375,1.3642,6.60,1.60
2008.12.15 10:37:55.655,1.3638,1.3644,1.60,8.80
2008.12.15 10:37:55.995,1.36385,1.36435,1.60,3.20
2008.12.15 10:37:56.335,1.36385,1.3645,1.60,6.40
2008.12.15 10:37:56.805,1.36385,1.36445,1.60,1.60
2008.12.15 10:37:57.035,1.36385,1.3643,1.60,1.60
2008.12.15 10:37:57.325,1.36385,1.3643,1.60,2.40
2008.12.15 10:37:57.785,1.36385,1.3642,1.60,1.60
2008.12.15 10:37:58.175,1.3639,1.3645,1.60,8.00
2008.12.15 10:37:58.525,1.364,1.3646,1.60,6.40
2008.12.15 10:37:58.864,1.3641,1.3647,1.60,6.40
2008.12.15 10:37:59.604,1.364,1.36445,1.60,1.60
2008.12.15 10:37:59.894,1.36395,1.36435,1.60,1.60
2008.12.15 10:38:00.124,1.3639,1.36435,1.60,4.80
2008.12.15 10:38:00.524,1.3639,1.36435,1.60,1.60
2008.12.15 10:38:00.874,1.36405,1.36445,1.60,6.40
2008.12.15 10:38:01.164,1.364,1.36435,1.60,1.60
2008.12.15 10:38:02.594,1.3641,1.36475,1.60,8.80
2008.12.15 10:38:02.894,1.3641,1.36475,1.60,3.20
2008.12.15 10:38:04.093,1.36405,1.3645,1.60,1.60
2008.12.15 10:38:04.803,1.3638,1.3643,3.40,1.60
2008.12.15 10:38:05.273,1.3639,1.3645,1.60,7.20
2008.12.15 10:38:05.603,1.36375,1.3644,4.80,1.60
2008.12.15 10:38:05.943,1.3639,1.3644,1.60,1.60
2008.12.15 10:38:06.303,1.36405,1.3644,1.60,1.60
2008.12.15 10:38:06.703,1.3637,1.36435,6.40,1.60
2008.12.15 10:38:06.943,1.3638,1.36445,1.60,13.60
2008.12.15 10:38:07.243,1.36365,1.36415,9.00,1.60
2008.12.15 10:38:07.482,1.3636,1.3644,1.60,8.00
2008.12.15 10:38:07.733,1.3637,1.36435,4.80,1.60
2008.12.15 10:38:08.122,1.36385,1.36455,1.60,6.40
2008.12.15 10:38:08.572,1.36375,1.36425,5.00,1.60
2008.12.15 10:38:08.912,1.36375,1.36425,1.60,1.60
2008.12.15 10:38:09.702,1.3638,1.3642,1.60,1.60
2008.12.15 10:38:09.992,1.3638,1.3641,4.80,2.40
2008.12.15 10:38:10.462,1.36365,1.364,6.40,1.60
2008.12.15 10:38:10.792,1.3637,1.3641,6.40,3.20
2008.12.15 10:38:11.022,1.36375,1.36425,1.60,6.40
2008.12.15 10:38:11.202,1.3639,1.36435,4.00,6.40
2008.12.15 10:38:11.542,1.3639,1.3648,7.20,13.60
2008.12.15 10:38:11.932,1.3639,1.3647,3.20,2.40
2008.12.15 10:38:12.231,1.36385,1.3647,5.00,5.60
2008.12.15 10:38:12.571,1.3639,1.3647,3.20,3.20
2008.12.15 10:38:13.191,1.3639,1.36445,3.20,1.60
2008.12.15 10:38:13.591,1.36365,1.36445,11.20,1.60
2008.12.15 10:38:13.771,1.3638,1.36445,4.00,1.60
2008.12.15 10:38:14.051,1.3638,1.36445,9.00,1.60
2008.12.15 10:38:14.331,1.36385,1.36435,6.40,1.60
2008.12.15 10:38:14.661,1.36395,1.36465,5.00,2.40
2008.12.15 10:38:14.971,1.36385,1.3646,6.40,8.80
2008.12.15 10:38:15.350,1.3639,1.3647,3.20,8.80
2008.12.15 10:38:16.430,1.3639,1.3646,9.60,3.20
2008.12.15 10:38:16.770,1.36395,1.3647,3.20,10.40
2008.12.15 10:38:17.000,1.36395,1.36465,5.00,3.20
2008.12.15 10:38:17.750,1.36395,1.36455,5.00,1.60
2008.12.15 10:38:17.980,1.36395,1.3644,3.20,1.60
2008.12.15 10:38:18.320,1.3638,1.36435,9.60,1.60
2008.12.15 10:38:18.730,1.36375,1.36435,6.40,1.60
2008.12.15 10:38:19.290,1.3637,1.36425,8.00,1.60
2008.12.15 10:38:19.799,1.3637,1.36435,9.60,12.00
2008.12.15 10:38:20.030,1.3637,1.3643,9.60,1.60
2008.12.15 10:38:21.429,1.3637,1.3643,8.00,1.60
2008.12.15 10:38:22.050,1.3637,1.3643,8.00,3.20
2008.12.15 10:38:22.229,1.3637,1.3643,1.60,3.20
2008.12.15 10:38:23.099,1.36365,1.36415,1.60,1.60
2008.12.15 10:38:23.829,1.3637,1.3643,1.60,6.40
2008.12.15 10:38:24.238,1.36365,1.36415,1.60,1.60
2008.12.15 10:38:24.518,1.3637,1.36425,1.60,6.40
2008.12.15 10:38:24.878,1.36365,1.36415,1.60,1.60
2008.12.15 10:38:25.498,1.3638,1.36415,1.60,1.60
2008.12.15 10:38:25.968,1.3637,1.3641,3.20,1.60
2008.12.15 10:38:26.188,1.3638,1.3644,1.60,12.00
2008.12.15 10:38:26.468,1.3638,1.36435,1.60,1.60
2008.12.15 10:38:27.448,1.3637,1.36415,6.40,1.60
2008.12.15 10:38:27.678,1.3637,1.36415,1.60,1.60
2008.12.15 10:38:27.958,1.36365,1.36405,1.60,1.60
2008.12.15 10:38:29.077,1.3636,1.364,1.60,1.60
2008.12.15 10:38:29.427,1.3636,1.36415,1.60,10.40
2008.12.15 10:38:30.297,1.3636,1.36395,1.60,1.60
2008.12.15 10:38:30.637,1.3636,1.36405,1.60,3.20
2008.12.15 10:38:31.627,1.36375,1.3642,1.60,6.40
2008.12.15 10:38:31.787,1.3636,1.3641,1.60,1.60
2008.12.15 10:38:32.006,1.3636,1.364,1.60,1.60
2008.12.15 10:38:33.036,1.3636,1.36415,1.60,6.40
2008.12.15 10:38:35.506,1.36375,1.3643,1.60,13.60
2008.12.15 10:38:35.856,1.36375,1.36425,1.60,1.60
2008.12.15 10:38:36.196,1.36375,1.36445,1.60,12.00
2008.12.15 10:38:36.485,1.36375,1.3644,1.60,1.60
2008.12.15 10:38:38.155,1.36385,1.3645,1.60,12.00
2008.12.15 10:38:38.395,1.36385,1.36445,1.60,4.80
2008.12.15 10:38:38.735,1.36375,1.3644,6.60,1.60
2008.12.15 10:38:39.245,1.36375,1.3644,1.60,1.60
2008.12.15 10:38:40.275,1.3638,1.3645,8.00,8.80
2008.12.15 10:38:40.554,1.3639,1.3644,7.20,3.20
2008.12.15 10:38:40.844,1.3639,1.3648,7.20,8.80
2008.12.15 10:38:41.134,1.36395,1.3648,9.00,5.60
2008.12.15 10:38:42.594,1.364,1.3647,1.60,5.60
2008.12.15 10:38:42.934,1.364,1.3647,4.00,4.80
2008.12.15 10:38:43.224,1.364,1.36465,3.20,1.60
2008.12.15 10:38:43.634,1.36395,1.36455,9.00,1.60
2008.12.15 10:38:44.034,1.3639,1.3647,8.80,16.80
2008.12.15 10:38:44.454,1.36395,1.36465,9.00,4.80
2008.12.15 10:38:44.863,1.3639,1.36465,8.80,11.20
2008.12.15 10:38:45.493,1.3639,1.3645,8.80,1.60
2008.12.15 10:38:45.754,1.3639,1.3645,1.60,1.60
2008.12.15 10:38:47.203,1.3638,1.3644,9.60,1.60
2008.12.15 10:38:47.603,1.3639,1.3644,1.60,1.60
2008.12.15 10:38:47.963,1.36395,1.3644,1.60,3.20
2008.12.15 10:38:48.363,1.36405,1.36485,4.00,9.60
2008.12.15 10:38:48.753,1.36405,1.36475,10.60,1.60
2008.12.15 10:38:49.172,1.36415,1.365,5.00,8.80
2008.12.15 10:38:49.462,1.36415,1.3648,5.00,2.40
2008.12.15 10:38:49.683,1.3641,1.3648,3.20,5.60
2008.12.15 10:38:50.032,1.36405,1.3648,9.00,7.20
2008.12.15 10:38:51.032,1.36405,1.3648,9.00,8.80
2008.12.15 10:38:51.452,1.36405,1.36475,5.00,2.40
2008.12.15 10:38:51.682,1.364,1.3647,3.20,3.20
2008.12.15 10:38:52.882,1.364,1.3646,3.20,1.60
2008.12.15 10:38:53.272,1.364,1.36475,3.20,10.40
2008.12.15 10:38:53.571,1.364,1.3647,3.20,4.80
2008.12.15 10:38:53.931,1.364,1.3647,3.20,7.20
2008.12.15 10:38:54.401,1.36395,1.3647,10.60,7.20
2008.12.15 10:38:56.121,1.36395,1.36465,5.00,2.40
2008.12.15 10:38:56.291,1.364,1.36465,1.80,5.60
2008.12.15 10:38:56.351,1.3639,1.36465,7.20,8.80
2008.12.15 10:38:56.601,1.3639,1.3646,3.20,3.20
2008.12.15 10:38:58.370,1.3639,1.36445,1.80,7.20
2008.12.15 10:38:58.550,1.36375,1.36445,6.40,10.40
2008.12.15 10:38:58.720,1.3637,1.3644,7.20,1.60
2008.12.15 10:38:58.940,1.36365,1.3644,20.20,7.20
2008.12.15 10:39:00.910,1.36365,1.3644,17.00,7.20
2008.12.15 10:39:06.038,1.36365,1.36435,15.40,1.60
2008.12.15 10:39:06.268,1.36365,1.36435,11.40,4.00
2008.12.15 10:39:06.438,1.36365,1.36435,6.40,10.40
2008.12.15 10:39:06.668,1.3636,1.3641,8.80,1.60
2008.12.15 10:39:06.848,1.3636,1.3642,4.80,8.00
2008.12.15 10:39:07.258,1.3636,1.36415,1.60,3.20
2008.12.15 10:39:07.538,1.3636,1.36415,1.60,4.80
2008.12.15 10:39:08.058,1.3636,1.36395,1.60,1.60
2008.12.15 10:39:08.288,1.36355,1.36405,1.60,8.00
2008.12.15 10:39:09.788,1.36355,1.364,1.60,4.80
2008.12.15 10:39:13.367,1.36355,1.364,1.60,3.20
2008.12.15 10:39:13.666,1.36355,1.36395,1.60,5.60
2008.12.15 10:39:14.066,1.36355,1.36405,1.60,6.40
2008.12.15 10:39:18.695,1.36355,1.364,1.60,3.20
2008.12.15 10:39:19.105,1.3633,1.36395,6.40,2.40
2008.12.15 10:39:19.455,1.36325,1.3641,9.60,15.20
2008.12.15 10:39:19.985,1.36325,1.364,3.20,3.20
2008.12.15 10:39:20.255,1.36325,1.364,15.40,5.60
2008.12.15 10:39:21.975,1.36325,1.364,15.40,7.20
2008.12.15 10:39:22.085,1.36325,1.36395,11.40,2.40
2008.12.15 10:39:22.384,1.36325,1.36395,9.60,5.60
2008.12.15 10:39:22.554,1.36325,1.36395,6.40,8.80
2008.12.15 10:39:22.894,1.36325,1.3639,6.40,2.40
2008.12.15 10:39:23.114,1.36325,1.3639,6.40,5.60
2008.12.15 10:39:23.284,1.36325,1.3639,8.00,5.60
2008.12.15 10:39:23.764,1.36335,1.3639,1.60,3.20
2008.12.15 10:39:24.094,1.36335,1.3641,10.60,12.00
2008.12.15 10:39:27.274,1.36335,1.36405,10.60,4.80
2008.12.15 10:39:28.243,1.3634,1.36415,3.20,13.60
2008.12.15 10:39:28.583,1.3634,1.36415,8.80,10.40
2008.12.15 10:39:29.803,1.3634,1.3641,3.20,2.40
2008.12.15 10:39:30.023,1.36335,1.36405,9.00,1.60
2008.12.15 10:39:30.193,1.36335,1.364,5.80,3.20
2008.12.15 10:39:30.423,1.3634,1.364,1.80,5.60
2008.12.15 10:39:30.822,1.36325,1.364,14.60,5.60
2008.12.15 10:39:31.432,1.36335,1.364,10.60,1.60
2008.12.15 10:39:31.772,1.36335,1.364,3.40,3.20
2008.12.15 10:39:32.062,1.36335,1.364,1.60,3.20
2008.12.15 10:39:32.862,1.3633,1.364,7.20,3.20
2008.12.15 10:39:33.142,1.36325,1.36395,11.40,5.60
2008.12.15 10:39:33.382,1.36335,1.3639,1.60,3.20
2008.12.15 10:39:33.742,1.36335,1.36405,1.60,15.20
2008.12.15 10:39:33.971,1.3633,1.364,4.80,3.20
2008.12.15 10:39:34.212,1.3633,1.364,1.60,6.40
2008.12.15 10:39:35.651,1.36345,1.36395,1.60,8.80
2008.12.15 10:39:36.091,1.36345,1.36395,1.60,1.60
2008.12.15 10:39:36.201,1.36335,1.36405,7.20,8.00
2008.12.15 10:39:36.321,1.3633,1.364,3.40,3.20
2008.12.15 10:39:36.491,1.3633,1.364,1.60,3.20
2008.12.15 10:39:37.351,1.36335,1.36395,1.60,1.60
2008.12.15 10:39:37.691,1.3634,1.36405,1.60,8.00
2008.12.15 10:39:38.470,1.3634,1.364,1.60,1.60
2008.12.15 10:39:39.410,1.3634,1.364,1.60,3.20
2008.12.15 10:39:39.650,1.3634,1.3639,1.60,5.60
2008.12.15 10:39:40.030,1.36315,1.3639,8.00,8.80
2008.12.15 10:39:40.200,1.36315,1.3639,8.00,7.20
2008.12.15 10:39:40.380,1.36315,1.36375,8.00,1.60
2008.12.15 10:39:40.610,1.36315,1.36375,9.60,1.60
2008.12.15 10:39:41.780,1.36325,1.36375,1.60,1.60
2008.12.15 10:39:42.700,1.3632,1.36375,3.20,1.60
2008.12.15 10:39:42.760,1.3632,1.36375,1.60,1.60
2008.12.15 10:39:43.439,1.3632,1.36385,8.00,8.80
2008.12.15 10:39:43.729,1.3632,1.36385,8.00,10.40
2008.12.15 10:39:44.079,1.3632,1.36385,8.00,12.00
2008.12.15 10:39:44.489,1.3632,1.36375,3.20,1.60
2008.12.15 10:39:44.939,1.3632,1.36375,1.60,1.60
2008.12.15 10:39:47.308,1.3632,1.3637,1.60,1.60
2008.12.15 10:39:52.267,1.36335,1.3638,1.60,3.20
2008.12.15 10:39:52.547,1.36325,1.36375,7.20,1.60
2008.12.15 10:39:52.767,1.3632,1.3639,9.00,6.40
2008.12.15 10:39:52.827,1.3632,1.36385,5.00,3.20
2008.12.15 10:39:53.337,1.3632,1.36385,3.40,3.20
2008.12.15 10:39:53.737,1.3632,1.36385,1.60,12.00
2008.12.15 10:39:54.297,1.3632,1.36385,8.00,10.40
2008.12.15 10:39:54.527,1.3632,1.36385,8.00,8.00
2008.12.15 10:39:54.757,1.3633,1.3638,1.60,1.60
2008.12.15 10:39:55.457,1.36325,1.36375,5.00,1.60
2008.12.15 10:39:55.736,1.3632,1.36375,3.40,1.60
2008.12.15 10:39:56.017,1.3632,1.36375,1.60,1.60
2008.12.15 10:39:56.396,1.3632,1.36375,1.60,4.00
2008.12.15 10:39:56.736,1.3632,1.36375,1.60,4.80
2008.12.15 10:39:57.026,1.3632,1.36375,1.60,1.60
2008.12.15 10:39:58.066,1.3632,1.36375,3.20,1.60
2008.12.15 10:39:58.376,1.36335,1.36385,1.60,13.60
2008.12.15 10:39:58.975,1.3632,1.3638,10.40,1.60
2008.12.15 10:39:59.325,1.36335,1.3638,1.60,1.60
2008.12.15 10:39:59.595,1.36325,1.36365,1.60,1.60
2008.12.15 10:39:59.986,1.3632,1.3638,3.20,4.80
2008.12.15 10:40:00.675,1.3632,1.3638,3.20,3.20
2008.12.15 10:40:01.035,1.3633,1.3638,7.20,3.20
2008.12.15 10:40:01.315,1.3634,1.364,4.80,8.00
2008.12.15 10:40:01.585,1.3634,1.36395,7.20,3.20
2008.12.15 10:40:01.755,1.3634,1.3639,4.80,1.60
2008.12.15 10:40:01.925,1.3634,1.3639,8.80,1.60
2008.12.15 10:40:02.315,1.3634,1.3639,8.80,3.20
2008.12.15 10:40:02.525,1.3634,1.3639,4.00,3.20
2008.12.15 10:40:02.815,1.36335,1.3639,9.00,3.20
2008.12.15 10:40:03.375,1.36345,1.364,1.60,3.20
2008.12.15 10:40:04.004,1.36345,1.364,1.60,1.60
2008.12.15 10:40:04.424,1.3636,1.364,1.60,1.60
2008.12.15 10:40:05.074,1.3637,1.3641,1.60,4.80
2008.12.15 10:40:05.434,1.3637,1.3641,1.60,1.60
2008.12.15 10:40:05.664,1.3637,1.36425,1.60,9.60
2008.12.15 10:40:06.014,1.3637,1.3642,1.60,1.60
2008.12.15 10:40:07.004,1.36375,1.3643,1.60,5.60
2008.12.15 10:40:07.394,1.36375,1.3643,5.60,3.20
2008.12.15 10:40:07.624,1.36375,1.3646,9.00,13.60
2008.12.15 10:40:07.904,1.3638,1.3645,3.20,1.60
2008.12.15 10:40:08.563,1.3638,1.3645,3.20,3.20
2008.12.15 10:40:09.033,1.36375,1.36445,9.00,1.60
2008.12.15 10:40:09.443,1.3637,1.36445,7.20,12.00
2008.12.15 10:40:10.084,1.3637,1.36445,7.20,10.40
2008.12.15 10:40:10.913,1.3637,1.36445,7.20,12.00
2008.12.15 10:40:11.353,1.3637,1.36445,7.20,13.60
2008.12.15 10:40:11.632,1.3637,1.36445,7.20,12.00
2008.12.15 10:40:14.732,1.3637,1.36435,7.20,1.60
2008.12.15 10:40:15.372,1.3637,1.3643,7.20,1.60
2008.12.15 10:40:15.771,1.3637,1.3643,3.20,1.60
2008.12.15 10:40:15.932,1.3637,1.3644,3.20,7.20
2008.12.15 10:40:16.262,1.3636,1.3642,7.20,1.60
2008.12.15 10:40:16.681,1.3635,1.3642,3.20,7.20
2008.12.15 10:40:17.071,1.36345,1.3642,5.00,5.60
2008.12.15 10:40:17.231,1.36345,1.36415,5.00,3.20
2008.12.15 10:40:19.590,1.3635,1.36425,3.20,12.00
2008.12.15 10:40:19.871,1.3635,1.3642,7.20,3.20
2008.12.15 10:40:20.030,1.3635,1.3643,7.20,16.80
2008.12.15 10:40:21.560,1.3635,1.36425,7.20,13.60
2008.12.15 10:40:25.269,1.3635,1.36415,7.20,1.60
2008.12.15 10:40:25.609,1.3635,1.36425,7.20,18.40
2008.12.15 10:40:25.899,1.3635,1.3642,4.00,6.40
2008.12.15 10:40:26.110,1.36345,1.3642,5.00,8.80
2008.12.15 10:40:26.469,1.36345,1.36415,5.00,3.20
2008.12.15 10:40:27.679,1.36345,1.36405,5.00,4.00
2008.12.15 10:40:27.919,1.3633,1.36395,6.40,10.40
2008.12.15 10:40:28.139,1.3633,1.36385,6.40,2.40
2008.12.15 10:40:28.369,1.3633,1.36385,6.40,5.60
2008.12.15 10:40:30.378,1.36345,1.36385,1.60,5.60
2008.12.15 10:40:30.548,1.36345,1.36385,1.60,3.20
2008.12.15 10:40:30.778,1.36345,1.36415,1.60,10.40
2008.12.15 10:40:33.217,1.36355,1.36405,1.60,1.60
2008.12.15 10:40:35.877,1.36365,1.36405,1.60,1.60
2008.12.15 10:40:36.166,1.36365,1.3642,1.60,4.80
2008.12.15 10:40:36.756,1.36365,1.36415,4.00,1.60
2008.12.15 10:40:36.936,1.36365,1.3641,6.60,1.60
2008.12.15 10:40:37.296,1.36365,1.3641,1.60,1.60
2008.12.15 10:40:38.266,1.36365,1.36425,1.60,3.20
2008.12.15 10:40:38.966,1.3636,1.3641,4.80,1.60
2008.12.15 10:40:39.256,1.3636,1.3641,1.60,1.60
2008.12.15 10:40:58.961,1.3636,1.364,1.60,1.60
2008.12.15 10:40:59.301,1.3636,1.364,1.60,3.20
2008.12.15 10:41:00.391,1.3636,1.364,1.60,1.60
2008.12.15 10:41:00.561,1.3636,1.36415,1.60,8.00
2008.12.15 10:41:01.091,1.3636,1.3641,1.60,1.60
2008.12.15 10:41:01.440,1.3635,1.36395,4.80,1.60
2008.12.15 10:41:01.820,1.3636,1.36395,3.20,1.60
2008.12.15 10:41:02.120,1.36335,1.36405,7.20,6.40
2008.12.15 10:41:02.410,1.3633,1.36405,9.00,3.20
2008.12.15 10:41:02.740,1.36335,1.36405,4.00,3.20
2008.12.15 10:41:03.040,1.36335,1.36405,8.80,3.20
2008.12.15 10:41:03.330,1.3634,1.36395,8.80,1.60
2008.12.15 10:41:03.860,1.3634,1.36395,4.80,1.60
2008.12.15 10:41:04.390,1.3634,1.36385,3.20,1.60
2008.12.15 10:41:04.720,1.36335,1.36385,5.00,1.60
2008.12.15 10:41:05.090,1.36335,1.36385,7.20,1.60
2008.12.15 10:41:05.360,1.36335,1.36385,5.80,1.60
2008.12.15 10:41:05.760,1.3633,1.36385,8.80,1.60
2008.12.15 10:41:06.039,1.3633,1.36385,3.20,1.60
2008.12.15 10:41:06.319,1.3633,1.36385,1.60,1.60
2008.12.15 10:41:08.079,1.36345,1.36395,1.60,11.20
2008.12.15 10:41:08.939,1.3633,1.36385,1.60,1.60
2008.12.15 10:41:11.928,1.36335,1.36375,1.60,1.60
2008.12.15 10:41:12.278,1.3635,1.36395,1.60,12.80
2008.12.15 10:41:12.728,1.36335,1.36385,1.60,1.60
2008.12.15 10:41:15.227,1.36335,1.36375,1.60,1.60
2008.12.15 10:41:16.077,1.3634,1.36385,1.60,3.20
2008.12.15 10:41:16.407,1.36335,1.36375,1.60,1.60
2008.12.15 10:41:18.926,1.36335,1.36375,5.60,1.60
2008.12.15 10:41:21.916,1.3635,1.36375,4.00,1.60
2008.12.15 10:41:22.426,1.36355,1.36395,4.00,6.40
2008.12.15 10:41:22.756,1.3635,1.3639,4.00,3.20
2008.12.15 10:41:23.265,1.36345,1.3638,4.00,1.60
2008.12.15 10:41:23.675,1.3634,1.36395,4.00,6.40
2008.12.15 10:41:23.975,1.36335,1.3639,8.80,3.20
2008.12.15 10:41:24.655,1.36335,1.3639,5.60,3.20
2008.12.15 10:41:25.075,1.36335,1.3639,8.80,3.20
2008.12.15 10:41:25.795,1.36345,1.36385,1.60,1.60
2008.12.15 10:41:26.095,1.36345,1.36385,5.60,1.60
2008.12.15 10:41:26.385,1.36345,1.36385,1.60,1.60
2008.12.15 10:41:27.414,1.36345,1.3638,1.60,1.60
2008.12.15 10:41:28.734,1.36345,1.3639,1.60,4.80
2008.12.15 10:41:28.914,1.36335,1.3638,1.60,1.60
2008.12.15 10:41:29.074,1.36335,1.36395,1.60,13.60
2008.12.15 10:41:30.004,1.36345,1.36385,1.60,1.60
2008.12.15 10:41:30.234,1.36335,1.36395,1.60,8.00
2008.12.15 10:41:30.524,1.3634,1.3638,1.60,1.60
2008.12.15 10:41:30.743,1.3634,1.3638,1.60,3.20
2008.12.15 10:41:31.084,1.36335,1.36375,1.60,1.60
2008.12.15 10:41:31.303,1.36325,1.36375,1.60,1.60
2008.12.15 10:41:31.633,1.36325,1.36365,1.60,1.60
2008.12.15 10:41:33.533,1.3633,1.36375,1.60,3.20
2008.12.15 10:41:34.593,1.36335,1.36385,1.60,4.80
2008.12.15 10:41:34.863,1.36335,1.3638,1.60,1.60
2008.12.15 10:41:36.552,1.36335,1.3638,1.60,3.20
2008.12.15 10:41:37.292,1.36335,1.36375,1.60,1.60
2008.12.15 10:41:38.252,1.36325,1.3636,1.60,1.60
2008.12.15 10:41:41.351,1.3634,1.3639,1.60,8.00
2008.12.15 10:41:41.581,1.36335,1.36385,1.60,1.60
2008.12.15 10:41:46.440,1.36335,1.36375,1.60,1.60
2008.12.15 10:41:47.060,1.3633,1.3637,1.60,1.60
2008.12.15 10:41:50.389,1.36335,1.3639,1.60,9.60
2008.12.15 10:41:50.569,1.36335,1.36385,1.60,1.60
2008.12.15 10:41:50.789,1.3635,1.36395,1.60,8.00
2008.12.15 10:41:50.909,1.36335,1.3638,1.60,1.60
2008.12.15 10:41:51.139,1.36335,1.3639,1.60,6.40
2008.12.15 10:41:52.828,1.36345,1.36385,1.60,1.60
2008.12.15 10:41:53.518,1.36335,1.36385,1.60,1.60
2008.12.15 10:41:57.817,1.36335,1.36385,1.60,3.20
2008.12.15 10:41:58.217,1.36335,1.3638,1.60,1.60
2008.12.15 10:41:58.537,1.36345,1.3639,1.60,6.40
2008.12.15 10:41:59.346,1.36345,1.36385,1.60,3.20
2008.12.15 10:42:00.567,1.36345,1.36385,1.60,1.60
2008.12.15 10:42:02.316,1.3635,1.36395,1.60,8.00
2008.12.15 10:42:03.176,1.36325,1.36385,4.80,3.20
2008.12.15 10:42:03.735,1.36325,1.36385,1.60,3.20
2008.12.15 10:42:04.596,1.3633,1.3637,1.60,1.60
2008.12.15 10:42:04.835,1.3633,1.36385,1.60,4.80
2008.12.15 10:42:06.265,1.3633,1.3638,1.60,3.20
2008.12.15 10:42:07.385,1.3633,1.3637,1.60,1.60
2008.12.15 10:42:09.034,1.3633,1.36365,1.60,1.60
2008.12.15 10:42:10.534,1.3633,1.36365,1.60,3.20
2008.12.15 10:42:10.984,1.3633,1.36365,1.60,1.60
2008.12.15 10:42:11.434,1.3633,1.36375,1.60,6.40
2008.12.15 10:42:12.073,1.3633,1.3636,1.60,1.60
2008.12.15 10:42:14.983,1.36335,1.3636,1.60,1.60
2008.12.15 10:42:15.773,1.36325,1.3636,1.60,1.60
2008.12.15 10:42:16.512,1.36335,1.3637,1.60,3.20
2008.12.15 10:42:16.972,1.3633,1.36365,1.60,1.60
2008.12.15 10:42:17.322,1.36335,1.3638,1.60,6.40
2008.12.15 10:42:17.842,1.36335,1.36365,1.60,1.60
2008.12.15 10:42:18.362,1.36335,1.36365,1.60,3.20
2008.12.15 10:42:18.652,1.36335,1.3636,1.60,1.60
2008.12.15 10:42:19.112,1.36325,1.3636,1.60,1.60
2008.12.15 10:42:19.392,1.36325,1.36375,1.60,6.40
2008.12.15 10:42:20.932,1.36325,1.3637,1.60,4.80
2008.12.15 10:42:21.231,1.36325,1.3637,1.60,3.20
2008.12.15 10:42:21.581,1.3633,1.36365,1.60,1.60
2008.12.15 10:42:21.862,1.3633,1.36365,3.20,1.60
2008.12.15 10:42:22.201,1.36325,1.36365,10.60,1.60
2008.12.15 10:42:22.591,1.36325,1.36365,5.00,3.20
2008.12.15 10:42:22.941,1.3633,1.36365,1.80,3.20
2008.12.15 10:42:23.171,1.3632,1.36365,1.60,1.60
2008.12.15 10:42:24.540,1.3632,1.36365,1.60,3.20
2008.12.15 10:42:26.260,1.3632,1.36365,1.60,1.60
2008.12.15 10:42:27.340,1.3633,1.36375,1.60,3.20
2008.12.15 10:42:28.210,1.3632,1.36365,1.60,1.60
2008.12.15 10:42:30.859,1.36325,1.36375,1.60,3.20
2008.12.15 10:42:31.199,1.3633,1.36385,1.60,13.60
2008.12.15 10:42:31.369,1.36325,1.3638,10.60,4.80
2008.12.15 10:42:31.659,1.36325,1.3638,3.40,4.80
2008.12.15 10:42:31.889,1.36325,1.3638,1.60,4.80
2008.12.15 10:42:35.068,1.36325,1.3638,1.60,3.20
2008.12.15 10:42:35.818,1.36325,1.3637,1.60,1.60
2008.12.15 10:42:38.777,1.36315,1.36365,10.40,1.60
2008.12.15 10:42:38.997,1.36325,1.36375,1.60,12.00
2008.12.15 10:42:39.638,1.3632,1.36365,1.60,1.60
2008.12.15 10:42:39.987,1.3633,1.36365,1.60,1.60
2008.12.15 10:42:40.397,1.3633,1.36375,1.60,3.20
2008.12.15 10:42:43.806,1.3634,1.36375,1.60,1.60
2008.12.15 10:42:44.156,1.36335,1.36375,1.60,1.60
2008.12.15 10:42:44.716,1.3633,1.3637,1.60,1.60
2008.12.15 10:42:46.225,1.3633,1.3638,1.60,4.80
2008.12.15 10:42:46.835,1.3633,1.3637,1.60,1.60
2008.12.15 10:42:47.475,1.3633,1.36365,1.60,1.60
2008.12.15 10:42:48.225,1.36325,1.3636,1.60,1.60
2008.12.15 10:42:50.244,1.36325,1.3636,5.60,1.60
2008.12.15 10:42:50.535,1.3633,1.36375,1.60,6.40
2008.12.15 10:42:50.954,1.36325,1.3637,1.60,1.60
2008.12.15 10:42:51.234,1.36325,1.3638,1.60,6.40
2008.12.15 10:42:51.524,1.36325,1.36375,10.60,1.60
2008.12.15 10:42:51.914,1.36325,1.3636,10.60,1.60
2008.12.15 10:42:52.264,1.36315,1.3635,5.00,1.60
2008.12.15 10:42:52.604,1.36305,1.3635,10.60,1.60
2008.12.15 10:42:53.174,1.3631,1.3635,7.20,1.60
2008.12.15 10:42:53.983,1.3631,1.3635,3.20,1.60
2008.12.15 10:42:54.223,1.36305,1.3633,10.60,1.60
2008.12.15 10:42:54.513,1.36305,1.36365,9.00,3.20
2008.12.15 10:42:54.963,1.36305,1.3635,5.00,1.60
2008.12.15 10:42:55.243,1.36305,1.3637,5.00,3.20
2008.12.15 10:42:55.593,1.36305,1.36355,9.00,1.60
2008.12.15 10:42:56.293,1.36305,1.3635,9.00,1.60
2008.12.15 10:42:56.643,1.3631,1.3635,4.00,1.60
2008.12.15 10:42:57.032,1.3631,1.3636,3.20,3.20
2008.12.15 10:42:57.313,1.36305,1.36355,9.00,1.60
2008.12.15 10:42:57.882,1.36305,1.3635,9.00,1.60
2008.12.15 10:42:58.672,1.36305,1.3635,5.00,1.60
2008.12.15 10:43:00.032,1.36305,1.36335,5.00,1.60
2008.12.15 10:43:00.502,1.36295,1.36335,5.00,1.60
2008.12.15 10:43:00.672,1.36305,1.36345,1.60,3.20
2008.12.15 10:43:00.782,1.36295,1.3634,9.00,1.60
2008.12.15 10:43:01.551,1.3631,1.36365,4.00,3.20
2008.12.15 10:43:01.941,1.3631,1.3635,7.20,1.60
2008.12.15 10:43:02.241,1.363,1.36345,3.20,1.60
2008.12.15 10:43:02.541,1.36305,1.3638,4.00,8.00
2008.12.15 10:43:02.891,1.36305,1.36345,9.00,1.60
2008.12.15 10:43:03.281,1.36305,1.3636,9.00,3.20
2008.12.15 10:43:03.571,1.36305,1.36355,5.00,1.60
2008.12.15 10:43:03.851,1.36305,1.36355,1.60,1.60
2008.12.15 10:43:04.241,1.36305,1.36345,9.00,1.60
2008.12.15 10:43:04.651,1.36305,1.36325,3.20,1.60
2008.12.15 10:43:05.061,1.3629,1.36345,1.60,5.60
2008.12.15 10:43:06.011,1.3629,1.36325,1.60,1.60
2008.12.15 10:43:07.050,1.36275,1.36325,1.60,1.60
2008.12.15 10:43:07.450,1.3627,1.3631,4.80,1.60
2008.12.15 10:43:07.990,1.36275,1.3632,1.60,3.20
2008.12.15 10:43:08.900,1.3628,1.3632,1.60,1.60
2008.12.15 10:43:09.650,1.36275,1.3632,1.60,1.60
2008.12.15 10:43:10.379,1.36275,1.3634,1.60,14.20
2008.12.15 10:43:10.600,1.3629,1.36335,1.60,8.00
2008.12.15 10:43:10.839,1.3629,1.36335,3.20,3.20
2008.12.15 10:43:11.139,1.36265,1.3633,9.00,1.60
2008.12.15 10:43:11.660,1.3626,1.3632,1.60,1.60
2008.12.15 10:43:12.069,1.3626,1.36305,3.40,1.60
2008.12.15 10:43:12.469,1.3627,1.36315,1.60,3.20
2008.12.15 10:43:14.748,1.3627,1.363,1.60,1.60
2008.12.15 10:43:15.838,1.3627,1.3631,3.20,3.20
2008.12.15 10:43:16.188,1.3627,1.3631,3.20,1.60
2008.12.15 10:43:16.538,1.3627,1.36305,1.60,1.60
2008.12.15 10:43:16.828,1.3627,1.36315,3.20,3.20
2008.12.15 10:43:19.137,1.36275,1.36315,1.60,1.60
2008.12.15 10:43:19.757,1.3628,1.3633,1.60,13.60
2008.12.15 10:43:22.356,1.3627,1.36325,3.20,1.60
2008.12.15 10:43:23.226,1.3627,1.36315,3.20,1.60
2008.12.15 10:43:24.416,1.3628,1.3633,1.60,3.20
2008.12.15 10:43:24.926,1.3628,1.36345,1.60,15.20
2008.12.15 10:43:25.156,1.3628,1.3633,1.60,3.20
2008.12.15 10:43:25.396,1.3629,1.36345,1.60,5.60
2008.12.15 10:43:25.616,1.3629,1.36345,1.60,2.40
2008.12.15 10:43:25.856,1.3629,1.36355,1.60,5.60
2008.12.15 10:43:26.076,1.36295,1.36365,1.60,12.00
2008.12.15 10:43:26.366,1.36295,1.36345,3.40,2.40
2008.12.15 10:43:26.826,1.363,1.36345,1.80,2.40
2008.12.15 10:43:27.156,1.3629,1.36345,1.80,2.40
2008.12.15 10:43:27.715,1.36285,1.36345,3.40,2.40
2008.12.15 10:43:28.365,1.36275,1.36335,3.40,3.20
2008.12.15 10:43:28.755,1.3628,1.3633,1.60,2.40
2008.12.15 10:43:29.145,1.3628,1.3634,1.60,8.80
2008.12.15 10:43:29.445,1.3628,1.3633,1.60,1.60
2008.12.15 10:43:30.005,1.3627,1.3632,3.40,2.40
2008.12.15 10:43:30.125,1.3627,1.3632,1.60,2.40
2008.12.15 10:43:30.355,1.3627,1.3633,1.60,5.60
2008.12.15 10:43:30.634,1.3627,1.3632,3.40,2.40
2008.12.15 10:43:31.145,1.3627,1.3633,1.60,7.20
2008.12.15 10:43:31.494,1.3627,1.36315,1.60,1.60
2008.12.15 10:43:31.925,1.3627,1.36315,1.60,4.00
2008.12.15 10:43:32.454,1.3627,1.3631,1.60,2.40
2008.12.15 10:43:32.854,1.3627,1.3631,1.60,1.60
2008.12.15 10:43:33.304,1.3627,1.3632,1.60,9.60
2008.12.15 10:43:33.594,1.3627,1.36315,1.60,1.60
2008.12.15 10:43:34.094,1.3628,1.3633,1.60,6.40
2008.12.15 10:43:34.374,1.36275,1.3633,6.60,4.00
2008.12.15 10:43:34.644,1.3627,1.3633,3.40,1.60
2008.12.15 10:43:34.974,1.3627,1.3633,1.60,7.20
2008.12.15 10:43:35.323,1.3627,1.3633,3.20,3.20
2008.12.15 10:43:35.483,1.36275,1.3633,4.00,3.20
2008.12.15 10:43:35.973,1.36275,1.3634,9.00,4.80
2008.12.15 10:43:36.433,1.3627,1.3633,3.40,1.60
2008.12.15 10:43:36.863,1.3627,1.36325,3.40,1.60
2008.12.15 10:43:37.193,1.3627,1.36335,1.60,16.80
2008.12.15 10:43:37.603,1.3627,1.3633,1.60,7.20
2008.12.15 10:43:37.883,1.3627,1.36315,1.60,1.60
2008.12.15 10:43:38.233,1.36275,1.3633,1.60,8.80
2008.12.15 10:43:38.343,1.36275,1.3634,1.60,6.40
2008.12.15 10:43:39.682,1.36275,1.3633,1.60,4.80
2008.12.15 10:43:41.412,1.36275,1.3633,10.60,3.20
2008.12.15 10:43:41.642,1.3629,1.36345,1.60,4.80
2008.12.15 10:43:41.992,1.3629,1.3634,1.60,1.60
2008.12.15 10:43:42.462,1.3629,1.3638,1.60,13.80
2008.12.15 10:43:42.642,1.3629,1.36375,1.60,1.60
2008.12.15 10:43:42.872,1.363,1.36365,1.60,1.60
2008.12.15 10:43:43.621,1.36305,1.36355,1.60,1.60
2008.12.15 10:43:47.991,1.363,1.36355,1.60,3.20
2008.12.15 10:43:48.400,1.36295,1.3635,10.60,1.60
2008.12.15 10:43:48.570,1.36295,1.3635,3.40,1.60
2008.12.15 10:43:48.810,1.36295,1.3635,1.60,1.60
2008.12.15 10:43:49.430,1.3629,1.3635,4.80,1.60
2008.12.15 10:43:49.761,1.36285,1.3634,6.60,1.60
2008.12.15 10:43:50.160,1.36285,1.3634,1.60,1.60
2008.12.15 10:43:53.479,1.36295,1.3635,1.60,6.40
2008.12.15 10:43:56.318,1.3629,1.36335,1.60,1.60
2008.12.15 10:43:57.129,1.3629,1.36335,1.60,4.00
2008.12.15 10:43:57.478,1.3628,1.3632,1.80,1.60
2008.12.15 10:43:57.598,1.36275,1.3633,1.60,6.40
2008.12.15 10:43:57.898,1.36275,1.36325,1.60,1.60
2008.12.15 10:43:58.128,1.36275,1.36325,1.60,4.00
2008.12.15 10:43:58.368,1.3627,1.3632,1.60,1.60
2008.12.15 10:44:00.728,1.3627,1.3631,1.60,1.60
2008.12.15 10:44:01.197,1.3627,1.3632,1.60,8.80
2008.12.15 10:44:01.477,1.3627,1.3631,1.60,1.60
2008.12.15 10:44:01.777,1.3627,1.3631,1.60,4.00
2008.12.15 10:44:02.187,1.3627,1.3632,1.60,8.80
2008.12.15 10:44:06.086,1.36275,1.3632,1.60,1.60
2008.12.15 10:44:06.706,1.3628,1.3632,1.60,1.60
2008.12.15 10:44:06.986,1.3628,1.3632,1.60,3.20
2008.12.15 10:44:07.326,1.3627,1.3631,3.40,1.60
2008.12.15 10:44:07.496,1.3627,1.3631,1.60,1.60
2008.12.15 10:44:07.736,1.3627,1.3631,1.60,3.20
2008.12.15 10:44:08.815,1.3627,1.3631,1.60,1.60
2008.12.15 10:44:13.404,1.3627,1.363,1.60,1.60
2008.12.15 10:44:13.684,1.3627,1.36295,1.60,1.60
2008.12.15 10:44:14.034,1.36265,1.36295,1.60,1.60
2008.12.15 10:44:16.064,1.36265,1.36305,1.60,3.20
2008.12.15 10:44:17.024,1.36265,1.36295,1.60,1.60
2008.12.15 10:44:18.533,1.36255,1.36295,1.60,1.60
2008.12.15 10:44:18.893,1.36245,1.36295,1.60,1.60
2008.12.15 10:44:19.113,1.3624,1.36295,1.60,1.60
2008.12.15 10:44:20.503,1.3625,1.36295,4.00,1.60
2008.12.15 10:44:20.722,1.36245,1.36295,1.60,1.60
2008.12.15 10:44:21.292,1.3624,1.36295,1.60,1.60
2008.12.15 10:44:26.721,1.36245,1.36295,1.60,1.60
2008.12.15 10:44:27.061,1.3624,1.36295,1.60,1.60
2008.12.15 10:44:30.470,1.3625,1.36295,4.00,1.60
2008.12.15 10:44:30.760,1.36265,1.36305,1.60,9.60
2008.12.15 10:44:31.100,1.3625,1.36295,1.80,1.60
2008.12.15 10:44:31.270,1.3624,1.36295,1.60,3.20
2008.12.15 10:44:31.500,1.3624,1.36295,1.60,5.60
2008.12.15 10:44:33.290,1.3624,1.36285,1.60,1.60
2008.12.15 10:44:36.839,1.3624,1.36285,1.00,1.60
2008.12.15 10:44:37.938,1.3624,1.36285,1.60,1.60
2008.12.15 10:44:41.617,1.3624,1.36285,1.60,3.20
2008.12.15 10:44:41.797,1.36235,1.36275,1.60,1.60
2008.12.15 10:44:43.347,1.3623,1.3627,1.60,1.60
2008.12.15 10:44:43.857,1.3622,1.3626,3.20,1.60
2008.12.15 10:44:44.287,1.36225,1.36275,1.60,3.20
2008.12.15 10:44:44.797,1.3622,1.3627,1.60,1.60
2008.12.15 10:44:45.597,1.3623,1.36285,1.60,15.20
2008.12.15 10:44:45.827,1.3623,1.3628,1.60,1.60
2008.12.15 10:44:50.915,1.3623,1.3627,1.60,1.60
2008.12.15 10:44:51.615,1.3623,1.36265,1.60,1.60
2008.12.15 10:44:51.845,1.36235,1.36275,1.60,3.20
2008.12.15 10:44:53.015,1.3623,1.36265,1.60,1.60
2008.12.15 10:44:53.984,1.3623,1.36275,1.60,3.20
2008.12.15 10:45:02.632,1.3624,1.36275,1.60,1.60
2008.12.15 10:45:08.441,1.3624,1.36275,1.60,3.20
2008.12.15 10:45:08.681,1.3624,1.36275,1.60,4.80
2008.12.15 10:45:08.961,1.3624,1.36275,1.60,3.20
2008.12.15 10:45:09.361,1.3624,1.36275,1.60,1.60
2008.12.15 10:45:18.249,1.3624,1.36285,1.60,3.20
2008.12.15 10:45:18.658,1.3624,1.3628,5.60,1.60
2008.12.15 10:45:18.938,1.3624,1.3628,8.80,1.60
2008.12.15 10:45:19.168,1.3624,1.3628,1.60,1.60
2008.12.15 10:45:19.338,1.3625,1.3629,1.60,3.20
2008.12.15 10:45:20.668,1.36255,1.3629,1.60,1.60
2008.12.15 10:45:30.746,1.3626,1.363,1.60,3.20
2008.12.15 10:45:31.436,1.36255,1.3629,1.60,1.60
2008.12.15 10:45:34.685,1.3625,1.3629,1.60,1.60
2008.12.15 10:45:36.824,1.3625,1.363,1.60,3.20
2008.12.15 10:45:38.204,1.3624,1.3629,8.80,1.60
2008.12.15 10:45:38.374,1.3624,1.3629,4.80,1.60
2008.12.15 10:45:38.604,1.3624,1.3629,1.60,1.60
2008.12.15 10:45:43.233,1.3625,1.363,1.60,3.20
2008.12.15 10:45:44.162,1.3625,1.3629,1.60,1.60
2008.12.15 10:45:46.602,1.3624,1.3628,1.60,1.60
2008.12.15 10:45:49.031,1.3625,1.36295,1.60,3.20
2008.12.15 10:45:53.840,1.3624,1.3628,1.60,1.60
2008.12.15 10:45:55.759,1.3624,1.36275,1.60,1.60
2008.12.15 10:45:56.449,1.3624,1.36285,1.60,3.20
2008.12.15 10:45:56.749,1.3624,1.36275,1.60,1.60
2008.12.15 10:46:00.159,1.36235,1.3627,1.60,1.60
2008.12.15 10:46:01.638,1.3624,1.3628,1.60,3.20
2008.12.15 10:46:04.507,1.36235,1.3627,1.60,1.60
2008.12.15 10:46:06.817,1.3624,1.3628,1.60,3.20
2008.12.15 10:46:10.266,1.36225,1.36275,1.60,1.60
2008.12.15 10:46:11.266,1.36235,1.36275,1.60,1.60
2008.12.15 10:46:11.856,1.36225,1.36275,1.60,1.60
2008.12.15 10:46:12.726,1.36225,1.36285,1.60,3.20
2008.12.15 10:46:13.125,1.36225,1.3628,3.20,1.60
2008.12.15 10:46:13.405,1.36225,1.3628,1.60,1.60
2008.12.15 10:46:13.685,1.36225,1.3628,3.20,1.60
2008.12.15 10:46:14.335,1.36235,1.3628,1.60,1.60
2008.12.15 10:46:14.686,1.36225,1.36275,1.60,1.60
2008.12.15 10:46:16.995,1.3623,1.3629,1.60,6.40
2008.12.15 10:46:18.174,1.36235,1.36285,4.00,1.60
2008.12.15 10:46:18.514,1.3624,1.36295,1.60,3.20
2008.12.15 10:46:19.374,1.3624,1.3628,1.60,1.60
2008.12.15 10:46:27.302,1.3624,1.36295,1.60,3.20
2008.12.15 10:46:27.482,1.3624,1.3628,1.60,1.60
2008.12.15 10:46:29.951,1.3624,1.36295,1.60,3.20
2008.12.15 10:46:34.250,1.3625,1.3629,1.60,1.60
2008.12.15 10:46:36.260,1.36235,1.36275,6.60,1.60
2008.12.15 10:46:36.320,1.36235,1.36265,5.00,1.60
2008.12.15 10:46:36.490,1.3624,1.36265,1.80,1.60
2008.12.15 10:46:36.720,1.36225,1.36265,3.20,1.60
2008.12.15 10:46:39.949,1.36225,1.36265,1.60,1.60
2008.12.15 10:46:43.068,1.36225,1.36265,3.20,1.60
2008.12.15 10:46:44.088,1.36235,1.36275,1.60,3.20
2008.12.15 10:46:44.538,1.36225,1.3627,3.20,1.60
2008.12.15 10:46:44.818,1.36225,1.36265,1.60,1.60
2008.12.15 10:46:46.697,1.36235,1.36265,1.60,1.60
2008.12.15 10:46:50.036,1.3623,1.36275,1.60,3.20
2008.12.15 10:46:52.536,1.3623,1.3627,3.20,1.60
2008.12.15 10:46:56.335,1.36225,1.36265,1.60,1.60
2008.12.15 10:46:58.924,1.3622,1.36265,1.60,1.60
2008.12.15 10:46:59.874,1.36225,1.36265,1.60,1.60
2008.12.15 10:47:00.114,1.36235,1.3628,1.60,3.20
2008.12.15 10:47:00.884,1.36235,1.3628,1.60,1.60
2008.12.15 10:47:01.784,1.3623,1.3629,1.60,8.00
2008.12.15 10:47:02.134,1.36215,1.36275,5.00,1.60
2008.12.15 10:47:02.534,1.36215,1.36275,4.80,1.60
2008.12.15 10:47:03.403,1.3622,1.36275,4.00,1.60
2008.12.15 10:47:03.693,1.3623,1.36275,1.60,1.60
2008.12.15 10:47:05.293,1.36215,1.36275,3.20,1.60
2008.12.15 10:47:05.703,1.36215,1.36275,1.60,1.60
2008.12.15 10:47:06.223,1.3621,1.3627,4.80,1.60
2008.12.15 10:47:06.582,1.3621,1.3627,1.60,1.60
2008.12.15 10:47:07.842,1.3621,1.3627,3.20,1.60
2008.12.15 10:47:08.082,1.36215,1.3627,5.60,1.60
2008.12.15 10:47:08.472,1.3622,1.3627,1.80,1.60
2008.12.15 10:47:08.712,1.36215,1.36265,1.60,1.60
2008.12.15 10:47:09.272,1.3621,1.36265,3.20,1.60
2008.12.15 10:47:09.622,1.36215,1.36295,10.60,8.80
2008.12.15 10:47:18.370,1.36215,1.3628,6.60,2.40
2008.12.15 10:47:18.710,1.36215,1.36265,3.40,2.40
2008.12.15 10:47:20.899,1.36215,1.36275,3.40,2.40
2008.12.15 10:47:21.899,1.36215,1.36265,3.40,2.40
2008.12.15 10:47:22.659,1.3622,1.36265,9.60,2.40
2008.12.15 10:47:22.769,1.3622,1.36275,9.60,2.40
2008.12.15 10:47:22.948,1.3622,1.36285,11.20,5.60
2008.12.15 10:47:23.059,1.3622,1.3628,9.60,3.20
2008.12.15 10:47:23.118,1.3623,1.3629,1.80,2.40
2008.12.15 10:47:24.608,1.36225,1.36285,5.00,2.40
2008.12.15 10:47:24.958,1.3623,1.36285,6.40,2.40
2008.12.15 10:47:26.118,1.36225,1.36285,8.20,2.40
2008.12.15 10:47:26.338,1.36225,1.3627,8.20,2.40
2008.12.15 10:47:26.458,1.36225,1.3627,6.40,2.40
2008.12.15 10:47:26.807,1.3622,1.3627,6.40,2.40
2008.12.15 10:47:27.138,1.36225,1.3627,6.40,2.40
2008.12.15 10:47:27.308,1.36225,1.3627,9.60,2.40
2008.12.15 10:47:28.167,1.36225,1.363,9.60,8.80
2008.12.15 10:47:28.587,1.3623,1.36295,6.40,5.60
2008.12.15 10:47:28.867,1.3623,1.36295,9.60,5.60
2008.12.15 10:47:31.306,1.36235,1.3629,3.20,5.60
2008.12.15 10:47:31.526,1.36235,1.3629,9.60,5.60
2008.12.15 10:47:32.806,1.3623,1.3629,9.60,5.60
2008.12.15 10:47:33.556,1.3623,1.3628,9.60,2.40
2008.12.15 10:47:33.796,1.3623,1.36275,9.60,2.40
2008.12.15 10:47:36.425,1.36225,1.3626,8.00,2.40
2008.12.15 10:47:36.715,1.36215,1.3625,6.40,2.40
2008.12.15 10:47:37.005,1.3621,1.36265,6.40,5.60
2008.12.15 10:47:37.305,1.362,1.3626,9.60,5.60
2008.12.15 10:47:37.605,1.36205,1.36255,6.40,2.40
2008.12.15 10:47:38.235,1.3621,1.36255,1.60,2.40
2008.12.15 10:47:38.565,1.36215,1.36255,1.60,2.40
2008.12.15 10:47:38.865,1.36215,1.3627,1.60,7.20
2008.12.15 10:47:39.335,1.3621,1.36255,1.80,3.20
2008.12.15 10:47:39.734,1.362,1.36255,3.20,2.40
2008.12.15 10:47:40.884,1.362,1.3625,3.20,4.00
2008.12.15 10:47:41.904,1.362,1.36245,3.20,2.40
2008.12.15 10:47:42.474,1.362,1.36245,1.60,4.00
2008.12.15 10:47:42.754,1.362,1.3624,1.60,1.60
2008.12.15 10:47:43.054,1.362,1.36235,1.60,2.40
2008.12.15 10:47:43.454,1.362,1.36245,1.60,3.20
2008.12.15 10:47:44.353,1.362,1.36255,1.60,13.60
2008.12.15 10:47:47.752,1.362,1.36235,1.60,1.60
2008.12.15 10:47:49.672,1.362,1.3622,1.60,1.60
2008.12.15 10:47:55.630,1.36175,1.3622,1.60,1.60
2008.12.15 10:47:59.070,1.3618,1.3622,3.20,1.60
2008.12.15 10:48:00.809,1.36185,1.3625,8.00,6.40
2008.12.15 10:48:01.049,1.362,1.36245,1.60,3.20
2008.12.15 10:48:01.220,1.362,1.36255,1.60,3.20
2008.12.15 10:48:02.599,1.362,1.36255,3.20,10.40
2008.12.15 10:48:02.839,1.362,1.36255,3.20,4.80
2008.12.15 10:48:03.129,1.362,1.36265,3.20,12.00
2008.12.15 10:48:03.359,1.36205,1.3626,1.60,7.20
2008.12.15 10:48:03.709,1.362,1.3626,1.60,5.60
2008.12.15 10:48:03.989,1.362,1.3627,1.60,12.00
2008.12.15 10:48:04.319,1.362,1.36265,3.20,10.40
2008.12.15 10:48:06.648,1.362,1.3626,1.60,1.60
2008.12.15 10:48:06.808,1.362,1.3626,1.60,4.00
2008.12.15 10:48:07.148,1.362,1.3626,1.60,7.20
2008.12.15 10:48:09.737,1.362,1.3626,1.60,1.60
2008.12.15 10:48:09.957,1.362,1.3626,1.60,7.20
2008.12.15 10:48:13.296,1.362,1.3626,1.60,5.60
2008.12.15 10:48:13.807,1.362,1.3626,1.60,3.20
2008.12.15 10:48:14.026,1.362,1.36275,3.40,12.00
2008.12.15 10:48:17.905,1.362,1.36255,3.40,1.60
2008.12.15 10:48:18.195,1.362,1.36265,3.40,3.20
2008.12.15 10:48:18.725,1.362,1.3626,1.60,3.20
2008.12.15 10:48:20.975,1.362,1.3626,1.60,1.60
2008.12.15 10:48:22.574,1.362,1.3626,1.60,3.20
2008.12.15 10:48:22.894,1.362,1.3625,1.60,1.60
2008.12.15 10:48:25.883,1.362,1.3624,1.60,1.60
2008.12.15 10:48:27.813,1.362,1.36225,1.60,1.60
2008.12.15 10:48:27.923,1.362,1.3625,1.60,12.00
2008.12.15 10:48:28.513,1.362,1.36245,1.60,4.00
2008.12.15 10:48:28.743,1.362,1.36245,1.60,1.60
2008.12.15 10:48:29.142,1.362,1.36235,1.60,1.60
2008.12.15 10:48:29.432,1.362,1.3622,1.60,1.60
2008.12.15 10:48:29.822,1.36155,1.36205,7.20,1.60
2008.12.15 10:48:30.032,1.36135,1.36215,8.00,3.20
2008.12.15 10:48:30.363,1.3613,1.3621,7.20,1.60
2008.12.15 10:48:30.802,1.36145,1.362,1.60,1.60
2008.12.15 10:48:31.212,1.3614,1.362,7.20,1.60
2008.12.15 10:48:31.622,1.36135,1.362,3.20,1.60
2008.12.15 10:48:31.912,1.3614,1.36185,1.60,1.60
2008.12.15 10:48:32.152,1.3613,1.36185,4.80,1.60
2008.12.15 10:48:32.392,1.3613,1.36185,1.60,1.60
2008.12.15 10:48:32.752,1.3614,1.3618,1.60,1.60
2008.12.15 10:48:33.022,1.3614,1.3619,1.60,3.20
2008.12.15 10:48:33.372,1.36135,1.3617,3.20,1.60
2008.12.15 10:48:33.662,1.3614,1.36165,1.60,1.60
2008.12.15 10:48:33.952,1.3613,1.36165,3.20,1.60
2008.12.15 10:48:35.151,1.36135,1.36175,1.60,3.20
2008.12.15 10:48:35.711,1.36135,1.3616,1.60,1.60
2008.12.15 10:48:36.061,1.36125,1.3616,1.60,1.60
2008.12.15 10:48:36.501,1.3612,1.3617,1.60,3.20
2008.12.15 10:48:36.951,1.36125,1.36165,5.00,1.60
2008.12.15 10:48:37.231,1.3612,1.36165,1.60,1.60
2008.12.15 10:48:38.390,1.36135,1.3618,1.60,8.00
2008.12.15 10:48:38.740,1.3614,1.3618,1.60,3.20
2008.12.15 10:48:39.030,1.3614,1.3619,1.60,4.80
2008.12.15 10:48:40.890,1.3614,1.3618,1.60,1.60
2008.12.15 10:48:42.909,1.36145,1.3619,1.60,4.80
2008.12.15 10:48:43.649,1.3615,1.3619,1.60,3.20
2008.12.15 10:48:43.999,1.36145,1.3618,1.60,1.60
2008.12.15 10:48:44.579,1.36145,1.3619,1.60,3.20
2008.12.15 10:48:45.659,1.36155,1.36215,1.60,8.00
2008.12.15 10:48:46.139,1.36155,1.3623,5.60,11.20
2008.12.15 10:48:46.368,1.36155,1.36225,10.60,1.60
2008.12.15 10:48:46.988,1.3617,1.3622,4.00,1.60
2008.12.15 10:48:47.258,1.36175,1.3625,1.60,12.00
2008.12.15 10:48:47.888,1.3618,1.36245,4.00,1.60
2008.12.15 10:48:48.068,1.3618,1.36245,7.20,3.20
2008.12.15 10:48:48.178,1.3618,1.3626,7.20,10.40
2008.12.15 10:48:49.898,1.3618,1.36245,7.20,1.60
2008.12.15 10:48:50.007,1.3618,1.3623,1.80,1.60
2008.12.15 10:48:50.288,1.3617,1.3623,1.60,1.60
2008.12.15 10:48:51.427,1.36165,1.36225,5.00,1.60
2008.12.15 10:48:51.697,1.3616,1.36225,1.60,1.60
2008.12.15 10:48:52.227,1.36155,1.3621,1.60,1.60
2008.12.15 10:48:52.457,1.36155,1.3623,1.60,12.00
2008.12.15 10:48:52.627,1.36155,1.36225,8.00,1.60
2008.12.15 10:48:53.177,1.3617,1.36225,1.60,1.60
2008.12.15 10:48:56.046,1.36165,1.36205,1.60,1.60
2008.12.15 10:48:57.936,1.36155,1.362,9.60,1.60
2008.12.15 10:48:58.166,1.36155,1.362,3.20,1.60
2008.12.15 10:48:58.436,1.36165,1.3621,1.60,3.20
2008.12.15 10:49:01.205,1.3617,1.3622,1.60,3.20
2008.12.15 10:49:01.675,1.3617,1.36235,1.60,14.40
2008.12.15 10:49:02.005,1.3617,1.3623,1.60,3.20
2008.12.15 10:49:03.035,1.3617,1.3623,1.60,1.60
2008.12.15 10:49:03.754,1.36185,1.3623,1.60,1.60
2008.12.15 10:49:08.863,1.36185,1.3624,1.60,10.40
2008.12.15 10:49:09.093,1.36185,1.3622,1.60,1.60
2008.12.15 10:49:11.402,1.36185,1.36235,1.60,7.20
2008.12.15 10:49:11.572,1.3618,1.36215,1.60,1.60
2008.12.15 10:49:11.853,1.36185,1.36225,1.60,3.20
2008.12.15 10:49:14.412,1.36175,1.3621,3.20,1.60
2008.12.15 10:49:14.651,1.36175,1.3621,1.60,1.60
2008.12.15 10:49:15.181,1.3618,1.3622,1.60,3.20
2008.12.15 10:49:22.400,1.3617,1.3621,1.60,1.60
2008.12.15 10:49:22.570,1.36165,1.362,4.80,1.60
2008.12.15 10:49:22.720,1.36165,1.362,1.60,1.60
2008.12.15 10:49:23.599,1.3616,1.36195,3.20,1.60
2008.12.15 10:49:24.179,1.3616,1.3619,1.60,1.60
2008.12.15 10:49:24.700,1.36155,1.3619,1.60,1.60
2008.12.15 10:49:24.929,1.36145,1.3618,3.20,1.60
2008.12.15 10:49:25.209,1.3615,1.3619,1.60,3.20
2008.12.15 10:49:25.619,1.3614,1.36175,6.40,1.60
2008.12.15 10:49:25.939,1.3615,1.3619,1.60,3.20
2008.12.15 10:49:26.189,1.3614,1.36175,3.20,1.60
2008.12.15 10:49:26.469,1.3614,1.3619,4.80,3.20
2008.12.15 10:49:27.309,1.3614,1.36185,6.40,1.60
2008.12.15 10:49:27.529,1.3614,1.36185,4.80,1.60
2008.12.15 10:49:28.728,1.3614,1.36175,4.80,1.60
2008.12.15 10:49:29.078,1.3614,1.36175,3.20,1.60
2008.12.15 10:49:29.378,1.3614,1.36175,4.80,1.60
2008.12.15 10:49:30.878,1.3614,1.36175,3.20,1.60
2008.12.15 10:49:33.867,1.3614,1.36175,4.80,1.60
2008.12.15 10:49:34.097,1.36145,1.36175,1.60,1.60
2008.12.15 10:49:34.407,1.3614,1.36175,6.40,1.60
2008.12.15 10:49:34.637,1.3614,1.36175,4.80,1.60
2008.12.15 10:49:35.906,1.3614,1.36175,3.20,1.60
2008.12.15 10:49:39.615,1.3615,1.36195,1.60,6.40
2008.12.15 10:49:40.666,1.36145,1.3618,1.60,1.60
2008.12.15 10:49:41.005,1.3615,1.36195,1.60,3.20
2008.12.15 10:49:41.465,1.3615,1.36185,1.60,1.60
2008.12.15 10:49:42.095,1.3616,1.362,1.60,3.20
2008.12.15 10:49:48.634,1.36155,1.3619,1.60,1.60
2008.12.15 10:49:50.073,1.36145,1.3618,1.60,1.60
2008.12.15 10:49:50.773,1.36155,1.36195,1.60,3.20
2008.12.15 10:49:50.893,1.36155,1.3621,1.60,3.20
2008.12.15 10:49:51.053,1.36155,1.36205,3.20,1.60
2008.12.15 10:49:52.982,1.3616,1.3619,1.60,1.60
2008.12.15 10:49:54.572,1.3616,1.362,1.60,3.20
2008.12.15 10:49:54.973,1.3615,1.36185,1.60,1.60
2008.12.15 10:49:55.362,1.3614,1.36185,4.80,1.60
2008.12.15 10:49:55.932,1.36145,1.3618,1.60,1.60
2008.12.15 10:49:57.611,1.3614,1.3618,4.80,1.60
2008.12.15 10:50:02.410,1.3614,1.3617,3.20,1.60
2008.12.15 10:50:04.010,1.3614,1.36165,3.20,1.60
2008.12.15 10:50:04.739,1.36115,1.36155,1.60,1.60
2008.12.15 10:50:05.379,1.3612,1.36165,1.60,3.20
2008.12.15 10:50:05.719,1.36135,1.36175,3.20,3.20
2008.12.15 10:50:06.949,1.3614,1.36185,4.80,4.80
2008.12.15 10:50:07.239,1.3614,1.3618,4.80,1.60
2008.12.15 10:50:08.389,1.3614,1.3618,4.80,4.80
2008.12.15 10:50:08.509,1.3614,1.3617,3.20,1.60
2008.12.15 10:50:09.178,1.3614,1.36185,4.80,6.40
2008.12.15 10:50:09.448,1.3614,1.3618,4.80,1.60
2008.12.15 10:50:11.458,1.3614,1.3617,4.80,1.60
2008.12.15 10:50:11.638,1.3614,1.36165,3.20,1.60
2008.12.15 10:50:13.477,1.36115,1.36155,1.60,1.60
2008.12.15 10:50:13.638,1.36115,1.36165,1.60,4.80
2008.12.15 10:50:17.247,1.3612,1.3615,1.60,1.60
2008.12.15 10:50:26.774,1.3612,1.3615,3.20,1.60
2008.12.15 10:50:28.084,1.36125,1.3615,1.60,1.60
2008.12.15 10:50:28.314,1.3612,1.3617,3.20,3.20
2008.12.15 10:50:28.674,1.36135,1.3617,1.60,1.60
2008.12.15 10:50:29.313,1.36135,1.3617,3.20,1.60
2008.12.15 10:50:29.604,1.3614,1.3617,1.60,1.60
2008.12.15 10:50:29.953,1.36155,1.3618,1.60,5.60
2008.12.15 10:50:30.583,1.3615,1.36205,1.60,5.60
2008.12.15 10:50:30.933,1.36155,1.362,1.60,5.60
2008.12.15 10:50:31.223,1.36155,1.36215,1.60,12.00
2008.12.15 10:50:31.463,1.3615,1.362,1.60,1.60
2008.12.15 10:50:31.973,1.36155,1.362,1.60,1.60
2008.12.15 10:50:32.273,1.3615,1.36185,1.60,1.60
2008.12.15 10:50:32.903,1.36145,1.36185,3.20,1.60
2008.12.15 10:50:33.023,1.36155,1.36195,3.20,8.80
2008.12.15 10:50:34.732,1.3616,1.36205,3.20,6.40
2008.12.15 10:50:35.022,1.3616,1.36195,1.80,1.60
2008.12.15 10:50:35.422,1.3616,1.36185,1.80,1.60
2008.12.15 10:50:35.702,1.36135,1.3618,1.80,1.60
2008.12.15 10:50:36.103,1.36125,1.3618,1.60,1.60
2008.12.15 10:50:36.392,1.36125,1.36175,1.60,2.40
2008.12.15 10:50:36.682,1.36115,1.36175,3.40,2.40
2008.12.15 10:50:37.291,1.36125,1.36175,1.60,2.40
2008.12.15 10:50:37.552,1.3613,1.36185,1.60,5.60
2008.12.15 10:50:37.791,1.3613,1.36175,1.80,2.40
2008.12.15 10:50:38.431,1.3612,1.36175,3.40,1.60
2008.12.15 10:50:38.842,1.3612,1.36175,1.60,1.60
2008.12.15 10:50:39.581,1.3612,1.36185,3.20,12.00
2008.12.15 10:50:40.451,1.3612,1.36175,1.60,1.60
2008.12.15 10:50:42.201,1.3612,1.36165,1.60,1.60
2008.12.15 10:50:46.560,1.3612,1.3616,1.60,1.60
2008.12.15 10:50:47.839,1.3612,1.3617,1.60,12.00
2008.12.15 10:50:47.899,1.3612,1.36165,1.60,8.00
2008.12.15 10:50:48.139,1.3612,1.36165,1.60,4.80
2008.12.15 10:50:48.259,1.3612,1.36165,1.60,1.60
2008.12.15 10:50:55.637,1.3612,1.3616,1.60,1.60
2008.12.15 10:50:56.008,1.3612,1.3617,1.60,12.00
2008.12.15 10:50:56.447,1.3612,1.36165,1.60,1.60
2008.12.15 10:51:00.006,1.3612,1.3615,1.60,1.60
2008.12.15 10:51:01.276,1.36135,1.3617,1.60,8.80
2008.12.15 10:51:01.516,1.3612,1.36185,9.00,3.20
2008.12.15 10:51:01.696,1.36115,1.3618,3.20,1.60
2008.12.15 10:51:01.976,1.36125,1.3618,1.60,1.60
2008.12.15 10:51:02.336,1.3613,1.3619,1.60,4.80
2008.12.15 10:51:02.576,1.3613,1.3619,1.60,1.60
2008.12.15 10:51:03.465,1.36125,1.36175,10.60,1.60
2008.12.15 10:51:03.805,1.3614,1.36195,1.60,6.40
2008.12.15 10:51:03.985,1.3614,1.36205,1.60,6.40
2008.12.15 10:51:05.575,1.3614,1.36185,1.60,1.60
2008.12.15 10:51:05.975,1.3613,1.3618,1.60,1.60
2008.12.15 10:51:07.865,1.36125,1.36175,5.00,1.60
2008.12.15 10:51:08.034,1.36125,1.36175,3.20,1.60
2008.12.15 10:51:08.154,1.3612,1.36175,3.40,1.60
2008.12.15 10:51:08.324,1.36125,1.36175,4.00,1.60
2008.12.15 10:51:08.625,1.3614,1.36185,1.60,3.20
2008.12.15 10:51:11.104,1.36135,1.36175,5.00,1.60
2008.12.15 10:51:11.403,1.3615,1.3619,1.60,3.20
2008.12.15 10:51:12.463,1.3614,1.3618,3.20,1.60
2008.12.15 10:51:15.902,1.3614,1.3617,1.60,1.60
2008.12.15 10:51:16.192,1.3614,1.3619,1.60,6.40
2008.12.15 10:51:16.582,1.36135,1.36185,1.60,1.60
2008.12.15 10:51:17.172,1.36135,1.36185,3.20,1.60
2008.12.15 10:51:18.602,1.36135,1.3617,3.20,1.60
2008.12.15 10:51:19.752,1.3614,1.3618,3.20,3.20
2008.12.15 10:51:20.551,1.36145,1.36175,1.60,1.60
2008.12.15 10:51:23.841,1.36145,1.36165,1.60,1.60
2008.12.15 10:51:24.060,1.3612,1.36165,5.00,1.60
2008.12.15 10:51:24.401,1.36115,1.36165,1.60,1.60
2008.12.15 10:51:25.600,1.3612,1.36185,3.20,12.80
2008.12.15 10:51:26.890,1.3612,1.3618,3.20,1.60
2008.12.15 10:51:27.070,1.3612,1.3618,7.20,1.60
2008.12.15 10:51:27.650,1.3612,1.3617,4.80,1.60
2008.12.15 10:51:27.930,1.3612,1.3617,1.60,1.60
2008.12.15 10:51:28.339,1.3612,1.36165,1.60,1.60
2008.12.15 10:51:29.879,1.3612,1.3615,1.60,1.60
2008.12.15 10:51:31.619,1.3612,1.3616,1.60,8.80
2008.12.15 10:51:32.648,1.3612,1.36145,1.60,1.60
2008.12.15 10:51:33.168,1.3612,1.3614,1.60,1.60
2008.12.15 10:51:34.658,1.3612,1.3616,1.60,8.80
2008.12.15 10:51:34.888,1.3612,1.36155,3.20,1.60
2008.12.15 10:51:38.817,1.3612,1.36175,3.20,15.20
2008.12.15 10:51:38.987,1.3612,1.3617,3.20,1.60
2008.12.15 10:51:39.207,1.36135,1.3617,1.60,1.60
2008.12.15 10:51:40.846,1.36125,1.36165,1.60,1.60
2008.12.15 10:51:41.186,1.36125,1.36175,1.60,3.20
2008.12.15 10:51:48.864,1.36125,1.3619,1.60,12.80
2008.12.15 10:51:49.134,1.36125,1.36185,1.60,6.40
2008.12.15 10:51:49.364,1.36125,1.36185,1.60,3.20
2008.12.15 10:51:51.824,1.36125,1.3617,1.60,1.60
2008.12.15 10:51:54.644,1.3613,1.3618,1.60,3.20
2008.12.15 10:51:55.333,1.36125,1.3617,1.60,1.60
2008.12.15 10:51:56.743,1.36125,1.3619,1.60,15.20
2008.12.15 10:51:56.983,1.36125,1.36185,1.60,8.00
2008.12.15 10:51:57.153,1.36125,1.36185,1.60,1.60
2008.12.15 10:52:08.340,1.36125,1.3617,1.60,1.60
2008.12.15 10:52:14.009,1.36125,1.36185,6.60,1.60
2008.12.15 10:52:14.179,1.3613,1.36185,1.60,1.60
2008.12.15 10:52:15.228,1.3613,1.3617,1.60,1.60
2008.12.15 10:52:15.919,1.36125,1.3617,1.60,1.60
2008.12.15 10:52:16.218,1.3612,1.36145,1.60,1.60
2008.12.15 10:52:16.838,1.3611,1.3614,1.60,1.60
2008.12.15 10:52:17.288,1.3611,1.3614,1.60,1.60
2008.12.15 10:52:19.337,1.3612,1.3614,1.60,1.60
2008.12.15 10:52:19.797,1.3612,1.3615,1.60,3.20
2008.12.15 10:52:20.207,1.3612,1.3615,1.60,1.60
2008.12.15 10:52:21.956,1.3612,1.36145,1.60,1.60
2008.12.15 10:52:26.655,1.3611,1.36145,2.40,1.60
2008.12.15 10:52:31.794,1.3612,1.36145,1.60,1.60
2008.12.15 10:52:35.493,1.3611,1.36145,1.60,1.60
2008.12.15 10:52:36.353,1.3611,1.36135,1.60,1.60
2008.12.15 10:52:37.633,1.3612,1.36145,1.60,3.20
2008.12.15 10:52:37.813,1.3612,1.36145,1.60,1.60
2008.12.15 10:52:46.691,1.3611,1.36145,1.60,1.60
2008.12.15 10:52:56.688,1.3612,1.36145,1.60,1.60
2008.12.15 10:53:01.567,1.3611,1.36145,1.60,1.60
2008.12.15 10:53:01.977,1.3612,1.36145,1.60,1.60
2008.12.15 10:53:05.396,1.3611,1.36145,1.60,1.60
2008.12.15 10:53:05.976,1.3612,1.3616,1.60,4.80
2008.12.15 10:53:06.266,1.3612,1.3616,1.60,3.20
2008.12.15 10:53:06.686,1.3612,1.36155,1.60,1.60
2008.12.15 10:53:06.866,1.36125,1.3617,1.60,3.20
2008.12.15 10:53:07.725,1.36125,1.3618,1.60,6.40
2008.12.15 10:53:08.065,1.36125,1.36165,1.60,3.20
2008.12.15 10:53:08.745,1.3612,1.36165,4.80,1.60
2008.12.15 10:53:09.305,1.3612,1.3616,1.60,1.60
2008.12.15 10:53:10.195,1.3612,1.36175,1.60,9.60
2008.12.15 10:53:10.595,1.3612,1.3616,1.60,1.60
2008.12.15 10:53:10.935,1.3612,1.3617,1.60,6.40
2008.12.15 10:53:11.275,1.3612,1.36165,1.60,1.60
2008.12.15 10:53:11.805,1.3612,1.3616,1.60,1.60
2008.12.15 10:53:12.155,1.3612,1.36155,1.60,3.20
2008.12.15 10:53:12.384,1.3612,1.36155,1.60,1.60
2008.12.15 10:53:12.664,1.3612,1.3617,1.60,9.60
2008.12.15 10:53:12.944,1.3612,1.3616,1.60,3.20
2008.12.15 10:53:13.244,1.3612,1.36175,1.60,18.40
2008.12.15 10:53:15.124,1.3612,1.3617,1.60,4.80
2008.12.15 10:53:15.304,1.36125,1.3617,1.60,4.80
2008.12.15 10:53:15.594,1.36135,1.3619,1.60,6.40
2008.12.15 10:53:15.933,1.36135,1.3617,1.60,1.60
2008.12.15 10:53:17.513,1.36135,1.3618,1.60,3.20
2008.12.15 10:53:17.743,1.36125,1.36175,1.60,1.60
2008.12.15 10:53:18.383,1.36125,1.36175,1.60,3.20
2008.12.15 10:53:20.252,1.36125,1.36175,1.60,1.60
2008.12.15 10:53:20.722,1.36125,1.36165,1.60,1.60
2008.12.15 10:53:23.772,1.36125,1.36185,1.60,9.60
2008.12.15 10:53:23.951,1.36125,1.36185,1.60,2.40
2008.12.15 10:53:24.052,1.36125,1.36195,1.60,15.20
2008.12.15 10:53:24.222,1.36125,1.3619,1.60,7.20
2008.12.15 10:53:24.501,1.36125,1.36175,1.60,1.60
2008.12.15 10:53:24.551,1.3612,1.3616,7.20,1.60
2008.12.15 10:53:24.881,1.36125,1.36175,1.60,2.40
2008.12.15 10:53:25.231,1.3614,1.36195,1.60,5.60
2008.12.15 10:53:25.651,1.36155,1.36225,1.60,12.20
2008.12.15 10:53:26.211,1.36155,1.3622,1.60,1.60
2008.12.15 10:53:26.561,1.3615,1.362,3.20,1.60
2008.12.15 10:53:26.841,1.36115,1.3618,2.40,1.60
2008.12.15 10:53:27.081,1.36115,1.36165,1.00,1.60
2008.12.15 10:53:27.381,1.3611,1.36165,1.60,1.60
2008.12.15 10:53:28.071,1.3612,1.36185,1.60,8.80
2008.12.15 10:53:28.241,1.3612,1.3618,1.60,3.20
2008.12.15 10:53:28.741,1.3612,1.3618,5.60,3.20
2008.12.15 10:53:28.911,1.3612,1.362,10.40,8.80
2008.12.15 10:53:29.330,1.36125,1.36195,5.80,3.20
2008.12.15 10:53:29.620,1.36135,1.3621,7.20,12.00
2008.12.15 10:53:30.010,1.36125,1.362,15.40,5.60
2008.12.15 10:53:30.520,1.3613,1.362,4.80,4.80
2008.12.15 10:53:30.880,1.36135,1.3619,1.60,1.60
2008.12.15 10:53:31.230,1.3612,1.3619,12.80,4.00
2008.12.15 10:53:31.630,1.3612,1.3619,16.80,1.60
2008.12.15 10:53:32.050,1.3613,1.3619,1.60,1.60
2008.12.15 10:53:32.279,1.36125,1.36175,1.60,1.60
2008.12.15 10:53:36.658,1.36135,1.3617,1.60,1.60
2008.12.15 10:53:36.838,1.3613,1.36185,3.20,3.20
2008.12.15 10:53:37.059,1.3613,1.3618,7.20,1.60
2008.12.15 10:53:37.279,1.3614,1.3618,1.60,1.60
2008.12.15 10:53:38.898,1.3613,1.3618,3.20,1.60
2008.12.15 10:53:41.587,1.3613,1.3618,1.60,1.60
2008.12.15 10:53:42.047,1.36125,1.3618,3.20,1.60
2008.12.15 10:53:42.737,1.3613,1.3618,1.60,1.60
2008.12.15 10:53:45.346,1.36135,1.362,1.60,8.80
2008.12.15 10:53:45.866,1.3614,1.36195,4.00,6.40
2008.12.15 10:53:46.166,1.3615,1.3621,4.00,6.40
2008.12.15 10:53:46.506,1.3615,1.36205,4.00,1.60
2008.12.15 10:53:47.426,1.36145,1.36195,12.00,1.60
2008.12.15 10:53:47.656,1.36145,1.36195,2.40,1.60
2008.12.15 10:53:48.236,1.36145,1.36195,1.00,1.60
2008.12.15 10:53:48.585,1.3614,1.36195,5.60,1.60
2008.12.15 10:53:50.115,1.3614,1.3619,4.00,1.60
2008.12.15 10:53:50.345,1.36135,1.3619,2.40,1.60
2008.12.15 10:53:55.234,1.3614,1.362,1.60,6.40
2008.12.15 10:53:55.694,1.3614,1.36195,5.60,1.60
2008.12.15 10:53:56.034,1.36145,1.36195,1.60,1.60
2008.12.15 10:53:56.254,1.3614,1.36195,8.80,1.60
2008.12.15 10:53:56.604,1.3614,1.36195,5.60,1.60
2008.12.15 10:53:56.834,1.36145,1.36195,1.60,1.60
2008.12.15 10:53:57.064,1.36145,1.36195,5.60,1.60
2008.12.15 10:53:57.953,1.3614,1.3619,3.20,1.60
2008.12.15 10:53:58.303,1.36135,1.3619,20.80,1.60
2008.12.15 10:53:58.473,1.36135,1.3619,11.20,1.60
2008.12.15 10:53:59.343,1.36135,1.3619,7.20,1.60
2008.12.15 10:53:59.743,1.36135,1.3619,4.00,1.60
2008.12.15 10:54:00.773,1.36135,1.3619,10.40,1.60
2008.12.15 10:54:01.392,1.36135,1.3619,12.00,1.60
2008.12.15 10:54:02.142,1.36145,1.362,1.60,8.80
2008.12.15 10:54:07.661,1.3616,1.36195,1.60,1.60
2008.12.15 10:54:07.991,1.3615,1.36195,1.60,1.60
2008.12.15 10:54:10.470,1.36155,1.36215,1.60,12.00
2008.12.15 10:54:10.690,1.36165,1.3621,1.60,1.60
2008.12.15 10:54:11.030,1.3617,1.3621,1.60,1.60
2008.12.15 10:54:16.819,1.36155,1.36195,3.20,1.60
2008.12.15 10:54:18.478,1.36155,1.36195,1.60,1.60
2008.12.15 10:54:18.998,1.36145,1.36195,1.60,1.60
2008.12.15 10:54:19.458,1.3614,1.36185,2.40,1.60
2008.12.15 10:54:20.888,1.36145,1.36175,1.60,1.60
2008.12.15 10:54:21.278,1.36135,1.36175,3.20,1.60
2008.12.15 10:54:22.587,1.36135,1.36175,1.60,1.60
2008.12.15 10:54:22.748,1.36135,1.3619,1.60,3.20
2008.12.15 10:54:24.787,1.36135,1.36185,3.20,1.60
2008.12.15 10:54:25.717,1.3614,1.36185,1.60,1.60
2008.12.15 10:54:26.656,1.3614,1.362,1.60,6.40
2008.12.15 10:54:26.897,1.36145,1.36185,1.60,1.60
2008.12.15 10:54:27.406,1.3614,1.36185,1.60,1.60
2008.12.15 10:54:28.556,1.3614,1.36205,1.60,13.60
2008.12.15 10:54:28.916,1.3614,1.362,1.60,1.60
2008.12.15 10:54:38.023,1.3615,1.362,1.60,1.60
2008.12.15 10:54:38.414,1.3614,1.362,1.60,1.60
2008.12.15 10:54:38.884,1.3614,1.3621,5.60,3.20
2008.12.15 10:54:39.003,1.3614,1.36205,7.20,3.20
2008.12.15 10:54:39.173,1.3614,1.3622,10.40,12.00
2008.12.15 10:54:39.463,1.3614,1.36215,10.40,12.00
2008.12.15 10:54:39.843,1.36145,1.36205,5.00,1.60
2008.12.15 10:54:40.193,1.3614,1.36205,1.60,1.60
2008.12.15 10:54:40.533,1.3614,1.36205,4.80,1.60
2008.12.15 10:54:41.603,1.3614,1.36205,6.40,1.60
2008.12.15 10:54:42.683,1.3614,1.36205,4.80,7.20
2008.12.15 10:54:42.743,1.3614,1.3619,4.80,1.60
2008.12.15 10:54:42.793,1.3614,1.3619,1.60,1.60
2008.12.15 10:54:45.922,1.3614,1.3619,3.20,3.20
2008.12.15 10:54:46.442,1.3614,1.3619,1.60,1.60
2008.12.15 10:54:46.722,1.36135,1.36185,1.60,3.20
2008.12.15 10:54:47.081,1.36135,1.36185,1.60,1.60
2008.12.15 10:54:52.090,1.36135,1.3618,1.60,1.60
2008.12.15 10:54:52.210,1.36125,1.3616,5.00,1.60
2008.12.15 10:54:52.650,1.36125,1.3616,3.20,1.60
2008.12.15 10:54:52.940,1.36115,1.3616,1.60,1.60
2008.12.15 10:54:53.230,1.361,1.3615,3.20,1.60
2008.12.15 10:54:53.620,1.361,1.3615,1.60,1.60
2008.12.15 10:54:54.590,1.36085,1.36145,9.00,1.60
2008.12.15 10:54:55.490,1.36095,1.36145,1.60,1.60
2008.12.15 10:54:59.598,1.361,1.36145,1.60,1.60
2008.12.15 10:54:59.809,1.361,1.36135,1.60,1.60
2008.12.15 10:55:00.658,1.36095,1.36135,1.60,1.60
2008.12.15 10:55:01.109,1.36085,1.36135,6.60,1.60
2008.12.15 10:55:01.508,1.3609,1.3615,8.80,3.20
2008.12.15 10:55:02.728,1.36095,1.36145,5.00,1.60
2008.12.15 10:55:03.018,1.361,1.36145,1.80,1.60
2008.12.15 10:55:03.137,1.361,1.36145,1.60,1.60
2008.12.15 10:55:03.417,1.361,1.36135,1.60,1.60
2008.12.15 10:55:03.937,1.36085,1.36135,6.60,1.60
2008.12.15 10:55:04.227,1.36095,1.36135,1.60,1.60
2008.12.15 10:55:06.097,1.3608,1.3612,6.40,1.60
2008.12.15 10:55:06.437,1.3609,1.3615,1.60,9.60
2008.12.15 10:55:06.667,1.36085,1.3614,4.80,1.60
2008.12.15 10:55:06.967,1.36085,1.3614,3.20,1.60
2008.12.15 10:55:07.246,1.3609,1.3615,1.60,3.20
2008.12.15 10:55:10.006,1.36095,1.3613,1.60,1.60
2008.12.15 10:55:10.736,1.36085,1.36125,1.60,1.60
2008.12.15 10:55:11.656,1.36075,1.36125,3.20,1.60
2008.12.15 10:55:12.765,1.36085,1.36125,1.60,1.60
2008.12.15 10:55:15.735,1.36075,1.36125,1.60,1.60
2008.12.15 10:55:16.024,1.36075,1.36115,1.60,1.60
2008.12.15 10:55:17.004,1.3607,1.3611,3.20,1.60
2008.12.15 10:55:17.184,1.36065,1.3611,1.60,1.60
2008.12.15 10:55:19.473,1.36055,1.3611,6.40,1.60
2008.12.15 10:55:19.644,1.36055,1.36105,6.40,1.60
2008.12.15 10:55:19.993,1.3605,1.36105,11.20,1.60
2008.12.15 10:55:20.273,1.3605,1.36105,8.00,1.60
2008.12.15 10:55:21.533,1.36045,1.3609,11.20,1.60
2008.12.15 10:55:22.033,1.3605,1.36115,1.60,10.40
2008.12.15 10:55:22.253,1.3605,1.36115,1.60,4.00
2008.12.15 10:55:22.543,1.3605,1.36105,1.60,10.40
2008.12.15 10:55:22.893,1.3605,1.36105,1.60,1.60
2008.12.15 10:55:24.332,1.36045,1.36095,10.60,1.60
2008.12.15 10:55:24.603,1.36045,1.36095,3.40,1.60
2008.12.15 10:55:24.822,1.36045,1.36095,1.60,1.60
2008.12.15 10:55:32.221,1.3604,1.36095,1.60,1.60
2008.12.15 10:55:32.401,1.36035,1.3609,9.60,1.60
2008.12.15 10:55:32.700,1.36035,1.36085,6.40,1.60
2008.12.15 10:55:33.110,1.36025,1.36085,11.20,1.60
2008.12.15 10:55:34.840,1.36025,1.36085,8.00,1.60
2008.12.15 10:55:35.590,1.36025,1.36085,1.60,1.60
2008.12.15 10:55:35.990,1.36025,1.36075,1.60,1.60
2008.12.15 10:55:36.330,1.3603,1.36075,1.60,1.60
2008.12.15 10:55:36.680,1.3603,1.36085,1.60,3.20
2008.12.15 10:55:38.379,1.3603,1.3608,3.20,1.60
2008.12.15 10:55:38.669,1.3603,1.3608,1.60,1.60
2008.12.15 10:55:40.029,1.3603,1.3608,3.20,1.60
2008.12.15 10:55:40.369,1.3604,1.3609,1.60,3.20
2008.12.15 10:55:42.048,1.36055,1.361,1.60,8.80
2008.12.15 10:55:42.398,1.3606,1.361,1.60,1.60
2008.12.15 10:55:42.618,1.36045,1.36095,3.20,1.60
2008.12.15 10:55:42.798,1.3604,1.36095,1.60,1.60
2008.12.15 10:55:43.958,1.36045,1.36095,5.60,1.60
2008.12.15 10:55:45.747,1.36045,1.3608,5.60,1.60
2008.12.15 10:55:46.087,1.36045,1.361,5.60,3.20
2008.12.15 10:55:46.427,1.36045,1.36085,1.60,1.60
2008.12.15 10:55:46.887,1.3605,1.36105,5.60,6.40
2008.12.15 10:55:47.058,1.3605,1.361,5.60,3.20
2008.12.15 10:55:47.457,1.3605,1.36115,8.80,3.20
2008.12.15 10:55:47.847,1.36055,1.36115,4.00,1.60
2008.12.15 10:55:48.177,1.36055,1.36125,7.20,9.40
2008.12.15 10:55:48.477,1.3606,1.3612,4.00,3.20
2008.12.15 10:55:48.767,1.3606,1.36105,1.60,1.60
2008.12.15 10:55:49.057,1.36045,1.36105,12.00,1.60
2008.12.15 10:55:49.576,1.36055,1.36105,1.60,1.60
2008.12.15 10:55:49.756,1.3606,1.36105,1.60,1.60
2008.12.15 10:55:51.686,1.36045,1.36095,12.00,1.60
2008.12.15 10:55:52.466,1.36055,1.36095,1.60,1.60
2008.12.15 10:55:52.935,1.3606,1.36095,1.60,1.60
2008.12.15 10:55:53.506,1.3606,1.36125,1.60,10.40
2008.12.15 10:55:53.785,1.3606,1.3612,1.60,4.80
2008.12.15 10:55:54.076,1.3606,1.36135,1.60,16.80
2008.12.15 10:55:54.365,1.3606,1.3612,1.60,1.60
2008.12.15 10:55:54.535,1.36065,1.3613,1.60,15.00
2008.12.15 10:55:54.695,1.36065,1.3612,1.60,4.80
2008.12.15 10:55:55.105,1.36065,1.3612,1.60,1.60
2008.12.15 10:55:55.505,1.36065,1.3613,1.60,8.00
2008.12.15 10:55:55.885,1.3606,1.3611,1.60,1.60
2008.12.15 10:55:56.955,1.36065,1.3613,1.60,12.00
2008.12.15 10:55:57.165,1.36065,1.36125,1.60,4.00
2008.12.15 10:55:57.525,1.36065,1.36125,1.60,8.00
2008.12.15 10:55:57.814,1.36065,1.36125,1.60,1.60
2008.12.15 10:56:00.504,1.36075,1.36125,1.60,1.60
2008.12.15 10:56:00.854,1.36075,1.36115,1.60,1.60
2008.12.15 10:56:02.183,1.36075,1.36115,3.20,1.60
2008.12.15 10:56:02.533,1.36075,1.36115,1.60,1.60
2008.12.15 10:56:03.053,1.3608,1.36135,1.60,3.20
2008.12.15 10:56:06.302,1.3608,1.3613,1.60,3.20
2008.12.15 10:56:06.642,1.36075,1.36125,1.60,1.60
2008.12.15 10:56:10.141,1.36055,1.36125,3.20,12.00
2008.12.15 10:56:10.441,1.36055,1.3612,1.60,1.60
2008.12.15 10:56:10.721,1.3605,1.36105,4.80,1.60
2008.12.15 10:56:11.141,1.3605,1.36105,1.60,1.60
2008.12.15 10:56:12.161,1.3605,1.36095,3.20,1.60
2008.12.15 10:56:12.402,1.3606,1.36095,1.80,1.60
2008.12.15 10:56:12.681,1.3605,1.36095,1.60,1.60
2008.12.15 10:56:13.031,1.3605,1.3609,4.80,1.60
2008.12.15 10:56:13.311,1.3605,1.3609,1.60,1.60
2008.12.15 10:56:16.380,1.3606,1.36105,1.60,3.20
2008.12.15 10:56:16.720,1.3605,1.36085,8.80,1.60
2008.12.15 10:56:16.950,1.3605,1.36085,4.80,1.60
2008.12.15 10:56:17.240,1.36065,1.36105,1.60,3.20
2008.12.15 10:56:17.800,1.3604,1.3609,10.60,1.60
2008.12.15 10:56:18.350,1.3605,1.3611,4.80,3.20
2008.12.15 10:56:18.580,1.3605,1.3609,8.80,1.60
2008.12.15 10:56:18.829,1.3605,1.3609,1.80,1.60
2008.12.15 10:56:19.109,1.3604,1.3609,6.40,1.60
2008.12.15 10:56:20.599,1.36055,1.36085,1.60,1.60
2008.12.15 10:56:21.069,1.3605,1.36085,1.60,1.60
2008.12.15 10:56:22.239,1.36035,1.36085,1.60,1.60
2008.12.15 10:56:22.419,1.36055,1.36085,1.60,1.60
2008.12.15 10:56:22.818,1.3606,1.36095,1.60,3.20
2008.12.15 10:56:23.168,1.3604,1.36095,1.60,1.60
2008.12.15 10:56:23.668,1.36035,1.3609,9.00,1.60
2008.12.15 10:56:23.958,1.36035,1.3608,9.00,1.60
2008.12.15 10:56:24.138,1.3605,1.36095,1.60,3.20
2008.12.15 10:56:24.428,1.36045,1.36095,1.60,1.60
2008.12.15 10:56:27.687,1.3606,1.36105,1.60,3.20
2008.12.15 10:56:28.187,1.3605,1.36095,1.60,1.60
2008.12.15 10:56:29.297,1.36065,1.36095,1.60,1.60
2008.12.15 10:56:29.967,1.3605,1.36105,1.60,3.20
2008.12.15 10:56:30.427,1.36045,1.36095,4.00,1.60
2008.12.15 10:56:30.767,1.36045,1.36095,5.00,1.60
2008.12.15 10:56:32.046,1.3606,1.36105,1.60,3.20
2008.12.15 10:56:33.726,1.3607,1.36105,1.60,1.60
2008.12.15 10:56:33.906,1.3607,1.36105,3.20,1.60
2008.12.15 10:56:34.226,1.36065,1.36115,1.60,3.20
2008.12.15 10:56:34.966,1.36065,1.3611,3.20,1.60
2008.12.15 10:56:35.385,1.3607,1.3612,1.60,3.20
2008.12.15 10:56:35.855,1.3608,1.3611,1.60,1.60
2008.12.15 10:56:36.205,1.3608,1.3615,1.60,6.40
2008.12.15 10:56:36.615,1.3608,1.3616,1.60,12.00
2008.12.15 10:56:37.015,1.3609,1.3617,1.60,12.00
2008.12.15 10:56:37.305,1.3609,1.3616,1.60,7.20
2008.12.15 10:56:37.585,1.36105,1.3616,1.60,4.80
2008.12.15 10:56:38.085,1.361,1.3616,8.80,1.60
2008.12.15 10:56:38.365,1.361,1.3616,4.00,1.60
2008.12.15 10:56:38.714,1.36105,1.36175,4.00,11.20
2008.12.15 10:56:38.994,1.36105,1.36165,9.00,3.20
2008.12.15 10:56:39.334,1.361,1.36165,7.20,1.60
2008.12.15 10:56:39.845,1.361,1.36165,4.80,5.60
2008.12.15 10:56:40.344,1.361,1.36175,8.80,15.20
2008.12.15 10:56:40.694,1.361,1.36145,7.20,1.60
2008.12.15 10:56:41.094,1.36095,1.36145,1.60,1.60
2008.12.15 10:56:41.444,1.361,1.3617,1.60,3.20
2008.12.15 10:56:42.584,1.361,1.36145,1.60,1.60
2008.12.15 10:56:48.612,1.3611,1.36145,1.60,1.60
2008.12.15 10:56:49.192,1.361,1.36145,1.60,1.60
2008.12.15 10:56:50.162,1.36115,1.36145,1.60,1.60
2008.12.15 10:56:50.572,1.361,1.36145,1.60,1.60
2008.12.15 10:56:52.181,1.36115,1.36145,1.60,1.60
2008.12.15 10:56:52.421,1.36105,1.3616,1.60,3.20
2008.12.15 10:56:52.641,1.361,1.36145,1.60,1.60
2008.12.15 10:56:52.811,1.361,1.3614,1.80,1.60
2008.12.15 10:56:53.041,1.3609,1.3614,1.60,1.60
2008.12.15 10:56:54.041,1.3609,1.3614,3.20,1.60
2008.12.15 10:56:54.681,1.361,1.3614,1.60,1.60
2008.12.15 10:56:56.320,1.3609,1.3614,3.20,1.60
2008.12.15 10:56:57.060,1.361,1.3614,1.60,1.60
2008.12.15 10:56:57.390,1.361,1.3615,1.60,6.40
2008.12.15 10:57:01.529,1.36085,1.36145,10.60,1.60
2008.12.15 10:57:01.689,1.36085,1.36145,6.60,4.00
2008.12.15 10:57:01.859,1.361,1.36145,1.60,7.20
2008.12.15 10:57:01.969,1.361,1.36145,1.60,8.00
2008.12.15 10:57:02.089,1.361,1.36145,1.60,1.60
2008.12.15 10:57:02.759,1.361,1.36155,1.60,3.20
2008.12.15 10:57:03.319,1.361,1.3615,3.20,1.60
2008.12.15 10:57:03.429,1.3611,1.3615,1.60,1.60
2008.12.15 10:57:05.008,1.3612,1.36165,1.60,3.20
2008.12.15 10:57:05.828,1.36125,1.36165,1.60,1.60
2008.12.15 10:57:06.238,1.36125,1.36165,3.20,1.60
2008.12.15 10:57:06.728,1.3614,1.36165,1.60,1.60
2008.12.15 10:57:06.948,1.36135,1.36165,3.20,1.60
2008.12.15 10:57:07.298,1.3615,1.3618,1.60,3.20
2008.12.15 10:57:07.538,1.36155,1.3622,1.60,8.80
2008.12.15 10:57:07.888,1.36155,1.36215,1.60,1.60
2008.12.15 10:57:08.267,1.3616,1.36215,1.60,1.60
2008.12.15 10:57:08.747,1.3618,1.36215,1.60,1.60
2008.12.15 10:57:09.637,1.3618,1.36215,3.20,1.60
2008.12.15 10:57:10.117,1.3618,1.36215,1.60,1.60
2008.12.15 10:57:10.537,1.3617,1.3621,1.60,1.60
2008.12.15 10:57:14.586,1.3617,1.3621,3.20,1.60
2008.12.15 10:57:15.046,1.36165,1.3622,4.80,3.20
2008.12.15 10:57:15.496,1.36155,1.362,6.60,1.60
2008.12.15 10:57:15.936,1.3617,1.3622,1.60,4.80
2008.12.15 10:57:16.415,1.3616,1.36215,1.60,1.60
2008.12.15 10:57:18.275,1.3617,1.3621,4.80,1.00
2008.12.15 10:57:18.445,1.3618,1.3622,1.60,2.00
2008.12.15 10:57:19.215,1.3618,1.36215,1.60,1.60
2008.12.15 10:57:19.635,1.36165,1.3621,10.60,1.60
2008.12.15 10:57:19.985,1.3618,1.36225,1.60,3.20
2008.12.15 10:57:20.265,1.3619,1.3622,1.60,1.60
2008.12.15 10:57:20.665,1.36195,1.3624,1.60,3.20
2008.12.15 10:57:21.754,1.36185,1.36235,3.20,1.60
2008.12.15 10:57:22.494,1.362,1.36235,1.60,1.60
2008.12.15 10:57:22.854,1.36195,1.36235,1.60,1.60
2008.12.15 10:57:23.304,1.362,1.36245,1.60,3.20
2008.12.15 10:57:24.234,1.3622,1.3626,1.60,12.00
2008.12.15 10:57:24.733,1.36215,1.3625,1.60,1.60
2008.12.15 10:57:25.143,1.3619,1.3624,1.60,1.60
2008.12.15 10:57:25.903,1.36195,1.36225,1.60,1.60
2008.12.15 10:57:26.253,1.36205,1.36255,3.20,3.20
2008.12.15 10:57:26.783,1.36215,1.36255,1.60,1.60
2008.12.15 10:57:28.052,1.36215,1.3625,1.60,4.00
2008.12.15 10:57:28.273,1.36215,1.3625,1.60,1.60
2008.12.15 10:57:28.743,1.36205,1.3624,3.40,1.60
2008.12.15 10:57:29.023,1.36215,1.36255,1.60,5.60
2008.12.15 10:57:29.252,1.36215,1.3625,1.60,1.60
2008.12.15 10:57:29.542,1.36215,1.3625,1.60,4.00
2008.12.15 10:57:29.982,1.36215,1.3625,1.60,1.60
2008.12.15 10:57:30.262,1.36205,1.3624,1.60,1.60
2008.12.15 10:57:30.602,1.36195,1.3623,3.20,1.60
2008.12.15 10:57:31.002,1.36195,1.3623,1.60,1.60
2008.12.15 10:57:31.362,1.36185,1.3622,1.60,1.60
2008.12.15 10:57:33.761,1.36195,1.3622,1.60,1.60
2008.12.15 10:57:35.561,1.36195,1.36215,1.60,1.60
2008.12.15 10:57:35.901,1.3618,1.36215,3.20,1.60
2008.12.15 10:57:36.191,1.3618,1.36215,1.60,1.60
2008.12.15 10:57:36.771,1.36185,1.36225,1.60,2.00
2008.12.15 10:57:37.650,1.36185,1.3622,1.60,1.60
2008.12.15 10:57:38.730,1.3618,1.36205,1.60,1.60
2008.12.15 10:57:39.030,1.3617,1.36205,1.60,1.60
2008.12.15 10:57:39.260,1.3618,1.36205,1.60,1.60
2008.12.15 10:57:39.600,1.36175,1.36225,3.20,7.20
2008.12.15 10:57:39.830,1.3617,1.36205,1.60,1.60
2008.12.15 10:57:40.170,1.36175,1.36215,1.60,3.20
2008.12.15 10:57:40.979,1.3617,1.36225,4.80,3.20
2008.12.15 10:57:41.339,1.36165,1.36205,1.60,1.60
2008.12.15 10:57:41.739,1.3616,1.362,1.60,1.60
2008.12.15 10:57:42.180,1.3616,1.362,4.80,1.60
2008.12.15 10:57:42.589,1.3616,1.362,1.60,1.60
2008.12.15 10:57:46.158,1.3615,1.36185,1.60,1.60
2008.12.15 10:57:46.388,1.3616,1.36205,1.60,12.00
2008.12.15 10:57:46.678,1.36155,1.36195,1.60,1.60
2008.12.15 10:57:47.528,1.3615,1.3619,1.60,1.60
2008.12.15 10:57:47.998,1.3615,1.36185,1.60,1.60
2008.12.15 10:57:50.317,1.3615,1.36185,3.20,1.60
2008.12.15 10:57:50.477,1.3616,1.36205,1.60,3.20
2008.12.15 10:57:52.017,1.36165,1.362,1.60,1.60
2008.12.15 10:57:53.017,1.3616,1.362,3.20,1.60
2008.12.15 10:57:53.357,1.3616,1.3621,1.60,3.20
2008.12.15 10:57:54.676,1.3617,1.36205,1.60,1.60
2008.12.15 10:57:55.176,1.3616,1.362,1.60,1.60
2008.12.15 10:57:55.476,1.3616,1.36195,1.60,1.60
2008.12.15 10:57:55.756,1.3615,1.3619,1.60,1.60
2008.12.15 10:57:55.936,1.3614,1.3619,1.60,1.60
2008.12.15 10:57:56.336,1.3613,1.3619,6.40,1.60
2008.12.15 10:57:56.696,1.3613,1.3619,3.20,4.80
2008.12.15 10:57:57.146,1.3613,1.3619,3.20,1.60
2008.12.15 10:57:57.386,1.36145,1.3618,1.60,1.60
2008.12.15 10:57:57.686,1.3615,1.3618,1.60,1.60
2008.12.15 10:57:59.755,1.36155,1.36165,1.60,1.60
2008.12.15 10:58:00.155,1.36115,1.36155,9.00,1.60
2008.12.15 10:58:00.435,1.3612,1.36155,1.60,1.60
2008.12.15 10:58:00.675,1.3612,1.3615,1.60,1.60
2008.12.15 10:58:00.945,1.36105,1.36175,1.60,3.20
2008.12.15 10:58:01.295,1.36105,1.3617,3.20,1.60
2008.12.15 10:58:02.374,1.36125,1.3615,1.60,1.60
2008.12.15 10:58:02.544,1.3613,1.3615,1.60,1.60
2008.12.15 10:58:02.794,1.3613,1.36165,1.60,3.20
2008.12.15 10:58:03.644,1.3613,1.36155,1.60,1.60
2008.12.15 10:58:04.104,1.36105,1.36155,8.80,1.60
2008.12.15 10:58:04.334,1.36105,1.36165,10.40,3.20
2008.12.15 10:58:04.554,1.36105,1.36145,8.80,1.60
2008.12.15 10:58:05.024,1.36105,1.36145,4.80,1.60
2008.12.15 10:58:05.254,1.36115,1.36145,1.60,1.60
2008.12.15 10:58:06.013,1.36105,1.3613,1.60,1.60
2008.12.15 10:58:06.413,1.36105,1.3615,1.60,6.40
2008.12.15 10:58:07.663,1.36105,1.36145,1.60,4.80
2008.12.15 10:58:07.903,1.36105,1.36145,1.60,1.60
2008.12.15 10:58:08.423,1.361,1.36145,3.20,1.60
2008.12.15 10:58:09.643,1.36115,1.36145,1.60,1.60
2008.12.15 10:58:10.263,1.3611,1.36145,1.60,1.60
2008.12.15 10:58:10.502,1.36105,1.36145,3.20,1.60
2008.12.15 10:58:10.992,1.36115,1.36145,1.60,1.60
2008.12.15 10:58:11.512,1.36105,1.36145,1.60,1.60
2008.12.15 10:58:12.152,1.36105,1.3614,1.60,1.60
2008.12.15 10:58:12.672,1.36115,1.3614,1.60,1.60
2008.12.15 10:58:18.871,1.3611,1.36155,3.20,3.20
2008.12.15 10:58:19.150,1.36115,1.36155,1.60,1.60
2008.12.15 10:58:19.850,1.3612,1.36155,1.60,1.60
2008.12.15 10:58:20.210,1.3613,1.3617,1.60,4.80
2008.12.15 10:58:20.430,1.3613,1.36185,1.60,9.60
2008.12.15 10:58:22.020,1.36125,1.36165,1.60,1.60
2008.12.15 10:58:22.360,1.36115,1.36165,1.60,1.60
2008.12.15 10:58:22.659,1.3612,1.36185,1.60,12.00
2008.12.15 10:58:22.999,1.3612,1.36175,1.60,3.20
2008.12.15 10:58:23.229,1.3612,1.36155,1.60,1.60
2008.12.15 10:58:24.159,1.3612,1.36165,3.20,3.20
2008.12.15 10:58:25.779,1.3613,1.36175,1.60,3.20
2008.12.15 10:58:26.069,1.3613,1.3617,3.20,1.60
2008.12.15 10:58:27.768,1.3613,1.3617,1.60,1.60
2008.12.15 10:58:28.348,1.36125,1.36165,1.60,1.60
2008.12.15 10:58:29.488,1.3612,1.3616,1.60,1.60
2008.12.15 10:58:29.848,1.3612,1.3616,3.20,1.60
2008.12.15 10:58:30.078,1.3613,1.3617,1.60,3.20
2008.12.15 10:58:32.048,1.36135,1.3617,1.60,1.60
2008.12.15 10:58:33.837,1.36145,1.36185,1.60,3.20
2008.12.15 10:58:34.537,1.36145,1.3618,3.20,1.60
2008.12.15 10:58:34.647,1.36155,1.362,1.60,10.40
2008.12.15 10:58:34.707,1.36145,1.3618,1.60,1.60
2008.12.15 10:58:35.066,1.3615,1.3619,1.60,3.20
2008.12.15 10:58:35.396,1.36145,1.3618,1.60,1.60
2008.12.15 10:58:35.856,1.3613,1.36175,3.20,1.60
2008.12.15 10:58:36.156,1.3612,1.36165,1.80,1.60
2008.12.15 10:58:36.506,1.3611,1.3615,1.60,1.60
2008.12.15 10:58:37.016,1.36085,1.36145,11.20,1.60
2008.12.15 10:58:37.486,1.36115,1.36145,1.60,1.60
2008.12.15 10:58:37.666,1.36115,1.3616,1.60,3.20
2008.12.15 10:58:37.946,1.3612,1.36175,1.60,3.20
2008.12.15 10:58:38.936,1.36135,1.3619,3.40,4.80
2008.12.15 10:58:39.166,1.36135,1.36185,1.60,1.60
2008.12.15 10:58:39.285,1.36135,1.3617,1.60,1.60
2008.12.15 10:58:39.686,1.3612,1.36165,1.60,1.60
2008.12.15 10:58:39.975,1.3612,1.36165,3.20,1.60
2008.12.15 10:58:40.455,1.36135,1.36175,1.60,3.20
2008.12.15 10:58:41.485,1.3612,1.36165,1.60,1.60
2008.12.15 10:58:41.715,1.3611,1.36165,1.60,1.60
2008.12.15 10:58:42.635,1.36115,1.36165,1.60,1.60
2008.12.15 10:58:42.865,1.36125,1.36165,1.60,1.60
2008.12.15 10:58:44.614,1.36125,1.36165,3.20,1.60
2008.12.15 10:58:45.764,1.36135,1.36175,3.20,3.20
2008.12.15 10:58:46.004,1.36135,1.36175,1.60,1.60
2008.12.15 10:58:46.444,1.3613,1.36175,1.60,1.60
2008.12.15 10:58:46.894,1.36115,1.36175,9.00,3.20
2008.12.15 10:58:47.134,1.3612,1.36165,1.60,1.60
2008.12.15 10:58:47.524,1.3611,1.36165,1.60,1.60
2008.12.15 10:58:47.763,1.3612,1.36165,1.60,1.60
2008.12.15 10:58:48.233,1.3611,1.36165,1.60,1.60
2008.12.15 10:58:48.473,1.3612,1.36165,1.60,1.60
2008.12.15 10:58:48.763,1.3612,1.3618,1.60,9.60
2008.12.15 10:58:48.973,1.3612,1.36175,3.20,1.60
2008.12.15 10:58:52.182,1.3612,1.36175,4.80,1.60
2008.12.15 10:58:52.632,1.36125,1.36175,1.60,1.60
2008.12.15 10:58:52.802,1.3613,1.3619,1.60,12.00
2008.12.15 10:58:53.042,1.3613,1.36185,1.60,1.60
2008.12.15 10:58:53.893,1.3612,1.36175,5.60,1.60
2008.12.15 10:58:54.172,1.3612,1.3619,3.20,10.40
2008.12.15 10:58:54.402,1.3612,1.36185,1.60,10.40
2008.12.15 10:58:54.562,1.36115,1.36175,9.00,1.60
2008.12.15 10:58:54.732,1.36115,1.36175,5.00,1.60
2008.12.15 10:58:54.902,1.36115,1.36165,3.20,1.60
2008.12.15 10:58:55.312,1.3611,1.36165,3.20,1.60
2008.12.15 10:58:55.662,1.3612,1.36165,1.60,1.60
2008.12.15 10:58:56.041,1.3612,1.36175,1.60,10.40
2008.12.15 10:58:56.911,1.3612,1.36165,1.60,2.40
2008.12.15 10:58:57.251,1.3612,1.36165,1.60,8.00
2008.12.15 10:58:57.481,1.3612,1.36165,1.60,1.60
2008.12.15 10:59:03.400,1.3612,1.36175,1.60,10.40
2008.12.15 10:59:03.570,1.3612,1.3617,1.60,3.20
2008.12.15 10:59:03.630,1.3612,1.3618,1.60,12.00
2008.12.15 10:59:04.519,1.3612,1.36175,3.20,10.40
2008.12.15 10:59:04.979,1.3612,1.36175,3.20,8.00
2008.12.15 10:59:05.139,1.3612,1.36175,3.20,4.80
2008.12.15 10:59:05.199,1.3612,1.36175,3.20,1.60
2008.12.15 10:59:06.649,1.3613,1.36175,1.60,1.60
2008.12.15 10:59:07.529,1.3613,1.3619,3.20,8.80
2008.12.15 10:59:07.939,1.3613,1.3619,3.20,1.60
2008.12.15 10:59:08.229,1.3613,1.36185,3.20,1.60
2008.12.15 10:59:13.357,1.36135,1.36175,1.60,1.60
2008.12.15 10:59:13.817,1.36135,1.3619,3.20,3.20
2008.12.15 10:59:14.867,1.3614,1.36185,1.60,1.60
2008.12.15 10:59:15.157,1.36145,1.36185,1.60,1.60
2008.12.15 10:59:16.646,1.36145,1.3618,1.60,1.60
2008.12.15 10:59:20.436,1.3615,1.3619,1.60,3.20
2008.12.15 10:59:21.226,1.36155,1.362,1.60,3.20
2008.12.15 10:59:22.095,1.36155,1.36195,3.20,1.60
2008.12.15 10:59:22.795,1.3616,1.36205,1.60,3.20
2008.12.15 10:59:23.645,1.36155,1.36195,3.20,1.60
2008.12.15 10:59:24.695,1.3616,1.36205,1.60,3.20
2008.12.15 10:59:25.645,1.36155,1.36195,1.60,1.60
2008.12.15 10:59:26.044,1.3614,1.3619,9.60,1.60
2008.12.15 10:59:26.475,1.36135,1.3619,8.00,1.60
2008.12.15 10:59:26.884,1.3614,1.362,1.60,4.80
2008.12.15 10:59:27.124,1.36135,1.3618,6.40,1.60
2008.12.15 10:59:27.474,1.3613,1.3618,11.20,1.60
2008.12.15 10:59:27.694,1.3613,1.36175,9.60,1.60
2008.12.15 10:59:29.413,1.36125,1.36175,11.20,1.60
2008.12.15 10:59:30.113,1.36125,1.36165,11.20,1.60
2008.12.15 10:59:30.403,1.36125,1.36165,9.60,1.60
2008.12.15 10:59:30.863,1.36125,1.3618,1.60,6.40
2008.12.15 10:59:31.543,1.36125,1.36165,1.60,1.60
2008.12.15 10:59:32.683,1.36125,1.3618,1.60,8.80
2008.12.15 10:59:33.552,1.3612,1.36165,11.20,1.60
2008.12.15 10:59:34.692,1.3612,1.36165,8.00,1.60
2008.12.15 10:59:34.852,1.3612,1.3616,6.40,1.60
2008.12.15 10:59:35.082,1.3612,1.3617,11.20,3.20
2008.12.15 10:59:38.061,1.36125,1.36165,1.60,1.60
2008.12.15 10:59:38.342,1.3614,1.36185,1.60,12.00
2008.12.15 10:59:38.581,1.3613,1.3618,6.40,3.20
2008.12.15 10:59:38.701,1.3614,1.362,1.60,8.80
2008.12.15 10:59:39.051,1.3615,1.36195,1.60,1.60
2008.12.15 10:59:39.281,1.36135,1.3619,9.60,1.60
2008.12.15 10:59:45.020,1.3614,1.36205,9.60,12.00
2008.12.15 10:59:45.190,1.36145,1.362,9.60,4.80
2008.12.15 10:59:47.049,1.3615,1.362,9.60,4.80
2008.12.15 10:59:47.229,1.3615,1.362,9.60,1.60
2008.12.15 10:59:48.489,1.3616,1.362,6.40,1.60
2008.12.15 10:59:48.769,1.3616,1.362,8.00,1.60
2008.12.15 10:59:49.349,1.3616,1.362,1.60,1.60
2008.12.15 10:59:49.638,1.3617,1.3621,1.60,3.20
2008.12.15 10:59:50.548,1.3618,1.36235,1.60,9.60
2008.12.15 10:59:50.788,1.3618,1.3623,1.60,1.60
2008.12.15 10:59:52.048,1.3617,1.3622,11.20,1.60
2008.12.15 10:59:52.448,1.36165,1.3622,12.80,1.60
2008.12.15 10:59:52.778,1.36165,1.3621,9.60,1.60
2008.12.15 10:59:53.128,1.36165,1.36205,11.20,1.60
2008.12.15 10:59:53.248,1.36175,1.3622,1.60,12.00
2008.12.15 10:59:53.768,1.36165,1.362,9.60,1.60
2008.12.15 10:59:54.067,1.3617,1.362,6.40,1.60
2008.12.15 10:59:54.448,1.3617,1.36215,6.40,3.20
2008.12.15 10:59:55.068,1.36165,1.362,9.60,1.60
2008.12.15 10:59:55.297,1.3616,1.362,8.00,1.60
2008.12.15 10:59:55.957,1.3617,1.3622,1.60,6.40
2008.12.15 10:59:56.677,1.36155,1.36215,14.60,1.60
2008.12.15 10:59:57.127,1.36155,1.36205,9.60,1.60
2008.12.15 10:59:57.767,1.36155,1.36205,11.20,1.60
2008.12.15 10:59:58.116,1.3616,1.3622,6.40,12.00
2008.12.15 10:59:58.426,1.3616,1.36215,6.40,8.00
2008.12.15 10:59:58.846,1.3616,1.36215,6.40,1.60
2008.12.15 10:59:59.616,1.3616,1.36205,6.40,1.60
