2007.08.29 05:00:01.894,2.2909,2.2916,5.50,16.60
2007.08.29 05:00:01.908,2.2909,2.2915,5.50,0.90
2007.08.29 05:00:02.282,2.2909,2.2916,5.50,21.30
2007.08.29 05:00:03.740,2.2909,2.29145,5.50,0.80
2007.08.29 05:00:03.912,2.29075,2.29145,0.80,6.30
2007.08.29 05:00:03.958,2.29075,2.29145,0.80,9.50
2007.08.29 05:00:04.041,2.2907,2.2914,10.30,0.90
2007.08.29 05:00:04.059,2.2907,2.2915,10.30,15.00
2007.08.29 05:00:04.133,2.2907,2.2915,9.50,15.00
2007.08.29 05:00:04.300,2.2907,2.2915,5.50,14.20
2007.08.29 05:00:04.820,2.2907,2.29145,5.50,12.70
2007.08.29 05:00:04.971,2.2906,2.29145,5.50,12.70
2007.08.29 05:00:05.024,2.2906,2.29145,5.50,13.50
2007.08.29 05:00:05.067,2.2906,2.2914,5.50,0.80
2007.08.29 05:00:05.084,2.2906,2.2914,5.50,0.50
2007.08.29 05:00:05.317,2.2906,2.29135,5.50,0.90
2007.08.29 05:00:05.386,2.2905,2.2913,0.80,0.80
2007.08.29 05:00:05.483,2.29045,2.29135,4.00,9.50
2007.08.29 05:00:05.567,2.2904,2.2913,10.30,0.60
2007.08.29 05:00:05.790,2.2904,2.2914,6.30,15.80
2007.08.29 05:00:05.912,2.2904,2.2913,5.50,0.80
2007.08.29 05:00:06.113,2.29035,2.2912,4.00,0.70
2007.08.29 05:00:11.894,2.29035,2.2911,4.00,0.70
2007.08.29 05:00:11.936,2.2903,2.2912,13.50,7.90
2007.08.29 05:00:12.217,2.2904,2.29125,5.50,11.90
2007.08.29 05:00:12.236,2.2904,2.2912,5.50,0.80
2007.08.29 05:00:12.499,2.2904,2.2912,9.50,0.70
2007.08.29 05:00:12.754,2.2904,2.2912,10.30,0.90
2007.08.29 05:00:16.370,2.2904,2.2913,6.30,14.20
2007.08.29 05:00:16.384,2.2904,2.2912,5.50,0.90
2007.08.29 05:00:16.830,2.2904,2.2913,5.50,15.00
2007.08.29 05:00:16.990,2.2904,2.2913,5.50,15.00
2007.08.29 05:00:17.154,2.2904,2.2912,6.30,0.60
2007.08.29 05:00:17.242,2.2904,2.2912,10.30,0.90
2007.08.29 05:00:21.383,2.2904,2.2911,10.30,0.80
2007.08.29 05:00:21.439,2.2904,2.291,10.30,0.80
2007.08.29 05:00:21.551,2.2904,2.2911,6.30,10.20
2007.08.29 05:00:22.078,2.2904,2.291,5.50,0.70
2007.08.29 05:00:22.219,2.2904,2.2911,5.50,10.20
2007.08.29 05:00:22.304,2.2903,2.2908,0.80,0.50
2007.08.29 05:00:30.895,2.2902,2.2908,7.90,5.50
2007.08.29 05:00:30.909,2.2902,2.2908,2.40,5.50
2007.08.29 05:00:30.987,2.2902,2.2908,2.40,7.90
2007.08.29 05:00:31.124,2.2902,2.2908,1.60,7.90
2007.08.29 05:00:31.296,2.2902,2.2908,0.80,7.90
2007.08.29 05:00:31.381,2.2901,2.2908,6.60,7.90
2007.08.29 05:00:31.402,2.2901,2.2908,6.30,7.90
2007.08.29 05:00:34.786,2.2901,2.2908,10.30,7.90
2007.08.29 05:00:34.890,2.2901,2.2908,9.50,7.90
2007.08.29 05:00:34.911,2.2901,2.2908,10.30,7.90
2007.08.29 05:00:34.989,2.2901,2.2907,10.30,2.40
2007.08.29 05:00:35.014,2.2901,2.2905,4.80,5.50
2007.08.29 05:00:35.387,2.2901,2.2905,0.80,5.50
2007.08.29 05:00:35.565,2.29,2.2905,5.60,5.50
2007.08.29 05:00:35.634,2.29,2.2905,1.60,5.50
2007.08.29 05:00:39.619,2.29,2.2905,0.80,5.50
2007.08.29 05:00:39.747,2.28995,2.2905,0.80,5.50
2007.08.29 05:00:39.809,2.28995,2.2907,0.80,10.20
2007.08.29 05:00:39.839,2.28995,2.2906,0.80,11.80
2007.08.29 05:00:39.864,2.28995,2.2903,0.80,0.60
2007.08.29 05:00:40.027,2.2898,2.2905,1.90,10.20
2007.08.29 05:00:40.139,2.2899,2.2903,0.80,0.80
2007.08.29 05:00:41.172,2.2898,2.2903,1.60,5.50
2007.08.29 05:00:41.449,2.2898,2.2903,2.40,5.50
2007.08.29 05:00:41.634,2.2898,2.2903,6.40,5.50
2007.08.29 05:00:41.662,2.2898,2.2903,5.60,5.50
2007.08.29 05:00:41.858,2.2898,2.2903,1.60,5.50
2007.08.29 05:00:42.664,2.28975,2.2903,0.80,5.50
2007.08.29 05:00:42.716,2.2897,2.2903,11.10,5.50
2007.08.29 05:00:42.947,2.2897,2.2903,10.30,5.50
2007.08.29 05:00:42.963,2.2897,2.2903,6.30,5.50
2007.08.29 05:00:44.291,2.2898,2.2903,4.00,5.50
2007.08.29 05:00:44.329,2.2898,2.2903,4.80,5.50
2007.08.29 05:00:45.005,2.2898,2.2903,0.80,5.50
2007.08.29 05:00:45.457,2.2897,2.2903,6.30,5.50
2007.08.29 05:00:47.992,2.2897,2.2903,7.10,5.50
2007.08.29 05:00:48.129,2.2898,2.2903,0.80,5.50
2007.08.29 05:00:48.630,2.2899,2.2903,0.80,5.50
2007.08.29 05:00:50.682,2.28975,2.2903,0.80,5.50
2007.08.29 05:00:51.045,2.2898,2.2903,0.80,5.50
2007.08.29 05:00:51.178,2.2898,2.2903,4.80,5.50
2007.08.29 05:00:51.203,2.2899,2.2903,0.80,5.50
2007.08.29 05:00:51.348,2.2899,2.2905,6.30,7.90
2007.08.29 05:00:51.365,2.2899,2.2905,6.30,5.50
2007.08.29 05:00:53.043,2.2899,2.2905,7.10,5.50
2007.08.29 05:00:53.076,2.28995,2.2905,0.80,5.50
2007.08.29 05:00:53.153,2.29,2.2905,0.80,5.50
2007.08.29 05:00:53.668,2.2901,2.2905,0.80,5.50
2007.08.29 05:01:04.499,2.29005,2.2905,0.80,5.50
2007.08.29 05:01:07.013,2.2901,2.2905,0.80,5.50
2007.08.29 05:01:07.123,2.2901,2.2905,1.60,5.50
2007.08.29 05:01:07.138,2.2901,2.2905,2.40,5.50
2007.08.29 05:01:07.282,2.2901,2.2905,3.20,5.50
2007.08.29 05:01:08.967,2.2901,2.2905,2.40,5.50
2007.08.29 05:01:09.048,2.2901,2.2905,2.40,0.60
2007.08.29 05:01:09.185,2.2901,2.2907,1.60,10.20
2007.08.29 05:01:09.221,2.2901,2.2907,0.80,10.20
2007.08.29 05:01:09.448,2.29,2.2907,0.80,10.20
2007.08.29 05:01:10.483,2.2901,2.2908,5.50,6.30
2007.08.29 05:01:10.503,2.2901,2.2909,6.30,15.10
2007.08.29 05:01:10.704,2.2901,2.2909,6.30,0.80
2007.08.29 05:01:12.045,2.2901,2.29095,6.30,9.50
2007.08.29 05:01:12.166,2.2901,2.29095,7.10,9.50
2007.08.29 05:01:12.275,2.2901,2.2909,11.10,0.50
2007.08.29 05:01:12.369,2.2901,2.2909,10.30,0.60
2007.08.29 05:01:12.490,2.2901,2.2908,10.30,0.60
2007.08.29 05:01:12.552,2.2901,2.29095,6.30,9.50
2007.08.29 05:01:12.586,2.2901,2.2908,6.30,0.60
2007.08.29 05:01:30.457,2.2901,2.2909,5.50,11.90
2007.08.29 05:01:40.162,2.2901,2.2908,6.30,7.90
2007.08.29 05:01:41.697,2.2901,2.2908,6.30,5.50
2007.08.29 05:01:41.762,2.2903,2.29095,5.50,4.00
2007.08.29 05:01:41.819,2.2903,2.291,5.50,1.60
2007.08.29 05:01:41.911,2.2903,2.291,5.50,0.80
2007.08.29 05:01:42.380,2.2903,2.2911,5.50,8.00
2007.08.29 05:01:55.754,2.2903,2.2911,5.50,11.20
2007.08.29 05:01:58.110,2.2903,2.291,6.30,0.60
2007.08.29 05:02:08.027,2.2903,2.291,6.30,0.50
2007.08.29 05:02:08.237,2.2903,2.291,5.50,9.50
2007.08.29 05:02:08.307,2.2901,2.29095,11.10,11.90
2007.08.29 05:02:08.426,2.2901,2.2908,7.10,0.90
2007.08.29 05:02:08.440,2.2901,2.2909,6.30,11.90
2007.08.29 05:02:16.678,2.2903,2.2908,0.80,7.90
2007.08.29 05:02:16.782,2.2903,2.2908,0.80,5.50
2007.08.29 05:02:16.818,2.2903,2.2909,6.30,4.00
2007.08.29 05:02:27.090,2.2903,2.2909,5.50,4.00
2007.08.29 05:02:27.195,2.2903,2.2909,5.50,6.40
2007.08.29 05:02:27.250,2.29025,2.2905,4.00,1.60
2007.08.29 05:02:27.592,2.2902,2.2905,0.80,1.60
2007.08.29 05:02:28.630,2.29015,2.2905,0.80,1.60
2007.08.29 05:02:28.822,2.2901,2.2905,5.50,1.60
2007.08.29 05:02:29.242,2.29005,2.2905,0.40,7.10
2007.08.29 05:02:29.443,2.29,2.2905,0.80,7.10
2007.08.29 05:02:41.695,2.2901,2.2905,0.80,7.10
2007.08.29 05:02:41.835,2.2901,2.2905,6.30,1.60
2007.08.29 05:02:42.636,2.2901,2.2905,5.50,1.60
2007.08.29 05:02:42.762,2.29,2.2905,5.60,7.10
2007.08.29 05:02:42.831,2.29,2.2905,1.60,7.10
2007.08.29 05:02:43.178,2.29,2.2905,0.80,7.10
2007.08.29 05:02:47.697,2.2901,2.2905,0.80,7.10
2007.08.29 05:02:47.832,2.2901,2.2905,6.30,1.60
2007.08.29 05:02:51.762,2.2901,2.2909,7.50,7.90
2007.08.29 05:02:51.785,2.2901,2.2909,11.50,7.90
2007.08.29 05:02:51.865,2.2901,2.2909,12.30,7.90
2007.08.29 05:02:52.146,2.2901,2.2909,11.50,7.90
2007.08.29 05:02:52.182,2.2901,2.2909,10.30,7.90
2007.08.29 05:02:52.241,2.2901,2.2905,10.30,1.60
2007.08.29 05:02:52.280,2.2901,2.2905,0.80,7.10
2007.08.29 05:02:52.387,2.29,2.2905,0.80,7.10
2007.08.29 05:02:53.685,2.2901,2.2905,0.80,7.10
2007.08.29 05:02:53.747,2.2901,2.2905,6.30,1.60
2007.08.29 05:02:54.194,2.2902,2.2905,0.80,1.60
2007.08.29 05:02:54.379,2.2902,2.2905,1.60,1.60
2007.08.29 05:02:54.462,2.2902,2.2905,0.80,1.60
2007.08.29 05:03:06.660,2.2905,2.2907,0.80,5.50
2007.08.29 05:03:06.785,2.2905,2.2909,0.80,5.50
2007.08.29 05:03:12.130,2.29035,2.2909,0.40,5.50
2007.08.29 05:03:12.227,2.29035,2.2909,0.40,7.90
2007.08.29 05:03:12.259,2.29035,2.2905,0.40,1.60
2007.08.29 05:03:12.482,2.2903,2.2905,0.40,1.60
2007.08.29 05:03:12.636,2.2902,2.2905,1.60,1.60
2007.08.29 05:03:14.672,2.2904,2.2905,0.80,1.60
2007.08.29 05:03:14.726,2.2904,2.2909,0.80,7.90
2007.08.29 05:03:14.791,2.2904,2.2909,0.80,5.50
2007.08.29 05:03:18.633,2.2905,2.2909,0.80,5.50
2007.08.29 05:03:19.652,2.29035,2.2909,1.10,5.50
2007.08.29 05:03:19.864,2.2903,2.2909,6.60,5.50
2007.08.29 05:03:19.875,2.2903,2.2909,5.50,5.50
2007.08.29 05:03:20.271,2.2903,2.2909,5.50,7.90
2007.08.29 05:03:20.297,2.2902,2.2905,8.00,1.60
2007.08.29 05:03:20.393,2.2902,2.2905,4.00,1.60
2007.08.29 05:03:20.404,2.2902,2.2905,3.20,1.60
2007.08.29 05:03:34.084,2.29025,2.2905,0.80,1.60
2007.08.29 05:03:36.264,2.2904,2.2905,0.80,1.60
2007.08.29 05:03:36.347,2.2904,2.2908,0.80,5.50
2007.08.29 05:03:55.159,2.2904,2.2908,2.00,5.50
2007.08.29 05:03:55.696,2.2904,2.291,0.80,5.50
2007.08.29 05:03:55.770,2.29045,2.291,4.00,5.50
2007.08.29 05:03:57.290,2.2904,2.291,2.40,5.50
2007.08.29 05:03:57.310,2.2904,2.291,1.60,5.50
2007.08.29 05:03:57.396,2.2904,2.291,0.80,5.50
2007.08.29 05:03:57.428,2.29035,2.291,4.30,5.50
2007.08.29 05:03:57.542,2.29035,2.291,4.00,5.50
2007.08.29 05:04:00.210,2.29035,2.291,4.00,7.90
2007.08.29 05:04:00.341,2.29035,2.2908,4.00,5.50
2007.08.29 05:04:00.367,2.29025,2.2908,4.80,5.50
2007.08.29 05:04:00.725,2.2904,2.2908,0.80,5.50
2007.08.29 05:04:01.339,2.2905,2.2908,0.80,5.50
2007.08.29 05:04:01.378,2.2905,2.291,0.80,5.50
2007.08.29 05:04:01.762,2.2904,2.291,6.30,5.50
2007.08.29 05:04:07.663,2.2905,2.291,0.80,5.50
2007.08.29 05:04:07.781,2.2905,2.2912,6.30,5.50
2007.08.29 05:04:08.067,2.2905,2.2912,0.90,5.50
2007.08.29 05:04:08.359,2.2905,2.2912,0.60,7.90
2007.08.29 05:04:08.402,2.29045,2.2911,0.90,4.00
2007.08.29 05:04:08.483,2.2904,2.2911,3.60,4.00
2007.08.29 05:04:08.520,2.29035,2.2911,11.10,4.00
2007.08.29 05:04:15.495,2.2905,2.2911,1.50,4.00
2007.08.29 05:04:18.166,2.2905,2.291,1.10,2.40
2007.08.29 05:04:18.319,2.29035,2.291,5.60,7.90
2007.08.29 05:04:38.169,2.2904,2.291,1.60,7.90
2007.08.29 05:04:38.325,2.2905,2.2911,5.50,4.00
2007.08.29 05:04:40.703,2.2905,2.291,5.50,2.40
2007.08.29 05:04:40.829,2.2904,2.291,0.80,7.90
2007.08.29 05:04:56.196,2.2906,2.291,0.80,5.50
2007.08.29 05:04:56.250,2.2906,2.2911,0.80,4.00
2007.08.29 05:04:56.353,2.2906,2.2912,0.80,8.70
2007.08.29 05:04:56.476,2.2906,2.2912,0.80,7.90
2007.08.29 05:05:12.752,2.2906,2.2912,0.80,5.50
2007.08.29 05:05:12.776,2.2907,2.2913,5.50,4.00
2007.08.29 05:05:12.894,2.2907,2.2915,5.50,6.40
2007.08.29 05:05:12.989,2.2907,2.2915,5.50,5.60
2007.08.29 05:05:13.816,2.2907,2.2915,5.50,4.00
2007.08.29 05:05:18.100,2.2907,2.29155,5.50,8.00
2007.08.29 05:05:18.929,2.2907,2.2915,5.50,6.40
2007.08.29 05:05:19.084,2.29065,2.2913,4.00,0.80
2007.08.29 05:05:19.205,2.2906,2.2914,2.00,14.30
2007.08.29 05:05:21.632,2.2906,2.2913,1.20,0.50
2007.08.29 05:05:21.960,2.29055,2.2914,0.80,14.30
2007.08.29 05:05:22.146,2.2906,2.2914,0.80,14.30
2007.08.29 05:05:22.253,2.2906,2.2913,0.80,10.30
2007.08.29 05:05:22.264,2.2906,2.2912,0.80,10.20
2007.08.29 05:05:22.678,2.2906,2.2912,2.00,11.80
2007.08.29 05:05:22.799,2.2906,2.2913,2.00,11.90
2007.08.29 05:05:22.892,2.2906,2.2913,2.00,0.90
2007.08.29 05:05:25.215,2.2908,2.2914,0.80,14.30
2007.08.29 05:05:25.277,2.2908,2.2913,0.80,0.70
2007.08.29 05:05:29.153,2.2907,2.2913,6.30,0.50
2007.08.29 05:05:31.210,2.2907,2.2914,5.50,14.20
2007.08.29 05:05:31.270,2.2906,2.2913,6.40,7.80
2007.08.29 05:05:31.295,2.2906,2.2913,2.40,7.80
2007.08.29 05:05:31.385,2.2906,2.2913,1.60,10.20
2007.08.29 05:05:34.210,2.2905,2.2912,12.70,7.90
2007.08.29 05:05:34.247,2.2905,2.2911,11.10,0.90
2007.08.29 05:05:34.376,2.2905,2.2911,6.30,0.90
2007.08.29 05:05:35.641,2.2905,2.2912,6.30,10.20
2007.08.29 05:05:35.823,2.2905,2.2909,0.80,0.80
2007.08.29 05:05:36.661,2.2904,2.2911,0.80,10.20
2007.08.29 05:05:39.674,2.29035,2.2911,0.80,10.20
2007.08.29 05:05:42.646,2.2905,2.2909,0.80,0.60
2007.08.29 05:05:44.734,2.29035,2.2911,0.80,10.20
2007.08.29 05:05:46.673,2.2905,2.2911,0.80,7.80
2007.08.29 05:05:46.767,2.2905,2.2911,6.30,0.70
2007.08.29 05:05:49.162,2.2904,2.2911,10.30,0.70
2007.08.29 05:05:56.632,2.2905,2.2911,6.30,5.50
2007.08.29 05:05:58.132,2.29045,2.2911,15.60,5.50
2007.08.29 05:05:58.359,2.2905,2.2911,4.20,5.50
2007.08.29 05:05:58.370,2.2905,2.2911,3.30,5.50
2007.08.29 05:05:59.372,2.29045,2.2911,14.80,5.50
2007.08.29 05:05:59.399,2.29045,2.2911,15.60,5.50
2007.08.29 05:05:59.663,2.2907,2.2911,0.80,5.50
2007.08.29 05:05:59.819,2.2907,2.2913,1.00,5.50
2007.08.29 05:05:59.886,2.29065,2.2913,10.80,5.50
2007.08.29 05:06:00.836,2.29065,2.2913,13.20,5.50
2007.08.29 05:06:00.852,2.2909,2.2913,0.80,5.50
2007.08.29 05:06:00.883,2.29065,2.2913,14.00,5.50
2007.08.29 05:06:01.096,2.29065,2.2913,14.80,5.50
2007.08.29 05:06:05.650,2.2907,2.2913,4.10,5.50
2007.08.29 05:06:05.732,2.29065,2.2913,10.00,5.50
2007.08.29 05:06:05.850,2.29065,2.2913,10.00,7.90
2007.08.29 05:06:05.899,2.29065,2.2913,9.20,7.90
2007.08.29 05:06:05.994,2.2907,2.2913,2.00,7.90
2007.08.29 05:06:06.259,2.29065,2.2913,6.00,7.90
2007.08.29 05:06:07.172,2.29065,2.2913,6.80,7.90
2007.08.29 05:06:12.143,2.2906,2.2913,15.50,7.90
2007.08.29 05:06:12.252,2.2907,2.2912,1.90,2.40
2007.08.29 05:06:12.308,2.29055,2.2911,5.60,5.50
2007.08.29 05:06:12.379,2.29055,2.2911,1.60,5.50
2007.08.29 05:06:15.110,2.2905,2.2911,13.50,5.50
2007.08.29 05:06:20.178,2.2906,2.2911,1.20,5.50
2007.08.29 05:06:20.195,2.2907,2.2911,0.80,5.50
2007.08.29 05:06:20.271,2.2907,2.2913,6.30,7.90
2007.08.29 05:06:20.967,2.2907,2.2914,6.30,10.20
2007.08.29 05:06:21.119,2.2907,2.2913,5.50,0.90
2007.08.29 05:06:21.227,2.2907,2.2913,5.50,0.50
2007.08.29 05:06:21.316,2.2906,2.2913,1.60,10.20
2007.08.29 05:06:21.425,2.2906,2.2913,0.80,10.20
2007.08.29 05:06:21.828,2.29055,2.2911,0.80,0.90
2007.08.29 05:06:28.151,2.2905,2.2913,11.90,10.20
2007.08.29 05:06:28.212,2.2905,2.2912,11.10,7.90
2007.08.29 05:06:28.354,2.2905,2.2911,10.30,0.50
2007.08.29 05:06:28.414,2.2905,2.2911,6.30,0.70
2007.08.29 05:06:52.757,2.2905,2.2909,0.80,5.50
2007.08.29 05:06:52.866,2.2904,2.2909,1.60,5.50
2007.08.29 05:06:53.170,2.2904,2.2909,0.80,5.50
2007.08.29 05:06:53.416,2.29035,2.2909,0.80,5.50
2007.08.29 05:06:53.670,2.2905,2.2909,0.80,5.50
2007.08.29 05:07:04.140,2.2904,2.2909,0.80,5.50
2007.08.29 05:07:07.666,2.2903,2.2909,11.90,5.50
2007.08.29 05:07:09.219,2.2905,2.2909,0.80,5.50
2007.08.29 05:07:13.657,2.2903,2.2909,11.90,5.50
2007.08.29 05:07:15.603,2.2905,2.2909,0.80,5.50
2007.08.29 05:07:23.784,2.2903,2.2909,10.30,5.50
2007.08.29 05:07:23.858,2.2903,2.2909,6.30,5.50
2007.08.29 05:07:23.912,2.2903,2.2909,0.80,5.50
2007.08.29 05:07:24.201,2.2903,2.2909,1.60,5.50
2007.08.29 05:07:24.219,2.2903,2.2909,7.10,5.50
2007.08.29 05:07:24.326,2.2903,2.2909,6.30,5.50
2007.08.29 05:07:24.373,2.2903,2.2909,10.30,5.50
2007.08.29 05:07:24.424,2.2903,2.2909,11.10,5.50
2007.08.29 05:07:24.656,2.2904,2.2909,0.80,5.50
2007.08.29 05:07:24.704,2.2903,2.2909,10.30,5.50
2007.08.29 05:07:24.742,2.2903,2.2909,4.80,5.50
2007.08.29 05:07:24.868,2.2903,2.2909,0.80,5.50
2007.08.29 05:07:25.247,2.2902,2.2909,12.30,5.50
2007.08.29 05:07:25.633,2.2902,2.2909,11.50,5.50
2007.08.29 05:07:25.778,2.2902,2.2909,4.80,5.50
2007.08.29 05:07:25.880,2.2902,2.2909,0.80,5.50
2007.08.29 05:07:25.992,2.29015,2.2909,4.00,5.50
2007.08.29 05:07:26.194,2.2903,2.291,5.50,3.20
2007.08.29 05:07:26.243,2.2903,2.291,5.50,0.80
2007.08.29 05:07:27.029,2.2903,2.2911,5.50,6.30
2007.08.29 05:07:27.547,2.2903,2.2912,5.50,16.60
2007.08.29 05:07:32.179,2.2903,2.2911,5.50,0.60
2007.08.29 05:07:32.714,2.29025,2.2909,4.00,0.50
2007.08.29 05:07:32.724,2.29025,2.2909,4.00,0.60
2007.08.29 05:07:32.781,2.2902,2.2909,6.30,0.80
2007.08.29 05:07:32.995,2.2902,2.2909,5.50,0.80
2007.08.29 05:07:43.241,2.2902,2.2909,5.50,7.90
2007.08.29 05:07:44.776,2.2902,2.29095,5.50,15.80
2007.08.29 05:07:44.797,2.2902,2.29095,9.50,15.80
2007.08.29 05:07:44.913,2.2902,2.2909,9.50,0.70
2007.08.29 05:07:45.276,2.2902,2.2908,9.50,0.80
2007.08.29 05:07:45.340,2.2902,2.2908,5.50,0.70
2007.08.29 05:07:55.195,2.2902,2.2909,5.50,8.70
2007.08.29 05:07:55.339,2.2902,2.2909,9.50,8.70
2007.08.29 05:08:06.682,2.2902,2.2909,9.50,7.90
2007.08.29 05:08:15.173,2.2903,2.2909,0.80,7.90
2007.08.29 05:08:15.698,2.2903,2.2909,0.80,5.50
2007.08.29 05:08:15.806,2.2904,2.291,5.50,3.20
2007.08.29 05:08:16.298,2.2904,2.291,5.50,2.40
2007.08.29 05:08:19.853,2.2904,2.2911,5.50,10.30
2007.08.29 05:08:32.940,2.2902,2.291,0.80,7.90
2007.08.29 05:08:33.050,2.29015,2.2909,4.00,0.80
2007.08.29 05:08:33.092,2.2901,2.2909,12.30,0.70
2007.08.29 05:08:33.360,2.2901,2.291,11.10,7.90
2007.08.29 05:08:33.673,2.2901,2.291,12.30,7.90
2007.08.29 05:08:43.381,2.2901,2.291,11.10,15.00
2007.08.29 05:08:43.561,2.2901,2.2909,7.10,7.90
2007.08.29 05:08:43.590,2.2901,2.2909,6.30,7.90
2007.08.29 05:08:44.662,2.2902,2.2909,0.80,7.90
2007.08.29 05:08:44.833,2.2902,2.291,6.30,19.80
2007.08.29 05:08:48.147,2.2903,2.291,0.80,15.00
2007.08.29 05:08:48.675,2.2903,2.291,2.00,14.20
2007.08.29 05:08:48.772,2.2903,2.29105,7.50,10.10
2007.08.29 05:08:48.880,2.2903,2.291,7.50,5.50
2007.08.29 05:08:49.367,2.2903,2.291,6.30,5.50
2007.08.29 05:08:50.702,2.2903,2.291,7.50,5.50
2007.08.29 05:08:50.971,2.29035,2.291,4.00,5.50
2007.08.29 05:08:51.227,2.2904,2.2911,5.50,6.30
2007.08.29 05:08:52.159,2.2904,2.2911,5.50,5.50
2007.08.29 05:08:55.645,2.2905,2.2911,0.80,5.50
2007.08.29 05:08:55.782,2.2905,2.2912,6.30,9.50
2007.08.29 05:08:55.873,2.2905,2.2912,6.30,5.50
2007.08.29 05:09:04.149,2.2905,2.2912,5.50,5.50
2007.08.29 05:09:04.271,2.29045,2.2911,4.00,7.90
2007.08.29 05:09:04.327,2.2904,2.2911,4.80,7.90
2007.08.29 05:09:04.375,2.2903,2.2911,4.80,7.90
2007.08.29 05:09:04.588,2.2903,2.2911,0.80,7.90
2007.08.29 05:09:04.823,2.2903,2.2911,4.80,7.90
2007.08.29 05:09:04.888,2.2903,2.291,4.80,4.00
2007.08.29 05:09:05.099,2.2903,2.291,0.80,4.00
2007.08.29 05:09:05.298,2.2903,2.291,0.80,0.80
2007.08.29 05:09:05.721,2.29025,2.291,4.00,0.80
2007.08.29 05:09:06.118,2.2902,2.291,8.80,0.80
2007.08.29 05:09:06.247,2.2902,2.291,8.00,0.80
2007.08.29 05:09:06.355,2.2902,2.2911,4.00,13.50
2007.08.29 05:09:08.696,2.2902,2.2911,5.20,13.50
2007.08.29 05:09:08.941,2.2904,2.2911,5.50,10.30
2007.08.29 05:09:10.057,2.2904,2.2911,5.50,5.50
2007.08.29 05:09:12.693,2.2904,2.2911,5.50,7.90
2007.08.29 05:09:12.755,2.2903,2.291,7.10,5.50
2007.08.29 05:09:12.847,2.2903,2.291,6.30,5.50
2007.08.29 05:09:13.929,2.29025,2.291,10.30,5.50
2007.08.29 05:09:20.191,2.29025,2.291,9.50,5.50
2007.08.29 05:09:20.258,2.2904,2.2911,1.10,5.50
2007.08.29 05:09:20.791,2.29035,2.2911,2.40,7.90
2007.08.29 05:09:20.872,2.29025,2.2911,4.80,7.90
2007.08.29 05:09:20.882,2.2902,2.2911,14.30,7.90
2007.08.29 05:09:21.406,2.29025,2.2911,1.10,0.80
2007.08.29 05:09:21.644,2.2902,2.2911,2.90,0.80
2007.08.29 05:09:22.124,2.2902,2.2911,4.50,1.60
2007.08.29 05:09:22.171,2.2902,2.2911,2.00,5.60
2007.08.29 05:09:22.197,2.29015,2.2911,12.70,5.60
2007.08.29 05:09:22.247,2.2902,2.2911,11.00,5.60
2007.08.29 05:09:22.331,2.2904,2.2911,0.80,4.80
2007.08.29 05:09:22.430,2.29025,2.2911,9.50,0.80
2007.08.29 05:09:25.150,2.29025,2.29115,9.50,0.80
2007.08.29 05:09:25.206,2.29025,2.2912,9.50,11.90
2007.08.29 05:09:25.467,2.2901,2.29115,10.00,4.00
2007.08.29 05:09:26.585,2.2901,2.2911,10.00,0.80
2007.08.29 05:09:26.766,2.2901,2.2911,5.60,1.60
2007.08.29 05:09:27.324,2.2901,2.291,11.10,5.50
2007.08.29 05:09:27.808,2.2901,2.291,5.90,6.30
2007.08.29 05:09:28.015,2.2901,2.2909,5.00,0.80
2007.08.29 05:09:28.047,2.29,2.2909,14.20,1.60
2007.08.29 05:09:28.170,2.2901,2.2909,4.20,3.20
2007.08.29 05:09:28.323,2.2899,2.2908,12.70,5.50
2007.08.29 05:09:28.403,2.2899,2.2908,1.10,5.50
2007.08.29 05:09:28.842,2.2899,2.2908,4.50,5.50
2007.08.29 05:09:29.125,2.2899,2.2907,5.20,0.80
2007.08.29 05:09:29.266,2.2901,2.2907,2.40,0.80
2007.08.29 05:09:30.632,2.29,2.2907,12.60,0.80
2007.08.29 05:09:30.719,2.29,2.29095,13.40,4.00
2007.08.29 05:09:30.814,2.29,2.2908,13.40,0.80
2007.08.29 05:09:31.403,2.2901,2.2908,2.60,0.80
2007.08.29 05:09:31.446,2.2902,2.2908,2.10,0.80
2007.08.29 05:09:31.465,2.2902,2.2908,1.50,0.80
2007.08.29 05:09:32.031,2.2902,2.2909,3.40,0.80
2007.08.29 05:09:32.379,2.2902,2.2909,0.70,0.80
2007.08.29 05:09:32.475,2.2902,2.2909,1.90,3.20
2007.08.29 05:09:32.568,2.2902,2.2909,2.90,8.70
2007.08.29 05:09:41.964,2.2902,2.2909,5.50,6.30
2007.08.29 05:09:42.077,2.2903,2.2909,5.50,0.80
2007.08.29 05:09:51.562,2.2904,2.2909,5.50,0.80
2007.08.29 05:09:55.212,2.2902,2.2908,7.90,5.50
2007.08.29 05:09:55.268,2.2902,2.2908,5.50,5.50
2007.08.29 05:09:57.100,2.2902,2.2908,6.30,5.50
2007.08.29 05:09:57.209,2.2902,2.2908,8.70,5.50
2007.08.29 05:09:57.958,2.2902,2.2908,6.30,5.50
2007.08.29 05:10:02.998,2.29045,2.2908,4.00,5.50
2007.08.29 05:10:04.095,2.2902,2.2908,12.70,5.50
2007.08.29 05:10:04.170,2.2902,2.2908,11.10,5.50
2007.08.29 05:10:04.308,2.2902,2.2908,6.30,5.50
2007.08.29 05:10:04.463,2.2902,2.2908,5.50,5.50
2007.08.29 05:10:04.499,2.2902,2.2909,5.50,6.50
2007.08.29 05:10:04.531,2.2902,2.2909,5.50,6.70
2007.08.29 05:10:04.571,2.2902,2.2909,5.50,5.90
2007.08.29 05:10:04.596,2.2902,2.2909,9.50,5.90
2007.08.29 05:10:04.671,2.2902,2.2909,9.50,6.10
2007.08.29 05:10:04.769,2.2902,2.2909,9.50,8.50
2007.08.29 05:10:04.803,2.2902,2.2909,9.50,8.10
2007.08.29 05:10:04.881,2.2902,2.2909,9.50,7.90
2007.08.29 05:10:04.906,2.2902,2.2909,5.50,7.90
2007.08.29 05:10:05.216,2.2901,2.2908,5.50,5.50
2007.08.29 05:10:05.710,2.2901,2.2908,8.70,5.50
2007.08.29 05:10:05.794,2.2903,2.291,5.50,15.10
2007.08.29 05:10:05.816,2.2903,2.291,5.50,11.10
2007.08.29 05:10:05.843,2.2903,2.291,5.50,6.30
2007.08.29 05:10:07.089,2.2903,2.291,5.50,5.50
2007.08.29 05:10:11.915,2.2905,2.291,4.00,5.50
2007.08.29 05:10:11.932,2.2905,2.291,4.80,5.50
2007.08.29 05:10:12.768,2.2905,2.2909,4.80,5.50
2007.08.29 05:10:12.877,2.2905,2.2909,4.00,5.50
2007.08.29 05:10:12.982,2.2902,2.2909,10.30,5.50
2007.08.29 05:10:12.992,2.2902,2.2909,14.30,5.50
2007.08.29 05:10:13.171,2.2902,2.2909,10.30,5.50
2007.08.29 05:10:13.186,2.2902,2.2909,9.50,5.50
2007.08.29 05:10:13.631,2.2902,2.291,9.50,7.80
2007.08.29 05:10:14.637,2.2902,2.291,9.50,11.00
2007.08.29 05:10:14.814,2.2901,2.2908,6.30,0.80
2007.08.29 05:10:14.907,2.2901,2.2908,5.50,0.60
2007.08.29 05:10:20.713,2.2901,2.2908,5.50,7.90
2007.08.29 05:10:20.800,2.29005,2.2906,4.80,0.50
2007.08.29 05:10:20.868,2.29005,2.2907,0.80,7.90
2007.08.29 05:10:21.083,2.29,2.2906,1.60,0.70
2007.08.29 05:10:21.133,2.29,2.2907,0.80,7.90
2007.08.29 05:10:21.214,2.2899,2.2906,6.30,0.80
2007.08.29 05:10:21.627,2.2899,2.2906,7.10,0.50
2007.08.29 05:10:21.663,2.28995,2.2907,4.00,7.90
2007.08.29 05:10:21.939,2.2899,2.2906,7.10,0.90
2007.08.29 05:10:21.954,2.2899,2.2906,6.30,0.80
2007.08.29 05:10:22.554,2.2899,2.2907,6.30,8.70
2007.08.29 05:10:22.759,2.2899,2.2905,6.30,0.80
2007.08.29 05:10:38.171,2.2899,2.2907,5.50,12.60
2007.08.29 05:10:38.295,2.2899,2.2907,9.50,12.60
2007.08.29 05:10:38.401,2.2899,2.2907,10.30,14.90
2007.08.29 05:10:38.673,2.2899,2.2906,10.30,7.90
2007.08.29 05:10:38.778,2.2899,2.2905,6.30,0.80
2007.08.29 05:10:38.810,2.2899,2.2906,5.50,7.90
2007.08.29 05:10:44.169,2.2899,2.2905,6.30,2.40
2007.08.29 05:10:44.264,2.2899,2.2906,6.30,5.50
2007.08.29 05:10:44.294,2.29,2.2906,4.00,5.50
2007.08.29 05:10:45.196,2.29,2.2904,4.00,2.40
2007.08.29 05:10:45.295,2.2899,2.2904,4.80,7.90
2007.08.29 05:10:45.398,2.2899,2.2904,0.80,7.90
2007.08.29 05:10:45.805,2.2898,2.2904,0.80,7.90
2007.08.29 05:10:48.201,2.2897,2.2903,11.10,2.40
2007.08.29 05:10:48.224,2.2897,2.2903,7.10,2.40
2007.08.29 05:10:48.412,2.2897,2.2903,6.30,2.40
2007.08.29 05:11:16.718,2.2897,2.2904,6.30,6.30
2007.08.29 05:11:16.914,2.2897,2.2904,7.10,5.50
2007.08.29 05:11:16.973,2.2897,2.2904,11.10,5.50
2007.08.29 05:11:31.923,2.2897,2.2904,10.30,5.50
2007.08.29 05:11:31.998,2.2897,2.2904,6.30,5.50
2007.08.29 05:11:32.260,2.2897,2.2904,10.30,5.50
2007.08.29 05:11:32.333,2.2897,2.2904,11.10,5.50
2007.08.29 05:11:41.672,2.2898,2.2904,0.80,5.50
2007.08.29 05:11:41.715,2.2898,2.2904,4.80,5.50
2007.08.29 05:11:41.823,2.2899,2.2905,5.50,2.40
2007.08.29 05:11:44.835,2.2898,2.2904,4.80,5.50
2007.08.29 05:11:45.361,2.2898,2.2904,4.00,5.50
2007.08.29 05:12:25.755,2.2898,2.2904,9.50,5.50
2007.08.29 05:12:25.771,2.2898,2.2904,10.30,5.50
2007.08.29 05:12:25.882,2.2898,2.2904,10.30,7.90
2007.08.29 05:12:26.354,2.2898,2.2903,4.80,5.50
2007.08.29 05:12:26.378,2.2898,2.2903,1.60,5.50
2007.08.29 05:12:27.211,2.2898,2.2903,0.80,5.50
2007.08.29 05:12:35.244,2.2898,2.2904,6.30,7.90
2007.08.29 05:12:35.338,2.2898,2.2904,10.30,7.90
2007.08.29 05:12:37.009,2.2898,2.2904,11.10,7.90
2007.08.29 05:12:37.029,2.2898,2.2904,11.90,7.90
2007.08.29 05:12:37.135,2.29,2.2904,0.80,7.90
2007.08.29 05:12:37.237,2.29,2.2904,0.80,5.50
2007.08.29 05:12:37.322,2.29,2.2906,10.30,8.70
2007.08.29 05:12:38.047,2.29,2.2906,10.30,7.90
2007.08.29 05:12:42.277,2.29,2.2905,4.80,5.50
2007.08.29 05:12:42.384,2.29,2.2905,0.80,5.50
2007.08.29 05:12:42.609,2.2901,2.2905,0.80,5.50
2007.08.29 05:12:42.808,2.2901,2.2906,0.80,7.90
2007.08.29 05:12:43.116,2.29,2.2906,10.30,7.90
2007.08.29 05:12:43.630,2.29,2.2906,9.50,7.90
2007.08.29 05:12:43.797,2.28995,2.2906,4.00,10.30
2007.08.29 05:12:43.845,2.2899,2.2906,0.80,10.30
2007.08.29 05:12:43.940,2.28985,2.2906,4.00,10.30
2007.08.29 05:12:46.638,2.29,2.2906,0.80,10.30
2007.08.29 05:12:46.746,2.29,2.2906,6.30,7.90
2007.08.29 05:12:51.275,2.29,2.2905,0.80,5.50
2007.08.29 05:12:54.676,2.2899,2.2905,6.30,5.50
2007.08.29 05:12:56.584,2.2899,2.2905,6.30,0.80
2007.08.29 05:12:59.114,2.2899,2.2906,5.50,7.90
2007.08.29 05:12:59.224,2.2899,2.2905,5.50,7.90
2007.08.29 05:12:59.313,2.28985,2.2905,4.00,10.20
2007.08.29 05:12:59.437,2.2898,2.2904,6.30,0.70
2007.08.29 05:13:02.235,2.2898,2.2904,0.80,7.90
2007.08.29 05:13:05.727,2.2898,2.2904,6.30,0.50
2007.08.29 05:13:05.823,2.2898,2.2904,10.30,0.70
2007.08.29 05:13:07.695,2.2898,2.2904,11.50,0.70
2007.08.29 05:13:07.745,2.28985,2.2905,4.00,10.20
2007.08.29 05:13:07.771,2.28985,2.2905,4.00,7.80
2007.08.29 05:13:07.804,2.28985,2.2906,4.00,0.90
2007.08.29 05:13:08.113,2.28985,2.2907,4.00,11.10
2007.08.29 05:13:10.694,2.29,2.2907,0.80,11.10
2007.08.29 05:13:11.230,2.29,2.2907,6.30,10.20
2007.08.29 05:13:14.320,2.29,2.2906,0.80,7.90
2007.08.29 05:13:15.697,2.2899,2.2905,5.50,7.90
2007.08.29 05:13:15.758,2.28985,2.2904,4.00,0.70
2007.08.29 05:13:15.928,2.2898,2.2905,7.50,10.20
2007.08.29 05:13:16.177,2.2898,2.2904,6.30,0.50
2007.08.29 05:13:18.104,2.29,2.2904,0.80,0.60
2007.08.29 05:13:18.202,2.29,2.2904,0.80,0.70
2007.08.29 05:13:18.223,2.29,2.29055,0.80,8.10
2007.08.29 05:13:22.485,2.29,2.29055,0.80,8.90
2007.08.29 05:13:22.554,2.2899,2.29055,5.50,8.90
2007.08.29 05:13:26.321,2.2899,2.2905,6.30,8.70
2007.08.29 05:13:26.400,2.2899,2.2904,0.80,5.50
2007.08.29 05:13:26.733,2.2898,2.2904,5.50,5.50
2007.08.29 05:13:27.255,2.2898,2.2904,5.50,7.90
2007.08.29 05:13:42.700,2.2897,2.2902,4.80,5.50
2007.08.29 05:13:42.822,2.2897,2.2902,0.80,5.50
2007.08.29 05:13:43.232,2.2898,2.2903,5.50,2.40
2007.08.29 05:13:43.264,2.2898,2.2904,5.50,7.90
2007.08.29 05:13:46.741,2.2898,2.2903,5.50,2.40
2007.08.29 05:13:46.766,2.28965,2.2902,4.00,5.50
2007.08.29 05:13:46.904,2.2896,2.2902,6.30,5.50
2007.08.29 05:13:47.117,2.2896,2.2903,6.30,7.90
2007.08.29 05:13:48.633,2.2897,2.2903,0.80,7.90
2007.08.29 05:13:49.330,2.2897,2.2902,0.80,7.80
2007.08.29 05:13:49.748,2.2897,2.2904,0.80,21.70
2007.08.29 05:13:49.852,2.2897,2.2903,0.80,0.60
2007.08.29 05:13:49.887,2.2897,2.2903,0.80,0.90
2007.08.29 05:13:51.297,2.2897,2.2903,0.80,14.20
2007.08.29 05:13:54.614,2.2897,2.2903,0.80,14.20
2007.08.29 05:13:54.709,2.2897,2.2903,0.80,14.20
2007.08.29 05:13:56.136,2.2896,2.2903,5.50,14.20
2007.08.29 05:13:57.671,2.2897,2.2903,0.80,14.20
2007.08.29 05:13:57.777,2.2897,2.2903,0.80,14.20
2007.08.29 05:14:02.637,2.2896,2.2903,5.50,14.20
2007.08.29 05:14:03.242,2.2896,2.2903,5.50,14.20
2007.08.29 05:14:04.164,2.2896,2.2902,5.50,7.90
2007.08.29 05:14:04.327,2.28945,2.2901,4.00,7.90
2007.08.29 05:14:04.816,2.2894,2.2901,7.90,7.90
2007.08.29 05:14:07.687,2.2895,2.29,0.80,0.50
2007.08.29 05:14:08.237,2.2896,2.2901,5.50,0.50
2007.08.29 05:14:08.807,2.2896,2.2903,5.50,16.00
2007.08.29 05:14:10.272,2.2896,2.2902,5.50,0.90
2007.08.29 05:14:10.522,2.2896,2.2903,5.50,11.00
2007.08.29 05:14:10.641,2.2896,2.2901,5.50,0.60
2007.08.29 05:14:10.740,2.2894,2.2901,8.70,7.90
2007.08.29 05:14:10.938,2.2894,2.29,7.90,0.90
2007.08.29 05:14:12.459,2.2894,2.2902,7.90,11.10
2007.08.29 05:14:15.055,2.2894,2.2901,7.10,0.80
2007.08.29 05:14:15.103,2.2894,2.2902,6.30,11.10
2007.08.29 05:14:17.660,2.2894,2.2901,7.10,2.40
2007.08.29 05:14:17.853,2.2894,2.2901,8.70,2.40
2007.08.29 05:14:19.048,2.2894,2.2901,8.70,3.20
2007.08.29 05:14:19.071,2.2894,2.2901,8.70,4.00
2007.08.29 05:14:20.199,2.2894,2.2899,7.90,2.40
2007.08.29 05:14:20.241,2.2894,2.2899,0.80,2.40
2007.08.29 05:14:20.319,2.2893,2.2899,2.40,2.40
2007.08.29 05:14:20.639,2.2893,2.2898,1.60,5.50
2007.08.29 05:14:20.847,2.2893,2.2898,0.80,5.50
2007.08.29 05:14:20.891,2.2892,2.2898,7.10,5.50
2007.08.29 05:14:20.943,2.2892,2.2898,7.90,5.50
2007.08.29 05:14:21.096,2.28925,2.2898,4.80,5.50
2007.08.29 05:14:21.275,2.2894,2.2899,5.50,0.80
2007.08.29 05:14:22.036,2.2894,2.29,5.50,6.30
2007.08.29 05:14:22.723,2.2894,2.29,7.90,6.30
2007.08.29 05:14:22.946,2.2894,2.29,5.50,6.30
2007.08.29 05:14:22.977,2.2894,2.29,5.50,0.80
2007.08.29 05:14:23.084,2.2894,2.2901,5.50,10.30
2007.08.29 05:14:24.205,2.2894,2.29015,5.50,10.50
2007.08.29 05:14:27.676,2.2894,2.2901,5.50,12.70
2007.08.29 05:14:34.243,2.2894,2.29,5.50,0.80
2007.08.29 05:14:34.757,2.2893,2.29,9.50,6.30
2007.08.29 05:14:34.907,2.2893,2.29,5.50,6.30
2007.08.29 05:14:35.182,2.2893,2.29,5.50,5.50
2007.08.29 05:14:35.294,2.2892,2.2899,11.10,9.50
2007.08.29 05:14:35.326,2.2892,2.2899,10.30,11.90
2007.08.29 05:14:35.427,2.2892,2.2899,6.30,11.90
2007.08.29 05:14:36.563,2.2892,2.2899,5.50,11.90
2007.08.29 05:14:37.015,2.2893,2.2899,0.80,11.90
2007.08.29 05:14:37.117,2.2893,2.2899,0.80,12.70
2007.08.29 05:14:37.135,2.2893,2.2899,2.40,12.70
2007.08.29 05:14:37.249,2.2893,2.2899,6.30,10.30
2007.08.29 05:14:37.283,2.28935,2.2899,0.80,10.30
2007.08.29 05:14:37.340,2.2894,2.2899,5.50,0.80
2007.08.29 05:14:37.647,2.2894,2.2899,6.30,0.80
2007.08.29 05:14:37.751,2.2896,2.2899,5.50,0.80
2007.08.29 05:14:38.105,2.2896,2.2903,5.50,12.90
2007.08.29 05:14:38.264,2.2896,2.2903,5.50,12.70
2007.08.29 05:14:38.684,2.2896,2.2903,5.50,13.50
2007.08.29 05:14:39.259,2.2895,2.29,10.30,0.80
2007.08.29 05:14:39.297,2.2895,2.29,6.30,0.80
2007.08.29 05:14:39.363,2.2895,2.2901,6.30,0.80
2007.08.29 05:14:39.577,2.2895,2.2901,5.50,0.80
2007.08.29 05:14:40.310,2.2895,2.2902,5.50,6.30
2007.08.29 05:14:40.406,2.2895,2.2902,5.50,7.10
2007.08.29 05:14:40.727,2.2895,2.2902,5.50,6.30
2007.08.29 05:14:40.744,2.2896,2.2902,5.50,0.80
2007.08.29 05:14:40.961,2.2896,2.2903,5.50,14.30
2007.08.29 05:14:41.235,2.2896,2.2903,5.50,13.50
2007.08.29 05:14:42.023,2.2896,2.2903,5.50,12.70
2007.08.29 05:14:42.129,2.2896,2.2902,5.50,0.80
2007.08.29 05:14:42.767,2.2895,2.2901,11.10,4.00
2007.08.29 05:14:42.887,2.2895,2.2901,10.30,4.00
2007.08.29 05:14:42.931,2.2895,2.2901,5.50,4.00
2007.08.29 05:14:44.676,2.2895,2.2901,5.50,6.40
2007.08.29 05:14:44.785,2.2894,2.2901,11.90,11.90
2007.08.29 05:14:44.907,2.2894,2.2901,11.10,11.90
2007.08.29 05:14:44.922,2.2894,2.2901,7.10,11.90
2007.08.29 05:14:46.048,2.2894,2.2901,7.10,12.70
2007.08.29 05:14:46.709,2.2894,2.2901,9.50,10.30
2007.08.29 05:14:46.867,2.2896,2.2901,5.50,4.80
2007.08.29 05:14:46.981,2.2896,2.2901,5.50,0.80
2007.08.29 05:14:47.020,2.2896,2.2902,5.50,0.80
2007.08.29 05:14:47.749,2.2895,2.2901,6.30,4.00
2007.08.29 05:14:47.847,2.2895,2.2901,5.50,4.00
2007.08.29 05:14:48.704,2.2896,2.2901,5.50,4.00
2007.08.29 05:14:48.823,2.2896,2.2903,5.50,12.70
2007.08.29 05:14:49.086,2.28955,2.29,0.80,5.50
2007.08.29 05:14:49.284,2.2895,2.29,0.80,5.50
2007.08.29 05:14:49.418,2.28945,2.29,4.00,5.50
2007.08.29 05:14:49.772,2.2894,2.29,9.50,5.50
2007.08.29 05:14:49.818,2.2894,2.29,5.50,5.50
2007.08.29 05:14:50.243,2.2894,2.29,5.50,7.90
2007.08.29 05:14:50.263,2.28935,2.2898,4.00,5.50
2007.08.29 05:14:50.299,2.2893,2.2898,3.20,5.50
2007.08.29 05:14:50.359,2.2893,2.2898,2.40,5.50
2007.08.29 05:14:51.068,2.2893,2.2898,1.60,5.50
2007.08.29 05:14:51.073,2.2893,2.2898,0.80,5.50
2007.08.29 05:14:51.130,2.28925,2.2897,4.00,5.50
2007.08.29 05:14:51.317,2.2892,2.2897,1.60,5.50
2007.08.29 05:14:51.473,2.2892,2.2897,0.80,5.50
2007.08.29 05:14:51.648,2.28915,2.2897,0.80,5.50
2007.08.29 05:14:52.694,2.2892,2.2897,2.40,5.50
2007.08.29 05:14:52.806,2.2893,2.2899,5.50,6.30
2007.08.29 05:14:53.089,2.2893,2.2899,6.30,6.30
2007.08.29 05:14:53.108,2.28935,2.2899,0.80,6.30
2007.08.29 05:14:54.062,2.2894,2.29,5.50,0.80
2007.08.29 05:14:54.299,2.2894,2.29,6.30,0.80
2007.08.29 05:14:54.416,2.28945,2.29,0.80,0.80
2007.08.29 05:14:55.153,2.2894,2.29,6.30,0.80
2007.08.29 05:14:55.192,2.2894,2.2901,6.30,8.70
2007.08.29 05:14:55.289,2.2894,2.29,0.80,5.50
2007.08.29 05:14:55.397,2.28935,2.29,4.00,5.50
2007.08.29 05:14:55.420,2.2893,2.29,12.70,5.50
2007.08.29 05:14:55.499,2.2893,2.29,11.90,5.50
2007.08.29 05:14:55.608,2.2893,2.29,11.10,5.50
2007.08.29 05:14:57.076,2.2894,2.2899,0.80,5.50
2007.08.29 05:14:57.136,2.2894,2.2899,1.60,5.50
2007.08.29 05:14:57.289,2.28945,2.2899,0.80,5.50
2007.08.29 05:14:58.727,2.2893,2.2899,5.50,5.50
2007.08.29 05:14:59.192,2.2893,2.2899,6.30,5.50
2007.08.29 05:14:59.215,2.2893,2.2899,7.50,5.50
2007.08.29 05:15:00.045,2.2893,2.2899,8.30,5.50
2007.08.29 05:15:00.102,2.2895,2.2899,0.80,5.50
2007.08.29 05:15:00.140,2.2895,2.2899,0.80,6.30
2007.08.29 05:15:02.534,2.2895,2.2899,2.00,6.30
2007.08.29 05:15:02.717,2.2895,2.2899,1.20,6.30
2007.08.29 05:15:02.758,2.28935,2.2899,0.80,5.50
2007.08.29 05:15:02.808,2.2893,2.2899,7.50,5.50
2007.08.29 05:15:05.067,2.2893,2.2899,8.30,5.50
2007.08.29 05:15:05.094,2.2893,2.2899,9.10,5.50
2007.08.29 05:15:05.248,2.2895,2.2899,0.80,5.50
2007.08.29 05:15:05.608,2.2895,2.29,6.30,0.80
2007.08.29 05:15:05.863,2.2895,2.29,10.30,0.80
2007.08.29 05:15:06.045,2.2895,2.29,11.10,0.80
2007.08.29 05:15:06.083,2.2895,2.2903,11.10,5.50
2007.08.29 05:15:06.143,2.2895,2.2901,11.10,0.80
2007.08.29 05:15:06.701,2.2895,2.2901,10.30,0.80
2007.08.29 05:15:06.766,2.2895,2.2901,4.80,6.30
2007.08.29 05:15:06.892,2.2893,2.2901,13.90,6.30
2007.08.29 05:15:07.271,2.2893,2.2901,12.70,6.30
2007.08.29 05:15:07.389,2.2893,2.2901,12.70,5.50
2007.08.29 05:15:07.687,2.2893,2.2901,13.90,5.50
2007.08.29 05:15:07.766,2.2893,2.2901,16.30,5.50
2007.08.29 05:15:07.808,2.2895,2.2902,5.50,0.80
2007.08.29 05:15:08.343,2.2895,2.2903,5.50,6.30
2007.08.29 05:15:08.586,2.2895,2.2903,6.30,6.30
2007.08.29 05:15:08.877,2.2895,2.2903,7.10,6.30
2007.08.29 05:15:08.903,2.2895,2.2903,11.10,6.30
2007.08.29 05:15:09.213,2.2895,2.2903,12.30,6.30
2007.08.29 05:15:09.604,2.2895,2.2903,11.50,7.10
2007.08.29 05:15:09.750,2.2895,2.2903,10.30,6.30
2007.08.29 05:15:09.844,2.2895,2.2903,9.50,6.30
2007.08.29 05:15:09.947,2.2895,2.2903,5.50,6.30
2007.08.29 05:15:10.025,2.2895,2.29,5.50,2.40
2007.08.29 05:15:10.069,2.2894,2.2899,4.80,5.50
2007.08.29 05:15:10.244,2.2894,2.2899,0.80,5.50
2007.08.29 05:15:10.271,2.2893,2.2897,1.60,5.50
2007.08.29 05:15:10.496,2.28925,2.2897,0.80,5.50
2007.08.29 05:15:10.649,2.2893,2.2897,0.80,5.50
2007.08.29 05:15:10.810,2.2893,2.2899,6.30,6.30
2007.08.29 05:15:11.037,2.2893,2.2899,7.10,6.30
2007.08.29 05:15:11.152,2.2895,2.2899,0.80,6.30
2007.08.29 05:15:11.229,2.2895,2.2899,0.80,5.50
2007.08.29 05:15:11.669,2.2894,2.2899,0.80,5.50
2007.08.29 05:15:12.688,2.28935,2.2899,0.80,5.50
2007.08.29 05:15:12.761,2.2893,2.2899,8.70,5.50
2007.08.29 05:15:12.828,2.2893,2.2899,7.10,5.50
2007.08.29 05:15:12.989,2.2893,2.2899,6.30,5.50
2007.08.29 05:15:14.675,2.2895,2.2899,0.80,5.50
2007.08.29 05:15:16.520,2.28945,2.2899,0.80,5.50
2007.08.29 05:15:16.617,2.2895,2.2899,0.80,5.50
2007.08.29 05:15:17.232,2.2893,2.2899,6.30,5.50
2007.08.29 05:15:20.559,2.2893,2.2899,5.50,5.50
2007.08.29 05:15:20.651,2.2892,2.2898,8.70,5.50
2007.08.29 05:15:21.174,2.2892,2.2898,7.90,5.50
2007.08.29 05:15:22.025,2.2893,2.2898,0.80,5.50
2007.08.29 05:15:22.201,2.2893,2.2898,2.40,5.50
2007.08.29 05:15:22.241,2.2893,2.2899,7.90,6.30
2007.08.29 05:15:23.806,2.2893,2.2899,7.90,5.50
2007.08.29 05:15:24.968,2.2893,2.2899,7.90,6.30
2007.08.29 05:15:25.062,2.2893,2.2899,7.10,6.30
2007.08.29 05:15:25.085,2.2893,2.2899,6.30,6.30
2007.08.29 05:15:25.159,2.2893,2.2899,6.30,8.70
2007.08.29 05:15:25.243,2.2893,2.2899,5.50,8.70
2007.08.29 05:15:25.300,2.2892,2.2898,5.50,5.50
2007.08.29 05:15:27.772,2.2893,2.2899,5.50,6.30
2007.08.29 05:15:29.052,2.2893,2.2899,5.50,5.50
2007.08.29 05:15:29.161,2.2893,2.2898,5.50,0.80
2007.08.29 05:15:29.552,2.28925,2.2898,6.30,0.80
2007.08.29 05:15:30.112,2.2893,2.2899,2.40,6.30
2007.08.29 05:15:33.103,2.28925,2.2899,10.30,6.30
2007.08.29 05:15:33.238,2.2893,2.2898,1.80,0.80
2007.08.29 05:15:33.371,2.2893,2.2901,5.20,6.00
2007.08.29 05:15:33.465,2.2893,2.2901,6.30,6.00
2007.08.29 05:15:33.539,2.28925,2.2901,14.30,5.50
2007.08.29 05:15:33.627,2.2893,2.2901,13.50,5.50
2007.08.29 05:15:33.688,2.2894,2.2903,0.70,11.10
2007.08.29 05:15:33.861,2.2893,2.2903,21.40,7.10
2007.08.29 05:15:34.305,2.2893,2.2903,21.40,6.30
2007.08.29 05:15:36.937,2.2893,2.2903,12.60,7.10
2007.08.29 05:15:36.951,2.2893,2.29,12.60,0.80
2007.08.29 05:15:37.128,2.2893,2.2901,12.60,0.80
2007.08.29 05:15:37.239,2.2892,2.2901,13.50,7.10
2007.08.29 05:15:37.375,2.2892,2.2901,10.30,7.10
2007.08.29 05:15:37.634,2.2893,2.2901,1.60,6.30
2007.08.29 05:15:37.675,2.2893,2.2901,0.90,6.30
2007.08.29 05:15:37.687,2.2893,2.2901,1.60,6.30
2007.08.29 05:15:37.889,2.28925,2.2901,10.30,6.30
2007.08.29 05:15:37.933,2.2893,2.2901,3.10,6.30
2007.08.29 05:15:38.137,2.2892,2.2901,19.00,6.30
2007.08.29 05:15:38.327,2.2892,2.2901,19.00,5.50
2007.08.29 05:15:39.620,2.2892,2.2901,18.20,5.50
2007.08.29 05:15:39.809,2.2892,2.2902,15.80,0.80
2007.08.29 05:15:40.650,2.2892,2.29,15.80,2.40
2007.08.29 05:15:40.759,2.2892,2.2899,8.00,5.50
2007.08.29 05:15:40.831,2.2892,2.2899,4.00,5.50
2007.08.29 05:15:40.849,2.2891,2.2899,6.40,5.50
2007.08.29 05:15:41.703,2.2891,2.2899,1.30,5.50
2007.08.29 05:15:43.096,2.2893,2.2899,0.80,5.50
2007.08.29 05:15:43.285,2.2892,2.29,11.00,0.80
2007.08.29 05:15:43.387,2.2892,2.29,15.00,0.80
2007.08.29 05:15:43.399,2.2892,2.29,19.00,0.80
2007.08.29 05:16:08.466,2.2891,2.2897,7.90,5.50
2007.08.29 05:16:09.310,2.28915,2.2897,0.80,5.50
2007.08.29 05:16:11.170,2.2892,2.2897,3.20,5.50
2007.08.29 05:16:11.310,2.2893,2.2899,5.50,6.30
2007.08.29 05:16:11.381,2.2893,2.2899,9.50,6.30
2007.08.29 05:16:11.424,2.2893,2.2899,10.30,6.30
2007.08.29 05:16:12.161,2.2893,2.2899,10.30,5.50
2007.08.29 05:16:19.767,2.2893,2.2899,6.30,5.50
2007.08.29 05:16:19.808,2.2893,2.29,6.30,7.90
2007.08.29 05:16:19.928,2.2893,2.29,5.50,7.90
2007.08.29 05:16:20.224,2.28925,2.2899,4.00,5.50
2007.08.29 05:16:20.244,2.2892,2.2899,18.30,5.50
2007.08.29 05:16:20.311,2.2892,2.2899,17.50,5.50
2007.08.29 05:16:20.347,2.2892,2.2899,10.30,5.50
2007.08.29 05:16:22.823,2.2892,2.2899,6.30,5.50
2007.08.29 05:16:22.895,2.2892,2.2899,5.50,5.50
2007.08.29 05:16:23.318,2.2892,2.2899,10.30,5.50
2007.08.29 05:16:24.828,2.28925,2.2899,4.00,5.50
2007.08.29 05:16:24.872,2.2893,2.29,5.50,7.90
2007.08.29 05:16:26.300,2.2893,2.29,5.50,5.50
2007.08.29 05:16:26.344,2.2893,2.2899,5.50,5.50
2007.08.29 05:16:26.419,2.2893,2.2901,5.50,15.80
2007.08.29 05:16:27.117,2.2893,2.2901,6.30,19.80
2007.08.29 05:16:27.220,2.2893,2.2901,6.30,20.30
2007.08.29 05:16:27.315,2.2894,2.2899,5.50,0.80
2007.08.29 05:16:28.160,2.2894,2.2901,5.50,11.00
2007.08.29 05:16:28.800,2.2893,2.29,13.50,6.30
2007.08.29 05:16:28.892,2.2893,2.29,9.50,6.30
2007.08.29 05:16:28.954,2.2893,2.29,5.50,6.30
2007.08.29 05:16:29.191,2.2893,2.2899,5.50,0.70
2007.08.29 05:16:37.692,2.2893,2.2899,5.50,0.80
2007.08.29 05:16:37.752,2.2893,2.2901,5.50,20.30
2007.08.29 05:16:37.781,2.2892,2.2898,10.30,0.50
2007.08.29 05:16:37.813,2.2892,2.2899,6.30,10.20
2007.08.29 05:16:37.893,2.2892,2.2898,5.50,0.90
2007.08.29 05:16:40.249,2.2891,2.2899,11.90,15.00
2007.08.29 05:16:40.357,2.2891,2.2899,11.10,15.40
2007.08.29 05:16:40.422,2.2891,2.2899,7.10,15.90
2007.08.29 05:16:43.281,2.2891,2.2898,7.10,0.80
2007.08.29 05:16:45.201,2.2891,2.2899,7.90,15.40
2007.08.29 05:16:45.309,2.2892,2.29,5.50,17.20
2007.08.29 05:16:46.999,2.2892,2.29,5.50,11.00
2007.08.29 05:16:58.264,2.2892,2.2898,5.50,2.40
2007.08.29 05:16:58.366,2.2891,2.2898,7.10,7.90
2007.08.29 05:16:58.872,2.2893,2.2898,0.80,7.90
2007.08.29 05:16:58.969,2.2893,2.2898,1.60,7.90
2007.08.29 05:16:59.041,2.2893,2.2898,2.40,7.90
2007.08.29 05:16:59.248,2.2893,2.2898,2.40,5.50
2007.08.29 05:16:59.725,2.2894,2.2899,5.50,0.80
2007.08.29 05:17:00.124,2.2894,2.29,5.50,6.30
2007.08.29 05:17:00.301,2.2894,2.29,9.50,6.30
2007.08.29 05:17:00.355,2.2894,2.29,10.30,6.30
2007.08.29 05:17:01.029,2.28945,2.29,0.80,6.30
2007.08.29 05:17:01.076,2.28945,2.29,0.80,5.50
2007.08.29 05:17:02.724,2.28945,2.2898,0.80,2.40
2007.08.29 05:17:02.863,2.28945,2.2898,0.80,7.90
2007.08.29 05:17:02.876,2.2894,2.2898,0.80,7.90
2007.08.29 05:17:03.034,2.2892,2.2898,6.30,7.90
2007.08.29 05:17:03.084,2.2893,2.2898,1.60,7.90
2007.08.29 05:17:03.238,2.2893,2.2898,2.40,7.90
2007.08.29 05:17:03.720,2.2894,2.2898,5.50,2.40
2007.08.29 05:17:03.746,2.2894,2.2899,5.50,5.20
2007.08.29 05:17:03.838,2.2894,2.2899,5.50,0.80
2007.08.29 05:17:03.870,2.2894,2.2899,5.50,0.50
2007.08.29 05:17:03.927,2.2894,2.2899,5.50,1.20
2007.08.29 05:17:03.964,2.2894,2.2899,5.50,0.80
2007.08.29 05:17:05.070,2.2894,2.29,5.50,6.30
2007.08.29 05:17:05.747,2.2894,2.2899,5.50,2.40
2007.08.29 05:17:05.816,2.2893,2.2898,7.20,5.50
2007.08.29 05:17:05.892,2.2893,2.2898,3.20,5.50
2007.08.29 05:17:05.918,2.2893,2.2898,2.40,5.50
2007.08.29 05:17:07.708,2.2892,2.2898,12.70,5.50
2007.08.29 05:17:07.930,2.2892,2.2898,11.90,5.50
2007.08.29 05:17:08.020,2.2892,2.2898,11.10,5.50
2007.08.29 05:17:08.087,2.28915,2.2898,11.10,5.50
2007.08.29 05:17:10.143,2.28915,2.2898,11.90,5.50
2007.08.29 05:17:11.656,2.28915,2.2898,11.10,5.50
2007.08.29 05:17:11.765,2.28915,2.2898,7.10,7.90
2007.08.29 05:17:11.787,2.28915,2.2898,7.10,8.70
2007.08.29 05:17:11.877,2.28915,2.2898,6.30,8.70
2007.08.29 05:17:12.671,2.28915,2.2898,7.10,6.30
2007.08.29 05:17:12.796,2.28915,2.2898,11.10,6.30
2007.08.29 05:17:12.838,2.28915,2.2898,11.90,5.50
2007.08.29 05:17:13.031,2.2892,2.2898,11.90,5.50
2007.08.29 05:17:13.530,2.2892,2.2898,13.50,5.50
2007.08.29 05:17:16.020,2.28925,2.2898,5.60,5.50
2007.08.29 05:17:16.033,2.28925,2.2898,6.40,5.50
2007.08.29 05:17:16.044,2.2893,2.2898,2.40,5.50
2007.08.29 05:17:21.183,2.2892,2.2898,10.30,5.50
2007.08.29 05:17:22.762,2.28915,2.2896,1.60,5.50
2007.08.29 05:17:22.852,2.2891,2.2896,2.40,5.50
2007.08.29 05:17:24.265,2.2891,2.2896,6.40,5.50
2007.08.29 05:17:24.309,2.28915,2.2898,10.30,6.30
2007.08.29 05:17:25.041,2.28915,2.2898,10.30,5.50
2007.08.29 05:17:25.276,2.2892,2.2898,9.50,5.50
2007.08.29 05:17:27.319,2.28915,2.2898,11.10,5.50
2007.08.29 05:17:27.331,2.28915,2.2898,10.30,5.50
2007.08.29 05:17:27.814,2.28915,2.2898,11.10,5.50
2007.08.29 05:17:27.829,2.2892,2.2898,10.30,5.50
2007.08.29 05:17:28.011,2.28925,2.2898,4.80,5.50
2007.08.29 05:17:28.086,2.2893,2.2898,1.60,5.50
2007.08.29 05:17:31.856,2.28935,2.29,6.30,5.50
2007.08.29 05:17:31.914,2.2894,2.29,9.50,5.50
2007.08.29 05:17:32.659,2.28945,2.29,4.80,5.50
2007.08.29 05:17:33.183,2.2894,2.29,13.50,5.50
2007.08.29 05:17:33.432,2.28935,2.29,12.70,5.50
2007.08.29 05:17:47.159,2.28935,2.29,11.90,7.90
2007.08.29 05:17:47.235,2.2894,2.2898,1.00,5.50
2007.08.29 05:17:47.674,2.2894,2.2898,1.50,5.50
2007.08.29 05:17:48.646,2.2893,2.2898,4.00,5.50
2007.08.29 05:17:49.656,2.2893,2.2898,4.00,5.50
2007.08.29 05:17:50.355,2.28935,2.29,12.70,6.30
2007.08.29 05:17:52.121,2.2894,2.29,2.00,6.30
2007.08.29 05:17:52.286,2.2894,2.29,1.10,5.50
2007.08.29 05:17:52.702,2.28935,2.2898,6.40,5.50
2007.08.29 05:17:54.804,2.2893,2.29,13.50,8.70
2007.08.29 05:17:54.820,2.2893,2.29,13.50,6.30
2007.08.29 05:17:56.761,2.2894,2.29,8.70,6.30
2007.08.29 05:17:56.772,2.2894,2.29,8.70,5.50
2007.08.29 05:18:04.194,2.2896,2.29,0.80,5.50
2007.08.29 05:18:04.692,2.28945,2.29,4.00,5.50
2007.08.29 05:18:07.296,2.2894,2.29,8.70,5.50
2007.08.29 05:18:07.311,2.2894,2.29,7.90,5.50
2007.08.29 05:18:08.188,2.28935,2.29,11.90,5.50
2007.08.29 05:18:09.673,2.28935,2.29,12.70,5.50
2007.08.29 05:18:09.813,2.28935,2.29,13.50,5.50
2007.08.29 05:18:09.829,2.2894,2.29,13.50,5.50
2007.08.29 05:18:10.978,2.28945,2.29,4.80,5.50
2007.08.29 05:18:11.019,2.28945,2.29,5.60,5.50
2007.08.29 05:18:11.040,2.28945,2.29,6.40,5.50
2007.08.29 05:18:15.079,2.28945,2.29,5.60,5.50
2007.08.29 05:18:15.118,2.28945,2.29,4.80,5.50
2007.08.29 05:18:15.121,2.2894,2.29,10.30,5.50
2007.08.29 05:18:26.052,2.28945,2.29,4.80,5.50
2007.08.29 05:18:26.123,2.28945,2.29,5.60,5.50
2007.08.29 05:18:26.258,2.28945,2.29,6.40,5.50
2007.08.29 05:18:28.996,2.2894,2.29,7.90,5.50
2007.08.29 05:18:29.015,2.2894,2.29,7.10,5.50
2007.08.29 05:18:29.140,2.28935,2.29,11.10,5.50
2007.08.29 05:18:29.302,2.28935,2.29,10.30,5.50
2007.08.29 05:18:30.868,2.28935,2.29,11.10,5.50
2007.08.29 05:18:30.943,2.2894,2.29,10.30,5.50
2007.08.29 05:18:32.042,2.28945,2.29,5.60,5.50
2007.08.29 05:18:32.154,2.28945,2.29,6.40,5.50
2007.08.29 05:18:36.248,2.28945,2.29,5.60,5.50
2007.08.29 05:18:36.437,2.2894,2.29,7.90,5.50
2007.08.29 05:18:38.122,2.2895,2.29,0.80,6.30
2007.08.29 05:18:39.945,2.28945,2.29,4.00,6.30
2007.08.29 05:18:40.736,2.2894,2.29,7.90,6.30
2007.08.29 05:18:40.807,2.2894,2.29,7.90,5.50
2007.08.29 05:18:40.899,2.2894,2.29,7.10,5.50
2007.08.29 05:18:41.791,2.2894,2.29,7.90,5.50
2007.08.29 05:18:42.285,2.28945,2.29,4.80,5.50
2007.08.29 05:18:43.013,2.28945,2.29,4.00,5.50
2007.08.29 05:18:43.335,2.2894,2.29,7.10,5.50
2007.08.29 05:18:43.400,2.2894,2.29,6.30,5.50
2007.08.29 05:18:44.496,2.2894,2.29,7.10,5.50
2007.08.29 05:18:44.564,2.2894,2.29,7.10,9.50
2007.08.29 05:18:44.609,2.2894,2.29,6.30,9.50
2007.08.29 05:18:45.734,2.2894,2.2899,6.30,2.40
2007.08.29 05:18:45.814,2.2894,2.2898,0.80,5.50
2007.08.29 05:18:50.342,2.2894,2.2899,6.30,3.20
2007.08.29 05:18:50.395,2.2894,2.2899,6.30,0.80
2007.08.29 05:18:51.622,2.2894,2.2899,7.10,0.80
2007.08.29 05:18:51.683,2.2894,2.29,7.10,5.50
2007.08.29 05:18:51.797,2.2894,2.29,7.90,6.30
2007.08.29 05:18:51.906,2.2894,2.29,11.90,6.30
2007.08.29 05:18:51.955,2.28945,2.29,4.00,6.30
2007.08.29 05:18:54.228,2.2894,2.29,11.90,6.30
2007.08.29 05:18:54.334,2.2894,2.29,7.90,5.50
2007.08.29 05:18:55.089,2.2894,2.29,8.70,5.50
2007.08.29 05:18:55.261,2.28945,2.29,4.00,5.50
2007.08.29 05:18:57.814,2.2894,2.29,11.90,5.50
2007.08.29 05:18:57.889,2.2894,2.29,7.90,5.50
2007.08.29 05:19:00.470,2.2894,2.29,7.90,0.80
2007.08.29 05:19:00.672,2.2894,2.2901,8.70,11.00
2007.08.29 05:19:00.872,2.2894,2.2901,9.50,6.30
2007.08.29 05:19:00.993,2.28945,2.2901,4.00,6.30
2007.08.29 05:19:02.956,2.2895,2.29,0.80,0.50
2007.08.29 05:19:03.072,2.2895,2.2902,1.60,11.00
2007.08.29 05:19:03.170,2.28955,2.2902,0.80,11.00
2007.08.29 05:19:10.109,2.2895,2.29,0.80,0.70
2007.08.29 05:19:10.265,2.2894,2.29,12.70,0.90
2007.08.29 05:19:15.665,2.2894,2.29,11.90,0.50
2007.08.29 05:19:16.056,2.2895,2.2901,0.80,7.90
2007.08.29 05:19:16.088,2.2895,2.2901,1.60,8.70
2007.08.29 05:19:16.268,2.2895,2.2901,2.40,8.70
2007.08.29 05:19:21.644,2.2895,2.29,3.20,0.60
2007.08.29 05:19:23.253,2.2895,2.2901,2.40,6.30
2007.08.29 05:19:23.581,2.28955,2.29,0.80,0.90
2007.08.29 05:19:23.604,2.2896,2.2902,5.50,6.30
2007.08.29 05:19:23.708,2.2896,2.2902,5.50,0.70
2007.08.29 05:19:30.608,2.2896,2.2902,5.50,7.10
2007.08.29 05:19:33.765,2.2896,2.2901,5.50,0.80
2007.08.29 05:19:44.593,2.2896,2.2902,5.50,6.30
2007.08.29 05:19:48.197,2.2895,2.29,5.60,5.50
2007.08.29 05:19:48.252,2.2895,2.29,1.60,5.50
2007.08.29 05:19:48.304,2.2895,2.29,0.80,5.50
2007.08.29 05:19:53.207,2.28945,2.29,4.00,5.50
2007.08.29 05:19:57.181,2.2895,2.29,0.80,5.50
2007.08.29 05:19:58.918,2.2895,2.29,0.80,0.90
2007.08.29 05:20:08.088,2.28945,2.2902,4.00,11.00
2007.08.29 05:20:08.157,2.2896,2.2903,5.50,17.40
2007.08.29 05:20:08.191,2.2896,2.2902,5.50,0.90
2007.08.29 05:20:12.569,2.2896,2.2902,6.30,0.80
2007.08.29 05:20:12.814,2.2897,2.29035,5.50,1.60
2007.08.29 05:20:13.215,2.28965,2.2902,4.00,0.80
2007.08.29 05:20:14.042,2.28965,2.2904,4.00,8.70
2007.08.29 05:20:14.878,2.28965,2.2903,4.00,0.80
2007.08.29 05:20:17.654,2.28965,2.2904,4.00,8.70
2007.08.29 05:20:17.768,2.2896,2.2903,9.50,0.70
2007.08.29 05:20:17.907,2.2896,2.2904,5.50,10.20
2007.08.29 05:20:19.284,2.2896,2.2903,5.50,7.90
2007.08.29 05:20:19.323,2.28945,2.2901,4.00,0.80
2007.08.29 05:20:23.347,2.2896,2.2904,5.50,18.20
2007.08.29 05:20:25.107,2.2896,2.2904,5.50,11.80
2007.08.29 05:20:25.195,2.2896,2.2903,6.30,0.90
2007.08.29 05:20:25.325,2.2896,2.2904,7.10,8.70
2007.08.29 05:20:25.405,2.28965,2.2904,4.00,8.70
2007.08.29 05:20:27.436,2.2896,2.2904,5.50,10.20
2007.08.29 05:20:29.181,2.2896,2.2903,6.30,5.50
2007.08.29 05:20:29.233,2.28965,2.2903,4.00,5.50
2007.08.29 05:20:31.252,2.2896,2.2903,6.30,5.50
2007.08.29 05:20:31.410,2.2896,2.2903,5.50,5.50
2007.08.29 05:20:31.790,2.2896,2.2902,5.50,2.40
2007.08.29 05:20:31.807,2.28945,2.2901,4.00,5.50
2007.08.29 05:20:33.297,2.28955,2.2901,4.00,5.50
2007.08.29 05:20:33.317,2.2896,2.2903,5.50,6.30
2007.08.29 05:20:36.836,2.2896,2.2903,5.50,5.50
2007.08.29 05:20:38.238,2.28955,2.2902,4.00,5.50
2007.08.29 05:20:40.225,2.28955,2.2902,4.00,7.90
2007.08.29 05:20:40.445,2.2895,2.2902,6.30,7.90
2007.08.29 05:20:41.151,2.28955,2.2902,4.00,7.90
2007.08.29 05:20:41.249,2.28955,2.2902,4.00,5.50
2007.08.29 05:20:48.714,2.28955,2.2902,4.00,7.90
2007.08.29 05:20:48.845,2.2895,2.2902,7.10,7.90
2007.08.29 05:20:49.094,2.2895,2.2902,6.30,7.90
2007.08.29 05:20:49.328,2.2895,2.2902,10.30,7.90
2007.08.29 05:20:49.909,2.2895,2.2902,11.10,7.90
2007.08.29 05:20:50.650,2.2897,2.2902,0.80,5.50
2007.08.29 05:20:50.743,2.2897,2.2904,6.30,11.90
2007.08.29 05:20:50.839,2.2897,2.2904,6.30,11.10
2007.08.29 05:20:50.888,2.2897,2.2904,10.30,9.50
2007.08.29 05:20:51.035,2.2897,2.2904,11.10,9.50
2007.08.29 05:20:51.060,2.2897,2.2904,11.10,8.70
2007.08.29 05:20:51.668,2.2897,2.2904,10.30,8.70
2007.08.29 05:20:52.287,2.2897,2.2902,4.80,5.50
2007.08.29 05:20:52.393,2.2897,2.2902,4.00,5.50
2007.08.29 05:20:52.417,2.2896,2.2902,4.80,5.50
2007.08.29 05:20:56.831,2.2896,2.2901,10.30,4.00
2007.08.29 05:20:56.941,2.2896,2.2901,9.50,4.00
2007.08.29 05:20:56.971,2.2896,2.2901,5.50,4.00
2007.08.29 05:21:07.136,2.2896,2.2901,5.50,4.80
2007.08.29 05:21:15.849,2.2896,2.2901,5.50,4.00
2007.08.29 05:21:17.209,2.2896,2.2901,5.50,4.80
2007.08.29 05:21:17.300,2.2894,2.29,3.20,5.50
2007.08.29 05:21:17.320,2.2894,2.29,0.80,5.50
2007.08.29 05:21:17.836,2.2894,2.29,0.80,9.50
2007.08.29 05:21:17.939,2.2893,2.29,5.50,9.50
2007.08.29 05:21:18.136,2.2893,2.29,5.50,10.30
2007.08.29 05:21:23.535,2.2893,2.29,5.50,9.50
2007.08.29 05:21:26.113,2.2893,2.29,5.50,10.30
2007.08.29 05:21:26.218,2.2892,2.2898,4.80,5.50
2007.08.29 05:21:26.226,2.2892,2.2898,0.80,5.50
2007.08.29 05:21:26.414,2.2891,2.2898,11.10,5.50
2007.08.29 05:21:28.301,2.2893,2.2899,5.50,0.80
2007.08.29 05:21:28.419,2.2893,2.29,5.50,6.30
2007.08.29 05:21:30.339,2.2893,2.29,9.50,6.30
2007.08.29 05:21:30.393,2.2893,2.29,10.30,6.30
2007.08.29 05:21:30.717,2.2893,2.2899,10.30,2.40
2007.08.29 05:21:30.805,2.2893,2.2898,4.80,5.50
2007.08.29 05:21:30.857,2.2893,2.2898,0.80,5.50
2007.08.29 05:21:30.887,2.2891,2.2898,11.10,5.50
2007.08.29 05:21:31.233,2.2891,2.2898,11.40,5.50
2007.08.29 05:21:31.469,2.2891,2.2898,11.10,5.50
2007.08.29 05:21:32.853,2.2893,2.29,5.50,7.10
2007.08.29 05:21:32.888,2.2893,2.29,5.50,6.30
2007.08.29 05:21:34.081,2.2893,2.29,5.50,5.50
2007.08.29 05:21:37.763,2.2893,2.2899,5.50,2.40
2007.08.29 05:21:39.124,2.2893,2.2899,5.50,3.20
2007.08.29 05:21:39.208,2.2893,2.2899,5.50,0.80
2007.08.29 05:21:39.802,2.2893,2.2899,9.50,0.80
2007.08.29 05:21:39.860,2.2893,2.2899,10.30,0.80
2007.08.29 05:21:40.173,2.2893,2.29,10.30,6.30
2007.08.29 05:21:41.837,2.2893,2.29,10.30,5.50
2007.08.29 05:21:42.848,2.28935,2.29,4.00,5.50
2007.08.29 05:21:43.345,2.2893,2.29,10.30,5.50
2007.08.29 05:21:43.849,2.2893,2.29,13.50,5.50
2007.08.29 05:21:43.877,2.2895,2.2901,5.50,0.80
2007.08.29 05:21:43.895,2.2895,2.2901,9.50,0.80
2007.08.29 05:21:43.980,2.2895,2.2901,10.30,0.80
2007.08.29 05:21:44.150,2.2895,2.2901,11.10,0.80
2007.08.29 05:21:44.285,2.2897,2.2901,5.50,0.80
2007.08.29 05:21:44.553,2.2897,2.2904,5.50,11.10
2007.08.29 05:21:45.112,2.2897,2.2902,5.50,0.80
2007.08.29 05:21:45.434,2.2895,2.2902,10.30,0.80
2007.08.29 05:21:45.853,2.2895,2.2903,10.30,1.60
2007.08.29 05:21:45.867,2.2895,2.2903,10.30,0.80
2007.08.29 05:21:45.876,2.2895,2.2904,10.30,11.90
2007.08.29 05:21:46.734,2.2894,2.2904,19.80,11.90
2007.08.29 05:21:46.981,2.2894,2.2904,19.80,12.70
2007.08.29 05:21:47.002,2.2895,2.2904,1.90,13.50
2007.08.29 05:21:47.117,2.2894,2.2903,19.80,0.80
2007.08.29 05:21:47.208,2.2894,2.2903,19.80,3.20
2007.08.29 05:21:47.312,2.2894,2.2902,17.50,5.50
2007.08.29 05:21:47.399,2.2895,2.2902,3.20,5.50
2007.08.29 05:21:47.440,2.2894,2.2902,14.30,5.50
2007.08.29 05:21:55.071,2.2894,2.2902,14.30,6.30
2007.08.29 05:21:55.103,2.2894,2.2902,14.30,7.10
2007.08.29 05:21:55.118,2.2895,2.2902,0.90,7.90
2007.08.29 05:21:55.271,2.2893,2.29,14.30,5.50
2007.08.29 05:21:55.328,2.2893,2.29,14.30,5.50
2007.08.29 05:21:55.362,2.2893,2.29,0.90,5.50
2007.08.29 05:21:56.782,2.2892,2.29,21.80,5.50
2007.08.29 05:21:58.762,2.2895,2.2901,1.20,0.80
2007.08.29 05:21:58.864,2.2894,2.2902,10.30,7.10
2007.08.29 05:21:59.050,2.2894,2.2902,14.30,6.30
2007.08.29 05:22:00.001,2.2894,2.2902,14.30,5.50
2007.08.29 05:22:01.803,2.2894,2.2902,2.20,11.90
2007.08.29 05:22:01.897,2.2893,2.2902,10.30,11.90
2007.08.29 05:22:01.943,2.2892,2.2902,19.80,11.90
2007.08.29 05:22:02.373,2.2895,2.2902,4.00,11.90
2007.08.29 05:22:02.467,2.2895,2.2902,8.00,11.90
2007.08.29 05:22:02.697,2.28925,2.2902,7.10,11.90
2007.08.29 05:22:02.710,2.2893,2.2902,5.20,11.90
2007.08.29 05:22:03.123,2.28925,2.2902,11.10,12.70
2007.08.29 05:22:03.206,2.28925,2.2902,11.90,12.70
2007.08.29 05:22:03.211,2.28925,2.2902,13.10,12.70
2007.08.29 05:22:03.242,2.2893,2.2902,12.30,12.70
2007.08.29 05:22:03.320,2.2894,2.2902,9.50,10.30
2007.08.29 05:22:04.259,2.2893,2.29,1.10,5.50
2007.08.29 05:22:04.650,2.28925,2.29,11.90,5.50
2007.08.29 05:22:04.989,2.28925,2.29,23.00,5.50
2007.08.29 05:22:05.174,2.2893,2.29,11.90,5.50
2007.08.29 05:22:05.301,2.2894,2.2901,9.80,0.80
2007.08.29 05:22:05.490,2.2894,2.2901,21.80,0.80
2007.08.29 05:22:05.696,2.2894,2.2901,21.80,0.80
2007.08.29 05:22:07.008,2.2894,2.2902,34.10,6.30
2007.08.29 05:22:07.057,2.2894,2.2903,21.80,8.70
2007.08.29 05:22:09.093,2.2894,2.2903,21.80,8.70
2007.08.29 05:22:09.253,2.2895,2.2903,17.00,8.70
2007.08.29 05:22:09.865,2.2896,2.2903,6.00,6.30
2007.08.29 05:22:10.042,2.2896,2.2904,13.80,10.30
2007.08.29 05:22:10.239,2.2896,2.2904,21.80,6.30
2007.08.29 05:22:10.337,2.2896,2.2905,21.80,8.70
2007.08.29 05:22:10.622,2.2896,2.2905,21.00,9.50
2007.08.29 05:22:10.863,2.2896,2.2905,14.30,11.80
2007.08.29 05:22:10.887,2.2896,2.2905,14.30,11.80
2007.08.29 05:22:12.320,2.2896,2.2905,14.30,11.00
2007.08.29 05:22:16.707,2.2896,2.2904,14.30,7.90
2007.08.29 05:22:16.854,2.2894,2.2903,21.80,7.90
2007.08.29 05:22:23.696,2.2894,2.2904,21.80,14.20
2007.08.29 05:22:25.236,2.2894,2.2904,21.80,14.20
2007.08.29 05:22:25.237,2.2894,2.2904,21.80,15.00
2007.08.29 05:22:25.358,2.2895,2.29045,14.60,16.70
2007.08.29 05:22:35.192,2.2897,2.2904,5.50,10.30
2007.08.29 05:22:35.267,2.2897,2.2904,5.50,4.80
2007.08.29 05:22:35.339,2.28975,2.2904,4.00,4.80
2007.08.29 05:22:35.360,2.28975,2.29055,4.00,0.80
2007.08.29 05:22:35.558,2.28975,2.2905,4.00,0.80
2007.08.29 05:22:35.714,2.28975,2.2904,4.00,2.40
2007.08.29 05:22:35.796,2.28975,2.2904,4.00,7.90
2007.08.29 05:22:35.862,2.2897,2.2904,5.50,7.90
2007.08.29 05:22:35.882,2.2897,2.2904,5.50,11.90
2007.08.29 05:22:35.982,2.2897,2.2904,6.30,11.90
2007.08.29 05:22:36.072,2.2897,2.2905,6.30,15.80
2007.08.29 05:22:36.084,2.2897,2.2904,5.50,0.80
2007.08.29 05:22:38.161,2.2898,2.2905,5.50,15.80
2007.08.29 05:22:39.760,2.2898,2.2904,5.50,0.60
2007.08.29 05:22:39.904,2.29,2.2904,5.50,0.60
2007.08.29 05:22:40.310,2.29,2.2906,5.50,5.60
2007.08.29 05:22:40.826,2.2902,2.2906,5.50,4.80
2007.08.29 05:22:41.972,2.2902,2.2906,5.50,0.80
2007.08.29 05:22:42.804,2.2901,2.2906,0.70,0.90
2007.08.29 05:22:42.841,2.2901,2.2907,0.40,10.40
2007.08.29 05:22:43.016,2.2901,2.2907,0.40,10.40
2007.08.29 05:22:43.040,2.29,2.2907,5.50,10.40
2007.08.29 05:22:45.258,2.2902,2.2907,5.50,6.40
2007.08.29 05:22:45.362,2.2902,2.2907,5.50,0.50
2007.08.29 05:22:47.121,2.2902,2.2908,5.50,15.90
2007.08.29 05:22:47.132,2.2902,2.2907,5.50,0.90
2007.08.29 05:22:47.171,2.2902,2.2907,5.50,0.70
2007.08.29 05:22:47.317,2.2901,2.2907,0.70,10.40
2007.08.29 05:22:47.372,2.2901,2.2906,0.40,0.80
2007.08.29 05:22:47.413,2.29,2.2907,5.50,14.40
2007.08.29 05:22:49.118,2.29,2.2906,5.50,4.80
2007.08.29 05:22:51.350,2.29,2.2906,5.50,17.50
2007.08.29 05:22:52.392,2.29,2.2905,5.50,0.80
2007.08.29 05:22:52.538,2.29,2.2905,5.50,3.20
2007.08.29 05:22:52.593,2.2898,2.2905,5.50,11.00
2007.08.29 05:22:53.538,2.2897,2.2905,9.50,11.00
2007.08.29 05:22:53.646,2.2897,2.2904,5.50,0.50
2007.08.29 05:22:59.905,2.2897,2.2905,9.50,11.00
2007.08.29 05:23:00.351,2.2897,2.2904,10.30,0.70
2007.08.29 05:23:02.703,2.2897,2.2905,10.30,6.30
2007.08.29 05:23:02.770,2.2897,2.29055,10.30,1.60
2007.08.29 05:23:05.204,2.2897,2.2905,10.30,0.90
2007.08.29 05:23:05.253,2.2897,2.2905,6.30,0.70
2007.08.29 05:23:05.297,2.2897,2.2905,6.30,4.00
2007.08.29 05:23:05.323,2.2897,2.2904,6.30,7.90
2007.08.29 05:23:05.418,2.2897,2.2904,5.50,8.70
2007.08.29 05:23:07.074,2.2897,2.2904,5.50,7.90
2007.08.29 05:23:07.295,2.2898,2.2904,5.50,7.90
2007.08.29 05:23:08.325,2.2897,2.2904,5.50,7.90
2007.08.29 05:23:11.840,2.2897,2.2904,6.30,7.90
2007.08.29 05:23:11.926,2.2897,2.2904,10.30,7.90
2007.08.29 05:23:14.049,2.2897,2.2903,11.10,2.40
2007.08.29 05:23:14.155,2.2897,2.2903,10.30,2.40
2007.08.29 05:23:14.328,2.2897,2.2903,9.50,2.40
2007.08.29 05:23:14.369,2.2897,2.2903,5.50,2.40
2007.08.29 05:23:17.260,2.2897,2.2904,5.50,5.50
2007.08.29 05:23:17.298,2.28965,2.2905,4.00,17.50
2007.08.29 05:23:17.610,2.28965,2.2905,4.00,16.70
2007.08.29 05:23:17.640,2.28965,2.2905,4.00,15.90
2007.08.29 05:23:18.036,2.28965,2.2905,4.00,16.70
2007.08.29 05:23:18.181,2.28965,2.2905,4.00,17.50
2007.08.29 05:23:23.614,2.2897,2.2905,6.30,13.50
2007.08.29 05:23:23.771,2.2897,2.2905,10.30,13.50
2007.08.29 05:23:25.098,2.2897,2.2905,11.10,13.50
2007.08.29 05:23:25.211,2.2897,2.2905,13.50,11.10
2007.08.29 05:23:25.307,2.2899,2.2905,4.00,11.10
2007.08.29 05:23:25.382,2.2899,2.2905,9.50,8.70
2007.08.29 05:23:25.481,2.2899,2.2905,10.30,8.70
2007.08.29 05:23:26.095,2.2899,2.2905,10.30,7.90
2007.08.29 05:23:26.110,2.2899,2.2905,10.30,7.10
2007.08.29 05:23:26.135,2.2899,2.2905,10.30,6.30
2007.08.29 05:23:26.742,2.2899,2.2905,10.30,9.50
2007.08.29 05:23:26.830,2.2899,2.2905,4.80,11.90
2007.08.29 05:23:26.859,2.2898,2.2905,5.10,13.50
2007.08.29 05:23:27.162,2.2898,2.2905,4.80,13.50
2007.08.29 05:23:27.358,2.2898,2.2905,0.80,13.50
2007.08.29 05:23:27.392,2.2897,2.2905,10.30,13.50
2007.08.29 05:23:28.585,2.2897,2.2905,10.30,11.10
2007.08.29 05:23:29.294,2.2897,2.2903,10.30,5.50
2007.08.29 05:23:29.689,2.2897,2.2903,6.30,5.50
2007.08.29 05:23:29.810,2.2897,2.2903,5.50,5.50
2007.08.29 05:23:32.408,2.2898,2.2903,0.80,5.50
2007.08.29 05:23:32.431,2.2898,2.2903,4.80,5.50
2007.08.29 05:23:32.612,2.2898,2.2904,8.00,6.30
2007.08.29 05:23:32.697,2.28985,2.2904,4.00,6.30
2007.08.29 05:23:33.131,2.28985,2.2904,4.00,5.50
2007.08.29 05:23:33.345,2.28985,2.2905,4.00,0.80
2007.08.29 05:23:33.527,2.28975,2.2905,4.00,0.80
2007.08.29 05:23:33.727,2.2899,2.2905,5.50,0.80
2007.08.29 05:23:34.035,2.2899,2.2905,6.30,0.80
2007.08.29 05:23:34.044,2.2899,2.2905,7.90,0.80
2007.08.29 05:23:34.250,2.29,2.2905,5.50,0.80
2007.08.29 05:23:34.340,2.29,2.2906,5.50,0.80
2007.08.29 05:23:34.368,2.28995,2.2906,9.50,0.80
2007.08.29 05:23:35.796,2.29,2.2907,0.80,9.50
2007.08.29 05:23:40.651,2.29,2.2907,0.80,8.70
2007.08.29 05:23:40.741,2.2899,2.2906,18.30,5.50
2007.08.29 05:23:40.895,2.2899,2.2906,4.00,5.50
2007.08.29 05:23:43.208,2.2899,2.2906,2.90,6.30
2007.08.29 05:23:43.235,2.28985,2.2906,13.50,7.10
2007.08.29 05:23:43.707,2.2899,2.2905,4.70,2.40
2007.08.29 05:23:43.766,2.28985,2.2905,8.00,7.90
2007.08.29 05:23:43.862,2.2898,2.2905,9.50,7.90
2007.08.29 05:23:43.916,2.28975,2.2905,9.50,7.90
2007.08.29 05:23:45.132,2.28975,2.2905,9.50,8.70
2007.08.29 05:23:45.649,2.28975,2.2905,9.50,7.90
2007.08.29 05:23:47.183,2.2898,2.2905,2.60,5.50
2007.08.29 05:23:47.353,2.2898,2.2906,7.80,5.50
2007.08.29 05:23:56.192,2.28995,2.2906,0.80,5.50
2007.08.29 05:23:56.265,2.29,2.2907,0.80,14.30
2007.08.29 05:23:56.362,2.28995,2.2907,9.50,10.30
2007.08.29 05:23:58.234,2.29,2.2906,2.80,2.40
2007.08.29 05:23:58.317,2.28985,2.2906,13.80,7.90
2007.08.29 05:24:00.074,2.28985,2.2906,13.80,8.70
2007.08.29 05:24:00.171,2.28985,2.2906,13.80,6.30
2007.08.29 05:24:00.282,2.2899,2.2906,0.60,6.30
2007.08.29 05:24:00.801,2.28995,2.2906,2.40,6.30
2007.08.29 05:24:00.821,2.29,2.2906,2.40,0.80
2007.08.29 05:24:01.114,2.29,2.2907,0.80,10.30
2007.08.29 05:24:02.797,2.28995,2.2906,4.00,5.50
2007.08.29 05:24:02.819,2.2899,2.2906,6.30,5.50
2007.08.29 05:24:02.889,2.2899,2.2906,5.50,5.50
2007.08.29 05:24:06.289,2.28985,2.2906,4.00,8.70
2007.08.29 05:24:06.403,2.28975,2.2906,4.00,8.70
2007.08.29 05:24:06.797,2.2898,2.2906,0.80,8.70
2007.08.29 05:24:06.896,2.2898,2.2906,4.80,8.70
2007.08.29 05:24:07.320,2.2898,2.2906,4.00,7.90
2007.08.29 05:24:07.403,2.28975,2.2906,4.00,7.90
2007.08.29 05:24:07.750,2.2899,2.2906,5.50,5.50
2007.08.29 05:24:08.788,2.28985,2.2903,4.00,7.90
2007.08.29 05:24:08.961,2.2897,2.2903,0.80,7.90
2007.08.29 05:24:09.168,2.2896,2.2903,7.10,7.90
2007.08.29 05:24:09.911,2.2896,2.2903,5.50,7.90
2007.08.29 05:24:10.200,2.2897,2.2903,0.80,5.50
2007.08.29 05:24:10.311,2.2897,2.2904,12.70,0.80
2007.08.29 05:24:10.501,2.2897,2.2904,13.50,0.80
2007.08.29 05:24:10.515,2.28975,2.2904,4.00,0.80
2007.08.29 05:24:10.811,2.28975,2.2904,4.00,6.30
2007.08.29 05:24:10.973,2.2897,2.2904,9.50,6.30
2007.08.29 05:24:11.024,2.2897,2.2904,9.50,5.50
2007.08.29 05:24:11.230,2.2897,2.2903,4.00,7.90
2007.08.29 05:24:11.433,2.28965,2.2903,0.80,7.90
2007.08.29 05:24:11.943,2.2896,2.2903,6.30,7.90
2007.08.29 05:24:12.799,2.2896,2.2903,7.10,7.90
2007.08.29 05:24:12.813,2.2896,2.2903,7.90,7.90
2007.08.29 05:24:13.065,2.28975,2.2903,0.80,7.90
2007.08.29 05:24:13.307,2.2898,2.2903,5.50,2.40
2007.08.29 05:24:13.322,2.2898,2.2904,5.50,0.80
2007.08.29 05:24:15.083,2.2898,2.2905,5.50,8.70
2007.08.29 05:24:15.145,2.2898,2.2905,5.50,9.50
2007.08.29 05:24:15.394,2.28975,2.2904,4.00,5.50
2007.08.29 05:24:15.424,2.2897,2.2904,5.50,5.50
2007.08.29 05:24:16.008,2.2897,2.2904,6.30,5.50
2007.08.29 05:24:16.190,2.2897,2.2904,7.10,5.50
2007.08.29 05:24:16.290,2.2898,2.2905,5.50,7.90
2007.08.29 05:24:18.126,2.2898,2.2905,8.70,5.50
2007.08.29 05:24:18.155,2.2899,2.2906,5.50,0.80
2007.08.29 05:24:18.371,2.2899,2.2907,6.30,6.30
2007.08.29 05:24:18.442,2.2899,2.2907,10.30,6.30
2007.08.29 05:24:18.636,2.2899,2.2907,11.10,6.30
2007.08.29 05:24:18.689,2.2899,2.2907,11.10,0.80
2007.08.29 05:24:18.707,2.28995,2.2907,4.00,0.80
2007.08.29 05:24:18.955,2.29,2.2907,4.00,0.80
2007.08.29 05:24:18.994,2.29,2.2907,4.80,0.80
2007.08.29 05:24:19.724,2.29,2.2908,4.80,6.30
2007.08.29 05:24:19.754,2.29,2.2908,0.80,10.30
2007.08.29 05:24:19.774,2.29,2.2908,0.80,10.30
2007.08.29 05:24:19.815,2.2899,2.2908,0.90,11.10
2007.08.29 05:24:23.162,2.2899,2.2907,1.60,0.80
2007.08.29 05:24:23.300,2.2898,2.2907,12.60,4.80
2007.08.29 05:24:23.341,2.2898,2.2906,1.70,5.50
2007.08.29 05:24:24.705,2.2899,2.2906,0.80,5.50
2007.08.29 05:24:24.798,2.2899,2.2907,1.00,5.60
2007.08.29 05:24:24.860,2.28995,2.2907,0.50,1.60
2007.08.29 05:24:24.883,2.2899,2.2907,11.10,0.80
2007.08.29 05:24:25.098,2.28995,2.2907,4.80,0.80
2007.08.29 05:24:25.107,2.2899,2.2907,11.10,0.80
2007.08.29 05:24:26.122,2.2899,2.2908,11.10,6.30
2007.08.29 05:24:27.790,2.2899,2.2908,10.30,5.50
2007.08.29 05:24:27.913,2.2899,2.2908,10.30,9.50
2007.08.29 05:24:27.952,2.2898,2.2908,12.60,10.30
2007.08.29 05:24:28.631,2.2898,2.2908,13.40,10.30
2007.08.29 05:24:28.993,2.2899,2.2908,1.50,11.10
2007.08.29 05:24:29.295,2.29,2.2908,0.80,10.30
2007.08.29 05:24:29.409,2.29,2.2908,2.80,6.30
2007.08.29 05:24:30.130,2.29,2.2908,2.40,5.50
2007.08.29 05:24:32.217,2.2899,2.2906,8.00,5.50
2007.08.29 05:24:32.230,2.29,2.2906,0.80,5.50
2007.08.29 05:24:32.323,2.2898,2.2906,1.00,5.50
2007.08.29 05:24:34.285,2.28985,2.2906,1.40,5.50
2007.08.29 05:24:34.301,2.28985,2.2907,9.50,1.60
2007.08.29 05:24:34.451,2.2899,2.2907,1.20,0.80
2007.08.29 05:24:34.508,2.2898,2.2907,15.80,0.80
2007.08.29 05:24:34.590,2.2898,2.2907,15.80,0.80
2007.08.29 05:24:39.679,2.2898,2.2907,15.80,1.60
2007.08.29 05:24:39.790,2.2899,2.2906,1.50,5.50
2007.08.29 05:24:39.870,2.2898,2.2906,2.00,6.30
2007.08.29 05:24:41.080,2.2897,2.2906,14.30,5.50
2007.08.29 05:24:44.828,2.2898,2.2903,1.30,7.90
2007.08.29 05:24:44.920,2.2898,2.2903,0.80,7.90
2007.08.29 05:24:44.943,2.2897,2.2903,0.80,7.90
2007.08.29 05:24:45.149,2.28955,2.2903,10.30,7.90
2007.08.29 05:24:45.244,2.2895,2.2902,16.70,5.50
2007.08.29 05:24:45.430,2.28945,2.2902,13.50,5.50
2007.08.29 05:24:45.715,2.28955,2.2902,0.80,5.50
2007.08.29 05:24:50.816,2.2897,2.2904,5.50,10.30
2007.08.29 05:24:52.262,2.2897,2.2904,5.50,5.50
2007.08.29 05:24:54.199,2.2897,2.2904,5.50,6.30
2007.08.29 05:24:54.309,2.2897,2.2903,5.50,2.40
2007.08.29 05:24:54.328,2.2896,2.2902,10.30,5.50
2007.08.29 05:24:54.349,2.2896,2.2902,6.30,5.50
2007.08.29 05:24:54.431,2.2896,2.2902,5.50,5.50
2007.08.29 05:25:03.858,2.2896,2.2902,5.50,9.50
2007.08.29 05:25:04.259,2.2897,2.2903,5.50,5.50
2007.08.29 05:25:04.366,2.2897,2.2902,5.50,0.80
2007.08.29 05:25:07.069,2.2897,2.2903,5.50,6.30
2007.08.29 05:25:07.134,2.2897,2.2903,5.50,0.80
2007.08.29 05:25:07.179,2.2897,2.2904,5.50,17.40
2007.08.29 05:25:07.244,2.2896,2.2902,6.40,0.90
2007.08.29 05:25:07.423,2.2896,2.2902,6.00,0.50
2007.08.29 05:25:07.490,2.2896,2.2902,5.50,0.80
2007.08.29 05:25:11.883,2.2896,2.2903,5.50,11.00
2007.08.29 05:25:14.797,2.2895,2.2902,5.50,10.30
2007.08.29 05:25:15.303,2.2896,2.2902,5.50,0.80
2007.08.29 05:25:18.733,2.2896,2.2902,5.50,0.90
2007.08.29 05:25:18.791,2.2895,2.2902,5.50,12.70
2007.08.29 05:25:18.992,2.2895,2.2902,5.50,12.70
2007.08.29 05:25:48.892,2.2895,2.2901,6.30,6.30
2007.08.29 05:25:48.920,2.2895,2.2901,7.10,6.30
2007.08.29 05:25:49.191,2.28955,2.2901,0.80,6.30
2007.08.29 05:25:49.772,2.28955,2.2901,1.20,6.30
2007.08.29 05:25:51.030,2.28955,2.2901,0.80,6.30
2007.08.29 05:25:51.554,2.2895,2.2901,8.70,6.30
2007.08.29 05:25:51.690,2.2895,2.2901,7.90,6.30
2007.08.29 05:25:52.241,2.2895,2.2901,5.50,6.30
2007.08.29 05:25:53.026,2.2895,2.2901,5.50,5.50
2007.08.29 05:25:56.745,2.2895,2.2901,7.90,5.50
2007.08.29 05:25:58.317,2.2895,2.2901,8.70,5.50
2007.08.29 05:25:58.626,2.2895,2.2901,7.90,5.50
2007.08.29 05:25:59.753,2.2895,2.2901,8.70,5.50
2007.08.29 05:26:00.668,2.2896,2.2901,2.40,5.50
2007.08.29 05:26:00.762,2.2897,2.2902,5.50,0.80
2007.08.29 05:26:01.048,2.2897,2.2903,5.50,6.30
2007.08.29 05:26:01.989,2.2897,2.2903,5.50,5.50
2007.08.29 05:26:03.755,2.2896,2.2901,1.40,5.50
2007.08.29 05:26:05.729,2.2896,2.2901,3.80,5.50
2007.08.29 05:26:05.765,2.2897,2.2902,5.50,0.80
2007.08.29 05:26:08.826,2.2896,2.2901,1.40,5.50
2007.08.29 05:26:10.914,2.2898,2.2901,0.80,5.50
2007.08.29 05:26:10.932,2.28985,2.2901,0.80,5.50
2007.08.29 05:26:11.219,2.28985,2.2901,4.80,5.50
2007.08.29 05:26:11.317,2.28985,2.2903,4.80,6.30
2007.08.29 05:26:11.439,2.28985,2.2903,0.80,6.30
2007.08.29 05:26:12.309,2.28985,2.2903,0.80,5.50
2007.08.29 05:26:15.836,2.2898,2.2903,0.80,5.50
2007.08.29 05:26:16.376,2.2898,2.2903,1.60,5.50
2007.08.29 05:26:16.388,2.2898,2.2903,2.40,5.50
2007.08.29 05:26:18.376,2.28985,2.2903,0.80,5.50
2007.08.29 05:26:18.998,2.2898,2.2903,2.40,5.50
2007.08.29 05:26:23.003,2.2898,2.2903,3.20,5.50
2007.08.29 05:26:23.016,2.28985,2.2903,0.80,5.50
2007.08.29 05:26:24.683,2.2899,2.2903,2.40,5.50
2007.08.29 05:26:24.842,2.2899,2.2904,8.30,0.80
2007.08.29 05:26:24.865,2.2899,2.2904,8.80,0.80
2007.08.29 05:26:25.037,2.2899,2.2904,9.60,0.80
2007.08.29 05:26:25.069,2.2899,2.2904,10.40,0.80
2007.08.29 05:26:25.092,2.2899,2.2904,11.20,0.80
2007.08.29 05:26:25.207,2.2899,2.2904,12.00,0.80
2007.08.29 05:26:25.415,2.2899,2.2904,12.50,0.80
2007.08.29 05:26:26.637,2.29,2.2904,0.80,0.80
2007.08.29 05:26:26.747,2.29,2.2904,3.20,0.80
2007.08.29 05:26:26.816,2.2901,2.2905,5.50,0.80
2007.08.29 05:26:27.161,2.2903,2.2905,0.80,0.80
2007.08.29 05:26:27.674,2.2902,2.2905,0.80,0.80
2007.08.29 05:26:27.744,2.2903,2.2909,5.50,9.50
2007.08.29 05:26:28.050,2.2903,2.2909,5.50,5.50
2007.08.29 05:26:29.249,2.2903,2.2909,5.50,7.90
2007.08.29 05:26:29.320,2.2902,2.2906,6.20,0.80
2007.08.29 05:26:29.404,2.2902,2.2907,6.20,0.80
2007.08.29 05:26:29.604,2.2902,2.2907,5.90,0.80
2007.08.29 05:26:29.806,2.2902,2.2907,5.70,0.80
2007.08.29 05:26:29.819,2.2902,2.2907,0.20,6.30
2007.08.29 05:26:29.857,2.2901,2.2907,15.10,6.30
2007.08.29 05:26:29.938,2.2901,2.2907,11.10,6.30
2007.08.29 05:26:30.071,2.2901,2.2907,7.10,6.30
2007.08.29 05:26:30.208,2.2901,2.2907,6.30,6.30
2007.08.29 05:26:30.412,2.2901,2.2907,6.30,5.50
2007.08.29 05:26:31.249,2.2902,2.2908,5.50,6.30
2007.08.29 05:26:31.446,2.2902,2.2908,5.50,5.50
2007.08.29 05:26:32.290,2.2901,2.2908,8.80,7.90
2007.08.29 05:26:32.387,2.2901,2.2908,8.00,7.90
2007.08.29 05:26:32.430,2.2901,2.2908,4.00,7.90
2007.08.29 05:26:32.917,2.29,2.2908,11.10,7.90
2007.08.29 05:26:33.234,2.29,2.2908,11.10,8.70
2007.08.29 05:26:33.852,2.29,2.2908,11.90,8.70
2007.08.29 05:26:33.879,2.29,2.2908,12.70,8.70
2007.08.29 05:26:35.882,2.29,2.2909,12.70,15.90
2007.08.29 05:26:36.760,2.29,2.2908,12.70,11.10
2007.08.29 05:26:36.858,2.29,2.2906,11.90,0.90
2007.08.29 05:26:37.005,2.29,2.2906,7.10,0.50
2007.08.29 05:26:37.051,2.29,2.2907,6.30,10.20
2007.08.29 05:26:45.175,2.29,2.2906,5.50,0.70
2007.08.29 05:26:51.257,2.29,2.2907,7.90,10.20
2007.08.29 05:26:51.313,2.2901,2.2908,5.50,11.00
2007.08.29 05:26:51.365,2.2901,2.2907,5.50,0.70
2007.08.29 05:26:54.371,2.2901,2.2908,6.30,8.60
2007.08.29 05:26:57.142,2.2904,2.2907,1.60,0.80
2007.08.29 05:26:57.241,2.2904,2.2908,2.40,8.60
2007.08.29 05:26:57.616,2.2904,2.2907,1.60,0.80
2007.08.29 05:26:57.784,2.2903,2.2907,0.80,0.60
2007.08.29 05:26:57.831,2.2903,2.2908,6.30,0.80
2007.08.29 05:26:57.844,2.2903,2.2909,8.70,10.30
2007.08.29 05:26:57.922,2.2903,2.2909,8.90,7.10
2007.08.29 05:26:58.024,2.2903,2.2909,9.10,7.10
2007.08.29 05:26:58.036,2.2904,2.2908,5.50,0.80
2007.08.29 05:26:58.141,2.2904,2.291,5.50,6.30
2007.08.29 05:26:58.242,2.2903,2.291,7.60,8.70
2007.08.29 05:26:58.289,2.2904,2.2909,0.20,0.80
2007.08.29 05:26:58.674,2.29035,2.2911,4.00,4.80
2007.08.29 05:26:58.884,2.2903,2.2911,9.50,4.80
2007.08.29 05:26:59.078,2.2904,2.2911,0.80,4.80
2007.08.29 05:26:59.172,2.2904,2.2911,1.60,4.80
2007.08.29 05:26:59.180,2.2904,2.2911,1.60,4.80
2007.08.29 05:26:59.210,2.2905,2.291,3.20,0.80
2007.08.29 05:26:59.294,2.2907,2.29115,5.50,4.80
2007.08.29 05:26:59.369,2.2907,2.2913,5.50,0.50
2007.08.29 05:27:00.667,2.2907,2.2912,5.50,3.20
2007.08.29 05:27:00.925,2.2904,2.2911,0.20,13.40
2007.08.29 05:27:00.983,2.2903,2.2911,5.50,13.40
2007.08.29 05:27:02.072,2.2903,2.29105,5.50,10.30
2007.08.29 05:27:02.214,2.2903,2.291,5.50,0.90
2007.08.29 05:27:02.290,2.2901,2.291,12.70,13.50
2007.08.29 05:27:02.687,2.2901,2.2909,8.70,0.70
2007.08.29 05:27:02.787,2.2901,2.29095,7.90,8.00
2007.08.29 05:27:03.655,2.2901,2.2909,7.90,0.50
2007.08.29 05:27:03.980,2.29005,2.2906,4.00,0.70
2007.08.29 05:27:04.051,2.2901,2.2908,5.50,7.90
2007.08.29 05:27:04.108,2.2901,2.29075,5.50,4.00
2007.08.29 05:27:04.182,2.2901,2.29075,6.30,4.00
2007.08.29 05:27:04.267,2.2903,2.29075,5.50,4.00
2007.08.29 05:27:04.430,2.2903,2.2909,5.50,0.80
2007.08.29 05:27:04.473,2.2904,2.2909,5.50,0.80
2007.08.29 05:27:04.582,2.2904,2.291,5.50,0.80
2007.08.29 05:27:04.781,2.2904,2.2912,5.50,11.10
2007.08.29 05:27:04.893,2.2904,2.2911,5.50,0.80
2007.08.29 05:27:05.118,2.2904,2.2911,6.30,0.80
2007.08.29 05:27:05.239,2.29045,2.2911,4.00,0.80
2007.08.29 05:27:05.518,2.2905,2.2914,0.80,9.50
2007.08.29 05:27:05.556,2.2905,2.2914,4.80,5.50
2007.08.29 05:27:05.948,2.2905,2.2911,4.00,0.80
2007.08.29 05:27:06.027,2.2905,2.2912,4.00,6.30
2007.08.29 05:27:06.052,2.2903,2.29115,0.80,4.00
2007.08.29 05:27:06.141,2.2902,2.29115,6.40,4.00
2007.08.29 05:27:06.332,2.29025,2.2912,4.00,11.10
2007.08.29 05:27:06.377,2.29025,2.2912,4.00,5.60
2007.08.29 05:27:06.547,2.29025,2.2912,4.00,13.50
2007.08.29 05:27:06.799,2.2903,2.2912,4.00,9.50
2007.08.29 05:27:06.920,2.2903,2.2912,4.80,8.70
2007.08.29 05:27:07.693,2.2903,2.2911,4.80,0.80
2007.08.29 05:27:08.164,2.2903,2.2909,4.80,0.80
2007.08.29 05:27:08.191,2.2903,2.2912,5.60,9.10
2007.08.29 05:27:08.277,2.2904,2.2912,5.50,5.50
2007.08.29 05:27:08.353,2.2904,2.2912,9.50,5.50
2007.08.29 05:27:08.377,2.2904,2.2912,10.30,5.50
2007.08.29 05:27:08.696,2.2904,2.2912,10.30,7.90
2007.08.29 05:27:08.798,2.2904,2.2909,4.00,0.80
2007.08.29 05:27:08.962,2.2903,2.2909,11.10,0.80
2007.08.29 05:27:09.218,2.2903,2.291,4.80,5.50
2007.08.29 05:27:09.390,2.2903,2.291,0.80,5.50
2007.08.29 05:27:09.409,2.2902,2.291,10.30,5.50
2007.08.29 05:27:09.731,2.2902,2.2909,4.80,5.50
2007.08.29 05:27:09.895,2.2902,2.2909,0.80,5.50
2007.08.29 05:27:10.045,2.2901,2.2909,11.90,5.50
2007.08.29 05:27:10.141,2.2903,2.2909,0.80,5.50
2007.08.29 05:27:10.256,2.2903,2.2909,0.80,6.30
2007.08.29 05:27:10.347,2.2903,2.2909,6.30,0.80
2007.08.29 05:27:10.429,2.2903,2.2909,10.30,0.80
2007.08.29 05:27:10.548,2.2903,2.2909,11.10,0.80
2007.08.29 05:27:12.834,2.2903,2.291,11.10,0.80
2007.08.29 05:27:12.945,2.29035,2.291,4.00,0.80
2007.08.29 05:27:13.327,2.2904,2.291,5.50,0.80
2007.08.29 05:27:13.428,2.2904,2.291,6.30,0.80
2007.08.29 05:27:13.456,2.2904,2.291,10.30,0.80
2007.08.29 05:27:14.055,2.2904,2.2911,10.30,0.80
2007.08.29 05:27:15.090,2.2904,2.2912,10.30,0.80
2007.08.29 05:27:15.249,2.2904,2.2912,6.30,0.80
2007.08.29 05:27:15.290,2.2904,2.2912,5.50,0.80
2007.08.29 05:27:15.714,2.2904,2.2912,4.00,6.30
2007.08.29 05:27:15.851,2.2904,2.2912,4.00,10.30
2007.08.29 05:27:16.182,2.2904,2.2912,0.80,10.30
2007.08.29 05:27:16.228,2.2904,2.2912,0.80,11.10
2007.08.29 05:27:16.239,2.2903,2.2912,0.80,11.10
2007.08.29 05:27:16.335,2.29025,2.2912,4.00,11.90
2007.08.29 05:27:17.489,2.29025,2.2911,4.00,5.50
2007.08.29 05:27:17.583,2.29025,2.2911,4.00,6.30
2007.08.29 05:27:17.801,2.2903,2.2911,0.80,6.30
2007.08.29 05:27:17.905,2.29025,2.2911,4.00,6.30
2007.08.29 05:27:18.001,2.29025,2.2911,4.00,0.80
2007.08.29 05:27:18.091,2.29035,2.2911,4.00,0.80
2007.08.29 05:27:18.338,2.2903,2.2911,4.00,0.80
2007.08.29 05:27:18.426,2.29025,2.2911,4.00,0.80
2007.08.29 05:27:18.525,2.2903,2.2912,0.80,10.30
2007.08.29 05:27:18.723,2.2903,2.2912,0.80,11.10
2007.08.29 05:27:18.737,2.29025,2.2912,4.00,11.90
2007.08.29 05:27:19.140,2.2903,2.2911,4.00,5.50
2007.08.29 05:27:19.367,2.29025,2.2911,4.00,5.50
2007.08.29 05:27:19.619,2.29035,2.2911,4.00,5.50
2007.08.29 05:27:19.638,2.29035,2.2912,4.00,7.10
2007.08.29 05:27:19.760,2.29035,2.2912,4.00,6.30
2007.08.29 05:27:19.855,2.29035,2.2911,4.00,0.80
2007.08.29 05:27:19.948,2.2902,2.2911,9.50,0.80
2007.08.29 05:27:20.227,2.2902,2.2911,5.50,4.80
2007.08.29 05:27:20.592,2.2902,2.2911,5.50,10.30
2007.08.29 05:27:20.720,2.2902,2.2911,9.50,6.30
2007.08.29 05:27:20.803,2.2902,2.2911,10.30,6.30
2007.08.29 05:27:20.894,2.2902,2.2911,9.50,7.10
2007.08.29 05:27:20.941,2.2902,2.2911,5.50,11.10
2007.08.29 05:27:21.000,2.2902,2.2911,5.50,5.60
2007.08.29 05:27:21.416,2.2902,2.2911,6.30,4.80
2007.08.29 05:27:21.458,2.2902,2.2911,10.30,0.80
2007.08.29 05:27:21.511,2.2902,2.2911,10.30,6.30
2007.08.29 05:27:21.712,2.2902,2.291,10.30,0.80
2007.08.29 05:27:21.742,2.2902,2.2909,4.80,5.50
2007.08.29 05:27:21.835,2.2902,2.2909,4.00,5.50
2007.08.29 05:27:21.927,2.2902,2.2909,4.00,6.30
2007.08.29 05:27:22.048,2.2902,2.2909,4.00,0.80
2007.08.29 05:27:22.096,2.29005,2.2909,4.00,0.80
2007.08.29 05:27:22.353,2.2901,2.2909,4.00,0.80
2007.08.29 05:27:22.370,2.2902,2.2909,5.50,0.80
2007.08.29 05:27:22.404,2.29025,2.2909,4.00,0.80
2007.08.29 05:27:22.558,2.2903,2.2909,5.50,0.80
2007.08.29 05:27:22.665,2.2903,2.2909,9.50,0.80
2007.08.29 05:27:22.761,2.2903,2.2912,10.30,2.40
2007.08.29 05:27:23.048,2.2903,2.2912,10.30,1.60
2007.08.29 05:27:23.080,2.2903,2.291,10.30,0.80
2007.08.29 05:27:23.979,2.2903,2.291,6.30,0.80
2007.08.29 05:27:24.015,2.2903,2.2908,0.80,5.50
2007.08.29 05:27:24.331,2.2901,2.2908,5.50,5.50
2007.08.29 05:27:24.543,2.2901,2.2907,5.50,4.00
2007.08.29 05:27:25.018,2.2901,2.2907,6.30,4.00
2007.08.29 05:27:25.055,2.2902,2.2908,5.50,5.50
2007.08.29 05:27:25.745,2.2902,2.2907,5.50,2.40
2007.08.29 05:27:25.765,2.29005,2.2906,4.00,5.50
2007.08.29 05:27:25.872,2.29,2.2906,10.30,5.50
2007.08.29 05:27:26.066,2.29,2.2906,9.50,5.50
2007.08.29 05:27:26.138,2.29,2.2906,5.50,5.50
2007.08.29 05:27:26.257,2.29,2.2906,5.50,7.90
2007.08.29 05:27:26.274,2.28995,2.2904,0.20,5.50
2007.08.29 05:27:26.386,2.2899,2.2904,1.00,5.50
2007.08.29 05:27:26.464,2.2899,2.2904,0.80,5.50
2007.08.29 05:27:28.434,2.2898,2.2904,7.50,5.50
2007.08.29 05:27:31.741,2.29,2.2905,0.70,0.80
2007.08.29 05:27:31.944,2.2899,2.2906,12.60,0.80
2007.08.29 05:27:32.575,2.28995,2.2906,1.10,0.80
2007.08.29 05:27:32.731,2.2899,2.2906,1.00,0.80
2007.08.29 05:27:33.090,2.2899,2.2907,2.80,15.10
2007.08.29 05:27:33.194,2.2899,2.2907,0.80,15.10
2007.08.29 05:27:33.661,2.2901,2.2907,0.80,12.70
2007.08.29 05:27:33.709,2.2901,2.2907,3.40,10.30
2007.08.29 05:27:33.825,2.29,2.2907,8.90,6.30
2007.08.29 05:27:34.126,2.2901,2.2907,1.10,5.50
2007.08.29 05:27:34.168,2.29,2.2907,6.10,5.50
2007.08.29 05:27:34.242,2.29,2.2905,0.60,5.50
2007.08.29 05:27:37.843,2.28985,2.2903,4.50,5.50
2007.08.29 05:27:37.867,2.29,2.2903,0.20,5.50
2007.08.29 05:27:37.890,2.2897,2.2903,13.10,5.50
2007.08.29 05:27:37.932,2.2897,2.2903,4.70,5.50
2007.08.29 05:27:37.999,2.28965,2.2903,14.70,5.50
2007.08.29 05:27:38.041,2.2897,2.2903,2.10,5.50
2007.08.29 05:27:38.101,2.2897,2.2903,3.60,5.50
2007.08.29 05:27:38.114,2.28975,2.2903,0.80,5.50
2007.08.29 05:27:39.228,2.2898,2.2903,3.20,5.50
2007.08.29 05:27:39.293,2.2899,2.2904,2.30,0.80
2007.08.29 05:27:39.602,2.2899,2.2904,10.30,0.80
2007.08.29 05:27:41.055,2.2899,2.2905,10.30,0.80
2007.08.29 05:27:42.617,2.2899,2.2906,6.30,6.30
2007.08.29 05:27:43.669,2.29,2.2905,2.60,2.40
2007.08.29 05:27:43.732,2.28975,2.2904,11.90,5.50
2007.08.29 05:27:43.967,2.28975,2.2904,7.90,5.50
2007.08.29 05:27:44.025,2.28975,2.2904,7.10,5.50
2007.08.29 05:27:44.357,2.28975,2.2904,7.30,5.50
2007.08.29 05:27:44.561,2.28985,2.2904,0.20,5.50
2007.08.29 05:27:45.082,2.28985,2.2904,0.20,6.30
2007.08.29 05:27:45.214,2.28985,2.2904,1.00,6.30
2007.08.29 05:27:45.803,2.29,2.2904,2.50,0.80
2007.08.29 05:27:46.106,2.29,2.2905,1.60,0.80
2007.08.29 05:27:46.647,2.28995,2.2905,6.50,0.80
2007.08.29 05:27:47.057,2.28995,2.2905,6.70,0.80
2007.08.29 05:27:47.160,2.29,2.2905,6.70,0.80
2007.08.29 05:27:47.563,2.29,2.2906,6.90,6.30
2007.08.29 05:27:47.670,2.29,2.2906,6.10,8.70
2007.08.29 05:27:47.764,2.29,2.2906,6.10,12.60
2007.08.29 05:27:47.798,2.29005,2.2904,0.20,5.50
2007.08.29 05:27:47.947,2.29,2.2904,0.20,5.50
2007.08.29 05:27:47.975,2.28985,2.2904,0.20,5.50
2007.08.29 05:27:48.202,2.2898,2.2904,13.10,5.50
2007.08.29 05:27:48.717,2.29,2.2904,0.80,5.50
2007.08.29 05:27:48.829,2.28985,2.2906,10.50,6.30
2007.08.29 05:27:49.030,2.29,2.2906,1.80,6.30
2007.08.29 05:27:49.038,2.28985,2.2906,12.10,6.30
2007.08.29 05:27:49.144,2.28995,2.2906,11.90,10.30
2007.08.29 05:27:49.302,2.29,2.2906,2.10,10.30
2007.08.29 05:27:49.339,2.29,2.2906,0.80,6.30
2007.08.29 05:27:49.511,2.2899,2.2906,19.40,6.30
2007.08.29 05:27:50.039,2.2899,2.2906,15.40,5.50
2007.08.29 05:27:50.077,2.2899,2.2906,15.40,5.50
2007.08.29 05:27:50.236,2.2899,2.2906,12.90,5.50
2007.08.29 05:27:50.343,2.2899,2.2906,7.90,5.50
2007.08.29 05:27:50.586,2.2899,2.2906,8.10,5.50
2007.08.29 05:27:50.679,2.29,2.2906,1.40,5.50
2007.08.29 05:27:51.171,2.29,2.2906,0.70,6.30
2007.08.29 05:27:53.654,2.29,2.2906,2.70,6.30
2007.08.29 05:27:53.773,2.2899,2.2906,8.80,5.50
2007.08.29 05:27:53.885,2.29,2.2906,1.20,5.50
2007.08.29 05:27:54.468,2.2899,2.2906,14.80,5.50
2007.08.29 05:27:55.123,2.2899,2.2906,16.40,6.30
2007.08.29 05:27:56.232,2.29,2.2905,1.20,5.50
2007.08.29 05:27:56.344,2.29,2.2905,1.00,5.50
2007.08.29 05:27:56.440,2.29,2.2905,0.80,5.50
2007.08.29 05:27:56.657,2.2899,2.2905,13.50,5.50
2007.08.29 05:27:56.711,2.2899,2.2905,8.70,5.50
2007.08.29 05:27:56.760,2.2899,2.2905,7.90,5.50
2007.08.29 05:27:56.857,2.2899,2.2905,6.30,5.50
2007.08.29 05:27:57.988,2.2899,2.2905,7.10,5.50
2007.08.29 05:27:58.098,2.2899,2.2905,7.90,5.50
2007.08.29 05:27:58.303,2.2899,2.2905,12.70,5.50
2007.08.29 05:27:58.514,2.2899,2.2905,13.50,5.50
2007.08.29 05:27:59.510,2.29,2.2905,0.80,5.50
2007.08.29 05:27:59.666,2.29,2.2906,6.30,5.50
2007.08.29 05:28:00.380,2.29,2.2906,6.30,0.80
2007.08.29 05:28:10.045,2.2901,2.2907,0.80,6.30
2007.08.29 05:28:10.664,2.2902,2.2906,0.80,0.50
2007.08.29 05:28:10.805,2.2902,2.2909,6.30,15.00
2007.08.29 05:28:11.436,2.2902,2.2909,6.30,11.00
2007.08.29 05:28:11.691,2.2902,2.2909,5.50,11.00
2007.08.29 05:28:11.729,2.29015,2.2906,4.00,0.60
2007.08.29 05:28:11.786,2.2901,2.2908,4.80,10.20
2007.08.29 05:28:11.848,2.2901,2.2906,0.80,0.50
2007.08.29 05:28:13.126,2.2902,2.2908,0.80,10.20
2007.08.29 05:28:13.336,2.2902,2.2909,6.30,15.00
2007.08.29 05:28:14.037,2.2902,2.2908,5.50,0.50
2007.08.29 05:28:14.147,2.29015,2.2909,4.00,15.00
2007.08.29 05:28:14.212,2.29015,2.2908,4.00,0.50
2007.08.29 05:28:14.392,2.2901,2.2909,7.50,15.00
2007.08.29 05:28:14.601,2.2901,2.2908,7.50,0.60
2007.08.29 05:28:14.631,2.2901,2.2908,6.30,14.20
2007.08.29 05:28:26.109,2.2901,2.2907,5.50,0.50
2007.08.29 05:28:26.204,2.2901,2.2908,5.50,14.20
2007.08.29 05:28:26.376,2.29,2.2907,1.60,10.20
2007.08.29 05:28:26.405,2.29,2.2905,0.80,0.50
2007.08.29 05:28:27.179,2.2901,2.2907,0.80,10.20
2007.08.29 05:28:27.754,2.2901,2.2907,6.30,0.50
2007.08.29 05:28:30.349,2.2901,2.2907,6.30,5.50
2007.08.29 05:28:31.188,2.2901,2.2908,10.30,6.30
2007.08.29 05:28:31.699,2.2901,2.2907,10.30,2.40
2007.08.29 05:28:31.726,2.2901,2.2907,11.50,2.40
2007.08.29 05:28:31.809,2.2901,2.2907,4.80,7.90
2007.08.29 05:28:31.911,2.2901,2.2907,0.80,7.90
2007.08.29 05:28:39.145,2.29,2.2907,6.30,7.90
2007.08.29 05:28:39.226,2.29,2.2905,0.80,5.50
2007.08.29 05:28:42.096,2.2901,2.2905,0.80,5.50
2007.08.29 05:28:42.224,2.2901,2.2907,0.80,7.90
2007.08.29 05:28:42.342,2.2901,2.2907,0.80,8.70
2007.08.29 05:28:45.205,2.2901,2.2907,1.60,7.90
2007.08.29 05:28:45.278,2.29015,2.2907,0.80,7.90
2007.08.29 05:28:48.580,2.2901,2.2907,2.40,7.90
2007.08.29 05:28:49.164,2.2901,2.2907,3.20,8.70
2007.08.29 05:28:49.203,2.29015,2.2907,0.80,6.30
2007.08.29 05:28:49.272,2.2901,2.2907,9.90,0.80
2007.08.29 05:28:49.335,2.29015,2.2907,0.90,0.80
2007.08.29 05:28:50.321,2.2902,2.2908,2.30,6.30
2007.08.29 05:28:50.335,2.2902,2.2908,3.80,6.30
2007.08.29 05:28:50.405,2.29015,2.2908,12.70,6.30
2007.08.29 05:28:50.817,2.29015,2.2908,12.70,5.50
2007.08.29 05:29:00.626,2.2902,2.2908,11.10,5.50
2007.08.29 05:29:00.819,2.2904,2.2908,8.00,5.50
2007.08.29 05:29:01.155,2.29045,2.2908,5.60,5.50
2007.08.29 05:29:01.264,2.29045,2.291,5.60,6.30
2007.08.29 05:29:01.352,2.2906,2.291,2.10,6.30
2007.08.29 05:29:01.830,2.2906,2.291,0.80,6.30
2007.08.29 05:29:01.885,2.29045,2.291,0.80,5.50
2007.08.29 05:29:05.712,2.2905,2.291,0.80,5.50
2007.08.29 05:29:05.779,2.2905,2.2913,9.80,4.00
2007.08.29 05:29:05.891,2.2906,2.2912,0.60,0.80
2007.08.29 05:29:05.920,2.2906,2.2912,1.80,0.80
2007.08.29 05:29:06.318,2.2906,2.2912,3.70,6.30
2007.08.29 05:29:06.430,2.2905,2.2912,17.50,6.30
2007.08.29 05:29:07.032,2.2905,2.2912,17.50,5.50
2007.08.29 05:29:18.674,2.2906,2.2912,5.50,7.90
2007.08.29 05:29:18.854,2.2906,2.2912,0.70,7.90
2007.08.29 05:29:19.119,2.2906,2.2912,1.80,8.70
2007.08.29 05:29:19.339,2.2905,2.2911,2.40,9.50
2007.08.29 05:29:19.433,2.2905,2.2911,3.70,9.50
2007.08.29 05:29:19.500,2.2904,2.2911,8.40,9.50
2007.08.29 05:29:19.616,2.2905,2.2911,1.90,9.50
2007.08.29 05:29:19.705,2.2904,2.2911,9.20,9.50
2007.08.29 05:29:19.744,2.2905,2.2911,6.30,4.00
2007.08.29 05:29:19.845,2.2905,2.2912,6.30,16.70
2007.08.29 05:29:19.867,2.2906,2.2912,0.80,12.70
2007.08.29 05:29:20.621,2.2906,2.2912,6.30,12.70
2007.08.29 05:29:20.725,2.2906,2.2912,7.10,10.30
2007.08.29 05:29:20.793,2.2906,2.2912,8.60,10.30
2007.08.29 05:29:20.888,2.2906,2.2912,7.80,6.30
2007.08.29 05:29:20.929,2.2907,2.2912,0.70,6.30
2007.08.29 05:29:21.035,2.2906,2.2912,7.70,6.30
2007.08.29 05:29:21.156,2.2906,2.2912,9.30,5.50
2007.08.29 05:29:22.325,2.29065,2.2913,1.60,5.50
2007.08.29 05:29:22.424,2.29065,2.2913,1.60,7.90
2007.08.29 05:29:23.444,2.2906,2.2913,7.10,8.70
2007.08.29 05:29:23.651,2.29055,2.2913,10.30,8.70
2007.08.29 05:29:24.995,2.2906,2.2913,3.20,7.90
2007.08.29 05:29:25.694,2.2906,2.2913,0.50,5.50
2007.08.29 05:29:25.846,2.2906,2.2914,8.60,10.30
2007.08.29 05:29:26.040,2.2907,2.2914,2.20,9.50
2007.08.29 05:29:26.219,2.2907,2.2913,2.10,0.80
2007.08.29 05:29:26.333,2.29065,2.2913,9.50,3.20
2007.08.29 05:29:26.362,2.29065,2.2912,0.70,9.50
2007.08.29 05:29:26.446,2.2905,2.2912,13.50,9.50
2007.08.29 05:29:26.765,2.2905,2.2914,16.70,11.90
2007.08.29 05:29:26.906,2.2904,2.2914,19.90,11.90
2007.08.29 05:29:26.961,2.2906,2.2914,0.80,11.90
2007.08.29 05:29:27.000,2.2906,2.2914,0.70,11.90
2007.08.29 05:29:27.650,2.2905,2.2913,14.30,0.80
2007.08.29 05:29:27.787,2.2905,2.2913,13.50,0.80
2007.08.29 05:29:27.982,2.2905,2.2913,13.50,0.80
2007.08.29 05:29:28.240,2.29045,2.2913,14.30,0.80
2007.08.29 05:29:28.265,2.29045,2.2913,14.30,3.20
2007.08.29 05:29:28.306,2.29045,2.2912,11.90,5.50
2007.08.29 05:29:31.290,2.29055,2.2912,1.20,5.50
2007.08.29 05:29:32.252,2.2906,2.2913,1.90,7.90
2007.08.29 05:29:33.628,2.29055,2.2913,9.50,8.70
2007.08.29 05:29:34.290,2.29055,2.2912,0.60,5.50
2007.08.29 05:29:34.353,2.29045,2.2912,11.80,5.50
2007.08.29 05:29:34.704,2.2905,2.2912,1.50,9.50
2007.08.29 05:29:35.012,2.29045,2.2912,11.80,10.30
2007.08.29 05:29:36.764,2.29045,2.2911,11.80,2.40
2007.08.29 05:29:36.802,2.2905,2.2911,0.90,7.90
2007.08.29 05:29:37.039,2.29045,2.2911,6.30,7.90
2007.08.29 05:29:37.845,2.29035,2.2911,10.30,8.70
2007.08.29 05:29:39.358,2.2904,2.2911,7.80,3.20
2007.08.29 05:29:40.903,2.2905,2.2911,2.40,2.40
2007.08.29 05:29:42.227,2.2904,2.2909,15.80,2.40
2007.08.29 05:29:42.266,2.2903,2.2909,12.70,2.40
2007.08.29 05:29:42.373,2.29045,2.2909,1.00,2.40
2007.08.29 05:29:42.737,2.2904,2.291,7.20,9.50
2007.08.29 05:29:42.784,2.2904,2.291,12.70,4.00
2007.08.29 05:29:42.893,2.2904,2.2911,12.70,7.90
2007.08.29 05:29:42.925,2.2904,2.2911,2.50,7.90
2007.08.29 05:29:44.445,2.2903,2.291,15.00,0.80
2007.08.29 05:29:45.291,2.2904,2.291,3.60,6.30
2007.08.29 05:29:45.458,2.2904,2.291,2.40,10.30
2007.08.29 05:29:45.543,2.2904,2.291,3.50,9.50
2007.08.29 05:29:45.831,2.2905,2.291,1.90,9.50
2007.08.29 05:29:45.861,2.2904,2.2911,7.20,0.80
2007.08.29 05:29:46.271,2.2905,2.2911,10.30,0.80
2007.08.29 05:29:46.568,2.2905,2.2912,10.30,9.50
2007.08.29 05:29:46.776,2.2905,2.2912,10.30,10.30
2007.08.29 05:29:47.690,2.2905,2.2911,10.30,2.40
2007.08.29 05:29:47.849,2.2905,2.2911,6.30,2.40
2007.08.29 05:29:47.924,2.2905,2.2911,5.50,2.40
2007.08.29 05:29:49.067,2.2905,2.2911,5.50,3.20
2007.08.29 05:29:50.108,2.2905,2.2911,5.50,2.40
2007.08.29 05:29:53.314,2.2904,2.291,0.80,5.50
2007.08.29 05:29:53.363,2.2903,2.291,7.10,5.50
2007.08.29 05:29:53.423,2.2903,2.291,6.30,5.50
2007.08.29 05:29:55.218,2.2903,2.2909,5.50,2.40
2007.08.29 05:29:56.130,2.2903,2.2909,6.30,2.40
2007.08.29 05:29:56.237,2.2903,2.291,6.30,9.50
2007.08.29 05:29:56.249,2.29035,2.291,4.00,9.50
2007.08.29 05:29:56.329,2.2904,2.291,5.50,0.80
2007.08.29 05:29:56.646,2.2904,2.291,6.30,0.80
2007.08.29 05:29:56.773,2.29045,2.291,4.00,0.80
2007.08.29 05:29:56.855,2.2905,2.291,5.50,0.80
2007.08.29 05:29:57.367,2.2905,2.2911,5.50,0.80
2007.08.29 05:29:58.353,2.2905,2.2912,5.50,10.30
2007.08.29 05:29:59.202,2.2905,2.2912,5.50,12.70
2007.08.29 05:30:01.285,2.2905,2.2912,5.50,10.30
2007.08.29 05:30:01.788,2.2907,2.2912,0.80,10.30
2007.08.29 05:30:01.853,2.2907,2.2912,2.40,10.30
2007.08.29 05:30:03.045,2.2907,2.2912,2.40,9.50
2007.08.29 05:30:03.063,2.2907,2.2912,0.90,9.50
2007.08.29 05:30:05.918,2.2907,2.2911,1.60,5.50
2007.08.29 05:30:05.936,2.2907,2.2911,0.80,5.50
2007.08.29 05:30:06.059,2.2905,2.2911,5.50,5.50
2007.08.29 05:30:06.541,2.2906,2.2912,5.50,7.90
2007.08.29 05:30:06.787,2.2906,2.2912,5.50,11.80
2007.08.29 05:30:06.943,2.2906,2.2911,5.50,0.80
2007.08.29 05:30:10.777,2.2904,2.291,11.10,5.50
2007.08.29 05:30:10.867,2.2904,2.291,6.30,5.50
2007.08.29 05:30:20.709,2.2904,2.291,5.50,5.50
2007.08.29 05:30:21.747,2.2904,2.291,5.50,6.30
2007.08.29 05:30:22.624,2.2904,2.291,6.30,6.30
2007.08.29 05:30:22.741,2.2904,2.291,6.30,5.50
2007.08.29 05:30:24.658,2.2904,2.291,5.50,5.50
2007.08.29 05:30:26.067,2.2904,2.291,5.50,6.30
2007.08.29 05:30:31.748,2.2904,2.291,5.50,5.50
2007.08.29 05:30:31.845,2.2904,2.291,5.50,7.10
2007.08.29 05:30:39.443,2.2906,2.291,5.50,1.60
2007.08.29 05:30:45.316,2.2904,2.291,5.50,7.10
2007.08.29 05:31:05.431,2.2903,2.291,9.50,7.10
2007.08.29 05:31:07.501,2.2903,2.291,9.50,5.50
2007.08.29 05:31:08.708,2.2903,2.291,9.50,7.90
2007.08.29 05:31:08.755,2.2903,2.291,5.50,7.90
2007.08.29 05:31:09.263,2.2903,2.291,7.90,5.50
2007.08.29 05:31:09.294,2.2904,2.2911,5.50,16.70
2007.08.29 05:31:09.337,2.2904,2.2911,5.50,11.90
2007.08.29 05:31:09.378,2.2904,2.2911,5.50,7.10
2007.08.29 05:31:11.094,2.2904,2.2911,5.50,5.50
2007.08.29 05:31:13.819,2.2905,2.2912,5.50,11.90
2007.08.29 05:31:17.641,2.2905,2.2912,5.50,12.70
2007.08.29 05:31:18.255,2.29035,2.291,4.00,5.50
2007.08.29 05:31:18.293,2.2903,2.291,12.70,5.50
2007.08.29 05:31:18.363,2.2903,2.291,7.90,5.50
2007.08.29 05:31:18.454,2.2903,2.291,7.10,5.50
2007.08.29 05:31:18.583,2.2903,2.291,5.50,5.50
2007.08.29 05:31:20.756,2.29025,2.2909,4.00,5.50
2007.08.29 05:31:20.848,2.2902,2.2909,6.30,5.50
2007.08.29 05:31:20.972,2.2902,2.2909,5.50,5.50
2007.08.29 05:31:21.075,2.2901,2.2908,14.30,5.50
2007.08.29 05:31:21.271,2.2901,2.2908,13.50,5.50
2007.08.29 05:31:24.129,2.2902,2.2908,0.80,5.50
2007.08.29 05:31:24.764,2.2903,2.2909,5.50,1.60
2007.08.29 05:31:24.868,2.2903,2.2909,6.30,1.60
2007.08.29 05:31:24.894,2.2903,2.2909,10.30,1.60
2007.08.29 05:31:26.832,2.2903,2.2909,9.50,1.60
2007.08.29 05:31:26.933,2.2903,2.291,5.50,11.10
2007.08.29 05:31:28.712,2.2903,2.291,5.50,9.50
2007.08.29 05:31:28.831,2.2902,2.2908,0.80,5.50
2007.08.29 05:31:28.916,2.2901,2.2908,14.30,5.50
2007.08.29 05:31:29.201,2.2901,2.2908,11.90,5.50
2007.08.29 05:31:30.858,2.2902,2.2908,0.80,5.50
2007.08.29 05:31:30.934,2.2902,2.2908,1.60,5.50
2007.08.29 05:31:30.969,2.2902,2.2908,2.40,5.50
2007.08.29 05:31:31.128,2.2902,2.2908,4.00,5.50
2007.08.29 05:31:31.552,2.2902,2.2908,4.80,5.50
2007.08.29 05:31:33.769,2.2902,2.2908,10.30,5.50
2007.08.29 05:31:37.543,2.29025,2.2908,0.80,5.50
2007.08.29 05:31:39.591,2.2902,2.2908,1.60,5.50
2007.08.29 05:31:39.734,2.2902,2.2908,0.80,5.50
2007.08.29 05:31:42.187,2.2901,2.2908,12.70,5.50
2007.08.29 05:31:44.796,2.2901,2.2908,12.70,0.90
2007.08.29 05:31:57.022,2.2901,2.2908,11.90,0.80
2007.08.29 05:31:57.143,2.2901,2.2908,11.10,0.50
2007.08.29 05:31:57.206,2.2901,2.2909,10.30,10.30
2007.08.29 05:31:57.483,2.2901,2.2908,5.50,0.90
2007.08.29 05:31:57.661,2.2901,2.2907,5.50,0.80
2007.08.29 05:31:57.781,2.29,2.2907,8.80,7.90
2007.08.29 05:31:57.881,2.29,2.2906,4.80,0.60
2007.08.29 05:31:57.963,2.29,2.2907,0.80,7.90
2007.08.29 05:31:58.328,2.2901,2.29085,5.50,11.90
2007.08.29 05:31:58.339,2.29,2.2908,4.00,13.40
2007.08.29 05:32:01.273,2.2901,2.2908,5.50,0.90
2007.08.29 05:32:09.709,2.2901,2.2908,5.50,11.90
2007.08.29 05:32:09.826,2.29,2.2907,4.80,7.90
2007.08.29 05:32:10.152,2.29,2.2906,0.80,0.70
2007.08.29 05:32:10.333,2.2899,2.2906,11.10,0.60
2007.08.29 05:32:14.800,2.2899,2.2906,10.30,5.50
2007.08.29 05:32:14.820,2.2899,2.2906,6.30,5.50
2007.08.29 05:32:15.128,2.2899,2.2906,5.50,5.50
2007.08.29 05:32:16.212,2.2899,2.2906,6.30,5.50
2007.08.29 05:32:16.320,2.2899,2.2906,10.30,5.50
2007.08.29 05:32:16.370,2.2899,2.2906,11.10,5.50
2007.08.29 05:32:17.835,2.2899,2.2906,15.10,5.50
2007.08.29 05:32:17.920,2.29,2.2906,5.50,5.50
2007.08.29 05:32:18.020,2.29,2.2906,6.30,5.50
2007.08.29 05:32:18.171,2.29,2.2906,7.10,5.50
2007.08.29 05:32:18.559,2.29,2.2906,7.90,5.50
2007.08.29 05:32:22.840,2.29,2.2906,2.40,5.50
2007.08.29 05:32:22.910,2.29,2.2906,1.60,5.50
2007.08.29 05:32:22.999,2.29,2.2906,0.80,5.50
2007.08.29 05:32:23.070,2.2899,2.2906,15.10,5.50
2007.08.29 05:32:23.103,2.2899,2.2906,11.90,5.50
2007.08.29 05:32:24.636,2.2899,2.2906,11.90,7.90
2007.08.29 05:32:24.647,2.2899,2.2906,11.10,7.90
2007.08.29 05:32:24.779,2.2899,2.2906,7.10,7.90
2007.08.29 05:32:29.593,2.2899,2.2906,7.10,5.50
2007.08.29 05:32:30.206,2.29,2.2907,5.50,11.90
2007.08.29 05:32:30.968,2.29,2.29075,5.50,12.70
2007.08.29 05:32:33.729,2.29,2.29075,5.50,14.30
2007.08.29 05:32:36.076,2.29,2.29075,5.50,15.10
2007.08.29 05:32:36.096,2.29,2.29075,5.50,15.90
2007.08.29 05:32:36.212,2.29,2.2907,5.50,0.50
2007.08.29 05:32:40.536,2.29,2.29065,5.50,0.80
2007.08.29 05:32:47.724,2.29,2.2906,5.50,0.90
2007.08.29 05:32:48.300,2.2902,2.29065,5.50,2.40
2007.08.29 05:32:51.859,2.2902,2.29065,5.50,3.20
2007.08.29 05:32:51.919,2.29,2.2906,6.30,0.90
2007.08.29 05:32:51.990,2.29,2.2907,5.50,21.40
2007.08.29 05:32:52.347,2.2902,2.2906,5.50,0.50
2007.08.29 05:32:53.749,2.2902,2.2905,5.50,0.80
2007.08.29 05:32:53.826,2.2902,2.2906,5.50,4.00
2007.08.29 05:32:53.958,2.2902,2.2906,5.50,4.00
2007.08.29 05:32:54.138,2.2901,2.2905,5.50,0.90
2007.08.29 05:32:54.272,2.2901,2.2905,5.50,2.40
2007.08.29 05:32:54.987,2.2901,2.29045,5.50,2.40
2007.08.29 05:32:58.288,2.2899,2.2904,7.90,0.80
2007.08.29 05:32:58.609,2.2899,2.2904,7.90,0.60
2007.08.29 05:32:58.846,2.2899,2.2904,7.90,3.20
2007.08.29 05:32:59.061,2.2899,2.2903,7.90,1.60
2007.08.29 05:32:59.222,2.2899,2.2903,5.50,1.60
2007.08.29 05:32:59.252,2.2898,2.2903,5.50,1.60
2007.08.29 05:32:59.639,2.2898,2.2903,6.30,1.60
2007.08.29 05:33:00.419,2.2899,2.2903,5.50,1.60
2007.08.29 05:33:02.191,2.2899,2.2903,7.90,1.60
2007.08.29 05:33:02.306,2.29,2.2903,5.50,1.60
2007.08.29 05:33:04.154,2.29,2.2904,5.50,1.60
2007.08.29 05:33:07.748,2.29,2.2904,5.50,8.70
2007.08.29 05:33:07.780,2.2898,2.2902,4.80,5.50
2007.08.29 05:33:07.784,2.2898,2.2902,0.80,5.50
2007.08.29 05:33:07.869,2.28975,2.2902,0.30,5.50
2007.08.29 05:33:08.008,2.2897,2.2902,0.30,5.50
2007.08.29 05:33:08.156,2.2896,2.2902,6.30,5.50
2007.08.29 05:33:10.215,2.2896,2.2902,5.50,5.50
2007.08.29 05:33:10.283,2.2895,2.2901,11.60,5.50
2007.08.29 05:33:10.404,2.2895,2.2901,7.30,5.50
2007.08.29 05:33:10.421,2.2895,2.2901,7.10,5.50
2007.08.29 05:33:10.712,2.2895,2.2901,6.30,5.50
2007.08.29 05:33:13.537,2.2895,2.2901,6.30,7.10
2007.08.29 05:33:14.313,2.2895,2.2901,10.30,7.10
2007.08.29 05:33:14.563,2.2895,2.2901,10.30,5.50
2007.08.29 05:33:14.726,2.2895,2.2901,11.50,5.50
2007.08.29 05:33:14.807,2.2895,2.2901,15.50,5.50
2007.08.29 05:33:14.824,2.2895,2.2901,16.30,5.50
2007.08.29 05:33:15.239,2.2895,2.2901,15.10,5.50
2007.08.29 05:33:15.330,2.2895,2.2901,11.10,5.50
2007.08.29 05:33:15.372,2.2895,2.2901,10.30,5.50
2007.08.29 05:33:17.150,2.2895,2.2901,11.50,5.50
2007.08.29 05:33:17.255,2.2895,2.2901,4.80,5.50
2007.08.29 05:33:17.371,2.2895,2.2901,0.80,5.50
2007.08.29 05:33:17.788,2.2895,2.2901,1.60,5.50
2007.08.29 05:33:18.694,2.2896,2.2901,3.20,5.50
2007.08.29 05:33:18.732,2.2897,2.2902,5.50,4.00
2007.08.29 05:33:21.069,2.2897,2.2902,1.70,4.00
2007.08.29 05:33:21.667,2.2897,2.2902,6.30,4.00
2007.08.29 05:33:21.737,2.2898,2.2902,6.30,3.20
2007.08.29 05:33:21.773,2.2898,2.2902,8.70,2.40
2007.08.29 05:33:21.831,2.2898,2.2904,8.70,6.40
2007.08.29 05:33:21.959,2.2898,2.2904,8.70,1.60
2007.08.29 05:33:22.088,2.2899,2.2904,1.20,2.40
2007.08.29 05:33:22.139,2.2898,2.2901,8.70,1.60
2007.08.29 05:33:23.053,2.2899,2.2902,1.60,1.60
2007.08.29 05:33:24.140,2.2898,2.2903,8.70,1.60
2007.08.29 05:33:26.785,2.2896,2.2903,20.90,7.10
2007.08.29 05:33:26.873,2.2897,2.2903,3.80,7.10
2007.08.29 05:33:26.936,2.2896,2.2903,17.50,7.10
2007.08.29 05:33:29.168,2.2897,2.2903,8.70,7.10
2007.08.29 05:33:29.302,2.2898,2.2903,8.70,1.60
2007.08.29 05:33:31.318,2.2896,2.2903,22.10,7.10
2007.08.29 05:33:31.353,2.2896,2.2903,21.90,7.90
2007.08.29 05:33:31.415,2.2897,2.2903,1.70,8.70
2007.08.29 05:33:31.500,2.2896,2.2903,14.70,9.50
2007.08.29 05:33:32.030,2.2897,2.2903,0.90,8.70
2007.08.29 05:33:32.090,2.2897,2.2903,0.60,7.90
2007.08.29 05:33:32.267,2.2896,2.2903,9.90,8.70
2007.08.29 05:33:32.321,2.2896,2.29025,13.90,0.80
2007.08.29 05:33:33.514,2.2897,2.2902,0.50,1.60
2007.08.29 05:33:34.057,2.2896,2.2902,14.70,3.20
2007.08.29 05:33:34.222,2.2897,2.2902,2.30,4.00
2007.08.29 05:33:34.807,2.2894,2.2901,17.40,6.30
2007.08.29 05:33:34.867,2.2895,2.2901,1.50,7.10
2007.08.29 05:33:34.897,2.2894,2.2901,9.40,7.10
2007.08.29 05:33:34.932,2.2894,2.2901,9.40,7.90
2007.08.29 05:33:35.659,2.2894,2.2901,9.40,7.90
2007.08.29 05:33:35.843,2.2895,2.2901,2.40,7.10
2007.08.29 05:33:35.864,2.2895,2.2901,4.80,7.90
2007.08.29 05:33:36.925,2.2895,2.2901,5.50,7.10
2007.08.29 05:33:37.140,2.2896,2.2901,0.80,7.10
2007.08.29 05:33:37.236,2.2895,2.2901,12.70,7.10
2007.08.29 05:33:37.314,2.2897,2.2901,2.90,1.60
2007.08.29 05:33:38.148,2.2897,2.29015,2.40,0.80
2007.08.29 05:33:38.270,2.2895,2.2901,18.20,6.30
2007.08.29 05:33:38.372,2.2895,2.2901,18.20,7.10
2007.08.29 05:33:38.414,2.2894,2.2901,8.90,7.90
2007.08.29 05:33:38.477,2.2894,2.2901,8.70,7.90
2007.08.29 05:33:39.199,2.2895,2.2901,8.70,7.90
2007.08.29 05:33:39.236,2.2895,2.2901,8.70,7.10
2007.08.29 05:33:39.333,2.2896,2.2901,7.90,1.60
2007.08.29 05:33:39.399,2.2896,2.2901,7.90,0.80
2007.08.29 05:33:39.435,2.2896,2.2903,7.90,7.90
2007.08.29 05:33:39.447,2.2897,2.2903,2.60,7.10
2007.08.29 05:33:40.017,2.2897,2.2902,2.00,0.80
2007.08.29 05:33:40.073,2.2897,2.2902,1.70,1.60
2007.08.29 05:33:40.202,2.2897,2.2902,1.90,2.40
2007.08.29 05:33:40.222,2.2897,2.2902,2.80,1.60
2007.08.29 05:33:40.296,2.2896,2.2902,7.90,0.80
2007.08.29 05:33:40.471,2.2896,2.2903,7.90,5.50
2007.08.29 05:33:41.239,2.2896,2.2901,1.00,5.50
2007.08.29 05:33:41.654,2.2896,2.2901,1.30,5.50
2007.08.29 05:33:43.729,2.2895,2.2901,12.70,5.50
2007.08.29 05:33:43.737,2.2897,2.2902,0.70,3.20
2007.08.29 05:33:43.779,2.28955,2.2902,11.90,2.40
2007.08.29 05:33:43.831,2.28955,2.2902,11.90,1.60
2007.08.29 05:33:45.180,2.28965,2.2902,12.70,1.60
2007.08.29 05:33:45.271,2.2898,2.2902,3.20,1.60
2007.08.29 05:33:45.297,2.2898,2.2903,3.20,7.10
2007.08.29 05:33:45.312,2.2899,2.2903,3.50,1.60
2007.08.29 05:33:46.194,2.2898,2.2903,12.70,1.60
2007.08.29 05:33:46.255,2.2897,2.2903,17.00,1.60
2007.08.29 05:33:46.368,2.2898,2.2903,4.80,1.60
2007.08.29 05:33:46.459,2.2897,2.2903,15.80,1.60
2007.08.29 05:33:46.467,2.2898,2.2904,3.00,7.10
2007.08.29 05:33:46.783,2.2898,2.2904,10.70,1.60
2007.08.29 05:33:46.816,2.2899,2.2904,2.20,1.60
2007.08.29 05:33:48.179,2.2898,2.2905,14.70,7.10
2007.08.29 05:33:50.307,2.2898,2.2905,14.70,5.50
2007.08.29 05:33:51.761,2.2898,2.2905,14.70,5.50
2007.08.29 05:33:51.831,2.2898,2.2904,0.50,5.50
2007.08.29 05:33:51.850,2.2898,2.2904,1.80,5.50
2007.08.29 05:33:51.912,2.28975,2.2904,12.70,5.50
2007.08.29 05:33:55.591,2.2898,2.2904,2.50,5.50
2007.08.29 05:33:57.248,2.2897,2.2904,11.00,9.40
2007.08.29 05:33:57.283,2.2896,2.2902,12.40,5.50
2007.08.29 05:33:57.651,2.2897,2.2902,1.50,5.50
2007.08.29 05:33:58.236,2.2897,2.2903,3.00,7.90
2007.08.29 05:33:58.475,2.28965,2.2903,12.70,9.50
2007.08.29 05:34:01.165,2.2897,2.2903,2.40,9.50
2007.08.29 05:34:02.681,2.28965,2.2903,11.90,8.70
2007.08.29 05:34:02.704,2.2897,2.2903,1.10,8.70
2007.08.29 05:34:02.744,2.28965,2.2903,12.70,7.90
2007.08.29 05:34:02.813,2.28965,2.2903,12.70,7.10
2007.08.29 05:34:03.236,2.2897,2.2903,8.70,7.10
2007.08.29 05:34:03.344,2.2898,2.2903,1.60,1.60
2007.08.29 05:34:03.633,2.28975,2.2903,12.70,1.60
2007.08.29 05:34:04.033,2.28975,2.2904,12.70,7.10
2007.08.29 05:34:09.617,2.28975,2.2904,12.70,5.50
2007.08.29 05:34:11.153,2.28975,2.2904,11.90,5.50
2007.08.29 05:34:11.341,2.28975,2.2903,6.40,5.50
2007.08.29 05:34:11.356,2.2897,2.2903,13.50,5.50
2007.08.29 05:34:11.474,2.2897,2.2903,4.00,5.50
2007.08.29 05:34:24.302,2.2899,2.2904,5.50,1.60
2007.08.29 05:34:24.329,2.2899,2.2904,7.90,1.60
2007.08.29 05:34:33.370,2.2899,2.2904,2.40,1.60
2007.08.29 05:34:33.866,2.2898,2.2904,8.70,1.60
2007.08.29 05:34:33.905,2.2899,2.2904,5.50,1.60
2007.08.29 05:34:34.407,2.2899,2.2905,5.50,1.60
2007.08.29 05:34:34.834,2.2898,2.2905,13.50,7.10
2007.08.29 05:34:34.884,2.2899,2.2905,2.40,7.10
2007.08.29 05:34:36.145,2.2899,2.2905,2.40,5.50
2007.08.29 05:34:36.739,2.29,2.2906,5.50,4.00
2007.08.29 05:34:36.859,2.29,2.2906,5.50,3.20
2007.08.29 05:34:37.003,2.29,2.2906,5.50,2.40
2007.08.29 05:34:37.054,2.29,2.2906,5.50,3.20
2007.08.29 05:34:37.263,2.29,2.2906,5.50,4.00
2007.08.29 05:34:37.286,2.2899,2.2905,2.40,5.50
2007.08.29 05:34:37.816,2.2899,2.2906,7.90,13.50
2007.08.29 05:34:37.922,2.2899,2.2906,7.90,9.50
2007.08.29 05:34:37.996,2.2899,2.2906,5.50,9.50
2007.08.29 05:34:38.416,2.2898,2.2905,13.50,5.50
2007.08.29 05:34:38.594,2.2898,2.2905,9.50,5.50
2007.08.29 05:34:38.614,2.2899,2.2905,2.40,5.50
2007.08.29 05:34:41.862,2.2899,2.2906,7.90,9.50
2007.08.29 05:34:41.879,2.2899,2.2906,5.50,9.50
2007.08.29 05:34:43.334,2.2899,2.2906,5.50,8.70
2007.08.29 05:34:43.451,2.2899,2.2906,5.50,7.90
2007.08.29 05:34:44.390,2.2899,2.2906,5.50,0.50
2007.08.29 05:34:56.443,2.2899,2.2907,9.50,15.80
2007.08.29 05:34:56.641,2.2899,2.2907,12.70,15.80
2007.08.29 05:34:57.372,2.2899,2.2906,10.30,0.50
2007.08.29 05:34:57.435,2.2899,2.2907,9.50,15.80
2007.08.29 05:34:57.443,2.2899,2.2907,5.50,15.80
2007.08.29 05:34:58.201,2.2899,2.2906,7.90,0.50
2007.08.29 05:34:58.225,2.2899,2.2906,11.90,0.80
2007.08.29 05:34:58.298,2.29,2.2907,5.50,12.70
2007.08.29 05:34:58.705,2.29,2.2907,7.90,12.70
2007.08.29 05:34:58.725,2.2901,2.2907,5.50,7.20
2007.08.29 05:35:00.360,2.2902,2.2906,2.40,0.60
2007.08.29 05:35:00.476,2.2903,2.2907,5.50,3.20
2007.08.29 05:35:00.531,2.2903,2.2907,5.50,0.60
2007.08.29 05:35:00.799,2.2903,2.2908,5.50,3.20
2007.08.29 05:35:00.895,2.29015,2.2908,4.00,8.70
2007.08.29 05:35:01.053,2.2901,2.2907,5.50,0.50
2007.08.29 05:35:01.515,2.2901,2.2908,5.50,0.90
2007.08.29 05:35:02.776,2.2901,2.2909,5.50,16.60
2007.08.29 05:35:02.805,2.2901,2.2909,5.50,16.60
2007.08.29 05:35:03.843,2.29,2.2908,10.30,10.30
2007.08.29 05:35:03.878,2.29,2.2908,5.50,10.30
2007.08.29 05:35:05.752,2.2899,2.2907,14.30,7.80
2007.08.29 05:35:05.859,2.2899,2.2907,9.50,11.80
2007.08.29 05:35:05.899,2.2899,2.2906,5.50,0.80
2007.08.29 05:35:06.146,2.29,2.2907,4.00,15.00
2007.08.29 05:35:06.173,2.29,2.2907,4.80,15.80
2007.08.29 05:35:06.300,2.29,2.2907,10.30,9.50
2007.08.29 05:35:06.382,2.29,2.2907,9.50,9.50
2007.08.29 05:35:06.438,2.29,2.2907,5.50,9.50
2007.08.29 05:35:07.243,2.29,2.2908,5.50,10.30
2007.08.29 05:35:08.930,2.2899,2.2906,14.30,0.50
2007.08.29 05:35:08.942,2.2899,2.2907,15.10,11.80
2007.08.29 05:35:09.031,2.2899,2.2907,11.90,11.80
2007.08.29 05:35:09.107,2.2899,2.2907,7.90,15.80
2007.08.29 05:35:09.250,2.2899,2.2907,7.10,15.80
2007.08.29 05:35:09.291,2.2899,2.2907,6.30,15.80
2007.08.29 05:35:09.645,2.2899,2.2907,5.50,15.80
2007.08.29 05:35:10.032,2.2899,2.2907,5.50,15.80
2007.08.29 05:35:18.208,2.2899,2.2906,7.90,7.10
2007.08.29 05:35:18.217,2.2899,2.2906,7.90,5.50
2007.08.29 05:35:18.360,2.29,2.2907,5.50,13.50
2007.08.29 05:35:23.517,2.29,2.2907,5.50,12.70
2007.08.29 05:35:23.574,2.29,2.2907,5.50,11.10
2007.08.29 05:35:24.250,2.29,2.2907,7.90,5.60
2007.08.29 05:35:24.310,2.29,2.2907,11.90,5.60
2007.08.29 05:35:24.348,2.29,2.2907,12.70,1.60
2007.08.29 05:35:27.842,2.29,2.2907,11.90,1.60
2007.08.29 05:35:27.927,2.29,2.2908,7.90,1.60
2007.08.29 05:35:28.046,2.29,2.2908,7.90,2.40
2007.08.29 05:35:28.116,2.29,2.2908,7.90,3.20
2007.08.29 05:35:28.142,2.29,2.2908,7.90,4.00
2007.08.29 05:35:28.210,2.29,2.2908,8.70,4.00
2007.08.29 05:35:28.306,2.29,2.2907,6.30,5.50
2007.08.29 05:35:28.720,2.29,2.2907,8.70,5.50
2007.08.29 05:35:28.800,2.2901,2.2908,5.50,9.50
2007.08.29 05:35:28.890,2.2901,2.2907,5.50,1.60
2007.08.29 05:35:29.204,2.29,2.2907,12.70,7.10
2007.08.29 05:35:29.256,2.29,2.2907,10.30,7.10
2007.08.29 05:35:29.311,2.29,2.2907,9.50,11.10
2007.08.29 05:35:29.391,2.29,2.2907,5.50,11.10
2007.08.29 05:35:30.791,2.29,2.2907,8.70,1.60
2007.08.29 05:35:30.955,2.29,2.2907,12.70,1.60
2007.08.29 05:35:31.664,2.29,2.2908,12.70,1.60
2007.08.29 05:35:32.729,2.29,2.2908,8.70,5.60
2007.08.29 05:35:32.871,2.29,2.2908,7.90,6.40
2007.08.29 05:35:33.230,2.29,2.2908,7.90,2.40
2007.08.29 05:35:33.309,2.29,2.2907,5.50,9.50
2007.08.29 05:35:35.475,2.29,2.2907,5.50,0.80
2007.08.29 05:35:36.231,2.2899,2.2906,12.70,0.80
2007.08.29 05:35:36.244,2.2899,2.2907,10.30,12.60
2007.08.29 05:35:36.337,2.2899,2.2906,6.30,0.80
2007.08.29 05:35:36.351,2.2899,2.2907,5.50,13.40
2007.08.29 05:35:44.217,2.2898,2.29065,11.10,6.30
2007.08.29 05:35:44.323,2.2898,2.29065,6.30,10.30
2007.08.29 05:35:44.680,2.2898,2.2906,5.50,6.30
2007.08.29 05:35:45.205,2.2898,2.2906,8.70,7.10
2007.08.29 05:35:46.103,2.2899,2.29065,5.50,11.90
2007.08.29 05:35:47.192,2.2899,2.29065,5.50,8.70
2007.08.29 05:35:47.328,2.2898,2.2906,4.00,15.00
2007.08.29 05:35:47.454,2.28965,2.2906,4.00,19.00
2007.08.29 05:35:47.665,2.2896,2.2905,12.70,0.60
2007.08.29 05:35:48.037,2.2896,2.2905,12.70,10.30
2007.08.29 05:35:48.220,2.2896,2.2905,12.70,11.10
2007.08.29 05:35:48.252,2.2896,2.2903,8.70,2.40
2007.08.29 05:35:48.352,2.2896,2.2903,7.90,2.40
2007.08.29 05:35:48.448,2.2896,2.29025,7.90,2.40
2007.08.29 05:35:49.151,2.2896,2.2902,8.70,0.50
2007.08.29 05:35:49.201,2.2896,2.29025,9.90,2.40
2007.08.29 05:35:49.242,2.2897,2.29025,2.40,2.40
2007.08.29 05:35:49.310,2.2898,2.29035,5.50,5.60
2007.08.29 05:35:49.528,2.2898,2.2903,5.50,0.50
2007.08.29 05:35:53.056,2.2898,2.2904,5.50,0.70
2007.08.29 05:35:53.295,2.2897,2.2904,9.50,0.80
2007.08.29 05:35:53.354,2.2897,2.2904,5.50,0.90
2007.08.29 05:35:54.756,2.2898,2.2904,5.50,0.90
2007.08.29 05:35:56.096,2.2898,2.2906,5.50,13.20
2007.08.29 05:35:57.160,2.2898,2.2906,6.30,13.20
2007.08.29 05:35:57.262,2.2898,2.2905,8.70,0.90
2007.08.29 05:35:57.371,2.2899,2.2905,5.50,0.70
2007.08.29 05:35:57.410,2.2899,2.2906,5.50,0.70
2007.08.29 05:35:59.146,2.2899,2.29065,5.50,8.70
2007.08.29 05:35:59.301,2.2898,2.2906,5.50,7.90
2007.08.29 05:36:03.818,2.2897,2.2905,4.80,0.80
2007.08.29 05:36:03.926,2.2897,2.2906,4.00,15.00
2007.08.29 05:36:04.004,2.2896,2.29055,12.70,13.50
2007.08.29 05:36:04.651,2.2896,2.2905,13.90,0.50
2007.08.29 05:36:04.723,2.2896,2.2905,14.70,0.60
2007.08.29 05:36:05.018,2.2896,2.29055,14.70,15.90
2007.08.29 05:36:05.227,2.2897,2.2905,2.40,11.10
2007.08.29 05:36:05.274,2.2898,2.2905,5.50,11.10
2007.08.29 05:36:05.815,2.2897,2.2905,4.80,11.10
2007.08.29 05:36:05.898,2.2897,2.2905,0.80,11.10
2007.08.29 05:36:05.921,2.2896,2.2905,12.70,11.10
2007.08.29 05:36:06.220,2.2896,2.2905,13.90,11.10
2007.08.29 05:36:06.257,2.2896,2.2905,14.70,11.10
2007.08.29 05:36:06.754,2.2898,2.2905,5.50,7.10
2007.08.29 05:36:07.810,2.2897,2.2904,10.30,5.50
2007.08.29 05:36:07.816,2.2898,2.2905,5.50,7.90
2007.08.29 05:36:07.911,2.2897,2.2904,9.50,5.50
2007.08.29 05:36:07.914,2.2897,2.2904,5.50,5.50
2007.08.29 05:36:09.160,2.2897,2.2904,5.50,7.10
2007.08.29 05:36:09.216,2.2897,2.2904,7.90,7.10
2007.08.29 05:36:09.353,2.2898,2.2904,5.50,1.60
2007.08.29 05:36:13.250,2.2897,2.2905,3.20,11.90
2007.08.29 05:36:13.255,2.2897,2.2905,0.80,11.90
2007.08.29 05:36:13.342,2.2896,2.2905,12.70,11.90
2007.08.29 05:36:14.071,2.2896,2.2905,4.80,7.90
2007.08.29 05:36:14.250,2.2896,2.2905,0.80,11.90
2007.08.29 05:36:14.612,2.28955,2.2905,4.00,12.70
2007.08.29 05:36:15.714,2.28955,2.2904,4.00,0.80
2007.08.29 05:36:15.914,2.28955,2.2903,4.00,5.50
2007.08.29 05:36:16.059,2.2895,2.2903,7.90,5.50
2007.08.29 05:36:17.592,2.2895,2.2903,8.70,5.50
2007.08.29 05:36:17.705,2.2896,2.2903,2.40,5.50
2007.08.29 05:36:17.782,2.2896,2.2904,7.90,10.30
2007.08.29 05:36:17.842,2.2896,2.2904,7.90,7.90
2007.08.29 05:36:17.901,2.2896,2.2904,7.90,7.10
2007.08.29 05:36:18.179,2.2896,2.2905,7.90,17.40
2007.08.29 05:36:19.750,2.2897,2.2905,2.40,16.60
2007.08.29 05:36:19.776,2.2897,2.2905,7.90,13.50
2007.08.29 05:36:20.284,2.2897,2.2904,5.50,0.60
2007.08.29 05:36:20.305,2.28965,2.2904,4.00,0.90
2007.08.29 05:36:20.427,2.28955,2.2904,4.00,0.80
2007.08.29 05:36:21.035,2.2896,2.2905,7.90,15.90
2007.08.29 05:36:21.138,2.2896,2.29055,11.90,16.70
2007.08.29 05:36:21.237,2.2896,2.29055,12.70,15.90
2007.08.29 05:36:25.612,2.2896,2.2905,12.70,11.90
2007.08.29 05:36:25.749,2.2896,2.29045,8.70,4.80
2007.08.29 05:36:25.765,2.2896,2.2904,6.30,6.30
2007.08.29 05:36:25.869,2.2896,2.2904,5.50,6.30
2007.08.29 05:36:29.769,2.2896,2.2904,7.90,7.90
2007.08.29 05:36:29.778,2.2897,2.29045,5.50,11.90
2007.08.29 05:36:30.187,2.2897,2.2904,5.50,0.70
2007.08.29 05:36:30.690,2.2897,2.2904,5.50,0.60
2007.08.29 05:36:30.819,2.2896,2.2904,12.70,7.90
2007.08.29 05:36:30.922,2.2896,2.2904,11.90,7.90
2007.08.29 05:36:31.041,2.2896,2.2904,7.90,7.90
2007.08.29 05:36:31.198,2.2896,2.2904,8.70,7.10
2007.08.29 05:36:31.759,2.2897,2.29045,5.50,11.10
2007.08.29 05:36:32.629,2.2897,2.2904,5.50,0.50
2007.08.29 05:36:32.688,2.2896,2.2904,12.70,7.90
2007.08.29 05:36:32.733,2.2896,2.2904,10.30,7.90
2007.08.29 05:36:32.870,2.2896,2.2903,6.30,0.70
2007.08.29 05:36:32.919,2.2896,2.2903,5.50,0.80
2007.08.29 05:36:34.329,2.2895,2.2903,10.30,13.40
2007.08.29 05:36:34.419,2.2895,2.2903,9.50,13.40
2007.08.29 05:36:34.452,2.2895,2.2903,5.50,11.80
2007.08.29 05:36:35.658,2.2895,2.2903,7.90,11.80
2007.08.29 05:36:35.777,2.2896,2.2903,5.50,0.60
2007.08.29 05:36:35.949,2.2896,2.2903,5.50,0.50
2007.08.29 05:36:36.174,2.2896,2.2904,6.30,10.30
2007.08.29 05:36:36.278,2.2896,2.2904,8.70,10.30
2007.08.29 05:36:36.317,2.2897,2.2903,5.50,0.50
2007.08.29 05:36:37.258,2.2897,2.2904,5.50,0.50
2007.08.29 05:36:38.737,2.2897,2.2904,7.90,0.80
2007.08.29 05:36:38.787,2.2897,2.2905,11.90,17.40
2007.08.29 05:36:38.813,2.2898,2.2905,5.50,11.90
2007.08.29 05:36:38.937,2.2898,2.2905,5.50,11.10
2007.08.29 05:36:39.222,2.2897,2.2905,7.20,11.10
2007.08.29 05:36:39.257,2.2897,2.2905,4.80,11.10
2007.08.29 05:36:39.288,2.2897,2.2905,0.80,11.10
2007.08.29 05:36:39.348,2.2896,2.2904,12.70,0.60
2007.08.29 05:36:39.668,2.2897,2.2905,2.40,13.50
2007.08.29 05:36:39.775,2.2898,2.2905,5.50,13.50
2007.08.29 05:36:39.808,2.2898,2.29055,5.50,17.50
2007.08.29 05:36:39.874,2.2898,2.2905,5.50,0.60
2007.08.29 05:36:40.717,2.2897,2.2904,10.30,0.90
2007.08.29 05:36:40.813,2.2897,2.2905,9.50,15.80
2007.08.29 05:36:41.433,2.2897,2.2904,5.50,0.70
2007.08.29 05:36:42.064,2.2897,2.2904,5.50,0.60
2007.08.29 05:36:42.274,2.2897,2.2905,7.90,15.80
2007.08.29 05:36:42.279,2.2898,2.2905,5.50,13.50
2007.08.29 05:36:44.781,2.2897,2.2905,9.50,15.80
2007.08.29 05:36:44.908,2.2897,2.2904,9.50,0.70
2007.08.29 05:36:45.413,2.2897,2.29045,5.50,6.30
2007.08.29 05:36:46.146,2.2897,2.2904,5.50,0.90
2007.08.29 05:36:46.209,2.2897,2.29045,5.50,8.70
2007.08.29 05:36:46.300,2.2896,2.2904,10.30,7.90
2007.08.29 05:36:46.408,2.2896,2.2903,9.50,0.50
2007.08.29 05:36:46.504,2.2896,2.2903,5.50,9.50
2007.08.29 05:36:48.608,2.2897,2.2903,5.50,4.00
2007.08.29 05:36:48.697,2.2897,2.2904,5.50,11.10
2007.08.29 05:36:49.558,2.2897,2.2904,5.50,0.60
2007.08.29 05:36:50.265,2.2897,2.29045,5.50,12.70
2007.08.29 05:36:50.281,2.2897,2.2905,5.50,21.40
2007.08.29 05:36:50.492,2.2897,2.2905,5.50,21.40
2007.08.29 05:36:50.910,2.2897,2.2904,5.50,0.70
2007.08.29 05:36:50.988,2.2897,2.2904,5.50,0.60
2007.08.29 05:36:51.039,2.2897,2.2905,5.50,19.00
2007.08.29 05:36:51.823,2.2897,2.2904,7.90,0.60
2007.08.29 05:36:51.886,2.28975,2.2904,4.00,0.90
2007.08.29 05:36:52.428,2.2897,2.2905,7.90,4.00
2007.08.29 05:36:52.446,2.28975,2.2905,4.00,3.20
2007.08.29 05:36:52.510,2.2897,2.2906,7.90,21.50
2007.08.29 05:36:52.549,2.2897,2.2904,7.90,0.80
2007.08.29 05:36:52.648,2.2897,2.2902,7.90,0.70
2007.08.29 05:36:52.761,2.2897,2.2902,7.90,0.90
2007.08.29 05:36:52.830,2.28965,2.29,4.00,0.50
2007.08.29 05:36:53.153,2.2894,2.29005,1.60,6.30
2007.08.29 05:36:53.927,2.28935,2.29,4.00,0.50
2007.08.29 05:36:53.960,2.2893,2.29005,8.70,6.30
2007.08.29 05:36:54.634,2.2895,2.29,0.80,0.90
2007.08.29 05:36:54.848,2.2895,2.29015,6.30,1.60
2007.08.29 05:36:54.857,2.2895,2.29015,8.70,1.60
2007.08.29 05:36:54.946,2.2895,2.2902,8.70,12.40
2007.08.29 05:36:55.346,2.2895,2.2902,8.70,0.50
2007.08.29 05:36:55.662,2.2896,2.2903,2.40,9.40
2007.08.29 05:36:55.749,2.2897,2.29035,5.50,1.40
2007.08.29 05:36:55.854,2.2897,2.2905,5.50,19.50
2007.08.29 05:36:55.874,2.2897,2.2905,5.50,16.30
2007.08.29 05:36:55.976,2.2897,2.2905,5.50,15.80
2007.08.29 05:36:57.220,2.2896,2.2901,4.00,0.90
2007.08.29 05:36:57.326,2.28955,2.2902,4.00,7.10
2007.08.29 05:36:57.368,2.2895,2.2902,8.70,7.10
2007.08.29 05:36:58.137,2.2895,2.2902,8.70,0.90
2007.08.29 05:36:58.637,2.2895,2.2902,7.90,0.60
2007.08.29 05:36:58.755,2.2895,2.29025,5.50,7.90
2007.08.29 05:36:58.827,2.28945,2.2901,4.00,7.80
2007.08.29 05:36:59.008,2.2894,2.2901,0.80,7.80
2007.08.29 05:36:59.170,2.2893,2.29,9.50,0.60
2007.08.29 05:36:59.287,2.2893,2.29005,8.70,6.30
2007.08.29 05:36:59.567,2.2893,2.29005,7.90,6.30
2007.08.29 05:36:59.675,2.2893,2.29005,8.70,6.30
2007.08.29 05:37:00.717,2.2895,2.29005,5.50,0.80
2007.08.29 05:37:01.237,2.2894,2.29005,6.40,6.30
2007.08.29 05:37:01.244,2.2894,2.29,4.00,0.80
2007.08.29 05:37:01.327,2.28935,2.29005,4.00,6.30
2007.08.29 05:37:01.377,2.2893,2.29005,8.70,6.30
2007.08.29 05:37:02.073,2.2893,2.29,9.50,0.90
2007.08.29 05:37:02.148,2.2893,2.2901,10.30,8.60
2007.08.29 05:37:02.173,2.2895,2.29,2.40,0.70
2007.08.29 05:37:02.288,2.2895,2.29015,7.90,2.10
2007.08.29 05:37:02.367,2.2895,2.2902,8.70,15.60
2007.08.29 05:37:02.401,2.2895,2.29015,8.70,0.80
2007.08.29 05:37:03.182,2.2895,2.2902,5.50,7.90
2007.08.29 05:37:03.337,2.28945,2.29,4.00,0.90
2007.08.29 05:37:03.446,2.2893,2.2901,8.70,10.20
2007.08.29 05:37:04.218,2.2895,2.2901,0.80,9.40
2007.08.29 05:37:04.745,2.2895,2.2901,3.20,7.80
2007.08.29 05:37:04.832,2.2895,2.2902,8.70,15.40
2007.08.29 05:37:04.842,2.2895,2.29015,8.70,2.20
2007.08.29 05:37:06.109,2.2895,2.2902,8.70,0.80
2007.08.29 05:37:06.707,2.2895,2.2902,7.90,0.90
2007.08.29 05:37:06.805,2.2895,2.2902,7.90,0.60
2007.08.29 05:37:06.818,2.2895,2.2902,7.90,0.70
2007.08.29 05:37:06.916,2.2895,2.2903,7.90,16.50
2007.08.29 05:37:07.124,2.2895,2.2902,7.90,14.20
2007.08.29 05:37:07.192,2.2895,2.2901,7.90,0.50
2007.08.29 05:37:07.216,2.2895,2.2902,5.50,13.40
2007.08.29 05:37:07.242,2.2895,2.2902,5.50,12.60
2007.08.29 05:37:07.350,2.28945,2.2901,4.00,9.40
2007.08.29 05:37:07.450,2.2893,2.29,8.70,0.60
2007.08.29 05:37:07.739,2.2894,2.2901,2.40,9.40
2007.08.29 05:37:07.755,2.2895,2.2901,5.50,0.60
2007.08.29 05:37:09.266,2.2895,2.2902,7.90,9.50
2007.08.29 05:37:10.040,2.2895,2.2902,7.90,14.30
2007.08.29 05:37:10.248,2.2895,2.2902,7.90,14.30
2007.08.29 05:37:10.284,2.2895,2.2901,7.90,0.70
2007.08.29 05:37:10.698,2.2895,2.2902,8.70,10.30
2007.08.29 05:37:10.919,2.2895,2.2901,8.70,0.60
2007.08.29 05:37:11.731,2.2895,2.2902,5.50,9.50
2007.08.29 05:37:11.813,2.2895,2.2903,5.50,16.60
2007.08.29 05:37:12.788,2.2895,2.2903,7.90,15.80
2007.08.29 05:37:14.221,2.2895,2.2903,5.50,12.60
2007.08.29 05:37:14.378,2.2895,2.2902,5.50,0.50
2007.08.29 05:37:16.164,2.2895,2.2902,6.30,0.50
2007.08.29 05:37:16.269,2.2895,2.2903,8.70,20.60
2007.08.29 05:37:16.331,2.2895,2.2903,8.70,15.80
2007.08.29 05:37:16.540,2.2895,2.2903,8.70,11.70
2007.08.29 05:37:16.973,2.2895,2.2902,8.70,0.70
2007.08.29 05:37:16.985,2.2895,2.2902,8.70,0.70
2007.08.29 05:37:17.166,2.2895,2.2902,8.70,0.60
2007.08.29 05:37:23.043,2.2895,2.2902,8.70,5.50
2007.08.29 05:37:23.189,2.2895,2.2902,7.90,5.50
2007.08.29 05:37:23.277,2.2895,2.2902,5.50,5.50
2007.08.29 05:37:25.176,2.2895,2.2902,8.70,5.50
2007.08.29 05:37:26.207,2.2895,2.2902,5.50,7.90
2007.08.29 05:37:26.216,2.28945,2.29,4.00,5.50
2007.08.29 05:37:26.368,2.2893,2.29,8.70,5.50
2007.08.29 05:37:27.627,2.2893,2.29,7.90,5.50
2007.08.29 05:37:28.219,2.2894,2.2901,5.50,9.50
2007.08.29 05:37:28.312,2.2894,2.2901,5.50,8.70
2007.08.29 05:37:28.410,2.2894,2.2901,5.50,7.90
2007.08.29 05:37:28.437,2.2894,2.2901,5.50,7.10
2007.08.29 05:37:30.203,2.2894,2.2901,7.90,7.10
2007.08.29 05:37:30.212,2.2894,2.2901,7.90,5.50
2007.08.29 05:37:30.510,2.2894,2.2901,8.70,5.50
2007.08.29 05:37:33.191,2.2894,2.2901,10.30,5.50
2007.08.29 05:37:33.283,2.2894,2.2901,6.30,5.50
2007.08.29 05:37:33.362,2.2894,2.2901,5.50,5.50
2007.08.29 05:37:34.226,2.2893,2.29,10.30,5.50
2007.08.29 05:37:34.316,2.2893,2.29,9.50,9.50
2007.08.29 05:37:34.349,2.2893,2.29,5.50,9.50
2007.08.29 05:37:36.169,2.2893,2.29,6.30,9.50
2007.08.29 05:37:36.257,2.2893,2.29,8.70,9.50
2007.08.29 05:37:36.352,2.2893,2.29,8.70,5.50
2007.08.29 05:37:37.635,2.2893,2.29,7.90,5.50
2007.08.29 05:37:37.709,2.2893,2.29,7.90,9.50
2007.08.29 05:37:37.747,2.2893,2.29,5.50,9.50
2007.08.29 05:37:38.655,2.2894,2.29,2.40,9.50
2007.08.29 05:37:38.756,2.2895,2.2901,5.50,6.40
2007.08.29 05:37:38.872,2.2895,2.2901,5.50,5.60
2007.08.29 05:37:38.960,2.2895,2.2901,5.50,1.60
2007.08.29 05:37:39.276,2.2894,2.2901,12.70,7.10
2007.08.29 05:37:40.004,2.2894,2.2901,12.70,5.50
2007.08.29 05:37:41.225,2.2894,2.2901,10.30,7.90
2007.08.29 05:37:41.300,2.2894,2.2899,4.00,5.50
2007.08.29 05:37:41.344,2.2893,2.2899,2.00,5.50
2007.08.29 05:37:41.632,2.2893,2.2899,1.20,5.50
2007.08.29 05:37:41.665,2.2892,2.2899,13.10,5.50
2007.08.29 05:37:41.844,2.2891,2.2899,16.60,5.50
2007.08.29 05:37:41.868,2.28915,2.2899,12.70,5.50
2007.08.29 05:37:42.134,2.2894,2.2899,0.60,5.50
2007.08.29 05:37:42.148,2.2894,2.2899,4.80,5.50
2007.08.29 05:37:42.268,2.28945,2.29,4.80,4.00
2007.08.29 05:37:42.355,2.2895,2.29005,0.80,0.80
2007.08.29 05:37:42.515,2.2894,2.2901,8.70,6.30
2007.08.29 05:37:45.159,2.2894,2.2901,15.90,6.30
2007.08.29 05:37:45.263,2.28945,2.29,0.90,9.50
2007.08.29 05:37:45.334,2.2893,2.29,2.00,9.50
2007.08.29 05:37:45.711,2.2894,2.29,0.70,4.00
2007.08.29 05:37:45.765,2.2895,2.29,0.80,4.00
2007.08.29 05:37:45.811,2.2894,2.2901,8.70,6.30
2007.08.29 05:37:45.874,2.2894,2.2901,8.70,7.90
2007.08.29 05:37:47.597,2.28935,2.2901,11.90,7.90
2007.08.29 05:37:47.712,2.2894,2.2901,2.60,7.90
2007.08.29 05:37:47.827,2.2893,2.29,13.50,9.50
2007.08.29 05:37:47.889,2.28925,2.29,12.70,9.50
2007.08.29 05:37:48.029,2.28925,2.29,13.50,9.50
2007.08.29 05:37:48.124,2.2893,2.29,11.90,9.50
2007.08.29 05:37:48.243,2.2894,2.29,6.30,4.00
2007.08.29 05:37:48.350,2.2894,2.2901,6.30,7.90
2007.08.29 05:37:50.724,2.2894,2.2901,8.70,7.10
2007.08.29 05:37:50.739,2.2894,2.2901,12.20,1.60
2007.08.29 05:37:51.273,2.28945,2.2901,12.70,7.10
2007.08.29 05:37:52.189,2.2894,2.2901,17.90,5.50
2007.08.29 05:37:57.220,2.2895,2.2901,8.70,5.50
2007.08.29 05:37:57.263,2.2897,2.2902,2.30,4.00
2007.08.29 05:37:58.134,2.2897,2.2902,0.90,4.00
2007.08.29 05:37:59.158,2.2896,2.2902,7.90,4.00
2007.08.29 05:37:59.705,2.2894,2.2901,20.70,5.50
2007.08.29 05:37:59.872,2.2894,2.2901,20.70,5.50
2007.08.29 05:37:59.926,2.2894,2.2901,13.50,5.50
2007.08.29 05:38:00.119,2.2895,2.2901,1.70,7.10
2007.08.29 05:38:00.205,2.2897,2.2901,0.80,7.10
2007.08.29 05:38:00.258,2.2896,2.2901,8.70,1.60
2007.08.29 05:38:00.693,2.2895,2.2901,16.60,1.60
2007.08.29 05:38:01.185,2.2897,2.2902,1.50,1.60
2007.08.29 05:38:01.216,2.2897,2.2902,0.60,1.60
2007.08.29 05:38:01.327,2.2896,2.2902,16.70,1.60
2007.08.29 05:38:01.735,2.2896,2.2902,13.50,1.60
2007.08.29 05:38:03.429,2.2896,2.2903,17.50,7.10
2007.08.29 05:38:04.642,2.2897,2.2903,2.20,7.10
2007.08.29 05:38:04.740,2.2897,2.2903,1.10,7.10
2007.08.29 05:38:04.834,2.2896,2.2903,6.50,7.10
2007.08.29 05:38:04.931,2.2895,2.2903,15.80,7.90
2007.08.29 05:38:05.038,2.2895,2.2903,19.80,7.10
2007.08.29 05:38:05.044,2.2895,2.2903,19.80,7.90
2007.08.29 05:38:05.091,2.28955,2.2903,12.70,8.70
2007.08.29 05:38:05.166,2.2896,2.2903,8.70,8.70
2007.08.29 05:38:05.238,2.2897,2.2903,2.10,3.20
2007.08.29 05:38:05.251,2.2896,2.2903,12.20,2.40
2007.08.29 05:38:05.400,2.2897,2.2903,4.30,1.60
2007.08.29 05:38:05.635,2.28965,2.2904,12.70,11.90
2007.08.29 05:38:06.026,2.2897,2.2903,0.60,0.80
2007.08.29 05:38:06.143,2.28965,2.2903,12.70,1.60
2007.08.29 05:38:06.176,2.2897,2.2903,2.40,2.40
2007.08.29 05:38:06.228,2.2897,2.2903,1.80,7.90
2007.08.29 05:38:06.279,2.28965,2.2903,4.80,7.90
2007.08.29 05:38:06.664,2.2896,2.2903,8.70,9.50
2007.08.29 05:38:07.308,2.2897,2.2903,1.10,9.50
2007.08.29 05:38:10.003,2.2897,2.2903,5.50,8.70
2007.08.29 05:38:10.093,2.2897,2.2903,5.50,7.90
2007.08.29 05:38:10.211,2.2897,2.2903,8.70,7.90
2007.08.29 05:38:10.230,2.2897,2.2903,8.70,7.10
2007.08.29 05:38:11.020,2.2897,2.2903,8.70,7.90
2007.08.29 05:38:11.131,2.2897,2.2903,7.90,7.90
2007.08.29 05:38:11.247,2.2897,2.2903,5.50,8.70
2007.08.29 05:38:11.285,2.2897,2.2903,5.50,9.50
2007.08.29 05:38:11.555,2.2897,2.29025,5.50,0.80
2007.08.29 05:38:12.502,2.2897,2.2902,5.50,1.60
2007.08.29 05:38:12.752,2.2896,2.2902,8.70,7.10
2007.08.29 05:38:12.771,2.2896,2.2902,7.90,7.10
2007.08.29 05:38:13.986,2.2896,2.2902,5.50,7.10
2007.08.29 05:38:15.164,2.2897,2.2902,0.80,7.10
2007.08.29 05:38:15.226,2.2897,2.2902,6.30,1.60
2007.08.29 05:38:15.673,2.2897,2.2902,5.50,1.60
2007.08.29 05:38:15.771,2.2895,2.2902,16.30,1.60
2007.08.29 05:38:15.862,2.2895,2.2902,15.50,1.60
2007.08.29 05:38:15.874,2.2895,2.2902,14.70,1.60
2007.08.29 05:38:15.906,2.2895,2.2902,9.90,1.60
2007.08.29 05:38:16.421,2.2895,2.2903,9.90,13.50
2007.08.29 05:38:16.699,2.2895,2.2903,9.10,15.90
2007.08.29 05:38:16.704,2.2895,2.2901,5.50,5.50
2007.08.29 05:38:18.169,2.2895,2.2901,5.50,7.10
2007.08.29 05:38:18.227,2.2896,2.2901,5.50,1.60
2007.08.29 05:38:19.188,2.2896,2.2902,5.50,9.50
2007.08.29 05:38:20.733,2.2896,2.2902,6.30,9.50
2007.08.29 05:38:21.145,2.2896,2.2902,5.50,9.50
2007.08.29 05:38:21.251,2.2895,2.2901,6.30,5.50
2007.08.29 05:38:21.346,2.2895,2.2901,6.30,9.50
2007.08.29 05:38:23.007,2.2895,2.2901,6.30,11.10
2007.08.29 05:38:26.149,2.2895,2.2901,5.50,11.10
2007.08.29 05:38:26.254,2.2895,2.2901,5.50,11.90
2007.08.29 05:38:26.302,2.2894,2.29,5.50,5.50
2007.08.29 05:38:26.810,2.2895,2.2901,5.50,12.40
2007.08.29 05:38:26.823,2.2895,2.2901,6.30,12.40
2007.08.29 05:38:26.841,2.2895,2.2901,6.30,11.90
2007.08.29 05:38:27.033,2.2895,2.2901,6.30,12.40
2007.08.29 05:38:27.109,2.2895,2.2901,5.50,12.40
2007.08.29 05:38:27.220,2.2895,2.2901,5.50,11.90
2007.08.29 05:38:27.352,2.2895,2.2901,5.50,13.50
2007.08.29 05:38:27.626,2.2895,2.2901,6.30,13.50
2007.08.29 05:38:29.164,2.2895,2.2901,5.50,13.50
2007.08.29 05:38:29.387,2.2895,2.2901,5.50,12.70
2007.08.29 05:38:29.416,2.2895,2.2901,5.50,11.90
2007.08.29 05:38:29.672,2.2895,2.2901,6.30,11.10
2007.08.29 05:38:29.828,2.2895,2.2901,8.70,1.60
2007.08.29 05:38:30.454,2.2895,2.2903,8.70,9.50
2007.08.29 05:38:30.633,2.2895,2.2902,8.70,1.60
2007.08.29 05:38:31.210,2.2895,2.2902,7.90,1.60
2007.08.29 05:38:31.242,2.2894,2.2902,10.30,9.50
2007.08.29 05:38:31.410,2.2894,2.2902,6.30,7.90
2007.08.29 05:38:31.864,2.2894,2.2902,5.50,7.90
2007.08.29 05:38:34.057,2.2894,2.2902,5.50,8.70
2007.08.29 05:38:34.126,2.2894,2.2902,5.50,9.50
2007.08.29 05:38:34.221,2.2894,2.29,5.50,0.80
2007.08.29 05:38:34.251,2.2894,2.29,5.50,2.40
2007.08.29 05:38:34.272,2.2894,2.29,5.50,8.70
2007.08.29 05:38:34.490,2.2894,2.29,5.50,7.90
2007.08.29 05:38:34.959,2.2894,2.28995,5.50,0.80
2007.08.29 05:38:35.224,2.2894,2.2899,5.50,1.60
2007.08.29 05:38:37.793,2.2892,2.2898,5.50,5.50
2007.08.29 05:38:37.811,2.2892,2.2898,7.90,5.50
2007.08.29 05:38:38.103,2.2892,2.2898,8.70,5.50
2007.08.29 05:38:38.216,2.2892,2.2898,7.90,5.50
2007.08.29 05:38:38.320,2.2893,2.2899,5.50,11.10
2007.08.29 05:38:38.821,2.2893,2.2899,5.50,7.10
2007.08.29 05:38:40.116,2.2893,2.2899,5.50,5.50
2007.08.29 05:38:40.719,2.2893,2.2899,7.90,5.50
2007.08.29 05:38:40.805,2.2895,2.29,5.50,0.80
2007.08.29 05:38:42.881,2.2893,2.29,11.00,0.80
2007.08.29 05:38:45.829,2.2892,2.29,25.40,0.80
2007.08.29 05:38:45.887,2.2892,2.29005,25.40,0.80
2007.08.29 05:38:45.994,2.2892,2.2901,25.40,7.90
2007.08.29 05:38:46.204,2.2892,2.2901,25.40,7.90
2007.08.29 05:38:46.247,2.2892,2.2902,25.40,4.00
2007.08.29 05:38:46.294,2.2893,2.2902,11.10,4.00
2007.08.29 05:38:46.337,2.2893,2.2903,18.30,7.90
2007.08.29 05:38:47.000,2.2893,2.2903,18.30,9.50
2007.08.29 05:38:47.631,2.2893,2.2901,17.50,0.80
2007.08.29 05:38:47.735,2.2893,2.2901,17.50,4.00
2007.08.29 05:38:47.799,2.2893,2.2899,13.50,5.50
2007.08.29 05:38:47.825,2.2893,2.2899,9.50,5.50
2007.08.29 05:38:47.911,2.2892,2.2899,15.10,5.50
2007.08.29 05:38:49.273,2.2893,2.2899,2.30,6.30
2007.08.29 05:38:49.328,2.2892,2.2899,10.30,7.10
2007.08.29 05:38:49.344,2.2891,2.2899,15.00,7.90
2007.08.29 05:38:49.681,2.2891,2.2899,12.60,10.30
2007.08.29 05:38:49.737,2.2891,2.2897,3.40,5.50
2007.08.29 05:38:49.846,2.2891,2.2897,2.00,5.50
2007.08.29 05:38:49.854,2.2891,2.2897,3.40,5.50
2007.08.29 05:38:50.265,2.2891,2.2898,3.00,4.00
2007.08.29 05:38:50.360,2.2891,2.2898,4.20,1.60
2007.08.29 05:38:50.678,2.2891,2.2898,0.90,1.60
2007.08.29 05:38:51.821,2.2891,2.2898,3.50,1.60
2007.08.29 05:38:51.905,2.2891,2.2899,13.50,9.50
2007.08.29 05:38:52.386,2.289,2.2899,24.60,9.50
2007.08.29 05:38:52.598,2.289,2.2899,24.60,9.50
2007.08.29 05:38:52.712,2.2891,2.2899,13.50,9.50
2007.08.29 05:38:52.774,2.2892,2.2899,7.90,7.10
2007.08.29 05:38:52.908,2.2892,2.2899,11.90,5.50
2007.08.29 05:38:53.794,2.2893,2.2899,1.00,6.30
2007.08.29 05:38:53.840,2.2893,2.2899,2.40,7.10
2007.08.29 05:38:53.939,2.2893,2.2899,2.20,7.90
2007.08.29 05:38:54.113,2.2892,2.29,16.70,11.80
2007.08.29 05:38:54.172,2.2892,2.2899,16.70,7.90
2007.08.29 05:38:55.214,2.2892,2.28995,12.70,7.60
2007.08.29 05:38:55.693,2.2893,2.2899,0.50,1.60
2007.08.29 05:38:56.192,2.2892,2.28995,12.70,6.30
2007.08.29 05:38:56.350,2.2893,2.29,15.80,1.60
2007.08.29 05:38:57.780,2.2895,2.2901,0.80,2.40
2007.08.29 05:38:57.898,2.2895,2.2901,2.40,2.40
2007.08.29 05:38:58.207,2.2896,2.2901,1.30,2.30
2007.08.29 05:38:58.246,2.2897,2.29015,1.60,0.60
2007.08.29 05:38:58.283,2.2896,2.2903,7.90,11.30
2007.08.29 05:38:58.338,2.2896,2.2903,11.90,6.10
2007.08.29 05:38:58.398,2.2896,2.2904,11.90,11.80
2007.08.29 05:38:59.045,2.2897,2.2901,1.80,0.50
2007.08.29 05:38:59.290,2.2894,2.2902,23.80,9.40
2007.08.29 05:38:59.332,2.2895,2.2901,1.10,2.40
2007.08.29 05:38:59.376,2.2894,2.2902,16.70,9.40
2007.08.29 05:39:00.036,2.2895,2.2901,0.80,0.90
2007.08.29 05:39:10.232,2.2894,2.2901,0.80,1.90
2007.08.29 05:39:10.247,2.2893,2.2902,18.30,9.50
2007.08.29 05:39:10.263,2.2893,2.2902,15.10,10.30
2007.08.29 05:39:10.325,2.2892,2.2902,22.20,14.30
2007.08.29 05:39:10.387,2.2893,2.2901,2.40,2.40
2007.08.29 05:39:12.304,2.2893,2.2902,9.50,15.10
2007.08.29 05:39:12.314,2.2893,2.2902,5.50,19.10
2007.08.29 05:39:12.721,2.2894,2.2901,2.40,2.00
2007.08.29 05:39:12.786,2.2895,2.2902,5.50,18.20
2007.08.29 05:39:14.764,2.2894,2.2902,7.20,14.30
2007.08.29 05:39:14.776,2.2894,2.2902,4.80,14.30
2007.08.29 05:39:14.860,2.2894,2.2901,0.80,2.10
2007.08.29 05:39:14.874,2.2893,2.2901,10.30,1.90
2007.08.29 05:39:16.221,2.2895,2.2902,5.50,15.50
2007.08.29 05:39:16.349,2.2895,2.2902,5.50,18.70
2007.08.29 05:39:17.907,2.2895,2.29015,5.50,8.50
2007.08.29 05:39:18.185,2.2895,2.29015,5.50,10.90
2007.08.29 05:39:18.297,2.2893,2.2899,9.50,1.00
2007.08.29 05:39:18.413,2.2893,2.2899,5.50,1.00
2007.08.29 05:39:23.651,2.2893,2.2899,7.90,5.50
2007.08.29 05:39:23.772,2.2895,2.2901,5.50,6.30
2007.08.29 05:39:24.278,2.2895,2.2901,5.50,7.90
2007.08.29 05:39:24.686,2.2895,2.2901,5.50,10.30
2007.08.29 05:39:24.713,2.2893,2.2899,10.30,5.50
2007.08.29 05:39:24.867,2.2893,2.2899,9.50,5.50
2007.08.29 05:39:25.049,2.2893,2.2899,5.50,5.50
2007.08.29 05:39:25.976,2.2893,2.29,5.50,7.80
2007.08.29 05:39:27.994,2.2893,2.29,6.30,11.80
2007.08.29 05:39:28.100,2.2893,2.29,7.10,11.80
2007.08.29 05:39:28.158,2.2893,2.2899,8.70,0.50
2007.08.29 05:39:28.272,2.2895,2.2899,2.40,0.70
2007.08.29 05:39:28.313,2.2895,2.29015,2.40,6.00
2007.08.29 05:39:28.407,2.2895,2.2902,2.40,5.30
2007.08.29 05:39:28.742,2.2895,2.29015,7.90,6.00
2007.08.29 05:39:29.642,2.2895,2.2901,5.50,0.80
2007.08.29 05:39:29.779,2.2894,2.2899,4.80,0.50
2007.08.29 05:39:29.922,2.2894,2.29,0.80,7.80
2007.08.29 05:39:30.283,2.2895,2.29015,5.50,11.10
2007.08.29 05:39:30.365,2.2896,2.2901,2.40,0.90
2007.08.29 05:39:30.496,2.2898,2.29025,5.50,6.00
2007.08.29 05:39:30.929,2.2898,2.2903,5.50,5.50
2007.08.29 05:39:31.981,2.2898,2.29035,5.50,2.10
2007.08.29 05:39:32.785,2.2897,2.2903,0.80,7.10
2007.08.29 05:39:32.929,2.28965,2.2903,4.00,7.10
2007.08.29 05:39:32.976,2.28965,2.2901,4.00,0.70
2007.08.29 05:39:33.188,2.28975,2.2901,4.00,0.90
2007.08.29 05:39:33.378,2.2897,2.2901,4.00,0.90
2007.08.29 05:39:33.412,2.2897,2.2901,8.00,0.80
2007.08.29 05:39:33.580,2.2897,2.2903,4.00,7.80
2007.08.29 05:39:33.719,2.2897,2.29035,4.00,6.00
2007.08.29 05:39:33.793,2.2897,2.29035,0.80,6.00
2007.08.29 05:39:33.927,2.2896,2.2903,0.80,0.50
2007.08.29 05:39:34.009,2.2895,2.2902,9.50,0.50
2007.08.29 05:39:34.138,2.28955,2.2903,4.00,11.10
2007.08.29 05:39:34.396,2.2895,2.2902,4.00,0.90
2007.08.29 05:39:34.449,2.2896,2.29035,0.80,5.60
2007.08.29 05:39:34.523,2.2895,2.2903,4.00,0.70
2007.08.29 05:39:34.597,2.2895,2.29045,8.00,5.60
2007.08.29 05:39:34.620,2.2895,2.2904,4.00,2.40
2007.08.29 05:39:34.851,2.28945,2.2903,0.80,0.60
2007.08.29 05:39:34.959,2.28985,2.2903,4.00,0.50
2007.08.29 05:39:35.133,2.2897,2.2904,4.00,0.60
2007.08.29 05:39:35.149,2.2897,2.2904,4.80,0.60
2007.08.29 05:39:35.581,2.2897,2.2905,4.00,7.10
2007.08.29 05:39:35.616,2.28965,2.2905,4.00,7.10
2007.08.29 05:39:36.122,2.28965,2.2906,4.00,14.20
2007.08.29 05:39:36.848,2.28965,2.2906,4.00,15.00
2007.08.29 05:39:36.961,2.28965,2.2906,4.00,17.40
2007.08.29 05:39:37.107,2.28965,2.2903,4.00,0.60
2007.08.29 05:39:37.278,2.2896,2.2905,4.80,13.80
2007.08.29 05:39:38.192,2.2896,2.2903,4.80,0.60
2007.08.29 05:39:38.274,2.2896,2.2903,0.80,0.60
2007.08.29 05:39:38.349,2.2895,2.2903,10.30,0.60
2007.08.29 05:39:38.405,2.2895,2.2903,10.30,0.90
2007.08.29 05:39:38.459,2.2895,2.2902,10.30,0.90
2007.08.29 05:39:38.483,2.2895,2.2903,6.30,11.00
2007.08.29 05:39:38.561,2.2895,2.2902,5.50,0.70
2007.08.29 05:39:39.318,2.28945,2.2902,4.00,7.80
2007.08.29 05:39:39.330,2.2894,2.29,4.00,0.60
2007.08.29 05:39:39.808,2.28935,2.2902,4.00,0.70
2007.08.29 05:39:39.868,2.28935,2.2903,4.80,18.20
2007.08.29 05:39:40.096,2.28935,2.2903,4.00,18.20
2007.08.29 05:39:40.323,2.2894,2.2903,0.80,17.40
2007.08.29 05:39:40.428,2.2894,2.2901,0.80,0.90
2007.08.29 05:39:40.490,2.28945,2.2902,4.00,8.70
2007.08.29 05:39:40.695,2.2893,2.2902,16.70,8.70
2007.08.29 05:39:40.734,2.2893,2.2902,12.70,12.70
2007.08.29 05:39:41.162,2.28935,2.2902,0.80,12.70
2007.08.29 05:39:42.621,2.28935,2.2901,0.80,8.70
2007.08.29 05:39:42.824,2.28935,2.2899,0.80,0.80
2007.08.29 05:39:43.302,2.2893,2.29,6.30,12.60
2007.08.29 05:39:45.169,2.2893,2.2899,0.50,0.70
2007.08.29 05:39:45.889,2.2892,2.29,11.10,15.50
2007.08.29 05:39:46.200,2.2892,2.29,11.10,16.10
2007.08.29 05:39:46.726,2.2892,2.29,10.30,12.90
2007.08.29 05:39:46.830,2.2893,2.29005,10.20,5.10
2007.08.29 05:39:46.862,2.2893,2.2901,14.20,6.90
2007.08.29 05:39:47.016,2.2895,2.2901,0.90,0.50
2007.08.29 05:39:47.676,2.2895,2.29,0.70,0.80
2007.08.29 05:39:47.764,2.2892,2.29,18.30,8.60
2007.08.29 05:39:47.875,2.2892,2.29,17.50,8.60
2007.08.29 05:39:47.890,2.2892,2.29,16.70,8.60
2007.08.29 05:39:50.662,2.2893,2.2899,0.90,0.80
2007.08.29 05:39:50.761,2.2893,2.29015,10.20,9.50
2007.08.29 05:39:51.173,2.2895,2.29,0.90,0.80
2007.08.29 05:39:51.796,2.2892,2.29,12.70,12.60
2007.08.29 05:39:51.906,2.2893,2.2899,0.80,0.90
2007.08.29 05:39:51.991,2.2892,2.29,12.70,12.60
2007.08.29 05:39:52.716,2.2892,2.29,12.70,12.60
2007.08.29 05:39:53.126,2.2892,2.29,12.70,14.20
2007.08.29 05:39:54.731,2.2891,2.2898,12.70,7.80
2007.08.29 05:39:55.185,2.289,2.2898,19.10,7.80
2007.08.29 05:39:56.060,2.28905,2.2897,6.30,5.50
2007.08.29 05:40:00.023,2.2891,2.2897,2.00,5.50
2007.08.29 05:40:00.082,2.289,2.2897,20.70,5.50
2007.08.29 05:40:00.114,2.289,2.2897,16.70,5.50
2007.08.29 05:40:00.286,2.2891,2.2897,2.90,5.50
2007.08.29 05:40:00.331,2.2891,2.2898,17.40,4.00
2007.08.29 05:40:00.423,2.2891,2.2899,17.40,7.90
2007.08.29 05:40:09.226,2.2891,2.2898,13.40,0.80
2007.08.29 05:40:09.273,2.2891,2.2897,1.00,5.50
2007.08.29 05:40:09.449,2.289,2.2897,16.70,5.50
2007.08.29 05:40:10.757,2.289,2.2897,18.30,5.50
2007.08.29 05:40:10.818,2.2893,2.2898,2.60,1.60
2007.08.29 05:40:11.686,2.2891,2.2898,13.40,2.40
2007.08.29 05:40:11.756,2.2891,2.2897,4.10,5.50
2007.08.29 05:40:11.774,2.289,2.2897,19.90,5.50
2007.08.29 05:40:11.968,2.2891,2.2897,4.20,5.50
2007.08.29 05:40:11.989,2.289,2.2897,12.70,5.50
2007.08.29 05:40:26.005,2.2891,2.2897,5.50,7.10
2007.08.29 05:40:33.677,2.2891,2.2897,5.50,7.90
2007.08.29 05:40:34.698,2.2891,2.2897,5.50,7.10
2007.08.29 05:40:44.691,2.289,2.2895,2.40,5.50
2007.08.29 05:40:45.629,2.289,2.2895,2.40,7.10
2007.08.29 05:40:46.302,2.2891,2.2895,5.50,1.60
2007.08.29 05:40:46.781,2.2891,2.2896,5.50,1.60
2007.08.29 05:40:49.822,2.289,2.2895,2.40,5.50
2007.08.29 05:40:49.834,2.289,2.2895,2.40,7.10
2007.08.29 05:40:50.383,2.2891,2.2895,5.50,1.60
2007.08.29 05:40:51.289,2.2891,2.2896,5.50,1.60
2007.08.29 05:40:54.121,2.289,2.2896,7.90,5.50
2007.08.29 05:40:54.745,2.289,2.2895,2.40,5.50
2007.08.29 05:40:55.215,2.289,2.2895,2.40,7.10
2007.08.29 05:41:05.729,2.289,2.2895,2.40,7.90
2007.08.29 05:41:05.802,2.289,2.2895,2.40,8.70
2007.08.29 05:41:05.892,2.289,2.2895,2.40,9.50
2007.08.29 05:41:05.921,2.289,2.28945,2.40,0.80
2007.08.29 05:41:06.217,2.289,2.2894,2.40,5.50
2007.08.29 05:41:06.229,2.2888,2.2894,11.90,5.50
2007.08.29 05:41:06.321,2.2888,2.2894,7.90,5.50
2007.08.29 05:41:13.137,2.2888,2.2894,7.90,6.30
2007.08.29 05:41:13.147,2.2888,2.2894,7.90,7.10
2007.08.29 05:41:13.313,2.2888,2.2894,7.90,9.50
2007.08.29 05:41:16.672,2.2888,2.2894,5.50,10.30
2007.08.29 05:41:16.746,2.2887,2.2893,7.90,5.50
2007.08.29 05:41:16.867,2.2887,2.2893,7.90,9.50
2007.08.29 05:41:16.932,2.2887,2.2893,7.90,0.50
2007.08.29 05:41:18.211,2.2887,2.2893,5.50,0.70
2007.08.29 05:41:18.301,2.2886,2.2892,7.90,0.50
2007.08.29 05:41:19.189,2.2886,2.2893,7.90,21.10
2007.08.29 05:41:19.315,2.2886,2.2893,7.90,21.90
2007.08.29 05:41:19.456,2.2886,2.2893,7.90,24.30
2007.08.29 05:41:19.469,2.2886,2.2893,7.90,25.10
2007.08.29 05:41:20.254,2.2886,2.2893,7.90,25.10
2007.08.29 05:41:20.496,2.2886,2.2893,7.90,23.50
2007.08.29 05:41:23.770,2.2888,2.2892,5.50,0.50
2007.08.29 05:41:23.791,2.2888,2.2893,7.90,5.40
2007.08.29 05:41:24.083,2.2888,2.2892,7.90,0.50
2007.08.29 05:41:24.104,2.2888,2.28935,7.90,2.40
2007.08.29 05:41:25.089,2.2888,2.2893,7.90,0.90
2007.08.29 05:41:34.725,2.289,2.28935,2.40,2.40
2007.08.29 05:41:35.135,2.2889,2.2893,2.40,0.60
2007.08.29 05:41:35.820,2.2888,2.2893,5.50,0.80
2007.08.29 05:41:36.022,2.2888,2.2894,5.50,0.80
2007.08.29 05:41:41.379,2.2888,2.2896,5.50,19.80
2007.08.29 05:41:42.797,2.2887,2.2894,10.30,0.90
2007.08.29 05:41:42.883,2.2887,2.2894,9.50,0.50
2007.08.29 05:41:43.004,2.2887,2.2894,5.50,0.60
2007.08.29 05:41:44.664,2.2886,2.2893,13.50,0.50
2007.08.29 05:41:44.763,2.2886,2.2893,12.70,0.80
2007.08.29 05:41:44.793,2.2886,2.2894,8.70,13.00
2007.08.29 05:41:44.838,2.2887,2.2894,2.40,13.80
2007.08.29 05:41:45.153,2.2887,2.2894,2.40,13.00
2007.08.29 05:41:48.783,2.2887,2.2893,7.90,5.50
2007.08.29 05:41:50.115,2.2887,2.2893,7.90,7.10
2007.08.29 05:41:51.366,2.2887,2.2893,7.90,7.90
2007.08.29 05:41:51.550,2.2887,2.2892,7.90,1.60
2007.08.29 05:41:57.633,2.2887,2.2892,5.50,1.60
2007.08.29 05:41:57.764,2.2885,2.2891,12.70,5.50
2007.08.29 05:41:57.856,2.2885,2.2891,11.90,5.50
2007.08.29 05:41:57.896,2.2885,2.2891,7.90,5.50
2007.08.29 05:42:00.151,2.2885,2.2891,7.90,7.10
2007.08.29 05:42:03.102,2.28845,2.2891,11.90,7.10
2007.08.29 05:42:07.732,2.2885,2.2891,2.20,7.10
2007.08.29 05:42:07.810,2.28845,2.289,1.40,5.50
2007.08.29 05:42:07.883,2.28835,2.289,16.70,5.50
2007.08.29 05:42:07.906,2.28835,2.289,15.90,5.50
2007.08.29 05:42:08.222,2.28835,2.2889,6.40,5.50
2007.08.29 05:42:08.233,2.28835,2.2889,2.30,5.50
2007.08.29 05:42:08.381,2.2883,2.2889,1.00,5.50
2007.08.29 05:42:08.638,2.2883,2.2889,0.70,5.50
2007.08.29 05:42:11.226,2.2883,2.289,15.90,5.50
2007.08.29 05:42:11.242,2.2884,2.289,3.40,5.50
2007.08.29 05:42:11.696,2.2883,2.289,15.90,7.10
2007.08.29 05:42:12.265,2.2883,2.2889,12.70,5.50
2007.08.29 05:42:12.767,2.2883,2.289,11.90,7.10
2007.08.29 05:42:13.203,2.2884,2.289,1.10,7.90
2007.08.29 05:42:13.290,2.2883,2.2889,9.50,3.90
2007.08.29 05:42:13.308,2.2882,2.2888,0.80,5.50
2007.08.29 05:42:13.394,2.2881,2.2888,16.70,5.50
2007.08.29 05:42:15.289,2.2882,2.2888,2.00,7.10
2007.08.29 05:42:16.717,2.2882,2.2888,7.90,7.10
2007.08.29 05:42:16.780,2.2881,2.2888,19.00,1.60
2007.08.29 05:42:18.049,2.2883,2.2889,2.60,11.00
2007.08.29 05:42:21.201,2.2882,2.2889,8.70,11.80
2007.08.29 05:42:21.243,2.2882,2.2889,8.70,12.60
2007.08.29 05:42:21.354,2.2882,2.2889,8.70,13.40
2007.08.29 05:42:22.378,2.28815,2.2889,12.70,9.50
2007.08.29 05:42:23.814,2.28815,2.2889,16.70,9.50
2007.08.29 05:42:23.971,2.28815,2.2889,28.60,9.50
2007.08.29 05:42:24.089,2.28825,2.2889,15.90,8.70
2007.08.29 05:42:24.118,2.28825,2.2889,16.70,7.90
2007.08.29 05:42:24.207,2.28825,2.2889,16.70,7.10
2007.08.29 05:42:24.238,2.2883,2.2889,12.70,7.10
2007.08.29 05:42:29.799,2.28825,2.2889,12.70,7.10
2007.08.29 05:42:30.382,2.2882,2.2889,19.80,5.50
2007.08.29 05:42:33.184,2.2883,2.2889,8.70,5.50
2007.08.29 05:42:33.248,2.2882,2.289,20.60,7.10
2007.08.29 05:42:33.588,2.2883,2.289,12.70,7.10
2007.08.29 05:42:35.805,2.2883,2.2889,7.10,5.50
2007.08.29 05:42:35.832,2.2883,2.2889,7.90,5.50
2007.08.29 05:42:36.211,2.2882,2.289,16.60,11.10
2007.08.29 05:42:36.335,2.2883,2.289,12.70,7.10
2007.08.29 05:42:38.129,2.2883,2.289,12.70,7.10
2007.08.29 05:42:38.284,2.2882,2.2889,19.80,5.50
2007.08.29 05:42:38.356,2.2882,2.2889,19.80,5.50
2007.08.29 05:42:42.170,2.2883,2.2889,8.70,5.50
2007.08.29 05:42:42.303,2.2883,2.289,9.50,7.10
2007.08.29 05:42:47.759,2.2883,2.289,13.50,7.10
2007.08.29 05:42:47.775,2.2884,2.289,11.00,1.60
2007.08.29 05:42:49.387,2.2884,2.2891,19.80,7.10
2007.08.29 05:42:50.800,2.2883,2.289,16.70,5.50
2007.08.29 05:42:50.829,2.2883,2.289,16.70,5.50
2007.08.29 05:42:50.887,2.2883,2.289,13.50,5.50
2007.08.29 05:42:52.078,2.2883,2.289,13.50,7.10
2007.08.29 05:42:55.154,2.2883,2.289,12.70,7.10
2007.08.29 05:42:55.677,2.2883,2.289,12.70,7.10
2007.08.29 05:42:55.831,2.2884,2.289,14.20,1.60
2007.08.29 05:42:56.300,2.2884,2.289,18.20,1.60
2007.08.29 05:42:56.361,2.2884,2.289,16.70,1.60
2007.08.29 05:42:56.518,2.2884,2.2891,28.60,7.10
2007.08.29 05:42:57.181,2.28845,2.2892,15.90,9.40
2007.08.29 05:42:57.209,2.28845,2.2892,16.70,9.40
2007.08.29 05:42:57.286,2.28845,2.2893,12.70,10.20
2007.08.29 05:42:57.300,2.28845,2.2893,10.30,12.60
2007.08.29 05:42:57.618,2.2884,2.2893,23.00,13.40
2007.08.29 05:42:57.711,2.2884,2.2893,23.00,13.40
2007.08.29 05:42:58.133,2.2884,2.2893,23.00,13.40
2007.08.29 05:42:58.221,2.2884,2.2892,19.00,7.10
2007.08.29 05:42:58.311,2.2883,2.2891,21.50,7.80
2007.08.29 05:42:58.404,2.2883,2.2891,17.50,8.60
2007.08.29 05:42:58.721,2.2883,2.2891,14.30,10.20
2007.08.29 05:43:00.730,2.2883,2.28905,14.30,7.90
2007.08.29 05:43:01.134,2.2883,2.28905,13.50,7.90
2007.08.29 05:43:01.223,2.2882,2.289,23.00,7.10
2007.08.29 05:43:01.237,2.2882,2.289,23.00,7.10
2007.08.29 05:43:01.281,2.2882,2.289,23.00,7.10
2007.08.29 05:43:01.321,2.2882,2.289,19.80,7.10
2007.08.29 05:43:01.738,2.2882,2.2889,17.50,7.80
2007.08.29 05:43:01.771,2.2882,2.2889,11.10,9.40
2007.08.29 05:43:01.954,2.2881,2.2889,15.90,9.40
2007.08.29 05:43:03.182,2.2882,2.2889,8.70,9.40
2007.08.29 05:43:03.297,2.2882,2.2889,11.80,7.10
2007.08.29 05:43:05.093,2.2882,2.289,15.80,11.90
2007.08.29 05:43:05.232,2.2882,2.2889,13.50,10.20
2007.08.29 05:43:05.283,2.2881,2.2889,19.10,10.20
2007.08.29 05:43:05.341,2.2881,2.2889,15.90,10.20
2007.08.29 05:43:05.365,2.2881,2.2889,15.90,11.80
2007.08.29 05:43:05.388,2.2881,2.2889,15.90,11.80
2007.08.29 05:43:07.350,2.2881,2.2889,15.90,11.80
2007.08.29 05:43:09.706,2.2882,2.2889,5.50,11.80
2007.08.29 05:43:09.824,2.2881,2.2888,14.30,11.10
2007.08.29 05:43:10.007,2.2881,2.2888,13.50,11.10
2007.08.29 05:43:10.031,2.2881,2.2888,12.70,11.90
2007.08.29 05:43:10.042,2.2881,2.2887,7.90,0.90
2007.08.29 05:43:11.026,2.2881,2.2888,7.90,12.70
2007.08.29 05:43:11.126,2.2881,2.2888,8.70,12.70
2007.08.29 05:43:11.250,2.28805,2.2888,9.50,19.80
2007.08.29 05:43:11.340,2.2881,2.2888,9.50,7.90
2007.08.29 05:43:12.036,2.2881,2.2889,13.50,16.00
2007.08.29 05:43:12.101,2.2881,2.2889,13.50,11.80
2007.08.29 05:43:12.724,2.2881,2.2889,12.70,15.70
2007.08.29 05:43:12.795,2.288,2.2888,20.60,7.90
2007.08.29 05:43:12.835,2.288,2.2888,20.60,7.90
2007.08.29 05:43:12.994,2.288,2.2888,20.60,8.70
2007.08.29 05:43:13.027,2.288,2.2888,20.60,9.50
2007.08.29 05:43:13.106,2.288,2.2888,20.60,10.30
2007.08.29 05:43:13.123,2.288,2.2888,20.10,10.30
2007.08.29 05:43:13.303,2.288,2.2888,20.10,10.30
2007.08.29 05:43:13.649,2.2881,2.2888,8.20,10.30
2007.08.29 05:43:13.725,2.2881,2.2888,8.20,9.50
2007.08.29 05:43:13.914,2.2881,2.2888,12.20,7.90
2007.08.29 05:43:15.088,2.2881,2.2889,13.00,11.80
2007.08.29 05:43:15.123,2.2881,2.2889,13.00,11.80
2007.08.29 05:43:15.186,2.288,2.2889,24.50,16.50
2007.08.29 05:43:15.294,2.288,2.2889,20.10,16.90
2007.08.29 05:43:15.382,2.288,2.28885,20.10,9.90
2007.08.29 05:43:18.707,2.288,2.2888,16.60,10.30
2007.08.29 05:43:18.783,2.2879,2.2888,12.00,4.80
2007.08.29 05:43:18.889,2.2879,2.2888,8.00,4.80
2007.08.29 05:43:18.987,2.2879,2.2887,8.00,4.00
2007.08.29 05:43:19.015,2.2879,2.2887,8.00,4.00
2007.08.29 05:43:19.231,2.28795,2.2887,4.80,4.00
2007.08.29 05:43:19.315,2.2879,2.2887,8.00,4.00
2007.08.29 05:43:20.190,2.2879,2.2888,4.80,4.80
2007.08.29 05:43:20.738,2.2879,2.2888,4.80,7.20
2007.08.29 05:43:20.792,2.2878,2.2885,14.30,7.80
2007.08.29 05:43:20.793,2.2878,2.2886,8.80,6.80
2007.08.29 05:43:20.854,2.2877,2.2885,20.10,7.80
2007.08.29 05:43:21.154,2.2878,2.2885,11.10,7.80
2007.08.29 05:43:21.283,2.2878,2.2887,19.30,18.10
2007.08.29 05:43:21.698,2.2878,2.2887,22.50,18.10
2007.08.29 05:43:21.803,2.2878,2.2887,19.80,14.20
2007.08.29 05:43:22.175,2.2878,2.2887,19.80,14.20
2007.08.29 05:43:22.285,2.2879,2.2886,9.50,7.10
2007.08.29 05:43:23.338,2.28795,2.2887,9.50,11.80
2007.08.29 05:43:23.752,2.2879,2.2886,12.70,7.10
2007.08.29 05:43:24.271,2.2879,2.2885,4.80,7.80
2007.08.29 05:43:24.323,2.28785,2.2885,4.80,9.40
2007.08.29 05:43:24.364,2.2878,2.2885,10.30,9.40
2007.08.29 05:43:25.247,2.28785,2.2885,9.40,7.10
2007.08.29 05:43:25.308,2.28785,2.2885,10.20,7.10
2007.08.29 05:43:25.367,2.2879,2.2885,10.20,7.10
2007.08.29 05:43:25.578,2.28785,2.2885,9.40,7.10
2007.08.29 05:43:26.232,2.2878,2.2884,8.80,7.10
2007.08.29 05:43:28.745,2.28775,2.2884,4.80,7.10
2007.08.29 05:43:28.777,2.2877,2.2884,18.30,7.10
2007.08.29 05:43:32.704,2.28775,2.2884,4.80,7.10
2007.08.29 05:43:33.646,2.28775,2.2884,4.80,7.10
2007.08.29 05:43:34.130,2.28785,2.2884,1.60,5.50
2007.08.29 05:43:34.207,2.28785,2.2885,7.10,7.10
2007.08.29 05:43:34.245,2.28785,2.2885,9.50,7.10
2007.08.29 05:43:35.359,2.2879,2.2885,13.50,7.10
2007.08.29 05:43:36.670,2.2879,2.2885,13.50,5.50
2007.08.29 05:43:37.668,2.28795,2.2885,4.80,5.50
2007.08.29 05:43:38.180,2.2879,2.2885,13.50,5.50
2007.08.29 05:43:38.942,2.2879,2.2885,13.50,5.50
2007.08.29 05:43:39.299,2.288,2.2885,0.80,5.50
2007.08.29 05:43:39.822,2.2879,2.2885,12.70,5.50
2007.08.29 05:43:39.959,2.2879,2.2885,8.70,5.50
2007.08.29 05:43:39.992,2.2879,2.2885,7.90,5.50
2007.08.29 05:43:42.473,2.28785,2.2885,12.70,5.50
2007.08.29 05:43:48.147,2.2879,2.2885,2.50,5.50
2007.08.29 05:43:48.222,2.2879,2.2884,0.80,5.50
2007.08.29 05:43:48.716,2.2878,2.2884,2.00,5.50
2007.08.29 05:43:48.983,2.2877,2.2884,16.70,5.50
2007.08.29 05:43:49.047,2.2877,2.2884,16.70,5.50
2007.08.29 05:43:49.433,2.28775,2.2884,11.10,5.50
2007.08.29 05:43:49.465,2.28775,2.2884,10.30,5.50
2007.08.29 05:43:50.199,2.2879,2.2885,2.00,7.10
2007.08.29 05:43:54.069,2.28785,2.2885,9.50,5.50
2007.08.29 05:43:54.908,2.28785,2.2885,10.30,5.50
2007.08.29 05:43:56.911,2.28785,2.2885,9.50,5.50
2007.08.29 05:43:56.933,2.2878,2.2884,14.30,5.50
2007.08.29 05:43:57.172,2.2877,2.2884,23.00,5.50
2007.08.29 05:43:57.365,2.2877,2.2884,23.00,5.50
2007.08.29 05:43:57.442,2.2878,2.2882,2.80,5.50
2007.08.29 05:43:57.539,2.2877,2.2882,5.60,5.50
2007.08.29 05:43:57.641,2.2877,2.2882,1.30,5.50
2007.08.29 05:43:57.751,2.2877,2.2882,2.40,5.50
2007.08.29 05:43:58.033,2.2876,2.2883,10.30,5.50
2007.08.29 05:43:58.042,2.2877,2.2883,0.80,5.50
2007.08.29 05:43:58.379,2.28765,2.2882,4.80,5.50
2007.08.29 05:43:59.491,2.2877,2.2883,0.80,7.10
2007.08.29 05:43:59.505,2.2877,2.2883,0.80,9.50
2007.08.29 05:43:59.917,2.28755,2.2882,4.80,5.50
2007.08.29 05:44:00.425,2.2877,2.2883,0.80,5.50
2007.08.29 05:44:00.444,2.2877,2.2883,0.80,7.90
2007.08.29 05:44:00.947,2.2876,2.2883,10.30,7.90
2007.08.29 05:44:01.090,2.2877,2.2883,4.80,5.50
2007.08.29 05:44:01.217,2.2877,2.2883,4.80,7.10
2007.08.29 05:44:05.417,2.2878,2.2883,0.80,5.50
2007.08.29 05:44:08.597,2.28765,2.2883,8.00,5.50
2007.08.29 05:44:08.925,2.2876,2.288,4.80,5.50
2007.08.29 05:44:08.961,2.28755,2.288,0.90,5.50
2007.08.29 05:44:09.212,2.2874,2.288,6.30,5.50
2007.08.29 05:44:09.218,2.2873,2.288,16.70,5.50
2007.08.29 05:44:09.309,2.2873,2.288,15.10,5.50
2007.08.29 05:44:09.920,2.2874,2.288,2.50,5.50
2007.08.29 05:44:10.124,2.2874,2.288,3.20,5.50
2007.08.29 05:44:10.451,2.2874,2.288,5.50,5.50
2007.08.29 05:44:11.981,2.2874,2.288,5.50,7.10
2007.08.29 05:44:12.384,2.2874,2.288,6.30,7.10
2007.08.29 05:44:12.398,2.2875,2.288,5.50,1.60
2007.08.29 05:44:12.721,2.2874,2.2879,4.00,5.50
2007.08.29 05:44:12.828,2.2873,2.2879,6.30,5.50
2007.08.29 05:44:12.922,2.2873,2.2879,5.50,5.50
2007.08.29 05:44:14.675,2.2873,2.2879,6.30,5.50
2007.08.29 05:44:14.886,2.2873,2.2879,5.50,5.50
2007.08.29 05:44:15.213,2.2872,2.2878,5.50,5.50
2007.08.29 05:44:15.937,2.2873,2.2879,5.50,9.50
2007.08.29 05:44:16.455,2.2873,2.288,5.50,13.50
2007.08.29 05:44:16.631,2.2873,2.288,5.50,11.10
2007.08.29 05:44:16.942,2.2873,2.2878,5.50,2.40
2007.08.29 05:44:16.970,2.2872,2.2878,10.30,7.90
2007.08.29 05:44:17.080,2.2872,2.2878,9.50,11.90
2007.08.29 05:44:17.109,2.2872,2.2878,5.50,11.90
2007.08.29 05:44:17.665,2.2872,2.2878,5.50,9.50
2007.08.29 05:44:17.856,2.2872,2.2878,5.50,5.50
2007.08.29 05:44:17.929,2.2872,2.2878,5.50,7.10
2007.08.29 05:44:18.183,2.2872,2.2878,5.50,0.90
2007.08.29 05:44:22.714,2.2872,2.2878,5.50,0.50
2007.08.29 05:44:22.763,2.2871,2.2877,7.10,0.60
2007.08.29 05:44:22.854,2.2871,2.2878,6.30,11.80
2007.08.29 05:44:22.922,2.2871,2.2877,5.50,7.90
2007.08.29 05:44:22.986,2.287,2.2875,5.20,0.80
2007.08.29 05:44:23.071,2.287,2.2875,4.40,0.50
2007.08.29 05:44:23.076,2.287,2.2875,0.50,0.90
2007.08.29 05:44:23.241,2.287,2.2875,0.50,0.90
2007.08.29 05:44:23.280,2.287,2.2875,0.50,7.90
2007.08.29 05:44:25.741,2.287,2.2875,5.90,0.80
2007.08.29 05:44:25.859,2.287,2.2875,6.70,0.50
2007.08.29 05:44:26.186,2.2869,2.28755,9.00,2.40
2007.08.29 05:44:28.687,2.28695,2.28755,10.20,2.40
2007.08.29 05:44:28.955,2.28695,2.28755,14.20,2.40
2007.08.29 05:44:29.027,2.287,2.28755,10.70,2.40
2007.08.29 05:44:29.139,2.287,2.28755,14.70,2.40
2007.08.29 05:44:29.235,2.287,2.28755,14.70,4.80
2007.08.29 05:44:29.296,2.28695,2.28755,9.90,4.80
2007.08.29 05:44:29.847,2.28695,2.2875,4.50,9.50
2007.08.29 05:44:31.722,2.2869,2.28755,9.00,4.80
2007.08.29 05:44:32.342,2.28695,2.2876,10.70,10.30
2007.08.29 05:44:32.421,2.287,2.2876,10.70,10.30
2007.08.29 05:44:33.416,2.28695,2.2876,9.90,10.30
2007.08.29 05:44:35.227,2.287,2.28765,6.70,8.70
2007.08.29 05:44:35.531,2.28705,2.28765,4.80,7.90
2007.08.29 05:44:35.733,2.28695,2.2876,9.90,9.50
2007.08.29 05:44:35.848,2.28695,2.2876,10.70,9.50
2007.08.29 05:44:35.942,2.28695,2.2876,9.90,9.50
2007.08.29 05:44:36.248,2.287,2.2876,9.90,9.50
2007.08.29 05:44:36.258,2.287,2.28765,10.70,7.90
2007.08.29 05:44:36.657,2.287,2.2876,14.70,9.50
2007.08.29 05:44:36.998,2.28695,2.2876,9.90,9.50
2007.08.29 05:44:38.773,2.28695,2.2875,4.50,7.90
2007.08.29 05:44:41.013,2.2869,2.2875,1.30,9.50
2007.08.29 05:44:45.447,2.2869,2.2875,2.10,9.50
2007.08.29 05:44:46.675,2.2869,2.2875,2.00,9.50
2007.08.29 05:44:46.734,2.2869,2.2876,11.00,9.50
2007.08.29 05:44:46.766,2.28695,2.2876,10.70,9.50
2007.08.29 05:44:47.190,2.287,2.2877,7.50,18.20
2007.08.29 05:44:47.979,2.28705,2.2877,4.80,9.50
2007.08.29 05:44:48.208,2.287,2.2877,15.50,9.50
2007.08.29 05:44:51.051,2.2871,2.2878,11.80,14.30
2007.08.29 05:44:53.482,2.2871,2.2878,15.80,14.30
2007.08.29 05:44:53.536,2.287,2.2877,20.40,11.90
2007.08.29 05:44:53.658,2.287,2.2877,20.40,11.90
2007.08.29 05:44:54.159,2.287,2.2877,20.40,11.90
2007.08.29 05:44:54.620,2.287,2.2877,19.50,11.90
2007.08.29 05:44:54.755,2.287,2.2877,19.50,10.30
2007.08.29 05:44:55.181,2.28705,2.2877,5.60,9.50
2007.08.29 05:44:55.273,2.28705,2.2877,4.80,9.50
2007.08.29 05:44:56.105,2.2871,2.2878,12.60,9.50
2007.08.29 05:44:56.271,2.2871,2.28785,16.60,10.30
2007.08.29 05:44:58.508,2.28705,2.2878,10.40,11.80
2007.08.29 05:44:58.525,2.28705,2.2878,10.40,11.80
2007.08.29 05:44:58.603,2.28705,2.2877,6.40,7.90
2007.08.29 05:44:58.715,2.28705,2.2877,5.60,7.90
2007.08.29 05:44:58.880,2.2871,2.2877,4.80,7.90
2007.08.29 05:44:59.175,2.28705,2.2877,5.60,7.90
2007.08.29 05:45:00.063,2.28705,2.2877,6.40,7.90
2007.08.29 05:45:00.075,2.2871,2.2877,5.60,9.50
2007.08.29 05:45:00.347,2.28705,2.2877,6.40,9.50
2007.08.29 05:45:00.886,2.2871,2.2877,5.60,9.50
2007.08.29 05:45:01.149,2.28705,2.2877,6.40,7.90
2007.08.29 05:45:01.419,2.2871,2.2877,5.60,7.90
2007.08.29 05:45:01.623,2.28715,2.2877,4.80,7.90
2007.08.29 05:45:01.783,2.28715,2.28785,19.10,10.30
2007.08.29 05:45:01.908,2.2872,2.2879,19.10,12.70
2007.08.29 05:45:04.167,2.28715,2.2879,18.30,11.90
2007.08.29 05:45:04.215,2.28715,2.2878,18.30,11.90
2007.08.29 05:45:04.287,2.28715,2.2877,8.00,7.90
2007.08.29 05:45:04.802,2.287,2.2877,20.30,7.90
2007.08.29 05:45:07.701,2.2872,2.2876,0.80,0.50
2007.08.29 05:45:07.781,2.2872,2.2878,10.30,11.90
2007.08.29 05:45:07.985,2.2872,2.2878,11.10,11.90
2007.08.29 05:45:08.020,2.2872,2.2878,15.10,11.90
2007.08.29 05:45:10.714,2.2872,2.2879,15.10,11.90
2007.08.29 05:45:10.799,2.2872,2.2878,19.10,0.80
2007.08.29 05:45:10.824,2.28725,2.2879,4.00,11.90
2007.08.29 05:45:11.085,2.2872,2.2879,19.10,11.90
2007.08.29 05:45:11.112,2.2873,2.2879,0.80,11.90
2007.08.29 05:45:11.668,2.28725,2.2879,4.00,11.90
2007.08.29 05:45:13.154,2.28725,2.2877,4.00,0.60
2007.08.29 05:45:13.373,2.2872,2.2877,11.10,0.80
2007.08.29 05:45:14.190,2.2873,2.2878,0.80,9.50
2007.08.29 05:45:15.659,2.28725,2.2878,4.00,9.50
2007.08.29 05:45:20.582,2.28725,2.2878,4.00,8.70
2007.08.29 05:45:20.608,2.2874,2.2878,5.50,2.40
2007.08.29 05:45:20.826,2.2873,2.2878,6.30,2.40
2007.08.29 05:45:20.838,2.2873,2.2878,10.30,1.60
2007.08.29 05:45:21.113,2.2873,2.2878,9.50,1.60
2007.08.29 05:45:21.143,2.2873,2.2878,5.50,1.60
2007.08.29 05:45:22.573,2.2873,2.2878,6.30,1.60
2007.08.29 05:45:22.992,2.2873,2.2878,5.50,1.60
2007.08.29 05:45:24.118,2.2873,2.2879,5.50,11.90
2007.08.29 05:45:24.452,2.2873,2.2879,9.50,11.90
2007.08.29 05:45:24.609,2.2873,2.2879,10.30,11.90
2007.08.29 05:45:24.913,2.2873,2.2879,10.30,11.10
2007.08.29 05:45:25.040,2.2873,2.28785,10.30,0.80
2007.08.29 05:45:25.520,2.28735,2.2878,4.00,1.60
2007.08.29 05:45:26.085,2.28735,2.2878,4.00,7.10
2007.08.29 05:45:26.353,2.2873,2.2877,0.80,2.40
2007.08.29 05:45:26.792,2.2872,2.2877,6.30,2.40
2007.08.29 05:45:26.804,2.2872,2.2877,10.30,2.40
2007.08.29 05:45:27.114,2.2872,2.2877,11.10,2.40
2007.08.29 05:45:27.307,2.2872,2.2877,7.10,2.40
2007.08.29 05:45:27.311,2.2872,2.2877,6.30,2.40
2007.08.29 05:45:28.679,2.2872,2.2877,5.50,2.40
2007.08.29 05:45:28.776,2.28715,2.2876,4.00,5.50
2007.08.29 05:45:28.884,2.28705,2.2876,4.80,5.50
2007.08.29 05:45:29.181,2.2872,2.2876,0.80,5.50
2007.08.29 05:45:29.307,2.2872,2.2877,6.30,2.40
2007.08.29 05:45:29.700,2.2873,2.2878,0.80,9.50
2007.08.29 05:45:34.151,2.28725,2.2878,4.00,9.50
2007.08.29 05:45:37.184,2.2872,2.2878,18.30,9.50
2007.08.29 05:45:37.378,2.2871,2.2878,29.40,9.50
2007.08.29 05:45:37.891,2.2872,2.2878,6.70,9.50
2007.08.29 05:45:38.074,2.2873,2.2878,7.80,4.00
2007.08.29 05:45:38.184,2.2874,2.2878,0.90,3.20
2007.08.29 05:45:38.228,2.2873,2.2878,11.80,2.40
2007.08.29 05:45:38.287,2.2871,2.2878,19.80,7.90
2007.08.29 05:45:38.464,2.2871,2.2878,19.80,7.90
2007.08.29 05:45:40.120,2.2872,2.2877,2.40,2.40
2007.08.29 05:45:40.146,2.287,2.2876,25.10,5.50
2007.08.29 05:45:40.260,2.28705,2.2876,2.00,5.50
2007.08.29 05:45:43.099,2.28705,2.2876,7.20,5.50
2007.08.29 05:45:43.127,2.2871,2.2877,11.00,4.00
2007.08.29 05:45:43.333,2.2872,2.2877,0.50,3.20
2007.08.29 05:45:43.379,2.2871,2.2877,23.80,2.40
2007.08.29 05:45:43.596,2.2871,2.2877,23.80,2.40
2007.08.29 05:45:44.121,2.28715,2.2877,9.50,2.40
2007.08.29 05:45:45.757,2.28715,2.2877,9.50,1.60
2007.08.29 05:45:46.251,2.2873,2.2877,7.80,1.60
2007.08.29 05:45:46.760,2.2872,2.2877,0.60,1.60
2007.08.29 05:45:49.572,2.2871,2.2878,24.60,7.10
2007.08.29 05:45:55.169,2.28715,2.2878,10.30,7.10
2007.08.29 05:45:55.279,2.2872,2.2878,8.70,7.10
2007.08.29 05:45:55.320,2.2873,2.2878,14.20,1.60
2007.08.29 05:45:57.058,2.2874,2.2879,3.00,1.60
2007.08.29 05:46:00.121,2.2873,2.2879,7.80,4.00
2007.08.29 05:46:01.228,2.2873,2.2879,7.80,1.60
2007.08.29 05:46:02.165,2.2874,2.288,1.70,7.90
2007.08.29 05:46:03.300,2.2874,2.2878,0.80,2.40
2007.08.29 05:46:03.315,2.28735,2.2878,0.50,2.40
2007.08.29 05:46:03.740,2.2873,2.2878,2.00,2.40
2007.08.29 05:46:04.021,2.2873,2.2878,3.80,2.40
2007.08.29 05:46:04.785,2.2872,2.2878,14.30,2.40
2007.08.29 05:46:04.953,2.2872,2.2878,14.30,2.40
2007.08.29 05:46:05.054,2.2872,2.2878,14.30,2.40
2007.08.29 05:46:05.783,2.2873,2.2878,11.80,2.40
2007.08.29 05:46:05.790,2.2874,2.2879,0.90,1.60
2007.08.29 05:46:07.827,2.2873,2.2878,8.80,5.50
2007.08.29 05:46:07.953,2.2873,2.2878,8.80,7.90
2007.08.29 05:46:08.432,2.28735,2.2878,4.00,7.90
2007.08.29 05:46:09.692,2.28735,2.2877,4.00,7.90
2007.08.29 05:46:09.921,2.2873,2.2877,4.80,7.90
2007.08.29 05:46:10.107,2.2873,2.2877,4.00,7.90
2007.08.29 05:46:10.282,2.2872,2.2877,8.80,7.90
2007.08.29 05:46:10.414,2.2872,2.2877,8.00,7.90
2007.08.29 05:46:10.525,2.2872,2.2877,4.00,7.90
2007.08.29 05:46:11.041,2.2872,2.2877,4.00,8.70
2007.08.29 05:46:11.054,2.2872,2.2877,4.00,9.50
2007.08.29 05:46:11.249,2.2872,2.2875,4.00,2.40
2007.08.29 05:46:11.269,2.2872,2.2875,4.00,7.90
2007.08.29 05:46:11.343,2.28715,2.2875,4.80,7.90
2007.08.29 05:46:11.377,2.2871,2.2875,4.80,7.90
2007.08.29 05:46:11.446,2.287,2.2875,4.40,7.90
2007.08.29 05:46:11.673,2.287,2.2875,4.40,5.50
2007.08.29 05:46:11.776,2.2871,2.2876,5.50,7.20
2007.08.29 05:46:11.869,2.2871,2.2876,5.50,6.40
2007.08.29 05:46:11.884,2.2871,2.2876,13.50,6.40
2007.08.29 05:46:11.983,2.2871,2.2876,14.30,5.60
2007.08.29 05:46:12.099,2.2871,2.2876,14.30,4.80
2007.08.29 05:46:12.157,2.28715,2.2876,4.00,4.00
2007.08.29 05:46:12.170,2.28715,2.2876,4.00,4.80
2007.08.29 05:46:12.181,2.28715,2.2876,4.00,5.60
2007.08.29 05:46:12.283,2.28715,2.2876,4.00,2.40
2007.08.29 05:46:12.301,2.28715,2.2876,4.00,1.60
2007.08.29 05:46:12.449,2.2871,2.2876,14.30,1.60
2007.08.29 05:46:12.494,2.2871,2.2876,13.50,1.60
2007.08.29 05:46:12.642,2.28715,2.2876,4.00,1.60
2007.08.29 05:46:12.715,2.2872,2.2876,4.00,1.60
2007.08.29 05:46:12.801,2.2872,2.2876,9.50,1.60
2007.08.29 05:46:14.110,2.2873,2.2876,4.00,1.60
2007.08.29 05:46:14.225,2.2874,2.2876,5.50,1.60
2007.08.29 05:46:14.256,2.2874,2.2879,5.50,2.40
2007.08.29 05:46:14.328,2.2873,2.2879,5.50,8.70
2007.08.29 05:46:14.334,2.2873,2.2879,5.50,9.50
2007.08.29 05:46:14.462,2.2873,2.2879,5.50,10.30
2007.08.29 05:46:14.709,2.2873,2.2876,5.50,1.60
2007.08.29 05:46:14.744,2.2872,2.2876,14.30,1.60
2007.08.29 05:46:14.846,2.2872,2.2876,10.30,1.60
2007.08.29 05:46:14.951,2.2872,2.2876,9.50,1.60
2007.08.29 05:46:15.006,2.2872,2.2876,5.50,1.60
2007.08.29 05:46:15.228,2.2872,2.2877,5.50,1.60
2007.08.29 05:46:17.264,2.2872,2.2877,6.30,2.40
2007.08.29 05:46:17.341,2.2872,2.2876,6.30,2.40
2007.08.29 05:46:17.371,2.2872,2.2876,0.80,7.90
2007.08.29 05:46:17.639,2.2871,2.2876,9.60,7.90
2007.08.29 05:46:19.186,2.2871,2.2876,8.80,7.90
2007.08.29 05:46:19.226,2.2872,2.2876,5.50,2.40
2007.08.29 05:46:19.297,2.2872,2.2877,5.50,1.60
2007.08.29 05:46:19.476,2.2872,2.2877,6.30,1.60
2007.08.29 05:46:19.563,2.2872,2.2877,10.30,1.60
2007.08.29 05:46:20.223,2.2872,2.2876,4.80,5.50
2007.08.29 05:46:20.244,2.2872,2.2876,4.80,7.90
2007.08.29 05:46:20.424,2.2872,2.2876,0.80,7.90
2007.08.29 05:46:20.539,2.28715,2.2876,0.80,7.90
2007.08.29 05:46:20.757,2.28715,2.2876,0.80,11.90
2007.08.29 05:46:21.052,2.28715,2.2876,0.80,7.90
2007.08.29 05:46:21.168,2.287,2.2876,5.90,7.90
2007.08.29 05:46:21.768,2.28695,2.2876,10.70,7.90
2007.08.29 05:46:22.168,2.287,2.2876,1.80,7.90
2007.08.29 05:46:22.197,2.287,2.2875,1.00,5.50
2007.08.29 05:46:22.274,2.287,2.2875,0.50,5.50
2007.08.29 05:46:23.329,2.287,2.2874,0.50,2.40
2007.08.29 05:46:23.737,2.287,2.2875,0.50,5.50
2007.08.29 05:46:23.833,2.2869,2.2875,11.60,7.90
2007.08.29 05:46:24.764,2.287,2.2875,0.50,5.50
2007.08.29 05:46:30.029,2.287,2.2875,0.50,6.30
2007.08.29 05:46:30.058,2.287,2.2875,0.50,7.10
2007.08.29 05:46:30.233,2.287,2.2874,0.50,2.40
2007.08.29 05:46:30.796,2.287,2.2873,0.50,5.50
2007.08.29 05:46:31.394,2.2867,2.2873,11.90,5.50
2007.08.29 05:46:31.668,2.2866,2.2873,27.80,5.50
2007.08.29 05:46:31.783,2.2866,2.287,8.80,2.40
2007.08.29 05:46:31.896,2.2865,2.287,0.80,2.40
2007.08.29 05:46:32.186,2.2865,2.287,0.80,2.40
2007.08.29 05:46:32.315,2.2864,2.287,8.80,2.40
2007.08.29 05:46:32.467,2.28635,2.287,9.60,2.40
2007.08.29 05:46:32.512,2.28635,2.287,5.60,2.40
2007.08.29 05:46:33.358,2.28635,2.287,1.60,4.00
2007.08.29 05:46:36.156,2.2864,2.287,1.70,4.00
2007.08.29 05:46:36.267,2.28635,2.287,15.90,4.00
2007.08.29 05:46:36.492,2.2864,2.287,19.90,2.40
2007.08.29 05:46:36.728,2.28645,2.287,4.80,2.40
2007.08.29 05:46:37.128,2.28635,2.287,12.80,2.40
2007.08.29 05:46:37.303,2.28635,2.287,8.80,2.40
2007.08.29 05:46:38.165,2.28635,2.2869,8.00,2.40
2007.08.29 05:46:38.186,2.28635,2.2869,1.80,2.40
2007.08.29 05:46:38.309,2.2863,2.2869,1.30,2.40
2007.08.29 05:46:39.346,2.2863,2.2869,2.60,7.90
2007.08.29 05:46:39.687,2.28625,2.2869,14.30,7.90
2007.08.29 05:46:39.753,2.2863,2.2869,10.30,2.40
2007.08.29 05:46:40.641,2.2864,2.2869,0.70,4.00
2007.08.29 05:46:40.741,2.2864,2.2868,2.20,2.40
2007.08.29 05:46:40.873,2.28635,2.2868,1.10,7.90
2007.08.29 05:46:40.936,2.28625,2.2868,9.60,7.90
2007.08.29 05:46:41.210,2.2863,2.2868,0.80,7.90
2007.08.29 05:46:43.660,2.2862,2.2868,15.90,7.90
2007.08.29 05:46:43.733,2.2862,2.2867,15.10,2.40
2007.08.29 05:46:43.749,2.2862,2.2867,4.00,2.40
2007.08.29 05:46:43.880,2.2861,2.2867,18.30,2.40
2007.08.29 05:46:43.982,2.2861,2.2867,14.30,2.40
2007.08.29 05:46:44.154,2.2861,2.2867,9.50,2.40
2007.08.29 05:46:44.301,2.286,2.2864,7.20,5.50
2007.08.29 05:46:44.393,2.2859,2.2864,4.80,5.50
2007.08.29 05:46:44.507,2.2859,2.2864,4.80,5.50
2007.08.29 05:46:44.672,2.28585,2.2864,7.20,5.50
2007.08.29 05:46:44.696,2.2859,2.2864,1.50,5.50
2007.08.29 05:46:44.791,2.2859,2.2864,0.80,5.50
2007.08.29 05:46:44.907,2.2858,2.2864,16.70,5.50
2007.08.29 05:46:45.026,2.2859,2.2864,2.10,5.50
2007.08.29 05:46:45.180,2.286,2.2864,0.80,5.50
2007.08.29 05:46:45.324,2.28595,2.2865,10.30,2.40
2007.08.29 05:46:48.183,2.28595,2.2865,11.10,1.90
2007.08.29 05:46:48.236,2.28595,2.2865,15.10,1.90
2007.08.29 05:46:48.273,2.28595,2.2866,15.10,7.40
2007.08.29 05:46:48.339,2.28595,2.2866,15.90,7.40
2007.08.29 05:46:48.408,2.28605,2.2866,1.60,7.40
2007.08.29 05:46:48.695,2.28605,2.2866,4.80,7.40
2007.08.29 05:46:48.801,2.28605,2.2865,4.80,1.90
2007.08.29 05:46:49.212,2.28595,2.2865,9.50,1.90
2007.08.29 05:46:49.281,2.2859,2.2864,4.80,5.50
2007.08.29 05:46:49.406,2.2858,2.2864,17.50,5.50
2007.08.29 05:46:49.803,2.2859,2.2864,1.60,5.50
2007.08.29 05:46:50.128,2.28605,2.2864,4.00,5.50
2007.08.29 05:46:50.290,2.28605,2.2866,4.00,7.40
2007.08.29 05:46:50.478,2.28605,2.2866,4.00,9.00
2007.08.29 05:46:51.456,2.28605,2.2866,4.00,7.40
2007.08.29 05:46:52.498,2.28615,2.2866,4.00,7.40
2007.08.29 05:46:52.986,2.28605,2.2866,4.00,7.40
2007.08.29 05:46:53.738,2.28605,2.2865,4.00,1.90
2007.08.29 05:46:53.797,2.286,2.2864,0.80,5.50
2007.08.29 05:46:54.061,2.286,2.2864,4.80,5.50
2007.08.29 05:46:54.247,2.286,2.2865,10.30,1.90
2007.08.29 05:46:54.377,2.2861,2.2866,0.80,7.40
2007.08.29 05:46:54.707,2.2861,2.2865,0.80,1.90
2007.08.29 05:46:55.195,2.2861,2.2866,0.80,5.50
2007.08.29 05:46:55.280,2.2861,2.2863,0.80,1.90
2007.08.29 05:46:55.611,2.2858,2.2863,11.10,1.90
2007.08.29 05:46:55.924,2.2858,2.2863,7.90,1.90
2007.08.29 05:46:55.941,2.28605,2.2863,4.00,2.40
2007.08.29 05:46:56.235,2.28605,2.2864,4.00,5.50
2007.08.29 05:46:56.319,2.28605,2.2865,4.00,5.60
2007.08.29 05:46:56.397,2.28605,2.2865,4.00,1.60
2007.08.29 05:46:57.156,2.2863,2.2865,0.80,1.60
2007.08.29 05:46:57.260,2.2863,2.2866,0.80,9.50
2007.08.29 05:46:57.741,2.2863,2.2866,0.80,4.00
2007.08.29 05:46:57.779,2.2863,2.2866,0.80,1.60
2007.08.29 05:46:57.853,2.2864,2.2866,5.50,1.60
2007.08.29 05:46:57.865,2.2864,2.2869,5.50,1.30
2007.08.29 05:46:57.878,2.2864,2.2869,5.50,0.80
2007.08.29 05:46:57.975,2.2864,2.28695,5.50,4.00
2007.08.29 05:46:58.124,2.2864,2.28695,5.50,0.80
2007.08.29 05:46:58.252,2.2865,2.28695,5.50,0.80
2007.08.29 05:46:58.348,2.2865,2.2871,5.50,9.50
2007.08.29 05:46:58.371,2.2865,2.2871,5.50,10.30
2007.08.29 05:46:59.279,2.2863,2.2871,12.60,10.30
2007.08.29 05:47:01.496,2.2864,2.2869,10.30,1.60
2007.08.29 05:47:02.275,2.2863,2.2869,24.60,1.60
2007.08.29 05:47:02.408,2.2863,2.2869,28.50,1.60
2007.08.29 05:47:02.471,2.2863,2.2869,28.50,1.60
2007.08.29 05:47:02.522,2.28635,2.287,17.50,7.10
2007.08.29 05:47:02.720,2.28635,2.2869,17.50,2.40
2007.08.29 05:47:02.813,2.28635,2.2868,8.00,5.50
2007.08.29 05:47:02.890,2.2863,2.2868,12.00,5.50
2007.08.29 05:47:03.041,2.28625,2.2868,8.80,5.50
2007.08.29 05:47:03.232,2.2863,2.2868,4.80,5.50
2007.08.29 05:47:03.340,2.28625,2.2868,9.60,5.50
2007.08.29 05:47:03.870,2.28625,2.2868,9.60,7.10
2007.08.29 05:47:04.762,2.28625,2.2868,6.40,7.10
2007.08.29 05:47:04.853,2.28625,2.2868,10.40,7.10
2007.08.29 05:47:05.325,2.2863,2.2868,17.40,1.60
2007.08.29 05:47:05.691,2.28635,2.2868,10.30,1.60
2007.08.29 05:47:06.112,2.28635,2.2868,9.50,1.60
2007.08.29 05:47:06.750,2.2862,2.2868,17.50,7.90
2007.08.29 05:47:06.761,2.2862,2.2868,17.50,10.30
2007.08.29 05:47:06.843,2.2862,2.2868,13.50,10.30
2007.08.29 05:47:06.904,2.2862,2.2868,9.50,11.10
2007.08.29 05:47:06.964,2.2862,2.2868,9.50,11.90
2007.08.29 05:47:07.370,2.28615,2.2868,10.30,11.90
2007.08.29 05:47:07.452,2.28615,2.28675,10.30,0.80
2007.08.29 05:47:07.781,2.28615,2.2867,10.30,2.40
2007.08.29 05:47:07.996,2.2861,2.2867,10.30,3.20
2007.08.29 05:47:08.189,2.2861,2.2867,10.30,4.80
2007.08.29 05:47:08.201,2.2861,2.2867,10.30,4.80
2007.08.29 05:47:08.506,2.2861,2.2867,10.30,6.40
2007.08.29 05:47:08.816,2.2861,2.2867,10.30,4.80
2007.08.29 05:47:09.215,2.2861,2.2867,10.30,2.40
2007.08.29 05:47:09.347,2.28605,2.2866,16.80,5.50
2007.08.29 05:47:09.350,2.2861,2.2866,16.80,5.50
2007.08.29 05:47:09.614,2.286,2.2866,22.30,5.50
2007.08.29 05:47:09.815,2.2861,2.2866,13.60,5.50
2007.08.29 05:47:09.822,2.28615,2.2867,9.50,2.40
2007.08.29 05:47:10.237,2.28615,2.2867,9.50,3.20
2007.08.29 05:47:10.253,2.28615,2.2866,9.50,3.20
2007.08.29 05:47:10.356,2.286,2.2866,9.50,9.50
2007.08.29 05:47:10.417,2.28595,2.2866,10.30,11.90
2007.08.29 05:47:11.678,2.28595,2.2866,11.10,11.90
2007.08.29 05:47:12.294,2.28595,2.2866,10.30,9.50
2007.08.29 05:47:12.319,2.286,2.2866,7.80,4.00
2007.08.29 05:47:12.396,2.286,2.2866,7.80,3.20
2007.08.29 05:47:12.433,2.28605,2.2866,9.50,1.60
2007.08.29 05:47:13.707,2.28605,2.2867,9.50,9.50
2007.08.29 05:47:13.977,2.28605,2.2867,9.50,10.30
2007.08.29 05:47:14.089,2.28605,2.2867,9.50,11.10
2007.08.29 05:47:14.303,2.28605,2.2865,9.50,2.40
2007.08.29 05:47:14.320,2.28605,2.2866,9.50,2.40
2007.08.29 05:47:14.353,2.28595,2.2865,13.50,0.80
2007.08.29 05:47:14.459,2.28595,2.2865,9.50,0.80
2007.08.29 05:47:14.483,2.28595,2.2865,9.50,1.60
2007.08.29 05:47:14.532,2.2859,2.28645,16.60,0.80
2007.08.29 05:47:14.832,2.2858,2.2862,12.80,5.50
2007.08.29 05:47:14.990,2.2858,2.2862,5.60,5.50
2007.08.29 05:47:15.133,2.2856,2.2862,22.30,5.50
2007.08.29 05:47:19.726,2.2856,2.2862,15.90,5.50
2007.08.29 05:47:19.762,2.2856,2.2861,15.90,2.40
2007.08.29 05:47:20.228,2.28555,2.2861,10.30,2.40
2007.08.29 05:47:20.763,2.28555,2.286,4.80,5.50
2007.08.29 05:47:20.886,2.28545,2.286,5.60,5.50
2007.08.29 05:47:20.978,2.28545,2.286,4.80,5.50
2007.08.29 05:47:21.057,2.2853,2.286,19.00,5.50
2007.08.29 05:47:21.078,2.2853,2.286,18.20,5.50
2007.08.29 05:47:22.008,2.2853,2.286,22.20,5.50
2007.08.29 05:47:22.057,2.2854,2.286,16.70,5.50
2007.08.29 05:47:22.615,2.28545,2.286,4.80,5.50
2007.08.29 05:47:22.744,2.28545,2.286,4.80,5.50
2007.08.29 05:47:22.839,2.2855,2.2861,16.60,1.60
2007.08.29 05:47:23.066,2.28555,2.2862,10.30,9.50
2007.08.29 05:47:23.236,2.28555,2.2862,10.30,7.10
2007.08.29 05:47:23.261,2.2856,2.2862,8.60,1.60
2007.08.29 05:47:23.373,2.28565,2.2862,13.50,1.60
2007.08.29 05:47:24.448,2.28565,2.2862,23.00,1.60
2007.08.29 05:47:25.123,2.28575,2.2863,13.50,1.60
2007.08.29 05:47:25.390,2.2858,2.2863,13.50,1.60
2007.08.29 05:47:25.886,2.28575,2.2863,14.30,1.60
2007.08.29 05:47:25.958,2.28575,2.2863,13.50,1.60
2007.08.29 05:47:26.138,2.28575,2.2864,13.50,9.50
2007.08.29 05:47:27.154,2.28575,2.2864,13.50,7.90
2007.08.29 05:47:27.382,2.28575,2.2864,9.50,7.90
2007.08.29 05:47:27.782,2.28575,2.2863,9.50,2.40
2007.08.29 05:47:27.800,2.2857,2.2862,13.60,5.50
2007.08.29 05:47:27.969,2.2856,2.2862,28.60,5.50
2007.08.29 05:47:30.138,2.2856,2.2862,24.70,5.50
2007.08.29 05:47:30.641,2.2856,2.2862,24.70,5.50
2007.08.29 05:47:31.167,2.2856,2.2862,24.70,5.50
2007.08.29 05:47:32.136,2.2856,2.2862,23.10,5.50
2007.08.29 05:47:32.221,2.2856,2.2862,23.10,7.90
2007.08.29 05:47:32.275,2.2856,2.2862,19.10,7.90
2007.08.29 05:47:32.302,2.2856,2.2862,19.10,7.90
2007.08.29 05:47:32.371,2.2856,2.2862,19.10,7.90
2007.08.29 05:47:32.703,2.2856,2.2862,19.10,7.90
2007.08.29 05:47:33.253,2.2856,2.2862,16.70,5.50
2007.08.29 05:47:33.288,2.2856,2.2862,17.50,5.50
2007.08.29 05:47:33.386,2.2856,2.2862,17.50,5.50
2007.08.29 05:47:33.404,2.2856,2.2862,21.50,5.50
2007.08.29 05:47:33.691,2.2856,2.2862,21.50,5.50
2007.08.29 05:47:33.761,2.2856,2.2862,21.50,7.90
2007.08.29 05:47:33.807,2.2856,2.2862,21.50,7.90
2007.08.29 05:47:33.848,2.2856,2.2862,21.50,7.90
2007.08.29 05:47:34.692,2.2856,2.2862,19.90,7.90
2007.08.29 05:47:34.741,2.2856,2.2862,19.10,7.90
2007.08.29 05:47:34.795,2.2856,2.2862,19.10,5.50
2007.08.29 05:47:34.853,2.2856,2.2862,19.10,5.50
2007.08.29 05:47:35.044,2.2856,2.2862,22.30,5.50
2007.08.29 05:47:35.148,2.28565,2.2862,13.60,5.50
2007.08.29 05:47:35.159,2.28565,2.2862,12.80,5.50
2007.08.29 05:47:35.204,2.28565,2.2862,12.00,5.50
2007.08.29 05:47:37.158,2.2856,2.2862,23.90,7.10
2007.08.29 05:47:37.321,2.2857,2.2862,15.80,1.60
2007.08.29 05:47:38.193,2.28575,2.2863,9.50,1.60
2007.08.29 05:47:41.235,2.28575,2.2864,9.50,10.30
2007.08.29 05:47:42.720,2.28575,2.2864,9.50,9.50
2007.08.29 05:47:42.895,2.28575,2.2864,13.50,9.50
2007.08.29 05:47:45.222,2.28575,2.2864,14.30,9.50
2007.08.29 05:47:46.071,2.28575,2.2864,14.30,7.90
2007.08.29 05:47:47.160,2.2858,2.2864,10.30,7.90
2007.08.29 05:47:47.681,2.28575,2.2864,14.30,7.90
2007.08.29 05:47:48.809,2.28575,2.2864,13.50,7.90
2007.08.29 05:47:48.881,2.28575,2.2864,9.50,7.90
2007.08.29 05:47:49.112,2.28575,2.2864,10.30,7.90
2007.08.29 05:47:49.636,2.2858,2.2864,6.30,7.90
2007.08.29 05:47:49.724,2.2859,2.2864,8.60,2.40
2007.08.29 05:47:49.746,2.2859,2.2865,8.60,2.40
2007.08.29 05:47:49.825,2.2859,2.2865,8.60,1.60
2007.08.29 05:47:49.850,2.28585,2.2864,12.80,5.50
2007.08.29 05:47:50.039,2.28585,2.2864,9.60,5.50
2007.08.29 05:47:50.083,2.28585,2.2864,10.40,5.50
2007.08.29 05:47:50.117,2.28585,2.2864,9.60,5.50
2007.08.29 05:47:50.341,2.28585,2.2864,12.80,5.50
2007.08.29 05:47:50.625,2.28585,2.2864,13.60,5.50
2007.08.29 05:47:50.762,2.2859,2.2865,20.60,1.60
2007.08.29 05:47:51.145,2.2859,2.2865,16.60,1.60
2007.08.29 05:47:51.355,2.2859,2.2865,20.60,1.60
2007.08.29 05:47:51.361,2.2859,2.2865,24.60,1.60
2007.08.29 05:47:52.165,2.2859,2.2865,23.80,1.60
2007.08.29 05:47:52.430,2.28595,2.2866,14.30,9.50
2007.08.29 05:47:52.503,2.28595,2.2866,13.50,9.50
2007.08.29 05:47:52.705,2.28595,2.2864,8.00,5.50
2007.08.29 05:47:52.913,2.28595,2.2866,13.50,9.50
2007.08.29 05:47:52.978,2.286,2.2866,13.50,9.50
2007.08.29 05:47:53.014,2.286,2.2866,13.50,9.50
2007.08.29 05:47:53.457,2.286,2.2866,13.00,7.90
2007.08.29 05:47:53.697,2.286,2.2866,9.50,7.90
2007.08.29 05:47:54.258,2.28595,2.2866,9.50,7.90
2007.08.29 05:47:57.279,2.286,2.2866,5.50,8.70
2007.08.29 05:47:57.301,2.286,2.2866,5.50,10.30
2007.08.29 05:47:57.647,2.286,2.2865,5.50,0.80
2007.08.29 05:47:57.760,2.28595,2.2864,4.00,5.50
2007.08.29 05:47:57.783,2.28595,2.2864,4.00,7.90
2007.08.29 05:47:57.806,2.2859,2.2864,8.00,7.90
2007.08.29 05:47:57.871,2.2859,2.2864,0.80,7.90
2007.08.29 05:47:57.959,2.2858,2.2864,5.50,7.90
2007.08.29 05:47:58.299,2.2858,2.2864,5.50,9.50
2007.08.29 05:48:03.158,2.2858,2.2864,9.50,9.50
2007.08.29 05:48:03.223,2.2858,2.2864,10.30,9.50
2007.08.29 05:48:03.471,2.2858,2.2864,10.30,7.90
2007.08.29 05:48:03.741,2.2858,2.2863,10.30,2.40
2007.08.29 05:48:03.782,2.2858,2.2862,4.00,5.50
2007.08.29 05:48:04.042,2.28575,2.2862,4.00,5.50
2007.08.29 05:48:04.674,2.28575,2.2862,4.00,7.90
2007.08.29 05:48:04.818,2.28565,2.2862,4.00,7.90
2007.08.29 05:48:07.218,2.28565,2.2862,4.00,5.50
2007.08.29 05:48:07.296,2.2857,2.2862,8.00,5.50
2007.08.29 05:48:07.367,2.28575,2.2862,4.00,5.50
2007.08.29 05:48:09.219,2.28575,2.2862,4.00,7.90
2007.08.29 05:48:09.555,2.28565,2.2862,4.00,7.90
2007.08.29 05:48:14.228,2.2857,2.2862,4.00,7.90
2007.08.29 05:48:14.240,2.2857,2.2862,4.00,5.50
2007.08.29 05:48:14.327,2.2857,2.2862,8.00,5.50
2007.08.29 05:48:14.430,2.2857,2.2862,8.80,5.50
2007.08.29 05:48:14.482,2.28575,2.2862,4.00,5.50
2007.08.29 05:48:14.838,2.28575,2.2863,4.00,4.00
2007.08.29 05:48:15.711,2.28575,2.2861,4.00,2.40
2007.08.29 05:48:15.794,2.2857,2.2861,4.80,2.40
2007.08.29 05:48:15.837,2.28555,2.2861,4.00,2.40
2007.08.29 05:48:17.027,2.28555,2.2861,4.00,4.00
2007.08.29 05:48:17.753,2.28555,2.2859,4.00,2.40
2007.08.29 05:48:17.852,2.2855,2.2859,4.80,2.40
2007.08.29 05:48:17.919,2.28535,2.2859,4.00,2.40
2007.08.29 05:48:18.104,2.28535,2.2859,4.00,4.00
2007.08.29 05:48:18.440,2.2854,2.2859,9.50,4.00
2007.08.29 05:48:18.474,2.2854,2.2859,9.50,1.60
2007.08.29 05:48:18.538,2.2854,2.2859,10.30,1.60
2007.08.29 05:48:18.648,2.28545,2.2859,4.00,1.60
2007.08.29 05:48:19.159,2.28545,2.286,4.00,4.00
2007.08.29 05:48:20.156,2.28545,2.286,4.00,2.40
2007.08.29 05:48:20.208,2.28545,2.2859,4.00,2.40
2007.08.29 05:48:20.483,2.2854,2.2859,5.50,2.40
2007.08.29 05:48:20.721,2.2854,2.2859,9.50,2.40
2007.08.29 05:48:20.926,2.2854,2.2859,10.30,2.40
2007.08.29 05:48:21.015,2.28545,2.2859,4.00,2.40
2007.08.29 05:48:21.473,2.28545,2.2858,4.00,2.40
2007.08.29 05:48:21.568,2.2854,2.2858,0.80,2.40
2007.08.29 05:48:21.913,2.28535,2.2858,4.00,2.40
2007.08.29 05:48:22.458,2.28535,2.2858,4.00,7.90
2007.08.29 05:48:22.552,2.2854,2.2858,0.80,7.90
2007.08.29 05:48:22.596,2.2854,2.2858,4.80,7.90
2007.08.29 05:48:25.147,2.2854,2.2858,0.80,7.90
2007.08.29 05:48:25.158,2.28535,2.2858,4.00,7.90
2007.08.29 05:48:27.759,2.28535,2.2858,4.00,5.50
2007.08.29 05:48:27.927,2.2854,2.2859,10.30,4.00
2007.08.29 05:48:27.940,2.28545,2.2859,4.00,4.00
2007.08.29 05:48:29.329,2.28545,2.286,4.00,9.50
2007.08.29 05:48:30.223,2.28545,2.286,4.00,9.50
2007.08.29 05:48:30.243,2.28555,2.286,4.00,0.80
2007.08.29 05:48:31.050,2.2855,2.2861,7.20,10.30
2007.08.29 05:48:31.137,2.2855,2.2861,5.60,10.30
2007.08.29 05:48:31.366,2.2855,2.286,4.80,0.80
2007.08.29 05:48:33.139,2.2855,2.286,4.00,0.90
2007.08.29 05:48:33.160,2.2854,2.2861,5.50,10.30
2007.08.29 05:48:33.400,2.2854,2.28615,5.50,11.10
2007.08.29 05:48:34.703,2.2854,2.2861,5.50,9.50
2007.08.29 05:48:35.785,2.2855,2.2861,5.50,13.50
2007.08.29 05:48:35.819,2.2855,2.2862,5.50,25.40
2007.08.29 05:48:36.066,2.2855,2.2861,5.50,13.50
2007.08.29 05:48:36.333,2.2856,2.286,5.50,0.60
2007.08.29 05:48:36.938,2.2857,2.2862,0.80,9.50
2007.08.29 05:48:37.106,2.2857,2.2861,0.80,0.50
2007.08.29 05:48:38.233,2.2857,2.2863,4.80,11.10
2007.08.29 05:48:38.268,2.2857,2.2863,5.60,10.30
2007.08.29 05:48:39.184,2.2857,2.2862,4.80,0.80
2007.08.29 05:48:39.313,2.2856,2.2862,11.10,0.70
2007.08.29 05:48:40.375,2.2856,2.2863,11.10,11.80
2007.08.29 05:48:40.643,2.2856,2.2863,10.30,11.80
2007.08.29 05:48:40.730,2.2856,2.2862,14.30,0.90
2007.08.29 05:48:40.826,2.2857,2.2864,4.80,11.80
2007.08.29 05:48:42.133,2.2857,2.2863,4.80,9.50
2007.08.29 05:48:42.175,2.2857,2.2862,4.80,7.90
2007.08.29 05:48:42.403,2.2857,2.2861,4.00,0.60
2007.08.29 05:48:42.459,2.2856,2.2861,10.30,0.90
2007.08.29 05:48:44.366,2.2857,2.2861,0.80,0.60
2007.08.29 05:48:44.415,2.2857,2.2861,4.80,0.80
2007.08.29 05:48:45.816,2.2857,2.2863,4.80,15.80
2007.08.29 05:48:46.711,2.2857,2.2863,0.80,15.80
2007.08.29 05:48:46.732,2.2857,2.2861,0.80,0.80
2007.08.29 05:48:46.841,2.2856,2.2862,10.30,9.50
2007.08.29 05:48:47.254,2.2857,2.2862,4.00,9.50
2007.08.29 05:48:47.361,2.2857,2.2861,4.80,0.70
2007.08.29 05:48:48.171,2.2857,2.286,4.80,0.50
2007.08.29 05:48:48.268,2.2857,2.286,0.80,0.90
2007.08.29 05:48:48.304,2.2855,2.2862,4.80,11.80
2007.08.29 05:48:49.878,2.2855,2.2861,4.00,9.50
2007.08.29 05:48:49.932,2.2854,2.2861,14.30,9.50
2007.08.29 05:48:50.082,2.2854,2.2861,14.30,10.30
2007.08.29 05:48:50.106,2.2854,2.2861,14.30,11.10
2007.08.29 05:48:50.221,2.2854,2.28595,14.30,0.80
2007.08.29 05:48:50.256,2.2854,2.2858,14.30,0.60
2007.08.29 05:48:50.284,2.2854,2.28595,4.80,8.70
2007.08.29 05:48:50.708,2.2855,2.2858,0.80,0.90
2007.08.29 05:48:50.847,2.2854,2.2859,9.50,4.00
2007.08.29 05:48:50.858,2.2854,2.2859,9.50,0.90
2007.08.29 05:48:50.951,2.2855,2.286,4.00,10.30
2007.08.29 05:48:51.471,2.2854,2.28595,5.50,5.60
2007.08.29 05:48:51.675,2.2854,2.2859,5.50,4.00
2007.08.29 05:48:51.789,2.2854,2.286,0.80,15.80
2007.08.29 05:48:52.014,2.2853,2.286,1.60,15.80
2007.08.29 05:48:52.035,2.28545,2.2858,4.00,0.50
2007.08.29 05:48:52.496,2.28535,2.2858,4.00,0.90
2007.08.29 05:48:52.630,2.2853,2.28595,5.60,9.30
2007.08.29 05:48:52.780,2.2853,2.28595,4.80,9.30
2007.08.29 05:48:53.174,2.2853,2.2859,0.80,9.50
2007.08.29 05:48:53.571,2.2853,2.2857,0.80,0.70
2007.08.29 05:48:53.660,2.2852,2.2857,5.60,0.90
2007.08.29 05:48:53.724,2.28525,2.2857,4.00,0.90
2007.08.29 05:48:54.017,2.2852,2.2858,1.60,13.50
2007.08.29 05:48:54.464,2.2852,2.2858,0.80,13.50
2007.08.29 05:48:55.078,2.2852,2.2857,0.80,0.70
2007.08.29 05:48:56.005,2.2852,2.2858,0.80,13.50
2007.08.29 05:48:56.032,2.2852,2.2858,6.30,13.50
2007.08.29 05:48:56.177,2.2852,2.28585,6.30,10.30
2007.08.29 05:48:56.355,2.2852,2.2858,5.50,0.80
2007.08.29 05:48:56.553,2.2852,2.2858,5.50,4.00
2007.08.29 05:48:56.718,2.2852,2.2858,5.50,1.60
2007.08.29 05:48:56.804,2.2852,2.2858,7.90,1.60
2007.08.29 05:48:56.972,2.28515,2.2858,4.00,1.60
2007.08.29 05:48:57.292,2.2851,2.2859,12.70,1.60
2007.08.29 05:48:57.769,2.2851,2.2859,8.70,5.60
2007.08.29 05:48:57.829,2.2851,2.2859,7.90,6.40
2007.08.29 05:48:58.201,2.2851,2.2859,8.70,6.40
2007.08.29 05:48:58.277,2.2853,2.2859,5.50,1.60
2007.08.29 05:48:59.013,2.2853,2.2858,5.50,2.40
2007.08.29 05:48:59.037,2.2852,2.2858,5.50,7.90
2007.08.29 05:48:59.353,2.2852,2.2858,5.50,9.50
2007.08.29 05:48:59.528,2.2853,2.2858,5.50,4.00
2007.08.29 05:48:59.756,2.28515,2.2857,4.00,5.50
2007.08.29 05:48:59.900,2.2851,2.2857,10.30,5.50
2007.08.29 05:48:59.947,2.2851,2.2857,11.10,5.50
2007.08.29 05:48:59.966,2.2852,2.2858,5.50,4.00
2007.08.29 05:49:00.159,2.2852,2.2858,6.30,4.00
2007.08.29 05:49:00.967,2.2852,2.2858,5.50,4.00
2007.08.29 05:49:01.257,2.28515,2.2857,4.00,5.50
2007.08.29 05:49:02.347,2.2852,2.2858,5.50,8.00
2007.08.29 05:49:04.290,2.2853,2.2858,0.80,8.00
2007.08.29 05:49:04.774,2.2853,2.2858,0.80,4.00
2007.08.29 05:49:05.754,2.2852,2.2858,6.30,4.00
2007.08.29 05:49:06.222,2.28515,2.2858,9.50,4.00
2007.08.29 05:49:07.374,2.2854,2.2858,1.80,4.00
2007.08.29 05:49:09.719,2.2852,2.2858,8.70,1.60
2007.08.29 05:49:11.242,2.2854,2.2858,1.90,1.10
2007.08.29 05:49:11.580,2.2852,2.2859,11.10,1.60
2007.08.29 05:49:12.259,2.2854,2.2859,0.90,1.60
2007.08.29 05:49:12.380,2.2854,2.286,3.00,8.00
2007.08.29 05:49:12.884,2.2853,2.286,11.80,8.00
2007.08.29 05:49:13.449,2.2853,2.2858,11.80,2.40
2007.08.29 05:49:13.523,2.2853,2.2858,9.50,2.40
2007.08.29 05:49:16.215,2.2853,2.28585,8.70,4.00
2007.08.29 05:49:16.245,2.2853,2.2859,8.70,7.10
2007.08.29 05:49:16.351,2.2853,2.2859,8.70,6.30
2007.08.29 05:49:17.484,2.2853,2.2859,8.70,8.70
2007.08.29 05:49:17.718,2.2853,2.2859,8.70,7.90
2007.08.29 05:49:18.203,2.2853,2.2857,8.70,2.40
2007.08.29 05:49:18.353,2.2852,2.2857,8.70,3.20
2007.08.29 05:49:18.515,2.2852,2.2857,8.70,4.80
2007.08.29 05:49:18.661,2.2852,2.2857,8.70,4.00
2007.08.29 05:49:18.705,2.2852,2.2857,8.70,0.80
2007.08.29 05:49:21.074,2.2853,2.2859,9.50,5.50
2007.08.29 05:49:21.319,2.2853,2.2858,9.50,0.80
2007.08.29 05:49:22.337,2.2853,2.2859,13.50,6.30
2007.08.29 05:49:24.181,2.2853,2.2859,14.30,5.50
2007.08.29 05:49:26.228,2.2854,2.2859,4.00,5.50
2007.08.29 05:49:26.283,2.2854,2.286,15.80,1.60
2007.08.29 05:49:26.390,2.2854,2.286,15.80,0.80
2007.08.29 05:49:26.403,2.2854,2.286,19.80,0.80
2007.08.29 05:49:26.637,2.2854,2.286,19.80,0.80
2007.08.29 05:49:27.148,2.2854,2.2861,23.80,6.30
2007.08.29 05:49:28.670,2.2855,2.2861,11.10,6.30
2007.08.29 05:49:29.129,2.2854,2.2861,25.40,6.30
2007.08.29 05:49:29.742,2.2854,2.2861,24.60,6.30
2007.08.29 05:49:30.553,2.2854,2.2859,13.60,5.50
2007.08.29 05:49:30.571,2.2854,2.2859,13.60,7.90
2007.08.29 05:49:30.682,2.2854,2.2859,8.80,7.90
2007.08.29 05:49:30.782,2.28535,2.2859,8.00,7.90
2007.08.29 05:49:31.176,2.28535,2.2859,7.20,7.90
2007.08.29 05:49:31.298,2.28535,2.2858,7.20,2.40
2007.08.29 05:49:31.317,2.28535,2.2858,7.20,7.90
2007.08.29 05:49:33.737,2.28525,2.2858,7.20,5.50
2007.08.29 05:49:33.759,2.2853,2.2859,12.70,8.70
2007.08.29 05:49:34.681,2.28525,2.2858,7.20,5.50
2007.08.29 05:49:37.082,2.28525,2.2858,7.20,7.90
2007.08.29 05:49:42.647,2.2852,2.2857,8.00,5.50
2007.08.29 05:49:49.780,2.2854,2.2856,3.20,2.40
2007.08.29 05:49:50.025,2.2851,2.2856,9.50,2.40
2007.08.29 05:49:52.328,2.28505,2.2855,4.00,5.50
2007.08.29 05:49:52.689,2.285,2.2855,1.60,5.50
2007.08.29 05:49:52.747,2.285,2.2855,4.80,5.50
2007.08.29 05:49:53.831,2.285,2.2855,0.80,5.50
2007.08.29 05:49:53.857,2.2851,2.2856,9.50,3.20
2007.08.29 05:49:53.924,2.2851,2.2856,9.50,0.80
2007.08.29 05:49:53.941,2.2851,2.2856,14.30,0.80
2007.08.29 05:49:54.080,2.2854,2.2856,3.20,0.80
2007.08.29 05:49:54.363,2.2854,2.2857,3.20,6.30
2007.08.29 05:49:55.258,2.2854,2.2856,3.20,2.40
2007.08.29 05:49:55.446,2.2851,2.2856,10.30,2.40
2007.08.29 05:49:55.527,2.2851,2.2856,9.50,2.40
2007.08.29 05:49:57.100,2.2851,2.2857,9.50,6.30
2007.08.29 05:49:57.138,2.2854,2.2857,3.20,0.80
2007.08.29 05:49:57.718,2.2854,2.2857,3.20,3.20
2007.08.29 05:49:57.782,2.2854,2.2857,3.20,8.70
2007.08.29 05:49:57.916,2.2851,2.2857,4.80,8.70
2007.08.29 05:49:58.645,2.2851,2.2857,5.60,8.70
2007.08.29 05:49:59.054,2.2854,2.2857,3.20,8.70
2007.08.29 05:49:59.250,2.2854,2.2857,3.20,6.30
2007.08.29 05:49:59.290,2.2854,2.2857,3.20,0.80
2007.08.29 05:49:59.967,2.2854,2.2857,3.20,0.80
2007.08.29 05:50:01.285,2.2854,2.2858,3.20,0.80
2007.08.29 05:50:03.644,2.2854,2.286,3.20,11.80
2007.08.29 05:50:06.644,2.2854,2.2859,4.00,0.60
2007.08.29 05:50:06.669,2.28545,2.2859,4.00,0.60
2007.08.29 05:50:07.743,2.2854,2.2859,4.00,0.70
2007.08.29 05:50:07.830,2.2854,2.286,3.20,12.60
2007.08.29 05:50:10.721,2.2854,2.286,3.20,11.00
2007.08.29 05:50:14.758,2.2854,2.2859,3.20,0.90
2007.08.29 05:50:15.060,2.2854,2.2859,3.20,8.70
2007.08.29 05:50:15.915,2.2854,2.2858,3.20,0.80
2007.08.29 05:50:18.698,2.2854,2.2858,3.20,0.80
2007.08.29 05:50:20.019,2.2854,2.2861,3.20,15.90
2007.08.29 05:50:21.417,2.2854,2.2859,3.20,0.50
2007.08.29 05:50:25.731,2.2853,2.286,10.30,8.70
2007.08.29 05:50:27.764,2.28545,2.286,4.00,8.70
2007.08.29 05:50:28.233,2.2855,2.2859,4.00,7.90
2007.08.29 05:50:28.309,2.2855,2.2859,4.80,7.90
2007.08.29 05:50:28.775,2.2855,2.2859,0.80,7.90
2007.08.29 05:50:28.935,2.28535,2.2859,4.00,7.90
2007.08.29 05:50:29.774,2.2853,2.2859,10.30,7.90
2007.08.29 05:50:32.624,2.2853,2.2858,10.30,2.40
2007.08.29 05:50:32.650,2.2853,2.2858,4.80,7.90
2007.08.29 05:50:32.851,2.28525,2.2858,4.00,7.90
2007.08.29 05:50:35.699,2.28525,2.2858,4.00,5.50
2007.08.29 05:50:35.706,2.2854,2.2859,5.50,1.60
2007.08.29 05:50:35.936,2.2854,2.286,5.50,9.50
2007.08.29 05:50:40.588,2.2854,2.286,5.50,10.30
2007.08.29 05:50:40.613,2.2854,2.2859,5.50,0.80
2007.08.29 05:50:40.678,2.2854,2.2859,5.50,4.00
2007.08.29 05:50:40.725,2.2853,2.2859,14.30,9.50
2007.08.29 05:50:40.761,2.2853,2.28585,10.30,0.80
2007.08.29 05:50:40.923,2.2853,2.28585,5.50,0.80
2007.08.29 05:50:43.049,2.2853,2.2859,5.50,10.30
2007.08.29 05:50:45.136,2.2853,2.2859,6.30,9.50
2007.08.29 05:50:45.160,2.2853,2.2859,7.10,9.50
2007.08.29 05:50:45.241,2.2853,2.2859,7.90,7.10
2007.08.29 05:50:45.280,2.2855,2.2859,5.50,1.60
2007.08.29 05:50:46.216,2.2856,2.28615,5.50,0.80
2007.08.29 05:50:46.465,2.2856,2.286,5.50,1.60
2007.08.29 05:50:48.275,2.2856,2.286,6.30,1.60
2007.08.29 05:50:48.319,2.2856,2.286,7.10,1.60
2007.08.29 05:50:48.508,2.2856,2.2861,7.90,1.60
2007.08.29 05:50:50.015,2.2857,2.2861,0.80,1.60
2007.08.29 05:50:50.029,2.2857,2.2861,1.60,1.60
2007.08.29 05:50:50.067,2.2857,2.2861,2.40,1.60
2007.08.29 05:50:50.541,2.2857,2.2861,6.40,1.60
2007.08.29 05:50:50.591,2.2857,2.2861,7.20,1.60
2007.08.29 05:50:50.701,2.2857,2.2861,11.20,1.60
2007.08.29 05:50:50.790,2.28575,2.2861,4.00,1.60
2007.08.29 05:50:51.040,2.28575,2.2862,4.80,7.10
2007.08.29 05:50:52.799,2.28575,2.2862,4.80,5.50
2007.08.29 05:50:53.643,2.2858,2.2862,0.80,5.50
2007.08.29 05:50:53.691,2.2858,2.2862,1.60,5.50
2007.08.29 05:50:53.801,2.2858,2.2862,2.40,5.50
2007.08.29 05:50:54.827,2.2858,2.2862,2.40,7.90
2007.08.29 05:50:56.270,2.2858,2.2862,2.40,5.50
2007.08.29 05:50:56.296,2.2858,2.2863,7.90,1.60
2007.08.29 05:50:56.501,2.2858,2.2863,8.70,1.60
2007.08.29 05:50:56.541,2.2858,2.2863,12.70,1.60
2007.08.29 05:50:56.671,2.2858,2.2863,12.70,4.00
2007.08.29 05:50:56.703,2.2858,2.2862,7.20,5.50
2007.08.29 05:50:56.743,2.2858,2.2862,3.20,5.50
2007.08.29 05:50:56.932,2.2858,2.2862,2.40,5.50
2007.08.29 05:51:03.195,2.2858,2.2862,2.40,7.90
2007.08.29 05:51:06.489,2.2858,2.2862,3.20,7.90
2007.08.29 05:51:06.649,2.2858,2.2862,7.20,7.90
2007.08.29 05:51:06.766,2.2858,2.2862,7.20,5.50
2007.08.29 05:51:06.817,2.2858,2.2863,12.70,1.60
2007.08.29 05:51:11.824,2.28585,2.2863,0.80,1.60
2007.08.29 05:51:12.732,2.2859,2.2863,4.00,1.60
2007.08.29 05:51:12.805,2.2859,2.2863,4.80,1.60
2007.08.29 05:51:12.922,2.2859,2.2864,4.80,9.50
2007.08.29 05:51:13.190,2.2859,2.2862,4.80,2.40
2007.08.29 05:51:13.338,2.2859,2.2862,4.00,7.90
2007.08.29 05:51:13.563,2.28585,2.2862,0.80,7.90
2007.08.29 05:51:13.714,2.28585,2.2862,0.80,5.50
2007.08.29 05:51:13.747,2.28585,2.2864,0.80,9.50
2007.08.29 05:51:13.989,2.28585,2.2864,4.80,7.90
2007.08.29 05:51:14.275,2.28585,2.2864,0.80,7.90
2007.08.29 05:51:15.781,2.2859,2.2864,4.00,7.90
2007.08.29 05:51:16.000,2.286,2.2864,0.80,7.90
2007.08.29 05:51:16.042,2.286,2.2864,1.60,7.90
2007.08.29 05:51:16.129,2.286,2.2864,2.40,7.90
2007.08.29 05:51:16.746,2.286,2.2863,2.40,2.40
2007.08.29 05:51:17.254,2.286,2.2864,2.40,7.90
2007.08.29 05:51:25.197,2.286,2.2864,2.40,5.50
2007.08.29 05:51:25.299,2.286,2.2866,7.90,9.50
2007.08.29 05:51:25.396,2.286,2.2866,8.70,9.50
2007.08.29 05:51:25.586,2.286,2.2866,12.70,9.50
2007.08.29 05:51:25.856,2.286,2.2866,6.40,1.60
2007.08.29 05:51:25.884,2.286,2.2866,2.40,1.60
2007.08.29 05:51:26.252,2.286,2.2866,3.20,1.60
2007.08.29 05:51:26.364,2.286,2.2866,3.20,4.00
2007.08.29 05:51:26.464,2.286,2.2866,7.20,10.30
2007.08.29 05:51:26.721,2.286,2.2866,3.20,10.30
2007.08.29 05:51:26.792,2.286,2.2866,2.40,2.40
2007.08.29 05:51:26.923,2.286,2.2867,2.40,9.60
2007.08.29 05:51:26.958,2.286,2.2867,2.40,5.60
2007.08.29 05:51:27.124,2.286,2.2867,2.40,6.40
2007.08.29 05:51:27.232,2.286,2.2866,2.40,2.40
2007.08.29 05:51:27.319,2.286,2.2866,2.40,10.30
2007.08.29 05:51:27.743,2.286,2.2866,2.40,7.90
2007.08.29 05:51:27.771,2.286,2.2867,2.40,9.60
2007.08.29 05:51:27.860,2.286,2.2867,2.40,10.40
2007.08.29 05:51:28.034,2.286,2.2867,2.40,6.40
2007.08.29 05:51:28.064,2.286,2.2867,2.40,5.60
2007.08.29 05:51:28.146,2.286,2.2867,2.40,6.40
2007.08.29 05:51:28.256,2.286,2.2866,2.40,2.40
2007.08.29 05:51:28.294,2.286,2.2866,3.20,10.30
2007.08.29 05:51:28.387,2.286,2.2866,2.40,10.30
2007.08.29 05:51:28.860,2.28615,2.2866,4.00,10.30
2007.08.29 05:51:29.247,2.28615,2.2866,4.00,7.90
2007.08.29 05:51:29.395,2.2861,2.2866,0.80,7.90
2007.08.29 05:51:29.792,2.286,2.2866,6.40,10.30
2007.08.29 05:51:29.876,2.286,2.2866,2.40,10.30
2007.08.29 05:51:30.724,2.286,2.2864,2.40,0.80
2007.08.29 05:51:30.766,2.286,2.2864,1.60,0.80
2007.08.29 05:51:30.830,2.286,2.2863,0.80,2.40
2007.08.29 05:51:31.006,2.28565,2.2863,4.80,2.40
2007.08.29 05:51:31.252,2.28565,2.2864,4.00,10.30
2007.08.29 05:51:31.302,2.2858,2.2864,5.50,7.90
2007.08.29 05:51:33.226,2.2858,2.2864,5.50,8.70
2007.08.29 05:51:33.749,2.2858,2.2863,5.50,2.40
2007.08.29 05:51:33.826,2.28575,2.2863,4.00,7.90
2007.08.29 05:51:33.848,2.2857,2.2863,5.50,7.90
2007.08.29 05:51:34.327,2.2857,2.2863,5.50,9.50
2007.08.29 05:51:35.373,2.28575,2.2863,4.00,9.50
2007.08.29 05:51:35.687,2.28575,2.2863,4.00,7.10
2007.08.29 05:51:35.814,2.2859,2.2863,9.50,1.60
2007.08.29 05:51:35.928,2.2859,2.2863,17.50,1.60
2007.08.29 05:51:36.017,2.2859,2.2863,18.30,1.60
2007.08.29 05:51:36.255,2.286,2.2863,4.00,1.60
2007.08.29 05:51:36.353,2.286,2.2866,9.50,7.90
2007.08.29 05:51:36.553,2.286,2.2866,13.50,7.90
2007.08.29 05:51:36.569,2.2861,2.2866,0.80,7.90
2007.08.29 05:51:36.711,2.2861,2.2866,0.80,8.70
2007.08.29 05:51:36.787,2.286,2.2864,4.80,5.50
2007.08.29 05:51:36.872,2.286,2.2864,4.00,5.50
2007.08.29 05:51:36.922,2.286,2.2864,4.00,7.90
2007.08.29 05:51:37.247,2.286,2.2864,4.00,5.50
2007.08.29 05:51:37.299,2.286,2.2865,6.30,1.60
2007.08.29 05:51:37.343,2.28605,2.2865,4.00,1.60
2007.08.29 05:51:37.527,2.2861,2.2865,0.80,1.60
2007.08.29 05:51:37.536,2.2861,2.2865,4.80,1.60
2007.08.29 05:51:37.653,2.2861,2.2864,4.80,2.40
2007.08.29 05:51:37.744,2.2861,2.2864,4.80,7.90
2007.08.29 05:51:37.788,2.2861,2.2864,0.80,7.90
2007.08.29 05:51:37.936,2.2859,2.2864,4.80,7.90
2007.08.29 05:51:38.277,2.286,2.2866,6.30,10.30
2007.08.29 05:51:38.350,2.286,2.2866,10.30,10.30
2007.08.29 05:51:39.333,2.286,2.2865,4.80,5.50
2007.08.29 05:51:39.381,2.2859,2.2864,0.80,5.50
2007.08.29 05:51:39.414,2.28585,2.2864,0.80,5.50
2007.08.29 05:51:42.168,2.2859,2.2864,0.80,5.50
2007.08.29 05:51:42.754,2.2859,2.2864,4.80,5.50
2007.08.29 05:51:45.706,2.2859,2.2864,0.80,5.50
2007.08.29 05:51:46.768,2.2859,2.2861,0.80,1.60
2007.08.29 05:51:47.017,2.2859,2.2862,0.80,1.60
2007.08.29 05:51:47.074,2.2858,2.2862,6.30,1.60
2007.08.29 05:51:47.324,2.2858,2.2862,5.50,1.60
2007.08.29 05:51:47.721,2.2857,2.2862,4.80,7.10
2007.08.29 05:51:47.811,2.2857,2.2862,4.00,7.10
2007.08.29 05:51:47.835,2.2856,2.2862,14.30,7.10
2007.08.29 05:51:48.035,2.2856,2.2862,15.10,7.10
2007.08.29 05:51:48.096,2.28565,2.2862,0.80,5.50
2007.08.29 05:51:49.317,2.28565,2.2862,0.80,7.90
2007.08.29 05:51:49.402,2.2857,2.2862,4.00,7.90
2007.08.29 05:51:49.412,2.2857,2.2862,4.80,7.90
2007.08.29 05:51:49.732,2.2857,2.286,4.80,2.40
2007.08.29 05:51:49.861,2.2857,2.286,4.00,7.90
2007.08.29 05:51:49.958,2.2855,2.286,4.80,7.90
2007.08.29 05:51:50.894,2.2856,2.286,0.80,7.90
2007.08.29 05:51:51.096,2.2855,2.286,4.80,7.90
2007.08.29 05:51:51.267,2.2856,2.286,4.00,7.90
2007.08.29 05:51:51.311,2.2856,2.286,4.80,7.90
2007.08.29 05:51:52.144,2.2856,2.286,0.80,7.90
2007.08.29 05:51:52.164,2.2855,2.286,4.80,7.90
2007.08.29 05:51:52.636,2.2855,2.286,5.60,7.90
2007.08.29 05:51:52.754,2.2855,2.286,5.60,5.50
2007.08.29 05:51:53.706,2.2856,2.2862,5.50,9.50
2007.08.29 05:51:53.751,2.2856,2.2863,9.50,12.60
2007.08.29 05:51:53.764,2.2856,2.2863,10.30,11.80
2007.08.29 05:51:54.192,2.2856,2.2862,10.30,9.50
2007.08.29 05:51:54.277,2.2856,2.286,4.80,0.60
2007.08.29 05:51:54.311,2.2856,2.2862,0.80,10.20
2007.08.29 05:51:54.378,2.2855,2.2862,4.80,10.20
2007.08.29 05:51:54.821,2.2856,2.2862,4.00,10.20
2007.08.29 05:51:54.955,2.2856,2.286,4.80,0.50
2007.08.29 05:51:55.071,2.2856,2.2862,0.80,10.20
2007.08.29 05:51:55.366,2.2856,2.286,4.80,0.50
2007.08.29 05:51:55.996,2.2856,2.2862,4.00,11.80
2007.08.29 05:51:56.069,2.2855,2.2862,4.80,11.80
2007.08.29 05:51:56.360,2.2856,2.2862,4.00,11.80
2007.08.29 05:51:56.406,2.2856,2.286,4.80,0.70
2007.08.29 05:51:57.344,2.2856,2.2861,4.00,9.50
2007.08.29 05:51:57.368,2.2855,2.286,4.80,0.50
2007.08.29 05:51:58.297,2.2856,2.2861,0.80,9.50
2007.08.29 05:51:58.388,2.2856,2.286,4.80,0.80
2007.08.29 05:51:59.353,2.2856,2.286,4.00,0.50
2007.08.29 05:51:59.420,2.2855,2.2862,4.80,11.80
2007.08.29 05:51:59.891,2.2855,2.286,4.80,0.60
2007.08.29 05:52:00.001,2.2856,2.2861,4.80,7.90
2007.08.29 05:52:00.316,2.2856,2.286,4.00,0.70
2007.08.29 05:52:00.552,2.2855,2.2861,4.80,9.50
2007.08.29 05:52:00.850,2.2855,2.2861,4.00,9.50
2007.08.29 05:52:00.987,2.2854,2.2861,16.70,9.50
2007.08.29 05:52:08.196,2.2854,2.286,15.90,0.60
2007.08.29 05:52:08.470,2.2854,2.2861,15.10,9.50
2007.08.29 05:52:08.739,2.2854,2.2859,15.10,0.80
2007.08.29 05:52:08.833,2.2854,2.286,11.10,7.90
2007.08.29 05:52:09.107,2.2854,2.286,10.30,7.90
2007.08.29 05:52:10.042,2.2854,2.286,11.10,7.90
2007.08.29 05:52:10.085,2.2854,2.286,11.90,7.90
2007.08.29 05:52:10.188,2.2854,2.2859,15.90,0.50
2007.08.29 05:52:10.306,2.2854,2.286,16.70,7.90
2007.08.29 05:52:10.404,2.2854,2.2861,16.70,9.50
2007.08.29 05:52:11.635,2.2854,2.2861,15.90,9.50
2007.08.29 05:52:11.646,2.2854,2.2861,15.10,9.50
2007.08.29 05:52:11.745,2.2854,2.286,15.10,7.90
2007.08.29 05:52:11.769,2.2854,2.2858,9.60,0.90
2007.08.29 05:52:11.846,2.2854,2.2859,4.80,7.90
2007.08.29 05:52:11.872,2.2853,2.2858,4.80,0.50
2007.08.29 05:52:13.684,2.2853,2.2857,4.80,0.60
2007.08.29 05:52:14.080,2.2853,2.2859,4.80,9.50
2007.08.29 05:52:14.796,2.2852,2.2859,18.30,17.40
2007.08.29 05:52:16.240,2.2852,2.2859,18.30,7.10
2007.08.29 05:52:18.293,2.2852,2.2859,18.30,7.10
2007.08.29 05:52:18.826,2.28515,2.2859,15.10,7.10
2007.08.29 05:52:19.233,2.28515,2.2859,11.10,11.10
2007.08.29 05:52:19.262,2.28515,2.2859,11.10,13.50
2007.08.29 05:52:19.296,2.2851,2.2859,24.60,13.50
2007.08.29 05:52:19.383,2.2851,2.2859,21.40,13.50
2007.08.29 05:52:19.568,2.2851,2.2859,21.40,13.50
2007.08.29 05:52:19.889,2.2852,2.2859,9.50,13.50
2007.08.29 05:52:20.119,2.2852,2.2859,13.50,13.50
2007.08.29 05:52:20.332,2.2852,2.2858,8.00,15.80
2007.08.29 05:52:20.353,2.2852,2.2858,8.00,15.80
2007.08.29 05:52:20.431,2.2851,2.2858,4.80,15.80
2007.08.29 05:52:20.528,2.2851,2.2858,8.80,15.80
2007.08.29 05:52:20.707,2.2851,2.2857,11.20,7.10
2007.08.29 05:52:20.796,2.2851,2.2857,12.00,7.10
2007.08.29 05:52:20.853,2.2851,2.2858,28.60,7.10
2007.08.29 05:52:21.617,2.28515,2.2857,15.90,1.60
2007.08.29 05:52:22.107,2.28515,2.2858,15.90,7.10
2007.08.29 05:52:22.779,2.28515,2.2858,15.10,7.10
2007.08.29 05:52:23.183,2.28515,2.2858,15.90,7.10
2007.08.29 05:52:23.890,2.2852,2.2858,15.10,7.10
2007.08.29 05:52:24.077,2.2852,2.2858,18.30,7.10
2007.08.29 05:52:24.165,2.2852,2.2858,18.30,5.50
2007.08.29 05:52:24.213,2.2852,2.2858,24.60,5.50
2007.08.29 05:52:24.273,2.2853,2.2859,22.20,1.60
2007.08.29 05:52:24.374,2.2853,2.2859,26.20,1.60
2007.08.29 05:52:24.439,2.2853,2.2859,26.20,1.60
2007.08.29 05:52:24.803,2.2855,2.2862,11.80,7.90
2007.08.29 05:52:25.291,2.2855,2.286,11.80,1.60
2007.08.29 05:52:26.591,2.2855,2.2861,15.80,1.60
2007.08.29 05:52:27.609,2.2855,2.2862,11.80,9.50
2007.08.29 05:52:28.618,2.2855,2.2862,15.80,10.30
2007.08.29 05:52:28.932,2.2855,2.2862,15.80,8.70
2007.08.29 05:52:29.216,2.2854,2.2861,21.50,5.50
2007.08.29 05:52:29.419,2.2854,2.2861,17.50,5.50
2007.08.29 05:52:29.451,2.2854,2.2861,14.30,5.50
2007.08.29 05:52:29.510,2.2854,2.2861,14.30,5.50
2007.08.29 05:52:29.974,2.2854,2.2861,10.30,7.10
2007.08.29 05:52:32.756,2.2854,2.2861,10.30,9.50
2007.08.29 05:52:32.817,2.2854,2.2861,10.30,13.50
2007.08.29 05:52:32.835,2.28535,2.286,6.30,5.50
2007.08.29 05:52:35.754,2.2854,2.2861,9.50,17.50
2007.08.29 05:52:35.764,2.2854,2.2861,11.90,15.10
2007.08.29 05:52:35.840,2.2854,2.2861,11.90,11.10
2007.08.29 05:52:35.864,2.2854,2.2861,11.90,7.10
2007.08.29 05:52:38.645,2.2854,2.28605,11.90,4.00
2007.08.29 05:52:38.909,2.2854,2.286,9.50,5.60
2007.08.29 05:52:39.012,2.28535,2.286,6.30,6.40
2007.08.29 05:52:39.765,2.2853,2.286,19.00,2.40
2007.08.29 05:52:39.857,2.2853,2.286,19.80,1.60
2007.08.29 05:52:47.929,2.2854,2.286,5.50,1.60
2007.08.29 05:52:48.260,2.2856,2.286,5.50,1.60
2007.08.29 05:52:48.544,2.2856,2.2861,5.50,1.60
2007.08.29 05:52:50.026,2.2856,2.2862,5.50,1.60
2007.08.29 05:52:50.952,2.2855,2.2862,7.80,1.60
2007.08.29 05:52:51.396,2.28545,2.2861,9.50,5.50
2007.08.29 05:52:51.517,2.28545,2.2861,9.50,9.50
2007.08.29 05:52:52.156,2.2854,2.2861,6.30,10.30
2007.08.29 05:52:52.253,2.28535,2.2861,9.50,15.10
2007.08.29 05:52:52.418,2.2855,2.2861,1.90,19.10
2007.08.29 05:52:53.232,2.2855,2.286,0.90,1.60
2007.08.29 05:52:53.744,2.2855,2.286,2.20,1.60
2007.08.29 05:52:53.937,2.2854,2.286,7.90,7.10
2007.08.29 05:52:53.947,2.2854,2.286,3.60,7.10
2007.08.29 05:52:54.153,2.2853,2.286,16.70,7.90
2007.08.29 05:52:54.263,2.2854,2.286,1.50,7.90
2007.08.29 05:52:54.775,2.2851,2.2858,23.80,5.50
2007.08.29 05:52:54.879,2.2851,2.2858,16.60,5.50
2007.08.29 05:52:55.029,2.2851,2.2858,16.60,5.50
2007.08.29 05:52:55.172,2.2851,2.2858,12.70,5.50
2007.08.29 05:52:56.193,2.2851,2.2858,13.50,5.50
2007.08.29 05:52:56.261,2.2852,2.28595,14.20,4.00
2007.08.29 05:52:56.322,2.2852,2.2859,18.20,1.60
2007.08.29 05:52:57.315,2.2851,2.2858,19.90,5.50
2007.08.29 05:52:57.347,2.2852,2.2858,0.50,5.50
2007.08.29 05:52:57.419,2.2852,2.2858,0.90,5.50
2007.08.29 05:53:00.744,2.2852,2.2858,2.90,5.50
2007.08.29 05:53:00.754,2.2854,2.28595,1.50,4.00
2007.08.29 05:53:00.925,2.2852,2.2859,19.00,1.60
2007.08.29 05:53:01.880,2.2852,2.28585,15.00,4.00
2007.08.29 05:53:02.063,2.2852,2.28585,11.00,4.00
2007.08.29 05:53:02.168,2.2853,2.2858,1.90,0.80
2007.08.29 05:53:02.204,2.2852,2.2858,10.20,6.40
2007.08.29 05:53:02.714,2.2851,2.2857,7.80,0.80
2007.08.29 05:53:02.731,2.2853,2.2857,0.60,4.80
2007.08.29 05:53:03.005,2.2853,2.2857,2.20,2.40
2007.08.29 05:53:03.115,2.2851,2.2857,12.60,1.60
2007.08.29 05:53:04.115,2.2853,2.2858,1.80,1.60
2007.08.29 05:53:04.287,2.285,2.2858,19.10,9.50
2007.08.29 05:53:04.340,2.2851,2.2857,3.40,4.00
2007.08.29 05:53:04.384,2.285,2.2857,6.30,4.00
2007.08.29 05:53:04.488,2.2851,2.2857,1.20,4.80
2007.08.29 05:53:05.125,2.2851,2.2856,1.30,1.60
2007.08.29 05:53:07.194,2.285,2.2857,10.30,2.40
2007.08.29 05:53:07.322,2.2851,2.2857,7.80,1.60
2007.08.29 05:53:07.740,2.285,2.2857,17.50,1.60
2007.08.29 05:53:07.856,2.285,2.2857,18.30,1.60
2007.08.29 05:53:07.938,2.2851,2.2857,2.00,1.60
2007.08.29 05:53:07.968,2.2851,2.2857,1.40,1.60
2007.08.29 05:53:10.767,2.285,2.2858,15.10,7.10
2007.08.29 05:53:14.372,2.285,2.2858,0.60,14.30
2007.08.29 05:53:14.413,2.285,2.2858,0.80,18.30
2007.08.29 05:53:14.667,2.28495,2.2857,4.80,0.80
2007.08.29 05:53:14.771,2.285,2.2857,0.80,1.60
2007.08.29 05:53:14.793,2.28495,2.2856,4.80,5.50
2007.08.29 05:53:14.881,2.285,2.2856,0.80,10.30
2007.08.29 05:53:14.924,2.2849,2.28555,6.30,4.00
2007.08.29 05:53:15.897,2.2849,2.2855,6.30,1.60
2007.08.29 05:53:16.551,2.285,2.2855,0.80,7.90
2007.08.29 05:53:16.563,2.2847,2.2853,3.50,5.50
2007.08.29 05:53:16.702,2.28465,2.2853,14.30,5.50
2007.08.29 05:53:16.741,2.2847,2.2853,0.80,5.50
2007.08.29 05:53:17.216,2.28465,2.2853,13.50,5.50
2007.08.29 05:53:17.251,2.28475,2.2853,4.80,5.50
2007.08.29 05:53:17.296,2.28475,2.2854,4.80,1.60
2007.08.29 05:53:18.762,2.2849,2.2857,12.70,0.80
2007.08.29 05:53:19.089,2.2849,2.28575,13.50,4.00
2007.08.29 05:53:19.297,2.2849,2.2855,13.50,1.60
2007.08.29 05:53:20.323,2.285,2.2856,0.80,1.60
2007.08.29 05:53:21.802,2.285,2.2857,0.80,6.40
2007.08.29 05:53:21.956,2.285,2.2856,0.80,2.40
2007.08.29 05:53:22.135,2.2847,2.2855,15.90,7.90
2007.08.29 05:53:22.674,2.2847,2.2855,15.10,7.90
2007.08.29 05:53:23.137,2.2847,2.2855,15.10,9.50
2007.08.29 05:53:23.298,2.2847,2.2853,14.30,5.50
2007.08.29 05:53:23.378,2.2847,2.2853,13.50,5.50
2007.08.29 05:53:23.440,2.2847,2.2853,9.50,5.50
2007.08.29 05:53:24.012,2.285,2.2853,0.80,5.50
2007.08.29 05:53:24.124,2.285,2.2854,0.80,1.60
2007.08.29 05:53:25.962,2.285,2.2855,0.80,1.60
2007.08.29 05:53:26.565,2.2851,2.2855,5.50,1.60
2007.08.29 05:53:27.322,2.2851,2.2857,5.50,11.90
2007.08.29 05:53:27.463,2.285,2.2857,10.30,13.50
2007.08.29 05:53:28.302,2.285,2.2857,12.70,7.10
2007.08.29 05:53:28.982,2.28495,2.2857,16.70,9.40
2007.08.29 05:53:29.096,2.28495,2.2857,12.70,13.40
2007.08.29 05:53:29.122,2.2849,2.2857,22.30,13.40
2007.08.29 05:53:30.000,2.285,2.2857,8.70,13.40
2007.08.29 05:53:30.025,2.285,2.28575,8.70,15.10
2007.08.29 05:53:30.133,2.285,2.28575,17.50,11.10
2007.08.29 05:53:30.509,2.285,2.2858,21.50,9.50
2007.08.29 05:53:31.338,2.285,2.2858,18.30,13.50
2007.08.29 05:53:31.706,2.2851,2.2859,7.80,28.10
2007.08.29 05:53:31.808,2.2851,2.2859,10.20,25.70
2007.08.29 05:53:31.862,2.2851,2.2859,10.20,25.70
2007.08.29 05:53:31.913,2.2851,2.2859,10.20,18.50
2007.08.29 05:53:32.560,2.2851,2.2859,7.90,29.60
2007.08.29 05:53:34.115,2.2851,2.2858,7.90,7.10
2007.08.29 05:53:35.389,2.2851,2.2859,11.90,19.20
2007.08.29 05:53:36.175,2.2851,2.2859,9.50,23.10
2007.08.29 05:53:36.226,2.2852,2.2859,10.20,6.40
2007.08.29 05:53:36.375,2.2852,2.2859,10.20,2.40
2007.08.29 05:53:36.432,2.2852,2.2861,10.20,35.20
2007.08.29 05:53:36.930,2.2852,2.2861,10.20,35.10
2007.08.29 05:53:37.637,2.2852,2.2861,10.20,34.30
2007.08.29 05:53:37.801,2.2852,2.2861,18.20,28.60
2007.08.29 05:53:37.894,2.2852,2.2861,19.00,25.40
2007.08.29 05:53:37.936,2.28525,2.2861,9.50,25.40
2007.08.29 05:53:37.983,2.2853,2.2861,7.90,18.20
2007.08.29 05:53:38.675,2.28525,2.2861,9.50,18.20
2007.08.29 05:53:38.768,2.28525,2.2861,9.50,18.30
2007.08.29 05:53:38.873,2.28525,2.2861,9.50,25.50
2007.08.29 05:53:38.978,2.2852,2.2861,10.20,25.50
2007.08.29 05:53:39.194,2.2852,2.2861,10.20,28.00
2007.08.29 05:53:39.243,2.2852,2.286,10.20,20.90
2007.08.29 05:53:42.510,2.28525,2.286,9.50,14.30
2007.08.29 05:53:42.519,2.2852,2.2859,14.30,9.40
2007.08.29 05:53:42.772,2.2851,2.2859,20.70,9.40
2007.08.29 05:53:44.298,2.2851,2.2859,20.70,12.60
2007.08.29 05:53:44.390,2.2851,2.2859,16.70,17.40
2007.08.29 05:53:46.072,2.2851,2.2858,10.30,7.10
2007.08.29 05:53:46.103,2.2851,2.2858,15.80,8.70
2007.08.29 05:53:46.742,2.2851,2.2858,11.90,7.10
2007.08.29 05:53:50.046,2.2851,2.2859,15.90,15.80
2007.08.29 05:53:50.298,2.2851,2.2859,10.30,18.30
2007.08.29 05:53:51.110,2.2851,2.2858,6.30,7.10
2007.08.29 05:53:53.415,2.2851,2.28585,6.30,11.20
2007.08.29 05:53:54.993,2.2851,2.2858,6.30,7.10
2007.08.29 05:53:55.710,2.2851,2.2858,8.70,7.10
2007.08.29 05:53:55.789,2.2851,2.2858,17.50,7.10
2007.08.29 05:53:55.816,2.2851,2.2858,22.30,7.10
2007.08.29 05:53:55.882,2.2851,2.2858,25.50,7.10
2007.08.29 05:53:56.021,2.2851,2.2858,26.30,7.10
2007.08.29 05:53:56.050,2.2851,2.2859,26.30,10.30
2007.08.29 05:53:56.101,2.2851,2.2859,25.50,10.30
2007.08.29 05:53:56.209,2.2851,2.2859,22.30,10.20
2007.08.29 05:53:56.332,2.2851,2.2859,20.70,10.20
2007.08.29 05:53:56.834,2.285,2.2858,25.40,7.10
2007.08.29 05:53:57.066,2.285,2.2857,25.40,1.60
2007.08.29 05:53:57.794,2.2851,2.2857,15.90,1.60
2007.08.29 05:53:57.869,2.2851,2.2858,19.90,5.50
2007.08.29 05:53:58.082,2.2851,2.2858,19.90,7.10
2007.08.29 05:53:59.104,2.2851,2.2858,19.90,5.50
2007.08.29 05:54:01.431,2.2851,2.2858,9.50,5.50
2007.08.29 05:54:03.166,2.28505,2.2857,10.30,5.50
2007.08.29 05:54:04.195,2.28505,2.2857,10.30,7.10
2007.08.29 05:54:04.266,2.28505,2.2857,12.70,7.10
2007.08.29 05:54:04.631,2.28505,2.2857,17.50,7.10
2007.08.29 05:54:04.672,2.28505,2.2857,17.50,7.10
2007.08.29 05:54:06.725,2.28505,2.2857,17.50,5.50
2007.08.29 05:54:07.225,2.28505,2.2857,15.10,5.50
2007.08.29 05:54:07.245,2.28505,2.2857,11.10,5.50
2007.08.29 05:54:07.271,2.28505,2.2857,7.10,5.50
2007.08.29 05:54:07.564,2.28505,2.2857,6.30,5.50
2007.08.29 05:54:07.730,2.28505,2.2857,10.30,5.50
2007.08.29 05:54:07.776,2.28505,2.2857,18.30,5.50
2007.08.29 05:54:07.871,2.28505,2.2857,19.10,5.50
2007.08.29 05:54:07.882,2.28505,2.2857,21.50,5.50
2007.08.29 05:54:08.467,2.28505,2.2857,21.50,5.50
2007.08.29 05:54:08.596,2.28505,2.2857,19.10,5.50
2007.08.29 05:54:08.607,2.28505,2.2857,14.30,5.50
2007.08.29 05:54:10.826,2.28505,2.2857,9.50,5.50
2007.08.29 05:54:10.840,2.285,2.2857,7.90,7.10
2007.08.29 05:54:11.042,2.285,2.2857,7.90,7.90
2007.08.29 05:54:11.124,2.285,2.2857,7.10,11.90
2007.08.29 05:54:12.085,2.285,2.2856,6.30,1.60
2007.08.29 05:54:14.292,2.2851,2.2856,7.80,1.60
2007.08.29 05:54:14.424,2.2851,2.2857,10.20,1.60
2007.08.29 05:54:15.570,2.2851,2.2858,10.20,1.60
2007.08.29 05:54:18.482,2.2852,2.2859,7.90,12.70
2007.08.29 05:54:22.301,2.2851,2.2858,10.20,0.80
2007.08.29 05:54:22.470,2.2851,2.2858,10.20,4.80
2007.08.29 05:54:22.616,2.2851,2.2858,10.20,5.60
2007.08.29 05:54:23.120,2.2851,2.2858,10.20,4.80
2007.08.29 05:54:23.540,2.2851,2.2857,10.20,1.60
2007.08.29 05:54:24.138,2.2853,2.2858,5.50,6.40
2007.08.29 05:54:24.847,2.2853,2.2859,5.50,12.70
2007.08.29 05:54:25.196,2.2853,2.2859,7.90,11.90
2007.08.29 05:54:25.324,2.2855,2.2859,5.50,6.40
2007.08.29 05:54:26.095,2.2855,2.2859,5.50,0.70
2007.08.29 05:54:27.154,2.2855,2.286,5.50,0.80
2007.08.29 05:54:27.701,2.2855,2.2861,5.50,17.90
2007.08.29 05:54:27.791,2.2855,2.2861,5.50,13.90
2007.08.29 05:54:28.183,2.2855,2.2862,5.50,20.20
2007.08.29 05:54:28.190,2.2855,2.2861,7.90,0.70
2007.08.29 05:54:28.317,2.2855,2.2862,7.90,24.20
2007.08.29 05:54:28.723,2.2857,2.2861,5.50,0.70
2007.08.29 05:54:29.168,2.2857,2.2861,5.50,0.80
2007.08.29 05:54:29.248,2.2857,2.286,5.50,0.90
2007.08.29 05:54:29.274,2.2857,2.2863,5.50,0.80
2007.08.29 05:54:31.262,2.2857,2.2863,5.50,9.10
2007.08.29 05:54:31.848,2.2855,2.2861,3.60,0.70
2007.08.29 05:54:31.879,2.2855,2.2861,3.20,0.70
2007.08.29 05:54:31.965,2.2855,2.2862,2.40,5.60
2007.08.29 05:54:32.025,2.2855,2.2862,1.60,5.60
2007.08.29 05:54:32.047,2.2855,2.2861,0.80,0.90
2007.08.29 05:54:32.193,2.2854,2.2861,9.20,0.90
2007.08.29 05:54:32.274,2.2855,2.2862,5.50,5.60
2007.08.29 05:54:32.290,2.2855,2.2863,9.50,14.30
2007.08.29 05:54:32.375,2.2855,2.2863,9.50,10.30
2007.08.29 05:54:32.818,2.2855,2.2863,4.80,9.50
2007.08.29 05:54:32.830,2.28565,2.2862,4.00,0.90
2007.08.29 05:54:32.896,2.28565,2.2863,4.00,13.50
2007.08.29 05:54:33.313,2.2856,2.2862,4.80,0.80
2007.08.29 05:54:33.318,2.2856,2.2862,4.00,7.80
2007.08.29 05:54:33.424,2.2856,2.2862,4.80,7.80
2007.08.29 05:54:33.558,2.2856,2.2862,0.80,7.80
2007.08.29 05:54:35.314,2.2855,2.2861,4.80,0.80
2007.08.29 05:54:35.367,2.2854,2.2861,5.50,0.80
2007.08.29 05:54:35.412,2.2854,2.28615,5.50,12.30
2007.08.29 05:54:35.615,2.2854,2.2861,5.50,0.60
2007.08.29 05:54:35.634,2.2854,2.28615,5.50,11.90
2007.08.29 05:54:35.709,2.2854,2.28615,5.50,11.10
2007.08.29 05:54:36.228,2.2854,2.28615,7.90,11.10
2007.08.29 05:54:36.263,2.2854,2.28615,11.90,11.10
2007.08.29 05:54:36.366,2.2854,2.28615,12.70,11.10
2007.08.29 05:54:36.451,2.2854,2.2862,16.70,9.40
2007.08.29 05:54:36.797,2.2855,2.2862,5.50,9.40
2007.08.29 05:54:38.239,2.2856,2.2862,4.00,9.40
2007.08.29 05:54:38.475,2.2856,2.2862,4.80,9.40
2007.08.29 05:54:39.099,2.2856,2.2861,4.00,0.90
2007.08.29 05:54:39.314,2.2856,2.2862,4.00,11.90
2007.08.29 05:54:39.354,2.2854,2.2861,4.80,0.70
2007.08.29 05:54:39.511,2.2854,2.2861,4.00,0.70
2007.08.29 05:54:39.687,2.28535,2.2861,0.80,0.90
2007.08.29 05:54:40.682,2.28535,2.2861,0.80,0.50
2007.08.29 05:54:40.687,2.28535,2.2861,0.80,10.30
2007.08.29 05:54:40.868,2.2854,2.2861,2.40,11.50
2007.08.29 05:54:42.221,2.2856,2.2862,2.40,15.50
2007.08.29 05:54:42.250,2.2857,2.2861,5.50,0.80
2007.08.29 05:54:43.131,2.2857,2.2863,5.50,9.90
2007.08.29 05:54:43.202,2.2857,2.2863,5.50,11.10
2007.08.29 05:54:43.244,2.2857,2.28615,5.50,6.00
2007.08.29 05:54:43.309,2.28555,2.28615,0.50,11.50
2007.08.29 05:54:43.494,2.2855,2.28615,5.90,11.50
2007.08.29 05:54:43.497,2.2855,2.28615,5.50,11.50
2007.08.29 05:54:44.263,2.2855,2.2861,0.70,0.50
2007.08.29 05:54:44.573,2.28535,2.28615,6.70,10.70
2007.08.29 05:54:44.660,2.2856,2.28615,0.70,0.90
2007.08.29 05:54:44.876,2.2854,2.2862,15.80,12.30
2007.08.29 05:54:47.288,2.2855,2.2863,9.50,22.60
2007.08.29 05:54:47.330,2.2857,2.2862,0.70,0.50
2007.08.29 05:54:48.314,2.2857,2.2863,0.90,0.90
2007.08.29 05:54:49.125,2.2856,2.2864,17.80,11.50
2007.08.29 05:54:49.213,2.2856,2.2864,17.80,11.50
2007.08.29 05:54:49.752,2.2857,2.2863,0.70,0.70
2007.08.29 05:54:49.841,2.2856,2.2863,14.70,13.80
2007.08.29 05:54:49.916,2.2856,2.2863,14.70,13.80
2007.08.29 05:54:49.939,2.2856,2.2863,10.30,13.80
2007.08.29 05:54:50.236,2.2855,2.2863,18.30,13.80
2007.08.29 05:54:50.381,2.2856,2.2863,9.50,13.80
2007.08.29 05:54:50.502,2.2857,2.2862,0.80,0.60
2007.08.29 05:54:50.579,2.2856,2.2863,9.50,13.80
2007.08.29 05:54:50.888,2.2856,2.2863,13.50,13.80
2007.08.29 05:54:51.264,2.2856,2.2863,9.50,13.80
2007.08.29 05:54:51.347,2.2856,2.2862,9.50,7.90
2007.08.29 05:54:51.874,2.2855,2.2862,6.30,7.90
2007.08.29 05:54:52.105,2.2856,2.2861,2.40,1.60
2007.08.29 05:54:52.397,2.2856,2.2861,3.70,1.60
2007.08.29 05:54:52.493,2.2856,2.2861,3.10,1.60
2007.08.29 05:54:52.649,2.2855,2.2861,21.50,1.60
2007.08.29 05:54:52.923,2.2856,2.2861,0.50,1.60
2007.08.29 05:54:53.131,2.2856,2.2862,2.40,7.10
2007.08.29 05:54:54.196,2.2856,2.2862,6.30,7.10
2007.08.29 05:54:54.293,2.2856,2.2862,7.10,7.10
2007.08.29 05:54:54.490,2.2857,2.2862,1.30,5.50
2007.08.29 05:55:01.516,2.28565,2.2862,7.20,5.50
2007.08.29 05:55:01.604,2.28565,2.2862,6.40,5.50
2007.08.29 05:55:02.315,2.2857,2.2862,3.00,5.50
2007.08.29 05:55:02.759,2.2856,2.2862,15.90,5.50
2007.08.29 05:55:03.038,2.28565,2.2862,7.20,5.50
2007.08.29 05:55:03.061,2.28565,2.2862,6.40,5.50
2007.08.29 05:55:09.988,2.28565,2.2862,5.60,5.50
2007.08.29 05:55:10.151,2.28565,2.2862,4.80,5.50
2007.08.29 05:55:10.334,2.2856,2.2862,10.30,5.50
2007.08.29 05:55:13.181,2.2856,2.2862,12.70,7.90
2007.08.29 05:55:13.379,2.2856,2.2862,6.30,7.90
2007.08.29 05:55:13.404,2.2857,2.2862,0.80,7.90
2007.08.29 05:55:13.481,2.2856,2.2862,5.50,7.90
2007.08.29 05:55:13.688,2.2856,2.2862,5.50,5.50
2007.08.29 05:55:13.810,2.2857,2.28625,5.50,4.00
2007.08.29 05:55:13.886,2.2857,2.2862,5.50,1.60
2007.08.29 05:55:15.102,2.2857,2.2863,5.50,7.10
2007.08.29 05:55:16.192,2.2857,2.2863,6.30,7.10
2007.08.29 05:55:16.277,2.2857,2.2863,7.50,7.10
2007.08.29 05:55:16.322,2.2857,2.2863,3.70,7.10
2007.08.29 05:55:16.703,2.2857,2.2863,6.70,7.10
2007.08.29 05:55:16.786,2.2856,2.2862,13.60,5.50
2007.08.29 05:55:16.913,2.2856,2.2862,13.10,5.50
2007.08.29 05:55:16.928,2.2856,2.2862,12.70,5.50
2007.08.29 05:55:16.992,2.2856,2.2862,11.90,5.50
2007.08.29 05:55:17.077,2.2856,2.2862,7.50,5.50
2007.08.29 05:55:17.193,2.2856,2.2862,6.30,5.50
2007.08.29 05:55:17.205,2.2856,2.2862,5.50,5.50
2007.08.29 05:55:18.628,2.2857,2.2862,0.80,5.50
2007.08.29 05:55:18.660,2.2857,2.2862,2.00,5.50
2007.08.29 05:55:18.778,2.2857,2.2863,7.50,7.10
2007.08.29 05:55:19.341,2.2857,2.2863,7.50,5.50
2007.08.29 05:55:19.666,2.2857,2.2863,6.70,5.50
2007.08.29 05:55:19.816,2.2856,2.2862,11.60,5.50
2007.08.29 05:55:19.915,2.2856,2.2862,11.10,5.50
2007.08.29 05:55:19.925,2.2856,2.2862,7.10,5.50
2007.08.29 05:55:20.077,2.2856,2.2862,6.70,5.50
2007.08.29 05:55:20.318,2.2856,2.2862,6.30,7.90
2007.08.29 05:55:20.328,2.2856,2.2862,5.50,7.90
2007.08.29 05:55:20.509,2.2856,2.2862,5.50,9.50
2007.08.29 05:55:20.695,2.2856,2.2862,5.50,7.10
2007.08.29 05:55:21.264,2.2856,2.2862,9.50,7.10
2007.08.29 05:55:21.282,2.2856,2.2862,14.30,7.10
2007.08.29 05:55:21.530,2.2856,2.2862,14.30,5.50
2007.08.29 05:55:21.692,2.2857,2.2862,5.20,5.50
2007.08.29 05:55:21.719,2.2857,2.2862,8.40,5.50
2007.08.29 05:55:21.772,2.2857,2.2862,12.40,5.50
2007.08.29 05:55:21.791,2.2857,2.2863,17.90,7.10
2007.08.29 05:55:21.891,2.2857,2.2863,18.70,7.10
2007.08.29 05:55:21.983,2.2857,2.2863,19.10,7.10
2007.08.29 05:55:22.103,2.2857,2.2863,19.50,7.10
2007.08.29 05:55:22.390,2.2857,2.2863,20.00,7.10
2007.08.29 05:55:22.678,2.2857,2.2863,14.80,11.10
2007.08.29 05:55:22.691,2.2857,2.2863,11.60,13.50
2007.08.29 05:55:22.790,2.2857,2.2862,4.80,5.50
2007.08.29 05:55:22.836,2.2857,2.2862,0.50,7.10
2007.08.29 05:55:22.898,2.2856,2.2862,6.30,7.10
2007.08.29 05:55:25.913,2.2856,2.2862,10.30,7.10
2007.08.29 05:55:25.990,2.2856,2.2862,14.30,5.50
2007.08.29 05:55:26.015,2.2856,2.2862,19.10,5.50
2007.08.29 05:55:26.415,2.2856,2.2862,10.30,5.50
2007.08.29 05:55:26.460,2.2856,2.2862,6.30,5.50
2007.08.29 05:55:26.767,2.2856,2.2862,10.30,5.50
2007.08.29 05:55:26.947,2.2856,2.2862,11.10,5.50
2007.08.29 05:55:26.962,2.2856,2.2862,15.10,5.50
2007.08.29 05:55:27.146,2.2856,2.2862,16.30,5.50
2007.08.29 05:55:27.195,2.2856,2.2862,17.10,5.50
2007.08.29 05:55:29.189,2.2856,2.2862,15.90,5.50
2007.08.29 05:55:29.198,2.2856,2.2862,15.10,5.50
2007.08.29 05:55:29.396,2.2856,2.2862,11.10,5.50
2007.08.29 05:55:29.501,2.2856,2.2862,10.30,5.50
2007.08.29 05:55:29.546,2.2856,2.2862,6.30,5.50
2007.08.29 05:55:29.805,2.2856,2.2862,11.10,5.50
2007.08.29 05:55:29.855,2.2856,2.2862,11.90,5.50
2007.08.29 05:55:29.922,2.2856,2.2862,15.90,5.50
2007.08.29 05:55:30.042,2.2856,2.2862,16.70,5.50
2007.08.29 05:55:30.132,2.2856,2.2862,20.70,5.50
2007.08.29 05:55:30.318,2.2856,2.2862,23.10,5.50
2007.08.29 05:55:31.803,2.2856,2.2862,22.30,5.50
2007.08.29 05:55:31.935,2.2856,2.2862,21.50,5.50
2007.08.29 05:55:32.008,2.2856,2.2862,17.50,5.50
2007.08.29 05:55:32.152,2.2856,2.2862,18.30,5.50
2007.08.29 05:55:32.340,2.2856,2.2862,19.10,5.50
2007.08.29 05:55:32.539,2.2856,2.2862,23.10,5.50
2007.08.29 05:55:33.181,2.2856,2.2862,22.30,5.50
2007.08.29 05:55:33.195,2.2856,2.2862,21.50,5.50
2007.08.29 05:55:36.219,2.2856,2.2862,19.10,5.50
2007.08.29 05:55:36.265,2.2856,2.2862,15.10,5.50
2007.08.29 05:55:36.327,2.2856,2.2862,11.10,5.50
2007.08.29 05:55:36.529,2.2856,2.2862,10.30,5.50
2007.08.29 05:55:36.853,2.2856,2.2862,9.50,5.50
2007.08.29 05:55:37.366,2.2856,2.2862,5.50,5.50
2007.08.29 05:55:37.533,2.2856,2.2861,5.50,1.60
2007.08.29 05:55:39.296,2.2856,2.2862,5.50,7.10
2007.08.29 05:55:40.552,2.2856,2.2862,5.50,5.50
2007.08.29 05:55:42.219,2.2854,2.2861,24.20,5.50
2007.08.29 05:55:42.243,2.2854,2.2861,21.00,5.50
2007.08.29 05:55:42.330,2.2854,2.2861,17.00,5.50
2007.08.29 05:55:42.400,2.2854,2.2861,13.00,7.10
2007.08.29 05:55:42.431,2.2854,2.2861,8.00,7.10
2007.08.29 05:55:42.554,2.2854,2.2861,7.90,7.10
2007.08.29 05:55:42.747,2.2855,2.2861,5.50,7.10
2007.08.29 05:55:42.844,2.2855,2.2861,5.50,11.10
2007.08.29 05:55:43.050,2.2855,2.2861,5.50,15.90
2007.08.29 05:55:43.334,2.2855,2.286,5.50,1.60
2007.08.29 05:55:47.835,2.2855,2.286,6.30,1.60
2007.08.29 05:55:47.984,2.28555,2.286,0.80,1.60
2007.08.29 05:55:48.020,2.2856,2.286,0.80,1.60
2007.08.29 05:55:48.048,2.2856,2.286,1.60,1.60
2007.08.29 05:55:48.203,2.2856,2.286,2.40,1.60
2007.08.29 05:55:48.337,2.2856,2.286,9.10,1.60
2007.08.29 05:55:48.476,2.2856,2.2862,9.90,5.50
2007.08.29 05:55:48.659,2.2856,2.2862,9.10,5.50
2007.08.29 05:55:48.661,2.2856,2.2861,9.10,1.60
2007.08.29 05:55:48.751,2.2856,2.2861,7.90,1.60
2007.08.29 05:55:48.932,2.28565,2.2861,0.80,1.60
2007.08.29 05:55:49.500,2.28565,2.2862,0.80,5.50
2007.08.29 05:55:49.679,2.28565,2.2862,0.80,7.10
2007.08.29 05:55:49.872,2.2857,2.2862,0.80,7.10
2007.08.29 05:55:49.901,2.2857,2.2862,1.60,7.10
2007.08.29 05:55:50.013,2.2857,2.2862,2.40,7.10
2007.08.29 05:55:50.757,2.2857,2.2862,1.60,7.10
2007.08.29 05:55:50.831,2.2857,2.2861,0.80,5.50
2007.08.29 05:55:50.984,2.28555,2.2861,4.00,5.50
2007.08.29 05:55:51.024,2.28555,2.2861,0.80,7.10
2007.08.29 05:55:52.010,2.28555,2.2861,0.80,5.50
2007.08.29 05:55:53.113,2.2855,2.2861,7.90,5.50
2007.08.29 05:55:54.754,2.2855,2.2861,10.30,5.50
2007.08.29 05:55:55.049,2.2856,2.2861,0.80,5.50
2007.08.29 05:55:55.184,2.2856,2.2861,2.40,5.50
2007.08.29 05:55:55.367,2.2856,2.2861,1.60,5.50
2007.08.29 05:55:55.480,2.2856,2.2861,0.80,5.50
2007.08.29 05:55:55.992,2.2856,2.2862,0.80,7.10
2007.08.29 05:55:56.086,2.2855,2.2862,9.50,7.10
2007.08.29 05:55:56.269,2.2855,2.2862,8.70,11.10
2007.08.29 05:55:56.306,2.2855,2.2862,5.50,11.10
2007.08.29 05:55:59.802,2.2855,2.2861,5.50,0.80
2007.08.29 05:55:59.898,2.2855,2.2862,5.50,28.60
2007.08.29 05:55:59.913,2.2855,2.28615,5.50,15.10
2007.08.29 05:56:01.127,2.2855,2.286,5.50,0.50
2007.08.29 05:56:04.235,2.2855,2.2859,5.50,0.50
2007.08.29 05:56:04.260,2.2853,2.286,7.10,16.50
2007.08.29 05:56:04.323,2.2853,2.286,6.30,16.50
2007.08.29 05:56:04.375,2.2853,2.286,6.30,26.50
2007.08.29 05:56:04.487,2.2853,2.2859,6.30,0.50
2007.08.29 05:56:04.500,2.2853,2.286,5.50,31.30
2007.08.29 05:56:05.240,2.2853,2.286,5.50,27.40
2007.08.29 05:56:05.280,2.2853,2.286,5.50,25.40
2007.08.29 05:56:05.351,2.2853,2.2859,5.50,11.90
2007.08.29 05:56:06.639,2.2853,2.286,5.50,20.60
2007.08.29 05:56:08.222,2.2853,2.286,5.50,20.60
2007.08.29 05:56:09.855,2.2853,2.2859,5.50,0.60
2007.08.29 05:56:09.963,2.2853,2.2859,5.50,0.80
2007.08.29 05:56:10.060,2.2853,2.2859,5.50,0.50
2007.08.29 05:56:11.131,2.2853,2.2858,5.50,0.50
2007.08.29 05:56:11.795,2.2853,2.2858,6.70,0.70
2007.08.29 05:56:11.892,2.2853,2.2859,7.50,7.10
2007.08.29 05:56:12.103,2.2853,2.2859,7.50,0.90
2007.08.29 05:56:14.675,2.2853,2.2859,6.70,0.60
2007.08.29 05:56:14.702,2.2853,2.286,5.50,13.50
2007.08.29 05:56:14.905,2.2853,2.2859,5.50,0.50
2007.08.29 05:56:15.176,2.2853,2.2859,5.50,17.50
2007.08.29 05:56:15.213,2.2853,2.2859,5.50,17.50
2007.08.29 05:56:15.850,2.2853,2.2857,5.50,0.80
2007.08.29 05:56:16.810,2.2853,2.2859,5.50,15.10
2007.08.29 05:56:18.124,2.2853,2.2859,5.50,0.70
2007.08.29 05:56:18.807,2.2853,2.286,5.50,20.60
2007.08.29 05:56:18.861,2.2853,2.286,5.50,24.60
2007.08.29 05:56:18.938,2.2853,2.286,5.50,21.40
2007.08.29 05:56:19.308,2.2853,2.2859,5.50,9.50
2007.08.29 05:56:23.850,2.2853,2.2859,5.50,19.90
2007.08.29 05:56:23.993,2.2853,2.2859,5.50,25.50
2007.08.29 05:56:24.324,2.2853,2.28585,5.50,12.80
2007.08.29 05:56:24.401,2.2852,2.28585,7.10,19.10
2007.08.29 05:56:24.487,2.2852,2.28585,6.30,19.10
2007.08.29 05:56:24.545,2.2852,2.2858,5.50,0.70
2007.08.29 05:56:24.780,2.2852,2.2857,5.50,0.50
2007.08.29 05:56:25.851,2.2853,2.2858,5.50,11.20
2007.08.29 05:56:27.410,2.2853,2.2857,5.50,0.90
2007.08.29 05:56:27.791,2.2853,2.28575,5.50,10.40
2007.08.29 05:56:27.905,2.2853,2.2857,5.50,0.70
2007.08.29 05:56:27.915,2.2853,2.2857,5.50,0.80
2007.08.29 05:56:28.349,2.2853,2.2858,5.50,2.40
2007.08.29 05:56:28.908,2.2853,2.2858,5.50,0.90
2007.08.29 05:56:28.972,2.2853,2.28585,5.50,15.20
2007.08.29 05:56:29.310,2.2853,2.28585,5.50,16.00
2007.08.29 05:56:29.442,2.2853,2.2858,5.50,18.80
2007.08.29 05:56:29.512,2.2853,2.2857,5.50,0.50
2007.08.29 05:56:29.880,2.2853,2.2858,5.50,6.40
2007.08.29 05:56:30.033,2.2853,2.2857,5.50,0.70
2007.08.29 05:56:31.103,2.2853,2.2858,5.50,0.60
2007.08.29 05:56:32.258,2.2855,2.2859,5.50,9.60
2007.08.29 05:56:32.375,2.2855,2.2858,5.50,0.50
2007.08.29 05:56:32.404,2.2855,2.2859,5.50,6.40
2007.08.29 05:56:33.910,2.2854,2.2858,5.50,0.50
2007.08.29 05:56:34.210,2.2854,2.2859,5.50,0.90
2007.08.29 05:56:37.282,2.2854,2.28595,5.50,7.20
2007.08.29 05:56:37.388,2.2854,2.2859,5.50,5.60
2007.08.29 05:56:37.439,2.2851,2.2857,10.30,0.70
2007.08.29 05:56:37.509,2.2851,2.28575,6.30,10.30
2007.08.29 05:56:38.782,2.2852,2.28575,5.50,0.50
2007.08.29 05:56:39.046,2.2852,2.2856,5.50,0.50
2007.08.29 05:56:39.309,2.285,2.2857,9.50,17.40
2007.08.29 05:56:39.350,2.285,2.28565,8.70,15.10
2007.08.29 05:56:39.405,2.285,2.2856,8.70,0.60
2007.08.29 05:56:39.515,2.285,2.2855,3.20,0.60
2007.08.29 05:56:39.552,2.285,2.2856,0.80,18.20
2007.08.29 05:56:40.230,2.285,2.2856,0.80,24.60
2007.08.29 05:56:40.245,2.285,2.2855,0.80,11.10
2007.08.29 05:56:41.219,2.285,2.28555,0.80,19.10
2007.08.29 05:56:42.343,2.285,2.2854,0.80,0.70
2007.08.29 05:56:43.419,2.285,2.28555,0.80,11.90
2007.08.29 05:56:44.199,2.285,2.2855,0.80,7.10
2007.08.29 05:56:44.360,2.285,2.2855,0.80,9.40
2007.08.29 05:56:45.692,2.285,2.2854,0.80,0.80
2007.08.29 05:56:45.811,2.285,2.28545,0.80,12.70
2007.08.29 05:56:46.027,2.285,2.2854,0.80,12.70
2007.08.29 05:56:46.040,2.285,2.2853,0.80,0.80
2007.08.29 05:56:46.343,2.285,2.2853,0.80,2.40
2007.08.29 05:56:46.627,2.285,2.2853,0.80,2.40
2007.08.29 05:56:47.545,2.285,2.2854,0.80,11.90
2007.08.29 05:56:49.015,2.285,2.2854,0.80,7.90
2007.08.29 05:56:49.162,2.285,2.2854,0.80,8.70
2007.08.29 05:56:49.289,2.285,2.2854,0.80,13.50
2007.08.29 05:56:49.311,2.285,2.2854,0.80,18.30
2007.08.29 05:56:50.092,2.285,2.2852,0.80,1.60
2007.08.29 05:56:52.433,2.2847,2.2852,5.50,1.60
2007.08.29 05:56:52.855,2.285,2.2852,0.80,1.60
2007.08.29 05:56:53.380,2.2847,2.2852,5.50,1.60
2007.08.29 05:56:53.486,2.2847,2.2853,5.50,11.10
2007.08.29 05:56:53.889,2.2847,2.2853,5.50,13.50
2007.08.29 05:56:53.953,2.2847,2.2853,5.50,14.30
2007.08.29 05:56:54.001,2.2847,2.2853,5.50,18.30
2007.08.29 05:56:55.236,2.2847,2.2852,5.50,2.40
2007.08.29 05:56:55.277,2.2847,2.2852,5.50,4.00
2007.08.29 05:56:55.312,2.2845,2.2851,5.50,5.50
2007.08.29 05:56:55.950,2.2844,2.2849,4.80,5.50
2007.08.29 05:56:56.033,2.2844,2.2849,4.00,5.50
2007.08.29 05:56:56.057,2.2843,2.2849,15.10,5.50
2007.08.29 05:56:56.144,2.2843,2.2849,14.30,5.50
2007.08.29 05:56:56.241,2.2843,2.2849,14.30,6.70
2007.08.29 05:56:56.263,2.2843,2.2849,11.10,7.50
2007.08.29 05:56:56.348,2.2843,2.2849,6.30,7.50
2007.08.29 05:56:56.362,2.2843,2.2849,5.50,6.30
2007.08.29 05:56:56.370,2.2843,2.2849,5.50,5.50
2007.08.29 05:56:56.867,2.2843,2.2849,6.70,5.50
2007.08.29 05:56:56.976,2.2843,2.2849,7.50,5.50
2007.08.29 05:56:56.985,2.2843,2.2849,6.30,5.50
2007.08.29 05:56:57.073,2.28435,2.2849,0.80,5.50
2007.08.29 05:56:57.205,2.2846,2.2849,2.40,5.50
2007.08.29 05:56:57.278,2.2846,2.28505,7.90,4.00
2007.08.29 05:56:57.397,2.2846,2.285,7.90,1.60
2007.08.29 05:56:57.917,2.2845,2.285,5.40,7.10
2007.08.29 05:56:58.117,2.2845,2.285,5.20,7.10
2007.08.29 05:56:58.154,2.2845,2.285,1.00,7.10
2007.08.29 05:56:58.243,2.2845,2.285,0.80,7.10
2007.08.29 05:56:58.497,2.2844,2.285,7.90,7.10
2007.08.29 05:56:58.679,2.2844,2.285,7.90,5.50
2007.08.29 05:56:58.735,2.2844,2.285,5.50,5.50
2007.08.29 05:56:58.742,2.28435,2.285,0.20,7.90
2007.08.29 05:56:58.835,2.28435,2.285,0.20,8.70
2007.08.29 05:56:58.847,2.28435,2.285,0.20,9.50
2007.08.29 05:56:58.961,2.28435,2.285,0.20,10.70
2007.08.29 05:56:58.991,2.2842,2.285,5.50,14.70
2007.08.29 05:56:59.352,2.2842,2.285,5.50,13.90
2007.08.29 05:56:59.385,2.2842,2.285,5.50,12.70
2007.08.29 05:56:59.472,2.2842,2.285,6.30,11.90
2007.08.29 05:56:59.531,2.2842,2.285,10.30,9.50
2007.08.29 05:56:59.666,2.2842,2.285,10.30,11.90
2007.08.29 05:56:59.786,2.2842,2.2848,10.30,5.50
2007.08.29 05:56:59.799,2.2842,2.2848,6.30,5.50
2007.08.29 05:57:00.161,2.2842,2.2848,5.50,5.50
2007.08.29 05:57:01.003,2.2842,2.2848,5.50,7.10
2007.08.29 05:57:01.664,2.2841,2.2848,21.10,7.10
2007.08.29 05:57:02.238,2.2843,2.2848,3.20,7.10
2007.08.29 05:57:02.251,2.2843,2.2848,16.20,1.60
2007.08.29 05:57:02.376,2.28435,2.2849,11.90,1.60
2007.08.29 05:57:03.273,2.28435,2.2849,10.30,1.60
2007.08.29 05:57:03.837,2.28435,2.285,6.30,7.10
2007.08.29 05:57:05.117,2.28435,2.285,6.30,5.50
2007.08.29 05:57:06.375,2.28435,2.285,6.30,7.10
2007.08.29 05:57:07.157,2.28435,2.285,7.10,7.10
2007.08.29 05:57:07.186,2.28435,2.285,8.30,7.10
2007.08.29 05:57:07.262,2.2844,2.285,13.80,7.10
2007.08.29 05:57:07.300,2.2845,2.285,18.20,1.60
2007.08.29 05:57:07.396,2.2846,2.285,11.80,1.60
2007.08.29 05:57:07.467,2.2846,2.2851,15.80,1.60
2007.08.29 05:57:08.507,2.2846,2.2852,16.60,1.60
2007.08.29 05:57:10.543,2.2846,2.2853,16.60,7.10
2007.08.29 05:57:11.697,2.2846,2.2853,16.60,9.50
2007.08.29 05:57:11.764,2.28455,2.2852,11.60,5.50
2007.08.29 05:57:11.868,2.2845,2.2852,21.80,5.50
2007.08.29 05:57:12.124,2.2845,2.2852,18.30,5.50
2007.08.29 05:57:12.452,2.2845,2.2852,20.70,5.50
2007.08.29 05:57:12.465,2.2845,2.2852,30.20,5.50
2007.08.29 05:57:13.342,2.28455,2.2852,14.30,5.50
2007.08.29 05:57:13.387,2.2846,2.2853,15.50,7.10
2007.08.29 05:57:13.697,2.2847,2.2853,17.00,1.60
2007.08.29 05:57:13.912,2.2849,2.2853,7.80,1.60
2007.08.29 05:57:13.931,2.2849,2.2854,7.80,1.60
2007.08.29 05:57:15.191,2.2849,2.2855,10.20,1.60
2007.08.29 05:57:17.027,2.2849,2.2856,10.20,7.90
2007.08.29 05:57:17.034,2.2849,2.2856,14.20,8.70
2007.08.29 05:57:17.189,2.2849,2.2856,11.80,11.10
2007.08.29 05:57:17.233,2.28485,2.2855,9.50,5.50
2007.08.29 05:57:18.214,2.2848,2.2855,16.70,5.50
2007.08.29 05:57:18.339,2.2849,2.2856,14.20,11.10
2007.08.29 05:57:18.360,2.2849,2.2856,14.20,7.10
2007.08.29 05:57:18.523,2.2849,2.2856,11.80,9.50
2007.08.29 05:57:18.551,2.2849,2.2855,7.80,1.60
2007.08.29 05:57:18.757,2.28475,2.2854,9.50,5.50
2007.08.29 05:57:18.819,2.2847,2.2854,18.60,7.90
2007.08.29 05:57:19.563,2.2847,2.2854,18.60,9.50
2007.08.29 05:57:20.324,2.2846,2.2852,25.80,5.50
2007.08.29 05:57:20.331,2.2846,2.2852,25.80,5.50
2007.08.29 05:57:20.377,2.2846,2.2852,21.90,5.50
2007.08.29 05:57:20.414,2.2845,2.2852,32.20,5.50
2007.08.29 05:57:21.718,2.2846,2.2852,21.10,5.50
2007.08.29 05:57:21.793,2.2847,2.2854,14.20,7.10
2007.08.29 05:57:21.894,2.2847,2.2853,18.20,1.60
2007.08.29 05:57:21.986,2.2847,2.2853,27.00,1.60
2007.08.29 05:57:23.161,2.28475,2.2854,15.10,7.10
2007.08.29 05:57:23.540,2.28475,2.2854,11.10,7.10
2007.08.29 05:57:23.660,2.28475,2.2854,10.30,7.10
2007.08.29 05:57:23.737,2.28475,2.2854,9.50,7.10
2007.08.29 05:57:24.258,2.28475,2.2854,9.50,5.50
2007.08.29 05:57:25.710,2.28475,2.2854,15.80,5.50
2007.08.29 05:57:25.801,2.2849,2.2855,15.80,1.60
2007.08.29 05:57:26.223,2.2849,2.2855,18.30,7.10
2007.08.29 05:57:26.330,2.28485,2.2855,14.30,7.10
2007.08.29 05:57:26.424,2.28485,2.2855,13.50,7.10
2007.08.29 05:57:27.027,2.28485,2.2855,13.50,5.50
2007.08.29 05:57:27.762,2.28485,2.2854,8.00,5.50
2007.08.29 05:57:27.884,2.28475,2.2854,9.50,5.50
2007.08.29 05:57:30.730,2.28475,2.2855,13.50,9.50
2007.08.29 05:57:30.765,2.28475,2.2855,13.50,7.10
2007.08.29 05:57:34.178,2.28485,2.2855,13.50,9.50
2007.08.29 05:57:34.291,2.28485,2.2854,8.00,5.50
2007.08.29 05:57:34.378,2.28475,2.2854,9.50,5.50
2007.08.29 05:57:35.435,2.28475,2.2854,10.30,5.50
2007.08.29 05:57:35.518,2.28475,2.2853,4.80,5.50
2007.08.29 05:57:35.611,2.2848,2.2853,4.80,5.50
2007.08.29 05:57:35.740,2.28485,2.2855,9.50,9.50
2007.08.29 05:57:37.126,2.2848,2.2855,16.60,7.90
2007.08.29 05:57:37.470,2.2848,2.2855,16.60,7.90
2007.08.29 05:57:37.561,2.2848,2.2855,19.80,7.90
2007.08.29 05:57:38.199,2.2848,2.2855,23.80,7.90
2007.08.29 05:57:38.438,2.28485,2.2855,15.10,5.50
2007.08.29 05:57:41.198,2.2849,2.2855,15.10,5.50
2007.08.29 05:57:41.393,2.2849,2.2855,15.90,5.50
2007.08.29 05:57:41.420,2.2849,2.2855,16.70,5.50
2007.08.29 05:57:42.028,2.285,2.2856,9.50,7.10
2007.08.29 05:57:43.249,2.285,2.2855,9.50,2.40
2007.08.29 05:57:43.258,2.28495,2.2854,5.60,5.50
2007.08.29 05:57:43.389,2.2849,2.2854,0.80,5.50
2007.08.29 05:57:43.540,2.2848,2.2854,9.50,5.50
2007.08.29 05:57:43.887,2.2848,2.2854,10.30,5.50
2007.08.29 05:57:43.933,2.28485,2.2854,4.00,5.50
2007.08.29 05:57:44.506,2.28485,2.2853,4.00,5.50
2007.08.29 05:57:44.739,2.28475,2.2853,4.00,5.50
2007.08.29 05:57:47.077,2.2847,2.2853,6.30,5.50
2007.08.29 05:57:47.346,2.28475,2.2853,4.00,5.50
2007.08.29 05:57:47.725,2.2848,2.2853,0.80,5.50
2007.08.29 05:57:47.831,2.2848,2.2853,4.80,5.50
2007.08.29 05:57:48.045,2.2848,2.2854,14.30,7.10
2007.08.29 05:57:48.125,2.28485,2.2854,4.00,7.10
2007.08.29 05:57:48.385,2.28485,2.2854,4.00,5.50
2007.08.29 05:57:48.537,2.28485,2.2854,0.60,5.50
2007.08.29 05:57:54.673,2.28485,2.2854,4.80,5.50
2007.08.29 05:57:54.770,2.2849,2.2854,2.20,5.50
2007.08.29 05:57:57.201,2.2848,2.2854,22.30,5.50
2007.08.29 05:57:57.229,2.2848,2.2854,23.50,5.50
2007.08.29 05:57:57.343,2.2849,2.2855,21.80,1.60
2007.08.29 05:57:57.363,2.2849,2.2856,21.80,10.20
2007.08.29 05:57:57.709,2.2849,2.2856,24.20,7.10
2007.08.29 05:57:57.743,2.285,2.2856,2.60,7.10
2007.08.29 05:57:57.837,2.2849,2.2856,25.90,7.10
2007.08.29 05:57:58.207,2.2849,2.2856,23.50,9.50
2007.08.29 05:57:58.272,2.2849,2.2856,23.50,9.50
2007.08.29 05:57:58.349,2.2849,2.2856,23.50,7.90
2007.08.29 05:57:59.819,2.2849,2.2855,10.30,5.50
2007.08.29 05:57:59.911,2.2848,2.2855,25.90,5.50
2007.08.29 05:58:00.152,2.2849,2.2855,3.40,5.50
2007.08.29 05:58:00.264,2.285,2.2856,4.90,5.50
2007.08.29 05:58:00.343,2.285,2.2856,1.00,5.50
2007.08.29 05:58:00.399,2.2849,2.2856,28.30,5.50
2007.08.29 05:58:01.484,2.28495,2.2856,19.10,7.90
2007.08.29 05:58:01.588,2.285,2.2855,1.40,5.50
2007.08.29 05:58:01.804,2.2849,2.2855,19.50,5.50
2007.08.29 05:58:01.876,2.28485,2.2855,16.70,5.50
2007.08.29 05:58:02.012,2.28485,2.2855,15.90,5.50
2007.08.29 05:58:02.723,2.2849,2.2855,3.40,7.90
2007.08.29 05:58:02.792,2.2849,2.2855,0.70,7.90
2007.08.29 05:58:02.929,2.2849,2.2855,0.70,7.90
2007.08.29 05:58:03.495,2.2849,2.2855,2.10,5.50
2007.08.29 05:58:03.554,2.285,2.2856,2.80,7.10
2007.08.29 05:58:03.647,2.28485,2.2856,15.10,7.10
2007.08.29 05:58:03.758,2.2849,2.2856,18.30,7.10
2007.08.29 05:58:03.866,2.285,2.2856,0.70,7.10
2007.08.29 05:58:03.921,2.2849,2.2856,16.70,7.10
2007.08.29 05:58:04.231,2.2851,2.2856,0.50,7.10
2007.08.29 05:58:04.280,2.2851,2.2856,2.80,7.10
2007.08.29 05:58:04.382,2.2851,2.2856,0.90,7.10
2007.08.29 05:58:04.505,2.2849,2.2855,19.90,1.60
2007.08.29 05:58:04.721,2.2849,2.2855,19.90,1.60
2007.08.29 05:58:04.911,2.2849,2.2855,16.70,1.60
2007.08.29 05:58:06.152,2.2849,2.2855,22.20,1.60
2007.08.29 05:58:06.289,2.2849,2.2855,16.70,1.60
2007.08.29 05:58:06.550,2.2849,2.2856,19.10,7.10
2007.08.29 05:58:06.794,2.2849,2.2856,27.10,7.10
2007.08.29 05:58:06.841,2.285,2.2856,10.30,7.10
2007.08.29 05:58:07.152,2.28505,2.2856,9.50,1.60
2007.08.29 05:58:07.693,2.28505,2.2857,9.50,1.60
2007.08.29 05:58:09.702,2.285,2.2856,18.20,2.40
2007.08.29 05:58:09.761,2.2849,2.2856,26.20,7.90
2007.08.29 05:58:09.894,2.2849,2.2856,17.50,11.90
2007.08.29 05:58:09.989,2.28485,2.2856,10.30,11.90
2007.08.29 05:58:10.176,2.28485,2.2856,6.30,13.50
2007.08.29 05:58:10.289,2.2849,2.2856,9.50,9.50
2007.08.29 05:58:10.537,2.2849,2.2856,13.50,7.10
2007.08.29 05:58:10.706,2.2849,2.2856,10.30,11.10
2007.08.29 05:58:10.718,2.2849,2.2856,10.30,13.50
2007.08.29 05:58:10.734,2.2849,2.2856,6.30,17.50
2007.08.29 05:58:10.827,2.28485,2.2856,6.30,18.30
2007.08.29 05:58:11.000,2.28485,2.2855,6.30,1.60
2007.08.29 05:58:11.175,2.28485,2.2856,6.30,18.30
2007.08.29 05:58:11.541,2.28485,2.2855,6.30,5.50
2007.08.29 05:58:12.579,2.2848,2.2855,7.10,7.10
2007.08.29 05:58:16.175,2.2848,2.2855,18.20,7.10
2007.08.29 05:58:16.261,2.2849,2.2855,14.20,1.60
2007.08.29 05:58:17.092,2.285,2.2855,12.60,1.60
2007.08.29 05:58:17.263,2.285,2.2856,16.60,1.60
2007.08.29 05:58:18.293,2.285,2.2857,16.60,7.10
2007.08.29 05:58:20.061,2.285,2.2857,21.40,7.10
2007.08.29 05:58:20.076,2.2851,2.2857,15.80,1.60
2007.08.29 05:58:20.320,2.2851,2.2858,15.80,7.10
2007.08.29 05:58:20.595,2.285,2.2857,26.60,5.50
2007.08.29 05:58:20.707,2.285,2.2857,26.60,5.50
2007.08.29 05:58:20.799,2.285,2.2857,23.40,5.50
2007.08.29 05:58:20.870,2.28505,2.2857,9.50,5.50
2007.08.29 05:58:22.180,2.28505,2.2857,9.70,7.90
2007.08.29 05:58:22.273,2.285,2.2855,13.80,5.50
2007.08.29 05:58:22.539,2.2849,2.2855,18.00,5.50
2007.08.29 05:58:22.576,2.2849,2.2855,14.00,5.50
2007.08.29 05:58:22.589,2.2849,2.2855,13.80,5.50
2007.08.29 05:58:22.670,2.2849,2.2855,13.00,5.50
2007.08.29 05:58:22.794,2.2849,2.2855,6.30,5.50
2007.08.29 05:58:22.823,2.28485,2.2855,9.70,5.50
2007.08.29 05:58:23.299,2.28485,2.2855,10.50,5.50
2007.08.29 05:58:23.405,2.28485,2.2855,9.70,5.50
2007.08.29 05:58:23.607,2.28485,2.2855,10.50,5.50
2007.08.29 05:58:23.634,2.28485,2.2855,10.60,5.50
2007.08.29 05:58:23.711,2.28485,2.2855,12.60,5.50
2007.08.29 05:58:23.732,2.2849,2.2855,18.60,5.50
2007.08.29 05:58:23.828,2.285,2.2856,15.20,1.60
2007.08.29 05:58:24.225,2.28505,2.2857,9.70,7.10
2007.08.29 05:58:25.366,2.28505,2.2857,5.80,5.50
2007.08.29 05:58:28.224,2.285,2.28565,13.00,4.00
2007.08.29 05:58:28.255,2.285,2.2856,13.00,2.40
2007.08.29 05:58:28.270,2.2849,2.2855,17.60,5.50
2007.08.29 05:58:28.338,2.2849,2.2855,9.60,5.50
2007.08.29 05:58:28.363,2.2849,2.2855,9.80,5.50
2007.08.29 05:58:28.460,2.2849,2.2855,5.90,5.50
2007.08.29 05:58:28.518,2.2849,2.2855,5.70,5.50
2007.08.29 05:58:28.565,2.28485,2.2855,6.30,5.50
2007.08.29 05:58:29.317,2.2849,2.2856,9.50,5.50
2007.08.29 05:58:29.374,2.2849,2.2856,9.50,7.10
2007.08.29 05:58:30.414,2.2849,2.2856,13.50,5.50
2007.08.29 05:58:31.168,2.2849,2.2856,9.50,7.10
2007.08.29 05:58:31.242,2.2849,2.2856,9.50,9.50
2007.08.29 05:58:31.296,2.28485,2.2855,6.30,5.50
2007.08.29 05:58:34.032,2.2848,2.2854,21.20,5.50
2007.08.29 05:58:35.291,2.2849,2.2856,7.80,18.30
2007.08.29 05:58:35.404,2.2849,2.2856,7.80,14.30
2007.08.29 05:58:35.488,2.2849,2.2855,7.80,1.60
2007.08.29 05:58:37.223,2.2849,2.2856,11.80,7.10
2007.08.29 05:58:38.769,2.285,2.2856,11.80,1.60
2007.08.29 05:58:38.844,2.285,2.2857,15.80,7.10
2007.08.29 05:58:39.885,2.285,2.2858,21.30,10.30
2007.08.29 05:58:40.025,2.285,2.2859,15.40,25.00
2007.08.29 05:58:40.529,2.28505,2.2859,4.80,24.20
2007.08.29 05:58:40.858,2.285,2.2859,21.00,25.00
2007.08.29 05:58:40.926,2.285,2.2859,21.80,25.00
2007.08.29 05:58:41.419,2.285,2.2858,21.80,7.10
2007.08.29 05:58:44.749,2.28505,2.2858,5.60,7.10
2007.08.29 05:58:44.760,2.28505,2.2858,6.40,7.10
2007.08.29 05:58:44.820,2.28505,2.2858,6.40,7.10
2007.08.29 05:58:44.856,2.28505,2.2858,5.60,7.10
2007.08.29 05:58:45.071,2.2852,2.2857,0.80,0.90
2007.08.29 05:58:45.152,2.28505,2.2858,4.00,13.50
2007.08.29 05:58:45.315,2.285,2.2857,16.60,0.80
2007.08.29 05:58:45.559,2.285,2.2858,15.80,13.50
2007.08.29 05:58:45.571,2.285,2.2857,14.60,0.90
2007.08.29 05:58:46.137,2.285,2.2858,14.60,13.50
2007.08.29 05:58:47.765,2.285,2.2858,20.10,13.50
2007.08.29 05:58:49.691,2.285,2.2857,16.10,0.90
2007.08.29 05:58:49.725,2.285,2.2857,10.60,7.10
2007.08.29 05:58:49.775,2.285,2.2857,6.60,7.10
2007.08.29 05:58:49.855,2.285,2.2858,11.20,18.30
2007.08.29 05:58:49.997,2.285,2.2857,11.10,0.90
2007.08.29 05:58:50.040,2.2851,2.2857,4.00,0.80
2007.08.29 05:58:50.162,2.2851,2.2858,4.00,7.90
2007.08.29 05:58:50.257,2.2851,2.2858,8.00,7.90
2007.08.29 05:58:50.372,2.2851,2.2857,8.80,0.60
2007.08.29 05:58:50.541,2.2851,2.2858,8.80,0.60
2007.08.29 05:58:51.747,2.2851,2.2858,8.80,0.50
2007.08.29 05:58:51.816,2.2851,2.2857,4.80,0.60
2007.08.29 05:58:51.845,2.2851,2.2857,0.80,0.50
2007.08.29 05:58:52.111,2.2851,2.2858,0.80,17.80
2007.08.29 05:58:52.324,2.285,2.2858,6.50,17.80
2007.08.29 05:58:52.376,2.285,2.2856,1.70,0.70
2007.08.29 05:58:52.421,2.285,2.2856,0.90,0.80
2007.08.29 05:58:52.453,2.285,2.2856,0.80,0.80
2007.08.29 05:58:52.765,2.2851,2.2857,4.00,0.90
2007.08.29 05:58:52.806,2.2851,2.2858,10.30,11.90
2007.08.29 05:58:52.850,2.2851,2.2858,14.50,11.90
2007.08.29 05:58:52.908,2.28515,2.2858,4.10,7.90
2007.08.29 05:58:53.576,2.2852,2.2857,4.00,0.80
2007.08.29 05:58:53.660,2.2852,2.2859,8.00,9.40
2007.08.29 05:58:53.676,2.2852,2.2859,15.10,7.10
2007.08.29 05:58:53.833,2.2852,2.2859,15.90,7.10
2007.08.29 05:58:53.893,2.2852,2.2858,16.70,0.50
2007.08.29 05:58:54.731,2.2853,2.2858,5.50,0.60
2007.08.29 05:58:55.137,2.2852,2.2857,7.20,0.80
2007.08.29 05:58:55.150,2.2852,2.2859,3.20,11.40
2007.08.29 05:58:55.284,2.2852,2.2859,1.60,11.40
2007.08.29 05:58:55.434,2.2852,2.2859,0.80,11.40
2007.08.29 05:58:55.672,2.28515,2.2857,4.10,0.50
2007.08.29 05:58:55.809,2.28515,2.2856,4.10,0.60
2007.08.29 05:58:55.948,2.2851,2.2858,0.20,25.00
2007.08.29 05:58:55.981,2.285,2.2858,9.40,25.00
2007.08.29 05:58:56.086,2.285,2.2856,5.50,0.60
2007.08.29 05:58:59.701,2.285,2.2856,5.50,0.80
2007.08.29 05:59:00.637,2.285,2.2856,5.50,0.80
2007.08.29 05:59:00.733,2.285,2.2857,5.50,15.10
2007.08.29 05:59:00.807,2.2849,2.2856,10.30,11.90
2007.08.29 05:59:00.887,2.2849,2.2855,5.50,0.50
2007.08.29 05:59:01.255,2.2849,2.2855,5.50,0.70
2007.08.29 05:59:01.531,2.2849,2.2856,6.30,11.90
2007.08.29 05:59:01.550,2.2849,2.2855,7.10,0.50
2007.08.29 05:59:01.600,2.2849,2.2856,7.90,11.90
2007.08.29 05:59:05.132,2.2849,2.2855,7.10,0.50
2007.08.29 05:59:05.187,2.2849,2.2855,6.30,7.90
2007.08.29 05:59:05.233,2.2849,2.2855,0.80,14.20
2007.08.29 05:59:05.252,2.2848,2.2854,10.30,0.60
2007.08.29 05:59:05.549,2.2848,2.2855,9.50,14.20
2007.08.29 05:59:05.588,2.2848,2.2854,5.50,0.70
2007.08.29 05:59:07.243,2.2848,2.2855,5.50,14.20
2007.08.29 05:59:07.307,2.2849,2.28555,5.50,11.90
2007.08.29 05:59:07.371,2.2849,2.2855,5.50,0.80
2007.08.29 05:59:08.675,2.2849,2.2854,5.50,0.70
2007.08.29 05:59:08.740,2.28485,2.2855,0.80,15.80
2007.08.29 05:59:08.907,2.2848,2.2855,6.30,19.80
2007.08.29 05:59:09.216,2.2848,2.2854,6.30,7.90
2007.08.29 05:59:09.267,2.2848,2.2854,0.80,11.90
2007.08.29 05:59:10.189,2.2848,2.2853,6.30,0.80
2007.08.29 05:59:10.214,2.2848,2.2854,6.30,11.10
2007.08.29 05:59:10.744,2.2848,2.2853,10.30,0.90
2007.08.29 05:59:11.231,2.2848,2.2854,11.10,9.50
2007.08.29 05:59:11.512,2.2848,2.2854,11.10,0.50
2007.08.29 05:59:12.155,2.2848,2.2854,5.60,9.50
2007.08.29 05:59:12.368,2.2848,2.2853,4.80,0.90
2007.08.29 05:59:12.639,2.2848,2.2853,0.80,0.70
2007.08.29 05:59:13.291,2.2848,2.2854,1.60,9.50
2007.08.29 05:59:13.433,2.28485,2.2853,4.00,0.80
2007.08.29 05:59:13.675,2.2848,2.2853,1.60,0.70
2007.08.29 05:59:13.707,2.2848,2.2854,0.80,9.50
2007.08.29 05:59:14.185,2.2848,2.2854,6.30,0.50
2007.08.29 05:59:15.073,2.2849,2.2854,0.80,0.70
2007.08.29 05:59:15.116,2.285,2.28555,5.50,8.80
2007.08.29 05:59:15.172,2.285,2.2854,5.50,0.70
2007.08.29 05:59:15.234,2.2849,2.28555,11.60,11.90
2007.08.29 05:59:15.282,2.2849,2.2855,12.40,9.50
2007.08.29 05:59:15.334,2.2849,2.2855,14.00,9.50
2007.08.29 05:59:15.373,2.2849,2.2854,14.80,0.90
2007.08.29 05:59:15.504,2.28495,2.2855,4.00,9.50
2007.08.29 05:59:15.655,2.285,2.2855,8.00,9.50
2007.08.29 05:59:15.685,2.285,2.2856,8.80,9.40
2007.08.29 05:59:15.776,2.285,2.2856,16.30,7.10
2007.08.29 05:59:15.806,2.285,2.2854,17.10,0.80
2007.08.29 05:59:15.861,2.285,2.2856,21.90,7.10
2007.08.29 05:59:15.866,2.2852,2.2858,9.50,12.70
2007.08.29 05:59:15.902,2.2852,2.2859,9.50,15.90
2007.08.29 05:59:15.971,2.2852,2.2858,13.50,0.50
2007.08.29 05:59:16.139,2.2852,2.2859,13.50,7.90
2007.08.29 05:59:16.175,2.2852,2.2859,13.70,7.90
2007.08.29 05:59:16.304,2.2852,2.2858,13.90,0.70
2007.08.29 05:59:16.374,2.2852,2.2859,18.00,7.90
2007.08.29 05:59:16.393,2.2852,2.2859,18.80,7.90
2007.08.29 05:59:17.389,2.2852,2.2858,18.80,7.10
2007.08.29 05:59:18.159,2.2852,2.2858,5.30,13.40
2007.08.29 05:59:18.255,2.2852,2.2857,4.30,9.50
2007.08.29 05:59:18.498,2.2852,2.2857,4.10,9.50
2007.08.29 05:59:18.505,2.2851,2.2857,0.80,9.50
2007.08.29 05:59:18.793,2.28505,2.2856,0.80,0.70
2007.08.29 05:59:19.332,2.285,2.2857,9.50,9.50
2007.08.29 05:59:27.038,2.285,2.2857,9.50,11.10
2007.08.29 05:59:27.294,2.285,2.2857,9.50,11.90
2007.08.29 05:59:27.757,2.285,2.2856,9.50,11.90
2007.08.29 05:59:27.769,2.28495,2.2854,4.10,0.90
2007.08.29 05:59:27.826,2.28495,2.2855,0.20,7.90
2007.08.29 05:59:28.080,2.2848,2.2855,9.50,7.90
2007.08.29 05:59:28.803,2.2848,2.2855,11.90,9.50
2007.08.29 05:59:28.854,2.2848,2.2855,14.30,9.50
2007.08.29 05:59:28.892,2.2848,2.2854,16.70,0.50
2007.08.29 05:59:29.727,2.2848,2.2855,17.90,9.50
2007.08.29 05:59:29.846,2.2848,2.2854,18.70,0.60
2007.08.29 05:59:30.138,2.285,2.2856,5.50,20.70
2007.08.29 05:59:30.156,2.285,2.2856,5.50,20.70
2007.08.29 05:59:30.769,2.285,2.2855,9.50,1.60
2007.08.29 05:59:30.893,2.285,2.2855,10.30,1.60
2007.08.29 05:59:31.133,2.285,2.2855,14.30,1.60
2007.08.29 05:59:31.180,2.285,2.2855,16.30,1.60
2007.08.29 05:59:32.618,2.285,2.2855,15.50,1.60
2007.08.29 05:59:32.702,2.285,2.2855,8.80,7.10
2007.08.29 05:59:32.819,2.285,2.2855,4.00,7.10
2007.08.29 05:59:32.946,2.2849,2.2855,11.70,5.50
2007.08.29 05:59:33.025,2.2849,2.2855,11.60,5.50
2007.08.29 05:59:33.129,2.2849,2.2855,11.60,7.90
2007.08.29 05:59:33.221,2.2849,2.2854,7.60,5.50
2007.08.29 05:59:33.436,2.2849,2.2854,6.80,5.50
2007.08.29 05:59:33.446,2.2849,2.2854,6.00,5.50
2007.08.29 05:59:33.514,2.2849,2.2854,2.00,5.50
2007.08.29 05:59:33.651,2.2849,2.2854,1.20,5.50
2007.08.29 05:59:33.748,2.2848,2.2854,8.40,5.50
2007.08.29 05:59:35.202,2.2848,2.2854,7.60,7.90
2007.08.29 05:59:35.214,2.2848,2.2854,11.90,7.90
2007.08.29 05:59:35.309,2.2848,2.2854,11.10,7.90
2007.08.29 05:59:35.402,2.2848,2.2854,7.10,7.90
2007.08.29 05:59:35.798,2.2848,2.2854,7.10,5.50
2007.08.29 05:59:35.848,2.2849,2.2855,5.50,9.50
2007.08.29 05:59:36.290,2.2848,2.2854,7.90,5.50
2007.08.29 05:59:36.393,2.2848,2.2854,11.90,9.50
2007.08.29 05:59:36.406,2.2848,2.2854,11.90,7.10
2007.08.29 05:59:36.853,2.2848,2.2854,7.90,9.50
2007.08.29 05:59:36.972,2.2848,2.2854,7.10,9.50
2007.08.29 05:59:37.384,2.2848,2.2854,7.10,7.90
2007.08.29 05:59:38.002,2.2848,2.2854,7.90,7.90
2007.08.29 05:59:38.014,2.2849,2.2854,0.80,7.90
2007.08.29 05:59:38.210,2.28495,2.2854,0.80,7.90
2007.08.29 05:59:38.232,2.285,2.2854,5.50,2.40
2007.08.29 05:59:38.725,2.285,2.2855,5.50,1.60
2007.08.29 05:59:39.141,2.2851,2.2855,0.80,1.60
2007.08.29 05:59:39.206,2.2852,2.2855,5.50,1.60
2007.08.29 05:59:39.334,2.2852,2.2858,5.50,12.60
2007.08.29 05:59:39.352,2.2852,2.2858,5.50,13.40
2007.08.29 05:59:39.442,2.2852,2.2858,5.50,7.90
2007.08.29 05:59:39.582,2.2852,2.2856,5.50,1.60
2007.08.29 05:59:39.749,2.2852,2.2856,9.50,1.60
2007.08.29 05:59:39.838,2.2852,2.2856,14.30,1.60
2007.08.29 05:59:39.888,2.2852,2.2856,18.30,1.60
2007.08.29 05:59:40.372,2.2852,2.2856,8.60,1.60
2007.08.29 05:59:41.089,2.2852,2.2857,0.50,1.60
2007.08.29 05:59:42.079,2.28515,2.2858,19.20,7.10
2007.08.29 05:59:46.019,2.28515,2.2858,19.20,5.50
2007.08.29 05:59:46.051,2.2852,2.2858,19.10,5.50
2007.08.29 05:59:46.126,2.2854,2.2858,0.80,5.50
2007.08.29 05:59:46.269,2.2854,2.2859,0.80,1.60
2007.08.29 05:59:46.346,2.28535,2.2859,16.30,1.60
2007.08.29 05:59:46.498,2.2854,2.2859,2.30,1.60
2007.08.29 05:59:46.640,2.2854,2.2859,9.40,1.60
2007.08.29 05:59:46.673,2.28535,2.2859,18.40,1.60
2007.08.29 05:59:46.721,2.28545,2.2859,2.20,1.60
2007.08.29 05:59:46.943,2.28545,2.286,2.20,7.10
2007.08.29 05:59:47.261,2.2854,2.286,18.30,9.50
2007.08.29 05:59:47.297,2.28545,2.286,9.50,4.00
2007.08.29 05:59:48.275,2.2855,2.286,1.60,2.40
2007.08.29 05:59:49.808,2.2854,2.2859,2.00,5.50
2007.08.29 05:59:49.868,2.2854,2.2859,0.80,7.90
2007.08.29 05:59:49.897,2.2853,2.2859,10.70,7.90
2007.08.29 05:59:50.129,2.28525,2.2859,11.30,7.90
2007.08.29 05:59:50.192,2.28525,2.2859,10.50,7.90
2007.08.29 05:59:50.274,2.2853,2.2859,2.30,7.90
2007.08.29 05:59:53.856,2.2853,2.2859,2.00,5.50
2007.08.29 05:59:56.771,2.28525,2.2858,9.60,2.40
2007.08.29 05:59:58.231,2.28505,2.2858,10.40,7.90
2007.08.29 05:59:58.290,2.2852,2.2858,2.30,13.50
2007.08.29 05:59:58.332,2.2852,2.2858,1.60,14.30
2007.08.29 05:59:58.494,2.2851,2.2858,9.60,15.10
2007.08.29 05:59:58.576,2.28515,2.2858,5.70,11.90
