2015.04.30 17:00:00.127,1.83461,1.83478,1.00,1.65
2015.04.30 17:00:00.228,1.83459,1.83478,1.00,2.25
2015.04.30 17:00:00.330,1.83459,1.83477,1.00,1.17
2015.04.30 17:00:00.836,1.83459,1.83475,1.00,1.17
2015.04.30 17:00:01.195,1.83459,1.83475,1.00,1.82
2015.04.30 17:00:01.246,1.83456,1.83473,1.00,1.50
2015.04.30 17:00:01.347,1.83453,1.83471,1.50,1.50
2015.04.30 17:00:01.449,1.83454,1.8347,1.00,1.00
2015.04.30 17:00:02.816,1.83456,1.8347,1.00,1.00
2015.04.30 17:00:03.122,1.83456,1.83469,1.00,1.50
2015.04.30 17:00:03.225,1.83456,1.8347,1.00,1.07
2015.04.30 17:00:03.448,1.83453,1.83471,1.00,1.50
2015.04.30 17:00:03.864,1.83453,1.83471,1.00,1.20
2015.04.30 17:00:04.526,1.83456,1.83471,1.00,1.00
2015.04.30 17:00:04.931,1.83465,1.83472,1.00,1.00
2015.04.30 17:00:05.033,1.83465,1.83482,1.00,1.65
2015.04.30 17:00:05.185,1.83465,1.83483,1.10,1.00
2015.04.30 17:00:05.290,1.83465,1.83485,1.57,1.00
2015.04.30 17:00:05.444,1.83465,1.83487,1.57,1.00
2015.04.30 17:00:06.519,1.83468,1.83487,1.00,1.50
2015.04.30 17:00:11.112,1.83468,1.83487,1.00,1.75
2015.04.30 17:00:11.163,1.83465,1.83486,1.10,1.75
2015.04.30 17:00:11.264,1.83462,1.83481,1.00,1.52
2015.04.30 17:00:11.365,1.83459,1.83479,1.00,1.47
2015.04.30 17:00:11.416,1.83459,1.83479,1.00,1.47
2015.04.30 17:00:11.467,1.83456,1.83477,1.00,1.37
2015.04.30 17:00:11.620,1.83454,1.83474,1.57,1.95
2015.04.30 17:00:11.671,1.83451,1.8347,1.00,1.00
2015.04.30 17:00:12.899,1.83451,1.8347,1.00,1.37
2015.04.30 17:00:13.154,1.83449,1.83468,1.00,1.27
2015.04.30 17:00:13.205,1.83449,1.83466,1.00,1.07
2015.04.30 17:00:13.424,1.83446,1.83466,1.50,1.50
2015.04.30 17:00:13.576,1.83446,1.83464,1.00,1.20
2015.04.30 17:00:13.678,1.83443,1.83464,1.00,1.15
2015.04.30 17:00:13.779,1.83443,1.83464,1.00,1.20
2015.04.30 17:00:13.830,1.83443,1.83464,1.50,1.10
2015.04.30 17:00:13.983,1.83447,1.83466,1.10,1.00
2015.04.30 17:00:14.084,1.83447,1.83466,1.15,1.00
2015.04.30 17:00:15.441,1.83447,1.83466,1.00,1.10
2015.04.30 17:00:15.544,1.83447,1.83465,1.00,1.87
2015.04.30 17:00:15.697,1.83444,1.83463,1.00,2.62
2015.04.30 17:00:15.748,1.83444,1.83463,1.00,1.15
2015.04.30 17:00:15.849,1.83442,1.8346,1.00,1.00
2015.04.30 17:00:16.154,1.83443,1.83462,1.00,1.50
2015.04.30 17:00:16.256,1.83445,1.83463,1.00,1.20
2015.04.30 17:00:16.307,1.83445,1.8346,1.00,1.00
2015.04.30 17:00:16.827,1.83445,1.83462,1.00,1.00
2015.04.30 17:00:17.080,1.83445,1.8346,1.00,1.00
2015.04.30 17:00:17.283,1.83445,1.83463,1.00,1.20
2015.04.30 17:00:18.852,1.83445,1.83462,1.00,1.00
2015.04.30 17:00:19.353,1.83445,1.83463,1.00,1.20
2015.04.30 17:00:19.606,1.83445,1.83461,1.00,1.00
2015.04.30 17:00:19.707,1.83446,1.83466,1.00,2.62
2015.04.30 17:00:21.643,1.83446,1.83464,1.00,1.20
2015.04.30 17:00:21.695,1.83442,1.83461,1.00,1.20
2015.04.30 17:00:21.797,1.83444,1.83464,1.00,2.62
2015.04.30 17:00:22.220,1.83442,1.8346,1.00,1.00
2015.04.30 17:00:23.242,1.83442,1.8346,1.00,1.37
2015.04.30 17:00:23.293,1.8344,1.8346,1.00,1.87
2015.04.30 17:00:23.344,1.83438,1.83457,1.10,1.50
2015.04.30 17:00:23.650,1.83441,1.8346,1.00,1.27
2015.04.30 17:00:23.853,1.83438,1.8346,1.00,1.82
2015.04.30 17:00:24.309,1.83435,1.83454,1.00,1.00
2015.04.30 17:00:24.462,1.83433,1.83454,1.57,1.10
2015.04.30 17:00:24.665,1.83435,1.83456,1.00,1.55
2015.04.30 17:00:25.039,1.83435,1.83456,1.00,1.65
2015.04.30 17:00:25.090,1.83433,1.83452,1.10,1.37
2015.04.30 17:00:25.141,1.83433,1.83452,1.10,1.45
2015.04.30 17:00:25.344,1.83429,1.83447,1.00,1.37
2015.04.30 17:00:25.446,1.83425,1.83443,1.10,1.00
2015.04.30 17:00:25.969,1.83425,1.83444,1.10,1.12
2015.04.30 17:00:26.022,1.83425,1.83444,1.00,1.37
2015.04.30 17:00:26.528,1.83425,1.83444,1.00,1.37
2015.04.30 17:00:26.933,1.83425,1.83444,1.00,1.82
2015.04.30 17:00:27.542,1.83425,1.83442,1.00,2.02
2015.04.30 17:00:27.644,1.83419,1.83438,1.00,1.37
2015.04.30 17:00:28.166,1.83415,1.83434,1.50,1.00
2015.04.30 17:00:28.471,1.83413,1.8343,1.00,1.37
2015.04.30 17:00:28.573,1.83411,1.8343,1.00,1.47
2015.04.30 17:00:28.625,1.83407,1.83427,1.15,1.12
2015.04.30 17:00:28.778,1.83407,1.83427,1.00,1.12
2015.04.30 17:00:29.285,1.83407,1.83427,1.00,1.37
2015.04.30 17:00:29.590,1.83407,1.83427,1.00,1.12
2015.04.30 17:00:29.877,1.83407,1.83427,1.15,1.00
2015.04.30 17:00:30.183,1.83407,1.83427,1.17,1.37
2015.04.30 17:00:30.691,1.83404,1.83429,2.25,1.47
2015.04.30 17:00:30.793,1.83404,1.83429,1.15,1.52
2015.04.30 17:00:33.328,1.83404,1.83429,1.15,1.65
2015.04.30 17:00:35.218,1.83404,1.83429,1.15,1.52
2015.04.30 17:00:40.724,1.83402,1.83429,2.25,1.52
2015.04.30 17:00:40.826,1.83402,1.83428,1.15,1.20
2015.04.30 17:00:40.876,1.83402,1.83428,1.15,1.57
2015.04.30 17:00:41.030,1.83401,1.83424,1.00,1.20
2015.04.30 17:00:41.084,1.83399,1.83424,1.57,2.25
2015.04.30 17:00:41.337,1.83396,1.83422,1.00,2.25
2015.04.30 17:00:41.490,1.83394,1.83417,1.07,1.07
2015.04.30 17:00:41.591,1.83393,1.83417,1.00,1.50
2015.04.30 17:00:41.896,1.8339,1.83415,1.00,1.50
2015.04.30 17:00:42.400,1.8339,1.83411,1.00,1.87
2015.04.30 17:00:42.501,1.8339,1.83414,1.00,1.20
2015.04.30 17:00:42.603,1.8339,1.83411,1.00,1.20
2015.04.30 17:00:42.808,1.8339,1.83412,1.17,1.47
2015.04.30 17:00:43.989,1.8339,1.83412,1.17,1.47
2015.04.30 17:00:45.177,1.8339,1.83412,1.17,1.47
2015.04.30 17:00:52.721,1.83388,1.83415,1.57,1.65
2015.04.30 17:00:53.408,1.83388,1.83415,1.57,1.57
2015.04.30 17:00:56.427,1.8339,1.83415,1.17,1.20
2015.04.30 17:00:59.715,1.8339,1.83415,1.17,1.57
2015.04.30 17:01:00.037,1.83382,1.83407,1.10,1.57
2015.04.30 17:01:00.139,1.83385,1.83406,1.00,1.17
2015.04.30 17:01:00.243,1.83385,1.83409,1.15,1.12
2015.04.30 17:01:00.649,1.83389,1.83409,1.00,1.20
2015.04.30 17:01:00.751,1.83389,1.83411,1.00,1.20
2015.04.30 17:01:00.853,1.8339,1.83413,1.00,1.20
2015.04.30 17:01:00.956,1.83389,1.83413,1.10,1.57
2015.04.30 17:01:01.667,1.83386,1.83412,2.32,1.55
2015.04.30 17:01:03.061,1.83388,1.83413,1.07,2.70
2015.04.30 17:01:08.012,1.83388,1.83413,1.07,2.32
2015.04.30 17:01:08.165,1.83388,1.83413,1.07,1.95
2015.04.30 17:01:08.318,1.83388,1.83408,1.07,1.07
2015.04.30 17:01:08.572,1.83386,1.8341,1.00,1.55
2015.04.30 17:01:08.828,1.83387,1.83412,1.07,1.87
2015.04.30 17:01:09.133,1.83385,1.83411,2.25,1.47
2015.04.30 17:01:09.461,1.83384,1.83404,1.00,1.37
2015.04.30 17:01:09.563,1.83379,1.83404,1.00,2.32
2015.04.30 17:01:10.070,1.83375,1.83401,3.07,1.47
2015.04.30 17:01:10.832,1.83375,1.83396,1.65,1.00
2015.04.30 17:01:13.147,1.83373,1.83396,3.00,1.00
2015.04.30 17:01:13.452,1.83374,1.83396,1.50,1.00
2015.04.30 17:01:14.461,1.83376,1.83398,1.57,1.12
2015.04.30 17:01:14.715,1.83379,1.83402,1.20,1.07
2015.04.30 17:01:14.767,1.8338,1.83403,1.50,1.00
2015.04.30 17:01:15.308,1.83382,1.83404,2.25,1.00
2015.04.30 17:01:15.871,1.83382,1.83404,1.10,1.20
2015.04.30 17:01:16.056,1.83381,1.83401,1.07,1.20
2015.04.30 17:01:16.157,1.83377,1.83401,1.65,1.27
2015.04.30 17:01:16.667,1.83377,1.83401,3.00,1.12
2015.04.30 17:01:16.920,1.83377,1.83401,3.00,1.37
2015.04.30 17:01:17.217,1.83377,1.83401,1.57,1.95
2015.04.30 17:01:17.318,1.83377,1.83399,1.57,1.95
2015.04.30 17:01:17.825,1.83376,1.83398,1.00,1.20
2015.04.30 17:01:18.448,1.83376,1.83399,1.00,1.52
2015.04.30 17:01:19.176,1.83376,1.83399,1.07,1.45
2015.04.30 17:01:22.010,1.83376,1.83399,1.00,1.95
2015.04.30 17:01:24.223,1.83376,1.83401,1.17,2.70
2015.04.30 17:01:25.282,1.83378,1.83399,1.00,1.55
2015.04.30 17:01:26.200,1.83378,1.83399,1.00,1.95
2015.04.30 17:01:29.049,1.83378,1.83398,1.00,1.20
2015.04.30 17:01:29.150,1.83376,1.83396,1.00,1.52
2015.04.30 17:01:34.687,1.83376,1.83396,1.00,1.52
2015.04.30 17:01:36.370,1.83376,1.83396,1.00,1.52
2015.04.30 17:01:36.421,1.83376,1.83394,1.00,1.12
2015.04.30 17:01:36.574,1.83376,1.83396,1.00,1.37
2015.04.30 17:01:37.101,1.83376,1.83396,1.00,1.55
2015.04.30 17:01:40.105,1.83376,1.83395,1.00,1.12
2015.04.30 17:01:41.710,1.83376,1.83396,1.00,1.95
2015.04.30 17:01:42.226,1.83376,1.83396,1.00,1.57
2015.04.30 17:01:43.824,1.83376,1.83396,1.00,1.20
2015.04.30 17:01:44.552,1.83376,1.83396,1.00,1.57
2015.04.30 17:01:45.069,1.83376,1.83396,1.00,1.20
2015.04.30 17:01:45.827,1.83376,1.83396,1.00,1.57
2015.04.30 17:01:46.369,1.83376,1.83396,1.00,1.57
2015.04.30 17:01:46.421,1.83374,1.83393,1.50,1.00
2015.04.30 17:01:46.624,1.83374,1.83391,1.00,1.12
2015.04.30 17:01:46.675,1.83371,1.8339,1.00,1.52
2015.04.30 17:01:46.726,1.83367,1.83389,1.00,1.52
2015.04.30 17:01:47.131,1.83367,1.83389,1.00,1.65
2015.04.30 17:01:47.232,1.83367,1.83389,1.00,1.52
2015.04.30 17:01:47.853,1.83367,1.83385,1.00,1.12
2015.04.30 17:01:47.955,1.83363,1.83385,1.00,1.57
2015.04.30 17:01:48.479,1.83363,1.83385,1.00,1.15
2015.04.30 17:01:52.079,1.83363,1.83385,1.00,1.52
2015.04.30 17:01:52.181,1.83363,1.83383,1.00,1.20
2015.04.30 17:01:52.750,1.83362,1.83381,1.00,1.15
2015.04.30 17:01:58.319,1.83362,1.83379,1.00,1.00
2015.04.30 17:01:58.624,1.83355,1.83374,1.00,1.20
2015.04.30 17:01:59.131,1.83355,1.83374,1.00,1.00
2015.04.30 17:01:59.283,1.83363,1.83379,1.00,1.82
2015.04.30 17:01:59.384,1.83363,1.83383,1.12,1.12
2015.04.30 17:01:59.486,1.83368,1.83385,1.00,1.12
2015.04.30 17:01:59.998,1.83368,1.83387,1.00,1.57
2015.04.30 17:02:00.324,1.83365,1.83382,1.00,1.65
2015.04.30 17:02:00.375,1.83359,1.83378,1.00,1.37
2015.04.30 17:02:00.882,1.83359,1.83378,1.00,1.37
2015.04.30 17:02:01.344,1.83356,1.83375,1.17,1.00
2015.04.30 17:02:01.446,1.83355,1.83373,1.00,1.00
2015.04.30 17:02:01.751,1.83354,1.83373,1.00,1.47
2015.04.30 17:02:02.588,1.83354,1.83373,1.00,2.02
2015.04.30 17:02:03.582,1.83354,1.83373,1.50,1.00
2015.04.30 17:02:03.785,1.83356,1.83376,1.00,1.00
2015.04.30 17:02:05.291,1.83356,1.83376,1.00,1.37
2015.04.30 17:02:05.545,1.83363,1.83376,1.00,1.37
2015.04.30 17:02:05.849,1.83356,1.83369,1.00,1.52
2015.04.30 17:02:06.103,1.83359,1.83372,1.00,1.00
2015.04.30 17:02:06.204,1.83359,1.83375,1.00,1.55
2015.04.30 17:02:06.718,1.83362,1.83375,1.00,1.00
2015.04.30 17:02:07.400,1.83362,1.83375,1.00,1.37
2015.04.30 17:02:07.906,1.83362,1.83375,1.00,1.12
2015.04.30 17:02:10.374,1.83363,1.83375,1.00,1.00
2015.04.30 17:02:10.580,1.83363,1.83377,1.00,1.12
2015.04.30 17:02:10.632,1.8336,1.83377,1.00,2.02
2015.04.30 17:02:10.734,1.8336,1.83377,1.00,2.02
2015.04.30 17:02:10.837,1.8336,1.83377,1.00,1.27
2015.04.30 17:02:11.547,1.8336,1.83377,1.00,1.55
2015.04.30 17:02:13.431,1.83364,1.83377,1.00,1.52
2015.04.30 17:02:13.938,1.83364,1.83377,1.00,1.37
2015.04.30 17:02:14.448,1.83364,1.83377,1.00,1.55
2015.04.30 17:02:15.571,1.83364,1.83377,1.00,1.55
2015.04.30 17:02:16.349,1.83373,1.83377,1.00,1.12
2015.04.30 17:02:16.452,1.83371,1.83381,1.00,1.00
2015.04.30 17:02:16.555,1.83371,1.83383,1.00,1.00
2015.04.30 17:02:17.213,1.83371,1.83385,1.00,1.00
2015.04.30 17:02:17.632,1.83373,1.83385,1.00,1.00
2015.04.30 17:02:19.368,1.83368,1.83385,1.00,1.00
2015.04.30 17:02:20.127,1.83368,1.83385,1.00,1.15
2015.04.30 17:02:21.465,1.83372,1.83385,1.00,1.15
2015.04.30 17:02:21.770,1.8338,1.83385,1.00,1.00
2015.04.30 17:02:21.822,1.8338,1.8339,1.00,1.00
2015.04.30 17:02:21.923,1.8338,1.83392,1.00,1.50
2015.04.30 17:02:25.038,1.8338,1.83392,1.00,1.07
2015.04.30 17:02:25.646,1.83382,1.83392,1.00,1.17
2015.04.30 17:02:26.052,1.8338,1.83392,1.00,1.00
2015.04.30 17:02:26.103,1.8338,1.83395,1.00,1.20
2015.04.30 17:02:26.327,1.83384,1.83392,1.00,1.00
2015.04.30 17:02:26.906,1.83384,1.83398,1.00,1.00
2015.04.30 17:02:27.160,1.83384,1.83398,1.00,1.57
2015.04.30 17:02:27.464,1.83384,1.83399,1.00,1.12
2015.04.30 17:02:29.568,1.83384,1.83399,1.00,1.27
2015.04.30 17:02:30.118,1.83384,1.83397,1.00,1.00
2015.04.30 17:02:30.684,1.83384,1.83399,1.00,1.12
2015.04.30 17:02:30.887,1.83384,1.83397,1.00,1.00
2015.04.30 17:02:31.090,1.83384,1.83399,1.00,1.50
2015.04.30 17:02:31.344,1.83385,1.83397,1.00,1.00
2015.04.30 17:02:32.702,1.83385,1.83394,1.00,1.12
2015.04.30 17:02:32.753,1.83383,1.83394,1.00,1.20
2015.04.30 17:02:32.855,1.83383,1.83396,1.00,1.10
2015.04.30 17:02:33.363,1.83383,1.83397,1.00,1.00
2015.04.30 17:02:34.276,1.83379,1.83397,1.00,1.27
2015.04.30 17:02:34.802,1.83379,1.83394,1.00,1.00
2015.04.30 17:02:34.903,1.83379,1.83391,1.00,1.00
2015.04.30 17:02:35.005,1.83379,1.83394,1.00,1.10
2015.04.30 17:02:35.515,1.83379,1.83394,1.00,1.15
2015.04.30 17:02:37.012,1.83379,1.83394,1.00,1.00
2015.04.30 17:02:37.063,1.83382,1.83394,1.00,1.00
2015.04.30 17:02:42.289,1.83381,1.83394,1.00,1.00
2015.04.30 17:02:42.694,1.83379,1.83393,1.00,1.87
2015.04.30 17:02:43.696,1.83379,1.83392,1.00,1.17
2015.04.30 17:02:43.798,1.83379,1.83392,1.00,1.10
2015.04.30 17:02:44.857,1.83379,1.83392,1.00,1.47
2015.04.30 17:02:44.959,1.83379,1.83389,1.00,1.00
2015.04.30 17:02:45.265,1.83379,1.83387,1.00,1.00
2015.04.30 17:02:46.178,1.83379,1.83388,1.00,1.10
2015.04.30 17:02:46.689,1.83379,1.83387,1.00,1.00
2015.04.30 17:02:47.276,1.83374,1.83387,1.00,1.37
2015.04.30 17:02:47.327,1.83374,1.83383,1.00,1.00
2015.04.30 17:02:48.694,1.83377,1.83383,1.00,1.00
2015.04.30 17:02:48.795,1.83378,1.83387,1.00,1.57
2015.04.30 17:02:49.278,1.8338,1.83387,1.00,1.10
2015.04.30 17:02:49.685,1.83381,1.83391,1.00,1.00
2015.04.30 17:02:49.787,1.83379,1.83391,1.00,1.00
2015.04.30 17:02:50.990,1.83382,1.83391,1.00,1.00
2015.04.30 17:02:51.870,1.83382,1.83396,1.00,1.10
2015.04.30 17:02:51.922,1.83385,1.83396,1.00,1.00
2015.04.30 17:02:52.736,1.83385,1.83399,1.00,1.00
2015.04.30 17:02:53.000,1.83387,1.83399,1.00,1.00
2015.04.30 17:02:53.052,1.83387,1.83401,1.00,1.12
2015.04.30 17:02:55.118,1.83389,1.834,1.00,1.50
2015.04.30 17:02:55.220,1.83389,1.83398,1.00,1.00
2015.04.30 17:02:55.271,1.83389,1.83401,1.00,1.65
2015.04.30 17:02:55.794,1.83389,1.83401,1.00,1.00
2015.04.30 17:02:55.845,1.83391,1.83401,1.00,1.00
2015.04.30 17:02:55.896,1.83388,1.83401,1.00,1.00
2015.04.30 17:03:00.699,1.83381,1.83401,1.10,1.00
2015.04.30 17:03:00.851,1.83399,1.83403,1.00,1.50
2015.04.30 17:03:01.208,1.83399,1.83405,1.00,1.10
2015.04.30 17:03:01.810,1.83401,1.83407,1.00,1.57
2015.04.30 17:03:01.991,1.83399,1.83407,1.00,1.50
2015.04.30 17:03:02.042,1.83399,1.83409,1.00,1.00
2015.04.30 17:03:02.296,1.83399,1.83404,1.00,1.00
2015.04.30 17:03:02.601,1.83395,1.83403,1.00,1.20
2015.04.30 17:03:02.907,1.83385,1.83405,3.00,1.00
2015.04.30 17:03:03.060,1.8339,1.83409,1.17,1.00
2015.04.30 17:03:03.212,1.83407,1.83412,1.00,1.00
2015.04.30 17:03:03.416,1.83408,1.83412,1.00,1.00
2015.04.30 17:03:03.517,1.8341,1.83415,1.00,1.00
2015.04.30 17:03:03.927,1.83411,1.83418,1.00,1.00
2015.04.30 17:03:04.232,1.83414,1.83418,1.00,1.00
2015.04.30 17:03:04.941,1.83415,1.83419,1.00,1.00
2015.04.30 17:03:05.064,1.83413,1.83418,1.00,1.00
2015.04.30 17:03:05.166,1.83413,1.8342,1.00,1.00
2015.04.30 17:03:05.734,1.83416,1.8342,1.00,1.50
2015.04.30 17:03:06.243,1.8341,1.83419,1.00,1.57
2015.04.30 17:03:06.294,1.8341,1.83419,1.00,2.32
2015.04.30 17:03:06.656,1.83399,1.83419,1.12,1.75
2015.04.30 17:03:06.708,1.83413,1.83419,1.00,1.00
2015.04.30 17:03:06.811,1.83416,1.83421,1.00,1.10
2015.04.30 17:03:07.225,1.83418,1.83427,1.00,1.15
2015.04.30 17:03:07.276,1.83418,1.83425,1.00,1.15
2015.04.30 17:03:07.835,1.8342,1.83425,1.00,1.00
2015.04.30 17:03:08.038,1.83422,1.83427,1.00,1.00
2015.04.30 17:03:08.241,1.83423,1.8343,1.00,1.27
2015.04.30 17:03:09.607,1.83423,1.8343,1.00,1.50
2015.04.30 17:03:10.115,1.83423,1.8343,1.00,1.95
2015.04.30 17:03:10.623,1.83423,1.8343,1.00,1.65
2015.04.30 17:03:10.825,1.83412,1.83429,1.50,1.00
2015.04.30 17:03:11.344,1.83427,1.83432,1.00,1.10
2015.04.30 17:03:11.447,1.83427,1.83432,1.00,1.57
2015.04.30 17:03:11.649,1.83429,1.83435,1.00,1.00
2015.04.30 17:03:11.987,1.83435,1.83443,1.00,1.27
2015.04.30 17:03:12.139,1.83433,1.83438,1.00,1.00
2015.04.30 17:03:12.190,1.83433,1.8344,1.00,1.00
2015.04.30 17:03:12.394,1.83419,1.83441,1.50,2.25
2015.04.30 17:03:14.352,1.83433,1.83438,1.00,1.00
2015.04.30 17:03:14.899,1.83414,1.83437,2.40,1.87
2015.04.30 17:03:14.950,1.83425,1.83435,1.00,1.45
2015.04.30 17:03:15.058,1.83425,1.83433,1.00,1.12
2015.04.30 17:03:15.214,1.83416,1.83427,1.00,1.75
2015.04.30 17:03:15.317,1.83405,1.83418,1.50,1.00
2015.04.30 17:03:15.419,1.83414,1.83422,1.00,1.15
2015.04.30 17:03:15.724,1.83416,1.83424,1.00,1.77
2015.04.30 17:03:15.775,1.83417,1.83424,1.00,1.20
2015.04.30 17:03:18.961,1.83417,1.83424,1.00,1.87
2015.04.30 17:03:19.489,1.83417,1.83424,1.00,1.07
2015.04.30 17:03:20.586,1.83417,1.83422,1.00,1.00
2015.04.30 17:03:21.418,1.83418,1.83422,1.00,1.00
2015.04.30 17:03:24.617,1.83418,1.83426,1.00,1.57
2015.04.30 17:03:24.668,1.8342,1.83426,1.00,1.42
2015.04.30 17:03:24.719,1.83421,1.83426,1.00,1.00
2015.04.30 17:03:24.770,1.83421,1.83428,1.00,1.00
2015.04.30 17:03:24.973,1.83423,1.83431,1.00,1.55
2015.04.30 17:03:25.480,1.83423,1.83429,1.00,1.07
2015.04.30 17:03:25.986,1.83423,1.83429,1.00,1.00
2015.04.30 17:03:26.139,1.8342,1.83429,1.00,1.95
2015.04.30 17:03:26.190,1.8342,1.83426,1.00,1.00
2015.04.30 17:03:26.443,1.83413,1.83423,1.00,3.07
2015.04.30 17:03:26.545,1.83416,1.83423,1.00,3.75
2015.04.30 17:03:26.697,1.83416,1.83423,1.00,2.40
2015.04.30 17:03:29.686,1.83416,1.83422,1.00,1.17
2015.04.30 17:03:30.233,1.83416,1.83422,1.00,1.00
2015.04.30 17:03:30.892,1.83416,1.83423,1.00,1.00
2015.04.30 17:03:30.944,1.83418,1.83423,1.00,1.00
2015.04.30 17:03:31.148,1.83418,1.83426,1.00,1.00
2015.04.30 17:03:32.679,1.83422,1.83426,1.00,1.00
2015.04.30 17:03:35.669,1.83422,1.83429,1.00,1.00
2015.04.30 17:03:36.523,1.83422,1.83432,1.00,1.07
2015.04.30 17:03:36.574,1.83425,1.83432,1.00,1.07
2015.04.30 17:03:36.777,1.83422,1.83429,1.00,1.00
2015.04.30 17:03:36.980,1.83422,1.83427,1.00,1.00
2015.04.30 17:03:37.183,1.83422,1.8343,1.00,1.00
2015.04.30 17:03:41.981,1.83423,1.8343,1.00,1.00
2015.04.30 17:03:44.351,1.83412,1.8343,1.50,1.00
2015.04.30 17:03:44.556,1.83428,1.83435,1.00,1.07
2015.04.30 17:03:46.679,1.83428,1.83435,1.00,1.00
2015.04.30 17:03:49.699,1.8343,1.83435,1.00,1.00
2015.04.30 17:03:50.809,1.8343,1.83437,1.00,1.00
2015.04.30 17:03:50.962,1.8343,1.83441,1.00,1.17
2015.04.30 17:03:51.304,1.83433,1.83441,1.00,1.10
2015.04.30 17:03:53.013,1.83433,1.83443,1.00,1.10
2015.04.30 17:03:54.170,1.83436,1.83443,1.00,1.00
2015.04.30 17:03:54.575,1.83436,1.83445,1.00,1.00
2015.04.30 17:03:54.778,1.83438,1.83445,1.00,1.00
2015.04.30 17:04:00.187,1.83437,1.83445,1.00,1.00
2015.04.30 17:04:04.125,1.83434,1.83445,1.00,1.00
2015.04.30 17:04:04.176,1.83434,1.83445,1.00,1.07
2015.04.30 17:04:04.684,1.83433,1.83443,1.00,1.10
2015.04.30 17:04:04.887,1.83429,1.83443,1.00,1.10
2015.04.30 17:04:04.989,1.83426,1.83443,1.00,1.10
2015.04.30 17:04:06.099,1.83426,1.83441,1.00,1.00
2015.04.30 17:04:08.664,1.83426,1.83441,1.00,1.87
2015.04.30 17:04:09.219,1.83426,1.83441,1.00,1.00
2015.04.30 17:04:09.754,1.83426,1.83441,1.00,1.37
2015.04.30 17:04:10.059,1.83431,1.83441,1.00,1.00
2015.04.30 17:04:10.568,1.83431,1.83442,1.00,1.00
2015.04.30 17:04:11.176,1.83431,1.8344,1.00,1.00
2015.04.30 17:04:11.227,1.83429,1.8344,1.00,1.57
2015.04.30 17:04:11.278,1.83429,1.83438,1.00,1.00
2015.04.30 17:04:11.747,1.83429,1.83442,1.00,2.25
2015.04.30 17:04:11.899,1.83427,1.83442,1.00,2.25
2015.04.30 17:04:12.929,1.83431,1.83442,1.00,1.50
2015.04.30 17:04:15.209,1.83428,1.83442,1.00,1.87
2015.04.30 17:04:15.514,1.83428,1.83436,1.00,1.00
2015.04.30 17:04:16.118,1.83426,1.83436,1.00,1.00
2015.04.30 17:04:16.422,1.83431,1.83436,1.00,1.00
2015.04.30 17:04:16.524,1.83428,1.83436,1.00,1.00
2015.04.30 17:04:16.575,1.83428,1.83438,1.00,1.00
2015.04.30 17:04:19.011,1.83428,1.83442,1.00,1.37
2015.04.30 17:04:20.405,1.83428,1.83442,1.00,1.45
2015.04.30 17:04:21.546,1.8343,1.83442,1.00,1.52
2015.04.30 17:04:21.902,1.8343,1.83438,1.00,1.37
2015.04.30 17:04:21.953,1.83428,1.83438,1.00,1.47
2015.04.30 17:04:22.004,1.83428,1.83438,1.00,1.10
2015.04.30 17:04:22.055,1.83431,1.83439,1.00,1.07
2015.04.30 17:04:22.411,1.83429,1.83439,1.00,1.37
2015.04.30 17:04:22.614,1.83429,1.83439,1.00,1.00
2015.04.30 17:04:23.121,1.8343,1.83439,1.00,1.00
2015.04.30 17:04:25.527,1.83436,1.83445,1.00,1.00
2015.04.30 17:04:25.782,1.83443,1.8345,1.00,1.00
2015.04.30 17:04:25.833,1.83445,1.8345,1.00,1.00
2015.04.30 17:04:25.934,1.83446,1.83453,1.00,1.00
2015.04.30 17:04:26.036,1.83446,1.83456,1.00,1.00
2015.04.30 17:04:26.138,1.83443,1.83457,1.00,1.00
2015.04.30 17:04:26.291,1.83443,1.83456,1.00,1.65
2015.04.30 17:04:26.595,1.83442,1.83453,1.00,1.00
2015.04.30 17:04:27.624,1.83443,1.83453,1.00,1.00
2015.04.30 17:04:27.776,1.83443,1.83455,1.00,1.00
2015.04.30 17:04:28.887,1.83443,1.83458,1.00,1.27
2015.04.30 17:04:29.394,1.83443,1.83458,1.00,1.12
2015.04.30 17:04:30.139,1.83443,1.83458,1.00,1.37
2015.04.30 17:04:30.241,1.83443,1.83458,1.00,1.37
2015.04.30 17:04:30.343,1.83446,1.83458,1.00,1.00
2015.04.30 17:04:30.621,1.83446,1.8346,1.00,1.12
2015.04.30 17:04:31.183,1.83446,1.83462,1.00,1.37
2015.04.30 17:04:31.234,1.83443,1.83462,1.50,1.37
2015.04.30 17:04:31.285,1.83443,1.83462,1.50,1.45
2015.04.30 17:04:31.336,1.83447,1.83462,1.00,1.52
2015.04.30 17:04:32.252,1.83447,1.8346,1.00,1.37
2015.04.30 17:04:32.354,1.83444,1.8346,1.00,1.45
2015.04.30 17:04:32.456,1.83441,1.83457,1.00,1.47
2015.04.30 17:04:32.557,1.83443,1.83457,1.00,1.37
2015.04.30 17:04:32.710,1.83443,1.8346,1.00,1.47
2015.04.30 17:04:32.863,1.83438,1.83458,1.10,1.47
2015.04.30 17:04:33.289,1.83438,1.83454,1.00,1.00
2015.04.30 17:04:33.340,1.83434,1.83454,1.50,1.00
2015.04.30 17:04:33.391,1.83434,1.83449,1.00,1.00
2015.04.30 17:04:33.959,1.83434,1.83453,1.00,1.17
2015.04.30 17:04:34.456,1.83436,1.83453,1.00,1.00
2015.04.30 17:04:34.507,1.83436,1.83456,1.10,1.10
2015.04.30 17:04:35.065,1.83436,1.83456,1.10,1.37
2015.04.30 17:04:35.369,1.83439,1.83456,1.00,1.00
2015.04.30 17:04:36.970,1.8344,1.83456,1.00,1.00
2015.04.30 17:04:37.021,1.8344,1.83458,1.00,1.00
2015.04.30 17:04:37.072,1.83444,1.83458,1.00,1.00
2015.04.30 17:04:37.376,1.83444,1.8346,1.00,1.00
2015.04.30 17:04:38.439,1.83448,1.8346,1.00,1.00
2015.04.30 17:04:38.540,1.83445,1.8346,1.00,1.00
2015.04.30 17:04:38.693,1.83445,1.83463,1.00,1.07
2015.04.30 17:04:38.897,1.83445,1.83463,1.00,2.25
2015.04.30 17:04:39.049,1.83445,1.83463,1.00,1.65
2015.04.30 17:04:39.353,1.83445,1.83459,1.00,1.00
2015.04.30 17:04:40.948,1.83449,1.83459,1.00,1.00
2015.04.30 17:04:41.101,1.83449,1.83462,1.00,1.00
2015.04.30 17:04:41.308,1.83449,1.83465,1.00,1.00
2015.04.30 17:04:41.512,1.83449,1.83465,1.00,1.37
2015.04.30 17:04:41.563,1.83445,1.83465,1.65,1.37
2015.04.30 17:04:41.614,1.83445,1.83461,1.57,1.12
2015.04.30 17:04:41.920,1.83445,1.83459,1.00,1.12
2015.04.30 17:04:41.972,1.83439,1.83458,1.00,1.52
2015.04.30 17:04:42.023,1.83439,1.83455,1.00,1.12
2015.04.30 17:04:42.175,1.83436,1.83454,1.00,1.95
2015.04.30 17:04:42.226,1.83436,1.83451,1.00,1.20
2015.04.30 17:04:42.430,1.83436,1.83452,1.00,1.10
2015.04.30 17:04:42.785,1.83433,1.83452,1.00,1.10
2015.04.30 17:04:42.837,1.83433,1.83452,1.00,1.15
2015.04.30 17:04:43.141,1.83433,1.83451,1.00,2.25
2015.04.30 17:04:43.549,1.8343,1.83448,1.00,1.00
2015.04.30 17:04:43.650,1.83429,1.83448,1.00,1.15
2015.04.30 17:04:43.955,1.83424,1.83442,1.50,1.50
2015.04.30 17:04:44.412,1.83421,1.83441,1.00,1.15
2015.04.30 17:04:44.767,1.8342,1.83439,1.00,1.20
2015.04.30 17:04:45.273,1.83419,1.83437,1.00,1.17
2015.04.30 17:04:45.814,1.83418,1.83437,1.00,1.17
2015.04.30 17:04:46.508,1.83419,1.83437,1.00,1.17
2015.04.30 17:04:47.019,1.83419,1.83437,1.00,1.00
2015.04.30 17:04:47.323,1.83423,1.8344,1.00,1.00
2015.04.30 17:04:49.145,1.83423,1.8344,1.00,1.07
2015.04.30 17:04:49.196,1.8342,1.8344,1.50,1.27
2015.04.30 17:04:49.247,1.8342,1.8344,1.50,1.95
2015.04.30 17:04:49.653,1.8342,1.83436,1.00,1.07
2015.04.30 17:04:49.704,1.83417,1.83436,1.00,1.57
2015.04.30 17:04:50.267,1.83417,1.83436,1.00,1.10
2015.04.30 17:04:50.790,1.83418,1.83436,1.00,1.10
2015.04.30 17:04:51.297,1.83418,1.83436,1.00,1.47
2015.04.30 17:04:51.804,1.83417,1.83436,1.00,1.47
2015.04.30 17:04:51.855,1.83415,1.83434,1.00,1.00
2015.04.30 17:04:57.070,1.83417,1.83434,1.00,1.00
2015.04.30 17:05:02.302,1.83418,1.83434,1.00,1.00
2015.04.30 17:05:02.456,1.83421,1.83438,1.00,1.20
2015.04.30 17:05:02.660,1.83421,1.83441,1.00,1.10
2015.04.30 17:05:02.916,1.83424,1.83441,1.00,1.00
2015.04.30 17:05:02.970,1.83424,1.83443,1.00,1.10
2015.04.30 17:05:03.426,1.83421,1.8344,1.27,1.00
2015.04.30 17:05:03.899,1.83415,1.83435,1.50,1.52
2015.04.30 17:05:04.002,1.83412,1.83433,1.50,1.95
2015.04.30 17:05:04.306,1.83409,1.83431,1.00,1.82
2015.04.30 17:05:04.610,1.83407,1.83425,1.00,1.10
2015.04.30 17:05:05.116,1.83404,1.83422,1.00,1.00
2015.04.30 17:05:05.420,1.83397,1.83416,1.00,1.27
2015.04.30 17:05:05.879,1.83395,1.83414,1.00,1.10
2015.04.30 17:05:06.031,1.83395,1.83414,1.00,1.27
2015.04.30 17:05:06.285,1.83392,1.83411,1.50,1.00
2015.04.30 17:05:06.438,1.83392,1.83411,1.00,1.27
2015.04.30 17:05:06.489,1.83388,1.83409,1.57,1.10
2015.04.30 17:05:06.592,1.83388,1.83409,1.00,1.07
2015.04.30 17:05:06.896,1.83387,1.83403,1.00,1.00
2015.04.30 17:05:09.192,1.83387,1.83406,1.00,1.20
2015.04.30 17:05:10.110,1.8339,1.83406,1.00,1.00
2015.04.30 17:05:14.328,1.8339,1.83409,1.00,1.00
2015.04.30 17:05:14.734,1.83398,1.83409,1.00,1.00
2015.04.30 17:05:14.836,1.83398,1.83414,1.00,1.00
2015.04.30 17:05:14.989,1.83398,1.83417,1.00,1.00
2015.04.30 17:05:15.331,1.834,1.8342,1.00,1.07
2015.04.30 17:05:15.862,1.834,1.8342,1.00,1.10
2015.04.30 17:05:16.381,1.834,1.8342,1.00,1.47
2015.04.30 17:05:16.534,1.83398,1.83417,1.00,1.37
2015.04.30 17:05:16.635,1.83398,1.83417,1.00,1.95
2015.04.30 17:05:17.587,1.83398,1.83414,1.00,1.85
2015.04.30 17:05:17.639,1.83392,1.83411,1.00,1.20
2015.04.30 17:05:17.742,1.83389,1.83409,1.00,1.55
2015.04.30 17:05:17.896,1.83389,1.83409,1.00,2.32
2015.04.30 17:05:17.947,1.83382,1.83404,1.10,1.75
2015.04.30 17:05:18.001,1.83382,1.83403,1.10,1.12
2015.04.30 17:05:18.053,1.83379,1.83397,1.00,1.45
2015.04.30 17:05:18.257,1.83378,1.83397,1.00,2.62
2015.04.30 17:05:18.763,1.83378,1.83397,1.00,1.27
2015.04.30 17:05:24.677,1.83374,1.83395,1.00,1.57
2015.04.30 17:05:24.728,1.83377,1.83395,1.00,1.57
2015.04.30 17:05:24.780,1.83377,1.83395,1.00,1.00
2015.04.30 17:05:25.237,1.8338,1.83396,1.00,1.00
2015.04.30 17:05:25.977,1.8338,1.83399,1.00,1.10
2015.04.30 17:05:30.622,1.83379,1.83399,1.00,1.10
2015.04.30 17:05:30.724,1.83379,1.83399,1.00,1.07
2015.04.30 17:05:31.029,1.8337,1.83386,1.00,1.10
2015.04.30 17:05:31.282,1.8337,1.83389,1.00,1.00
2015.04.30 17:05:31.333,1.83373,1.83389,1.00,1.00
2015.04.30 17:05:32.248,1.83375,1.83386,1.00,1.00
2015.04.30 17:05:32.352,1.83378,1.83394,1.00,1.82
2015.04.30 17:05:32.454,1.83378,1.83396,1.00,1.20
2015.04.30 17:05:32.607,1.83375,1.83393,1.00,1.10
2015.04.30 17:05:32.864,1.83372,1.83391,1.10,1.00
2015.04.30 17:05:35.966,1.83373,1.83394,1.00,1.07
2015.04.30 17:05:36.627,1.83376,1.83394,1.00,1.07
2015.04.30 17:05:37.567,1.83376,1.83394,1.00,1.00
2015.04.30 17:05:38.634,1.83378,1.83394,1.00,1.00
2015.04.30 17:05:38.830,1.83378,1.83397,1.10,1.00
2015.04.30 17:05:42.084,1.83378,1.83397,1.00,1.57
2015.04.30 17:05:44.440,1.83376,1.83397,1.00,1.57
2015.04.30 17:05:47.202,1.83376,1.83397,1.00,1.20
2015.04.30 17:05:54.977,1.83375,1.83397,1.50,1.20
2015.04.30 17:05:56.697,1.83375,1.83397,1.50,1.17
2015.04.30 17:05:57.733,1.83375,1.83394,1.00,1.00
2015.04.30 17:06:01.258,1.83374,1.83394,1.00,1.00
2015.04.30 17:06:04.109,1.83374,1.83394,1.00,1.07
2015.04.30 17:06:04.615,1.83374,1.83394,1.00,1.00
2015.04.30 17:06:06.169,1.83372,1.83394,1.65,1.00
2015.04.30 17:06:06.494,1.83372,1.83391,1.10,1.00
2015.04.30 17:06:07.034,1.8337,1.8339,1.10,1.00
2015.04.30 17:06:07.085,1.83367,1.83388,1.50,1.00
2015.04.30 17:06:07.137,1.83367,1.83388,1.10,1.00
2015.04.30 17:06:07.188,1.83364,1.83385,1.50,1.00
2015.04.30 17:06:07.239,1.83364,1.83385,1.10,1.10
2015.04.30 17:06:07.391,1.83364,1.83385,1.10,1.37
2015.04.30 17:06:07.697,1.83356,1.83376,1.00,1.17
2015.04.30 17:06:08.024,1.83356,1.83376,1.00,1.82
2015.04.30 17:06:08.076,1.83354,1.83373,1.00,1.07
2015.04.30 17:06:08.698,1.83354,1.83373,1.00,1.00
2015.04.30 17:06:09.002,1.83354,1.83373,1.00,1.15
2015.04.30 17:06:10.739,1.83354,1.83373,1.00,2.32
2015.04.30 17:06:13.786,1.8335,1.83371,1.50,1.17
2015.04.30 17:06:15.795,1.83351,1.83371,1.00,1.17
2015.04.30 17:06:16.926,1.83354,1.83371,1.00,1.17
2015.04.30 17:06:17.232,1.83365,1.83379,1.00,1.00
2015.04.30 17:06:17.436,1.83365,1.83383,1.10,1.12
2015.04.30 17:06:17.537,1.83368,1.83387,1.00,1.50
2015.04.30 17:06:17.588,1.83372,1.83387,1.00,1.50
2015.04.30 17:06:17.639,1.83372,1.83391,1.00,1.15
2015.04.30 17:06:17.741,1.83372,1.83391,1.00,1.10
2015.04.30 17:06:17.843,1.83372,1.83393,1.57,1.10
2015.04.30 17:06:18.077,1.83374,1.83393,1.00,1.10
2015.04.30 17:06:18.634,1.83375,1.83393,1.00,1.00
2015.04.30 17:06:19.034,1.83386,1.83401,1.00,1.20
2015.04.30 17:06:19.086,1.83383,1.834,1.00,1.00
2015.04.30 17:06:19.340,1.83381,1.834,1.10,1.00
2015.04.30 17:06:19.442,1.83381,1.834,1.57,1.00
2015.04.30 17:06:19.645,1.83381,1.834,1.00,1.00
2015.04.30 17:06:19.848,1.83381,1.834,1.15,1.00
2015.04.30 17:06:20.101,1.83384,1.83404,1.00,1.10
2015.04.30 17:06:20.407,1.83387,1.83407,1.00,1.50
2015.04.30 17:06:20.458,1.83387,1.83407,1.00,1.07
2015.04.30 17:06:20.560,1.83387,1.83407,1.00,1.57
2015.04.30 17:06:21.117,1.83387,1.83407,1.00,1.10
2015.04.30 17:06:21.713,1.83391,1.83407,1.00,1.10
2015.04.30 17:06:22.059,1.83394,1.83412,1.00,1.15
2015.04.30 17:06:23.829,1.83389,1.83408,1.50,1.12
2015.04.30 17:06:24.156,1.83394,1.83406,1.00,1.00
2015.04.30 17:06:24.258,1.83394,1.83408,1.00,1.00
2015.04.30 17:06:24.641,1.8339,1.83407,1.00,1.00
2015.04.30 17:06:24.895,1.83387,1.83402,1.50,1.00
2015.04.30 17:06:24.946,1.83384,1.83402,1.00,1.00
2015.04.30 17:06:25.453,1.83383,1.83401,1.00,1.00
2015.04.30 17:06:25.504,1.83391,1.83401,1.00,1.00
2015.04.30 17:06:25.555,1.83391,1.83405,1.00,1.00
2015.04.30 17:06:25.606,1.83394,1.83405,1.00,1.00
2015.04.30 17:06:25.708,1.83394,1.8341,1.00,1.00
2015.04.30 17:06:25.810,1.83397,1.83412,1.00,1.00
2015.04.30 17:06:26.590,1.83397,1.83415,1.00,1.00
2015.04.30 17:06:26.742,1.834,1.83415,1.00,1.00
2015.04.30 17:06:27.792,1.834,1.83418,1.00,1.00
2015.04.30 17:06:29.756,1.834,1.83418,1.00,1.87
2015.04.30 17:06:29.807,1.83397,1.83416,1.00,1.00
2015.04.30 17:06:29.858,1.83397,1.83414,1.00,1.07
2015.04.30 17:06:30.436,1.83397,1.83412,1.00,1.00
2015.04.30 17:06:30.741,1.83402,1.83419,1.00,1.50
2015.04.30 17:06:33.914,1.83399,1.83419,1.00,1.00
2015.04.30 17:06:34.068,1.83399,1.83415,1.00,1.00
2015.04.30 17:06:35.820,1.83399,1.83416,1.00,1.00
2015.04.30 17:06:37.434,1.83401,1.83421,1.00,1.00
2015.04.30 17:06:41.456,1.83399,1.83421,1.00,2.70
2015.04.30 17:06:41.761,1.83394,1.83411,1.00,1.00
2015.04.30 17:06:44.468,1.83391,1.83408,1.00,1.00
2015.04.30 17:06:44.774,1.8339,1.83404,1.00,1.00
2015.04.30 17:06:46.831,1.8339,1.83407,1.00,1.00
2015.04.30 17:06:48.438,1.8339,1.83409,1.50,1.00
2015.04.30 17:06:52.874,1.83392,1.83412,1.00,2.25
2015.04.30 17:06:52.976,1.8339,1.83409,1.50,1.20
2015.04.30 17:06:53.519,1.83391,1.83412,1.50,1.50
2015.04.30 17:06:54.505,1.83393,1.83412,1.00,2.25
2015.04.30 17:06:54.859,1.83391,1.8341,1.00,1.15
2015.04.30 17:06:55.407,1.83392,1.83412,1.00,1.27
2015.04.30 17:06:55.923,1.83391,1.83409,1.00,1.00
2015.04.30 17:07:01.186,1.83393,1.83409,1.00,1.00
2015.04.30 17:07:01.238,1.83393,1.83413,1.00,1.00
2015.04.30 17:07:01.390,1.83396,1.83413,1.07,1.00
2015.04.30 17:07:01.543,1.83396,1.83417,1.82,1.00
2015.04.30 17:07:02.065,1.83399,1.83418,1.57,1.00
2015.04.30 17:07:03.779,1.83399,1.83417,1.57,1.00
2015.04.30 17:07:03.931,1.83399,1.83417,1.00,1.57
2015.04.30 17:07:03.982,1.83396,1.83415,1.00,1.07
2015.04.30 17:07:04.460,1.83401,1.83415,1.00,1.07
2015.04.30 17:07:04.612,1.83405,1.83422,1.87,1.00
2015.04.30 17:07:04.663,1.83409,1.83423,1.07,1.00
2015.04.30 17:07:04.714,1.8341,1.83427,1.20,1.00
2015.04.30 17:07:06.940,1.83409,1.83424,1.07,1.37
2015.04.30 17:07:07.041,1.83402,1.83417,1.17,1.00
2015.04.30 17:07:07.245,1.83399,1.83418,1.00,1.00
2015.04.30 17:07:07.397,1.83398,1.83418,1.10,1.37
2015.04.30 17:07:07.651,1.83391,1.8341,1.00,1.20
2015.04.30 17:07:07.702,1.83394,1.8341,1.00,1.20
2015.04.30 17:07:07.804,1.83394,1.83413,1.65,1.00
2015.04.30 17:07:07.907,1.83398,1.83413,1.00,1.00
2015.04.30 17:07:08.060,1.83398,1.83416,1.00,1.00
2015.04.30 17:07:08.627,1.83396,1.83416,1.07,1.75
2015.04.30 17:07:08.842,1.8339,1.8341,1.50,1.12
2015.04.30 17:07:08.894,1.83387,1.83406,1.00,1.15
2015.04.30 17:07:08.946,1.83383,1.83401,1.00,1.12
2015.04.30 17:07:09.048,1.83378,1.83394,1.00,1.00
2015.04.30 17:07:09.099,1.83375,1.83394,1.20,1.00
2015.04.30 17:07:09.150,1.83376,1.83397,1.00,1.50
2015.04.30 17:07:09.252,1.83376,1.83398,1.50,1.65
2015.04.30 17:07:09.456,1.83376,1.83393,1.00,1.00
2015.04.30 17:07:09.506,1.83373,1.83393,1.20,1.00
2015.04.30 17:07:09.557,1.83373,1.83389,1.00,1.00
2015.04.30 17:07:09.608,1.8337,1.83389,1.00,1.00
2015.04.30 17:07:10.115,1.83369,1.83388,1.00,1.00
2015.04.30 17:07:11.222,1.83369,1.83386,1.00,1.00
2015.04.30 17:07:11.323,1.83369,1.83389,1.50,1.20
2015.04.30 17:07:11.780,1.83369,1.83387,1.00,1.00
2015.04.30 17:07:12.296,1.83369,1.83388,1.00,1.15
2015.04.30 17:07:12.347,1.83367,1.83385,1.50,1.00
2015.04.30 17:07:12.449,1.83369,1.83389,1.00,1.95
2015.04.30 17:07:12.756,1.83367,1.83384,1.00,1.00
2015.04.30 17:07:12.960,1.83367,1.83386,1.95,1.00
2015.04.30 17:07:13.011,1.83374,1.83389,1.00,1.10
2015.04.30 17:07:13.114,1.83375,1.83393,1.00,1.00
2015.04.30 17:07:13.266,1.83377,1.83393,1.00,1.00
2015.04.30 17:07:13.784,1.83377,1.83394,1.00,1.00
2015.04.30 17:07:14.319,1.83376,1.83394,2.25,1.00
2015.04.30 17:07:14.829,1.83377,1.83394,1.00,1.00
2015.04.30 17:07:15.747,1.83376,1.83394,1.50,1.00
2015.04.30 17:07:16.262,1.83377,1.83394,1.00,1.00
2015.04.30 17:07:16.954,1.83376,1.83394,1.50,1.00
2015.04.30 17:07:17.474,1.83377,1.83394,1.50,1.00
2015.04.30 17:07:19.079,1.83376,1.83394,1.50,1.00
2015.04.30 17:07:19.384,1.83381,1.83396,1.00,1.00
2015.04.30 17:07:19.689,1.83381,1.83393,1.00,1.07
2015.04.30 17:07:19.740,1.83374,1.83392,1.57,1.10
2015.04.30 17:07:19.842,1.83376,1.83391,1.00,1.00
2015.04.30 17:07:19.943,1.83372,1.83391,1.00,1.00
2015.04.30 17:07:19.994,1.83371,1.83391,1.00,1.07
2015.04.30 17:07:20.426,1.83368,1.83388,1.00,1.07
2015.04.30 17:07:20.579,1.83366,1.83385,1.00,1.00
2015.04.30 17:07:20.884,1.83364,1.8338,1.00,1.00
2015.04.30 17:07:20.936,1.83362,1.8338,1.00,1.00
2015.04.30 17:07:20.988,1.8336,1.8338,1.00,1.00
2015.04.30 17:07:21.039,1.83357,1.83378,1.57,1.07
2015.04.30 17:07:21.549,1.83358,1.83376,1.00,1.00
2015.04.30 17:07:22.057,1.83357,1.83376,2.02,1.00
2015.04.30 17:07:22.371,1.83359,1.83378,1.65,1.00
2015.04.30 17:07:23.936,1.8336,1.83378,1.07,1.00
2015.04.30 17:07:23.987,1.83363,1.83381,1.47,1.00
2015.04.30 17:07:24.088,1.83364,1.83385,1.15,1.00
2015.04.30 17:07:24.190,1.83364,1.83385,1.52,1.00
2015.04.30 17:07:24.302,1.83368,1.83387,1.00,1.00
2015.04.30 17:07:24.457,1.83368,1.83387,1.15,1.00
2015.04.30 17:07:25.525,1.83373,1.83387,1.07,1.00
2015.04.30 17:07:25.627,1.83372,1.83392,1.95,1.07
2015.04.30 17:07:25.729,1.83374,1.83392,1.00,1.07
2015.04.30 17:07:26.030,1.83368,1.83389,1.10,1.10
2015.04.30 17:07:26.982,1.83368,1.83389,1.10,1.17
2015.04.30 17:07:27.742,1.83368,1.83389,1.00,1.00
2015.04.30 17:07:37.623,1.83369,1.83389,1.00,1.00
2015.04.30 17:07:42.551,1.83372,1.83389,1.00,1.00
2015.04.30 17:07:42.602,1.83372,1.83392,1.00,1.07
2015.04.30 17:07:43.109,1.83372,1.83392,1.10,1.00
2015.04.30 17:07:47.816,1.83373,1.83392,1.00,1.00
2015.04.30 17:07:48.334,1.83373,1.83392,1.00,1.17
2015.04.30 17:07:49.301,1.83373,1.83392,1.00,1.10
2015.04.30 17:07:49.808,1.83371,1.83392,1.27,1.00
2015.04.30 17:07:53.917,1.83379,1.83394,1.00,1.17
2015.04.30 17:07:54.466,1.83378,1.83394,1.00,1.00
2015.04.30 17:07:54.810,1.83379,1.834,1.00,2.25
2015.04.30 17:07:54.861,1.83382,1.83401,1.00,1.00
2015.04.30 17:07:57.332,1.83378,1.83399,1.00,1.15
2015.04.30 17:07:57.637,1.83378,1.83395,1.00,1.00
2015.04.30 17:07:58.267,1.83377,1.83395,1.50,1.10
2015.04.30 17:07:58.779,1.83378,1.83398,1.50,1.57
2015.04.30 17:08:00.025,1.83379,1.83398,1.00,1.57
2015.04.30 17:08:00.547,1.83378,1.83395,1.00,1.00
2015.04.30 17:08:00.852,1.83378,1.83398,1.50,1.17
2015.04.30 17:08:01.474,1.83379,1.83398,1.00,1.17
2015.04.30 17:08:01.923,1.83379,1.83398,1.00,1.57
2015.04.30 17:08:02.842,1.83379,1.83398,1.00,1.07
2015.04.30 17:08:02.893,1.83381,1.83398,1.00,1.00
2015.04.30 17:08:02.944,1.83382,1.83401,1.50,1.10
2015.04.30 17:08:03.248,1.83379,1.83399,1.00,1.87
2015.04.30 17:08:03.756,1.83378,1.83396,1.00,1.17
2015.04.30 17:08:04.350,1.83379,1.83396,1.00,1.17
2015.04.30 17:08:04.876,1.83378,1.83396,1.00,1.17
2015.04.30 17:08:05.401,1.83379,1.83396,1.00,1.17
2015.04.30 17:08:05.947,1.83378,1.83396,1.00,1.17
2015.04.30 17:08:06.677,1.83379,1.83396,1.00,1.17
2015.04.30 17:08:07.389,1.83378,1.83396,1.00,1.17
2015.04.30 17:08:08.194,1.83377,1.83396,1.50,1.27
2015.04.30 17:08:08.754,1.83377,1.83394,1.00,1.00
2015.04.30 17:08:09.324,1.83377,1.83398,1.50,1.00
2015.04.30 17:08:09.376,1.83377,1.83398,1.57,1.00
2015.04.30 17:08:09.733,1.83382,1.83402,1.00,1.10
2015.04.30 17:08:10.241,1.83381,1.83402,1.00,1.10
2015.04.30 17:08:10.941,1.83382,1.83402,1.12,1.10
2015.04.30 17:08:10.992,1.83385,1.83402,1.00,1.10
2015.04.30 17:08:11.499,1.83384,1.83402,1.00,1.15
2015.04.30 17:08:12.024,1.83385,1.83402,1.00,1.15
2015.04.30 17:08:12.493,1.83384,1.83402,1.00,1.52
2015.04.30 17:08:12.803,1.83384,1.83394,1.00,1.07
2015.04.30 17:08:12.855,1.83384,1.83395,1.00,1.15
2015.04.30 17:08:13.363,1.83385,1.83395,1.00,1.15
2015.04.30 17:08:13.515,1.83383,1.83395,1.00,1.15
2015.04.30 17:08:13.967,1.83377,1.83391,1.00,1.10
2015.04.30 17:08:14.221,1.83372,1.83391,1.50,1.20
2015.04.30 17:08:14.272,1.83372,1.83391,1.00,1.17
2015.04.30 17:08:17.670,1.83368,1.8339,1.10,1.17
2015.04.30 17:08:17.771,1.83371,1.83392,1.00,1.57
2015.04.30 17:08:18.571,1.83371,1.83392,1.00,1.07
2015.04.30 17:08:20.204,1.83371,1.83392,1.00,1.57
2015.04.30 17:08:20.306,1.83369,1.83388,1.00,1.00
2015.04.30 17:08:21.075,1.83372,1.83391,1.00,1.17
2015.04.30 17:08:21.778,1.83372,1.83391,1.00,1.00
2015.04.30 17:08:22.696,1.83372,1.83391,1.57,1.00
2015.04.30 17:08:22.848,1.83373,1.83395,2.70,1.00
2015.04.30 17:08:22.950,1.83378,1.83398,1.00,1.00
2015.04.30 17:08:23.153,1.8338,1.83401,1.10,1.57
2015.04.30 17:08:23.458,1.8338,1.83401,1.57,1.00
2015.04.30 17:08:25.015,1.83378,1.83398,1.17,1.00
2015.04.30 17:08:26.033,1.83382,1.83401,1.00,1.10
2015.04.30 17:08:26.236,1.83379,1.83398,1.07,1.00
2015.04.30 17:08:26.338,1.83381,1.83403,1.00,1.17
2015.04.30 17:08:26.489,1.83381,1.83403,1.07,1.00
2015.04.30 17:08:27.547,1.83378,1.834,1.82,1.00
2015.04.30 17:08:27.699,1.83381,1.83403,1.07,1.00
2015.04.30 17:08:28.104,1.83378,1.834,1.82,1.00
2015.04.30 17:08:28.419,1.83379,1.83398,2.32,1.00
2015.04.30 17:08:28.571,1.83382,1.83401,1.10,1.00
2015.04.30 17:08:28.673,1.83381,1.83403,1.07,1.50
2015.04.30 17:08:28.876,1.83382,1.83401,1.10,1.00
2015.04.30 17:08:29.181,1.8338,1.83399,1.10,1.00
2015.04.30 17:08:29.486,1.83382,1.83402,1.00,1.57
2015.04.30 17:08:29.892,1.83379,1.83398,1.57,1.00
2015.04.30 17:08:30.096,1.83381,1.83401,1.00,1.10
2015.04.30 17:08:30.199,1.83379,1.83398,1.07,1.00
2015.04.30 17:08:30.300,1.83381,1.83401,1.00,1.10
2015.04.30 17:08:31.712,1.83381,1.83401,1.57,1.00
2015.04.30 17:08:32.244,1.83381,1.83401,1.65,1.00
2015.04.30 17:08:33.124,1.83382,1.83401,1.00,1.00
2015.04.30 17:08:33.662,1.83381,1.83401,2.77,1.00
2015.04.30 17:08:33.713,1.83383,1.83405,1.00,1.20
2015.04.30 17:08:34.585,1.83382,1.83401,1.00,1.00
2015.04.30 17:08:35.110,1.83379,1.834,2.02,1.00
2015.04.30 17:08:35.718,1.83383,1.83403,1.00,1.00
2015.04.30 17:08:35.921,1.83382,1.83401,1.17,1.00
2015.04.30 17:08:36.586,1.83383,1.83405,1.07,1.10
2015.04.30 17:08:38.244,1.83387,1.83406,1.00,1.07
2015.04.30 17:08:38.548,1.83382,1.83404,1.55,1.00
2015.04.30 17:08:39.082,1.83382,1.83404,4.12,1.00
2015.04.30 17:08:39.336,1.83382,1.83403,1.12,1.00
2015.04.30 17:08:39.858,1.83382,1.83402,1.50,1.00
2015.04.30 17:08:39.909,1.83385,1.83406,1.00,1.15
2015.04.30 17:08:40.011,1.83383,1.83403,1.00,1.00
2015.04.30 17:08:40.315,1.83382,1.834,1.00,1.00
2015.04.30 17:08:40.835,1.83381,1.834,2.25,1.50
2015.04.30 17:08:41.140,1.83382,1.83398,1.50,1.00
2015.04.30 17:08:41.242,1.83379,1.83398,1.00,1.00
2015.04.30 17:08:41.343,1.83379,1.83398,1.00,1.57
2015.04.30 17:08:41.862,1.83378,1.83398,1.50,1.57
2015.04.30 17:08:42.387,1.83379,1.83398,1.00,1.57
2015.04.30 17:08:42.743,1.83378,1.83398,1.50,1.15
2015.04.30 17:08:42.897,1.83379,1.83398,1.37,1.17
2015.04.30 17:08:42.999,1.83381,1.83401,2.62,1.10
2015.04.30 17:08:43.101,1.83383,1.83404,1.00,1.07
2015.04.30 17:08:44.628,1.83383,1.83398,1.00,1.00
2015.04.30 17:08:46.298,1.83383,1.83402,1.00,1.00
2015.04.30 17:08:49.231,1.83383,1.83403,1.00,1.10
2015.04.30 17:08:50.335,1.83383,1.83402,1.00,1.00
2015.04.30 17:08:51.136,1.83383,1.83404,1.00,1.07
2015.04.30 17:08:54.971,1.83383,1.83402,1.00,1.00
2015.04.30 17:08:55.175,1.83385,1.83407,1.00,1.17
2015.04.30 17:08:57.138,1.83385,1.83403,1.00,1.12
2015.04.30 17:08:57.189,1.83382,1.83403,1.00,1.20
2015.04.30 17:08:57.392,1.83379,1.83399,1.10,1.00
2015.04.30 17:08:58.972,1.83379,1.83399,1.00,1.17
2015.04.30 17:09:00.615,1.83379,1.83397,1.00,1.57
2015.04.30 17:09:00.717,1.83375,1.83397,1.00,2.77
2015.04.30 17:09:00.783,1.83373,1.83392,1.00,1.00
2015.04.30 17:09:01.297,1.83373,1.83392,1.00,1.07
2015.04.30 17:09:01.750,1.83373,1.83392,1.37,1.07
2015.04.30 17:09:01.852,1.83376,1.83395,1.00,1.00
2015.04.30 17:09:01.903,1.83378,1.83396,1.00,1.00
2015.04.30 17:09:02.410,1.83378,1.83397,1.00,1.10
2015.04.30 17:09:02.753,1.83381,1.834,1.00,1.57
2015.04.30 17:09:03.563,1.83381,1.83399,1.00,1.10
2015.04.30 17:09:04.120,1.83381,1.83397,1.00,1.00
2015.04.30 17:09:04.348,1.83378,1.83397,1.10,1.00
2015.04.30 17:09:04.859,1.83378,1.83398,1.27,1.00
2015.04.30 17:09:05.113,1.83383,1.83402,1.00,1.65
2015.04.30 17:09:05.423,1.83383,1.83393,1.00,1.00
2015.04.30 17:09:05.524,1.83372,1.83391,2.25,1.00
2015.04.30 17:09:05.727,1.83378,1.83391,1.00,1.00
2015.04.30 17:09:06.233,1.83379,1.83392,1.00,1.57
2015.04.30 17:09:06.638,1.83378,1.83394,1.00,1.65
2015.04.30 17:09:06.918,1.8338,1.83394,1.00,1.17
2015.04.30 17:09:07.617,1.83379,1.83394,1.00,1.17
2015.04.30 17:09:08.250,1.8338,1.83394,1.00,1.17
2015.04.30 17:09:08.772,1.83379,1.83394,1.00,1.17
2015.04.30 17:09:09.314,1.8338,1.83393,1.00,1.10
2015.04.30 17:09:09.466,1.83376,1.83393,1.00,1.10
2015.04.30 17:09:09.723,1.83374,1.83393,1.00,1.10
2015.04.30 17:09:09.926,1.83376,1.83393,1.00,1.10
2015.04.30 17:09:10.526,1.83375,1.83393,1.00,1.10
2015.04.30 17:09:11.151,1.83376,1.83393,1.00,1.10
2015.04.30 17:09:11.252,1.83374,1.83393,1.00,1.10
2015.04.30 17:09:11.857,1.83373,1.83393,1.50,1.10
2015.04.30 17:09:12.631,1.83374,1.83393,1.00,1.10
2015.04.30 17:09:12.796,1.83374,1.83393,1.00,1.17
2015.04.30 17:09:13.101,1.83374,1.83389,1.00,1.00
2015.04.30 17:09:13.607,1.83373,1.83389,1.00,1.00
2015.04.30 17:09:14.136,1.83372,1.83389,1.00,1.00
2015.04.30 17:09:14.823,1.83373,1.83389,1.00,1.00
2015.04.30 17:09:15.350,1.83372,1.83389,1.00,1.00
2015.04.30 17:09:16.065,1.83373,1.83389,1.00,1.00
2015.04.30 17:09:16.744,1.83372,1.83389,1.50,1.00
2015.04.30 17:09:17.268,1.83373,1.83389,1.00,1.00
2015.04.30 17:09:17.782,1.83372,1.83389,1.50,1.00
2015.04.30 17:09:17.986,1.8337,1.83389,1.00,1.00
2015.04.30 17:09:18.088,1.83371,1.83387,1.00,1.00
2015.04.30 17:09:18.317,1.83364,1.83382,1.00,1.37
2015.04.30 17:09:18.368,1.83364,1.83382,1.00,1.87
2015.04.30 17:09:18.521,1.83355,1.83376,1.10,1.57
2015.04.30 17:09:19.102,1.83355,1.83373,1.10,1.00
2015.04.30 17:09:19.610,1.83354,1.83373,1.00,1.65
2015.04.30 17:09:19.712,1.83352,1.83371,1.00,1.00
2015.04.30 17:09:20.404,1.83349,1.83369,1.10,1.00
2015.04.30 17:09:20.709,1.83351,1.83372,1.00,2.77
2015.04.30 17:09:20.810,1.83348,1.83368,1.20,1.00
2015.04.30 17:09:21.038,1.83351,1.83371,1.00,1.20
2015.04.30 17:09:23.089,1.83351,1.83369,1.00,1.00
2015.04.30 17:09:23.140,1.83343,1.83364,1.65,1.00
2015.04.30 17:09:23.446,1.83341,1.83361,1.37,1.00
2015.04.30 17:09:23.598,1.83344,1.83365,1.00,1.17
2015.04.30 17:09:24.102,1.83344,1.83365,1.15,1.00
2015.04.30 17:09:24.473,1.83348,1.83369,1.00,2.25
2015.04.30 17:09:25.254,1.83348,1.83369,1.00,1.15
2015.04.30 17:09:26.005,1.83349,1.83368,1.00,1.20
2015.04.30 17:09:27.063,1.83349,1.83368,1.00,3.37
2015.04.30 17:09:27.114,1.83344,1.83363,1.00,1.00
2015.04.30 17:09:27.216,1.83342,1.83364,1.00,1.15
2015.04.30 17:09:27.886,1.83342,1.83362,1.00,1.00
2015.04.30 17:09:30.014,1.83341,1.8336,1.00,1.00
2015.04.30 17:09:30.481,1.83344,1.83362,1.00,1.15
2015.04.30 17:09:30.633,1.83341,1.83361,1.00,1.20
2015.04.30 17:09:30.937,1.83344,1.83362,1.00,1.15
2015.04.30 17:09:31.039,1.8334,1.83359,1.00,1.10
2015.04.30 17:09:31.545,1.8334,1.83359,1.00,1.17
2015.04.30 17:09:36.440,1.83337,1.83356,1.10,1.00
2015.04.30 17:09:37.346,1.83338,1.8336,1.00,1.15
2015.04.30 17:09:39.317,1.83338,1.8336,1.37,1.15
2015.04.30 17:09:39.419,1.83342,1.83361,1.37,1.00
2015.04.30 17:09:39.622,1.83344,1.83364,1.00,1.00
2015.04.30 17:09:40.902,1.83347,1.83364,1.00,1.00
2015.04.30 17:09:41.637,1.83347,1.83367,1.50,1.17
2015.04.30 17:09:41.992,1.83347,1.83367,1.00,1.95
2015.04.30 17:09:42.144,1.83345,1.83364,1.00,1.10
2015.04.30 17:09:44.263,1.83345,1.83362,1.00,1.00
2015.04.30 17:09:46.365,1.83345,1.83364,1.10,1.00
2015.04.30 17:09:48.433,1.83345,1.83362,1.00,1.10
2015.04.30 17:09:48.636,1.83341,1.83362,1.10,1.10
2015.04.30 17:09:49.042,1.83341,1.83363,1.07,1.10
2015.04.30 17:09:49.975,1.83341,1.83363,1.90,1.00
2015.04.30 17:09:50.077,1.83346,1.83367,3.07,1.00
2015.04.30 17:09:50.179,1.83348,1.8337,1.65,1.50
2015.04.30 17:09:50.331,1.83353,1.83372,1.12,1.00
2015.04.30 17:09:50.567,1.83358,1.83377,1.20,1.00
2015.04.30 17:09:50.620,1.83358,1.83377,1.85,1.00
2015.04.30 17:09:50.773,1.83361,1.83381,1.17,1.00
2015.04.30 17:09:51.079,1.83361,1.83378,1.17,1.00
2015.04.30 17:09:52.838,1.83361,1.83381,1.17,1.00
2015.04.30 17:09:54.599,1.83361,1.83378,1.17,1.00
2015.04.30 17:09:55.106,1.83361,1.83377,1.10,1.00
2015.04.30 17:09:55.368,1.83358,1.83377,1.10,1.00
2015.04.30 17:09:55.470,1.83358,1.83377,1.00,1.17
2015.04.30 17:09:59.559,1.83358,1.83377,1.00,1.10
2015.04.30 17:10:01.015,1.8336,1.83377,1.50,1.00
2015.04.30 17:10:01.185,1.83368,1.83388,2.25,1.00
2015.04.30 17:10:01.540,1.83368,1.83387,1.57,1.00
2015.04.30 17:10:02.069,1.83368,1.83387,1.15,1.00
2015.04.30 17:10:04.340,1.83369,1.83387,1.07,1.00
2015.04.30 17:10:04.879,1.83369,1.83388,1.50,1.00
2015.04.30 17:10:07.278,1.83368,1.8339,1.82,1.00
2015.04.30 17:10:08.884,1.83368,1.83387,1.82,1.00
2015.04.30 17:10:10.030,1.83368,1.83388,1.82,1.00
2015.04.30 17:10:10.538,1.83368,1.83387,1.82,1.00
2015.04.30 17:10:11.444,1.83368,1.83388,1.82,1.00
2015.04.30 17:10:12.101,1.83371,1.83386,1.00,1.00
2015.04.30 17:10:12.254,1.83369,1.83386,1.00,1.00
2015.04.30 17:10:12.458,1.83367,1.83386,1.10,1.00
2015.04.30 17:10:12.917,1.83367,1.83386,1.17,1.00
2015.04.30 17:10:13.246,1.83372,1.83386,1.00,1.00
2015.04.30 17:10:13.820,1.83371,1.83386,1.57,1.00
2015.04.30 17:10:14.411,1.83372,1.83386,1.00,1.00
2015.04.30 17:10:14.614,1.83372,1.8339,1.00,1.00
2015.04.30 17:10:15.150,1.83371,1.8339,1.57,1.00
2015.04.30 17:10:15.667,1.83372,1.8339,1.00,1.00
2015.04.30 17:10:16.213,1.83371,1.8339,1.10,1.00
2015.04.30 17:10:16.856,1.83372,1.8339,1.00,1.00
2015.04.30 17:10:17.534,1.83371,1.8339,1.10,1.00
2015.04.30 17:10:17.788,1.83372,1.83392,1.00,1.50
2015.04.30 17:10:19.153,1.83371,1.83392,1.50,1.65
2015.04.30 17:10:19.255,1.83371,1.83388,1.00,1.00
2015.04.30 17:10:19.777,1.83372,1.83388,1.00,1.00
2015.04.30 17:10:20.282,1.83371,1.83388,1.00,1.10
2015.04.30 17:10:21.241,1.83372,1.83388,1.00,1.10
2015.04.30 17:10:21.804,1.83371,1.83388,1.00,1.10
2015.04.30 17:10:23.158,1.83372,1.83388,1.00,1.10
2015.04.30 17:10:23.783,1.83371,1.83388,1.00,1.10
2015.04.30 17:10:24.296,1.83372,1.83388,1.00,1.10
2015.04.30 17:10:24.852,1.83371,1.83388,1.00,1.00
2015.04.30 17:10:25.560,1.83372,1.83388,1.00,1.00
2015.04.30 17:10:26.178,1.83371,1.83388,1.00,1.00
2015.04.30 17:10:26.711,1.83372,1.83388,1.00,1.00
2015.04.30 17:10:27.237,1.83371,1.83388,1.00,1.00
2015.04.30 17:10:27.768,1.8337,1.83388,1.00,1.00
2015.04.30 17:10:28.623,1.83369,1.83388,1.50,1.00
2015.04.30 17:10:29.252,1.8337,1.83388,1.00,1.00
2015.04.30 17:10:29.936,1.83369,1.83388,1.50,1.00
2015.04.30 17:10:30.490,1.8337,1.83388,1.00,1.00
2015.04.30 17:10:30.794,1.83373,1.83388,1.00,1.00
2015.04.30 17:10:31.157,1.83375,1.83388,1.00,1.00
2015.04.30 17:10:31.361,1.83373,1.83388,1.00,1.00
2015.04.30 17:10:31.463,1.83371,1.83388,1.00,1.07
2015.04.30 17:10:31.514,1.83369,1.83388,1.00,1.07
2015.04.30 17:10:33.038,1.8337,1.83388,1.00,1.00
2015.04.30 17:10:33.088,1.83372,1.83388,1.00,1.00
2015.04.30 17:10:34.256,1.83372,1.83388,1.07,1.00
2015.04.30 17:10:34.408,1.83372,1.83391,1.52,1.00
2015.04.30 17:10:34.460,1.83377,1.83391,1.00,1.00
2015.04.30 17:10:35.067,1.83377,1.83394,1.50,1.00
2015.04.30 17:10:36.137,1.83378,1.83394,1.00,1.00
2015.04.30 17:10:36.687,1.83378,1.83394,1.37,1.00
2015.04.30 17:10:36.840,1.83379,1.834,1.75,1.15
2015.04.30 17:10:37.245,1.8338,1.834,1.95,1.00
2015.04.30 17:10:37.751,1.83382,1.83401,1.45,1.00
2015.04.30 17:10:38.257,1.83384,1.83404,1.37,1.10
2015.04.30 17:10:39.047,1.83389,1.83404,1.00,1.10
2015.04.30 17:10:39.251,1.83387,1.83404,1.12,1.10
2015.04.30 17:10:39.797,1.83387,1.83404,1.00,1.15
2015.04.30 17:10:40.352,1.83387,1.83404,1.87,1.15
2015.04.30 17:10:41.086,1.8339,1.83404,1.12,1.15
2015.04.30 17:10:42.410,1.8339,1.83404,1.00,1.15
2015.04.30 17:10:42.461,1.83385,1.83404,1.37,1.57
2015.04.30 17:10:42.979,1.83388,1.83403,1.00,1.17
2015.04.30 17:10:43.691,1.83387,1.83403,1.87,1.17
2015.04.30 17:10:44.558,1.83388,1.83403,1.00,1.17
2015.04.30 17:10:46.168,1.83387,1.83403,1.87,1.17
2015.04.30 17:10:46.561,1.83387,1.83398,1.87,1.00
2015.04.30 17:10:46.765,1.83386,1.83402,1.37,1.10
2015.04.30 17:10:49.674,1.83388,1.83402,1.00,1.10
2015.04.30 17:10:50.457,1.83395,1.83402,1.12,1.00
2015.04.30 17:10:50.508,1.83395,1.8341,1.12,1.00
2015.04.30 17:10:50.559,1.83396,1.8341,1.12,1.00
2015.04.30 17:10:50.610,1.83396,1.83412,1.87,1.00
2015.04.30 17:10:50.661,1.83401,1.83412,1.37,1.00
2015.04.30 17:10:50.712,1.83406,1.83418,1.00,1.17
2015.04.30 17:10:50.813,1.83403,1.83417,1.12,1.07
2015.04.30 17:10:50.914,1.83406,1.83421,1.00,1.65
2015.04.30 17:10:51.016,1.83404,1.83421,1.00,1.57
2015.04.30 17:10:51.523,1.83404,1.83417,1.00,1.00
2015.04.30 17:10:51.676,1.83404,1.83412,1.00,1.00
2015.04.30 17:10:52.422,1.83403,1.83412,1.37,1.00
2015.04.30 17:10:53.186,1.83403,1.83412,1.00,1.00
2015.04.30 17:10:53.693,1.83404,1.83412,1.00,1.00
2015.04.30 17:10:54.238,1.83403,1.83412,1.00,1.00
2015.04.30 17:10:54.748,1.83404,1.83413,1.00,1.00
2015.04.30 17:10:54.879,1.83404,1.83418,1.00,1.57
2015.04.30 17:10:54.981,1.83404,1.83416,1.00,1.50
2015.04.30 17:10:55.235,1.83397,1.83413,1.50,1.57
2015.04.30 17:10:55.337,1.83397,1.83407,1.00,1.00
2015.04.30 17:10:55.540,1.83394,1.83407,1.00,1.00
2015.04.30 17:10:55.744,1.83391,1.83407,1.50,1.00
2015.04.30 17:10:56.082,1.8339,1.83403,1.75,1.00
2015.04.30 17:10:57.147,1.83388,1.83403,1.00,1.00
2015.04.30 17:10:58.057,1.83388,1.83407,1.00,1.00
2015.04.30 17:10:59.135,1.83391,1.83407,1.00,1.00
2015.04.30 17:11:00.099,1.8339,1.83407,1.00,1.50
2015.04.30 17:11:00.607,1.83391,1.83407,1.00,1.50
2015.04.30 17:11:01.141,1.8339,1.83407,1.00,1.50
2015.04.30 17:11:01.749,1.83391,1.83407,1.00,1.50
2015.04.30 17:11:02.058,1.8339,1.83407,1.00,2.32
2015.04.30 17:11:02.666,1.83389,1.83403,1.00,1.10
2015.04.30 17:11:03.199,1.83388,1.83403,1.50,1.10
2015.04.30 17:11:03.706,1.83389,1.83403,1.00,1.10
2015.04.30 17:11:04.227,1.83388,1.83402,1.50,1.00
2015.04.30 17:11:04.879,1.83389,1.83402,1.00,1.00
2015.04.30 17:11:05.404,1.83388,1.83402,1.50,1.00
2015.04.30 17:11:05.945,1.83389,1.83402,1.00,1.00
2015.04.30 17:11:06.493,1.83388,1.83402,1.50,1.00
2015.04.30 17:11:07.200,1.83388,1.83407,1.50,2.32
2015.04.30 17:11:07.506,1.83388,1.83407,1.50,1.65
2015.04.30 17:11:08.051,1.83389,1.83407,1.00,1.65
2015.04.30 17:11:08.805,1.83388,1.83407,1.50,1.65
2015.04.30 17:11:09.008,1.8339,1.83407,1.00,1.17
2015.04.30 17:11:09.577,1.83391,1.83407,1.00,1.17
2015.04.30 17:11:10.106,1.8339,1.83407,1.00,1.17
2015.04.30 17:11:10.652,1.83391,1.83407,1.00,1.17
2015.04.30 17:11:11.175,1.8339,1.83407,1.00,1.17
2015.04.30 17:11:11.327,1.83397,1.83413,1.10,1.00
2015.04.30 17:11:11.429,1.83399,1.83415,1.00,1.00
2015.04.30 17:11:11.830,1.83401,1.83417,1.00,1.00
2015.04.30 17:11:12.418,1.83401,1.83418,1.00,1.00
2015.04.30 17:11:13.030,1.83401,1.83417,1.00,1.00
2015.04.30 17:11:13.827,1.83401,1.83412,1.50,1.00
2015.04.30 17:11:15.938,1.83401,1.83417,1.00,1.00
2015.04.30 17:11:17.184,1.83403,1.83417,1.00,1.00
2015.04.30 17:11:17.725,1.83402,1.83417,1.50,1.00
2015.04.30 17:11:18.263,1.83403,1.83417,1.00,1.00
2015.04.30 17:11:19.196,1.83402,1.83417,1.50,1.00
2015.04.30 17:11:19.844,1.83402,1.83417,1.87,1.00
2015.04.30 17:11:20.151,1.83407,1.83417,1.50,1.00
2015.04.30 17:11:20.960,1.83406,1.83417,1.50,1.00
2015.04.30 17:11:21.545,1.83407,1.83417,1.00,1.00
2015.04.30 17:11:22.169,1.83406,1.83417,1.50,1.00
2015.04.30 17:11:22.750,1.83407,1.83417,1.00,1.00
2015.04.30 17:11:23.326,1.83406,1.83417,1.50,1.00
2015.04.30 17:11:23.632,1.83408,1.8342,1.00,1.17
2015.04.30 17:11:23.886,1.83406,1.8342,1.50,1.17
2015.04.30 17:11:24.429,1.83409,1.8342,1.00,1.17
2015.04.30 17:11:24.947,1.83408,1.8342,1.00,1.00
2015.04.30 17:11:25.872,1.83409,1.8342,1.00,1.00
2015.04.30 17:11:26.385,1.83408,1.8342,1.00,1.00
2015.04.30 17:11:26.892,1.83409,1.8342,1.00,1.00
2015.04.30 17:11:27.400,1.8341,1.83422,1.00,1.07
2015.04.30 17:11:27.980,1.83409,1.83422,1.00,1.07
2015.04.30 17:11:28.882,1.8341,1.83423,1.00,1.65
2015.04.30 17:11:29.434,1.83409,1.83423,1.00,1.65
2015.04.30 17:11:29.956,1.83408,1.83423,1.00,1.65
2015.04.30 17:11:30.547,1.83409,1.83422,1.00,1.07
2015.04.30 17:11:31.053,1.83408,1.83422,1.00,1.07
2015.04.30 17:11:31.644,1.83409,1.83422,1.00,1.07
2015.04.30 17:11:32.152,1.83408,1.83422,1.00,1.07
2015.04.30 17:11:33.067,1.83409,1.83422,1.00,1.75
2015.04.30 17:11:33.575,1.8341,1.8342,1.00,2.10
2015.04.30 17:11:33.880,1.8341,1.8342,1.37,1.42
2015.04.30 17:11:33.931,1.8341,1.83422,1.37,1.10
2015.04.30 17:11:37.235,1.83412,1.8342,1.00,1.00
2015.04.30 17:11:37.288,1.834,1.83416,1.87,1.15
2015.04.30 17:11:37.339,1.83399,1.83412,1.75,1.00
2015.04.30 17:11:37.390,1.83395,1.8341,2.25,1.50
2015.04.30 17:11:37.492,1.83396,1.83408,1.12,1.50
2015.04.30 17:11:37.644,1.83393,1.83408,1.12,1.50
2015.04.30 17:11:38.003,1.83394,1.83406,1.00,1.50
2015.04.30 17:11:38.206,1.83396,1.83411,1.12,3.07
2015.04.30 17:11:38.308,1.83397,1.83407,1.50,1.17
2015.04.30 17:11:38.411,1.83395,1.83407,1.00,1.50
2015.04.30 17:11:38.462,1.83395,1.83405,1.00,1.07
2015.04.30 17:11:38.513,1.8339,1.83405,1.00,1.15
2015.04.30 17:11:38.564,1.83392,1.83406,1.00,2.25
2015.04.30 17:11:38.666,1.8339,1.83408,1.37,1.00
2015.04.30 17:11:38.717,1.83396,1.83408,1.00,1.00
2015.04.30 17:11:39.275,1.83392,1.83408,1.00,1.50
2015.04.30 17:11:39.996,1.83392,1.83407,1.00,1.00
2015.04.30 17:11:40.201,1.83386,1.83406,1.00,2.32
2015.04.30 17:11:40.303,1.83384,1.83403,1.50,1.00
2015.04.30 17:11:40.506,1.83384,1.83403,1.50,1.15
2015.04.30 17:11:40.811,1.83384,1.834,1.50,1.15
2015.04.30 17:11:41.269,1.83384,1.83397,1.00,1.50
2015.04.30 17:11:41.422,1.83382,1.83397,1.00,2.25
2015.04.30 17:11:41.473,1.83382,1.83397,1.00,1.15
2015.04.30 17:11:41.929,1.83384,1.83397,1.00,1.15
2015.04.30 17:11:42.482,1.83383,1.83397,1.00,1.15
2015.04.30 17:11:43.068,1.83383,1.83394,1.00,1.65
2015.04.30 17:11:43.373,1.83382,1.83391,1.50,1.10
2015.04.30 17:11:43.627,1.83367,1.83384,1.50,1.42
2015.04.30 17:11:43.729,1.83367,1.8338,1.50,1.00
2015.04.30 17:11:43.830,1.83362,1.8338,1.00,3.00
2015.04.30 17:11:44.037,1.83362,1.83374,1.00,1.00
2015.04.30 17:11:44.341,1.83361,1.83374,1.87,1.00
2015.04.30 17:11:44.392,1.83361,1.83377,1.87,1.00
2015.04.30 17:11:44.443,1.83367,1.83377,1.00,1.00
2015.04.30 17:11:44.850,1.83369,1.83377,1.00,1.00
2015.04.30 17:11:45.053,1.83369,1.8338,1.00,1.10
2015.04.30 17:11:45.513,1.83367,1.8338,1.00,1.10
2015.04.30 17:11:45.971,1.83363,1.8338,1.00,1.15
2015.04.30 17:11:46.224,1.83364,1.83378,1.00,1.17
2015.04.30 17:11:46.733,1.83364,1.83378,1.00,2.32
2015.04.30 17:11:46.886,1.83364,1.83378,1.00,1.57
2015.04.30 17:11:47.408,1.83364,1.83378,1.00,1.57
2015.04.30 17:11:47.459,1.83362,1.83378,1.00,1.57
2015.04.30 17:11:48.126,1.83365,1.83378,1.00,1.10
2015.04.30 17:11:48.553,1.83367,1.83381,1.00,1.57
2015.04.30 17:11:48.607,1.83366,1.83381,1.00,1.00
2015.04.30 17:11:48.708,1.83367,1.83383,1.00,1.10
2015.04.30 17:11:49.382,1.83366,1.83383,1.00,1.10
2015.04.30 17:11:49.888,1.83367,1.83382,1.00,1.00
2015.04.30 17:11:50.403,1.83367,1.83383,1.00,1.10
2015.04.30 17:11:50.934,1.83366,1.83383,1.00,1.10
2015.04.30 17:11:51.127,1.83367,1.83383,1.00,1.57
2015.04.30 17:11:51.939,1.83366,1.83382,1.00,2.25
2015.04.30 17:11:52.194,1.83364,1.83381,1.00,1.50
2015.04.30 17:11:52.245,1.83362,1.83381,1.00,1.50
2015.04.30 17:11:52.466,1.83367,1.83381,1.00,1.50
2015.04.30 17:11:52.722,1.83364,1.83381,1.00,1.65
2015.04.30 17:11:53.230,1.83364,1.83381,1.00,1.57
2015.04.30 17:11:53.433,1.83367,1.83381,1.00,1.57
2015.04.30 17:11:53.937,1.83372,1.83383,1.00,1.00
2015.04.30 17:11:54.394,1.83372,1.83385,1.00,1.00
2015.04.30 17:11:54.597,1.83372,1.83383,1.00,1.00
2015.04.30 17:11:54.648,1.83368,1.83383,1.00,1.10
2015.04.30 17:11:54.902,1.83369,1.83385,1.37,1.07
2015.04.30 17:11:54.953,1.83372,1.83387,1.50,1.57
2015.04.30 17:11:55.055,1.83374,1.83387,1.00,1.00
2015.04.30 17:11:55.207,1.83377,1.83391,1.00,1.50
2015.04.30 17:11:55.309,1.83377,1.83386,1.00,1.00
2015.04.30 17:11:55.461,1.83367,1.8338,1.00,1.00
2015.04.30 17:11:55.512,1.83367,1.83379,1.00,1.07
2015.04.30 17:11:55.767,1.83357,1.83375,1.00,1.65
2015.04.30 17:11:56.122,1.83356,1.83371,1.50,1.07
2015.04.30 17:11:56.274,1.83352,1.83371,1.00,1.15
2015.04.30 17:11:56.802,1.83351,1.83371,2.25,1.15
2015.04.30 17:11:57.157,1.83353,1.83371,1.00,1.15
2015.04.30 17:11:57.259,1.83353,1.83371,1.00,1.10
2015.04.30 17:11:57.807,1.83352,1.83371,1.00,1.10
2015.04.30 17:11:58.339,1.83353,1.83371,1.00,1.10
2015.04.30 17:11:58.841,1.83352,1.83371,1.00,1.10
2015.04.30 17:11:58.893,1.83353,1.83375,1.75,2.25
2015.04.30 17:11:59.110,1.83354,1.83375,1.57,1.00
2015.04.30 17:11:59.161,1.83364,1.83375,1.00,1.00
2015.04.30 17:11:59.264,1.83362,1.83375,1.00,1.17
2015.04.30 17:11:59.315,1.83353,1.83375,1.50,1.15
2015.04.30 17:11:59.367,1.83354,1.83371,1.00,1.00
2015.04.30 17:11:59.570,1.83354,1.83374,1.00,1.00
2015.04.30 17:12:00.078,1.83355,1.83374,1.00,1.00
2015.04.30 17:12:00.180,1.83355,1.83374,1.00,1.65
2015.04.30 17:12:00.668,1.83352,1.83372,1.50,1.10
2015.04.30 17:12:00.770,1.83353,1.83372,1.00,1.17
2015.04.30 17:12:01.417,1.83352,1.8337,1.50,1.10
2015.04.30 17:12:01.924,1.83353,1.8337,1.00,1.10
2015.04.30 17:12:02.265,1.83353,1.83362,1.00,1.00
2015.04.30 17:12:02.519,1.83337,1.83358,2.25,1.50
2015.04.30 17:12:02.722,1.83332,1.83357,1.17,2.02
2015.04.30 17:12:02.975,1.83332,1.83357,2.32,1.17
2015.04.30 17:12:03.026,1.83332,1.83357,1.57,1.10
2015.04.30 17:12:05.104,1.8334,1.83357,1.00,1.10
2015.04.30 17:12:05.414,1.83346,1.83369,1.00,2.40
2015.04.30 17:12:05.947,1.83346,1.83369,1.00,1.65
2015.04.30 17:12:06.302,1.83347,1.83366,1.00,1.07
2015.04.30 17:12:06.434,1.83346,1.83367,1.00,1.65
2015.04.30 17:12:07.298,1.83343,1.83367,1.07,1.50
2015.04.30 17:12:07.349,1.83343,1.83367,1.00,2.25
2015.04.30 17:12:07.876,1.83342,1.83367,1.50,3.37
2015.04.30 17:12:08.440,1.83341,1.83367,2.40,3.00
2015.04.30 17:12:08.950,1.83342,1.83367,1.00,3.00
2015.04.30 17:12:09.602,1.83341,1.83367,2.40,3.00
2015.04.30 17:12:10.954,1.83341,1.83367,2.02,2.25
2015.04.30 17:12:11.208,1.83341,1.83367,1.65,1.65
2015.04.30 17:12:11.310,1.83341,1.83367,1.50,3.00
2015.04.30 17:12:11.624,1.83343,1.83367,1.50,3.00
2015.04.30 17:12:12.131,1.83342,1.83367,1.00,3.00
2015.04.30 17:12:12.612,1.83344,1.83367,1.00,3.00
2015.04.30 17:12:12.723,1.83341,1.83367,1.87,3.00
2015.04.30 17:12:12.877,1.83344,1.83367,1.00,3.00
2015.04.30 17:12:13.688,1.83341,1.83365,1.50,1.15
2015.04.30 17:12:13.941,1.83341,1.83361,1.00,1.07
2015.04.30 17:12:13.992,1.83339,1.83361,1.00,1.50
2015.04.30 17:12:14.521,1.83338,1.8336,1.50,1.57
2015.04.30 17:12:15.035,1.83339,1.8336,1.00,1.57
2015.04.30 17:12:15.598,1.83338,1.8336,1.50,1.57
2015.04.30 17:12:16.105,1.83339,1.8336,1.00,1.57
2015.04.30 17:12:16.675,1.83338,1.8336,1.50,1.57
2015.04.30 17:12:17.201,1.83339,1.8336,1.00,1.57
2015.04.30 17:12:17.749,1.83338,1.8336,1.50,1.57
2015.04.30 17:12:18.749,1.83339,1.8336,1.00,1.57
2015.04.30 17:12:19.256,1.83338,1.8336,1.00,1.57
2015.04.30 17:12:19.679,1.83338,1.83361,1.00,1.10
2015.04.30 17:12:20.204,1.83339,1.83361,1.00,1.10
2015.04.30 17:12:20.357,1.83339,1.83353,1.00,1.00
2015.04.30 17:12:20.661,1.83337,1.83353,1.00,1.95
2015.04.30 17:12:20.712,1.83333,1.8335,1.00,1.07
2015.04.30 17:12:20.915,1.83337,1.8335,1.00,1.15
2015.04.30 17:12:21.219,1.83335,1.8335,1.00,1.15
2015.04.30 17:12:21.270,1.83332,1.8335,1.00,1.15
2015.04.30 17:12:21.821,1.83333,1.8335,1.00,1.15
2015.04.30 17:12:22.343,1.83332,1.8335,1.00,1.15
2015.04.30 17:12:22.887,1.83333,1.8335,1.00,1.15
2015.04.30 17:12:22.938,1.83331,1.8335,1.50,1.15
2015.04.30 17:12:23.542,1.83332,1.8335,1.00,1.15
2015.04.30 17:12:26.041,1.83331,1.83349,1.50,1.15
2015.04.30 17:12:26.546,1.83332,1.83349,1.50,1.15
2015.04.30 17:12:27.075,1.83331,1.83349,1.50,1.15
2015.04.30 17:12:27.362,1.83332,1.8335,1.87,1.10
2015.04.30 17:12:27.667,1.83335,1.8335,1.00,1.10
2015.04.30 17:12:28.216,1.83337,1.8335,1.00,1.10
2015.04.30 17:12:28.318,1.8334,1.83355,1.00,1.17
2015.04.30 17:12:28.854,1.83339,1.83355,1.00,1.00
2015.04.30 17:12:29.378,1.8334,1.83355,1.00,1.00
2015.04.30 17:12:29.695,1.83339,1.83355,1.37,1.00
2015.04.30 17:12:29.848,1.83337,1.8336,1.87,1.87
2015.04.30 17:12:29.900,1.83337,1.8336,1.87,1.87
2015.04.30 17:12:30.001,1.8334,1.83358,1.00,1.27
2015.04.30 17:12:30.659,1.8334,1.83353,1.00,1.00
2015.04.30 17:12:30.811,1.83337,1.83353,1.00,1.00
2015.04.30 17:12:31.318,1.83338,1.83353,1.00,1.50
2015.04.30 17:12:31.926,1.83337,1.83353,1.00,1.50
2015.04.30 17:12:32.469,1.83338,1.83353,1.00,1.50
2015.04.30 17:12:33.021,1.83337,1.83353,1.00,1.50
2015.04.30 17:12:33.821,1.83338,1.83353,1.00,1.50
2015.04.30 17:12:34.224,1.83337,1.8335,1.50,1.00
2015.04.30 17:12:34.744,1.83338,1.8335,1.00,1.00
2015.04.30 17:12:35.947,1.83337,1.8335,1.00,1.00
2015.04.30 17:12:36.951,1.8334,1.8335,1.00,1.00
2015.04.30 17:12:37.002,1.8334,1.83355,1.00,1.00
2015.04.30 17:12:37.204,1.8334,1.83357,1.00,1.00
2015.04.30 17:12:37.752,1.83339,1.83357,1.00,1.00
2015.04.30 17:12:38.643,1.8334,1.83357,1.00,1.00
2015.04.30 17:12:38.841,1.83342,1.83357,1.00,1.00
2015.04.30 17:12:39.248,1.8334,1.83358,1.00,1.07
2015.04.30 17:12:40.835,1.83338,1.83357,1.00,1.10
2015.04.30 17:12:41.760,1.83338,1.83357,1.00,1.07
2015.04.30 17:12:42.268,1.83338,1.83355,1.00,1.00
2015.04.30 17:12:42.774,1.83337,1.83355,2.62,1.00
2015.04.30 17:12:43.307,1.83338,1.83355,1.00,1.00
2015.04.30 17:12:43.827,1.83337,1.83355,2.62,1.00
2015.04.30 17:12:44.355,1.83338,1.83358,1.50,1.07
2015.04.30 17:12:44.457,1.83341,1.8336,1.00,1.00
2015.04.30 17:12:44.978,1.83342,1.8336,1.00,1.00
2015.04.30 17:12:45.501,1.83341,1.8336,2.32,1.00
2015.04.30 17:12:45.908,1.83343,1.8336,1.37,1.00
2015.04.30 17:12:46.010,1.83346,1.83365,1.12,1.07
2015.04.30 17:12:46.062,1.83346,1.83365,1.12,1.00
2015.04.30 17:12:48.202,1.83346,1.83365,1.00,1.07
2015.04.30 17:12:48.424,1.83344,1.83363,1.00,1.10
2015.04.30 17:12:48.975,1.83344,1.83363,1.00,1.15
2015.04.30 17:12:49.613,1.83343,1.83361,1.12,1.00
2015.04.30 17:12:50.148,1.83342,1.83361,1.00,1.00
2015.04.30 17:12:50.516,1.83342,1.83361,1.07,1.00
2015.04.30 17:12:50.618,1.83347,1.83366,1.87,1.00
2015.04.30 17:12:50.720,1.83349,1.83366,1.00,1.00
2015.04.30 17:12:51.256,1.83352,1.83366,1.00,1.00
2015.04.30 17:12:51.887,1.83351,1.83366,1.50,1.00
2015.04.30 17:12:52.496,1.83352,1.83366,1.00,1.00
2015.04.30 17:12:52.999,1.83352,1.83366,1.87,1.00
2015.04.30 17:12:53.303,1.83355,1.83366,1.00,1.00
2015.04.30 17:12:53.506,1.83352,1.83369,1.37,2.25
2015.04.30 17:12:53.557,1.83351,1.83369,1.00,2.25
2015.04.30 17:12:54.065,1.83351,1.83366,1.00,1.17
2015.04.30 17:12:54.572,1.83352,1.83366,1.00,1.17
2015.04.30 17:12:55.043,1.83357,1.83368,1.00,1.50
2015.04.30 17:12:55.095,1.83357,1.83368,1.00,1.00
2015.04.30 17:12:55.247,1.83357,1.83373,1.00,1.15
2015.04.30 17:12:57.264,1.83356,1.83373,1.50,1.15
2015.04.30 17:12:58.086,1.83356,1.8337,1.50,1.00
2015.04.30 17:12:58.645,1.83357,1.8337,1.00,1.00
2015.04.30 17:12:59.446,1.83356,1.8337,1.50,1.00
2015.04.30 17:12:59.973,1.83357,1.8337,1.50,1.00
2015.04.30 17:13:00.228,1.83354,1.8337,1.00,1.00
2015.04.30 17:13:00.330,1.83352,1.8337,1.87,1.57
2015.04.30 17:13:02.153,1.83351,1.8337,1.00,1.57
2015.04.30 17:13:02.959,1.83352,1.8337,1.00,1.57
2015.04.30 17:13:03.503,1.83351,1.8337,1.00,1.57
2015.04.30 17:13:04.015,1.83352,1.8337,1.00,1.57
2015.04.30 17:13:04.268,1.83352,1.83368,1.00,1.00
2015.04.30 17:13:05.355,1.83355,1.83369,1.00,1.00
2015.04.30 17:13:05.457,1.83352,1.83369,1.50,1.00
2015.04.30 17:13:05.711,1.83353,1.83373,1.57,1.00
2015.04.30 17:13:05.762,1.83356,1.83373,1.00,1.00
2015.04.30 17:13:06.067,1.83357,1.83371,1.00,1.00
2015.04.30 17:13:06.118,1.83353,1.83371,1.00,1.00
2015.04.30 17:13:06.739,1.83352,1.83371,1.00,1.00
2015.04.30 17:13:07.481,1.83353,1.83371,1.00,1.00
2015.04.30 17:13:07.735,1.83353,1.83371,1.87,1.10
2015.04.30 17:13:08.039,1.83359,1.83371,1.00,1.10
2015.04.30 17:13:08.563,1.83358,1.83371,1.00,1.10
2015.04.30 17:13:10.175,1.83359,1.83371,1.00,1.10
2015.04.30 17:13:10.352,1.83359,1.83375,1.00,1.17
2015.04.30 17:13:10.555,1.83359,1.83371,1.00,1.00
2015.04.30 17:13:11.094,1.83358,1.83371,1.00,1.00
2015.04.30 17:13:11.556,1.8336,1.83372,1.00,1.10
2015.04.30 17:13:11.860,1.83359,1.8337,1.00,1.00
2015.04.30 17:13:12.503,1.83358,1.8337,1.00,1.00
2015.04.30 17:13:13.197,1.83359,1.83372,1.10,1.00
2015.04.30 17:13:13.299,1.83359,1.83379,1.57,1.00
2015.04.30 17:13:13.809,1.8336,1.83379,1.00,1.00
2015.04.30 17:13:14.770,1.83359,1.83379,1.57,1.00
2015.04.30 17:13:15.274,1.8336,1.83379,1.00,1.00
2015.04.30 17:13:15.827,1.83359,1.83379,1.57,1.00
2015.04.30 17:13:16.328,1.8336,1.83379,1.00,1.00
2015.04.30 17:13:17.231,1.8336,1.83379,1.00,1.17
2015.04.30 17:13:17.775,1.83359,1.83379,1.50,1.00
2015.04.30 17:13:18.448,1.8336,1.83379,1.00,1.00
2015.04.30 17:13:19.526,1.83359,1.83379,1.50,1.00
2015.04.30 17:13:19.729,1.83367,1.83379,1.00,1.00
2015.04.30 17:13:19.933,1.83374,1.83387,1.00,1.00
2015.04.30 17:13:20.237,1.83374,1.8339,1.00,1.17
2015.04.30 17:13:21.209,1.83369,1.8339,1.00,1.17
2015.04.30 17:13:22.219,1.83369,1.8339,1.00,1.57
2015.04.30 17:13:22.543,1.83367,1.83386,1.00,1.00
2015.04.30 17:13:23.733,1.83368,1.83386,1.00,1.00
2015.04.30 17:13:24.257,1.83368,1.83386,1.00,1.17
2015.04.30 17:13:24.770,1.83367,1.83386,1.50,1.17
2015.04.30 17:13:24.922,1.83371,1.83389,1.37,2.25
2015.04.30 17:13:25.024,1.8337,1.83389,1.52,1.00
2015.04.30 17:13:25.075,1.83372,1.83393,1.87,1.50
2015.04.30 17:13:25.177,1.83375,1.83394,1.00,1.07
2015.04.30 17:13:25.380,1.83377,1.83399,1.00,2.02
2015.04.30 17:13:25.745,1.83377,1.83397,1.00,1.57
2015.04.30 17:13:26.253,1.83376,1.83395,1.00,1.07
2015.04.30 17:13:27.505,1.83376,1.83394,1.00,1.17
2015.04.30 17:13:27.606,1.83372,1.83392,1.00,1.07
2015.04.30 17:13:27.708,1.83372,1.83392,1.00,2.32
2015.04.30 17:13:27.810,1.83367,1.83387,2.25,1.00
2015.04.30 17:13:27.861,1.83367,1.83386,1.50,1.07
2015.04.30 17:13:28.165,1.83359,1.83377,1.75,1.00
2015.04.30 17:13:28.216,1.83359,1.83377,1.00,1.07
2015.04.30 17:13:28.369,1.83363,1.83374,1.00,1.00
2015.04.30 17:13:28.844,1.83358,1.83374,1.00,1.00
2015.04.30 17:13:29.463,1.83358,1.83377,1.50,1.07
2015.04.30 17:13:29.514,1.83358,1.83377,1.50,1.00
2015.04.30 17:13:29.970,1.83363,1.83377,1.00,1.00
2015.04.30 17:13:30.178,1.83365,1.83385,1.95,1.00
2015.04.30 17:13:30.433,1.83368,1.8339,1.27,1.00
2015.04.30 17:13:31.662,1.83368,1.8339,2.40,1.07
2015.04.30 17:13:32.170,1.83368,1.8339,1.15,1.00
2015.04.30 17:13:32.728,1.83368,1.83389,1.45,1.00
2015.04.30 17:13:33.033,1.83368,1.83389,1.00,1.07
2015.04.30 17:13:33.337,1.83368,1.83389,1.00,1.82
2015.04.30 17:13:34.155,1.83368,1.83389,1.00,1.82
2015.04.30 17:13:34.360,1.83368,1.83389,1.00,2.25
2015.04.30 17:13:34.873,1.83368,1.83389,1.00,1.57
2015.04.30 17:13:37.963,1.83368,1.8339,1.00,1.57
2015.04.30 17:13:38.520,1.83368,1.8339,1.20,1.07
2015.04.30 17:13:39.038,1.83368,1.8339,2.02,1.00
2015.04.30 17:13:40.655,1.83372,1.83391,1.12,1.10
2015.04.30 17:13:40.807,1.83374,1.83394,1.00,1.10
2015.04.30 17:13:40.909,1.83376,1.83397,1.10,2.25
2015.04.30 17:13:40.960,1.83376,1.83397,1.20,1.50
2015.04.30 17:13:41.113,1.83373,1.83395,1.50,1.10
2015.04.30 17:13:41.645,1.83373,1.83395,1.10,1.65
2015.04.30 17:13:42.964,1.83373,1.83395,1.00,2.70
2015.04.30 17:13:45.273,1.83368,1.83384,1.57,1.00
2015.04.30 17:13:45.375,1.83364,1.83384,1.47,1.00
2015.04.30 17:13:46.034,1.83365,1.83384,1.20,1.20
2015.04.30 17:13:46.136,1.83363,1.83385,1.50,2.02
2015.04.30 17:13:46.238,1.83363,1.83384,1.00,1.20
2015.04.30 17:13:46.289,1.8336,1.83382,1.00,1.27
2015.04.30 17:13:46.798,1.8336,1.83382,1.20,1.12
2015.04.30 17:13:46.900,1.8336,1.83382,1.10,1.20
2015.04.30 17:13:47.205,1.8336,1.83375,1.37,2.25
2015.04.30 17:13:47.459,1.83362,1.83375,1.50,1.17
2015.04.30 17:13:47.611,1.83363,1.83377,1.00,1.10
2015.04.30 17:13:47.763,1.83364,1.8338,1.00,1.20
2015.04.30 17:13:48.313,1.83366,1.8338,1.00,1.00
2015.04.30 17:13:48.618,1.83369,1.83383,1.00,1.57
2015.04.30 17:13:48.771,1.8337,1.83383,1.00,1.00
2015.04.30 17:13:48.894,1.83369,1.83385,1.12,1.10
2015.04.30 17:13:49.401,1.8337,1.83385,1.00,1.10
2015.04.30 17:13:49.942,1.83369,1.83385,1.12,1.10
2015.04.30 17:13:50.095,1.83367,1.83385,1.50,1.47
2015.04.30 17:13:50.198,1.83364,1.8338,1.50,1.12
2015.04.30 17:13:50.249,1.83364,1.8338,1.00,2.62
2015.04.30 17:13:50.300,1.8336,1.8338,1.00,3.00
2015.04.30 17:13:50.402,1.83362,1.8338,1.00,1.57
2015.04.30 17:13:50.606,1.8336,1.83379,1.00,1.15
2015.04.30 17:13:51.113,1.83361,1.83377,1.00,1.10
2015.04.30 17:13:51.471,1.83361,1.83377,1.00,1.15
2015.04.30 17:13:51.827,1.83364,1.83377,1.00,1.07
2015.04.30 17:13:51.878,1.83364,1.83377,1.00,1.00
2015.04.30 17:13:52.132,1.83361,1.83378,1.87,1.57
2015.04.30 17:13:52.284,1.8336,1.83376,1.00,1.82
2015.04.30 17:13:53.135,1.83359,1.83376,1.00,1.85
2015.04.30 17:13:53.186,1.83359,1.83376,1.00,1.17
2015.04.30 17:13:53.831,1.8336,1.83376,1.00,1.17
2015.04.30 17:13:54.835,1.8336,1.83376,1.00,1.57
2015.04.30 17:13:55.343,1.8336,1.83373,1.00,1.17
2015.04.30 17:13:55.850,1.83359,1.83373,1.00,1.17
2015.04.30 17:13:56.361,1.83358,1.83373,1.50,1.17
2015.04.30 17:13:56.768,1.8336,1.83373,1.00,1.00
2015.04.30 17:13:57.187,1.8336,1.83377,1.00,1.10
2015.04.30 17:13:57.289,1.83363,1.83381,1.00,1.00
2015.04.30 17:13:57.820,1.83364,1.83381,1.00,1.00
2015.04.30 17:13:57.922,1.83364,1.83383,1.50,1.00
2015.04.30 17:14:00.632,1.83365,1.83383,1.00,1.00
2015.04.30 17:14:00.885,1.83366,1.83383,1.27,1.00
2015.04.30 17:14:01.932,1.83366,1.83383,1.52,1.00
2015.04.30 17:14:02.034,1.83366,1.83387,1.52,1.00
2015.04.30 17:14:02.541,1.83369,1.83387,1.00,1.00
2015.04.30 17:14:03.063,1.83368,1.83387,1.20,1.00
2015.04.30 17:14:03.572,1.83369,1.83387,1.12,1.00
2015.04.30 17:14:03.675,1.8337,1.83391,1.12,1.00
2015.04.30 17:14:04.184,1.8337,1.83391,1.95,1.00
2015.04.30 17:14:04.691,1.8337,1.83391,1.47,1.00
2015.04.30 17:14:04.792,1.8337,1.83391,1.10,1.00
2015.04.30 17:14:05.733,1.8337,1.83391,1.00,1.17
2015.04.30 17:14:06.658,1.8337,1.83391,1.00,1.55
2015.04.30 17:14:06.761,1.83369,1.83388,1.10,1.37
2015.04.30 17:14:07.185,1.83369,1.83388,1.00,1.95
2015.04.30 17:14:07.592,1.83369,1.83388,1.00,1.27
2015.04.30 17:14:09.302,1.83369,1.83388,1.00,1.00
2015.04.30 17:14:10.259,1.83371,1.8339,1.50,1.10
2015.04.30 17:14:10.766,1.83375,1.8339,1.00,1.00
2015.04.30 17:14:10.919,1.83376,1.83393,1.00,1.10
2015.04.30 17:14:11.020,1.83374,1.83393,1.65,1.00
2015.04.30 17:14:11.122,1.83376,1.83393,1.00,1.00
2015.04.30 17:14:11.568,1.8338,1.83397,1.00,1.00
2015.04.30 17:14:12.176,1.83379,1.83397,1.87,1.00
2015.04.30 17:14:12.784,1.8338,1.83397,1.00,1.00
2015.04.30 17:14:13.470,1.83379,1.83397,1.87,1.00
2015.04.30 17:14:14.021,1.8338,1.83397,1.00,1.00
2015.04.30 17:14:14.326,1.83388,1.83403,1.00,1.95
2015.04.30 17:14:14.478,1.83383,1.83402,1.00,1.45
2015.04.30 17:14:14.631,1.8338,1.83401,1.50,1.47
2015.04.30 17:14:14.935,1.83383,1.83401,1.00,1.00
2015.04.30 17:14:16.938,1.83381,1.83401,1.10,1.12
2015.04.30 17:14:18.945,1.83382,1.83401,1.00,1.12
2015.04.30 17:14:20.731,1.83382,1.83401,1.00,1.27
2015.04.30 17:14:22.136,1.83384,1.83401,1.00,1.00
2015.04.30 17:14:22.440,1.83391,1.83403,1.00,1.00
2015.04.30 17:14:22.491,1.83389,1.83406,1.00,1.20
2015.04.30 17:14:22.694,1.83391,1.83406,1.00,1.00
2015.04.30 17:14:22.796,1.83388,1.83406,1.00,1.07
2015.04.30 17:14:23.316,1.83389,1.83406,1.00,1.10
2015.04.30 17:14:23.691,1.83387,1.83405,1.00,1.12
2015.04.30 17:14:24.248,1.83387,1.83405,1.00,1.27
2015.04.30 17:14:25.315,1.83386,1.83405,1.00,1.27
2015.04.30 17:14:26.125,1.83386,1.83405,1.00,1.55
2015.04.30 17:14:26.634,1.83385,1.83402,1.00,1.37
2015.04.30 17:14:27.527,1.83385,1.83402,1.00,1.00
2015.04.30 17:14:27.845,1.83387,1.83405,1.00,1.55
2015.04.30 17:14:28.048,1.83387,1.83405,1.00,1.12
2015.04.30 17:14:28.558,1.83387,1.83408,1.00,1.55
2015.04.30 17:14:29.395,1.83387,1.83408,1.00,1.55
2015.04.30 17:14:30.594,1.83387,1.83405,1.00,1.37
2015.04.30 17:14:32.914,1.83387,1.83408,1.00,1.55
2015.04.30 17:14:33.156,1.83388,1.83408,1.07,1.47
2015.04.30 17:14:33.683,1.8339,1.83408,1.00,1.00
2015.04.30 17:14:34.790,1.8339,1.8341,1.50,1.12
2015.04.30 17:14:35.283,1.8339,1.8341,1.65,1.00
2015.04.30 17:14:38.177,1.83395,1.83414,1.00,1.10
2015.04.30 17:14:40.137,1.83395,1.83414,1.20,1.10
2015.04.30 17:14:40.188,1.83397,1.83417,1.00,1.00
2015.04.30 17:14:40.290,1.83397,1.83417,1.17,1.00
2015.04.30 17:14:41.005,1.83397,1.83417,1.00,1.00
2015.04.30 17:14:41.157,1.83394,1.83415,1.17,1.00
2015.04.30 17:14:41.462,1.83393,1.83415,1.57,1.55
2015.04.30 17:14:42.061,1.83393,1.83415,1.50,1.95
2015.04.30 17:14:45.892,1.83393,1.83411,1.00,1.00
2015.04.30 17:14:45.995,1.83395,1.83414,1.00,1.27
2015.04.30 17:14:47.190,1.83395,1.83415,1.00,1.17
2015.04.30 17:14:47.486,1.83393,1.83412,1.10,1.00
2015.04.30 17:14:47.803,1.83395,1.83414,1.10,1.00
2015.04.30 17:14:48.108,1.83395,1.83414,1.15,1.00
2015.04.30 17:14:50.325,1.83394,1.83413,3.07,1.00
2015.04.30 17:14:51.505,1.83395,1.83412,1.10,1.00
2015.04.30 17:14:52.221,1.83393,1.83412,1.20,1.00
2015.04.30 17:14:54.578,1.83395,1.83412,1.10,1.00
2015.04.30 17:14:54.882,1.83395,1.83412,1.17,1.00
2015.04.30 17:14:56.664,1.83396,1.83416,1.07,1.00
2015.04.30 17:14:57.243,1.83397,1.83417,1.10,1.00
2015.04.30 17:15:00.209,1.83395,1.83415,1.65,1.00
2015.04.30 17:15:00.412,1.83398,1.83417,1.00,1.50
2015.04.30 17:15:01.370,1.83398,1.83417,1.50,1.87
2015.04.30 17:15:01.421,1.83397,1.83412,1.57,1.00
2015.04.30 17:15:01.726,1.834,1.83419,1.15,1.00
2015.04.30 17:15:01.777,1.834,1.83419,1.82,1.00
2015.04.30 17:15:02.058,1.83402,1.83423,1.57,1.50
2015.04.30 17:15:02.161,1.83402,1.83423,1.20,1.50
2015.04.30 17:15:02.671,1.83402,1.83417,1.65,1.00
2015.04.30 17:15:02.774,1.83394,1.83413,1.17,1.00
2015.04.30 17:15:02.978,1.83394,1.83413,1.00,1.15
2015.04.30 17:15:08.047,1.83391,1.8341,1.00,1.07
2015.04.30 17:15:08.657,1.83393,1.8341,1.00,1.17
2015.04.30 17:15:09.165,1.83392,1.8341,1.00,1.00
2015.04.30 17:15:09.498,1.83387,1.83405,1.57,1.00
2015.04.30 17:15:10.016,1.83386,1.83405,2.25,1.10
2015.04.30 17:15:10.472,1.83386,1.83405,1.00,1.17
2015.04.30 17:15:10.523,1.83382,1.83404,2.32,1.07
2015.04.30 17:15:10.574,1.83383,1.83404,1.37,1.07
2015.04.30 17:15:10.878,1.83387,1.83404,1.00,1.07
2015.04.30 17:15:11.935,1.83385,1.83406,1.00,2.32
2015.04.30 17:15:12.707,1.83385,1.83406,1.00,1.65
2015.04.30 17:15:14.001,1.83385,1.83406,1.07,1.57
2015.04.30 17:15:14.156,1.83388,1.83406,1.00,1.00
2015.04.30 17:15:14.461,1.83388,1.83409,2.32,1.00
2015.04.30 17:15:15.905,1.83388,1.83409,1.95,1.10
2015.04.30 17:15:16.058,1.83392,1.83412,1.10,1.00
2015.04.30 17:15:16.565,1.83392,1.83412,1.00,1.17
2015.04.30 17:15:16.718,1.83388,1.83407,1.27,1.00
2015.04.30 17:15:17.022,1.83388,1.83407,1.00,1.00
2015.04.30 17:15:21.556,1.8339,1.83411,1.00,1.65
2015.04.30 17:15:26.838,1.8339,1.83411,1.00,1.10
2015.04.30 17:15:28.810,1.83388,1.83408,1.57,1.00
2015.04.30 17:15:29.115,1.83387,1.83403,1.50,1.00
2015.04.30 17:15:29.216,1.83383,1.83403,1.10,1.50
2015.04.30 17:15:34.066,1.83383,1.83403,1.00,1.95
2015.04.30 17:15:34.122,1.83381,1.834,1.10,1.00
2015.04.30 17:15:35.162,1.83382,1.834,1.00,1.00
2015.04.30 17:15:36.322,1.83381,1.834,1.57,1.00
2015.04.30 17:15:37.070,1.8338,1.834,1.10,1.00
2015.04.30 17:15:38.490,1.8338,1.834,1.00,1.20
2015.04.30 17:15:39.593,1.83374,1.83394,1.07,1.50
2015.04.30 17:15:39.644,1.83374,1.83394,1.00,2.32
2015.04.30 17:15:39.746,1.83369,1.83391,1.10,1.10
2015.04.30 17:15:39.848,1.83368,1.83387,1.65,1.00
2015.04.30 17:15:40.354,1.83368,1.83387,1.50,1.00
2015.04.30 17:15:42.866,1.83369,1.83387,1.00,1.00
2015.04.30 17:15:43.445,1.8337,1.83391,1.00,1.00
2015.04.30 17:15:43.497,1.8337,1.83391,1.75,1.00
2015.04.30 17:15:43.598,1.83376,1.83395,1.10,1.00
2015.04.30 17:15:44.110,1.83377,1.83399,1.00,1.17
2015.04.30 17:15:45.703,1.83377,1.83398,1.00,1.12
2015.04.30 17:15:46.242,1.83376,1.83395,1.10,1.00
2015.04.30 17:15:46.801,1.83376,1.83395,1.07,1.00
2015.04.30 17:15:47.106,1.83381,1.834,1.15,1.00
2015.04.30 17:15:47.645,1.83381,1.834,1.15,1.00
2015.04.30 17:15:51.619,1.83383,1.83403,1.00,1.00
2015.04.30 17:15:52.433,1.83383,1.83403,1.00,1.17
2015.04.30 17:15:52.939,1.83381,1.83401,1.57,1.00
2015.04.30 17:15:53.261,1.83384,1.83404,1.00,1.65
2015.04.30 17:15:53.734,1.83384,1.83404,1.00,1.00
2015.04.30 17:15:55.924,1.83386,1.83404,1.00,1.00
2015.04.30 17:15:56.127,1.83387,1.83406,1.00,1.00
2015.04.30 17:15:56.641,1.83388,1.83409,1.00,1.00
2015.04.30 17:15:57.016,1.83387,1.83406,2.40,1.00
2015.04.30 17:16:04.695,1.83387,1.83406,1.50,1.07
2015.04.30 17:16:05.289,1.83387,1.83406,2.25,1.15
2015.04.30 17:16:05.462,1.83387,1.83406,1.50,1.10
2015.04.30 17:16:12.199,1.83388,1.83406,1.00,1.00
2015.04.30 17:16:12.783,1.83387,1.83406,1.57,1.00
2015.04.30 17:16:13.288,1.83387,1.83406,1.57,1.00
2015.04.30 17:16:13.390,1.83389,1.83409,1.20,1.50
2015.04.30 17:16:13.918,1.83389,1.83409,1.20,1.00
2015.04.30 17:16:16.046,1.83392,1.83411,1.00,1.00
2015.04.30 17:16:16.375,1.8339,1.83409,1.00,1.00
2015.04.30 17:16:20.193,1.8339,1.83409,1.00,1.37
2015.04.30 17:16:20.498,1.83384,1.83401,1.00,1.00
2015.04.30 17:16:21.036,1.83383,1.83401,1.00,1.00
2015.04.30 17:16:21.138,1.83381,1.83401,1.10,1.00
2015.04.30 17:16:24.262,1.83382,1.83401,1.17,1.00
2015.04.30 17:16:24.571,1.83384,1.83401,1.17,1.00
2015.04.30 17:16:24.774,1.83385,1.83406,1.10,1.00
2015.04.30 17:16:25.286,1.83385,1.83405,1.10,1.00
2015.04.30 17:16:26.240,1.83389,1.83405,1.00,1.00
2015.04.30 17:16:26.342,1.83391,1.8341,1.00,1.00
2015.04.30 17:16:26.444,1.83393,1.8341,1.50,1.00
2015.04.30 17:16:26.495,1.83393,1.83413,1.50,1.00
2015.04.30 17:16:27.438,1.83396,1.83416,1.20,1.00
2015.04.30 17:16:27.692,1.83393,1.83408,1.50,1.00
2015.04.30 17:16:27.794,1.83393,1.83412,1.00,1.00
2015.04.30 17:16:27.845,1.83393,1.83412,1.87,1.00
2015.04.30 17:16:28.150,1.83396,1.83412,1.15,1.00
2015.04.30 17:16:29.395,1.83398,1.83417,1.17,1.00
2015.04.30 17:16:29.548,1.834,1.8342,1.00,1.65
2015.04.30 17:16:29.955,1.834,1.8342,1.00,1.65
2015.04.30 17:16:30.462,1.834,1.8342,1.17,1.00
2015.04.30 17:16:30.766,1.83401,1.8342,1.17,1.00
2015.04.30 17:16:30.867,1.83403,1.83422,1.10,1.12
2015.04.30 17:16:31.374,1.83403,1.83422,1.15,1.00
2015.04.30 17:16:32.862,1.83403,1.83422,1.00,1.00
2015.04.30 17:16:33.679,1.83403,1.83422,1.10,1.45
2015.04.30 17:16:33.933,1.834,1.8342,1.00,1.10
2015.04.30 17:16:33.984,1.834,1.8342,1.00,1.17
2015.04.30 17:16:34.316,1.834,1.8342,1.10,1.00
2015.04.30 17:16:34.823,1.83402,1.8342,1.00,1.00
2015.04.30 17:16:34.925,1.83402,1.83424,1.65,1.57
2015.04.30 17:16:39.486,1.83402,1.83424,2.02,1.00
2015.04.30 17:16:39.791,1.8341,1.83431,2.32,1.37
2015.04.30 17:16:39.842,1.8341,1.83431,1.57,1.00
2015.04.30 17:16:40.198,1.83414,1.83433,1.00,1.00
2015.04.30 17:16:43.018,1.83414,1.83433,1.17,1.00
2015.04.30 17:16:45.009,1.83414,1.83433,2.25,1.00
2015.04.30 17:16:49.446,1.83412,1.83426,1.57,1.37
2015.04.30 17:16:49.548,1.83408,1.83424,1.00,1.37
2015.04.30 17:16:49.649,1.83401,1.83421,1.27,1.00
2015.04.30 17:16:49.700,1.83403,1.83424,1.10,1.00
2015.04.30 17:16:49.752,1.83403,1.83425,1.57,1.00
2015.04.30 17:16:50.056,1.83408,1.83427,1.00,1.10
2015.04.30 17:16:55.777,1.83409,1.83427,1.50,1.00
2015.04.30 17:16:56.735,1.8341,1.8343,2.25,1.00
2015.04.30 17:16:57.244,1.83412,1.8343,1.50,1.00
2015.04.30 17:16:58.949,1.83411,1.8343,1.57,1.00
2015.04.30 17:16:59.456,1.8341,1.8343,1.15,1.00
2015.04.30 17:16:59.558,1.83414,1.8343,1.50,1.00
2015.04.30 17:16:59.609,1.83414,1.83432,2.25,1.00
2015.04.30 17:16:59.710,1.83414,1.83436,3.00,1.37
2015.04.30 17:17:00.167,1.83414,1.83435,1.17,1.12
2015.04.30 17:17:00.370,1.83414,1.83432,1.65,1.37
2015.04.30 17:17:00.877,1.83414,1.83432,1.10,1.12
2015.04.30 17:17:01.182,1.83414,1.83432,1.00,1.37
2015.04.30 17:17:01.337,1.83411,1.8343,1.00,1.37
2015.04.30 17:17:01.439,1.83408,1.8343,1.20,1.87
2015.04.30 17:17:02.006,1.83408,1.83427,1.10,1.00
2015.04.30 17:17:02.310,1.83411,1.83427,1.07,1.00
2015.04.30 17:17:02.920,1.83411,1.8343,1.07,1.37
2015.04.30 17:17:03.125,1.83409,1.83427,1.15,1.00
2015.04.30 17:17:03.429,1.83402,1.83422,1.50,1.00
2015.04.30 17:17:03.531,1.834,1.83422,2.32,1.37
2015.04.30 17:17:04.044,1.834,1.83422,2.32,1.50
2015.04.30 17:17:04.197,1.834,1.83418,1.65,1.00
2015.04.30 17:17:04.476,1.83399,1.83418,1.00,1.50
2015.04.30 17:17:08.745,1.83399,1.83417,1.10,1.00
2015.04.30 17:17:09.251,1.83399,1.83418,1.10,1.50
2015.04.30 17:17:21.394,1.83399,1.83417,1.10,1.00
2015.04.30 17:17:21.825,1.83399,1.83418,1.17,1.50
2015.04.30 17:17:22.334,1.834,1.83417,1.00,1.00
2015.04.30 17:17:22.879,1.83399,1.83417,1.00,1.00
2015.04.30 17:17:24.323,1.83399,1.83418,1.00,1.00
2015.04.30 17:17:26.084,1.83399,1.83415,1.00,1.00
2015.04.30 17:17:27.876,1.83399,1.83419,1.95,1.00
2015.04.30 17:17:28.029,1.83399,1.83419,2.32,1.00
2015.04.30 17:17:28.080,1.83401,1.83423,1.45,1.10
2015.04.30 17:17:28.918,1.83405,1.83423,1.00,1.10
2015.04.30 17:17:29.275,1.83406,1.83427,1.85,1.65
2015.04.30 17:17:29.641,1.83405,1.83423,1.75,1.00
2015.04.30 17:17:29.743,1.83406,1.83426,1.75,1.17
2015.04.30 17:17:29.896,1.83406,1.83426,1.57,1.10
2015.04.30 17:17:30.251,1.83403,1.8342,1.10,1.00
2015.04.30 17:17:30.352,1.83401,1.8342,1.00,1.00
2015.04.30 17:17:30.824,1.834,1.83417,1.10,1.00
2015.04.30 17:17:31.077,1.83399,1.83419,1.12,1.00
2015.04.30 17:17:32.189,1.83399,1.83419,1.00,1.20
2015.04.30 17:17:32.240,1.83397,1.83419,1.57,1.20
2015.04.30 17:17:32.341,1.83401,1.83419,1.00,1.27
2015.04.30 17:17:33.021,1.83401,1.8342,1.50,1.10
2015.04.30 17:17:33.072,1.83401,1.8342,3.00,1.00
2015.04.30 17:17:33.377,1.83409,1.83424,1.00,1.00
2015.04.30 17:17:33.479,1.83409,1.83426,1.00,1.00
2015.04.30 17:17:33.783,1.83411,1.83426,1.00,1.00
2015.04.30 17:17:34.298,1.83413,1.83426,1.00,1.00
2015.04.30 17:17:34.451,1.83414,1.83429,1.00,1.17
2015.04.30 17:17:34.980,1.83414,1.83429,1.00,1.10
2015.04.30 17:17:35.261,1.83422,1.83429,1.00,1.10
2015.04.30 17:17:35.466,1.83417,1.83437,1.37,1.65
2015.04.30 17:17:35.620,1.83417,1.83436,1.37,1.85
2015.04.30 17:17:35.926,1.83417,1.83433,1.37,1.15
2015.04.30 17:17:35.977,1.83421,1.8343,1.00,1.00
2015.04.30 17:17:36.180,1.83417,1.8343,1.00,1.20
2015.04.30 17:17:36.281,1.83417,1.83428,1.00,1.12
2015.04.30 17:17:36.485,1.83414,1.83427,1.00,1.65
2015.04.30 17:17:36.908,1.83414,1.83424,1.37,1.00
2015.04.30 17:17:36.960,1.83414,1.83428,1.37,1.17
2015.04.30 17:17:37.011,1.83411,1.83428,1.37,1.20
2015.04.30 17:17:37.112,1.83411,1.83428,1.37,1.10
2015.04.30 17:17:37.163,1.83417,1.83428,1.00,1.10
2015.04.30 17:17:37.366,1.83409,1.83424,1.00,1.37
2015.04.30 17:17:37.417,1.83399,1.83416,1.57,1.00
2015.04.30 17:17:37.468,1.83399,1.83416,1.00,1.00
2015.04.30 17:17:37.519,1.83396,1.83416,1.00,1.50
2015.04.30 17:17:37.621,1.83394,1.83413,1.00,1.10
2015.04.30 17:17:38.415,1.83394,1.83413,1.00,1.20
2015.04.30 17:17:38.518,1.83395,1.8341,1.00,1.00
2015.04.30 17:17:39.064,1.83396,1.83408,1.00,1.50
2015.04.30 17:17:39.217,1.83393,1.83408,1.00,1.65
2015.04.30 17:17:39.713,1.83393,1.83407,1.00,1.95
2015.04.30 17:17:40.375,1.83392,1.83407,1.00,1.95
2015.04.30 17:17:40.649,1.83392,1.83408,1.50,1.65
2015.04.30 17:17:40.903,1.83393,1.83408,1.12,1.10
2015.04.30 17:17:41.071,1.83397,1.83413,1.00,1.00
2015.04.30 17:17:41.733,1.83397,1.83412,1.50,1.00
2015.04.30 17:17:42.275,1.83397,1.83413,1.50,1.00
2015.04.30 17:17:42.825,1.83396,1.83413,1.50,1.00
2015.04.30 17:17:43.375,1.83397,1.83413,1.50,1.00
2015.04.30 17:17:43.880,1.83396,1.83413,1.00,1.50
2015.04.30 17:17:43.931,1.83395,1.83412,1.00,1.37
2015.04.30 17:17:44.084,1.83396,1.83413,1.50,1.10
2015.04.30 17:17:44.338,1.83397,1.83416,1.17,1.00
2015.04.30 17:17:44.390,1.83397,1.83408,2.40,1.00
2015.04.30 17:17:44.492,1.83398,1.83416,1.10,1.00
2015.04.30 17:17:44.671,1.83398,1.83417,1.17,1.00
2015.04.30 17:17:45.083,1.834,1.83418,1.15,1.00
2015.04.30 17:17:46.011,1.834,1.83422,1.15,1.87
2015.04.30 17:17:46.646,1.83402,1.83421,1.20,1.00
2015.04.30 17:17:47.594,1.83402,1.83417,1.20,1.00
2015.04.30 17:17:47.899,1.83398,1.83415,3.00,1.00
2015.04.30 17:17:47.950,1.83398,1.83415,1.00,1.00
2015.04.30 17:17:48.103,1.83397,1.83412,1.00,1.00
2015.04.30 17:17:48.206,1.83401,1.83418,1.00,1.17
2015.04.30 17:17:48.462,1.83403,1.83418,1.00,1.00
2015.04.30 17:17:48.974,1.83402,1.83417,1.00,1.00
2015.04.30 17:17:49.450,1.83401,1.8342,1.10,1.00
2015.04.30 17:17:50.210,1.83401,1.83417,1.10,1.00
2015.04.30 17:17:51.105,1.83401,1.8342,1.10,1.00
2015.04.30 17:17:51.315,1.83401,1.83417,1.10,1.00
2015.04.30 17:17:51.619,1.83397,1.83413,1.07,1.00
2015.04.30 17:17:51.670,1.83394,1.83413,1.65,1.00
2015.04.30 17:17:52.696,1.83398,1.83418,1.10,1.57
2015.04.30 17:17:52.748,1.83398,1.83418,1.17,1.50
2015.04.30 17:17:53.052,1.83401,1.83418,1.57,1.00
2015.04.30 17:17:53.844,1.83402,1.83422,1.00,1.12
2015.04.30 17:17:54.364,1.83402,1.83423,1.07,1.37
2015.04.30 17:17:55.123,1.83402,1.83423,1.07,1.00
2015.04.30 17:17:55.738,1.83402,1.83422,1.07,1.00
2015.04.30 17:17:56.195,1.83402,1.83424,1.07,1.10
2015.04.30 17:17:57.231,1.83402,1.83422,1.07,1.00
2015.04.30 17:17:57.548,1.83395,1.83415,1.10,1.00
2015.04.30 17:17:57.650,1.83398,1.83418,1.12,1.17
2015.04.30 17:17:57.804,1.83398,1.83418,1.20,1.00
2015.04.30 17:17:57.906,1.83401,1.83418,1.00,1.00
2015.04.30 17:17:58.110,1.83394,1.83413,1.00,1.17
2015.04.30 17:17:58.213,1.83392,1.83411,1.00,1.00
2015.04.30 17:17:59.703,1.83392,1.83408,1.00,1.00
2015.04.30 17:18:00.643,1.83392,1.83411,1.00,1.00
2015.04.30 17:18:01.697,1.83392,1.83411,1.00,1.87
2015.04.30 17:18:02.103,1.83392,1.83411,1.00,1.10
2015.04.30 17:18:02.255,1.83394,1.83413,1.00,1.10
2015.04.30 17:18:02.514,1.83391,1.83412,1.07,1.00
2015.04.30 17:18:02.717,1.83394,1.83413,1.00,1.10
2015.04.30 17:18:05.371,1.83391,1.83412,1.07,1.00
2015.04.30 17:18:05.532,1.83391,1.83412,3.45,1.50
2015.04.30 17:18:06.375,1.83397,1.83412,1.00,1.00
2015.04.30 17:18:08.421,1.83394,1.83412,1.10,1.00
2015.04.30 17:18:12.540,1.83394,1.83414,1.07,1.00
2015.04.30 17:18:12.641,1.83396,1.83417,1.20,1.50
2015.04.30 17:18:12.794,1.83398,1.83417,1.00,1.50
2015.04.30 17:18:13.154,1.834,1.83417,1.00,1.00
2015.04.30 17:18:13.697,1.834,1.83418,1.10,1.00
2015.04.30 17:18:14.722,1.834,1.83417,1.10,1.00
2015.04.30 17:18:16.776,1.83402,1.83417,1.00,1.00
2015.04.30 17:18:17.308,1.83399,1.83417,1.45,1.00
2015.04.30 17:18:17.413,1.83403,1.83422,1.65,1.00
2015.04.30 17:18:17.634,1.83406,1.83425,1.10,1.00
2015.04.30 17:18:17.939,1.83404,1.83422,1.00,1.00
2015.04.30 17:18:18.472,1.83404,1.83423,1.00,1.57
2015.04.30 17:18:18.964,1.83404,1.83423,1.00,1.65
2015.04.30 17:18:23.199,1.83404,1.83422,1.00,1.15
2015.04.30 17:18:23.741,1.83404,1.83422,1.00,1.57
2015.04.30 17:18:24.428,1.834,1.83422,1.00,3.07
2015.04.30 17:18:29.613,1.834,1.83422,1.00,1.65
2015.04.30 17:18:36.303,1.834,1.83422,1.00,2.32
2015.04.30 17:18:37.224,1.834,1.83417,1.00,1.00
2015.04.30 17:18:37.752,1.83399,1.83417,1.00,1.00
2015.04.30 17:18:38.107,1.83399,1.83414,1.00,1.00
2015.04.30 17:18:38.158,1.83393,1.83412,1.50,1.00
2015.04.30 17:18:38.260,1.83393,1.83412,1.00,1.00
2015.04.30 17:18:38.565,1.83393,1.83412,1.07,1.00
2015.04.30 17:18:38.718,1.83395,1.83416,1.17,1.00
2015.04.30 17:18:43.048,1.83395,1.83416,1.15,1.00
2015.04.30 17:18:43.721,1.83395,1.83416,1.57,1.00
2015.04.30 17:18:46.753,1.83395,1.83416,1.07,1.00
2015.04.30 17:18:49.576,1.83395,1.83416,1.15,1.00
2015.04.30 17:18:49.729,1.83394,1.83411,1.57,1.00
2015.04.30 17:18:49.780,1.83395,1.83411,1.00,1.00
2015.04.30 17:18:49.832,1.83398,1.83417,1.00,1.65
2015.04.30 17:18:49.933,1.834,1.83418,1.00,1.15
2015.04.30 17:18:50.441,1.834,1.83418,1.00,1.00
2015.04.30 17:18:51.177,1.834,1.83417,1.00,1.00
2015.04.30 17:18:53.575,1.834,1.83412,1.00,1.00
2015.04.30 17:18:53.930,1.834,1.83417,1.00,1.00
2015.04.30 17:18:54.444,1.834,1.83418,1.00,1.00
2015.04.30 17:18:56.879,1.834,1.83412,1.00,1.00
2015.04.30 17:18:57.857,1.834,1.83418,1.00,1.00
2015.04.30 17:18:58.516,1.834,1.83417,1.00,1.00
2015.04.30 17:18:59.076,1.834,1.83419,1.00,1.00
2015.04.30 17:18:59.127,1.834,1.83419,1.00,1.15
2015.04.30 17:18:59.178,1.83396,1.83417,1.20,1.57
2015.04.30 17:18:59.280,1.83395,1.83414,1.65,1.00
2015.04.30 17:18:59.403,1.83391,1.83413,1.10,1.10
2015.04.30 17:18:59.810,1.83391,1.83413,1.00,1.57
2015.04.30 17:19:00.623,1.83391,1.83413,1.00,1.20
2015.04.30 17:19:00.928,1.83388,1.8341,1.15,1.00
2015.04.30 17:19:01.463,1.83388,1.8341,1.17,1.10
2015.04.30 17:19:03.420,1.83388,1.8341,1.00,1.15
2015.04.30 17:19:04.841,1.83388,1.83409,1.00,1.57
2015.04.30 17:19:14.468,1.83386,1.83406,1.00,1.10
2015.04.30 17:19:16.028,1.83386,1.83406,1.57,1.00
2015.04.30 17:19:16.232,1.83396,1.83415,1.10,1.00
2015.04.30 17:19:16.334,1.83396,1.83415,1.17,1.00
2015.04.30 17:19:16.638,1.83399,1.83417,1.00,1.00
2015.04.30 17:19:17.251,1.83399,1.83419,1.00,1.10
2015.04.30 17:19:18.311,1.83401,1.83423,1.00,1.65
2015.04.30 17:19:22.656,1.83401,1.83423,1.00,2.02
2015.04.30 17:19:22.961,1.83395,1.83413,1.00,1.07
2015.04.30 17:19:23.062,1.83393,1.83412,1.00,1.10
2015.04.30 17:19:23.164,1.83393,1.83412,1.00,1.15
2015.04.30 17:19:23.520,1.83393,1.83407,1.00,1.00
2015.04.30 17:19:23.622,1.83393,1.83413,1.00,2.40
2015.04.30 17:19:23.673,1.83393,1.83413,1.00,2.32
2015.04.30 17:19:24.384,1.83393,1.83407,1.00,1.00
2015.04.30 17:19:24.485,1.83393,1.83412,1.00,1.00
2015.04.30 17:19:24.943,1.83396,1.83413,1.00,1.00
2015.04.30 17:19:26.067,1.83396,1.83416,1.00,1.07
2015.04.30 17:19:26.473,1.83393,1.83411,1.00,1.00
2015.04.30 17:19:27.783,1.83393,1.83411,1.00,1.17
2015.04.30 17:19:29.862,1.83392,1.83411,1.00,1.17
2015.04.30 17:19:30.320,1.83387,1.83409,1.00,1.20
2015.04.30 17:19:32.722,1.8339,1.8341,1.00,1.10
2015.04.30 17:19:34.578,1.8339,1.8341,1.00,1.17
2015.04.30 17:19:38.246,1.8339,1.83407,1.00,1.00
2015.04.30 17:19:38.348,1.83388,1.83407,1.00,1.20
2015.04.30 17:19:38.500,1.83388,1.83406,1.00,1.15
2015.04.30 17:19:38.552,1.83384,1.83403,1.00,1.00
2015.04.30 17:19:38.654,1.8338,1.83401,1.07,1.00
2015.04.30 17:19:38.705,1.8338,1.834,1.00,2.25
2015.04.30 17:19:38.807,1.83377,1.83399,1.47,1.00
2015.04.30 17:19:38.909,1.83377,1.83399,1.10,1.00
2015.04.30 17:19:39.213,1.83377,1.83399,1.15,1.00
2015.04.30 17:19:48.507,1.8338,1.83399,2.62,1.00
2015.04.30 17:19:48.558,1.83382,1.83402,1.15,1.00
2015.04.30 17:19:48.609,1.83383,1.83402,2.25,1.00
2015.04.30 17:19:48.914,1.83383,1.83402,1.07,1.00
2015.04.30 17:19:49.015,1.83384,1.83402,1.57,1.00
2015.04.30 17:19:49.410,1.83384,1.83402,1.00,1.00
2015.04.30 17:19:49.512,1.83384,1.83402,1.15,1.00
2015.04.30 17:19:50.017,1.83384,1.83402,1.00,1.17
2015.04.30 17:19:50.298,1.83385,1.83404,1.00,1.00
2015.04.30 17:19:50.605,1.83385,1.83405,1.07,1.00
2015.04.30 17:19:51.090,1.83388,1.83409,1.00,1.10
2015.04.30 17:19:53.403,1.83392,1.83411,1.00,1.17
2015.04.30 17:19:53.455,1.83392,1.83411,1.10,1.00
2015.04.30 17:19:53.729,1.83394,1.83412,1.00,1.15
2015.04.30 17:19:54.152,1.83391,1.83412,1.00,2.25
2015.04.30 17:19:54.356,1.83391,1.83411,1.00,1.50
2015.04.30 17:19:54.407,1.83388,1.8341,1.00,1.82
2015.04.30 17:19:54.915,1.83389,1.8341,1.00,1.82
2015.04.30 17:19:54.965,1.83389,1.8341,1.10,1.00
2015.04.30 17:19:55.067,1.83392,1.83411,1.00,1.00
2015.04.30 17:19:55.446,1.83392,1.83407,1.00,1.00
2015.04.30 17:19:55.862,1.83392,1.83411,1.00,1.00
2015.04.30 17:19:56.370,1.83389,1.8341,1.20,1.00
2015.04.30 17:19:56.422,1.83389,1.83403,1.20,1.00
2015.04.30 17:19:56.523,1.83388,1.83407,1.17,1.00
2015.04.30 17:19:56.625,1.83388,1.83402,1.17,1.00
2015.04.30 17:19:56.828,1.83388,1.83408,1.17,1.00
2015.04.30 17:19:59.175,1.83388,1.83408,1.55,1.00
2015.04.30 17:19:59.277,1.83395,1.83412,1.50,1.50
2015.04.30 17:19:59.699,1.83396,1.83408,1.10,1.00
2015.04.30 17:20:00.382,1.83396,1.83408,1.07,1.00
2015.04.30 17:20:00.890,1.83396,1.83408,1.00,1.00
2015.04.30 17:20:00.991,1.83392,1.83408,1.00,1.00
2015.04.30 17:20:01.194,1.83388,1.83408,1.17,1.50
2015.04.30 17:20:01.710,1.83388,1.83408,1.17,1.87
2015.04.30 17:20:02.250,1.83388,1.83407,1.00,1.12
2015.04.30 17:20:03.204,1.83388,1.83407,1.00,1.87
2015.04.30 17:20:04.157,1.83386,1.83405,1.00,1.12
2015.04.30 17:20:11.880,1.83386,1.83403,1.00,1.00
2015.04.30 17:20:11.982,1.83378,1.83396,1.00,1.00
2015.04.30 17:20:12.033,1.83378,1.83396,1.00,1.15
2015.04.30 17:20:12.084,1.83374,1.83394,1.00,1.10
2015.04.30 17:20:12.237,1.83371,1.83392,1.10,1.00
2015.04.30 17:20:12.442,1.83371,1.83392,1.00,1.85
2015.04.30 17:20:12.544,1.83366,1.83386,1.12,1.10
2015.04.30 17:20:12.596,1.83366,1.83386,1.00,1.07
2015.04.30 17:20:12.901,1.8337,1.83387,1.15,1.00
2015.04.30 17:20:13.207,1.83366,1.83382,1.10,1.00
2015.04.30 17:20:13.360,1.83365,1.83387,1.10,1.17
2015.04.30 17:20:14.199,1.83365,1.83387,1.07,1.10
2015.04.30 17:20:14.402,1.83369,1.83387,1.00,1.00
2015.04.30 17:20:14.909,1.83369,1.83388,1.00,1.00
2015.04.30 17:20:18.615,1.83369,1.83387,1.00,1.00
2015.04.30 17:20:19.023,1.83363,1.83385,1.15,1.00
2015.04.30 17:20:19.074,1.83363,1.83382,1.15,1.00
2015.04.30 17:20:19.634,1.83363,1.83382,1.00,1.00
2015.04.30 17:20:20.259,1.83364,1.83383,1.00,1.00
2015.04.30 17:20:20.843,1.83364,1.83383,1.00,1.15
2015.04.30 17:20:20.945,1.83364,1.83383,1.00,1.00
2015.04.30 17:20:21.453,1.83364,1.83382,1.00,1.00
2015.04.30 17:20:22.472,1.83364,1.83384,1.00,1.10
2015.04.30 17:20:22.522,1.83364,1.83384,1.00,1.17
2015.04.30 17:20:23.030,1.83364,1.83382,1.00,1.17
2015.04.30 17:20:24.043,1.83364,1.83384,1.00,1.00
2015.04.30 17:20:27.572,1.83364,1.83384,1.00,1.37
2015.04.30 17:20:28.095,1.83364,1.83384,1.00,1.00
2015.04.30 17:20:29.651,1.83364,1.83382,1.95,1.00
2015.04.30 17:20:29.753,1.8337,1.83388,1.00,1.00
2015.04.30 17:20:30.262,1.8337,1.83387,1.15,1.00
2015.04.30 17:20:30.712,1.8337,1.83389,1.15,1.00
2015.04.30 17:20:30.915,1.83371,1.83392,1.20,1.00
2015.04.30 17:20:30.966,1.83371,1.83392,1.15,1.00
2015.04.30 17:20:31.851,1.83371,1.83392,1.52,1.00
2015.04.30 17:20:32.376,1.83371,1.83392,1.65,1.50
2015.04.30 17:20:32.800,1.83371,1.83392,1.52,1.50
2015.04.30 17:20:33.899,1.83371,1.83392,1.52,1.50
2015.04.30 17:20:34.469,1.83371,1.83392,1.52,1.50
2015.04.30 17:20:35.045,1.83371,1.83392,1.87,1.50
2015.04.30 17:20:35.197,1.83373,1.83395,1.45,1.00
2015.04.30 17:20:36.097,1.83373,1.83395,2.02,1.00
2015.04.30 17:20:36.148,1.83373,1.83395,1.95,1.07
2015.04.30 17:20:36.697,1.83373,1.83395,1.87,1.15
2015.04.30 17:20:37.203,1.83373,1.83395,1.00,1.15
2015.04.30 17:20:38.687,1.83373,1.83395,1.37,1.15
2015.04.30 17:20:38.789,1.83373,1.83393,1.12,1.20
2015.04.30 17:20:39.445,1.83373,1.83392,1.00,1.12
2015.04.30 17:20:43.622,1.83373,1.83392,1.00,1.37
2015.04.30 17:20:43.723,1.83373,1.83392,1.00,1.37
2015.04.30 17:20:43.774,1.8337,1.8339,1.00,1.47
2015.04.30 17:20:43.826,1.8337,1.8339,1.00,1.47
2015.04.30 17:20:43.978,1.83362,1.83384,1.17,1.00
2015.04.30 17:20:44.080,1.83365,1.83384,1.17,1.00
2015.04.30 17:20:44.131,1.83367,1.83386,1.00,1.00
2015.04.30 17:20:44.435,1.83369,1.83389,1.00,1.15
2015.04.30 17:20:44.486,1.83369,1.83389,1.17,1.00
2015.04.30 17:20:44.791,1.83366,1.83386,1.10,1.00
2015.04.30 17:20:45.434,1.83366,1.83386,1.00,1.17
2015.04.30 17:20:46.177,1.83366,1.83386,1.00,1.57
2015.04.30 17:20:47.261,1.83366,1.83386,1.00,1.15
2015.04.30 17:20:47.992,1.83366,1.83386,1.00,1.00
2015.04.30 17:20:58.577,1.83366,1.83386,1.12,1.75
2015.04.30 17:21:00.006,1.83363,1.83383,1.87,1.07
2015.04.30 17:21:00.169,1.83363,1.83383,1.37,1.57
2015.04.30 17:21:00.670,1.83363,1.83383,1.00,2.25
2015.04.30 17:21:01.177,1.83361,1.83381,1.37,1.17
2015.04.30 17:21:01.734,1.83361,1.83381,1.37,1.17
2015.04.30 17:21:03.427,1.83361,1.83381,1.12,1.17
2015.04.30 17:21:04.787,1.8336,1.83381,1.47,1.10
2015.04.30 17:21:04.940,1.83363,1.83382,1.12,1.07
2015.04.30 17:21:05.490,1.83363,1.83382,1.20,1.00
2015.04.30 17:21:05.592,1.8336,1.83381,1.45,1.00
2015.04.30 17:21:05.846,1.8336,1.83381,1.45,1.00
2015.04.30 17:21:06.397,1.83363,1.83382,1.12,1.10
2015.04.30 17:21:11.572,1.83363,1.83382,1.37,1.10
2015.04.30 17:21:12.079,1.83364,1.83385,1.00,1.20
2015.04.30 17:21:14.816,1.83364,1.83386,1.00,1.15
2015.04.30 17:21:14.969,1.83364,1.83382,1.12,1.00
2015.04.30 17:21:16.031,1.83364,1.83383,1.12,1.00
2015.04.30 17:21:18.150,1.83364,1.83382,1.12,1.00
2015.04.30 17:21:18.576,1.83364,1.83382,1.37,1.00
2015.04.30 17:21:19.185,1.83364,1.83382,1.00,1.00
2015.04.30 17:21:19.698,1.83364,1.83382,1.37,1.00
2015.04.30 17:21:20.210,1.83364,1.83382,1.37,1.00
2015.04.30 17:21:21.786,1.83364,1.83382,1.37,1.00
2015.04.30 17:21:23.369,1.83364,1.83382,1.37,1.00
2015.04.30 17:21:23.893,1.83364,1.83382,1.37,1.00
2015.04.30 17:21:25.086,1.83364,1.83382,1.37,1.00
2015.04.30 17:21:27.084,1.83364,1.83382,1.37,1.00
2015.04.30 17:21:27.186,1.83364,1.83382,1.37,1.00
2015.04.30 17:21:27.726,1.83364,1.83382,1.37,1.00
2015.04.30 17:21:27.980,1.83364,1.83382,1.37,1.00
2015.04.30 17:21:28.493,1.83364,1.83382,1.37,1.00
2015.04.30 17:21:29.273,1.83364,1.83382,1.37,1.00
2015.04.30 17:21:30.174,1.83364,1.83382,1.50,1.00
2015.04.30 17:21:32.302,1.83364,1.83382,1.37,1.00
2015.04.30 17:21:32.505,1.83364,1.83382,1.57,1.00
2015.04.30 17:21:33.093,1.83364,1.83382,1.45,1.00
2015.04.30 17:21:33.574,1.83364,1.83382,1.45,1.00
2015.04.30 17:21:33.677,1.83364,1.83382,1.45,1.00
2015.04.30 17:21:34.179,1.83364,1.83386,1.45,1.10
2015.04.30 17:21:34.906,1.83364,1.83382,1.45,1.00
2015.04.30 17:21:35.619,1.83364,1.83382,1.45,1.00
2015.04.30 17:21:41.899,1.83364,1.83382,1.45,1.00
2015.04.30 17:21:47.810,1.83364,1.83382,1.45,1.00
2015.04.30 17:21:49.490,1.83364,1.83386,1.45,1.10
2015.04.30 17:21:52.213,1.83364,1.83386,1.45,1.10
2015.04.30 17:21:52.315,1.83364,1.83386,1.45,1.10
2015.04.30 17:21:53.416,1.83364,1.83386,1.75,1.00
2015.04.30 17:21:53.923,1.83368,1.83387,1.57,1.00
2015.04.30 17:21:55.211,1.83371,1.8339,1.37,1.00
2015.04.30 17:21:55.717,1.83371,1.8339,1.37,1.00
2015.04.30 17:21:56.228,1.83371,1.8339,1.37,1.00
2015.04.30 17:21:56.475,1.83371,1.8339,1.50,1.00
2015.04.30 17:21:56.729,1.83373,1.83392,1.95,1.00
2015.04.30 17:21:57.270,1.83376,1.83393,1.47,1.00
2015.04.30 17:21:57.780,1.83376,1.83392,1.47,1.00
2015.04.30 17:21:58.291,1.83376,1.83392,1.47,1.00
2015.04.30 17:22:00.173,1.83376,1.83392,1.10,1.00
2015.04.30 17:22:00.407,1.83376,1.83395,1.00,1.10
2015.04.30 17:22:00.763,1.83376,1.83395,1.37,1.10
2015.04.30 17:22:01.569,1.83376,1.83395,1.12,1.10
2015.04.30 17:22:02.087,1.83376,1.83395,1.37,1.10
2015.04.30 17:22:04.143,1.83376,1.83395,1.37,1.10
2015.04.30 17:22:04.885,1.83376,1.83395,1.37,1.10
2015.04.30 17:22:05.686,1.83376,1.83395,1.37,1.10
2015.04.30 17:22:09.146,1.83378,1.83398,1.12,1.50
2015.04.30 17:22:10.208,1.83378,1.83398,1.00,1.57
2015.04.30 17:22:10.463,1.83376,1.83395,1.12,1.00
2015.04.30 17:22:11.301,1.83376,1.83395,1.00,1.55
2015.04.30 17:22:11.352,1.83373,1.83392,1.00,1.10
2015.04.30 17:22:11.403,1.83373,1.83392,1.00,1.65
2015.04.30 17:22:11.555,1.83369,1.8339,1.87,1.17
2015.04.30 17:22:12.062,1.83369,1.83387,1.12,1.00
2015.04.30 17:22:13.643,1.83369,1.83387,1.95,1.00
2015.04.30 17:22:13.745,1.83369,1.83387,1.00,1.00
2015.04.30 17:22:16.391,1.83369,1.83387,1.37,1.00
2015.04.30 17:22:18.107,1.83369,1.83387,1.37,1.00
2015.04.30 17:22:18.208,1.83369,1.83382,1.37,1.00
2015.04.30 17:22:18.310,1.83369,1.83388,1.37,1.10
2015.04.30 17:22:18.515,1.83369,1.83387,1.12,1.00
2015.04.30 17:22:18.769,1.83369,1.83383,1.00,1.07
2015.04.30 17:22:18.820,1.83364,1.83383,1.00,1.07
2015.04.30 17:22:18.871,1.83364,1.83384,1.00,3.45
2015.04.30 17:22:18.973,1.83362,1.83381,1.00,1.65
2015.04.30 17:22:19.076,1.83358,1.83377,1.37,1.50
2015.04.30 17:22:19.593,1.83358,1.83377,1.00,1.50
2015.04.30 17:22:20.506,1.83358,1.83377,1.37,1.50
2015.04.30 17:22:21.036,1.83358,1.83377,1.00,1.50
2015.04.30 17:22:21.543,1.83358,1.83377,1.37,1.50
2015.04.30 17:22:22.052,1.83358,1.83377,1.12,1.50
2015.04.30 17:22:22.752,1.83358,1.83377,1.37,1.50
2015.04.30 17:22:23.659,1.83358,1.83377,1.37,1.50
2015.04.30 17:22:24.166,1.8336,1.83377,1.47,1.00
2015.04.30 17:22:24.268,1.8336,1.8338,1.87,1.12
2015.04.30 17:22:28.050,1.8336,1.8338,2.32,1.00
2015.04.30 17:22:28.304,1.83365,1.83382,1.47,1.87
2015.04.30 17:22:28.815,1.83365,1.83383,1.10,1.50
2015.04.30 17:22:29.049,1.83365,1.83378,1.10,1.00
2015.04.30 17:22:29.100,1.83365,1.83382,1.00,1.12
2015.04.30 17:22:29.202,1.83365,1.83382,1.00,1.87
2015.04.30 17:22:29.456,1.83358,1.83373,1.00,1.00
2015.04.30 17:22:29.964,1.83357,1.83372,1.15,1.00
2015.04.30 17:22:31.281,1.83357,1.83367,1.07,1.00
2015.04.30 17:22:31.637,1.83357,1.83373,1.12,1.00
2015.04.30 17:22:31.689,1.83357,1.83373,1.37,1.00
2015.04.30 17:22:32.044,1.83358,1.83377,1.27,1.75
2015.04.30 17:22:32.146,1.83362,1.83377,1.00,1.75
2015.04.30 17:22:32.416,1.83362,1.83377,1.12,1.00
2015.04.30 17:22:32.619,1.83362,1.83381,1.37,1.00
2015.04.30 17:22:32.670,1.83363,1.83381,1.12,1.00
2015.04.30 17:22:32.823,1.83364,1.83383,1.47,1.50
2015.04.30 17:22:32.925,1.83364,1.83383,1.95,1.50
2015.04.30 17:22:34.508,1.83365,1.83382,1.52,1.00
2015.04.30 17:22:34.812,1.83369,1.83382,1.00,1.00
2015.04.30 17:22:36.318,1.83369,1.83382,1.27,1.00
2015.04.30 17:22:36.834,1.83369,1.83382,1.55,1.00
2015.04.30 17:22:37.349,1.83369,1.83382,2.62,1.00
2015.04.30 17:22:37.950,1.83369,1.83382,1.55,1.00
2015.04.30 17:22:39.328,1.83369,1.83382,1.55,1.00
2015.04.30 17:22:39.532,1.83369,1.83387,2.62,1.00
2015.04.30 17:22:39.786,1.8337,1.83382,1.20,1.00
2015.04.30 17:22:39.838,1.83369,1.83382,1.52,1.00
2015.04.30 17:22:40.345,1.83369,1.83387,1.52,1.00
2015.04.30 17:22:43.034,1.83369,1.83387,1.52,1.00
2015.04.30 17:22:43.135,1.83371,1.83388,1.47,1.00
2015.04.30 17:22:43.642,1.83375,1.83388,1.47,1.00
2015.04.30 17:22:45.073,1.83377,1.83388,1.12,1.00
2015.04.30 17:22:45.175,1.83379,1.83392,1.20,1.00
2015.04.30 17:22:45.328,1.83378,1.83392,1.20,1.00
2015.04.30 17:22:45.946,1.83375,1.83387,1.95,1.00
2015.04.30 17:22:46.250,1.83375,1.83393,1.55,1.00
2015.04.30 17:22:46.453,1.83378,1.83393,1.00,1.00
2015.04.30 17:22:46.898,1.83376,1.83393,1.20,1.00
2015.04.30 17:22:46.949,1.83376,1.83387,1.20,1.00
2015.04.30 17:22:47.466,1.83376,1.83387,1.47,1.00
2015.04.30 17:22:48.000,1.83376,1.83388,1.37,1.00
2015.04.30 17:22:49.406,1.83376,1.83388,1.55,1.00
2015.04.30 17:22:49.558,1.83379,1.83392,2.25,1.00
2015.04.30 17:22:49.660,1.83382,1.83397,1.00,1.50
2015.04.30 17:22:49.762,1.83377,1.83387,1.10,1.00
2015.04.30 17:22:49.914,1.83377,1.83392,1.15,1.00
2015.04.30 17:22:50.066,1.83377,1.83392,1.10,1.00
2015.04.30 17:22:50.636,1.83377,1.83387,1.10,1.00
2015.04.30 17:22:51.764,1.83377,1.83392,1.10,1.00
2015.04.30 17:22:57.835,1.83377,1.83388,1.10,1.00
2015.04.30 17:22:59.368,1.83377,1.83392,1.00,1.00
2015.04.30 17:22:59.769,1.83377,1.83388,1.00,1.00
2015.04.30 17:23:00.402,1.83377,1.83393,1.20,1.00
2015.04.30 17:23:03.947,1.83377,1.83392,1.20,1.00
2015.04.30 17:23:06.514,1.83379,1.83392,1.49,1.00
2015.04.30 17:23:06.787,1.8338,1.83392,1.00,1.00
2015.04.30 17:23:07.545,1.83378,1.83392,1.07,1.00
2015.04.30 17:23:07.801,1.83379,1.83397,1.77,1.50
2015.04.30 17:23:08.105,1.83383,1.83402,1.20,1.75
2015.04.30 17:23:08.257,1.83386,1.83403,1.00,1.12
2015.04.30 17:23:09.269,1.83386,1.83402,1.10,1.00
2015.04.30 17:23:09.370,1.83386,1.83397,1.10,1.00
2015.04.30 17:23:09.573,1.83386,1.83402,1.10,1.00
2015.04.30 17:23:14.178,1.83386,1.83403,1.00,1.00
2015.04.30 17:23:14.726,1.83386,1.83402,1.00,1.00
2015.04.30 17:23:15.826,1.83386,1.83403,1.00,1.00
2015.04.30 17:23:16.395,1.83386,1.83402,1.00,1.00
2015.04.30 17:23:17.148,1.83383,1.83402,1.50,1.00
2015.04.30 17:23:18.300,1.83383,1.83402,1.50,1.17
2015.04.30 17:23:20.423,1.83383,1.83402,1.87,1.17
2015.04.30 17:23:20.575,1.83385,1.83403,1.12,1.00
2015.04.30 17:23:21.111,1.83386,1.83403,1.00,1.00
2015.04.30 17:23:21.517,1.83386,1.83405,1.87,1.00
2015.04.30 17:23:22.752,1.83386,1.83405,1.87,1.07
2015.04.30 17:23:25.182,1.83388,1.83407,1.50,2.32
2015.04.30 17:23:25.334,1.8339,1.83407,1.00,1.50
2015.04.30 17:23:25.386,1.83392,1.83407,1.00,1.50
2015.04.30 17:23:25.742,1.8339,1.8341,1.87,1.00
2015.04.30 17:23:25.894,1.83393,1.83412,1.12,1.50
2015.04.30 17:23:26.200,1.83393,1.83412,1.00,2.02
2015.04.30 17:23:28.663,1.83393,1.83412,1.00,2.70
2015.04.30 17:23:28.999,1.83391,1.83408,1.00,1.07
2015.04.30 17:23:31.668,1.83389,1.83408,1.00,1.57
2015.04.30 17:23:32.216,1.83389,1.83407,1.00,1.57
2015.04.30 17:23:33.025,1.83389,1.83407,1.00,1.27
2015.04.30 17:23:35.349,1.83389,1.83408,1.00,2.02
2015.04.30 17:23:35.654,1.83389,1.83403,1.00,1.00
2015.04.30 17:23:36.399,1.83389,1.83407,1.00,1.57
2015.04.30 17:23:36.935,1.83389,1.83407,1.00,1.27
2015.04.30 17:23:44.150,1.83389,1.83408,1.00,2.02
2015.04.30 17:23:44.988,1.83389,1.83408,1.00,2.02
2015.04.30 17:23:47.559,1.83389,1.83407,1.00,1.20
2015.04.30 17:23:47.864,1.83386,1.83403,1.00,1.95
2015.04.30 17:23:48.853,1.83386,1.83402,1.00,1.00
2015.04.30 17:23:49.360,1.83386,1.83402,1.37,1.00
2015.04.30 17:23:50.072,1.83386,1.83406,1.37,1.10
2015.04.30 17:23:50.902,1.83386,1.83406,1.12,1.20
2015.04.30 17:23:54.270,1.83386,1.83406,1.00,1.47
2015.04.30 17:23:58.077,1.83386,1.83406,1.37,1.10
2015.04.30 17:23:58.892,1.83386,1.83406,1.00,1.10
2015.04.30 17:24:00.219,1.83386,1.83406,1.47,1.10
2015.04.30 17:24:00.776,1.83388,1.83407,1.00,1.00
2015.04.30 17:24:04.427,1.83388,1.83407,1.37,1.00
2015.04.30 17:24:04.580,1.8339,1.83411,1.47,1.10
2015.04.30 17:24:04.867,1.8339,1.83411,1.20,1.47
2015.04.30 17:24:04.919,1.8339,1.83411,1.47,1.10
2015.04.30 17:24:08.601,1.83393,1.83412,1.00,1.27
2015.04.30 17:24:09.421,1.83393,1.83412,1.37,1.27
2015.04.30 17:24:13.330,1.83393,1.83412,1.37,1.17
2015.04.30 17:24:13.483,1.83396,1.83415,1.12,1.27
2015.04.30 17:24:13.789,1.83397,1.83419,1.12,1.52
2015.04.30 17:24:14.245,1.83395,1.83414,1.87,1.00
2015.04.30 17:24:14.549,1.83397,1.83417,1.12,1.20
2015.04.30 17:24:16.460,1.83397,1.83419,1.37,1.52
2015.04.30 17:24:16.663,1.83397,1.83419,1.37,1.15
2015.04.30 17:24:16.714,1.83398,1.83419,1.47,1.10
2015.04.30 17:24:16.765,1.834,1.83422,1.37,1.57
2015.04.30 17:24:16.816,1.83401,1.83422,1.57,1.00
2015.04.30 17:24:16.867,1.83401,1.83422,1.65,1.00
2015.04.30 17:24:17.392,1.83404,1.83423,1.37,1.10
2015.04.30 17:24:18.161,1.83404,1.83423,1.12,1.10
2015.04.30 17:24:18.593,1.83404,1.83423,1.00,1.27
2015.04.30 17:24:22.558,1.83404,1.83423,1.00,1.52
2015.04.30 17:24:22.863,1.83401,1.83416,1.00,1.20
2015.04.30 17:24:23.015,1.83394,1.83412,1.00,1.15
2015.04.30 17:24:23.523,1.83394,1.83415,1.00,1.57
2015.04.30 17:24:27.731,1.83394,1.83415,1.00,3.07
2015.04.30 17:24:27.782,1.83392,1.83411,1.00,1.37
2015.04.30 17:24:27.885,1.83392,1.83408,1.00,1.47
2015.04.30 17:24:27.987,1.83389,1.83408,1.00,1.95
2015.04.30 17:24:28.038,1.83389,1.83408,1.00,3.15
2015.04.30 17:24:28.191,1.83389,1.83407,1.00,1.65
2015.04.30 17:24:28.648,1.83389,1.83406,1.00,1.50
2015.04.30 17:24:29.192,1.83389,1.83406,1.00,1.20
2015.04.30 17:24:31.284,1.83386,1.83406,1.00,1.95
2015.04.30 17:24:31.335,1.83386,1.83404,1.00,1.20
2015.04.30 17:24:32.131,1.83386,1.83404,1.00,1.20
2015.04.30 17:24:32.942,1.83386,1.83402,1.00,1.27
2015.04.30 17:24:33.478,1.83386,1.83402,1.00,1.00
2015.04.30 17:24:35.799,1.83386,1.83403,1.00,1.00
2015.04.30 17:24:36.154,1.83386,1.83406,1.00,1.45
2015.04.30 17:24:37.150,1.83386,1.83406,1.00,1.45
2015.04.30 17:24:37.775,1.83386,1.83405,1.00,1.20
2015.04.30 17:24:39.154,1.83386,1.83406,1.00,1.12
2015.04.30 17:24:39.937,1.83386,1.83406,1.27,1.00
2015.04.30 17:24:46.037,1.83389,1.83406,1.00,1.12
2015.04.30 17:24:46.293,1.83389,1.83408,1.00,1.00
2015.04.30 17:24:46.548,1.83391,1.83411,1.00,1.57
2015.04.30 17:24:47.488,1.83391,1.83411,1.00,1.20
2015.04.30 17:24:47.741,1.83387,1.83407,1.00,1.27
2015.04.30 17:24:47.843,1.83387,1.83407,1.37,1.27
2015.04.30 17:24:48.150,1.83392,1.83402,1.00,1.55
2015.04.30 17:24:48.201,1.83388,1.83402,1.00,1.55
2015.04.30 17:24:48.608,1.83389,1.83398,1.00,1.00
2015.04.30 17:24:48.710,1.83387,1.83398,1.00,1.00
2015.04.30 17:24:48.761,1.83385,1.83398,1.12,1.00
2015.04.30 17:24:48.913,1.83383,1.83397,1.00,1.00
2015.04.30 17:24:49.802,1.83383,1.83398,1.00,1.12
2015.04.30 17:24:49.904,1.83381,1.83398,1.18,1.37
2015.04.30 17:24:50.134,1.83378,1.83397,1.00,1.15
2015.04.30 17:24:50.849,1.83378,1.83397,1.00,2.02
2015.04.30 17:24:51.358,1.83378,1.83397,1.00,2.02
2015.04.30 17:24:51.713,1.83378,1.83392,1.00,1.00
2015.04.30 17:24:52.170,1.83374,1.83392,1.00,1.37
2015.04.30 17:24:52.272,1.83379,1.83392,1.18,1.10
2015.04.30 17:24:52.576,1.83377,1.83391,1.00,1.87
2015.04.30 17:24:52.627,1.83369,1.83388,1.12,1.20
2015.04.30 17:24:53.164,1.83371,1.83391,1.37,1.15
2015.04.30 17:24:53.468,1.83369,1.83387,1.37,1.00
2015.04.30 17:24:53.772,1.83369,1.83387,1.37,1.00
2015.04.30 17:24:54.380,1.83369,1.83387,1.37,1.00
2015.04.30 17:24:55.600,1.83369,1.83387,1.75,1.00
2015.04.30 17:24:55.702,1.83372,1.83391,1.37,1.15
2015.04.30 17:24:55.753,1.83372,1.83391,1.50,1.00
2015.04.30 17:24:55.804,1.83374,1.83393,1.46,1.65
2015.04.30 17:24:55.905,1.83374,1.83393,1.65,1.00
2015.04.30 17:24:56.057,1.83376,1.83397,1.37,1.65
2015.04.30 17:24:56.607,1.83376,1.83397,1.48,1.65
2015.04.30 17:24:57.485,1.83379,1.83398,1.25,1.12
2015.04.30 17:24:57.688,1.83382,1.83401,1.37,1.00
2015.04.30 17:24:58.195,1.83382,1.83398,1.14,1.00
2015.04.30 17:24:58.398,1.83382,1.83401,1.14,1.00
2015.04.30 17:24:58.601,1.83382,1.83398,1.14,1.00
2015.04.30 17:24:59.691,1.83382,1.83398,1.00,1.37
2015.04.30 17:25:00.249,1.83382,1.83401,1.00,1.37
2015.04.30 17:25:00.704,1.83382,1.83401,2.05,1.12
2015.04.30 17:25:01.177,1.83382,1.83398,2.05,1.00
2015.04.30 17:25:02.195,1.83382,1.83398,1.17,1.00
2015.04.30 17:25:02.705,1.83382,1.83397,1.69,1.00
2015.04.30 17:25:04.354,1.83382,1.83398,1.38,1.00
2015.04.30 17:25:04.456,1.83382,1.83401,1.69,1.12
2015.04.30 17:25:04.557,1.83382,1.83397,1.31,1.00
2015.04.30 17:25:05.064,1.83382,1.83397,1.14,1.00
2015.04.30 17:25:05.580,1.83382,1.83398,1.14,1.12
2015.04.30 17:25:07.863,1.83382,1.83397,1.00,1.00
2015.04.30 17:25:14.008,1.83382,1.83401,1.14,1.47
2015.04.30 17:25:14.533,1.8338,1.83399,1.23,1.37
2015.04.30 17:25:15.040,1.8338,1.83397,1.23,1.00
2015.04.30 17:25:15.810,1.8338,1.83397,1.10,1.37
2015.04.30 17:25:16.511,1.8338,1.83397,1.28,1.12
2015.04.30 17:25:18.096,1.8338,1.83392,1.28,1.00
2015.04.30 17:25:20.908,1.8338,1.83392,1.10,1.00
2015.04.30 17:25:20.959,1.8338,1.83398,1.55,1.50
2015.04.30 17:25:21.010,1.8338,1.83398,2.05,1.00
2015.04.30 17:25:21.214,1.83382,1.83399,1.86,1.00
2015.04.30 17:25:21.266,1.83384,1.83403,1.57,1.12
2015.04.30 17:25:21.519,1.83384,1.83403,1.17,1.00
2015.04.30 17:25:22.077,1.83384,1.83402,1.17,1.00
2015.04.30 17:25:25.920,1.83384,1.83403,1.17,1.12
2015.04.30 17:25:28.956,1.83384,1.83402,1.17,1.00
2015.04.30 17:25:32.744,1.83384,1.83402,1.00,1.00
2015.04.30 17:25:33.355,1.83384,1.83404,1.20,1.00
2015.04.30 17:25:33.507,1.83384,1.83404,1.20,1.37
2015.04.30 17:25:33.811,1.83387,1.83406,1.00,1.37
2015.04.30 17:25:38.914,1.83387,1.83406,1.20,1.12
2015.04.30 17:25:39.908,1.83387,1.83406,1.10,1.37
2015.04.30 17:25:40.815,1.83387,1.83406,1.10,1.37
2015.04.30 17:25:41.120,1.83383,1.83405,1.07,1.47
2015.04.30 17:25:41.171,1.83383,1.83405,1.00,1.57
2015.04.30 17:25:41.517,1.83383,1.83405,1.00,1.57
2015.04.30 17:25:42.632,1.83383,1.83403,1.00,1.37
2015.04.30 17:25:42.938,1.83377,1.83397,1.65,1.37
2015.04.30 17:25:43.446,1.83377,1.83397,1.38,1.87
2015.04.30 17:25:43.954,1.83377,1.83397,1.30,1.87
2015.04.30 17:25:44.489,1.83377,1.83397,1.30,1.87
2015.04.30 17:25:48.792,1.83377,1.83397,1.30,1.87
2015.04.30 17:25:50.058,1.83377,1.83397,1.20,1.87
2015.04.30 17:25:53.831,1.83377,1.83397,1.58,1.87
2015.04.30 17:25:55.252,1.83377,1.83397,1.30,1.37
2015.04.30 17:25:56.157,1.83377,1.83397,1.30,1.00
2015.04.30 17:25:57.598,1.83377,1.83397,1.30,1.37
2015.04.30 17:25:58.003,1.83377,1.83397,1.20,1.37
2015.04.30 17:25:58.887,1.83377,1.83392,1.20,1.00
2015.04.30 17:26:00.327,1.83377,1.83392,1.51,1.00
2015.04.30 17:26:00.851,1.83382,1.83392,1.24,1.00
2015.04.30 17:26:01.195,1.83384,1.83398,1.00,1.47
2015.04.30 17:26:01.752,1.83384,1.83398,1.00,1.47
2015.04.30 17:26:02.858,1.83384,1.83398,1.00,1.20
2015.04.30 17:26:03.391,1.83384,1.83398,1.00,1.47
2015.04.30 17:26:05.786,1.83384,1.83398,1.00,1.57
2015.04.30 17:26:06.293,1.83384,1.83397,1.00,1.20
2015.04.30 17:26:11.536,1.83381,1.83397,1.42,1.20
2015.04.30 17:26:12.329,1.83381,1.83392,1.73,1.00
2015.04.30 17:26:12.926,1.83381,1.83392,1.42,1.00
2015.04.30 17:26:13.180,1.83368,1.83387,1.12,1.17
2015.04.30 17:26:13.342,1.83366,1.83388,3.00,1.15
2015.04.30 17:26:13.647,1.83368,1.83384,1.00,1.00
2015.04.30 17:26:15.485,1.83367,1.83384,1.00,1.20
2015.04.30 17:26:15.688,1.83365,1.83384,1.00,1.20
2015.04.30 17:26:16.660,1.83366,1.83384,1.00,1.00
2015.04.30 17:26:16.812,1.83367,1.83387,1.10,1.00
2015.04.30 17:26:16.914,1.83369,1.83387,1.00,1.00
2015.04.30 17:26:18.204,1.83367,1.83387,1.57,1.00
2015.04.30 17:26:22.090,1.83367,1.83387,1.65,1.00
2015.04.30 17:26:22.596,1.83367,1.83387,1.65,1.00
2015.04.30 17:26:23.356,1.83367,1.83387,1.07,1.00
2015.04.30 17:26:23.863,1.83367,1.83387,1.00,1.00
2015.04.30 17:26:26.546,1.83367,1.83387,1.00,1.07
2015.04.30 17:26:29.166,1.83367,1.83383,1.00,1.00
2015.04.30 17:26:29.719,1.83367,1.83387,1.00,1.65
2015.04.30 17:26:30.341,1.83367,1.83383,1.00,1.00
2015.04.30 17:26:30.696,1.83367,1.83387,1.10,1.50
2015.04.30 17:26:31.204,1.83367,1.83387,1.00,1.17
2015.04.30 17:26:31.305,1.83365,1.83384,1.00,1.00
2015.04.30 17:26:32.081,1.83365,1.83384,1.07,1.00
2015.04.30 17:26:34.519,1.83365,1.83382,1.07,1.00
2015.04.30 17:26:34.940,1.83365,1.83384,1.07,1.00
2015.04.30 17:26:36.375,1.83367,1.83387,1.00,1.10
2015.04.30 17:26:36.881,1.83367,1.83387,1.07,1.00
2015.04.30 17:26:41.074,1.83367,1.83388,1.07,1.00
2015.04.30 17:26:42.469,1.83367,1.83388,1.50,1.00
2015.04.30 17:26:45.614,1.83372,1.83392,1.07,1.00
2015.04.30 17:26:46.271,1.83372,1.83392,1.00,1.10
2015.04.30 17:26:53.093,1.83372,1.83392,1.07,1.00
2015.04.30 17:26:53.601,1.83372,1.83393,1.15,1.00
2015.04.30 17:26:54.416,1.83372,1.83392,1.15,1.00
2015.04.30 17:26:56.028,1.83372,1.83392,1.00,1.17
2015.04.30 17:26:56.081,1.8337,1.8339,1.00,1.00
2015.04.30 17:26:56.184,1.8337,1.8339,1.00,1.07
2015.04.30 17:26:56.488,1.83363,1.83384,1.00,1.10
2015.04.30 17:26:57.210,1.83363,1.83384,1.00,1.87
2015.04.30 17:26:57.261,1.8336,1.8338,1.00,1.00
2015.04.30 17:27:01.292,1.8336,1.8338,1.00,1.15
2015.04.30 17:27:02.341,1.8336,1.8338,1.00,1.00
2015.04.30 17:27:14.309,1.83358,1.83377,1.17,1.00
2015.04.30 17:27:14.816,1.83358,1.83377,1.00,1.00
2015.04.30 17:27:15.221,1.83361,1.8338,1.10,1.00
2015.04.30 17:27:15.527,1.83361,1.8338,1.57,1.00
2015.04.30 17:27:15.629,1.83362,1.83382,1.17,1.00
2015.04.30 17:27:16.868,1.83365,1.83384,2.25,1.00
2015.04.30 17:27:16.970,1.83368,1.83388,2.32,1.00
2015.04.30 17:27:17.484,1.83371,1.83387,1.07,1.00
2015.04.30 17:27:21.924,1.83371,1.83387,1.00,1.00
2015.04.30 17:27:25.097,1.83369,1.83387,1.10,1.00
2015.04.30 17:27:28.254,1.83369,1.83387,1.07,1.00
2015.04.30 17:27:34.596,1.83369,1.83387,1.10,1.00
2015.04.30 17:27:35.122,1.83369,1.83388,1.10,1.00
2015.04.30 17:27:37.526,1.83369,1.83388,1.17,1.50
2015.04.30 17:27:39.060,1.83371,1.83388,1.00,1.12
2015.04.30 17:27:40.263,1.83371,1.83391,1.00,1.37
2015.04.30 17:27:40.616,1.83371,1.83388,1.00,1.12
2015.04.30 17:27:42.821,1.83371,1.83387,1.00,1.00
2015.04.30 17:27:44.356,1.83371,1.83388,1.00,1.00
2015.04.30 17:27:47.784,1.83371,1.83391,1.00,1.37
2015.04.30 17:27:47.885,1.83371,1.83388,1.00,1.00
2015.04.30 17:27:48.393,1.83371,1.83391,1.00,1.27
2015.04.30 17:27:48.900,1.83371,1.83391,1.00,1.55
2015.04.30 17:27:49.002,1.83367,1.83388,3.07,1.12
2015.04.30 17:27:49.307,1.83367,1.83388,1.00,1.45
2015.04.30 17:27:49.668,1.83367,1.83388,1.07,1.00
2015.04.30 17:27:50.175,1.83367,1.83387,1.07,1.00
2015.04.30 17:27:50.841,1.83367,1.83387,1.00,1.10
2015.04.30 17:27:51.045,1.83367,1.83387,1.00,1.52
2015.04.30 17:27:51.349,1.83367,1.83382,1.00,1.00
2015.04.30 17:27:51.825,1.83365,1.83383,1.00,1.37
2015.04.30 17:27:53.256,1.83365,1.83383,1.00,1.37
2015.04.30 17:27:57.320,1.83365,1.83377,1.00,1.00
2015.04.30 17:27:57.990,1.83365,1.83383,1.00,1.45
2015.04.30 17:28:00.761,1.83365,1.83372,1.00,1.00
2015.04.30 17:28:01.624,1.83365,1.83377,1.10,1.00
2015.04.30 17:28:01.675,1.83365,1.83377,1.50,1.00
2015.04.30 17:28:02.080,1.83367,1.83387,1.17,1.37
2015.04.30 17:28:02.182,1.83367,1.83387,1.17,1.37
2015.04.30 17:28:03.080,1.83367,1.83388,1.17,1.87
2015.04.30 17:28:04.608,1.83367,1.83377,1.17,1.00
2015.04.30 17:28:04.913,1.83366,1.83378,1.10,1.00
2015.04.30 17:28:05.825,1.83363,1.83378,1.00,1.00
2015.04.30 17:28:06.687,1.83363,1.83378,1.00,1.87
2015.04.30 17:28:06.993,1.83352,1.83367,1.50,1.00
2015.04.30 17:28:07.146,1.83352,1.83371,1.50,1.10
2015.04.30 17:28:07.895,1.83352,1.83371,1.00,1.10
2015.04.30 17:28:08.360,1.83352,1.83367,1.00,1.00
2015.04.30 17:28:08.664,1.83351,1.83362,1.57,1.00
2015.04.30 17:28:08.715,1.83351,1.83362,1.07,1.00
2015.04.30 17:28:08.766,1.83347,1.83362,1.00,1.00
2015.04.30 17:28:08.969,1.83344,1.83357,1.00,1.00
2015.04.30 17:28:09.476,1.83343,1.83358,1.00,1.00
2015.04.30 17:28:11.195,1.83343,1.83362,1.00,1.50
2015.04.30 17:28:11.348,1.83343,1.83362,1.15,1.50
2015.04.30 17:28:11.653,1.83348,1.83363,1.15,1.00
2015.04.30 17:28:11.756,1.83348,1.83367,1.15,1.50
2015.04.30 17:28:12.273,1.8335,1.83368,1.10,1.00
2015.04.30 17:28:13.613,1.8335,1.83367,1.10,1.00
2015.04.30 17:28:14.466,1.8335,1.83368,1.10,1.00
2015.04.30 17:28:14.720,1.83346,1.83364,1.50,1.12
2015.04.30 17:28:14.872,1.8334,1.83359,1.57,1.00
2015.04.30 17:28:15.787,1.8334,1.83359,1.15,1.00
2015.04.30 17:28:15.838,1.83343,1.83362,1.00,1.00
2015.04.30 17:28:16.092,1.83343,1.83362,1.00,1.17
2015.04.30 17:28:18.492,1.83343,1.83362,1.00,2.25
2015.04.30 17:28:18.543,1.8334,1.8336,1.00,1.15
2015.04.30 17:28:22.851,1.83336,1.83358,1.17,1.10
2015.04.30 17:28:22.902,1.83336,1.83358,1.57,1.00
2015.04.30 17:28:23.004,1.83336,1.83358,1.10,1.00
2015.04.30 17:28:27.611,1.8334,1.83359,1.00,1.10
2015.04.30 17:28:31.305,1.8334,1.83359,1.15,1.00
2015.04.30 17:28:31.457,1.83343,1.83362,1.00,1.00
2015.04.30 17:28:32.072,1.83344,1.83366,1.00,1.15
2015.04.30 17:28:32.579,1.83344,1.83366,1.07,1.10
2015.04.30 17:28:33.279,1.83348,1.83366,1.47,1.10
2015.04.30 17:28:33.584,1.83362,1.83377,1.07,1.00
2015.04.30 17:28:33.635,1.83362,1.83381,1.00,1.00
2015.04.30 17:28:33.763,1.83362,1.83379,1.10,1.37
2015.04.30 17:28:34.069,1.83356,1.83376,1.00,1.07
2015.04.30 17:28:34.576,1.83356,1.83376,1.00,1.00
2015.04.30 17:28:35.125,1.83356,1.83376,1.17,1.00
2015.04.30 17:28:37.343,1.83356,1.83373,1.00,1.00
2015.04.30 17:28:37.444,1.83352,1.83373,1.20,1.00
2015.04.30 17:28:37.597,1.83352,1.83368,1.20,1.00
2015.04.30 17:28:38.589,1.83352,1.83373,1.20,1.00
2015.04.30 17:28:39.233,1.83352,1.83373,1.15,1.00
2015.04.30 17:28:39.579,1.83354,1.83374,1.50,1.00
2015.04.30 17:28:41.041,1.83352,1.83374,1.15,1.00
2015.04.30 17:28:41.634,1.83356,1.83375,1.07,1.00
2015.04.30 17:28:41.754,1.83358,1.83377,1.00,1.00
2015.04.30 17:28:41.857,1.83356,1.83375,1.10,1.00
2015.04.30 17:28:42.011,1.83351,1.83371,1.10,1.00
2015.04.30 17:28:42.112,1.83351,1.83371,1.50,1.00
2015.04.30 17:28:43.037,1.83353,1.83372,1.00,1.10
2015.04.30 17:28:43.190,1.83351,1.83372,1.10,1.10
2015.04.30 17:28:43.241,1.83351,1.83372,1.15,1.00
2015.04.30 17:28:43.824,1.83351,1.83372,1.00,1.00
2015.04.30 17:28:43.989,1.83351,1.83372,1.00,1.87
2015.04.30 17:28:44.142,1.83348,1.8337,1.20,1.12
2015.04.30 17:28:45.252,1.83348,1.8337,2.62,1.00
2015.04.30 17:28:45.455,1.83351,1.83373,1.17,1.57
2015.04.30 17:28:45.773,1.83351,1.83373,1.00,1.15
2015.04.30 17:28:45.927,1.83351,1.83373,1.10,1.00
2015.04.30 17:28:46.231,1.83351,1.83373,1.00,1.17
2015.04.30 17:28:49.030,1.83351,1.83372,1.00,1.50
2015.04.30 17:28:53.933,1.83346,1.83368,1.17,1.10
2015.04.30 17:28:54.036,1.83346,1.83367,1.00,1.57
2015.04.30 17:28:54.261,1.83346,1.83368,1.00,1.17
2015.04.30 17:28:55.579,1.83346,1.83368,1.10,1.00
2015.04.30 17:28:55.731,1.83346,1.83368,1.95,1.00
2015.04.30 17:28:55.833,1.83346,1.83368,1.10,1.00
2015.04.30 17:28:56.887,1.83346,1.83368,1.00,1.17
2015.04.30 17:29:01.912,1.83346,1.83367,1.00,1.47
2015.04.30 17:29:02.115,1.83346,1.83363,1.17,1.00
2015.04.30 17:29:05.197,1.83346,1.83363,1.00,1.00
2015.04.30 17:29:05.711,1.83345,1.83362,1.10,1.00
2015.04.30 17:29:06.969,1.83345,1.83357,1.10,1.00
2015.04.30 17:29:07.173,1.83345,1.83363,1.10,1.00
2015.04.30 17:29:07.714,1.83345,1.83364,1.10,1.12
2015.04.30 17:29:08.242,1.83345,1.83363,1.00,1.37
2015.04.30 17:29:08.344,1.8334,1.83361,1.10,1.10
2015.04.30 17:29:08.599,1.8334,1.83361,1.00,1.65
2015.04.30 17:29:09.110,1.8334,1.83361,1.00,3.00
2015.04.30 17:29:09.212,1.83338,1.83357,1.10,1.00
2015.04.30 17:29:09.719,1.83338,1.83357,1.00,1.07
2015.04.30 17:29:09.980,1.83335,1.83355,1.00,1.20
2015.04.30 17:29:10.685,1.83335,1.83353,1.00,1.00
2015.04.30 17:29:11.186,1.83335,1.83352,1.00,1.00
2015.04.30 17:29:12.644,1.83332,1.83351,1.20,1.00
2015.04.30 17:29:17.749,1.83332,1.83347,1.00,1.00
2015.04.30 17:29:17.851,1.83332,1.83351,1.00,1.00
2015.04.30 17:29:18.004,1.83328,1.83349,2.02,1.00
2015.04.30 17:29:20.047,1.83328,1.83347,1.65,1.00
2015.04.30 17:29:20.149,1.83328,1.83349,1.57,1.00
2015.04.30 17:29:20.456,1.83333,1.83352,1.00,1.17
2015.04.30 17:29:20.507,1.83333,1.83352,1.00,1.00
2015.04.30 17:29:23.767,1.83333,1.83352,1.37,1.00
2015.04.30 17:29:23.869,1.83337,1.83358,1.12,1.17
2015.04.30 17:29:23.920,1.83337,1.83358,1.95,1.00
2015.04.30 17:29:23.971,1.83339,1.8336,1.17,1.00
2015.04.30 17:29:24.124,1.83339,1.83357,1.00,1.00
2015.04.30 17:29:24.326,1.83339,1.8336,1.15,1.00
2015.04.30 17:29:24.428,1.83341,1.83362,1.00,1.00
2015.04.30 17:29:25.595,1.83341,1.83362,1.07,1.00
2015.04.30 17:29:26.123,1.83341,1.83363,1.57,1.50
2015.04.30 17:29:27.332,1.83341,1.83363,1.00,1.50
2015.04.30 17:29:28.143,1.83337,1.83359,1.57,1.00
2015.04.30 17:29:28.505,1.83337,1.83359,1.20,1.00
2015.04.30 17:29:28.911,1.83337,1.83359,1.57,1.00
2015.04.30 17:29:29.012,1.8334,1.83362,1.10,1.00
2015.04.30 17:29:31.310,1.83344,1.83364,1.00,1.17
2015.04.30 17:29:31.951,1.83344,1.83364,1.00,1.10
2015.04.30 17:29:32.105,1.83346,1.83367,1.20,1.50
2015.04.30 17:29:32.613,1.83346,1.83366,1.20,1.00
2015.04.30 17:29:33.724,1.83346,1.83366,3.15,1.00
2015.04.30 17:29:33.775,1.83349,1.83368,1.37,1.00
2015.04.30 17:29:34.130,1.83351,1.83372,1.10,1.10
2015.04.30 17:29:34.637,1.83351,1.83372,1.17,1.50
2015.04.30 17:29:35.093,1.83355,1.83367,1.00,1.00
2015.04.30 17:29:35.348,1.83355,1.83372,1.00,1.00
2015.04.30 17:29:35.936,1.83352,1.83372,1.10,1.50
2015.04.30 17:29:36.274,1.83354,1.83372,1.00,1.00
2015.04.30 17:29:36.325,1.83354,1.83376,1.00,1.27
2015.04.30 17:29:36.832,1.83354,1.83376,1.07,1.20
2015.04.30 17:29:37.037,1.83357,1.83377,1.00,1.20
2015.04.30 17:29:37.391,1.83354,1.83375,1.07,1.00
2015.04.30 17:29:42.749,1.83355,1.83374,1.10,1.00
2015.04.30 17:29:43.435,1.83352,1.83372,1.57,1.00
2015.04.30 17:29:43.638,1.83352,1.83372,1.00,1.00
2015.04.30 17:29:44.164,1.83352,1.83372,1.17,1.00
2015.04.30 17:29:44.601,1.83352,1.83372,2.77,1.00
2015.04.30 17:29:44.652,1.83354,1.83376,1.95,1.00
2015.04.30 17:29:44.754,1.83357,1.83378,1.10,1.50
2015.04.30 17:29:44.855,1.83357,1.83378,1.15,1.50
2015.04.30 17:29:49.255,1.83361,1.83378,1.00,1.00
2015.04.30 17:29:51.185,1.83361,1.83378,1.00,1.95
2015.04.30 17:29:51.236,1.83356,1.83377,1.50,1.95
2015.04.30 17:29:51.339,1.83353,1.83373,1.10,1.00
2015.04.30 17:29:51.881,1.83353,1.83372,1.00,1.10
2015.04.30 17:29:52.254,1.83351,1.83371,1.00,1.00
2015.04.30 17:29:54.418,1.83351,1.83371,1.00,1.37
2015.04.30 17:29:54.469,1.83351,1.8337,1.00,1.20
2015.04.30 17:29:54.521,1.83346,1.83365,1.00,1.00
2015.04.30 17:29:54.876,1.83349,1.83369,1.00,1.17
2015.04.30 17:29:55.648,1.83344,1.83363,1.07,1.00
2015.04.30 17:29:56.135,1.83347,1.83367,1.00,1.17
2015.04.30 17:29:56.713,1.83347,1.83367,1.00,1.57
2015.04.30 17:29:56.764,1.83343,1.83364,1.00,1.10
2015.04.30 17:29:56.917,1.83344,1.83364,1.00,1.15
2015.04.30 17:29:57.069,1.83347,1.83367,1.07,1.50
2015.04.30 17:29:57.578,1.83347,1.83367,1.00,1.17
2015.04.30 17:29:57.680,1.83347,1.83363,1.00,1.00
2015.04.30 17:29:58.502,1.83345,1.83363,1.00,1.00
2015.04.30 17:29:58.939,1.83343,1.83361,2.25,1.00
2015.04.30 17:29:58.989,1.83342,1.83361,1.00,1.17
2015.04.30 17:29:59.142,1.8334,1.83359,1.00,1.00
2015.04.30 17:30:00.053,1.83338,1.8336,1.00,1.15
2015.04.30 17:30:00.307,1.83338,1.83357,1.00,1.00
2015.04.30 17:30:00.813,1.83342,1.83357,1.00,1.00
2015.04.30 17:30:01.167,1.83339,1.83357,1.00,1.00
2015.04.30 17:30:01.703,1.83341,1.83357,1.00,1.00
2015.04.30 17:30:01.807,1.83339,1.83357,1.00,1.00
2015.04.30 17:30:01.909,1.83336,1.83356,1.07,1.00
2015.04.30 17:30:02.459,1.83338,1.83357,1.00,1.00
2015.04.30 17:30:02.815,1.83336,1.83356,1.00,1.17
2015.04.30 17:30:03.322,1.83336,1.83356,1.00,1.00
2015.04.30 17:30:05.523,1.83336,1.83356,1.00,1.15
2015.04.30 17:30:05.675,1.83333,1.83354,1.00,1.00
2015.04.30 17:30:05.979,1.83335,1.83354,1.00,1.00
2015.04.30 17:30:06.480,1.83336,1.83357,1.00,1.15
2015.04.30 17:30:07.768,1.83334,1.83355,1.00,1.20
2015.04.30 17:30:08.390,1.83334,1.83355,1.07,1.00
2015.04.30 17:30:08.442,1.83338,1.83357,1.00,1.00
2015.04.30 17:30:09.306,1.83338,1.83352,1.00,1.00
2015.04.30 17:30:09.459,1.83332,1.83347,1.00,1.00
2015.04.30 17:30:09.510,1.8333,1.83347,1.00,1.00
2015.04.30 17:30:09.663,1.8333,1.83349,1.00,1.00
2015.04.30 17:30:09.766,1.8333,1.83347,1.00,1.00
2015.04.30 17:30:10.299,1.8333,1.83348,1.00,1.00
2015.04.30 17:30:10.817,1.8333,1.83347,1.00,1.00
2015.04.30 17:30:10.970,1.8333,1.83349,1.00,1.00
2015.04.30 17:30:11.021,1.8333,1.83349,1.27,1.00
2015.04.30 17:30:11.528,1.8333,1.83349,1.00,1.00
2015.04.30 17:30:11.934,1.83332,1.83353,1.00,1.15
2015.04.30 17:30:13.883,1.83331,1.8335,1.00,1.00
2015.04.30 17:30:15.131,1.83333,1.83352,1.00,1.00
2015.04.30 17:30:15.964,1.83333,1.83352,1.00,1.07
2015.04.30 17:30:17.332,1.8333,1.8335,1.47,1.00
2015.04.30 17:30:17.637,1.83334,1.83352,1.00,1.07
2015.04.30 17:30:18.863,1.8333,1.8335,1.10,1.00
2015.04.30 17:30:20.159,1.83334,1.83352,1.00,1.07
2015.04.30 17:30:20.569,1.83331,1.83352,1.00,1.57
2015.04.30 17:30:21.583,1.83331,1.83351,1.00,1.47
2015.04.30 17:30:21.736,1.83324,1.83343,1.00,1.07
2015.04.30 17:30:21.989,1.83323,1.83338,1.00,1.00
2015.04.30 17:30:22.091,1.83323,1.83343,1.00,1.65
2015.04.30 17:30:22.294,1.83323,1.83343,1.00,1.57
2015.04.30 17:30:24.046,1.83325,1.83343,1.00,1.00
2015.04.30 17:30:26.920,1.83325,1.83347,1.00,1.57
2015.04.30 17:30:28.870,1.83323,1.83344,1.47,1.10
2015.04.30 17:30:29.123,1.83322,1.83344,1.00,1.20
2015.04.30 17:30:31.991,1.83322,1.83344,1.17,1.00
2015.04.30 17:30:32.499,1.83322,1.83343,2.02,1.00
2015.04.30 17:30:32.600,1.83327,1.83343,1.00,1.00
2015.04.30 17:30:33.952,1.83327,1.83347,1.00,1.57
2015.04.30 17:30:34.004,1.83327,1.83347,1.00,1.50
2015.04.30 17:30:37.118,1.83325,1.83344,1.20,1.00
2015.04.30 17:30:40.641,1.83327,1.83347,1.00,1.00
2015.04.30 17:30:42.884,1.83327,1.83348,1.00,1.20
2015.04.30 17:30:43.291,1.83327,1.83348,1.00,1.57
2015.04.30 17:30:44.898,1.83327,1.83347,1.00,1.85
2015.04.30 17:30:45.709,1.83325,1.83343,1.00,1.17
2015.04.30 17:30:46.014,1.83325,1.83346,1.00,1.07
2015.04.30 17:30:47.813,1.83327,1.83347,1.00,2.25
2015.04.30 17:30:47.915,1.83327,1.83347,1.00,1.17
2015.04.30 17:30:48.016,1.83327,1.83348,1.00,1.00
2015.04.30 17:30:48.594,1.83327,1.83347,1.00,1.00
2015.04.30 17:30:49.112,1.83327,1.83348,1.00,1.65
2015.04.30 17:30:50.020,1.83327,1.83345,1.00,1.87
2015.04.30 17:30:50.071,1.83323,1.83342,1.00,1.17
2015.04.30 17:30:50.122,1.83323,1.83342,1.00,1.57
2015.04.30 17:30:50.426,1.83323,1.83337,1.00,1.00
2015.04.30 17:30:50.630,1.83319,1.83337,1.00,1.00
2015.04.30 17:30:52.739,1.83323,1.83337,1.00,1.00
2015.04.30 17:30:52.790,1.83323,1.83342,1.00,1.00
2015.04.30 17:30:55.139,1.83326,1.83343,1.00,1.07
2015.04.30 17:30:56.153,1.83322,1.83341,1.00,1.00
2015.04.30 17:30:56.710,1.83322,1.83341,1.00,1.07
2015.04.30 17:31:03.929,1.83324,1.83342,1.00,1.65
2015.04.30 17:31:04.284,1.83324,1.83342,1.00,1.50
2015.04.30 17:31:04.841,1.83324,1.83342,1.00,1.57
2015.04.30 17:31:05.146,1.83327,1.83342,1.00,1.65
2015.04.30 17:31:05.299,1.83325,1.83342,1.00,1.65
2015.04.30 17:31:10.974,1.83325,1.8334,1.00,1.20
2015.04.30 17:31:11.126,1.8332,1.8334,1.00,1.20
2015.04.30 17:31:11.329,1.83318,1.83337,1.00,1.00
2015.04.30 17:31:12.524,1.83321,1.83337,1.00,1.00
2015.04.30 17:31:12.879,1.83318,1.83337,1.00,1.50
2015.04.30 17:31:13.212,1.83318,1.83332,1.00,1.00
2015.04.30 17:31:13.415,1.83315,1.83332,1.00,1.00
2015.04.30 17:31:13.720,1.83318,1.83332,1.00,1.00
2015.04.30 17:31:16.433,1.83318,1.83334,1.00,1.20
2015.04.30 17:31:16.686,1.83318,1.83337,1.00,1.50
2015.04.30 17:31:16.838,1.83321,1.83337,1.00,1.00
2015.04.30 17:31:16.956,1.83321,1.83342,1.00,2.40
2015.04.30 17:31:17.162,1.83321,1.83342,1.20,1.57
2015.04.30 17:31:17.214,1.83321,1.83342,1.47,1.50
2015.04.30 17:31:17.486,1.83321,1.83342,1.10,1.50
2015.04.30 17:31:17.692,1.83322,1.83342,1.00,1.15
2015.04.30 17:31:18.826,1.83321,1.8334,1.00,1.10
2015.04.30 17:31:19.130,1.83324,1.8334,1.00,1.10
2015.04.30 17:31:19.333,1.83321,1.8334,1.00,1.57
2015.04.30 17:31:19.586,1.83321,1.8334,1.37,1.57
2015.04.30 17:31:20.006,1.8333,1.83339,1.00,1.00
2015.04.30 17:31:20.108,1.8333,1.83342,1.00,1.17
2015.04.30 17:31:20.539,1.83329,1.83339,1.00,1.00
2015.04.30 17:31:20.794,1.83329,1.83342,1.00,1.65
2015.04.30 17:31:21.290,1.8333,1.83342,1.00,2.32
2015.04.30 17:31:21.494,1.83327,1.83339,1.00,1.10
2015.04.30 17:31:22.208,1.83324,1.8334,1.00,1.07
2015.04.30 17:31:22.666,1.83324,1.83338,1.00,1.57
2015.04.30 17:31:23.405,1.83323,1.83336,1.00,1.17
2015.04.30 17:31:23.972,1.83324,1.83334,1.00,1.20
2015.04.30 17:31:24.605,1.83323,1.83334,1.00,1.20
2015.04.30 17:31:25.112,1.83324,1.83334,1.00,1.00
2015.04.30 17:31:25.684,1.83323,1.83334,1.00,1.00
2015.04.30 17:31:26.218,1.83324,1.83337,1.00,1.65
2015.04.30 17:31:27.025,1.83323,1.83335,1.00,1.00
2015.04.30 17:31:27.076,1.83323,1.83338,1.00,1.00
2015.04.30 17:31:27.620,1.83324,1.83338,1.00,1.00
2015.04.30 17:31:28.127,1.83323,1.83338,1.00,1.00
2015.04.30 17:31:28.642,1.83324,1.83338,1.00,1.00
2015.04.30 17:31:28.799,1.83324,1.83335,1.00,1.00
2015.04.30 17:31:29.334,1.83323,1.83335,1.00,1.00
2015.04.30 17:31:29.724,1.83316,1.83335,1.00,1.00
2015.04.30 17:31:34.813,1.83316,1.83335,1.07,1.00
2015.04.30 17:31:36.326,1.83316,1.83332,1.57,1.00
2015.04.30 17:31:38.014,1.83316,1.83335,1.57,1.00
2015.04.30 17:31:38.065,1.83318,1.83338,1.00,1.00
2015.04.30 17:31:38.572,1.83318,1.83338,1.17,1.00
2015.04.30 17:31:42.475,1.83321,1.83338,1.00,1.00
2015.04.30 17:31:45.780,1.83321,1.83337,1.00,1.00
2015.04.30 17:31:46.889,1.83321,1.8334,1.00,1.07
2015.04.30 17:31:46.940,1.83321,1.8334,1.37,1.00
2015.04.30 17:31:47.205,1.83323,1.83344,1.12,1.00
2015.04.30 17:31:47.256,1.83323,1.83344,1.37,1.00
2015.04.30 17:31:47.615,1.83332,1.83347,1.00,1.37
2015.04.30 17:31:47.667,1.83327,1.83347,1.00,1.47
2015.04.30 17:31:48.180,1.83326,1.83345,1.00,1.10
2015.04.30 17:31:48.282,1.83329,1.83348,1.00,1.57
2015.04.30 17:31:48.841,1.83329,1.83347,1.00,2.25
2015.04.30 17:31:48.943,1.83323,1.83345,1.00,1.15
2015.04.30 17:31:49.369,1.83327,1.83347,1.00,2.25
2015.04.30 17:31:50.289,1.83324,1.83344,1.00,1.17
2015.04.30 17:31:51.817,1.83324,1.83344,1.00,1.57
2015.04.30 17:31:51.919,1.83322,1.8334,1.12,1.00
2015.04.30 17:31:52.442,1.83322,1.8334,1.37,1.00
2015.04.30 17:31:53.547,1.83322,1.8334,1.37,1.07
2015.04.30 17:31:53.649,1.83322,1.8334,1.00,1.57
2015.04.30 17:31:53.903,1.83318,1.83336,1.12,1.20
2015.04.30 17:31:54.586,1.83319,1.83336,1.00,1.20
2015.04.30 17:31:54.687,1.83317,1.83336,1.87,1.10
2015.04.30 17:32:00.458,1.83321,1.83336,1.50,1.00
2015.04.30 17:32:00.976,1.83321,1.83337,1.50,1.00
2015.04.30 17:32:01.280,1.83323,1.83338,1.00,1.00
2015.04.30 17:32:02.945,1.8332,1.83338,1.00,1.00
2015.04.30 17:32:03.722,1.8332,1.83337,1.00,1.00
2015.04.30 17:32:05.670,1.83319,1.83337,2.25,1.50
2015.04.30 17:32:07.526,1.8332,1.83337,1.50,1.50
2015.04.30 17:32:07.830,1.83323,1.83337,1.50,1.50
2015.04.30 17:32:07.931,1.8332,1.83337,1.50,1.50
2015.04.30 17:32:09.887,1.8332,1.83338,1.50,1.00
2015.04.30 17:32:10.140,1.83318,1.83337,1.50,1.00
2015.04.30 17:32:10.545,1.83319,1.83333,1.12,1.00
2015.04.30 17:32:10.647,1.83317,1.83336,1.50,1.10
2015.04.30 17:32:11.222,1.83318,1.83336,1.00,1.10
2015.04.30 17:32:13.745,1.83319,1.83338,1.00,1.15
2015.04.30 17:32:14.344,1.83319,1.83338,1.10,1.07
2015.04.30 17:32:14.752,1.83322,1.83338,1.50,1.00
2015.04.30 17:32:15.056,1.83325,1.83341,1.50,1.00
2015.04.30 17:32:15.362,1.83325,1.83344,1.50,1.00
2015.04.30 17:32:16.481,1.83325,1.83344,1.57,1.00
2015.04.30 17:32:16.785,1.83333,1.83346,1.50,1.00
2015.04.30 17:32:16.836,1.8333,1.83346,1.50,1.00
2015.04.30 17:32:17.357,1.83329,1.83346,1.50,1.00
2015.04.30 17:32:18.592,1.83328,1.83346,1.50,1.00
2015.04.30 17:32:18.644,1.83329,1.83346,1.37,1.00
2015.04.30 17:32:18.949,1.83335,1.83353,1.50,1.00
2015.04.30 17:32:21.866,1.83335,1.83348,1.50,1.00
2015.04.30 17:32:22.178,1.83338,1.83348,1.57,1.00
2015.04.30 17:32:22.229,1.83339,1.83353,1.57,1.00
2015.04.30 17:32:22.736,1.83336,1.83352,1.50,1.00
2015.04.30 17:32:22.787,1.83336,1.83354,1.50,1.00
2015.04.30 17:32:23.699,1.8334,1.83359,1.07,1.00
2015.04.30 17:32:24.675,1.8334,1.83359,1.00,1.00
2015.04.30 17:32:25.719,1.83337,1.83358,1.27,1.00
2015.04.30 17:32:26.024,1.83341,1.8336,1.00,1.00
2015.04.30 17:32:27.121,1.83337,1.83357,1.65,1.00
2015.04.30 17:32:29.574,1.83338,1.83357,1.07,1.00
2015.04.30 17:32:29.778,1.83337,1.83357,2.02,1.00
2015.04.30 17:32:30.285,1.83337,1.83357,2.02,1.00
2015.04.30 17:32:31.135,1.83337,1.83357,1.57,1.00
2015.04.30 17:32:31.911,1.83337,1.83357,1.50,1.07
2015.04.30 17:32:32.969,1.83337,1.83357,1.50,1.10
2015.04.30 17:32:37.878,1.8334,1.83359,1.00,1.10
2015.04.30 17:32:41.851,1.83337,1.83355,1.00,1.00
2015.04.30 17:32:42.361,1.83336,1.83355,1.20,1.00
2015.04.30 17:32:42.667,1.83337,1.83355,1.15,1.00
2015.04.30 17:32:42.835,1.83339,1.83358,1.00,1.00
2015.04.30 17:32:43.952,1.83337,1.83356,2.77,1.00
2015.04.30 17:32:44.257,1.83334,1.83347,1.00,1.00
2015.04.30 17:32:44.410,1.8333,1.83349,1.10,1.00
2015.04.30 17:32:44.512,1.8333,1.83347,1.10,1.00
2015.04.30 17:32:45.040,1.8333,1.83348,1.10,1.00
2015.04.30 17:32:45.550,1.83326,1.83347,1.95,1.00
2015.04.30 17:32:46.701,1.83326,1.83348,1.95,1.50
2015.04.30 17:32:47.256,1.83326,1.83344,1.20,1.00
2015.04.30 17:32:50.206,1.83325,1.83344,3.37,1.00
2015.04.30 17:32:50.308,1.83327,1.83347,2.25,1.00
2015.04.30 17:32:51.782,1.83329,1.83351,2.70,1.00
2015.04.30 17:32:51.833,1.83332,1.83351,1.50,1.00
2015.04.30 17:32:51.935,1.83333,1.83352,1.15,1.50
2015.04.30 17:32:52.502,1.83333,1.83352,1.10,1.57
2015.04.30 17:32:52.655,1.83328,1.8335,1.17,1.00
2015.04.30 17:32:52.759,1.83326,1.83347,1.95,1.00
2015.04.30 17:32:53.181,1.83326,1.83347,1.27,1.00
2015.04.30 17:32:54.043,1.83326,1.83347,2.32,1.00
2015.04.30 17:32:55.935,1.8333,1.83349,1.00,1.00
2015.04.30 17:32:56.391,1.8333,1.83347,1.00,1.00
2015.04.30 17:32:56.897,1.83326,1.83347,2.25,1.00
2015.04.30 17:32:57.239,1.83336,1.83347,1.00,1.00
2015.04.30 17:32:57.780,1.83335,1.83347,1.00,1.00
2015.04.30 17:32:58.295,1.83335,1.83348,1.00,1.00
2015.04.30 17:32:58.599,1.83336,1.83346,1.00,1.00
2015.04.30 17:32:58.809,1.83336,1.83348,1.00,1.00
2015.04.30 17:32:59.482,1.83335,1.83347,1.00,1.00
2015.04.30 17:33:00.000,1.83336,1.83347,1.00,1.50
2015.04.30 17:33:00.458,1.83336,1.8335,1.00,1.10
2015.04.30 17:33:00.965,1.83335,1.8335,1.00,1.10
2015.04.30 17:33:01.016,1.83336,1.83348,1.00,1.00
2015.04.30 17:33:01.219,1.83334,1.83348,1.00,1.00
2015.04.30 17:33:01.770,1.83334,1.83347,1.00,1.00
2015.04.30 17:33:02.276,1.83335,1.83347,1.00,1.00
2015.04.30 17:33:02.820,1.83334,1.83346,1.00,1.00
2015.04.30 17:33:03.483,1.83335,1.83346,1.00,1.00
2015.04.30 17:33:04.023,1.83334,1.83346,1.00,1.00
2015.04.30 17:33:04.790,1.83334,1.83346,1.37,1.00
2015.04.30 17:33:04.943,1.83336,1.83348,1.37,1.00
2015.04.30 17:33:05.986,1.83329,1.83347,1.35,1.00
2015.04.30 17:33:06.496,1.83329,1.83347,1.35,1.00
2015.04.30 17:33:09.438,1.83332,1.83347,1.37,1.00
2015.04.30 17:33:09.958,1.8334,1.83347,1.00,1.00
2015.04.30 17:33:10.262,1.83337,1.83347,1.00,1.00
2015.04.30 17:33:10.364,1.83337,1.83352,1.00,2.32
2015.04.30 17:33:10.567,1.83338,1.83352,1.10,1.00
2015.04.30 17:33:10.669,1.83338,1.83352,1.07,1.00
2015.04.30 17:33:11.545,1.83338,1.83353,1.35,1.00
2015.04.30 17:33:12.052,1.83338,1.83354,1.35,1.00
2015.04.30 17:33:13.746,1.83338,1.83354,2.10,1.00
2015.04.30 17:33:14.091,1.83338,1.83352,2.10,1.00
2015.04.30 17:33:14.243,1.83338,1.83354,2.10,1.00
2015.04.30 17:33:14.345,1.83338,1.83352,2.10,1.00
2015.04.30 17:33:14.447,1.83338,1.83354,2.10,1.00
2015.04.30 17:33:16.320,1.83337,1.83347,2.70,1.00
2015.04.30 17:33:16.421,1.83333,1.8335,1.27,1.00
2015.04.30 17:33:16.472,1.83332,1.8335,1.65,1.00
2015.04.30 17:33:16.575,1.83331,1.8335,1.87,1.00
2015.04.30 17:33:16.727,1.83332,1.83347,1.10,1.00
2015.04.30 17:33:16.880,1.83333,1.8335,1.00,1.00
2015.04.30 17:33:17.605,1.83333,1.8335,1.07,1.00
2015.04.30 17:33:17.656,1.83336,1.8335,1.00,1.00
2015.04.30 17:33:18.061,1.83335,1.83356,1.10,2.25
2015.04.30 17:33:18.838,1.83335,1.83352,1.10,1.00
2015.04.30 17:33:18.940,1.83335,1.83356,1.10,2.25
2015.04.30 17:33:19.245,1.83335,1.83352,1.00,1.00
2015.04.30 17:33:20.949,1.83333,1.83352,1.07,1.00
2015.04.30 17:33:21.253,1.83333,1.83352,1.00,1.87
2015.04.30 17:33:21.727,1.83333,1.83352,1.10,1.20
2015.04.30 17:33:21.982,1.83332,1.83352,1.20,1.25
2015.04.30 17:33:22.531,1.83331,1.83349,1.87,1.00
2015.04.30 17:33:23.239,1.8333,1.83347,1.10,1.00
2015.04.30 17:33:24.772,1.83329,1.83344,1.20,1.00
2015.04.30 17:33:26.396,1.83332,1.83348,1.00,1.00
2015.04.30 17:33:26.548,1.83332,1.83348,1.50,1.87
2015.04.30 17:33:26.650,1.83332,1.83348,1.00,1.10
2015.04.30 17:33:27.157,1.83333,1.83348,1.00,1.00
2015.04.30 17:33:27.659,1.83331,1.83348,1.00,1.00
2015.04.30 17:33:35.747,1.83333,1.83348,1.00,1.10
2015.04.30 17:33:35.851,1.83331,1.83348,1.12,1.10
2015.04.30 17:33:35.902,1.83336,1.83348,1.00,1.00
2015.04.30 17:33:36.106,1.83336,1.83351,1.00,1.10
2015.04.30 17:33:36.766,1.83336,1.83352,1.00,1.20
2015.04.30 17:33:38.459,1.83336,1.83352,1.00,1.20
2015.04.30 17:33:38.561,1.83334,1.83349,1.00,1.00
2015.04.30 17:33:38.935,1.83334,1.83347,1.00,1.00
2015.04.30 17:33:39.038,1.83334,1.83349,1.00,1.00
2015.04.30 17:33:39.190,1.83332,1.83349,1.00,1.10
2015.04.30 17:33:39.716,1.83332,1.83348,1.00,1.00
2015.04.30 17:33:42.183,1.83332,1.83342,1.00,1.00
2015.04.30 17:33:42.285,1.8333,1.83342,1.00,1.00
2015.04.30 17:33:42.387,1.8333,1.83346,1.00,1.17
2015.04.30 17:33:42.945,1.83333,1.83346,1.00,1.10
2015.04.30 17:33:43.906,1.83334,1.83346,1.00,1.00
2015.04.30 17:33:44.476,1.83334,1.83348,1.00,1.65
2015.04.30 17:33:47.564,1.83333,1.83348,1.00,1.00
2015.04.30 17:33:47.768,1.83331,1.83347,1.00,1.00
2015.04.30 17:33:49.290,1.83331,1.8335,1.00,1.65
2015.04.30 17:33:49.341,1.83329,1.8335,1.00,1.65
2015.04.30 17:33:50.460,1.83329,1.83347,1.00,1.00
2015.04.30 17:33:56.701,1.83329,1.83345,1.00,1.07
2015.04.30 17:33:57.006,1.83329,1.83336,1.00,1.10
2015.04.30 17:33:57.108,1.83319,1.83336,1.00,1.35
2015.04.30 17:33:57.209,1.83317,1.83336,1.00,1.72
2015.04.30 17:33:57.412,1.83313,1.83332,1.10,1.00
2015.04.30 17:33:57.565,1.83313,1.83332,1.87,1.10
2015.04.30 17:33:59.683,1.83314,1.83328,1.75,1.07
2015.04.30 17:33:59.785,1.83312,1.83328,1.50,1.07
2015.04.30 17:33:59.886,1.83312,1.83328,1.00,1.07
2015.04.30 17:34:00.192,1.8331,1.83329,1.12,1.10
2015.04.30 17:34:01.002,1.83312,1.83329,1.37,1.00
2015.04.30 17:34:01.510,1.83314,1.83333,1.20,1.57
2015.04.30 17:34:02.501,1.83314,1.83333,1.00,1.00
2015.04.30 17:34:04.203,1.83314,1.83333,1.75,1.00
2015.04.30 17:34:04.752,1.83317,1.83333,1.12,1.00
2015.04.30 17:34:05.341,1.83317,1.83337,1.12,1.57
2015.04.30 17:34:05.862,1.83314,1.83333,1.00,1.07
2015.04.30 17:34:06.407,1.83314,1.83331,1.00,1.10
2015.04.30 17:34:07.117,1.83314,1.83332,1.00,1.20
2015.04.30 17:34:12.504,1.83314,1.83327,1.00,1.00
2015.04.30 17:34:14.059,1.83314,1.83332,1.00,1.00
2015.04.30 17:34:14.869,1.83314,1.83327,1.00,1.00
2015.04.30 17:34:15.405,1.83314,1.83324,1.00,1.00
2015.04.30 17:34:15.558,1.8331,1.83324,1.00,1.12
2015.04.30 17:34:15.609,1.8331,1.83322,1.00,1.12
2015.04.30 17:34:15.812,1.83299,1.83314,1.00,1.10
2015.04.30 17:34:15.867,1.83299,1.83312,1.00,1.00
2015.04.30 17:34:15.919,1.83292,1.83312,2.25,1.00
2015.04.30 17:34:16.379,1.83292,1.83307,2.25,1.00
2015.04.30 17:34:16.910,1.83292,1.83308,1.50,1.00
2015.04.30 17:34:17.113,1.83293,1.83311,1.90,1.00
2015.04.30 17:34:17.619,1.83294,1.83311,1.27,1.00
2015.04.30 17:34:17.822,1.83295,1.83311,1.27,1.00
2015.04.30 17:34:18.298,1.83302,1.83317,1.45,1.00
2015.04.30 17:34:20.427,1.83302,1.83317,1.87,1.00
2015.04.30 17:34:20.630,1.83303,1.83317,1.27,1.00
2015.04.30 17:34:20.681,1.83305,1.8332,1.50,1.00
2015.04.30 17:34:20.732,1.83305,1.83323,1.50,1.10
2015.04.30 17:34:20.885,1.83307,1.83326,1.20,1.00
2015.04.30 17:34:21.341,1.83309,1.83322,1.65,1.00
2015.04.30 17:34:21.544,1.83309,1.83327,1.65,1.00
2015.04.30 17:34:22.449,1.83309,1.83328,1.65,1.50
2015.04.30 17:34:22.966,1.83309,1.83328,1.57,1.50
2015.04.30 17:34:23.682,1.83309,1.83322,1.57,1.00
2015.04.30 17:34:25.722,1.83309,1.83322,1.00,1.00
2015.04.30 17:34:27.515,1.83309,1.83323,1.00,1.00
2015.04.30 17:34:28.022,1.83305,1.83322,1.95,1.00
2015.04.30 17:34:30.267,1.83306,1.83318,1.65,1.00
2015.04.30 17:34:30.922,1.83307,1.83323,1.27,1.50
2015.04.30 17:34:31.125,1.83309,1.83326,1.12,1.00
2015.04.30 17:34:31.793,1.8331,1.83327,1.20,1.00
2015.04.30 17:34:33.468,1.8331,1.83329,1.27,1.00
2015.04.30 17:34:33.672,1.8331,1.83327,1.27,1.00
2015.04.30 17:34:34.187,1.8331,1.83327,1.20,1.00
2015.04.30 17:34:35.210,1.83308,1.83326,1.27,1.00
2015.04.30 17:34:40.690,1.83311,1.83328,1.00,1.00
2015.04.30 17:34:41.248,1.83308,1.83327,1.27,1.00
2015.04.30 17:34:42.127,1.83309,1.83327,1.27,1.00
2015.04.30 17:34:42.432,1.83315,1.83327,1.12,1.00
2015.04.30 17:34:43.367,1.83315,1.8333,1.87,1.00
2015.04.30 17:34:43.418,1.83316,1.8333,1.20,1.00
2015.04.30 17:34:43.672,1.83319,1.83338,1.82,1.00
2015.04.30 17:34:44.185,1.83322,1.83338,1.12,1.00
2015.04.30 17:34:44.338,1.83323,1.83342,1.35,1.50
2015.04.30 17:34:44.541,1.83323,1.83337,1.35,1.00
2015.04.30 17:34:45.049,1.83326,1.83337,1.00,1.00
2015.04.30 17:34:45.705,1.83331,1.83343,1.00,1.00
2015.04.30 17:34:45.857,1.83333,1.83348,1.17,1.00
2015.04.30 17:34:45.908,1.83333,1.83348,1.92,1.00
2015.04.30 17:34:46.213,1.83336,1.83348,1.57,1.00
2015.04.30 17:34:46.517,1.83336,1.83352,1.95,1.00
2015.04.30 17:34:47.024,1.83336,1.83353,1.57,1.00
2015.04.30 17:34:47.185,1.83339,1.83353,1.87,1.00
2015.04.30 17:34:47.287,1.83339,1.83357,2.62,1.00
2015.04.30 17:34:48.202,1.83341,1.83353,1.10,1.00
2015.04.30 17:34:51.473,1.8334,1.83357,1.20,1.00
2015.04.30 17:34:51.575,1.8334,1.83352,1.20,1.00
2015.04.30 17:34:53.003,1.8334,1.83352,1.87,1.00
2015.04.30 17:34:53.105,1.8334,1.83352,1.20,1.00
2015.04.30 17:34:53.638,1.83338,1.83353,1.75,1.00
2015.04.30 17:34:54.545,1.83338,1.83352,1.75,1.00
2015.04.30 17:34:55.055,1.83338,1.83353,1.75,1.00
2015.04.30 17:34:55.106,1.83338,1.83357,2.25,1.00
2015.04.30 17:34:55.214,1.83338,1.83354,1.75,1.00
2015.04.30 17:34:55.646,1.83338,1.83352,1.75,1.00
2015.04.30 17:34:56.153,1.83339,1.83353,1.45,1.00
2015.04.30 17:34:57.207,1.83339,1.83352,1.12,1.00
2015.04.30 17:34:57.309,1.83337,1.83355,1.12,1.10
2015.04.30 17:34:57.360,1.83337,1.83355,1.12,1.57
2015.04.30 17:34:57.885,1.83337,1.83352,1.12,1.10
2015.04.30 17:35:00.365,1.83337,1.83352,1.12,2.25
2015.04.30 17:35:00.466,1.83337,1.83352,1.12,1.07
2015.04.30 17:35:00.518,1.83335,1.83347,1.12,1.00
2015.04.30 17:35:00.619,1.83334,1.83347,1.75,1.00
2015.04.30 17:35:00.822,1.83334,1.83352,1.75,1.57
2015.04.30 17:35:01.381,1.83334,1.8335,1.75,1.00
2015.04.30 17:35:04.843,1.83335,1.8335,1.12,1.00
2015.04.30 17:35:04.894,1.83336,1.83352,1.12,1.50
2015.04.30 17:35:05.250,1.83336,1.83347,1.12,1.00
2015.04.30 17:35:05.454,1.8333,1.83347,1.10,1.00
2015.04.30 17:35:05.556,1.83329,1.83338,1.65,1.00
2015.04.30 17:35:05.657,1.83326,1.83338,1.07,1.00
2015.04.30 17:35:05.708,1.83325,1.83338,1.12,1.00
2015.04.30 17:35:05.760,1.83323,1.83338,1.12,1.00
2015.04.30 17:35:06.013,1.83319,1.83337,1.50,1.00
2015.04.30 17:35:06.436,1.83318,1.83333,2.25,1.00
2015.04.30 17:35:06.942,1.83317,1.83333,1.12,1.00
2015.04.30 17:35:09.305,1.83319,1.83337,1.92,1.57
2015.04.30 17:35:09.610,1.83321,1.83337,1.27,1.50
2015.04.30 17:35:10.750,1.83323,1.83342,1.12,1.12
2015.04.30 17:35:11.367,1.83324,1.83342,1.07,1.12
2015.04.30 17:35:11.672,1.83329,1.83342,1.27,1.12
2015.04.30 17:35:11.825,1.83328,1.83342,1.20,1.12
2015.04.30 17:35:12.939,1.83327,1.83342,1.10,1.12
2015.04.30 17:35:15.515,1.83331,1.83342,1.37,1.00
2015.04.30 17:35:15.618,1.8333,1.83347,1.75,1.12
2015.04.30 17:35:15.770,1.83335,1.83353,1.12,1.50
2015.04.30 17:35:15.872,1.83333,1.83353,1.12,1.65
2015.04.30 17:35:15.974,1.83333,1.83349,1.12,1.00
2015.04.30 17:35:16.417,1.83333,1.83352,1.87,1.10
2015.04.30 17:35:23.031,1.83333,1.83352,1.87,1.47
2015.04.30 17:35:23.133,1.8333,1.83349,1.12,1.17
2015.04.30 17:35:23.640,1.83328,1.83347,2.62,1.10
2015.04.30 17:35:23.985,1.83328,1.83345,1.87,1.00
2015.04.30 17:35:29.650,1.83328,1.83347,2.02,1.00
2015.04.30 17:35:30.309,1.83332,1.83348,1.00,1.00
2015.04.30 17:35:30.736,1.83332,1.83347,1.27,1.00
2015.04.30 17:35:32.114,1.83333,1.83347,1.20,1.00
2015.04.30 17:35:32.417,1.83338,1.83353,1.00,1.00
2015.04.30 17:35:33.497,1.83338,1.83352,1.00,1.00
2015.04.30 17:35:43.528,1.83338,1.83347,1.00,1.00
2015.04.30 17:35:44.147,1.83338,1.83352,1.00,1.00
2015.04.30 17:35:44.701,1.83338,1.83353,1.00,1.10
2015.04.30 17:35:47.337,1.83338,1.83352,1.00,1.00
2015.04.30 17:35:48.886,1.83338,1.83353,1.00,1.10
2015.04.30 17:35:49.260,1.83338,1.83355,1.00,1.00
2015.04.30 17:35:49.312,1.83339,1.83358,1.00,1.00
2015.04.30 17:35:49.464,1.83339,1.83358,1.72,1.00
2015.04.30 17:35:49.993,1.83339,1.83357,1.72,1.00
2015.04.30 17:35:51.516,1.83344,1.83357,1.00,1.00
2015.04.30 17:35:51.618,1.83341,1.83357,1.10,1.00
2015.04.30 17:35:51.922,1.83341,1.83357,1.10,1.15
2015.04.30 17:35:52.277,1.83338,1.83357,1.20,1.57
2015.04.30 17:35:52.711,1.83342,1.83357,1.00,1.57
2015.04.30 17:35:55.286,1.83342,1.83352,1.00,1.00
2015.04.30 17:35:55.387,1.83336,1.83352,1.85,1.00
2015.04.30 17:35:55.489,1.83336,1.83352,1.20,1.00
2015.04.30 17:35:56.177,1.83336,1.83352,1.20,1.00
2015.04.30 17:35:56.686,1.83339,1.83352,1.00,1.00
2015.04.30 17:35:58.272,1.83339,1.83352,1.00,1.75
2015.04.30 17:35:58.323,1.83336,1.83351,1.20,1.50
2015.04.30 17:35:58.477,1.8333,1.83347,1.10,1.10
2015.04.30 17:35:58.782,1.83332,1.83348,1.00,1.17
2015.04.30 17:35:59.036,1.83332,1.83351,1.95,1.75
2015.04.30 17:35:59.088,1.83335,1.83352,1.57,1.85
2015.04.30 17:35:59.392,1.83337,1.83352,1.12,1.00
2015.04.30 17:35:59.443,1.83337,1.83356,1.12,1.00
2015.04.30 17:35:59.545,1.83339,1.83358,1.10,1.72
2015.04.30 17:36:00.052,1.83339,1.83358,1.50,1.65
2015.04.30 17:36:00.103,1.83342,1.83358,1.00,1.20
2015.04.30 17:36:01.965,1.83342,1.83357,1.00,1.00
2015.04.30 17:36:05.066,1.83342,1.83361,1.00,1.65
2015.04.30 17:36:05.588,1.83342,1.8336,1.10,1.17
2015.04.30 17:36:09.900,1.83344,1.83362,1.00,1.57
2015.04.30 17:36:10.238,1.83344,1.83363,1.00,1.72
2015.04.30 17:36:10.339,1.83342,1.8336,1.10,1.00
2015.04.30 17:36:10.391,1.83344,1.8336,1.00,1.00
2015.04.30 17:36:10.442,1.83344,1.83363,1.50,1.25
2015.04.30 17:36:10.899,1.83344,1.83361,1.00,1.07
2015.04.30 17:36:11.200,1.83338,1.83347,1.85,1.00
2015.04.30 17:36:11.254,1.8334,1.83347,1.00,1.00
2015.04.30 17:36:11.761,1.83339,1.83347,1.00,1.00
2015.04.30 17:36:14.529,1.83337,1.83343,1.00,1.00
2015.04.30 17:36:14.630,1.83334,1.83343,1.20,1.00
2015.04.30 17:36:14.904,1.83334,1.8334,1.00,1.00
2015.04.30 17:36:15.209,1.83332,1.83343,1.20,1.00
2015.04.30 17:36:15.565,1.83335,1.83343,1.10,1.00
2015.04.30 17:36:16.072,1.83334,1.83343,1.10,1.00
2015.04.30 17:36:16.606,1.83333,1.83343,1.00,1.00
2015.04.30 17:36:16.919,1.8333,1.83341,1.12,1.00
2015.04.30 17:36:17.378,1.83329,1.83341,1.00,1.00
2015.04.30 17:36:17.669,1.83327,1.83338,1.00,1.00
2015.04.30 17:36:18.025,1.83325,1.83338,1.00,1.00
2015.04.30 17:36:19.340,1.83322,1.83337,1.57,1.00
2015.04.30 17:36:19.492,1.83321,1.83335,1.50,1.00
2015.04.30 17:36:19.594,1.83321,1.83335,1.00,1.00
2015.04.30 17:36:19.898,1.83321,1.83331,1.00,1.00
2015.04.30 17:36:20.100,1.83321,1.83335,1.00,1.00
2015.04.30 17:36:20.407,1.83319,1.83331,1.20,1.00
2015.04.30 17:36:20.711,1.83322,1.83334,1.00,1.00
2015.04.30 17:36:20.813,1.83322,1.8333,1.00,1.00
2015.04.30 17:36:21.034,1.83318,1.8333,1.00,1.00
2015.04.30 17:36:22.309,1.83318,1.83334,1.10,1.00
2015.04.30 17:36:22.462,1.83319,1.83334,1.20,1.00
2015.04.30 17:36:23.571,1.83319,1.8333,1.20,1.00
2015.04.30 17:36:23.776,1.83317,1.8333,1.00,1.00
2015.04.30 17:36:24.319,1.83318,1.8333,1.00,1.00
2015.04.30 17:36:24.421,1.83318,1.83328,1.00,1.00
2015.04.30 17:36:24.624,1.83314,1.83328,1.57,1.00
2015.04.30 17:36:27.267,1.83312,1.83328,1.12,1.00
2015.04.30 17:36:27.623,1.83313,1.83325,1.75,1.00
2015.04.30 17:36:27.928,1.83309,1.83322,1.00,1.00
2015.04.30 17:36:29.129,1.83309,1.83322,1.37,1.00
2015.04.30 17:36:29.281,1.8331,1.83322,1.47,1.00
2015.04.30 17:36:29.585,1.83314,1.83322,1.00,1.00
2015.04.30 17:36:30.087,1.83309,1.83321,1.12,1.00
2015.04.30 17:36:30.240,1.83312,1.83321,1.00,1.00
2015.04.30 17:36:30.544,1.8331,1.83319,1.00,1.00
2015.04.30 17:36:30.595,1.83306,1.83319,1.72,1.00
2015.04.30 17:36:35.300,1.83309,1.83319,1.00,1.00
2015.04.30 17:36:40.984,1.83309,1.83322,1.10,1.00
2015.04.30 17:36:41.546,1.83312,1.83322,1.00,1.00
2015.04.30 17:36:41.900,1.83308,1.83322,1.65,1.00
2015.04.30 17:36:42.418,1.83308,1.83325,1.72,1.00
2015.04.30 17:36:42.520,1.8331,1.83325,1.12,1.00
2015.04.30 17:36:42.927,1.83312,1.8332,1.27,1.00
2015.04.30 17:36:43.046,1.83315,1.83323,1.10,1.00
2015.04.30 17:36:43.097,1.83311,1.83323,1.12,1.00
2015.04.30 17:36:44.225,1.83311,1.83323,1.27,1.00
2015.04.30 17:36:44.531,1.83314,1.83323,1.00,1.00
2015.04.30 17:36:48.452,1.83314,1.83325,1.00,1.00
2015.04.30 17:36:52.383,1.83314,1.83319,1.00,1.00
2015.04.30 17:36:52.485,1.83308,1.83319,1.50,1.00
2015.04.30 17:36:52.587,1.83305,1.83319,1.12,1.00
2015.04.30 17:36:52.842,1.83306,1.83319,1.65,1.00
2015.04.30 17:36:52.944,1.83309,1.83322,1.10,1.00
2015.04.30 17:36:53.919,1.83306,1.83322,1.20,1.00
2015.04.30 17:36:55.157,1.83305,1.83319,1.87,1.00
2015.04.30 17:36:55.684,1.83308,1.83319,1.00,1.00
2015.04.30 17:36:57.729,1.83307,1.83319,1.00,1.00
2015.04.30 17:36:57.983,1.83304,1.83319,1.50,1.00
2015.04.30 17:36:58.491,1.83308,1.83319,1.00,1.00
2015.04.30 17:37:00.952,1.83305,1.83322,1.65,1.00
2015.04.30 17:37:01.206,1.83308,1.83322,1.12,1.00
2015.04.30 17:37:01.716,1.83308,1.83322,1.00,1.00
2015.04.30 17:37:03.881,1.83311,1.83322,1.00,1.00
2015.04.30 17:37:04.186,1.83307,1.83318,1.00,1.00
2015.04.30 17:37:10.662,1.83307,1.83319,1.00,1.00
2015.04.30 17:37:11.246,1.83309,1.83319,1.00,1.00
2015.04.30 17:37:11.787,1.83308,1.83319,1.00,1.00
2015.04.30 17:37:12.601,1.83308,1.83316,1.00,1.00
2015.04.30 17:37:12.906,1.83308,1.8332,1.20,1.00
2015.04.30 17:37:13.413,1.83308,1.8332,1.00,1.00
2015.04.30 17:37:14.041,1.83304,1.8332,2.02,1.00
2015.04.30 17:37:14.454,1.83308,1.8332,1.12,1.00
2015.04.30 17:37:17.998,1.83307,1.83321,1.57,1.00
2015.04.30 17:37:19.187,1.83307,1.83323,1.95,1.00
2015.04.30 17:37:19.289,1.83311,1.83323,1.10,1.00
2015.04.30 17:37:19.593,1.83311,1.83323,1.87,1.00
2015.04.30 17:37:20.099,1.83314,1.83323,1.00,1.00
2015.04.30 17:37:20.692,1.83314,1.83328,1.12,1.00
2015.04.30 17:37:20.844,1.83317,1.83328,1.00,1.00
2015.04.30 17:37:21.149,1.83311,1.83323,1.25,1.00
2015.04.30 17:37:21.537,1.83311,1.83323,1.10,1.00
2015.04.30 17:37:22.096,1.83314,1.83327,1.12,1.00
2015.04.30 17:37:22.147,1.83314,1.83327,1.95,1.00
2015.04.30 17:37:22.351,1.83314,1.83328,1.50,1.50
2015.04.30 17:37:23.461,1.83316,1.83328,1.00,1.00
2015.04.30 17:37:23.816,1.83316,1.8333,1.72,1.00
2015.04.30 17:37:23.918,1.83319,1.8333,1.10,1.00
2015.04.30 17:37:24.222,1.83322,1.83332,1.50,1.00
2015.04.30 17:37:24.324,1.83322,1.83334,1.12,1.00
2015.04.30 17:37:24.425,1.83322,1.83328,1.10,1.00
2015.04.30 17:37:24.578,1.83319,1.83328,1.20,1.00
2015.04.30 17:37:25.085,1.83317,1.83327,1.20,1.00
2015.04.30 17:37:25.609,1.83316,1.83328,1.12,1.00
2015.04.30 17:37:27.066,1.83316,1.83327,1.20,1.00
2015.04.30 17:37:33.353,1.83316,1.83328,1.12,1.50
2015.04.30 17:37:33.507,1.83313,1.83328,1.20,1.50
2015.04.30 17:37:33.609,1.83313,1.83325,1.20,1.00
2015.04.30 17:37:33.914,1.83319,1.83327,1.07,1.00
2015.04.30 17:37:34.168,1.83317,1.83327,1.00,1.00
2015.04.30 17:37:34.472,1.83317,1.8333,1.00,1.00
2015.04.30 17:37:35.252,1.83316,1.8333,1.10,1.00
2015.04.30 17:37:37.416,1.83316,1.83327,1.10,1.00
2015.04.30 17:37:38.988,1.83317,1.83327,1.00,1.00
2015.04.30 17:37:41.386,1.83317,1.83328,1.00,1.00
2015.04.30 17:37:42.751,1.83315,1.83328,1.20,1.00
2015.04.30 17:37:45.893,1.83315,1.83327,1.20,1.00
2015.04.30 17:37:46.147,1.83309,1.83322,1.12,1.00
2015.04.30 17:37:46.249,1.83308,1.83323,1.30,1.00
2015.04.30 17:37:46.300,1.83308,1.83323,1.65,1.00
2015.04.30 17:37:46.555,1.83308,1.83325,2.62,1.10
2015.04.30 17:37:47.468,1.83314,1.83325,1.00,1.00
2015.04.30 17:37:47.572,1.8331,1.83325,1.27,1.00
2015.04.30 17:37:47.674,1.83315,1.83325,1.00,1.00
2015.04.30 17:37:47.775,1.83311,1.83325,1.10,1.00
2015.04.30 17:37:48.080,1.8331,1.83323,1.10,1.00
2015.04.30 17:37:49.623,1.8331,1.83326,1.00,1.50
2015.04.30 17:37:49.775,1.8331,1.83326,1.87,1.00
2015.04.30 17:37:50.111,1.8331,1.83322,1.87,1.00
2015.04.30 17:37:50.416,1.8331,1.83326,1.87,1.00
2015.04.30 17:37:50.670,1.83311,1.83326,1.12,1.00
2015.04.30 17:37:52.067,1.83312,1.83326,1.10,1.00
2015.04.30 17:37:52.146,1.83312,1.83322,1.10,1.00
2015.04.30 17:37:53.393,1.83314,1.83322,1.00,1.00
2015.04.30 17:37:53.924,1.83314,1.83328,1.10,1.10
2015.04.30 17:37:54.026,1.83314,1.83328,1.15,1.10
2015.04.30 17:37:54.533,1.83313,1.83327,1.57,1.00
2015.04.30 17:37:54.635,1.83313,1.83327,1.15,1.50
2015.04.30 17:37:59.851,1.83313,1.83319,1.00,1.00
2015.04.30 17:37:59.955,1.83312,1.83317,1.00,1.00
2015.04.30 17:38:00.006,1.83308,1.83317,1.00,1.00
2015.04.30 17:38:00.108,1.83304,1.83317,1.07,1.00
2015.04.30 17:38:00.209,1.83303,1.83316,1.00,1.00
2015.04.30 17:38:00.260,1.83301,1.83316,1.65,1.00
2015.04.30 17:38:00.946,1.83301,1.83313,1.00,1.00
2015.04.30 17:38:01.989,1.83298,1.83313,1.12,1.50
2015.04.30 17:38:04.479,1.83299,1.83317,1.07,2.25
2015.04.30 17:38:05.016,1.83299,1.83317,1.15,2.25
2015.04.30 17:38:06.946,1.83302,1.83317,1.00,2.25
2015.04.30 17:38:07.250,1.83298,1.83312,1.27,1.00
2015.04.30 17:38:07.565,1.83301,1.83313,1.00,1.00
2015.04.30 17:38:07.921,1.83299,1.83313,1.10,1.00
2015.04.30 17:38:11.138,1.83299,1.83313,1.27,1.00
2015.04.30 17:38:11.443,1.83299,1.83315,1.35,1.00
2015.04.30 17:38:12.355,1.83299,1.83317,1.15,1.10
2015.04.30 17:38:13.410,1.83299,1.83312,1.15,1.00
2015.04.30 17:38:19.318,1.83299,1.83313,1.15,1.00
2015.04.30 17:38:19.419,1.83299,1.83313,1.00,1.57
2015.04.30 17:38:20.027,1.83296,1.83313,1.20,1.65
2015.04.30 17:38:22.113,1.83296,1.83307,1.20,1.00
2015.04.30 17:38:22.619,1.83295,1.83312,1.15,1.00
2015.04.30 17:38:22.671,1.83295,1.83304,1.07,1.00
2015.04.30 17:38:22.722,1.83294,1.83304,1.00,1.00
2015.04.30 17:38:22.773,1.83294,1.83301,1.00,1.00
2015.04.30 17:38:22.824,1.83285,1.83301,3.75,1.00
2015.04.30 17:38:22.876,1.83284,1.83298,1.10,1.00
2015.04.30 17:38:23.079,1.83284,1.83301,1.10,1.00
2015.04.30 17:38:25.288,1.83288,1.83303,1.12,1.20
2015.04.30 17:38:25.614,1.83296,1.83312,1.15,1.57
2015.04.30 17:38:25.919,1.83296,1.83312,1.10,1.10
2015.04.30 17:38:26.225,1.83296,1.83312,1.17,1.57
2015.04.30 17:38:26.529,1.83296,1.83308,1.17,1.00
2015.04.30 17:38:27.059,1.83296,1.83307,1.17,1.00
2015.04.30 17:38:28.583,1.83296,1.83312,1.17,1.10
2015.04.30 17:38:29.090,1.83298,1.83313,1.10,1.00
2015.04.30 17:38:30.300,1.83298,1.83313,1.07,1.00
2015.04.30 17:38:30.806,1.833,1.83312,1.00,1.00
2015.04.30 17:38:31.883,1.833,1.83313,1.00,1.00
2015.04.30 17:38:33.812,1.83298,1.83313,1.17,1.00
2015.04.30 17:38:34.426,1.83298,1.83313,1.10,1.50
2015.04.30 17:38:34.629,1.83298,1.83307,1.00,1.00
2015.04.30 17:38:34.884,1.83298,1.83313,1.00,1.50
2015.04.30 17:38:46.674,1.83301,1.83313,1.00,1.00
2015.04.30 17:38:49.072,1.83292,1.83303,1.72,1.00
2015.04.30 17:38:50.383,1.83301,1.83307,1.00,1.00
2015.04.30 17:38:50.636,1.83297,1.83307,1.00,1.00
2015.04.30 17:38:50.687,1.83297,1.83302,1.00,1.00
2015.04.30 17:38:50.738,1.83292,1.83302,1.20,1.00
2015.04.30 17:38:51.259,1.83292,1.83302,1.00,1.00
2015.04.30 17:38:51.411,1.8329,1.83302,1.00,1.00
2015.04.30 17:38:51.631,1.83293,1.83302,1.00,1.00
2015.04.30 17:38:54.921,1.8329,1.83302,1.00,1.00
2015.04.30 17:38:55.282,1.83288,1.83302,1.00,1.00
2015.04.30 17:38:56.833,1.83288,1.83298,1.00,1.00
2015.04.30 17:38:56.986,1.83282,1.83295,1.00,1.00
2015.04.30 17:38:57.037,1.83278,1.83295,1.00,1.00
2015.04.30 17:38:57.190,1.83278,1.83293,1.00,1.00
2015.04.30 17:38:57.242,1.83274,1.83291,1.50,1.00
2015.04.30 17:38:57.447,1.83275,1.83293,1.12,1.50
2015.04.30 17:38:57.712,1.83275,1.83293,1.17,1.00
2015.04.30 17:38:57.865,1.83275,1.83294,1.75,1.00
2015.04.30 17:38:57.916,1.83276,1.83296,1.82,1.00
2015.04.30 17:38:58.422,1.83281,1.83297,1.00,1.87
2015.04.30 17:39:01.055,1.83281,1.83292,1.10,1.00
2015.04.30 17:39:04.204,1.83281,1.83297,1.20,1.00
2015.04.30 17:39:05.566,1.83281,1.83293,1.20,1.00
2015.04.30 17:39:06.770,1.83281,1.83297,1.20,1.00
2015.04.30 17:39:08.031,1.83277,1.83295,1.00,1.00
2015.04.30 17:39:08.083,1.83277,1.83293,1.00,1.00
2015.04.30 17:39:08.134,1.83273,1.83292,1.57,1.00
2015.04.30 17:39:08.590,1.83278,1.83293,1.00,1.57
2015.04.30 17:39:08.894,1.83275,1.83293,1.00,2.32
2015.04.30 17:39:08.996,1.83272,1.83291,1.00,1.00
2015.04.30 17:39:09.199,1.83272,1.83288,1.00,1.00
2015.04.30 17:39:09.351,1.8327,1.83288,1.20,1.00
2015.04.30 17:39:09.880,1.83267,1.83286,1.10,1.00
2015.04.30 17:39:10.032,1.83267,1.83282,1.10,1.00
2015.04.30 17:39:10.559,1.83264,1.83283,1.00,1.57
2015.04.30 17:39:10.664,1.83266,1.83283,1.00,1.10
2015.04.30 17:39:11.383,1.83266,1.83282,1.00,1.00
2015.04.30 17:39:12.258,1.83266,1.83281,1.00,1.37
2015.04.30 17:39:12.411,1.83258,1.83273,1.12,1.15
2015.04.30 17:39:12.513,1.83252,1.83272,1.12,1.15
2015.04.30 17:39:12.615,1.83249,1.83268,2.25,1.17
2015.04.30 17:39:13.377,1.8325,1.83268,1.12,1.17
2015.04.30 17:39:13.429,1.83255,1.83273,1.00,1.20
2015.04.30 17:39:13.531,1.83255,1.83272,1.50,1.00
2015.04.30 17:39:13.684,1.83253,1.83272,1.50,1.17
2015.04.30 17:39:13.845,1.83257,1.83276,1.10,2.77
2015.04.30 17:39:13.947,1.83257,1.83276,1.20,1.65
2015.04.30 17:39:14.101,1.83257,1.83276,1.10,1.65
2015.04.30 17:39:14.304,1.83254,1.83273,1.50,1.10
2015.04.30 17:39:14.406,1.83254,1.83273,1.87,1.10
2015.04.30 17:39:14.947,1.83256,1.83273,1.12,1.10
2015.04.30 17:39:15.449,1.83259,1.83276,1.00,1.57
2015.04.30 17:39:18.107,1.83259,1.83272,1.00,1.07
2015.04.30 17:39:18.260,1.83251,1.8327,1.75,1.65
2015.04.30 17:39:18.311,1.83251,1.8327,1.00,2.10
2015.04.30 17:39:18.463,1.83248,1.83269,1.50,1.17
2015.04.30 17:39:18.970,1.83248,1.83269,1.12,1.07
2015.04.30 17:39:19.208,1.83248,1.83269,1.87,1.07
2015.04.30 17:39:19.665,1.83253,1.8327,1.00,1.17
2015.04.30 17:39:20.125,1.83249,1.83267,1.50,1.00
2015.04.30 17:39:20.430,1.83245,1.83267,2.32,1.17
2015.04.30 17:39:20.532,1.83245,1.83267,1.87,1.65
2015.04.30 17:39:20.837,1.83248,1.83268,1.20,2.25
2015.04.30 17:39:21.091,1.83245,1.83267,1.87,1.15
2015.04.30 17:39:22.172,1.83245,1.83267,1.87,1.57
2015.04.30 17:39:22.925,1.83247,1.83267,1.12,2.25
2015.04.30 17:39:23.439,1.83247,1.83266,1.12,1.50
2015.04.30 17:39:25.648,1.83247,1.83261,1.12,1.50
2015.04.30 17:39:25.852,1.83241,1.83257,1.12,1.15
2015.04.30 17:39:25.904,1.83239,1.83259,1.12,1.50
2015.04.30 17:39:25.955,1.83237,1.83259,2.25,1.50
2015.04.30 17:39:26.158,1.8324,1.83261,1.12,2.25
2015.04.30 17:39:26.463,1.83241,1.83261,1.12,1.10
2015.04.30 17:39:27.025,1.83244,1.83264,1.12,1.57
2015.04.30 17:39:27.329,1.83244,1.83257,1.12,1.00
2015.04.30 17:39:27.482,1.83242,1.83257,1.12,1.10
2015.04.30 17:39:27.584,1.83239,1.83257,1.12,1.10
2015.04.30 17:39:27.685,1.83236,1.83259,1.12,1.72
2015.04.30 17:39:28.255,1.83236,1.83254,1.12,1.10
2015.04.30 17:39:28.458,1.8323,1.83252,1.10,1.17
2015.04.30 17:39:28.560,1.8323,1.83252,1.85,1.17
2015.04.30 17:39:28.864,1.8323,1.83248,1.57,1.00
2015.04.30 17:39:29.118,1.83228,1.83248,1.20,1.00
2015.04.30 17:39:29.624,1.83227,1.83247,1.72,1.00
2015.04.30 17:39:30.364,1.83226,1.83247,1.12,1.17
2015.04.30 17:39:30.415,1.83225,1.83246,1.37,1.57
2015.04.30 17:39:30.466,1.83223,1.83246,1.00,2.02
2015.04.30 17:39:30.669,1.83223,1.83246,1.55,1.87
2015.04.30 17:39:31.193,1.83225,1.83246,1.57,1.12
2015.04.30 17:39:31.446,1.83225,1.83247,1.72,1.30
2015.04.30 17:39:31.599,1.83225,1.83247,2.47,1.20
2015.04.30 17:39:32.325,1.83228,1.83249,2.02,1.75
2015.04.30 17:39:32.427,1.83231,1.83252,1.57,1.00
2015.04.30 17:39:32.631,1.83233,1.83252,1.20,1.00
2015.04.30 17:39:33.390,1.83232,1.83253,1.57,1.00
2015.04.30 17:39:33.898,1.83232,1.83252,1.57,1.00
2015.04.30 17:39:34.582,1.83232,1.83253,1.95,1.00
2015.04.30 17:39:34.886,1.83238,1.83253,1.37,1.00
2015.04.30 17:39:34.937,1.83238,1.83258,1.45,1.50
2015.04.30 17:39:34.988,1.83239,1.83259,1.20,1.75
2015.04.30 17:39:35.090,1.8324,1.83262,1.52,1.10
2015.04.30 17:39:35.141,1.8324,1.83262,1.27,1.00
2015.04.30 17:39:35.648,1.83243,1.83263,1.12,1.00
2015.04.30 17:39:36.158,1.83243,1.83262,1.12,1.00
2015.04.30 17:39:36.475,1.83244,1.83267,1.50,2.32
2015.04.30 17:39:37.538,1.83244,1.83257,1.50,1.00
2015.04.30 17:39:37.793,1.83241,1.83257,1.12,1.00
2015.04.30 17:39:37.879,1.83241,1.83257,1.07,1.00
2015.04.30 17:39:38.386,1.83239,1.83258,1.75,1.12
2015.04.30 17:39:38.691,1.83245,1.83262,1.20,1.75
2015.04.30 17:39:38.793,1.83243,1.83262,1.50,1.00
2015.04.30 17:39:38.996,1.83243,1.83262,1.87,1.00
2015.04.30 17:39:39.504,1.83245,1.83263,1.50,1.10
2015.04.30 17:39:41.800,1.83245,1.83259,1.12,1.00
2015.04.30 17:39:42.005,1.83232,1.83254,1.47,2.02
2015.04.30 17:39:42.826,1.83231,1.83254,1.20,2.02
2015.04.30 17:39:42.927,1.83232,1.83254,2.25,1.17
2015.04.30 17:39:43.029,1.83232,1.83254,2.62,1.10
2015.04.30 17:39:43.384,1.83232,1.83252,2.62,1.00
2015.04.30 17:39:43.586,1.83232,1.83254,2.62,1.10
2015.04.30 17:39:43.985,1.83234,1.83254,1.12,1.00
2015.04.30 17:39:44.036,1.83234,1.83254,1.12,1.50
2015.04.30 17:39:45.631,1.83234,1.83254,1.12,1.17
2015.04.30 17:39:45.683,1.83234,1.83254,1.12,1.20
2015.04.30 17:39:46.334,1.83234,1.83254,1.12,1.20
2015.04.30 17:39:48.888,1.83234,1.83252,1.87,1.00
2015.04.30 17:39:49.043,1.8323,1.83248,1.37,1.00
2015.04.30 17:39:49.501,1.83226,1.83248,1.35,1.57
2015.04.30 17:39:49.552,1.83225,1.83248,2.02,2.25
2015.04.30 17:39:50.081,1.83225,1.83248,2.02,2.32
2015.04.30 17:39:51.627,1.83225,1.83248,1.65,2.32
2015.04.30 17:39:52.652,1.83225,1.83243,1.12,1.50
2015.04.30 17:39:52.957,1.8322,1.83237,1.95,1.00
2015.04.30 17:39:53.261,1.83222,1.83237,1.90,1.00
2015.04.30 17:39:54.045,1.83222,1.83237,2.32,1.00
2015.04.30 17:39:54.250,1.83219,1.83237,1.65,1.00
2015.04.30 17:39:54.504,1.83215,1.83237,1.72,2.32
2015.04.30 17:39:54.838,1.83215,1.83232,1.65,1.00
2015.04.30 17:39:56.062,1.83215,1.83232,1.45,1.00
2015.04.30 17:39:56.164,1.83215,1.83232,1.00,1.00
2015.04.30 17:39:56.519,1.83212,1.83231,1.37,1.65
2015.04.30 17:39:56.975,1.83216,1.83232,1.87,1.87
2015.04.30 17:39:57.179,1.83217,1.83237,2.25,1.75
2015.04.30 17:39:57.288,1.8322,1.83238,1.82,1.75
2015.04.30 17:39:57.389,1.83223,1.83238,1.50,1.00
2015.04.30 17:39:57.593,1.83227,1.83242,1.50,1.00
2015.04.30 17:39:57.959,1.83233,1.83242,1.50,1.00
2015.04.30 17:39:58.111,1.83233,1.83248,1.50,1.50
2015.04.30 17:39:58.466,1.83236,1.83248,1.50,1.50
2015.04.30 17:39:58.972,1.83235,1.83248,1.20,1.50
2015.04.30 17:39:59.378,1.83233,1.83248,1.20,1.50
2015.04.30 17:39:59.885,1.83233,1.83243,1.20,1.00
2015.04.30 17:40:00.393,1.83234,1.83242,1.12,1.00
2015.04.30 17:40:00.902,1.83234,1.83242,1.35,1.50
2015.04.30 17:40:01.257,1.83231,1.83242,1.55,1.00
2015.04.30 17:40:01.868,1.83231,1.83242,1.55,1.00
2015.04.30 17:40:02.034,1.83231,1.83242,1.55,1.00
2015.04.30 17:40:02.541,1.83231,1.83243,1.55,1.00
2015.04.30 17:40:03.637,1.83231,1.83242,1.27,1.00
2015.04.30 17:40:03.840,1.83229,1.83237,1.27,1.00
2015.04.30 17:40:04.522,1.83228,1.83242,1.87,1.00
2015.04.30 17:40:06.178,1.83229,1.83243,2.02,1.00
2015.04.30 17:40:06.583,1.83229,1.83238,1.95,1.00
2015.04.30 17:40:06.685,1.83229,1.83238,1.20,1.00
2015.04.30 17:40:07.192,1.83224,1.83237,1.62,1.00
2015.04.30 17:40:07.395,1.83223,1.83237,1.10,1.00
2015.04.30 17:40:07.598,1.8322,1.83232,2.40,1.00
2015.04.30 17:40:08.825,1.8322,1.83228,1.57,1.00
2015.04.30 17:40:08.927,1.8322,1.83227,1.00,1.00
2015.04.30 17:40:09.028,1.83215,1.83227,1.75,1.00
2015.04.30 17:40:09.079,1.83212,1.83227,1.20,1.00
2015.04.30 17:40:09.588,1.83212,1.8323,1.27,1.00
2015.04.30 17:40:09.740,1.83212,1.83232,1.27,1.00
2015.04.30 17:40:10.095,1.83212,1.83227,1.27,1.00
2015.04.30 17:40:10.685,1.83212,1.83232,1.27,1.00
2015.04.30 17:40:11.981,1.83212,1.83232,1.90,1.00
2015.04.30 17:40:12.909,1.83216,1.83232,1.17,1.00
2015.04.30 17:40:13.417,1.83216,1.83233,1.17,1.00
2015.04.30 17:40:13.722,1.83214,1.83223,1.12,1.00
2015.04.30 17:40:13.773,1.83213,1.83223,1.20,1.00
2015.04.30 17:40:13.925,1.83211,1.83223,1.10,1.00
2015.04.30 17:40:14.198,1.83211,1.83222,1.50,1.00
2015.04.30 17:40:14.351,1.83211,1.83222,1.00,1.00
2015.04.30 17:40:14.866,1.8321,1.83223,1.07,1.00
2015.04.30 17:40:15.938,1.8321,1.83223,1.00,1.00
2015.04.30 17:40:16.516,1.83211,1.83223,1.00,1.00
2015.04.30 17:40:17.023,1.8321,1.83223,1.12,1.00
2015.04.30 17:40:17.328,1.83208,1.83223,1.12,1.00
2015.04.30 17:40:17.379,1.83207,1.83217,2.62,1.00
2015.04.30 17:40:17.632,1.83205,1.83218,1.00,1.00
2015.04.30 17:40:17.964,1.83203,1.83212,2.40,1.00
2015.04.30 17:40:18.066,1.83204,1.83217,1.65,1.00
2015.04.30 17:40:18.168,1.83205,1.83223,1.35,1.75
2015.04.30 17:40:18.372,1.83206,1.83222,1.27,1.75
2015.04.30 17:40:18.738,1.83205,1.83222,1.27,1.75
2015.04.30 17:40:19.044,1.83205,1.83222,4.20,1.00
2015.04.30 17:40:19.146,1.83211,1.83228,1.45,1.20
2015.04.30 17:40:19.248,1.83212,1.83228,1.27,1.00
2015.04.30 17:40:19.553,1.83221,1.83233,1.00,1.75
2015.04.30 17:40:19.655,1.83218,1.83233,1.00,1.75
2015.04.30 17:40:20.166,1.83219,1.83233,1.00,1.75
2015.04.30 17:40:20.296,1.83215,1.83233,1.20,1.75
2015.04.30 17:40:20.601,1.83215,1.83233,1.20,1.00
2015.04.30 17:40:20.856,1.83219,1.83233,1.00,1.00
2015.04.30 17:40:21.362,1.83215,1.83233,2.77,1.00
2015.04.30 17:40:21.915,1.83219,1.83233,1.00,1.00
2015.04.30 17:40:23.405,1.83218,1.83232,1.15,1.00
2015.04.30 17:40:25.733,1.83218,1.83233,1.15,1.00
2015.04.30 17:40:26.314,1.8322,1.83233,1.00,1.00
2015.04.30 17:40:27.065,1.8322,1.83232,1.00,1.00
2015.04.30 17:40:27.461,1.83223,1.83233,1.37,1.00
2015.04.30 17:40:27.613,1.83226,1.83237,2.10,1.00
2015.04.30 17:40:27.664,1.83229,1.83237,1.00,1.00
2015.04.30 17:40:27.995,1.83226,1.83237,2.47,1.00
2015.04.30 17:40:28.575,1.83226,1.83238,2.47,1.00
2015.04.30 17:40:30.260,1.83226,1.83237,2.02,1.00
2015.04.30 17:40:32.265,1.83226,1.83237,1.10,1.00
2015.04.30 17:40:32.773,1.83226,1.83238,1.00,1.00
2015.04.30 17:40:32.824,1.83221,1.83238,1.65,1.00
2015.04.30 17:40:33.271,1.83221,1.83237,2.32,1.00
2015.04.30 17:40:37.084,1.83224,1.83233,1.00,1.00
2015.04.30 17:40:37.135,1.83221,1.83233,1.00,1.00
2015.04.30 17:40:37.237,1.83217,1.83233,1.17,1.00
2015.04.30 17:40:37.288,1.83217,1.83233,1.10,1.00
2015.04.30 17:40:37.339,1.83217,1.83236,1.10,1.00
2015.04.30 17:40:38.352,1.83219,1.83237,1.00,1.00
2015.04.30 17:40:38.753,1.83219,1.83238,1.45,1.00
2015.04.30 17:40:39.261,1.83221,1.83238,1.07,1.00
2015.04.30 17:40:39.668,1.83225,1.83238,1.00,1.00
2015.04.30 17:40:40.749,1.83222,1.83238,1.10,1.00
2015.04.30 17:40:40.901,1.83225,1.83237,1.00,1.00
2015.04.30 17:40:41.206,1.83227,1.83237,1.17,1.00
2015.04.30 17:40:41.511,1.83225,1.83242,1.57,1.00
2015.04.30 17:40:41.613,1.83231,1.83242,1.00,1.00
2015.04.30 17:40:42.145,1.83227,1.83242,1.57,1.00
2015.04.30 17:40:44.003,1.83227,1.83242,1.20,1.00
2015.04.30 17:40:44.054,1.8323,1.83242,1.00,1.00
2015.04.30 17:40:45.547,1.8323,1.83242,1.17,1.00
2015.04.30 17:40:46.093,1.8323,1.83243,1.17,1.00
2015.04.30 17:40:46.384,1.8323,1.83247,1.17,1.00
2015.04.30 17:40:46.791,1.83234,1.83247,1.00,1.00
2015.04.30 17:40:47.097,1.83234,1.83253,1.00,1.50
2015.04.30 17:40:47.250,1.83234,1.83253,1.15,1.50
2015.04.30 17:40:47.656,1.83234,1.83247,1.15,1.00
2015.04.30 17:40:48.568,1.83237,1.83247,1.00,1.00
2015.04.30 17:40:49.130,1.83234,1.83247,1.15,1.00
2015.04.30 17:40:52.388,1.83237,1.83247,1.00,1.00
2015.04.30 17:40:52.908,1.83233,1.83247,1.95,1.00
2015.04.30 17:40:53.161,1.83233,1.83253,1.95,1.00
2015.04.30 17:40:56.673,1.83233,1.83253,1.00,1.00
2015.04.30 17:40:57.784,1.83238,1.83253,1.00,1.00
2015.04.30 17:41:00.303,1.83238,1.83252,1.00,1.00
2015.04.30 17:41:00.694,1.83235,1.83252,1.10,1.00
2015.04.30 17:41:07.682,1.83237,1.83252,1.00,1.00
2015.04.30 17:41:08.220,1.83237,1.83252,1.17,1.00
2015.04.30 17:41:19.891,1.83238,1.83253,1.10,1.00
2015.04.30 17:41:27.952,1.83235,1.83253,2.25,1.00
2015.04.30 17:41:29.873,1.83235,1.83252,2.25,1.00
2015.04.30 17:41:30.076,1.83235,1.83252,1.15,1.00
2015.04.30 17:41:30.485,1.83238,1.83253,1.00,1.00
2015.04.30 17:41:33.094,1.83238,1.83252,1.00,1.00
2015.04.30 17:41:34.413,1.83233,1.83252,1.65,1.00
2015.04.30 17:41:34.747,1.83237,1.83252,1.00,1.00
2015.04.30 17:41:47.094,1.83235,1.83252,1.17,1.00
2015.04.30 17:41:48.088,1.83238,1.83252,1.00,1.00
2015.04.30 17:41:50.079,1.83234,1.83252,1.57,1.00
2015.04.30 17:41:55.636,1.83234,1.83253,1.07,1.00
2015.04.30 17:41:56.002,1.83233,1.83252,1.00,1.00
2015.04.30 17:41:57.785,1.83233,1.83252,1.00,1.57
2015.04.30 17:41:58.715,1.83235,1.83253,1.00,1.15
2015.04.30 17:42:00.529,1.83235,1.83252,1.00,1.00
2015.04.30 17:42:01.042,1.83234,1.83252,1.50,1.00
2015.04.30 17:42:02.323,1.83234,1.83253,1.50,1.00
2015.04.30 17:42:02.678,1.83234,1.83256,1.50,1.17
2015.04.30 17:42:03.257,1.83235,1.83255,1.00,1.10
2015.04.30 17:42:03.674,1.83238,1.83258,1.00,1.65
2015.04.30 17:42:03.776,1.83234,1.83256,1.57,1.17
2015.04.30 17:42:04.120,1.83237,1.83258,1.00,1.65
2015.04.30 17:42:05.751,1.83237,1.83258,1.00,1.10
2015.04.30 17:42:07.325,1.83237,1.83258,1.07,1.10
2015.04.30 17:42:07.966,1.83237,1.83258,1.00,1.07
2015.04.30 17:42:09.406,1.83234,1.83254,2.02,1.00
2015.04.30 17:42:11.398,1.83238,1.83257,1.00,1.10
2015.04.30 17:42:12.843,1.83235,1.83255,1.07,1.00
2015.04.30 17:42:13.361,1.83237,1.83259,1.00,1.17
2015.04.30 17:42:13.564,1.83234,1.83255,1.65,1.00
2015.04.30 17:42:13.896,1.83238,1.83257,1.00,1.10
2015.04.30 17:42:19.843,1.83233,1.83255,1.95,1.00
2015.04.30 17:42:22.025,1.83233,1.83255,1.95,1.00
2015.04.30 17:42:22.382,1.83233,1.83255,1.27,1.57
2015.04.30 17:42:22.484,1.83233,1.83255,1.12,1.65
2015.04.30 17:42:23.023,1.83236,1.83255,1.00,1.17
2015.04.30 17:42:23.278,1.83234,1.83253,1.00,1.10
2015.04.30 17:42:23.482,1.83236,1.83255,1.00,1.17
2015.04.30 17:42:25.479,1.83236,1.83255,1.00,1.00
2015.04.30 17:42:26.332,1.83233,1.83254,1.95,1.00
2015.04.30 17:42:26.585,1.83239,1.83258,1.00,1.50
2015.04.30 17:42:31.530,1.83243,1.83258,1.00,1.00
2015.04.30 17:42:34.918,1.83239,1.83258,1.00,1.00
2015.04.30 17:42:35.385,1.83241,1.83258,1.00,1.00
2015.04.30 17:42:39.255,1.83241,1.83251,1.00,1.00
2015.04.30 17:42:39.306,1.83236,1.83251,1.00,1.20
2015.04.30 17:42:39.357,1.83236,1.83247,1.00,1.00
2015.04.30 17:42:39.460,1.83231,1.83245,1.00,1.10
2015.04.30 17:42:39.562,1.83224,1.83245,1.10,1.57
2015.04.30 17:42:39.614,1.83224,1.83245,1.00,2.02
2015.04.30 17:42:39.665,1.83222,1.83243,1.00,1.10
2015.04.30 17:42:40.171,1.83222,1.83242,1.00,1.10
2015.04.30 17:42:40.453,1.8322,1.83239,1.10,1.00
2015.04.30 17:42:40.770,1.83223,1.83242,1.00,2.40
2015.04.30 17:42:41.780,1.83223,1.83238,1.00,1.00
2015.04.30 17:42:45.386,1.83219,1.83238,1.00,1.10
2015.04.30 17:42:46.597,1.83217,1.83236,1.10,1.50
2015.04.30 17:42:47.554,1.83219,1.83236,1.00,1.00
2015.04.30 17:42:47.605,1.83219,1.83238,1.07,1.00
2015.04.30 17:42:48.112,1.83218,1.83237,2.25,1.00
2015.04.30 17:42:50.901,1.83221,1.83238,1.20,1.00
2015.04.30 17:42:51.410,1.83222,1.83238,1.00,1.00
2015.04.30 17:42:52.026,1.8322,1.83238,1.15,1.00
2015.04.30 17:42:57.114,1.8322,1.83239,1.15,1.00
2015.04.30 17:42:57.647,1.83217,1.83239,3.45,1.50
2015.04.30 17:42:58.839,1.83217,1.83239,1.45,1.57
2015.04.30 17:42:58.890,1.83217,1.83236,1.45,1.00
2015.04.30 17:42:59.201,1.83214,1.83225,1.82,1.00
2015.04.30 17:42:59.252,1.83211,1.83225,1.20,1.00
2015.04.30 17:42:59.354,1.83206,1.83225,1.00,1.00
2015.04.30 17:42:59.873,1.83205,1.83224,1.20,1.00
2015.04.30 17:43:00.177,1.83207,1.83227,1.37,1.10
2015.04.30 17:43:00.482,1.83214,1.83232,1.10,1.85
2015.04.30 17:43:00.533,1.83214,1.83233,1.10,1.00
2015.04.30 17:43:00.939,1.83214,1.83233,1.65,1.00
2015.04.30 17:43:01.093,1.83217,1.83236,1.12,1.00
2015.04.30 17:43:01.144,1.83217,1.83236,1.27,1.00
2015.04.30 17:43:01.465,1.83217,1.83236,2.25,1.00
2015.04.30 17:43:01.975,1.83219,1.83237,1.15,1.00
2015.04.30 17:43:02.541,1.83219,1.83238,1.15,1.00
2015.04.30 17:43:03.291,1.83219,1.83237,1.15,1.00
2015.04.30 17:43:05.710,1.83219,1.83238,1.15,1.00
2015.04.30 17:43:06.015,1.83224,1.83242,1.45,1.10
2015.04.30 17:43:06.168,1.83228,1.83248,1.20,1.50
2015.04.30 17:43:06.270,1.83228,1.83247,1.95,1.00
2015.04.30 17:43:06.575,1.83229,1.83249,2.62,1.00
2015.04.30 17:43:06.943,1.83232,1.83251,1.17,1.00
2015.04.30 17:43:07.523,1.83232,1.83251,2.32,1.00
2015.04.30 17:43:07.726,1.83235,1.83253,1.10,1.00
2015.04.30 17:43:08.906,1.83234,1.83247,1.17,1.00
2015.04.30 17:43:09.908,1.83234,1.83252,1.17,1.00
2015.04.30 17:43:14.077,1.83234,1.83253,1.17,1.00
2015.04.30 17:43:14.179,1.83234,1.83253,1.95,1.00
2015.04.30 17:43:14.483,1.83234,1.83253,1.17,1.50
2015.04.30 17:43:15.032,1.83234,1.83252,1.17,1.00
2015.04.30 17:43:15.762,1.83234,1.83252,1.00,1.00
2015.04.30 17:43:16.300,1.83234,1.83253,1.00,1.50
2015.04.30 17:43:19.071,1.83234,1.83253,2.02,1.00
2015.04.30 17:43:21.703,1.83237,1.83257,1.45,1.50
2015.04.30 17:43:22.008,1.83237,1.83257,1.00,1.57
2015.04.30 17:43:22.312,1.83234,1.83253,1.37,1.10
2015.04.30 17:43:22.622,1.83234,1.83253,1.37,1.10
2015.04.30 17:43:22.878,1.83234,1.83253,1.57,1.00
2015.04.30 17:43:23.183,1.83235,1.83254,1.45,1.00
2015.04.30 17:43:23.444,1.83234,1.83254,1.10,1.12
2015.04.30 17:43:23.952,1.83234,1.83254,1.10,1.00
2015.04.30 17:43:24.402,1.83234,1.83254,1.07,1.00
2015.04.30 17:43:24.903,1.83236,1.83258,1.20,1.00
2015.04.30 17:43:26.109,1.83236,1.83258,1.10,1.75
2015.04.30 17:43:26.262,1.83233,1.83252,1.20,1.20
2015.04.30 17:43:26.364,1.83229,1.8325,1.30,1.00
2015.04.30 17:43:26.415,1.83231,1.8325,1.37,1.00
2015.04.30 17:43:26.669,1.83232,1.83252,2.40,1.00
2015.04.30 17:43:26.923,1.83234,1.83255,1.07,1.10
2015.04.30 17:43:27.454,1.83237,1.83256,1.00,1.00
2015.04.30 17:43:28.616,1.83237,1.83256,1.37,1.00
2015.04.30 17:43:29.226,1.83238,1.83256,1.12,1.00
2015.04.30 17:43:29.430,1.83241,1.8326,1.10,1.00
2015.04.30 17:43:30.212,1.83237,1.83258,1.25,1.00
2015.04.30 17:43:30.725,1.83237,1.83258,2.32,1.00
2015.04.30 17:43:31.233,1.8324,1.83258,1.07,1.00
2015.04.30 17:43:31.829,1.83241,1.83262,1.27,1.28
2015.04.30 17:43:32.083,1.83241,1.83262,1.65,1.56
2015.04.30 17:43:32.387,1.8325,1.83271,1.10,1.10
2015.04.30 17:43:32.641,1.83253,1.83272,1.00,1.65
2015.04.30 17:43:33.047,1.8325,1.83268,1.00,1.87
2015.04.30 17:43:33.302,1.83242,1.83261,1.00,2.25
2015.04.30 17:43:33.703,1.83239,1.83257,1.00,1.00
2015.04.30 17:43:33.754,1.83238,1.83257,1.00,1.07
2015.04.30 17:43:34.285,1.83238,1.83253,1.00,1.00
2015.04.30 17:43:35.962,1.83238,1.83252,1.00,1.00
2015.04.30 17:43:37.046,1.83238,1.83253,1.00,1.00
2015.04.30 17:43:37.698,1.83238,1.83252,1.00,1.00
2015.04.30 17:43:38.655,1.83241,1.83252,1.00,1.00
2015.04.30 17:43:39.015,1.83239,1.83252,1.00,1.00
2015.04.30 17:43:39.369,1.83239,1.83257,1.20,1.00
2015.04.30 17:43:39.933,1.83242,1.83258,1.00,1.07
2015.04.30 17:43:40.143,1.83242,1.83262,1.37,1.10
2015.04.30 17:43:40.245,1.83248,1.83262,1.00,1.10
2015.04.30 17:43:40.765,1.83248,1.83263,1.00,1.00
2015.04.30 17:43:41.288,1.83248,1.83266,1.00,1.00
2015.04.30 17:43:42.101,1.83248,1.83269,1.50,1.10
2015.04.30 17:43:42.851,1.83248,1.83268,2.32,1.00
2015.04.30 17:43:43.372,1.83248,1.83267,1.57,1.00
2015.04.30 17:43:43.923,1.83248,1.83267,1.50,1.07
2015.04.30 17:43:45.180,1.83248,1.83267,1.00,1.57
2015.04.30 17:43:45.282,1.83245,1.83266,1.50,1.17
2015.04.30 17:43:46.078,1.83245,1.83266,1.50,2.25
2015.04.30 17:43:46.180,1.83245,1.83261,1.00,1.50
2015.04.30 17:43:46.383,1.8324,1.83257,1.50,1.10
2015.04.30 17:43:46.485,1.8324,1.83259,1.50,1.50
2015.04.30 17:43:47.000,1.83239,1.83258,1.00,1.57
2015.04.30 17:43:47.052,1.83236,1.83255,1.87,1.10
2015.04.30 17:43:47.153,1.8324,1.83259,1.00,2.25
2015.04.30 17:43:47.204,1.8324,1.83259,1.00,1.15
2015.04.30 17:43:47.407,1.8324,1.83259,1.00,1.10
2015.04.30 17:43:47.561,1.83242,1.83262,1.00,1.57
2015.04.30 17:43:49.096,1.83239,1.8326,1.00,1.17
2015.04.30 17:43:50.425,1.83243,1.83262,1.00,1.57
2015.04.30 17:43:52.215,1.83243,1.83259,1.00,1.20
2015.04.30 17:43:52.317,1.83237,1.83253,1.12,1.07
2015.04.30 17:43:52.574,1.83232,1.83253,1.00,1.57
2015.04.30 17:43:52.833,1.83235,1.83253,1.00,1.07
2015.04.30 17:43:53.330,1.83235,1.83253,1.00,1.57
2015.04.30 17:43:54.717,1.83231,1.8325,1.50,1.10
2015.04.30 17:43:54.829,1.83231,1.83247,1.50,1.00
2015.04.30 17:43:55.136,1.83234,1.83252,1.00,1.15
2015.04.30 17:43:55.288,1.8323,1.83251,1.00,1.55
2015.04.30 17:43:55.339,1.8323,1.83249,1.00,1.87
2015.04.30 17:43:55.390,1.83228,1.83247,1.00,1.15
2015.04.30 17:43:55.441,1.83228,1.83246,1.00,1.07
2015.04.30 17:43:55.622,1.83225,1.83246,1.00,1.95
2015.04.30 17:43:55.724,1.83223,1.83242,1.00,1.00
2015.04.30 17:43:55.926,1.83226,1.83245,1.00,1.52
2015.04.30 17:43:56.334,1.83226,1.83244,1.00,1.45
2015.04.30 17:43:58.244,1.83223,1.83244,1.00,1.57
2015.04.30 17:43:58.550,1.83223,1.83244,1.00,1.15
2015.04.30 17:43:58.773,1.83228,1.83247,1.00,3.00
2015.04.30 17:44:00.687,1.83225,1.83245,1.00,1.15
2015.04.30 17:44:01.135,1.83225,1.83244,1.00,1.07
2015.04.30 17:44:01.750,1.83228,1.83245,1.00,1.50
2015.04.30 17:44:01.852,1.83223,1.83244,1.00,1.57
2015.04.30 17:44:02.378,1.83224,1.83245,1.00,2.25
2015.04.30 17:44:02.894,1.83225,1.83245,1.00,2.25
2015.04.30 17:44:04.197,1.83227,1.83245,1.00,1.50
2015.04.30 17:44:04.349,1.83227,1.83247,1.00,1.57
2015.04.30 17:44:05.151,1.83226,1.83244,1.10,1.10
2015.04.30 17:44:05.508,1.83227,1.83246,1.00,1.10
2015.04.30 17:44:05.819,1.8323,1.8325,1.00,1.87
2015.04.30 17:44:06.072,1.83227,1.83248,1.00,1.15
2015.04.30 17:44:06.718,1.83229,1.83248,1.00,1.15
2015.04.30 17:44:07.827,1.83231,1.8325,1.00,2.25
2015.04.30 17:44:07.929,1.83229,1.83248,1.00,1.15
2015.04.30 17:44:08.351,1.83231,1.8325,1.00,2.25
2015.04.30 17:44:13.774,1.83231,1.8325,1.00,1.57
2015.04.30 17:44:14.079,1.83229,1.83248,1.50,1.10
2015.04.30 17:44:17.138,1.83233,1.83248,1.00,1.00
2015.04.30 17:44:17.290,1.83233,1.83252,1.00,1.17
2015.04.30 17:44:17.392,1.83233,1.83252,1.00,1.85
2015.04.30 17:44:17.596,1.83229,1.83248,1.50,3.00
2015.04.30 17:44:17.820,1.83229,1.83242,1.50,1.00
2015.04.30 17:44:18.125,1.83229,1.83245,1.00,1.17
2015.04.30 17:44:18.430,1.83229,1.83247,1.00,1.57
2015.04.30 17:44:18.950,1.83229,1.83246,1.00,1.00
2015.04.30 17:44:19.369,1.83226,1.83243,1.00,1.00
2015.04.30 17:44:19.720,1.83226,1.83247,1.50,1.20
2015.04.30 17:44:20.229,1.83226,1.83244,1.00,1.00
2015.04.30 17:44:20.737,1.83227,1.83243,1.00,1.12
2015.04.30 17:44:20.788,1.83226,1.83241,1.00,1.00
2015.04.30 17:44:20.840,1.83222,1.83241,1.10,1.37
2015.04.30 17:44:20.891,1.8322,1.83238,1.95,1.75
2015.04.30 17:44:20.993,1.8322,1.83237,1.00,1.20
2015.04.30 17:44:21.045,1.83217,1.83236,1.00,1.27
2015.04.30 17:44:21.147,1.83215,1.83233,1.00,1.00
2015.04.30 17:44:21.198,1.83215,1.83233,1.00,1.07
2015.04.30 17:44:21.735,1.83215,1.83234,1.00,2.62
2015.04.30 17:44:21.989,1.83212,1.83231,1.00,1.27
2015.04.30 17:44:22.040,1.83212,1.83231,1.00,2.62
2015.04.30 17:44:22.699,1.83208,1.83227,1.00,1.10
2015.04.30 17:44:22.750,1.83208,1.83227,1.00,1.57
2015.04.30 17:44:22.851,1.83208,1.83227,1.00,1.07
2015.04.30 17:44:22.902,1.83208,1.83227,1.00,1.50
2015.04.30 17:44:23.206,1.83206,1.83225,1.00,1.57
2015.04.30 17:44:23.516,1.8321,1.83227,1.00,1.50
2015.04.30 17:44:24.906,1.8321,1.83228,1.00,1.50
2015.04.30 17:44:25.422,1.8321,1.83229,1.00,2.62
2015.04.30 17:44:26.952,1.83206,1.83227,1.00,1.50
2015.04.30 17:44:27.156,1.83207,1.83227,1.17,1.00
2015.04.30 17:44:27.410,1.83209,1.8323,1.00,1.00
2015.04.30 17:44:27.613,1.83212,1.83233,1.00,2.02
2015.04.30 17:44:31.842,1.83212,1.83233,1.00,2.02
2015.04.30 17:44:32.750,1.83212,1.83233,1.00,2.70
2015.04.30 17:44:32.801,1.8321,1.83229,1.00,1.00
2015.04.30 17:44:32.903,1.8321,1.83227,1.00,1.00
2015.04.30 17:44:33.208,1.83212,1.83227,1.00,1.00
2015.04.30 17:44:33.899,1.83212,1.83228,1.00,1.00
2015.04.30 17:44:35.184,1.83209,1.83228,1.00,1.00
2015.04.30 17:44:35.292,1.83208,1.83226,1.00,1.00
2015.04.30 17:44:35.596,1.83211,1.83228,1.00,1.00
2015.04.30 17:44:36.817,1.83211,1.83222,1.00,1.00
2015.04.30 17:44:37.871,1.83207,1.83222,1.00,1.00
2015.04.30 17:44:39.046,1.83207,1.83227,1.00,1.00
2015.04.30 17:44:39.369,1.83204,1.83223,2.32,1.00
2015.04.30 17:44:39.725,1.83207,1.83226,1.10,1.00
2015.04.30 17:44:40.688,1.83207,1.83222,1.00,1.00
2015.04.30 17:44:41.375,1.83204,1.83222,1.00,1.00
2015.04.30 17:44:42.037,1.83204,1.83224,1.00,1.00
2015.04.30 17:44:42.228,1.83204,1.83222,1.00,1.00
2015.04.30 17:44:42.588,1.83204,1.83224,1.00,1.00
2015.04.30 17:44:42.892,1.83204,1.83222,1.00,1.00
2015.04.30 17:44:43.348,1.83208,1.83222,1.00,1.00
2015.04.30 17:44:43.450,1.83206,1.83222,1.00,1.00
2015.04.30 17:44:44.456,1.83206,1.83225,1.00,1.00
2015.04.30 17:44:44.659,1.83206,1.83222,1.00,1.00
2015.04.30 17:44:46.007,1.83206,1.83222,1.00,1.75
2015.04.30 17:44:46.109,1.83202,1.83216,1.00,1.07
2015.04.30 17:44:46.273,1.83198,1.83215,1.00,1.17
2015.04.30 17:44:46.327,1.83196,1.83215,1.00,1.17
2015.04.30 17:44:46.538,1.83199,1.83216,1.00,1.15
2015.04.30 17:44:46.880,1.83199,1.83212,1.00,1.00
2015.04.30 17:44:46.982,1.83202,1.83219,1.00,1.27
2015.04.30 17:44:47.236,1.83202,1.83221,1.10,1.00
2015.04.30 17:44:50.604,1.83207,1.83223,1.00,1.00
2015.04.30 17:44:50.807,1.83203,1.83223,1.00,1.00
2015.04.30 17:44:51.472,1.83205,1.83223,1.00,1.00
2015.04.30 17:44:52.466,1.83205,1.83223,1.00,1.17
2015.04.30 17:44:52.806,1.83208,1.83223,1.00,1.17
2015.04.30 17:44:53.063,1.83205,1.83223,1.00,1.00
2015.04.30 17:44:53.674,1.83202,1.83222,1.57,1.00
2015.04.30 17:44:54.148,1.83207,1.83222,1.00,1.00
2015.04.30 17:44:54.655,1.83207,1.83222,1.07,1.00
2015.04.30 17:44:55.853,1.83207,1.83227,1.07,1.00
2015.04.30 17:45:00.209,1.83209,1.83227,1.00,1.00
2015.04.30 17:45:00.969,1.83212,1.83227,1.00,1.00
2015.04.30 17:45:01.933,1.83208,1.83227,1.00,1.12
2015.04.30 17:45:02.036,1.83205,1.83226,1.10,1.10
2015.04.30 17:45:02.394,1.83205,1.83226,2.25,1.00
2015.04.30 17:45:02.495,1.8321,1.83229,1.00,1.00
2015.04.30 17:45:03.148,1.8321,1.83227,1.00,1.00
2015.04.30 17:45:03.784,1.83211,1.83227,1.10,1.00
2015.04.30 17:45:04.047,1.83216,1.83233,1.00,1.10
2015.04.30 17:45:04.200,1.83219,1.83233,1.00,1.00
2015.04.30 17:45:04.251,1.83219,1.83236,1.10,1.00
2015.04.30 17:45:04.354,1.83219,1.83238,1.50,1.00
2015.04.30 17:45:04.784,1.83222,1.83238,1.00,1.00
2015.04.30 17:45:07.965,1.83222,1.83238,1.00,1.27
2015.04.30 17:45:15.516,1.83222,1.83238,1.00,1.00
2015.04.30 17:45:15.567,1.83222,1.83241,1.00,1.25
2015.04.30 17:45:15.669,1.83222,1.83238,1.50,1.00
2015.04.30 17:45:15.973,1.83225,1.83241,1.00,1.27
2015.04.30 17:45:16.480,1.83226,1.83242,1.50,2.40
2015.04.30 17:45:18.497,1.83226,1.83242,1.50,1.35
2015.04.30 17:45:19.200,1.83226,1.83242,1.00,2.02
2015.04.30 17:45:19.704,1.83226,1.83239,1.00,1.07
2015.04.30 17:45:20.208,1.83225,1.83239,1.00,1.57
2015.04.30 17:45:20.857,1.83226,1.83239,1.00,1.07
2015.04.30 17:45:21.709,1.83225,1.83238,1.00,1.10
2015.04.30 17:45:21.861,1.83223,1.83238,1.00,1.20
2015.04.30 17:45:22.417,1.83224,1.83238,1.00,2.25
2015.04.30 17:45:25.023,1.83228,1.83238,1.75,1.42
2015.04.30 17:45:25.226,1.83241,1.83253,1.37,1.00
2015.04.30 17:45:25.380,1.83245,1.83257,1.00,1.00
2015.04.30 17:45:25.483,1.83246,1.83262,1.10,1.00
2015.04.30 17:45:25.534,1.83243,1.83262,1.50,1.00
2015.04.30 17:45:25.585,1.83246,1.83262,1.00,1.00
2015.04.30 17:45:25.687,1.83242,1.83263,1.00,1.57
2015.04.30 17:45:25.789,1.83242,1.83262,1.00,2.02
2015.04.30 17:45:25.942,1.8324,1.83259,1.00,1.15
2015.04.30 17:45:26.095,1.8324,1.83259,1.00,1.57
2015.04.30 17:45:26.248,1.83237,1.83258,1.00,1.25
2015.04.30 17:45:26.603,1.83237,1.83256,1.50,1.85
2015.04.30 17:45:26.705,1.83233,1.83252,1.00,2.25
2015.04.30 17:45:26.807,1.8323,1.83249,1.00,1.20
2015.04.30 17:45:27.140,1.83232,1.83248,1.00,1.00
2015.04.30 17:45:27.445,1.83232,1.83247,1.00,1.17
2015.04.30 17:45:28.535,1.83231,1.83249,1.50,1.95
2015.04.30 17:45:29.044,1.83232,1.83249,1.00,1.95
2015.04.30 17:45:29.754,1.83232,1.83249,1.00,1.20
2015.04.30 17:45:30.261,1.83231,1.83249,1.00,1.00
2015.04.30 17:45:30.413,1.83237,1.83249,1.00,1.00
2015.04.30 17:45:31.005,1.83237,1.83252,1.00,2.47
2015.04.30 17:45:31.311,1.83236,1.83249,1.00,1.17
2015.04.30 17:45:31.463,1.83227,1.83247,1.00,1.27
2015.04.30 17:45:31.769,1.83226,1.83241,1.00,1.00
2015.04.30 17:45:32.301,1.83227,1.83241,1.00,1.10
2015.04.30 17:45:32.963,1.83232,1.83242,1.00,1.20
2015.04.30 17:45:33.219,1.8324,1.83258,1.17,1.00
2015.04.30 17:45:33.734,1.83243,1.83258,1.20,1.00
2015.04.30 17:45:33.788,1.83243,1.83262,1.65,1.00
2015.04.30 17:45:33.917,1.83243,1.83257,1.65,1.00
2015.04.30 17:45:34.045,1.83243,1.83262,1.65,1.50
2015.04.30 17:45:35.174,1.83243,1.8326,1.57,1.12
2015.04.30 17:45:35.328,1.83236,1.83254,1.17,1.00
2015.04.30 17:45:35.431,1.83241,1.83254,1.00,1.00
2015.04.30 17:45:35.634,1.83239,1.83253,1.00,1.00
2015.04.30 17:45:35.687,1.83239,1.83256,1.00,1.20
2015.04.30 17:45:35.738,1.83237,1.83256,1.50,1.12
2015.04.30 17:45:35.942,1.83242,1.83256,1.00,1.00
2015.04.30 17:45:37.037,1.83241,1.83256,1.00,1.00
2015.04.30 17:45:37.341,1.83241,1.83256,1.37,1.00
2015.04.30 17:45:37.493,1.83248,1.83262,1.00,1.57
2015.04.30 17:45:37.646,1.83252,1.83264,1.00,1.00
2015.04.30 17:45:37.697,1.83252,1.83267,1.00,1.30
2015.04.30 17:45:37.951,1.83257,1.83267,1.00,1.30
2015.04.30 17:45:38.255,1.83261,1.83267,1.00,1.00
2015.04.30 17:45:38.883,1.83262,1.83267,1.00,1.00
2015.04.30 17:45:39.410,1.83262,1.83272,1.00,2.10
2015.04.30 17:45:39.945,1.83261,1.83272,1.00,2.10
2015.04.30 17:45:40.488,1.83261,1.83272,1.00,1.50
2015.04.30 17:45:40.590,1.83259,1.83272,1.00,1.50
2015.04.30 17:45:41.106,1.83258,1.83272,1.00,1.50
2015.04.30 17:45:41.665,1.83259,1.83272,1.00,1.00
2015.04.30 17:45:42.382,1.83258,1.83272,1.00,1.00
2015.04.30 17:45:42.895,1.83259,1.83272,1.00,1.10
2015.04.30 17:45:43.165,1.83261,1.83276,1.50,2.70
2015.04.30 17:45:43.368,1.83257,1.83276,1.50,2.62
2015.04.30 17:45:43.905,1.83258,1.83276,1.00,2.25
2015.04.30 17:45:44.508,1.83258,1.83276,1.00,1.57
2015.04.30 17:45:45.023,1.83258,1.83276,1.00,1.15
2015.04.30 17:45:45.568,1.83257,1.83276,1.50,1.15
2015.04.30 17:45:46.072,1.83256,1.83276,1.50,1.15
2015.04.30 17:45:46.601,1.83257,1.83276,1.00,1.15
2015.04.30 17:45:46.911,1.83257,1.83275,1.00,1.07
2015.04.30 17:45:47.569,1.83256,1.83276,1.50,2.62
2015.04.30 17:45:48.171,1.83257,1.83276,1.00,2.62
2015.04.30 17:45:48.782,1.83256,1.83273,1.50,1.17
2015.04.30 17:45:49.476,1.83257,1.83276,1.00,2.25
2015.04.30 17:45:50.135,1.83257,1.83272,1.00,1.57
2015.04.30 17:45:50.780,1.83256,1.83271,1.00,1.17
2015.04.30 17:45:51.510,1.83257,1.83271,1.00,1.17
2015.04.30 17:45:52.325,1.83256,1.83271,1.00,1.17
2015.04.30 17:45:52.637,1.83257,1.83267,1.00,1.00
2015.04.30 17:45:53.242,1.83256,1.83267,1.00,1.00
2015.04.30 17:45:53.940,1.83256,1.83271,1.00,1.17
2015.04.30 17:45:54.042,1.83257,1.83271,1.00,1.10
2015.04.30 17:45:54.853,1.83257,1.83268,1.00,1.00
2015.04.30 17:45:55.077,1.83257,1.83272,1.00,1.07
2015.04.30 17:45:55.433,1.83252,1.83271,1.50,1.15
2015.04.30 17:45:55.637,1.83255,1.83272,1.00,1.15
2015.04.30 17:45:55.948,1.83252,1.83271,1.50,1.15
2015.04.30 17:45:56.503,1.83252,1.83268,1.50,1.00
2015.04.30 17:45:56.849,1.83253,1.83271,1.00,1.15
2015.04.30 17:45:57.150,1.83253,1.83267,1.00,1.00
2015.04.30 17:45:57.350,1.83252,1.83271,2.25,1.15
2015.04.30 17:45:57.823,1.83252,1.83267,2.25,1.00
2015.04.30 17:45:58.330,1.83253,1.83267,1.00,1.00
2015.04.30 17:45:58.837,1.83252,1.83267,1.00,1.00
2015.04.30 17:45:59.908,1.83251,1.83267,1.50,1.00
2015.04.30 17:46:00.491,1.83252,1.83267,1.50,1.00
2015.04.30 17:46:01.884,1.83253,1.83267,1.00,1.00
2015.04.30 17:46:02.325,1.83253,1.8327,1.00,1.30
2015.04.30 17:46:02.427,1.83257,1.8327,1.00,1.30
2015.04.30 17:46:02.636,1.83254,1.8327,1.00,1.30
2015.04.30 17:46:02.890,1.83252,1.8327,1.50,1.30
2015.04.30 17:46:02.941,1.83257,1.8327,1.00,1.30
2015.04.30 17:46:03.777,1.83256,1.8327,1.00,1.30
2015.04.30 17:46:03.980,1.83252,1.8327,1.50,1.30
2015.04.30 17:46:04.132,1.83256,1.8327,1.00,1.30
2015.04.30 17:46:04.437,1.83255,1.83268,1.00,1.00
2015.04.30 17:46:04.488,1.83252,1.83268,1.00,1.00
2015.04.30 17:46:04.641,1.83257,1.8327,1.00,1.20
2015.04.30 17:46:05.373,1.83256,1.8327,1.00,1.20
2015.04.30 17:46:05.933,1.83257,1.83272,1.00,1.15
2015.04.30 17:46:06.571,1.83256,1.83272,1.00,1.15
2015.04.30 17:46:07.540,1.83257,1.83272,1.00,1.15
2015.04.30 17:46:07.844,1.83257,1.83267,1.00,1.00
2015.04.30 17:46:07.946,1.83254,1.83267,1.00,1.00
2015.04.30 17:46:07.997,1.83252,1.83267,2.25,1.00
2015.04.30 17:46:08.545,1.83253,1.83267,1.00,1.00
2015.04.30 17:46:09.204,1.83252,1.83267,2.25,1.00
2015.04.30 17:46:09.559,1.83252,1.83271,2.25,1.12
2015.04.30 17:46:09.661,1.83256,1.83271,1.00,1.12
2015.04.30 17:46:09.965,1.8326,1.83272,1.00,1.00
2015.04.30 17:46:10.502,1.83259,1.83272,1.00,1.00
2015.04.30 17:46:10.907,1.8326,1.83276,1.00,1.27
2015.04.30 17:46:11.059,1.83262,1.83276,1.00,1.10
2015.04.30 17:46:11.566,1.83261,1.83276,1.50,1.10
2015.04.30 17:46:12.136,1.83262,1.83276,1.00,1.10
2015.04.30 17:46:12.458,1.83262,1.83273,1.00,1.00
2015.04.30 17:46:12.559,1.83262,1.83276,1.00,1.10
2015.04.30 17:46:13.102,1.83261,1.83276,1.50,1.10
2015.04.30 17:46:13.614,1.83262,1.83276,1.00,1.00
2015.04.30 17:46:14.122,1.83261,1.83276,1.50,1.00
2015.04.30 17:46:14.610,1.83259,1.83276,1.10,1.00
2015.04.30 17:46:14.661,1.8326,1.8328,1.00,1.07
2015.04.30 17:46:14.712,1.83262,1.83281,1.00,1.45
2015.04.30 17:46:15.016,1.83261,1.83278,1.00,1.00
2015.04.30 17:46:15.224,1.83262,1.83282,1.00,3.30
2015.04.30 17:46:16.023,1.83261,1.83282,2.25,2.92
2015.04.30 17:46:16.575,1.83262,1.83282,1.00,2.92
2015.04.30 17:46:17.050,1.83262,1.83282,1.57,1.65
2015.04.30 17:46:17.304,1.83262,1.83282,1.00,1.55
2015.04.30 17:46:17.608,1.83262,1.83278,1.00,1.00
2015.04.30 17:46:17.937,1.83264,1.83283,1.00,4.27
2015.04.30 17:46:18.242,1.83262,1.83276,1.00,1.00
2015.04.30 17:46:18.547,1.83267,1.83278,1.00,1.00
2015.04.30 17:46:19.104,1.83266,1.83278,1.57,1.00
2015.04.30 17:46:19.156,1.83266,1.83282,1.57,1.00
2015.04.30 17:46:19.658,1.83267,1.83282,1.50,1.00
2015.04.30 17:46:20.201,1.83267,1.83282,1.50,1.37
2015.04.30 17:46:20.710,1.83266,1.8328,1.50,1.10
2015.04.30 17:46:21.262,1.83267,1.8328,1.00,1.10
2015.04.30 17:46:21.965,1.83266,1.8328,1.00,1.10
2015.04.30 17:46:22.488,1.83267,1.8328,1.00,1.10
2015.04.30 17:46:23.268,1.83266,1.8328,1.00,1.10
2015.04.30 17:46:23.903,1.83267,1.8328,1.00,1.10
2015.04.30 17:46:24.271,1.83264,1.8328,1.00,1.10
2015.04.30 17:46:25.431,1.83263,1.8328,1.00,1.10
2015.04.30 17:46:25.975,1.83264,1.8328,1.00,1.10
2015.04.30 17:46:26.524,1.83263,1.8328,1.00,1.10
2015.04.30 17:46:27.334,1.83264,1.8328,1.00,1.10
2015.04.30 17:46:28.199,1.83263,1.8328,1.00,1.10
2015.04.30 17:46:28.403,1.83262,1.8328,1.00,1.17
2015.04.30 17:46:29.600,1.83261,1.8328,2.25,1.17
2015.04.30 17:46:30.135,1.83262,1.8328,1.00,1.17
2015.04.30 17:46:31.091,1.83262,1.8328,1.00,2.40
2015.04.30 17:46:33.780,1.83261,1.83278,1.50,1.27
2015.04.30 17:46:34.381,1.83261,1.83278,1.50,1.35
2015.04.30 17:46:34.883,1.83262,1.83278,1.00,1.35
2015.04.30 17:46:35.797,1.83261,1.83278,1.50,1.35
2015.04.30 17:46:37.191,1.83262,1.83278,1.00,1.15
2015.04.30 17:46:37.754,1.83261,1.83278,1.00,1.35
2015.04.30 17:46:38.278,1.83259,1.83278,1.00,1.15
2015.04.30 17:46:42.237,1.83259,1.83272,1.00,1.00
2015.04.30 17:46:42.440,1.83256,1.83272,1.00,1.00
2015.04.30 17:46:42.541,1.83259,1.83272,1.00,1.00
2015.04.30 17:46:43.887,1.83259,1.83277,1.00,1.27
2015.04.30 17:46:43.989,1.83256,1.83275,1.10,1.00
2015.04.30 17:46:44.192,1.83259,1.83278,1.00,1.00
2015.04.30 17:46:46.402,1.83262,1.83281,1.00,1.15
2015.04.30 17:46:46.821,1.83258,1.83279,1.00,1.10
2015.04.30 17:46:47.403,1.83262,1.83281,1.00,1.10
2015.04.30 17:46:47.708,1.83258,1.83279,1.00,1.00
2015.04.30 17:46:49.063,1.83258,1.83277,1.00,1.00
2015.04.30 17:46:53.104,1.83261,1.83282,1.00,1.42
2015.04.30 17:46:53.307,1.83261,1.83282,1.00,2.77
2015.04.30 17:46:54.201,1.83261,1.83282,2.77,1.50
2015.04.30 17:46:54.355,1.83264,1.83285,1.00,1.00
2015.04.30 17:46:54.457,1.83264,1.83282,1.00,1.00
2015.04.30 17:46:54.661,1.83262,1.83283,1.10,1.65
2015.04.30 17:46:54.864,1.83266,1.83283,1.00,1.15
2015.04.30 17:46:55.219,1.83266,1.83277,1.00,1.00
2015.04.30 17:46:55.854,1.83264,1.83277,1.00,1.00
2015.04.30 17:46:56.890,1.83264,1.83278,1.00,1.00
2015.04.30 17:46:58.445,1.83264,1.83277,1.00,1.00
2015.04.30 17:47:03.168,1.83264,1.83283,1.00,1.50
2015.04.30 17:47:03.269,1.83264,1.83278,1.00,1.00
2015.04.30 17:47:07.108,1.83264,1.83282,1.00,1.00
2015.04.30 17:47:11.280,1.83264,1.83277,1.00,1.00
2015.04.30 17:47:11.736,1.83264,1.83272,1.00,1.00
2015.04.30 17:47:11.940,1.83261,1.83272,1.00,1.00
2015.04.30 17:47:12.042,1.83261,1.83277,1.00,1.00
2015.04.30 17:47:13.383,1.83261,1.83278,1.00,1.00
2015.04.30 17:47:13.586,1.83257,1.83277,1.00,1.10
2015.04.30 17:47:13.890,1.83256,1.83275,1.10,1.00
2015.04.30 17:47:14.218,1.83256,1.83272,1.10,1.00
2015.04.30 17:47:14.573,1.83256,1.83275,1.10,1.00
2015.04.30 17:47:15.703,1.83256,1.83273,1.10,1.00
2015.04.30 17:47:16.329,1.83256,1.83272,1.00,1.00
2015.04.30 17:47:17.110,1.83256,1.83273,1.00,1.00
2015.04.30 17:47:17.211,1.83251,1.83272,1.17,1.00
2015.04.30 17:47:17.482,1.83251,1.83272,2.25,1.00
2015.04.30 17:47:18.002,1.83255,1.83273,1.10,1.00
2015.04.30 17:47:18.624,1.83256,1.83273,1.00,1.00
2015.04.30 17:47:20.821,1.83254,1.83273,1.17,1.00
2015.04.30 17:47:24.984,1.83258,1.83273,1.00,1.00
2015.04.30 17:47:25.036,1.83258,1.83277,1.00,1.57
2015.04.30 17:47:25.239,1.8326,1.83279,1.00,1.00
2015.04.30 17:47:25.747,1.8326,1.83279,1.17,1.00
2015.04.30 17:47:26.254,1.8326,1.83279,1.10,1.00
2015.04.30 17:47:26.586,1.83263,1.83282,1.00,1.95
2015.04.30 17:47:27.743,1.8326,1.83281,1.10,1.10
2015.04.30 17:47:30.198,1.8326,1.83281,1.15,1.00
2015.04.30 17:47:30.300,1.8326,1.83281,2.25,1.00
2015.04.30 17:47:30.815,1.83264,1.83282,1.10,1.00
2015.04.30 17:47:31.325,1.83264,1.83283,1.00,1.57
2015.04.30 17:47:31.812,1.83261,1.83282,1.17,1.00
2015.04.30 17:47:36.092,1.83261,1.83282,2.25,1.00
2015.04.30 17:47:36.399,1.83265,1.83283,1.15,1.00
2015.04.30 17:47:39.945,1.83265,1.83283,1.00,1.00
2015.04.30 17:47:43.037,1.83265,1.83283,1.17,1.00
2015.04.30 17:47:43.139,1.83268,1.83282,1.00,1.00
2015.04.30 17:47:43.842,1.8327,1.83282,1.00,1.00
2015.04.30 17:47:43.893,1.83268,1.83282,1.00,1.00
2015.04.30 17:47:44.518,1.83268,1.83283,1.00,1.00
2015.04.30 17:47:49.831,1.83268,1.83283,1.17,1.00
2015.04.30 17:47:49.882,1.83268,1.83287,1.17,1.00
2015.04.30 17:47:50.403,1.8327,1.83288,1.10,1.00
2015.04.30 17:47:51.650,1.8327,1.8329,1.10,1.00
2015.04.30 17:47:55.627,1.8327,1.83291,1.10,1.10
2015.04.30 17:47:56.858,1.8327,1.83291,2.62,1.00
2015.04.30 17:47:57.011,1.83275,1.83294,1.17,1.12
2015.04.30 17:47:57.316,1.83277,1.83298,1.17,1.75
2015.04.30 17:47:57.569,1.8328,1.83301,1.20,1.87
2015.04.30 17:47:59.649,1.8328,1.83301,1.27,1.87
2015.04.30 17:48:00.625,1.83278,1.83299,2.70,1.00
2015.04.30 17:48:04.176,1.8328,1.83301,1.17,1.00
2015.04.30 17:48:04.683,1.8328,1.83301,1.00,1.00
2015.04.30 17:48:05.925,1.83284,1.83302,1.00,2.02
2015.04.30 17:48:09.862,1.83288,1.83303,1.00,1.37
2015.04.30 17:48:10.015,1.83284,1.83303,1.00,1.37
2015.04.30 17:48:10.564,1.83284,1.83303,1.00,1.12
2015.04.30 17:48:11.108,1.83284,1.83305,1.37,1.85
2015.04.30 17:48:11.311,1.83284,1.83305,2.10,1.00
2015.04.30 17:48:11.413,1.83288,1.83307,1.00,1.00
2015.04.30 17:48:14.492,1.83291,1.8331,1.00,2.02
2015.04.30 17:48:16.396,1.83288,1.83307,1.00,1.00
2015.04.30 17:48:16.797,1.83291,1.8331,1.00,2.02
2015.04.30 17:48:23.835,1.83288,1.83307,1.00,1.00
2015.04.30 17:48:23.937,1.83288,1.83307,1.65,1.00
2015.04.30 17:48:24.089,1.83292,1.83313,1.17,1.00
2015.04.30 17:48:24.191,1.83296,1.83315,1.00,1.12
2015.04.30 17:48:24.495,1.83297,1.83318,1.95,1.00
2015.04.30 17:48:24.902,1.83297,1.83318,4.12,1.00
2015.04.30 17:48:24.953,1.83303,1.83322,1.00,1.00
2015.04.30 17:48:25.105,1.83301,1.8332,1.00,1.00
2015.04.30 17:48:25.729,1.83301,1.8332,1.17,1.00
2015.04.30 17:48:27.395,1.83305,1.83323,1.00,1.10
2015.04.30 17:48:27.599,1.83303,1.83322,1.00,1.00
2015.04.30 17:48:27.802,1.83306,1.83325,1.00,1.65
2015.04.30 17:48:28.106,1.83306,1.83323,1.00,1.57
2015.04.30 17:48:28.157,1.83303,1.83322,1.10,1.37
2015.04.30 17:48:28.208,1.83303,1.8332,1.10,1.20
2015.04.30 17:48:28.260,1.833,1.83319,1.00,1.17
2015.04.30 17:48:28.463,1.83297,1.83316,1.00,1.20
2015.04.30 17:48:28.566,1.833,1.83318,1.00,1.15
2015.04.30 17:48:28.963,1.833,1.83318,1.00,1.10
2015.04.30 17:48:29.216,1.833,1.83318,1.00,1.95
2015.04.30 17:48:29.267,1.83297,1.83316,1.00,1.07
2015.04.30 17:48:29.775,1.83297,1.83316,1.00,1.00
2015.04.30 17:48:29.996,1.83299,1.83318,1.00,1.07
2015.04.30 17:48:30.509,1.83299,1.83318,1.00,1.00
2015.04.30 17:48:34.067,1.83297,1.83316,1.20,1.00
2015.04.30 17:48:37.949,1.83298,1.83319,1.00,1.27
2015.04.30 17:48:39.038,1.83295,1.83316,1.05,1.00
2015.04.30 17:48:40.838,1.83295,1.83316,1.00,1.17
2015.04.30 17:48:43.472,1.83295,1.83316,1.17,1.00
2015.04.30 17:48:51.696,1.83295,1.83316,1.00,1.20
2015.04.30 17:48:53.533,1.83293,1.83312,1.35,1.00
2015.04.30 17:48:54.899,1.83294,1.83313,1.00,1.00
2015.04.30 17:48:57.189,1.83294,1.83313,1.00,1.50
2015.04.30 17:49:00.260,1.83294,1.83313,1.07,1.00
2015.04.30 17:49:00.766,1.83294,1.83313,1.15,1.00
2015.04.30 17:49:06.076,1.83296,1.83315,1.10,1.37
2015.04.30 17:49:06.586,1.83294,1.83313,1.15,1.00
2015.04.30 17:49:09.511,1.83297,1.83316,1.00,1.75
2015.04.30 17:49:10.053,1.83294,1.83313,1.27,1.12
2015.04.30 17:49:10.712,1.8329,1.83308,1.15,1.00
2015.04.30 17:49:13.692,1.83291,1.8331,1.00,1.12
2015.04.30 17:49:14.225,1.83291,1.8331,1.47,1.12
2015.04.30 17:49:14.732,1.83291,1.8331,1.55,1.12
2015.04.30 17:49:16.124,1.83294,1.83313,1.00,1.75
2015.04.30 17:49:16.667,1.83294,1.83313,1.00,1.75
2015.04.30 17:49:17.175,1.83291,1.8331,1.20,1.00
2015.04.30 17:49:17.226,1.83291,1.8331,1.00,1.00
2015.04.30 17:49:17.429,1.83289,1.83308,1.12,1.00
2015.04.30 17:49:17.733,1.83289,1.83306,1.00,1.00
2015.04.30 17:49:18.202,1.83289,1.83303,1.00,1.00
2015.04.30 17:49:18.927,1.83289,1.83303,1.37,1.00
2015.04.30 17:49:19.232,1.83289,1.83303,1.50,1.00
2015.04.30 17:49:19.284,1.83286,1.83303,1.50,1.00
2015.04.30 17:49:19.386,1.83285,1.83303,1.47,1.00
2015.04.30 17:49:19.539,1.83281,1.83298,1.87,1.00
2015.04.30 17:49:19.590,1.83281,1.83298,1.37,1.00
2015.04.30 17:49:19.641,1.83281,1.83301,1.37,1.37
2015.04.30 17:49:19.945,1.83284,1.833,1.00,1.12
2015.04.30 17:49:20.452,1.83284,1.83302,1.15,1.00
2015.04.30 17:49:20.656,1.83286,1.83302,1.07,1.00
2015.04.30 17:49:20.911,1.83286,1.83302,1.00,1.00
2015.04.30 17:49:21.419,1.83287,1.83302,1.12,1.00
2015.04.30 17:49:21.575,1.83286,1.83305,1.47,1.00
2015.04.30 17:49:21.829,1.83288,1.83307,1.00,1.87
2015.04.30 17:49:22.361,1.83288,1.83307,1.17,1.00
2015.04.30 17:49:25.752,1.83288,1.83307,1.95,1.00
2015.04.30 17:49:25.955,1.83291,1.83309,1.12,1.00
2015.04.30 17:49:26.282,1.83291,1.83307,1.00,1.10
2015.04.30 17:49:26.333,1.83284,1.83303,1.65,1.00
2015.04.30 17:49:26.435,1.83288,1.83307,1.00,1.95
2015.04.30 17:49:26.536,1.83285,1.83304,1.45,1.00
2015.04.30 17:49:26.993,1.83285,1.83301,1.00,1.00
2015.04.30 17:49:27.202,1.83281,1.833,1.20,1.00
2015.04.30 17:49:27.303,1.83284,1.83302,1.00,1.00
2015.04.30 17:49:27.577,1.83281,1.833,1.20,1.00
2015.04.30 17:49:27.632,1.83284,1.83302,1.15,1.00
2015.04.30 17:49:27.936,1.83284,1.83303,1.52,2.25
2015.04.30 17:49:28.038,1.83284,1.83303,1.15,1.00
2015.04.30 17:49:28.089,1.83287,1.83304,1.00,1.50
2015.04.30 17:49:28.292,1.83282,1.833,1.00,1.00
2015.04.30 17:49:28.604,1.83282,1.83301,1.15,1.00
2015.04.30 17:49:28.909,1.83282,1.83301,1.27,1.00
2015.04.30 17:49:29.416,1.83282,1.83301,1.27,1.00
2015.04.30 17:49:29.619,1.83282,1.83301,1.00,1.00
2015.04.30 17:49:31.272,1.83285,1.83304,1.00,2.40
2015.04.30 17:49:32.911,1.83285,1.83303,1.00,1.17
2015.04.30 17:49:33.376,1.83288,1.83303,1.00,1.00
2015.04.30 17:49:33.737,1.83285,1.83304,1.00,1.17
2015.04.30 17:49:35.328,1.83285,1.83304,1.00,1.00
2015.04.30 17:49:38.106,1.8328,1.83301,2.02,1.00
2015.04.30 17:49:38.237,1.83285,1.83304,1.10,1.00
2015.04.30 17:49:38.389,1.83285,1.83304,1.47,1.00
2015.04.30 17:49:38.440,1.83288,1.83307,1.00,1.95
2015.04.30 17:49:38.745,1.83288,1.83303,1.00,1.00
2015.04.30 17:49:39.284,1.83288,1.83304,1.00,1.50
2015.04.30 17:49:39.436,1.83283,1.83303,1.12,1.65
2015.04.30 17:49:39.959,1.83283,1.83304,1.37,2.40
2015.04.30 17:49:40.515,1.83283,1.83303,1.00,2.40
2015.04.30 17:49:41.116,1.83282,1.83301,1.00,1.00
2015.04.30 17:49:41.643,1.83282,1.83299,1.00,1.10
2015.04.30 17:49:46.054,1.83282,1.83301,1.00,1.50
2015.04.30 17:49:46.274,1.83278,1.83299,1.27,1.00
2015.04.30 17:49:46.326,1.83278,1.83299,1.00,2.70
2015.04.30 17:49:46.478,1.83276,1.83295,1.12,1.00
2015.04.30 17:49:46.782,1.83278,1.83297,1.00,1.17
2015.04.30 17:49:46.935,1.83278,1.83298,1.00,1.00
2015.04.30 17:49:47.239,1.83283,1.83297,1.00,1.00
2015.04.30 17:49:47.441,1.8328,1.83297,1.00,1.00
2015.04.30 17:49:47.951,1.8328,1.83298,1.00,1.50
2015.04.30 17:49:48.502,1.8328,1.83297,1.00,1.00
2015.04.30 17:49:48.704,1.8328,1.83299,1.00,1.10
2015.04.30 17:49:55.907,1.8328,1.83298,1.00,1.00
2015.04.30 17:49:56.422,1.8328,1.83297,1.00,1.00
2015.04.30 17:49:57.097,1.8328,1.83298,1.00,1.00
2015.04.30 17:49:57.614,1.8328,1.83297,1.00,1.00
2015.04.30 17:49:58.777,1.8328,1.83298,1.00,1.00
2015.04.30 17:49:59.293,1.8328,1.83297,1.00,1.00
2015.04.30 17:49:59.765,1.8328,1.83297,1.00,1.17
2015.04.30 17:49:59.866,1.83278,1.83297,1.00,1.65
2015.04.30 17:50:01.632,1.83275,1.83294,1.00,1.07
2015.04.30 17:50:04.044,1.83275,1.83293,1.00,1.20
2015.04.30 17:50:04.198,1.83269,1.83287,1.10,1.10
2015.04.30 17:50:04.249,1.83269,1.83286,1.10,1.12
2015.04.30 17:50:04.300,1.83266,1.83285,1.00,2.25
2015.04.30 17:50:04.401,1.83263,1.83281,1.00,1.37
2015.04.30 17:50:04.452,1.83263,1.83281,1.00,2.62
2015.04.30 17:50:04.503,1.83259,1.83278,1.00,1.20
2015.04.30 17:50:04.753,1.83255,1.83276,1.72,1.00
2015.04.30 17:50:05.277,1.83255,1.83276,1.00,1.07
2015.04.30 17:50:05.784,1.83255,1.83276,1.37,1.07
2015.04.30 17:50:06.162,1.83255,1.83276,1.00,1.07
2015.04.30 17:50:06.240,1.83257,1.83278,1.00,4.20
2015.04.30 17:50:06.382,1.83257,1.83278,1.00,3.45
2015.04.30 17:50:06.686,1.83255,1.83274,1.07,1.00
2015.04.30 17:50:08.567,1.83255,1.83274,1.57,1.00
2015.04.30 17:50:08.669,1.83258,1.83277,1.17,1.00
2015.04.30 17:50:11.813,1.83259,1.83279,1.17,1.00
2015.04.30 17:50:12.118,1.83259,1.8328,2.25,1.00
2015.04.30 17:50:12.526,1.83263,1.83282,1.07,1.12
2015.04.30 17:50:12.982,1.83259,1.83279,1.50,1.00
2015.04.30 17:50:13.404,1.83258,1.83279,1.95,1.00
2015.04.30 17:50:13.505,1.83262,1.83281,1.00,1.00
2015.04.30 17:50:13.961,1.83265,1.83284,1.00,1.57
2015.04.30 17:50:14.063,1.83261,1.83282,1.10,1.00
2015.04.30 17:50:14.277,1.83264,1.83283,1.00,1.00
2015.04.30 17:50:14.947,1.83265,1.83284,1.10,1.10
2015.04.30 17:50:15.049,1.83266,1.83287,1.15,1.50
2015.04.30 17:50:15.252,1.83266,1.83287,1.57,1.00
2015.04.30 17:50:15.658,1.83266,1.83285,1.07,1.07
2015.04.30 17:50:15.709,1.83261,1.83279,1.10,1.00
2015.04.30 17:50:15.963,1.83262,1.83281,1.00,1.00
2015.04.30 17:50:16.424,1.83262,1.83281,1.55,1.00
2015.04.30 17:50:16.729,1.83264,1.83285,1.57,1.50
2015.04.30 17:50:16.831,1.83264,1.83285,1.57,1.00
2015.04.30 17:50:16.933,1.83267,1.83288,1.10,1.10
2015.04.30 17:50:20.829,1.83267,1.83288,1.00,1.45
2015.04.30 17:50:20.982,1.83265,1.83284,1.10,1.00
2015.04.30 17:50:21.136,1.83265,1.83284,1.50,1.00
2015.04.30 17:50:21.771,1.83267,1.83286,1.17,1.12
2015.04.30 17:50:22.126,1.83265,1.83284,1.00,1.00
2015.04.30 17:50:22.633,1.83266,1.83282,1.00,1.00
2015.04.30 17:50:22.735,1.83266,1.83284,1.00,1.10
2015.04.30 17:50:22.980,1.83264,1.83283,1.00,1.00
2015.04.30 17:50:23.435,1.83259,1.83278,1.95,1.00
2015.04.30 17:50:26.278,1.8326,1.83278,1.87,1.00
2015.04.30 17:50:26.431,1.83265,1.83284,1.00,1.50
2015.04.30 17:50:26.945,1.83264,1.83283,1.15,1.12
2015.04.30 17:50:27.170,1.83264,1.83283,1.10,1.12
2015.04.30 17:50:38.951,1.83265,1.83286,1.00,1.15
2015.04.30 17:50:42.419,1.83265,1.83286,1.00,1.00
2015.04.30 17:50:46.913,1.83265,1.83286,1.00,1.17
2015.04.30 17:50:51.122,1.83261,1.83282,1.57,1.00
2015.04.30 17:50:51.639,1.83261,1.83282,1.20,1.00
2015.04.30 17:50:59.954,1.83262,1.83282,1.15,1.00
2015.04.30 17:51:00.158,1.83268,1.83287,1.10,1.00
2015.04.30 17:51:00.920,1.83269,1.8329,1.00,1.20
2015.04.30 17:51:01.738,1.83269,1.8329,1.00,1.27
2015.04.30 17:51:01.941,1.83267,1.83288,1.00,1.55
2015.04.30 17:51:02.043,1.83264,1.83285,1.10,1.00
2015.04.30 17:51:02.144,1.8326,1.8328,1.50,1.37
2015.04.30 17:51:02.246,1.83259,1.8328,1.00,1.20
2015.04.30 17:51:02.399,1.83259,1.83278,1.00,1.00
2015.04.30 17:51:02.906,1.83259,1.8328,1.00,2.77
2015.04.30 17:51:04.475,1.83256,1.83275,1.10,1.00
2015.04.30 17:51:05.226,1.83259,1.83278,1.00,1.07
2015.04.30 17:51:05.811,1.83256,1.83275,1.10,1.00
2015.04.30 17:51:06.015,1.83259,1.83278,1.00,1.07
2015.04.30 17:51:07.785,1.83256,1.83275,1.10,1.00
2015.04.30 17:51:11.335,1.83256,1.83275,1.00,1.27
2015.04.30 17:51:11.639,1.83256,1.83273,1.00,1.17
2015.04.30 17:51:11.741,1.83252,1.83273,1.00,2.40
2015.04.30 17:51:11.843,1.8325,1.83271,1.10,1.10
2015.04.30 17:51:11.894,1.8325,1.83271,1.10,1.47
2015.04.30 17:51:12.198,1.8325,1.83267,1.10,1.00
2015.04.30 17:51:12.932,1.8325,1.83268,1.10,1.87
2015.04.30 17:51:13.236,1.8325,1.83271,1.10,1.10
2015.04.30 17:51:16.056,1.8325,1.83271,1.17,1.00
2015.04.30 17:51:16.158,1.83254,1.83273,1.00,1.00
2015.04.30 17:51:17.133,1.8325,1.83271,1.17,1.00
2015.04.30 17:51:17.235,1.83253,1.83274,1.00,1.20
2015.04.30 17:51:17.686,1.83253,1.83274,1.00,1.35
2015.04.30 17:51:19.774,1.83253,1.83274,1.00,2.70
2015.04.30 17:51:20.179,1.8325,1.83271,1.00,1.17
2015.04.30 17:51:20.949,1.83253,1.83273,1.00,2.10
2015.04.30 17:51:24.304,1.83253,1.83274,1.00,3.15
2015.04.30 17:51:24.506,1.83253,1.83274,1.10,1.20
2015.04.30 17:51:26.582,1.83256,1.83275,1.00,1.07
2015.04.30 17:51:26.785,1.83252,1.83273,1.07,1.00
2015.04.30 17:51:27.774,1.83252,1.83273,1.00,1.10
2015.04.30 17:51:31.649,1.83252,1.83273,1.00,1.47
2015.04.30 17:51:31.953,1.83252,1.83273,1.00,1.47
2015.04.30 17:51:32.056,1.83254,1.83273,1.07,1.00
2015.04.30 17:51:32.107,1.83255,1.83276,1.15,1.00
2015.04.30 17:51:32.209,1.83259,1.83278,1.00,1.12
2015.04.30 17:51:32.521,1.83263,1.83284,1.00,1.52
2015.04.30 17:51:33.041,1.83263,1.83284,1.00,1.52
2015.04.30 17:51:33.142,1.83263,1.83284,1.00,1.52
2015.04.30 17:51:33.355,1.83263,1.83284,1.00,1.52
2015.04.30 17:51:33.406,1.8326,1.83279,1.17,1.00
2015.04.30 17:51:33.458,1.8326,1.83279,1.17,1.37
2015.04.30 17:51:33.611,1.83257,1.83278,1.00,3.52
2015.04.30 17:51:33.663,1.83257,1.83277,1.00,2.02
2015.04.30 17:51:33.715,1.83255,1.83274,1.00,1.37
2015.04.30 17:51:34.240,1.83255,1.83274,1.00,1.10
2015.04.30 17:51:34.392,1.83257,1.83277,1.00,1.90
2015.04.30 17:51:35.253,1.83257,1.83277,1.00,1.90
2015.04.30 17:51:35.973,1.83257,1.83277,1.00,1.90
2015.04.30 17:51:36.379,1.83257,1.83277,1.00,1.95
2015.04.30 17:51:36.683,1.83254,1.83273,1.00,1.12
2015.04.30 17:51:37.484,1.83254,1.83273,1.00,1.37
2015.04.30 17:51:37.832,1.83256,1.83277,1.00,2.70
2015.04.30 17:51:38.761,1.83256,1.83276,1.00,2.32
2015.04.30 17:51:38.986,1.83253,1.83274,1.00,1.65
2015.04.30 17:51:39.037,1.8325,1.83271,1.20,1.37
2015.04.30 17:51:39.189,1.8325,1.83271,1.10,1.47
2015.04.30 17:51:39.695,1.8325,1.83271,1.00,2.10
2015.04.30 17:51:40.203,1.8325,1.83271,1.00,1.57
2015.04.30 17:51:40.659,1.83256,1.83275,1.00,2.47
2015.04.30 17:51:40.862,1.83253,1.83274,1.00,1.55
2015.04.30 17:51:41.014,1.83251,1.8327,1.10,1.12
2015.04.30 17:51:41.217,1.83253,1.83272,1.00,1.37
2015.04.30 17:51:42.667,1.83253,1.83272,1.00,1.47
2015.04.30 17:51:43.092,1.83251,1.8327,1.00,1.37
2015.04.30 17:51:44.992,1.83251,1.8327,1.00,1.37
2015.04.30 17:51:45.195,1.83253,1.83273,1.00,1.75
2015.04.30 17:51:45.296,1.83253,1.83274,1.00,2.70
2015.04.30 17:51:45.519,1.83253,1.83273,1.00,2.40
2015.04.30 17:51:45.824,1.8325,1.83271,1.00,1.65
2015.04.30 17:51:47.332,1.8325,1.83271,1.00,1.52
2015.04.30 17:51:47.433,1.8325,1.8327,1.00,1.55
2015.04.30 17:51:47.840,1.8325,1.83267,1.00,1.37
2015.04.30 17:51:48.347,1.83249,1.83268,1.00,1.95
2015.04.30 17:51:48.804,1.83246,1.83265,1.15,1.12
2015.04.30 17:51:50.909,1.83249,1.83268,1.00,1.00
2015.04.30 17:51:51.416,1.83249,1.83268,1.17,1.12
2015.04.30 17:52:09.797,1.83249,1.83268,1.00,1.12
2015.04.30 17:52:11.097,1.83249,1.83268,1.07,1.12
2015.04.30 17:52:12.594,1.83249,1.83268,1.17,1.00
2015.04.30 17:52:12.695,1.83251,1.83268,1.07,1.00
2015.04.30 17:52:12.797,1.83251,1.83272,1.57,1.00
2015.04.30 17:52:12.898,1.83254,1.83275,1.10,2.02
2015.04.30 17:52:13.296,1.83254,1.83275,1.07,1.95
2015.04.30 17:52:13.605,1.83258,1.83275,1.10,1.12
2015.04.30 17:52:14.750,1.8326,1.83275,1.00,1.00
2015.04.30 17:52:15.080,1.8326,1.83279,1.00,1.57
2015.04.30 17:52:15.622,1.8326,1.83279,1.00,1.50
2015.04.30 17:52:16.153,1.83257,1.83278,1.15,1.50
2015.04.30 17:52:21.232,1.83261,1.8328,1.00,2.25
2015.04.30 17:52:21.384,1.83259,1.83278,1.20,1.37
2015.04.30 17:52:23.932,1.83259,1.83278,1.20,1.37
2015.04.30 17:52:24.088,1.83262,1.83279,1.00,1.47
2015.04.30 17:52:24.569,1.83258,1.83279,1.15,2.62
2015.04.30 17:52:24.798,1.83258,1.83279,1.15,2.62
2015.04.30 17:52:24.918,1.83258,1.83279,1.15,2.62
2015.04.30 17:52:27.188,1.83258,1.83279,1.15,1.37
2015.04.30 17:52:31.710,1.83258,1.83279,1.15,1.50
2015.04.30 17:52:34.581,1.83258,1.83279,1.00,1.57
2015.04.30 17:52:34.632,1.83258,1.83279,1.00,2.62
2015.04.30 17:52:36.755,1.83256,1.83275,1.00,1.37
2015.04.30 17:52:37.066,1.83256,1.83275,1.00,1.75
2015.04.30 17:52:37.167,1.83256,1.83273,1.00,1.37
2015.04.30 17:52:37.219,1.83253,1.83272,1.00,1.37
2015.04.30 17:52:37.270,1.83253,1.83272,1.00,1.37
2015.04.30 17:52:37.372,1.83253,1.83272,1.00,1.00
2015.04.30 17:52:37.912,1.83253,1.83272,1.17,1.00
2015.04.30 17:52:38.416,1.83253,1.83272,1.17,1.37
2015.04.30 17:52:39.447,1.83253,1.83272,1.10,1.37
2015.04.30 17:52:39.499,1.83253,1.83272,1.00,1.37
2015.04.30 17:52:39.975,1.83251,1.8327,1.00,1.37
2015.04.30 17:52:40.781,1.83251,1.8327,1.00,1.37
2015.04.30 17:52:41.085,1.83251,1.8327,1.00,1.50
2015.04.30 17:52:41.644,1.83247,1.83268,2.25,1.37
2015.04.30 17:52:42.686,1.83247,1.83266,1.00,1.12
2015.04.30 17:52:42.889,1.83247,1.83265,1.00,1.37
2015.04.30 17:52:43.041,1.83245,1.83264,1.00,1.37
2015.04.30 17:52:45.492,1.83245,1.83264,1.00,1.37
2015.04.30 17:52:45.543,1.83248,1.83267,1.00,1.55
2015.04.30 17:52:46.114,1.83248,1.83267,1.00,1.55
2015.04.30 17:52:46.216,1.83248,1.83267,1.00,1.55
2015.04.30 17:52:46.795,1.83248,1.83267,1.00,1.85
2015.04.30 17:52:47.443,1.83243,1.83264,2.32,1.37
2015.04.30 17:52:51.114,1.83243,1.83264,2.32,1.37
2015.04.30 17:52:52.079,1.83243,1.83264,1.65,1.37
2015.04.30 17:52:52.600,1.83245,1.83266,1.00,1.45
2015.04.30 17:52:54.360,1.83244,1.83263,1.10,1.37
2015.04.30 17:52:54.869,1.83244,1.83263,1.10,1.37
2015.04.30 17:52:56.824,1.83244,1.83263,1.10,1.12
2015.04.30 17:52:57.027,1.83244,1.83263,1.10,1.37
2015.04.30 17:52:59.240,1.83244,1.83263,1.10,1.12
2015.04.30 17:52:59.842,1.83244,1.83263,1.10,1.37
2015.04.30 17:53:00.287,1.83246,1.83265,1.00,1.47
2015.04.30 17:53:00.810,1.83246,1.83265,1.00,1.47
2015.04.30 17:53:01.329,1.83246,1.83265,1.00,1.47
2015.04.30 17:53:02.033,1.83246,1.83265,1.00,1.47
2015.04.30 17:53:02.831,1.83246,1.83265,1.00,1.47
2015.04.30 17:53:03.135,1.83246,1.83265,1.00,2.32
2015.04.30 17:53:03.236,1.83246,1.83265,1.00,2.70
2015.04.30 17:53:03.968,1.83246,1.83265,1.50,2.70
2015.04.30 17:53:04.292,1.83246,1.83265,1.50,3.07
2015.04.30 17:53:04.802,1.83246,1.83265,1.50,2.70
2015.04.30 17:53:05.559,1.83246,1.83265,1.50,2.32
2015.04.30 17:53:07.056,1.83248,1.83264,1.00,1.55
2015.04.30 17:53:07.563,1.83248,1.83264,1.00,1.55
2015.04.30 17:53:08.078,1.83248,1.83264,1.00,1.55
2015.04.30 17:53:08.362,1.83248,1.83264,1.00,1.10
2015.04.30 17:53:08.463,1.83248,1.83263,1.00,1.37
2015.04.30 17:53:08.616,1.83244,1.83263,1.00,3.45
2015.04.30 17:53:08.718,1.83243,1.8326,1.00,1.95
2015.04.30 17:53:08.819,1.83241,1.8326,1.00,2.32
2015.04.30 17:53:08.870,1.83239,1.83258,1.50,1.55
2015.04.30 17:53:08.921,1.83239,1.83253,1.50,1.00
2015.04.30 17:53:09.134,1.83236,1.83253,1.00,1.00
2015.04.30 17:53:09.286,1.83235,1.8325,1.00,1.12
2015.04.30 17:53:09.337,1.83233,1.8325,1.00,1.20
2015.04.30 17:53:09.439,1.83229,1.8325,1.50,1.95
2015.04.30 17:53:10.612,1.83229,1.8325,1.50,1.17
2015.04.30 17:53:11.401,1.83229,1.8325,1.50,1.57
2015.04.30 17:53:11.857,1.83231,1.8325,1.00,1.57
2015.04.30 17:53:12.827,1.83229,1.83248,1.00,1.07
2015.04.30 17:53:14.331,1.83233,1.83248,1.00,1.07
2015.04.30 17:53:18.041,1.83229,1.83248,1.00,1.07
2015.04.30 17:53:19.904,1.83229,1.83247,1.00,1.45
2015.04.30 17:53:19.956,1.83227,1.83247,1.00,1.52
2015.04.30 17:53:20.108,1.83226,1.83245,1.00,1.57
2015.04.30 17:53:20.475,1.83226,1.83245,1.00,1.65
2015.04.30 17:53:23.483,1.83226,1.83244,1.00,1.00
2015.04.30 17:53:24.007,1.83226,1.83243,1.00,1.00
2015.04.30 17:53:24.459,1.83228,1.83244,1.00,1.00
2015.04.30 17:53:24.763,1.83233,1.83245,1.00,1.00
2015.04.30 17:53:24.814,1.83233,1.83248,1.00,1.00
2015.04.30 17:53:25.124,1.83231,1.8325,1.00,3.07
2015.04.30 17:53:25.632,1.8323,1.83248,1.00,1.17
2015.04.30 17:53:34.061,1.8323,1.83251,1.50,1.57
2015.04.30 17:53:36.244,1.83231,1.83251,1.00,1.57
2015.04.30 17:53:39.478,1.83231,1.83251,1.00,1.65
2015.04.30 17:53:40.168,1.83231,1.83251,1.00,1.57
2015.04.30 17:53:41.485,1.83233,1.83251,1.00,1.07
2015.04.30 17:53:42.607,1.83233,1.83251,1.50,1.00
2015.04.30 17:53:43.588,1.83237,1.83251,1.00,1.00
2015.04.30 17:53:46.392,1.83237,1.83256,1.50,2.40
2015.04.30 17:53:47.204,1.83237,1.83255,1.50,1.00
2015.04.30 17:53:47.508,1.83237,1.83253,1.00,1.00
2015.04.30 17:53:48.175,1.83237,1.83256,1.50,1.65
2015.04.30 17:53:48.957,1.83241,1.83256,1.00,1.20
2015.04.30 17:53:49.009,1.83241,1.83258,1.00,1.65
2015.04.30 17:53:50.038,1.83241,1.83257,1.00,1.00
2015.04.30 17:53:50.512,1.8324,1.83255,1.00,1.50
2015.04.30 17:53:50.665,1.83237,1.83255,1.00,2.25
2015.04.30 17:53:51.223,1.83237,1.83254,1.00,1.87
2015.04.30 17:53:51.477,1.83234,1.83252,1.00,1.57
2015.04.30 17:53:58.392,1.83233,1.83252,1.00,1.57
2015.04.30 17:53:58.546,1.83233,1.83252,1.00,2.25
2015.04.30 17:53:59.103,1.83229,1.83248,1.50,1.07
2015.04.30 17:54:00.258,1.83229,1.83248,1.87,1.07
2015.04.30 17:54:00.411,1.83232,1.83248,1.00,1.00
2015.04.30 17:54:00.918,1.83235,1.83253,1.00,1.17
2015.04.30 17:54:01.121,1.83233,1.83252,1.00,1.07
2015.04.30 17:54:02.973,1.83233,1.83252,1.00,1.00
2015.04.30 17:54:03.125,1.83233,1.83252,1.00,1.47
2015.04.30 17:54:03.581,1.8323,1.83248,1.50,1.00
2015.04.30 17:54:04.270,1.8323,1.83249,1.50,1.95
2015.04.30 17:54:05.206,1.8323,1.83248,1.50,1.00
2015.04.30 17:54:05.718,1.8323,1.83249,1.50,1.95
2015.04.30 17:54:05.922,1.83233,1.83248,1.00,1.00
2015.04.30 17:54:06.430,1.83233,1.83252,1.10,1.50
2015.04.30 17:54:06.922,1.83236,1.83252,1.00,1.50
2015.04.30 17:54:07.991,1.83235,1.83252,1.50,1.00
2015.04.30 17:54:08.296,1.83232,1.83248,1.00,1.50
2015.04.30 17:54:09.365,1.83229,1.83248,1.00,1.50
2015.04.30 17:54:09.871,1.83229,1.83249,1.20,1.50
2015.04.30 17:54:10.136,1.83233,1.83249,1.00,1.00
2015.04.30 17:54:10.593,1.83233,1.83251,1.50,1.00
2015.04.30 17:54:11.080,1.83233,1.83248,1.00,1.00
2015.04.30 17:54:11.131,1.8323,1.83248,1.07,1.00
2015.04.30 17:54:11.182,1.8323,1.83248,1.00,2.25
2015.04.30 17:54:11.233,1.83228,1.83244,1.00,1.00
2015.04.30 17:54:11.386,1.83227,1.83241,1.00,1.00
2015.04.30 17:54:12.096,1.83227,1.83244,1.00,1.65
2015.04.30 17:54:15.800,1.83235,1.83246,1.00,1.50
2015.04.30 17:54:15.901,1.83235,1.83247,1.00,1.00
2015.04.30 17:54:16.422,1.83235,1.83248,1.00,1.00
2015.04.30 17:54:16.474,1.83235,1.8325,1.00,1.50
2015.04.30 17:54:18.389,1.83235,1.83252,1.00,1.17
2015.04.30 17:54:18.896,1.83235,1.83252,1.00,1.00
2015.04.30 17:54:19.490,1.83235,1.83253,1.00,1.00
2015.04.30 17:54:21.333,1.83235,1.83253,1.00,1.17
2015.04.30 17:54:22.149,1.83238,1.83253,1.00,1.17
2015.04.30 17:54:22.252,1.83235,1.83253,1.00,1.17
2015.04.30 17:54:22.355,1.83233,1.83251,1.00,1.00
2015.04.30 17:54:22.406,1.83232,1.83249,1.00,1.57
2015.04.30 17:54:22.508,1.83229,1.83249,1.00,2.32
2015.04.30 17:54:22.813,1.83231,1.83246,1.00,1.10
2015.04.30 17:54:23.223,1.83227,1.83244,1.00,1.00
2015.04.30 17:54:23.730,1.83225,1.83244,1.00,1.15
2015.04.30 17:54:23.781,1.83224,1.83241,1.00,1.00
2015.04.30 17:54:24.088,1.83222,1.83238,1.00,1.27
2015.04.30 17:54:24.155,1.83219,1.83236,1.00,1.20
2015.04.30 17:54:24.663,1.83219,1.83235,1.00,1.00
2015.04.30 17:54:24.832,1.83217,1.83235,1.50,1.00
2015.04.30 17:54:24.985,1.83217,1.83233,1.50,1.00
2015.04.30 17:54:25.340,1.83217,1.83235,2.25,1.00
2015.04.30 17:54:25.860,1.83217,1.83238,2.25,2.10
2015.04.30 17:54:26.168,1.83219,1.83238,1.00,2.10
2015.04.30 17:54:26.675,1.83219,1.83234,1.00,1.00
2015.04.30 17:54:27.107,1.83219,1.83238,1.00,1.15
2015.04.30 17:54:30.014,1.83222,1.83238,1.00,1.27
2015.04.30 17:54:30.186,1.83222,1.83238,1.00,1.00
2015.04.30 17:54:30.554,1.83222,1.8324,1.00,1.57
2015.04.30 17:54:30.655,1.83221,1.8324,1.00,2.02
2015.04.30 17:54:30.960,1.83218,1.83235,1.00,1.00
2015.04.30 17:54:31.481,1.83217,1.83235,1.50,1.00
2015.04.30 17:54:31.785,1.83218,1.83235,1.00,1.52
2015.04.30 17:54:31.938,1.83208,1.83228,1.00,2.70
2015.04.30 17:54:32.039,1.83208,1.83225,1.00,1.57
2015.04.30 17:54:32.749,1.83205,1.83223,1.00,1.57
2015.04.30 17:54:33.185,1.83205,1.83223,1.00,1.65
2015.04.30 17:54:33.949,1.83202,1.83223,2.25,1.65
2015.04.30 17:54:34.224,1.83202,1.83219,1.50,1.00
2015.04.30 17:54:34.596,1.83203,1.83222,1.00,1.17
2015.04.30 17:54:35.099,1.83202,1.8322,1.50,1.00
2015.04.30 17:54:35.622,1.83202,1.8322,1.50,1.17
2015.04.30 17:54:36.235,1.83202,1.83211,1.00,1.00
2015.04.30 17:54:36.387,1.83193,1.83211,3.00,1.00
2015.04.30 17:54:36.438,1.83193,1.83211,1.00,1.50
2015.04.30 17:54:36.489,1.83192,1.83209,1.00,1.50
2015.04.30 17:54:36.795,1.83194,1.8321,1.75,1.00
2015.04.30 17:54:37.105,1.83186,1.83207,1.95,2.32
2015.04.30 17:54:37.613,1.83188,1.83203,1.00,1.00
2015.04.30 17:54:38.070,1.83188,1.83209,1.50,2.25
2015.04.30 17:54:38.579,1.83188,1.83205,1.50,1.00
2015.04.30 17:54:38.731,1.8319,1.83209,1.00,2.25
2015.04.30 17:54:38.990,1.83188,1.83207,1.50,1.15
2015.04.30 17:54:39.744,1.83188,1.83207,1.50,1.00
2015.04.30 17:54:40.647,1.83192,1.83207,1.00,1.00
2015.04.30 17:54:40.749,1.83192,1.83211,1.00,1.07
2015.04.30 17:54:42.122,1.83192,1.83212,1.00,2.32
2015.04.30 17:54:42.296,1.83188,1.83208,1.10,1.07
2015.04.30 17:54:42.348,1.83192,1.83209,1.00,2.25
2015.04.30 17:54:42.571,1.83192,1.83207,1.00,1.00
2015.04.30 17:54:43.306,1.83192,1.83206,1.00,1.00
2015.04.30 17:54:43.712,1.83192,1.83211,1.00,1.57
2015.04.30 17:54:43.813,1.83192,1.83211,1.00,1.07
2015.04.30 17:54:44.016,1.83192,1.83212,1.00,1.10
2015.04.30 17:54:44.322,1.83192,1.83212,1.00,1.57
2015.04.30 17:54:44.813,1.83192,1.83212,1.00,1.87
2015.04.30 17:54:45.117,1.83192,1.83203,1.00,1.00
2015.04.30 17:54:47.365,1.83188,1.83203,1.87,1.00
2015.04.30 17:54:47.572,1.83188,1.83203,1.00,1.00
2015.04.30 17:54:49.024,1.83188,1.83204,1.00,1.50
2015.04.30 17:54:49.557,1.83188,1.83203,1.00,1.00
2015.04.30 17:54:50.464,1.83188,1.83204,1.00,1.50
2015.04.30 17:54:50.968,1.83188,1.83203,1.00,1.50
2015.04.30 17:54:51.781,1.83188,1.83204,1.00,1.50
2015.04.30 17:54:52.304,1.83188,1.83203,1.00,1.50
2015.04.30 17:54:52.406,1.83185,1.83203,2.25,1.85
2015.04.30 17:54:52.507,1.83183,1.83195,1.00,1.20
2015.04.30 17:54:52.761,1.83182,1.83202,1.00,1.65
2015.04.30 17:54:52.964,1.83185,1.83202,1.00,1.57
2015.04.30 17:54:53.480,1.83185,1.83202,1.00,2.25
2015.04.30 17:54:55.798,1.83185,1.83204,1.00,1.10
2015.04.30 17:54:55.849,1.83188,1.83204,1.00,1.10
2015.04.30 17:54:58.056,1.83188,1.8321,1.00,1.50
2015.04.30 17:54:58.107,1.83194,1.8321,1.00,1.50
2015.04.30 17:54:58.209,1.83194,1.83212,1.00,1.57
2015.04.30 17:54:58.479,1.83195,1.83214,1.00,1.50
2015.04.30 17:54:59.996,1.83193,1.83211,1.00,1.50
2015.04.30 17:55:00.200,1.83189,1.83206,1.00,1.57
2015.04.30 17:55:00.403,1.83189,1.83206,1.00,1.20
2015.04.30 17:55:00.962,1.8319,1.83209,1.00,2.25
2015.04.30 17:55:01.165,1.83193,1.83209,1.00,2.25
2015.04.30 17:55:07.740,1.83193,1.83209,1.00,1.15
2015.04.30 17:55:07.944,1.83196,1.83212,1.00,1.00
2015.04.30 17:55:08.096,1.83199,1.83212,1.00,1.00
2015.04.30 17:55:08.380,1.83199,1.83216,1.00,1.15
2015.04.30 17:55:08.841,1.83199,1.83216,1.37,1.00
2015.04.30 17:55:09.195,1.83206,1.83218,1.12,1.00
2015.04.30 17:55:09.247,1.83209,1.83223,1.00,1.00
2015.04.30 17:55:09.602,1.83212,1.83223,1.00,1.00
2015.04.30 17:55:09.653,1.83212,1.83225,1.00,1.00
2015.04.30 17:55:09.805,1.83214,1.83225,1.00,1.00
2015.04.30 17:55:09.907,1.83214,1.83228,1.00,1.00
2015.04.30 17:55:10.111,1.8321,1.83228,1.10,1.75
2015.04.30 17:55:10.433,1.83212,1.83224,1.00,1.00
2015.04.30 17:55:10.535,1.83212,1.83226,1.00,1.00
2015.04.30 17:55:11.075,1.83212,1.8323,1.50,1.57
2015.04.30 17:55:11.473,1.83212,1.8323,1.50,1.07
2015.04.30 17:55:12.828,1.83213,1.8323,1.00,1.07
2015.04.30 17:55:13.331,1.83212,1.8323,1.50,1.07
2015.04.30 17:55:16.011,1.83214,1.8323,1.00,1.07
2015.04.30 17:55:20.524,1.83214,1.8323,1.00,1.00
2015.04.30 17:55:27.340,1.83216,1.8323,1.00,1.00
2015.04.30 17:55:34.388,1.83216,1.8323,1.00,1.17
2015.04.30 17:55:42.073,1.83214,1.83233,1.50,2.25
2015.04.30 17:55:42.124,1.83214,1.83232,1.50,1.50
2015.04.30 17:55:42.429,1.83209,1.83224,1.00,1.10
2015.04.30 17:55:45.585,1.83209,1.83229,1.00,1.15
2015.04.30 17:55:49.629,1.83209,1.83229,1.00,1.00
2015.04.30 17:55:49.739,1.83211,1.83229,1.00,1.09
2015.04.30 17:55:50.066,1.83214,1.83229,1.00,1.22
2015.04.30 17:55:50.479,1.83214,1.83232,1.00,1.32
2015.04.30 17:55:53.588,1.83217,1.83232,1.00,1.20
2015.04.30 17:55:53.893,1.83226,1.83237,1.00,1.85
2015.04.30 17:55:54.401,1.83227,1.83244,1.00,1.90
2015.04.30 17:55:54.503,1.83227,1.83244,1.00,1.15
2015.04.30 17:55:55.308,1.83227,1.8324,1.00,1.00
2015.04.30 17:55:55.765,1.83227,1.83243,1.00,1.17
2015.04.30 17:55:58.439,1.83227,1.83243,1.00,1.10
2015.04.30 17:55:58.693,1.83231,1.83243,1.00,1.00
2015.04.30 17:56:01.039,1.83231,1.83246,1.00,1.00
2015.04.30 17:56:01.634,1.83231,1.83245,1.00,1.00
2015.04.30 17:56:02.541,1.83231,1.83246,1.00,1.00
2015.04.30 17:56:02.795,1.83236,1.83246,1.00,1.00
2015.04.30 17:56:03.028,1.83238,1.83251,1.00,1.12
2015.04.30 17:56:03.395,1.8324,1.83251,1.00,1.00
2015.04.30 17:56:03.549,1.8324,1.83255,1.00,1.00
2015.04.30 17:56:03.905,1.83242,1.83256,1.00,1.00
2015.04.30 17:56:04.108,1.83242,1.83258,1.20,1.00
2015.04.30 17:56:04.159,1.83245,1.83258,1.00,1.00
2015.04.30 17:56:04.767,1.83245,1.83262,1.00,1.00
2015.04.30 17:56:05.274,1.83245,1.83262,1.00,1.07
2015.04.30 17:56:08.983,1.83245,1.83262,1.00,1.10
2015.04.30 17:56:09.287,1.83245,1.8326,1.00,1.00
2015.04.30 17:56:11.693,1.83247,1.8326,1.00,1.00
2015.04.30 17:56:11.997,1.83253,1.83266,1.00,1.00
2015.04.30 17:56:13.366,1.83253,1.83268,1.00,1.00
2015.04.30 17:56:13.950,1.83253,1.83268,1.00,1.17
2015.04.30 17:56:14.782,1.83253,1.83265,1.00,1.00
2015.04.30 17:56:15.372,1.83251,1.83265,1.00,1.00
2015.04.30 17:56:15.647,1.83246,1.83265,1.95,1.57
2015.04.30 17:56:15.699,1.83249,1.83262,1.00,1.20
2015.04.30 17:56:17.095,1.83252,1.83262,1.00,1.00
2015.04.30 17:56:20.254,1.83252,1.83265,1.00,1.00
2015.04.30 17:56:20.305,1.83255,1.83265,1.00,1.00
2015.04.30 17:56:20.407,1.83255,1.83269,1.00,1.00
2015.04.30 17:56:20.509,1.83255,1.83272,1.00,1.00
2015.04.30 17:56:20.712,1.83258,1.83272,1.00,1.00
2015.04.30 17:56:22.882,1.83258,1.83272,1.00,1.17
2015.04.30 17:56:29.206,1.83256,1.83274,1.00,1.57
2015.04.30 17:56:30.283,1.83256,1.83273,1.00,1.50
2015.04.30 17:56:30.537,1.83254,1.8327,1.00,1.20
2015.04.30 17:56:30.740,1.83254,1.83268,1.00,1.00
2015.04.30 17:56:31.044,1.83254,1.8327,1.00,1.20
2015.04.30 17:56:31.623,1.83254,1.83267,1.00,1.00
2015.04.30 17:56:31.840,1.83254,1.8327,1.00,1.20
2015.04.30 17:56:38.608,1.83255,1.8327,1.00,1.20
2015.04.30 17:56:39.150,1.83257,1.8327,1.00,1.20
2015.04.30 17:56:39.914,1.83257,1.8327,1.00,1.15
2015.04.30 17:56:40.168,1.83253,1.83268,1.00,1.20
2015.04.30 17:56:40.219,1.83253,1.83268,1.00,1.15
2015.04.30 17:56:40.628,1.8325,1.83268,1.00,1.15
2015.04.30 17:56:40.831,1.8325,1.83268,1.00,2.25
2015.04.30 17:56:44.079,1.83252,1.83264,1.00,1.07
2015.04.30 17:56:44.434,1.8325,1.83264,1.00,1.00
2015.04.30 17:56:47.666,1.83252,1.83264,1.00,1.00
2015.04.30 17:56:48.123,1.83252,1.83271,1.00,1.15
2015.04.30 17:56:48.638,1.83252,1.83266,1.00,1.00
2015.04.30 17:56:50.192,1.83252,1.8327,1.00,1.17
2015.04.30 17:56:50.751,1.83252,1.83267,1.00,1.00
2015.04.30 17:56:51.850,1.83255,1.83267,1.00,1.00
2015.04.30 17:56:54.904,1.83255,1.83273,1.00,1.17
2015.04.30 17:56:56.918,1.83255,1.83269,1.00,1.00
2015.04.30 17:57:00.449,1.83259,1.83269,1.00,1.00
2015.04.30 17:57:00.551,1.83259,1.83272,1.00,1.00
2015.04.30 17:57:00.753,1.83259,1.83275,1.00,1.00
2015.04.30 17:57:01.159,1.83265,1.83276,1.00,1.00
2015.04.30 17:57:01.312,1.83265,1.83278,1.00,1.87
2015.04.30 17:57:01.640,1.83268,1.83278,1.00,1.00
2015.04.30 17:57:01.843,1.83268,1.83283,1.00,1.20
2015.04.30 17:57:03.958,1.83268,1.83279,1.00,1.00
2015.04.30 17:57:04.282,1.83268,1.83283,1.00,1.20
2015.04.30 17:57:09.261,1.83269,1.83283,1.00,1.20
2015.04.30 17:57:09.362,1.83275,1.83283,1.00,1.00
2015.04.30 17:57:09.464,1.83275,1.83289,1.00,1.00
2015.04.30 17:57:09.680,1.83279,1.83289,1.00,1.00
2015.04.30 17:57:09.783,1.83279,1.83294,1.00,1.20
2015.04.30 17:57:10.190,1.83279,1.83295,1.00,1.15
2015.04.30 17:57:10.752,1.83279,1.83291,1.00,1.00
2015.04.30 17:57:11.208,1.83279,1.83295,1.00,1.15
2015.04.30 17:57:14.883,1.83277,1.83295,1.00,1.15
2015.04.30 17:57:15.705,1.83279,1.83293,1.00,1.10
2015.04.30 17:57:23.819,1.8328,1.83293,1.00,1.00
2015.04.30 17:57:23.870,1.8328,1.83296,1.00,1.00
2015.04.30 17:57:24.633,1.8328,1.83298,1.10,1.00
2015.04.30 17:57:24.785,1.83282,1.83298,1.00,1.00
2015.04.30 17:57:25.192,1.83284,1.83298,1.00,1.00
2015.04.30 17:57:25.396,1.83284,1.83302,1.00,1.00
2015.04.30 17:57:25.548,1.83288,1.83302,1.00,1.00
2015.04.30 17:57:25.807,1.83293,1.83308,1.00,1.00
2015.04.30 17:57:25.908,1.83291,1.83308,1.10,1.00
2015.04.30 17:57:26.416,1.8329,1.83308,1.00,1.07
2015.04.30 17:57:26.814,1.8329,1.83308,1.00,1.50
2015.04.30 17:57:26.916,1.83285,1.83305,1.50,1.07
2015.04.30 17:57:27.221,1.83283,1.83302,1.00,1.10
2015.04.30 17:57:27.322,1.83282,1.83301,1.50,1.87
2015.04.30 17:57:27.475,1.83279,1.83298,1.50,1.10
2015.04.30 17:57:27.526,1.83279,1.83298,1.00,1.07
2015.04.30 17:57:27.577,1.83277,1.83296,1.00,1.10
2015.04.30 17:57:29.098,1.83275,1.83296,1.00,1.37
2015.04.30 17:57:29.149,1.83272,1.83293,2.32,1.10
2015.04.30 17:57:29.460,1.83276,1.83293,1.10,1.00
2015.04.30 17:57:29.983,1.83276,1.83292,1.10,1.00
2015.04.30 17:57:30.531,1.83277,1.83292,1.00,1.00
2015.04.30 17:57:30.886,1.83273,1.83292,1.50,1.00
2015.04.30 17:57:31.191,1.83275,1.83292,1.00,1.00
2015.04.30 17:57:32.217,1.83276,1.83295,1.00,1.00
2015.04.30 17:57:33.796,1.83279,1.83295,1.00,1.00
2015.04.30 17:57:34.345,1.83279,1.83294,1.00,1.10
2015.04.30 17:57:37.170,1.83279,1.83296,1.00,1.57
2015.04.30 17:57:37.223,1.83277,1.83296,1.00,1.50
2015.04.30 17:57:37.274,1.83277,1.83296,1.00,1.07
2015.04.30 17:57:41.733,1.83277,1.83296,1.00,1.57
2015.04.30 17:57:41.784,1.83275,1.83293,1.00,1.07
2015.04.30 17:57:41.835,1.83273,1.83293,1.50,1.15
2015.04.30 17:57:42.750,1.83273,1.83288,1.00,1.00
2015.04.30 17:57:42.904,1.83271,1.83288,1.00,1.00
2015.04.30 17:57:43.310,1.83272,1.8329,1.00,1.10
2015.04.30 17:57:43.666,1.83273,1.83287,1.00,1.00
2015.04.30 17:57:44.273,1.83272,1.83288,1.00,1.50
2015.04.30 17:57:44.731,1.83271,1.83285,1.00,1.00
2015.04.30 17:57:44.948,1.83275,1.8329,1.00,1.57
2015.04.30 17:57:44.999,1.83275,1.83288,1.00,1.00
2015.04.30 17:57:45.304,1.83278,1.83295,1.00,1.10
2015.04.30 17:57:48.832,1.8328,1.83295,1.00,1.00
2015.04.30 17:57:49.137,1.83284,1.83298,1.00,1.00
2015.04.30 17:57:49.390,1.83284,1.83302,1.00,1.00
2015.04.30 17:57:49.826,1.83284,1.833,1.00,1.00
2015.04.30 17:57:50.029,1.83281,1.833,1.00,1.00
2015.04.30 17:57:50.130,1.83279,1.833,1.00,1.52
2015.04.30 17:57:50.435,1.83278,1.83296,1.50,1.00
2015.04.30 17:57:51.516,1.83279,1.83296,1.00,1.00
2015.04.30 17:57:51.841,1.83279,1.83294,1.17,1.00
2015.04.30 17:57:52.348,1.83281,1.83294,1.00,1.00
2015.04.30 17:57:53.020,1.83281,1.83296,1.00,1.00
2015.04.30 17:57:53.121,1.83279,1.83297,1.00,1.57
2015.04.30 17:57:53.426,1.83279,1.83294,1.00,1.00
2015.04.30 17:57:53.629,1.83276,1.83294,1.00,1.00
2015.04.30 17:57:55.416,1.83276,1.83292,1.00,1.00
2015.04.30 17:57:56.720,1.83276,1.83289,1.00,1.00
2015.04.30 17:57:57.864,1.83282,1.83289,1.00,1.00
2015.04.30 17:57:57.965,1.83282,1.83292,1.00,1.00
2015.04.30 17:57:58.067,1.8328,1.83295,1.00,1.10
2015.04.30 17:57:58.118,1.83283,1.83295,1.00,1.10
2015.04.30 17:57:58.423,1.8328,1.83292,1.00,1.00
2015.04.30 17:57:58.828,1.8328,1.83296,1.00,1.00
2015.04.30 17:57:59.337,1.83281,1.83296,1.00,1.00
2015.04.30 17:57:59.874,1.8328,1.83296,1.00,1.00
2015.04.30 17:58:01.166,1.83283,1.83297,1.00,1.00
2015.04.30 17:58:01.486,1.83284,1.83297,1.50,1.00
2015.04.30 17:58:01.638,1.83283,1.83297,1.15,1.00
2015.04.30 17:58:02.044,1.83283,1.83297,1.82,1.00
2015.04.30 17:58:02.350,1.83283,1.833,1.82,1.00
2015.04.30 17:58:02.870,1.83283,1.833,1.65,1.00
2015.04.30 17:58:08.308,1.83285,1.83306,1.10,1.10
2015.04.30 17:58:09.873,1.83284,1.83302,1.07,1.00
2015.04.30 17:58:11.166,1.83285,1.83306,1.10,1.10
2015.04.30 17:58:12.137,1.83284,1.83303,1.07,1.00
2015.04.30 17:58:12.472,1.83285,1.83303,1.15,1.00
2015.04.30 17:58:12.979,1.83288,1.83303,1.00,1.00
2015.04.30 17:58:13.132,1.83288,1.83307,1.00,1.00
2015.04.30 17:58:14.581,1.8329,1.83309,1.00,1.00
2015.04.30 17:58:15.005,1.83288,1.83307,1.00,1.00
2015.04.30 17:58:15.534,1.83287,1.83307,1.10,1.00
2015.04.30 17:58:16.785,1.83292,1.83307,1.00,1.00
2015.04.30 17:58:16.990,1.83293,1.83312,1.00,1.10
2015.04.30 17:58:17.497,1.83292,1.83311,2.25,1.00
2015.04.30 17:58:17.865,1.83294,1.83313,1.00,1.10
2015.04.30 17:58:18.317,1.83293,1.83311,1.20,1.00
2015.04.30 17:58:18.750,1.83295,1.83317,1.00,2.25
2015.04.30 17:58:18.903,1.83295,1.83317,1.50,1.00
2015.04.30 17:58:19.410,1.83295,1.83317,1.95,1.00
2015.04.30 17:58:19.613,1.833,1.83319,1.00,1.15
2015.04.30 17:58:19.715,1.83297,1.83317,1.00,1.00
2015.04.30 17:58:24.218,1.83297,1.83317,1.15,1.00
2015.04.30 17:58:24.370,1.83299,1.83321,1.10,1.17
2015.04.30 17:58:26.326,1.83302,1.83322,1.00,1.65
2015.04.30 17:58:27.979,1.83299,1.8332,1.10,1.10
2015.04.30 17:58:28.521,1.83299,1.8332,1.57,1.10
2015.04.30 17:58:28.983,1.83298,1.83314,1.92,1.00
2015.04.30 17:58:29.136,1.83297,1.83314,1.20,1.00
2015.04.30 17:58:29.541,1.83301,1.8332,1.00,1.17
2015.04.30 17:58:29.736,1.83298,1.83317,1.00,1.00
2015.04.30 17:58:32.094,1.83294,1.83315,2.77,1.00
2015.04.30 17:58:32.390,1.83297,1.83318,1.00,1.00
2015.04.30 17:58:32.981,1.83298,1.83317,1.00,1.00
2015.04.30 17:58:33.622,1.83297,1.83318,1.20,1.00
2015.04.30 17:58:37.658,1.83296,1.83315,1.87,1.00
2015.04.30 17:58:38.013,1.83296,1.83315,2.70,1.00
2015.04.30 17:58:38.802,1.83302,1.83321,1.00,1.17
2015.04.30 17:58:39.115,1.83299,1.83318,1.47,1.00
2015.04.30 17:58:39.767,1.83299,1.83318,3.45,1.00
2015.04.30 17:58:40.079,1.83299,1.83318,2.40,1.00
2015.04.30 17:58:40.304,1.83302,1.83321,1.00,1.00
2015.04.30 17:58:42.260,1.83302,1.83321,1.00,1.27
2015.04.30 17:58:42.565,1.83297,1.83314,1.00,1.10
2015.04.30 17:58:43.164,1.83299,1.83318,1.00,1.50
2015.04.30 17:58:43.733,1.83297,1.83313,1.00,1.00
2015.04.30 17:58:44.318,1.83293,1.83313,1.57,1.00
2015.04.30 17:58:44.783,1.83293,1.83313,1.72,1.00
2015.04.30 17:58:44.834,1.83296,1.83315,1.00,1.10
2015.04.30 17:58:45.785,1.83296,1.83315,1.00,1.07
2015.04.30 17:58:47.138,1.83298,1.83315,1.00,1.07
2015.04.30 17:58:48.122,1.83298,1.83313,1.00,1.00
2015.04.30 17:58:50.028,1.83293,1.83313,2.32,1.00
2015.04.30 17:58:50.336,1.83298,1.83317,1.00,1.00
2015.04.30 17:58:50.851,1.83298,1.83317,1.00,1.15
2015.04.30 17:58:51.201,1.83298,1.83316,1.00,1.07
2015.04.30 17:58:51.746,1.83299,1.83317,1.00,1.50
2015.04.30 17:58:52.308,1.83298,1.83317,1.50,2.62
2015.04.30 17:58:52.846,1.83298,1.83315,1.00,1.50
2015.04.30 17:58:59.766,1.83293,1.83312,1.57,1.20
2015.04.30 17:59:00.687,1.83293,1.83314,1.10,1.15
2015.04.30 17:59:01.210,1.83293,1.83313,1.10,1.50
2015.04.30 17:59:01.767,1.83296,1.83313,1.00,1.50
2015.04.30 17:59:01.869,1.83293,1.83313,1.10,1.50
2015.04.30 17:59:02.337,1.83293,1.8331,1.10,1.50
2015.04.30 17:59:06.515,1.83293,1.83308,1.00,1.50
2015.04.30 17:59:06.667,1.83288,1.83307,1.45,1.57
2015.04.30 17:59:09.442,1.83286,1.83308,2.25,2.25
2015.04.30 17:59:10.595,1.83286,1.83303,1.50,1.00
2015.04.30 17:59:10.647,1.83285,1.83299,1.75,1.50
2015.04.30 17:59:10.901,1.83277,1.83295,1.12,1.95
2015.04.30 17:59:10.952,1.83277,1.8329,1.12,1.00
2015.04.30 17:59:11.106,1.83265,1.83287,1.57,1.15
2015.04.30 17:59:11.208,1.83269,1.83287,1.00,1.65
2015.04.30 17:59:11.310,1.83267,1.83286,1.00,1.10
2015.04.30 17:59:11.361,1.83264,1.83283,1.75,1.15
2015.04.30 17:59:11.412,1.83264,1.83283,1.00,2.40
2015.04.30 17:59:11.463,1.8326,1.83276,1.00,1.00
2015.04.30 17:59:11.667,1.83253,1.83275,1.45,2.25
2015.04.30 17:59:11.769,1.83251,1.83276,2.32,1.50
2015.04.30 17:59:11.870,1.83251,1.83271,1.57,1.07
2015.04.30 17:59:12.139,1.83246,1.8327,1.57,1.50
2015.04.30 17:59:12.343,1.83249,1.8327,1.20,1.00
2015.04.30 17:59:12.547,1.83252,1.8327,1.12,1.00
2015.04.30 17:59:12.750,1.83253,1.83274,1.20,1.57
2015.04.30 17:59:13.267,1.83253,1.83274,1.20,1.15
2015.04.30 17:59:13.776,1.83251,1.8327,1.00,1.17
2015.04.30 17:59:14.081,1.83249,1.83268,1.00,1.00
2015.04.30 17:59:15.057,1.83253,1.83272,1.00,1.57
2015.04.30 17:59:15.209,1.83248,1.83273,1.12,3.00
2015.04.30 17:59:15.260,1.83248,1.83273,1.20,1.65
2015.04.30 17:59:15.564,1.83246,1.83271,1.95,1.95
2015.04.30 17:59:15.869,1.83243,1.83266,1.45,1.17
2015.04.30 17:59:16.173,1.83243,1.83264,1.12,1.17
2015.04.30 17:59:16.427,1.83236,1.83261,1.12,2.62
2015.04.30 17:59:16.985,1.83236,1.83258,1.12,1.15
2015.04.30 17:59:17.289,1.83231,1.83255,1.12,1.50
2015.04.30 17:59:17.391,1.8323,1.83255,1.20,1.50
2015.04.30 17:59:17.442,1.8323,1.83253,1.20,1.50
2015.04.30 17:59:18.677,1.83228,1.83253,1.45,2.25
2015.04.30 17:59:18.955,1.83227,1.83252,1.17,1.15
2015.04.30 17:59:22.560,1.83226,1.8325,1.10,1.82
2015.04.30 17:59:23.068,1.83225,1.83247,1.00,1.07
2015.04.30 17:59:24.353,1.83225,1.8325,1.57,1.82
2015.04.30 17:59:25.261,1.83225,1.8325,1.57,1.82
2015.04.30 17:59:25.799,1.83222,1.83248,2.02,1.82
2015.04.30 17:59:28.146,1.83222,1.83248,2.02,2.32
2015.04.30 17:59:28.370,1.83222,1.83248,2.02,2.32
2015.04.30 17:59:29.760,1.83222,1.83247,2.77,1.07
2015.04.30 17:59:30.793,1.83222,1.83246,2.70,1.07
2015.04.30 17:59:31.302,1.83221,1.83247,3.07,3.00
2015.04.30 17:59:31.810,1.83222,1.83247,1.57,2.25
2015.04.30 17:59:32.013,1.83222,1.83247,1.95,2.25
2015.04.30 17:59:32.114,1.83222,1.83247,1.57,2.25
2015.04.30 17:59:33.105,1.83222,1.83246,1.37,1.50
2015.04.30 17:59:33.207,1.83221,1.83243,1.95,1.57
2015.04.30 17:59:35.336,1.83218,1.83243,2.40,1.57
2015.04.30 17:59:36.694,1.83219,1.83243,1.55,1.57
2015.04.30 17:59:37.202,1.83218,1.83242,2.77,1.15
2015.04.30 17:59:37.912,1.83219,1.83244,1.27,3.00
2015.04.30 17:59:38.419,1.83219,1.83244,1.27,2.25
2015.04.30 17:59:39.027,1.83219,1.83244,1.27,2.25
2015.04.30 17:59:40.759,1.83217,1.83244,1.65,2.62
2015.04.30 17:59:42.152,1.83218,1.83244,1.62,2.62
2015.04.30 17:59:44.093,1.8322,1.83244,1.57,1.50
2015.04.30 17:59:44.397,1.83218,1.8324,2.25,1.50
2015.04.30 17:59:44.498,1.83215,1.83239,1.95,1.50
2015.04.30 17:59:45.009,1.83215,1.83236,1.95,1.50
2015.04.30 17:59:45.392,1.83215,1.83239,2.32,1.82
2015.04.30 17:59:45.701,1.83216,1.83239,1.12,1.82
2015.04.30 17:59:45.803,1.83216,1.83239,1.12,1.15
2015.04.30 17:59:45.905,1.83215,1.8324,2.32,1.50
2015.04.30 17:59:46.869,1.83217,1.8324,1.57,1.50
2015.04.30 17:59:47.123,1.8322,1.83244,1.50,1.27
2015.04.30 17:59:51.412,1.83223,1.83246,1.12,1.50
2015.04.30 17:59:52.425,1.83222,1.83246,2.32,1.50
2015.04.30 17:59:53.915,1.83222,1.83245,1.20,1.20
2015.04.30 17:59:54.118,1.83221,1.83242,1.50,1.65
2015.04.30 17:59:54.407,1.83219,1.83243,1.67,1.65
2015.04.30 17:59:54.510,1.83219,1.83243,1.95,1.20
2015.04.30 17:59:55.678,1.8322,1.83245,1.27,1.15
2015.04.30 17:59:56.136,1.83221,1.83247,2.02,2.25
2015.04.30 17:59:58.977,1.83222,1.83247,1.20,1.50
2015.04.30 17:59:59.130,1.83224,1.83248,1.65,1.17
2015.04.30 17:59:59.485,1.83224,1.83249,3.45,1.15
2015.04.30 17:59:59.891,1.83222,1.83246,2.32,1.07
