2012.06.24 21:00:53.727,1.25201,1.25279,0.75,0.98
2012.06.24 21:00:54.828,1.25201,1.25275,0.75,0.98
2012.06.24 21:01:01.939,1.25201,1.25274,0.75,0.98
2012.06.24 21:01:07.079,1.25187,1.25274,0.75,0.98
2012.06.24 21:01:07.410,1.25187,1.25276,0.75,0.98
2012.06.24 21:01:07.469,1.25187,1.2528,0.75,0.98
2012.06.24 21:01:20.061,1.25186,1.2528,0.75,0.98
2012.06.24 21:01:20.119,1.25186,1.25269,0.75,0.98
2012.06.24 21:01:20.451,1.25186,1.25267,0.75,0.98
2012.06.24 21:01:24.379,1.25187,1.25267,0.75,0.98
2012.06.24 21:01:27.224,1.25187,1.25266,0.75,0.75
2012.06.24 21:01:27.370,1.25181,1.25266,0.75,0.75
2012.06.24 21:01:27.470,1.25181,1.25264,0.75,0.98
2012.06.24 21:01:28.200,1.25181,1.25263,0.75,0.98
2012.06.24 21:01:30.239,1.25187,1.25263,0.75,0.98
2012.06.24 21:01:31.699,1.25187,1.25266,0.75,0.75
2012.06.24 21:01:33.867,1.25176,1.25266,0.75,0.75
2012.06.24 21:01:33.929,1.25176,1.25259,0.75,0.98
2012.06.24 21:01:34.586,1.25176,1.25253,0.75,0.75
2012.06.24 21:01:37.162,1.25182,1.25253,0.75,0.75
2012.06.24 21:01:37.466,1.25187,1.25244,0.75,0.38
2012.06.24 21:01:39.653,1.25187,1.25245,0.75,0.75
2012.06.24 21:01:51.750,1.25197,1.25245,0.75,0.75
2012.06.24 21:02:37.883,1.25187,1.25245,0.75,0.75
2012.06.24 21:02:59.214,1.25187,1.2525,0.75,0.75
2012.06.24 21:03:08.895,1.25182,1.2525,0.75,0.75
2012.06.24 21:03:11.552,1.25182,1.25249,0.75,0.38
2012.06.24 21:03:11.692,1.25187,1.25249,0.75,0.38
2012.06.24 21:03:12.000,1.25191,1.25251,0.75,0.75
2012.06.24 21:03:12.311,1.25201,1.25253,0.75,0.38
2012.06.24 21:03:16.487,1.25212,1.25253,0.75,0.38
2012.06.24 21:03:17.692,1.25212,1.25252,0.75,0.75
2012.06.24 21:03:27.142,1.25212,1.25253,0.75,0.38
2012.06.24 21:04:16.612,1.25151,1.25259,1.35,1.50
2012.06.24 21:04:19.126,1.25162,1.25259,1.95,1.50
2012.06.24 21:04:19.428,1.25201,1.25265,0.75,1.50
2012.06.24 21:04:19.911,1.25206,1.25267,0.75,1.50
2012.06.24 21:05:10.138,1.25207,1.25265,0.75,1.73
2012.06.24 21:05:19.584,1.25207,1.25267,0.75,2.70
2012.06.24 21:05:23.830,1.25207,1.25265,0.75,1.95
2012.06.24 21:05:24.319,1.25207,1.25254,0.75,1.95
2012.06.24 21:05:35.728,1.25207,1.25254,0.75,1.95
2012.06.24 21:05:44.938,1.25183,1.25252,1.73,1.95
2012.06.24 21:05:47.264,1.2518,1.25252,1.73,1.95
2012.06.24 21:05:59.195,1.25206,1.25245,0.75,1.95
2012.06.24 21:06:00.112,1.25207,1.25245,0.75,1.95
2012.06.24 21:06:00.763,1.25183,1.25251,1.73,1.95
2012.06.24 21:06:00.853,1.25183,1.25253,1.73,1.95
2012.06.24 21:06:02.418,1.25207,1.25247,0.75,1.95
2012.06.24 21:06:08.388,1.25182,1.25252,1.73,1.95
2012.06.24 21:06:29.228,1.25181,1.2525,1.73,1.95
2012.06.24 21:06:33.826,1.25181,1.2525,1.73,1.95
2012.06.24 21:06:43.768,1.25181,1.2525,1.73,1.95
2012.06.24 21:06:49.547,1.25179,1.2525,2.70,1.95
2012.06.24 21:06:53.680,1.25207,1.25248,0.75,1.95
2012.06.24 21:06:56.650,1.25179,1.25248,1.73,1.95
2012.06.24 21:06:57.879,1.25185,1.2525,1.73,1.95
2012.06.24 21:06:57.938,1.25185,1.25252,1.73,1.95
2012.06.24 21:06:59.239,1.25185,1.25252,1.73,1.95
2012.06.24 21:07:08.188,1.25185,1.25252,1.73,1.95
2012.06.24 21:07:08.489,1.25194,1.25261,1.73,1.35
2012.06.24 21:07:11.680,1.25191,1.25261,1.73,1.35
2012.06.24 21:07:28.469,1.25194,1.25261,1.73,1.35
2012.06.24 21:07:30.089,1.25192,1.25261,1.73,1.35
2012.06.24 21:07:34.358,1.25194,1.25262,1.73,1.35
2012.06.24 21:07:35.170,1.25194,1.25262,1.73,1.35
2012.06.24 21:07:35.809,1.25194,1.25263,1.73,1.95
2012.06.24 21:07:44.499,1.25193,1.25263,1.73,1.95
2012.06.24 21:07:48.960,1.25221,1.25261,0.75,1.95
2012.06.24 21:07:49.089,1.25221,1.25293,0.75,1.95
2012.06.24 21:08:09.510,1.25196,1.25294,1.73,1.95
2012.06.24 21:08:10.368,1.25196,1.25295,1.73,1.73
2012.06.24 21:08:21.372,1.25196,1.25295,1.73,1.73
2012.06.24 21:08:29.422,1.25203,1.253,1.73,1.73
2012.06.24 21:08:37.215,1.25207,1.25301,1.73,1.50
2012.06.24 21:08:37.369,1.25207,1.25301,1.73,1.50
2012.06.24 21:08:38.300,1.25207,1.25301,1.73,1.50
2012.06.24 21:08:38.792,1.25207,1.25301,1.73,1.50
2012.06.24 21:08:41.108,1.25201,1.25301,1.73,1.50
2012.06.24 21:08:44.204,1.25201,1.25301,1.73,1.50
2012.06.24 21:08:44.779,1.25201,1.25301,1.73,1.50
2012.06.24 21:08:46.342,1.2521,1.25301,1.73,1.50
2012.06.24 21:08:49.110,1.252,1.25308,1.73,1.73
2012.06.24 21:09:10.598,1.25193,1.25301,1.73,1.73
2012.06.24 21:09:12.198,1.25197,1.25306,1.73,1.73
2012.06.24 21:09:13.198,1.25197,1.25306,1.73,1.73
2012.06.24 21:09:13.319,1.2521,1.25317,1.73,1.73
2012.06.24 21:09:13.394,1.2521,1.25309,1.73,1.50
2012.06.24 21:09:28.209,1.25213,1.25312,1.73,1.45
2012.06.24 21:09:28.269,1.25213,1.25314,1.73,1.50
2012.06.24 21:09:28.660,1.25219,1.25315,1.73,1.45
2012.06.24 21:09:28.731,1.25219,1.25325,1.73,1.50
2012.06.24 21:09:29.160,1.25219,1.25325,1.73,1.50
2012.06.24 21:09:29.809,1.25219,1.25325,1.73,1.50
2012.06.24 21:09:30.490,1.25219,1.25325,1.73,1.50
2012.06.24 21:09:31.142,1.25219,1.25326,1.73,1.50
2012.06.24 21:09:31.654,1.25213,1.25325,1.73,1.50
2012.06.24 21:09:31.779,1.25207,1.25325,1.73,1.50
2012.06.24 21:09:32.132,1.25237,1.25325,0.75,1.50
2012.06.24 21:09:32.205,1.25237,1.25325,0.75,1.50
2012.06.24 21:10:31.810,1.25277,1.25326,0.75,1.50
2012.06.24 21:10:31.880,1.25277,1.25327,0.75,1.13
2012.06.24 21:10:32.384,1.25277,1.25334,0.75,1.50
2012.06.24 21:10:33.912,1.25291,1.25334,0.75,1.50
2012.06.24 21:10:34.796,1.25291,1.25334,0.75,1.50
2012.06.24 21:10:37.663,1.25291,1.25334,0.75,1.50
2012.06.24 21:10:42.311,1.25312,1.25338,0.75,1.45
2012.06.24 21:10:42.440,1.25312,1.25348,0.75,1.50
2012.06.24 21:10:44.530,1.25274,1.25348,1.13,1.50
2012.06.24 21:10:44.601,1.25286,1.25333,0.75,1.50
2012.06.24 21:10:44.940,1.25292,1.25333,0.75,1.50
2012.06.24 21:10:54.663,1.25292,1.25334,0.75,1.50
2012.06.24 21:11:11.593,1.25292,1.25332,0.75,1.50
2012.06.24 21:11:31.080,1.25292,1.25333,0.75,1.50
2012.06.24 21:11:39.205,1.25292,1.25333,0.75,1.50
2012.06.24 21:11:45.074,1.25256,1.25333,1.73,1.50
2012.06.24 21:11:49.321,1.25256,1.25333,1.73,1.50
2012.06.24 21:11:58.390,1.25255,1.25332,1.73,1.50
2012.06.24 21:12:01.532,1.25259,1.25337,1.50,1.50
2012.06.24 21:12:09.379,1.25259,1.25337,1.50,1.50
2012.06.24 21:12:16.381,1.25259,1.25337,2.20,1.50
2012.06.24 21:12:27.549,1.25262,1.25337,1.50,1.50
2012.06.24 21:12:34.385,1.25262,1.25336,1.50,1.50
2012.06.24 21:12:47.759,1.25267,1.25336,1.35,1.50
2012.06.24 21:12:49.700,1.25267,1.25336,1.35,1.50
2012.06.24 21:12:57.372,1.25268,1.25339,1.73,1.50
2012.06.24 21:13:00.672,1.25268,1.25338,1.35,1.50
2012.06.24 21:13:03.745,1.25268,1.25338,1.73,1.50
2012.06.24 21:13:07.273,1.25268,1.25338,1.73,1.50
2012.06.24 21:13:08.162,1.2527,1.25338,1.50,1.50
2012.06.24 21:13:24.004,1.2527,1.25338,1.50,1.50
2012.06.24 21:14:07.721,1.25268,1.25348,1.73,2.48
2012.06.24 21:14:19.829,1.25267,1.25349,1.73,2.48
2012.06.24 21:14:20.031,1.25271,1.25339,1.50,1.50
2012.06.24 21:14:24.298,1.25267,1.25339,1.73,1.50
2012.06.24 21:14:27.797,1.25271,1.25339,1.73,1.50
2012.06.24 21:14:29.810,1.25268,1.25339,1.73,1.50
2012.06.24 21:14:30.287,1.25302,1.25339,0.75,1.50
2012.06.24 21:14:30.394,1.25271,1.25339,1.50,1.50
2012.06.24 21:15:00.701,1.25271,1.25339,1.50,1.50
2012.06.24 21:15:00.791,1.25276,1.25342,1.13,1.50
2012.06.24 21:15:02.953,1.2528,1.25342,1.13,1.50
2012.06.24 21:15:03.082,1.2528,1.25346,1.13,1.50
2012.06.24 21:15:03.533,1.25283,1.2535,1.13,1.50
2012.06.24 21:15:03.951,1.25281,1.2535,1.73,1.50
2012.06.24 21:15:04.151,1.25279,1.25346,1.13,1.50
2012.06.24 21:15:04.291,1.25276,1.25346,1.13,1.50
2012.06.24 21:15:04.482,1.25275,1.25338,1.73,1.50
2012.06.24 21:15:25.731,1.25276,1.25341,1.13,1.50
2012.06.24 21:15:34.309,1.25279,1.25341,1.73,1.50
2012.06.24 21:15:38.871,1.25279,1.25341,1.73,1.50
2012.06.24 21:16:03.022,1.25279,1.25344,1.73,1.50
2012.06.24 21:16:16.501,1.25283,1.25354,1.50,2.55
2012.06.24 21:16:16.576,1.25299,1.25373,1.73,1.50
2012.06.24 21:16:16.971,1.25299,1.25378,1.73,1.50
2012.06.24 21:16:23.415,1.25299,1.25376,1.73,1.50
2012.06.24 21:16:24.871,1.25299,1.2537,1.73,1.13
2012.06.24 21:16:25.176,1.25299,1.25369,1.73,1.50
2012.06.24 21:16:48.713,1.25296,1.25369,1.73,1.50
2012.06.24 21:16:53.630,1.25296,1.25369,1.73,1.50
2012.06.24 21:17:24.990,1.25296,1.25377,1.73,1.73
2012.06.24 21:17:31.089,1.25307,1.25389,0.75,2.70
2012.06.24 21:17:31.282,1.25307,1.25379,0.75,1.50
2012.06.24 21:17:34.914,1.25307,1.25381,0.75,1.50
2012.06.24 21:17:53.771,1.25273,1.25381,1.50,1.50
2012.06.24 21:17:55.264,1.25277,1.25381,1.50,1.50
2012.06.24 21:17:55.591,1.25301,1.2538,1.95,1.50
2012.06.24 21:18:15.600,1.25298,1.2538,1.95,1.73
2012.06.24 21:18:20.921,1.253,1.2538,1.73,1.73
2012.06.24 21:18:20.991,1.253,1.2538,1.73,1.73
2012.06.24 21:18:31.251,1.253,1.2538,1.73,1.73
2012.06.24 21:18:49.325,1.25305,1.25382,1.73,1.50
2012.06.24 21:18:50.703,1.25305,1.25382,1.73,1.50
2012.06.24 21:18:55.270,1.25305,1.25382,1.73,1.50
2012.06.24 21:19:32.767,1.25327,1.25392,0.75,1.65
2012.06.24 21:19:55.299,1.25288,1.25392,1.50,1.65
2012.06.24 21:20:14.462,1.25307,1.2539,1.95,1.73
2012.06.24 21:20:16.884,1.25309,1.25389,1.73,3.00
2012.06.24 21:20:17.014,1.25309,1.25389,1.73,3.00
2012.06.24 21:20:17.548,1.25309,1.25389,1.73,3.38
2012.06.24 21:20:29.529,1.25309,1.25388,1.73,1.50
2012.06.24 21:21:10.461,1.25309,1.25385,1.73,1.50
2012.06.24 21:21:19.051,1.25326,1.25381,0.75,1.50
2012.06.24 21:22:10.507,1.25326,1.25389,0.75,1.13
2012.06.24 21:22:19.295,1.25272,1.25389,1.73,1.13
2012.06.24 21:22:23.371,1.25321,1.25389,0.75,1.13
2012.06.24 21:22:24.376,1.25326,1.25389,0.75,1.13
2012.06.24 21:23:02.041,1.25321,1.25389,0.75,1.13
2012.06.24 21:23:42.992,1.25321,1.25391,1.50,2.48
2012.06.24 21:23:43.062,1.25322,1.25395,1.50,1.13
2012.06.24 21:23:43.132,1.25328,1.25402,1.50,1.50
2012.06.24 21:23:44.276,1.25329,1.25406,1.13,1.50
2012.06.24 21:23:44.340,1.25329,1.25408,1.13,1.13
2012.06.24 21:23:44.905,1.25329,1.25406,1.13,1.50
2012.06.24 21:23:45.697,1.25328,1.25401,1.50,1.50
2012.06.24 21:23:50.391,1.25328,1.25401,1.50,1.50
2012.06.24 21:23:50.460,1.25326,1.25401,1.50,1.50
2012.06.24 21:23:50.862,1.25321,1.254,1.50,1.50
2012.06.24 21:23:53.502,1.25323,1.25398,1.50,1.50
2012.06.24 21:24:17.832,1.25321,1.25396,1.50,1.50
2012.06.24 21:24:20.362,1.2532,1.25396,1.50,1.50
2012.06.24 21:24:20.429,1.2532,1.25396,1.50,1.50
2012.06.24 21:24:20.802,1.25316,1.25389,1.88,1.13
2012.06.24 21:24:20.992,1.25316,1.25389,1.13,1.50
2012.06.24 21:24:21.241,1.25308,1.25388,1.13,1.50
2012.06.24 21:24:21.381,1.25301,1.25388,1.50,1.13
2012.06.24 21:25:21.263,1.25295,1.25388,1.50,1.13
2012.06.24 21:25:21.408,1.25287,1.2539,1.73,1.13
2012.06.24 21:26:08.699,1.25321,1.2539,0.75,1.13
2012.06.24 21:26:09.052,1.25298,1.25388,1.13,1.13
2012.06.24 21:26:30.382,1.25341,1.25388,0.75,1.13
2012.06.24 21:26:30.451,1.25319,1.25389,1.50,1.50
2012.06.24 21:26:31.451,1.25352,1.25393,0.75,1.88
2012.06.24 21:26:31.732,1.25352,1.25407,0.75,1.13
2012.06.24 21:26:31.801,1.25352,1.25412,0.75,3.38
2012.06.24 21:26:33.532,1.25327,1.25421,1.13,1.50
2012.06.24 21:26:33.603,1.25327,1.25438,1.50,1.50
2012.06.24 21:26:36.162,1.25327,1.25438,1.50,1.50
2012.06.24 21:26:36.291,1.25324,1.2543,1.13,1.50
2012.06.24 21:26:37.421,1.25342,1.25425,0.75,1.50
2012.06.24 21:26:40.209,1.25314,1.25425,1.13,1.50
2012.06.24 21:26:40.420,1.25313,1.25425,1.50,1.50
2012.06.24 21:26:43.492,1.25311,1.25423,1.50,1.50
2012.06.24 21:26:58.161,1.25362,1.25427,0.75,1.50
2012.06.24 21:26:58.291,1.25339,1.25426,1.50,1.13
2012.06.24 21:26:59.250,1.25372,1.25426,0.75,1.13
2012.06.24 21:27:35.172,1.25376,1.25426,0.75,1.13
2012.06.24 21:27:35.943,1.25344,1.25424,1.50,1.13
2012.06.24 21:27:36.012,1.25326,1.25393,1.73,1.50
2012.06.24 21:27:37.484,1.25319,1.25393,1.50,1.50
2012.06.24 21:27:44.534,1.25347,1.25393,0.75,1.50
2012.06.24 21:27:44.771,1.25319,1.25393,1.50,1.50
2012.06.24 21:27:45.892,1.25319,1.25393,1.50,1.50
2012.06.24 21:27:51.055,1.25319,1.25393,1.50,1.50
2012.06.24 21:27:59.415,1.25319,1.25393,1.50,1.50
2012.06.24 21:28:36.269,1.25315,1.25402,1.50,1.13
2012.06.24 21:28:58.762,1.25315,1.25399,1.50,1.50
2012.06.24 21:29:00.156,1.25315,1.25402,1.50,1.13
2012.06.24 21:29:15.052,1.25315,1.25393,1.50,1.13
2012.06.24 21:29:16.948,1.25315,1.25393,1.50,1.50
2012.06.24 21:29:18.991,1.25315,1.25393,1.50,1.50
2012.06.24 21:29:21.681,1.25324,1.25393,1.50,1.50
2012.06.24 21:29:21.751,1.25324,1.25398,1.50,1.13
2012.06.24 21:29:21.824,1.25324,1.25404,1.50,1.13
2012.06.24 21:29:21.895,1.25324,1.25407,1.50,1.13
2012.06.24 21:29:21.963,1.25324,1.25409,1.50,1.13
2012.06.24 21:29:22.091,1.25324,1.25424,1.50,1.45
2012.06.24 21:29:22.160,1.25312,1.25427,1.13,1.50
2012.06.24 21:29:29.422,1.25312,1.2542,1.13,1.50
2012.06.24 21:29:29.821,1.25308,1.25389,1.13,1.50
2012.06.24 21:29:39.520,1.25308,1.25384,1.13,1.13
2012.06.24 21:29:44.530,1.25308,1.25384,1.13,1.50
2012.06.24 21:29:53.913,1.25309,1.25389,1.50,1.13
2012.06.24 21:29:54.041,1.25309,1.25397,1.50,1.13
2012.06.24 21:29:54.113,1.25309,1.25399,1.50,1.13
2012.06.24 21:29:54.667,1.25309,1.25417,1.50,1.45
2012.06.24 21:29:54.731,1.25313,1.2543,1.13,1.50
2012.06.24 21:29:55.670,1.25362,1.2543,0.75,1.50
2012.06.24 21:29:55.741,1.25338,1.25443,1.50,1.50
2012.06.24 21:29:55.811,1.25341,1.25443,1.13,1.50
2012.06.24 21:29:56.171,1.25333,1.2544,1.50,1.50
2012.06.24 21:29:56.241,1.25304,1.25429,2.10,1.50
2012.06.24 21:29:56.711,1.25348,1.25429,1.50,1.50
2012.06.24 21:29:56.781,1.25351,1.25439,1.13,1.50
2012.06.24 21:29:56.971,1.25341,1.25438,1.45,1.50
2012.06.24 21:29:57.041,1.2532,1.25429,1.73,1.50
2012.06.24 21:29:57.172,1.25344,1.25442,1.50,1.45
2012.06.24 21:29:57.241,1.25351,1.25444,1.13,1.50
2012.06.24 21:29:58.541,1.2535,1.25444,1.13,1.50
2012.06.24 21:30:01.880,1.25346,1.25444,1.50,1.50
2012.06.24 21:30:01.951,1.25346,1.25443,1.50,1.13
2012.06.24 21:30:02.022,1.25346,1.25439,1.50,1.50
2012.06.24 21:30:02.211,1.25328,1.2543,1.50,1.13
2012.06.24 21:30:02.341,1.25313,1.2543,1.13,1.50
2012.06.24 21:30:05.698,1.25315,1.25436,1.50,1.13
2012.06.24 21:30:05.891,1.25315,1.25438,1.50,1.50
2012.06.24 21:30:06.242,1.25314,1.25438,1.50,1.50
2012.06.24 21:30:10.226,1.25323,1.25445,1.50,1.13
2012.06.24 21:30:10.351,1.25322,1.25439,1.13,1.50
2012.06.24 21:30:12.122,1.2532,1.25434,1.50,1.50
2012.06.24 21:30:33.341,1.25322,1.25447,1.13,1.13
2012.06.24 21:30:33.413,1.25322,1.25439,1.13,1.50
2012.06.24 21:30:45.110,1.25321,1.25433,1.50,1.13
2012.06.24 21:30:46.049,1.25321,1.25432,1.50,1.13
2012.06.24 21:31:10.910,1.25321,1.25432,1.50,1.50
2012.06.24 21:31:11.546,1.25317,1.25431,1.13,1.13
2012.06.24 21:31:11.893,1.25316,1.25431,1.73,1.13
2012.06.24 21:32:10.961,1.25314,1.25431,1.73,1.13
2012.06.24 21:32:11.898,1.25311,1.25438,1.95,1.50
2012.06.24 21:32:21.101,1.25328,1.25452,1.73,1.73
2012.06.24 21:32:21.172,1.25328,1.25461,1.73,1.13
2012.06.24 21:32:25.072,1.25328,1.25458,1.73,1.13
2012.06.24 21:32:25.482,1.25328,1.25453,1.73,1.13
2012.06.24 21:32:43.461,1.25325,1.25453,1.73,1.13
2012.06.24 21:33:09.366,1.25322,1.25454,1.73,1.13
2012.06.24 21:33:09.822,1.25322,1.25454,1.73,1.13
2012.06.24 21:33:38.516,1.25327,1.25456,1.13,1.50
2012.06.24 21:33:51.450,1.25328,1.25456,1.73,1.50
2012.06.24 21:34:30.521,1.25325,1.25456,1.73,1.13
2012.06.24 21:34:30.652,1.25325,1.25459,1.73,1.13
2012.06.24 21:34:30.721,1.25325,1.25462,1.73,1.35
2012.06.24 21:34:42.503,1.25334,1.25462,1.73,1.35
2012.06.24 21:35:10.910,1.25334,1.2546,1.73,1.73
2012.06.24 21:35:11.292,1.25334,1.25456,1.73,1.13
2012.06.24 21:35:27.362,1.25331,1.25456,1.73,2.10
2012.06.24 21:35:54.715,1.25355,1.25461,1.50,1.13
2012.06.24 21:35:56.762,1.25355,1.25461,1.50,1.13
2012.06.24 21:36:00.670,1.25356,1.2546,1.50,1.13
2012.06.24 21:36:02.625,1.25356,1.2546,1.50,1.13
2012.06.24 21:36:33.211,1.25357,1.25459,1.50,1.13
2012.06.24 21:36:34.642,1.25357,1.25458,1.50,1.50
2012.06.24 21:36:36.410,1.25357,1.25458,1.50,1.50
2012.06.24 21:37:01.710,1.25357,1.25458,1.50,1.50
2012.06.24 21:37:03.992,1.25357,1.25461,1.50,1.13
2012.06.24 21:37:04.062,1.25358,1.25463,1.50,1.13
2012.06.24 21:37:38.021,1.25382,1.25463,0.75,1.13
2012.06.24 21:37:38.090,1.25352,1.25463,1.50,1.13
2012.06.24 21:37:42.501,1.25352,1.25461,1.50,1.13
2012.06.24 21:37:53.680,1.25352,1.25463,1.50,1.88
2012.06.24 21:37:58.710,1.25352,1.25463,1.50,1.88
2012.06.24 21:38:24.302,1.25351,1.25462,1.73,1.13
2012.06.24 21:39:08.560,1.25347,1.25462,1.73,1.13
2012.06.24 21:39:37.042,1.25371,1.25462,1.50,1.13
2012.06.24 21:39:37.762,1.25353,1.25461,1.50,1.13
2012.06.24 21:39:38.920,1.25351,1.25459,1.13,1.50
2012.06.24 21:39:39.750,1.25352,1.25462,1.50,1.50
2012.06.24 21:39:41.092,1.25352,1.25459,1.50,1.50
2012.06.24 21:39:41.498,1.25349,1.25454,1.50,1.50
2012.06.24 21:39:42.110,1.25353,1.25461,1.50,1.13
2012.06.24 21:39:44.474,1.2535,1.25459,1.50,1.50
2012.06.24 21:39:45.202,1.25357,1.25453,1.13,1.50
2012.06.24 21:39:45.452,1.25351,1.25453,1.73,1.50
2012.06.24 21:39:45.581,1.25353,1.25459,1.50,1.50
2012.06.24 21:39:45.712,1.2537,1.2546,1.50,1.13
2012.06.24 21:39:45.842,1.2537,1.25462,1.50,3.00
2012.06.24 21:39:45.973,1.25352,1.2546,1.50,1.13
2012.06.24 21:39:47.933,1.25382,1.25463,0.75,1.88
2012.06.24 21:39:48.183,1.25361,1.25462,1.13,1.50
2012.06.24 21:39:49.152,1.25365,1.25463,1.13,1.13
2012.06.24 21:39:49.462,1.25371,1.25462,1.50,1.13
2012.06.24 21:39:50.432,1.2535,1.25442,1.73,1.13
2012.06.24 21:39:50.502,1.2535,1.25442,1.73,1.13
2012.06.24 21:39:50.572,1.25346,1.25442,1.13,1.50
2012.06.24 21:39:52.156,1.25346,1.25442,1.13,1.50
2012.06.24 21:39:52.461,1.2535,1.25446,1.13,1.50
2012.06.24 21:39:53.422,1.25356,1.25446,1.13,3.00
2012.06.24 21:39:53.993,1.25357,1.25445,1.50,1.13
2012.06.24 21:39:54.062,1.25357,1.25446,1.50,3.00
2012.06.24 21:39:54.192,1.25357,1.2545,1.50,2.25
2012.06.24 21:39:54.382,1.2536,1.25457,1.50,1.13
2012.06.24 21:39:54.452,1.2536,1.25459,1.50,3.75
2012.06.24 21:39:54.521,1.2536,1.25459,1.50,3.38
2012.06.24 21:39:54.652,1.2536,1.25459,1.50,4.13
2012.06.24 21:39:55.029,1.2536,1.25458,1.50,1.13
2012.06.24 21:39:55.802,1.25366,1.25459,1.50,3.75
2012.06.24 21:39:56.378,1.25366,1.25458,1.50,1.50
2012.06.24 21:39:57.369,1.25366,1.25421,1.50,0.38
2012.06.24 21:39:57.433,1.25366,1.25443,1.50,1.13
2012.06.24 21:39:57.682,1.25349,1.25441,1.50,1.13
2012.06.24 21:39:57.752,1.25349,1.25441,2.25,1.13
2012.06.24 21:39:57.944,1.25354,1.2545,1.50,3.38
2012.06.24 21:39:58.013,1.25359,1.2545,1.50,2.63
2012.06.24 21:39:58.082,1.25359,1.2545,1.50,2.25
2012.06.24 21:39:58.154,1.25359,1.25443,1.50,1.13
2012.06.24 21:39:58.896,1.2535,1.25437,1.50,1.13
2012.06.24 21:39:59.233,1.25353,1.2544,1.50,1.13
2012.06.24 21:39:59.302,1.25353,1.2544,1.50,1.13
2012.06.24 21:40:00.113,1.25353,1.2544,1.50,1.13
2012.06.24 21:40:00.422,1.25357,1.25436,1.50,1.13
2012.06.24 21:40:00.493,1.25357,1.25436,1.50,1.13
2012.06.24 21:40:00.692,1.2535,1.25436,1.50,1.13
2012.06.24 21:40:00.822,1.2535,1.2544,1.50,1.13
2012.06.24 21:40:00.895,1.25353,1.25444,1.50,1.13
2012.06.24 21:40:00.962,1.25353,1.25446,1.50,3.00
2012.06.24 21:40:02.214,1.25363,1.25453,1.50,1.13
2012.06.24 21:40:02.283,1.25363,1.25454,1.50,3.00
2012.06.24 21:40:02.352,1.25363,1.25453,1.50,1.13
2012.06.24 21:40:02.662,1.25351,1.25437,1.13,1.13
2012.06.24 21:40:02.792,1.25351,1.25441,1.13,1.13
2012.06.24 21:40:03.013,1.25355,1.25441,1.13,1.13
2012.06.24 21:40:03.082,1.25355,1.25441,1.13,1.13
2012.06.24 21:40:03.212,1.25355,1.25446,1.13,3.00
2012.06.24 21:40:03.282,1.25355,1.25446,1.13,3.00
2012.06.24 21:40:03.931,1.25355,1.25448,1.13,1.13
2012.06.24 21:40:04.392,1.2536,1.25438,1.50,2.25
2012.06.24 21:40:04.464,1.2536,1.25438,1.50,2.63
2012.06.24 21:40:04.532,1.25351,1.25436,1.13,1.13
2012.06.24 21:40:04.932,1.25351,1.25436,1.13,1.13
2012.06.24 21:40:06.388,1.25351,1.25436,1.13,1.13
2012.06.24 21:40:06.522,1.25353,1.2544,1.13,1.13
2012.06.24 21:40:06.653,1.25353,1.25442,1.13,3.00
2012.06.24 21:40:07.239,1.25359,1.25444,1.13,1.13
2012.06.24 21:40:07.764,1.25361,1.25437,1.50,1.13
2012.06.24 21:40:08.463,1.25347,1.25433,1.50,1.13
2012.06.24 21:40:08.653,1.25351,1.25438,1.13,2.25
2012.06.24 21:40:08.722,1.25351,1.25445,1.13,1.88
2012.06.24 21:40:09.823,1.25355,1.25436,1.13,1.13
2012.06.24 21:40:10.712,1.25359,1.2544,1.13,1.50
2012.06.24 21:40:11.357,1.25359,1.2544,1.13,1.50
2012.06.24 21:40:11.749,1.25349,1.2543,1.50,1.13
2012.06.24 21:40:12.172,1.25349,1.2543,1.50,1.13
2012.06.24 21:40:12.462,1.25349,1.2543,1.50,1.13
2012.06.24 21:40:12.533,1.25352,1.25435,1.50,1.13
2012.06.24 21:40:12.662,1.25352,1.25435,1.50,1.13
2012.06.24 21:40:12.793,1.25352,1.25435,1.50,1.13
2012.06.24 21:40:13.924,1.25352,1.2543,1.50,1.13
2012.06.24 21:40:13.993,1.25352,1.254,1.50,0.38
2012.06.24 21:40:14.371,1.2534,1.25423,1.50,1.13
2012.06.24 21:40:14.442,1.2534,1.25423,1.50,1.13
2012.06.24 21:40:14.511,1.2534,1.25423,1.50,1.13
2012.06.24 21:40:14.642,1.2534,1.25423,1.50,1.13
2012.06.24 21:40:14.773,1.2534,1.25423,1.50,1.13
2012.06.24 21:40:14.963,1.25346,1.25425,1.50,1.13
2012.06.24 21:40:15.032,1.25346,1.25425,1.50,1.13
2012.06.24 21:40:15.164,1.25349,1.25431,1.13,1.50
2012.06.24 21:40:15.233,1.25349,1.25431,1.13,1.13
2012.06.24 21:40:17.934,1.25354,1.25436,1.50,1.13
2012.06.24 21:40:18.062,1.25354,1.25436,1.50,1.13
2012.06.24 21:40:21.861,1.25354,1.25436,1.50,1.13
2012.06.24 21:40:22.214,1.25357,1.25443,1.50,1.13
2012.06.24 21:40:24.642,1.25357,1.25443,1.50,1.88
2012.06.24 21:40:29.844,1.2536,1.25443,1.13,1.50
2012.06.24 21:40:29.972,1.25366,1.25433,1.13,1.50
2012.06.24 21:40:30.403,1.25349,1.25433,1.50,1.50
2012.06.24 21:40:30.475,1.25349,1.25434,1.50,1.13
2012.06.24 21:40:30.673,1.25356,1.25439,1.13,2.25
2012.06.24 21:40:30.752,1.25356,1.25439,1.13,1.50
2012.06.24 21:40:32.163,1.2536,1.25444,1.13,1.50
2012.06.24 21:40:32.532,1.25368,1.25443,1.50,1.50
2012.06.24 21:40:32.932,1.25356,1.25439,1.50,1.50
2012.06.24 21:40:33.068,1.25356,1.25439,1.50,1.50
2012.06.24 21:40:33.143,1.25356,1.25441,1.50,1.13
2012.06.24 21:40:33.212,1.25356,1.25441,1.50,1.13
2012.06.24 21:40:34.484,1.25356,1.25428,1.50,1.13
2012.06.24 21:40:35.662,1.25345,1.25428,1.50,1.13
2012.06.24 21:40:35.732,1.25345,1.25428,1.50,1.13
2012.06.24 21:40:35.863,1.25349,1.25432,1.50,1.13
2012.06.24 21:40:35.932,1.25349,1.25432,1.50,1.13
2012.06.24 21:40:36.184,1.25355,1.25438,1.13,2.25
2012.06.24 21:40:36.252,1.25355,1.25438,1.13,1.50
2012.06.24 21:40:37.213,1.25348,1.25433,1.50,1.13
2012.06.24 21:40:37.282,1.25348,1.25433,1.50,1.13
2012.06.24 21:40:43.203,1.2535,1.25435,1.50,1.13
2012.06.24 21:40:43.331,1.2535,1.25435,1.50,1.13
2012.06.24 21:40:43.462,1.2535,1.25435,1.50,1.13
2012.06.24 21:40:43.746,1.25355,1.25438,1.13,1.50
2012.06.24 21:40:52.161,1.25355,1.25438,1.13,1.50
2012.06.24 21:40:52.712,1.25359,1.25442,1.13,1.50
2012.06.24 21:40:55.491,1.25358,1.25439,1.13,1.50
2012.06.24 21:40:56.058,1.25355,1.25438,1.13,1.50
2012.06.24 21:41:02.451,1.25353,1.25434,1.50,1.50
2012.06.24 21:41:02.882,1.25353,1.25434,1.50,1.50
2012.06.24 21:41:23.594,1.25353,1.25436,1.50,1.13
2012.06.24 21:41:31.971,1.25357,1.2544,1.50,1.13
2012.06.24 21:41:32.041,1.25357,1.2544,1.50,1.13
2012.06.24 21:41:33.362,1.25358,1.25443,1.13,2.25
2012.06.24 21:41:33.433,1.25358,1.25439,1.13,1.50
2012.06.24 21:42:00.640,1.25356,1.25441,1.50,1.13
2012.06.24 21:42:00.712,1.25356,1.25441,1.50,1.13
2012.06.24 21:42:00.781,1.25359,1.2544,1.13,1.50
2012.06.24 21:42:01.359,1.25359,1.2544,1.13,1.50
2012.06.24 21:42:03.951,1.25359,1.2544,1.13,1.50
2012.06.24 21:42:04.723,1.25359,1.2544,1.13,1.50
2012.06.24 21:42:05.933,1.25359,1.25438,1.13,1.50
2012.06.24 21:42:06.002,1.25359,1.25438,1.13,1.50
2012.06.24 21:42:06.352,1.25358,1.25437,1.50,1.13
2012.06.24 21:42:19.873,1.25358,1.25437,1.50,1.13
2012.06.24 21:42:20.003,1.25359,1.2544,1.13,1.50
2012.06.24 21:42:20.074,1.25359,1.2544,1.13,1.50
2012.06.24 21:42:23.751,1.25359,1.25438,1.13,1.50
2012.06.24 21:42:24.464,1.25359,1.25438,1.13,1.50
2012.06.24 21:42:26.145,1.25357,1.25434,1.50,1.50
2012.06.24 21:42:40.012,1.2536,1.25434,1.13,1.50
2012.06.24 21:43:04.881,1.25359,1.25438,1.50,1.88
2012.06.24 21:43:05.073,1.25363,1.25438,1.50,1.13
2012.06.24 21:43:07.842,1.25367,1.25454,1.50,1.13
2012.06.24 21:43:10.544,1.25368,1.25461,1.13,1.13
2012.06.24 21:43:13.180,1.25368,1.25468,1.13,1.50
2012.06.24 21:44:02.901,1.25368,1.2547,1.13,1.13
2012.06.24 21:44:05.131,1.25374,1.2547,1.13,1.13
2012.06.24 21:44:26.762,1.25374,1.25469,1.13,1.13
2012.06.24 21:44:28.853,1.25374,1.25469,1.13,1.13
2012.06.24 21:44:35.451,1.25374,1.25469,1.13,1.13
2012.06.24 21:45:02.361,1.25374,1.2547,1.13,1.13
2012.06.24 21:45:02.777,1.25374,1.2547,1.13,1.13
2012.06.24 21:45:13.859,1.2537,1.2547,1.73,1.13
2012.06.24 21:45:14.191,1.2537,1.2546,1.73,1.75
2012.06.24 21:45:36.734,1.25373,1.25469,1.50,1.13
2012.06.24 21:46:37.053,1.2537,1.25476,1.73,1.50
2012.06.24 21:46:37.722,1.25368,1.25482,2.70,1.50
2012.06.24 21:46:58.181,1.2537,1.25469,1.73,1.13
2012.06.24 21:47:58.394,1.25367,1.25474,2.48,1.50
2012.06.24 21:48:12.288,1.25367,1.25481,1.73,1.50
2012.06.24 21:48:12.520,1.25368,1.25481,1.95,1.50
2012.06.24 21:48:27.641,1.25368,1.25481,1.95,1.50
2012.06.24 21:48:47.931,1.25368,1.25481,1.95,1.50
2012.06.24 21:49:01.942,1.25369,1.2547,1.73,1.13
2012.06.24 21:50:02.512,1.25372,1.25484,1.73,1.13
2012.06.24 21:50:02.994,1.25373,1.2548,1.13,1.50
2012.06.24 21:50:03.304,1.25373,1.25476,1.50,1.50
2012.06.24 21:50:03.731,1.25373,1.25476,1.50,1.50
2012.06.24 21:50:58.241,1.25372,1.25477,1.50,1.50
2012.06.24 21:50:58.945,1.25379,1.25477,1.50,1.50
2012.06.24 21:51:53.431,1.25373,1.25476,1.50,1.50
2012.06.24 21:51:53.981,1.25373,1.25476,1.50,1.50
2012.06.24 21:52:07.432,1.25379,1.25478,1.50,1.50
2012.06.24 21:52:07.693,1.25378,1.25479,1.50,2.25
2012.06.24 21:52:13.152,1.25382,1.25478,1.50,1.50
2012.06.24 21:53:08.534,1.25382,1.25479,1.50,2.25
2012.06.24 21:53:09.231,1.25378,1.25479,1.50,2.25
2012.06.24 21:53:47.291,1.25388,1.25476,1.13,1.50
2012.06.24 21:53:47.673,1.25393,1.25471,1.50,1.50
2012.06.24 21:53:50.561,1.25392,1.25476,1.50,1.50
2012.06.24 21:53:54.520,1.25392,1.25476,2.20,1.50
2012.06.24 21:53:55.641,1.25392,1.25475,2.20,1.50
2012.06.24 21:54:03.623,1.25389,1.25474,1.50,1.50
2012.06.24 21:54:04.301,1.25392,1.25475,1.50,1.50
2012.06.24 21:54:07.363,1.25392,1.25474,1.50,1.50
2012.06.24 21:54:10.331,1.25392,1.25469,1.50,1.50
2012.06.24 21:54:10.463,1.25393,1.25468,1.50,1.13
2012.06.24 21:54:10.668,1.25395,1.25471,1.50,1.13
2012.06.24 21:54:13.045,1.25395,1.2547,1.50,1.13
2012.06.24 21:54:14.695,1.25396,1.25473,1.50,1.13
2012.06.24 21:54:15.123,1.25396,1.25473,1.50,1.13
2012.06.24 21:54:16.239,1.25396,1.2547,1.50,1.50
2012.06.24 21:54:24.633,1.25394,1.25472,2.20,1.13
2012.06.24 21:54:26.331,1.25391,1.25467,1.50,1.13
2012.06.24 21:55:05.800,1.25386,1.25467,2.25,1.50
2012.06.24 21:55:06.440,1.2539,1.25468,1.50,1.13
2012.06.24 21:55:13.151,1.25395,1.25468,1.45,1.13
2012.06.24 21:55:14.281,1.25391,1.25468,1.50,1.13
2012.06.24 21:55:17.009,1.25391,1.25473,1.50,1.50
2012.06.24 21:55:19.742,1.25391,1.25473,1.50,1.50
2012.06.24 21:55:20.514,1.2539,1.25474,2.20,1.50
2012.06.24 21:55:36.303,1.25402,1.25469,2.20,1.50
2012.06.24 21:55:36.613,1.25406,1.25476,1.50,1.50
2012.06.24 21:55:38.904,1.25406,1.25474,1.50,1.13
2012.06.24 21:55:41.523,1.25405,1.25476,1.50,1.50
2012.06.24 21:55:49.664,1.25402,1.25471,1.50,1.13
2012.06.24 21:56:00.678,1.25401,1.25471,1.88,1.50
2012.06.24 21:56:01.448,1.25402,1.2547,1.50,1.13
2012.06.24 21:56:14.933,1.25402,1.25475,1.50,1.50
2012.06.24 21:56:15.532,1.25402,1.25471,1.50,1.13
2012.06.24 21:56:27.351,1.25402,1.25471,1.50,1.50
2012.06.24 21:56:37.233,1.25401,1.25477,1.50,1.50
2012.06.24 21:56:46.411,1.25408,1.25477,1.13,1.50
2012.06.24 21:56:46.483,1.25419,1.25478,1.13,2.25
2012.06.24 21:56:47.001,1.25421,1.25482,1.13,1.88
2012.06.24 21:56:47.534,1.25427,1.25482,1.13,1.13
2012.06.24 21:56:48.694,1.25422,1.25482,1.50,1.13
2012.06.24 21:56:48.764,1.25421,1.25477,1.13,1.13
2012.06.24 21:56:48.892,1.25417,1.25477,1.50,1.13
2012.06.24 21:56:49.033,1.25414,1.25473,1.50,1.13
2012.06.24 21:56:50.243,1.25402,1.2547,1.50,1.50
2012.06.24 21:56:50.315,1.254,1.25463,1.50,1.13
2012.06.24 21:57:50.416,1.25382,1.2548,1.35,2.05
2012.06.24 21:57:51.023,1.25382,1.25473,1.35,1.35
2012.06.24 21:57:52.521,1.25383,1.25473,1.95,1.35
2012.06.24 21:57:54.131,1.25385,1.25473,1.73,2.10
2012.06.24 21:58:17.533,1.25385,1.25473,1.73,2.10
2012.06.24 21:58:20.621,1.25385,1.25473,1.73,2.10
2012.06.24 21:58:53.165,1.25383,1.25473,1.13,2.10
2012.06.24 21:58:53.375,1.25383,1.25473,1.13,2.10
2012.06.24 21:59:21.022,1.25401,1.25464,0.75,0.75
2012.06.24 21:59:21.961,1.25406,1.25469,0.75,0.75
