2012.09.24 07:00:01.674,1.26648,1.26669,4.50,2.10
2012.09.24 07:00:01.826,1.26648,1.26666,3.00,1.35
2012.09.24 07:00:08.274,1.26646,1.26666,2.25,1.35
2012.09.24 07:00:08.433,1.26648,1.26666,1.50,1.35
2012.09.24 07:00:08.515,1.26648,1.26666,1.50,1.35
2012.09.24 07:00:09.635,1.26653,1.26664,1.50,1.13
2012.09.24 07:00:10.143,1.26655,1.26664,1.50,1.13
2012.09.24 07:00:10.717,1.2665,1.26665,1.50,1.35
2012.09.24 07:00:10.811,1.26653,1.26665,1.50,1.35
2012.09.24 07:00:11.493,1.26652,1.26664,1.50,1.73
2012.09.24 07:00:11.854,1.2665,1.26664,1.50,1.73
2012.09.24 07:00:14.366,1.2665,1.26666,1.50,1.35
2012.09.24 07:00:14.447,1.2665,1.26664,1.50,1.73
2012.09.24 07:00:15.045,1.26652,1.26664,1.50,1.73
2012.09.24 07:00:15.846,1.26648,1.26664,2.25,2.48
2012.09.24 07:00:16.516,1.26648,1.26661,1.50,1.35
2012.09.24 07:00:16.664,1.26647,1.26661,1.50,1.35
2012.09.24 07:00:20.021,1.26643,1.26658,2.25,1.35
2012.09.24 07:00:20.103,1.26643,1.26658,1.50,1.35
2012.09.24 07:00:21.176,1.26646,1.26654,2.25,1.35
2012.09.24 07:00:21.839,1.2664,1.26654,1.50,1.35
2012.09.24 07:00:22.118,1.26635,1.26653,3.75,1.35
2012.09.24 07:00:22.782,1.26635,1.26654,3.00,2.10
2012.09.24 07:00:22.893,1.26635,1.26654,2.25,2.10
2012.09.24 07:00:23.395,1.26635,1.26653,1.50,1.73
2012.09.24 07:00:23.836,1.26637,1.26653,1.50,1.73
2012.09.24 07:00:24.296,1.26637,1.26654,2.25,1.35
2012.09.24 07:00:24.389,1.26635,1.26654,2.25,2.10
2012.09.24 07:00:24.480,1.26635,1.26653,2.25,1.73
2012.09.24 07:00:24.634,1.26633,1.26652,1.50,1.73
2012.09.24 07:00:24.866,1.26633,1.2665,1.50,1.35
2012.09.24 07:00:26.983,1.2663,1.26646,2.25,1.35
2012.09.24 07:00:27.137,1.26629,1.26646,1.50,1.35
2012.09.24 07:00:28.636,1.26628,1.26642,1.50,1.35
2012.09.24 07:00:30.716,1.26627,1.26641,1.50,1.35
2012.09.24 07:00:32.416,1.26626,1.26641,1.50,1.35
2012.09.24 07:00:32.587,1.26628,1.26641,1.50,1.35
2012.09.24 07:00:33.275,1.26626,1.26641,1.50,1.35
2012.09.24 07:00:33.745,1.26629,1.26644,1.50,1.35
2012.09.24 07:00:35.424,1.26631,1.26647,1.50,2.50
2012.09.24 07:00:35.643,1.26631,1.26647,3.00,1.75
2012.09.24 07:00:36.525,1.26631,1.26648,3.00,1.38
2012.09.24 07:00:36.828,1.26631,1.26647,3.00,1.38
2012.09.24 07:00:36.986,1.26631,1.26647,3.00,1.38
2012.09.24 07:00:38.084,1.26631,1.26648,1.50,1.73
2012.09.24 07:00:38.235,1.26627,1.26648,4.50,1.73
2012.09.24 07:00:38.314,1.26632,1.26648,1.50,1.73
2012.09.24 07:00:40.164,1.26627,1.26648,4.50,1.73
2012.09.24 07:00:41.594,1.26631,1.26648,1.50,1.73
2012.09.24 07:00:41.885,1.26631,1.26649,4.73,1.35
2012.09.24 07:00:42.478,1.26631,1.26649,4.50,1.35
2012.09.24 07:00:43.971,1.26631,1.26649,1.50,2.10
2012.09.24 07:00:45.284,1.26628,1.26649,2.25,3.60
2012.09.24 07:00:46.324,1.26635,1.26649,1.50,3.60
2012.09.24 07:00:46.612,1.26635,1.2665,1.50,2.48
2012.09.24 07:00:48.337,1.26632,1.2665,1.50,2.48
2012.09.24 07:00:50.899,1.26632,1.26648,1.50,1.73
2012.09.24 07:00:53.532,1.26636,1.26649,1.50,2.10
2012.09.24 07:00:53.615,1.26636,1.26649,1.50,1.35
2012.09.24 07:00:53.698,1.26638,1.26653,1.50,2.10
2012.09.24 07:00:54.414,1.26634,1.26653,1.50,2.10
2012.09.24 07:00:55.154,1.26635,1.26653,1.50,1.35
2012.09.24 07:00:55.303,1.26638,1.26653,1.50,1.35
2012.09.24 07:00:56.348,1.26635,1.26653,1.50,1.35
2012.09.24 07:00:57.602,1.26634,1.26653,1.50,1.35
2012.09.24 07:00:59.454,1.2663,1.26648,1.50,1.73
2012.09.24 07:00:59.536,1.2663,1.26648,1.50,1.73
2012.09.24 07:01:00.347,1.2663,1.26644,1.50,1.35
2012.09.24 07:01:01.566,1.26628,1.26644,2.63,2.10
2012.09.24 07:01:02.223,1.26627,1.26644,2.25,1.35
2012.09.24 07:01:07.162,1.26628,1.26644,1.50,1.35
2012.09.24 07:01:07.314,1.2663,1.26644,1.50,1.35
2012.09.24 07:01:07.476,1.26629,1.26644,1.73,1.35
2012.09.24 07:01:07.632,1.26629,1.26644,1.50,1.35
2012.09.24 07:01:10.902,1.26629,1.26644,1.50,1.35
2012.09.24 07:01:14.513,1.26629,1.26644,1.50,1.35
2012.09.24 07:01:17.687,1.26629,1.26644,1.50,1.35
2012.09.24 07:01:18.024,1.26629,1.26643,1.50,1.73
2012.09.24 07:01:20.731,1.26629,1.26644,1.50,1.35
2012.09.24 07:01:26.154,1.26629,1.26644,1.50,1.35
2012.09.24 07:01:28.412,1.26626,1.26641,1.73,1.35
2012.09.24 07:01:28.775,1.2663,1.2664,1.50,1.35
2012.09.24 07:01:28.930,1.2663,1.26646,1.73,3.23
2012.09.24 07:01:29.365,1.26629,1.26646,1.50,2.48
2012.09.24 07:01:32.533,1.26629,1.26647,1.73,2.48
2012.09.24 07:01:37.786,1.26628,1.26636,1.50,1.13
2012.09.24 07:01:38.098,1.26622,1.26636,1.35,1.13
2012.09.24 07:01:38.256,1.2662,1.26632,1.35,1.35
2012.09.24 07:01:38.413,1.26619,1.26632,1.73,1.35
2012.09.24 07:01:40.919,1.26617,1.26632,2.48,1.35
2012.09.24 07:01:41.004,1.26617,1.26632,2.48,1.35
2012.09.24 07:01:41.154,1.26617,1.26632,2.48,1.35
2012.09.24 07:01:43.070,1.26615,1.26631,1.35,1.13
2012.09.24 07:01:43.158,1.26615,1.26629,1.35,1.13
2012.09.24 07:01:43.244,1.26614,1.26628,1.88,1.73
2012.09.24 07:01:43.745,1.26612,1.26629,2.37,1.35
2012.09.24 07:01:44.316,1.26616,1.26629,1.50,1.35
2012.09.24 07:01:45.010,1.26622,1.2663,2.25,1.35
2012.09.24 07:01:45.177,1.2663,1.2664,1.50,1.73
2012.09.24 07:01:45.616,1.26631,1.26645,1.50,1.80
2012.09.24 07:01:47.298,1.26628,1.26645,1.35,1.35
2012.09.24 07:01:47.949,1.26632,1.26643,1.50,1.73
2012.09.24 07:01:48.175,1.26635,1.26648,1.50,1.73
2012.09.24 07:01:48.529,1.26632,1.26648,1.73,1.73
2012.09.24 07:01:49.155,1.26632,1.26649,2.48,1.35
2012.09.24 07:01:50.317,1.26632,1.26646,1.73,1.35
2012.09.24 07:01:50.737,1.26631,1.26644,2.48,1.88
2012.09.24 07:01:51.036,1.26631,1.26649,2.85,2.85
2012.09.24 07:01:53.003,1.26631,1.26649,1.35,2.10
2012.09.24 07:01:54.774,1.26629,1.26644,1.73,1.13
2012.09.24 07:01:55.066,1.26629,1.26644,1.50,1.35
2012.09.24 07:01:55.256,1.26629,1.26644,1.73,1.13
2012.09.24 07:01:56.677,1.26628,1.26644,1.73,2.63
2012.09.24 07:01:56.757,1.26627,1.26644,2.48,1.13
2012.09.24 07:01:56.848,1.26633,1.26644,1.73,1.13
2012.09.24 07:01:57.363,1.26633,1.26645,1.73,1.35
2012.09.24 07:01:57.875,1.26633,1.2665,1.73,1.35
2012.09.24 07:02:04.417,1.26633,1.26648,1.73,1.73
2012.09.24 07:02:05.417,1.26635,1.26653,1.50,1.35
2012.09.24 07:02:05.514,1.26637,1.26654,2.48,2.13
2012.09.24 07:02:05.816,1.26633,1.2665,2.48,1.50
2012.09.24 07:02:05.892,1.26634,1.2665,1.54,1.73
2012.09.24 07:02:06.585,1.26633,1.2665,2.48,1.73
2012.09.24 07:02:06.875,1.26633,1.26648,1.50,1.73
2012.09.24 07:02:08.205,1.26633,1.26648,3.19,1.73
2012.09.24 07:02:11.453,1.26634,1.26648,1.04,1.73
2012.09.24 07:02:12.692,1.26634,1.26649,1.79,1.35
2012.09.24 07:02:12.972,1.26634,1.26649,1.04,2.10
2012.09.24 07:02:14.770,1.26634,1.26649,2.07,2.10
2012.09.24 07:02:16.754,1.26634,1.26649,1.79,2.10
2012.09.24 07:02:16.833,1.26634,1.26649,2.54,1.35
2012.09.24 07:02:17.194,1.26634,1.26648,1.13,1.73
2012.09.24 07:02:18.308,1.26634,1.26649,2.54,1.35
2012.09.24 07:02:18.933,1.26634,1.26648,1.41,1.73
2012.09.24 07:02:19.368,1.26633,1.26646,2.07,1.35
2012.09.24 07:02:19.888,1.26634,1.26649,1.54,2.85
2012.09.24 07:02:20.413,1.26634,1.26649,2.01,2.10
2012.09.24 07:02:21.113,1.26634,1.26649,1.35,1.35
2012.09.24 07:02:23.546,1.26633,1.26648,2.29,1.35
2012.09.24 07:02:24.135,1.26634,1.26648,1.32,1.35
2012.09.24 07:02:24.533,1.26635,1.26648,1.13,1.35
2012.09.24 07:02:25.123,1.26634,1.26648,1.35,1.35
2012.09.24 07:02:27.745,1.26635,1.26652,1.50,1.35
2012.09.24 07:02:27.898,1.26637,1.26653,1.73,1.35
2012.09.24 07:02:28.224,1.26637,1.26657,2.48,1.50
2012.09.24 07:02:28.533,1.26642,1.26657,1.73,1.13
2012.09.24 07:02:28.710,1.26646,1.26659,1.50,1.73
2012.09.24 07:02:29.079,1.26646,1.26659,1.73,1.50
2012.09.24 07:02:29.256,1.26643,1.26659,3.23,1.35
2012.09.24 07:02:29.356,1.26648,1.26658,1.50,1.13
2012.09.24 07:02:29.448,1.26642,1.26661,2.10,1.35
2012.09.24 07:02:30.792,1.26641,1.26658,1.73,1.35
2012.09.24 07:02:31.267,1.26639,1.26658,1.35,1.88
2012.09.24 07:02:32.010,1.26638,1.26658,3.60,1.88
2012.09.24 07:02:32.374,1.26638,1.26657,3.60,1.50
2012.09.24 07:02:33.798,1.26641,1.26658,1.73,2.10
2012.09.24 07:02:35.494,1.26641,1.2666,2.48,1.73
2012.09.24 07:02:37.798,1.26649,1.26664,2.48,1.13
2012.09.24 07:02:38.034,1.26648,1.26664,1.62,1.50
2012.09.24 07:02:38.120,1.26648,1.26664,1.62,1.73
2012.09.24 07:02:38.845,1.26646,1.26664,1.73,2.48
2012.09.24 07:02:39.366,1.26645,1.26663,1.73,1.13
2012.09.24 07:02:39.455,1.26644,1.26663,1.73,1.13
2012.09.24 07:02:39.674,1.26643,1.26663,3.87,1.35
2012.09.24 07:02:40.486,1.26646,1.26663,1.73,3.60
2012.09.24 07:02:43.006,1.26646,1.26663,2.85,2.48
2012.09.24 07:02:43.155,1.2665,1.26669,1.73,2.48
2012.09.24 07:02:43.374,1.26652,1.2667,2.85,2.13
2012.09.24 07:02:43.944,1.26654,1.26672,1.35,1.73
2012.09.24 07:02:44.515,1.26654,1.26672,1.73,1.73
2012.09.24 07:02:45.830,1.26653,1.26667,1.73,1.73
2012.09.24 07:02:46.336,1.26653,1.2667,1.73,3.98
2012.09.24 07:02:47.046,1.26653,1.2667,1.73,1.73
2012.09.24 07:02:47.350,1.26651,1.26663,1.64,1.13
2012.09.24 07:02:47.795,1.26652,1.26662,1.41,1.35
2012.09.24 07:02:48.053,1.26651,1.26668,1.13,2.48
2012.09.24 07:02:48.211,1.26652,1.26668,2.10,2.48
2012.09.24 07:02:48.755,1.26654,1.26669,2.85,2.10
2012.09.24 07:02:49.256,1.26656,1.26669,1.50,1.35
2012.09.24 07:02:49.576,1.26655,1.26672,1.62,3.40
2012.09.24 07:02:49.944,1.26655,1.26674,1.62,3.98
2012.09.24 07:02:51.345,1.26653,1.26673,2.48,2.10
2012.09.24 07:02:52.078,1.26651,1.26671,2.48,2.25
2012.09.24 07:02:52.435,1.26653,1.26666,1.50,1.73
2012.09.24 07:02:52.866,1.26646,1.26663,3.23,1.73
2012.09.24 07:02:53.418,1.26647,1.26668,2.48,3.23
2012.09.24 07:02:54.596,1.26647,1.26668,2.48,3.23
2012.09.24 07:02:54.672,1.26647,1.26668,2.48,3.23
2012.09.24 07:02:57.916,1.26648,1.26666,1.73,2.48
2012.09.24 07:03:00.197,1.26648,1.26666,1.35,2.48
2012.09.24 07:03:00.958,1.26648,1.26666,1.13,3.60
2012.09.24 07:03:01.608,1.26645,1.26666,1.73,3.60
2012.09.24 07:03:02.195,1.26645,1.26666,1.73,4.35
2012.09.24 07:03:02.912,1.26648,1.26664,1.62,1.73
2012.09.24 07:03:04.423,1.26646,1.26662,1.88,2.10
2012.09.24 07:03:04.854,1.26647,1.26662,1.13,2.10
2012.09.24 07:03:04.935,1.26647,1.26662,1.35,2.10
2012.09.24 07:03:05.097,1.26647,1.26662,1.62,2.10
2012.09.24 07:03:05.328,1.26649,1.26664,1.50,1.73
2012.09.24 07:03:05.499,1.26647,1.26664,2.37,2.48
2012.09.24 07:03:06.088,1.26647,1.26664,2.37,2.48
2012.09.24 07:03:06.632,1.26652,1.26664,1.39,2.48
2012.09.24 07:03:07.268,1.26652,1.26667,1.39,1.38
2012.09.24 07:03:07.833,1.26652,1.26668,1.39,1.38
2012.09.24 07:03:09.465,1.26652,1.26667,1.39,1.38
2012.09.24 07:03:09.970,1.26652,1.26669,2.14,2.85
2012.09.24 07:03:10.330,1.26652,1.26664,1.39,2.25
2012.09.24 07:03:10.882,1.26651,1.26666,1.39,1.35
2012.09.24 07:03:11.242,1.26646,1.26661,2.37,1.73
2012.09.24 07:03:11.673,1.26649,1.26667,1.73,1.35
2012.09.24 07:03:11.895,1.26649,1.26669,3.23,2.10
2012.09.24 07:03:12.414,1.26651,1.26663,2.37,1.50
2012.09.24 07:03:12.578,1.26647,1.2666,2.14,1.73
2012.09.24 07:03:13.260,1.26642,1.2666,1.50,2.10
2012.09.24 07:03:13.576,1.26642,1.26661,3.23,1.35
2012.09.24 07:03:14.011,1.26649,1.26663,1.50,1.35
2012.09.24 07:03:14.097,1.26647,1.26669,1.62,4.35
2012.09.24 07:03:14.188,1.26647,1.26669,2.37,3.60
2012.09.24 07:03:15.946,1.26649,1.26669,1.62,4.35
2012.09.24 07:03:17.665,1.26647,1.26669,2.37,3.60
2012.09.24 07:03:18.025,1.26647,1.26664,3.49,1.50
2012.09.24 07:03:18.108,1.26649,1.2667,2.48,2.10
2012.09.24 07:03:18.866,1.26651,1.26667,1.35,1.50
2012.09.24 07:03:18.943,1.26651,1.26665,1.35,1.50
2012.09.24 07:03:19.023,1.26651,1.26669,1.35,2.48
2012.09.24 07:03:20.562,1.26651,1.26671,1.35,2.48
2012.09.24 07:03:23.968,1.26653,1.26674,1.73,2.85
2012.09.24 07:03:24.060,1.26653,1.26673,1.73,1.73
2012.09.24 07:03:24.577,1.26653,1.26674,1.35,3.98
2012.09.24 07:03:24.878,1.26653,1.26673,1.35,1.35
2012.09.24 07:03:24.969,1.26653,1.26673,1.35,3.23
2012.09.24 07:03:25.337,1.26653,1.26672,2.85,1.35
2012.09.24 07:03:26.058,1.26659,1.26673,1.50,1.35
2012.09.24 07:03:26.153,1.2666,1.26679,1.35,1.75
2012.09.24 07:03:26.375,1.2666,1.26679,2.10,1.35
2012.09.24 07:03:26.454,1.2666,1.26683,2.10,2.48
2012.09.24 07:03:29.542,1.26663,1.26683,1.62,2.13
2012.09.24 07:03:31.635,1.26665,1.26684,2.48,2.48
2012.09.24 07:03:31.924,1.26668,1.26688,1.35,2.48
2012.09.24 07:03:32.007,1.26668,1.26688,1.35,3.23
2012.09.24 07:03:32.170,1.26669,1.26689,3.00,2.48
2012.09.24 07:03:32.255,1.26669,1.26689,3.23,2.48
2012.09.24 07:03:33.075,1.26675,1.26689,1.50,2.48
2012.09.24 07:03:34.512,1.26669,1.26688,2.48,2.10
2012.09.24 07:03:35.443,1.26669,1.26688,2.48,1.73
2012.09.24 07:03:35.596,1.26672,1.26691,2.48,1.73
2012.09.24 07:03:36.373,1.26672,1.2669,2.48,1.73
2012.09.24 07:03:37.616,1.26667,1.26686,2.48,1.73
2012.09.24 07:03:38.178,1.26667,1.26686,2.48,1.73
2012.09.24 07:03:44.473,1.26663,1.26682,1.73,1.73
2012.09.24 07:03:45.064,1.26665,1.26684,1.73,1.35
2012.09.24 07:03:45.880,1.26663,1.26684,2.48,2.10
2012.09.24 07:03:46.415,1.26663,1.26684,3.23,1.35
2012.09.24 07:03:47.158,1.26663,1.26684,3.12,2.10
2012.09.24 07:03:49.004,1.26665,1.26686,2.48,1.73
2012.09.24 07:03:49.084,1.26665,1.26687,2.48,1.32
2012.09.24 07:03:49.614,1.26664,1.26685,1.73,3.23
2012.09.24 07:03:50.683,1.26662,1.26684,2.37,1.35
2012.09.24 07:03:50.976,1.26661,1.26681,2.48,2.10
2012.09.24 07:03:52.115,1.26656,1.26678,2.10,2.10
2012.09.24 07:03:53.116,1.26658,1.26678,2.48,1.35
2012.09.24 07:03:54.529,1.26658,1.26678,1.50,1.35
2012.09.24 07:03:55.463,1.2666,1.26678,1.39,1.73
2012.09.24 07:03:56.173,1.26657,1.26678,2.48,1.73
2012.09.24 07:03:56.393,1.26657,1.26676,1.50,3.23
2012.09.24 07:03:57.124,1.26658,1.26677,1.50,2.10
2012.09.24 07:03:58.363,1.26658,1.26677,1.73,1.35
2012.09.24 07:04:01.384,1.26658,1.26677,2.37,1.35
2012.09.24 07:04:03.604,1.26658,1.26677,2.14,1.35
2012.09.24 07:04:05.052,1.26658,1.26677,1.50,1.35
2012.09.24 07:04:05.994,1.26663,1.26677,1.50,1.35
2012.09.24 07:04:06.218,1.26659,1.26677,2.25,1.35
2012.09.24 07:04:06.363,1.26659,1.2668,2.25,2.48
2012.09.24 07:04:06.514,1.26661,1.26681,1.73,1.35
2012.09.24 07:04:06.878,1.26661,1.26682,2.48,2.88
2012.09.24 07:04:07.193,1.26649,1.26664,2.48,1.73
2012.09.24 07:04:07.706,1.2665,1.26666,1.73,1.35
2012.09.24 07:04:08.067,1.26642,1.2666,1.73,1.50
2012.09.24 07:04:08.147,1.26642,1.26659,1.73,2.48
2012.09.24 07:04:08.239,1.26643,1.26658,1.17,1.73
2012.09.24 07:04:08.394,1.26642,1.26658,1.13,1.73
2012.09.24 07:04:08.475,1.26642,1.26658,1.32,1.73
2012.09.24 07:04:09.120,1.26644,1.26661,2.14,3.23
2012.09.24 07:04:09.206,1.26646,1.26663,1.35,2.85
2012.09.24 07:04:14.972,1.26644,1.26661,4.62,1.73
2012.09.24 07:04:16.137,1.26646,1.26661,1.62,1.73
2012.09.24 07:04:16.972,1.26646,1.26664,2.37,1.73
2012.09.24 07:04:18.254,1.26648,1.26664,1.39,1.73
2012.09.24 07:04:20.636,1.26647,1.26664,1.62,1.73
2012.09.24 07:04:22.715,1.26644,1.26663,3.23,1.73
2012.09.24 07:04:23.075,1.26638,1.26657,2.48,2.85
2012.09.24 07:04:23.584,1.26638,1.26657,2.48,2.85
2012.09.24 07:04:24.248,1.26638,1.26657,2.48,1.35
2012.09.24 07:04:24.944,1.26638,1.26657,3.98,1.35
2012.09.24 07:04:25.473,1.26638,1.26657,1.73,1.35
2012.09.24 07:04:25.707,1.26638,1.26657,1.73,1.35
2012.09.24 07:04:25.797,1.2664,1.26659,1.73,3.98
2012.09.24 07:04:27.386,1.2664,1.26659,2.48,2.10
2012.09.24 07:04:29.694,1.26643,1.26659,1.50,1.35
2012.09.24 07:04:31.164,1.26639,1.26659,2.48,1.35
2012.09.24 07:04:31.804,1.26641,1.26661,1.35,1.73
2012.09.24 07:04:31.889,1.26639,1.26656,2.48,1.35
2012.09.24 07:04:31.973,1.26639,1.26656,2.25,1.35
2012.09.24 07:04:32.474,1.26639,1.26656,1.50,1.35
2012.09.24 07:04:32.557,1.26637,1.26654,3.23,1.73
2012.09.24 07:04:32.732,1.26637,1.26652,1.50,1.35
2012.09.24 07:04:33.023,1.26635,1.26653,1.50,2.10
2012.09.24 07:04:33.600,1.26635,1.2665,1.50,1.35
2012.09.24 07:04:33.758,1.26632,1.2665,1.88,1.73
2012.09.24 07:04:33.834,1.26632,1.26652,2.10,2.48
2012.09.24 07:04:34.124,1.26632,1.26651,2.63,1.73
2012.09.24 07:04:35.113,1.26635,1.26652,2.25,1.73
2012.09.24 07:04:35.213,1.26635,1.26648,1.50,1.73
2012.09.24 07:04:35.876,1.26635,1.26649,1.50,1.73
2012.09.24 07:04:39.344,1.26635,1.26653,1.73,1.73
2012.09.24 07:04:40.093,1.26633,1.26653,1.73,1.73
2012.09.24 07:04:40.654,1.26633,1.26654,2.48,2.10
2012.09.24 07:04:40.987,1.26633,1.26653,2.48,1.35
2012.09.24 07:04:41.503,1.26635,1.26653,1.35,2.10
2012.09.24 07:04:42.909,1.26639,1.26653,1.13,1.35
2012.09.24 07:04:43.218,1.26642,1.26662,2.85,1.35
2012.09.24 07:04:44.926,1.26644,1.26665,1.73,1.35
2012.09.24 07:04:45.636,1.26644,1.26665,1.73,2.48
2012.09.24 07:04:46.428,1.26644,1.26665,1.73,2.25
2012.09.24 07:04:46.519,1.26645,1.26666,3.23,1.13
2012.09.24 07:04:46.605,1.26645,1.26666,2.48,1.35
2012.09.24 07:04:46.898,1.26646,1.26667,3.23,2.48
2012.09.24 07:04:47.457,1.26647,1.26667,1.73,2.48
2012.09.24 07:04:48.514,1.26646,1.26668,2.48,2.48
2012.09.24 07:04:49.439,1.26648,1.26668,1.73,2.25
2012.09.24 07:04:49.685,1.26652,1.26671,2.10,1.73
2012.09.24 07:04:50.255,1.26648,1.26668,2.85,1.73
2012.09.24 07:04:50.557,1.26651,1.26671,2.48,1.35
2012.09.24 07:04:50.777,1.26651,1.26669,1.73,1.73
2012.09.24 07:04:51.664,1.26648,1.26663,2.48,1.50
2012.09.24 07:04:51.746,1.26648,1.26663,2.48,1.73
2012.09.24 07:04:52.304,1.26648,1.26663,2.48,1.73
2012.09.24 07:04:52.382,1.26648,1.26667,3.23,1.69
2012.09.24 07:04:52.575,1.26648,1.26667,2.48,2.07
2012.09.24 07:04:53.098,1.26648,1.26667,2.48,2.07
2012.09.24 07:04:53.892,1.26648,1.26664,2.48,1.73
2012.09.24 07:04:54.165,1.26648,1.26666,1.73,1.35
2012.09.24 07:04:54.314,1.26646,1.26664,3.23,1.73
2012.09.24 07:04:55.081,1.26646,1.26661,2.48,1.50
2012.09.24 07:04:55.248,1.26646,1.26661,1.73,2.07
2012.09.24 07:04:55.615,1.26642,1.26661,3.23,2.07
2012.09.24 07:04:57.114,1.26642,1.26659,2.48,1.73
2012.09.24 07:04:57.687,1.26642,1.26659,2.25,1.73
2012.09.24 07:04:58.226,1.26642,1.2666,3.23,1.73
2012.09.24 07:04:58.548,1.26643,1.26661,1.73,1.73
2012.09.24 07:04:58.635,1.26647,1.26663,1.35,4.73
2012.09.24 07:04:59.560,1.26647,1.26663,1.35,1.50
2012.09.24 07:04:59.746,1.26651,1.2667,3.23,2.48
2012.09.24 07:05:00.052,1.26651,1.26665,2.48,1.50
2012.09.24 07:05:00.394,1.26646,1.26666,2.85,1.69
2012.09.24 07:05:00.482,1.26646,1.26666,2.10,2.44
2012.09.24 07:05:00.713,1.26649,1.26667,1.50,2.10
2012.09.24 07:05:01.032,1.26657,1.26667,1.50,1.88
2012.09.24 07:05:01.129,1.26657,1.26667,2.25,2.10
2012.09.24 07:05:01.228,1.2666,1.26667,1.50,1.50
2012.09.24 07:05:01.612,1.26667,1.26675,1.50,2.25
2012.09.24 07:05:01.972,1.26672,1.26679,1.35,1.50
2012.09.24 07:05:02.905,1.26672,1.26684,1.73,1.50
2012.09.24 07:05:03.061,1.26678,1.26688,1.73,2.25
2012.09.24 07:05:03.167,1.26684,1.26694,1.73,1.50
2012.09.24 07:05:03.457,1.26686,1.26692,3.12,1.50
2012.09.24 07:05:03.596,1.26688,1.267,1.35,1.50
2012.09.24 07:05:03.890,1.26694,1.267,1.13,2.25
2012.09.24 07:05:03.997,1.26695,1.267,1.13,2.25
2012.09.24 07:05:04.108,1.26694,1.26699,1.13,2.25
2012.09.24 07:05:06.586,1.26691,1.26698,2.89,1.50
2012.09.24 07:05:09.014,1.26694,1.26715,3.45,1.50
2012.09.24 07:05:10.702,1.2669,1.26708,2.48,1.13
2012.09.24 07:05:10.821,1.26691,1.26708,1.88,2.10
2012.09.24 07:05:10.913,1.26693,1.26708,1.50,2.10
2012.09.24 07:05:11.314,1.26691,1.26708,1.88,1.35
2012.09.24 07:05:11.699,1.26694,1.26705,1.69,1.35
2012.09.24 07:05:12.017,1.26682,1.26695,1.69,1.73
2012.09.24 07:05:12.109,1.26681,1.26695,2.28,1.73
2012.09.24 07:05:12.338,1.26687,1.26699,1.50,2.48
2012.09.24 07:05:12.508,1.26679,1.26697,1.73,2.48
2012.09.24 07:05:12.670,1.2668,1.26697,1.73,2.48
2012.09.24 07:05:12.760,1.26677,1.26697,1.73,2.48
2012.09.24 07:05:13.267,1.26676,1.267,3.60,2.85
2012.09.24 07:05:13.356,1.26677,1.267,1.73,2.85
2012.09.24 07:05:13.578,1.2668,1.267,1.35,2.85
2012.09.24 07:05:13.799,1.26682,1.26696,1.73,1.35
2012.09.24 07:05:14.628,1.2668,1.26699,1.73,1.35
2012.09.24 07:05:14.734,1.2668,1.26699,1.73,1.35
2012.09.24 07:05:14.888,1.26682,1.26703,3.23,3.63
2012.09.24 07:05:15.120,1.26685,1.26705,1.73,1.15
2012.09.24 07:05:15.438,1.2669,1.26709,1.73,2.50
2012.09.24 07:05:15.747,1.2669,1.26709,1.73,2.10
2012.09.24 07:05:17.540,1.2669,1.26709,1.73,2.10
2012.09.24 07:05:17.841,1.26694,1.26704,1.73,1.50
2012.09.24 07:05:17.930,1.26694,1.26709,1.50,2.85
2012.09.24 07:05:18.025,1.26692,1.2671,2.48,1.50
2012.09.24 07:05:18.110,1.2669,1.26707,3.23,1.50
2012.09.24 07:05:18.342,1.2669,1.26704,1.50,1.13
2012.09.24 07:05:18.429,1.2669,1.26704,1.73,1.35
2012.09.24 07:05:19.056,1.26689,1.26703,3.23,1.50
2012.09.24 07:05:19.152,1.26689,1.26703,1.50,2.10
2012.09.24 07:05:19.664,1.26687,1.26707,2.48,1.73
2012.09.24 07:05:20.032,1.26688,1.26708,2.48,2.85
2012.09.24 07:05:20.114,1.26688,1.26708,2.48,1.88
2012.09.24 07:05:21.020,1.2669,1.26709,1.35,2.63
2012.09.24 07:05:21.106,1.2669,1.26709,1.35,1.88
2012.09.24 07:05:21.199,1.2669,1.26709,1.35,1.88
2012.09.24 07:05:21.569,1.26693,1.26712,1.73,1.50
2012.09.24 07:05:21.661,1.26691,1.26712,6.12,1.73
2012.09.24 07:05:22.099,1.26696,1.26714,2.85,1.88
2012.09.24 07:05:22.615,1.26696,1.26717,1.35,2.48
2012.09.24 07:05:22.702,1.26697,1.26717,1.73,2.48
2012.09.24 07:05:23.027,1.26701,1.26717,2.37,1.50
2012.09.24 07:05:23.116,1.26701,1.26717,2.37,1.50
2012.09.24 07:05:23.647,1.26702,1.26723,1.35,3.23
2012.09.24 07:05:23.748,1.267,1.2672,1.35,2.48
2012.09.24 07:05:23.840,1.267,1.26715,1.35,1.69
2012.09.24 07:05:24.171,1.26697,1.26708,1.13,1.73
2012.09.24 07:05:24.484,1.26695,1.26707,1.50,1.35
2012.09.24 07:05:24.718,1.26697,1.26708,1.13,2.07
2012.09.24 07:05:25.240,1.26697,1.26706,1.13,1.13
2012.09.24 07:05:25.412,1.26697,1.26708,1.50,1.50
2012.09.24 07:05:25.665,1.26697,1.2671,2.48,1.50
2012.09.24 07:05:25.918,1.26697,1.26711,1.73,3.23
2012.09.24 07:05:26.076,1.26693,1.26709,2.83,1.50
2012.09.24 07:05:26.297,1.26693,1.26711,1.73,2.25
2012.09.24 07:05:26.469,1.26693,1.26708,1.73,1.13
2012.09.24 07:05:27.103,1.26693,1.26708,2.10,1.13
2012.09.24 07:05:27.756,1.26694,1.26713,2.48,1.50
2012.09.24 07:05:27.928,1.26693,1.26713,1.35,1.73
2012.09.24 07:05:28.168,1.26692,1.26713,1.73,2.10
2012.09.24 07:05:28.547,1.26692,1.26714,3.98,1.73
2012.09.24 07:05:29.405,1.26693,1.26716,2.48,2.10
2012.09.24 07:05:29.553,1.26693,1.26716,3.23,2.10
2012.09.24 07:05:30.278,1.26696,1.26714,1.35,1.73
2012.09.24 07:05:30.368,1.26696,1.26718,2.85,1.35
2012.09.24 07:05:30.460,1.26696,1.26719,3.60,2.48
2012.09.24 07:05:31.616,1.26698,1.26719,2.48,2.10
2012.09.24 07:05:31.780,1.26698,1.2672,2.85,1.35
2012.09.24 07:05:31.870,1.26699,1.26721,1.35,2.48
2012.09.24 07:05:32.318,1.267,1.26721,1.58,2.10
2012.09.24 07:05:32.835,1.26701,1.26722,1.58,1.62
2012.09.24 07:05:33.142,1.26697,1.2672,2.10,1.73
2012.09.24 07:05:33.227,1.26698,1.2672,1.35,1.73
2012.09.24 07:05:33.939,1.26695,1.26716,1.35,1.73
2012.09.24 07:05:34.097,1.26697,1.26713,1.50,1.35
2012.09.24 07:05:34.671,1.26696,1.26714,1.35,1.73
2012.09.24 07:05:35.197,1.26694,1.26713,1.73,1.35
2012.09.24 07:05:35.707,1.26696,1.26713,1.35,1.35
2012.09.24 07:05:36.296,1.26696,1.26713,1.35,1.35
2012.09.24 07:05:36.611,1.26696,1.26713,2.10,1.35
2012.09.24 07:05:36.699,1.26696,1.26716,2.10,1.73
2012.09.24 07:05:36.873,1.267,1.26718,1.73,2.48
2012.09.24 07:05:36.962,1.26701,1.26717,1.62,1.50
2012.09.24 07:05:37.532,1.26701,1.26721,1.62,1.35
2012.09.24 07:05:38.277,1.26701,1.26716,1.62,1.88
2012.09.24 07:05:38.365,1.26698,1.26716,1.62,2.10
2012.09.24 07:05:38.446,1.26698,1.26716,1.62,2.10
2012.09.24 07:05:38.596,1.26698,1.26716,1.62,1.13
2012.09.24 07:05:38.898,1.26699,1.26716,1.35,1.13
2012.09.24 07:05:39.199,1.267,1.26719,1.62,1.13
2012.09.24 07:05:39.289,1.26702,1.26723,1.73,1.53
2012.09.24 07:05:39.845,1.26701,1.26724,1.73,1.75
2012.09.24 07:05:40.814,1.267,1.26721,2.37,1.50
2012.09.24 07:05:40.936,1.267,1.2672,1.62,1.35
2012.09.24 07:05:41.030,1.267,1.2672,1.62,1.13
2012.09.24 07:05:41.117,1.26697,1.2672,3.23,1.35
2012.09.24 07:05:41.203,1.26697,1.2672,3.23,1.35
2012.09.24 07:05:41.987,1.26701,1.26722,1.73,1.13
2012.09.24 07:05:42.075,1.26704,1.26724,1.62,1.73
2012.09.24 07:05:42.378,1.26706,1.26724,1.73,1.35
2012.09.24 07:05:42.926,1.26706,1.26724,1.73,1.35
2012.09.24 07:05:43.295,1.26706,1.26724,1.73,1.35
2012.09.24 07:05:44.794,1.26708,1.26727,2.37,1.35
2012.09.24 07:05:45.523,1.26708,1.26728,2.37,2.10
2012.09.24 07:05:47.381,1.26708,1.26728,2.37,1.13
2012.09.24 07:05:48.735,1.26708,1.26728,2.37,1.88
2012.09.24 07:05:48.822,1.26703,1.26725,2.07,1.35
2012.09.24 07:05:48.910,1.26708,1.26728,1.35,1.13
2012.09.24 07:05:48.997,1.26708,1.26728,1.35,1.13
2012.09.24 07:05:49.216,1.26708,1.26731,2.10,1.73
2012.09.24 07:05:49.918,1.26708,1.26728,1.73,1.13
2012.09.24 07:05:50.229,1.26708,1.26729,1.73,2.85
2012.09.24 07:05:50.317,1.26707,1.26725,1.35,2.25
2012.09.24 07:05:50.476,1.26704,1.26724,2.10,1.50
2012.09.24 07:05:50.920,1.26701,1.26724,1.13,2.63
2012.09.24 07:05:51.011,1.267,1.26719,1.35,1.50
2012.09.24 07:05:51.595,1.26697,1.26718,3.98,1.73
2012.09.24 07:05:52.137,1.26697,1.2672,3.23,2.48
2012.09.24 07:05:52.811,1.267,1.26717,1.73,1.35
2012.09.24 07:05:53.386,1.26698,1.26717,1.73,1.35
2012.09.24 07:05:53.678,1.267,1.26719,2.48,1.50
2012.09.24 07:05:54.046,1.267,1.26717,2.48,1.13
2012.09.24 07:05:54.505,1.26701,1.26718,1.73,1.13
2012.09.24 07:05:54.727,1.267,1.26717,1.73,1.13
2012.09.24 07:05:54.966,1.26701,1.26718,1.73,1.13
2012.09.24 07:05:55.437,1.267,1.26719,1.73,1.50
2012.09.24 07:05:55.526,1.26701,1.26719,1.73,1.50
2012.09.24 07:05:56.102,1.267,1.26719,1.73,1.50
2012.09.24 07:05:56.188,1.26701,1.26719,1.73,1.50
2012.09.24 07:05:56.274,1.26701,1.26719,1.73,1.73
2012.09.24 07:05:56.357,1.267,1.26719,1.73,1.73
2012.09.24 07:05:56.518,1.26701,1.26719,1.73,1.73
2012.09.24 07:05:56.956,1.267,1.26718,1.73,1.73
2012.09.24 07:05:57.263,1.267,1.26718,1.73,1.50
2012.09.24 07:05:57.625,1.26701,1.26719,1.73,1.73
2012.09.24 07:05:57.849,1.267,1.26719,1.73,1.73
2012.09.24 07:05:58.060,1.267,1.26715,1.73,1.35
2012.09.24 07:05:58.146,1.26699,1.26715,1.73,1.35
2012.09.24 07:05:58.379,1.26698,1.26715,1.73,1.35
2012.09.24 07:06:00.059,1.26696,1.26715,1.73,1.35
2012.09.24 07:06:00.149,1.26696,1.26715,1.73,1.35
2012.09.24 07:06:01.705,1.26696,1.26716,1.73,1.35
2012.09.24 07:06:02.064,1.26694,1.26715,2.48,1.35
2012.09.24 07:06:02.355,1.26694,1.26715,3.23,1.35
2012.09.24 07:06:02.508,1.26696,1.26718,1.73,4.13
2012.09.24 07:06:03.490,1.26697,1.26715,1.73,1.35
2012.09.24 07:06:04.205,1.26697,1.26718,1.73,2.25
2012.09.24 07:06:04.495,1.26698,1.26718,1.73,2.25
2012.09.24 07:06:04.661,1.26698,1.26719,2.25,1.13
2012.09.24 07:06:04.827,1.26698,1.26719,1.73,1.35
2012.09.24 07:06:05.268,1.26695,1.26716,1.73,2.63
2012.09.24 07:06:05.356,1.26695,1.26716,1.73,2.85
2012.09.24 07:06:08.007,1.26692,1.26711,1.73,1.50
2012.09.24 07:06:08.163,1.26692,1.26713,2.48,1.50
2012.09.24 07:06:08.242,1.26692,1.26713,2.25,2.25
2012.09.24 07:06:08.324,1.26692,1.26713,2.48,2.25
2012.09.24 07:06:11.171,1.26692,1.26713,1.73,3.00
2012.09.24 07:06:11.395,1.26693,1.26713,1.35,2.25
2012.09.24 07:06:12.043,1.26692,1.26713,1.35,2.25
2012.09.24 07:06:12.425,1.26692,1.26713,1.73,2.25
2012.09.24 07:06:12.644,1.26691,1.26713,1.73,2.25
2012.09.24 07:06:13.103,1.26691,1.26713,1.73,1.50
2012.09.24 07:06:13.768,1.26691,1.26713,2.48,2.25
2012.09.24 07:06:13.940,1.26693,1.26714,1.73,1.35
2012.09.24 07:06:14.233,1.26691,1.26714,2.85,1.35
2012.09.24 07:06:14.540,1.26688,1.26707,1.35,2.85
2012.09.24 07:06:14.770,1.26689,1.26707,1.35,2.10
2012.09.24 07:06:14.997,1.2669,1.26707,1.73,1.35
2012.09.24 07:06:15.559,1.26687,1.26707,2.48,1.35
2012.09.24 07:06:15.787,1.26691,1.2671,2.48,3.23
2012.09.24 07:06:16.080,1.26691,1.2671,1.73,2.48
2012.09.24 07:06:16.249,1.26691,1.26711,2.48,1.73
2012.09.24 07:06:16.419,1.26691,1.26711,2.10,2.44
2012.09.24 07:06:17.147,1.26691,1.26707,1.35,1.35
2012.09.24 07:06:17.530,1.26686,1.26705,1.73,2.10
2012.09.24 07:06:19.985,1.26687,1.26707,2.48,1.35
2012.09.24 07:06:21.270,1.26691,1.2671,2.85,1.35
2012.09.24 07:06:21.424,1.26691,1.26713,2.85,1.13
2012.09.24 07:06:21.698,1.26694,1.26715,1.39,3.23
2012.09.24 07:06:22.018,1.26706,1.26724,1.39,3.25
2012.09.24 07:06:22.649,1.26711,1.26725,2.89,1.53
2012.09.24 07:06:22.873,1.26711,1.26725,2.89,1.13
2012.09.24 07:06:23.025,1.26711,1.26727,2.89,1.88
2012.09.24 07:06:23.176,1.26714,1.26727,2.25,1.50
2012.09.24 07:06:24.286,1.26715,1.26727,1.39,1.50
2012.09.24 07:06:24.857,1.26712,1.26727,1.62,1.50
2012.09.24 07:06:25.826,1.26715,1.26729,1.62,1.50
2012.09.24 07:06:25.991,1.26715,1.26733,1.62,3.60
2012.09.24 07:06:26.083,1.26715,1.26733,1.62,3.38
2012.09.24 07:06:26.187,1.26717,1.26734,1.73,1.90
2012.09.24 07:06:26.800,1.26718,1.26728,1.73,1.50
2012.09.24 07:06:27.579,1.26715,1.26727,1.50,1.50
2012.09.24 07:06:27.675,1.26712,1.26727,3.98,1.88
2012.09.24 07:06:28.480,1.26712,1.26725,1.73,1.50
2012.09.24 07:06:28.570,1.26712,1.26723,1.73,2.25
2012.09.24 07:06:28.963,1.26711,1.26725,1.73,1.88
2012.09.24 07:06:29.932,1.26712,1.26728,1.73,1.50
2012.09.24 07:06:30.018,1.26712,1.26728,1.73,1.50
2012.09.24 07:06:30.197,1.26712,1.26728,1.73,1.73
2012.09.24 07:06:30.289,1.26711,1.26728,1.73,1.73
2012.09.24 07:06:30.374,1.26711,1.26728,1.73,1.50
2012.09.24 07:06:30.686,1.26712,1.26731,1.73,2.85
2012.09.24 07:06:30.908,1.26711,1.26728,1.73,1.13
2012.09.24 07:06:31.601,1.26715,1.26729,1.73,1.50
2012.09.24 07:06:31.696,1.26718,1.26728,1.73,1.50
2012.09.24 07:06:32.617,1.26716,1.26722,1.73,1.50
2012.09.24 07:06:32.701,1.26711,1.26721,2.48,1.50
2012.09.24 07:06:33.077,1.26711,1.26723,2.10,1.50
2012.09.24 07:06:33.375,1.26718,1.26729,1.50,2.25
2012.09.24 07:06:33.930,1.26718,1.26729,1.73,1.50
2012.09.24 07:06:34.380,1.26714,1.26732,2.85,1.13
2012.09.24 07:06:34.620,1.26714,1.26732,2.10,1.35
2012.09.24 07:06:34.846,1.26714,1.2673,2.10,1.88
2012.09.24 07:06:35.355,1.26714,1.2673,2.10,1.88
2012.09.24 07:06:35.575,1.26714,1.2673,1.35,2.63
2012.09.24 07:06:36.106,1.26714,1.26732,1.35,2.85
2012.09.24 07:06:36.627,1.26715,1.26732,1.73,1.88
2012.09.24 07:06:37.814,1.26715,1.26732,1.73,1.88
2012.09.24 07:06:40.279,1.26717,1.26734,1.73,1.35
2012.09.24 07:06:40.367,1.26719,1.26734,1.73,1.13
2012.09.24 07:06:40.463,1.26721,1.26736,1.73,1.13
2012.09.24 07:06:40.709,1.26721,1.26739,1.73,1.35
2012.09.24 07:06:41.214,1.26721,1.26737,1.65,1.50
2012.09.24 07:06:42.182,1.26726,1.2674,1.58,3.00
2012.09.24 07:06:42.272,1.26721,1.26737,1.58,1.50
2012.09.24 07:06:44.348,1.26718,1.26735,2.10,1.50
2012.09.24 07:06:45.950,1.26724,1.26735,1.88,1.50
2012.09.24 07:06:46.037,1.26724,1.26742,1.88,2.13
2012.09.24 07:06:46.128,1.26724,1.26742,2.10,1.15
2012.09.24 07:06:46.209,1.26724,1.26743,2.10,2.13
2012.09.24 07:06:46.738,1.26725,1.26745,1.35,2.13
2012.09.24 07:06:46.963,1.26726,1.26745,1.73,1.50
2012.09.24 07:06:47.046,1.26732,1.26749,1.73,2.10
2012.09.24 07:06:47.269,1.2674,1.26749,1.50,2.10
2012.09.24 07:06:47.599,1.26746,1.26757,1.50,1.35
2012.09.24 07:06:47.767,1.26743,1.26757,2.37,1.35
2012.09.24 07:06:47.848,1.26738,1.26757,1.73,1.35
2012.09.24 07:06:48.489,1.26738,1.26755,1.73,1.50
2012.09.24 07:06:48.586,1.26733,1.26754,1.73,2.85
2012.09.24 07:06:51.587,1.26739,1.26752,1.73,1.50
2012.09.24 07:06:51.734,1.26746,1.26757,1.73,2.63
2012.09.24 07:06:51.888,1.26743,1.26761,1.73,2.25
2012.09.24 07:06:52.187,1.26744,1.26764,1.73,2.28
2012.09.24 07:06:52.347,1.26746,1.26764,1.73,1.50
2012.09.24 07:06:52.703,1.26745,1.26764,1.73,2.48
2012.09.24 07:06:54.165,1.26747,1.26761,1.73,1.13
2012.09.24 07:06:54.330,1.26743,1.26759,1.73,1.35
2012.09.24 07:06:54.419,1.26743,1.26759,1.73,1.35
2012.09.24 07:06:57.615,1.26748,1.2676,1.50,2.25
2012.09.24 07:06:57.916,1.26743,1.26762,1.73,3.23
2012.09.24 07:06:58.434,1.26739,1.26758,1.73,2.10
2012.09.24 07:06:58.798,1.26749,1.26758,1.50,2.10
2012.09.24 07:06:58.959,1.26744,1.26758,1.73,1.88
2012.09.24 07:06:59.494,1.26744,1.26762,1.73,1.73
2012.09.24 07:07:00.309,1.26748,1.26762,1.50,1.73
2012.09.24 07:07:00.397,1.26748,1.26764,1.50,1.73
2012.09.24 07:07:00.690,1.26741,1.26765,4.35,3.63
2012.09.24 07:07:00.776,1.26743,1.26765,1.35,3.23
2012.09.24 07:07:02.233,1.26749,1.26762,1.73,1.50
2012.09.24 07:07:03.657,1.26749,1.26762,1.73,2.63
2012.09.24 07:07:04.704,1.26743,1.26759,1.62,1.35
2012.09.24 07:07:04.797,1.26743,1.26758,1.62,1.13
2012.09.24 07:07:05.365,1.2674,1.26758,2.48,1.13
2012.09.24 07:07:05.885,1.2674,1.26758,1.73,2.85
2012.09.24 07:07:06.439,1.2674,1.26758,1.73,2.48
2012.09.24 07:07:08.383,1.2674,1.26755,1.73,1.50
2012.09.24 07:07:08.889,1.2674,1.26754,1.73,1.50
2012.09.24 07:07:09.277,1.26742,1.26756,1.73,1.50
2012.09.24 07:07:09.369,1.2674,1.26756,2.48,2.25
2012.09.24 07:07:10.129,1.2674,1.26758,1.73,1.13
2012.09.24 07:07:10.226,1.26741,1.26759,1.73,2.25
2012.09.24 07:07:10.458,1.26741,1.26759,1.73,2.63
2012.09.24 07:07:10.760,1.26739,1.26756,1.73,1.35
2012.09.24 07:07:10.845,1.26739,1.26756,1.73,2.85
2012.09.24 07:07:11.749,1.26735,1.26752,2.25,1.13
2012.09.24 07:07:11.838,1.26734,1.26752,1.73,1.35
2012.09.24 07:07:12.349,1.26732,1.2675,1.73,2.48
2012.09.24 07:07:12.791,1.2673,1.26747,1.35,2.25
2012.09.24 07:07:13.030,1.26726,1.26747,3.98,2.48
2012.09.24 07:07:16.595,1.26727,1.26747,1.73,2.10
2012.09.24 07:07:16.962,1.26727,1.26747,1.73,2.85
2012.09.24 07:07:17.976,1.26732,1.2675,1.73,2.10
2012.09.24 07:07:18.195,1.26732,1.2675,1.73,1.73
2012.09.24 07:07:18.963,1.26731,1.2675,2.48,2.25
2012.09.24 07:07:19.468,1.26732,1.2675,1.73,1.50
2012.09.24 07:07:20.058,1.26733,1.26751,1.73,1.73
2012.09.24 07:07:20.291,1.26732,1.26752,1.73,1.35
2012.09.24 07:07:20.973,1.26732,1.26752,1.73,1.35
2012.09.24 07:07:23.755,1.26732,1.26752,1.35,2.10
2012.09.24 07:07:23.834,1.26732,1.26752,1.35,2.10
2012.09.24 07:07:24.126,1.26732,1.26752,1.35,2.85
2012.09.24 07:07:24.499,1.26732,1.26752,1.35,2.63
2012.09.24 07:07:24.584,1.26732,1.26752,1.35,2.85
2012.09.24 07:07:25.620,1.26732,1.26743,1.35,1.50
2012.09.24 07:07:25.710,1.26731,1.26744,1.50,1.35
2012.09.24 07:07:26.160,1.26731,1.26746,1.73,1.88
2012.09.24 07:07:26.248,1.26732,1.26749,1.73,2.48
2012.09.24 07:07:26.477,1.26732,1.26751,1.73,2.48
2012.09.24 07:07:27.418,1.26739,1.26751,1.50,2.48
2012.09.24 07:07:27.726,1.26734,1.26752,1.73,1.15
2012.09.24 07:07:27.873,1.26734,1.26752,1.73,1.15
2012.09.24 07:07:28.852,1.26735,1.26752,1.73,1.50
2012.09.24 07:07:29.158,1.26732,1.26752,3.23,3.00
2012.09.24 07:07:29.766,1.26732,1.26746,2.48,1.73
2012.09.24 07:07:29.857,1.26732,1.26748,2.48,1.35
2012.09.24 07:07:29.933,1.26732,1.26748,1.73,1.35
2012.09.24 07:07:30.084,1.26735,1.26748,1.50,1.35
2012.09.24 07:07:30.166,1.26732,1.26746,1.73,1.73
2012.09.24 07:07:30.325,1.26732,1.26749,2.48,1.35
2012.09.24 07:07:30.415,1.26734,1.26747,1.73,1.13
2012.09.24 07:07:30.510,1.26734,1.26751,1.50,3.60
2012.09.24 07:07:30.665,1.26734,1.26751,1.73,2.10
2012.09.24 07:07:31.375,1.26734,1.26755,1.73,3.60
2012.09.24 07:07:36.864,1.26734,1.26752,1.73,2.10
2012.09.24 07:07:36.971,1.26732,1.26751,1.73,1.35
2012.09.24 07:07:37.058,1.26732,1.2675,1.73,2.48
2012.09.24 07:07:37.374,1.26732,1.2675,1.50,3.23
2012.09.24 07:07:38.537,1.26732,1.26745,1.50,1.50
2012.09.24 07:07:39.037,1.26733,1.2675,2.48,2.48
2012.09.24 07:07:39.632,1.26732,1.26749,1.73,1.35
2012.09.24 07:07:39.719,1.26727,1.26747,2.10,2.10
2012.09.24 07:07:39.811,1.26726,1.26746,1.35,2.48
2012.09.24 07:07:39.903,1.26727,1.26746,1.35,2.85
2012.09.24 07:07:40.409,1.26727,1.26742,1.35,1.50
2012.09.24 07:07:41.543,1.26725,1.26742,1.73,1.50
2012.09.24 07:07:41.858,1.26741,1.26749,1.50,1.50
2012.09.24 07:07:42.089,1.26737,1.26753,1.73,2.88
2012.09.24 07:07:42.627,1.26736,1.26751,1.73,1.73
2012.09.24 07:07:43.310,1.26736,1.26751,1.73,1.73
2012.09.24 07:07:43.547,1.26736,1.26754,1.73,2.48
2012.09.24 07:07:43.636,1.26736,1.26753,1.73,1.35
2012.09.24 07:07:44.188,1.26734,1.26752,1.73,1.35
2012.09.24 07:07:44.348,1.26736,1.26753,1.73,2.10
2012.09.24 07:07:44.657,1.26739,1.26753,1.50,2.10
2012.09.24 07:07:45.125,1.26737,1.26753,1.50,1.35
2012.09.24 07:07:45.825,1.26738,1.26753,1.50,1.35
2012.09.24 07:07:45.929,1.26739,1.26755,1.73,1.35
2012.09.24 07:07:49.117,1.26739,1.26759,1.73,3.98
2012.09.24 07:07:49.345,1.26741,1.26759,1.73,3.23
2012.09.24 07:07:49.426,1.26741,1.26759,1.73,3.23
2012.09.24 07:07:52.353,1.26741,1.26759,1.73,1.73
2012.09.24 07:07:52.973,1.26741,1.26759,1.73,1.35
2012.09.24 07:07:53.892,1.26747,1.26759,1.50,1.35
2012.09.24 07:07:53.980,1.26743,1.2676,1.73,2.48
2012.09.24 07:07:54.145,1.26743,1.26763,1.73,4.75
2012.09.24 07:07:54.958,1.26741,1.26759,2.48,1.35
2012.09.24 07:07:57.478,1.2674,1.26754,1.73,1.88
2012.09.24 07:07:57.639,1.26737,1.26754,2.48,2.10
2012.09.24 07:07:59.576,1.2674,1.26754,1.73,2.10
2012.09.24 07:08:00.148,1.26742,1.26758,2.48,3.23
2012.09.24 07:08:00.654,1.26742,1.26758,1.73,2.63
2012.09.24 07:08:00.733,1.26742,1.26758,1.73,2.85
2012.09.24 07:08:01.276,1.26742,1.26758,1.73,2.85
2012.09.24 07:08:01.428,1.26742,1.26758,1.73,2.63
2012.09.24 07:08:01.956,1.26743,1.26758,1.73,1.50
2012.09.24 07:08:02.628,1.26742,1.26751,1.50,1.50
2012.09.24 07:08:02.720,1.26739,1.26755,1.73,1.35
2012.09.24 07:08:03.460,1.26743,1.26755,2.25,1.35
2012.09.24 07:08:03.690,1.26743,1.26756,2.48,1.35
2012.09.24 07:08:03.855,1.26742,1.26756,2.10,1.13
2012.09.24 07:08:04.009,1.26742,1.26759,2.10,1.50
2012.09.24 07:08:04.385,1.26742,1.26755,1.35,1.50
2012.09.24 07:08:05.308,1.26741,1.26755,2.10,1.50
2012.09.24 07:08:05.975,1.26741,1.26755,1.35,1.88
2012.09.24 07:08:06.127,1.2674,1.26755,1.73,2.10
2012.09.24 07:08:06.275,1.26748,1.26755,1.50,2.10
2012.09.24 07:08:06.358,1.26743,1.26758,2.25,3.98
2012.09.24 07:08:06.516,1.26746,1.26758,2.25,2.10
2012.09.24 07:08:06.594,1.26746,1.26761,2.48,2.13
2012.09.24 07:08:06.889,1.26742,1.26758,1.73,2.85
2012.09.24 07:08:07.437,1.26742,1.26758,1.73,2.48
2012.09.24 07:08:09.958,1.26745,1.26758,2.37,2.48
2012.09.24 07:08:10.259,1.26751,1.26761,1.73,1.50
2012.09.24 07:08:10.350,1.26751,1.26765,1.73,1.73
2012.09.24 07:08:13.437,1.26753,1.26765,1.73,1.73
2012.09.24 07:08:13.599,1.26753,1.26768,1.73,1.50
2012.09.24 07:08:14.169,1.26753,1.26768,1.73,1.50
2012.09.24 07:08:14.253,1.26753,1.26768,1.73,1.50
2012.09.24 07:08:15.020,1.26753,1.26768,1.73,1.50
2012.09.24 07:08:15.179,1.26753,1.26768,1.73,1.50
2012.09.24 07:08:15.913,1.26753,1.26768,1.73,1.50
2012.09.24 07:08:16.356,1.26753,1.26772,1.73,1.73
2012.09.24 07:08:16.591,1.26759,1.26776,1.73,2.10
2012.09.24 07:08:17.978,1.26757,1.26776,2.48,2.48
2012.09.24 07:08:18.069,1.26759,1.26776,1.73,1.73
2012.09.24 07:08:18.380,1.26761,1.26778,1.73,2.85
2012.09.24 07:08:18.536,1.26761,1.26778,1.50,3.60
2012.09.24 07:08:19.048,1.26757,1.26774,2.85,2.10
2012.09.24 07:08:19.203,1.26758,1.26774,1.50,2.10
2012.09.24 07:08:20.135,1.26759,1.26774,1.50,1.35
2012.09.24 07:08:21.098,1.26761,1.26776,1.50,2.10
2012.09.24 07:08:23.047,1.26763,1.26778,1.50,1.35
2012.09.24 07:08:23.141,1.26763,1.26778,1.50,1.35
2012.09.24 07:08:25.266,1.26768,1.26786,1.50,2.85
2012.09.24 07:08:26.216,1.26768,1.26786,1.50,1.35
2012.09.24 07:08:26.369,1.26769,1.26788,2.48,1.35
2012.09.24 07:08:26.884,1.26772,1.26797,1.50,1.38
2012.09.24 07:08:27.046,1.2677,1.2679,2.85,1.73
2012.09.24 07:08:27.125,1.2677,1.26789,2.85,1.73
2012.09.24 07:08:27.491,1.26778,1.26792,1.50,1.15
2012.09.24 07:08:27.581,1.26776,1.26798,1.73,4.75
2012.09.24 07:08:27.734,1.26776,1.26797,1.73,1.38
2012.09.24 07:08:27.815,1.26776,1.26796,1.50,1.73
2012.09.24 07:08:29.016,1.26776,1.26794,1.50,2.85
2012.09.24 07:08:29.328,1.26776,1.26794,1.50,2.10
2012.09.24 07:08:29.416,1.26776,1.26794,1.50,2.85
2012.09.24 07:08:30.070,1.26776,1.26794,1.50,3.23
2012.09.24 07:08:30.450,1.26776,1.26794,1.50,2.85
2012.09.24 07:08:30.677,1.26776,1.26794,1.50,3.60
2012.09.24 07:08:31.764,1.26776,1.26794,1.50,2.10
2012.09.24 07:08:32.137,1.26776,1.26793,1.50,1.73
2012.09.24 07:08:32.814,1.26776,1.26794,1.50,3.60
2012.09.24 07:08:32.897,1.26776,1.26792,1.50,1.73
2012.09.24 07:08:35.639,1.26774,1.26792,1.50,1.73
2012.09.24 07:08:37.417,1.26773,1.26787,1.50,1.73
2012.09.24 07:08:37.985,1.26773,1.26787,1.50,1.73
2012.09.24 07:08:39.295,1.26772,1.26787,1.50,1.73
2012.09.24 07:08:41.566,1.26772,1.26787,1.50,1.73
2012.09.24 07:08:41.724,1.26772,1.26787,1.50,1.73
2012.09.24 07:08:42.166,1.26768,1.26782,1.50,1.73
2012.09.24 07:08:42.248,1.26767,1.26782,2.25,1.73
2012.09.24 07:08:43.089,1.26764,1.26782,1.50,1.73
2012.09.24 07:08:44.065,1.26764,1.26782,1.50,1.73
2012.09.24 07:08:45.350,1.26764,1.26782,1.50,1.73
2012.09.24 07:08:45.654,1.26763,1.26782,2.25,1.73
2012.09.24 07:08:45.804,1.26764,1.26782,1.50,1.73
2012.09.24 07:08:46.093,1.26764,1.26784,1.50,3.00
2012.09.24 07:08:46.656,1.26764,1.26784,1.50,3.00
2012.09.24 07:08:47.256,1.26764,1.26779,1.50,1.73
2012.09.24 07:08:48.945,1.26764,1.26779,1.50,1.50
2012.09.24 07:08:49.114,1.26764,1.26779,1.50,1.73
2012.09.24 07:08:49.618,1.26763,1.26776,1.50,1.73
2012.09.24 07:08:49.711,1.2676,1.26776,1.73,1.73
2012.09.24 07:08:49.796,1.2676,1.26776,1.50,1.73
2012.09.24 07:08:52.340,1.26757,1.26771,2.25,1.73
2012.09.24 07:08:52.588,1.2676,1.26771,1.50,2.48
2012.09.24 07:08:52.677,1.26752,1.26771,2.10,2.48
2012.09.24 07:08:52.755,1.26752,1.2677,2.10,1.73
2012.09.24 07:08:53.671,1.26752,1.26769,1.13,1.73
2012.09.24 07:08:54.135,1.2675,1.26764,1.13,1.73
2012.09.24 07:08:54.359,1.26751,1.26767,1.35,1.73
2012.09.24 07:08:54.586,1.2675,1.26767,1.73,1.73
2012.09.24 07:08:54.735,1.2675,1.26767,2.48,1.50
2012.09.24 07:08:54.884,1.26752,1.26767,1.35,1.73
2012.09.24 07:08:55.181,1.26752,1.26767,1.35,1.73
2012.09.24 07:08:55.350,1.2675,1.26767,1.35,1.73
2012.09.24 07:08:57.433,1.26749,1.26771,1.35,2.48
2012.09.24 07:08:57.656,1.26749,1.26771,1.35,1.50
2012.09.24 07:08:58.345,1.2676,1.26778,1.35,2.25
2012.09.24 07:08:58.436,1.2676,1.26778,1.35,2.25
2012.09.24 07:08:59.006,1.26761,1.26778,1.35,1.50
2012.09.24 07:09:00.036,1.26761,1.26778,1.35,1.50
2012.09.24 07:09:00.277,1.26761,1.26778,1.35,1.50
2012.09.24 07:09:00.438,1.26761,1.26778,1.35,1.50
2012.09.24 07:09:00.598,1.26761,1.26778,1.35,1.50
2012.09.24 07:09:00.988,1.26759,1.26778,1.73,1.50
2012.09.24 07:09:01.149,1.26759,1.26777,1.73,1.13
2012.09.24 07:09:01.472,1.26753,1.26769,1.73,1.50
2012.09.24 07:09:01.560,1.26753,1.26766,1.73,1.50
2012.09.24 07:09:01.889,1.26755,1.26767,1.73,1.88
2012.09.24 07:09:02.527,1.26748,1.26762,1.35,1.73
2012.09.24 07:09:02.907,1.26742,1.26762,2.55,1.73
2012.09.24 07:09:03.070,1.26742,1.26761,1.35,1.73
2012.09.24 07:09:03.967,1.26742,1.26762,1.35,1.73
2012.09.24 07:09:04.478,1.26742,1.26762,1.35,1.73
2012.09.24 07:09:04.570,1.26743,1.26762,1.73,1.73
2012.09.24 07:09:05.560,1.26743,1.26762,1.73,1.50
2012.09.24 07:09:05.647,1.26743,1.26762,1.73,1.50
2012.09.24 07:09:08.699,1.26743,1.26762,1.73,1.50
2012.09.24 07:09:08.999,1.26741,1.26762,3.98,2.10
2012.09.24 07:09:09.155,1.26742,1.26762,1.73,1.73
2012.09.24 07:09:10.217,1.26743,1.26765,2.48,2.48
2012.09.24 07:09:10.435,1.26747,1.26765,1.35,2.10
2012.09.24 07:09:10.726,1.26746,1.26766,2.48,1.50
2012.09.24 07:09:10.805,1.26746,1.26767,2.48,1.73
2012.09.24 07:09:11.028,1.26743,1.26764,3.23,1.50
2012.09.24 07:09:11.116,1.26743,1.26764,3.23,1.73
2012.09.24 07:09:14.694,1.26743,1.26764,2.48,3.23
2012.09.24 07:09:14.854,1.26743,1.26764,2.48,3.23
2012.09.24 07:09:15.212,1.26743,1.26764,2.48,3.63
2012.09.24 07:09:15.569,1.26743,1.26764,2.48,2.13
2012.09.24 07:09:15.720,1.26743,1.26764,2.48,2.88
2012.09.24 07:09:16.240,1.26743,1.26763,2.48,2.10
2012.09.24 07:09:16.324,1.26739,1.26761,2.48,2.48
2012.09.24 07:09:19.217,1.26739,1.2676,2.48,1.35
2012.09.24 07:09:19.922,1.26739,1.26761,2.48,2.85
2012.09.24 07:09:22.718,1.26739,1.26759,2.48,2.85
2012.09.24 07:09:22.805,1.26739,1.26757,2.48,1.35
2012.09.24 07:09:23.315,1.26733,1.26753,1.35,1.73
2012.09.24 07:09:23.477,1.26731,1.26753,3.60,2.10
2012.09.24 07:09:23.784,1.26728,1.26743,2.48,1.50
2012.09.24 07:09:23.874,1.26725,1.26743,1.73,1.50
2012.09.24 07:09:24.046,1.26722,1.26742,3.98,1.13
2012.09.24 07:09:24.428,1.26722,1.26741,1.73,1.35
2012.09.24 07:09:24.598,1.26722,1.26743,5.48,2.25
2012.09.24 07:09:24.767,1.26727,1.26747,1.73,1.75
2012.09.24 07:09:25.750,1.26729,1.26746,2.48,1.35
2012.09.24 07:09:26.095,1.26729,1.26746,2.48,1.35
2012.09.24 07:09:26.194,1.26729,1.26743,1.73,2.10
2012.09.24 07:09:26.436,1.26724,1.2674,2.25,1.35
2012.09.24 07:09:26.662,1.2672,1.2674,3.23,1.35
2012.09.24 07:09:27.046,1.26722,1.26741,2.48,1.73
2012.09.24 07:09:29.278,1.26726,1.26743,1.50,1.35
2012.09.24 07:09:29.646,1.26726,1.2674,1.50,2.48
2012.09.24 07:09:29.730,1.26723,1.2674,1.50,2.48
2012.09.24 07:09:31.673,1.26723,1.2674,2.48,1.73
2012.09.24 07:09:32.826,1.26723,1.26737,2.48,1.39
2012.09.24 07:09:32.917,1.26723,1.26734,2.25,1.35
2012.09.24 07:09:33.007,1.26723,1.26731,1.80,1.88
2012.09.24 07:09:33.167,1.26714,1.2673,2.25,1.73
2012.09.24 07:09:33.462,1.26712,1.26729,1.73,1.73
2012.09.24 07:09:33.621,1.26713,1.2673,1.73,1.73
2012.09.24 07:09:33.796,1.26712,1.26729,1.73,1.73
2012.09.24 07:09:34.955,1.26713,1.26733,1.73,1.73
2012.09.24 07:09:35.111,1.26715,1.26733,1.73,1.73
2012.09.24 07:09:35.632,1.26715,1.26734,1.73,1.35
2012.09.24 07:09:35.990,1.2672,1.26735,1.73,1.35
2012.09.24 07:09:36.297,1.2672,1.26735,1.50,1.35
2012.09.24 07:09:38.973,1.26721,1.26741,1.50,1.38
2012.09.24 07:09:41.743,1.2672,1.26738,2.25,2.85
2012.09.24 07:09:43.786,1.26718,1.26734,1.50,1.73
2012.09.24 07:09:44.237,1.26717,1.26734,1.50,2.48
2012.09.24 07:09:44.391,1.26717,1.26734,1.50,2.48
2012.09.24 07:09:44.835,1.26718,1.26734,1.50,1.73
2012.09.24 07:09:44.996,1.26718,1.26734,1.50,1.73
2012.09.24 07:09:46.373,1.26718,1.26734,1.13,2.48
2012.09.24 07:09:46.454,1.26721,1.26734,1.13,1.73
2012.09.24 07:09:47.851,1.26718,1.26737,1.35,2.48
2012.09.24 07:09:48.177,1.26718,1.26737,1.13,2.48
2012.09.24 07:09:48.335,1.26718,1.26737,1.13,2.48
2012.09.24 07:09:49.055,1.26718,1.26737,1.88,3.23
2012.09.24 07:09:49.285,1.26718,1.26734,1.50,1.73
2012.09.24 07:09:50.924,1.26717,1.26734,1.50,2.48
2012.09.24 07:09:51.436,1.26722,1.2674,1.13,2.50
2012.09.24 07:09:51.598,1.26723,1.2674,1.13,2.13
2012.09.24 07:09:52.104,1.26723,1.2674,1.50,1.73
2012.09.24 07:09:54.051,1.26724,1.2674,1.13,1.73
2012.09.24 07:09:55.102,1.26727,1.26742,1.50,1.35
2012.09.24 07:09:55.461,1.26727,1.26744,1.50,1.38
2012.09.24 07:09:55.897,1.26726,1.26744,3.60,1.38
2012.09.24 07:09:56.765,1.2673,1.2675,2.48,3.63
2012.09.24 07:09:57.164,1.2673,1.2675,2.48,2.88
2012.09.24 07:09:57.455,1.26734,1.26753,1.73,1.38
2012.09.24 07:09:57.697,1.26732,1.26749,3.23,1.38
2012.09.24 07:09:58.216,1.26734,1.26753,1.73,2.13
2012.09.24 07:09:58.581,1.26734,1.26751,3.98,1.73
2012.09.24 07:09:59.083,1.26734,1.26755,4.73,1.38
2012.09.24 07:09:59.167,1.26736,1.26753,1.73,1.73
2012.09.24 07:09:59.255,1.26738,1.26753,1.73,1.50
2012.09.24 07:09:59.332,1.26736,1.26753,1.35,1.73
2012.09.24 07:10:00.933,1.26735,1.26753,1.73,1.73
2012.09.24 07:10:03.383,1.26735,1.26753,2.48,1.73
2012.09.24 07:10:03.874,1.26735,1.26753,2.48,1.73
2012.09.24 07:10:04.093,1.26735,1.26753,3.23,1.73
2012.09.24 07:10:04.318,1.26735,1.26753,3.23,2.48
2012.09.24 07:10:04.408,1.26735,1.26748,1.50,2.48
2012.09.24 07:10:04.776,1.26726,1.26746,1.35,1.73
2012.09.24 07:10:04.865,1.26726,1.26747,2.10,1.73
2012.09.24 07:10:05.095,1.26729,1.2675,2.48,3.60
2012.09.24 07:10:05.738,1.26732,1.26753,1.13,2.88
2012.09.24 07:10:05.962,1.26732,1.26753,2.10,2.88
2012.09.24 07:10:06.214,1.26732,1.26753,3.25,2.88
2012.09.24 07:10:09.350,1.26733,1.26753,1.02,3.23
2012.09.24 07:10:09.712,1.26736,1.26753,1.38,1.50
2012.09.24 07:10:10.071,1.26736,1.26751,4.38,1.50
2012.09.24 07:10:10.152,1.26738,1.26755,1.38,1.38
2012.09.24 07:10:13.979,1.26748,1.26768,1.38,1.73
2012.09.24 07:10:14.953,1.26748,1.26768,1.50,1.73
2012.09.24 07:10:15.630,1.26748,1.26768,1.50,1.73
2012.09.24 07:10:17.032,1.26746,1.26763,1.90,1.73
2012.09.24 07:10:17.534,1.26747,1.26763,1.90,1.73
2012.09.24 07:10:17.750,1.26748,1.26765,1.15,1.35
2012.09.24 07:10:19.428,1.26747,1.26764,1.15,2.10
2012.09.24 07:10:19.530,1.26747,1.26763,1.90,1.73
2012.09.24 07:10:19.614,1.26747,1.26763,1.90,1.73
2012.09.24 07:10:20.792,1.26748,1.26763,1.15,1.50
2012.09.24 07:10:20.941,1.26747,1.26763,1.15,2.48
2012.09.24 07:10:21.472,1.26747,1.26763,1.15,1.73
2012.09.24 07:10:29.370,1.26747,1.26758,1.15,1.50
2012.09.24 07:10:29.942,1.26747,1.26758,1.15,1.73
2012.09.24 07:10:30.542,1.26747,1.26758,1.15,1.50
2012.09.24 07:10:30.931,1.26746,1.26758,1.15,1.73
2012.09.24 07:10:31.779,1.26746,1.26758,1.15,1.73
2012.09.24 07:10:32.589,1.26747,1.26758,1.15,1.50
2012.09.24 07:10:32.961,1.26746,1.26758,1.15,1.73
2012.09.24 07:10:34.050,1.26746,1.26758,1.15,1.73
2012.09.24 07:10:36.260,1.26748,1.26758,1.15,1.50
2012.09.24 07:10:36.339,1.26747,1.26758,1.15,1.73
2012.09.24 07:10:36.913,1.26747,1.26758,1.15,1.73
2012.09.24 07:10:37.466,1.26747,1.26758,1.15,1.50
2012.09.24 07:10:37.772,1.26744,1.26758,1.19,1.73
2012.09.24 07:10:38.607,1.26746,1.26758,1.15,1.73
2012.09.24 07:10:39.163,1.26746,1.26758,1.15,1.73
2012.09.24 07:10:39.761,1.26747,1.26758,1.15,1.50
2012.09.24 07:10:40.837,1.26748,1.26763,1.15,1.73
2012.09.24 07:10:40.926,1.26747,1.26767,1.15,1.73
2012.09.24 07:10:41.071,1.26751,1.26768,1.50,1.35
2012.09.24 07:10:41.581,1.26751,1.26769,2.25,1.73
2012.09.24 07:10:42.122,1.26751,1.26768,1.50,1.35
2012.09.24 07:10:42.823,1.26751,1.26768,2.25,1.35
2012.09.24 07:10:43.071,1.26749,1.26768,2.25,2.10
2012.09.24 07:10:43.836,1.2675,1.26768,1.50,2.85
2012.09.24 07:10:44.203,1.26746,1.26764,1.50,1.35
2012.09.24 07:10:44.431,1.26743,1.26762,1.50,1.73
2012.09.24 07:10:44.653,1.26742,1.26762,3.75,1.50
2012.09.24 07:10:45.344,1.26743,1.26762,1.50,1.73
2012.09.24 07:10:45.429,1.26742,1.26762,3.00,1.50
2012.09.24 07:10:45.512,1.26742,1.26762,3.00,1.73
2012.09.24 07:10:45.741,1.26743,1.26762,1.50,1.50
2012.09.24 07:10:48.325,1.26743,1.26762,1.50,1.73
2012.09.24 07:10:50.173,1.26743,1.26762,1.88,1.50
2012.09.24 07:10:50.395,1.26744,1.26764,1.73,2.48
2012.09.24 07:10:50.481,1.26744,1.26763,1.73,1.73
2012.09.24 07:10:50.632,1.26744,1.26763,1.50,2.10
2012.09.24 07:10:59.531,1.26742,1.26762,2.48,2.10
2012.09.24 07:11:00.193,1.26742,1.26762,2.48,2.85
2012.09.24 07:11:00.554,1.26742,1.26758,2.48,2.48
2012.09.24 07:11:00.912,1.26739,1.26758,1.73,3.23
2012.09.24 07:11:00.993,1.26737,1.26758,2.48,3.23
2012.09.24 07:11:01.588,1.26737,1.26755,2.48,1.50
2012.09.24 07:11:04.772,1.26737,1.26755,2.48,1.73
2012.09.24 07:11:06.224,1.26736,1.26755,2.48,2.48
2012.09.24 07:11:06.305,1.26737,1.26755,1.73,1.73
2012.09.24 07:11:06.463,1.26736,1.26755,2.48,2.48
2012.09.24 07:11:07.262,1.26736,1.26755,2.48,2.48
2012.09.24 07:11:08.134,1.26737,1.26758,1.73,2.85
2012.09.24 07:11:08.494,1.26737,1.26758,1.73,2.85
2012.09.24 07:11:08.933,1.26737,1.26758,1.73,2.85
2012.09.24 07:11:18.678,1.26737,1.26756,1.73,1.38
2012.09.24 07:11:20.308,1.26737,1.26757,1.73,1.38
2012.09.24 07:11:21.481,1.26737,1.26756,2.10,1.38
2012.09.24 07:11:22.421,1.26732,1.26751,1.35,1.73
2012.09.24 07:11:25.131,1.26731,1.26751,1.73,3.25
2012.09.24 07:11:25.423,1.26729,1.26749,2.48,2.85
2012.09.24 07:11:26.160,1.26729,1.26747,1.73,1.35
2012.09.24 07:11:26.750,1.26724,1.26743,1.73,2.13
2012.09.24 07:11:27.893,1.26727,1.26743,2.10,2.13
2012.09.24 07:11:28.212,1.26732,1.26748,2.48,1.15
2012.09.24 07:11:28.365,1.26728,1.26748,1.35,2.85
2012.09.24 07:11:28.594,1.26727,1.26746,1.73,2.85
2012.09.24 07:11:29.609,1.26727,1.26744,1.73,1.13
2012.09.24 07:11:29.836,1.26723,1.2674,2.10,1.35
2012.09.24 07:11:29.925,1.26723,1.26741,2.85,1.35
2012.09.24 07:11:30.164,1.26723,1.26741,3.60,1.73
2012.09.24 07:11:30.244,1.26723,1.2674,2.10,1.35
2012.09.24 07:11:30.393,1.26723,1.2674,2.10,1.35
2012.09.24 07:11:30.856,1.26724,1.26743,1.35,3.23
2012.09.24 07:11:30.936,1.26723,1.2674,2.10,1.35
2012.09.24 07:11:31.025,1.26723,1.2674,2.10,1.35
2012.09.24 07:11:34.165,1.2672,1.26739,1.35,2.48
2012.09.24 07:11:34.535,1.26713,1.26733,1.73,2.48
2012.09.24 07:11:35.549,1.26715,1.26734,1.73,1.73
2012.09.24 07:11:37.816,1.26715,1.26735,1.73,2.37
2012.09.24 07:11:38.352,1.26715,1.26734,1.73,1.73
2012.09.24 07:11:39.694,1.26713,1.26733,3.23,1.73
2012.09.24 07:11:39.844,1.26715,1.26734,1.73,1.73
2012.09.24 07:11:40.361,1.26715,1.2673,1.73,1.50
2012.09.24 07:11:41.413,1.26715,1.2673,1.73,1.50
2012.09.24 07:11:42.407,1.26715,1.26733,1.73,1.73
2012.09.24 07:11:42.708,1.26715,1.26733,1.73,2.48
2012.09.24 07:11:43.007,1.2671,1.26727,3.60,1.73
2012.09.24 07:11:44.244,1.2671,1.26725,2.85,1.73
2012.09.24 07:11:44.341,1.2671,1.26725,1.73,2.48
2012.09.24 07:11:44.866,1.2671,1.26728,2.48,3.23
2012.09.24 07:11:45.554,1.2671,1.26728,2.48,3.23
2012.09.24 07:11:48.587,1.26709,1.26731,2.48,3.23
2012.09.24 07:11:48.915,1.26709,1.26729,2.48,1.35
2012.09.24 07:11:49.483,1.26709,1.26731,2.48,2.48
2012.09.24 07:11:49.710,1.26712,1.26732,2.85,1.35
2012.09.24 07:11:50.930,1.26716,1.26734,2.48,2.13
2012.09.24 07:11:52.923,1.26716,1.26733,2.25,1.75
2012.09.24 07:11:58.153,1.26714,1.26726,2.48,1.73
2012.09.24 07:11:58.236,1.26712,1.26726,2.48,1.73
2012.09.24 07:11:58.395,1.26707,1.26726,3.98,1.73
2012.09.24 07:12:00.693,1.26707,1.26726,1.73,1.73
2012.09.24 07:12:00.913,1.26707,1.26725,1.73,1.73
2012.09.24 07:12:04.231,1.26706,1.26726,1.73,3.23
2012.09.24 07:12:04.311,1.26707,1.26726,2.48,1.73
2012.09.24 07:12:11.242,1.26707,1.26725,1.73,1.35
2012.09.24 07:12:11.460,1.26707,1.26725,1.50,2.85
2012.09.24 07:12:12.166,1.26707,1.26725,1.73,2.85
2012.09.24 07:12:12.530,1.26707,1.26727,2.48,1.35
2012.09.24 07:12:12.679,1.26707,1.26728,2.48,2.85
2012.09.24 07:12:15.164,1.26705,1.26725,3.23,1.35
2012.09.24 07:12:16.129,1.26716,1.26725,1.50,1.35
2012.09.24 07:12:16.438,1.26716,1.26728,1.50,2.10
2012.09.24 07:12:17.834,1.26716,1.26732,2.25,2.50
2012.09.24 07:12:24.552,1.26716,1.26729,2.25,1.35
2012.09.24 07:12:26.502,1.26716,1.26729,2.25,1.73
2012.09.24 07:12:26.650,1.26716,1.26731,2.48,2.50
2012.09.24 07:12:27.151,1.26716,1.26732,2.48,1.35
2012.09.24 07:12:28.690,1.26713,1.26734,2.85,1.35
2012.09.24 07:12:29.427,1.26713,1.26728,2.10,1.13
2012.09.24 07:12:29.796,1.26712,1.26728,2.25,1.73
2012.09.24 07:12:32.802,1.26716,1.26728,1.50,1.73
2012.09.24 07:12:33.118,1.26716,1.26732,3.23,3.97
2012.09.24 07:12:33.210,1.26717,1.26732,2.48,1.73
2012.09.24 07:12:36.861,1.26718,1.26737,1.35,1.35
2012.09.24 07:12:37.504,1.26713,1.26733,2.85,1.35
2012.09.24 07:12:37.651,1.26713,1.26733,2.85,2.48
2012.09.24 07:12:38.445,1.2672,1.26736,1.50,1.35
2012.09.24 07:12:38.522,1.2672,1.26736,1.73,1.13
2012.09.24 07:12:38.881,1.26719,1.26737,1.73,1.35
2012.09.24 07:12:40.144,1.26717,1.26738,2.48,1.35
2012.09.24 07:12:57.491,1.26717,1.26737,3.23,1.35
2012.09.24 07:12:57.653,1.26715,1.26733,1.73,2.10
2012.09.24 07:12:59.915,1.26714,1.26733,1.73,2.10
2012.09.24 07:13:00.005,1.26717,1.26735,1.73,2.10
2012.09.24 07:13:00.560,1.26717,1.26738,1.73,1.73
2012.09.24 07:13:00.664,1.26735,1.26743,2.25,1.50
2012.09.24 07:13:00.899,1.26735,1.26756,4.73,2.13
2012.09.24 07:13:01.764,1.26743,1.26759,1.13,3.48
2012.09.24 07:13:02.078,1.26743,1.26761,2.10,1.57
2012.09.24 07:13:02.320,1.26743,1.2676,1.35,1.15
2012.09.24 07:13:02.616,1.26745,1.26763,1.73,3.57
2012.09.24 07:13:04.847,1.26748,1.26763,1.35,1.73
2012.09.24 07:13:05.222,1.26751,1.2677,1.35,1.75
2012.09.24 07:13:05.751,1.26751,1.2677,1.35,1.35
2012.09.24 07:13:06.946,1.26749,1.2677,2.85,1.73
2012.09.24 07:13:07.039,1.26749,1.26767,2.10,2.25
2012.09.24 07:13:07.197,1.26749,1.26763,1.73,1.50
2012.09.24 07:13:07.371,1.26749,1.26763,1.73,1.73
2012.09.24 07:13:07.756,1.26743,1.26763,2.10,2.48
2012.09.24 07:13:07.978,1.26743,1.26757,1.73,1.13
2012.09.24 07:13:08.272,1.26736,1.26757,3.23,1.35
2012.09.24 07:13:08.915,1.26735,1.26753,2.25,2.10
2012.09.24 07:13:09.004,1.26733,1.26753,1.50,2.10
2012.09.24 07:13:09.596,1.26732,1.26753,2.48,3.60
2012.09.24 07:13:11.542,1.26734,1.26753,1.50,2.10
2012.09.24 07:13:11.854,1.26734,1.26753,2.48,1.35
2012.09.24 07:13:12.356,1.26734,1.26753,1.50,2.85
2012.09.24 07:13:12.588,1.2673,1.26752,2.48,3.23
2012.09.24 07:13:13.174,1.26732,1.26752,1.73,1.73
2012.09.24 07:13:13.404,1.2673,1.26752,2.85,1.73
2012.09.24 07:13:16.102,1.26733,1.26753,1.50,2.48
2012.09.24 07:13:16.952,1.26733,1.26753,3.00,2.10
2012.09.24 07:13:17.357,1.26736,1.26753,2.48,1.35
2012.09.24 07:13:20.663,1.26736,1.26754,2.48,1.73
2012.09.24 07:13:20.914,1.26735,1.26753,1.73,2.10
2012.09.24 07:13:21.078,1.26735,1.26753,1.50,2.10
2012.09.24 07:13:21.165,1.26732,1.26753,2.10,2.10
2012.09.24 07:13:22.065,1.26731,1.26743,1.73,1.50
2012.09.24 07:13:22.164,1.26728,1.26743,1.73,1.73
2012.09.24 07:13:22.252,1.26728,1.26747,1.73,1.73
2012.09.24 07:13:22.475,1.26727,1.26747,3.60,2.48
2012.09.24 07:13:22.765,1.26728,1.26747,1.73,1.73
2012.09.24 07:13:22.928,1.26728,1.26746,1.73,2.10
2012.09.24 07:13:23.236,1.26727,1.26743,2.25,1.35
2012.09.24 07:13:23.556,1.26724,1.26736,1.13,2.10
2012.09.24 07:13:24.072,1.26724,1.26736,1.13,2.85
2012.09.24 07:13:24.512,1.26717,1.26736,2.48,2.85
2012.09.24 07:13:25.404,1.26718,1.26736,1.73,2.10
2012.09.24 07:13:25.637,1.2672,1.2674,1.73,2.85
2012.09.24 07:13:28.031,1.26721,1.26741,2.85,2.48
2012.09.24 07:13:28.276,1.26721,1.2674,2.48,1.50
2012.09.24 07:13:28.518,1.26721,1.2674,2.48,1.50
2012.09.24 07:13:28.825,1.26723,1.26743,3.23,1.35
2012.09.24 07:13:29.355,1.26723,1.26745,3.23,2.85
2012.09.24 07:13:30.934,1.26724,1.26745,1.35,2.85
2012.09.24 07:13:31.869,1.26723,1.26745,3.23,3.60
2012.09.24 07:13:33.812,1.26723,1.26745,3.23,3.60
2012.09.24 07:13:34.316,1.26722,1.2674,2.48,1.50
2012.09.24 07:13:35.334,1.26724,1.26743,1.35,2.10
2012.09.24 07:13:36.592,1.26725,1.26739,1.73,1.50
2012.09.24 07:13:36.894,1.26723,1.26739,1.35,2.85
2012.09.24 07:13:38.120,1.26722,1.26739,1.73,1.35
2012.09.24 07:13:38.447,1.26721,1.2674,1.73,1.88
2012.09.24 07:13:38.540,1.26721,1.2674,1.73,2.10
2012.09.24 07:13:38.696,1.26719,1.26739,2.48,1.35
2012.09.24 07:13:39.513,1.26714,1.26732,1.35,2.10
2012.09.24 07:13:40.028,1.26712,1.26727,1.95,3.75
2012.09.24 07:13:40.187,1.26711,1.26725,1.50,2.10
2012.09.24 07:13:40.275,1.26711,1.26725,1.73,1.50
2012.09.24 07:13:40.354,1.26712,1.26725,1.50,1.73
2012.09.24 07:13:40.576,1.26712,1.26728,2.48,2.25
2012.09.24 07:13:41.081,1.26712,1.26728,1.73,2.63
2012.09.24 07:13:41.406,1.26712,1.26728,1.73,2.25
2012.09.24 07:13:42.777,1.26711,1.26728,1.73,2.48
2012.09.24 07:13:43.723,1.26712,1.2673,1.35,1.73
2012.09.24 07:13:44.453,1.26717,1.26731,1.73,1.50
2012.09.24 07:13:45.066,1.26717,1.26735,1.73,3.25
2012.09.24 07:13:48.048,1.2672,1.26739,2.10,2.10
2012.09.24 07:13:48.203,1.2672,1.26739,2.10,1.35
2012.09.24 07:13:50.543,1.26721,1.26739,1.50,1.73
2012.09.24 07:13:50.903,1.26721,1.26739,1.73,1.35
2012.09.24 07:13:52.895,1.26721,1.26743,3.98,3.60
2012.09.24 07:13:53.180,1.26726,1.26744,3.60,1.13
2012.09.24 07:13:57.901,1.26726,1.26745,3.98,1.35
2012.09.24 07:14:00.282,1.26726,1.26745,2.10,1.35
2012.09.24 07:14:01.904,1.26726,1.26745,1.73,1.35
2012.09.24 07:14:02.415,1.26726,1.26743,1.73,2.48
2012.09.24 07:14:15.733,1.26726,1.26744,1.73,1.35
2012.09.24 07:14:16.095,1.26726,1.26746,1.73,2.48
2012.09.24 07:14:16.183,1.26728,1.26746,1.73,1.73
2012.09.24 07:14:17.702,1.26728,1.26747,1.73,2.48
2012.09.24 07:14:17.780,1.26728,1.26747,1.73,2.25
2012.09.24 07:14:18.286,1.26731,1.26751,1.73,2.48
2012.09.24 07:14:18.375,1.26733,1.26751,1.73,1.50
2012.09.24 07:14:21.981,1.26732,1.26751,1.73,3.00
2012.09.24 07:14:22.345,1.26731,1.26747,2.48,1.50
2012.09.24 07:14:22.425,1.26731,1.26747,2.48,1.50
2012.09.24 07:14:22.641,1.26732,1.26747,1.73,1.50
2012.09.24 07:14:22.791,1.26732,1.26749,1.73,1.50
2012.09.24 07:14:22.870,1.26732,1.26751,1.73,2.25
2012.09.24 07:14:24.181,1.26732,1.26751,1.73,2.25
2012.09.24 07:14:25.498,1.26735,1.26751,1.73,2.25
2012.09.24 07:14:25.731,1.26736,1.26751,1.35,2.25
2012.09.24 07:14:25.959,1.26737,1.26756,2.10,1.13
2012.09.24 07:14:26.831,1.26739,1.26755,1.73,1.13
2012.09.24 07:14:29.052,1.26739,1.26759,1.73,3.23
2012.09.24 07:14:29.920,1.26737,1.26756,1.73,2.25
2012.09.24 07:14:33.253,1.26739,1.26756,1.73,2.25
2012.09.24 07:14:34.528,1.26736,1.26748,2.48,1.13
2012.09.24 07:14:34.684,1.26733,1.26749,1.35,3.23
2012.09.24 07:14:35.304,1.26733,1.26749,2.10,2.48
2012.09.24 07:14:36.305,1.26736,1.26755,1.73,1.35
2012.09.24 07:14:36.395,1.26736,1.26755,1.73,1.35
2012.09.24 07:14:36.475,1.26736,1.26755,1.73,1.35
2012.09.24 07:14:37.409,1.26736,1.2675,1.73,1.50
2012.09.24 07:14:37.742,1.267,1.26718,1.50,1.73
2012.09.24 07:14:37.842,1.26696,1.26717,1.50,1.35
2012.09.24 07:14:37.935,1.26698,1.2672,1.50,1.73
2012.09.24 07:14:38.272,1.26706,1.26726,2.25,1.38
2012.09.24 07:14:38.598,1.26716,1.26738,2.33,2.47
2012.09.24 07:14:38.764,1.26723,1.26728,1.50,2.25
2012.09.24 07:14:38.859,1.26724,1.26732,1.73,2.29
2012.09.24 07:14:39.156,1.26723,1.26729,2.10,1.20
2012.09.24 07:14:39.798,1.26724,1.26732,1.73,1.20
2012.09.24 07:14:40.024,1.26724,1.2674,1.73,2.33
2012.09.24 07:14:40.192,1.26724,1.26743,1.73,2.85
2012.09.24 07:14:40.731,1.26724,1.26743,1.73,2.85
2012.09.24 07:14:41.034,1.26724,1.26743,1.73,1.35
2012.09.24 07:14:41.343,1.26724,1.26743,1.73,1.35
2012.09.24 07:14:41.495,1.26723,1.26738,1.73,1.50
2012.09.24 07:14:41.572,1.26722,1.26738,1.73,1.73
2012.09.24 07:14:41.726,1.26724,1.2674,1.73,1.35
2012.09.24 07:14:41.804,1.26724,1.26742,1.73,2.25
2012.09.24 07:14:41.883,1.26724,1.26745,2.48,2.85
2012.09.24 07:14:42.039,1.26727,1.26745,1.73,1.88
2012.09.24 07:14:42.132,1.26737,1.26745,1.73,1.50
2012.09.24 07:14:42.219,1.26738,1.26753,1.35,1.50
2012.09.24 07:14:42.309,1.26738,1.26757,1.35,2.25
2012.09.24 07:14:42.556,1.2674,1.26757,1.73,1.50
2012.09.24 07:14:42.632,1.2674,1.26757,1.73,1.73
2012.09.24 07:14:43.334,1.2674,1.26757,1.73,2.48
2012.09.24 07:14:44.580,1.26737,1.26753,1.73,1.73
2012.09.24 07:14:45.399,1.26749,1.26757,1.50,1.47
2012.09.24 07:14:45.492,1.26751,1.2677,1.73,1.35
2012.09.24 07:14:45.575,1.2675,1.26769,2.48,2.48
2012.09.24 07:14:45.657,1.26748,1.26768,1.35,1.35
2012.09.24 07:14:45.814,1.26747,1.26764,1.73,1.35
2012.09.24 07:14:45.900,1.26745,1.26761,1.73,1.35
2012.09.24 07:14:45.984,1.26741,1.26759,1.73,1.73
2012.09.24 07:14:47.854,1.26741,1.26757,1.73,2.48
2012.09.24 07:14:49.942,1.26741,1.26757,1.73,1.73
2012.09.24 07:14:50.176,1.26741,1.26759,1.73,3.60
2012.09.24 07:14:50.539,1.26741,1.26759,1.73,3.60
2012.09.24 07:14:50.620,1.26741,1.26759,1.73,3.60
2012.09.24 07:14:51.184,1.26741,1.26756,1.73,2.48
2012.09.24 07:14:51.304,1.26741,1.26756,1.73,1.73
2012.09.24 07:14:51.380,1.26741,1.26756,1.73,2.48
2012.09.24 07:14:51.745,1.26739,1.26756,2.48,1.73
2012.09.24 07:14:51.837,1.26739,1.26755,1.35,1.88
2012.09.24 07:14:52.398,1.26737,1.26753,1.73,1.73
2012.09.24 07:14:52.727,1.26747,1.26765,2.48,1.09
2012.09.24 07:14:53.022,1.26747,1.26767,2.48,1.35
2012.09.24 07:14:54.121,1.26749,1.26768,1.73,1.35
2012.09.24 07:14:54.745,1.26749,1.26766,1.73,1.50
2012.09.24 07:14:55.615,1.26751,1.26766,2.10,1.50
2012.09.24 07:14:55.697,1.26752,1.26768,1.73,1.50
2012.09.24 07:14:55.786,1.26752,1.26774,1.73,2.88
2012.09.24 07:14:55.935,1.26752,1.26773,1.73,1.73
2012.09.24 07:14:56.245,1.26751,1.26772,3.60,1.73
2012.09.24 07:14:56.542,1.26751,1.26769,1.73,1.73
2012.09.24 07:14:58.756,1.26749,1.26765,1.73,1.50
2012.09.24 07:14:58.988,1.26742,1.26759,2.18,2.25
2012.09.24 07:14:59.073,1.26739,1.26759,2.18,2.48
2012.09.24 07:15:00.938,1.26748,1.26759,1.50,1.73
2012.09.24 07:15:01.094,1.26748,1.26763,1.50,1.35
2012.09.24 07:15:01.313,1.26748,1.26766,1.73,1.38
2012.09.24 07:15:01.825,1.26748,1.26767,1.73,3.37
2012.09.24 07:15:01.985,1.26748,1.26767,1.50,1.35
2012.09.24 07:15:02.285,1.26751,1.26758,1.50,1.50
2012.09.24 07:15:02.450,1.26751,1.26767,1.50,3.60
2012.09.24 07:15:03.048,1.26751,1.26766,1.50,2.48
2012.09.24 07:15:04.941,1.26751,1.26762,1.50,2.48
2012.09.24 07:15:05.382,1.26751,1.26762,1.50,1.73
2012.09.24 07:15:08.153,1.26745,1.26765,1.73,2.48
2012.09.24 07:15:09.572,1.26748,1.26765,1.73,2.48
2012.09.24 07:15:10.428,1.26748,1.2676,1.73,2.85
2012.09.24 07:15:10.516,1.26748,1.2676,1.73,1.73
2012.09.24 07:15:16.082,1.26757,1.26771,2.25,1.88
2012.09.24 07:15:16.232,1.26763,1.26773,1.13,2.48
2012.09.24 07:15:16.384,1.26765,1.26776,1.73,2.25
2012.09.24 07:15:16.467,1.26765,1.26776,1.73,2.25
2012.09.24 07:15:16.627,1.26765,1.26776,1.73,2.25
2012.09.24 07:15:16.714,1.26765,1.26776,1.73,1.50
2012.09.24 07:15:16.875,1.26765,1.26784,1.73,2.48
2012.09.24 07:15:17.124,1.26766,1.2678,2.25,1.35
2012.09.24 07:15:17.416,1.26756,1.26777,5.48,2.48
2012.09.24 07:15:21.743,1.26756,1.26771,2.48,1.13
2012.09.24 07:15:21.839,1.26754,1.26771,1.73,1.35
2012.09.24 07:15:21.938,1.26753,1.26766,1.50,1.35
2012.09.24 07:15:22.186,1.26746,1.26764,1.88,1.73
2012.09.24 07:15:22.487,1.26745,1.26758,2.25,1.35
2012.09.24 07:15:22.811,1.2674,1.26756,1.50,1.35
2012.09.24 07:15:23.116,1.26742,1.26756,1.50,1.35
2012.09.24 07:15:28.411,1.26739,1.26756,1.50,1.35
2012.09.24 07:15:30.116,1.26739,1.26756,1.50,1.35
2012.09.24 07:15:32.073,1.26739,1.26753,3.00,1.35
2012.09.24 07:15:34.600,1.26739,1.26753,3.23,1.73
2012.09.24 07:15:34.924,1.26739,1.26753,3.00,1.35
2012.09.24 07:15:36.065,1.26739,1.26753,1.50,1.35
2012.09.24 07:15:36.218,1.26735,1.26752,1.73,1.35
2012.09.24 07:15:36.447,1.26734,1.26747,1.50,1.35
2012.09.24 07:15:37.415,1.26734,1.26747,1.50,1.35
2012.09.24 07:15:37.633,1.26734,1.26747,1.50,1.35
2012.09.24 07:15:38.307,1.26734,1.26748,1.50,1.73
2012.09.24 07:15:38.896,1.26735,1.26749,2.48,1.73
2012.09.24 07:15:38.991,1.26741,1.26753,1.50,2.10
2012.09.24 07:15:39.160,1.26741,1.26754,1.50,1.35
2012.09.24 07:15:39.245,1.26742,1.26755,1.88,2.10
2012.09.24 07:15:39.339,1.26743,1.26755,2.10,1.13
2012.09.24 07:15:39.508,1.26744,1.26758,2.48,1.50
2012.09.24 07:15:39.826,1.26749,1.26762,1.50,1.62
2012.09.24 07:15:47.285,1.26745,1.26763,2.48,2.48
2012.09.24 07:15:47.432,1.26748,1.26763,1.73,2.48
2012.09.24 07:15:47.923,1.26745,1.26763,1.73,2.48
2012.09.24 07:15:48.353,1.26749,1.26763,1.50,2.48
2012.09.24 07:15:50.146,1.26749,1.26763,1.50,2.48
2012.09.24 07:15:50.480,1.26745,1.26763,1.50,2.48
2012.09.24 07:15:51.155,1.26743,1.26756,2.48,1.88
2012.09.24 07:15:51.724,1.26744,1.26758,1.50,1.35
2012.09.24 07:15:51.815,1.26746,1.26763,1.73,1.35
2012.09.24 07:15:53.356,1.26745,1.26763,1.73,2.10
2012.09.24 07:15:53.688,1.26749,1.26763,1.50,2.10
2012.09.24 07:15:53.777,1.26742,1.26756,1.73,1.35
2012.09.24 07:15:53.934,1.26737,1.26752,1.72,1.35
2012.09.24 07:15:54.451,1.26737,1.26753,2.47,1.73
2012.09.24 07:15:54.975,1.26735,1.26753,4.05,1.73
2012.09.24 07:15:55.136,1.26736,1.26753,1.20,1.73
2012.09.24 07:15:55.282,1.26741,1.26753,1.50,1.73
2012.09.24 07:15:55.432,1.26741,1.26757,1.73,1.35
2012.09.24 07:15:55.934,1.26744,1.26763,1.73,1.73
2012.09.24 07:15:59.466,1.26746,1.26765,1.50,2.85
2012.09.24 07:15:59.553,1.26748,1.26763,1.50,1.73
2012.09.24 07:16:03.927,1.26749,1.26763,1.50,1.73
2012.09.24 07:16:04.082,1.26746,1.26764,1.50,1.35
2012.09.24 07:16:04.518,1.26742,1.26759,1.13,1.73
2012.09.24 07:16:04.985,1.26741,1.26757,1.73,2.48
2012.09.24 07:16:05.775,1.26737,1.26754,2.48,1.73
2012.09.24 07:16:05.994,1.26737,1.26754,1.73,2.48
2012.09.24 07:16:07.193,1.26743,1.26749,1.50,2.25
2012.09.24 07:16:07.360,1.26741,1.26756,1.50,2.48
2012.09.24 07:16:07.525,1.26741,1.26758,2.10,1.50
2012.09.24 07:16:07.702,1.26743,1.2676,1.73,1.73
2012.09.24 07:16:08.075,1.26743,1.26763,2.48,1.73
2012.09.24 07:16:09.159,1.26741,1.26763,2.10,3.23
2012.09.24 07:16:09.383,1.26741,1.26762,2.10,1.35
2012.09.24 07:16:09.747,1.26741,1.26761,1.73,1.35
2012.09.24 07:16:09.835,1.26741,1.26759,1.73,2.48
2012.09.24 07:16:09.997,1.26739,1.26759,1.35,3.23
2012.09.24 07:16:10.435,1.26742,1.26759,1.50,2.48
2012.09.24 07:16:10.524,1.26742,1.26759,1.73,1.73
2012.09.24 07:16:11.181,1.2674,1.26756,1.73,1.62
2012.09.24 07:16:11.473,1.26736,1.26756,1.73,2.37
2012.09.24 07:16:13.073,1.26737,1.26754,1.73,1.62
2012.09.24 07:16:15.624,1.26734,1.26752,3.23,1.13
2012.09.24 07:16:15.704,1.26734,1.2675,2.48,2.25
2012.09.24 07:16:15.854,1.26732,1.26748,1.13,1.73
2012.09.24 07:16:15.931,1.26731,1.26748,1.73,1.73
2012.09.24 07:16:16.581,1.2673,1.26749,2.48,1.73
2012.09.24 07:16:19.891,1.26731,1.26749,2.48,1.62
2012.09.24 07:16:21.166,1.26731,1.26751,2.85,2.48
2012.09.24 07:16:21.253,1.26731,1.26751,2.85,2.48
2012.09.24 07:16:22.163,1.26731,1.26751,2.10,3.23
2012.09.24 07:16:22.463,1.26727,1.26749,2.85,2.48
2012.09.24 07:16:22.829,1.26725,1.26742,1.73,2.25
2012.09.24 07:16:22.922,1.26722,1.26739,2.48,1.35
2012.09.24 07:16:23.007,1.26722,1.2674,1.73,3.23
2012.09.24 07:16:23.097,1.26721,1.26737,3.75,1.62
2012.09.24 07:16:23.467,1.26722,1.26735,1.50,1.73
2012.09.24 07:16:24.114,1.26722,1.26735,1.50,1.73
2012.09.24 07:16:25.575,1.26722,1.26735,1.50,2.48
2012.09.24 07:16:26.713,1.26719,1.26735,1.73,1.73
2012.09.24 07:16:27.284,1.26722,1.26735,1.50,1.73
2012.09.24 07:16:28.830,1.26719,1.26739,2.48,1.73
2012.09.24 07:16:30.181,1.26723,1.26735,1.50,1.73
2012.09.24 07:16:31.735,1.26718,1.26735,1.73,2.48
2012.09.24 07:16:31.828,1.26718,1.26732,1.50,1.73
2012.09.24 07:16:32.199,1.26716,1.26732,2.48,1.73
2012.09.24 07:16:32.888,1.26712,1.26732,2.48,4.69
2012.09.24 07:16:33.000,1.26711,1.26721,1.50,1.73
2012.09.24 07:16:33.548,1.26711,1.26724,1.50,1.73
2012.09.24 07:16:34.326,1.26716,1.26726,1.50,1.35
2012.09.24 07:16:34.544,1.26716,1.26729,1.50,1.69
2012.09.24 07:16:35.425,1.26716,1.26731,1.50,1.35
2012.09.24 07:16:36.210,1.26712,1.26731,3.23,1.35
2012.09.24 07:16:40.435,1.26717,1.26732,1.50,2.48
2012.09.24 07:16:45.690,1.26713,1.26728,1.50,1.73
2012.09.24 07:16:45.910,1.26712,1.26728,2.25,1.73
2012.09.24 07:16:48.403,1.26712,1.26732,2.25,2.10
2012.09.24 07:16:53.003,1.26712,1.26729,2.25,1.73
2012.09.24 07:17:03.920,1.26712,1.26731,2.25,2.85
2012.09.24 07:17:07.739,1.2671,1.26727,2.48,1.35
2012.09.24 07:17:08.103,1.26708,1.26726,3.00,1.35
2012.09.24 07:17:08.185,1.26711,1.26726,1.50,1.35
2012.09.24 07:17:08.411,1.26711,1.2673,1.73,2.88
2012.09.24 07:17:09.775,1.26709,1.2673,2.48,3.60
2012.09.24 07:17:10.085,1.26707,1.26727,1.35,1.35
2012.09.24 07:17:10.464,1.26706,1.26726,1.73,1.73
2012.09.24 07:17:13.108,1.26706,1.26727,1.73,2.37
2012.09.24 07:17:13.423,1.26709,1.26727,1.73,2.37
2012.09.24 07:17:13.933,1.26709,1.26728,1.50,1.35
2012.09.24 07:17:15.583,1.26714,1.26727,1.50,1.35
2012.09.24 07:17:16.902,1.26714,1.26727,1.50,1.35
2012.09.24 07:17:22.294,1.26709,1.26727,2.48,1.35
2012.09.24 07:17:22.374,1.26709,1.26727,1.50,1.35
2012.09.24 07:17:22.453,1.26708,1.26725,1.73,1.35
2012.09.24 07:17:25.650,1.26704,1.26724,2.48,3.23
2012.09.24 07:17:25.739,1.26708,1.26719,1.50,2.48
2012.09.24 07:17:29.116,1.26702,1.26719,2.10,1.73
2012.09.24 07:17:30.737,1.267,1.26716,1.73,1.73
2012.09.24 07:17:30.909,1.26698,1.26716,2.48,1.73
2012.09.24 07:17:31.237,1.26698,1.26706,2.25,1.39
2012.09.24 07:17:32.200,1.26698,1.26706,2.25,1.62
2012.09.24 07:17:32.296,1.26687,1.26706,3.23,1.62
2012.09.24 07:17:32.824,1.26687,1.26707,3.23,1.62
2012.09.24 07:17:34.271,1.26687,1.26707,3.23,2.37
2012.09.24 07:17:35.044,1.26688,1.26709,1.73,1.73
2012.09.24 07:17:35.584,1.26691,1.26709,2.48,1.73
2012.09.24 07:17:35.808,1.26697,1.26714,1.73,2.48
2012.09.24 07:17:35.899,1.267,1.26714,1.73,1.73
2012.09.24 07:17:36.403,1.26697,1.26715,1.73,2.02
2012.09.24 07:17:37.621,1.26697,1.26716,1.73,1.75
2012.09.24 07:17:41.525,1.26696,1.26713,1.73,1.50
2012.09.24 07:17:41.622,1.26696,1.26713,1.73,1.73
2012.09.24 07:17:41.864,1.26694,1.26713,2.10,2.48
2012.09.24 07:17:42.195,1.2669,1.26706,1.35,1.73
2012.09.24 07:17:42.698,1.26692,1.26706,1.35,2.10
2012.09.24 07:17:45.522,1.26687,1.26707,2.85,2.48
2012.09.24 07:17:46.961,1.26687,1.26707,2.85,2.48
2012.09.24 07:17:47.044,1.26687,1.26707,2.85,2.48
2012.09.24 07:17:47.572,1.26687,1.26707,2.85,1.73
2012.09.24 07:17:48.540,1.26693,1.26709,1.73,1.73
2012.09.24 07:17:49.427,1.26693,1.26707,2.85,1.13
2012.09.24 07:17:49.731,1.26695,1.26708,1.13,1.73
2012.09.24 07:17:49.969,1.26695,1.26712,2.85,1.50
2012.09.24 07:17:50.127,1.26695,1.26713,2.10,1.73
2012.09.24 07:17:53.842,1.26696,1.26715,1.73,1.38
2012.09.24 07:17:54.742,1.26696,1.26716,1.50,2.88
2012.09.24 07:17:55.314,1.26696,1.26716,1.35,2.88
2012.09.24 07:17:55.536,1.26696,1.26715,2.10,1.73
2012.09.24 07:17:55.860,1.26695,1.26715,3.49,1.73
2012.09.24 07:17:58.997,1.26708,1.26715,1.50,2.13
2012.09.24 07:17:59.239,1.26712,1.26721,2.85,1.09
2012.09.24 07:17:59.396,1.26712,1.26729,1.35,2.48
2012.09.24 07:17:59.478,1.26707,1.26727,1.13,2.48
2012.09.24 07:17:59.716,1.26706,1.26725,3.23,1.35
2012.09.24 07:17:59.807,1.26706,1.26723,3.00,1.35
2012.09.24 07:18:00.117,1.26704,1.26723,2.14,2.10
2012.09.24 07:18:00.485,1.26704,1.2672,1.13,2.48
2012.09.24 07:18:00.657,1.26704,1.2672,1.88,2.48
2012.09.24 07:18:00.744,1.26704,1.2672,1.88,2.48
2012.09.24 07:18:01.254,1.26703,1.26723,1.73,2.85
2012.09.24 07:18:01.473,1.26704,1.26723,1.50,2.85
2012.09.24 07:18:01.699,1.26703,1.26718,1.73,1.73
2012.09.24 07:18:01.938,1.26703,1.26718,1.50,1.73
2012.09.24 07:18:03.898,1.26697,1.26714,1.73,1.73
2012.09.24 07:18:05.604,1.26694,1.26714,1.73,2.10
2012.09.24 07:18:05.955,1.26694,1.26714,1.73,2.10
2012.09.24 07:18:06.521,1.26694,1.26714,1.73,2.10
2012.09.24 07:18:09.903,1.26694,1.26714,3.23,2.10
2012.09.24 07:18:10.197,1.2669,1.26707,3.23,1.35
2012.09.24 07:18:10.713,1.26686,1.26703,2.48,1.73
2012.09.24 07:18:10.934,1.26686,1.26703,2.48,1.73
2012.09.24 07:18:11.016,1.26686,1.26703,2.48,1.73
2012.09.24 07:18:13.521,1.26689,1.26706,1.50,1.73
2012.09.24 07:18:15.334,1.26695,1.26707,1.50,1.35
2012.09.24 07:18:15.571,1.26696,1.2671,1.50,1.32
2012.09.24 07:18:15.654,1.26699,1.26712,1.50,1.35
2012.09.24 07:18:15.735,1.26696,1.26714,1.50,1.73
2012.09.24 07:18:15.812,1.26696,1.26714,3.00,1.73
2012.09.24 07:18:15.896,1.26696,1.26714,3.23,1.73
2012.09.24 07:18:16.871,1.26699,1.26719,2.10,2.13
2012.09.24 07:18:17.092,1.26699,1.26719,1.50,2.13
2012.09.24 07:18:17.613,1.26699,1.26713,1.50,1.35
2012.09.24 07:18:17.781,1.26697,1.26712,2.25,1.35
2012.09.24 07:18:17.875,1.26696,1.26711,2.25,1.35
2012.09.24 07:18:18.121,1.26697,1.26718,2.10,1.35
2012.09.24 07:18:18.205,1.26702,1.26718,1.50,2.10
2012.09.24 07:18:18.571,1.26707,1.26719,1.50,1.38
2012.09.24 07:18:18.721,1.26703,1.2672,2.25,1.73
2012.09.24 07:18:18.806,1.26703,1.2672,2.48,1.50
2012.09.24 07:18:19.897,1.26709,1.26724,1.73,2.13
2012.09.24 07:18:20.402,1.26711,1.26728,2.48,1.73
2012.09.24 07:18:21.790,1.26709,1.2673,2.48,2.85
2012.09.24 07:18:22.695,1.26712,1.26729,1.73,1.73
2012.09.24 07:18:22.794,1.26712,1.26731,2.25,2.10
2012.09.24 07:18:23.371,1.26712,1.26731,1.50,2.10
2012.09.24 07:18:23.524,1.26712,1.26731,1.73,2.10
2012.09.24 07:18:23.829,1.26712,1.26731,2.48,1.73
2012.09.24 07:18:23.916,1.26712,1.26731,1.73,1.73
2012.09.24 07:18:25.778,1.26711,1.26729,1.73,1.73
2012.09.24 07:18:25.863,1.26711,1.26729,1.73,1.73
2012.09.24 07:18:33.284,1.2671,1.2673,2.48,2.10
2012.09.24 07:18:34.326,1.2671,1.26728,1.73,1.73
2012.09.24 07:18:34.891,1.2671,1.2673,2.48,1.35
2012.09.24 07:18:35.442,1.26707,1.26729,2.48,3.23
2012.09.24 07:18:37.661,1.2671,1.26729,1.73,1.73
2012.09.24 07:18:41.255,1.2671,1.26731,2.85,3.23
2012.09.24 07:18:41.347,1.26711,1.26731,2.48,3.23
2012.09.24 07:18:41.711,1.26713,1.26729,1.50,1.73
2012.09.24 07:18:43.105,1.26711,1.26729,1.50,3.23
2012.09.24 07:18:43.614,1.26708,1.26729,2.48,3.23
2012.09.24 07:18:43.975,1.26709,1.2673,2.85,1.35
2012.09.24 07:18:44.065,1.26709,1.26729,2.10,1.73
2012.09.24 07:18:44.151,1.26709,1.2673,2.85,1.35
2012.09.24 07:18:45.143,1.26709,1.26728,2.10,1.73
2012.09.24 07:18:45.229,1.26709,1.2673,2.85,1.35
2012.09.24 07:18:45.685,1.26709,1.26724,2.10,1.50
2012.09.24 07:18:45.833,1.26707,1.26724,2.63,1.73
2012.09.24 07:18:46.056,1.26709,1.2673,2.48,1.35
2012.09.24 07:18:48.433,1.26709,1.26724,1.73,1.50
2012.09.24 07:18:48.654,1.26706,1.26724,3.00,1.73
2012.09.24 07:18:49.012,1.26706,1.26726,2.48,1.35
2012.09.24 07:18:49.094,1.26706,1.26726,2.48,1.35
2012.09.24 07:18:51.978,1.2671,1.2673,2.25,1.73
2012.09.24 07:18:52.307,1.2671,1.26727,1.50,1.73
2012.09.24 07:18:52.548,1.26705,1.26724,2.48,2.48
2012.09.24 07:18:53.326,1.26704,1.26724,1.73,1.73
2012.09.24 07:18:53.561,1.26704,1.26724,1.73,2.48
2012.09.24 07:18:53.767,1.26704,1.26724,1.73,1.73
2012.09.24 07:18:54.221,1.26704,1.26723,1.73,1.73
2012.09.24 07:18:55.505,1.26703,1.26722,2.48,1.73
2012.09.24 07:18:55.593,1.26703,1.26722,2.48,1.73
2012.09.24 07:18:59.105,1.26703,1.26722,2.48,1.73
2012.09.24 07:18:59.560,1.26704,1.26724,1.73,1.73
2012.09.24 07:19:00.582,1.26706,1.26725,2.10,2.48
2012.09.24 07:19:03.715,1.26703,1.26724,3.23,1.73
2012.09.24 07:19:03.801,1.26703,1.26724,3.23,1.73
2012.09.24 07:19:05.322,1.26703,1.26722,3.23,1.62
2012.09.24 07:19:05.406,1.26703,1.2672,2.48,1.88
2012.09.24 07:19:05.499,1.26701,1.26719,1.35,1.73
2012.09.24 07:19:05.653,1.26702,1.2672,1.73,1.88
2012.09.24 07:19:05.739,1.26702,1.2672,1.73,1.13
2012.09.24 07:19:06.332,1.26703,1.2672,1.73,1.50
2012.09.24 07:19:06.418,1.26703,1.26723,2.48,1.73
2012.09.24 07:19:06.574,1.26707,1.26724,1.35,2.63
2012.09.24 07:19:09.891,1.26708,1.26725,1.73,1.73
2012.09.24 07:19:10.348,1.2671,1.26725,1.73,1.73
2012.09.24 07:19:10.724,1.26715,1.26729,1.50,2.10
2012.09.24 07:19:11.944,1.26711,1.26729,2.48,1.73
2012.09.24 07:19:13.919,1.2671,1.26726,1.73,1.73
2012.09.24 07:19:14.001,1.26711,1.26728,1.73,2.10
2012.09.24 07:19:15.895,1.2671,1.26727,1.73,1.73
2012.09.24 07:19:16.384,1.26715,1.26728,1.50,1.35
2012.09.24 07:19:17.459,1.26715,1.26728,1.50,1.73
2012.09.24 07:19:18.376,1.26715,1.26729,1.50,1.73
2012.09.24 07:19:18.827,1.26715,1.26732,1.73,1.38
2012.09.24 07:19:26.185,1.26711,1.26728,1.73,1.73
2012.09.24 07:19:26.754,1.2671,1.26727,1.73,2.48
2012.09.24 07:19:26.837,1.2671,1.26727,1.50,2.48
2012.09.24 07:19:27.526,1.26707,1.26723,1.50,2.10
2012.09.24 07:19:29.051,1.26704,1.26719,1.73,3.23
2012.09.24 07:19:29.434,1.26701,1.26715,1.35,1.73
2012.09.24 07:19:29.957,1.26699,1.26715,1.73,2.48
2012.09.24 07:19:30.363,1.26699,1.26715,1.73,2.48
2012.09.24 07:19:32.366,1.26696,1.26715,2.48,2.48
2012.09.24 07:19:32.457,1.26696,1.2671,1.73,1.13
2012.09.24 07:19:32.780,1.2669,1.26703,1.50,1.73
2012.09.24 07:19:33.364,1.2669,1.26704,1.50,3.23
2012.09.24 07:19:37.499,1.2669,1.26704,1.73,1.73
2012.09.24 07:19:38.005,1.2669,1.26704,1.50,3.23
2012.09.24 07:19:38.093,1.2669,1.26701,1.50,2.48
2012.09.24 07:19:38.522,1.2669,1.26699,1.50,2.48
2012.09.24 07:19:38.954,1.26684,1.26701,3.00,1.73
2012.09.24 07:19:41.225,1.26689,1.26703,1.50,2.10
2012.09.24 07:19:41.729,1.2669,1.267,1.50,1.73
2012.09.24 07:19:42.245,1.26689,1.267,1.50,1.73
2012.09.24 07:19:47.592,1.26688,1.26701,1.50,1.73
2012.09.24 07:19:48.141,1.26681,1.26701,3.75,1.73
2012.09.24 07:19:48.223,1.2669,1.26701,1.50,1.73
2012.09.24 07:19:48.374,1.26685,1.267,1.50,1.73
2012.09.24 07:19:48.457,1.26689,1.267,1.50,1.50
2012.09.24 07:19:48.759,1.26687,1.26703,1.50,2.10
2012.09.24 07:19:48.850,1.26687,1.26704,1.73,2.48
2012.09.24 07:19:49.148,1.26684,1.26703,3.00,2.10
2012.09.24 07:19:49.446,1.26689,1.26702,1.50,1.73
2012.09.24 07:19:49.773,1.26688,1.26703,1.50,2.85
2012.09.24 07:19:49.866,1.26685,1.26703,1.50,2.85
2012.09.24 07:19:49.960,1.26681,1.26699,1.73,1.73
2012.09.24 07:19:50.188,1.26681,1.26697,3.23,1.13
2012.09.24 07:19:50.500,1.26681,1.26694,1.50,1.73
2012.09.24 07:19:52.715,1.26681,1.26693,1.50,1.73
2012.09.24 07:19:53.017,1.2668,1.26693,1.50,1.73
2012.09.24 07:19:53.102,1.26681,1.26695,1.50,2.85
2012.09.24 07:19:53.424,1.2668,1.26694,1.50,1.73
2012.09.24 07:19:53.852,1.26681,1.26694,1.50,1.73
2012.09.24 07:19:54.402,1.26681,1.26694,1.50,1.73
2012.09.24 07:19:55.980,1.26681,1.26693,1.50,1.73
2012.09.24 07:19:56.677,1.26674,1.26693,1.73,1.73
2012.09.24 07:19:57.812,1.26674,1.26693,2.85,1.50
2012.09.24 07:19:58.034,1.26673,1.26695,2.48,3.98
2012.09.24 07:19:58.880,1.26672,1.26691,1.73,1.73
2012.09.24 07:19:59.200,1.26669,1.26688,2.85,1.73
2012.09.24 07:20:01.670,1.2667,1.26687,3.23,1.35
2012.09.24 07:20:01.899,1.2667,1.26687,1.73,1.35
2012.09.24 07:20:09.276,1.2667,1.2669,3.23,1.35
2012.09.24 07:20:10.162,1.2667,1.2669,3.23,1.35
2012.09.24 07:20:10.663,1.2667,1.2669,2.48,1.35
2012.09.24 07:20:12.896,1.2667,1.2669,3.23,1.35
2012.09.24 07:20:12.996,1.26666,1.26686,2.85,1.35
2012.09.24 07:20:13.505,1.26666,1.26686,2.85,1.35
2012.09.24 07:20:14.126,1.26669,1.26688,1.73,2.48
2012.09.24 07:20:14.289,1.2667,1.2669,2.48,1.35
2012.09.24 07:20:15.043,1.2667,1.2669,2.48,1.35
2012.09.24 07:20:15.605,1.26673,1.2669,1.73,1.35
2012.09.24 07:20:15.974,1.26673,1.26689,1.73,1.73
2012.09.24 07:20:16.283,1.26673,1.2669,1.73,2.85
2012.09.24 07:20:18.204,1.26673,1.26688,1.50,1.73
2012.09.24 07:20:18.531,1.26673,1.26688,1.50,1.73
2012.09.24 07:20:19.089,1.26673,1.26688,1.50,2.10
2012.09.24 07:20:19.388,1.26673,1.26688,1.50,1.35
2012.09.24 07:20:20.235,1.26675,1.2669,1.50,2.37
2012.09.24 07:20:20.321,1.26675,1.2669,1.73,2.37
2012.09.24 07:20:20.804,1.26677,1.26693,1.73,1.35
2012.09.24 07:20:21.178,1.26683,1.26695,1.73,1.62
2012.09.24 07:20:21.272,1.26682,1.26694,1.13,1.35
2012.09.24 07:20:21.359,1.26682,1.26695,1.35,1.39
2012.09.24 07:20:21.516,1.26682,1.26698,1.35,2.48
2012.09.24 07:20:21.837,1.26683,1.26699,2.48,1.39
2012.09.24 07:20:21.928,1.26683,1.267,2.48,1.38
2012.09.24 07:20:22.155,1.26687,1.26703,1.73,1.90
2012.09.24 07:20:22.702,1.26687,1.26705,1.73,1.73
2012.09.24 07:20:23.063,1.26686,1.26703,1.88,1.73
2012.09.24 07:20:25.723,1.26688,1.26702,1.50,1.35
2012.09.24 07:20:26.152,1.26685,1.26702,3.00,1.35
2012.09.24 07:20:26.644,1.26686,1.26702,2.48,1.35
2012.09.24 07:20:27.074,1.26686,1.26702,2.48,1.35
2012.09.24 07:20:28.073,1.26686,1.26702,2.25,1.35
2012.09.24 07:20:30.417,1.26687,1.26708,1.35,2.48
2012.09.24 07:20:30.503,1.26688,1.26709,1.73,3.23
2012.09.24 07:20:30.589,1.26691,1.26709,1.50,3.23
2012.09.24 07:20:30.906,1.26697,1.26711,1.50,1.38
2012.09.24 07:20:32.131,1.26701,1.26715,1.50,1.35
2012.09.24 07:20:32.455,1.26698,1.26715,1.50,1.35
2012.09.24 07:20:33.225,1.26697,1.26715,2.25,1.35
2012.09.24 07:20:33.304,1.26697,1.26715,2.25,1.35
2012.09.24 07:20:35.708,1.26697,1.26716,3.75,1.35
2012.09.24 07:20:35.798,1.26702,1.26716,1.50,1.35
2012.09.24 07:20:36.476,1.267,1.26719,2.48,1.35
2012.09.24 07:20:37.506,1.267,1.26719,1.73,2.10
2012.09.24 07:20:37.594,1.267,1.26719,3.23,2.10
2012.09.24 07:20:37.745,1.26702,1.2672,1.73,1.35
2012.09.24 07:20:38.104,1.26705,1.26722,1.50,1.35
2012.09.24 07:20:38.665,1.26705,1.26722,2.25,1.35
2012.09.24 07:20:39.191,1.26705,1.26722,1.50,1.35
2012.09.24 07:20:40.022,1.26702,1.26722,1.73,1.35
2012.09.24 07:20:40.755,1.26703,1.26722,1.73,1.35
2012.09.24 07:20:41.254,1.26705,1.26725,3.23,1.73
2012.09.24 07:20:42.796,1.26711,1.26727,1.50,1.35
2012.09.24 07:20:43.113,1.26718,1.2673,1.50,2.10
2012.09.24 07:20:43.543,1.26714,1.2673,3.00,1.35
2012.09.24 07:20:49.998,1.26714,1.26729,1.50,1.73
2012.09.24 07:20:50.390,1.26711,1.26729,3.23,1.73
2012.09.24 07:20:52.428,1.26711,1.26729,1.13,1.73
2012.09.24 07:20:54.783,1.26711,1.26728,1.88,1.35
2012.09.24 07:20:55.087,1.26714,1.26733,1.35,3.98
2012.09.24 07:20:55.530,1.26716,1.26733,1.35,3.00
2012.09.24 07:20:55.683,1.26716,1.26737,3.60,2.48
2012.09.24 07:20:56.724,1.26716,1.26733,1.50,3.98
2012.09.24 07:20:56.817,1.26712,1.26731,2.44,2.10
2012.09.24 07:20:56.908,1.2671,1.26729,3.19,1.50
2012.09.24 07:20:57.001,1.26709,1.26729,2.10,1.73
2012.09.24 07:20:57.087,1.26709,1.26723,1.88,1.73
2012.09.24 07:20:57.604,1.26707,1.26725,1.35,2.48
2012.09.24 07:20:58.577,1.26706,1.26725,1.73,2.48
2012.09.24 07:20:59.339,1.26711,1.26725,1.13,1.73
2012.09.24 07:20:59.430,1.26708,1.26727,1.88,1.35
2012.09.24 07:20:59.519,1.26707,1.26726,1.73,2.48
2012.09.24 07:21:00.174,1.26707,1.26724,1.73,1.73
2012.09.24 07:21:00.606,1.26707,1.26726,2.85,2.48
2012.09.24 07:21:01.112,1.26709,1.26728,1.73,1.73
2012.09.24 07:21:06.223,1.2671,1.26729,1.73,1.73
2012.09.24 07:21:06.829,1.26712,1.26729,1.50,1.73
2012.09.24 07:21:06.921,1.26714,1.26731,1.13,1.35
2012.09.24 07:21:08.226,1.26715,1.26733,1.50,2.48
2012.09.24 07:21:08.460,1.26714,1.26733,1.73,2.48
2012.09.24 07:21:09.104,1.26712,1.26733,1.73,3.23
2012.09.24 07:21:11.864,1.26712,1.26732,1.73,1.35
2012.09.24 07:21:11.951,1.26712,1.26731,1.50,1.35
2012.09.24 07:21:16.278,1.26712,1.26732,1.73,1.35
2012.09.24 07:21:16.717,1.26718,1.26733,1.50,3.23
2012.09.24 07:21:17.091,1.26721,1.26734,1.50,1.35
2012.09.24 07:21:17.268,1.26718,1.26734,1.88,1.35
2012.09.24 07:21:19.475,1.26719,1.26736,1.13,1.35
2012.09.24 07:21:19.694,1.26717,1.26739,2.48,2.10
2012.09.24 07:21:19.915,1.26717,1.26734,2.25,1.35
2012.09.24 07:21:21.268,1.26719,1.26734,1.13,1.35
2012.09.24 07:21:21.503,1.26727,1.26742,1.73,1.73
2012.09.24 07:21:22.552,1.26726,1.26744,2.48,1.73
2012.09.24 07:21:22.891,1.26726,1.26744,2.48,1.73
2012.09.24 07:21:25.334,1.26723,1.26743,1.73,2.48
2012.09.24 07:21:28.151,1.26724,1.26744,2.25,1.73
2012.09.24 07:21:29.757,1.26724,1.26744,2.63,1.73
2012.09.24 07:21:29.917,1.26736,1.26746,1.73,1.50
2012.09.24 07:21:30.065,1.26736,1.26752,1.73,1.73
2012.09.24 07:21:32.911,1.26736,1.26757,2.48,2.85
2012.09.24 07:21:33.566,1.26737,1.26757,1.73,2.48
2012.09.24 07:21:33.654,1.26738,1.26758,1.73,1.73
2012.09.24 07:21:33.973,1.26739,1.26759,1.35,2.85
2012.09.24 07:21:34.125,1.26738,1.26758,2.10,1.73
2012.09.24 07:21:34.710,1.26738,1.26758,1.73,1.73
2012.09.24 07:21:45.951,1.26734,1.26754,2.48,3.23
2012.09.24 07:21:46.034,1.26734,1.26754,2.48,3.23
2012.09.24 07:21:54.234,1.26732,1.26749,2.48,1.50
2012.09.24 07:21:54.314,1.26732,1.26749,1.50,1.73
2012.09.24 07:21:54.864,1.26729,1.26749,2.48,1.73
2012.09.24 07:21:55.895,1.26729,1.26749,2.48,1.73
2012.09.24 07:21:56.412,1.26728,1.26748,1.35,2.48
2012.09.24 07:21:57.155,1.26729,1.26746,1.73,1.35
2012.09.24 07:22:00.326,1.26727,1.26743,1.73,1.73
2012.09.24 07:22:00.414,1.26727,1.26746,1.73,1.35
2012.09.24 07:22:02.335,1.26727,1.26746,3.23,1.35
2012.09.24 07:22:04.254,1.26727,1.26746,3.23,1.35
2012.09.24 07:22:04.406,1.26731,1.2675,1.73,2.48
2012.09.24 07:22:06.106,1.26731,1.2675,3.23,1.73
2012.09.24 07:22:06.558,1.26736,1.26753,2.25,2.50
2012.09.24 07:22:06.652,1.26736,1.26755,2.48,2.02
2012.09.24 07:22:06.739,1.26738,1.26755,3.00,1.62
2012.09.24 07:22:08.662,1.26738,1.26758,3.00,1.35
2012.09.24 07:22:10.130,1.26738,1.26758,3.00,1.35
2012.09.24 07:22:11.472,1.26738,1.26759,2.25,3.98
2012.09.24 07:22:12.408,1.26738,1.26759,2.48,3.98
2012.09.24 07:22:13.085,1.26744,1.26759,2.25,1.73
2012.09.24 07:22:13.185,1.26744,1.26765,3.98,2.85
2012.09.24 07:22:14.379,1.26744,1.26765,3.83,2.85
2012.09.24 07:22:14.881,1.26744,1.26765,3.98,2.48
2012.09.24 07:22:23.447,1.26744,1.26762,1.73,2.10
2012.09.24 07:22:23.593,1.26742,1.26761,1.73,1.35
2012.09.24 07:22:24.582,1.26743,1.26758,1.73,1.50
2012.09.24 07:22:24.863,1.26746,1.26763,2.48,2.85
2012.09.24 07:22:24.960,1.26746,1.26763,2.48,1.13
2012.09.24 07:22:25.127,1.26746,1.26764,2.48,1.73
2012.09.24 07:22:25.216,1.26746,1.26764,2.48,1.73
2012.09.24 07:22:28.844,1.26749,1.26765,1.35,2.48
2012.09.24 07:22:29.203,1.26753,1.26773,3.98,1.73
2012.09.24 07:22:29.357,1.26757,1.26771,1.50,1.73
2012.09.24 07:22:29.446,1.26757,1.26773,1.73,1.73
2012.09.24 07:22:31.306,1.26758,1.26778,1.35,2.85
2012.09.24 07:22:34.475,1.26757,1.26778,1.73,2.85
2012.09.24 07:22:34.581,1.26757,1.26778,1.73,2.85
2012.09.24 07:22:36.447,1.26755,1.26773,2.48,1.73
2012.09.24 07:22:36.608,1.26753,1.2677,1.35,1.73
2012.09.24 07:22:39.574,1.26754,1.26771,1.35,1.73
2012.09.24 07:22:40.146,1.26752,1.26769,2.10,1.35
2012.09.24 07:22:40.884,1.26751,1.2677,2.48,2.10
2012.09.24 07:22:41.106,1.26751,1.26768,2.25,2.48
2012.09.24 07:22:41.986,1.26749,1.26766,2.10,1.73
2012.09.24 07:22:42.063,1.26747,1.26766,1.73,2.48
2012.09.24 07:22:42.422,1.26747,1.26766,1.73,2.48
2012.09.24 07:22:43.239,1.26744,1.26761,1.73,1.50
2012.09.24 07:22:43.410,1.26742,1.2676,5.48,1.73
2012.09.24 07:22:43.707,1.26742,1.26757,1.73,1.73
2012.09.24 07:22:44.013,1.26737,1.26752,2.85,1.73
2012.09.24 07:22:47.525,1.26738,1.26756,1.73,2.48
2012.09.24 07:22:47.672,1.2674,1.26756,1.73,2.25
2012.09.24 07:22:48.240,1.2674,1.2676,1.73,4.35
2012.09.24 07:22:49.108,1.2674,1.26756,1.73,1.50
2012.09.24 07:22:49.282,1.26738,1.26756,1.35,2.25
2012.09.24 07:22:49.621,1.26735,1.26749,2.10,2.10
2012.09.24 07:22:49.879,1.26728,1.26743,1.50,1.73
2012.09.24 07:22:49.969,1.2673,1.26744,1.73,2.48
2012.09.24 07:22:50.275,1.26726,1.26744,3.23,3.23
2012.09.24 07:22:50.633,1.26728,1.26744,1.73,3.23
2012.09.24 07:22:51.150,1.26726,1.26744,2.10,3.23
2012.09.24 07:22:52.754,1.26726,1.26744,2.10,2.48
2012.09.24 07:22:54.595,1.26726,1.26744,2.03,2.48
2012.09.24 07:22:55.173,1.26726,1.26745,3.53,1.35
2012.09.24 07:23:06.193,1.26724,1.26738,2.10,1.50
2012.09.24 07:23:06.283,1.26723,1.26738,2.48,1.50
2012.09.24 07:23:06.520,1.26719,1.26734,1.73,2.25
2012.09.24 07:23:06.607,1.26716,1.26734,2.48,1.73
2012.09.24 07:23:06.763,1.26716,1.26734,2.48,1.73
2012.09.24 07:23:07.939,1.26723,1.26734,1.50,1.73
2012.09.24 07:23:08.166,1.26724,1.26738,1.73,1.50
2012.09.24 07:23:08.476,1.26727,1.26741,1.35,1.50
2012.09.24 07:23:08.554,1.26727,1.26745,1.35,2.48
2012.09.24 07:23:10.149,1.26727,1.26745,1.35,1.73
2012.09.24 07:23:10.381,1.26724,1.26742,1.73,2.48
2012.09.24 07:23:10.466,1.26725,1.26742,2.10,1.50
2012.09.24 07:23:13.793,1.26723,1.26744,3.23,1.73
2012.09.24 07:23:13.877,1.26723,1.26742,1.73,1.73
2012.09.24 07:23:14.173,1.26727,1.26742,1.35,1.50
2012.09.24 07:23:15.587,1.26722,1.26739,1.73,1.50
2012.09.24 07:23:15.678,1.2672,1.26739,2.48,2.48
2012.09.24 07:23:15.974,1.26718,1.26738,1.73,2.48
2012.09.24 07:23:16.334,1.26723,1.26738,1.50,2.48
2012.09.24 07:23:16.635,1.26724,1.26739,1.73,2.25
2012.09.24 07:23:17.499,1.26722,1.26739,1.13,3.23
2012.09.24 07:23:17.588,1.26719,1.26734,2.10,1.73
2012.09.24 07:23:20.888,1.26712,1.26728,2.48,1.50
2012.09.24 07:23:21.046,1.26712,1.26728,1.73,1.73
2012.09.24 07:23:21.618,1.26716,1.26728,1.73,1.73
2012.09.24 07:23:21.705,1.26716,1.26728,1.73,1.50
2012.09.24 07:23:21.924,1.26716,1.2673,1.50,1.73
2012.09.24 07:23:23.088,1.26719,1.26734,2.10,2.25
2012.09.24 07:23:23.324,1.26725,1.2674,2.48,1.50
2012.09.24 07:23:23.565,1.26728,1.26743,1.73,1.50
2012.09.24 07:23:24.573,1.26726,1.26743,1.73,1.73
2012.09.24 07:23:24.674,1.26727,1.26743,1.73,1.50
2012.09.24 07:23:27.280,1.2673,1.26747,1.35,2.48
2012.09.24 07:23:27.366,1.2673,1.26747,2.10,2.25
2012.09.24 07:23:27.443,1.26731,1.2675,1.73,1.73
2012.09.24 07:23:28.013,1.26733,1.26751,1.50,2.48
2012.09.24 07:23:30.965,1.26733,1.26751,2.10,1.73
2012.09.24 07:23:31.575,1.26735,1.26753,1.73,1.73
2012.09.24 07:23:31.677,1.26732,1.2675,1.73,1.73
2012.09.24 07:23:33.663,1.26733,1.2675,2.25,1.73
2012.09.24 07:23:33.744,1.26733,1.2675,1.88,2.48
2012.09.24 07:23:33.897,1.26734,1.26754,1.35,1.73
2012.09.24 07:23:34.820,1.26734,1.26754,2.85,1.73
2012.09.24 07:23:36.245,1.26731,1.2675,1.73,2.48
2012.09.24 07:23:36.534,1.26731,1.2675,1.50,3.98
2012.09.24 07:23:36.615,1.26728,1.26747,2.48,1.73
2012.09.24 07:23:37.254,1.26728,1.26748,1.73,2.10
2012.09.24 07:23:37.995,1.26726,1.26747,1.35,2.48
2012.09.24 07:23:38.663,1.2673,1.26748,1.73,2.10
2012.09.24 07:23:40.381,1.2673,1.26748,2.48,2.10
2012.09.24 07:23:41.541,1.2673,1.26748,1.73,1.73
2012.09.24 07:23:42.705,1.2673,1.26749,2.48,2.10
2012.09.24 07:23:44.293,1.2673,1.26749,1.73,2.10
2012.09.24 07:23:48.735,1.2673,1.26748,2.48,2.10
2012.09.24 07:23:52.353,1.2673,1.26749,2.85,2.10
2012.09.24 07:23:52.996,1.26732,1.2675,3.98,1.73
2012.09.24 07:23:53.086,1.26733,1.26752,1.50,1.35
2012.09.24 07:23:53.246,1.26735,1.26753,2.48,2.48
2012.09.24 07:23:53.770,1.26732,1.26753,3.23,2.88
2012.09.24 07:23:53.857,1.26732,1.26752,3.23,2.10
2012.09.24 07:23:54.184,1.26728,1.26746,1.88,1.73
2012.09.24 07:23:54.496,1.26725,1.26741,1.88,1.73
2012.09.24 07:23:54.578,1.26725,1.26741,1.50,2.10
2012.09.24 07:23:54.666,1.26722,1.26741,1.80,2.10
2012.09.24 07:23:54.971,1.26719,1.26738,1.13,3.60
2012.09.24 07:23:55.404,1.26719,1.26735,1.13,2.48
2012.09.24 07:23:55.996,1.26719,1.26735,1.13,3.60
2012.09.24 07:23:59.023,1.26717,1.26735,1.50,2.48
2012.09.24 07:23:59.252,1.26715,1.26735,1.35,2.48
2012.09.24 07:24:01.646,1.26715,1.26735,1.35,3.23
2012.09.24 07:24:02.096,1.26714,1.26734,1.73,1.73
2012.09.24 07:24:02.185,1.26714,1.26732,2.25,1.73
2012.09.24 07:24:02.628,1.26711,1.26728,2.63,2.48
2012.09.24 07:24:02.799,1.26711,1.26728,3.00,1.73
2012.09.24 07:24:04.086,1.26711,1.26727,1.50,1.35
2012.09.24 07:24:04.181,1.26705,1.26727,1.73,1.35
2012.09.24 07:24:06.605,1.26706,1.26724,2.25,1.73
2012.09.24 07:24:06.688,1.26703,1.26724,1.88,2.85
2012.09.24 07:24:06.846,1.26705,1.26722,1.50,1.73
2012.09.24 07:24:07.007,1.26703,1.26721,1.88,2.48
2012.09.24 07:24:08.374,1.26706,1.26723,1.50,2.48
2012.09.24 07:24:14.124,1.26703,1.26723,1.50,3.23
2012.09.24 07:24:19.856,1.26703,1.26723,1.73,3.23
2012.09.24 07:24:21.551,1.26703,1.26723,2.48,1.73
2012.09.24 07:24:22.159,1.26702,1.2672,2.25,2.48
2012.09.24 07:24:22.314,1.26702,1.2672,2.25,2.48
2012.09.24 07:24:22.539,1.26702,1.2672,1.73,2.48
2012.09.24 07:24:22.627,1.26702,1.2672,1.73,2.48
2012.09.24 07:24:26.586,1.26705,1.26723,1.73,2.48
2012.09.24 07:24:26.763,1.26706,1.26723,1.73,1.73
2012.09.24 07:24:26.858,1.26709,1.26725,1.50,2.13
2012.09.24 07:24:31.747,1.26709,1.26726,1.50,1.73
2012.09.24 07:24:32.314,1.26709,1.26726,1.50,1.73
2012.09.24 07:24:34.317,1.26706,1.26726,2.48,2.48
2012.09.24 07:24:34.410,1.26703,1.26723,3.60,1.35
2012.09.24 07:24:34.568,1.26703,1.26722,2.10,2.48
2012.09.24 07:24:34.728,1.26706,1.26722,1.50,2.48
2012.09.24 07:24:35.027,1.26706,1.26723,1.73,1.35
2012.09.24 07:24:35.576,1.26707,1.26723,1.73,1.35
2012.09.24 07:24:35.882,1.26708,1.26728,1.73,3.63
2012.09.24 07:24:36.248,1.26708,1.26728,1.73,3.63
2012.09.24 07:24:36.492,1.26708,1.26728,1.73,3.63
2012.09.24 07:24:36.721,1.26712,1.26728,1.88,2.48
2012.09.24 07:24:36.970,1.26716,1.26734,1.73,1.50
2012.09.24 07:24:37.131,1.26717,1.26736,1.73,2.48
2012.09.24 07:24:37.445,1.26719,1.26738,2.48,1.38
2012.09.24 07:24:37.525,1.26719,1.26738,3.23,1.38
2012.09.24 07:24:37.964,1.26723,1.26738,1.73,1.38
2012.09.24 07:24:38.187,1.26717,1.26734,1.73,1.13
2012.09.24 07:24:38.423,1.26713,1.26733,2.10,1.73
2012.09.24 07:24:38.714,1.26714,1.26733,1.35,1.50
2012.09.24 07:24:38.934,1.26714,1.26733,1.35,1.73
2012.09.24 07:24:42.851,1.26716,1.26734,1.73,1.73
2012.09.24 07:24:45.125,1.26714,1.26734,1.35,1.73
2012.09.24 07:24:45.209,1.26712,1.26733,3.23,1.73
2012.09.24 07:24:45.296,1.26712,1.26733,3.98,1.73
2012.09.24 07:24:45.666,1.26712,1.26731,1.35,2.48
2012.09.24 07:24:46.659,1.2671,1.2673,1.73,1.73
2012.09.24 07:24:47.870,1.26707,1.26728,1.35,2.48
2012.09.24 07:24:48.178,1.26707,1.26728,1.13,3.23
2012.09.24 07:24:49.066,1.26709,1.26728,1.73,2.48
2012.09.24 07:24:49.826,1.26711,1.26729,1.13,1.73
2012.09.24 07:24:49.917,1.26715,1.26729,1.13,1.73
2012.09.24 07:24:50.144,1.26715,1.26732,1.35,1.73
2012.09.24 07:24:51.577,1.26713,1.26729,1.35,2.48
2012.09.24 07:24:52.151,1.26714,1.26733,3.23,1.73
2012.09.24 07:24:52.616,1.26715,1.26735,3.00,2.10
2012.09.24 07:24:52.776,1.26715,1.26735,3.23,2.10
2012.09.24 07:24:53.076,1.26718,1.26735,1.73,1.35
2012.09.24 07:24:53.311,1.26722,1.26735,1.50,1.35
2012.09.24 07:24:53.674,1.26724,1.26735,1.50,1.35
2012.09.24 07:24:54.032,1.26722,1.26735,1.50,1.35
2012.09.24 07:24:54.147,1.2672,1.26735,1.50,1.35
2012.09.24 07:24:54.222,1.26717,1.26735,1.50,1.35
2012.09.24 07:24:58.275,1.26717,1.26736,2.25,1.35
2012.09.24 07:24:58.356,1.26717,1.26736,2.48,1.35
2012.09.24 07:24:58.641,1.26719,1.26736,1.50,1.35
2012.09.24 07:24:58.949,1.2672,1.26739,1.73,2.25
2012.09.24 07:24:59.526,1.26723,1.26741,1.73,1.58
2012.09.24 07:24:59.699,1.26723,1.26741,1.73,1.58
2012.09.24 07:25:00.663,1.26723,1.26741,1.50,1.73
2012.09.24 07:25:02.283,1.26723,1.26744,1.50,2.10
2012.09.24 07:25:04.143,1.26721,1.26743,1.73,2.85
2012.09.24 07:25:05.058,1.26724,1.26743,1.50,2.48
2012.09.24 07:25:05.144,1.26724,1.26744,3.00,1.32
2012.09.24 07:25:06.797,1.26728,1.26745,1.50,2.48
2012.09.24 07:25:06.972,1.26727,1.26745,2.10,2.48
2012.09.24 07:25:07.139,1.26727,1.26747,2.10,2.85
2012.09.24 07:25:07.680,1.26727,1.26747,2.10,1.35
2012.09.24 07:25:08.266,1.26727,1.26747,1.73,1.35
2012.09.24 07:25:09.564,1.26729,1.26749,1.50,1.73
2012.09.24 07:25:09.715,1.26729,1.26749,1.73,1.73
2012.09.24 07:25:09.806,1.26729,1.26749,1.73,1.73
2012.09.24 07:25:10.312,1.26729,1.26748,1.73,1.73
2012.09.24 07:25:10.852,1.26729,1.26749,1.73,1.73
2012.09.24 07:25:10.935,1.26729,1.26749,1.73,1.73
2012.09.24 07:25:12.804,1.26729,1.26749,1.50,1.73
2012.09.24 07:25:13.474,1.26729,1.26749,1.50,1.73
2012.09.24 07:25:14.125,1.26729,1.26749,3.00,1.73
2012.09.24 07:25:14.273,1.26729,1.2675,1.50,3.23
2012.09.24 07:25:14.912,1.26729,1.2675,1.73,3.23
2012.09.24 07:25:17.834,1.26729,1.2675,1.50,3.23
2012.09.24 07:25:23.552,1.2673,1.26749,2.25,1.35
2012.09.24 07:25:24.040,1.26728,1.26748,3.98,1.73
2012.09.24 07:25:24.337,1.26726,1.26744,1.13,1.73
2012.09.24 07:25:24.428,1.26726,1.26745,1.35,2.82
2012.09.24 07:25:25.434,1.26725,1.26746,2.25,1.35
2012.09.24 07:25:40.464,1.26722,1.26743,3.98,1.35
2012.09.24 07:25:40.544,1.26722,1.26743,3.98,1.35
2012.09.24 07:25:41.141,1.26722,1.26742,2.48,1.73
2012.09.24 07:25:41.233,1.2672,1.26738,1.40,1.73
2012.09.24 07:25:41.313,1.2672,1.26738,1.62,1.73
2012.09.24 07:25:41.680,1.26719,1.2674,2.00,1.73
2012.09.24 07:25:41.770,1.26719,1.2674,1.77,2.10
2012.09.24 07:25:41.858,1.26717,1.2674,1.13,4.35
2012.09.24 07:25:42.996,1.26716,1.2673,1.73,1.73
2012.09.24 07:25:43.077,1.26709,1.26728,2.10,1.73
2012.09.24 07:25:43.224,1.26706,1.26728,3.60,3.23
2012.09.24 07:25:44.522,1.26706,1.26725,1.50,1.73
2012.09.24 07:25:45.023,1.26704,1.26725,2.10,3.23
2012.09.24 07:25:45.675,1.26704,1.26725,1.73,3.23
2012.09.24 07:25:47.004,1.26704,1.26725,1.73,3.23
2012.09.24 07:25:47.945,1.26708,1.26725,1.50,1.73
2012.09.24 07:25:48.442,1.26708,1.26729,1.73,2.48
2012.09.24 07:25:53.166,1.26707,1.26724,1.73,1.73
2012.09.24 07:25:54.378,1.26706,1.26726,2.10,2.48
2012.09.24 07:25:55.962,1.26705,1.26723,2.25,1.35
2012.09.24 07:25:56.114,1.26705,1.26722,1.50,1.35
2012.09.24 07:25:57.066,1.26705,1.26723,2.25,1.35
2012.09.24 07:25:57.951,1.26705,1.26723,2.25,2.48
2012.09.24 07:25:58.945,1.26705,1.26721,1.50,1.35
2012.09.24 07:25:59.565,1.26705,1.26723,2.25,2.48
2012.09.24 07:25:59.786,1.26705,1.26723,2.25,2.48
2012.09.24 07:26:03.058,1.26705,1.26723,1.50,2.10
2012.09.24 07:26:03.150,1.26701,1.26722,3.75,1.35
2012.09.24 07:26:05.235,1.26703,1.26723,1.50,3.60
2012.09.24 07:26:05.643,1.26702,1.26721,1.50,1.35
2012.09.24 07:26:07.000,1.26703,1.26723,1.50,3.60
2012.09.24 07:26:08.195,1.26703,1.26719,1.50,1.35
2012.09.24 07:26:08.273,1.26702,1.26719,1.50,1.35
2012.09.24 07:26:08.422,1.267,1.2672,2.25,1.88
2012.09.24 07:26:08.643,1.26703,1.26723,1.50,3.23
2012.09.24 07:26:09.866,1.26707,1.26723,2.25,2.48
2012.09.24 07:26:10.435,1.26704,1.26722,1.73,2.10
2012.09.24 07:26:11.047,1.26707,1.26724,1.50,2.10
2012.09.24 07:26:11.833,1.26704,1.26724,2.48,2.10
2012.09.24 07:26:12.123,1.26704,1.2672,1.50,1.35
2012.09.24 07:26:12.205,1.26701,1.2672,2.48,1.35
2012.09.24 07:26:12.682,1.267,1.2672,2.48,1.35
2012.09.24 07:26:12.834,1.26703,1.2672,1.73,1.35
2012.09.24 07:26:12.983,1.26707,1.26723,2.25,3.98
2012.09.24 07:26:13.274,1.26703,1.2672,2.48,1.35
2012.09.24 07:26:14.363,1.26703,1.26724,3.23,2.48
2012.09.24 07:26:21.121,1.26707,1.26723,1.50,1.73
2012.09.24 07:26:21.432,1.26709,1.26727,2.25,1.38
2012.09.24 07:26:21.523,1.2671,1.26728,2.48,1.75
2012.09.24 07:26:22.905,1.26713,1.2673,1.73,2.48
2012.09.24 07:26:23.074,1.26714,1.26734,3.60,2.48
2012.09.24 07:26:23.232,1.26715,1.26733,1.73,3.00
2012.09.24 07:26:23.322,1.26715,1.26733,2.48,3.00
2012.09.24 07:26:23.413,1.26715,1.26733,1.73,3.23
2012.09.24 07:26:23.713,1.26711,1.26733,1.73,3.23
2012.09.24 07:26:24.084,1.26713,1.26733,1.73,2.48
2012.09.24 07:26:24.173,1.26713,1.26733,2.48,2.85
2012.09.24 07:26:24.482,1.26715,1.26733,1.73,2.85
2012.09.24 07:26:25.799,1.26712,1.26731,3.23,1.73
2012.09.24 07:26:26.426,1.26715,1.26733,2.48,1.35
2012.09.24 07:26:26.693,1.26717,1.26733,1.50,2.10
2012.09.24 07:26:27.000,1.26721,1.26737,1.50,1.35
2012.09.24 07:26:27.150,1.26721,1.26738,1.50,1.35
2012.09.24 07:26:27.662,1.26717,1.26738,3.23,1.35
2012.09.24 07:26:28.888,1.26717,1.26738,3.23,1.73
2012.09.24 07:26:29.260,1.26719,1.2674,1.35,3.23
2012.09.24 07:26:29.624,1.26722,1.26741,2.48,2.88
2012.09.24 07:26:30.233,1.26722,1.2674,1.73,1.73
2012.09.24 07:26:30.561,1.2672,1.26739,1.73,1.73
2012.09.24 07:26:33.887,1.26717,1.26736,1.73,1.73
2012.09.24 07:26:33.969,1.26717,1.26736,1.73,1.73
2012.09.24 07:26:34.701,1.26717,1.26736,1.50,1.35
2012.09.24 07:26:35.209,1.26716,1.26729,3.00,1.13
2012.09.24 07:26:35.577,1.26716,1.26733,2.48,1.73
2012.09.24 07:26:35.662,1.26716,1.26735,2.48,2.13
2012.09.24 07:26:35.821,1.26715,1.26735,2.85,1.90
2012.09.24 07:26:35.984,1.26719,1.26739,2.48,1.98
2012.09.24 07:26:36.531,1.26719,1.26739,1.73,2.73
2012.09.24 07:26:37.140,1.26716,1.26737,2.48,1.35
2012.09.24 07:26:38.287,1.26716,1.26734,2.48,1.73
2012.09.24 07:26:38.441,1.26716,1.26734,2.48,2.48
2012.09.24 07:26:40.164,1.26713,1.26734,2.10,3.23
2012.09.24 07:26:40.727,1.26715,1.26734,1.35,3.63
2012.09.24 07:26:42.894,1.26715,1.26733,1.35,1.35
2012.09.24 07:26:45.719,1.26713,1.26732,2.10,1.35
2012.09.24 07:26:46.221,1.26713,1.26734,2.48,4.62
2012.09.24 07:26:48.559,1.26713,1.26731,1.73,1.35
2012.09.24 07:26:48.783,1.26709,1.26731,1.73,1.73
2012.09.24 07:26:49.792,1.26711,1.26733,2.48,1.73
2012.09.24 07:26:49.887,1.26711,1.26733,2.48,1.73
2012.09.24 07:26:51.455,1.26709,1.2673,3.23,1.73
2012.09.24 07:26:51.613,1.26709,1.2673,2.48,1.73
2012.09.24 07:26:53.249,1.26709,1.26727,1.73,1.35
2012.09.24 07:26:53.399,1.26706,1.26726,3.23,1.73
2012.09.24 07:26:56.247,1.26705,1.26727,3.00,1.73
2012.09.24 07:27:01.336,1.26705,1.26724,1.73,3.25
2012.09.24 07:27:02.233,1.26703,1.26724,2.48,2.88
2012.09.24 07:27:02.794,1.26705,1.26724,1.73,1.38
2012.09.24 07:27:03.763,1.26702,1.26723,1.73,1.35
2012.09.24 07:27:05.270,1.26706,1.26723,2.48,2.13
2012.09.24 07:27:12.690,1.26705,1.26723,2.25,1.35
2012.09.24 07:27:15.243,1.26705,1.26722,1.50,1.62
2012.09.24 07:27:15.608,1.26705,1.26722,1.50,1.62
2012.09.24 07:27:18.077,1.26703,1.26719,1.50,1.35
2012.09.24 07:27:20.966,1.26705,1.26721,1.50,1.62
2012.09.24 07:27:26.161,1.26703,1.26721,1.73,1.62
2012.09.24 07:27:27.419,1.26707,1.26722,2.25,1.62
2012.09.24 07:27:29.791,1.26703,1.26722,2.48,1.73
2012.09.24 07:27:33.926,1.26703,1.26722,3.23,1.35
2012.09.24 07:27:34.147,1.26703,1.26722,2.48,2.10
2012.09.24 07:27:36.130,1.26703,1.26719,1.50,2.10
2012.09.24 07:27:36.347,1.267,1.26719,2.48,2.10
2012.09.24 07:27:38.440,1.267,1.26719,2.48,1.73
2012.09.24 07:27:41.932,1.26706,1.26724,2.48,2.37
2012.09.24 07:27:46.650,1.26706,1.26721,2.48,1.35
2012.09.24 07:27:46.820,1.26702,1.26721,4.35,1.35
2012.09.24 07:27:47.263,1.26707,1.26723,1.73,1.35
2012.09.24 07:27:47.422,1.26705,1.26723,3.23,1.35
2012.09.24 07:27:47.732,1.26709,1.26723,1.73,1.35
2012.09.24 07:27:47.894,1.26709,1.26723,1.73,1.35
2012.09.24 07:27:47.985,1.26709,1.26727,2.48,1.35
2012.09.24 07:27:48.152,1.26711,1.26727,1.35,1.35
2012.09.24 07:27:48.477,1.26716,1.26729,2.48,2.14
2012.09.24 07:27:48.631,1.26716,1.26735,3.23,1.35
2012.09.24 07:27:48.785,1.26719,1.26736,1.50,1.73
2012.09.24 07:27:48.874,1.26719,1.26737,1.73,1.38
2012.09.24 07:27:50.992,1.26721,1.26739,1.73,1.73
2012.09.24 07:27:51.631,1.26724,1.26739,2.25,1.73
2012.09.24 07:27:51.952,1.26724,1.26739,3.00,1.73
2012.09.24 07:27:52.463,1.26726,1.26742,2.25,2.10
2012.09.24 07:27:52.559,1.26729,1.26744,2.25,1.73
2012.09.24 07:27:52.940,1.26731,1.26746,1.50,1.35
2012.09.24 07:27:53.105,1.26731,1.26748,3.23,1.73
2012.09.24 07:27:53.203,1.26732,1.26748,1.50,1.73
2012.09.24 07:27:53.372,1.26732,1.26749,2.48,1.35
2012.09.24 07:27:53.897,1.26736,1.26752,2.25,1.35
2012.09.24 07:27:54.205,1.26736,1.26753,2.48,1.13
2012.09.24 07:27:54.685,1.26735,1.26754,1.73,2.48
2012.09.24 07:27:55.441,1.26735,1.26754,2.48,2.10
2012.09.24 07:27:55.533,1.26735,1.26754,1.73,2.85
2012.09.24 07:28:02.147,1.26736,1.26754,1.50,2.85
2012.09.24 07:28:02.664,1.26733,1.26751,1.73,1.35
2012.09.24 07:28:02.825,1.26733,1.26751,1.50,1.35
2012.09.24 07:28:03.124,1.26733,1.26753,1.73,2.10
2012.09.24 07:28:03.210,1.26733,1.26751,1.73,1.35
2012.09.24 07:28:03.500,1.26733,1.26753,1.73,2.10
2012.09.24 07:28:03.664,1.26733,1.26751,1.73,1.35
2012.09.24 07:28:04.036,1.26733,1.26751,1.50,2.10
2012.09.24 07:28:04.631,1.26728,1.26748,1.73,1.73
2012.09.24 07:28:05.162,1.26728,1.26748,1.73,2.37
2012.09.24 07:28:05.984,1.26728,1.26748,1.73,1.73
2012.09.24 07:28:06.549,1.26727,1.26748,1.73,1.73
2012.09.24 07:28:07.148,1.26726,1.26736,3.75,1.62
2012.09.24 07:28:07.340,1.26718,1.26733,2.49,2.48
2012.09.24 07:28:07.893,1.26711,1.26729,2.48,1.35
2012.09.24 07:28:08.833,1.26715,1.26729,1.50,1.35
2012.09.24 07:28:09.065,1.26718,1.26733,1.50,1.73
2012.09.24 07:28:09.222,1.26716,1.26733,2.48,1.50
2012.09.24 07:28:09.773,1.26722,1.26739,1.50,1.35
2012.09.24 07:28:11.743,1.26724,1.26741,1.50,1.35
2012.09.24 07:28:12.896,1.26724,1.26739,1.50,1.35
2012.09.24 07:28:12.991,1.26721,1.26739,1.50,1.35
2012.09.24 07:28:13.282,1.26724,1.26739,1.50,1.35
2012.09.24 07:28:14.909,1.26724,1.2674,1.50,2.48
2012.09.24 07:28:15.302,1.2672,1.26741,2.48,2.10
2012.09.24 07:28:15.600,1.26718,1.26739,2.48,3.98
2012.09.24 07:28:16.034,1.26724,1.26738,1.50,2.25
2012.09.24 07:28:16.125,1.26724,1.26743,2.25,1.50
2012.09.24 07:28:16.279,1.26726,1.26744,2.25,2.82
2012.09.24 07:28:16.359,1.26728,1.26747,1.73,2.10
2012.09.24 07:28:16.722,1.26728,1.26747,1.50,2.10
2012.09.24 07:28:23.891,1.26728,1.26747,2.25,2.10
2012.09.24 07:28:24.196,1.2673,1.26749,1.13,2.13
2012.09.24 07:28:24.430,1.26729,1.26749,4.35,2.85
2012.09.24 07:28:25.154,1.26733,1.26753,1.50,1.75
2012.09.24 07:28:27.186,1.26732,1.26751,2.25,2.85
2012.09.24 07:28:29.060,1.26732,1.26751,2.25,2.85
2012.09.24 07:28:29.626,1.26732,1.26751,2.25,2.85
2012.09.24 07:28:30.242,1.26732,1.26751,2.25,2.85
2012.09.24 07:28:30.472,1.26732,1.2675,1.73,1.73
2012.09.24 07:28:30.619,1.26732,1.2675,1.73,1.73
2012.09.24 07:28:31.130,1.26732,1.26749,1.50,1.73
2012.09.24 07:28:32.955,1.2673,1.26747,1.50,1.73
2012.09.24 07:28:33.250,1.2673,1.26747,1.50,1.73
2012.09.24 07:28:33.332,1.2673,1.26748,2.25,2.85
2012.09.24 07:28:33.563,1.2673,1.26748,1.50,2.48
2012.09.24 07:28:33.656,1.26731,1.26749,2.25,2.10
2012.09.24 07:28:34.182,1.26732,1.26748,1.13,1.73
2012.09.24 07:28:34.610,1.26732,1.26748,2.14,1.73
2012.09.24 07:28:34.707,1.26735,1.26753,3.00,1.38
2012.09.24 07:28:34.860,1.26735,1.26753,3.00,1.35
2012.09.24 07:28:35.015,1.26741,1.26754,1.50,1.35
2012.09.24 07:28:36.754,1.26741,1.26759,1.50,2.10
2012.09.24 07:28:37.380,1.26739,1.26758,1.50,1.35
2012.09.24 07:28:37.920,1.2674,1.26759,1.50,1.73
2012.09.24 07:28:38.283,1.26742,1.26759,1.50,1.73
2012.09.24 07:28:38.438,1.26742,1.26761,2.25,1.35
2012.09.24 07:28:38.659,1.26742,1.26761,1.50,1.73
2012.09.24 07:28:39.763,1.26742,1.2676,2.25,1.35
2012.09.24 07:28:39.932,1.26742,1.2676,1.50,1.73
2012.09.24 07:28:40.100,1.26742,1.26761,1.50,1.35
2012.09.24 07:28:43.485,1.26742,1.26758,1.50,1.35
2012.09.24 07:28:45.022,1.26742,1.26754,1.50,1.73
2012.09.24 07:28:45.104,1.2674,1.26751,1.50,1.35
2012.09.24 07:28:45.193,1.26733,1.26751,2.25,1.35
2012.09.24 07:28:45.762,1.26733,1.26751,1.50,1.35
2012.09.24 07:28:45.915,1.26733,1.26751,1.50,1.35
2012.09.24 07:28:46.421,1.26733,1.26752,2.25,1.73
2012.09.24 07:28:50.135,1.26735,1.26753,2.25,1.73
2012.09.24 07:28:56.086,1.26738,1.26754,1.88,1.73
2012.09.24 07:28:56.607,1.26741,1.2676,2.25,1.35
2012.09.24 07:28:57.439,1.26741,1.26763,2.25,2.85
2012.09.24 07:28:57.589,1.26741,1.26763,2.25,2.85
2012.09.24 07:29:00.180,1.26739,1.26759,3.38,2.10
2012.09.24 07:29:01.981,1.26739,1.26759,2.25,2.10
2012.09.24 07:29:06.320,1.26739,1.26757,1.50,1.73
2012.09.24 07:29:07.178,1.26738,1.26757,1.50,2.48
2012.09.24 07:29:07.692,1.26736,1.26755,1.73,2.48
2012.09.24 07:29:11.959,1.26736,1.26758,1.73,2.48
2012.09.24 07:29:12.527,1.26736,1.26758,1.73,2.48
2012.09.24 07:29:13.183,1.26736,1.26758,3.23,2.48
2012.09.24 07:29:16.780,1.26736,1.26758,3.60,2.48
2012.09.24 07:29:16.992,1.26737,1.26758,1.73,2.48
2012.09.24 07:29:17.485,1.26737,1.26758,1.73,2.48
2012.09.24 07:29:19.032,1.26737,1.26758,1.73,1.73
2012.09.24 07:29:19.275,1.26741,1.26759,2.48,2.10
2012.09.24 07:29:19.364,1.26743,1.26761,1.35,2.10
2012.09.24 07:29:19.663,1.26744,1.26763,2.48,1.73
2012.09.24 07:29:19.823,1.26747,1.26763,2.25,1.35
2012.09.24 07:29:19.912,1.26747,1.26766,3.00,1.38
2012.09.24 07:29:20.061,1.26749,1.26767,1.13,1.35
2012.09.24 07:29:20.363,1.26754,1.26768,1.50,1.35
2012.09.24 07:29:20.671,1.26755,1.26774,1.13,1.35
2012.09.24 07:29:22.425,1.26756,1.26775,1.13,1.35
2012.09.24 07:29:23.064,1.26756,1.26775,1.35,1.35
2012.09.24 07:29:24.159,1.26758,1.26775,1.13,1.13
2012.09.24 07:29:24.884,1.26757,1.26778,1.13,3.98
2012.09.24 07:29:27.177,1.26758,1.26778,1.50,3.25
2012.09.24 07:29:27.397,1.26758,1.26775,1.50,1.35
2012.09.24 07:29:27.626,1.26756,1.26773,1.50,2.10
2012.09.24 07:29:27.718,1.26754,1.26771,3.00,1.35
2012.09.24 07:29:28.022,1.26756,1.26769,1.50,1.50
2012.09.24 07:29:28.172,1.26756,1.26769,1.20,1.73
2012.09.24 07:29:28.980,1.26756,1.26771,1.20,1.35
2012.09.24 07:29:30.124,1.26756,1.26772,1.20,1.35
2012.09.24 07:29:30.213,1.26756,1.26773,1.20,1.88
2012.09.24 07:29:30.303,1.26756,1.26773,1.43,2.10
2012.09.24 07:29:33.230,1.26761,1.26777,1.50,1.75
2012.09.24 07:29:33.309,1.26761,1.26777,1.50,1.38
2012.09.24 07:29:34.099,1.26761,1.26777,1.50,1.38
2012.09.24 07:29:34.771,1.26761,1.26779,1.50,1.73
2012.09.24 07:29:35.803,1.26761,1.2678,1.50,2.48
2012.09.24 07:29:37.008,1.26761,1.26778,3.00,1.73
2012.09.24 07:29:38.203,1.26762,1.26778,1.50,1.73
2012.09.24 07:29:38.363,1.26762,1.26778,1.50,1.73
2012.09.24 07:29:38.595,1.2677,1.26782,1.50,2.13
2012.09.24 07:29:38.685,1.2677,1.26782,1.50,1.50
2012.09.24 07:29:38.839,1.2677,1.26782,1.73,1.50
2012.09.24 07:29:38.990,1.2677,1.26784,1.73,1.73
2012.09.24 07:29:39.070,1.2677,1.26788,1.50,2.85
2012.09.24 07:29:39.438,1.2677,1.26788,1.73,2.85
2012.09.24 07:29:39.685,1.2677,1.26788,1.73,2.85
2012.09.24 07:29:39.840,1.2677,1.26787,1.50,2.48
2012.09.24 07:29:40.791,1.26777,1.26787,1.50,2.48
2012.09.24 07:29:41.092,1.26782,1.26797,2.25,1.35
2012.09.24 07:29:41.169,1.26781,1.26799,1.73,1.35
2012.09.24 07:29:41.254,1.26781,1.26797,1.73,1.35
2012.09.24 07:29:41.626,1.26781,1.26797,1.73,1.35
2012.09.24 07:29:42.068,1.26781,1.26798,3.23,1.35
2012.09.24 07:29:42.152,1.26781,1.26797,3.23,1.35
2012.09.24 07:29:43.422,1.26781,1.268,3.23,1.35
2012.09.24 07:29:43.928,1.26778,1.26799,3.23,2.10
2012.09.24 07:29:44.452,1.26777,1.26797,2.48,2.85
2012.09.24 07:29:45.157,1.26781,1.268,2.25,1.50
2012.09.24 07:29:45.240,1.26784,1.268,2.25,1.35
2012.09.24 07:29:45.322,1.26784,1.26802,2.48,2.10
2012.09.24 07:29:45.688,1.26784,1.26802,3.23,1.73
2012.09.24 07:29:46.106,1.26784,1.26802,2.48,1.73
2012.09.24 07:29:47.891,1.26779,1.26801,4.73,1.35
2012.09.24 07:29:48.405,1.26777,1.26793,2.10,1.13
2012.09.24 07:29:48.776,1.26773,1.26791,1.50,1.73
2012.09.24 07:29:49.283,1.26773,1.26793,2.25,1.35
2012.09.24 07:29:50.449,1.26776,1.26797,2.25,2.48
2012.09.24 07:29:50.541,1.26776,1.26797,2.25,2.48
2012.09.24 07:29:51.152,1.26776,1.26797,2.25,2.88
2012.09.24 07:29:51.511,1.26772,1.26794,2.25,2.48
2012.09.24 07:29:51.592,1.26772,1.26792,1.43,1.73
2012.09.24 07:29:52.098,1.26771,1.26792,1.35,1.73
2012.09.24 07:29:54.338,1.26774,1.26794,1.50,3.23
2012.09.24 07:29:54.633,1.26777,1.26796,2.63,2.10
2012.09.24 07:29:54.720,1.26777,1.26796,2.85,1.73
2012.09.24 07:29:55.008,1.26778,1.26797,1.35,1.73
2012.09.24 07:29:55.250,1.26777,1.26797,2.10,1.73
2012.09.24 07:29:56.127,1.26778,1.26798,1.35,1.73
2012.09.24 07:29:58.274,1.26778,1.26798,1.35,1.73
2012.09.24 07:29:58.724,1.26777,1.26797,2.10,1.73
2012.09.24 07:29:59.231,1.26777,1.26799,2.85,2.10
2012.09.24 07:29:59.533,1.26777,1.26794,1.13,1.73
2012.09.24 07:30:00.453,1.26778,1.26794,1.50,1.73
2012.09.24 07:30:00.680,1.26778,1.26797,2.48,1.73
2012.09.24 07:30:00.901,1.26778,1.26797,2.10,2.48
2012.09.24 07:30:01.418,1.26778,1.26797,2.85,1.73
2012.09.24 07:30:02.170,1.26782,1.26798,2.25,2.10
2012.09.24 07:30:02.343,1.26786,1.268,1.50,1.73
2012.09.24 07:30:02.443,1.2679,1.26803,1.50,1.73
2012.09.24 07:30:02.539,1.26791,1.26803,1.50,1.50
2012.09.24 07:30:02.641,1.26793,1.26804,1.50,1.13
2012.09.24 07:30:02.738,1.26794,1.26805,1.88,1.90
2012.09.24 07:30:03.503,1.26797,1.26808,1.50,1.38
2012.09.24 07:30:04.047,1.26794,1.26814,2.25,3.23
2012.09.24 07:30:04.586,1.26795,1.26813,1.39,1.35
2012.09.24 07:30:04.679,1.26795,1.26813,1.39,1.35
2012.09.24 07:30:05.065,1.26796,1.26812,1.39,1.35
2012.09.24 07:30:05.969,1.26796,1.26811,1.39,1.35
2012.09.24 07:30:06.480,1.26795,1.26811,2.89,1.35
2012.09.24 07:30:06.799,1.268,1.26816,2.25,1.35
2012.09.24 07:30:06.950,1.268,1.26816,3.00,1.35
2012.09.24 07:30:07.171,1.268,1.26817,1.73,1.73
2012.09.24 07:30:07.322,1.268,1.26815,1.50,1.35
2012.09.24 07:30:07.889,1.26797,1.26815,2.89,1.35
2012.09.24 07:30:08.190,1.26797,1.26815,1.50,1.35
2012.09.24 07:30:08.921,1.26797,1.26815,1.95,1.35
2012.09.24 07:30:09.431,1.26798,1.26815,1.20,1.35
2012.09.24 07:30:10.621,1.26795,1.26813,2.33,1.35
2012.09.24 07:30:11.434,1.26791,1.2681,3.00,1.73
2012.09.24 07:30:11.858,1.26791,1.26809,1.50,2.48
2012.09.24 07:30:13.441,1.2679,1.26812,1.50,3.98
2012.09.24 07:30:13.519,1.2679,1.26812,1.50,3.98
2012.09.24 07:30:14.021,1.26789,1.26809,3.75,1.35
2012.09.24 07:30:14.102,1.2679,1.26809,2.14,1.35
2012.09.24 07:30:14.880,1.26792,1.26812,1.20,3.23
2012.09.24 07:30:15.440,1.26793,1.26806,1.20,1.73
2012.09.24 07:30:15.799,1.2679,1.26806,1.65,2.40
2012.09.24 07:30:16.577,1.2679,1.26807,1.20,2.48
2012.09.24 07:30:16.829,1.2679,1.26807,1.95,1.73
2012.09.24 07:30:17.188,1.26788,1.26807,1.50,2.48
2012.09.24 07:30:19.703,1.26793,1.26808,1.50,1.35
2012.09.24 07:30:19.933,1.26792,1.26809,1.50,1.35
2012.09.24 07:30:20.022,1.26791,1.26809,2.48,1.35
2012.09.24 07:30:20.180,1.26795,1.26811,1.50,1.35
2012.09.24 07:30:20.264,1.26795,1.26813,1.73,1.75
2012.09.24 07:30:22.508,1.26796,1.26815,1.73,2.48
2012.09.24 07:30:24.131,1.26796,1.26815,1.50,1.73
2012.09.24 07:30:24.224,1.26797,1.26818,2.48,2.13
2012.09.24 07:30:24.874,1.26797,1.26818,2.48,2.13
2012.09.24 07:30:26.430,1.26797,1.26815,1.73,1.73
2012.09.24 07:30:26.580,1.26797,1.26815,1.73,1.73
2012.09.24 07:30:26.803,1.26797,1.26819,1.73,3.98
2012.09.24 07:30:26.894,1.26797,1.26816,1.73,1.73
2012.09.24 07:30:29.448,1.26804,1.26816,1.13,1.73
2012.09.24 07:30:29.683,1.26808,1.26825,1.13,1.73
2012.09.24 07:30:29.776,1.26807,1.26828,2.48,3.63
2012.09.24 07:30:30.299,1.26806,1.26823,1.73,1.50
2012.09.24 07:30:30.383,1.26804,1.26822,1.35,1.50
2012.09.24 07:30:30.471,1.26803,1.26822,1.50,1.73
2012.09.24 07:30:30.554,1.26805,1.26822,2.48,1.73
2012.09.24 07:30:30.645,1.26805,1.26822,1.50,1.73
2012.09.24 07:30:30.799,1.26801,1.26822,2.48,1.73
2012.09.24 07:30:31.021,1.26801,1.26821,1.50,4.35
2012.09.24 07:30:31.588,1.26799,1.26818,1.50,1.73
2012.09.24 07:30:32.339,1.26799,1.26818,1.73,1.73
2012.09.24 07:30:33.141,1.26796,1.26818,3.60,1.73
2012.09.24 07:30:33.366,1.26796,1.26818,3.60,1.73
2012.09.24 07:30:34.955,1.26802,1.2682,1.13,1.38
2012.09.24 07:30:35.042,1.26802,1.26821,1.35,1.38
2012.09.24 07:30:35.402,1.26798,1.26818,1.35,2.88
2012.09.24 07:30:36.318,1.26802,1.26818,1.50,1.75
2012.09.24 07:30:36.970,1.26801,1.26818,1.50,1.73
2012.09.24 07:30:37.877,1.26803,1.26817,1.50,1.38
2012.09.24 07:30:38.450,1.26797,1.26817,1.50,1.38
2012.09.24 07:30:39.000,1.26792,1.26813,1.73,1.62
2012.09.24 07:30:40.499,1.26793,1.26808,1.73,1.39
2012.09.24 07:30:40.586,1.26793,1.26808,1.50,1.62
2012.09.24 07:30:40.811,1.26787,1.26806,1.35,4.35
2012.09.24 07:30:41.172,1.26781,1.268,1.35,2.84
2012.09.24 07:30:44.137,1.2678,1.26794,1.73,1.62
2012.09.24 07:30:44.366,1.26776,1.26794,3.00,1.62
2012.09.24 07:30:46.415,1.26776,1.26789,1.73,1.50
2012.09.24 07:30:46.794,1.26781,1.26791,1.73,1.50
2012.09.24 07:30:46.949,1.26781,1.26791,1.73,1.50
2012.09.24 07:30:47.032,1.26777,1.26793,1.73,1.73
2012.09.24 07:30:47.193,1.26777,1.26794,1.50,2.48
2012.09.24 07:30:47.352,1.26776,1.26792,1.73,1.73
2012.09.24 07:30:47.514,1.26776,1.26795,2.48,2.10
2012.09.24 07:30:47.671,1.2678,1.26791,1.35,1.50
2012.09.24 07:30:48.027,1.26787,1.26795,1.73,1.50
2012.09.24 07:30:48.465,1.26787,1.26798,1.73,1.50
2012.09.24 07:30:50.271,1.26787,1.26801,1.73,2.10
2012.09.24 07:30:52.797,1.26787,1.26806,3.98,1.73
2012.09.24 07:30:53.044,1.26787,1.26806,3.98,2.13
2012.09.24 07:30:54.477,1.26787,1.26806,1.73,2.10
2012.09.24 07:30:55.444,1.26789,1.26806,2.48,2.10
2012.09.24 07:30:57.064,1.26787,1.26806,1.73,2.10
2012.09.24 07:30:57.282,1.26787,1.26806,2.48,2.10
2012.09.24 07:30:57.601,1.26787,1.26806,1.73,2.10
2012.09.24 07:30:59.157,1.26787,1.26805,1.73,2.10
2012.09.24 07:31:00.134,1.26787,1.26805,1.73,2.48
2012.09.24 07:31:00.433,1.26787,1.26805,2.48,2.48
2012.09.24 07:31:00.594,1.26787,1.26805,1.73,2.48
2012.09.24 07:31:01.929,1.26787,1.26805,1.73,2.48
2012.09.24 07:31:02.120,1.26787,1.26805,1.73,2.48
2012.09.24 07:31:04.750,1.26787,1.26805,1.73,2.48
2012.09.24 07:31:05.249,1.26787,1.26805,1.73,2.48
2012.09.24 07:31:07.829,1.26787,1.26805,2.48,2.10
2012.09.24 07:31:07.952,1.26787,1.26805,1.73,2.10
2012.09.24 07:31:08.312,1.26787,1.26803,2.48,2.48
2012.09.24 07:31:08.400,1.26787,1.26803,1.73,2.48
2012.09.24 07:31:08.479,1.26787,1.26803,2.48,2.48
2012.09.24 07:31:08.842,1.26787,1.26801,1.73,2.48
2012.09.24 07:31:09.342,1.26787,1.26801,1.73,1.73
2012.09.24 07:31:10.742,1.26787,1.26804,1.50,2.48
2012.09.24 07:31:11.299,1.26787,1.26802,1.50,2.85
2012.09.24 07:31:11.803,1.26787,1.26802,2.25,2.10
2012.09.24 07:31:13.098,1.26787,1.26802,1.50,2.10
2012.09.24 07:31:14.104,1.2679,1.26806,1.50,2.77
2012.09.24 07:31:14.331,1.2679,1.26808,1.73,2.88
2012.09.24 07:31:20.500,1.26789,1.26808,2.48,3.25
2012.09.24 07:31:20.582,1.26787,1.26806,2.25,1.35
2012.09.24 07:31:23.343,1.26792,1.26808,1.50,2.85
2012.09.24 07:31:23.441,1.26792,1.26809,1.73,2.10
2012.09.24 07:31:24.120,1.26792,1.26809,1.73,1.35
2012.09.24 07:31:24.351,1.26792,1.26809,1.73,1.73
2012.09.24 07:31:32.188,1.26786,1.26808,1.35,4.62
2012.09.24 07:31:32.271,1.26786,1.26808,1.35,4.62
2012.09.24 07:31:33.768,1.26786,1.26805,1.73,1.35
2012.09.24 07:31:34.268,1.2679,1.2681,1.73,2.10
2012.09.24 07:31:34.350,1.2679,1.26812,3.23,1.73
2012.09.24 07:31:34.660,1.2679,1.2681,3.23,1.35
2012.09.24 07:31:34.881,1.2679,1.26809,2.48,1.73
2012.09.24 07:31:35.121,1.26788,1.26809,3.98,1.73
2012.09.24 07:31:35.677,1.26788,1.26809,2.48,1.73
2012.09.24 07:31:49.179,1.2679,1.26811,3.23,1.35
2012.09.24 07:31:49.329,1.2679,1.2681,3.23,1.35
2012.09.24 07:31:49.552,1.2679,1.26809,1.50,2.10
2012.09.24 07:31:50.272,1.2679,1.26807,1.50,2.85
2012.09.24 07:31:51.880,1.2679,1.26807,1.50,2.85
2012.09.24 07:31:52.877,1.2679,1.26807,1.50,2.85
2012.09.24 07:31:55.479,1.2679,1.26807,1.50,2.85
2012.09.24 07:32:01.419,1.26787,1.26807,1.73,2.78
2012.09.24 07:32:02.021,1.26787,1.26807,1.73,2.78
2012.09.24 07:32:03.830,1.26785,1.26805,2.48,1.73
2012.09.24 07:32:04.049,1.26785,1.26805,2.48,1.73
2012.09.24 07:32:05.361,1.26785,1.26807,2.48,2.85
2012.09.24 07:32:05.589,1.26785,1.26805,2.48,1.73
2012.09.24 07:32:07.381,1.26784,1.26805,1.73,2.48
2012.09.24 07:32:07.672,1.26782,1.26802,2.48,1.73
2012.09.24 07:32:07.831,1.26782,1.26802,1.50,1.73
2012.09.24 07:32:11.698,1.26784,1.26802,1.73,1.73
2012.09.24 07:32:11.778,1.26781,1.26802,3.23,1.73
2012.09.24 07:32:12.340,1.26784,1.26802,1.73,1.73
2012.09.24 07:32:12.780,1.26784,1.26804,1.73,2.48
2012.09.24 07:32:14.616,1.26785,1.26805,1.35,1.73
2012.09.24 07:32:14.911,1.26785,1.26806,1.35,1.73
2012.09.24 07:32:14.992,1.26785,1.26806,1.35,1.73
2012.09.24 07:32:15.554,1.26785,1.26806,1.35,1.73
2012.09.24 07:32:15.630,1.26785,1.26806,1.35,1.73
2012.09.24 07:32:17.127,1.26787,1.26806,2.48,1.73
2012.09.24 07:32:17.420,1.26792,1.26811,2.48,1.38
2012.09.24 07:32:17.501,1.26792,1.26812,2.48,1.38
2012.09.24 07:32:18.058,1.26795,1.26812,1.65,1.38
2012.09.24 07:32:24.283,1.26796,1.26819,2.48,3.60
2012.09.24 07:32:24.375,1.26796,1.26819,2.48,3.60
2012.09.24 07:32:24.464,1.26796,1.26819,2.48,4.35
2012.09.24 07:32:25.551,1.26796,1.26819,2.48,4.35
2012.09.24 07:32:25.839,1.26796,1.26819,2.48,4.35
2012.09.24 07:32:27.464,1.26794,1.26816,1.35,1.73
2012.09.24 07:32:27.620,1.26796,1.26817,2.48,2.48
2012.09.24 07:32:28.678,1.26796,1.26819,3.15,3.98
2012.09.24 07:32:29.647,1.26796,1.26819,3.23,3.98
2012.09.24 07:32:30.966,1.26796,1.26818,2.25,1.73
2012.09.24 07:32:31.064,1.26799,1.26818,3.23,1.73
2012.09.24 07:32:32.400,1.26802,1.26819,1.73,1.35
2012.09.24 07:32:32.933,1.26802,1.26819,1.50,1.73
2012.09.24 07:32:33.605,1.26799,1.26819,1.73,2.48
2012.09.24 07:32:33.973,1.26798,1.26816,1.73,1.35
2012.09.24 07:32:34.189,1.26795,1.26816,2.48,1.73
2012.09.24 07:32:34.412,1.26796,1.26817,1.73,1.35
2012.09.24 07:32:36.769,1.26797,1.26813,2.48,1.73
2012.09.24 07:32:37.139,1.26797,1.26813,3.23,1.73
2012.09.24 07:32:37.220,1.26797,1.26819,3.98,1.35
2012.09.24 07:32:37.814,1.268,1.2682,2.48,1.75
2012.09.24 07:32:37.906,1.26798,1.26818,2.48,1.35
2012.09.24 07:32:40.971,1.26798,1.26818,2.48,1.35
2012.09.24 07:32:46.913,1.26797,1.26816,1.35,2.48
2012.09.24 07:32:47.072,1.26795,1.26813,3.23,1.73
2012.09.24 07:32:47.291,1.26792,1.26813,2.48,1.35
2012.09.24 07:32:50.932,1.26791,1.26812,3.23,1.50
2012.09.24 07:32:51.011,1.26791,1.26809,1.73,1.50
2012.09.24 07:32:54.087,1.2679,1.26809,1.35,2.89
2012.09.24 07:32:54.335,1.26788,1.26803,1.73,1.13
2012.09.24 07:32:54.427,1.26785,1.26801,2.10,1.35
2012.09.24 07:32:55.155,1.26785,1.26802,1.73,2.10
2012.09.24 07:32:55.643,1.26784,1.26803,1.73,3.60
2012.09.24 07:32:55.737,1.26787,1.26803,1.73,1.73
2012.09.24 07:32:55.900,1.26787,1.26804,1.73,1.35
2012.09.24 07:32:56.262,1.26786,1.26806,3.98,1.50
2012.09.24 07:32:56.342,1.26786,1.26807,3.98,3.23
2012.09.24 07:32:57.668,1.26786,1.26804,3.23,1.35
2012.09.24 07:32:57.758,1.26786,1.26804,3.23,1.35
2012.09.24 07:32:58.668,1.26781,1.26803,3.23,2.85
2012.09.24 07:32:58.897,1.26783,1.26801,1.73,1.73
2012.09.24 07:32:59.129,1.26782,1.26801,1.73,2.48
2012.09.24 07:33:00.818,1.26784,1.26803,1.73,2.10
2012.09.24 07:33:01.431,1.26782,1.26803,3.98,1.35
2012.09.24 07:33:01.669,1.26783,1.26803,1.73,1.35
2012.09.24 07:33:02.083,1.26782,1.26803,3.23,1.35
2012.09.24 07:33:02.953,1.26782,1.268,1.73,1.50
2012.09.24 07:33:03.290,1.26782,1.268,1.73,2.25
2012.09.24 07:33:04.451,1.26782,1.268,1.73,1.50
2012.09.24 07:33:05.534,1.26782,1.268,1.73,2.25
2012.09.24 07:33:05.980,1.26779,1.26798,2.48,1.73
2012.09.24 07:33:06.560,1.26779,1.26799,2.48,1.39
2012.09.24 07:33:07.254,1.26779,1.268,3.23,2.48
2012.09.24 07:33:07.798,1.26779,1.268,3.23,1.50
2012.09.24 07:33:08.411,1.26779,1.268,2.48,2.25
2012.09.24 07:33:08.628,1.26779,1.268,3.23,1.50
2012.09.24 07:33:09.129,1.26779,1.268,2.48,3.00
2012.09.24 07:33:09.655,1.26779,1.26799,2.48,1.35
2012.09.24 07:33:10.105,1.26778,1.26797,1.35,2.10
2012.09.24 07:33:10.196,1.26778,1.26797,2.10,2.89
2012.09.24 07:33:10.501,1.26776,1.26797,4.35,1.50
2012.09.24 07:33:11.730,1.26781,1.26799,1.73,1.50
2012.09.24 07:33:13.236,1.26781,1.26801,1.73,2.13
2012.09.24 07:33:13.403,1.26782,1.26802,1.35,2.25
2012.09.24 07:33:13.925,1.2678,1.26799,1.35,2.85
2012.09.24 07:33:14.150,1.2678,1.26799,1.35,2.63
2012.09.24 07:33:16.979,1.2678,1.26799,1.73,1.50
2012.09.24 07:33:17.480,1.2678,1.26799,1.73,1.50
2012.09.24 07:33:18.400,1.2678,1.26797,1.73,1.50
2012.09.24 07:33:18.622,1.26777,1.26795,2.48,1.50
2012.09.24 07:33:19.334,1.26777,1.26797,2.48,1.73
2012.09.24 07:33:20.972,1.26776,1.26796,2.48,1.73
2012.09.24 07:33:21.123,1.26776,1.26793,1.50,2.48
2012.09.24 07:33:21.280,1.26776,1.26794,1.73,1.73
2012.09.24 07:33:22.170,1.26774,1.26795,2.48,2.13
2012.09.24 07:33:30.238,1.26774,1.26795,2.48,1.35
2012.09.24 07:33:30.555,1.26777,1.26795,2.48,1.13
2012.09.24 07:33:33.388,1.26775,1.26793,1.65,1.13
2012.09.24 07:33:34.199,1.26775,1.26796,1.73,2.17
2012.09.24 07:33:34.699,1.26773,1.26794,1.73,3.98
2012.09.24 07:33:35.517,1.26773,1.26793,1.73,1.35
2012.09.24 07:33:39.484,1.26773,1.26793,1.73,2.74
2012.09.24 07:33:40.523,1.26772,1.26791,2.48,1.39
2012.09.24 07:33:42.638,1.26772,1.26789,1.73,1.50
2012.09.24 07:33:42.945,1.26768,1.26785,2.48,1.13
2012.09.24 07:33:43.183,1.26765,1.26784,1.35,3.75
2012.09.24 07:33:43.563,1.26761,1.26782,1.73,1.73
2012.09.24 07:33:44.131,1.26759,1.2678,1.35,1.38
2012.09.24 07:33:44.212,1.26759,1.26781,1.35,2.13
2012.09.24 07:33:45.095,1.26759,1.26777,1.35,2.48
2012.09.24 07:33:45.188,1.26759,1.26777,1.73,2.10
2012.09.24 07:33:45.270,1.26758,1.26777,1.35,2.85
2012.09.24 07:33:45.363,1.26759,1.26777,1.73,2.10
2012.09.24 07:33:45.923,1.26758,1.26777,1.35,2.48
2012.09.24 07:33:48.408,1.26759,1.26777,1.73,1.73
2012.09.24 07:33:48.771,1.26757,1.26777,1.73,2.48
2012.09.24 07:33:49.465,1.26757,1.26774,1.73,2.48
2012.09.24 07:33:49.657,1.26757,1.2677,1.73,1.50
2012.09.24 07:33:49.982,1.26758,1.2677,1.73,1.50
2012.09.24 07:33:50.062,1.26756,1.2677,1.73,1.50
2012.09.24 07:33:50.606,1.26755,1.26767,1.73,1.50
2012.09.24 07:33:51.781,1.26753,1.26767,1.35,1.50
2012.09.24 07:33:51.954,1.26755,1.26767,1.73,1.50
2012.09.24 07:33:56.781,1.26756,1.26769,1.73,1.50
2012.09.24 07:33:56.878,1.26758,1.26769,1.73,1.50
2012.09.24 07:33:56.962,1.26756,1.26769,1.73,1.50
2012.09.24 07:33:57.320,1.26758,1.26769,1.73,1.50
2012.09.24 07:33:57.905,1.26756,1.26767,1.73,1.50
2012.09.24 07:33:58.061,1.26755,1.26767,1.73,1.50
2012.09.24 07:33:58.208,1.26754,1.26763,1.73,1.50
2012.09.24 07:33:58.290,1.26751,1.26763,1.35,1.50
2012.09.24 07:33:58.908,1.26751,1.26763,1.35,1.50
2012.09.24 07:33:59.623,1.26746,1.26763,1.73,1.50
2012.09.24 07:33:59.783,1.26749,1.26764,1.35,1.50
2012.09.24 07:33:59.873,1.26749,1.2677,1.35,2.25
2012.09.24 07:34:00.161,1.26749,1.26769,1.35,1.35
2012.09.24 07:34:00.344,1.26749,1.26766,1.35,1.50
2012.09.24 07:34:00.900,1.26749,1.26762,1.35,1.50
2012.09.24 07:34:01.889,1.26749,1.26766,1.35,1.50
2012.09.24 07:34:02.041,1.26752,1.26766,1.73,1.50
2012.09.24 07:34:02.847,1.2675,1.26766,1.73,1.50
2012.09.24 07:34:03.138,1.2675,1.26767,1.73,1.13
2012.09.24 07:34:03.358,1.2675,1.26767,1.73,1.13
2012.09.24 07:34:03.860,1.2675,1.26768,1.73,2.85
2012.09.24 07:34:04.393,1.26751,1.26768,1.73,1.73
2012.09.24 07:34:04.554,1.2675,1.26768,1.73,2.48
2012.09.24 07:34:05.218,1.26751,1.26768,2.48,1.73
2012.09.24 07:34:05.441,1.26751,1.26771,2.48,1.13
2012.09.24 07:34:08.246,1.2675,1.2677,2.10,1.50
2012.09.24 07:34:15.587,1.26751,1.26772,1.73,1.73
2012.09.24 07:34:16.357,1.2675,1.26772,3.23,2.13
2012.09.24 07:34:17.269,1.2675,1.26773,1.73,2.88
2012.09.24 07:34:17.818,1.26749,1.26769,2.48,1.50
2012.09.24 07:34:20.233,1.26755,1.26771,1.73,1.90
2012.09.24 07:34:20.777,1.26757,1.26774,2.48,1.15
2012.09.24 07:34:21.004,1.26757,1.26777,2.10,1.35
2012.09.24 07:34:21.094,1.26757,1.26779,2.10,3.00
2012.09.24 07:34:21.531,1.26765,1.26782,2.48,1.38
2012.09.24 07:34:21.615,1.26765,1.26783,2.48,1.90
2012.09.24 07:34:22.050,1.26765,1.26783,2.85,1.50
2012.09.24 07:34:23.181,1.26763,1.26783,2.48,1.73
2012.09.24 07:34:23.609,1.26763,1.26783,2.48,1.73
2012.09.24 07:34:24.899,1.26764,1.26783,1.73,1.73
2012.09.24 07:34:25.499,1.26766,1.26783,2.48,1.50
2012.09.24 07:34:31.514,1.26767,1.26783,1.73,1.88
2012.09.24 07:34:31.827,1.26766,1.26777,1.50,1.73
2012.09.24 07:34:31.917,1.26762,1.26777,1.35,1.73
2012.09.24 07:34:32.558,1.2676,1.26777,2.48,1.73
2012.09.24 07:34:36.838,1.26757,1.26777,2.85,1.73
2012.09.24 07:34:40.282,1.26757,1.26775,2.10,1.50
2012.09.24 07:34:40.787,1.26757,1.26775,1.73,1.50
2012.09.24 07:34:41.018,1.26757,1.26777,2.48,1.73
2012.09.24 07:34:41.168,1.26757,1.26775,1.73,1.50
2012.09.24 07:34:41.754,1.26757,1.26777,2.48,1.73
2012.09.24 07:34:41.948,1.26757,1.26775,2.48,1.50
2012.09.24 07:34:47.101,1.26756,1.26774,1.62,1.35
2012.09.24 07:34:48.168,1.26758,1.26774,1.35,1.13
2012.09.24 07:34:49.174,1.26758,1.26773,1.35,1.50
2012.09.24 07:34:49.426,1.26758,1.26773,1.35,1.50
2012.09.24 07:34:49.517,1.26753,1.26776,1.73,3.23
2012.09.24 07:34:49.754,1.26757,1.26773,1.73,1.13
2012.09.24 07:34:50.726,1.26755,1.26773,1.35,2.25
2012.09.24 07:34:50.962,1.26751,1.26772,1.35,1.73
2012.09.24 07:34:51.049,1.2675,1.26768,1.73,1.50
2012.09.24 07:34:51.411,1.2675,1.26766,1.73,2.25
2012.09.24 07:34:51.489,1.2675,1.26766,1.73,1.50
2012.09.24 07:34:51.639,1.2675,1.26766,1.73,2.25
2012.09.24 07:34:55.452,1.26746,1.26768,3.23,2.10
2012.09.24 07:34:56.118,1.26746,1.26768,2.48,2.50
2012.09.24 07:34:56.346,1.26746,1.26765,3.23,2.10
2012.09.24 07:34:56.604,1.26746,1.26764,2.48,1.73
2012.09.24 07:34:57.434,1.26746,1.26764,2.48,1.73
2012.09.24 07:34:59.753,1.26747,1.26765,1.73,1.35
2012.09.24 07:35:00.327,1.26746,1.26765,2.48,1.35
2012.09.24 07:35:00.773,1.26749,1.26765,2.48,1.13
2012.09.24 07:35:01.306,1.26749,1.26769,2.48,1.75
2012.09.24 07:35:02.473,1.26749,1.26767,1.73,1.73
2012.09.24 07:35:04.953,1.26749,1.26767,1.73,1.35
2012.09.24 07:35:05.182,1.26749,1.26767,1.73,1.73
2012.09.24 07:35:08.317,1.26746,1.26766,2.48,1.35
2012.09.24 07:35:09.458,1.26746,1.26768,3.23,2.50
2012.09.24 07:35:09.960,1.26746,1.26766,2.48,1.35
2012.09.24 07:35:10.067,1.26746,1.26768,3.23,2.50
2012.09.24 07:35:10.450,1.26746,1.26766,2.48,1.35
2012.09.24 07:35:11.278,1.26747,1.26768,1.73,3.23
2012.09.24 07:35:12.178,1.26746,1.26765,2.48,1.35
2012.09.24 07:35:12.440,1.26746,1.26766,3.23,1.35
2012.09.24 07:35:13.051,1.26746,1.26766,2.48,2.10
2012.09.24 07:35:14.299,1.26746,1.26766,3.23,1.35
2012.09.24 07:35:14.377,1.26746,1.26766,2.48,2.10
2012.09.24 07:35:14.628,1.26746,1.26766,3.23,1.35
2012.09.24 07:35:15.410,1.26749,1.26766,2.48,1.35
2012.09.24 07:35:15.713,1.26749,1.26768,2.48,2.10
2012.09.24 07:35:17.070,1.26749,1.26768,1.73,2.85
2012.09.24 07:35:18.672,1.26745,1.26761,1.73,1.13
2012.09.24 07:35:19.032,1.26739,1.26761,2.48,3.60
2012.09.24 07:35:20.678,1.26737,1.26758,1.73,1.35
2012.09.24 07:35:25.410,1.2674,1.26761,1.73,2.85
2012.09.24 07:35:26.248,1.2674,1.26758,1.73,1.13
2012.09.24 07:35:26.400,1.26738,1.26758,2.48,1.35
2012.09.24 07:35:32.299,1.26736,1.26757,2.85,1.35
2012.09.24 07:35:32.594,1.26743,1.26759,2.25,1.73
2012.09.24 07:35:32.680,1.26743,1.26764,2.48,1.73
2012.09.24 07:35:32.758,1.26743,1.26765,2.48,2.48
2012.09.24 07:35:34.044,1.26743,1.26765,2.85,2.48
2012.09.24 07:35:34.276,1.26747,1.26765,1.73,2.25
2012.09.24 07:35:34.657,1.26748,1.26767,1.35,1.88
2012.09.24 07:35:34.960,1.26751,1.26768,2.10,1.50
2012.09.24 07:35:35.045,1.26754,1.2677,1.73,1.88
2012.09.24 07:35:35.494,1.26751,1.26772,2.10,1.50
2012.09.24 07:35:36.845,1.26751,1.26768,1.73,1.50
2012.09.24 07:35:37.153,1.26749,1.26766,1.73,1.50
2012.09.24 07:35:37.511,1.26751,1.26769,1.73,2.25
2012.09.24 07:35:37.590,1.26751,1.26772,1.73,2.65
2012.09.24 07:35:40.492,1.26749,1.26772,2.85,3.00
2012.09.24 07:35:40.581,1.26752,1.26772,1.73,2.65
2012.09.24 07:35:41.291,1.26752,1.26771,3.23,1.50
2012.09.24 07:35:41.651,1.26752,1.26768,1.73,1.35
2012.09.24 07:35:41.961,1.26747,1.26765,2.10,1.50
2012.09.24 07:35:42.516,1.26748,1.26765,1.73,1.50
2012.09.24 07:35:42.604,1.26747,1.26765,1.35,2.25
2012.09.24 07:35:43.721,1.26748,1.26765,1.73,1.50
2012.09.24 07:35:44.774,1.26748,1.26765,2.48,1.50
2012.09.24 07:35:44.861,1.26749,1.26768,2.48,1.13
2012.09.24 07:35:44.951,1.26749,1.26768,2.48,1.13
2012.09.24 07:35:45.173,1.26749,1.26768,2.48,1.13
2012.09.24 07:35:50.636,1.26751,1.26768,1.73,1.73
2012.09.24 07:35:51.273,1.26751,1.26768,1.73,2.37
2012.09.24 07:35:52.201,1.26751,1.26769,1.73,1.73
2012.09.24 07:35:52.350,1.26754,1.2677,1.73,1.77
2012.09.24 07:35:52.711,1.26751,1.26768,1.73,1.73
2012.09.24 07:35:53.517,1.26751,1.26768,1.73,1.73
2012.09.24 07:35:54.371,1.26748,1.26766,2.48,1.13
2012.09.24 07:35:54.879,1.26751,1.26768,1.73,1.73
2012.09.24 07:35:55.039,1.26753,1.26769,2.48,1.13
2012.09.24 07:35:55.777,1.26755,1.26772,1.73,3.23
2012.09.24 07:35:55.934,1.26755,1.26772,2.48,2.88
2012.09.24 07:35:56.293,1.26754,1.26769,2.48,1.50
2012.09.24 07:35:56.509,1.26752,1.26768,2.48,1.35
2012.09.24 07:35:58.472,1.26752,1.26768,2.25,1.73
2012.09.24 07:36:00.537,1.26752,1.26768,2.25,2.48
2012.09.24 07:36:01.100,1.26752,1.26768,1.50,2.48
2012.09.24 07:36:01.183,1.26752,1.26768,1.73,2.48
2012.09.24 07:36:02.901,1.2675,1.26768,1.35,2.48
2012.09.24 07:36:03.262,1.26751,1.26769,1.73,1.50
2012.09.24 07:36:06.609,1.26752,1.26771,1.73,1.50
2012.09.24 07:36:06.691,1.26752,1.26771,1.73,1.73
2012.09.24 07:36:08.344,1.26752,1.26768,1.73,3.38
2012.09.24 07:36:08.434,1.2675,1.26764,1.73,1.50
2012.09.24 07:36:08.523,1.26746,1.26764,1.73,2.48
2012.09.24 07:36:09.041,1.26752,1.26764,1.73,1.73
2012.09.24 07:36:09.121,1.26754,1.2677,1.73,1.50
2012.09.24 07:36:12.120,1.26757,1.26771,1.73,1.50
2012.09.24 07:36:12.646,1.26757,1.26771,1.73,1.50
2012.09.24 07:36:13.711,1.26757,1.26774,1.73,2.25
2012.09.24 07:36:14.065,1.26754,1.26771,1.73,1.88
2012.09.24 07:36:14.219,1.26754,1.26771,1.73,1.88
2012.09.24 07:36:14.301,1.26751,1.26768,2.48,1.88
2012.09.24 07:36:14.530,1.2675,1.26768,1.73,2.10
2012.09.24 07:36:16.908,1.2675,1.26767,1.73,1.35
2012.09.24 07:36:17.986,1.2675,1.26768,1.73,1.73
2012.09.24 07:36:18.278,1.26754,1.26771,1.73,1.50
2012.09.24 07:36:19.214,1.26752,1.2677,1.73,1.50
2012.09.24 07:36:19.952,1.26755,1.26771,1.73,1.50
2012.09.24 07:36:20.363,1.26754,1.26771,1.73,1.50
2012.09.24 07:36:20.442,1.26752,1.26771,1.73,2.85
2012.09.24 07:36:21.432,1.2675,1.26769,2.48,1.73
2012.09.24 07:36:21.789,1.2675,1.26769,3.23,1.73
2012.09.24 07:36:23.911,1.2675,1.26769,2.48,2.48
2012.09.24 07:36:24.665,1.2675,1.26769,3.23,1.73
2012.09.24 07:36:26.840,1.26756,1.26774,1.73,1.50
2012.09.24 07:36:27.772,1.26756,1.26773,3.23,1.50
2012.09.24 07:36:27.854,1.26756,1.26773,1.73,1.73
2012.09.24 07:36:28.366,1.26754,1.26771,1.73,2.63
2012.09.24 07:36:28.453,1.26753,1.2677,1.73,2.25
2012.09.24 07:36:28.530,1.26753,1.2677,1.73,2.48
2012.09.24 07:36:30.420,1.26752,1.26768,1.73,1.73
2012.09.24 07:36:32.394,1.26754,1.26769,1.73,1.73
2012.09.24 07:36:32.761,1.26761,1.26777,2.48,2.85
2012.09.24 07:36:35.344,1.26758,1.26774,2.48,2.25
2012.09.24 07:36:35.422,1.26756,1.26774,1.73,2.48
2012.09.24 07:36:35.919,1.26753,1.26771,1.35,1.50
2012.09.24 07:36:36.138,1.26753,1.26772,1.73,2.25
2012.09.24 07:36:40.062,1.26755,1.26774,1.73,1.73
2012.09.24 07:36:40.141,1.26756,1.26775,1.73,1.35
2012.09.24 07:36:40.708,1.26757,1.26776,1.73,1.35
2012.09.24 07:36:42.561,1.26758,1.26778,3.23,2.10
2012.09.24 07:36:45.259,1.26763,1.26777,1.50,1.73
2012.09.24 07:36:45.552,1.26763,1.26781,3.23,1.73
2012.09.24 07:36:46.063,1.26762,1.2678,1.73,2.48
2012.09.24 07:36:47.228,1.26762,1.2678,1.73,2.48
2012.09.24 07:36:47.749,1.26761,1.26779,1.73,1.39
2012.09.24 07:36:48.387,1.26762,1.26779,1.73,2.14
2012.09.24 07:36:49.870,1.26759,1.26779,2.48,1.50
2012.09.24 07:36:50.425,1.26762,1.26778,1.73,1.13
2012.09.24 07:36:51.181,1.26762,1.26778,2.10,1.13
2012.09.24 07:36:51.336,1.26766,1.26783,1.73,2.48
2012.09.24 07:36:52.440,1.26766,1.26783,1.73,2.10
2012.09.24 07:37:00.072,1.26766,1.26785,2.10,1.38
2012.09.24 07:37:00.403,1.2677,1.26789,3.60,1.73
2012.09.24 07:37:03.419,1.2677,1.26792,3.23,2.48
2012.09.24 07:37:03.782,1.26771,1.2679,2.48,1.13
2012.09.24 07:37:03.929,1.2677,1.26789,1.73,1.73
2012.09.24 07:37:11.502,1.26769,1.26784,1.73,1.50
2012.09.24 07:37:11.579,1.26769,1.26784,1.73,1.73
2012.09.24 07:37:12.044,1.26766,1.26785,1.73,1.73
2012.09.24 07:37:12.129,1.26766,1.26784,1.73,1.73
2012.09.24 07:37:12.354,1.26764,1.26783,1.73,1.73
2012.09.24 07:37:12.719,1.26767,1.26784,1.73,2.85
2012.09.24 07:37:21.877,1.26763,1.26785,3.23,1.73
2012.09.24 07:37:22.170,1.26763,1.26782,2.48,2.10
2012.09.24 07:37:22.480,1.26763,1.26782,3.23,1.50
2012.09.24 07:37:33.623,1.26767,1.26785,1.73,1.73
2012.09.24 07:37:33.711,1.26767,1.26787,1.73,2.48
2012.09.24 07:37:34.080,1.26766,1.26787,1.73,2.48
2012.09.24 07:37:34.372,1.26765,1.26783,1.35,1.73
2012.09.24 07:37:41.472,1.26762,1.26783,2.48,3.60
2012.09.24 07:37:41.621,1.26762,1.26782,2.48,1.73
2012.09.24 07:37:42.529,1.26761,1.2678,2.48,2.48
2012.09.24 07:37:42.831,1.26761,1.2678,1.73,2.48
2012.09.24 07:37:42.910,1.26762,1.2678,1.73,2.48
2012.09.24 07:37:43.128,1.26761,1.2678,1.73,2.48
2012.09.24 07:37:44.110,1.26761,1.2678,2.85,2.48
2012.09.24 07:37:45.639,1.26761,1.2678,2.10,2.48
2012.09.24 07:37:45.928,1.26761,1.2678,2.85,2.48
2012.09.24 07:37:49.424,1.26761,1.26779,1.73,1.35
2012.09.24 07:37:49.512,1.26759,1.26778,2.48,1.13
2012.09.24 07:37:49.591,1.26759,1.26778,2.48,1.35
2012.09.24 07:37:52.091,1.26757,1.26772,1.73,1.50
2012.09.24 07:37:56.908,1.26757,1.26775,1.73,3.00
2012.09.24 07:38:04.423,1.26756,1.26774,2.48,1.13
2012.09.24 07:38:04.664,1.26756,1.26771,1.73,2.48
2012.09.24 07:38:05.653,1.26754,1.26773,1.73,3.60
2012.09.24 07:38:06.285,1.26754,1.2677,1.73,1.50
2012.09.24 07:38:06.374,1.26753,1.2677,1.35,2.25
2012.09.24 07:38:06.754,1.26748,1.26767,1.73,1.50
2012.09.24 07:38:06.840,1.26748,1.26766,1.35,2.48
2012.09.24 07:38:11.119,1.2675,1.26766,1.73,1.73
2012.09.24 07:38:11.202,1.26747,1.26766,2.10,2.48
2012.09.24 07:38:11.352,1.26747,1.26764,2.10,1.73
2012.09.24 07:38:12.180,1.26746,1.26764,1.73,2.48
2012.09.24 07:38:13.203,1.26741,1.26753,2.40,1.50
2012.09.24 07:38:13.390,1.26738,1.26753,2.63,2.25
2012.09.24 07:38:13.844,1.26741,1.26756,1.73,1.73
2012.09.24 07:38:13.930,1.26741,1.26756,1.73,1.50
2012.09.24 07:38:15.091,1.26739,1.26756,1.35,2.25
2012.09.24 07:38:15.321,1.26741,1.26756,1.73,1.50
2012.09.24 07:38:15.820,1.26744,1.2676,1.73,2.63
2012.09.24 07:38:16.040,1.26741,1.26756,2.10,1.50
2012.09.24 07:38:18.571,1.26745,1.26759,1.35,1.50
2012.09.24 07:38:18.792,1.26742,1.26759,2.10,1.73
2012.09.24 07:38:20.548,1.2674,1.26758,1.35,2.25
2012.09.24 07:38:20.700,1.26742,1.26758,1.73,2.25
2012.09.24 07:38:21.401,1.26738,1.26758,1.35,2.25
2012.09.24 07:38:21.484,1.26734,1.26749,1.73,1.50
2012.09.24 07:38:21.642,1.2673,1.26748,2.48,3.98
2012.09.24 07:38:21.863,1.26731,1.26746,1.35,1.13
2012.09.24 07:38:22.079,1.26726,1.26746,1.35,1.13
2012.09.24 07:38:23.825,1.26726,1.26743,1.35,1.50
2012.09.24 07:38:27.263,1.26729,1.26746,1.35,1.50
2012.09.24 07:38:27.411,1.26729,1.26746,1.35,2.25
2012.09.24 07:38:27.979,1.26729,1.26743,1.35,1.50
2012.09.24 07:38:30.511,1.26727,1.26743,1.73,2.25
2012.09.24 07:38:31.647,1.26727,1.26743,1.73,2.25
2012.09.24 07:38:32.079,1.26726,1.26743,1.35,2.25
2012.09.24 07:38:35.196,1.26726,1.26743,2.10,1.50
2012.09.24 07:38:35.526,1.26726,1.26743,1.35,2.25
2012.09.24 07:38:35.606,1.26726,1.26743,2.10,1.50
2012.09.24 07:38:36.352,1.26726,1.26743,1.35,2.25
2012.09.24 07:38:36.629,1.26726,1.26743,2.10,1.50
2012.09.24 07:38:38.620,1.26726,1.26743,1.35,2.25
2012.09.24 07:38:38.770,1.26727,1.26743,1.73,2.25
2012.09.24 07:38:39.217,1.26726,1.26743,1.35,2.25
2012.09.24 07:38:39.889,1.26726,1.26743,2.10,1.50
2012.09.24 07:38:40.151,1.26726,1.26743,1.35,2.25
2012.09.24 07:38:40.308,1.26727,1.26743,1.73,2.25
2012.09.24 07:38:40.387,1.26726,1.26743,1.35,2.25
2012.09.24 07:38:40.639,1.26727,1.26743,1.73,2.25
2012.09.24 07:38:41.883,1.26727,1.26748,1.73,5.37
2012.09.24 07:38:42.310,1.26726,1.26743,1.73,1.50
2012.09.24 07:38:42.534,1.26726,1.26743,2.10,1.73
2012.09.24 07:38:42.621,1.26726,1.26743,2.10,1.50
2012.09.24 07:38:42.989,1.26726,1.26743,1.35,2.25
2012.09.24 07:38:44.292,1.26727,1.26743,1.73,2.25
2012.09.24 07:38:45.652,1.26727,1.26743,1.73,2.48
2012.09.24 07:38:45.939,1.26722,1.26743,2.10,2.48
2012.09.24 07:38:46.475,1.26727,1.26743,1.73,1.73
2012.09.24 07:38:46.563,1.26722,1.26743,2.10,2.48
2012.09.24 07:38:47.203,1.26726,1.26744,1.73,1.35
2012.09.24 07:38:48.342,1.26722,1.26741,4.35,1.73
2012.09.24 07:38:50.635,1.26726,1.26741,1.73,1.73
2012.09.24 07:38:50.727,1.26726,1.26744,2.85,1.73
2012.09.24 07:38:51.393,1.26729,1.26746,3.60,1.73
2012.09.24 07:38:51.497,1.26732,1.26748,3.23,2.33
2012.09.24 07:38:54.762,1.26732,1.26746,1.73,1.35
2012.09.24 07:38:55.143,1.26732,1.26746,1.73,1.35
2012.09.24 07:38:58.470,1.26735,1.26751,1.73,1.20
2012.09.24 07:38:58.550,1.26736,1.26751,1.73,1.20
2012.09.24 07:39:00.225,1.26734,1.26753,1.35,1.88
2012.09.24 07:39:02.678,1.26737,1.26754,1.73,1.35
2012.09.24 07:39:02.902,1.26737,1.26755,1.73,1.88
2012.09.24 07:39:02.986,1.26737,1.26755,1.73,2.10
2012.09.24 07:39:03.642,1.26737,1.26757,2.48,1.73
2012.09.24 07:39:09.505,1.26735,1.26755,3.60,1.35
2012.09.24 07:39:09.954,1.26737,1.26755,1.73,2.85
2012.09.24 07:39:10.462,1.26735,1.26755,1.35,2.85
2012.09.24 07:39:11.483,1.26736,1.26755,1.73,1.73
2012.09.24 07:39:11.711,1.26738,1.26757,1.35,1.62
2012.09.24 07:39:11.861,1.26738,1.26758,1.35,3.23
2012.09.24 07:39:12.092,1.26739,1.26758,2.48,1.73
2012.09.24 07:39:12.518,1.26739,1.26759,2.48,1.73
2012.09.24 07:39:12.911,1.26739,1.26759,2.48,1.73
2012.09.24 07:39:13.169,1.26739,1.26759,2.48,1.73
2012.09.24 07:39:14.652,1.26739,1.26758,2.48,1.35
2012.09.24 07:39:14.956,1.26739,1.26758,2.85,2.48
2012.09.24 07:39:15.473,1.26739,1.26758,2.85,2.48
2012.09.24 07:39:15.631,1.26741,1.2676,2.48,1.73
2012.09.24 07:39:16.351,1.26743,1.2676,1.73,3.23
2012.09.24 07:39:16.449,1.26746,1.26763,1.73,4.50
2012.09.24 07:39:16.534,1.26746,1.26763,2.48,2.25
2012.09.24 07:39:17.043,1.26746,1.26763,2.48,2.85
2012.09.24 07:39:18.893,1.26746,1.26763,1.73,2.10
2012.09.24 07:39:19.112,1.26742,1.26761,2.48,2.48
2012.09.24 07:39:19.611,1.26742,1.26758,3.23,1.73
2012.09.24 07:39:19.693,1.26742,1.26757,2.48,1.73
2012.09.24 07:39:20.131,1.26739,1.26757,2.63,1.73
2012.09.24 07:39:20.451,1.26739,1.26757,2.85,1.73
2012.09.24 07:39:22.993,1.26737,1.26755,2.10,1.13
2012.09.24 07:39:23.152,1.26738,1.26754,1.73,1.50
2012.09.24 07:39:23.230,1.26738,1.26754,2.10,1.50
2012.09.24 07:39:23.380,1.26738,1.26755,2.85,1.13
2012.09.24 07:39:24.314,1.26742,1.26757,1.73,1.35
2012.09.24 07:39:24.399,1.26742,1.26758,1.73,1.35
2012.09.24 07:39:24.976,1.26742,1.26756,1.73,1.13
2012.09.24 07:39:25.060,1.2674,1.26755,1.50,1.50
2012.09.24 07:39:25.209,1.26742,1.26754,1.50,1.50
2012.09.24 07:39:25.512,1.26742,1.26758,2.48,1.73
2012.09.24 07:39:25.730,1.26742,1.26758,1.73,1.73
2012.09.24 07:39:26.263,1.26738,1.26756,1.73,2.10
2012.09.24 07:39:26.341,1.26738,1.26756,2.48,1.35
2012.09.24 07:39:29.649,1.26736,1.26753,2.85,1.35
2012.09.24 07:39:29.732,1.26736,1.26753,2.48,1.35
2012.09.24 07:39:29.889,1.26734,1.26753,2.48,1.73
2012.09.24 07:39:30.043,1.26737,1.26754,1.50,3.98
2012.09.24 07:39:30.563,1.26738,1.26755,1.73,1.73
2012.09.24 07:39:30.930,1.26737,1.26753,2.48,1.35
2012.09.24 07:39:31.151,1.26737,1.26754,1.73,1.35
2012.09.24 07:39:31.302,1.26738,1.26755,1.73,1.73
2012.09.24 07:39:31.531,1.26736,1.26754,1.88,2.10
2012.09.24 07:39:32.040,1.26736,1.26753,1.88,1.73
2012.09.24 07:39:34.701,1.26731,1.26746,3.60,1.13
2012.09.24 07:39:35.004,1.26731,1.2674,1.73,1.13
2012.09.24 07:39:35.178,1.26728,1.26739,1.50,1.35
2012.09.24 07:39:35.760,1.26725,1.2674,1.73,2.48
2012.09.24 07:39:36.301,1.26725,1.2674,1.35,2.48
2012.09.24 07:39:36.522,1.2672,1.2674,2.48,2.48
2012.09.24 07:39:38.071,1.2672,1.2674,3.23,2.48
2012.09.24 07:39:41.012,1.26722,1.26741,1.73,1.73
2012.09.24 07:39:46.503,1.26722,1.2674,1.73,2.10
2012.09.24 07:39:46.719,1.26722,1.2674,1.73,1.73
2012.09.24 07:39:47.389,1.26722,1.2674,1.73,2.10
2012.09.24 07:39:47.622,1.26722,1.26737,1.73,1.73
2012.09.24 07:39:47.780,1.26722,1.26737,1.73,1.73
2012.09.24 07:39:51.375,1.26722,1.26738,1.73,1.35
2012.09.24 07:39:52.021,1.26722,1.26738,1.73,1.35
2012.09.24 07:39:52.682,1.26717,1.26736,3.23,1.73
2012.09.24 07:39:52.900,1.26717,1.26736,1.73,1.73
2012.09.24 07:39:53.708,1.26717,1.26736,1.73,1.73
2012.09.24 07:39:57.350,1.26718,1.26735,2.48,1.35
2012.09.24 07:40:00.038,1.26721,1.26736,1.50,1.35
2012.09.24 07:40:00.348,1.26724,1.26739,1.50,1.73
2012.09.24 07:40:00.518,1.26724,1.26739,3.98,1.73
2012.09.24 07:40:00.687,1.26725,1.2674,1.73,1.13
2012.09.24 07:40:01.050,1.26728,1.26743,2.48,1.13
2012.09.24 07:40:02.147,1.26732,1.26746,1.73,1.35
2012.09.24 07:40:02.256,1.26735,1.26746,1.50,1.50
2012.09.24 07:40:02.345,1.26735,1.26748,1.50,1.73
2012.09.24 07:40:02.434,1.26735,1.26751,2.48,1.35
2012.09.24 07:40:02.732,1.26741,1.26752,1.50,1.13
2012.09.24 07:40:03.310,1.26741,1.26754,3.00,2.48
2012.09.24 07:40:03.834,1.26741,1.26754,1.50,1.73
2012.09.24 07:40:04.134,1.26741,1.26753,1.73,1.50
2012.09.24 07:40:04.220,1.26741,1.26753,1.73,1.73
2012.09.24 07:40:04.794,1.26741,1.26753,1.73,1.73
2012.09.24 07:40:06.843,1.26737,1.26753,1.73,1.73
2012.09.24 07:40:06.918,1.26736,1.26753,2.25,1.73
2012.09.24 07:40:08.761,1.26736,1.26753,2.25,1.73
2012.09.24 07:40:09.591,1.26734,1.26753,3.98,1.73
2012.09.24 07:40:09.949,1.26734,1.26752,1.73,2.48
2012.09.24 07:40:10.239,1.26732,1.26749,2.25,1.73
2012.09.24 07:40:10.842,1.26733,1.26751,1.73,1.35
2012.09.24 07:40:11.376,1.26735,1.26751,2.25,1.35
2012.09.24 07:40:16.613,1.26735,1.26753,2.48,2.48
2012.09.24 07:40:17.131,1.26735,1.26753,1.73,2.48
2012.09.24 07:40:17.633,1.26735,1.26755,1.73,2.48
2012.09.24 07:40:18.663,1.26743,1.26755,1.50,1.73
2012.09.24 07:40:18.743,1.2674,1.26757,2.48,2.48
2012.09.24 07:40:19.322,1.2674,1.26759,2.48,2.48
2012.09.24 07:40:21.868,1.2674,1.26759,2.48,1.73
2012.09.24 07:40:22.228,1.26742,1.26764,2.10,3.23
2012.09.24 07:40:22.384,1.26744,1.26764,2.48,1.73
2012.09.24 07:40:22.923,1.26742,1.26763,1.35,2.48
2012.09.24 07:40:26.860,1.26739,1.26759,2.10,1.13
2012.09.24 07:40:27.080,1.26742,1.26757,1.35,1.50
2012.09.24 07:40:29.262,1.26742,1.26761,1.35,2.25
2012.09.24 07:40:31.723,1.26741,1.26757,1.73,1.73
2012.09.24 07:40:33.275,1.26744,1.26759,1.73,2.48
2012.09.24 07:40:33.911,1.26746,1.26764,1.73,2.48
2012.09.24 07:40:34.740,1.26746,1.26765,1.73,1.73
2012.09.24 07:40:34.893,1.26745,1.26765,1.73,3.98
2012.09.24 07:40:37.389,1.26746,1.26763,2.10,2.48
2012.09.24 07:40:37.474,1.26746,1.26765,2.10,3.23
2012.09.24 07:40:37.633,1.26747,1.26765,2.48,1.73
2012.09.24 07:40:38.141,1.2675,1.26765,2.48,1.50
2012.09.24 07:40:39.612,1.26753,1.26767,1.50,1.73
2012.09.24 07:40:39.838,1.26751,1.26768,1.73,1.73
2012.09.24 07:40:39.990,1.26751,1.26768,1.73,1.73
2012.09.24 07:40:40.648,1.26751,1.26768,1.73,1.73
2012.09.24 07:40:42.690,1.26754,1.26771,1.73,1.73
2012.09.24 07:40:43.197,1.26754,1.26771,2.85,1.73
2012.09.24 07:40:43.363,1.26755,1.26774,1.73,1.50
2012.09.24 07:40:43.592,1.26753,1.2677,1.35,1.50
2012.09.24 07:40:44.314,1.2675,1.26766,1.65,1.73
2012.09.24 07:40:44.871,1.26749,1.26763,1.73,1.50
2012.09.24 07:40:47.904,1.26749,1.26766,1.35,2.25
2012.09.24 07:40:49.230,1.26749,1.26769,1.73,2.25
2012.09.24 07:40:49.312,1.26749,1.26769,1.73,2.48
2012.09.24 07:40:51.957,1.26751,1.26769,1.73,1.73
2012.09.24 07:40:52.113,1.26751,1.26768,1.35,1.50
2012.09.24 07:40:57.693,1.26754,1.26768,1.35,1.50
2012.09.24 07:40:57.854,1.26753,1.26767,1.13,1.50
2012.09.24 07:40:58.082,1.26752,1.26767,2.48,1.50
2012.09.24 07:41:03.841,1.2675,1.26767,1.73,2.25
2012.09.24 07:41:04.570,1.2675,1.26768,1.73,1.50
2012.09.24 07:41:04.789,1.2675,1.26764,1.73,1.50
2012.09.24 07:41:08.576,1.26751,1.26766,1.73,1.73
2012.09.24 07:41:08.662,1.26751,1.26766,1.73,1.73
2012.09.24 07:41:08.813,1.26761,1.26771,2.10,1.90
2012.09.24 07:41:08.985,1.26767,1.26774,1.73,1.50
2012.09.24 07:41:09.474,1.26767,1.26782,1.73,2.25
2012.09.24 07:41:09.564,1.26767,1.26784,1.73,1.50
2012.09.24 07:41:09.849,1.26767,1.26785,2.48,1.50
2012.09.24 07:41:10.519,1.2677,1.26785,2.48,1.50
2012.09.24 07:41:12.400,1.26772,1.26789,1.73,2.25
2012.09.24 07:41:14.698,1.26769,1.26788,2.48,1.50
2012.09.24 07:41:14.921,1.26767,1.26784,2.85,2.25
2012.09.24 07:41:19.263,1.26765,1.26784,1.73,2.48
2012.09.24 07:41:19.726,1.26765,1.26778,1.73,1.50
2012.09.24 07:41:20.232,1.2676,1.26777,1.35,1.50
2012.09.24 07:41:20.381,1.26759,1.26777,3.23,2.48
2012.09.24 07:41:21.201,1.26759,1.26777,3.23,1.50
2012.09.24 07:41:21.351,1.26759,1.26776,3.23,1.50
2012.09.24 07:41:21.430,1.26759,1.26776,3.23,1.50
2012.09.24 07:41:21.826,1.26759,1.26776,3.23,1.50
2012.09.24 07:41:22.135,1.26759,1.26777,3.23,1.73
2012.09.24 07:41:22.222,1.26759,1.26776,3.23,1.50
2012.09.24 07:41:22.653,1.26759,1.26776,1.50,1.50
2012.09.24 07:41:23.163,1.26759,1.26776,1.73,1.50
2012.09.24 07:41:27.237,1.26759,1.26774,1.73,1.50
2012.09.24 07:41:27.459,1.26759,1.26774,1.73,1.50
2012.09.24 07:41:28.979,1.26759,1.26774,1.73,1.50
2012.09.24 07:41:34.639,1.26759,1.26776,2.48,1.50
2012.09.24 07:41:37.201,1.26767,1.26781,3.23,1.73
2012.09.24 07:41:37.285,1.26767,1.26785,3.98,1.88
2012.09.24 07:41:37.368,1.26767,1.26785,3.98,1.13
2012.09.24 07:41:39.480,1.26769,1.26787,1.73,1.38
2012.09.24 07:41:39.561,1.26771,1.26787,1.73,1.15
2012.09.24 07:41:39.992,1.26771,1.26788,2.10,1.90
2012.09.24 07:41:40.140,1.26771,1.26788,2.10,1.15
2012.09.24 07:41:41.430,1.26771,1.26789,2.10,1.50
2012.09.24 07:41:43.238,1.26772,1.26789,2.48,1.50
2012.09.24 07:41:43.928,1.26772,1.26789,2.48,1.73
2012.09.24 07:41:45.830,1.26771,1.26789,2.10,1.73
2012.09.24 07:41:48.099,1.26776,1.26794,3.23,1.73
2012.09.24 07:41:48.361,1.26776,1.26793,2.48,1.73
2012.09.24 07:41:48.440,1.26777,1.26793,1.73,1.73
2012.09.24 07:41:48.870,1.26777,1.26795,1.73,1.35
2012.09.24 07:41:50.989,1.26776,1.26795,3.23,1.35
2012.09.24 07:41:51.075,1.26776,1.26793,1.73,2.10
2012.09.24 07:41:51.159,1.26775,1.26793,1.73,2.85
2012.09.24 07:41:55.438,1.26772,1.26791,2.48,2.48
2012.09.24 07:41:56.269,1.26775,1.26791,1.73,1.73
2012.09.24 07:41:58.547,1.26773,1.26791,1.73,2.48
2012.09.24 07:41:59.028,1.26775,1.26791,1.73,1.73
2012.09.24 07:41:59.107,1.26773,1.26791,1.73,2.48
2012.09.24 07:42:04.517,1.26774,1.26794,1.73,3.23
2012.09.24 07:42:07.438,1.26773,1.26791,3.23,1.73
2012.09.24 07:42:07.750,1.26767,1.26785,4.35,1.13
2012.09.24 07:42:07.840,1.26767,1.26781,2.10,1.73
2012.09.24 07:42:08.631,1.26765,1.26771,2.25,1.13
2012.09.24 07:42:08.964,1.26758,1.2677,1.50,1.73
2012.09.24 07:42:09.272,1.26753,1.2677,1.58,3.23
2012.09.24 07:42:09.362,1.26752,1.2677,1.73,3.23
2012.09.24 07:42:10.501,1.26753,1.2677,1.73,3.23
2012.09.24 07:42:10.587,1.26752,1.2677,1.73,3.23
2012.09.24 07:42:11.683,1.26751,1.26768,1.73,1.73
2012.09.24 07:42:12.452,1.26751,1.26768,1.73,1.73
2012.09.24 07:42:13.891,1.26751,1.26768,1.73,1.73
2012.09.24 07:42:15.565,1.26751,1.26769,1.73,1.73
2012.09.24 07:42:16.139,1.26749,1.26768,1.73,1.73
2012.09.24 07:42:16.951,1.26749,1.26767,1.73,1.73
2012.09.24 07:42:17.099,1.26748,1.26766,2.48,1.73
2012.09.24 07:42:17.183,1.26748,1.26766,2.48,1.73
2012.09.24 07:42:18.970,1.2675,1.26767,3.23,1.13
2012.09.24 07:42:20.348,1.2675,1.26768,3.23,1.73
2012.09.24 07:42:23.009,1.2675,1.26768,3.23,1.35
2012.09.24 07:42:23.859,1.2675,1.26768,3.23,1.35
2012.09.24 07:42:27.462,1.2675,1.26766,1.73,1.88
2012.09.24 07:42:27.685,1.26746,1.26763,2.48,2.10
2012.09.24 07:42:27.842,1.26747,1.26764,1.73,1.35
2012.09.24 07:42:28.352,1.26747,1.26766,1.73,1.73
2012.09.24 07:42:28.431,1.26747,1.26763,1.73,1.13
2012.09.24 07:42:32.385,1.26748,1.26766,1.73,1.35
2012.09.24 07:42:32.752,1.26748,1.26766,2.10,1.13
2012.09.24 07:42:34.620,1.26747,1.26769,1.35,1.35
2012.09.24 07:42:34.981,1.2675,1.26768,2.85,1.13
2012.09.24 07:42:35.132,1.26753,1.26769,2.48,1.35
2012.09.24 07:42:35.647,1.26751,1.26769,1.73,2.25
2012.09.24 07:42:35.739,1.2675,1.26768,1.73,1.73
2012.09.24 07:42:35.903,1.26747,1.26767,1.73,1.73
2012.09.24 07:42:36.381,1.26745,1.26763,1.73,2.89
2012.09.24 07:42:36.464,1.26742,1.26761,3.60,1.50
2012.09.24 07:42:36.638,1.26742,1.26761,3.60,1.73
2012.09.24 07:42:40.018,1.26746,1.26759,1.73,2.25
2012.09.24 07:42:40.171,1.26747,1.26759,1.35,2.48
2012.09.24 07:42:40.392,1.26747,1.26762,1.35,1.50
2012.09.24 07:42:40.847,1.26747,1.26762,1.35,1.73
2012.09.24 07:42:41.093,1.26747,1.26762,1.35,2.48
2012.09.24 07:42:41.255,1.26744,1.26762,2.10,2.48
2012.09.24 07:42:41.760,1.26744,1.26762,2.10,2.85
2012.09.24 07:42:43.521,1.26744,1.26763,1.73,1.73
2012.09.24 07:42:45.771,1.26743,1.26762,1.73,1.73
2012.09.24 07:42:46.112,1.26744,1.26763,1.73,2.37
2012.09.24 07:42:48.973,1.26749,1.26764,1.50,2.37
2012.09.24 07:42:49.192,1.2675,1.26764,2.10,1.73
2012.09.24 07:42:49.625,1.26749,1.26768,1.35,1.73
2012.09.24 07:42:50.209,1.26749,1.26764,1.35,1.13
2012.09.24 07:42:51.540,1.26749,1.26766,1.35,2.37
2012.09.24 07:42:52.107,1.26749,1.26764,1.35,1.13
2012.09.24 07:42:52.473,1.26749,1.26766,2.85,2.14
2012.09.24 07:42:52.562,1.26749,1.26766,2.85,2.37
2012.09.24 07:42:52.920,1.26754,1.26766,1.50,2.37
2012.09.24 07:42:53.226,1.26758,1.26768,1.50,1.38
2012.09.24 07:42:53.397,1.2676,1.26772,1.73,1.15
2012.09.24 07:42:53.488,1.2676,1.26773,3.23,1.15
2012.09.24 07:42:53.864,1.26764,1.26777,1.73,2.25
2012.09.24 07:42:53.953,1.26765,1.26777,1.73,2.25
2012.09.24 07:42:54.046,1.26763,1.26778,1.73,1.35
2012.09.24 07:42:55.252,1.26762,1.2678,2.48,1.35
2012.09.24 07:42:55.812,1.26762,1.2678,2.48,1.35
2012.09.24 07:42:56.292,1.26758,1.26778,2.48,1.50
2012.09.24 07:42:56.373,1.26758,1.26778,2.48,1.73
2012.09.24 07:42:57.601,1.26761,1.26777,3.98,1.13
2012.09.24 07:42:59.986,1.26761,1.26778,1.73,1.35
2012.09.24 07:43:00.352,1.26762,1.2678,1.73,2.25
2012.09.24 07:43:03.040,1.26764,1.26783,1.73,1.35
2012.09.24 07:43:03.623,1.26766,1.26783,2.48,1.50
2012.09.24 07:43:04.191,1.26766,1.26783,2.48,1.73
2012.09.24 07:43:04.752,1.26766,1.26783,2.48,1.73
2012.09.24 07:43:06.175,1.26764,1.26783,1.73,1.50
2012.09.24 07:43:06.954,1.26764,1.26778,1.73,1.13
2012.09.24 07:43:07.101,1.26761,1.26776,2.48,1.62
2012.09.24 07:43:07.181,1.26757,1.26773,2.48,1.50
2012.09.24 07:43:08.214,1.26763,1.26779,2.85,1.73
2012.09.24 07:43:08.294,1.26764,1.26779,2.48,1.50
2012.09.24 07:43:08.384,1.26762,1.26781,2.85,1.53
2012.09.24 07:43:08.463,1.26762,1.26781,2.85,1.75
2012.09.24 07:43:11.623,1.26762,1.26778,1.73,1.13
2012.09.24 07:43:19.780,1.26762,1.26778,1.73,2.25
2012.09.24 07:43:20.437,1.26765,1.2678,1.73,1.73
2012.09.24 07:43:20.520,1.26765,1.26781,2.48,1.13
2012.09.24 07:43:21.021,1.26765,1.26782,3.23,1.13
2012.09.24 07:43:21.661,1.26765,1.26783,3.23,1.50
2012.09.24 07:43:26.629,1.26765,1.26783,3.23,1.73
2012.09.24 07:43:42.368,1.26765,1.26783,3.23,1.73
2012.09.24 07:44:04.828,1.26765,1.26783,2.48,1.73
2012.09.24 07:44:05.053,1.26766,1.26786,3.23,2.25
2012.09.24 07:44:05.212,1.26766,1.26786,2.10,2.48
2012.09.24 07:44:05.359,1.26768,1.26787,2.48,1.73
2012.09.24 07:44:05.438,1.26768,1.26785,1.73,1.73
2012.09.24 07:44:06.014,1.26768,1.26783,1.73,1.73
2012.09.24 07:44:08.963,1.26772,1.26787,1.50,3.98
2012.09.24 07:44:09.055,1.26772,1.26787,1.73,3.00
2012.09.24 07:44:09.294,1.26771,1.2679,3.60,2.48
2012.09.24 07:44:09.800,1.26773,1.26791,1.73,1.73
2012.09.24 07:44:10.760,1.26773,1.26788,1.73,2.25
2012.09.24 07:44:15.239,1.26769,1.26787,1.50,1.50
2012.09.24 07:44:15.461,1.26767,1.26775,1.39,1.13
2012.09.24 07:44:15.542,1.26759,1.26766,1.73,1.50
2012.09.24 07:44:15.904,1.26756,1.26766,1.50,1.13
2012.09.24 07:44:15.994,1.26758,1.2677,1.50,1.73
2012.09.24 07:44:16.085,1.26763,1.26773,1.50,1.73
2012.09.24 07:44:16.241,1.26765,1.26777,1.50,1.35
2012.09.24 07:44:16.321,1.26763,1.26777,1.73,1.35
2012.09.24 07:44:17.089,1.26765,1.26782,1.50,2.10
2012.09.24 07:44:21.228,1.26765,1.26775,1.50,2.25
2012.09.24 07:44:21.812,1.26765,1.26775,1.73,2.25
2012.09.24 07:44:23.471,1.26765,1.26778,2.10,1.13
2012.09.24 07:44:24.463,1.26765,1.26772,1.13,2.25
2012.09.24 07:44:24.689,1.26759,1.26765,1.73,1.13
2012.09.24 07:44:24.769,1.26759,1.26772,1.50,1.73
2012.09.24 07:44:24.918,1.26756,1.26772,3.23,2.48
2012.09.24 07:44:25.349,1.2676,1.26772,1.50,2.48
2012.09.24 07:44:25.717,1.26766,1.26779,2.25,1.35
2012.09.24 07:44:25.806,1.26766,1.2678,2.48,2.25
2012.09.24 07:44:25.971,1.26766,1.26776,2.48,2.25
2012.09.24 07:44:26.709,1.26766,1.26776,1.50,2.25
2012.09.24 07:44:27.684,1.26762,1.26771,1.35,2.25
2012.09.24 07:44:27.841,1.26761,1.26775,1.13,2.48
2012.09.24 07:44:28.267,1.26764,1.26775,1.50,2.25
2012.09.24 07:44:28.921,1.26765,1.26775,1.50,2.25
2012.09.24 07:44:29.451,1.26768,1.26775,1.50,2.25
2012.09.24 07:44:29.962,1.26769,1.26775,1.50,2.25
2012.09.24 07:44:30.052,1.26765,1.26775,2.48,2.25
2012.09.24 07:44:30.213,1.26766,1.26775,1.13,2.48
2012.09.24 07:44:30.449,1.26768,1.26781,2.10,1.35
2012.09.24 07:44:32.351,1.26768,1.26781,2.10,1.13
2012.09.24 07:44:34.957,1.2677,1.26781,2.48,1.13
2012.09.24 07:44:35.042,1.26772,1.26785,2.48,2.25
2012.09.24 07:44:36.009,1.2677,1.26781,2.48,2.25
2012.09.24 07:44:37.840,1.2677,1.26777,2.48,2.25
2012.09.24 07:44:38.409,1.26766,1.26777,2.85,2.25
2012.09.24 07:44:39.019,1.2677,1.2678,1.73,1.13
2012.09.24 07:44:40.822,1.2677,1.2678,2.48,1.13
2012.09.24 07:44:41.052,1.2677,1.26785,2.85,1.50
2012.09.24 07:44:41.224,1.26776,1.26793,2.25,2.63
2012.09.24 07:44:41.313,1.26779,1.26793,2.10,2.63
2012.09.24 07:44:43.400,1.26776,1.26793,1.73,1.50
2012.09.24 07:44:43.494,1.26776,1.26793,2.48,1.73
2012.09.24 07:44:44.070,1.26777,1.26793,1.35,1.50
2012.09.24 07:44:44.599,1.26777,1.26793,1.35,1.50
2012.09.24 07:44:44.686,1.26777,1.26793,1.35,1.50
2012.09.24 07:44:44.913,1.26776,1.26793,2.48,1.73
2012.09.24 07:44:45.570,1.26776,1.26794,2.85,2.48
2012.09.24 07:44:46.021,1.26777,1.26794,1.35,2.48
2012.09.24 07:44:46.169,1.26776,1.26793,2.48,1.73
2012.09.24 07:44:46.321,1.26776,1.26793,1.50,2.48
2012.09.24 07:44:46.611,1.26776,1.26791,2.48,1.50
2012.09.24 07:44:47.181,1.26778,1.26793,2.10,1.73
2012.09.24 07:44:47.259,1.26778,1.26793,2.48,1.50
2012.09.24 07:44:47.480,1.26778,1.26793,2.48,1.73
2012.09.24 07:44:47.632,1.26777,1.2679,1.73,1.50
2012.09.24 07:44:47.779,1.26773,1.2679,1.35,2.48
2012.09.24 07:44:47.997,1.26772,1.26789,1.35,1.73
2012.09.24 07:44:49.210,1.26772,1.26785,1.73,3.00
2012.09.24 07:44:49.295,1.2677,1.26783,1.35,1.50
2012.09.24 07:44:49.814,1.26767,1.26783,2.10,1.50
2012.09.24 07:44:50.111,1.26768,1.26789,2.48,4.73
2012.09.24 07:44:50.839,1.2677,1.26788,2.48,1.73
2012.09.24 07:44:51.761,1.26771,1.26788,1.73,1.73
2012.09.24 07:44:53.875,1.26775,1.26791,1.73,1.50
2012.09.24 07:44:55.612,1.26775,1.26793,2.48,2.85
2012.09.24 07:44:55.970,1.26772,1.26789,1.73,1.73
2012.09.24 07:44:57.052,1.2677,1.26789,1.35,1.73
2012.09.24 07:44:58.508,1.26771,1.26789,1.73,1.73
2012.09.24 07:45:00.740,1.26773,1.26785,2.48,1.50
2012.09.24 07:45:00.818,1.26773,1.26789,2.48,1.73
2012.09.24 07:45:00.969,1.26773,1.26788,2.48,1.73
2012.09.24 07:45:01.121,1.26773,1.26788,1.50,1.73
2012.09.24 07:45:01.272,1.26767,1.26788,3.23,1.73
2012.09.24 07:45:03.380,1.2677,1.26788,1.73,3.23
2012.09.24 07:45:03.948,1.2677,1.26787,3.23,1.73
2012.09.24 07:45:04.707,1.2677,1.26787,2.48,1.73
2012.09.24 07:45:06.572,1.26772,1.26788,1.50,3.98
2012.09.24 07:45:07.200,1.26772,1.26786,1.50,1.73
2012.09.24 07:45:07.558,1.26772,1.26786,1.73,1.50
2012.09.24 07:45:08.465,1.26772,1.26787,2.48,1.50
2012.09.24 07:45:09.428,1.26772,1.26786,1.73,1.50
2012.09.24 07:45:09.580,1.26772,1.26786,1.50,1.73
2012.09.24 07:45:10.138,1.26772,1.26786,1.50,1.73
2012.09.24 07:45:10.897,1.26772,1.26786,1.50,1.73
2012.09.24 07:45:21.059,1.26773,1.26788,1.13,2.48
2012.09.24 07:45:21.140,1.26773,1.2679,1.35,3.98
2012.09.24 07:45:21.663,1.26772,1.26788,1.35,2.48
2012.09.24 07:45:22.309,1.26773,1.26785,1.35,1.50
2012.09.24 07:45:22.528,1.2677,1.26784,1.73,1.73
2012.09.24 07:45:23.146,1.2677,1.26785,1.73,2.48
2012.09.24 07:45:23.767,1.26771,1.26785,1.73,1.73
2012.09.24 07:45:24.351,1.2677,1.26785,1.73,2.48
2012.09.24 07:45:24.856,1.2677,1.26785,1.73,2.85
2012.09.24 07:45:25.458,1.26772,1.26785,1.50,2.85
2012.09.24 07:45:26.366,1.26772,1.26785,1.50,2.10
2012.09.24 07:45:29.393,1.26785,1.26797,1.50,2.48
2012.09.24 07:45:29.486,1.26779,1.26795,1.88,1.73
2012.09.24 07:45:29.571,1.26781,1.26795,1.13,1.50
2012.09.24 07:45:29.654,1.26782,1.26797,2.25,3.00
2012.09.24 07:45:29.741,1.26786,1.26797,1.50,2.25
2012.09.24 07:45:30.100,1.2679,1.26797,1.50,1.50
2012.09.24 07:45:30.919,1.2679,1.26805,1.50,2.25
2012.09.24 07:45:31.422,1.26792,1.26805,1.13,1.50
2012.09.24 07:45:31.499,1.26792,1.26808,1.88,2.25
2012.09.24 07:45:34.466,1.26792,1.2681,1.88,2.25
2012.09.24 07:45:34.619,1.26792,1.2681,1.35,3.23
2012.09.24 07:45:36.945,1.26789,1.26806,2.48,2.48
2012.09.24 07:45:37.601,1.26787,1.26805,3.23,1.73
2012.09.24 07:45:38.408,1.26789,1.26803,1.73,1.73
2012.09.24 07:45:38.559,1.26785,1.26799,1.50,1.35
2012.09.24 07:45:38.929,1.26786,1.26803,1.35,1.73
2012.09.24 07:45:39.441,1.26783,1.26801,1.35,2.25
2012.09.24 07:45:39.658,1.26779,1.26798,1.73,1.73
2012.09.24 07:45:40.897,1.26779,1.26798,1.73,3.98
2012.09.24 07:45:41.637,1.26779,1.26798,1.73,3.75
2012.09.24 07:45:43.962,1.26783,1.26801,1.73,2.48
2012.09.24 07:45:44.109,1.26783,1.26801,1.73,1.50
2012.09.24 07:45:45.734,1.26786,1.26801,1.35,1.50
2012.09.24 07:45:46.383,1.26786,1.26801,1.35,1.50
2012.09.24 07:45:49.526,1.26786,1.26803,2.85,1.73
2012.09.24 07:45:49.697,1.26786,1.26803,2.85,1.50
2012.09.24 07:45:51.022,1.26787,1.26804,1.73,1.50
2012.09.24 07:45:51.110,1.26786,1.26804,2.10,1.73
2012.09.24 07:45:51.411,1.26792,1.26805,1.13,2.48
2012.09.24 07:45:51.495,1.26792,1.26808,1.35,3.00
2012.09.24 07:45:51.583,1.26792,1.26808,2.10,2.25
2012.09.24 07:45:55.798,1.26792,1.26807,1.73,1.50
2012.09.24 07:45:55.881,1.26789,1.26807,3.23,2.48
2012.09.24 07:45:56.252,1.26789,1.26806,1.35,1.35
2012.09.24 07:45:56.470,1.26787,1.26803,1.50,1.73
2012.09.24 07:45:57.058,1.26786,1.26803,1.73,1.73
2012.09.24 07:45:57.353,1.26788,1.26805,1.73,1.73
2012.09.24 07:45:57.520,1.26788,1.26807,2.85,2.85
2012.09.24 07:45:58.018,1.26792,1.26809,1.73,2.85
2012.09.24 07:45:58.190,1.26792,1.26809,1.35,3.60
2012.09.24 07:45:58.273,1.26792,1.26809,1.73,1.13
2012.09.24 07:45:58.429,1.26792,1.26808,1.35,1.35
2012.09.24 07:45:58.509,1.26789,1.26809,2.48,2.10
2012.09.24 07:46:00.656,1.26791,1.26809,1.73,1.35
2012.09.24 07:46:00.962,1.26787,1.26803,4.35,2.48
2012.09.24 07:46:01.048,1.26788,1.26806,1.73,1.73
2012.09.24 07:46:01.200,1.26788,1.26805,1.50,1.73
2012.09.24 07:46:01.281,1.2679,1.26807,3.75,2.37
2012.09.24 07:46:01.499,1.26794,1.2681,1.50,3.23
2012.09.24 07:46:01.579,1.26795,1.2681,1.50,3.00
2012.09.24 07:46:01.730,1.26795,1.2681,2.25,1.50
2012.09.24 07:46:08.320,1.26794,1.26812,3.23,1.73
2012.09.24 07:46:08.915,1.26797,1.26813,1.73,1.73
2012.09.24 07:46:11.364,1.26796,1.26813,3.23,2.48
2012.09.24 07:46:11.690,1.26796,1.26813,3.00,1.73
2012.09.24 07:46:11.996,1.26801,1.26817,1.50,2.85
2012.09.24 07:46:12.088,1.26802,1.26818,1.50,3.60
2012.09.24 07:46:12.639,1.26801,1.26818,3.75,2.10
2012.09.24 07:46:13.518,1.26801,1.26819,3.75,2.10
2012.09.24 07:46:14.440,1.26802,1.26822,1.50,1.35
2012.09.24 07:46:14.593,1.26804,1.26823,3.00,2.48
2012.09.24 07:46:14.684,1.26806,1.26823,1.50,1.73
2012.09.24 07:46:15.050,1.26808,1.26825,2.25,2.10
2012.09.24 07:46:18.718,1.26804,1.26823,1.50,2.25
2012.09.24 07:46:19.387,1.26804,1.26823,1.50,1.73
2012.09.24 07:46:19.751,1.26807,1.26824,1.50,2.48
2012.09.24 07:46:19.830,1.26807,1.26824,1.50,2.25
2012.09.24 07:46:20.049,1.26811,1.26828,1.50,1.90
2012.09.24 07:46:22.033,1.26808,1.26826,1.13,3.00
2012.09.24 07:46:22.123,1.26812,1.26826,1.50,2.25
2012.09.24 07:46:26.087,1.2681,1.26827,1.50,1.50
2012.09.24 07:46:26.237,1.26807,1.26827,2.85,1.50
2012.09.24 07:46:26.320,1.26807,1.26825,1.35,1.73
2012.09.24 07:46:26.731,1.26811,1.26825,1.73,1.73
2012.09.24 07:46:27.210,1.26812,1.26828,1.73,1.73
2012.09.24 07:46:27.702,1.26815,1.26828,1.50,1.50
2012.09.24 07:46:28.399,1.26811,1.26828,1.50,1.50
2012.09.24 07:46:28.929,1.26813,1.26828,1.13,2.25
2012.09.24 07:46:32.743,1.26813,1.26825,1.13,1.50
2012.09.24 07:46:33.056,1.26807,1.2682,2.10,1.50
2012.09.24 07:46:33.145,1.26806,1.2682,2.10,1.73
2012.09.24 07:46:33.539,1.26802,1.26819,2.10,1.73
2012.09.24 07:46:37.526,1.26803,1.26823,1.35,3.23
2012.09.24 07:46:38.179,1.26803,1.26823,1.35,3.23
2012.09.24 07:46:38.822,1.26803,1.26819,1.13,3.98
2012.09.24 07:46:39.038,1.268,1.26817,2.10,1.73
2012.09.24 07:46:39.830,1.26801,1.26819,1.73,2.88
2012.09.24 07:46:40.073,1.268,1.26818,1.73,1.35
2012.09.24 07:46:40.166,1.26797,1.26805,3.23,1.50
2012.09.24 07:46:40.463,1.26796,1.26808,1.73,1.50
2012.09.24 07:46:40.832,1.26796,1.26814,1.50,2.10
2012.09.24 07:46:40.980,1.26795,1.26814,1.35,2.10
2012.09.24 07:46:42.011,1.26801,1.26814,1.50,1.35
2012.09.24 07:46:42.106,1.26801,1.26816,1.50,2.13
2012.09.24 07:46:47.777,1.26796,1.26814,1.73,3.23
2012.09.24 07:46:48.453,1.26798,1.26816,1.73,1.73
2012.09.24 07:46:48.959,1.268,1.26816,1.73,1.73
2012.09.24 07:46:50.614,1.268,1.26818,1.73,2.88
2012.09.24 07:46:50.977,1.26806,1.2682,1.73,1.15
2012.09.24 07:46:52.394,1.26802,1.26819,3.23,1.15
2012.09.24 07:46:52.763,1.26798,1.26813,1.13,3.23
2012.09.24 07:46:52.855,1.26796,1.26813,1.13,3.98
2012.09.24 07:46:53.217,1.26793,1.2681,1.73,2.48
2012.09.24 07:46:57.479,1.26793,1.26811,1.73,1.38
2012.09.24 07:46:57.646,1.26796,1.26814,1.73,2.50
2012.09.24 07:46:57.736,1.26797,1.26814,1.73,2.13
2012.09.24 07:46:57.824,1.26797,1.26816,1.73,2.48
2012.09.24 07:46:57.913,1.26799,1.26818,1.73,1.75
2012.09.24 07:47:01.089,1.26801,1.26819,2.10,1.73
2012.09.24 07:47:01.310,1.26804,1.26819,2.85,1.50
2012.09.24 07:47:01.391,1.26807,1.26824,1.73,2.48
2012.09.24 07:47:01.822,1.26807,1.2682,1.73,1.50
2012.09.24 07:47:01.900,1.26807,1.2682,1.73,1.50
2012.09.24 07:47:01.981,1.26804,1.2682,3.23,1.73
2012.09.24 07:47:04.244,1.26801,1.26819,3.23,1.35
2012.09.24 07:47:04.331,1.26801,1.26817,2.48,1.13
2012.09.24 07:47:04.414,1.26801,1.26817,2.25,1.35
2012.09.24 07:47:04.510,1.26794,1.26812,1.73,1.73
2012.09.24 07:47:05.907,1.26793,1.26812,2.85,1.73
2012.09.24 07:47:06.268,1.26793,1.26815,4.35,2.85
2012.09.24 07:47:06.921,1.26795,1.26814,2.48,1.73
2012.09.24 07:47:07.199,1.26795,1.26815,2.48,1.35
2012.09.24 07:47:08.871,1.26795,1.26815,2.48,1.35
2012.09.24 07:47:09.271,1.26795,1.26804,1.73,1.50
2012.09.24 07:47:09.489,1.2679,1.26804,1.13,1.73
2012.09.24 07:47:09.641,1.26795,1.26805,1.50,2.85
2012.09.24 07:47:09.720,1.26788,1.26803,1.73,2.48
2012.09.24 07:47:10.152,1.26785,1.26806,2.48,3.63
2012.09.24 07:47:10.513,1.26784,1.26801,2.48,1.73
2012.09.24 07:47:12.373,1.26784,1.26801,2.48,1.73
2012.09.24 07:47:12.602,1.26784,1.26801,2.48,1.73
2012.09.24 07:47:12.916,1.2679,1.26805,2.25,2.85
2012.09.24 07:47:16.403,1.26788,1.26807,2.10,2.13
2012.09.24 07:47:16.771,1.26791,1.26806,2.48,2.48
2012.09.24 07:47:16.922,1.26791,1.26806,2.48,2.25
2012.09.24 07:47:17.277,1.26791,1.2681,2.48,1.73
2012.09.24 07:47:17.848,1.26791,1.26811,2.48,1.73
2012.09.24 07:47:20.122,1.26795,1.26813,2.48,2.10
2012.09.24 07:47:25.757,1.26795,1.26809,1.73,1.35
2012.09.24 07:47:26.053,1.26794,1.26811,1.73,2.10
2012.09.24 07:47:26.374,1.26794,1.26811,3.00,1.35
2012.09.24 07:47:30.082,1.26793,1.2681,1.50,3.00
2012.09.24 07:47:30.160,1.26792,1.26808,1.50,1.35
2012.09.24 07:47:30.313,1.26789,1.26804,3.00,1.35
2012.09.24 07:47:30.620,1.26788,1.26805,1.50,1.13
2012.09.24 07:47:30.702,1.26788,1.26806,1.73,2.10
2012.09.24 07:47:33.592,1.26787,1.26801,2.48,1.13
2012.09.24 07:47:33.672,1.26786,1.268,1.73,2.52
2012.09.24 07:47:33.751,1.26784,1.268,1.50,3.12
2012.09.24 07:47:33.974,1.26781,1.268,2.10,1.38
2012.09.24 07:47:34.064,1.26783,1.26801,1.73,2.13
2012.09.24 07:47:34.573,1.26783,1.268,1.73,1.35
2012.09.24 07:47:36.573,1.26783,1.26801,3.23,1.38
2012.09.24 07:47:36.823,1.26783,1.26802,3.23,2.74
2012.09.24 07:47:37.330,1.26783,1.26799,1.73,1.35
2012.09.24 07:47:37.409,1.26783,1.26801,1.73,2.48
2012.09.24 07:47:37.493,1.26783,1.26803,3.23,2.48
2012.09.24 07:47:37.581,1.26786,1.26805,3.23,2.50
2012.09.24 07:47:39.173,1.26784,1.268,1.35,2.25
2012.09.24 07:47:39.483,1.26782,1.26798,1.50,2.48
2012.09.24 07:47:42.792,1.26779,1.26798,1.73,1.73
2012.09.24 07:47:43.458,1.26779,1.26798,1.73,2.48
2012.09.24 07:47:45.291,1.26782,1.26798,1.50,2.48
2012.09.24 07:47:45.375,1.26783,1.268,1.73,1.35
2012.09.24 07:47:51.760,1.26784,1.26799,1.50,1.35
2012.09.24 07:47:55.496,1.26781,1.26798,1.50,1.35
2012.09.24 07:47:56.329,1.26782,1.26798,1.50,1.35
2012.09.24 07:47:56.550,1.26782,1.26796,1.50,1.73
2012.09.24 07:47:56.700,1.26776,1.26794,4.73,1.73
2012.09.24 07:47:56.781,1.26776,1.26793,3.98,1.73
2012.09.24 07:47:57.592,1.26776,1.26789,3.00,1.73
2012.09.24 07:47:57.941,1.26779,1.26789,1.50,1.73
2012.09.24 07:48:01.819,1.2678,1.26796,2.25,2.10
2012.09.24 07:48:02.180,1.2678,1.26799,3.23,2.10
2012.09.24 07:48:07.413,1.26781,1.268,1.50,2.48
2012.09.24 07:48:07.509,1.26783,1.26801,2.48,1.38
2012.09.24 07:48:07.741,1.26783,1.26797,2.48,1.50
2012.09.24 07:48:07.891,1.26783,1.26797,2.48,1.50
2012.09.24 07:48:08.109,1.26785,1.26802,2.48,1.75
2012.09.24 07:48:08.434,1.26785,1.26802,2.48,1.35
2012.09.24 07:48:09.644,1.26784,1.26802,2.25,2.85
2012.09.24 07:48:09.972,1.26782,1.26797,2.25,1.73
2012.09.24 07:48:27.140,1.26781,1.26798,1.50,1.50
2012.09.24 07:48:27.217,1.26781,1.26798,1.50,1.73
2012.09.24 07:48:27.302,1.26781,1.26798,1.73,1.73
2012.09.24 07:48:27.521,1.26785,1.26799,1.50,1.73
2012.09.24 07:48:35.567,1.26782,1.26798,1.50,1.35
2012.09.24 07:48:35.907,1.26782,1.26799,1.50,1.35
2012.09.24 07:48:39.871,1.26782,1.26801,1.73,1.73
2012.09.24 07:48:46.876,1.26786,1.26803,1.50,2.48
2012.09.24 07:48:47.266,1.26786,1.26803,1.50,2.48
2012.09.24 07:49:06.745,1.26789,1.26806,2.25,1.38
2012.09.24 07:49:07.700,1.26791,1.26808,1.13,1.75
2012.09.24 07:49:07.920,1.26792,1.26809,2.25,2.50
2012.09.24 07:49:15.312,1.26792,1.2681,2.63,2.13
2012.09.24 07:49:15.472,1.26796,1.26811,1.13,1.38
2012.09.24 07:49:15.715,1.26796,1.26809,1.13,1.73
2012.09.24 07:49:15.942,1.26796,1.26812,1.13,2.10
2012.09.24 07:49:26.144,1.26792,1.26812,1.73,3.23
2012.09.24 07:49:26.301,1.26792,1.2681,1.50,1.73
2012.09.24 07:49:26.451,1.26792,1.26812,1.50,3.23
2012.09.24 07:49:28.363,1.26791,1.26807,1.13,1.73
2012.09.24 07:49:28.719,1.26791,1.26805,1.13,1.73
2012.09.24 07:49:30.166,1.26792,1.26805,1.50,1.73
2012.09.24 07:49:30.547,1.26792,1.26805,1.50,1.50
2012.09.24 07:49:31.500,1.26792,1.26805,1.50,1.73
2012.09.24 07:49:34.960,1.26796,1.2681,1.50,2.10
2012.09.24 07:49:35.840,1.26796,1.26811,1.50,1.73
2012.09.24 07:49:35.920,1.26796,1.26811,1.50,2.48
2012.09.24 07:49:36.138,1.26797,1.26811,1.50,2.48
2012.09.24 07:49:37.671,1.26796,1.26811,1.50,2.48
2012.09.24 07:49:37.754,1.26796,1.26812,1.50,1.73
2012.09.24 07:49:48.550,1.26793,1.26809,1.50,1.73
2012.09.24 07:49:49.571,1.26792,1.26809,2.25,1.73
2012.09.24 07:49:51.758,1.26792,1.26811,1.50,2.48
2012.09.24 07:49:51.949,1.26791,1.26809,1.88,1.73
2012.09.24 07:49:56.469,1.26789,1.26808,1.50,3.60
2012.09.24 07:49:56.992,1.26787,1.26804,1.50,1.35
2012.09.24 07:49:57.076,1.26785,1.26804,2.48,2.85
2012.09.24 07:49:57.166,1.26785,1.26804,1.50,5.48
2012.09.24 07:50:00.030,1.26786,1.26803,1.88,3.23
2012.09.24 07:50:00.681,1.26788,1.26807,2.48,1.38
2012.09.24 07:50:05.779,1.26792,1.26805,1.50,1.73
2012.09.24 07:50:06.000,1.26787,1.26804,1.05,2.10
2012.09.24 07:50:06.082,1.26786,1.26804,2.48,2.85
2012.09.24 07:50:06.158,1.26786,1.26804,2.25,2.85
2012.09.24 07:50:12.093,1.26783,1.26803,1.73,1.73
2012.09.24 07:50:12.649,1.26785,1.26804,1.50,2.48
2012.09.24 07:50:13.439,1.26784,1.26798,1.73,1.73
2012.09.24 07:50:13.593,1.26779,1.26796,1.50,2.48
2012.09.24 07:50:13.681,1.26779,1.26796,2.25,1.73
2012.09.24 07:50:13.829,1.26779,1.26796,1.50,2.48
2012.09.24 07:50:14.192,1.26779,1.26796,1.35,2.48
2012.09.24 07:50:14.468,1.26779,1.268,2.10,3.23
2012.09.24 07:50:14.838,1.2678,1.268,2.48,1.73
2012.09.24 07:50:15.269,1.2678,1.268,2.48,1.73
2012.09.24 07:50:15.565,1.2678,1.26799,1.73,1.73
2012.09.24 07:50:15.721,1.2678,1.26799,1.73,1.73
2012.09.24 07:50:16.079,1.26782,1.26801,1.73,2.10
2012.09.24 07:50:16.453,1.26782,1.268,1.73,1.73
2012.09.24 07:50:19.280,1.26782,1.26801,1.73,1.73
2012.09.24 07:50:21.242,1.26782,1.268,1.35,1.73
2012.09.24 07:50:21.811,1.26783,1.268,1.50,1.73
2012.09.24 07:50:22.031,1.26782,1.26797,1.13,1.73
2012.09.24 07:50:22.483,1.26778,1.26797,1.35,1.73
2012.09.24 07:50:22.727,1.26779,1.26797,3.23,1.73
2012.09.24 07:50:22.949,1.26779,1.26797,2.48,1.73
2012.09.24 07:50:25.086,1.26779,1.26797,3.23,1.73
2012.09.24 07:50:25.620,1.26779,1.26797,2.48,1.73
2012.09.24 07:50:25.908,1.26775,1.26793,3.98,1.73
2012.09.24 07:50:29.940,1.26775,1.26793,1.50,2.10
2012.09.24 07:50:32.986,1.26775,1.26792,3.00,2.48
2012.09.24 07:50:33.137,1.26775,1.26792,2.25,2.48
2012.09.24 07:50:35.121,1.26777,1.26795,1.13,3.23
2012.09.24 07:50:35.528,1.26779,1.26797,1.73,1.73
2012.09.24 07:50:35.819,1.26778,1.26795,1.73,1.73
2012.09.24 07:50:35.899,1.26778,1.26795,1.50,2.48
2012.09.24 07:50:36.055,1.26775,1.26793,1.88,1.35
2012.09.24 07:50:36.211,1.26774,1.26793,2.25,1.35
2012.09.24 07:50:37.941,1.26774,1.26791,1.50,2.10
2012.09.24 07:50:38.163,1.26776,1.26791,1.50,2.10
2012.09.24 07:50:38.672,1.26778,1.26792,1.50,1.73
2012.09.24 07:50:38.764,1.26773,1.26793,1.50,1.73
2012.09.24 07:50:39.791,1.26773,1.26793,1.73,1.73
2012.09.24 07:50:43.920,1.26772,1.26793,2.48,1.73
2012.09.24 07:50:44.553,1.26777,1.26793,1.50,1.73
2012.09.24 07:50:44.648,1.26777,1.26795,2.25,1.73
2012.09.24 07:50:44.730,1.26777,1.26794,1.73,1.73
2012.09.24 07:50:44.970,1.26777,1.26794,1.50,3.23
2012.09.24 07:50:45.629,1.26774,1.26792,2.48,1.35
2012.09.24 07:50:47.316,1.26774,1.26788,1.50,1.73
2012.09.24 07:50:48.330,1.26765,1.26775,1.88,1.50
2012.09.24 07:50:48.443,1.26761,1.26775,1.35,2.48
2012.09.24 07:50:48.971,1.26758,1.26775,2.48,2.48
2012.09.24 07:50:49.201,1.26759,1.26775,1.50,3.98
2012.09.24 07:50:49.432,1.26758,1.26773,1.50,2.10
2012.09.24 07:50:49.585,1.26755,1.26771,1.50,1.73
2012.09.24 07:50:49.919,1.26753,1.26764,1.13,1.73
2012.09.24 07:50:50.244,1.26746,1.26761,1.50,1.35
2012.09.24 07:50:50.330,1.26746,1.26761,1.50,1.35
2012.09.24 07:50:50.550,1.26743,1.26761,1.50,3.23
2012.09.24 07:50:50.981,1.26745,1.26762,1.50,1.73
2012.09.24 07:50:51.198,1.26745,1.2676,2.25,1.73
2012.09.24 07:50:51.490,1.26745,1.26758,1.50,1.73
2012.09.24 07:50:51.569,1.26742,1.26758,3.00,1.73
2012.09.24 07:50:51.724,1.26742,1.26757,2.25,1.73
2012.09.24 07:50:52.519,1.26742,1.26757,1.50,1.73
2012.09.24 07:50:52.750,1.26742,1.26757,2.25,1.73
2012.09.24 07:50:52.975,1.26742,1.26761,3.23,1.73
2012.09.24 07:50:53.339,1.26744,1.26761,1.50,3.23
2012.09.24 07:50:53.967,1.26744,1.26761,2.25,1.73
2012.09.24 07:50:55.839,1.26744,1.26761,1.50,1.73
2012.09.24 07:50:55.917,1.26741,1.26761,2.10,2.48
2012.09.24 07:50:56.210,1.26744,1.26761,1.50,1.73
2012.09.24 07:50:58.305,1.2674,1.26757,2.48,1.73
2012.09.24 07:50:58.460,1.2674,1.26757,2.48,1.73
2012.09.24 07:50:58.938,1.2674,1.26761,2.48,2.10
2012.09.24 07:50:59.088,1.2674,1.26761,2.48,2.85
2012.09.24 07:50:59.678,1.2674,1.26761,2.48,2.10
2012.09.24 07:51:00.431,1.26746,1.26762,1.13,2.13
2012.09.24 07:51:00.592,1.26746,1.26762,1.35,1.73
2012.09.24 07:51:00.959,1.26748,1.26766,1.50,1.73
2012.09.24 07:51:01.148,1.26748,1.26766,2.25,1.73
2012.09.24 07:51:01.991,1.26748,1.26766,1.50,1.73
2012.09.24 07:51:02.700,1.26748,1.26766,2.25,1.73
2012.09.24 07:51:03.707,1.26745,1.26766,3.60,1.73
2012.09.24 07:51:04.487,1.26745,1.26764,1.50,1.73
2012.09.24 07:51:04.570,1.26745,1.26764,2.25,2.48
2012.09.24 07:51:05.229,1.26747,1.26763,1.50,1.73
2012.09.24 07:51:05.518,1.26752,1.26767,1.50,4.24
2012.09.24 07:51:05.879,1.26751,1.26766,1.50,1.35
2012.09.24 07:51:06.469,1.26746,1.26761,1.50,1.73
2012.09.24 07:51:07.031,1.26747,1.26761,1.35,1.50
2012.09.24 07:51:07.389,1.26751,1.26761,1.50,1.73
2012.09.24 07:51:07.543,1.26746,1.26764,1.50,2.48
2012.09.24 07:51:07.973,1.26742,1.26759,1.73,1.73
2012.09.24 07:51:10.488,1.26741,1.26761,2.10,2.48
2012.09.24 07:51:10.706,1.26742,1.26761,1.73,1.73
2012.09.24 07:51:11.138,1.26742,1.26757,1.50,1.73
2012.09.24 07:51:11.668,1.26739,1.2676,1.73,1.35
2012.09.24 07:51:12.539,1.26739,1.26757,1.73,1.73
2012.09.24 07:51:12.911,1.26739,1.26757,1.73,1.73
2012.09.24 07:51:13.428,1.26739,1.26757,1.73,1.73
2012.09.24 07:51:14.872,1.26739,1.26757,1.73,1.73
2012.09.24 07:51:16.146,1.26739,1.26757,1.73,1.73
2012.09.24 07:51:17.623,1.26745,1.26757,1.35,1.50
2012.09.24 07:51:17.699,1.26747,1.26766,2.48,3.23
2012.09.24 07:51:18.065,1.26747,1.26763,1.73,1.73
2012.09.24 07:51:18.697,1.26746,1.26765,3.00,3.00
2012.09.24 07:51:18.803,1.26748,1.26769,1.35,4.38
2012.09.24 07:51:19.439,1.26749,1.26769,2.48,1.38
2012.09.24 07:51:23.117,1.26749,1.26766,2.48,1.73
2012.09.24 07:51:23.340,1.26749,1.2677,3.23,2.13
2012.09.24 07:51:23.634,1.26749,1.26768,3.23,1.73
2012.09.24 07:51:23.858,1.26749,1.26769,3.23,1.38
2012.09.24 07:51:25.689,1.26749,1.26768,1.73,3.23
2012.09.24 07:51:26.099,1.26749,1.26768,1.73,2.48
2012.09.24 07:51:28.830,1.2675,1.26768,2.48,1.73
2012.09.24 07:51:28.908,1.2675,1.2677,2.48,1.73
2012.09.24 07:51:31.036,1.2675,1.26769,2.25,2.10
2012.09.24 07:51:31.120,1.2675,1.26769,2.48,2.10
2012.09.24 07:51:31.479,1.2675,1.26769,2.48,1.73
2012.09.24 07:51:31.564,1.26753,1.2677,2.25,1.73
2012.09.24 07:51:33.253,1.26754,1.2677,2.85,1.73
2012.09.24 07:51:33.410,1.26754,1.26772,2.85,2.13
2012.09.24 07:51:33.739,1.26754,1.26772,2.85,2.13
2012.09.24 07:51:33.961,1.26754,1.26772,3.60,1.73
2012.09.24 07:51:34.491,1.26754,1.26771,1.13,2.48
2012.09.24 07:51:34.987,1.26752,1.26768,1.13,1.73
2012.09.24 07:51:35.137,1.26754,1.26771,1.13,2.48
2012.09.24 07:51:36.837,1.26752,1.26768,1.13,3.23
2012.09.24 07:51:37.469,1.26754,1.26768,1.13,2.48
2012.09.24 07:51:38.960,1.26751,1.26768,1.13,2.48
2012.09.24 07:51:39.108,1.26751,1.26768,1.13,2.48
2012.09.24 07:51:40.140,1.26748,1.26765,1.77,1.73
2012.09.24 07:51:40.294,1.26749,1.26766,1.13,1.73
2012.09.24 07:51:40.454,1.26747,1.26763,2.85,1.73
2012.09.24 07:51:40.541,1.26747,1.26763,2.63,1.73
2012.09.24 07:51:40.636,1.26744,1.26761,1.88,1.73
2012.09.24 07:51:41.139,1.26744,1.26763,1.88,2.48
2012.09.24 07:51:45.464,1.26743,1.26764,3.87,1.73
2012.09.24 07:51:45.556,1.26748,1.26765,1.13,1.73
2012.09.24 07:51:45.711,1.26748,1.26765,1.50,1.73
2012.09.24 07:51:46.206,1.26748,1.26767,1.73,2.48
2012.09.24 07:51:46.300,1.26748,1.26768,1.73,1.73
2012.09.24 07:51:46.523,1.26748,1.26768,1.35,1.73
2012.09.24 07:51:47.091,1.26749,1.26768,2.48,1.73
2012.09.24 07:51:47.170,1.26749,1.26768,2.48,2.48
2012.09.24 07:51:47.479,1.26749,1.26768,2.48,1.73
2012.09.24 07:51:48.480,1.26753,1.26768,1.50,2.48
2012.09.24 07:51:48.559,1.26753,1.26768,2.25,1.73
2012.09.24 07:51:49.569,1.26753,1.26768,1.50,1.73
2012.09.24 07:51:50.081,1.26753,1.26768,2.25,1.73
2012.09.24 07:51:50.461,1.26753,1.26768,1.50,2.48
2012.09.24 07:51:50.682,1.26753,1.26765,1.50,1.73
2012.09.24 07:51:51.293,1.26748,1.26765,2.63,1.73
2012.09.24 07:51:53.981,1.26748,1.26766,1.50,2.10
2012.09.24 07:51:54.197,1.26748,1.26766,1.50,2.10
2012.09.24 07:51:55.223,1.26743,1.26764,2.37,1.73
2012.09.24 07:51:55.330,1.26742,1.26762,3.23,2.48
2012.09.24 07:51:55.414,1.26741,1.26762,1.88,2.48
2012.09.24 07:51:55.508,1.26739,1.26762,3.60,3.98
2012.09.24 07:51:55.730,1.26738,1.26757,1.13,1.35
2012.09.24 07:51:56.089,1.26739,1.26757,1.13,1.35
2012.09.24 07:51:56.952,1.2674,1.26759,2.25,1.35
2012.09.24 07:51:57.425,1.26741,1.26759,1.50,1.73
2012.09.24 07:52:01.071,1.26746,1.26761,1.50,1.35
2012.09.24 07:52:01.175,1.26744,1.26761,1.50,1.35
2012.09.24 07:52:01.543,1.26744,1.26764,1.50,3.98
2012.09.24 07:52:02.535,1.26751,1.26767,1.50,2.85
2012.09.24 07:52:03.488,1.26749,1.26766,1.50,1.35
2012.09.24 07:52:03.712,1.26749,1.26764,1.50,2.85
2012.09.24 07:52:09.315,1.26751,1.26766,1.50,1.73
2012.09.24 07:52:11.125,1.26751,1.26766,1.50,1.73
2012.09.24 07:52:11.214,1.26751,1.26766,1.50,1.73
2012.09.24 07:52:11.516,1.26742,1.26763,3.00,2.10
2012.09.24 07:52:11.951,1.26744,1.26762,1.50,1.73
2012.09.24 07:52:13.380,1.26747,1.2676,1.50,1.73
2012.09.24 07:52:13.531,1.26748,1.26762,1.50,1.73
2012.09.24 07:52:19.613,1.26751,1.26765,1.50,1.15
2012.09.24 07:52:19.702,1.26751,1.26767,1.50,3.25
2012.09.24 07:52:20.060,1.2675,1.26763,1.50,1.73
2012.09.24 07:52:29.165,1.26746,1.26762,1.50,2.48
2012.09.24 07:52:29.321,1.26742,1.26758,2.25,1.73
2012.09.24 07:52:29.822,1.26742,1.26758,2.25,1.73
2012.09.24 07:52:34.152,1.26739,1.26758,1.73,1.73
2012.09.24 07:52:34.307,1.26739,1.26758,2.48,1.35
2012.09.24 07:52:34.671,1.26736,1.26757,3.23,2.85
2012.09.24 07:52:35.497,1.26735,1.26752,1.50,1.35
2012.09.24 07:52:36.094,1.26736,1.26752,1.50,1.50
2012.09.24 07:52:36.267,1.26739,1.26754,1.50,1.73
2012.09.24 07:52:46.130,1.26736,1.26752,3.98,1.35
2012.09.24 07:52:46.214,1.26736,1.26752,1.73,1.35
2012.09.24 07:52:46.303,1.26736,1.26752,1.50,1.35
2012.09.24 07:52:46.811,1.26736,1.26752,1.50,1.35
2012.09.24 07:52:46.991,1.26736,1.26752,1.50,1.13
2012.09.24 07:52:47.074,1.26736,1.26752,1.50,1.35
2012.09.24 07:52:47.266,1.26736,1.26752,1.50,1.13
2012.09.24 07:52:48.289,1.26736,1.26752,1.50,1.35
2012.09.24 07:52:48.649,1.26742,1.26752,1.50,1.13
2012.09.24 07:52:48.880,1.26742,1.26753,1.50,1.73
2012.09.24 07:52:49.103,1.26742,1.26754,1.50,1.73
2012.09.24 07:52:49.259,1.26743,1.26758,1.50,2.50
2012.09.24 07:52:49.553,1.26747,1.26758,1.50,2.10
2012.09.24 07:52:49.851,1.26743,1.26758,1.73,2.48
2012.09.24 07:52:50.000,1.26742,1.26759,1.50,3.23
2012.09.24 07:52:50.797,1.26743,1.26758,1.50,2.37
2012.09.24 07:52:50.883,1.26742,1.26758,2.25,3.12
2012.09.24 07:52:52.614,1.26743,1.26758,1.50,2.37
2012.09.24 07:52:52.943,1.26749,1.26762,1.50,2.25
2012.09.24 07:52:53.462,1.26749,1.26762,1.50,2.48
2012.09.24 07:52:54.861,1.26749,1.26762,1.50,2.13
2012.09.24 07:52:55.463,1.2675,1.26763,1.50,2.13
2012.09.24 07:52:56.043,1.26749,1.26763,1.50,2.13
2012.09.24 07:52:58.243,1.26753,1.26769,2.25,1.73
2012.09.24 07:52:58.840,1.26755,1.26769,1.50,3.23
2012.09.24 07:52:59.966,1.26752,1.26769,1.50,1.73
2012.09.24 07:53:00.051,1.26753,1.26769,1.50,1.73
2012.09.24 07:53:00.541,1.26757,1.26768,1.50,1.73
2012.09.24 07:53:00.623,1.26756,1.26768,1.50,1.73
2012.09.24 07:53:00.848,1.26752,1.26769,1.50,1.73
2012.09.24 07:53:01.279,1.26752,1.26767,1.50,2.25
2012.09.24 07:53:02.144,1.26752,1.26769,1.50,1.73
2012.09.24 07:53:02.311,1.26752,1.26769,1.50,1.73
2012.09.24 07:53:02.831,1.26757,1.2677,1.50,1.38
2012.09.24 07:53:03.430,1.26757,1.26772,1.50,2.48
2012.09.24 07:53:03.829,1.26757,1.26772,1.50,2.48
2012.09.24 07:53:05.626,1.26756,1.26769,1.50,1.50
2012.09.24 07:53:06.279,1.26757,1.26771,1.50,1.13
2012.09.24 07:53:06.358,1.26757,1.26771,1.50,1.35
2012.09.24 07:53:08.662,1.26755,1.26772,1.50,1.73
2012.09.24 07:53:08.882,1.26753,1.26768,1.50,1.73
2012.09.24 07:53:09.190,1.26753,1.26769,1.50,1.73
2012.09.24 07:53:10.622,1.26757,1.26772,2.25,2.48
2012.09.24 07:53:12.459,1.26755,1.2677,1.50,1.35
2012.09.24 07:53:12.750,1.26757,1.2677,1.50,1.35
2012.09.24 07:53:13.253,1.26754,1.2677,1.73,1.35
2012.09.24 07:53:14.012,1.26757,1.26771,2.25,2.85
2012.09.24 07:53:14.301,1.26755,1.26771,1.50,2.85
2012.09.24 07:53:14.803,1.26757,1.26771,1.50,2.48
2012.09.24 07:53:14.948,1.26756,1.26771,1.50,1.73
2012.09.24 07:53:18.324,1.26757,1.26772,2.25,3.98
2012.09.24 07:53:19.949,1.26754,1.26771,1.73,2.48
2012.09.24 07:53:20.246,1.26752,1.26771,1.73,3.23
2012.09.24 07:53:20.337,1.26752,1.26768,1.50,1.73
2012.09.24 07:53:20.701,1.26752,1.26767,1.73,2.48
2012.09.24 07:53:20.792,1.26754,1.2677,1.50,2.48
2012.09.24 07:53:21.092,1.26752,1.26763,1.73,1.13
2012.09.24 07:53:21.186,1.26751,1.26765,1.73,1.13
2012.09.24 07:53:21.272,1.26751,1.26765,1.50,1.35
2012.09.24 07:53:21.422,1.26752,1.26768,2.48,3.60
2012.09.24 07:53:21.866,1.26752,1.26768,1.50,1.35
2012.09.24 07:53:22.243,1.26753,1.26766,1.50,1.35
2012.09.24 07:53:22.855,1.26751,1.26766,2.25,1.35
2012.09.24 07:53:23.315,1.26748,1.26766,1.50,1.35
2012.09.24 07:53:23.393,1.26746,1.26766,1.73,1.35
2012.09.24 07:53:24.623,1.26745,1.26761,1.73,2.48
2012.09.24 07:53:24.771,1.26744,1.26761,1.50,2.85
2012.09.24 07:53:25.131,1.26743,1.26761,1.50,2.48
2012.09.24 07:53:25.214,1.26742,1.26761,1.73,2.48
2012.09.24 07:53:25.303,1.26742,1.26761,1.50,2.85
2012.09.24 07:53:26.011,1.26742,1.26761,1.50,2.10
2012.09.24 07:53:26.162,1.26742,1.26759,3.00,1.35
2012.09.24 07:53:26.310,1.26742,1.26759,3.00,1.35
2012.09.24 07:53:26.659,1.26743,1.26759,1.50,1.35
2012.09.24 07:53:26.743,1.26746,1.26763,1.73,1.69
2012.09.24 07:53:26.824,1.26749,1.26763,1.50,1.73
2012.09.24 07:53:27.057,1.26752,1.26767,1.50,1.75
2012.09.24 07:53:27.568,1.26751,1.26767,1.50,1.75
2012.09.24 07:53:27.660,1.26748,1.26767,3.00,2.10
2012.09.24 07:53:27.959,1.26747,1.26766,3.00,1.35
2012.09.24 07:53:28.044,1.26748,1.26765,1.50,3.98
2012.09.24 07:53:28.625,1.26746,1.26758,1.50,1.50
2012.09.24 07:53:29.145,1.26746,1.26758,1.50,1.73
2012.09.24 07:53:30.421,1.26744,1.26756,1.50,1.73
2012.09.24 07:53:30.657,1.26748,1.26758,1.50,1.73
2012.09.24 07:53:30.744,1.26749,1.26761,1.50,2.25
2012.09.24 07:53:31.065,1.26743,1.26756,1.50,1.73
2012.09.24 07:53:31.386,1.26741,1.26749,1.50,2.48
2012.09.24 07:53:31.733,1.26732,1.26742,2.25,1.73
2012.09.24 07:53:32.493,1.2673,1.26736,1.50,1.73
2012.09.24 07:53:32.592,1.26727,1.26742,1.50,2.25
2012.09.24 07:53:33.285,1.26727,1.26735,1.50,1.73
2012.09.24 07:53:36.581,1.26725,1.26731,1.50,1.50
2012.09.24 07:53:37.117,1.2672,1.26733,1.50,1.73
2012.09.24 07:53:38.138,1.26727,1.26739,1.50,1.13
2012.09.24 07:53:38.222,1.26727,1.26742,1.50,1.73
2012.09.24 07:53:38.299,1.26727,1.26742,1.73,1.73
2012.09.24 07:53:38.662,1.26727,1.26743,1.50,1.73
2012.09.24 07:53:39.473,1.26729,1.26743,1.50,1.73
2012.09.24 07:53:39.775,1.26731,1.26747,1.73,1.38
2012.09.24 07:53:39.946,1.26734,1.26751,1.50,4.38
2012.09.24 07:53:40.036,1.26734,1.26751,2.48,4.38
2012.09.24 07:53:40.122,1.26741,1.26751,1.50,4.38
2012.09.24 07:53:40.286,1.26741,1.26751,1.50,3.23
2012.09.24 07:53:40.375,1.2674,1.26751,1.50,1.73
2012.09.24 07:53:41.285,1.2674,1.26751,1.50,1.73
2012.09.24 07:53:41.774,1.26736,1.26751,1.50,1.73
2012.09.24 07:53:41.929,1.26736,1.26751,1.50,1.73
2012.09.24 07:53:42.155,1.26734,1.26751,1.50,1.73
2012.09.24 07:53:43.290,1.26736,1.26751,1.50,1.73
2012.09.24 07:53:43.371,1.2674,1.26751,1.50,1.73
2012.09.24 07:53:44.260,1.26735,1.26751,1.73,1.73
2012.09.24 07:53:44.344,1.26735,1.26749,1.50,1.73
2012.09.24 07:53:44.862,1.26734,1.26749,1.50,1.73
2012.09.24 07:53:45.083,1.26734,1.26749,1.73,1.73
2012.09.24 07:53:45.173,1.26735,1.26749,1.73,1.73
2012.09.24 07:53:45.336,1.26742,1.26753,1.50,2.48
2012.09.24 07:53:45.426,1.26742,1.26753,1.50,2.85
2012.09.24 07:53:45.886,1.26739,1.26748,1.50,2.48
2012.09.24 07:53:46.804,1.26737,1.26748,1.50,2.48
2012.09.24 07:53:46.894,1.26735,1.26748,1.50,2.48
2012.09.24 07:53:48.035,1.2673,1.26748,2.85,2.85
2012.09.24 07:53:48.194,1.26731,1.26745,1.50,1.73
2012.09.24 07:53:48.828,1.2673,1.26745,1.13,1.73
2012.09.24 07:53:49.649,1.26729,1.26745,1.73,1.73
2012.09.24 07:53:49.950,1.26729,1.26745,1.73,1.73
2012.09.24 07:53:50.102,1.2673,1.26745,1.84,1.50
2012.09.24 07:53:50.254,1.26733,1.2675,1.13,1.73
2012.09.24 07:53:50.340,1.26736,1.2675,1.73,1.73
2012.09.24 07:53:50.496,1.26736,1.26749,1.50,1.73
2012.09.24 07:53:50.943,1.26729,1.26748,2.10,3.23
2012.09.24 07:53:51.611,1.26729,1.26748,2.10,2.48
2012.09.24 07:53:52.462,1.26729,1.26748,1.35,2.48
2012.09.24 07:53:54.676,1.26728,1.26741,1.73,1.73
2012.09.24 07:53:55.329,1.26725,1.26741,1.73,1.73
2012.09.24 07:53:55.571,1.26726,1.26745,1.73,2.48
2012.09.24 07:53:55.801,1.26726,1.26745,1.35,1.73
2012.09.24 07:53:56.162,1.26726,1.26743,1.35,1.73
2012.09.24 07:53:56.522,1.26726,1.26743,1.35,1.73
2012.09.24 07:53:57.028,1.26726,1.26743,1.35,1.73
2012.09.24 07:53:57.358,1.26723,1.26737,2.10,1.73
2012.09.24 07:53:57.442,1.26723,1.26737,2.10,1.73
2012.09.24 07:53:57.682,1.26723,1.26737,2.10,1.73
2012.09.24 07:53:58.252,1.26723,1.2674,1.73,2.48
2012.09.24 07:54:00.475,1.26728,1.26738,1.13,1.73
2012.09.24 07:54:00.631,1.26727,1.26743,2.10,1.50
2012.09.24 07:54:00.934,1.26726,1.26743,1.73,3.98
2012.09.24 07:54:01.092,1.26725,1.2674,1.13,1.73
2012.09.24 07:54:01.462,1.26725,1.26743,2.10,3.23
2012.09.24 07:54:02.300,1.26726,1.26743,1.73,1.73
2012.09.24 07:54:02.480,1.26726,1.26743,1.73,1.73
2012.09.24 07:54:02.699,1.26726,1.26743,1.73,1.73
2012.09.24 07:54:03.103,1.26727,1.26744,1.73,2.48
2012.09.24 07:54:03.195,1.26729,1.26747,1.13,2.48
2012.09.24 07:54:03.285,1.26729,1.26747,1.73,2.48
2012.09.24 07:54:03.653,1.26729,1.26748,2.48,1.73
2012.09.24 07:54:04.024,1.26729,1.26748,1.73,2.48
2012.09.24 07:54:04.613,1.26729,1.26748,2.48,1.73
2012.09.24 07:54:05.708,1.26731,1.26751,1.73,1.73
2012.09.24 07:54:06.663,1.26734,1.26751,1.35,1.73
2012.09.24 07:54:07.955,1.26734,1.26748,1.35,1.50
2012.09.24 07:54:08.326,1.26734,1.26751,1.35,1.73
2012.09.24 07:54:08.415,1.26734,1.26751,1.35,1.73
2012.09.24 07:54:08.500,1.26734,1.26751,1.13,2.48
2012.09.24 07:54:08.584,1.26732,1.26751,1.35,3.23
2012.09.24 07:54:08.742,1.26734,1.26752,1.13,2.48
2012.09.24 07:54:08.820,1.26734,1.26752,1.35,2.48
2012.09.24 07:54:08.970,1.26731,1.26752,2.48,2.48
2012.09.24 07:54:09.511,1.26733,1.26754,1.35,3.52
2012.09.24 07:54:10.062,1.26732,1.26752,2.25,2.37
2012.09.24 07:54:11.441,1.2673,1.2675,2.85,1.35
2012.09.24 07:54:12.688,1.26733,1.2675,1.73,1.35
2012.09.24 07:54:13.852,1.26736,1.26752,1.50,2.74
2012.09.24 07:54:14.371,1.26736,1.26752,1.50,1.62
2012.09.24 07:54:15.443,1.2674,1.26753,1.50,1.73
2012.09.24 07:54:17.872,1.26736,1.26753,2.25,1.62
2012.09.24 07:54:17.953,1.26734,1.26751,1.50,1.73
2012.09.24 07:54:19.289,1.26734,1.2675,1.50,1.73
2012.09.24 07:54:21.505,1.26734,1.2675,1.50,1.73
2012.09.24 07:54:22.432,1.26736,1.2675,1.50,1.13
2012.09.24 07:54:22.511,1.26736,1.2675,1.50,1.35
2012.09.24 07:54:23.305,1.26736,1.26751,1.50,2.10
2012.09.24 07:54:23.398,1.26737,1.26753,1.50,2.37
2012.09.24 07:54:25.063,1.26736,1.26753,1.50,1.35
2012.09.24 07:54:25.281,1.26735,1.2675,1.50,1.35
2012.09.24 07:54:25.839,1.26735,1.26747,1.50,3.12
2012.09.24 07:54:31.803,1.26735,1.26745,1.50,1.73
2012.09.24 07:54:34.550,1.26727,1.26744,1.73,2.85
2012.09.24 07:54:34.636,1.26727,1.26744,1.50,3.23
2012.09.24 07:54:34.967,1.26727,1.26735,1.50,1.13
2012.09.24 07:54:35.122,1.2672,1.26735,1.35,1.50
2012.09.24 07:54:35.201,1.2672,1.26735,1.13,1.73
2012.09.24 07:54:35.705,1.2672,1.26735,1.13,2.10
2012.09.24 07:54:35.791,1.2672,1.26735,1.35,2.10
2012.09.24 07:54:35.953,1.26721,1.26735,1.73,1.73
2012.09.24 07:54:36.324,1.26721,1.26739,2.25,2.10
2012.09.24 07:54:36.915,1.26726,1.26739,1.50,1.38
2012.09.24 07:54:37.443,1.26721,1.2674,2.48,2.13
2012.09.24 07:54:37.954,1.26726,1.2674,1.50,1.38
2012.09.24 07:54:38.533,1.26724,1.26739,1.50,1.38
2012.09.24 07:54:39.194,1.26726,1.2674,1.50,1.38
2012.09.24 07:54:39.350,1.26726,1.2674,1.50,1.38
2012.09.24 07:54:41.462,1.26732,1.26738,2.25,1.73
2012.09.24 07:54:42.172,1.26732,1.26742,2.25,1.73
2012.09.24 07:54:43.889,1.26731,1.26742,1.50,1.73
2012.09.24 07:54:44.110,1.26732,1.26742,2.25,1.73
2012.09.24 07:54:52.491,1.26734,1.26742,1.50,1.73
2012.09.24 07:54:52.640,1.26732,1.26742,1.50,1.73
2012.09.24 07:54:59.514,1.26734,1.26746,1.50,2.48
2012.09.24 07:55:00.206,1.26741,1.26753,1.50,1.73
2012.09.24 07:55:00.852,1.26741,1.26755,1.50,2.48
2012.09.24 07:55:01.002,1.26748,1.26755,1.50,1.73
2012.09.24 07:55:01.082,1.26748,1.26755,1.50,1.73
2012.09.24 07:55:01.164,1.26748,1.26755,1.50,1.73
2012.09.24 07:55:03.892,1.26748,1.26754,1.50,1.50
2012.09.24 07:55:05.340,1.26747,1.26754,1.50,1.73
2012.09.24 07:55:06.376,1.26748,1.26754,1.50,1.50
2012.09.24 07:55:08.045,1.26742,1.26754,2.25,1.73
2012.09.24 07:55:08.415,1.26743,1.26754,1.50,1.73
2012.09.24 07:55:08.490,1.26742,1.26754,2.25,1.73
2012.09.24 07:55:09.100,1.26743,1.26754,1.50,1.73
2012.09.24 07:55:09.462,1.26743,1.2676,1.50,1.35
2012.09.24 07:55:09.611,1.26743,1.2676,1.50,1.35
2012.09.24 07:55:11.477,1.26742,1.26759,1.50,2.10
2012.09.24 07:55:14.688,1.26745,1.26759,1.50,2.10
2012.09.24 07:55:14.992,1.26746,1.26762,1.50,1.73
2012.09.24 07:55:15.145,1.26746,1.26762,1.50,1.73
2012.09.24 07:55:15.454,1.26753,1.26765,1.50,1.95
2012.09.24 07:55:15.751,1.26755,1.26766,1.50,2.33
2012.09.24 07:55:15.834,1.26753,1.26766,1.50,2.33
2012.09.24 07:55:16.480,1.26755,1.26768,1.50,1.73
2012.09.24 07:55:17.032,1.26753,1.26768,1.73,1.73
2012.09.24 07:55:17.557,1.26755,1.26768,1.50,1.73
2012.09.24 07:55:17.856,1.26753,1.26767,1.73,1.50
2012.09.24 07:55:17.944,1.26753,1.26767,1.73,1.50
2012.09.24 07:55:18.035,1.26751,1.26767,1.50,1.73
2012.09.24 07:55:18.333,1.26751,1.26767,1.50,1.73
2012.09.24 07:55:18.494,1.26751,1.26767,1.50,1.73
2012.09.24 07:55:21.328,1.26752,1.26767,2.25,1.73
2012.09.24 07:55:21.553,1.26757,1.26772,3.23,2.10
2012.09.24 07:55:23.182,1.26759,1.26771,1.73,1.73
2012.09.24 07:55:24.970,1.26759,1.26772,3.23,1.50
2012.09.24 07:55:25.259,1.26759,1.2677,2.48,1.50
2012.09.24 07:55:28.341,1.26754,1.2677,2.48,1.73
2012.09.24 07:55:28.487,1.26751,1.26767,5.85,1.73
2012.09.24 07:55:28.641,1.26756,1.26767,1.13,1.73
2012.09.24 07:55:29.004,1.26759,1.2677,1.73,1.50
2012.09.24 07:55:29.535,1.26755,1.2677,2.48,1.50
2012.09.24 07:55:30.049,1.26755,1.2677,2.48,1.50
2012.09.24 07:55:30.783,1.26755,1.26768,2.48,1.73
2012.09.24 07:55:30.861,1.26755,1.26768,1.73,1.73
2012.09.24 07:55:31.148,1.26755,1.26768,2.48,1.73
2012.09.24 07:55:31.458,1.26755,1.26768,1.73,2.48
2012.09.24 07:55:32.015,1.26755,1.26768,2.48,1.73
2012.09.24 07:55:34.411,1.26755,1.26768,1.73,1.73
2012.09.24 07:55:35.588,1.26755,1.26768,2.48,1.73
2012.09.24 07:55:36.250,1.26755,1.26768,1.73,2.48
2012.09.24 07:55:37.339,1.26751,1.26768,2.25,1.73
2012.09.24 07:55:37.947,1.26751,1.26768,2.25,1.73
2012.09.24 07:55:42.225,1.26749,1.26767,1.73,1.35
2012.09.24 07:55:44.904,1.26755,1.26768,1.50,1.73
2012.09.24 07:55:45.065,1.26755,1.26768,1.73,1.73
2012.09.24 07:55:45.153,1.26752,1.26769,2.48,1.73
2012.09.24 07:55:45.374,1.26751,1.26769,2.48,1.73
2012.09.24 07:55:47.301,1.26751,1.26771,2.48,2.48
2012.09.24 07:55:47.384,1.26751,1.2677,2.48,1.73
2012.09.24 07:55:47.472,1.26751,1.2677,2.48,1.73
2012.09.24 07:55:48.093,1.26751,1.26768,1.73,1.73
2012.09.24 07:55:48.495,1.26751,1.2677,2.48,1.73
2012.09.24 07:55:48.586,1.26751,1.26768,1.73,1.73
2012.09.24 07:55:49.161,1.26754,1.26769,1.73,1.73
2012.09.24 07:55:49.241,1.26754,1.26769,1.50,1.73
2012.09.24 07:55:49.392,1.26749,1.26769,3.38,1.35
2012.09.24 07:55:49.546,1.26756,1.2677,1.50,1.73
2012.09.24 07:55:49.630,1.26756,1.2677,1.50,1.73
2012.09.24 07:55:50.169,1.26754,1.2677,1.73,1.73
2012.09.24 07:55:50.705,1.26754,1.2677,1.50,1.73
2012.09.24 07:55:51.919,1.26754,1.26769,1.50,1.73
2012.09.24 07:55:52.143,1.26754,1.26769,1.50,2.10
2012.09.24 07:55:52.293,1.2675,1.26769,1.50,2.10
2012.09.24 07:55:52.379,1.2675,1.26769,2.25,1.35
2012.09.24 07:55:52.461,1.2675,1.26769,2.25,1.35
2012.09.24 07:55:52.542,1.2675,1.26769,2.48,1.35
2012.09.24 07:55:52.829,1.26754,1.26769,1.50,1.35
2012.09.24 07:55:53.844,1.26754,1.2677,2.25,1.35
2012.09.24 07:55:55.442,1.26754,1.2677,1.50,1.35
2012.09.24 07:55:55.520,1.26754,1.2677,1.50,1.35
2012.09.24 07:55:56.053,1.26754,1.2677,2.25,1.35
2012.09.24 07:55:56.698,1.26754,1.2677,1.50,1.35
2012.09.24 07:55:57.118,1.26754,1.26772,2.25,2.48
2012.09.24 07:55:57.630,1.2675,1.26772,2.85,2.48
2012.09.24 07:55:57.708,1.2675,1.26771,2.48,1.35
2012.09.24 07:55:59.569,1.2675,1.26772,2.48,2.85
2012.09.24 07:55:59.797,1.26754,1.26772,2.25,2.10
2012.09.24 07:55:59.954,1.26754,1.26773,1.73,2.33
2012.09.24 07:56:00.460,1.26754,1.26773,2.48,1.58
2012.09.24 07:56:01.480,1.26754,1.26772,1.73,1.50
2012.09.24 07:56:01.794,1.26754,1.26774,1.73,2.18
2012.09.24 07:56:01.885,1.26754,1.26774,2.48,1.43
2012.09.24 07:56:01.973,1.26754,1.26773,1.50,1.73
2012.09.24 07:56:07.935,1.26754,1.26773,3.38,1.73
2012.09.24 07:56:08.608,1.26757,1.26773,1.13,1.73
2012.09.24 07:56:08.974,1.26752,1.26769,1.13,1.73
2012.09.24 07:56:09.338,1.26752,1.26769,1.13,3.23
2012.09.24 07:56:09.877,1.2675,1.26767,1.50,1.73
2012.09.24 07:56:09.964,1.2675,1.26767,1.13,1.73
2012.09.24 07:56:10.735,1.26748,1.26766,2.25,3.23
2012.09.24 07:56:11.037,1.26746,1.2676,2.14,2.48
2012.09.24 07:56:11.124,1.26746,1.2676,1.50,1.50
2012.09.24 07:56:11.490,1.26744,1.26763,1.13,3.23
2012.09.24 07:56:11.903,1.26744,1.26763,1.13,2.48
2012.09.24 07:56:12.270,1.26742,1.26762,1.50,1.35
2012.09.24 07:56:14.906,1.26742,1.26762,1.50,1.35
2012.09.24 07:56:14.994,1.26741,1.26758,2.25,1.35
2012.09.24 07:56:15.085,1.26741,1.26754,2.25,1.35
2012.09.24 07:56:15.393,1.26736,1.26755,1.50,1.35
2012.09.24 07:56:15.548,1.26736,1.26757,1.73,2.48
2012.09.24 07:56:16.309,1.26735,1.26754,2.48,1.35
2012.09.24 07:56:16.392,1.26735,1.26754,2.25,1.35
2012.09.24 07:56:18.179,1.26737,1.26754,1.50,1.35
2012.09.24 07:56:19.245,1.26737,1.26757,1.50,1.38
2012.09.24 07:56:20.147,1.26738,1.26758,1.13,2.10
2012.09.24 07:56:20.242,1.26747,1.26762,1.50,2.84
2012.09.24 07:56:23.064,1.26747,1.26764,1.50,1.38
2012.09.24 07:56:28.179,1.26748,1.26766,1.50,1.73
2012.09.24 07:56:30.021,1.26748,1.26768,2.25,1.73
2012.09.24 07:56:30.102,1.26751,1.26768,1.50,1.73
2012.09.24 07:56:31.082,1.26751,1.26768,1.50,1.50
2012.09.24 07:56:31.693,1.26748,1.26769,3.00,1.50
2012.09.24 07:56:31.995,1.26748,1.26766,2.63,1.50
2012.09.24 07:56:32.360,1.26748,1.26768,2.63,1.73
2012.09.24 07:56:32.440,1.26748,1.26768,2.63,1.73
2012.09.24 07:56:32.588,1.26751,1.26768,1.50,1.73
2012.09.24 07:56:37.880,1.26749,1.26767,2.25,1.35
2012.09.24 07:56:37.962,1.26749,1.26767,1.50,1.35
2012.09.24 07:56:38.056,1.26747,1.26767,1.88,1.35
2012.09.24 07:56:38.571,1.26746,1.26767,2.25,1.35
2012.09.24 07:56:40.371,1.26746,1.26767,1.50,2.85
2012.09.24 07:56:41.725,1.26745,1.26765,3.00,2.48
2012.09.24 07:56:46.259,1.26746,1.26767,1.13,2.85
2012.09.24 07:56:46.985,1.26746,1.26767,1.13,2.85
2012.09.24 07:56:48.500,1.26745,1.26763,3.00,1.35
2012.09.24 07:56:48.859,1.26743,1.26762,2.14,1.35
2012.09.24 07:56:49.011,1.26744,1.26763,2.25,1.35
2012.09.24 07:56:49.482,1.26745,1.26763,1.50,1.35
2012.09.24 07:56:51.753,1.26746,1.26763,1.13,1.35
2012.09.24 07:56:52.121,1.26748,1.26763,2.25,1.35
2012.09.24 07:56:52.340,1.26748,1.26763,2.25,1.35
2012.09.24 07:56:52.563,1.26748,1.26763,1.50,1.35
2012.09.24 07:56:55.948,1.26748,1.26764,2.25,1.38
2012.09.24 07:56:57.251,1.26752,1.26765,1.50,1.38
2012.09.24 07:56:58.044,1.26746,1.26765,1.50,3.63
2012.09.24 07:56:58.552,1.26747,1.26765,3.00,1.73
2012.09.24 07:56:58.909,1.26745,1.26766,1.73,3.98
2012.09.24 07:56:59.242,1.26744,1.26765,3.60,1.73
2012.09.24 07:57:00.900,1.26744,1.26766,3.98,3.23
2012.09.24 07:57:00.979,1.26744,1.26765,3.23,1.73
2012.09.24 07:57:01.636,1.26746,1.26766,1.50,3.98
2012.09.24 07:57:02.321,1.26744,1.26765,2.48,1.73
2012.09.24 07:57:07.121,1.26744,1.26763,1.50,1.73
2012.09.24 07:57:07.633,1.26742,1.26763,1.88,3.23
2012.09.24 07:57:10.759,1.26742,1.26762,1.50,1.35
2012.09.24 07:57:11.150,1.2674,1.26762,2.48,2.10
2012.09.24 07:57:12.241,1.26741,1.26762,1.73,1.35
2012.09.24 07:57:17.389,1.26743,1.26762,1.50,1.35
2012.09.24 07:57:18.352,1.26743,1.26765,1.73,2.10
2012.09.24 07:57:19.310,1.26748,1.26765,1.50,2.10
2012.09.24 07:57:19.672,1.26748,1.26762,1.50,1.35
2012.09.24 07:57:19.750,1.26743,1.26762,2.48,1.35
2012.09.24 07:57:19.901,1.26746,1.26764,2.25,1.35
2012.09.24 07:57:21.111,1.26743,1.26764,1.73,2.10
2012.09.24 07:57:22.232,1.26747,1.26764,1.50,1.35
2012.09.24 07:57:26.471,1.26743,1.26763,3.23,2.48
2012.09.24 07:57:26.934,1.26743,1.26763,2.48,1.73
2012.09.24 07:57:27.091,1.26743,1.26763,3.23,1.73
2012.09.24 07:57:27.688,1.26743,1.26765,3.23,1.35
2012.09.24 07:57:30.452,1.26746,1.26766,1.50,3.60
2012.09.24 07:57:33.257,1.26746,1.26757,1.50,1.50
2012.09.24 07:57:33.622,1.26746,1.26763,2.25,1.35
2012.09.24 07:57:33.773,1.26749,1.26763,1.50,1.35
2012.09.24 07:57:34.574,1.26746,1.26764,2.25,1.35
2012.09.24 07:57:35.127,1.26746,1.26766,2.25,2.48
2012.09.24 07:57:36.729,1.2675,1.26766,1.50,1.73
2012.09.24 07:57:37.921,1.2675,1.26767,2.25,1.73
2012.09.24 07:57:38.141,1.2675,1.26768,2.25,1.73
2012.09.24 07:57:48.853,1.26752,1.26769,2.25,1.73
2012.09.24 07:57:56.003,1.26752,1.26769,2.48,1.73
2012.09.24 07:57:58.350,1.26754,1.26769,1.50,2.48
2012.09.24 07:57:58.906,1.26753,1.26769,1.73,1.73
2012.09.24 07:58:01.168,1.26753,1.26768,1.73,1.73
2012.09.24 07:58:01.462,1.26749,1.26768,1.73,1.73
2012.09.24 07:58:04.128,1.26749,1.26768,1.73,1.73
2012.09.24 07:58:07.518,1.26749,1.2677,2.48,2.10
2012.09.24 07:58:08.063,1.26749,1.26769,1.73,1.73
2012.09.24 07:58:08.454,1.26747,1.26766,3.23,1.35
2012.09.24 07:58:08.818,1.26747,1.26766,2.48,1.35
2012.09.24 07:58:11.422,1.26747,1.26767,2.48,1.35
2012.09.24 07:58:13.074,1.26747,1.26766,2.48,1.73
2012.09.24 07:58:16.593,1.26747,1.26767,2.48,1.35
2012.09.24 07:58:17.791,1.26748,1.26766,2.48,2.48
2012.09.24 07:58:17.874,1.2675,1.26763,1.73,1.50
2012.09.24 07:58:18.023,1.2675,1.26768,2.48,3.23
2012.09.24 07:58:18.111,1.2675,1.26768,2.48,3.23
2012.09.24 07:58:18.511,1.2675,1.26768,2.48,3.23
2012.09.24 07:58:19.297,1.26748,1.26768,2.48,2.63
2012.09.24 07:58:19.393,1.26747,1.26766,2.48,1.13
2012.09.24 07:58:19.480,1.26747,1.26766,2.48,1.13
2012.09.24 07:58:19.842,1.26748,1.26766,3.23,1.35
2012.09.24 07:58:20.003,1.26748,1.26767,1.73,1.35
2012.09.24 07:58:21.521,1.26749,1.26763,2.10,1.50
2012.09.24 07:58:22.420,1.26749,1.26767,2.10,1.35
2012.09.24 07:58:23.363,1.26749,1.26766,2.10,1.35
2012.09.24 07:58:23.521,1.26749,1.26766,1.73,1.35
2012.09.24 07:58:24.188,1.26747,1.26766,3.23,1.35
2012.09.24 07:58:25.048,1.26747,1.26766,3.23,1.35
2012.09.24 07:58:26.179,1.26747,1.26766,3.23,1.35
2012.09.24 07:58:26.359,1.26747,1.26766,3.23,1.35
2012.09.24 07:58:26.438,1.26749,1.26767,1.73,1.35
2012.09.24 07:58:26.866,1.26748,1.26766,1.35,1.35
2012.09.24 07:58:27.189,1.26749,1.26767,1.73,1.35
2012.09.24 07:58:29.886,1.26748,1.26766,1.35,1.35
2012.09.24 07:58:30.655,1.26748,1.26766,1.35,1.35
2012.09.24 07:58:31.059,1.26748,1.26766,2.10,1.35
2012.09.24 07:58:32.790,1.26748,1.26766,1.73,1.73
2012.09.24 07:58:33.712,1.26752,1.26768,1.73,2.48
2012.09.24 07:58:35.672,1.26747,1.26764,4.73,1.13
2012.09.24 07:58:35.752,1.26747,1.26764,3.98,1.88
2012.09.24 07:58:35.829,1.26747,1.26764,3.98,2.10
2012.09.24 07:58:36.278,1.26754,1.26764,1.50,1.73
2012.09.24 07:58:36.433,1.26758,1.26774,2.48,2.10
2012.09.24 07:58:36.792,1.26756,1.26774,1.35,1.35
2012.09.24 07:58:37.150,1.26756,1.26774,1.13,1.73
2012.09.24 07:58:38.781,1.26757,1.26775,2.48,2.48
2012.09.24 07:58:39.526,1.26757,1.26774,2.25,1.73
2012.09.24 07:58:39.841,1.26757,1.26774,2.25,1.73
2012.09.24 07:58:40.059,1.26757,1.26774,2.25,1.73
2012.09.24 07:58:40.847,1.26761,1.26779,2.25,1.38
2012.09.24 07:58:41.070,1.26762,1.26781,1.73,2.88
2012.09.24 07:58:41.514,1.26763,1.26783,2.25,2.10
2012.09.24 07:58:41.602,1.26763,1.26783,2.48,2.10
2012.09.24 07:58:42.456,1.26763,1.26779,2.48,1.35
2012.09.24 07:58:42.611,1.26763,1.26779,2.25,1.35
2012.09.24 07:58:43.339,1.26765,1.2678,1.50,1.35
2012.09.24 07:58:43.630,1.26766,1.26782,1.73,1.73
2012.09.24 07:58:43.709,1.26766,1.26782,1.73,1.73
2012.09.24 07:58:45.019,1.26767,1.26782,1.50,1.35
2012.09.24 07:58:45.838,1.26767,1.26783,1.73,2.10
2012.09.24 07:58:45.938,1.26771,1.26786,1.73,1.35
2012.09.24 07:58:46.600,1.26771,1.26786,1.73,1.35
2012.09.24 07:58:46.845,1.26766,1.26786,1.73,2.85
2012.09.24 07:58:47.865,1.26771,1.26783,1.73,1.35
2012.09.24 07:58:48.300,1.26767,1.26783,1.50,2.10
2012.09.24 07:58:48.789,1.26766,1.26783,2.25,2.10
2012.09.24 07:58:51.380,1.26767,1.26782,1.50,2.48
2012.09.24 07:58:51.928,1.26766,1.26782,1.50,2.48
2012.09.24 07:58:52.701,1.26764,1.26783,3.23,1.35
2012.09.24 07:58:53.213,1.26766,1.26783,1.50,1.35
2012.09.24 07:58:56.823,1.26761,1.26781,3.98,1.73
2012.09.24 07:59:01.881,1.26762,1.26782,1.50,1.35
2012.09.24 07:59:02.099,1.26762,1.26782,1.73,1.35
2012.09.24 07:59:02.794,1.26761,1.26781,3.23,2.48
2012.09.24 07:59:03.665,1.26761,1.26779,1.73,1.35
2012.09.24 07:59:04.253,1.26765,1.2678,1.50,2.10
2012.09.24 07:59:04.980,1.26761,1.26779,1.73,1.35
2012.09.24 07:59:05.063,1.26765,1.2678,1.50,2.48
2012.09.24 07:59:05.583,1.26763,1.26778,1.50,2.10
2012.09.24 07:59:05.663,1.26761,1.26778,1.50,3.60
2012.09.24 07:59:06.021,1.2676,1.26777,1.50,2.48
2012.09.24 07:59:06.382,1.26761,1.26774,1.73,1.13
2012.09.24 07:59:06.753,1.26767,1.26778,1.50,2.10
2012.09.24 07:59:07.109,1.26767,1.2678,1.73,1.15
2012.09.24 07:59:07.328,1.26767,1.26781,1.73,1.73
2012.09.24 07:59:07.553,1.26763,1.2678,1.73,1.73
2012.09.24 07:59:07.801,1.26763,1.2678,1.73,1.73
2012.09.24 07:59:08.693,1.26762,1.2678,1.50,1.50
2012.09.24 07:59:10.655,1.26762,1.26777,1.50,1.50
2012.09.24 07:59:10.743,1.2676,1.26777,1.50,1.73
2012.09.24 07:59:11.629,1.26756,1.26777,2.25,1.73
2012.09.24 07:59:12.879,1.26759,1.26779,2.48,1.13
2012.09.24 07:59:14.452,1.26759,1.26779,2.48,1.88
2012.09.24 07:59:14.533,1.26759,1.26779,2.25,1.50
2012.09.24 07:59:14.623,1.26759,1.26778,2.25,1.13
2012.09.24 07:59:15.560,1.26757,1.26778,2.25,3.00
2012.09.24 07:59:15.990,1.26757,1.26778,2.25,2.25
2012.09.24 07:59:16.070,1.26757,1.26778,2.25,1.50
2012.09.24 07:59:16.291,1.2676,1.2678,2.48,2.63
2012.09.24 07:59:16.510,1.2676,1.26781,2.25,3.00
2012.09.24 07:59:17.903,1.2676,1.26781,2.25,3.00
2012.09.24 07:59:17.981,1.2676,1.26781,2.25,3.00
2012.09.24 07:59:18.172,1.2676,1.26781,2.25,3.00
2012.09.24 07:59:18.573,1.2676,1.26781,2.25,3.00
2012.09.24 07:59:18.942,1.26761,1.26781,1.88,3.00
2012.09.24 07:59:19.373,1.26763,1.26783,2.48,1.50
2012.09.24 07:59:19.589,1.26763,1.26783,2.48,1.39
2012.09.24 07:59:19.950,1.26761,1.26781,2.10,1.88
2012.09.24 07:59:20.379,1.26761,1.26781,2.10,1.88
2012.09.24 07:59:22.123,1.26761,1.26781,1.88,2.25
2012.09.24 07:59:22.690,1.26761,1.26779,1.50,1.88
2012.09.24 07:59:24.673,1.26763,1.26779,1.50,1.50
2012.09.24 07:59:25.102,1.26762,1.26783,2.25,3.40
2012.09.24 07:59:25.530,1.26765,1.26784,2.25,1.15
2012.09.24 07:59:25.680,1.26765,1.26785,2.25,3.38
2012.09.24 07:59:27.870,1.26765,1.26785,3.00,3.00
2012.09.24 07:59:30.263,1.26766,1.26785,1.50,1.50
2012.09.24 07:59:33.561,1.2677,1.26788,1.50,1.13
2012.09.24 07:59:33.853,1.2677,1.26785,1.50,1.50
2012.09.24 07:59:39.276,1.2677,1.26785,1.50,1.50
2012.09.24 07:59:39.501,1.2677,1.26788,1.50,2.63
2012.09.24 07:59:42.761,1.2677,1.26789,1.50,1.88
2012.09.24 07:59:43.320,1.2677,1.26789,1.50,1.50
2012.09.24 07:59:46.202,1.2677,1.26791,1.88,1.88
2012.09.24 07:59:47.884,1.2677,1.2679,1.88,1.13
2012.09.24 07:59:47.959,1.2677,1.26789,1.50,1.13
2012.09.24 07:59:48.116,1.26772,1.26789,1.50,1.50
2012.09.24 07:59:48.204,1.26772,1.26789,2.25,1.13
2012.09.24 07:59:48.433,1.26774,1.26796,1.50,2.63
2012.09.24 07:59:48.722,1.26774,1.26792,1.50,1.50
2012.09.24 07:59:48.950,1.26772,1.26792,2.25,1.50
2012.09.24 07:59:49.316,1.2677,1.26789,2.25,1.50
2012.09.24 07:59:50.406,1.26769,1.26787,1.88,1.50
2012.09.24 07:59:50.773,1.26766,1.26787,1.13,2.63
2012.09.24 07:59:50.861,1.26764,1.26784,1.50,2.25
2012.09.24 07:59:52.677,1.26764,1.26783,1.50,1.88
2012.09.24 07:59:53.672,1.26759,1.26779,1.50,1.13
2012.09.24 07:59:53.959,1.26757,1.2678,4.13,2.25
2012.09.24 07:59:54.921,1.26761,1.2678,1.50,1.13
2012.09.24 07:59:55.555,1.26766,1.26784,1.50,1.13
2012.09.24 07:59:55.647,1.26766,1.26787,1.50,1.50
2012.09.24 07:59:55.942,1.26771,1.26788,1.50,1.50
2012.09.24 07:59:56.557,1.26771,1.26789,1.50,1.88
2012.09.24 07:59:57.609,1.26773,1.26791,1.50,1.50
2012.09.24 07:59:57.693,1.26774,1.26791,1.50,1.50
2012.09.24 07:59:57.842,1.26777,1.26794,1.50,1.13
2012.09.24 07:59:57.921,1.26779,1.26794,1.13,1.50
2012.09.24 07:59:58.223,1.26781,1.26796,1.50,1.13
2012.09.24 07:59:58.317,1.26778,1.26796,1.50,1.13
2012.09.24 07:59:58.404,1.26776,1.26789,1.50,1.13
2012.09.24 07:59:58.498,1.26774,1.26789,1.39,1.88
2012.09.24 07:59:58.583,1.26767,1.26789,1.50,2.25
2012.09.24 07:59:58.663,1.26776,1.26789,1.50,1.50
2012.09.24 07:59:58.741,1.2678,1.26795,1.13,1.90
2012.09.24 07:59:58.828,1.26781,1.26793,1.50,1.15
2012.09.24 07:59:59.050,1.26785,1.26798,1.50,1.13
2012.09.24 07:59:59.271,1.26781,1.26801,1.50,1.13
