2017.07.03 16:00:00.216,1.46754,1.46769,1.50,1.12
2017.07.03 16:00:00.421,1.46754,1.46765,1.00,1.00
2017.07.03 16:00:00.725,1.4675,1.46761,1.85,1.00
2017.07.03 16:00:01.275,1.4675,1.4676,1.75,1.00
2017.07.03 16:00:01.799,1.46749,1.4676,1.37,1.00
2017.07.03 16:00:02.569,1.46748,1.46757,2.62,1.00
2017.07.03 16:00:02.672,1.46748,1.46757,1.12,1.00
2017.07.03 16:00:02.890,1.46745,1.46754,1.50,1.00
2017.07.03 16:00:03.420,1.46745,1.46755,1.37,1.00
2017.07.03 16:00:05.524,1.46747,1.46757,1.00,1.00
2017.07.03 16:00:06.035,1.46746,1.46756,2.25,1.00
2017.07.03 16:00:06.189,1.46748,1.46759,1.87,1.00
2017.07.03 16:00:06.240,1.46748,1.46759,3.37,1.00
2017.07.03 16:00:06.785,1.46748,1.46758,3.37,1.00
2017.07.03 16:00:06.888,1.46748,1.46758,1.87,1.00
2017.07.03 16:00:07.195,1.46748,1.46756,1.37,1.00
2017.07.03 16:00:07.298,1.46746,1.46754,1.12,1.00
2017.07.03 16:00:07.899,1.46744,1.46752,1.37,1.00
2017.07.03 16:00:08.410,1.46744,1.46753,1.37,1.00
2017.07.03 16:00:08.823,1.46742,1.46751,2.25,1.00
2017.07.03 16:00:08.925,1.46742,1.46751,1.87,1.00
2017.07.03 16:00:09.028,1.46742,1.46753,1.87,1.00
2017.07.03 16:00:09.222,1.46741,1.4675,1.37,1.00
2017.07.03 16:00:09.274,1.46736,1.46746,1.87,1.00
2017.07.03 16:00:09.784,1.46736,1.46747,1.50,1.00
2017.07.03 16:00:10.145,1.46737,1.46748,1.87,1.00
2017.07.03 16:00:10.669,1.46738,1.46749,3.07,1.00
2017.07.03 16:00:11.181,1.46737,1.46748,1.75,1.00
2017.07.03 16:00:11.687,1.46737,1.46747,1.00,1.00
2017.07.03 16:00:11.893,1.46736,1.46744,1.37,1.00
2017.07.03 16:00:12.634,1.46735,1.46743,1.12,1.00
2017.07.03 16:00:12.737,1.46733,1.46743,1.37,1.00
2017.07.03 16:00:13.261,1.46733,1.46742,1.00,1.00
2017.07.03 16:00:13.772,1.46733,1.4674,1.00,1.00
2017.07.03 16:00:13.875,1.46728,1.4674,1.12,1.00
2017.07.03 16:00:13.972,1.46728,1.46737,1.12,1.00
2017.07.03 16:00:14.512,1.46728,1.46738,1.12,1.00
2017.07.03 16:00:14.937,1.46728,1.46739,2.25,1.00
2017.07.03 16:00:15.652,1.46729,1.46739,2.25,1.00
2017.07.03 16:00:16.320,1.4673,1.46739,1.00,1.00
2017.07.03 16:00:16.372,1.4673,1.46741,1.37,1.00
2017.07.03 16:00:16.474,1.46733,1.46742,1.00,1.00
2017.07.03 16:00:16.994,1.46732,1.46742,1.75,1.00
2017.07.03 16:00:17.217,1.46732,1.46742,1.00,1.00
2017.07.03 16:00:18.219,1.46732,1.46743,1.00,1.00
2017.07.03 16:00:18.374,1.46732,1.46743,1.85,1.00
2017.07.03 16:00:18.893,1.46732,1.46746,1.85,1.25
2017.07.03 16:00:19.771,1.46734,1.46745,1.37,1.19
2017.07.03 16:00:20.316,1.46732,1.46743,1.75,1.00
2017.07.03 16:00:20.834,1.46733,1.46743,1.00,1.00
2017.07.03 16:00:21.395,1.46733,1.46743,1.37,1.00
2017.07.03 16:00:21.914,1.46733,1.46743,1.00,1.00
2017.07.03 16:00:23.833,1.46732,1.46743,3.00,1.00
2017.07.03 16:00:24.197,1.46732,1.46742,1.12,1.00
2017.07.03 16:00:24.534,1.46732,1.46742,1.75,1.00
2017.07.03 16:00:25.485,1.46732,1.46743,1.75,1.00
2017.07.03 16:00:25.537,1.4673,1.46742,1.50,1.25
2017.07.03 16:00:25.640,1.46728,1.46741,2.25,1.00
2017.07.03 16:00:25.692,1.46728,1.4674,3.75,1.00
2017.07.03 16:00:26.161,1.46728,1.46739,1.12,1.00
2017.07.03 16:00:26.571,1.46728,1.46737,1.00,1.00
2017.07.03 16:00:26.725,1.46726,1.46737,1.00,1.25
2017.07.03 16:00:27.565,1.46724,1.46735,1.50,1.00
2017.07.03 16:00:28.499,1.46725,1.4674,2.25,2.44
2017.07.03 16:00:33.472,1.46726,1.4674,1.50,2.44
2017.07.03 16:00:33.727,1.46728,1.4674,1.00,1.31
2017.07.03 16:00:34.278,1.46727,1.4674,1.50,1.31
2017.07.03 16:00:34.636,1.46727,1.46741,1.50,1.56
2017.07.03 16:00:36.049,1.46729,1.46742,1.00,1.94
2017.07.03 16:00:36.357,1.46733,1.46745,1.12,1.87
2017.07.03 16:00:36.409,1.46733,1.46745,1.12,1.87
2017.07.03 16:00:36.460,1.46732,1.46745,1.12,2.25
2017.07.03 16:00:36.767,1.4673,1.46743,1.50,1.87
2017.07.03 16:00:37.285,1.4673,1.46742,1.00,1.19
2017.07.03 16:00:40.028,1.4673,1.46744,1.00,3.37
2017.07.03 16:00:41.059,1.46728,1.46739,1.12,1.44
2017.07.03 16:00:41.209,1.46724,1.46737,1.12,1.50
2017.07.03 16:00:41.363,1.46727,1.46737,1.00,1.19
2017.07.03 16:00:41.414,1.46727,1.4674,1.00,1.12
2017.07.03 16:00:41.517,1.46728,1.4674,1.12,1.81
2017.07.03 16:00:42.032,1.46727,1.46741,1.87,1.69
2017.07.03 16:00:42.145,1.46726,1.46741,1.50,1.69
2017.07.03 16:00:42.933,1.46728,1.46743,1.12,1.69
2017.07.03 16:00:43.495,1.46729,1.46743,1.00,1.69
2017.07.03 16:00:44.104,1.46729,1.46743,1.00,1.56
2017.07.03 16:00:44.741,1.4673,1.46743,1.00,1.56
2017.07.03 16:00:45.059,1.46728,1.46743,1.87,1.56
2017.07.03 16:00:47.865,1.46728,1.46739,1.12,1.00
2017.07.03 16:00:47.967,1.4673,1.46739,1.00,1.00
2017.07.03 16:00:48.501,1.4673,1.46741,1.12,1.00
2017.07.03 16:00:51.067,1.4673,1.4674,1.12,1.00
2017.07.03 16:00:51.645,1.4673,1.46741,1.12,1.00
2017.07.03 16:00:51.749,1.4673,1.46742,2.62,1.00
2017.07.03 16:00:52.057,1.46733,1.46745,1.12,1.00
2017.07.03 16:00:53.403,1.46735,1.46743,1.00,1.00
2017.07.03 16:00:53.454,1.4673,1.46742,1.87,1.00
2017.07.03 16:00:53.558,1.46729,1.46739,1.37,1.00
2017.07.03 16:00:53.610,1.46728,1.46739,1.75,1.00
2017.07.03 16:00:55.505,1.4673,1.4674,1.00,1.00
2017.07.03 16:00:55.558,1.4673,1.4674,1.12,1.00
2017.07.03 16:00:56.082,1.4673,1.46741,1.12,1.00
2017.07.03 16:00:56.287,1.46731,1.46743,2.62,1.12
2017.07.03 16:00:57.361,1.46732,1.46746,1.37,1.37
2017.07.03 16:00:57.412,1.46737,1.46748,1.00,1.62
2017.07.03 16:00:57.465,1.46735,1.46748,1.37,1.25
2017.07.03 16:00:57.669,1.46736,1.46747,1.75,1.00
2017.07.03 16:00:59.214,1.46736,1.46747,1.00,1.12
2017.07.03 16:00:59.266,1.46736,1.46744,1.00,1.00
2017.07.03 16:00:59.317,1.46734,1.46744,1.00,1.00
2017.07.03 16:01:00.653,1.46734,1.46748,1.00,1.69
2017.07.03 16:01:01.204,1.46734,1.46748,2.25,1.00
2017.07.03 16:01:01.617,1.46737,1.46751,1.87,1.25
2017.07.03 16:01:02.692,1.46739,1.46749,1.00,1.00
2017.07.03 16:01:07.860,1.46738,1.46749,1.00,1.00
2017.07.03 16:01:08.582,1.46735,1.46749,1.75,1.00
2017.07.03 16:01:09.840,1.46733,1.46745,1.75,1.00
2017.07.03 16:01:09.991,1.46731,1.46744,1.57,1.00
2017.07.03 16:01:10.044,1.46728,1.46742,1.75,1.00
2017.07.03 16:01:10.350,1.46727,1.46739,3.00,1.00
2017.07.03 16:01:10.710,1.4673,1.46741,3.37,1.00
2017.07.03 16:01:11.219,1.4673,1.46741,1.37,1.00
2017.07.03 16:01:11.728,1.4673,1.46741,2.62,1.00
2017.07.03 16:01:12.085,1.46731,1.46743,1.87,1.25
2017.07.03 16:01:12.239,1.46735,1.46747,2.62,1.00
2017.07.03 16:01:12.553,1.46738,1.46749,1.37,1.00
2017.07.03 16:01:13.063,1.46738,1.46749,2.25,1.00
2017.07.03 16:01:13.115,1.46738,1.46749,1.00,1.00
2017.07.03 16:01:13.655,1.46737,1.46748,1.75,1.00
2017.07.03 16:01:14.159,1.46737,1.46748,1.37,1.00
2017.07.03 16:01:14.671,1.46737,1.46749,2.62,1.00
2017.07.03 16:01:15.030,1.46737,1.46749,1.12,1.00
2017.07.03 16:01:15.837,1.46737,1.4675,1.12,1.25
2017.07.03 16:01:16.338,1.46737,1.46751,1.87,1.19
2017.07.03 16:01:16.441,1.46739,1.46751,1.37,1.19
2017.07.03 16:01:16.747,1.46738,1.46748,1.00,1.00
2017.07.03 16:01:17.473,1.46736,1.46747,1.75,1.00
2017.07.03 16:01:17.674,1.46734,1.46746,2.25,1.25
2017.07.03 16:01:17.778,1.46732,1.46745,1.87,1.00
2017.07.03 16:01:17.984,1.46732,1.46743,1.12,1.25
2017.07.03 16:01:18.291,1.46728,1.46741,1.12,1.25
2017.07.03 16:01:18.603,1.46728,1.46738,1.37,1.00
2017.07.03 16:01:19.303,1.46728,1.46738,1.00,1.00
2017.07.03 16:01:19.890,1.46727,1.46738,3.00,1.00
2017.07.03 16:01:20.548,1.46728,1.46738,1.00,1.00
2017.07.03 16:01:21.898,1.46727,1.4674,1.37,1.00
2017.07.03 16:01:23.201,1.46731,1.46743,1.87,1.00
2017.07.03 16:01:23.777,1.46733,1.46744,1.37,1.00
2017.07.03 16:01:24.299,1.46733,1.46745,1.37,1.25
2017.07.03 16:01:26.245,1.46733,1.46747,1.37,1.19
2017.07.03 16:01:26.569,1.46733,1.46748,1.75,1.31
2017.07.03 16:01:27.390,1.46734,1.4675,2.25,2.44
2017.07.03 16:01:27.684,1.46736,1.46751,3.00,1.94
2017.07.03 16:01:27.737,1.46738,1.46753,2.25,1.31
2017.07.03 16:01:27.839,1.4674,1.46754,1.87,1.12
2017.07.03 16:01:28.146,1.46739,1.4675,1.12,1.00
2017.07.03 16:01:28.249,1.46737,1.4675,1.12,1.00
2017.07.03 16:01:29.198,1.46738,1.4675,1.00,1.00
2017.07.03 16:01:29.249,1.46738,1.46752,2.62,1.00
2017.07.03 16:01:29.759,1.46738,1.46753,2.62,1.00
2017.07.03 16:01:30.221,1.46739,1.4675,1.00,1.00
2017.07.03 16:01:30.525,1.46735,1.46746,1.37,1.00
2017.07.03 16:01:31.781,1.46734,1.46745,1.50,1.00
2017.07.03 16:01:31.883,1.46734,1.46746,1.00,1.00
2017.07.03 16:01:32.470,1.46733,1.46746,1.50,1.19
2017.07.03 16:01:32.674,1.46735,1.46747,1.00,1.31
2017.07.03 16:01:34.503,1.46735,1.46747,1.37,1.25
2017.07.03 16:01:35.962,1.46735,1.46749,1.37,1.25
2017.07.03 16:01:36.488,1.46738,1.46751,2.25,1.00
2017.07.03 16:01:36.925,1.46739,1.4675,1.12,1.00
2017.07.03 16:01:37.441,1.4674,1.46753,1.12,1.19
2017.07.03 16:01:37.544,1.4674,1.46753,1.12,1.25
2017.07.03 16:01:38.271,1.46742,1.46754,1.00,1.25
2017.07.03 16:01:40.117,1.46741,1.46754,2.62,1.25
2017.07.03 16:01:40.621,1.46743,1.46754,1.37,1.25
2017.07.03 16:01:41.239,1.46743,1.46756,1.37,1.25
2017.07.03 16:01:43.834,1.46746,1.46759,1.00,2.06
2017.07.03 16:01:45.325,1.46746,1.46757,1.00,1.69
2017.07.03 16:01:45.686,1.46742,1.46751,1.12,1.19
2017.07.03 16:01:45.846,1.46733,1.46746,1.87,1.19
2017.07.03 16:01:47.372,1.46732,1.46745,1.75,1.25
2017.07.03 16:01:48.022,1.46734,1.46746,1.12,1.19
2017.07.03 16:01:48.831,1.46733,1.46746,1.12,1.19
2017.07.03 16:01:48.985,1.46733,1.46747,3.00,1.19
2017.07.03 16:01:49.139,1.46735,1.46749,2.25,1.50
2017.07.03 16:01:49.191,1.46737,1.46751,1.87,1.69
2017.07.03 16:01:49.243,1.46739,1.46751,1.12,1.25
2017.07.03 16:01:49.447,1.46736,1.46751,2.62,1.19
2017.07.03 16:01:49.550,1.46736,1.46749,1.50,1.19
2017.07.03 16:01:50.077,1.46735,1.46748,1.00,1.62
2017.07.03 16:01:50.589,1.46733,1.46746,1.87,1.25
2017.07.03 16:01:51.158,1.46734,1.46746,1.00,1.19
2017.07.03 16:01:51.739,1.46735,1.46748,1.00,2.06
2017.07.03 16:01:53.675,1.46735,1.46744,1.00,1.69
2017.07.03 16:01:53.778,1.46729,1.46742,1.00,1.25
2017.07.03 16:01:53.959,1.46728,1.46742,1.37,1.69
2017.07.03 16:01:54.010,1.46728,1.46743,2.62,1.19
2017.07.03 16:01:54.520,1.46728,1.46742,1.37,1.25
2017.07.03 16:01:54.623,1.46728,1.46741,1.12,1.25
2017.07.03 16:01:57.446,1.46728,1.46739,1.12,1.00
2017.07.03 16:01:57.958,1.46728,1.46738,1.12,1.00
2017.07.03 16:01:58.163,1.46719,1.46728,1.00,1.00
2017.07.03 16:01:58.709,1.46715,1.46727,1.87,1.00
2017.07.03 16:02:03.114,1.46715,1.46728,1.75,1.25
2017.07.03 16:02:05.951,1.46715,1.46727,1.75,1.00
2017.07.03 16:02:06.108,1.46714,1.46728,2.25,1.69
2017.07.03 16:02:06.684,1.46716,1.46728,1.00,1.69
2017.07.03 16:02:07.720,1.4671,1.4672,2.25,1.44
2017.07.03 16:02:07.823,1.467,1.46711,2.62,1.00
2017.07.03 16:02:07.927,1.46698,1.4671,1.00,2.06
2017.07.03 16:02:08.032,1.46691,1.46705,1.12,1.00
2017.07.03 16:02:08.136,1.4669,1.46705,1.37,2.06
2017.07.03 16:02:08.187,1.4669,1.46705,1.37,2.06
2017.07.03 16:02:08.478,1.46681,1.46694,1.37,1.00
2017.07.03 16:02:08.991,1.46681,1.46693,1.37,1.00
2017.07.03 16:02:09.419,1.46681,1.46691,1.00,1.19
2017.07.03 16:02:09.566,1.46674,1.46689,2.62,1.12
2017.07.03 16:02:09.670,1.4668,1.46691,1.00,1.00
2017.07.03 16:02:09.772,1.4668,1.46693,1.00,1.00
2017.07.03 16:02:10.284,1.4668,1.46694,1.20,1.00
2017.07.03 16:02:10.388,1.4668,1.46694,1.95,1.00
2017.07.03 16:02:10.705,1.46695,1.46705,1.00,1.37
2017.07.03 16:02:11.216,1.46694,1.46706,1.00,2.25
2017.07.03 16:02:11.573,1.46694,1.46705,1.00,1.00
2017.07.03 16:02:12.860,1.46694,1.46706,1.00,2.25
2017.07.03 16:02:13.569,1.46694,1.46706,1.00,1.50
2017.07.03 16:02:14.375,1.46695,1.46706,1.00,1.37
2017.07.03 16:02:15.475,1.46696,1.46707,1.00,1.69
2017.07.03 16:02:15.628,1.46692,1.46707,1.50,2.06
2017.07.03 16:02:15.732,1.46692,1.46702,1.12,1.00
2017.07.03 16:02:15.889,1.46695,1.4671,1.00,2.00
2017.07.03 16:02:17.235,1.46697,1.46708,1.00,1.37
2017.07.03 16:02:17.594,1.46694,1.46708,1.00,1.50
2017.07.03 16:02:18.317,1.46692,1.46707,1.12,1.47
2017.07.03 16:02:18.369,1.46695,1.46707,1.00,1.37
2017.07.03 16:02:18.420,1.46693,1.46708,1.00,1.50
2017.07.03 16:02:18.961,1.46694,1.46708,1.00,1.87
2017.07.03 16:02:19.695,1.46694,1.46707,1.00,1.50
2017.07.03 16:02:19.746,1.46692,1.46707,1.12,1.50
2017.07.03 16:02:20.693,1.46694,1.46708,1.00,1.50
2017.07.03 16:02:20.745,1.46695,1.46708,1.00,1.50
2017.07.03 16:02:21.300,1.46696,1.46708,1.00,1.50
2017.07.03 16:02:21.404,1.467,1.4671,1.00,1.87
2017.07.03 16:02:21.456,1.46701,1.46715,1.00,3.22
2017.07.03 16:02:21.509,1.46705,1.46717,1.00,1.00
2017.07.03 16:02:22.024,1.46705,1.46718,1.00,1.50
2017.07.03 16:02:23.298,1.46705,1.46719,1.00,2.51
2017.07.03 16:02:23.799,1.46705,1.46719,1.00,2.51
2017.07.03 16:02:24.442,1.46704,1.46718,1.00,1.20
2017.07.03 16:02:24.495,1.46704,1.46718,1.00,1.56
2017.07.03 16:02:25.081,1.46704,1.46717,1.00,1.37
2017.07.03 16:02:26.050,1.46704,1.46717,1.00,1.37
2017.07.03 16:02:26.483,1.46701,1.46717,1.37,1.37
2017.07.03 16:02:26.636,1.46704,1.46718,1.00,1.50
2017.07.03 16:02:27.259,1.46704,1.46718,1.00,1.50
2017.07.03 16:02:28.668,1.46699,1.46713,2.70,1.00
2017.07.03 16:02:29.119,1.46698,1.46711,1.12,1.00
2017.07.03 16:02:29.171,1.46696,1.46708,1.45,1.00
2017.07.03 16:02:29.223,1.46694,1.46706,1.37,1.00
2017.07.03 16:02:29.276,1.46693,1.46705,1.37,1.00
2017.07.03 16:02:29.797,1.46692,1.46704,1.75,1.00
2017.07.03 16:02:30.053,1.46692,1.46706,1.95,1.00
2017.07.03 16:02:30.155,1.46694,1.46706,1.47,1.00
2017.07.03 16:02:31.255,1.46694,1.46705,1.47,1.00
2017.07.03 16:02:31.460,1.46694,1.46705,1.00,1.00
2017.07.03 16:02:35.865,1.46694,1.46706,1.00,1.00
2017.07.03 16:02:36.122,1.46695,1.46708,1.00,1.00
2017.07.03 16:02:37.062,1.46696,1.4671,1.50,1.00
2017.07.03 16:02:37.164,1.46702,1.46712,1.00,1.00
2017.07.03 16:02:37.216,1.46702,1.46715,1.12,1.00
2017.07.03 16:02:37.734,1.46703,1.46714,1.12,1.00
2017.07.03 16:02:38.279,1.46701,1.46713,1.12,1.00
2017.07.03 16:02:38.927,1.46699,1.46707,1.75,1.00
2017.07.03 16:02:39.082,1.46692,1.46703,1.87,1.00
2017.07.03 16:02:39.288,1.46692,1.46705,1.37,1.00
2017.07.03 16:02:39.528,1.46692,1.46702,1.37,1.00
2017.07.03 16:02:40.246,1.46692,1.46704,1.45,1.00
2017.07.03 16:02:41.570,1.46692,1.46703,1.37,1.00
2017.07.03 16:02:42.109,1.46692,1.46704,1.12,1.00
2017.07.03 16:02:42.813,1.46692,1.46704,1.50,1.00
2017.07.03 16:02:42.967,1.46694,1.46707,1.75,1.00
2017.07.03 16:02:43.106,1.46697,1.4671,1.87,1.12
2017.07.03 16:02:43.616,1.46698,1.46711,1.12,1.00
2017.07.03 16:02:43.929,1.46698,1.46711,1.75,1.00
2017.07.03 16:02:44.846,1.46698,1.46706,1.50,1.00
2017.07.03 16:02:45.048,1.46689,1.46701,1.00,1.00
2017.07.03 16:02:45.357,1.46687,1.46698,1.37,1.00
2017.07.03 16:02:45.409,1.46687,1.46697,1.00,1.00
2017.07.03 16:02:46.461,1.46687,1.46697,1.07,1.00
2017.07.03 16:02:48.664,1.46686,1.46697,1.45,1.00
2017.07.03 16:02:50.571,1.46685,1.46698,1.82,1.00
2017.07.03 16:02:52.160,1.46687,1.467,1.00,1.00
2017.07.03 16:02:53.486,1.46687,1.46699,1.00,1.00
2017.07.03 16:02:53.952,1.46692,1.46704,2.62,1.37
2017.07.03 16:02:54.158,1.467,1.46714,1.50,1.00
2017.07.03 16:02:54.568,1.46699,1.46712,1.50,1.00
2017.07.03 16:02:54.619,1.46699,1.46709,1.12,1.00
2017.07.03 16:02:55.142,1.46697,1.46712,1.94,1.00
2017.07.03 16:02:58.900,1.46698,1.4671,1.39,1.00
2017.07.03 16:02:59.436,1.46697,1.4671,1.56,1.00
2017.07.03 16:03:00.774,1.467,1.46713,1.76,1.00
2017.07.03 16:03:00.876,1.467,1.46715,1.76,1.00
2017.07.03 16:03:01.241,1.46701,1.46715,1.01,1.00
2017.07.03 16:03:01.753,1.46704,1.46716,1.50,1.00
2017.07.03 16:03:03.991,1.46704,1.46714,1.50,1.00
2017.07.03 16:03:04.042,1.46704,1.46716,1.00,1.12
2017.07.03 16:03:04.145,1.467,1.46712,1.37,1.00
2017.07.03 16:03:04.248,1.46697,1.4671,1.12,1.00
2017.07.03 16:03:04.299,1.46697,1.46712,1.12,1.12
2017.07.03 16:03:04.351,1.46697,1.46709,1.12,1.00
2017.07.03 16:03:06.776,1.46697,1.4671,1.69,1.00
2017.07.03 16:03:08.427,1.46698,1.4671,2.06,1.00
2017.07.03 16:03:10.323,1.46698,1.4671,1.69,1.00
2017.07.03 16:03:10.847,1.46699,1.4671,1.00,1.00
2017.07.03 16:03:11.392,1.46699,1.46711,1.00,1.00
2017.07.03 16:03:12.275,1.46698,1.46711,2.06,1.00
2017.07.03 16:03:13.639,1.46698,1.4671,1.50,1.00
2017.07.03 16:03:13.947,1.46698,1.4671,1.87,1.00
2017.07.03 16:03:13.999,1.46699,1.46712,1.50,1.00
2017.07.03 16:03:14.546,1.46699,1.46711,1.50,1.00
2017.07.03 16:03:15.095,1.46699,1.46711,1.12,1.00
2017.07.03 16:03:17.071,1.46699,1.46713,1.75,1.00
2017.07.03 16:03:17.124,1.46699,1.46711,1.50,1.00
2017.07.03 16:03:17.638,1.46698,1.46711,1.37,1.00
2017.07.03 16:03:17.997,1.46697,1.4671,1.12,1.00
2017.07.03 16:03:20.410,1.46697,1.4671,1.37,1.00
2017.07.03 16:03:20.949,1.46697,1.4671,1.50,1.00
2017.07.03 16:03:21.901,1.46697,1.4671,1.69,1.00
2017.07.03 16:03:22.106,1.46699,1.46714,1.00,1.00
2017.07.03 16:03:23.511,1.46699,1.46713,1.12,1.00
2017.07.03 16:03:25.142,1.46699,1.46712,1.12,1.00
2017.07.03 16:03:26.899,1.46699,1.46715,2.06,1.00
2017.07.03 16:03:26.950,1.467,1.46715,1.31,1.00
2017.07.03 16:03:27.300,1.46703,1.46717,1.37,1.19
2017.07.03 16:03:27.804,1.46704,1.46719,1.69,1.19
2017.07.03 16:03:28.776,1.46704,1.46717,2.06,1.25
2017.07.03 16:03:29.907,1.46704,1.4672,2.81,1.25
2017.07.03 16:03:30.468,1.46707,1.46723,1.50,1.56
2017.07.03 16:03:32.461,1.46707,1.46719,1.00,1.00
2017.07.03 16:03:33.369,1.46706,1.46719,1.37,1.00
2017.07.03 16:03:33.471,1.46706,1.46718,1.00,1.00
2017.07.03 16:03:34.185,1.46706,1.46717,1.00,1.25
2017.07.03 16:03:34.237,1.46704,1.46715,1.00,1.00
2017.07.03 16:03:34.340,1.46702,1.46715,1.12,1.00
2017.07.03 16:03:34.391,1.46702,1.46713,1.12,1.00
2017.07.03 16:03:34.698,1.467,1.46711,1.56,1.00
2017.07.03 16:03:34.903,1.467,1.46713,1.19,1.00
2017.07.03 16:03:35.410,1.467,1.46713,1.00,1.00
2017.07.03 16:03:35.841,1.467,1.46711,1.00,1.00
2017.07.03 16:03:36.622,1.467,1.46712,1.31,1.00
2017.07.03 16:03:36.724,1.46701,1.46714,1.76,1.00
2017.07.03 16:03:36.775,1.46702,1.46714,1.56,1.00
2017.07.03 16:03:38.349,1.46704,1.46713,1.25,1.00
2017.07.03 16:03:40.746,1.46704,1.46715,1.25,1.00
2017.07.03 16:03:41.257,1.46704,1.46716,1.62,1.00
2017.07.03 16:03:42.127,1.46704,1.46716,1.25,1.00
2017.07.03 16:03:45.363,1.46704,1.46713,1.69,1.00
2017.07.03 16:03:45.465,1.46704,1.46715,1.69,1.00
2017.07.03 16:03:46.258,1.46704,1.46715,1.69,1.00
2017.07.03 16:03:47.231,1.46704,1.46715,1.69,1.00
2017.07.03 16:03:47.334,1.46704,1.46717,1.69,1.00
2017.07.03 16:03:47.487,1.46705,1.46719,1.19,1.00
2017.07.03 16:03:49.004,1.46707,1.4672,1.25,1.00
2017.07.03 16:03:49.513,1.46707,1.4672,1.62,1.00
2017.07.03 16:03:50.770,1.46708,1.46722,1.37,1.00
2017.07.03 16:03:50.823,1.4671,1.46723,1.31,1.00
2017.07.03 16:03:51.186,1.46712,1.46725,1.94,1.00
2017.07.03 16:03:52.961,1.46713,1.46725,1.01,1.00
2017.07.03 16:03:53.064,1.46713,1.46725,1.01,1.00
2017.07.03 16:03:53.649,1.46713,1.46725,1.01,1.00
2017.07.03 16:03:55.800,1.46714,1.46727,1.95,1.25
2017.07.03 16:03:56.320,1.46714,1.46726,1.50,1.00
2017.07.03 16:04:02.441,1.46714,1.46727,1.12,1.25
2017.07.03 16:04:03.482,1.46714,1.46725,1.12,1.00
2017.07.03 16:04:04.100,1.46714,1.46724,1.12,1.00
2017.07.03 16:04:04.665,1.46712,1.46724,1.50,1.00
2017.07.03 16:04:05.181,1.46712,1.46724,1.12,1.00
2017.07.03 16:04:05.539,1.46712,1.46724,1.31,1.00
2017.07.03 16:04:06.052,1.46712,1.46723,1.31,1.00
2017.07.03 16:04:08.052,1.46712,1.46723,1.12,1.00
2017.07.03 16:04:08.170,1.46712,1.46723,1.31,1.00
2017.07.03 16:04:08.533,1.46712,1.46725,4.50,1.00
2017.07.03 16:04:08.585,1.46714,1.46728,2.14,1.00
2017.07.03 16:04:08.637,1.46713,1.46723,1.50,1.25
2017.07.03 16:04:08.792,1.46711,1.46722,1.00,1.00
2017.07.03 16:04:09.048,1.46706,1.46719,1.95,1.00
2017.07.03 16:04:09.100,1.46706,1.46719,1.10,1.00
2017.07.03 16:04:09.499,1.46706,1.4672,1.82,1.00
2017.07.03 16:04:10.013,1.46709,1.46721,1.87,1.00
2017.07.03 16:04:11.957,1.46709,1.46724,1.10,1.00
2017.07.03 16:04:12.713,1.46709,1.46724,1.47,1.00
2017.07.03 16:04:17.727,1.46711,1.46726,1.00,1.31
2017.07.03 16:04:26.113,1.4671,1.46726,1.00,1.69
2017.07.03 16:04:30.034,1.46709,1.46726,2.62,1.69
2017.07.03 16:04:30.614,1.46709,1.46726,1.95,1.69
2017.07.03 16:04:33.527,1.46709,1.46726,1.95,1.69
2017.07.03 16:04:36.070,1.46709,1.46725,2.70,1.69
2017.07.03 16:04:36.789,1.46709,1.46725,2.70,1.69
2017.07.03 16:04:39.956,1.46709,1.46725,2.70,1.31
2017.07.03 16:04:41.900,1.46709,1.4672,1.95,1.00
2017.07.03 16:04:42.447,1.46709,1.46719,1.87,1.00
2017.07.03 16:04:42.970,1.46708,1.46718,1.47,1.00
2017.07.03 16:04:43.310,1.46703,1.46717,1.95,1.00
2017.07.03 16:04:43.567,1.46707,1.46717,1.57,1.00
2017.07.03 16:04:44.117,1.46707,1.46718,1.95,1.00
2017.07.03 16:04:44.652,1.46709,1.46718,1.00,1.00
2017.07.03 16:04:45.372,1.46709,1.46719,1.57,1.00
2017.07.03 16:04:46.431,1.46709,1.46719,1.20,1.00
2017.07.03 16:04:48.065,1.46709,1.4672,1.20,1.00
2017.07.03 16:04:48.371,1.46709,1.46722,1.57,1.00
2017.07.03 16:04:49.270,1.46709,1.46721,1.45,1.00
2017.07.03 16:04:50.064,1.46709,1.46722,2.51,1.00
2017.07.03 16:04:50.372,1.46714,1.46725,1.47,1.00
2017.07.03 16:04:51.867,1.46714,1.46723,1.47,1.00
2017.07.03 16:04:51.970,1.46712,1.46722,1.00,1.00
2017.07.03 16:04:52.073,1.46709,1.4672,1.95,1.00
2017.07.03 16:04:52.383,1.46714,1.46722,1.00,1.00
2017.07.03 16:04:52.486,1.46712,1.46722,1.00,1.00
2017.07.03 16:04:52.538,1.4671,1.4672,1.20,1.00
2017.07.03 16:04:52.849,1.46708,1.4672,1.57,1.00
2017.07.03 16:04:52.953,1.46708,1.46716,1.50,1.00
2017.07.03 16:04:53.150,1.46704,1.46716,2.14,1.00
2017.07.03 16:04:53.661,1.46704,1.46715,1.95,1.00
2017.07.03 16:04:55.991,1.46704,1.46715,1.47,1.00
2017.07.03 16:04:56.246,1.46704,1.46717,2.14,1.00
2017.07.03 16:04:56.554,1.4671,1.4672,1.76,1.00
2017.07.03 16:04:56.891,1.46711,1.4672,1.75,1.00
2017.07.03 16:04:57.686,1.46713,1.46721,1.47,1.00
2017.07.03 16:04:58.367,1.46713,1.46722,1.47,1.00
2017.07.03 16:05:00.870,1.46712,1.46723,2.32,1.00
2017.07.03 16:05:01.448,1.46713,1.46723,1.45,1.00
2017.07.03 16:05:01.706,1.46713,1.46725,1.45,1.00
2017.07.03 16:05:01.831,1.46713,1.46727,1.45,1.50
2017.07.03 16:05:03.482,1.46713,1.46727,1.57,1.69
2017.07.03 16:05:03.892,1.46713,1.46728,1.57,1.37
2017.07.03 16:05:04.130,1.46713,1.46728,1.95,1.37
2017.07.03 16:05:04.672,1.46715,1.46731,1.20,2.06
2017.07.03 16:05:05.190,1.46721,1.46733,1.07,1.37
2017.07.03 16:05:05.243,1.46723,1.46734,1.10,1.12
2017.07.03 16:05:05.296,1.46729,1.46738,1.37,1.75
2017.07.03 16:05:05.408,1.46729,1.46738,2.62,1.00
2017.07.03 16:05:05.460,1.46731,1.46747,1.00,5.29
2017.07.03 16:05:05.512,1.46731,1.46747,1.00,2.44
2017.07.03 16:05:05.668,1.46732,1.46747,1.00,2.44
2017.07.03 16:05:05.822,1.46732,1.46747,1.00,1.69
2017.07.03 16:05:06.028,1.46728,1.46743,1.95,1.12
2017.07.03 16:05:06.080,1.46728,1.46742,1.00,1.87
2017.07.03 16:05:06.132,1.46725,1.46741,1.50,2.25
2017.07.03 16:05:06.288,1.46723,1.46741,1.07,1.12
2017.07.03 16:05:06.803,1.46725,1.46741,1.00,2.62
2017.07.03 16:05:07.316,1.46724,1.4674,1.20,1.75
2017.07.03 16:05:07.863,1.46724,1.4674,1.20,2.25
2017.07.03 16:05:08.376,1.46724,1.46738,1.12,1.00
2017.07.03 16:05:10.386,1.46722,1.4674,1.57,2.62
2017.07.03 16:05:12.543,1.46722,1.46739,1.57,1.37
2017.07.03 16:05:12.595,1.46723,1.46739,1.37,1.69
2017.07.03 16:05:12.904,1.46721,1.46738,1.87,2.06
2017.07.03 16:05:13.726,1.4672,1.46736,1.50,1.56
2017.07.03 16:05:14.086,1.46719,1.46736,1.10,2.44
2017.07.03 16:05:14.546,1.4672,1.46737,1.85,1.69
2017.07.03 16:05:14.751,1.46722,1.46739,1.10,3.00
2017.07.03 16:05:15.269,1.46722,1.46739,1.07,3.00
2017.07.03 16:05:15.781,1.46722,1.46738,1.20,2.25
2017.07.03 16:05:16.089,1.46717,1.46733,1.87,1.12
2017.07.03 16:05:16.140,1.46716,1.46732,1.50,1.81
2017.07.03 16:05:16.498,1.46715,1.46732,1.20,2.25
2017.07.03 16:05:17.017,1.46715,1.46732,1.95,1.12
2017.07.03 16:05:19.251,1.46715,1.46731,3.07,1.56
2017.07.03 16:05:19.353,1.46721,1.46735,1.57,1.50
2017.07.03 16:05:19.456,1.46724,1.46738,1.50,1.44
2017.07.03 16:05:19.508,1.46724,1.46738,1.87,1.44
2017.07.03 16:05:20.047,1.46724,1.46738,1.50,1.87
2017.07.03 16:05:20.558,1.46724,1.46737,1.37,1.19
2017.07.03 16:05:22.232,1.46721,1.46735,1.75,1.25
2017.07.03 16:05:22.386,1.4672,1.46731,2.32,1.25
2017.07.03 16:05:22.489,1.46716,1.46729,1.12,1.19
2017.07.03 16:05:22.541,1.46715,1.46729,1.37,2.06
2017.07.03 16:05:22.593,1.46713,1.46727,2.32,1.19
2017.07.03 16:05:23.098,1.46713,1.46726,1.50,1.19
2017.07.03 16:05:23.558,1.46713,1.46728,1.50,1.94
2017.07.03 16:05:24.060,1.46713,1.46729,1.95,1.69
2017.07.03 16:05:24.604,1.46714,1.46729,1.20,1.62
2017.07.03 16:05:26.926,1.46714,1.46729,1.85,1.00
2017.07.03 16:05:30.902,1.46714,1.46729,1.82,1.12
2017.07.03 16:05:30.953,1.46716,1.46729,1.12,1.12
2017.07.03 16:05:33.110,1.46722,1.46733,1.12,1.87
2017.07.03 16:05:33.213,1.46724,1.46739,1.20,1.62
2017.07.03 16:05:33.266,1.46729,1.46742,1.20,1.87
2017.07.03 16:05:33.459,1.46732,1.46745,1.12,2.62
2017.07.03 16:05:34.444,1.46732,1.46746,1.20,1.50
2017.07.03 16:05:35.659,1.46735,1.46746,1.19,1.00
2017.07.03 16:05:36.173,1.46735,1.46747,1.12,1.00
2017.07.03 16:05:36.514,1.46738,1.46749,1.00,1.12
2017.07.03 16:05:37.030,1.46736,1.46749,1.12,1.12
2017.07.03 16:05:38.885,1.46736,1.4675,1.12,1.50
2017.07.03 16:05:39.919,1.46736,1.4675,1.12,1.50
2017.07.03 16:05:40.606,1.46736,1.46748,1.12,1.50
2017.07.03 16:05:41.663,1.46736,1.46749,1.12,1.87
2017.07.03 16:05:42.966,1.46736,1.46749,1.12,2.06
2017.07.03 16:05:44.445,1.46738,1.46751,1.20,1.37
2017.07.03 16:05:44.498,1.4674,1.46752,1.47,1.00
2017.07.03 16:05:44.602,1.46742,1.46755,1.12,1.19
2017.07.03 16:05:44.708,1.46743,1.46754,1.12,1.00
2017.07.03 16:05:44.760,1.46743,1.46757,1.12,1.69
2017.07.03 16:05:45.308,1.46743,1.46755,1.12,1.00
2017.07.03 16:05:45.832,1.46746,1.46756,1.00,1.12
2017.07.03 16:05:50.519,1.46743,1.46754,1.12,1.00
2017.07.03 16:05:50.621,1.46741,1.46754,1.82,1.00
2017.07.03 16:05:51.193,1.46738,1.46752,3.82,1.00
2017.07.03 16:05:51.244,1.46738,1.46751,1.37,1.37
2017.07.03 16:05:51.296,1.46735,1.4675,1.20,1.00
2017.07.03 16:05:51.348,1.46735,1.46748,1.20,1.00
2017.07.03 16:05:51.400,1.46735,1.46752,1.95,1.37
2017.07.03 16:05:51.451,1.46735,1.46749,1.95,1.00
2017.07.03 16:05:51.752,1.46735,1.46749,2.32,1.00
2017.07.03 16:05:51.805,1.46737,1.46751,2.70,1.12
2017.07.03 16:05:52.316,1.46738,1.46752,1.95,1.00
2017.07.03 16:05:53.017,1.46738,1.46752,1.20,1.00
2017.07.03 16:05:53.252,1.46741,1.46753,3.45,1.00
2017.07.03 16:05:54.698,1.46742,1.46754,1.37,1.50
2017.07.03 16:05:55.236,1.46742,1.46755,1.47,1.00
2017.07.03 16:05:55.983,1.46741,1.46753,1.75,1.00
2017.07.03 16:05:56.137,1.4674,1.46753,1.87,1.00
2017.07.03 16:05:57.001,1.4674,1.46755,2.62,1.50
2017.07.03 16:06:00.107,1.4674,1.46752,3.00,1.00
2017.07.03 16:06:00.735,1.4674,1.46752,2.25,1.00
2017.07.03 16:06:04.033,1.46738,1.46749,1.37,1.00
2017.07.03 16:06:04.136,1.46734,1.46748,1.45,1.69
2017.07.03 16:06:04.290,1.46733,1.46745,1.10,1.00
2017.07.03 16:06:04.649,1.46732,1.46747,1.20,1.00
2017.07.03 16:06:04.700,1.46733,1.46745,1.20,1.00
2017.07.03 16:06:05.051,1.46731,1.46743,1.95,1.00
2017.07.03 16:06:05.373,1.46731,1.46743,1.20,1.00
2017.07.03 16:06:05.924,1.46731,1.46743,1.20,1.00
2017.07.03 16:06:09.606,1.46731,1.46745,1.10,1.00
2017.07.03 16:06:11.345,1.46731,1.46746,1.07,1.50
2017.07.03 16:06:11.397,1.46734,1.46745,1.00,1.00
2017.07.03 16:06:11.965,1.46734,1.46746,1.10,1.00
2017.07.03 16:06:12.953,1.46732,1.46746,1.82,1.00
2017.07.03 16:06:13.848,1.46734,1.46748,1.37,1.19
2017.07.03 16:06:14.049,1.46737,1.46752,1.12,1.00
2017.07.03 16:06:14.101,1.46737,1.46753,1.57,1.25
2017.07.03 16:06:14.409,1.46741,1.46755,1.37,1.00
2017.07.03 16:06:15.477,1.46741,1.46756,1.50,1.31
2017.07.03 16:06:18.149,1.46741,1.46756,1.37,1.62
2017.07.03 16:06:18.457,1.46739,1.46753,1.37,1.00
2017.07.03 16:06:19.640,1.46737,1.46753,1.75,1.37
2017.07.03 16:06:20.144,1.46736,1.46753,1.85,2.25
2017.07.03 16:06:20.196,1.46736,1.46753,1.47,2.62
2017.07.03 16:06:20.248,1.46736,1.4675,1.47,1.00
2017.07.03 16:06:20.779,1.46737,1.46751,1.00,1.00
2017.07.03 16:06:22.672,1.46737,1.4675,1.00,1.00
2017.07.03 16:06:22.925,1.46733,1.46748,1.20,1.25
2017.07.03 16:06:23.492,1.46733,1.46747,1.12,1.00
2017.07.03 16:06:24.023,1.46732,1.46747,1.00,1.87
2017.07.03 16:06:24.367,1.46731,1.46746,1.37,3.37
2017.07.03 16:06:24.676,1.46728,1.4674,1.20,1.00
2017.07.03 16:06:25.215,1.46728,1.46739,1.20,1.00
2017.07.03 16:06:26.442,1.4673,1.46739,1.00,1.00
2017.07.03 16:06:27.412,1.4673,1.46738,1.00,1.00
2017.07.03 16:06:27.690,1.46728,1.46738,1.20,1.00
2017.07.03 16:06:28.617,1.46728,1.46737,1.20,1.00
2017.07.03 16:06:28.925,1.46727,1.46735,1.00,1.00
2017.07.03 16:06:29.028,1.46723,1.46737,3.07,1.00
2017.07.03 16:06:29.130,1.46725,1.46737,1.95,1.00
2017.07.03 16:06:29.335,1.46726,1.46739,1.95,1.00
2017.07.03 16:06:29.630,1.46726,1.46739,1.37,1.00
2017.07.03 16:06:29.682,1.46729,1.46741,2.25,1.00
2017.07.03 16:06:30.871,1.46731,1.46741,1.37,1.00
2017.07.03 16:06:31.091,1.46731,1.46742,1.00,1.00
2017.07.03 16:06:31.143,1.46731,1.4674,1.00,1.00
2017.07.03 16:06:31.247,1.46731,1.46742,1.00,1.00
2017.07.03 16:06:31.531,1.46737,1.46748,1.87,1.00
2017.07.03 16:06:31.586,1.46737,1.4675,1.87,1.00
2017.07.03 16:06:33.539,1.46737,1.4675,1.87,1.00
2017.07.03 16:06:33.674,1.46737,1.46746,1.12,1.00
2017.07.03 16:06:33.840,1.46735,1.46746,1.12,1.00
2017.07.03 16:06:34.410,1.46735,1.46745,1.50,1.00
2017.07.03 16:06:34.858,1.46735,1.46747,1.37,1.00
2017.07.03 16:06:37.193,1.46735,1.46747,1.12,1.00
2017.07.03 16:06:39.130,1.46735,1.46746,1.47,1.00
2017.07.03 16:06:39.321,1.46736,1.46751,5.29,1.00
2017.07.03 16:06:39.680,1.46738,1.46747,1.00,1.00
2017.07.03 16:06:39.996,1.46735,1.46745,1.12,1.00
2017.07.03 16:06:40.684,1.46736,1.46745,1.00,1.00
2017.07.03 16:06:41.875,1.46735,1.46745,1.00,1.00
2017.07.03 16:06:42.732,1.46733,1.46745,1.87,1.00
2017.07.03 16:06:43.865,1.46733,1.46746,1.12,1.00
2017.07.03 16:06:44.370,1.46733,1.46746,1.12,1.00
2017.07.03 16:06:45.138,1.46734,1.46747,1.75,1.00
2017.07.03 16:06:45.448,1.46736,1.46747,1.12,1.00
2017.07.03 16:06:45.500,1.46734,1.46747,1.87,1.00
2017.07.03 16:06:45.928,1.46734,1.46745,1.87,1.00
2017.07.03 16:06:46.235,1.46729,1.46743,2.25,1.00
2017.07.03 16:06:46.287,1.46732,1.46741,1.37,1.00
2017.07.03 16:06:46.653,1.46726,1.46738,1.12,1.00
2017.07.03 16:06:47.168,1.46727,1.46737,1.37,1.00
2017.07.03 16:06:47.761,1.46727,1.46737,1.00,1.00
2017.07.03 16:06:48.577,1.46735,1.46742,1.00,1.00
2017.07.03 16:06:48.680,1.46735,1.46744,1.00,1.00
2017.07.03 16:06:48.733,1.46742,1.4675,1.00,1.00
2017.07.03 16:06:48.887,1.46742,1.46752,1.12,1.00
2017.07.03 16:06:49.894,1.46742,1.46751,1.00,1.00
2017.07.03 16:06:50.397,1.46742,1.46752,1.00,1.00
2017.07.03 16:06:50.698,1.46742,1.46749,1.00,1.00
2017.07.03 16:06:51.057,1.4674,1.46747,1.37,1.00
2017.07.03 16:06:51.466,1.46738,1.46751,1.37,1.00
2017.07.03 16:06:51.739,1.46741,1.46749,1.00,1.00
2017.07.03 16:06:54.657,1.46741,1.4675,1.00,1.00
2017.07.03 16:06:55.791,1.46741,1.46749,1.00,1.00
2017.07.03 16:06:56.610,1.46739,1.46746,1.12,1.00
2017.07.03 16:06:56.862,1.46738,1.46748,1.12,1.00
2017.07.03 16:06:57.376,1.46737,1.46748,1.12,1.00
2017.07.03 16:06:57.982,1.46737,1.4675,1.75,1.00
2017.07.03 16:06:58.131,1.4674,1.4675,1.37,1.00
2017.07.03 16:06:59.243,1.46741,1.4675,1.12,1.00
2017.07.03 16:07:00.377,1.4674,1.4675,1.12,1.00
2017.07.03 16:07:00.480,1.46738,1.46749,1.50,1.00
2017.07.03 16:07:00.584,1.46738,1.46747,1.37,1.00
2017.07.03 16:07:00.687,1.4674,1.46749,1.00,1.00
2017.07.03 16:07:01.228,1.4674,1.4675,1.00,1.00
2017.07.03 16:07:01.507,1.4674,1.46748,1.00,1.00
2017.07.03 16:07:01.817,1.46737,1.46746,1.12,1.00
2017.07.03 16:07:02.459,1.46735,1.46746,2.25,1.00
2017.07.03 16:07:03.000,1.46737,1.46745,1.00,1.00
2017.07.03 16:07:04.148,1.46737,1.46747,1.00,1.00
2017.07.03 16:07:04.694,1.46736,1.46746,1.87,1.00
2017.07.03 16:07:05.204,1.46737,1.46746,1.37,1.00
2017.07.03 16:07:05.751,1.46737,1.46747,1.37,1.00
2017.07.03 16:07:06.070,1.46738,1.46748,1.12,1.00
2017.07.03 16:07:06.716,1.46738,1.46749,1.12,1.00
2017.07.03 16:07:07.254,1.46738,1.46748,1.37,1.00
2017.07.03 16:07:07.305,1.46738,1.46748,1.12,1.00
2017.07.03 16:07:07.819,1.46738,1.46747,1.12,1.00
2017.07.03 16:07:08.031,1.46737,1.46749,1.82,1.00
2017.07.03 16:07:08.944,1.46738,1.46749,1.37,1.00
2017.07.03 16:07:09.629,1.46738,1.46745,1.37,1.00
2017.07.03 16:07:09.681,1.46736,1.46746,1.37,1.00
2017.07.03 16:07:09.733,1.46734,1.46745,1.50,1.00
2017.07.03 16:07:09.835,1.46733,1.46745,1.00,1.00
2017.07.03 16:07:09.887,1.46733,1.46746,1.47,1.00
2017.07.03 16:07:09.990,1.46736,1.46748,1.37,1.00
2017.07.03 16:07:11.842,1.46737,1.46747,1.00,1.00
2017.07.03 16:07:12.156,1.46735,1.46746,1.00,1.00
2017.07.03 16:07:12.833,1.46735,1.46745,1.20,1.00
2017.07.03 16:07:12.885,1.46735,1.46746,1.47,1.00
2017.07.03 16:07:15.110,1.46735,1.46746,1.87,1.00
2017.07.03 16:07:15.227,1.46736,1.46749,1.12,1.00
2017.07.03 16:07:15.469,1.46737,1.46749,1.37,1.00
2017.07.03 16:07:15.878,1.46737,1.46747,1.00,1.00
2017.07.03 16:07:19.214,1.46736,1.46745,1.50,1.00
2017.07.03 16:07:20.597,1.46737,1.46748,1.00,1.00
2017.07.03 16:07:21.385,1.46737,1.46746,1.12,1.00
2017.07.03 16:07:23.232,1.46735,1.46746,1.87,1.00
2017.07.03 16:07:24.303,1.46735,1.46745,1.87,1.00
2017.07.03 16:07:24.356,1.46732,1.46743,1.87,1.00
2017.07.03 16:07:24.785,1.46733,1.46745,1.75,1.00
2017.07.03 16:07:26.288,1.46733,1.46743,1.37,1.00
2017.07.03 16:07:26.443,1.46729,1.4674,1.50,1.00
2017.07.03 16:07:26.495,1.46729,1.46734,1.50,1.00
2017.07.03 16:07:26.644,1.46729,1.46738,1.12,1.00
2017.07.03 16:07:26.697,1.46738,1.46747,1.87,3.37
2017.07.03 16:07:26.749,1.46739,1.46749,1.37,1.50
2017.07.03 16:07:26.853,1.46738,1.46751,2.25,1.00
2017.07.03 16:07:26.905,1.46739,1.46748,1.37,1.00
2017.07.03 16:07:27.212,1.46735,1.46743,1.87,1.00
2017.07.03 16:07:27.369,1.46726,1.46738,1.31,1.00
2017.07.03 16:07:27.472,1.46725,1.46736,1.12,1.00
2017.07.03 16:07:27.652,1.46731,1.4674,1.37,1.00
2017.07.03 16:07:28.166,1.46728,1.46738,1.12,1.00
2017.07.03 16:07:28.219,1.46727,1.46737,1.37,1.00
2017.07.03 16:07:28.323,1.46726,1.46737,1.37,1.00
2017.07.03 16:07:28.932,1.46726,1.46737,1.12,1.00
2017.07.03 16:07:29.768,1.46726,1.46737,1.37,1.00
2017.07.03 16:07:30.629,1.46726,1.46738,1.37,1.00
2017.07.03 16:07:31.141,1.46726,1.46737,1.00,1.00
2017.07.03 16:07:32.690,1.46725,1.46738,1.75,1.00
2017.07.03 16:07:33.283,1.46727,1.46737,1.37,1.00
2017.07.03 16:07:33.558,1.46727,1.4674,2.62,1.00
2017.07.03 16:07:33.661,1.46729,1.46742,1.87,1.00
2017.07.03 16:07:33.712,1.4673,1.46742,1.75,1.00
2017.07.03 16:07:34.249,1.46733,1.46744,1.00,1.00
2017.07.03 16:07:34.556,1.46732,1.46745,1.87,1.00
2017.07.03 16:07:35.071,1.46734,1.46746,1.75,1.00
2017.07.03 16:07:35.380,1.46734,1.46744,1.37,1.00
2017.07.03 16:07:35.482,1.46733,1.46744,1.00,1.00
2017.07.03 16:07:35.789,1.46733,1.46744,2.25,1.00
2017.07.03 16:07:36.316,1.46733,1.46745,2.25,1.00
2017.07.03 16:07:36.992,1.46733,1.46743,1.87,1.00
2017.07.03 16:07:37.095,1.46734,1.46745,1.12,1.00
2017.07.03 16:07:37.504,1.46734,1.46743,1.50,1.00
2017.07.03 16:07:37.557,1.46736,1.46746,1.00,1.00
2017.07.03 16:07:37.857,1.46735,1.46747,2.25,1.00
2017.07.03 16:07:38.164,1.46736,1.46745,1.37,1.00
2017.07.03 16:07:38.421,1.46738,1.46747,1.00,1.00
2017.07.03 16:07:38.961,1.46738,1.46748,1.37,1.00
2017.07.03 16:07:39.630,1.46736,1.46748,2.62,1.00
2017.07.03 16:07:40.283,1.46737,1.4675,1.00,1.00
2017.07.03 16:07:40.335,1.4674,1.4675,2.62,1.00
2017.07.03 16:07:40.386,1.4674,1.46752,3.00,1.00
2017.07.03 16:07:40.439,1.4674,1.4675,3.00,1.00
2017.07.03 16:07:40.704,1.4674,1.46752,1.50,1.00
2017.07.03 16:07:41.748,1.4674,1.46754,1.50,1.00
2017.07.03 16:07:42.882,1.4674,1.46753,1.87,1.00
2017.07.03 16:07:43.415,1.4674,1.46752,1.12,1.00
2017.07.03 16:07:44.452,1.4674,1.46751,1.00,1.00
2017.07.03 16:07:44.556,1.46738,1.46749,1.75,1.00
2017.07.03 16:07:44.608,1.46735,1.46748,1.37,1.00
2017.07.03 16:07:44.660,1.46735,1.46748,1.12,1.00
2017.07.03 16:07:45.198,1.46733,1.46747,2.44,1.00
2017.07.03 16:07:45.700,1.46734,1.46747,1.00,1.00
2017.07.03 16:07:46.109,1.46735,1.46748,1.37,1.00
2017.07.03 16:07:48.357,1.46733,1.46747,2.25,1.00
2017.07.03 16:07:48.890,1.46734,1.46747,1.37,1.00
2017.07.03 16:07:49.424,1.46733,1.46746,2.25,1.00
2017.07.03 16:07:50.009,1.46734,1.46748,1.12,1.00
2017.07.03 16:07:50.166,1.46734,1.46748,1.37,1.00
2017.07.03 16:07:51.092,1.46737,1.4675,1.00,1.00
2017.07.03 16:07:51.145,1.46737,1.46751,1.12,1.00
2017.07.03 16:07:51.579,1.46738,1.46749,1.37,1.00
2017.07.03 16:07:52.090,1.46736,1.4675,1.50,1.00
2017.07.03 16:07:52.310,1.46736,1.46748,1.12,1.00
2017.07.03 16:07:52.668,1.46734,1.46746,1.87,1.00
2017.07.03 16:07:53.284,1.46731,1.46746,2.25,1.00
2017.07.03 16:07:53.591,1.46729,1.46744,1.87,1.00
2017.07.03 16:07:53.694,1.46731,1.46744,1.00,1.00
2017.07.03 16:07:53.746,1.46731,1.46742,1.00,1.00
2017.07.03 16:07:54.482,1.46728,1.46741,1.50,1.00
2017.07.03 16:07:54.985,1.46728,1.46742,1.50,1.00
2017.07.03 16:07:55.037,1.46729,1.46743,1.37,1.00
2017.07.03 16:07:55.243,1.46727,1.46741,1.37,1.00
2017.07.03 16:07:55.399,1.46727,1.46739,1.37,1.00
2017.07.03 16:07:55.799,1.46727,1.46741,1.00,1.00
2017.07.03 16:07:56.475,1.46726,1.46741,1.00,1.00
2017.07.03 16:07:58.219,1.46725,1.46741,3.00,1.00
2017.07.03 16:07:58.753,1.46725,1.46742,1.87,1.12
2017.07.03 16:07:59.300,1.46727,1.46742,1.00,1.12
2017.07.03 16:08:00.128,1.46727,1.46743,1.00,1.10
2017.07.03 16:08:00.437,1.4673,1.46747,1.75,1.00
2017.07.03 16:08:00.951,1.46732,1.46748,1.50,1.12
2017.07.03 16:08:01.259,1.46734,1.46748,1.37,1.12
2017.07.03 16:08:01.770,1.46734,1.46747,1.37,1.00
2017.07.03 16:08:03.216,1.46733,1.46746,1.87,1.00
2017.07.03 16:08:03.371,1.46733,1.46746,1.50,1.00
2017.07.03 16:08:03.911,1.46733,1.46746,1.37,1.00
2017.07.03 16:08:06.127,1.46733,1.46746,1.12,1.00
2017.07.03 16:08:10.143,1.46733,1.46747,2.25,1.00
2017.07.03 16:08:10.194,1.46733,1.46749,3.00,1.00
2017.07.03 16:08:11.865,1.46738,1.46753,1.37,1.01
2017.07.03 16:08:12.178,1.46741,1.46757,1.12,2.51
2017.07.03 16:08:12.891,1.46742,1.46757,1.00,1.56
2017.07.03 16:08:12.944,1.46742,1.46757,1.00,1.56
2017.07.03 16:08:13.289,1.46743,1.46758,1.00,3.19
2017.07.03 16:08:13.609,1.46746,1.4676,1.87,1.75
2017.07.03 16:08:13.714,1.46749,1.4676,1.00,1.00
2017.07.03 16:08:14.237,1.46749,1.46761,1.50,1.00
2017.07.03 16:08:14.340,1.4675,1.46764,1.12,1.00
2017.07.03 16:08:14.647,1.46752,1.46765,1.50,1.00
2017.07.03 16:08:15.166,1.46752,1.46767,1.50,1.50
2017.07.03 16:08:15.677,1.46754,1.46767,1.37,1.10
2017.07.03 16:08:17.185,1.46754,1.46767,1.37,1.37
2017.07.03 16:08:17.429,1.46752,1.46766,1.37,1.12
2017.07.03 16:08:17.946,1.46752,1.46768,1.12,2.32
2017.07.03 16:08:20.349,1.46752,1.46768,1.50,2.25
2017.07.03 16:08:21.672,1.46752,1.46768,1.50,1.87
2017.07.03 16:08:22.223,1.46752,1.46765,1.50,1.00
2017.07.03 16:08:22.890,1.46752,1.46765,1.50,1.00
2017.07.03 16:08:24.088,1.46752,1.46765,1.75,1.00
2017.07.03 16:08:24.190,1.46751,1.46764,1.00,1.00
2017.07.03 16:08:24.293,1.46749,1.46762,1.75,1.00
2017.07.03 16:08:24.821,1.46748,1.46762,1.12,1.00
2017.07.03 16:08:25.336,1.46749,1.46762,1.12,1.00
2017.07.03 16:08:25.490,1.46749,1.46764,3.37,1.00
2017.07.03 16:08:26.082,1.46751,1.46764,1.87,1.00
2017.07.03 16:08:26.622,1.46752,1.46764,1.00,1.00
2017.07.03 16:08:27.538,1.46752,1.46764,1.87,1.00
2017.07.03 16:08:27.908,1.46752,1.46764,1.00,1.00
2017.07.03 16:08:28.595,1.4675,1.46762,1.75,1.00
2017.07.03 16:08:28.862,1.46749,1.46761,1.37,1.50
2017.07.03 16:08:28.914,1.46746,1.46758,1.87,1.00
2017.07.03 16:08:28.966,1.46746,1.46758,1.12,1.00
2017.07.03 16:08:29.496,1.46746,1.46759,1.12,1.00
2017.07.03 16:08:31.009,1.46745,1.46757,1.37,1.00
2017.07.03 16:08:31.544,1.46745,1.46757,1.00,1.00
2017.07.03 16:08:32.217,1.46745,1.46758,1.00,1.12
2017.07.03 16:08:32.575,1.46747,1.4676,1.12,1.00
2017.07.03 16:08:32.786,1.46741,1.46755,1.00,1.00
2017.07.03 16:08:33.093,1.46743,1.46755,1.00,1.00
2017.07.03 16:08:33.298,1.46743,1.46759,2.62,1.69
2017.07.03 16:08:33.350,1.46744,1.46758,1.50,1.00
2017.07.03 16:08:33.402,1.46744,1.4676,1.87,1.00
2017.07.03 16:08:33.554,1.46746,1.46759,1.50,1.50
2017.07.03 16:08:33.707,1.46742,1.46756,1.12,1.37
2017.07.03 16:08:34.220,1.46743,1.46756,1.00,1.12
2017.07.03 16:08:34.880,1.46743,1.46755,1.00,1.00
2017.07.03 16:08:35.187,1.46741,1.46755,2.25,1.00
2017.07.03 16:08:35.493,1.4674,1.46753,1.37,1.00
2017.07.03 16:08:35.891,1.4674,1.46753,1.37,1.00
2017.07.03 16:08:37.970,1.4674,1.46753,1.37,1.00
2017.07.03 16:08:38.125,1.46739,1.4675,1.87,1.12
2017.07.03 16:08:38.178,1.46737,1.46752,2.25,1.00
2017.07.03 16:08:38.231,1.46737,1.46749,1.75,1.37
2017.07.03 16:08:38.282,1.46736,1.46751,1.87,1.00
2017.07.03 16:08:38.437,1.46737,1.46749,1.75,1.37
2017.07.03 16:08:38.599,1.46732,1.46745,1.12,1.00
2017.07.03 16:08:38.650,1.46732,1.46744,1.12,1.37
2017.07.03 16:08:39.221,1.46731,1.46745,1.50,1.12
2017.07.03 16:08:39.273,1.4673,1.46747,2.96,1.00
2017.07.03 16:08:39.579,1.46732,1.46745,1.12,1.00
2017.07.03 16:08:39.929,1.4673,1.46746,2.32,1.37
2017.07.03 16:08:39.983,1.4673,1.46744,2.25,1.12
2017.07.03 16:08:40.486,1.46729,1.46745,1.87,1.37
2017.07.03 16:08:40.539,1.46729,1.46746,2.62,1.00
2017.07.03 16:08:40.590,1.46731,1.46746,1.50,1.00
2017.07.03 16:08:40.983,1.46731,1.46745,2.62,1.00
2017.07.03 16:08:41.089,1.46731,1.46745,1.87,1.00
2017.07.03 16:08:41.823,1.46738,1.4675,1.00,1.94
2017.07.03 16:08:42.433,1.46735,1.46748,1.00,2.81
2017.07.03 16:08:42.486,1.46735,1.46748,1.00,1.56
2017.07.03 16:08:42.641,1.4674,1.4675,1.00,1.12
2017.07.03 16:08:43.356,1.46739,1.4675,1.00,1.00
2017.07.03 16:08:43.893,1.46738,1.4675,1.00,1.56
2017.07.03 16:08:43.996,1.46736,1.46748,1.00,1.00
2017.07.03 16:08:44.151,1.46738,1.46751,1.00,1.76
2017.07.03 16:08:44.561,1.46738,1.46751,1.00,1.01
2017.07.03 16:08:44.664,1.46739,1.46751,1.00,1.69
2017.07.03 16:08:45.074,1.46737,1.46749,1.00,1.01
2017.07.03 16:08:45.170,1.46737,1.46749,1.00,1.39
2017.07.03 16:08:45.223,1.46737,1.46749,1.00,1.31
2017.07.03 16:08:45.527,1.46737,1.46748,1.00,1.39
2017.07.03 16:08:45.783,1.46737,1.46749,1.00,1.01
2017.07.03 16:08:45.835,1.46739,1.4675,1.00,1.01
2017.07.03 16:08:46.368,1.4674,1.46748,1.00,1.00
2017.07.03 16:08:46.842,1.46739,1.46748,1.00,1.62
2017.07.03 16:08:46.995,1.4674,1.46751,1.00,1.31
2017.07.03 16:08:47.562,1.4674,1.46751,1.00,2.06
2017.07.03 16:08:47.817,1.4674,1.46751,1.00,1.31
2017.07.03 16:08:48.319,1.46739,1.46751,1.00,1.62
2017.07.03 16:08:48.729,1.46741,1.46754,1.00,1.94
2017.07.03 16:08:49.036,1.46744,1.46754,1.00,1.25
2017.07.03 16:08:49.190,1.46745,1.46757,1.00,1.01
2017.07.03 16:08:49.241,1.4675,1.46758,1.00,1.50
2017.07.03 16:08:49.293,1.46747,1.46761,1.37,1.31
2017.07.03 16:08:49.447,1.46748,1.46763,1.12,1.39
2017.07.03 16:08:49.601,1.46746,1.46759,1.00,1.19
2017.07.03 16:08:49.912,1.46744,1.46754,1.00,1.25
2017.07.03 16:08:50.066,1.46742,1.46754,1.00,1.25
2017.07.03 16:08:51.194,1.46742,1.46754,1.00,1.37
2017.07.03 16:08:52.414,1.46741,1.46754,1.00,1.37
2017.07.03 16:08:52.795,1.46745,1.46755,1.00,1.19
2017.07.03 16:08:52.951,1.46742,1.46757,1.00,2.04
2017.07.03 16:08:53.545,1.46741,1.46754,1.00,1.75
2017.07.03 16:08:53.803,1.46738,1.46751,1.00,1.05
2017.07.03 16:08:53.855,1.46737,1.46751,1.12,2.04
2017.07.03 16:08:55.206,1.46738,1.4675,1.00,1.50
2017.07.03 16:08:56.034,1.46738,1.46751,1.00,1.87
2017.07.03 16:08:57.146,1.46738,1.46751,1.00,1.87
2017.07.03 16:08:58.301,1.46738,1.46751,1.00,1.50
2017.07.03 16:08:59.778,1.46738,1.46752,1.00,1.50
2017.07.03 16:09:00.910,1.46737,1.46752,1.00,1.50
2017.07.03 16:09:01.420,1.46738,1.46752,1.00,1.50
2017.07.03 16:09:01.971,1.46737,1.46752,1.00,1.50
2017.07.03 16:09:03.026,1.46739,1.46752,1.00,1.50
2017.07.03 16:09:07.614,1.46739,1.46753,1.00,2.06
2017.07.03 16:09:08.486,1.4674,1.46753,1.00,2.06
2017.07.03 16:09:08.538,1.46738,1.46752,1.00,1.00
2017.07.03 16:09:09.065,1.46738,1.46752,1.00,1.37
2017.07.03 16:09:10.241,1.46737,1.46753,1.00,2.51
2017.07.03 16:09:10.294,1.46742,1.46756,1.00,1.76
2017.07.03 16:09:10.605,1.46745,1.46756,1.00,1.25
2017.07.03 16:09:10.657,1.46743,1.46756,1.12,1.31
2017.07.03 16:09:11.321,1.46743,1.46755,1.00,1.00
2017.07.03 16:09:11.681,1.4674,1.46753,1.12,1.25
2017.07.03 16:09:11.732,1.46741,1.46753,1.00,2.44
2017.07.03 16:09:11.784,1.46739,1.46753,1.00,2.89
2017.07.03 16:09:11.835,1.46737,1.46752,1.00,1.56
2017.07.03 16:09:12.497,1.46736,1.46748,1.00,1.00
2017.07.03 16:09:13.014,1.46735,1.4675,1.00,1.01
2017.07.03 16:09:13.358,1.46737,1.4675,1.00,1.01
2017.07.03 16:09:13.461,1.46735,1.4675,1.00,1.01
2017.07.03 16:09:14.698,1.46735,1.4675,1.00,2.06
2017.07.03 16:09:15.206,1.46736,1.4675,1.00,1.87
2017.07.03 16:09:15.712,1.46736,1.4675,1.00,2.06
2017.07.03 16:09:16.272,1.46736,1.46749,1.00,1.00
2017.07.03 16:09:16.929,1.46737,1.46751,1.00,2.81
2017.07.03 16:09:17.683,1.46737,1.46751,1.00,3.94
2017.07.03 16:09:18.193,1.46737,1.46751,1.00,2.44
2017.07.03 16:09:18.346,1.46737,1.46749,1.00,1.37
2017.07.03 16:09:18.720,1.46737,1.46751,1.00,2.44
2017.07.03 16:09:19.235,1.46738,1.46751,1.00,2.06
2017.07.03 16:09:20.962,1.46739,1.46752,1.00,1.31
2017.07.03 16:09:21.604,1.46738,1.46752,1.00,1.31
2017.07.03 16:09:21.708,1.46742,1.46754,1.00,3.64
2017.07.03 16:09:21.760,1.46745,1.46754,1.00,1.00
2017.07.03 16:09:21.812,1.46745,1.46756,1.00,1.00
2017.07.03 16:09:21.864,1.46743,1.46756,1.00,1.00
2017.07.03 16:09:22.017,1.46745,1.46756,1.00,1.00
2017.07.03 16:09:22.347,1.46742,1.46756,1.00,1.94
2017.07.03 16:09:22.399,1.46744,1.46757,1.00,1.62
2017.07.03 16:09:22.451,1.46746,1.46758,1.00,2.06
2017.07.03 16:09:22.962,1.46747,1.46758,1.00,1.37
2017.07.03 16:09:23.477,1.46746,1.46758,1.00,1.57
2017.07.03 16:09:23.989,1.46745,1.46757,1.00,1.76
2017.07.03 16:09:24.143,1.46743,1.46757,1.00,1.76
2017.07.03 16:09:25.123,1.46741,1.46751,1.00,1.00
2017.07.03 16:09:25.280,1.46739,1.46751,1.00,1.39
2017.07.03 16:09:25.789,1.46738,1.46751,1.00,1.01
2017.07.03 16:09:26.483,1.46739,1.4675,1.00,1.00
2017.07.03 16:09:27.001,1.46739,1.46751,1.00,1.39
2017.07.03 16:09:27.262,1.46738,1.4675,1.00,1.01
2017.07.03 16:09:27.598,1.46738,1.4675,1.00,1.01
2017.07.03 16:09:28.578,1.46738,1.4675,1.00,1.01
2017.07.03 16:09:28.680,1.46739,1.46751,1.00,1.94
2017.07.03 16:09:28.834,1.46737,1.46751,1.00,1.69
2017.07.03 16:09:29.336,1.46737,1.46751,1.00,2.04
2017.07.03 16:09:31.685,1.46737,1.4675,1.00,1.25
2017.07.03 16:09:31.891,1.46736,1.46749,1.00,2.06
2017.07.03 16:09:31.994,1.46735,1.46749,1.12,1.00
2017.07.03 16:09:32.045,1.46739,1.46751,1.00,1.69
2017.07.03 16:09:32.556,1.4674,1.46752,1.00,1.19
2017.07.03 16:09:33.112,1.46738,1.46752,1.00,1.31
2017.07.03 16:09:33.316,1.46738,1.4675,1.00,1.69
2017.07.03 16:09:33.369,1.46735,1.46746,1.00,1.00
2017.07.03 16:09:33.472,1.46734,1.46747,1.00,2.00
2017.07.03 16:09:33.626,1.46734,1.46746,1.00,1.00
2017.07.03 16:09:33.790,1.46737,1.46749,1.00,1.94
2017.07.03 16:09:33.842,1.46735,1.46746,1.00,1.00
2017.07.03 16:09:33.893,1.46733,1.46747,1.00,1.94
2017.07.03 16:09:34.435,1.46732,1.46747,1.00,2.51
2017.07.03 16:09:34.898,1.46734,1.46748,1.00,2.44
2017.07.03 16:09:35.000,1.46735,1.46748,1.00,2.06
2017.07.03 16:09:35.154,1.46738,1.46752,1.00,1.01
2017.07.03 16:09:35.461,1.46742,1.46754,1.00,1.37
2017.07.03 16:09:35.990,1.46742,1.46754,1.00,1.87
2017.07.03 16:09:36.246,1.46742,1.46753,1.00,1.00
2017.07.03 16:09:36.771,1.46743,1.46753,1.00,1.00
2017.07.03 16:09:37.313,1.46742,1.46755,1.00,1.76
2017.07.03 16:09:39.199,1.46742,1.46753,1.00,1.00
2017.07.03 16:09:40.972,1.46743,1.46755,1.00,1.31
2017.07.03 16:09:41.489,1.46744,1.46756,1.00,1.87
2017.07.03 16:09:41.541,1.46742,1.46756,1.12,1.12
2017.07.03 16:09:41.698,1.46747,1.46759,1.00,1.01
2017.07.03 16:09:42.009,1.46743,1.46756,1.00,2.00
2017.07.03 16:09:42.538,1.46744,1.46757,1.00,2.04
2017.07.03 16:09:43.410,1.46744,1.46755,1.00,1.37
2017.07.03 16:09:43.615,1.46742,1.46755,1.00,1.37
2017.07.03 16:09:43.666,1.46742,1.46753,1.00,1.87
2017.07.03 16:09:44.000,1.46736,1.4675,1.00,1.31
2017.07.03 16:09:44.412,1.46735,1.46748,1.00,1.69
2017.07.03 16:09:44.617,1.46735,1.46749,1.00,1.94
2017.07.03 16:09:44.721,1.46734,1.46743,1.00,1.87
2017.07.03 16:09:44.773,1.46731,1.46743,1.12,1.62
2017.07.03 16:09:44.826,1.4673,1.4674,1.37,1.01
2017.07.03 16:09:44.878,1.46729,1.4674,1.00,1.66
2017.07.03 16:09:45.031,1.46726,1.46739,1.00,1.31
2017.07.03 16:09:45.619,1.46728,1.46739,1.00,1.37
2017.07.03 16:09:45.824,1.46728,1.46741,1.00,1.56
2017.07.03 16:09:46.079,1.46728,1.46741,1.00,1.31
2017.07.03 16:09:46.337,1.46728,1.4674,1.00,1.00
2017.07.03 16:09:46.389,1.4673,1.4674,1.00,1.00
2017.07.03 16:09:46.696,1.46732,1.46743,1.00,1.37
2017.07.03 16:09:47.768,1.46733,1.46744,1.00,1.69
2017.07.03 16:09:47.923,1.46736,1.46747,1.00,1.20
2017.07.03 16:09:48.026,1.46739,1.46751,1.00,1.01
2017.07.03 16:09:48.296,1.46741,1.46752,1.00,1.01
2017.07.03 16:09:48.807,1.4674,1.46752,1.00,1.01
2017.07.03 16:09:49.115,1.46738,1.46751,1.87,1.01
2017.07.03 16:09:49.422,1.46736,1.4675,1.00,1.69
2017.07.03 16:09:49.629,1.46738,1.4675,1.00,1.56
2017.07.03 16:09:49.936,1.46738,1.4675,1.00,1.56
2017.07.03 16:09:50.458,1.46737,1.4675,1.00,2.81
2017.07.03 16:09:50.773,1.46735,1.4675,1.00,2.81
2017.07.03 16:09:51.049,1.46736,1.4675,1.00,1.56
2017.07.03 16:09:51.153,1.46738,1.46751,1.00,1.69
2017.07.03 16:09:51.437,1.46736,1.4675,1.12,1.56
2017.07.03 16:09:51.693,1.46738,1.4675,1.00,1.37
2017.07.03 16:09:52.211,1.46738,1.46751,1.00,1.69
2017.07.03 16:09:52.745,1.46739,1.46752,1.00,2.44
2017.07.03 16:09:53.055,1.46741,1.46752,1.00,1.00
2017.07.03 16:09:53.515,1.4674,1.46753,1.00,1.31
2017.07.03 16:09:53.822,1.46742,1.46753,1.00,2.51
2017.07.03 16:09:54.218,1.4674,1.46753,1.00,1.31
2017.07.03 16:09:54.903,1.4674,1.46753,1.00,1.94
2017.07.03 16:09:55.301,1.46742,1.46752,1.00,1.50
2017.07.03 16:09:55.352,1.46745,1.46757,1.00,1.20
2017.07.03 16:09:55.506,1.46746,1.46758,1.00,2.14
2017.07.03 16:09:55.762,1.46748,1.46758,1.00,1.62
2017.07.03 16:09:56.374,1.46749,1.4676,1.00,1.85
2017.07.03 16:09:56.427,1.4675,1.46761,1.00,2.44
2017.07.03 16:09:56.584,1.46749,1.46763,1.00,1.76
2017.07.03 16:09:56.689,1.46752,1.46764,1.00,1.76
2017.07.03 16:09:57.048,1.46752,1.46763,1.00,1.47
2017.07.03 16:09:58.019,1.46752,1.46762,1.00,1.94
2017.07.03 16:09:58.121,1.4675,1.46761,1.00,1.39
2017.07.03 16:09:58.632,1.46749,1.46761,1.00,1.76
2017.07.03 16:09:58.748,1.46749,1.4676,1.00,1.00
2017.07.03 16:09:58.851,1.46746,1.46758,1.00,1.12
2017.07.03 16:09:59.359,1.46746,1.46757,1.00,2.62
2017.07.03 16:09:59.513,1.46751,1.46761,1.00,1.25
2017.07.03 16:09:59.769,1.46749,1.46763,1.00,1.01
2017.07.03 16:10:00.271,1.46751,1.46763,1.00,1.01
2017.07.03 16:10:00.630,1.46752,1.46765,1.00,2.04
2017.07.03 16:10:00.836,1.46751,1.46763,1.00,1.66
2017.07.03 16:10:01.143,1.4675,1.46762,1.00,2.00
2017.07.03 16:10:02.424,1.4675,1.46761,1.00,2.06
2017.07.03 16:10:02.941,1.4675,1.46761,1.00,2.44
2017.07.03 16:10:03.839,1.4675,1.4676,1.00,1.31
2017.07.03 16:10:03.927,1.4675,1.4676,1.00,1.31
2017.07.03 16:10:04.467,1.4675,1.4676,1.00,1.19
2017.07.03 16:10:05.543,1.46749,1.46761,1.00,2.06
2017.07.03 16:10:05.595,1.46746,1.46759,1.00,1.31
2017.07.03 16:10:06.732,1.46746,1.46758,1.00,1.12
2017.07.03 16:10:07.129,1.46747,1.46758,1.00,1.94
2017.07.03 16:10:07.641,1.46748,1.46757,1.00,1.25
2017.07.03 16:10:08.152,1.46748,1.46758,1.00,1.39
2017.07.03 16:10:08.789,1.46748,1.46757,1.00,1.25
2017.07.03 16:10:09.213,1.46746,1.46758,1.00,1.64
2017.07.03 16:10:10.562,1.46745,1.46755,1.00,1.56
2017.07.03 16:10:10.614,1.46742,1.46752,1.00,1.12
2017.07.03 16:10:11.128,1.46743,1.46754,1.00,1.94
2017.07.03 16:10:11.282,1.46745,1.46753,1.00,1.25
2017.07.03 16:10:11.799,1.46744,1.46753,1.00,1.00
2017.07.03 16:10:13.341,1.46744,1.46754,1.00,1.00
2017.07.03 16:10:14.198,1.46744,1.46756,1.00,2.40
2017.07.03 16:10:14.481,1.46744,1.46756,1.00,2.02
2017.07.03 16:10:15.014,1.46744,1.46756,1.00,2.02
2017.07.03 16:10:15.273,1.46745,1.46756,1.00,1.62
2017.07.03 16:10:15.427,1.46746,1.46758,1.00,1.69
2017.07.03 16:10:15.981,1.46747,1.46758,1.00,1.69
2017.07.03 16:10:18.123,1.46749,1.4676,1.00,1.87
2017.07.03 16:10:18.379,1.46748,1.46762,1.00,1.31
2017.07.03 16:10:18.430,1.46748,1.46763,1.00,2.44
2017.07.03 16:10:18.482,1.46751,1.46763,1.00,2.06
2017.07.03 16:10:19.046,1.4675,1.46763,1.00,2.06
2017.07.03 16:10:19.549,1.46751,1.46762,1.00,1.56
2017.07.03 16:10:20.676,1.4675,1.46762,1.00,1.19
2017.07.03 16:10:21.477,1.4675,1.46763,1.00,1.94
2017.07.03 16:10:22.010,1.46751,1.46763,1.00,1.62
2017.07.03 16:10:22.556,1.46752,1.46764,1.00,1.75
2017.07.03 16:10:22.659,1.46752,1.46763,1.00,1.00
2017.07.03 16:10:23.452,1.46753,1.46765,1.00,1.69
2017.07.03 16:10:24.853,1.46753,1.46766,1.00,2.06
2017.07.03 16:10:25.440,1.46754,1.46765,1.00,1.25
2017.07.03 16:10:27.618,1.46754,1.46767,1.00,2.00
2017.07.03 16:10:28.589,1.46754,1.46767,1.00,2.00
2017.07.03 16:10:29.056,1.46754,1.46767,1.00,2.00
2017.07.03 16:10:29.595,1.46755,1.46767,1.00,2.14
2017.07.03 16:10:29.647,1.46753,1.46767,1.00,2.14
2017.07.03 16:10:30.174,1.46755,1.46767,1.00,2.06
2017.07.03 16:10:30.651,1.46753,1.46766,1.00,1.12
2017.07.03 16:10:33.872,1.46752,1.46766,1.12,1.12
2017.07.03 16:10:34.128,1.46753,1.46764,1.00,1.00
2017.07.03 16:10:34.557,1.46754,1.46765,1.00,1.31
2017.07.03 16:10:35.067,1.46753,1.46765,1.00,1.31
2017.07.03 16:10:35.438,1.46753,1.46764,1.00,1.00
2017.07.03 16:10:36.757,1.46754,1.46764,1.00,1.00
2017.07.03 16:10:37.714,1.46752,1.46764,1.00,1.00
2017.07.03 16:10:38.244,1.46753,1.46764,1.00,1.00
2017.07.03 16:10:40.748,1.46754,1.46764,1.00,1.00
2017.07.03 16:10:43.588,1.46753,1.46764,1.00,1.00
2017.07.03 16:10:44.092,1.46755,1.46764,1.00,1.00
2017.07.03 16:10:45.417,1.46754,1.46764,1.00,1.00
2017.07.03 16:10:47.384,1.46754,1.46765,1.00,1.69
2017.07.03 16:10:48.367,1.46754,1.46765,1.00,1.69
2017.07.03 16:10:49.792,1.46755,1.46765,1.00,1.62
2017.07.03 16:10:50.497,1.46755,1.46765,1.00,1.31
2017.07.03 16:10:51.515,1.46755,1.46765,1.00,1.62
2017.07.03 16:10:51.888,1.46753,1.46763,1.00,1.25
2017.07.03 16:10:52.400,1.46752,1.46763,1.00,1.25
2017.07.03 16:10:52.928,1.46753,1.46762,1.00,1.00
2017.07.03 16:10:53.435,1.46754,1.46765,1.00,1.56
2017.07.03 16:10:53.946,1.46748,1.46757,1.37,1.12
2017.07.03 16:10:54.050,1.46746,1.46757,1.37,1.37
2017.07.03 16:10:54.103,1.46749,1.46758,1.00,1.37
2017.07.03 16:10:54.414,1.46747,1.46756,1.00,1.12
2017.07.03 16:10:54.517,1.46745,1.46756,1.00,1.12
2017.07.03 16:10:54.828,1.46746,1.46755,1.00,1.12
2017.07.03 16:10:54.881,1.46744,1.46755,1.00,1.50
2017.07.03 16:10:55.342,1.46743,1.46753,1.00,1.37
2017.07.03 16:10:55.947,1.4674,1.46751,1.00,1.12
2017.07.03 16:10:56.528,1.46739,1.46751,1.00,2.25
2017.07.03 16:10:59.882,1.46739,1.4675,1.00,1.37
2017.07.03 16:11:00.543,1.46739,1.4675,1.00,1.37
2017.07.03 16:11:01.265,1.4674,1.46752,1.00,2.00
2017.07.03 16:11:01.522,1.4674,1.46753,1.00,2.06
2017.07.03 16:11:02.464,1.46742,1.46753,1.00,1.62
2017.07.03 16:11:04.075,1.46743,1.46757,1.00,2.89
2017.07.03 16:11:04.126,1.46741,1.46751,1.25,1.00
2017.07.03 16:11:05.305,1.46739,1.4675,1.12,1.37
2017.07.03 16:11:05.408,1.46736,1.46746,1.62,1.00
2017.07.03 16:11:05.924,1.46735,1.46746,1.31,1.00
2017.07.03 16:11:06.872,1.46735,1.46746,1.31,1.00
2017.07.03 16:11:07.457,1.46735,1.46746,1.31,1.00
2017.07.03 16:11:08.448,1.46735,1.46745,1.00,1.12
2017.07.03 16:11:08.500,1.46735,1.46743,1.00,1.00
2017.07.03 16:11:08.553,1.46733,1.46743,1.12,1.00
2017.07.03 16:11:09.091,1.46733,1.46742,1.00,1.00
2017.07.03 16:11:09.194,1.46733,1.46744,1.19,1.00
2017.07.03 16:11:09.901,1.46733,1.46743,1.19,1.00
2017.07.03 16:11:10.438,1.46733,1.46743,1.12,1.00
2017.07.03 16:11:17.588,1.46733,1.46744,1.00,1.00
2017.07.03 16:11:18.104,1.46733,1.46743,1.12,1.00
2017.07.03 16:11:21.184,1.46733,1.46742,1.00,1.00
2017.07.03 16:11:21.696,1.46733,1.46743,1.00,1.00
2017.07.03 16:11:24.694,1.46733,1.46742,1.00,1.00
2017.07.03 16:11:24.898,1.46731,1.46741,1.00,1.00
2017.07.03 16:11:24.950,1.46729,1.46739,1.00,1.00
2017.07.03 16:11:25.478,1.46729,1.46738,1.00,1.00
2017.07.03 16:11:26.284,1.46725,1.46735,1.00,1.00
2017.07.03 16:11:26.336,1.46725,1.46732,1.00,1.00
2017.07.03 16:11:26.492,1.46722,1.4673,1.00,1.00
2017.07.03 16:11:26.996,1.46722,1.46729,1.00,1.00
2017.07.03 16:11:27.510,1.46722,1.46731,1.00,1.00
2017.07.03 16:11:28.487,1.46719,1.46728,1.00,1.00
2017.07.03 16:11:28.794,1.46717,1.46728,1.00,1.12
2017.07.03 16:11:28.846,1.46717,1.46726,1.00,1.00
2017.07.03 16:11:29.131,1.46711,1.46722,1.10,1.00
2017.07.03 16:11:29.183,1.46711,1.46724,1.85,1.00
2017.07.03 16:11:29.490,1.46718,1.46727,1.12,1.00
2017.07.03 16:11:29.696,1.46718,1.46729,1.50,1.00
2017.07.03 16:11:30.335,1.46718,1.46729,1.50,1.00
2017.07.03 16:11:31.194,1.46718,1.46729,1.50,1.00
2017.07.03 16:11:31.740,1.4672,1.4673,1.00,1.00
2017.07.03 16:11:32.259,1.4672,1.46731,1.00,1.00
2017.07.03 16:11:32.566,1.46716,1.46726,1.75,1.00
2017.07.03 16:11:32.669,1.46713,1.46724,1.12,1.00
2017.07.03 16:11:32.721,1.46712,1.46724,1.12,1.00
2017.07.03 16:11:33.265,1.46712,1.46725,1.12,1.00
2017.07.03 16:11:33.679,1.46711,1.46724,1.57,1.00
2017.07.03 16:11:34.218,1.46712,1.46724,1.12,1.00
2017.07.03 16:11:34.270,1.46713,1.46727,1.37,1.00
2017.07.03 16:11:34.321,1.46716,1.4673,1.00,1.00
2017.07.03 16:11:34.424,1.46717,1.46733,1.87,1.00
2017.07.03 16:11:34.527,1.46719,1.46733,2.25,1.00
2017.07.03 16:11:35.045,1.46722,1.46735,1.00,1.56
2017.07.03 16:11:35.506,1.46724,1.46736,1.00,1.19
2017.07.03 16:11:35.711,1.4673,1.46743,1.87,1.12
2017.07.03 16:11:35.965,1.46731,1.46745,1.37,1.00
2017.07.03 16:11:36.016,1.46734,1.46746,1.00,1.62
2017.07.03 16:11:36.546,1.46734,1.46746,1.12,1.00
2017.07.03 16:11:36.845,1.46734,1.46749,1.12,1.87
2017.07.03 16:11:36.897,1.46736,1.4675,1.00,1.12
2017.07.03 16:11:37.445,1.46737,1.46751,1.00,1.12
2017.07.03 16:11:37.830,1.46734,1.46743,1.37,1.37
2017.07.03 16:11:37.936,1.46728,1.46739,1.00,1.00
2017.07.03 16:11:38.039,1.46726,1.46738,1.12,1.87
2017.07.03 16:11:38.091,1.46726,1.46739,1.12,1.37
2017.07.03 16:11:38.617,1.46726,1.4674,1.00,2.25
2017.07.03 16:11:39.129,1.46722,1.46735,2.62,1.25
2017.07.03 16:11:39.181,1.46723,1.46735,1.00,1.31
2017.07.03 16:11:39.284,1.4672,1.46735,1.50,1.19
2017.07.03 16:11:39.439,1.46722,1.46737,1.12,1.50
2017.07.03 16:11:39.592,1.46725,1.4674,1.50,1.37
2017.07.03 16:11:39.644,1.46725,1.46741,3.00,1.12
2017.07.03 16:11:39.695,1.46727,1.46742,1.37,1.10
2017.07.03 16:11:40.206,1.46728,1.46744,1.37,1.87
2017.07.03 16:11:40.685,1.46728,1.46743,1.37,1.50
2017.07.03 16:11:40.790,1.46728,1.46743,1.50,1.00
2017.07.03 16:11:41.355,1.46728,1.46743,1.12,1.75
2017.07.03 16:11:41.548,1.46728,1.46743,1.00,1.12
2017.07.03 16:11:42.060,1.46729,1.46744,1.00,1.00
2017.07.03 16:11:42.214,1.46727,1.46743,1.37,2.14
2017.07.03 16:11:42.715,1.46727,1.46743,1.37,2.14
2017.07.03 16:11:43.243,1.46727,1.46743,1.37,2.51
2017.07.03 16:11:43.682,1.46727,1.46741,1.00,1.47
2017.07.03 16:11:44.787,1.46727,1.4674,1.12,1.50
2017.07.03 16:11:45.145,1.46727,1.46738,1.12,1.00
2017.07.03 16:11:45.198,1.46727,1.4674,1.12,1.12
2017.07.03 16:11:45.455,1.46727,1.46737,2.25,1.00
2017.07.03 16:11:45.661,1.46725,1.46737,1.00,1.37
2017.07.03 16:11:46.204,1.46725,1.46737,1.00,1.00
2017.07.03 16:11:46.358,1.46726,1.46739,1.00,1.00
2017.07.03 16:11:46.563,1.46729,1.46741,1.12,1.25
2017.07.03 16:11:46.718,1.46731,1.46744,2.25,1.00
2017.07.03 16:11:46.922,1.46731,1.46746,2.62,1.12
2017.07.03 16:11:47.120,1.46733,1.46747,1.37,1.00
2017.07.03 16:11:47.632,1.46733,1.46748,1.75,1.00
2017.07.03 16:11:48.150,1.46735,1.46749,1.50,1.12
2017.07.03 16:11:49.645,1.46735,1.46749,3.37,1.00
2017.07.03 16:11:49.697,1.46735,1.46751,3.37,1.12
2017.07.03 16:11:50.214,1.46737,1.46752,1.37,1.12
2017.07.03 16:11:50.875,1.46737,1.46752,1.12,1.12
2017.07.03 16:11:51.413,1.46737,1.46752,1.37,1.12
2017.07.03 16:11:52.116,1.46737,1.46753,1.12,1.69
2017.07.03 16:11:53.452,1.46736,1.46753,1.87,2.14
2017.07.03 16:11:54.530,1.46736,1.46753,1.87,1.76
2017.07.03 16:11:55.277,1.46736,1.46749,1.37,1.50
2017.07.03 16:11:55.434,1.46733,1.46749,1.50,1.37
2017.07.03 16:11:55.486,1.46733,1.46749,1.12,1.37
2017.07.03 16:11:57.589,1.46733,1.46747,1.37,1.00
2017.07.03 16:11:57.641,1.46737,1.46751,1.12,1.12
2017.07.03 16:11:57.897,1.46737,1.46753,1.50,1.69
2017.07.03 16:11:57.949,1.46737,1.46753,1.12,1.76
2017.07.03 16:11:58.459,1.46737,1.4675,1.12,1.00
2017.07.03 16:11:59.903,1.46737,1.4675,1.87,1.00
2017.07.03 16:12:00.413,1.46738,1.46753,1.37,1.69
2017.07.03 16:12:01.645,1.4674,1.46756,1.00,1.94
2017.07.03 16:12:01.698,1.46743,1.46757,1.00,1.19
2017.07.03 16:12:02.854,1.46743,1.46759,1.50,1.69
2017.07.03 16:12:03.264,1.46745,1.46761,1.00,2.14
2017.07.03 16:12:03.367,1.46747,1.46762,1.87,1.62
2017.07.03 16:12:03.420,1.46748,1.46764,1.50,1.19
2017.07.03 16:12:03.923,1.46749,1.46765,1.87,2.06
2017.07.03 16:12:04.179,1.46749,1.46765,1.87,1.00
2017.07.03 16:12:04.231,1.46753,1.46767,1.12,1.12
2017.07.03 16:12:04.333,1.46755,1.46773,3.00,2.06
2017.07.03 16:12:04.385,1.4676,1.46773,1.00,1.00
2017.07.03 16:12:05.419,1.4676,1.46774,1.12,1.01
2017.07.03 16:12:07.425,1.4676,1.46775,1.12,1.76
2017.07.03 16:12:08.226,1.4676,1.46774,1.12,1.01
2017.07.03 16:12:08.583,1.46758,1.46774,1.87,1.62
2017.07.03 16:12:09.235,1.46758,1.46775,2.62,2.04
2017.07.03 16:12:10.343,1.46758,1.46774,2.25,2.00
2017.07.03 16:12:10.886,1.46759,1.46773,1.50,1.00
2017.07.03 16:12:13.779,1.46759,1.46774,1.12,1.25
2017.07.03 16:12:14.287,1.46759,1.46776,1.12,1.94
2017.07.03 16:12:16.422,1.46758,1.46774,1.50,1.01
2017.07.03 16:12:16.577,1.46763,1.46773,1.00,1.45
2017.07.03 16:12:17.343,1.46763,1.46772,1.00,1.01
2017.07.03 16:12:17.846,1.46764,1.46773,1.00,1.76
2017.07.03 16:12:18.394,1.46763,1.46774,1.00,1.39
2017.07.03 16:12:18.905,1.46763,1.46773,1.00,2.00
2017.07.03 16:12:19.452,1.46763,1.46771,1.00,1.00
2017.07.03 16:12:19.950,1.46763,1.46774,1.00,1.01
2017.07.03 16:12:20.563,1.46762,1.46775,1.00,1.94
2017.07.03 16:12:20.872,1.46763,1.46771,1.00,1.56
2017.07.03 16:12:21.812,1.46762,1.46773,1.00,2.00
2017.07.03 16:12:21.863,1.46762,1.46775,1.00,2.81
2017.07.03 16:12:21.915,1.46763,1.46774,1.00,2.25
2017.07.03 16:12:22.069,1.46761,1.46772,1.00,1.87
2017.07.03 16:12:22.581,1.46759,1.46769,1.00,1.00
2017.07.03 16:12:23.127,1.46757,1.46768,1.00,2.25
2017.07.03 16:12:23.282,1.46755,1.46765,1.00,1.75
2017.07.03 16:12:23.825,1.46755,1.46765,1.00,1.75
2017.07.03 16:12:24.392,1.46754,1.46764,1.00,1.50
2017.07.03 16:12:25.043,1.46754,1.46764,1.00,1.50
2017.07.03 16:12:26.054,1.46753,1.46762,1.00,1.75
2017.07.03 16:12:26.568,1.46753,1.46763,1.00,1.12
2017.07.03 16:12:27.476,1.46751,1.4676,1.00,1.50
2017.07.03 16:12:27.528,1.46749,1.46759,1.00,2.00
2017.07.03 16:12:27.580,1.46749,1.46759,1.00,2.06
2017.07.03 16:12:27.632,1.46749,1.46757,1.00,1.00
2017.07.03 16:12:28.137,1.4675,1.4676,1.00,2.00
2017.07.03 16:12:28.190,1.46752,1.4676,1.00,1.69
2017.07.03 16:12:28.741,1.46753,1.46762,1.00,1.31
2017.07.03 16:12:29.443,1.46752,1.46762,1.00,1.31
2017.07.03 16:12:29.991,1.46753,1.46761,1.00,1.19
2017.07.03 16:12:31.299,1.46752,1.46762,1.00,1.31
2017.07.03 16:12:31.631,1.4675,1.46758,1.00,1.62
2017.07.03 16:12:31.683,1.46748,1.46758,1.00,1.37
2017.07.03 16:12:32.196,1.46747,1.46757,1.00,1.87
2017.07.03 16:12:32.664,1.46747,1.46757,1.00,1.62
2017.07.03 16:12:33.867,1.46747,1.46757,1.00,1.31
2017.07.03 16:12:36.201,1.46747,1.46755,1.00,1.00
2017.07.03 16:12:36.711,1.46747,1.46757,1.00,1.31
2017.07.03 16:12:38.669,1.46747,1.46757,1.00,2.00
2017.07.03 16:12:41.711,1.46747,1.46757,1.00,2.06
2017.07.03 16:12:42.754,1.46747,1.46755,1.00,1.00
2017.07.03 16:12:44.103,1.46746,1.46755,1.00,1.00
2017.07.03 16:12:44.641,1.46747,1.46757,1.00,2.06
2017.07.03 16:12:46.104,1.46747,1.46755,1.00,1.00
2017.07.03 16:12:46.614,1.46747,1.46757,1.00,2.44
2017.07.03 16:12:52.472,1.46747,1.46757,1.00,3.19
2017.07.03 16:12:54.730,1.46747,1.46757,1.00,2.81
2017.07.03 16:12:56.943,1.46747,1.46756,1.00,1.00
2017.07.03 16:12:57.926,1.46747,1.46757,1.00,3.19
2017.07.03 16:12:58.353,1.46741,1.46749,1.00,1.12
2017.07.03 16:12:58.560,1.46739,1.46749,1.00,1.37
2017.07.03 16:12:58.876,1.46739,1.46749,1.00,1.50
2017.07.03 16:12:58.985,1.46739,1.46749,1.00,1.37
2017.07.03 16:12:59.240,1.46739,1.46749,1.00,1.37
2017.07.03 16:12:59.751,1.46739,1.46749,1.00,1.50
2017.07.03 16:13:00.334,1.46739,1.46748,1.00,1.00
2017.07.03 16:13:01.568,1.4674,1.46749,1.00,1.50
2017.07.03 16:13:01.832,1.46738,1.46749,1.00,1.50
2017.07.03 16:13:02.053,1.4674,1.46749,1.00,1.50
2017.07.03 16:13:06.517,1.46739,1.46748,1.00,1.00
2017.07.03 16:13:09.647,1.46739,1.4675,1.00,2.81
2017.07.03 16:13:10.672,1.46739,1.46748,1.00,1.00
2017.07.03 16:13:13.342,1.46741,1.46748,1.00,1.00
2017.07.03 16:13:13.881,1.46739,1.4675,1.00,2.00
2017.07.03 16:13:14.217,1.46742,1.46748,1.00,1.00
2017.07.03 16:13:14.744,1.46741,1.46748,1.00,1.00
2017.07.03 16:13:15.050,1.46743,1.46753,1.00,2.25
2017.07.03 16:13:15.102,1.46743,1.46753,1.00,1.50
2017.07.03 16:13:15.206,1.46745,1.46755,1.00,1.87
2017.07.03 16:13:15.906,1.46741,1.46755,1.00,4.31
2017.07.03 16:13:15.957,1.46738,1.4675,1.37,1.31
2017.07.03 16:13:16.009,1.46738,1.46749,1.00,1.31
2017.07.03 16:13:16.111,1.46736,1.46748,1.00,2.00
2017.07.03 16:13:16.163,1.46738,1.46747,1.00,1.12
2017.07.03 16:13:16.470,1.4674,1.4675,1.00,1.94
2017.07.03 16:13:19.193,1.46741,1.4675,1.00,1.69
2017.07.03 16:13:21.833,1.46741,1.46749,1.00,1.94
2017.07.03 16:13:22.697,1.4674,1.46749,1.00,2.06
2017.07.03 16:13:23.106,1.46742,1.46751,1.00,1.56
2017.07.03 16:13:23.633,1.46743,1.46753,1.00,2.06
2017.07.03 16:13:25.376,1.46741,1.46752,1.00,1.31
2017.07.03 16:13:25.428,1.46743,1.46752,1.00,1.56
2017.07.03 16:13:25.997,1.46739,1.4675,1.00,1.56
2017.07.03 16:13:26.049,1.46739,1.46751,1.00,2.81
2017.07.03 16:13:26.102,1.46739,1.4675,1.00,1.31
2017.07.03 16:13:26.622,1.4674,1.4675,1.00,1.94
2017.07.03 16:13:27.390,1.46739,1.4675,1.00,2.06
2017.07.03 16:13:29.030,1.4674,1.4675,1.00,1.94
2017.07.03 16:13:29.539,1.4674,1.46749,1.00,1.56
2017.07.03 16:13:30.089,1.46739,1.46749,1.00,1.56
2017.07.03 16:13:30.643,1.46738,1.46748,1.00,1.69
2017.07.03 16:13:31.365,1.4674,1.46748,1.00,1.69
2017.07.03 16:13:31.876,1.4674,1.46749,1.00,1.31
2017.07.03 16:13:32.686,1.4674,1.46751,1.00,1.31
2017.07.03 16:13:33.196,1.4674,1.46751,1.00,1.12
2017.07.03 16:13:33.876,1.4674,1.4675,1.00,1.12
2017.07.03 16:13:34.510,1.46745,1.46752,1.00,1.12
2017.07.03 16:13:34.634,1.46745,1.46756,1.00,1.37
2017.07.03 16:13:34.685,1.46747,1.46757,1.00,1.00
2017.07.03 16:13:35.196,1.4675,1.46761,1.00,1.75
2017.07.03 16:13:35.658,1.46751,1.46762,1.00,1.87
2017.07.03 16:13:36.273,1.4675,1.46758,1.00,1.00
2017.07.03 16:13:36.817,1.46749,1.46758,1.00,1.00
2017.07.03 16:13:37.829,1.46749,1.46759,1.00,1.75
2017.07.03 16:13:39.978,1.4675,1.4676,1.00,1.82
2017.07.03 16:13:40.133,1.46752,1.46763,1.00,2.32
2017.07.03 16:13:40.441,1.46756,1.46766,1.00,1.37
2017.07.03 16:13:40.493,1.46756,1.46767,1.00,2.25
2017.07.03 16:13:40.596,1.46759,1.46767,1.00,1.00
2017.07.03 16:13:41.137,1.4676,1.4677,1.00,2.81
2017.07.03 16:13:41.647,1.4676,1.4677,1.00,2.81
2017.07.03 16:13:41.903,1.46758,1.4677,1.00,2.44
2017.07.03 16:13:42.706,1.46754,1.46766,1.50,1.00
2017.07.03 16:13:52.717,1.46754,1.46765,1.00,1.00
2017.07.03 16:13:53.075,1.46753,1.46762,1.12,1.12
2017.07.03 16:13:53.127,1.46751,1.46765,1.87,1.50
2017.07.03 16:13:53.280,1.46753,1.46765,1.00,1.50
2017.07.03 16:13:53.466,1.46751,1.46765,1.00,1.87
2017.07.03 16:13:53.978,1.4675,1.46764,1.00,1.00
2017.07.03 16:13:54.285,1.46752,1.46764,1.00,1.37
2017.07.03 16:13:54.807,1.46751,1.46764,1.00,1.37
2017.07.03 16:13:55.114,1.46753,1.46764,1.00,1.37
2017.07.03 16:13:55.407,1.46748,1.4676,1.00,1.75
2017.07.03 16:13:55.459,1.46748,1.4676,1.00,1.00
2017.07.03 16:13:55.665,1.46746,1.46761,1.00,1.87
2017.07.03 16:13:56.432,1.46748,1.46761,1.00,1.95
2017.07.03 16:13:56.970,1.46747,1.46758,1.00,1.37
2017.07.03 16:13:57.445,1.46748,1.4676,1.00,1.07
2017.07.03 16:13:57.548,1.46751,1.46763,1.00,1.20
2017.07.03 16:13:58.186,1.4675,1.46764,1.00,1.12
2017.07.03 16:13:58.713,1.46751,1.46764,1.00,1.12
2017.07.03 16:13:59.559,1.46756,1.46765,1.00,1.50
2017.07.03 16:13:59.611,1.46757,1.46769,1.00,1.45
2017.07.03 16:13:59.662,1.46757,1.46769,1.00,1.12
2017.07.03 16:13:59.867,1.46759,1.4677,1.00,1.37
2017.07.03 16:14:00.639,1.46761,1.46774,1.00,2.70
2017.07.03 16:14:01.770,1.46762,1.46772,1.00,1.07
2017.07.03 16:14:02.026,1.4676,1.46772,1.00,1.10
2017.07.03 16:14:03.306,1.46762,1.46774,1.00,2.32
2017.07.03 16:14:03.613,1.46762,1.46774,1.00,2.32
2017.07.03 16:14:03.767,1.4676,1.46773,1.00,1.45
2017.07.03 16:14:04.063,1.4676,1.46774,1.00,1.95
2017.07.03 16:14:04.597,1.4676,1.46774,1.00,2.32
2017.07.03 16:14:05.104,1.4676,1.46771,1.00,1.00
2017.07.03 16:14:05.401,1.46759,1.46772,1.00,1.12
2017.07.03 16:14:07.822,1.46759,1.46772,1.50,1.20
2017.07.03 16:14:08.348,1.46758,1.46771,1.12,1.37
2017.07.03 16:14:08.868,1.46758,1.46771,1.50,1.82
2017.07.03 16:14:09.177,1.46756,1.46769,1.12,1.12
2017.07.03 16:14:09.331,1.46756,1.4677,1.00,1.20
2017.07.03 16:14:09.751,1.46758,1.46771,1.00,1.95
2017.07.03 16:14:11.798,1.46756,1.46771,1.75,2.70
2017.07.03 16:14:12.055,1.46753,1.46766,1.75,1.00
2017.07.03 16:14:12.107,1.46753,1.46767,1.12,1.87
2017.07.03 16:14:12.442,1.46751,1.46764,1.50,1.12
2017.07.03 16:14:12.953,1.4675,1.46764,1.87,1.82
2017.07.03 16:14:13.986,1.4675,1.46764,1.12,1.82
2017.07.03 16:14:15.197,1.4675,1.46763,1.12,1.37
2017.07.03 16:14:15.249,1.46752,1.46764,1.12,1.00
2017.07.03 16:14:15.760,1.46753,1.46766,1.00,1.20
2017.07.03 16:14:16.271,1.46752,1.46767,1.12,1.20
2017.07.03 16:14:16.841,1.46751,1.46765,1.50,1.00
2017.07.03 16:14:17.153,1.4675,1.46762,1.75,1.00
2017.07.03 16:14:17.207,1.46749,1.46764,1.87,1.95
2017.07.03 16:14:17.415,1.46747,1.46761,1.50,1.95
2017.07.03 16:14:17.568,1.46745,1.4676,1.37,1.85
2017.07.03 16:14:18.082,1.46745,1.46761,1.87,1.87
2017.07.03 16:14:18.604,1.46748,1.46762,1.00,2.89
2017.07.03 16:14:18.925,1.46748,1.46758,1.00,1.37
2017.07.03 16:14:19.029,1.46744,1.46758,1.37,1.87
2017.07.03 16:14:19.462,1.46743,1.46759,1.87,3.00
2017.07.03 16:14:20.104,1.46743,1.46759,1.87,1.50
2017.07.03 16:14:20.555,1.46743,1.46758,1.37,1.87
2017.07.03 16:14:20.864,1.46742,1.46756,1.50,1.12
2017.07.03 16:14:21.413,1.46741,1.46757,1.75,1.95
2017.07.03 16:14:21.951,1.46745,1.46759,1.37,1.87
2017.07.03 16:14:22.004,1.46745,1.46759,1.37,1.87
2017.07.03 16:14:22.549,1.46743,1.4676,1.50,2.32
2017.07.03 16:14:23.051,1.46743,1.4676,1.37,2.25
2017.07.03 16:14:23.571,1.46741,1.4676,3.19,2.32
2017.07.03 16:14:23.796,1.46744,1.4676,1.00,2.32
2017.07.03 16:14:23.848,1.46743,1.4676,2.62,2.32
2017.07.03 16:14:25.139,1.46744,1.4676,1.75,1.57
2017.07.03 16:14:25.636,1.46743,1.4676,1.87,1.57
2017.07.03 16:14:26.175,1.46746,1.46762,1.00,1.87
2017.07.03 16:14:26.725,1.46746,1.46762,1.00,1.87
2017.07.03 16:14:27.231,1.46746,1.46761,1.00,1.50
2017.07.03 16:14:27.468,1.46747,1.46764,1.50,1.87
2017.07.03 16:14:27.827,1.46749,1.4676,1.00,1.87
2017.07.03 16:14:28.345,1.46748,1.4676,1.00,1.20
2017.07.03 16:14:28.888,1.46749,1.4676,1.00,1.20
2017.07.03 16:14:29.404,1.46749,1.4676,1.00,1.20
2017.07.03 16:14:29.816,1.46752,1.46761,1.00,1.12
2017.07.03 16:14:29.867,1.46752,1.46762,1.00,1.07
2017.07.03 16:14:29.921,1.46754,1.46763,1.00,1.57
2017.07.03 16:14:30.243,1.46757,1.46767,1.00,1.95
2017.07.03 16:14:30.294,1.46756,1.46767,1.00,1.57
2017.07.03 16:14:30.551,1.46758,1.46768,1.00,2.32
2017.07.03 16:14:31.193,1.46758,1.46768,1.00,1.95
2017.07.03 16:14:31.694,1.46757,1.46768,1.00,1.95
2017.07.03 16:14:32.228,1.46757,1.46765,1.00,1.00
2017.07.03 16:14:32.332,1.46758,1.4677,1.00,1.85
2017.07.03 16:14:32.384,1.46759,1.46771,1.00,1.76
2017.07.03 16:14:32.435,1.46759,1.46772,1.00,2.32
2017.07.03 16:14:32.487,1.46761,1.46771,1.00,1.00
2017.07.03 16:14:32.998,1.46763,1.46774,1.00,1.47
2017.07.03 16:14:33.509,1.46763,1.46776,1.00,1.57
2017.07.03 16:14:33.922,1.46765,1.46776,1.00,1.57
2017.07.03 16:14:34.230,1.46764,1.46774,1.12,1.07
2017.07.03 16:14:34.775,1.46762,1.46774,1.50,1.45
2017.07.03 16:14:35.235,1.46763,1.46772,1.00,1.12
2017.07.03 16:14:35.767,1.46764,1.46773,1.00,2.25
2017.07.03 16:14:36.118,1.46762,1.46773,1.12,2.25
2017.07.03 16:14:36.170,1.46762,1.46773,1.12,1.50
2017.07.03 16:14:36.725,1.46762,1.46773,1.12,1.10
2017.07.03 16:14:37.959,1.46761,1.46776,1.37,1.45
2017.07.03 16:14:38.347,1.46759,1.46771,1.50,1.87
2017.07.03 16:14:38.449,1.46756,1.4677,1.37,1.47
2017.07.03 16:14:38.501,1.46756,1.4677,1.00,1.95
2017.07.03 16:14:38.956,1.46755,1.46767,1.00,1.45
2017.07.03 16:14:39.110,1.46753,1.46766,1.00,1.07
2017.07.03 16:14:39.161,1.46753,1.46767,1.00,1.45
2017.07.03 16:14:40.005,1.46753,1.46767,1.00,1.47
2017.07.03 16:14:40.555,1.46754,1.46768,1.00,1.95
2017.07.03 16:14:41.100,1.46755,1.46768,1.00,1.47
2017.07.03 16:14:41.651,1.46754,1.46768,1.12,1.85
2017.07.03 16:14:42.162,1.46755,1.46768,1.00,1.95
2017.07.03 16:14:43.139,1.46753,1.46767,1.37,1.95
2017.07.03 16:14:43.191,1.46752,1.46767,1.00,1.95
2017.07.03 16:14:44.296,1.46752,1.46767,1.00,2.70
2017.07.03 16:14:45.344,1.46752,1.46765,1.00,1.20
2017.07.03 16:14:45.811,1.46752,1.46765,1.00,1.37
2017.07.03 16:14:46.357,1.46753,1.46765,1.00,1.45
2017.07.03 16:14:47.020,1.46753,1.46765,1.00,1.45
2017.07.03 16:14:48.132,1.46752,1.46765,1.00,1.45
2017.07.03 16:14:51.681,1.46752,1.46765,1.00,1.47
2017.07.03 16:14:52.684,1.46745,1.4676,3.56,1.20
2017.07.03 16:14:52.735,1.46745,1.46759,1.31,1.37
2017.07.03 16:14:52.889,1.46743,1.46753,1.31,1.87
2017.07.03 16:14:53.042,1.46739,1.46751,1.00,1.12
2017.07.03 16:14:53.553,1.46741,1.46753,1.00,1.45
2017.07.03 16:14:53.720,1.46742,1.46756,1.00,2.62
2017.07.03 16:14:54.320,1.46744,1.46756,1.00,1.20
2017.07.03 16:14:54.931,1.46744,1.46758,1.12,2.32
2017.07.03 16:14:55.355,1.46744,1.46758,1.12,2.32
2017.07.03 16:14:56.416,1.46746,1.46757,1.00,1.37
2017.07.03 16:14:58.646,1.46747,1.46758,1.00,3.37
2017.07.03 16:14:59.175,1.46747,1.46757,1.00,1.00
2017.07.03 16:14:59.697,1.46747,1.46758,1.00,1.00
2017.07.03 16:15:00.243,1.46748,1.4676,1.00,1.75
2017.07.03 16:15:00.551,1.46755,1.46765,1.00,1.00
2017.07.03 16:15:01.318,1.46756,1.46768,1.00,2.25
2017.07.03 16:15:01.471,1.46756,1.46768,1.00,2.32
2017.07.03 16:15:02.208,1.46756,1.46768,1.00,3.82
2017.07.03 16:15:02.726,1.46755,1.46767,1.50,1.20
2017.07.03 16:15:03.241,1.46756,1.46765,1.00,1.00
2017.07.03 16:15:03.958,1.46755,1.46765,1.50,1.00
2017.07.03 16:15:04.468,1.46756,1.46768,1.00,1.95
2017.07.03 16:15:04.988,1.46755,1.46765,1.50,1.12
2017.07.03 16:15:05.763,1.46756,1.46765,1.00,1.12
2017.07.03 16:15:12.686,1.46756,1.46765,1.00,1.37
2017.07.03 16:15:13.785,1.46756,1.46765,1.00,1.12
2017.07.03 16:15:17.561,1.46757,1.46767,1.00,1.37
2017.07.03 16:15:17.987,1.46758,1.46767,1.50,1.00
2017.07.03 16:15:18.141,1.4676,1.46772,1.00,2.62
2017.07.03 16:15:18.658,1.4676,1.46771,1.00,3.07
2017.07.03 16:15:19.170,1.4676,1.4677,1.00,1.50
2017.07.03 16:15:19.323,1.4676,1.46769,1.00,1.37
2017.07.03 16:15:20.374,1.4676,1.4677,1.00,2.25
2017.07.03 16:15:22.035,1.4676,1.46768,1.00,1.00
2017.07.03 16:15:22.551,1.4676,1.46767,1.00,1.12
2017.07.03 16:15:22.883,1.4676,1.46768,1.00,1.95
2017.07.03 16:15:24.190,1.46757,1.46762,1.50,1.00
2017.07.03 16:15:24.242,1.46754,1.46763,1.00,1.75
2017.07.03 16:15:25.332,1.46754,1.4676,1.00,1.50
2017.07.03 16:15:25.537,1.46752,1.4676,1.00,1.50
2017.07.03 16:15:26.086,1.46752,1.4676,1.00,1.50
2017.07.03 16:15:27.179,1.46752,1.46762,1.00,1.87
2017.07.03 16:15:27.804,1.46752,1.46761,1.00,1.12
2017.07.03 16:15:28.314,1.46752,1.4676,1.00,1.12
2017.07.03 16:15:28.834,1.46752,1.46761,1.00,1.00
2017.07.03 16:15:29.338,1.46752,1.4676,1.00,1.00
2017.07.03 16:15:29.921,1.46752,1.46759,1.00,1.00
2017.07.03 16:15:30.199,1.46748,1.46759,1.00,1.57
2017.07.03 16:15:31.245,1.46748,1.46758,1.00,1.00
2017.07.03 16:15:32.685,1.46751,1.46761,1.00,1.00
2017.07.03 16:15:32.788,1.46753,1.46764,1.50,1.00
2017.07.03 16:15:33.071,1.46755,1.46766,1.00,1.12
2017.07.03 16:15:33.378,1.46751,1.46761,1.00,1.50
2017.07.03 16:15:34.281,1.46751,1.46761,1.00,1.50
2017.07.03 16:15:35.951,1.46751,1.4676,1.00,2.32
2017.07.03 16:15:36.469,1.46751,1.46759,1.00,2.32
2017.07.03 16:15:36.878,1.46751,1.46759,1.00,1.10
2017.07.03 16:15:37.627,1.46751,1.4676,1.00,1.82
2017.07.03 16:15:43.620,1.46751,1.4676,1.00,1.20
2017.07.03 16:15:44.158,1.46751,1.46759,1.00,1.12
2017.07.03 16:15:45.294,1.46751,1.4676,1.00,3.00
2017.07.03 16:15:46.336,1.46751,1.46759,1.00,1.00
2017.07.03 16:15:47.240,1.46751,1.46758,1.00,1.00
2017.07.03 16:15:47.750,1.46751,1.46759,1.00,1.00
2017.07.03 16:15:48.915,1.46751,1.4676,1.00,1.87
2017.07.03 16:15:49.392,1.46751,1.46764,1.00,2.62
2017.07.03 16:15:49.546,1.46755,1.46765,1.00,1.00
2017.07.03 16:15:49.802,1.46754,1.46769,1.00,2.51
2017.07.03 16:15:49.853,1.46757,1.46769,1.00,2.51
2017.07.03 16:15:50.365,1.46757,1.4677,1.00,2.89
2017.07.03 16:15:50.924,1.46757,1.46767,1.00,1.00
2017.07.03 16:15:51.436,1.46757,1.46769,1.00,1.50
2017.07.03 16:15:51.897,1.46757,1.46766,1.00,1.00
2017.07.03 16:15:52.413,1.46757,1.4677,1.00,2.62
2017.07.03 16:15:53.234,1.46757,1.46769,1.00,1.00
2017.07.03 16:15:53.748,1.46757,1.4677,1.00,1.50
2017.07.03 16:15:54.258,1.46757,1.46771,1.00,3.19
2017.07.03 16:15:54.361,1.46757,1.46766,1.00,1.00
2017.07.03 16:15:54.413,1.46757,1.46768,1.00,1.00
2017.07.03 16:15:54.925,1.46757,1.46769,1.00,1.69
2017.07.03 16:15:55.466,1.46757,1.46768,1.00,1.12
2017.07.03 16:15:56.027,1.46757,1.46769,1.00,1.12
2017.07.03 16:15:56.578,1.46757,1.4677,1.00,2.06
2017.07.03 16:15:57.511,1.46757,1.46769,1.00,2.25
2017.07.03 16:15:58.277,1.46757,1.46769,1.00,1.87
2017.07.03 16:15:59.349,1.46757,1.46768,1.00,1.87
2017.07.03 16:16:00.688,1.46757,1.46765,1.00,1.00
2017.07.03 16:16:01.032,1.46757,1.46763,1.00,1.00
2017.07.03 16:16:01.417,1.46757,1.46761,1.00,1.00
2017.07.03 16:16:02.086,1.46756,1.4676,1.00,1.00
2017.07.03 16:16:04.041,1.46755,1.46759,1.00,1.00
2017.07.03 16:16:04.145,1.46754,1.46758,1.00,1.00
2017.07.03 16:16:04.196,1.46751,1.46758,1.00,1.00
2017.07.03 16:16:05.307,1.46751,1.46757,1.00,1.00
2017.07.03 16:16:05.360,1.46748,1.46757,1.00,1.12
2017.07.03 16:16:05.929,1.46748,1.46754,1.00,1.00
2017.07.03 16:16:05.983,1.46746,1.46754,1.00,1.12
2017.07.03 16:16:06.087,1.46746,1.46753,1.00,1.37
2017.07.03 16:16:06.138,1.46742,1.46751,1.50,1.12
2017.07.03 16:16:06.190,1.46742,1.46749,1.50,1.00
2017.07.03 16:16:06.691,1.46741,1.46747,1.00,1.00
2017.07.03 16:16:06.742,1.46741,1.46749,1.00,1.00
2017.07.03 16:16:07.409,1.46737,1.46745,1.00,1.87
2017.07.03 16:16:07.619,1.46734,1.46743,1.00,2.25
2017.07.03 16:16:13.374,1.46734,1.46745,1.00,2.25
2017.07.03 16:16:13.425,1.46734,1.46745,1.00,3.75
2017.07.03 16:16:14.646,1.46734,1.46744,1.00,2.32
2017.07.03 16:16:17.510,1.46734,1.46744,1.00,1.00
2017.07.03 16:16:17.562,1.46737,1.46747,1.00,1.50
2017.07.03 16:16:17.819,1.46737,1.46749,1.00,1.87
2017.07.03 16:16:19.405,1.46739,1.46752,1.00,2.62
2017.07.03 16:16:19.763,1.46739,1.46751,1.00,1.50
2017.07.03 16:16:20.165,1.46743,1.46753,1.00,1.00
2017.07.03 16:16:20.625,1.46746,1.46757,1.00,2.62
2017.07.03 16:16:20.831,1.46748,1.4676,1.00,1.50
2017.07.03 16:16:21.335,1.46748,1.46761,1.00,1.12
2017.07.03 16:16:21.539,1.46748,1.46759,1.00,1.00
2017.07.03 16:16:22.052,1.46748,1.4676,1.00,1.00
2017.07.03 16:16:22.562,1.46748,1.46759,1.00,1.00
2017.07.03 16:16:23.073,1.46748,1.4676,1.00,1.87
2017.07.03 16:16:23.588,1.46748,1.4676,1.00,2.62
2017.07.03 16:16:24.127,1.46748,1.46758,1.00,1.00
2017.07.03 16:16:24.474,1.46746,1.46753,1.00,1.00
2017.07.03 16:16:26.467,1.46746,1.46753,1.00,1.87
2017.07.03 16:16:26.570,1.46746,1.46756,1.00,2.62
2017.07.03 16:16:26.775,1.46746,1.46758,1.00,1.12
2017.07.03 16:16:27.184,1.46746,1.46756,1.00,1.12
2017.07.03 16:16:27.926,1.46746,1.46756,1.00,1.50
2017.07.03 16:16:29.325,1.46746,1.46756,1.00,1.87
2017.07.03 16:16:30.107,1.46746,1.46756,1.00,1.37
2017.07.03 16:16:30.618,1.46746,1.46756,1.00,1.87
2017.07.03 16:16:31.200,1.46746,1.46756,1.00,2.25
2017.07.03 16:16:31.252,1.46744,1.46751,1.00,1.37
2017.07.03 16:16:31.304,1.46743,1.46751,1.00,1.50
2017.07.03 16:16:31.356,1.4674,1.4675,1.00,1.37
2017.07.03 16:16:32.127,1.46737,1.46747,1.00,2.44
2017.07.03 16:16:32.179,1.46735,1.46746,1.00,1.87
2017.07.03 16:16:32.742,1.46735,1.46745,1.00,3.75
2017.07.03 16:16:32.845,1.46735,1.46744,1.00,1.37
2017.07.03 16:16:33.049,1.46735,1.46747,1.00,2.62
2017.07.03 16:16:33.550,1.46736,1.4675,1.00,1.50
2017.07.03 16:16:33.703,1.46736,1.46751,1.00,3.00
2017.07.03 16:16:34.229,1.46738,1.4675,1.00,1.00
2017.07.03 16:16:35.166,1.46738,1.46749,1.00,1.00
2017.07.03 16:16:37.205,1.46738,1.46751,1.00,3.00
2017.07.03 16:16:38.047,1.46738,1.46751,1.00,2.25
2017.07.03 16:16:38.305,1.46741,1.46753,1.00,1.00
2017.07.03 16:16:38.815,1.46741,1.46753,1.00,1.50
2017.07.03 16:16:39.329,1.46741,1.46754,1.00,2.70
2017.07.03 16:16:39.437,1.46744,1.46753,1.00,1.00
2017.07.03 16:16:39.643,1.46744,1.46755,1.00,1.00
2017.07.03 16:16:40.157,1.46744,1.46757,1.00,1.50
2017.07.03 16:16:40.589,1.46744,1.46755,1.00,1.75
2017.07.03 16:16:41.100,1.46744,1.46754,1.00,3.07
2017.07.03 16:16:41.203,1.46744,1.46754,1.25,1.00
2017.07.03 16:16:41.255,1.46746,1.46755,1.00,1.50
2017.07.03 16:16:41.357,1.46746,1.46757,1.00,2.25
2017.07.03 16:16:41.899,1.46746,1.46757,1.00,1.50
2017.07.03 16:16:42.513,1.46746,1.46756,1.00,1.37
2017.07.03 16:16:43.338,1.46746,1.46758,1.00,2.44
2017.07.03 16:16:44.534,1.46746,1.46755,1.00,2.06
2017.07.03 16:16:45.086,1.46746,1.46754,1.00,1.00
2017.07.03 16:16:45.241,1.46746,1.46757,1.00,1.31
2017.07.03 16:16:45.758,1.46751,1.46761,1.19,1.31
2017.07.03 16:16:45.912,1.46751,1.46763,1.19,1.50
2017.07.03 16:16:47.960,1.46751,1.46764,1.19,1.25
2017.07.03 16:16:48.137,1.46753,1.46764,1.31,1.00
2017.07.03 16:16:48.342,1.4676,1.46771,1.19,1.50
2017.07.03 16:16:48.495,1.4676,1.46772,1.19,1.00
2017.07.03 16:16:49.001,1.46761,1.46775,1.25,1.50
2017.07.03 16:16:51.293,1.46761,1.46774,1.25,1.95
2017.07.03 16:16:51.599,1.46761,1.46769,1.00,1.37
2017.07.03 16:16:53.237,1.46761,1.4677,1.00,1.87
2017.07.03 16:16:54.036,1.46761,1.46769,1.00,1.50
2017.07.03 16:16:54.541,1.46761,1.46769,1.00,1.50
2017.07.03 16:16:55.203,1.46758,1.46769,1.00,2.62
2017.07.03 16:16:56.610,1.46757,1.46767,1.00,2.62
2017.07.03 16:16:56.917,1.46754,1.46763,1.00,3.07
2017.07.03 16:16:56.969,1.46748,1.4676,1.37,1.70
2017.07.03 16:16:57.123,1.46746,1.46756,1.00,1.00
2017.07.03 16:16:58.178,1.46744,1.46756,1.00,1.95
2017.07.03 16:16:58.699,1.46744,1.46755,1.00,1.10
2017.07.03 16:17:00.149,1.46744,1.46756,1.00,1.00
2017.07.03 16:17:00.660,1.46744,1.46757,1.00,1.00
2017.07.03 16:17:01.022,1.46748,1.4676,1.00,1.82
2017.07.03 16:17:01.227,1.46751,1.46765,1.00,3.00
2017.07.03 16:17:02.326,1.46751,1.46764,1.00,1.12
2017.07.03 16:17:02.848,1.46751,1.46764,1.00,1.87
2017.07.03 16:17:03.055,1.46753,1.46764,1.00,1.00
2017.07.03 16:17:03.108,1.46753,1.46767,1.00,1.87
2017.07.03 16:17:03.163,1.46756,1.46767,1.00,1.37
2017.07.03 16:17:03.695,1.46756,1.46767,1.00,1.12
2017.07.03 16:17:04.243,1.46756,1.46771,1.50,2.62
2017.07.03 16:17:04.295,1.46756,1.46771,1.00,1.50
2017.07.03 16:17:04.449,1.46756,1.46768,1.00,1.12
2017.07.03 16:17:04.950,1.46756,1.46766,1.00,1.00
2017.07.03 16:17:05.206,1.46756,1.46768,1.00,1.12
2017.07.03 16:17:05.716,1.46756,1.46767,1.00,1.12
2017.07.03 16:17:07.028,1.46755,1.46768,1.00,1.37
2017.07.03 16:17:07.283,1.46755,1.46769,1.00,1.00
2017.07.03 16:17:07.822,1.46755,1.46768,1.00,1.00
2017.07.03 16:17:08.339,1.46756,1.46768,1.00,1.50
2017.07.03 16:17:10.041,1.46755,1.46768,1.00,1.50
2017.07.03 16:17:10.764,1.46756,1.4677,1.00,2.62
2017.07.03 16:17:11.301,1.46755,1.46769,1.12,1.10
2017.07.03 16:17:11.403,1.46753,1.46763,1.75,1.00
2017.07.03 16:17:13.321,1.46755,1.46764,1.25,1.00
2017.07.03 16:17:13.847,1.46755,1.46764,1.62,1.00
2017.07.03 16:17:17.446,1.46755,1.46765,1.69,1.00
2017.07.03 16:17:17.985,1.46755,1.46764,1.69,1.00
2017.07.03 16:17:18.405,1.46755,1.4676,1.50,1.00
2017.07.03 16:17:18.458,1.4675,1.46761,1.50,1.00
2017.07.03 16:17:18.510,1.4675,1.46759,1.50,1.00
2017.07.03 16:17:18.816,1.4675,1.46757,1.00,1.00
2017.07.03 16:17:19.328,1.4675,1.46758,1.00,1.00
2017.07.03 16:17:19.380,1.4675,1.46762,1.87,1.00
2017.07.03 16:17:19.431,1.46754,1.46763,1.00,1.00
2017.07.03 16:17:19.789,1.46757,1.46765,1.00,1.00
2017.07.03 16:17:20.310,1.46757,1.46766,1.00,1.00
2017.07.03 16:17:20.720,1.46757,1.46764,1.00,1.00
2017.07.03 16:17:21.028,1.46757,1.46762,1.00,1.00
2017.07.03 16:17:21.450,1.46757,1.46764,1.00,1.00
2017.07.03 16:17:21.964,1.46757,1.46764,1.37,1.00
2017.07.03 16:17:22.016,1.46757,1.46766,1.37,1.00
2017.07.03 16:17:22.328,1.46757,1.46764,1.37,1.00
2017.07.03 16:17:22.868,1.46757,1.46765,1.37,1.00
2017.07.03 16:17:23.535,1.46757,1.46766,1.37,1.00
2017.07.03 16:17:24.223,1.46761,1.46767,1.00,1.00
2017.07.03 16:17:24.326,1.46761,1.46771,1.37,1.12
2017.07.03 16:17:24.684,1.46763,1.46771,1.37,1.00
2017.07.03 16:17:25.209,1.4676,1.46768,1.75,1.00
2017.07.03 16:17:25.363,1.4676,1.46768,1.00,1.00
2017.07.03 16:17:25.825,1.46758,1.46767,1.00,1.00
2017.07.03 16:17:28.381,1.46758,1.46768,1.00,1.00
2017.07.03 16:17:29.161,1.46758,1.46767,1.00,1.00
2017.07.03 16:17:29.701,1.46758,1.46766,1.00,1.00
2017.07.03 16:17:30.316,1.46758,1.46767,1.00,1.00
2017.07.03 16:17:30.783,1.46761,1.4677,1.00,1.00
2017.07.03 16:17:31.294,1.46761,1.46771,1.12,1.00
2017.07.03 16:17:32.955,1.46761,1.4677,1.00,1.00
2017.07.03 16:17:33.262,1.46758,1.46766,1.00,1.00
2017.07.03 16:17:33.786,1.46757,1.46766,1.00,1.00
2017.07.03 16:17:37.642,1.46757,1.46764,1.12,1.00
2017.07.03 16:17:37.745,1.46757,1.46767,1.19,1.00
2017.07.03 16:17:38.462,1.46757,1.46768,1.19,1.00
2017.07.03 16:17:40.839,1.46757,1.46766,1.31,1.00
2017.07.03 16:17:41.157,1.46757,1.46768,1.19,1.00
2017.07.03 16:17:41.689,1.46757,1.46766,1.19,1.00
2017.07.03 16:17:42.047,1.46757,1.46768,1.00,1.00
2017.07.03 16:17:42.150,1.46757,1.46766,1.00,1.00
2017.07.03 16:17:42.303,1.46758,1.46769,1.44,1.00
2017.07.03 16:17:42.810,1.46758,1.46767,1.12,1.00
2017.07.03 16:17:43.434,1.46757,1.46766,1.25,1.00
2017.07.03 16:17:43.949,1.46757,1.46765,1.00,1.00
2017.07.03 16:17:45.244,1.46757,1.46767,1.00,1.00
2017.07.03 16:17:45.792,1.46757,1.46766,1.00,1.00
2017.07.03 16:17:47.991,1.46757,1.46765,1.00,1.00
2017.07.03 16:17:48.543,1.46757,1.46766,1.12,1.00
2017.07.03 16:17:48.799,1.46757,1.46768,1.12,1.00
2017.07.03 16:17:49.589,1.46757,1.46766,1.50,1.00
2017.07.03 16:17:49.895,1.46757,1.46768,1.50,1.00
2017.07.03 16:17:55.395,1.46757,1.46769,1.50,1.00
2017.07.03 16:17:56.209,1.4676,1.4677,1.00,1.00
2017.07.03 16:17:56.260,1.4676,1.46773,1.25,1.37
2017.07.03 16:17:56.364,1.46764,1.46773,1.00,1.00
2017.07.03 16:17:56.877,1.46764,1.46771,1.00,1.00
2017.07.03 16:17:57.031,1.46764,1.46773,1.00,1.00
2017.07.03 16:17:57.134,1.46766,1.46774,1.12,1.00
2017.07.03 16:17:57.933,1.46766,1.46773,1.00,1.00
2017.07.03 16:17:58.241,1.4676,1.46772,1.37,1.00
2017.07.03 16:17:58.783,1.46762,1.46771,1.00,1.00
2017.07.03 16:17:59.918,1.46762,1.46773,1.00,1.00
2017.07.03 16:17:59.969,1.46762,1.46775,1.50,1.12
2017.07.03 16:18:00.278,1.46765,1.46773,1.00,1.00
2017.07.03 16:18:00.688,1.46765,1.46775,1.00,1.00
2017.07.03 16:18:02.173,1.46765,1.46776,1.00,1.00
2017.07.03 16:18:03.258,1.46765,1.46773,1.00,1.00
2017.07.03 16:18:03.515,1.46765,1.46775,1.00,1.00
2017.07.03 16:18:04.037,1.46765,1.46776,1.00,1.00
2017.07.03 16:18:05.087,1.46765,1.46777,1.00,1.12
2017.07.03 16:18:05.190,1.46765,1.46775,1.00,1.00
2017.07.03 16:18:07.156,1.46765,1.46774,1.00,1.00
2017.07.03 16:18:08.143,1.46765,1.46775,1.00,1.00
2017.07.03 16:18:08.454,1.46765,1.46773,1.00,1.00
2017.07.03 16:18:10.400,1.46765,1.46772,1.00,1.00
2017.07.03 16:18:15.203,1.46762,1.46769,1.00,1.00
2017.07.03 16:18:15.307,1.46759,1.46767,1.12,1.12
2017.07.03 16:18:15.358,1.46755,1.46763,1.37,1.00
2017.07.03 16:18:15.769,1.46758,1.46768,1.00,1.00
2017.07.03 16:18:15.821,1.46758,1.4677,1.00,1.12
2017.07.03 16:18:16.325,1.46758,1.4677,1.50,1.00
2017.07.03 16:18:16.837,1.46758,1.4677,1.50,1.00
2017.07.03 16:18:16.889,1.46758,1.4677,1.75,1.00
2017.07.03 16:18:16.940,1.46758,1.46772,1.75,1.00
2017.07.03 16:18:17.145,1.46758,1.4677,1.75,1.00
2017.07.03 16:18:17.247,1.46758,1.4677,1.12,1.00
2017.07.03 16:18:17.350,1.46758,1.46767,1.12,1.00
2017.07.03 16:18:18.472,1.46758,1.46768,1.00,1.00
2017.07.03 16:18:19.609,1.46758,1.46766,1.00,1.00
2017.07.03 16:18:20.136,1.46758,1.46765,1.00,1.00
2017.07.03 16:18:21.976,1.46758,1.46764,1.00,1.00
2017.07.03 16:18:22.527,1.46758,1.46766,1.00,1.00
2017.07.03 16:18:22.630,1.46758,1.46768,1.00,1.00
2017.07.03 16:18:22.880,1.46758,1.46766,1.00,1.00
2017.07.03 16:18:25.777,1.46758,1.46763,1.00,1.00
2017.07.03 16:18:26.282,1.46758,1.46764,1.00,1.00
2017.07.03 16:18:27.495,1.46754,1.46762,1.00,1.00
2017.07.03 16:18:27.992,1.46754,1.46764,1.00,1.00
2017.07.03 16:18:29.783,1.46751,1.4676,1.00,1.00
2017.07.03 16:18:29.889,1.46751,1.46763,1.00,1.00
2017.07.03 16:18:29.941,1.46755,1.46763,1.00,1.00
2017.07.03 16:18:30.248,1.46755,1.4676,1.00,1.00
2017.07.03 16:18:30.454,1.46755,1.46762,1.00,1.00
2017.07.03 16:18:30.666,1.46755,1.46764,1.00,1.00
2017.07.03 16:18:30.864,1.46757,1.46767,1.00,1.00
2017.07.03 16:18:30.916,1.46758,1.46767,1.12,1.00
2017.07.03 16:18:31.070,1.46758,1.46769,1.12,1.00
2017.07.03 16:18:33.977,1.46759,1.46771,1.50,1.00
2017.07.03 16:18:34.109,1.46759,1.46769,1.50,1.00
2017.07.03 16:18:34.572,1.46763,1.46773,1.12,1.00
2017.07.03 16:18:34.880,1.46765,1.46776,1.00,1.00
2017.07.03 16:18:35.398,1.46765,1.46776,1.50,1.00
2017.07.03 16:18:35.908,1.46765,1.46775,1.50,1.00
2017.07.03 16:18:36.833,1.46764,1.46771,1.12,1.00
2017.07.03 16:18:37.039,1.4676,1.46766,1.00,1.00
2017.07.03 16:18:37.797,1.4676,1.46765,1.00,1.00
2017.07.03 16:18:38.261,1.4676,1.46767,1.00,1.00
2017.07.03 16:18:38.808,1.4676,1.46766,1.00,1.00
2017.07.03 16:18:39.065,1.46757,1.46767,1.00,1.00
2017.07.03 16:18:39.117,1.46757,1.46765,1.00,1.00
2017.07.03 16:18:39.475,1.46755,1.46764,1.12,1.00
2017.07.03 16:18:40.852,1.46755,1.46763,1.12,1.00
2017.07.03 16:18:41.005,1.46755,1.46765,1.12,1.00
2017.07.03 16:18:41.510,1.46755,1.46764,1.12,1.00
2017.07.03 16:18:41.766,1.46755,1.46767,1.69,1.00
2017.07.03 16:18:41.817,1.46755,1.46765,1.69,1.00
2017.07.03 16:18:42.328,1.46755,1.46764,1.12,1.00
2017.07.03 16:18:42.534,1.46751,1.46761,1.00,1.00
2017.07.03 16:18:43.073,1.46751,1.46762,1.31,1.00
2017.07.03 16:18:43.886,1.46751,1.4676,1.31,1.00
2017.07.03 16:18:44.193,1.46752,1.46762,1.25,1.00
2017.07.03 16:18:44.501,1.46755,1.46765,1.12,1.00
2017.07.03 16:18:45.034,1.46755,1.46766,1.31,1.00
2017.07.03 16:18:45.701,1.46755,1.46764,1.12,1.00
2017.07.03 16:18:47.691,1.46755,1.46766,1.12,1.00
2017.07.03 16:18:48.293,1.46755,1.46764,1.12,1.00
2017.07.03 16:18:48.806,1.46755,1.46765,1.00,1.00
2017.07.03 16:18:49.531,1.46757,1.46767,1.00,1.00
2017.07.03 16:18:49.888,1.46757,1.46769,1.12,1.00
2017.07.03 16:18:50.461,1.4676,1.46769,1.00,1.00
2017.07.03 16:18:50.513,1.4676,1.46771,1.00,1.00
2017.07.03 16:18:50.667,1.4676,1.46769,1.00,1.00
2017.07.03 16:18:50.821,1.4676,1.46771,1.00,1.00
2017.07.03 16:18:51.356,1.4676,1.4677,1.00,1.00
2017.07.03 16:18:51.890,1.4676,1.46772,1.00,1.00
2017.07.03 16:18:51.942,1.46762,1.46774,1.00,1.00
2017.07.03 16:18:52.577,1.46762,1.46772,1.12,1.00
2017.07.03 16:18:52.969,1.46762,1.46769,1.00,1.00
2017.07.03 16:18:53.963,1.46762,1.4677,1.00,1.00
2017.07.03 16:18:54.270,1.4676,1.46767,1.00,1.00
2017.07.03 16:18:54.917,1.4676,1.46768,1.00,1.00
2017.07.03 16:18:57.040,1.4676,1.46773,1.00,1.12
2017.07.03 16:18:57.550,1.4676,1.46773,1.00,1.37
2017.07.03 16:19:01.327,1.4676,1.46773,1.00,1.00
2017.07.03 16:19:02.090,1.4676,1.46776,1.00,3.00
2017.07.03 16:19:02.560,1.4676,1.46776,1.00,1.87
2017.07.03 16:19:02.816,1.4676,1.46774,1.00,1.00
2017.07.03 16:19:03.124,1.46761,1.46776,1.00,1.87
2017.07.03 16:19:03.660,1.46761,1.46776,1.00,1.87
2017.07.03 16:19:04.643,1.46762,1.46776,1.00,1.50
2017.07.03 16:19:05.150,1.46762,1.46776,1.31,1.37
2017.07.03 16:19:05.689,1.46762,1.46775,1.00,1.12
2017.07.03 16:19:06.112,1.46762,1.46775,1.00,2.51
2017.07.03 16:19:06.163,1.46759,1.46773,1.00,1.50
2017.07.03 16:19:07.582,1.46759,1.46771,1.00,2.25
2017.07.03 16:19:09.368,1.4676,1.46771,1.00,1.87
2017.07.03 16:19:09.572,1.46756,1.46766,1.00,2.25
2017.07.03 16:19:09.676,1.46751,1.46763,1.00,2.62
2017.07.03 16:19:10.192,1.46751,1.46762,1.00,1.12
2017.07.03 16:19:10.449,1.46749,1.4676,1.00,2.81
2017.07.03 16:19:10.656,1.46747,1.46757,1.00,1.50
2017.07.03 16:19:10.926,1.4675,1.46761,1.00,1.50
2017.07.03 16:19:10.978,1.46751,1.46761,1.00,1.00
2017.07.03 16:19:11.491,1.46752,1.46764,1.00,1.87
2017.07.03 16:19:13.190,1.46752,1.46764,1.00,1.87
2017.07.03 16:19:13.550,1.46754,1.46765,1.00,1.87
2017.07.03 16:19:13.699,1.46755,1.46767,1.00,2.44
2017.07.03 16:19:14.224,1.46756,1.46767,1.00,1.50
2017.07.03 16:19:14.745,1.46756,1.46767,1.00,1.50
2017.07.03 16:19:15.200,1.46758,1.46767,1.00,1.12
2017.07.03 16:19:15.303,1.46759,1.46771,1.00,1.50
2017.07.03 16:19:15.810,1.4676,1.46772,1.00,1.75
2017.07.03 16:19:16.320,1.46761,1.46772,1.00,1.75
2017.07.03 16:19:17.189,1.46759,1.46771,1.00,1.50
2017.07.03 16:19:17.691,1.46759,1.46771,1.00,1.50
2017.07.03 16:19:19.817,1.46759,1.46771,1.00,1.50
2017.07.03 16:19:20.343,1.46761,1.46772,1.00,1.75
2017.07.03 16:19:20.956,1.46761,1.46772,1.00,1.50
2017.07.03 16:19:21.374,1.46763,1.46772,1.00,1.12
2017.07.03 16:19:21.950,1.46762,1.46772,1.00,1.37
2017.07.03 16:19:22.614,1.46763,1.46771,1.00,1.00
2017.07.03 16:19:23.127,1.46763,1.46772,1.00,1.00
2017.07.03 16:19:24.208,1.46761,1.46773,1.00,2.25
2017.07.03 16:19:24.805,1.46759,1.46772,1.00,2.25
2017.07.03 16:19:25.333,1.46758,1.46769,1.50,1.75
2017.07.03 16:19:25.875,1.46759,1.46768,1.00,1.37
2017.07.03 16:19:26.183,1.46755,1.46768,1.50,1.37
2017.07.03 16:19:28.188,1.46755,1.46767,1.50,1.00
2017.07.03 16:19:29.360,1.46755,1.46768,1.50,2.25
2017.07.03 16:19:30.702,1.46755,1.46767,1.50,1.50
2017.07.03 16:19:31.701,1.46756,1.46767,1.00,1.37
2017.07.03 16:19:31.752,1.46758,1.46767,1.00,1.37
2017.07.03 16:19:32.337,1.46757,1.46766,1.00,1.00
2017.07.03 16:19:32.646,1.46756,1.46767,1.00,1.12
2017.07.03 16:19:32.697,1.46756,1.46766,1.00,1.00
2017.07.03 16:19:32.800,1.46758,1.46769,1.00,1.87
2017.07.03 16:19:33.327,1.46759,1.4677,1.00,1.75
2017.07.03 16:19:35.283,1.46759,1.4677,1.00,1.87
2017.07.03 16:19:35.845,1.4676,1.4677,1.00,1.37
2017.07.03 16:19:35.897,1.4676,1.4677,1.00,1.00
2017.07.03 16:19:36.308,1.46762,1.46773,1.00,1.50
2017.07.03 16:19:37.411,1.4676,1.46772,1.00,3.00
2017.07.03 16:19:37.655,1.46758,1.46769,1.50,1.00
2017.07.03 16:19:38.082,1.46758,1.46769,1.50,1.37
2017.07.03 16:19:38.338,1.46759,1.46771,1.00,1.75
2017.07.03 16:19:39.239,1.46763,1.46772,1.00,1.87
2017.07.03 16:19:39.342,1.46763,1.46772,1.00,1.12
2017.07.03 16:19:40.334,1.46763,1.46773,1.00,2.62
2017.07.03 16:19:40.808,1.46761,1.46771,1.00,1.12
2017.07.03 16:19:41.525,1.46762,1.46771,1.00,1.12
2017.07.03 16:19:41.632,1.4676,1.46772,1.00,1.87
2017.07.03 16:19:42.218,1.46759,1.46769,1.00,1.00
2017.07.03 16:19:42.738,1.46759,1.4677,1.00,1.37
2017.07.03 16:19:43.688,1.46757,1.4677,1.00,2.25
2017.07.03 16:19:43.887,1.46759,1.4677,1.00,1.37
2017.07.03 16:19:44.043,1.46761,1.46774,1.00,1.87
2017.07.03 16:19:44.248,1.46763,1.46774,1.00,1.87
2017.07.03 16:19:44.504,1.4676,1.46772,1.00,3.00
2017.07.03 16:19:44.710,1.46758,1.46769,1.50,1.37
2017.07.03 16:19:45.084,1.46757,1.46769,1.00,2.62
2017.07.03 16:19:45.597,1.46754,1.46768,1.00,1.75
2017.07.03 16:19:45.802,1.46752,1.46764,1.50,2.25
2017.07.03 16:19:45.956,1.46747,1.46761,1.00,3.00
2017.07.03 16:19:46.601,1.46747,1.46759,1.00,3.00
2017.07.03 16:19:47.111,1.46747,1.46758,1.00,1.12
2017.07.03 16:19:47.163,1.46745,1.46757,1.00,1.37
2017.07.03 16:19:47.490,1.46748,1.46759,1.00,1.37
2017.07.03 16:19:48.472,1.46748,1.4676,1.00,1.37
2017.07.03 16:19:49.004,1.46749,1.4676,1.00,1.87
2017.07.03 16:19:49.868,1.46748,1.4676,1.00,1.87
2017.07.03 16:19:50.425,1.46748,1.46761,1.00,1.12
2017.07.03 16:19:50.479,1.46751,1.46761,1.00,1.00
2017.07.03 16:19:50.642,1.46752,1.46764,1.25,1.37
2017.07.03 16:19:50.744,1.46754,1.46764,1.00,1.00
2017.07.03 16:19:51.255,1.46755,1.46766,1.00,1.37
2017.07.03 16:19:53.800,1.46755,1.46767,1.00,2.62
2017.07.03 16:19:55.077,1.46754,1.46765,1.00,1.00
2017.07.03 16:19:55.922,1.46754,1.46765,1.00,1.37
2017.07.03 16:19:57.062,1.46754,1.46765,1.00,1.12
2017.07.03 16:19:57.543,1.46756,1.46767,1.00,1.12
2017.07.03 16:19:58.053,1.46755,1.46767,1.00,1.50
2017.07.03 16:19:58.636,1.46755,1.46767,1.00,1.87
2017.07.03 16:19:59.154,1.46756,1.46767,1.00,1.87
2017.07.03 16:20:00.900,1.46757,1.46767,1.00,1.50
2017.07.03 16:20:01.439,1.46755,1.46767,1.00,1.37
2017.07.03 16:20:01.746,1.46757,1.46768,1.00,1.75
2017.07.03 16:20:02.256,1.46757,1.46768,1.00,1.87
2017.07.03 16:20:02.641,1.46755,1.46768,1.00,1.87
2017.07.03 16:20:05.471,1.46757,1.46767,1.00,1.37
2017.07.03 16:20:05.573,1.46757,1.4677,1.00,1.00
2017.07.03 16:20:06.075,1.46758,1.46771,1.00,1.87
2017.07.03 16:20:06.382,1.4676,1.46771,1.00,1.50
2017.07.03 16:20:06.890,1.46761,1.46773,1.00,1.37
2017.07.03 16:20:07.197,1.46765,1.46776,1.00,1.87
2017.07.03 16:20:07.634,1.46765,1.46776,1.00,1.00
2017.07.03 16:20:08.108,1.46767,1.46778,1.00,1.87
2017.07.03 16:20:08.415,1.46765,1.46778,1.00,1.50
2017.07.03 16:20:09.225,1.46767,1.46778,1.00,1.00
2017.07.03 16:20:09.771,1.46768,1.4678,1.00,1.87
2017.07.03 16:20:10.287,1.46769,1.4678,1.00,1.37
2017.07.03 16:20:10.593,1.46769,1.46783,1.00,2.25
2017.07.03 16:20:11.205,1.4677,1.46783,1.00,1.75
2017.07.03 16:20:11.557,1.4677,1.46783,1.00,1.50
2017.07.03 16:20:12.689,1.4677,1.46782,1.00,1.87
2017.07.03 16:20:13.610,1.4677,1.46782,1.00,1.00
2017.07.03 16:20:14.141,1.4677,1.46783,1.00,4.12
2017.07.03 16:20:14.715,1.46768,1.46777,1.00,1.87
2017.07.03 16:20:14.819,1.46765,1.46775,1.00,1.69
2017.07.03 16:20:14.870,1.46767,1.46775,1.00,1.00
2017.07.03 16:20:15.024,1.46767,1.46778,1.00,1.50
2017.07.03 16:20:15.279,1.46767,1.46777,1.00,3.00
2017.07.03 16:20:16.197,1.46767,1.46777,1.00,1.12
2017.07.03 16:20:18.508,1.46767,1.46777,1.00,2.25
2017.07.03 16:20:18.657,1.46766,1.46777,1.00,1.00
2017.07.03 16:20:19.218,1.46766,1.46776,1.00,1.00
2017.07.03 16:20:20.693,1.46767,1.46779,1.00,3.37
2017.07.03 16:20:21.238,1.46767,1.46779,1.00,1.12
2017.07.03 16:20:22.307,1.46767,1.46778,1.00,1.12
2017.07.03 16:20:23.268,1.46768,1.46778,1.00,1.00
2017.07.03 16:20:23.626,1.4677,1.46781,1.00,1.75
2017.07.03 16:20:24.149,1.46769,1.46781,1.00,1.75
2017.07.03 16:20:24.487,1.46769,1.4678,1.00,1.00
2017.07.03 16:20:25.379,1.46765,1.46769,1.00,1.00
2017.07.03 16:20:25.431,1.46765,1.46778,1.00,2.81
2017.07.03 16:20:25.534,1.46762,1.46774,1.00,2.06
2017.07.03 16:20:25.739,1.46756,1.46772,1.31,1.50
2017.07.03 16:20:26.262,1.46757,1.46773,1.00,3.00
2017.07.03 16:20:26.556,1.46758,1.46774,2.62,1.12
2017.07.03 16:20:26.608,1.46758,1.46774,3.00,1.00
2017.07.03 16:20:27.119,1.4676,1.46776,1.19,1.87
2017.07.03 16:20:27.310,1.46765,1.46776,1.00,1.12
2017.07.03 16:20:27.463,1.46765,1.46777,1.00,1.37
2017.07.03 16:20:27.514,1.46767,1.46778,1.00,1.75
2017.07.03 16:20:27.770,1.46768,1.46778,1.00,1.50
2017.07.03 16:20:28.081,1.46765,1.46778,1.00,1.37
2017.07.03 16:20:28.132,1.46764,1.46777,1.00,1.37
2017.07.03 16:20:28.668,1.46764,1.46775,1.00,1.37
2017.07.03 16:20:29.170,1.46765,1.46775,1.00,1.12
2017.07.03 16:20:29.757,1.46764,1.46775,1.00,1.12
2017.07.03 16:20:30.263,1.46763,1.46775,1.25,1.37
2017.07.03 16:20:30.771,1.46763,1.46775,1.25,1.00
2017.07.03 16:20:31.284,1.46764,1.46776,1.00,1.50
2017.07.03 16:20:31.669,1.46764,1.46776,1.00,1.87
2017.07.03 16:20:32.220,1.46764,1.46776,1.00,1.87
2017.07.03 16:20:32.735,1.46764,1.46774,1.00,1.00
2017.07.03 16:20:34.528,1.46764,1.46775,1.00,1.12
2017.07.03 16:20:35.048,1.46765,1.46777,1.00,1.37
2017.07.03 16:20:35.558,1.46765,1.46777,1.00,1.37
2017.07.03 16:20:36.077,1.46766,1.46778,1.00,1.37
2017.07.03 16:20:36.588,1.46768,1.46778,1.00,1.50
2017.07.03 16:20:37.100,1.46767,1.46778,1.00,1.37
2017.07.03 16:20:37.639,1.46767,1.4678,1.00,1.12
2017.07.03 16:20:38.364,1.46767,1.46779,1.00,1.00
2017.07.03 16:20:38.722,1.46767,1.46779,1.00,1.37
2017.07.03 16:20:38.928,1.46766,1.46779,1.00,1.37
2017.07.03 16:20:39.078,1.46768,1.46779,1.00,1.12
2017.07.03 16:20:40.956,1.46769,1.46781,1.00,2.06
2017.07.03 16:20:41.334,1.46767,1.4678,1.00,1.62
2017.07.03 16:20:42.646,1.46767,1.4678,1.00,1.31
2017.07.03 16:20:42.920,1.46767,1.46777,1.00,1.37
2017.07.03 16:20:43.023,1.4676,1.46773,1.00,1.12
2017.07.03 16:20:43.075,1.46762,1.46775,1.00,5.06
2017.07.03 16:20:44.189,1.46761,1.46775,1.00,5.62
2017.07.03 16:20:45.163,1.46761,1.46775,1.00,1.50
2017.07.03 16:20:45.216,1.46762,1.46775,1.00,1.00
2017.07.03 16:20:45.674,1.4676,1.46775,1.10,1.12
2017.07.03 16:20:46.369,1.46759,1.46775,2.89,1.50
2017.07.03 16:20:46.888,1.46759,1.46774,2.44,1.00
2017.07.03 16:20:47.258,1.46759,1.46775,1.31,2.25
2017.07.03 16:20:47.768,1.46758,1.46773,1.56,1.00
2017.07.03 16:20:48.251,1.46758,1.46772,1.00,1.87
2017.07.03 16:20:49.089,1.46758,1.46773,1.57,1.37
2017.07.03 16:20:49.141,1.46759,1.46773,1.75,1.00
2017.07.03 16:20:49.398,1.46763,1.46776,1.00,1.50
2017.07.03 16:20:49.450,1.46763,1.46776,1.50,1.12
2017.07.03 16:20:49.501,1.46763,1.46776,1.87,1.00
2017.07.03 16:20:49.808,1.46763,1.46777,1.12,1.37
2017.07.03 16:20:50.408,1.46763,1.46777,1.00,1.12
2017.07.03 16:20:50.912,1.46763,1.46777,1.00,1.37
2017.07.03 16:20:51.526,1.46763,1.46777,1.00,1.00
2017.07.03 16:20:52.149,1.46763,1.46778,1.00,2.25
2017.07.03 16:20:52.304,1.46767,1.46778,1.00,1.12
2017.07.03 16:20:52.890,1.46766,1.46778,1.00,1.37
2017.07.03 16:20:54.177,1.46766,1.46778,1.00,1.50
2017.07.03 16:20:54.484,1.46769,1.46779,1.00,1.00
2017.07.03 16:20:55.738,1.46769,1.46781,1.00,1.50
2017.07.03 16:20:56.478,1.46769,1.46781,1.00,1.50
2017.07.03 16:20:57.979,1.46769,1.46781,1.00,1.50
2017.07.03 16:21:01.324,1.46768,1.46779,1.00,1.00
2017.07.03 16:21:01.860,1.46768,1.46779,1.00,2.62
2017.07.03 16:21:01.963,1.46768,1.4678,1.00,1.87
2017.07.03 16:21:02.068,1.4677,1.4678,1.00,1.87
2017.07.03 16:21:02.504,1.46768,1.46779,1.00,1.00
2017.07.03 16:21:03.016,1.46767,1.46779,1.00,1.62
2017.07.03 16:21:03.707,1.46768,1.46779,1.00,1.62
2017.07.03 16:21:04.342,1.46766,1.46778,1.00,1.00
2017.07.03 16:21:04.547,1.46768,1.46778,1.00,1.00
2017.07.03 16:21:06.114,1.46768,1.46779,1.00,1.12
2017.07.03 16:21:06.624,1.46768,1.46778,1.00,1.00
2017.07.03 16:21:07.607,1.46768,1.46779,1.00,1.12
2017.07.03 16:21:08.194,1.46768,1.46779,1.00,1.37
2017.07.03 16:21:10.433,1.46769,1.4678,1.00,1.75
2017.07.03 16:21:11.188,1.46775,1.46783,1.00,1.00
2017.07.03 16:21:11.292,1.46773,1.46786,1.00,2.25
2017.07.03 16:21:11.395,1.46775,1.46785,1.00,1.50
2017.07.03 16:21:11.446,1.46773,1.46784,1.00,1.00
2017.07.03 16:21:11.550,1.46773,1.46783,1.00,1.37
2017.07.03 16:21:11.602,1.46771,1.46781,1.00,1.00
2017.07.03 16:21:12.114,1.46769,1.46781,1.00,1.50
2017.07.03 16:21:12.450,1.46771,1.46781,1.00,1.50
2017.07.03 16:21:13.739,1.4677,1.4678,1.00,1.00
2017.07.03 16:21:16.859,1.46768,1.46781,1.00,3.00
2017.07.03 16:21:17.484,1.46768,1.4678,1.00,1.00
2017.07.03 16:21:17.990,1.46768,1.46781,1.00,1.75
2017.07.03 16:21:18.732,1.46768,1.4678,1.00,1.12
2017.07.03 16:21:19.256,1.46768,1.4678,1.00,1.37
2017.07.03 16:21:19.797,1.46768,1.4678,1.00,1.00
2017.07.03 16:21:20.977,1.46768,1.46781,1.00,2.25
2017.07.03 16:21:23.238,1.46768,1.4678,1.00,1.00
2017.07.03 16:21:23.524,1.46771,1.46783,1.00,2.62
2017.07.03 16:21:23.576,1.46771,1.46783,1.00,1.50
2017.07.03 16:21:23.932,1.46771,1.46781,1.00,1.37
2017.07.03 16:21:25.057,1.4677,1.46781,1.00,1.50
2017.07.03 16:21:26.520,1.46769,1.46781,1.00,1.50
2017.07.03 16:21:27.482,1.46769,1.46781,1.00,2.62
2017.07.03 16:21:28.173,1.46769,1.46781,1.00,2.25
2017.07.03 16:21:28.877,1.46769,1.46781,1.00,3.75
2017.07.03 16:21:29.496,1.46769,1.46781,1.00,1.50
2017.07.03 16:21:31.249,1.46769,1.46781,1.00,3.75
2017.07.03 16:21:31.757,1.46769,1.4678,1.00,1.00
2017.07.03 16:21:32.525,1.46769,1.46781,1.00,3.00
2017.07.03 16:21:33.173,1.46769,1.4678,1.00,1.00
2017.07.03 16:21:33.826,1.46769,1.46781,1.00,3.00
2017.07.03 16:21:35.584,1.46767,1.4678,1.00,1.50
2017.07.03 16:21:35.636,1.46765,1.46776,1.00,1.00
2017.07.03 16:21:36.157,1.46764,1.46776,1.00,1.37
2017.07.03 16:21:37.038,1.46764,1.46776,1.00,1.00
2017.07.03 16:21:37.622,1.46764,1.46774,1.00,1.87
2017.07.03 16:21:37.674,1.46762,1.46773,1.00,1.87
2017.07.03 16:21:37.726,1.4676,1.46772,1.00,1.37
2017.07.03 16:21:38.827,1.4676,1.46772,1.00,1.00
2017.07.03 16:21:40.152,1.4676,1.46772,1.00,1.37
2017.07.03 16:21:40.834,1.4676,1.46772,1.00,1.12
2017.07.03 16:21:41.167,1.46762,1.46773,1.00,1.00
2017.07.03 16:21:41.760,1.46762,1.46773,1.00,1.87
2017.07.03 16:21:42.228,1.46762,1.46774,1.00,1.37
2017.07.03 16:21:42.279,1.46762,1.46773,1.00,1.87
2017.07.03 16:21:44.945,1.46761,1.46773,1.00,2.25
2017.07.03 16:21:45.517,1.46761,1.46772,1.00,2.25
2017.07.03 16:21:46.036,1.46761,1.46773,1.00,3.00
2017.07.03 16:21:50.198,1.46762,1.46773,1.00,2.62
2017.07.03 16:21:50.409,1.46764,1.46775,1.00,1.37
2017.07.03 16:21:51.378,1.46764,1.46774,1.00,1.87
2017.07.03 16:21:51.480,1.46762,1.46773,1.00,1.87
2017.07.03 16:21:51.633,1.46763,1.46773,1.00,1.12
2017.07.03 16:21:51.685,1.46765,1.46773,1.00,1.00
2017.07.03 16:21:51.787,1.46765,1.46775,1.00,1.00
2017.07.03 16:21:51.839,1.46767,1.46775,1.00,1.00
2017.07.03 16:21:52.163,1.46762,1.46771,1.00,1.37
2017.07.03 16:21:52.369,1.46763,1.46774,1.00,1.25
2017.07.03 16:21:52.421,1.46765,1.46774,1.00,1.00
2017.07.03 16:21:52.627,1.46767,1.46779,1.00,1.87
2017.07.03 16:21:53.036,1.46768,1.46779,1.00,1.12
2017.07.03 16:21:53.190,1.4677,1.46779,1.00,1.12
2017.07.03 16:21:54.051,1.46769,1.46779,1.00,1.12
2017.07.03 16:21:55.837,1.46769,1.4678,1.00,2.32
2017.07.03 16:21:56.777,1.46766,1.46777,1.00,1.00
2017.07.03 16:21:57.135,1.46768,1.46779,1.00,1.12
2017.07.03 16:21:57.660,1.46768,1.4678,1.00,1.50
2017.07.03 16:21:57.712,1.4677,1.4678,1.00,1.37
2017.07.03 16:21:58.437,1.4677,1.46781,1.00,1.50
2017.07.03 16:22:01.843,1.46771,1.46781,1.00,1.37
2017.07.03 16:22:02.836,1.46771,1.46781,1.00,1.50
2017.07.03 16:22:03.100,1.46772,1.46783,1.00,1.50
2017.07.03 16:22:03.152,1.46772,1.46783,1.00,3.75
2017.07.03 16:22:03.753,1.46772,1.46781,1.00,2.25
2017.07.03 16:22:03.804,1.46772,1.46781,1.00,1.00
2017.07.03 16:22:03.856,1.4677,1.46781,1.00,1.00
2017.07.03 16:22:04.009,1.4677,1.4678,1.00,1.62
2017.07.03 16:22:04.111,1.46768,1.4678,1.00,1.62
2017.07.03 16:22:04.321,1.4677,1.4678,1.00,1.00
2017.07.03 16:22:04.833,1.46771,1.46782,1.00,1.12
2017.07.03 16:22:05.476,1.46771,1.46783,1.00,1.12
2017.07.03 16:22:06.017,1.46772,1.46783,1.00,1.12
2017.07.03 16:22:06.534,1.46772,1.46782,1.00,1.00
2017.07.03 16:22:07.085,1.46775,1.46782,1.00,1.37
2017.07.03 16:22:07.238,1.46774,1.46786,1.00,1.87
2017.07.03 16:22:07.385,1.46776,1.46785,1.00,1.12
2017.07.03 16:22:07.591,1.46774,1.46785,1.00,1.12
2017.07.03 16:22:07.848,1.46774,1.46785,1.00,3.37
2017.07.03 16:22:09.537,1.46774,1.46784,1.00,1.00
2017.07.03 16:22:09.947,1.46776,1.46785,1.00,1.00
2017.07.03 16:22:10.398,1.46777,1.46785,1.00,3.00
2017.07.03 16:22:10.503,1.46777,1.46786,1.00,1.50
2017.07.03 16:22:10.555,1.46775,1.46786,1.00,1.00
2017.07.03 16:22:10.709,1.46776,1.46786,1.00,2.62
2017.07.03 16:22:11.204,1.46774,1.46785,1.00,2.62
2017.07.03 16:22:11.307,1.46774,1.46786,1.00,2.62
2017.07.03 16:22:11.477,1.46776,1.46786,1.00,1.87
2017.07.03 16:22:11.998,1.46775,1.46786,1.00,1.87
2017.07.03 16:22:12.478,1.46775,1.46785,1.00,2.25
2017.07.03 16:22:13.000,1.46775,1.46785,1.00,1.50
2017.07.03 16:22:13.827,1.46776,1.46786,1.00,2.25
2017.07.03 16:22:14.868,1.46776,1.46787,1.00,1.50
2017.07.03 16:22:15.140,1.46778,1.46787,1.00,1.00
2017.07.03 16:22:15.819,1.46779,1.46788,1.00,1.50
2017.07.03 16:22:16.345,1.4678,1.46791,1.00,3.75
2017.07.03 16:22:16.601,1.46781,1.46791,1.00,1.12
2017.07.03 16:22:16.782,1.46784,1.46793,1.00,1.00
2017.07.03 16:22:17.330,1.46785,1.46794,1.00,1.37
2017.07.03 16:22:18.001,1.46785,1.46796,1.00,1.12
2017.07.03 16:22:18.487,1.46782,1.46794,1.00,4.12
2017.07.03 16:22:18.539,1.46782,1.46792,1.00,1.37
2017.07.03 16:22:19.638,1.46783,1.46792,1.00,1.50
2017.07.03 16:22:20.280,1.46783,1.46794,1.00,2.25
2017.07.03 16:22:20.485,1.46785,1.46795,1.00,1.75
2017.07.03 16:22:21.024,1.46786,1.46796,1.00,1.87
2017.07.03 16:22:21.601,1.46786,1.46796,1.00,1.37
2017.07.03 16:22:22.464,1.46786,1.46796,1.00,1.50
2017.07.03 16:22:27.190,1.46785,1.46796,1.00,3.00
2017.07.03 16:22:27.600,1.4678,1.46791,1.50,1.00
2017.07.03 16:22:27.900,1.4678,1.46793,1.00,1.00
2017.07.03 16:22:27.953,1.46781,1.46794,1.19,1.00
2017.07.03 16:22:28.375,1.46783,1.46795,2.44,1.00
2017.07.03 16:22:28.429,1.46786,1.46798,1.25,1.00
2017.07.03 16:22:28.584,1.46786,1.46798,1.69,1.00
2017.07.03 16:22:29.098,1.46786,1.46799,2.14,1.00
2017.07.03 16:22:31.044,1.46787,1.46796,1.50,1.00
2017.07.03 16:22:31.200,1.4678,1.46792,1.00,1.00
2017.07.03 16:22:31.251,1.46779,1.4679,1.69,1.00
2017.07.03 16:22:31.585,1.46776,1.46788,1.00,1.00
2017.07.03 16:22:31.637,1.46776,1.46788,2.06,1.00
2017.07.03 16:22:31.791,1.46777,1.46788,1.00,1.00
2017.07.03 16:22:31.843,1.46776,1.46785,1.50,1.00
2017.07.03 16:22:32.150,1.46773,1.46782,1.12,1.00
2017.07.03 16:22:32.672,1.4677,1.46782,1.69,1.00
2017.07.03 16:22:33.376,1.4677,1.46781,2.81,1.00
2017.07.03 16:22:33.892,1.4677,1.46782,2.81,1.00
2017.07.03 16:22:33.995,1.4677,1.46784,2.89,1.00
2017.07.03 16:22:34.401,1.46773,1.46786,1.29,1.00
2017.07.03 16:22:34.913,1.46776,1.46787,1.37,1.00
2017.07.03 16:22:35.436,1.46776,1.46789,1.69,1.00
2017.07.03 16:22:35.538,1.46779,1.4679,1.31,1.00
2017.07.03 16:22:35.859,1.46779,1.4679,1.69,1.00
2017.07.03 16:22:35.911,1.46779,1.4679,1.12,1.00
2017.07.03 16:22:36.428,1.46779,1.4679,2.25,1.00
2017.07.03 16:22:36.938,1.4678,1.46791,1.00,1.00
2017.07.03 16:22:41.437,1.4678,1.46791,1.37,1.00
2017.07.03 16:22:42.641,1.4678,1.46793,1.37,1.00
2017.07.03 16:22:45.438,1.46779,1.46793,2.32,1.00
2017.07.03 16:22:45.542,1.46783,1.46796,1.50,1.00
2017.07.03 16:22:45.849,1.46787,1.468,1.00,1.00
2017.07.03 16:22:47.049,1.46787,1.46798,1.00,1.00
2017.07.03 16:22:48.109,1.46787,1.468,1.00,1.20
2017.07.03 16:22:48.161,1.46787,1.46797,1.00,1.00
2017.07.03 16:22:48.420,1.46784,1.46795,1.00,1.00
2017.07.03 16:22:48.677,1.46784,1.46793,1.00,1.00
2017.07.03 16:22:49.724,1.46784,1.46792,1.00,1.00
2017.07.03 16:22:49.776,1.4678,1.46792,1.50,1.00
2017.07.03 16:22:50.287,1.4678,1.46791,1.50,1.00
2017.07.03 16:22:50.891,1.4678,1.46789,1.00,1.00
2017.07.03 16:22:50.943,1.46778,1.46789,1.00,1.00
2017.07.03 16:22:51.743,1.46775,1.46787,2.44,1.00
2017.07.03 16:22:52.050,1.46774,1.46785,1.31,1.00
2017.07.03 16:22:52.459,1.46772,1.46784,2.06,1.00
2017.07.03 16:22:52.597,1.46773,1.46785,1.37,1.00
2017.07.03 16:22:52.754,1.46772,1.46784,1.62,1.00
2017.07.03 16:22:53.523,1.46772,1.46783,1.62,1.00
2017.07.03 16:22:54.041,1.46771,1.46783,2.44,1.00
2017.07.03 16:22:55.615,1.46772,1.46785,1.62,1.00
2017.07.03 16:22:56.130,1.46772,1.46784,2.06,1.00
2017.07.03 16:22:56.730,1.46772,1.46784,1.56,1.00
2017.07.03 16:22:57.683,1.46772,1.46785,2.44,1.00
2017.07.03 16:22:58.227,1.46772,1.46784,1.69,1.00
2017.07.03 16:22:59.371,1.46772,1.46783,1.31,1.00
2017.07.03 16:23:03.197,1.46772,1.46782,1.00,1.00
2017.07.03 16:23:03.577,1.46771,1.46784,2.44,1.00
2017.07.03 16:23:03.766,1.46771,1.46782,3.19,1.00
2017.07.03 16:23:04.318,1.46772,1.46783,1.25,1.00
2017.07.03 16:23:04.839,1.46772,1.46784,1.69,1.00
2017.07.03 16:23:06.183,1.46775,1.46787,1.37,1.00
2017.07.03 16:23:06.646,1.46774,1.46788,2.06,1.00
2017.07.03 16:23:07.187,1.46774,1.46787,1.50,1.00
2017.07.03 16:23:07.526,1.46774,1.46787,2.44,1.00
2017.07.03 16:23:07.835,1.46778,1.46789,2.06,1.00
2017.07.03 16:23:07.887,1.46778,1.46791,1.31,1.00
2017.07.03 16:23:07.939,1.46778,1.46793,1.69,1.87
2017.07.03 16:23:08.483,1.46781,1.46792,1.25,1.00
2017.07.03 16:23:11.078,1.46781,1.46792,1.62,1.00
2017.07.03 16:23:11.588,1.46781,1.46791,1.00,1.00
2017.07.03 16:23:12.405,1.4678,1.46791,1.00,1.00
2017.07.03 16:23:12.838,1.46779,1.46793,1.69,1.12
2017.07.03 16:23:13.505,1.46779,1.46793,2.06,1.00
2017.07.03 16:23:14.037,1.4678,1.46794,1.87,1.10
2017.07.03 16:23:14.397,1.46779,1.46792,1.87,1.00
2017.07.03 16:23:15.358,1.4678,1.46792,1.69,1.00
2017.07.03 16:23:15.933,1.4678,1.46794,1.56,1.00
2017.07.03 16:23:22.762,1.46781,1.46793,1.00,1.00
2017.07.03 16:23:23.274,1.46779,1.46793,4.31,1.00
2017.07.03 16:23:24.023,1.4678,1.46795,1.69,1.12
2017.07.03 16:23:24.551,1.46782,1.46794,2.06,1.00
2017.07.03 16:23:24.808,1.46783,1.46795,1.31,1.00
2017.07.03 16:23:25.064,1.46786,1.46797,1.00,1.00
2017.07.03 16:23:25.167,1.46783,1.46795,1.87,1.00
2017.07.03 16:23:25.219,1.46782,1.46793,1.37,1.00
2017.07.03 16:23:25.767,1.46781,1.46792,1.87,1.00
2017.07.03 16:23:26.329,1.46781,1.46794,2.44,1.00
2017.07.03 16:23:27.736,1.46781,1.46794,2.06,1.00
2017.07.03 16:23:28.295,1.46781,1.46793,2.06,1.00
2017.07.03 16:23:28.830,1.46781,1.46793,2.06,1.00
2017.07.03 16:23:29.345,1.46781,1.46793,1.50,1.00
2017.07.03 16:23:31.100,1.46781,1.46794,1.12,1.00
2017.07.03 16:23:33.334,1.46781,1.46794,1.87,1.12
2017.07.03 16:23:33.846,1.46781,1.46794,3.37,1.00
2017.07.03 16:23:34.678,1.46781,1.46796,3.37,1.00
2017.07.03 16:23:35.202,1.46781,1.46795,3.37,1.00
2017.07.03 16:23:37.243,1.46781,1.46796,3.37,1.00
2017.07.03 16:23:37.752,1.46781,1.46795,3.00,1.00
2017.07.03 16:23:38.428,1.46781,1.46794,3.00,1.00
2017.07.03 16:23:41.136,1.46783,1.46794,1.12,1.00
2017.07.03 16:23:41.238,1.46784,1.46796,1.50,1.00
2017.07.03 16:23:43.587,1.46789,1.468,1.25,1.00
2017.07.03 16:23:43.639,1.46789,1.46802,1.50,1.10
2017.07.03 16:23:44.101,1.46795,1.46803,1.31,1.00
2017.07.03 16:23:44.154,1.46795,1.46805,1.31,1.00
2017.07.03 16:23:44.461,1.46794,1.46807,2.06,1.00
2017.07.03 16:23:44.873,1.46794,1.46805,1.87,1.00
2017.07.03 16:23:45.078,1.46791,1.46802,1.00,1.00
2017.07.03 16:23:45.181,1.46787,1.46802,2.44,1.10
2017.07.03 16:23:45.473,1.46787,1.468,1.94,1.00
2017.07.03 16:23:45.985,1.46787,1.46798,1.69,1.00
2017.07.03 16:23:46.037,1.46787,1.46801,1.69,1.00
2017.07.03 16:23:46.243,1.46787,1.468,1.12,1.00
2017.07.03 16:23:46.754,1.46787,1.46799,1.12,1.00
2017.07.03 16:23:47.278,1.46787,1.46798,1.12,1.00
2017.07.03 16:23:48.071,1.46787,1.46796,1.00,1.00
2017.07.03 16:23:48.174,1.46785,1.46799,1.00,1.95
2017.07.03 16:23:48.276,1.46783,1.46799,1.00,1.95
2017.07.03 16:23:49.785,1.46783,1.46795,1.00,1.00
2017.07.03 16:23:50.760,1.46781,1.46795,1.56,1.00
2017.07.03 16:23:51.169,1.4678,1.46794,1.50,1.07
2017.07.03 16:23:51.691,1.4678,1.46794,1.12,1.20
2017.07.03 16:23:53.382,1.4678,1.46794,1.12,1.20
2017.07.03 16:23:53.984,1.4678,1.46794,1.12,1.07
2017.07.03 16:23:55.621,1.4678,1.46794,1.12,1.12
2017.07.03 16:23:55.959,1.46782,1.46796,1.69,1.10
2017.07.03 16:23:56.524,1.46784,1.46796,1.00,1.10
2017.07.03 16:23:56.576,1.46784,1.46798,1.00,1.12
2017.07.03 16:23:57.115,1.46783,1.46798,1.12,1.00
2017.07.03 16:23:57.651,1.46783,1.46798,1.12,1.10
2017.07.03 16:23:59.812,1.46783,1.46798,1.12,1.07
2017.07.03 16:24:01.393,1.46783,1.46796,1.75,1.00
2017.07.03 16:24:01.992,1.46785,1.46798,1.31,1.00
2017.07.03 16:24:02.146,1.46786,1.468,1.87,1.10
2017.07.03 16:24:02.659,1.46786,1.46799,1.50,1.00
2017.07.03 16:24:02.816,1.46786,1.46799,2.25,1.00
2017.07.03 16:24:03.040,1.46786,1.46798,1.50,1.00
2017.07.03 16:24:06.207,1.46786,1.46797,1.87,1.00
2017.07.03 16:24:07.497,1.46786,1.46798,1.87,1.00
2017.07.03 16:24:07.549,1.46786,1.468,1.12,1.12
2017.07.03 16:24:08.093,1.46787,1.468,1.00,1.00
2017.07.03 16:24:16.560,1.46793,1.46803,1.00,1.45
2017.07.03 16:24:17.638,1.46794,1.46806,1.00,4.20
2017.07.03 16:24:17.741,1.46792,1.46806,1.00,2.32
2017.07.03 16:24:17.792,1.46795,1.46806,1.00,1.47
2017.07.03 16:24:18.774,1.46795,1.46806,1.00,1.47
2017.07.03 16:24:20.168,1.46793,1.46805,1.00,1.12
2017.07.03 16:24:20.534,1.46795,1.46806,1.00,1.47
2017.07.03 16:24:21.633,1.46794,1.46808,1.00,1.95
2017.07.03 16:24:22.097,1.46799,1.46808,1.00,1.75
2017.07.03 16:24:22.150,1.468,1.46812,1.00,1.85
2017.07.03 16:24:22.202,1.46802,1.46813,1.00,2.32
2017.07.03 16:24:22.734,1.46801,1.46814,1.00,2.70
2017.07.03 16:24:23.376,1.46801,1.46813,1.00,1.20
2017.07.03 16:24:24.868,1.46803,1.46813,1.00,1.07
2017.07.03 16:24:25.481,1.46803,1.46815,1.00,1.57
2017.07.03 16:24:27.146,1.46802,1.46816,1.00,1.95
2017.07.03 16:24:28.961,1.46802,1.46815,1.00,1.45
2017.07.03 16:24:29.319,1.46799,1.4681,1.00,1.00
2017.07.03 16:24:29.370,1.46797,1.46809,1.00,1.07
2017.07.03 16:24:29.532,1.46793,1.46807,1.87,1.01
2017.07.03 16:24:29.584,1.46792,1.46804,1.00,1.31
2017.07.03 16:24:29.635,1.4679,1.46803,1.00,1.69
2017.07.03 16:24:29.815,1.46789,1.46801,1.00,1.20
2017.07.03 16:24:30.071,1.46789,1.46802,1.00,2.62
2017.07.03 16:24:30.587,1.46789,1.46802,1.00,1.87
2017.07.03 16:24:31.357,1.46788,1.46801,1.00,1.37
2017.07.03 16:24:33.531,1.4679,1.46802,1.00,3.00
2017.07.03 16:24:34.045,1.46789,1.46802,1.00,1.87
2017.07.03 16:24:35.273,1.46789,1.46801,1.00,1.00
2017.07.03 16:24:37.130,1.46791,1.46803,1.00,1.12
2017.07.03 16:24:37.232,1.46791,1.46805,1.00,1.87
2017.07.03 16:24:38.119,1.46793,1.46805,1.00,1.87
2017.07.03 16:24:38.629,1.46792,1.46805,1.00,1.87
2017.07.03 16:24:39.514,1.46792,1.46805,1.00,2.25
2017.07.03 16:24:39.861,1.4679,1.46803,1.00,1.37
2017.07.03 16:24:40.373,1.46789,1.46803,1.00,1.37
2017.07.03 16:24:40.577,1.4679,1.46804,1.00,1.37
2017.07.03 16:24:40.629,1.46792,1.46804,1.00,1.00
2017.07.03 16:24:40.978,1.4679,1.46804,1.00,1.00
2017.07.03 16:24:41.186,1.46792,1.46804,1.00,1.00
2017.07.03 16:24:41.979,1.46793,1.46804,1.00,1.00
2017.07.03 16:24:42.491,1.46793,1.46807,1.00,1.37
2017.07.03 16:24:43.553,1.46796,1.46808,1.00,1.20
2017.07.03 16:24:43.707,1.46801,1.46812,1.00,1.37
2017.07.03 16:24:44.016,1.46799,1.46811,1.00,1.00
2017.07.03 16:24:44.376,1.46801,1.46812,1.00,1.45
2017.07.03 16:24:44.902,1.46801,1.46812,1.00,1.10
2017.07.03 16:24:45.504,1.46801,1.46812,1.00,1.07
2017.07.03 16:24:47.080,1.46801,1.46812,1.00,1.10
2017.07.03 16:24:47.285,1.46799,1.46812,1.00,1.07
2017.07.03 16:24:47.337,1.46801,1.46812,1.00,1.07
2017.07.03 16:24:47.848,1.46801,1.46813,1.00,1.47
2017.07.03 16:24:48.329,1.46803,1.46816,1.00,1.57
2017.07.03 16:24:49.273,1.46805,1.46816,1.00,1.75
2017.07.03 16:24:49.376,1.46806,1.46819,1.00,1.95
2017.07.03 16:24:49.479,1.46806,1.46818,1.00,1.82
2017.07.03 16:24:49.582,1.46803,1.46815,1.00,1.10
2017.07.03 16:24:50.124,1.46804,1.46816,1.00,1.57
2017.07.03 16:24:52.657,1.46804,1.46816,1.00,1.45
2017.07.03 16:24:54.241,1.46803,1.46815,1.00,2.32
2017.07.03 16:24:54.395,1.46796,1.4681,1.00,2.32
2017.07.03 16:24:54.754,1.46798,1.46809,1.00,2.32
2017.07.03 16:24:55.281,1.46798,1.46808,1.00,1.45
2017.07.03 16:24:55.711,1.46796,1.46808,1.00,1.45
2017.07.03 16:24:57.036,1.46796,1.46808,1.00,1.82
2017.07.03 16:24:57.584,1.46796,1.46808,1.00,1.82
2017.07.03 16:24:57.687,1.46796,1.46806,1.00,1.20
2017.07.03 16:24:58.434,1.46796,1.46806,1.00,1.07
2017.07.03 16:24:59.095,1.46795,1.46806,1.00,1.20
2017.07.03 16:24:59.829,1.46795,1.46806,1.00,1.45
2017.07.03 16:24:59.933,1.46795,1.46806,1.00,1.07
2017.07.03 16:25:00.036,1.46795,1.46806,1.00,1.57
2017.07.03 16:25:00.586,1.46795,1.46806,1.00,1.95
2017.07.03 16:25:01.711,1.46795,1.46806,1.00,1.95
2017.07.03 16:25:02.729,1.46795,1.46806,1.00,1.95
2017.07.03 16:25:03.193,1.46796,1.46806,1.00,1.10
2017.07.03 16:25:03.400,1.46796,1.46806,1.00,1.07
2017.07.03 16:25:04.128,1.46796,1.46806,1.00,1.10
2017.07.03 16:25:04.661,1.46796,1.46806,1.00,1.32
2017.07.03 16:25:04.763,1.46796,1.46806,1.00,1.76
2017.07.03 16:25:04.867,1.46793,1.46806,1.00,2.14
2017.07.03 16:25:05.021,1.46793,1.46806,1.00,2.51
2017.07.03 16:25:07.634,1.46791,1.46805,1.00,1.07
2017.07.03 16:25:08.969,1.46793,1.46805,1.00,1.47
2017.07.03 16:25:09.276,1.46791,1.46804,1.00,2.14
2017.07.03 16:25:09.582,1.46794,1.46806,1.00,1.37
2017.07.03 16:25:09.941,1.46795,1.46806,1.00,1.82
2017.07.03 16:25:10.453,1.46795,1.46807,1.00,2.51
2017.07.03 16:25:10.607,1.46793,1.46807,1.00,2.07
2017.07.03 16:25:11.138,1.46793,1.46805,1.00,1.70
2017.07.03 16:25:12.107,1.46792,1.46805,1.00,3.26
2017.07.03 16:25:12.261,1.46789,1.46803,1.00,1.01
2017.07.03 16:25:12.418,1.4679,1.46803,1.00,1.87
2017.07.03 16:25:12.471,1.46793,1.46803,1.00,1.25
2017.07.03 16:25:12.647,1.46795,1.46806,1.00,1.00
2017.07.03 16:25:12.851,1.46797,1.46809,1.00,2.89
2017.07.03 16:25:13.056,1.46798,1.46809,1.00,1.31
2017.07.03 16:25:13.845,1.46796,1.46811,1.00,2.44
2017.07.03 16:25:15.105,1.46799,1.4681,1.00,1.01
2017.07.03 16:25:15.437,1.46801,1.46812,1.00,1.29
2017.07.03 16:25:16.843,1.468,1.46812,1.00,1.64
2017.07.03 16:25:17.345,1.46799,1.46812,1.00,1.76
2017.07.03 16:25:20.825,1.46799,1.46811,1.00,1.01
2017.07.03 16:25:21.339,1.46798,1.46811,1.00,1.01
2017.07.03 16:25:23.097,1.46798,1.4681,1.00,1.01
2017.07.03 16:25:23.376,1.46796,1.46809,1.00,1.01
2017.07.03 16:25:24.421,1.46796,1.46807,1.00,1.01
2017.07.03 16:25:26.618,1.46796,1.46808,1.00,2.51
2017.07.03 16:25:27.655,1.46796,1.46808,1.00,1.76
2017.07.03 16:25:28.163,1.46795,1.46806,1.00,1.07
2017.07.03 16:25:28.687,1.46795,1.46807,1.00,1.01
2017.07.03 16:25:29.964,1.46797,1.46809,1.00,1.20
2017.07.03 16:25:30.067,1.46799,1.46811,1.00,1.69
2017.07.03 16:25:30.347,1.46797,1.46812,1.00,2.32
2017.07.03 16:25:31.626,1.46797,1.46811,1.00,1.20
2017.07.03 16:25:32.133,1.46797,1.46811,1.00,1.20
2017.07.03 16:25:32.664,1.46797,1.46811,1.00,1.01
2017.07.03 16:25:32.767,1.46799,1.46812,1.00,1.95
2017.07.03 16:25:32.921,1.46797,1.4681,1.00,1.20
2017.07.03 16:25:32.973,1.46797,1.4681,1.00,1.95
2017.07.03 16:25:33.232,1.46799,1.46811,1.00,1.00
2017.07.03 16:25:33.336,1.46801,1.46814,1.00,2.51
2017.07.03 16:25:34.644,1.46801,1.46814,1.00,1.69
2017.07.03 16:25:37.150,1.46801,1.46815,1.00,2.51
2017.07.03 16:25:44.697,1.46803,1.46815,1.00,1.69
2017.07.03 16:25:45.207,1.46802,1.46815,1.00,1.77
2017.07.03 16:25:47.617,1.46801,1.46815,1.25,1.64
2017.07.03 16:25:48.075,1.46803,1.46814,1.00,1.02
2017.07.03 16:25:48.382,1.46807,1.46818,1.00,2.14
2017.07.03 16:25:48.894,1.46808,1.46819,1.00,1.76
2017.07.03 16:25:49.157,1.46806,1.46819,1.00,1.76
2017.07.03 16:25:49.681,1.46807,1.4682,1.00,1.01
2017.07.03 16:25:50.341,1.46807,1.4682,1.00,1.01
2017.07.03 16:25:53.672,1.46807,1.4682,1.00,1.31
2017.07.03 16:25:53.775,1.46806,1.46818,1.00,1.01
2017.07.03 16:25:54.561,1.46807,1.46818,1.00,1.75
2017.07.03 16:25:54.715,1.46816,1.46828,1.00,1.12
2017.07.03 16:25:54.923,1.46818,1.4683,1.10,1.50
2017.07.03 16:25:55.026,1.46821,1.46832,1.00,1.12
2017.07.03 16:25:55.231,1.46823,1.46834,1.00,1.12
2017.07.03 16:25:55.742,1.46826,1.46835,1.00,1.75
2017.07.03 16:25:55.794,1.46827,1.46837,1.00,1.37
2017.07.03 16:25:55.845,1.46829,1.46837,1.00,1.00
2017.07.03 16:25:56.032,1.46831,1.46843,1.00,1.31
2017.07.03 16:25:56.494,1.46829,1.46841,1.00,1.62
2017.07.03 16:25:57.507,1.46829,1.46841,1.00,2.00
2017.07.03 16:25:58.119,1.4683,1.46841,1.00,2.00
2017.07.03 16:25:58.375,1.46828,1.46841,1.00,1.69
2017.07.03 16:25:58.478,1.46826,1.4684,1.00,1.57
2017.07.03 16:25:58.800,1.46825,1.46838,1.00,1.47
2017.07.03 16:25:59.109,1.46828,1.46839,1.00,1.37
2017.07.03 16:25:59.161,1.46828,1.46839,1.00,1.12
2017.07.03 16:25:59.367,1.4683,1.46839,1.00,1.00
2017.07.03 16:25:59.904,1.46831,1.46841,1.00,1.50
2017.07.03 16:26:01.302,1.46828,1.4684,1.00,1.37
2017.07.03 16:26:01.813,1.46827,1.46838,1.00,1.25
2017.07.03 16:26:02.068,1.46829,1.46838,1.00,1.00
2017.07.03 16:26:02.584,1.46828,1.46839,1.00,1.12
2017.07.03 16:26:02.891,1.4683,1.46839,1.00,1.12
2017.07.03 16:26:03.157,1.4683,1.46842,1.00,1.12
2017.07.03 16:26:03.259,1.46833,1.46843,1.00,1.69
2017.07.03 16:26:03.311,1.46831,1.46843,1.00,1.69
2017.07.03 16:26:03.821,1.46831,1.46843,1.00,1.94
2017.07.03 16:26:05.137,1.4683,1.46842,1.00,1.62
2017.07.03 16:26:05.546,1.4683,1.4684,1.00,1.62
2017.07.03 16:26:06.081,1.46829,1.4684,1.00,1.62
2017.07.03 16:26:07.033,1.4683,1.4684,1.00,1.62
2017.07.03 16:26:07.945,1.4683,1.4684,1.00,1.31
2017.07.03 16:26:08.455,1.46828,1.46839,1.00,1.12
2017.07.03 16:26:09.271,1.46828,1.46839,1.00,1.69
2017.07.03 16:26:13.901,1.46827,1.46838,1.00,1.37
2017.07.03 16:26:14.321,1.46825,1.46835,1.00,1.00
2017.07.03 16:26:14.373,1.46823,1.46835,1.00,1.00
2017.07.03 16:26:15.963,1.46823,1.46835,1.00,2.25
2017.07.03 16:26:16.534,1.46823,1.46835,1.00,2.25
2017.07.03 16:26:18.661,1.46823,1.46835,1.00,2.62
2017.07.03 16:26:19.891,1.46823,1.46834,1.00,1.00
2017.07.03 16:26:20.933,1.46823,1.46835,1.00,2.32
2017.07.03 16:26:21.443,1.46824,1.46835,1.00,1.95
2017.07.03 16:26:21.990,1.46824,1.46834,1.00,1.00
2017.07.03 16:26:26.136,1.46824,1.46835,1.00,1.95
2017.07.03 16:26:26.689,1.46823,1.46835,1.00,2.62
2017.07.03 16:26:27.144,1.46825,1.46835,1.00,1.37
2017.07.03 16:26:27.197,1.46824,1.46836,1.00,2.25
2017.07.03 16:26:27.761,1.46825,1.46836,1.00,1.62
2017.07.03 16:26:27.906,1.46827,1.46836,1.00,1.25
2017.07.03 16:26:28.492,1.46826,1.46836,1.00,1.25
2017.07.03 16:26:28.864,1.46828,1.46836,1.00,1.25
2017.07.03 16:26:28.966,1.4683,1.46839,1.00,1.00
2017.07.03 16:26:29.120,1.46831,1.46842,1.00,1.00
2017.07.03 16:26:29.662,1.46832,1.46844,1.00,1.87
2017.07.03 16:26:30.192,1.46833,1.46844,1.00,1.50
2017.07.03 16:26:30.891,1.46834,1.46845,1.00,1.50
2017.07.03 16:26:31.592,1.46834,1.46845,1.00,1.00
2017.07.03 16:26:32.265,1.46835,1.46845,1.00,1.00
2017.07.03 16:26:32.318,1.46839,1.46848,1.00,1.12
2017.07.03 16:26:32.421,1.46843,1.46852,1.00,1.00
2017.07.03 16:26:33.585,1.46843,1.46855,1.00,1.75
2017.07.03 16:26:34.160,1.46839,1.4685,1.00,1.87
2017.07.03 16:26:34.212,1.46839,1.46852,1.00,2.70
2017.07.03 16:26:34.264,1.46837,1.46851,1.00,2.70
2017.07.03 16:26:34.608,1.46835,1.46847,1.00,1.87
2017.07.03 16:26:35.310,1.46833,1.46846,1.00,1.50
2017.07.03 16:26:36.137,1.46834,1.46846,1.00,1.37
2017.07.03 16:26:36.648,1.46835,1.46845,1.00,1.00
2017.07.03 16:26:37.189,1.46834,1.46845,1.00,1.12
2017.07.03 16:26:37.430,1.46834,1.46845,1.00,1.95
2017.07.03 16:26:37.482,1.46832,1.46845,1.00,1.95
2017.07.03 16:26:37.995,1.46833,1.46845,1.12,1.12
2017.07.03 16:26:38.965,1.46835,1.46847,1.00,1.37
2017.07.03 16:26:39.070,1.46838,1.46852,1.00,2.44
2017.07.03 16:26:39.327,1.46842,1.46853,1.12,1.00
2017.07.03 16:26:39.429,1.46844,1.46858,1.00,3.56
2017.07.03 16:26:40.379,1.46844,1.46858,1.00,1.01
2017.07.03 16:26:40.919,1.46845,1.46858,1.00,1.01
2017.07.03 16:26:41.293,1.46847,1.4686,1.00,2.00
2017.07.03 16:26:41.571,1.46849,1.4686,1.00,1.00
2017.07.03 16:26:42.032,1.4685,1.46862,1.00,1.31
2017.07.03 16:26:43.176,1.4685,1.46861,1.00,1.00
2017.07.03 16:26:43.330,1.46849,1.4686,1.00,1.37
2017.07.03 16:26:43.381,1.46847,1.4686,1.00,1.37
2017.07.03 16:26:43.535,1.46849,1.46859,1.00,1.37
2017.07.03 16:26:43.689,1.46845,1.46858,1.00,2.32
2017.07.03 16:26:43.791,1.46845,1.46856,1.00,2.62
2017.07.03 16:26:43.843,1.46843,1.46853,1.00,1.00
2017.07.03 16:26:44.994,1.46844,1.46857,1.00,2.32
2017.07.03 16:26:45.198,1.46845,1.46856,1.00,1.00
2017.07.03 16:26:45.408,1.46848,1.4686,1.00,1.37
2017.07.03 16:26:45.461,1.46849,1.4686,1.00,1.00
2017.07.03 16:26:45.512,1.46847,1.4686,1.00,1.50
2017.07.03 16:26:45.821,1.46846,1.46858,1.00,1.37
2017.07.03 16:26:46.127,1.46843,1.46857,1.50,1.37
2017.07.03 16:26:46.646,1.46843,1.46858,1.00,2.14
2017.07.03 16:26:48.576,1.46844,1.46858,1.00,2.06
2017.07.03 16:26:48.629,1.46845,1.46858,1.00,1.12
2017.07.03 16:26:49.162,1.46845,1.46858,1.00,1.50
2017.07.03 16:26:49.865,1.46845,1.46858,1.00,1.87
2017.07.03 16:26:50.191,1.46842,1.46858,1.12,1.87
2017.07.03 16:26:51.023,1.46842,1.46858,1.12,1.87
2017.07.03 16:26:52.007,1.46842,1.46858,1.12,1.95
2017.07.03 16:26:52.394,1.46842,1.46856,1.12,1.56
2017.07.03 16:26:52.445,1.4684,1.46853,1.00,1.00
2017.07.03 16:26:53.931,1.46841,1.46853,1.00,1.39
2017.07.03 16:26:55.157,1.46841,1.46853,1.00,2.14
2017.07.03 16:26:55.463,1.46843,1.46854,1.00,1.69
2017.07.03 16:26:55.614,1.46843,1.46856,1.00,1.56
2017.07.03 16:26:55.667,1.46842,1.46855,1.00,1.69
2017.07.03 16:26:56.528,1.4684,1.46852,1.00,1.00
2017.07.03 16:26:57.063,1.46841,1.46851,1.00,1.12
2017.07.03 16:26:58.587,1.46842,1.46853,1.00,1.47
2017.07.03 16:26:58.896,1.46844,1.46854,1.00,1.37
2017.07.03 16:26:59.407,1.46844,1.46857,1.00,1.37
2017.07.03 16:26:59.941,1.46844,1.46855,1.00,1.12
2017.07.03 16:27:00.044,1.46841,1.46855,1.10,1.12
2017.07.03 16:27:00.454,1.4684,1.46854,1.00,1.37
2017.07.03 16:27:00.798,1.46837,1.46853,2.62,1.87
2017.07.03 16:27:00.902,1.46838,1.46852,1.12,2.62
2017.07.03 16:27:00.953,1.46838,1.46853,1.12,1.50
2017.07.03 16:27:01.208,1.4684,1.46854,1.00,1.20
2017.07.03 16:27:02.968,1.4684,1.46856,1.12,2.07
2017.07.03 16:27:04.243,1.46838,1.46852,1.20,1.00
2017.07.03 16:27:04.786,1.46839,1.46854,1.57,1.37
2017.07.03 16:27:05.330,1.46839,1.46852,1.95,1.00
2017.07.03 16:27:05.939,1.46839,1.46853,1.95,1.00
2017.07.03 16:27:15.392,1.4684,1.46854,1.00,1.00
2017.07.03 16:27:16.210,1.4684,1.46854,1.00,1.37
2017.07.03 16:27:16.366,1.46837,1.46852,1.87,1.00
2017.07.03 16:27:16.469,1.46838,1.4685,1.12,1.00
2017.07.03 16:27:16.781,1.46837,1.46851,2.70,1.00
2017.07.03 16:27:17.292,1.46837,1.46851,1.50,1.50
2017.07.03 16:27:17.652,1.46837,1.46852,3.00,1.00
2017.07.03 16:27:20.380,1.46838,1.46853,1.47,1.12
2017.07.03 16:27:20.737,1.46842,1.46855,1.00,1.87
2017.07.03 16:27:20.891,1.46843,1.46857,1.12,1.00
2017.07.03 16:27:21.419,1.46843,1.46856,1.12,1.00
2017.07.03 16:27:21.775,1.46843,1.46854,1.00,1.00
2017.07.03 16:27:21.929,1.4684,1.46854,1.00,1.00
2017.07.03 16:27:28.425,1.4684,1.46857,1.12,1.50
2017.07.03 16:27:28.476,1.4684,1.46857,1.87,1.50
2017.07.03 16:27:29.010,1.46841,1.46857,1.76,1.00
2017.07.03 16:27:31.493,1.46842,1.46855,1.37,1.00
2017.07.03 16:27:32.005,1.46842,1.46855,1.00,1.00
2017.07.03 16:27:32.332,1.46842,1.46853,1.00,1.00
2017.07.03 16:27:32.838,1.46839,1.46856,2.62,1.37
2017.07.03 16:27:33.348,1.46839,1.46854,2.25,1.00
2017.07.03 16:27:33.502,1.46839,1.46851,1.87,1.00
2017.07.03 16:27:33.814,1.46837,1.46848,1.00,1.00
2017.07.03 16:27:34.327,1.46836,1.46849,1.12,1.00
2017.07.03 16:27:35.700,1.46836,1.46851,1.87,1.00
2017.07.03 16:27:36.342,1.46837,1.4685,1.37,1.00
2017.07.03 16:27:37.075,1.46835,1.46848,1.37,1.07
2017.07.03 16:27:37.128,1.46834,1.46847,1.00,1.10
2017.07.03 16:27:37.639,1.46835,1.46847,1.00,1.10
2017.07.03 16:27:38.829,1.46833,1.46847,2.25,1.20
2017.07.03 16:27:39.340,1.46833,1.46845,1.12,1.10
2017.07.03 16:27:39.853,1.46833,1.46844,1.12,1.10
2017.07.03 16:27:40.006,1.4683,1.46844,1.69,1.10
2017.07.03 16:27:40.109,1.46831,1.46846,2.25,1.10
2017.07.03 16:27:40.212,1.46831,1.46846,2.62,1.00
2017.07.03 16:27:42.790,1.46835,1.46846,1.00,1.00
2017.07.03 16:27:43.302,1.46832,1.46846,1.12,1.00
2017.07.03 16:27:46.080,1.46831,1.46845,2.62,1.00
2017.07.03 16:27:46.601,1.46831,1.46845,3.00,1.00
2017.07.03 16:27:50.740,1.46831,1.46845,1.50,1.20
2017.07.03 16:27:52.081,1.46831,1.46845,1.50,1.20
2017.07.03 16:27:52.803,1.46831,1.46845,1.50,1.00
2017.07.03 16:27:53.339,1.46831,1.46845,2.06,1.00
2017.07.03 16:27:55.124,1.46831,1.46846,2.06,1.00
2017.07.03 16:27:55.934,1.46831,1.46846,2.06,1.00
2017.07.03 16:27:56.685,1.46831,1.46845,2.25,1.00
2017.07.03 16:27:57.172,1.4683,1.46843,1.50,1.10
2017.07.03 16:27:57.686,1.4683,1.46842,1.00,1.00
2017.07.03 16:27:58.373,1.4683,1.46841,1.00,1.00
2017.07.03 16:27:59.172,1.4683,1.46842,1.00,1.00
2017.07.03 16:27:59.478,1.46833,1.46846,1.19,1.12
2017.07.03 16:28:00.128,1.46833,1.46848,1.00,1.47
2017.07.03 16:28:00.282,1.46835,1.4685,1.12,1.12
2017.07.03 16:28:00.488,1.46839,1.46851,1.00,1.00
2017.07.03 16:28:00.539,1.4684,1.46853,1.69,1.00
2017.07.03 16:28:00.643,1.4684,1.46855,3.37,1.12
2017.07.03 16:28:01.001,1.46842,1.46856,1.87,1.00
2017.07.03 16:28:01.206,1.46841,1.46856,1.37,1.00
2017.07.03 16:28:01.461,1.4684,1.46854,1.12,1.00
2017.07.03 16:28:01.769,1.46838,1.46852,1.84,1.00
2017.07.03 16:28:02.314,1.46838,1.46851,1.37,1.00
2017.07.03 16:28:02.853,1.46838,1.46852,2.25,1.00
2017.07.03 16:28:03.161,1.46838,1.4685,1.12,1.00
2017.07.03 16:28:04.642,1.46838,1.46853,2.62,1.50
2017.07.03 16:28:04.694,1.46843,1.46858,1.00,2.70
2017.07.03 16:28:04.745,1.46843,1.46858,1.00,1.57
2017.07.03 16:28:06.261,1.46842,1.46858,1.00,1.12
2017.07.03 16:28:06.365,1.46845,1.46858,1.00,1.00
2017.07.03 16:28:06.669,1.46848,1.46861,1.00,1.82
2017.07.03 16:28:07.454,1.46849,1.46861,1.00,1.45
2017.07.03 16:28:08.002,1.46847,1.4686,1.25,1.10
2017.07.03 16:28:08.105,1.46847,1.46861,1.00,1.57
2017.07.03 16:28:08.516,1.46848,1.46863,1.00,1.95
2017.07.03 16:28:08.620,1.4685,1.46863,1.00,1.57
2017.07.03 16:28:08.673,1.46848,1.46863,1.00,1.57
2017.07.03 16:28:08.879,1.46844,1.46861,1.19,3.07
2017.07.03 16:28:08.982,1.46842,1.46857,1.00,1.00
2017.07.03 16:28:09.137,1.46842,1.46858,1.00,1.20
2017.07.03 16:28:09.689,1.46842,1.46855,1.00,1.45
2017.07.03 16:28:10.229,1.46843,1.46856,1.19,1.37
2017.07.03 16:28:10.281,1.46843,1.46858,1.19,1.82
2017.07.03 16:28:10.435,1.46849,1.46859,1.00,1.57
2017.07.03 16:28:10.486,1.46845,1.4686,1.00,1.95
2017.07.03 16:28:10.643,1.46844,1.46858,1.00,1.20
2017.07.03 16:28:10.695,1.46842,1.46857,1.00,1.57
2017.07.03 16:28:10.950,1.46841,1.46856,1.00,1.95
2017.07.03 16:28:11.497,1.46842,1.46858,1.00,3.07
2017.07.03 16:28:11.804,1.46847,1.46858,1.37,1.50
2017.07.03 16:28:11.908,1.46851,1.46861,1.00,1.37
2017.07.03 16:28:12.063,1.46852,1.46863,1.00,1.07
2017.07.03 16:28:12.166,1.4685,1.46861,1.12,1.00
2017.07.03 16:28:12.474,1.46851,1.46863,1.00,1.10
2017.07.03 16:28:12.876,1.46851,1.46861,1.00,1.00
2017.07.03 16:28:12.978,1.46847,1.46862,1.37,1.95
2017.07.03 16:28:13.193,1.46849,1.46858,1.00,1.00
2017.07.03 16:28:13.728,1.46849,1.46861,1.00,1.57
2017.07.03 16:28:14.632,1.46848,1.46861,1.37,1.20
2017.07.03 16:28:14.968,1.46849,1.46861,1.37,1.95
2017.07.03 16:28:15.473,1.46849,1.46861,1.37,1.47
2017.07.03 16:28:16.126,1.4685,1.46861,1.00,1.47
2017.07.03 16:28:16.832,1.46851,1.46861,1.00,1.00
2017.07.03 16:28:16.935,1.46853,1.46866,1.00,1.57
2017.07.03 16:28:16.987,1.46854,1.46868,1.00,1.95
2017.07.03 16:28:17.140,1.46851,1.46861,1.50,1.00
2017.07.03 16:28:17.397,1.46847,1.46862,1.87,1.12
2017.07.03 16:28:17.903,1.46847,1.4686,1.00,1.07
2017.07.03 16:28:18.416,1.46847,1.4686,1.00,1.57
2017.07.03 16:28:18.467,1.46847,1.4686,1.00,1.47
2017.07.03 16:28:18.622,1.46849,1.46862,1.00,1.12
2017.07.03 16:28:19.367,1.46849,1.46864,1.00,1.95
2017.07.03 16:28:19.879,1.46849,1.46864,1.00,1.57
2017.07.03 16:28:20.135,1.46846,1.46859,2.44,1.00
2017.07.03 16:28:22.203,1.46846,1.4686,4.50,1.00
2017.07.03 16:28:22.460,1.46849,1.46863,1.50,1.12
2017.07.03 16:28:22.973,1.46849,1.46862,1.69,1.00
2017.07.03 16:28:23.528,1.46849,1.46863,1.31,1.12
2017.07.03 16:28:24.200,1.46849,1.46863,1.31,1.87
2017.07.03 16:28:24.726,1.46849,1.46863,1.31,1.50
2017.07.03 16:28:25.560,1.46853,1.46866,1.00,1.95
2017.07.03 16:28:25.949,1.4685,1.4686,1.00,1.45
2017.07.03 16:28:26.001,1.46848,1.46858,1.00,1.00
2017.07.03 16:28:26.104,1.4684,1.46854,2.44,1.00
2017.07.03 16:28:26.208,1.4684,1.46854,2.06,1.00
2017.07.03 16:28:26.362,1.46842,1.46856,1.12,1.37
2017.07.03 16:28:26.567,1.46842,1.46857,2.44,1.00
2017.07.03 16:28:26.812,1.4684,1.46854,2.81,1.00
2017.07.03 16:28:27.017,1.46839,1.46853,1.62,1.00
2017.07.03 16:28:27.069,1.46839,1.46853,1.25,1.12
2017.07.03 16:28:27.579,1.46839,1.46852,1.25,1.00
2017.07.03 16:28:29.194,1.46839,1.46853,1.25,1.00
2017.07.03 16:28:29.246,1.4684,1.46854,1.19,1.12
2017.07.03 16:28:29.781,1.46839,1.46854,3.56,1.20
2017.07.03 16:28:30.037,1.46839,1.46852,1.25,1.10
2017.07.03 16:28:30.547,1.46837,1.46851,1.37,1.00
2017.07.03 16:28:31.058,1.46837,1.4685,1.69,1.00
2017.07.03 16:28:31.212,1.46837,1.46852,1.56,1.12
2017.07.03 16:28:31.315,1.46837,1.4685,1.37,1.00
2017.07.03 16:28:31.604,1.46836,1.4685,1.69,1.00
2017.07.03 16:28:31.655,1.46836,1.4685,1.69,1.00
2017.07.03 16:28:31.809,1.46839,1.46852,1.12,1.12
2017.07.03 16:28:32.324,1.46839,1.46851,1.87,1.00
2017.07.03 16:28:32.863,1.46839,1.46852,1.50,1.00
2017.07.03 16:28:33.375,1.46839,1.46851,1.50,1.00
2017.07.03 16:28:33.748,1.46839,1.46851,3.00,1.00
2017.07.03 16:28:33.851,1.46839,1.46851,1.50,1.00
2017.07.03 16:28:33.954,1.46839,1.46851,3.00,1.00
2017.07.03 16:28:34.465,1.46839,1.46852,2.25,1.00
2017.07.03 16:28:35.001,1.46839,1.46853,2.25,1.00
2017.07.03 16:28:35.306,1.46842,1.46855,1.00,1.00
2017.07.03 16:28:36.183,1.46842,1.46855,1.37,1.00
2017.07.03 16:28:36.696,1.46843,1.46857,1.50,1.00
2017.07.03 16:28:36.748,1.46844,1.46859,1.87,1.00
2017.07.03 16:28:36.983,1.46845,1.46857,1.25,1.00
2017.07.03 16:28:38.142,1.46846,1.46857,1.37,1.00
2017.07.03 16:28:38.347,1.46845,1.46857,1.25,1.00
2017.07.03 16:28:38.399,1.46844,1.46855,1.87,1.00
2017.07.03 16:28:38.559,1.46841,1.46853,1.25,1.00
2017.07.03 16:28:39.439,1.46841,1.46853,1.50,1.00
2017.07.03 16:28:39.746,1.46847,1.46858,1.81,1.00
2017.07.03 16:28:40.501,1.46847,1.4686,1.50,1.00
2017.07.03 16:28:41.012,1.46847,1.46862,3.82,1.00
2017.07.03 16:28:41.477,1.46847,1.46859,2.32,1.00
2017.07.03 16:28:42.440,1.46848,1.46859,1.10,1.00
2017.07.03 16:28:42.907,1.46848,1.46861,1.00,1.00
2017.07.03 16:28:43.360,1.46847,1.46859,2.06,1.00
2017.07.03 16:28:43.895,1.46847,1.46858,2.25,1.00
2017.07.03 16:28:44.443,1.46847,1.46858,1.50,1.00
2017.07.03 16:28:45.041,1.46847,1.46858,1.50,1.00
2017.07.03 16:28:45.247,1.46843,1.46856,1.64,1.00
2017.07.03 16:28:45.451,1.46845,1.46858,2.14,1.00
2017.07.03 16:28:45.503,1.46843,1.46858,4.01,1.00
2017.07.03 16:28:46.010,1.46845,1.46857,1.39,1.00
2017.07.03 16:28:46.267,1.46843,1.46856,1.10,1.00
2017.07.03 16:28:46.421,1.46843,1.46854,1.00,1.00
2017.07.03 16:28:46.626,1.46843,1.46857,1.10,1.00
2017.07.03 16:28:46.678,1.46843,1.46857,2.89,1.00
2017.07.03 16:28:47.188,1.46844,1.46857,1.39,1.00
2017.07.03 16:28:47.603,1.46842,1.46855,1.95,1.00
2017.07.03 16:28:48.161,1.46842,1.46855,1.95,1.00
2017.07.03 16:28:48.718,1.46842,1.46856,1.95,1.00
2017.07.03 16:28:49.219,1.46842,1.46856,2.32,1.00
2017.07.03 16:28:51.902,1.46842,1.46856,2.32,1.00
2017.07.03 16:28:52.004,1.46842,1.46856,2.70,1.00
2017.07.03 16:28:52.361,1.46842,1.46854,1.57,1.00
2017.07.03 16:28:52.616,1.46842,1.46856,1.95,1.00
2017.07.03 16:28:52.963,1.46842,1.46856,1.57,1.00
2017.07.03 16:28:53.487,1.46842,1.46855,1.82,1.00
2017.07.03 16:28:57.083,1.46844,1.46855,1.07,1.00
2017.07.03 16:28:57.841,1.46842,1.46856,1.16,1.00
2017.07.03 16:28:58.353,1.46843,1.46855,1.01,1.00
2017.07.03 16:28:59.359,1.46843,1.46855,2.14,1.00
2017.07.03 16:28:59.614,1.46844,1.46857,1.69,1.00
2017.07.03 16:29:00.748,1.46843,1.46857,3.37,1.00
2017.07.03 16:29:01.741,1.46843,1.46857,3.45,1.00
2017.07.03 16:29:02.560,1.46844,1.46857,1.85,1.00
2017.07.03 16:29:03.087,1.46844,1.46858,1.95,1.00
2017.07.03 16:29:03.225,1.46846,1.46858,2.25,1.00
2017.07.03 16:29:03.430,1.46847,1.46861,1.57,1.00
2017.07.03 16:29:04.049,1.46847,1.46861,2.62,1.00
2017.07.03 16:29:04.101,1.46847,1.46859,2.25,1.00
2017.07.03 16:29:04.408,1.46847,1.46857,1.12,1.00
2017.07.03 16:29:04.905,1.46847,1.46857,1.50,1.00
2017.07.03 16:29:04.957,1.46847,1.46859,1.50,1.00
2017.07.03 16:29:07.682,1.46847,1.46859,1.57,1.00
2017.07.03 16:29:07.837,1.46847,1.46861,2.44,1.00
2017.07.03 16:29:08.248,1.46847,1.4686,1.50,1.00
2017.07.03 16:29:08.835,1.46847,1.46858,1.50,1.00
2017.07.03 16:29:11.024,1.46845,1.46855,1.10,1.00
2017.07.03 16:29:11.542,1.46842,1.46855,1.01,1.00
2017.07.03 16:29:12.054,1.46842,1.46855,1.01,1.00
2017.07.03 16:29:12.481,1.46841,1.46853,1.01,1.00
2017.07.03 16:29:12.585,1.4684,1.46852,2.06,1.00
2017.07.03 16:29:13.101,1.46839,1.46851,1.56,1.00
2017.07.03 16:29:13.638,1.46839,1.46851,1.56,1.00
2017.07.03 16:29:16.986,1.46839,1.46852,2.10,1.00
2017.07.03 16:29:17.187,1.46841,1.46853,1.20,1.00
2017.07.03 16:29:17.493,1.46842,1.46853,1.01,1.00
2017.07.03 16:29:19.314,1.46842,1.46854,1.76,1.00
2017.07.03 16:29:19.519,1.46841,1.46854,1.95,1.00
2017.07.03 16:29:20.069,1.46841,1.46853,2.19,1.00
2017.07.03 16:29:21.031,1.46841,1.46857,2.70,1.12
2017.07.03 16:29:21.082,1.46841,1.46855,2.00,1.00
2017.07.03 16:29:21.134,1.46841,1.46855,1.31,1.12
2017.07.03 16:29:21.238,1.46841,1.46855,1.31,1.12
2017.07.03 16:29:21.493,1.46842,1.46857,1.01,1.87
2017.07.03 16:29:21.698,1.46842,1.46855,1.01,1.00
2017.07.03 16:29:22.349,1.46842,1.46857,1.01,1.00
2017.07.03 16:29:22.871,1.46842,1.46856,1.01,1.00
2017.07.03 16:29:24.184,1.46842,1.46855,1.32,1.00
2017.07.03 16:29:27.570,1.46841,1.46856,1.64,1.12
2017.07.03 16:29:28.090,1.46841,1.46857,1.76,1.50
2017.07.03 16:29:29.507,1.46843,1.46856,1.10,1.00
2017.07.03 16:29:30.696,1.46841,1.46857,2.14,1.12
2017.07.03 16:29:30.799,1.46841,1.46856,1.57,1.12
2017.07.03 16:29:31.007,1.46842,1.46857,1.47,1.37
2017.07.03 16:29:31.523,1.46842,1.46857,1.87,1.00
2017.07.03 16:29:31.933,1.46842,1.46859,1.87,1.87
2017.07.03 16:29:32.086,1.46842,1.46858,1.12,1.50
2017.07.03 16:29:32.587,1.4684,1.46856,1.76,1.00
2017.07.03 16:29:33.101,1.4684,1.46857,1.76,1.50
2017.07.03 16:29:34.085,1.4684,1.46857,1.69,1.87
2017.07.03 16:29:34.136,1.4684,1.46855,1.12,1.50
2017.07.03 16:29:34.654,1.4684,1.46854,1.00,1.00
2017.07.03 16:29:35.732,1.4684,1.46852,1.00,1.00
2017.07.03 16:29:36.349,1.4684,1.46853,1.00,1.00
2017.07.03 16:29:36.809,1.46843,1.46855,1.00,1.00
2017.07.03 16:29:37.167,1.46843,1.46857,1.00,1.00
2017.07.03 16:29:37.652,1.46841,1.46855,2.04,1.00
2017.07.03 16:29:38.164,1.4684,1.46854,1.69,1.00
2017.07.03 16:29:38.734,1.4684,1.46854,1.50,1.00
2017.07.03 16:29:39.365,1.4684,1.46855,1.66,1.00
2017.07.03 16:29:39.877,1.46843,1.46856,1.00,1.00
2017.07.03 16:29:40.205,1.46846,1.46859,1.00,1.19
2017.07.03 16:29:40.746,1.46846,1.46859,1.00,1.56
2017.07.03 16:29:43.010,1.46844,1.46859,1.00,1.56
2017.07.03 16:29:43.880,1.46846,1.46859,1.00,1.56
2017.07.03 16:29:44.134,1.46844,1.4686,1.00,2.04
2017.07.03 16:29:46.504,1.46843,1.46859,1.50,1.01
2017.07.03 16:29:46.557,1.46843,1.46859,1.00,1.57
2017.07.03 16:29:49.626,1.46842,1.46855,1.00,1.12
2017.07.03 16:29:49.933,1.46845,1.46857,1.00,1.37
2017.07.03 16:29:51.767,1.46846,1.46858,1.00,1.12
2017.07.03 16:29:53.274,1.46846,1.46858,1.00,1.37
2017.07.03 16:29:55.213,1.46845,1.46858,1.00,1.12
2017.07.03 16:29:55.719,1.46847,1.46857,1.00,1.25
2017.07.03 16:29:56.108,1.46848,1.4686,1.00,1.01
2017.07.03 16:29:58.680,1.46848,1.46861,1.00,1.39
2017.07.03 16:29:59.219,1.46848,1.46861,1.00,1.01
2017.07.03 16:30:00.311,1.46847,1.46862,1.00,1.64
2017.07.03 16:30:00.533,1.46845,1.46862,1.00,2.14
2017.07.03 16:30:00.898,1.46846,1.46862,1.00,1.47
2017.07.03 16:30:03.240,1.46846,1.46862,1.50,1.37
2017.07.03 16:30:03.659,1.46845,1.46862,1.37,1.50
2017.07.03 16:30:03.710,1.46844,1.46859,1.10,1.37
2017.07.03 16:30:03.762,1.46842,1.46858,1.50,1.37
2017.07.03 16:30:04.275,1.46842,1.46857,1.50,1.12
2017.07.03 16:30:04.782,1.46842,1.46857,1.37,1.37
2017.07.03 16:30:05.790,1.46842,1.46858,1.00,2.25
2017.07.03 16:30:06.346,1.4684,1.46856,1.50,1.00
2017.07.03 16:30:06.397,1.4684,1.46856,1.12,3.00
2017.07.03 16:30:06.653,1.46841,1.46857,1.00,1.50
2017.07.03 16:30:07.156,1.46842,1.46857,1.12,1.87
2017.07.03 16:30:07.208,1.46846,1.46857,2.62,1.00
2017.07.03 16:30:07.311,1.4685,1.46864,1.00,3.75
2017.07.03 16:30:07.363,1.4685,1.46865,1.00,1.70
2017.07.03 16:30:07.466,1.46851,1.46865,1.00,1.20
2017.07.03 16:30:07.977,1.4685,1.46866,1.37,1.12
2017.07.03 16:30:08.185,1.46848,1.46862,1.00,2.25
2017.07.03 16:30:08.237,1.46846,1.46862,1.12,2.25
2017.07.03 16:30:08.750,1.46845,1.46861,1.25,1.85
2017.07.03 16:30:09.391,1.46847,1.46861,1.00,1.50
2017.07.03 16:30:10.055,1.46848,1.46861,1.00,1.75
2017.07.03 16:30:10.567,1.46847,1.46861,1.00,2.00
2017.07.03 16:30:11.113,1.46847,1.4686,1.00,1.00
2017.07.03 16:30:11.677,1.46848,1.46861,1.00,1.37
2017.07.03 16:30:12.018,1.46853,1.46866,1.00,1.37
2017.07.03 16:30:12.546,1.46854,1.46867,1.00,1.37
2017.07.03 16:30:13.081,1.46852,1.46867,1.00,1.37
2017.07.03 16:30:13.495,1.46854,1.46867,1.00,1.37
2017.07.03 16:30:14.092,1.46854,1.46867,1.00,1.12
2017.07.03 16:30:14.868,1.46853,1.46867,1.00,1.12
2017.07.03 16:30:15.607,1.46854,1.46867,1.00,1.12
2017.07.03 16:30:15.824,1.4685,1.46864,1.00,1.00
2017.07.03 16:30:16.246,1.46848,1.46864,1.12,1.12
2017.07.03 16:30:16.708,1.46848,1.46864,1.00,1.50
2017.07.03 16:30:17.015,1.4685,1.46864,1.00,2.00
2017.07.03 16:30:17.541,1.46849,1.46864,1.00,2.00
2017.07.03 16:30:18.071,1.46849,1.46864,1.00,1.37
2017.07.03 16:30:18.602,1.46848,1.46863,1.00,1.10
2017.07.03 16:30:19.294,1.46848,1.46864,1.25,4.20
2017.07.03 16:30:19.904,1.46847,1.46863,1.87,1.00
2017.07.03 16:30:21.029,1.46847,1.46863,1.87,1.37
2017.07.03 16:30:21.539,1.46848,1.46863,1.31,1.00
2017.07.03 16:30:22.059,1.46848,1.46864,1.25,3.82
2017.07.03 16:30:22.570,1.46847,1.46863,1.87,1.00
2017.07.03 16:30:24.622,1.46847,1.46864,1.87,1.12
2017.07.03 16:30:24.829,1.46843,1.46858,1.50,1.00
2017.07.03 16:30:25.085,1.46842,1.46857,1.00,1.12
2017.07.03 16:30:25.600,1.46841,1.46857,1.00,1.75
2017.07.03 16:30:25.907,1.46843,1.46857,1.00,1.37
2017.07.03 16:30:26.217,1.46848,1.46864,1.25,1.95
2017.07.03 16:30:26.350,1.46848,1.46864,1.62,1.10
2017.07.03 16:30:26.456,1.46851,1.46866,1.00,1.95
2017.07.03 16:30:26.975,1.46852,1.46865,1.00,1.45
2017.07.03 16:30:28.075,1.46851,1.46864,1.00,1.20
2017.07.03 16:30:28.282,1.46847,1.46862,1.69,1.12
2017.07.03 16:30:28.385,1.46849,1.46862,1.00,1.12
2017.07.03 16:30:28.539,1.46849,1.46864,1.00,1.10
2017.07.03 16:30:30.494,1.46849,1.46865,1.00,1.20
2017.07.03 16:30:31.006,1.4685,1.46864,1.12,1.00
2017.07.03 16:30:31.526,1.46851,1.46865,1.00,1.10
2017.07.03 16:30:32.332,1.46851,1.46864,1.00,1.37
2017.07.03 16:30:32.987,1.46851,1.46866,1.00,3.45
2017.07.03 16:30:34.361,1.46851,1.46865,1.00,1.00
2017.07.03 16:30:37.729,1.46852,1.46866,1.00,1.47
2017.07.03 16:30:38.276,1.46851,1.46866,1.25,1.47
2017.07.03 16:30:42.722,1.46852,1.46867,1.00,1.12
2017.07.03 16:30:42.875,1.46853,1.46867,1.00,1.00
2017.07.03 16:30:45.310,1.4685,1.46864,1.65,1.00
2017.07.03 16:30:45.823,1.4685,1.46863,1.65,1.00
2017.07.03 16:30:47.464,1.4685,1.46862,1.27,1.00
2017.07.03 16:30:47.890,1.46852,1.46859,1.19,1.00
2017.07.03 16:30:47.942,1.46847,1.46861,2.51,1.00
2017.07.03 16:30:48.045,1.46847,1.46859,2.14,1.00
2017.07.03 16:30:48.097,1.46847,1.46861,3.52,1.00
2017.07.03 16:30:48.150,1.46849,1.46861,2.25,1.00
2017.07.03 16:30:48.253,1.4685,1.46863,1.84,1.00
2017.07.03 16:30:48.664,1.46849,1.46859,1.25,1.00
2017.07.03 16:30:48.973,1.46846,1.46857,1.57,1.00
2017.07.03 16:30:49.280,1.46844,1.46855,1.00,1.00
2017.07.03 16:30:50.725,1.46843,1.46856,2.29,1.00
2017.07.03 16:30:51.736,1.46843,1.46855,2.21,1.00
2017.07.03 16:30:54.099,1.46842,1.46854,1.12,1.00
2017.07.03 16:30:54.253,1.46839,1.46852,2.25,1.00
2017.07.03 16:30:55.369,1.46839,1.46852,1.87,1.00
2017.07.03 16:30:55.422,1.46839,1.46852,1.50,1.00
2017.07.03 16:30:55.577,1.46839,1.46852,1.50,1.00
2017.07.03 16:30:55.783,1.4684,1.46852,1.37,1.00
2017.07.03 16:30:55.989,1.46836,1.46849,2.89,1.00
2017.07.03 16:30:56.465,1.46836,1.46847,2.25,1.00
2017.07.03 16:30:56.977,1.46836,1.46848,2.25,1.00
2017.07.03 16:30:57.486,1.46836,1.46848,1.75,1.00
2017.07.03 16:30:59.221,1.46836,1.46849,2.00,1.00
2017.07.03 16:30:59.529,1.46838,1.46851,1.50,1.00
2017.07.03 16:30:59.835,1.46837,1.46849,3.04,1.00
2017.07.03 16:31:00.699,1.46837,1.46848,1.16,1.00
2017.07.03 16:31:01.415,1.46837,1.46849,1.42,1.00
2017.07.03 16:31:04.887,1.46837,1.46848,1.01,1.00
2017.07.03 16:31:05.042,1.46835,1.46848,3.56,1.00
2017.07.03 16:31:05.093,1.46836,1.46846,1.19,1.00
2017.07.03 16:31:05.247,1.46836,1.46848,1.69,1.00
2017.07.03 16:31:05.502,1.46839,1.4685,1.19,1.00
2017.07.03 16:31:05.556,1.46839,1.46852,1.25,1.57
2017.07.03 16:31:05.659,1.46841,1.46852,1.00,1.00
2017.07.03 16:31:06.172,1.46839,1.46853,2.44,1.12
2017.07.03 16:31:06.543,1.46839,1.46851,4.69,1.00
2017.07.03 16:31:06.747,1.46841,1.46853,1.69,1.00
2017.07.03 16:31:06.851,1.4684,1.46851,1.31,1.00
2017.07.03 16:31:07.213,1.4684,1.46853,1.31,1.00
2017.07.03 16:31:07.817,1.4684,1.46851,2.06,1.00
2017.07.03 16:31:08.651,1.46842,1.46851,1.19,1.00
2017.07.03 16:31:08.702,1.46842,1.46853,1.19,1.00
2017.07.03 16:31:09.237,1.46841,1.46853,1.44,1.00
2017.07.03 16:31:10.091,1.46844,1.46856,1.00,1.00
2017.07.03 16:31:10.616,1.46845,1.46858,1.00,1.87
2017.07.03 16:31:11.957,1.46845,1.46858,1.00,1.47
2017.07.03 16:31:12.702,1.46846,1.46859,1.00,1.95
2017.07.03 16:31:13.251,1.46847,1.4686,1.00,1.85
2017.07.03 16:31:13.760,1.46847,1.46859,1.00,1.00
2017.07.03 16:31:13.864,1.46848,1.46861,1.19,1.12
2017.07.03 16:31:13.967,1.46848,1.46862,1.19,2.25
2017.07.03 16:31:14.581,1.4685,1.46862,1.00,1.37
2017.07.03 16:31:14.633,1.46852,1.46864,1.00,1.12
2017.07.03 16:31:15.019,1.46849,1.46863,1.25,1.00
2017.07.03 16:31:15.429,1.4685,1.46861,1.25,1.12
2017.07.03 16:31:15.959,1.46847,1.46861,1.00,1.20
2017.07.03 16:31:16.460,1.46847,1.46861,1.00,1.87
2017.07.03 16:31:17.444,1.46847,1.4686,1.00,1.47
2017.07.03 16:31:20.428,1.46847,1.4686,1.25,1.50
2017.07.03 16:31:20.939,1.46847,1.46861,1.25,1.20
2017.07.03 16:31:23.733,1.46846,1.46858,1.00,1.00
2017.07.03 16:31:23.836,1.46846,1.46857,1.00,1.37
2017.07.03 16:31:24.196,1.46846,1.46858,1.00,1.00
2017.07.03 16:31:24.787,1.46847,1.4686,1.00,1.12
2017.07.03 16:31:25.329,1.46847,1.46859,1.00,1.00
2017.07.03 16:31:29.471,1.46847,1.46861,1.25,1.62
2017.07.03 16:31:29.764,1.46847,1.46861,1.00,2.14
2017.07.03 16:31:30.303,1.46846,1.46861,1.25,1.39
2017.07.03 16:31:30.610,1.46848,1.4686,1.00,1.00
2017.07.03 16:31:31.128,1.46848,1.46861,1.00,1.69
2017.07.03 16:31:32.977,1.46848,1.4686,1.00,1.00
2017.07.03 16:31:33.525,1.46848,1.46862,1.00,2.06
2017.07.03 16:31:35.711,1.46849,1.46862,1.00,1.56
2017.07.03 16:31:36.499,1.46848,1.46862,1.00,1.56
2017.07.03 16:31:38.332,1.46847,1.46859,1.00,1.12
2017.07.03 16:31:38.639,1.46845,1.46857,1.00,1.31
2017.07.03 16:31:39.328,1.46844,1.46857,1.87,1.69
2017.07.03 16:31:39.655,1.46846,1.46857,1.00,1.69
2017.07.03 16:31:40.053,1.46844,1.46857,1.87,1.25
2017.07.03 16:31:40.207,1.46846,1.46857,1.00,1.31
2017.07.03 16:31:41.050,1.46844,1.46855,1.00,1.12
2017.07.03 16:31:41.579,1.46845,1.46856,1.00,1.00
2017.07.03 16:31:42.162,1.46845,1.46857,1.00,1.87
2017.07.03 16:31:42.470,1.46839,1.46855,1.69,1.57
2017.07.03 16:31:42.522,1.46838,1.46851,1.50,2.44
2017.07.03 16:31:42.880,1.46836,1.46847,1.00,1.12
2017.07.03 16:31:43.457,1.46835,1.46847,1.00,1.37
2017.07.03 16:31:44.026,1.46836,1.46847,1.00,1.37
2017.07.03 16:31:44.435,1.46834,1.46842,1.00,1.87
2017.07.03 16:31:44.487,1.46835,1.46846,1.00,3.19
2017.07.03 16:31:44.538,1.46835,1.46847,1.00,1.50
2017.07.03 16:31:45.077,1.46834,1.46846,1.00,1.50
2017.07.03 16:31:45.588,1.46836,1.46846,1.00,1.00
2017.07.03 16:31:45.640,1.46836,1.46848,1.00,1.25
2017.07.03 16:31:47.479,1.46837,1.46848,1.00,1.25
2017.07.03 16:31:48.699,1.46838,1.46848,1.00,1.25
2017.07.03 16:31:48.750,1.46834,1.46848,1.00,1.25
2017.07.03 16:31:49.260,1.46834,1.46849,1.37,1.56
2017.07.03 16:31:49.864,1.46834,1.46849,1.00,1.56
2017.07.03 16:31:52.322,1.46834,1.46849,1.00,2.81
2017.07.03 16:31:52.931,1.46835,1.46849,1.00,2.81
2017.07.03 16:31:53.443,1.46834,1.46849,1.12,1.69
2017.07.03 16:31:54.259,1.46835,1.46851,1.00,2.06
2017.07.03 16:31:54.769,1.46834,1.4685,1.12,1.69
2017.07.03 16:31:57.012,1.46835,1.46851,1.25,1.69
2017.07.03 16:31:57.267,1.46837,1.46853,1.00,3.26
2017.07.03 16:31:57.573,1.46835,1.46853,2.06,2.89
2017.07.03 16:31:58.129,1.46835,1.46853,2.44,2.89
2017.07.03 16:31:58.641,1.46836,1.46853,1.00,2.14
2017.07.03 16:31:59.820,1.46836,1.46852,1.00,1.76
2017.07.03 16:32:00.438,1.46836,1.46852,1.47,1.25
2017.07.03 16:32:00.490,1.46835,1.46852,2.02,1.94
2017.07.03 16:32:00.798,1.46838,1.46852,1.69,1.25
2017.07.03 16:32:01.679,1.46837,1.46851,1.19,1.00
2017.07.03 16:32:01.782,1.46834,1.46852,2.44,4.01
2017.07.03 16:32:02.090,1.46834,1.46846,1.56,1.00
2017.07.03 16:32:02.142,1.46836,1.4685,1.00,1.31
2017.07.03 16:32:02.244,1.46837,1.4685,1.19,1.00
2017.07.03 16:32:02.807,1.46836,1.46851,1.31,1.25
2017.07.03 16:32:03.770,1.46837,1.46852,1.19,2.14
2017.07.03 16:32:05.704,1.46837,1.46851,1.19,1.56
2017.07.03 16:32:05.756,1.46835,1.46851,1.12,2.14
2017.07.03 16:32:05.859,1.46835,1.46845,1.00,1.19
2017.07.03 16:32:05.911,1.46833,1.46845,1.00,1.19
2017.07.03 16:32:06.433,1.46832,1.46843,1.00,1.00
2017.07.03 16:32:06.709,1.46831,1.46843,1.00,1.31
2017.07.03 16:32:10.843,1.46832,1.46842,1.00,1.01
2017.07.03 16:32:11.192,1.46832,1.46844,1.00,2.44
2017.07.03 16:32:11.500,1.46835,1.46844,1.00,1.00
2017.07.03 16:32:11.551,1.46837,1.46848,1.00,1.19
2017.07.03 16:32:11.858,1.46835,1.46847,1.12,1.69
2017.07.03 16:32:12.182,1.46832,1.46842,1.00,1.25
2017.07.03 16:32:14.185,1.46833,1.46845,1.00,1.75
2017.07.03 16:32:14.341,1.46836,1.46848,1.00,1.94
2017.07.03 16:32:14.874,1.46837,1.46849,1.00,2.06
2017.07.03 16:32:16.811,1.46836,1.46849,1.00,3.00
2017.07.03 16:32:17.273,1.46834,1.46848,1.00,3.94
2017.07.03 16:32:17.325,1.46833,1.46845,1.00,1.87
2017.07.03 16:32:17.734,1.46831,1.46846,1.12,1.31
2017.07.03 16:32:17.837,1.46833,1.46845,1.00,1.87
2017.07.03 16:32:17.939,1.46834,1.46845,1.00,1.25
2017.07.03 16:32:17.991,1.46836,1.46848,1.00,1.69
2017.07.03 16:32:18.247,1.46834,1.46847,1.00,1.19
2017.07.03 16:32:19.831,1.46834,1.46846,1.00,1.87
2017.07.03 16:32:20.283,1.46834,1.46847,1.00,1.94
2017.07.03 16:32:20.796,1.46833,1.46846,1.00,1.75
2017.07.03 16:32:22.324,1.46832,1.46844,1.00,1.44
2017.07.03 16:32:22.992,1.46834,1.46845,1.00,1.19
2017.07.03 16:32:23.044,1.46834,1.46848,1.00,1.56
2017.07.03 16:32:23.096,1.46836,1.46848,1.00,1.56
2017.07.03 16:32:23.147,1.46838,1.46849,1.00,1.00
2017.07.03 16:32:23.339,1.4684,1.46853,1.00,1.37
2017.07.03 16:32:23.391,1.46841,1.46853,1.00,1.00
2017.07.03 16:32:24.292,1.46838,1.46853,1.00,1.00
2017.07.03 16:32:25.529,1.46838,1.46854,1.00,3.00
2017.07.03 16:32:27.260,1.46838,1.46853,1.07,2.06
2017.07.03 16:32:27.630,1.46838,1.46853,1.26,1.31
2017.07.03 16:32:28.145,1.46838,1.46852,1.10,1.19
2017.07.03 16:32:30.991,1.46837,1.46852,1.12,1.19
2017.07.03 16:32:34.747,1.4684,1.46853,1.00,1.69
2017.07.03 16:32:37.631,1.4684,1.46853,1.00,2.44
2017.07.03 16:32:38.147,1.46838,1.46852,1.00,1.31
2017.07.03 16:32:40.180,1.46836,1.4685,1.00,4.12
2017.07.03 16:32:40.517,1.46834,1.46847,1.00,1.69
2017.07.03 16:32:40.843,1.46836,1.46848,1.00,1.31
2017.07.03 16:32:41.840,1.46833,1.46843,1.00,1.00
2017.07.03 16:32:42.345,1.46834,1.46846,1.00,1.56
2017.07.03 16:32:42.704,1.46834,1.46846,1.00,1.56
2017.07.03 16:32:42.959,1.46832,1.46845,1.00,1.19
2017.07.03 16:32:44.355,1.46832,1.46845,1.00,2.44
2017.07.03 16:32:44.716,1.4683,1.46843,1.10,1.87
2017.07.03 16:32:45.244,1.46831,1.46843,1.00,1.81
2017.07.03 16:32:45.958,1.4683,1.46843,1.00,2.25
2017.07.03 16:32:46.490,1.46829,1.46842,1.00,1.50
2017.07.03 16:32:46.541,1.46827,1.4684,1.00,1.37
2017.07.03 16:32:46.592,1.46828,1.46842,1.10,2.25
2017.07.03 16:32:46.952,1.46826,1.46839,1.07,1.00
2017.07.03 16:32:47.299,1.46826,1.4684,1.10,1.00
2017.07.03 16:32:47.402,1.46828,1.4684,1.00,1.00
2017.07.03 16:32:47.764,1.46827,1.4684,1.00,1.56
2017.07.03 16:32:50.273,1.46828,1.46843,1.00,3.56
2017.07.03 16:32:50.326,1.46829,1.46843,1.00,1.69
2017.07.03 16:32:50.858,1.46828,1.46841,1.00,1.00
2017.07.03 16:32:51.011,1.4683,1.46844,1.00,3.00
2017.07.03 16:32:51.362,1.4683,1.46839,1.00,1.00
2017.07.03 16:32:51.414,1.46827,1.46841,1.00,1.31
2017.07.03 16:32:51.925,1.46827,1.4684,1.00,1.00
2017.07.03 16:32:52.136,1.46829,1.46842,1.00,2.06
2017.07.03 16:32:52.734,1.46829,1.4684,1.00,1.25
2017.07.03 16:32:53.013,1.46824,1.46837,1.00,1.25
2017.07.03 16:32:53.217,1.46824,1.46836,1.00,1.37
2017.07.03 16:32:53.474,1.46825,1.46839,1.50,1.62
2017.07.03 16:32:54.078,1.46826,1.46837,1.00,1.00
2017.07.03 16:32:54.613,1.46827,1.46837,1.00,1.00
2017.07.03 16:32:55.141,1.46827,1.46838,1.00,1.00
2017.07.03 16:32:56.045,1.46825,1.46839,1.00,1.62
2017.07.03 16:32:56.282,1.46827,1.46839,1.00,1.62
2017.07.03 16:32:57.280,1.46826,1.46837,1.00,1.19
2017.07.03 16:32:57.790,1.46825,1.46836,1.00,1.25
2017.07.03 16:32:58.670,1.46825,1.46837,1.00,1.12
2017.07.03 16:33:00.124,1.46822,1.46836,1.00,2.62
2017.07.03 16:33:00.176,1.46823,1.46834,1.00,1.00
2017.07.03 16:33:00.709,1.46824,1.46836,1.00,1.37
2017.07.03 16:33:00.760,1.46824,1.46836,1.00,1.00
2017.07.03 16:33:01.571,1.46824,1.46837,1.00,1.75
2017.07.03 16:33:01.720,1.46824,1.46837,1.00,1.19
2017.07.03 16:33:01.771,1.46826,1.46838,1.00,1.37
2017.07.03 16:33:02.335,1.46826,1.46837,1.00,1.37
2017.07.03 16:33:02.900,1.46825,1.46837,1.00,1.37
2017.07.03 16:33:03.424,1.46826,1.46837,1.00,1.37
2017.07.03 16:33:03.476,1.46824,1.46837,1.00,1.37
2017.07.03 16:33:04.012,1.46824,1.46837,1.00,1.12
2017.07.03 16:33:04.526,1.46824,1.46837,1.00,1.12
2017.07.03 16:33:05.097,1.46821,1.46837,2.25,2.44
2017.07.03 16:33:05.251,1.46818,1.46832,1.00,1.00
2017.07.03 16:33:05.407,1.46818,1.46833,1.00,1.12
2017.07.03 16:33:05.816,1.46817,1.4683,1.00,1.37
2017.07.03 16:33:05.943,1.46816,1.46833,1.00,2.44
2017.07.03 16:33:06.160,1.46815,1.46828,1.12,1.00
2017.07.03 16:33:06.709,1.46815,1.4683,1.12,2.44
2017.07.03 16:33:07.240,1.46815,1.46828,1.00,1.31
2017.07.03 16:33:07.751,1.46814,1.46828,1.50,1.31
2017.07.03 16:33:08.597,1.46814,1.46826,1.50,1.00
2017.07.03 16:33:09.118,1.46814,1.46829,1.50,2.44
2017.07.03 16:33:09.430,1.46817,1.46829,1.00,1.69
2017.07.03 16:33:09.532,1.46815,1.46829,1.00,1.69
2017.07.03 16:33:10.551,1.46817,1.46829,1.00,1.31
2017.07.03 16:33:11.531,1.46815,1.46829,1.00,2.44
2017.07.03 16:33:12.073,1.46816,1.46828,1.00,1.19
2017.07.03 16:33:12.608,1.46815,1.46826,1.00,1.00
2017.07.03 16:33:12.813,1.46817,1.46828,1.00,1.19
2017.07.03 16:33:13.484,1.46811,1.46825,1.87,1.00
2017.07.03 16:33:14.063,1.4681,1.46825,3.34,1.00
2017.07.03 16:33:14.608,1.46811,1.46825,1.12,1.00
2017.07.03 16:33:15.158,1.4681,1.46825,2.21,1.00
2017.07.03 16:33:15.546,1.4681,1.46822,1.12,1.69
2017.07.03 16:33:15.649,1.46807,1.46821,1.00,1.31
2017.07.03 16:33:15.957,1.46804,1.46817,3.79,1.00
2017.07.03 16:33:16.061,1.46804,1.46816,1.95,1.00
2017.07.03 16:33:16.113,1.46804,1.46814,1.00,1.00
2017.07.03 16:33:16.267,1.46801,1.46813,1.57,1.00
2017.07.03 16:33:16.790,1.46801,1.46814,2.32,1.00
2017.07.03 16:33:17.304,1.46801,1.46812,1.50,1.00
2017.07.03 16:33:17.917,1.46801,1.46813,1.12,1.00
2017.07.03 16:33:18.427,1.46801,1.46812,1.87,1.00
2017.07.03 16:33:18.971,1.46799,1.46811,2.21,1.00
2017.07.03 16:33:19.175,1.46799,1.46811,2.59,1.00
2017.07.03 16:33:19.431,1.46799,1.46809,1.50,1.00
2017.07.03 16:33:19.951,1.46799,1.4681,2.25,1.00
2017.07.03 16:33:20.370,1.46801,1.4681,1.00,1.00
2017.07.03 16:33:20.626,1.46799,1.46812,2.25,1.00
2017.07.03 16:33:21.159,1.46799,1.46812,3.00,1.00
2017.07.03 16:33:21.684,1.46799,1.46811,2.25,1.00
2017.07.03 16:33:22.195,1.468,1.46812,1.00,1.00
2017.07.03 16:33:22.246,1.468,1.4681,1.00,1.00
2017.07.03 16:33:22.771,1.46799,1.46811,2.25,1.00
2017.07.03 16:33:23.354,1.46799,1.46811,2.25,1.00
2017.07.03 16:33:24.378,1.46799,1.46811,3.75,1.00
2017.07.03 16:33:25.491,1.46801,1.46813,1.57,1.00
2017.07.03 16:33:25.746,1.46802,1.46815,1.20,1.00
2017.07.03 16:33:26.051,1.46801,1.46813,3.82,1.00
2017.07.03 16:33:27.116,1.46801,1.46813,1.82,1.00
2017.07.03 16:33:27.687,1.46801,1.46812,1.47,1.00
2017.07.03 16:33:28.235,1.46801,1.46813,1.47,1.00
2017.07.03 16:33:28.544,1.46799,1.46811,1.57,1.00
2017.07.03 16:33:28.596,1.46798,1.46809,1.57,1.00
2017.07.03 16:33:29.126,1.46798,1.4681,1.82,1.00
2017.07.03 16:33:30.304,1.46798,1.46809,1.20,1.00
2017.07.03 16:33:30.955,1.46798,1.46809,1.87,1.00
2017.07.03 16:33:31.500,1.46797,1.4681,2.66,1.00
2017.07.03 16:33:32.096,1.46798,1.4681,2.25,1.00
2017.07.03 16:33:32.621,1.46799,1.46811,1.47,1.00
2017.07.03 16:33:32.863,1.46798,1.46809,1.45,1.00
2017.07.03 16:33:33.392,1.46799,1.46809,1.20,1.00
2017.07.03 16:33:33.837,1.46799,1.46811,1.12,1.00
2017.07.03 16:33:33.990,1.46799,1.46809,1.20,1.00
2017.07.03 16:33:34.511,1.46796,1.46808,1.95,1.00
2017.07.03 16:33:34.716,1.46795,1.4681,1.00,1.87
2017.07.03 16:33:34.767,1.46795,1.46805,1.00,1.00
2017.07.03 16:33:35.109,1.46795,1.46807,1.00,1.25
2017.07.03 16:33:35.641,1.46796,1.46808,1.00,1.69
2017.07.03 16:33:36.178,1.46795,1.46808,1.00,2.06
2017.07.03 16:33:36.692,1.46794,1.46809,1.00,3.00
2017.07.03 16:33:36.985,1.46795,1.46809,1.00,1.50
2017.07.03 16:33:37.445,1.46797,1.46809,1.00,1.50
2017.07.03 16:33:37.496,1.46795,1.4681,1.00,3.00
2017.07.03 16:33:37.854,1.46796,1.46812,1.12,2.06
2017.07.03 16:33:38.007,1.46798,1.46812,1.00,1.56
2017.07.03 16:33:38.240,1.46796,1.46812,1.87,1.56
2017.07.03 16:33:38.746,1.46797,1.46813,1.00,1.69
2017.07.03 16:33:38.900,1.46799,1.46813,1.00,1.69
2017.07.03 16:33:39.088,1.46797,1.46813,1.00,2.44
2017.07.03 16:33:39.380,1.46799,1.46813,1.00,1.69
2017.07.03 16:33:39.636,1.46797,1.46812,1.00,1.19
2017.07.03 16:33:40.321,1.46799,1.46813,1.00,1.69
2017.07.03 16:33:40.577,1.46799,1.46814,1.12,2.06
2017.07.03 16:33:41.088,1.468,1.46814,1.00,1.69
2017.07.03 16:33:45.047,1.468,1.46815,1.00,1.87
2017.07.03 16:33:51.856,1.468,1.46815,1.00,1.12
2017.07.03 16:33:52.357,1.468,1.46814,1.00,1.00
2017.07.03 16:33:52.898,1.468,1.46815,1.00,1.00
2017.07.03 16:33:54.777,1.46801,1.46815,1.00,1.00
2017.07.03 16:33:55.234,1.46799,1.46815,1.20,1.00
2017.07.03 16:33:55.778,1.46801,1.46815,1.00,1.12
2017.07.03 16:33:59.147,1.46806,1.46817,1.00,1.56
2017.07.03 16:33:59.200,1.46806,1.46819,1.00,1.37
2017.07.03 16:33:59.252,1.46808,1.46821,1.00,1.31
2017.07.03 16:33:59.303,1.46806,1.46822,1.37,2.81
2017.07.03 16:33:59.356,1.46806,1.46816,1.00,1.00
2017.07.03 16:33:59.411,1.46804,1.46818,1.00,1.37
2017.07.03 16:33:59.630,1.46802,1.46817,1.00,1.12
2017.07.03 16:34:00.142,1.46801,1.46816,1.00,1.69
2017.07.03 16:34:03.613,1.46799,1.46815,1.12,1.50
2017.07.03 16:34:04.025,1.46799,1.46812,1.87,1.00
2017.07.03 16:34:04.239,1.46799,1.46814,1.87,2.44
2017.07.03 16:34:05.031,1.46799,1.46813,1.12,1.00
2017.07.03 16:34:05.635,1.46799,1.46812,1.00,1.00
2017.07.03 16:34:06.184,1.46799,1.46813,1.00,1.00
2017.07.03 16:34:06.896,1.46799,1.46814,1.00,2.44
2017.07.03 16:34:07.439,1.468,1.46814,1.00,2.44
2017.07.03 16:34:08.575,1.46798,1.46812,1.12,1.00
2017.07.03 16:34:08.883,1.4679,1.46803,1.57,1.00
2017.07.03 16:34:09.036,1.46789,1.46804,1.47,1.25
2017.07.03 16:34:09.139,1.46788,1.46801,1.12,1.00
2017.07.03 16:34:09.190,1.46788,1.46804,1.87,1.31
2017.07.03 16:34:09.442,1.46788,1.46802,1.12,1.00
2017.07.03 16:34:10.058,1.46788,1.46803,1.12,1.25
2017.07.03 16:34:10.377,1.4679,1.46806,1.00,1.87
2017.07.03 16:34:11.247,1.46791,1.46806,1.00,1.25
2017.07.03 16:34:11.553,1.46793,1.46807,1.00,1.87
2017.07.03 16:34:11.757,1.46791,1.46807,1.00,1.87
2017.07.03 16:34:12.286,1.46792,1.46806,1.00,1.25
2017.07.03 16:34:13.456,1.46791,1.46805,1.00,1.00
2017.07.03 16:34:13.968,1.46792,1.46807,1.00,2.62
2017.07.03 16:34:16.941,1.46793,1.46808,1.00,1.69
2017.07.03 16:34:16.993,1.46793,1.46808,1.00,1.95
2017.07.03 16:34:17.505,1.46792,1.46807,1.00,2.25
2017.07.03 16:34:18.784,1.46791,1.46806,1.12,1.50
2017.07.03 16:34:20.209,1.4679,1.46807,1.20,2.62
2017.07.03 16:34:20.921,1.46792,1.46807,1.00,2.62
2017.07.03 16:34:20.973,1.4679,1.46807,1.20,1.56
2017.07.03 16:34:21.483,1.46789,1.46806,1.47,1.50
2017.07.03 16:34:23.334,1.46791,1.46806,1.12,1.00
2017.07.03 16:34:23.438,1.4679,1.46806,1.37,1.87
2017.07.03 16:34:24.002,1.46791,1.46806,1.50,1.37
2017.07.03 16:34:24.551,1.4679,1.46806,1.00,2.25
2017.07.03 16:34:25.064,1.46789,1.46804,1.54,1.00
2017.07.03 16:34:25.371,1.46789,1.46804,1.91,1.00
2017.07.03 16:34:25.926,1.4679,1.46806,1.37,3.00
2017.07.03 16:34:26.182,1.46788,1.46804,1.37,2.06
2017.07.03 16:34:27.224,1.46788,1.46804,1.00,2.25
2017.07.03 16:34:27.328,1.46786,1.468,1.41,1.00
2017.07.03 16:34:27.634,1.46788,1.468,1.07,1.00
2017.07.03 16:34:27.891,1.46787,1.468,1.05,1.00
2017.07.03 16:34:28.301,1.46786,1.46799,3.04,1.00
2017.07.03 16:34:29.149,1.46786,1.46799,3.41,1.00
2017.07.03 16:34:30.234,1.46787,1.46799,1.16,1.00
2017.07.03 16:34:30.440,1.46788,1.46801,1.20,1.00
2017.07.03 16:34:31.334,1.46789,1.46801,1.42,1.00
2017.07.03 16:34:31.386,1.46789,1.46803,1.16,1.00
2017.07.03 16:34:31.693,1.46789,1.46801,1.07,1.00
2017.07.03 16:34:32.442,1.46791,1.46804,2.62,1.00
2017.07.03 16:34:32.495,1.46791,1.46802,2.25,1.00
2017.07.03 16:34:32.547,1.46789,1.46803,1.95,1.00
2017.07.03 16:34:32.598,1.46789,1.468,1.10,1.00
2017.07.03 16:34:33.109,1.46787,1.46799,1.54,1.00
2017.07.03 16:34:33.660,1.46787,1.468,1.54,1.00
2017.07.03 16:34:36.511,1.46787,1.46799,1.54,1.00
2017.07.03 16:34:36.817,1.46787,1.46799,1.10,1.00
2017.07.03 16:34:37.971,1.46785,1.46799,4.20,1.00
2017.07.03 16:34:38.477,1.46787,1.468,1.07,1.00
2017.07.03 16:34:38.591,1.46786,1.46804,2.32,1.50
2017.07.03 16:34:38.799,1.46788,1.46804,1.54,1.00
2017.07.03 16:34:39.324,1.46789,1.46805,1.45,1.00
2017.07.03 16:34:39.633,1.46787,1.46803,1.91,1.00
2017.07.03 16:34:39.940,1.46784,1.46796,1.00,1.19
2017.07.03 16:34:40.042,1.46777,1.46793,1.47,1.25
2017.07.03 16:34:40.094,1.46777,1.46791,1.10,1.00
2017.07.03 16:34:40.555,1.46776,1.46793,1.45,1.31
2017.07.03 16:34:40.801,1.46778,1.46793,1.07,1.31
2017.07.03 16:34:41.312,1.46777,1.46793,3.00,1.31
2017.07.03 16:34:41.465,1.46779,1.46796,1.57,1.62
2017.07.03 16:34:41.568,1.4678,1.46795,1.00,1.19
2017.07.03 16:34:42.029,1.46777,1.46793,1.00,1.69
2017.07.03 16:34:42.169,1.46777,1.46793,1.00,1.69
2017.07.03 16:34:43.111,1.46776,1.46791,1.00,1.87
2017.07.03 16:34:45.397,1.46779,1.46791,1.00,1.19
2017.07.03 16:34:45.539,1.46778,1.46794,1.00,1.56
2017.07.03 16:34:45.643,1.46778,1.46796,1.37,2.51
2017.07.03 16:34:45.797,1.46778,1.46794,2.62,1.19
2017.07.03 16:34:47.611,1.46778,1.46794,1.87,1.31
2017.07.03 16:34:48.282,1.46777,1.46792,1.87,1.00
2017.07.03 16:34:48.449,1.46777,1.46792,1.45,1.75
2017.07.03 16:34:48.503,1.46777,1.46791,1.00,1.31
2017.07.03 16:34:48.555,1.46775,1.4679,1.57,1.12
2017.07.03 16:34:48.659,1.46773,1.46787,1.50,1.19
2017.07.03 16:34:49.175,1.46773,1.46789,4.12,1.81
2017.07.03 16:34:49.604,1.46771,1.46787,2.70,2.06
2017.07.03 16:34:50.116,1.46772,1.46787,1.12,1.31
2017.07.03 16:34:50.373,1.46774,1.46787,1.00,1.69
2017.07.03 16:34:50.881,1.46773,1.46789,1.50,2.25
2017.07.03 16:34:51.242,1.46773,1.4679,3.45,2.25
2017.07.03 16:34:52.283,1.46775,1.4679,1.00,1.12
2017.07.03 16:34:52.870,1.46774,1.4679,1.00,1.12
2017.07.03 16:34:52.924,1.46773,1.4679,2.70,1.12
2017.07.03 16:34:56.356,1.46773,1.46788,2.25,2.06
2017.07.03 16:34:56.924,1.46773,1.46788,2.62,2.06
2017.07.03 16:34:58.649,1.46773,1.46788,1.50,2.06
2017.07.03 16:34:58.802,1.46773,1.46788,1.12,2.44
2017.07.03 16:34:58.906,1.46773,1.46788,1.12,2.06
2017.07.03 16:34:59.810,1.46772,1.46788,3.00,2.06
2017.07.03 16:35:00.317,1.46772,1.46788,3.00,2.06
2017.07.03 16:35:01.217,1.46773,1.46788,1.00,2.06
2017.07.03 16:35:01.451,1.46772,1.46787,3.37,1.19
2017.07.03 16:35:02.119,1.46773,1.46788,1.00,2.44
2017.07.03 16:35:02.666,1.46772,1.46788,3.00,2.06
2017.07.03 16:35:03.177,1.46772,1.46788,3.45,2.06
2017.07.03 16:35:03.708,1.46772,1.46788,3.00,2.06
2017.07.03 16:35:04.352,1.46773,1.46788,1.00,1.69
2017.07.03 16:35:06.467,1.46772,1.46788,2.62,1.69
2017.07.03 16:35:07.018,1.46773,1.46788,1.00,1.69
2017.07.03 16:35:08.172,1.46774,1.4679,1.12,1.44
2017.07.03 16:35:08.275,1.46776,1.46791,1.37,1.19
2017.07.03 16:35:08.582,1.46777,1.46793,1.84,1.31
2017.07.03 16:35:08.684,1.46775,1.46791,2.25,1.19
2017.07.03 16:35:09.196,1.46774,1.46789,2.70,1.00
2017.07.03 16:35:09.459,1.46775,1.46789,1.50,1.00
2017.07.03 16:35:09.510,1.46779,1.46789,1.00,1.00
2017.07.03 16:35:09.613,1.46777,1.46792,1.50,1.25
2017.07.03 16:35:09.665,1.46775,1.4679,2.25,1.25
2017.07.03 16:35:09.716,1.46775,1.4679,1.12,1.25
2017.07.03 16:35:10.227,1.46776,1.46792,1.00,1.69
2017.07.03 16:35:10.738,1.46775,1.46791,1.50,1.31
2017.07.03 16:35:11.176,1.46777,1.46792,1.00,1.68
2017.07.03 16:35:11.689,1.46774,1.4679,2.96,1.00
2017.07.03 16:35:12.204,1.46777,1.4679,1.00,1.00
2017.07.03 16:35:12.745,1.46776,1.46791,1.37,1.07
2017.07.03 16:35:13.051,1.46774,1.46788,1.54,1.00
2017.07.03 16:35:13.154,1.46775,1.4679,1.57,1.00
2017.07.03 16:35:13.670,1.46775,1.46789,1.45,1.00
2017.07.03 16:35:14.182,1.46774,1.46788,1.16,1.00
2017.07.03 16:35:14.619,1.46774,1.46788,1.54,1.00
2017.07.03 16:35:14.776,1.46772,1.46787,2.32,1.00
2017.07.03 16:35:14.930,1.46774,1.46787,1.00,1.00
2017.07.03 16:35:15.236,1.46772,1.46787,3.07,1.00
2017.07.03 16:35:15.619,1.46778,1.46789,1.00,1.74
2017.07.03 16:35:16.186,1.46779,1.46789,1.00,1.74
2017.07.03 16:35:17.677,1.46779,1.46789,1.00,1.74
2017.07.03 16:35:20.029,1.46778,1.46789,1.00,1.36
2017.07.03 16:35:20.540,1.46778,1.4679,1.00,1.87
2017.07.03 16:35:21.091,1.46779,1.4679,1.00,1.50
2017.07.03 16:35:21.634,1.4678,1.4679,1.00,1.19
2017.07.03 16:35:22.148,1.46779,1.4679,1.00,1.19
2017.07.03 16:35:22.878,1.46779,1.46791,1.00,1.12
2017.07.03 16:35:23.742,1.46781,1.46791,1.00,1.81
2017.07.03 16:35:24.291,1.4678,1.46791,1.00,1.81
2017.07.03 16:35:25.841,1.46785,1.46791,1.37,1.00
2017.07.03 16:35:25.961,1.46785,1.46793,1.00,2.00
2017.07.03 16:35:26.064,1.46783,1.46792,1.00,1.19
2017.07.03 16:35:26.167,1.46781,1.46793,1.00,1.50
2017.07.03 16:35:26.322,1.46783,1.46792,1.00,1.37
2017.07.03 16:35:26.528,1.46784,1.46794,1.00,1.50
2017.07.03 16:35:27.034,1.46785,1.46796,1.00,1.87
2017.07.03 16:35:27.547,1.46786,1.46796,1.00,2.19
2017.07.03 16:35:28.454,1.46786,1.46797,1.00,2.06
2017.07.03 16:35:29.983,1.46787,1.46798,1.00,1.56
2017.07.03 16:35:30.137,1.46783,1.46795,1.00,4.24
2017.07.03 16:35:30.454,1.46785,1.46795,1.00,1.31
2017.07.03 16:35:30.966,1.46785,1.46796,1.00,2.25
2017.07.03 16:35:31.172,1.46786,1.46798,1.00,2.62
2017.07.03 16:35:31.275,1.46786,1.46796,1.00,1.62
2017.07.03 16:35:31.798,1.46785,1.46796,1.00,2.25
2017.07.03 16:35:32.452,1.46782,1.46795,1.00,2.25
2017.07.03 16:35:32.555,1.4678,1.46792,1.00,1.12
2017.07.03 16:35:32.760,1.46781,1.46792,1.00,2.06
2017.07.03 16:35:33.267,1.46779,1.4679,1.00,1.31
2017.07.03 16:35:33.369,1.46779,1.4679,1.00,2.06
2017.07.03 16:35:42.363,1.46777,1.46788,1.00,1.19
2017.07.03 16:35:42.415,1.46775,1.46786,1.00,1.37
2017.07.03 16:35:42.622,1.46772,1.46783,1.00,1.87
2017.07.03 16:35:43.208,1.46771,1.46783,1.00,2.19
2017.07.03 16:35:45.230,1.46771,1.46781,1.00,2.25
2017.07.03 16:35:46.809,1.46768,1.46779,1.00,2.81
2017.07.03 16:35:47.322,1.46767,1.46776,1.00,1.00
2017.07.03 16:35:47.849,1.46767,1.46778,1.00,1.56
2017.07.03 16:35:48.207,1.46769,1.46779,1.00,1.81
2017.07.03 16:35:48.259,1.4677,1.4678,1.00,1.19
2017.07.03 16:35:49.503,1.4677,1.46783,1.00,1.50
2017.07.03 16:35:49.555,1.46772,1.46783,1.00,1.50
2017.07.03 16:35:53.092,1.46774,1.46784,1.00,1.87
2017.07.03 16:35:53.145,1.46774,1.46784,1.00,1.87
2017.07.03 16:35:53.695,1.46773,1.46784,1.00,1.87
2017.07.03 16:35:56.100,1.46774,1.46783,1.00,1.00
2017.07.03 16:35:58.552,1.46775,1.46784,1.00,1.12
2017.07.03 16:35:59.064,1.46776,1.46786,1.00,1.87
2017.07.03 16:35:59.676,1.46775,1.46786,1.00,1.37
2017.07.03 16:36:00.182,1.46776,1.46788,1.00,2.25
2017.07.03 16:36:00.389,1.46777,1.46788,1.00,2.44
2017.07.03 16:36:00.441,1.46777,1.46786,1.00,1.87
2017.07.03 16:36:00.989,1.46776,1.46786,1.00,2.25
2017.07.03 16:36:01.470,1.46776,1.46787,1.00,1.62
2017.07.03 16:36:01.927,1.46774,1.46786,1.00,1.24
2017.07.03 16:36:02.371,1.46776,1.46787,1.00,1.87
2017.07.03 16:36:02.882,1.46776,1.46787,1.00,1.49
2017.07.03 16:36:04.714,1.46774,1.46787,1.00,1.87
2017.07.03 16:36:05.286,1.46775,1.46787,1.00,1.87
2017.07.03 16:36:05.390,1.46771,1.46784,1.00,2.37
2017.07.03 16:36:05.799,1.46769,1.46781,1.00,1.99
2017.07.03 16:36:06.185,1.46772,1.46783,1.00,2.06
2017.07.03 16:36:06.691,1.46773,1.46784,1.00,2.44
2017.07.03 16:36:06.998,1.46775,1.46785,1.00,1.62
2017.07.03 16:36:07.203,1.46773,1.46784,1.00,1.19
2017.07.03 16:36:07.983,1.46775,1.46786,1.00,1.39
2017.07.03 16:36:08.496,1.46775,1.46784,1.00,1.19
2017.07.03 16:36:08.598,1.46773,1.46784,1.00,1.19
2017.07.03 16:36:09.380,1.46775,1.46785,1.00,1.66
2017.07.03 16:36:09.699,1.46777,1.46788,1.00,1.69
2017.07.03 16:36:09.750,1.46775,1.46788,1.00,1.69
2017.07.03 16:36:10.108,1.46778,1.46788,1.00,1.69
2017.07.03 16:36:10.465,1.46778,1.4679,1.00,2.81
2017.07.03 16:36:10.970,1.46779,1.4679,1.00,2.44
2017.07.03 16:36:12.218,1.46779,1.4679,1.00,1.69
2017.07.03 16:36:13.282,1.46779,1.46788,1.00,1.19
2017.07.03 16:36:13.807,1.46778,1.46788,1.00,1.19
2017.07.03 16:36:14.391,1.46777,1.46789,1.00,2.44
2017.07.03 16:36:14.892,1.46776,1.46788,1.00,1.69
2017.07.03 16:36:15.402,1.46777,1.46788,1.00,1.31
2017.07.03 16:36:16.100,1.46778,1.46788,1.00,1.19
2017.07.03 16:36:16.153,1.46778,1.46788,1.00,1.25
2017.07.03 16:36:16.741,1.46777,1.4679,1.00,1.56
2017.07.03 16:36:17.318,1.46776,1.46788,1.00,1.25
2017.07.03 16:36:21.777,1.46776,1.4679,1.00,1.39
2017.07.03 16:36:25.518,1.46782,1.46789,1.87,1.00
2017.07.03 16:36:25.826,1.46803,1.4681,1.00,1.00
2017.07.03 16:36:25.931,1.46805,1.4681,1.00,1.00
2017.07.03 16:36:26.141,1.46808,1.46819,1.00,1.19
2017.07.03 16:36:26.653,1.46807,1.46819,1.00,1.69
2017.07.03 16:36:27.064,1.46806,1.46819,1.00,2.06
2017.07.03 16:36:27.169,1.46807,1.46818,1.00,1.00
2017.07.03 16:36:27.305,1.46809,1.46818,1.00,1.00
2017.07.03 16:36:27.816,1.46808,1.4682,1.12,1.56
2017.07.03 16:36:28.177,1.46811,1.4682,1.12,1.56
2017.07.03 16:36:28.280,1.46814,1.46824,1.00,1.87
2017.07.03 16:36:29.340,1.46816,1.46828,1.00,2.06
2017.07.03 16:36:29.443,1.46816,1.46828,1.00,1.56
2017.07.03 16:36:29.949,1.46817,1.46827,1.00,1.19
2017.07.03 16:36:30.102,1.46815,1.46828,1.00,1.56
2017.07.03 16:36:30.154,1.46817,1.46828,1.00,1.56
2017.07.03 16:36:32.793,1.46818,1.46831,1.00,2.44
2017.07.03 16:36:32.896,1.4682,1.46831,1.00,1.56
2017.07.03 16:36:33.052,1.46821,1.46831,1.00,1.25
2017.07.03 16:36:33.516,1.46823,1.46831,1.00,1.25
2017.07.03 16:36:33.722,1.46821,1.46831,1.00,1.25
2017.07.03 16:36:35.730,1.46823,1.46832,1.00,1.69
2017.07.03 16:36:36.255,1.46821,1.46832,1.00,1.69
2017.07.03 16:36:36.561,1.46823,1.46834,1.00,1.94
2017.07.03 16:36:37.818,1.46822,1.46834,1.00,1.69
2017.07.03 16:36:37.921,1.46822,1.46833,1.00,1.25
2017.07.03 16:36:38.432,1.46823,1.46834,1.00,1.69
2017.07.03 16:36:44.407,1.46825,1.46836,1.00,2.51
2017.07.03 16:36:44.909,1.46826,1.46836,1.00,1.75
2017.07.03 16:36:45.426,1.46825,1.46836,1.00,1.50
2017.07.03 16:36:45.942,1.46826,1.46836,1.00,1.50
2017.07.03 16:36:47.057,1.46826,1.46838,1.00,2.06
2017.07.03 16:36:47.593,1.46825,1.46838,1.00,1.76
2017.07.03 16:36:49.948,1.46824,1.46838,1.00,2.44
2017.07.03 16:36:50.659,1.46825,1.46835,1.00,1.25
2017.07.03 16:36:51.716,1.46825,1.46836,1.00,2.06
2017.07.03 16:36:53.221,1.46826,1.46836,1.00,1.69
2017.07.03 16:36:54.048,1.46826,1.46836,1.00,1.19
2017.07.03 16:36:54.571,1.46824,1.46835,1.00,1.31
2017.07.03 16:36:55.086,1.46824,1.46834,1.00,1.00
2017.07.03 16:36:55.680,1.46824,1.46836,1.00,1.19
2017.07.03 16:36:55.988,1.46827,1.46837,1.00,1.19
2017.07.03 16:36:56.500,1.46826,1.46837,1.00,1.19
2017.07.03 16:36:57.092,1.46825,1.46838,1.00,1.94
2017.07.03 16:36:57.603,1.46824,1.46837,1.00,2.44
2017.07.03 16:36:59.932,1.46825,1.46837,1.00,2.44
2017.07.03 16:37:02.693,1.46827,1.46838,1.00,1.69
2017.07.03 16:37:05.588,1.46825,1.46839,1.00,2.06
2017.07.03 16:37:06.112,1.46825,1.46839,1.00,2.06
2017.07.03 16:37:06.266,1.46828,1.46838,1.00,1.12
2017.07.03 16:37:06.471,1.46847,1.46856,1.00,1.37
2017.07.03 16:37:06.523,1.46843,1.46857,1.00,1.29
2017.07.03 16:37:06.626,1.46847,1.46857,1.00,1.66
2017.07.03 16:37:06.795,1.46845,1.46856,1.00,1.69
2017.07.03 16:37:07.311,1.46846,1.46858,1.00,2.04
2017.07.03 16:37:07.816,1.46846,1.46857,1.00,1.19
2017.07.03 16:37:09.945,1.46847,1.46859,1.00,2.06
2017.07.03 16:37:10.456,1.46846,1.46857,1.00,1.31
2017.07.03 16:37:11.297,1.46847,1.46857,1.00,1.69
2017.07.03 16:37:11.400,1.46845,1.46857,1.00,1.69
2017.07.03 16:37:11.452,1.46847,1.46857,1.00,1.69
2017.07.03 16:37:11.504,1.46847,1.46857,1.00,1.69
2017.07.03 16:37:12.066,1.46846,1.46857,1.12,1.25
2017.07.03 16:37:12.224,1.46846,1.46857,1.12,1.19
2017.07.03 16:37:12.277,1.46846,1.46857,1.12,1.25
2017.07.03 16:37:12.637,1.46844,1.46859,1.00,2.06
2017.07.03 16:37:12.688,1.46844,1.46859,1.00,2.06
2017.07.03 16:37:12.995,1.46846,1.46856,1.00,1.56
2017.07.03 16:37:13.047,1.46844,1.46859,1.00,2.06
2017.07.03 16:37:13.098,1.46842,1.46859,1.12,2.06
2017.07.03 16:37:15.171,1.46843,1.46856,1.00,1.56
2017.07.03 16:37:15.993,1.46841,1.46856,1.00,1.56
2017.07.03 16:37:16.355,1.46843,1.46856,1.00,2.00
2017.07.03 16:37:16.928,1.46842,1.46856,1.00,2.06
2017.07.03 16:37:17.235,1.46844,1.46856,1.00,1.31
2017.07.03 16:37:17.287,1.46844,1.46856,1.00,1.62
2017.07.03 16:37:18.124,1.46844,1.46856,1.00,1.25
2017.07.03 16:37:19.903,1.46841,1.46857,1.00,1.31
2017.07.03 16:37:20.333,1.4684,1.46856,1.50,1.62
2017.07.03 16:37:20.641,1.46844,1.4686,1.45,2.06
2017.07.03 16:37:21.309,1.46844,1.46861,1.45,1.87
2017.07.03 16:37:21.872,1.46846,1.46863,1.95,2.06
2017.07.03 16:37:22.230,1.46848,1.46864,1.37,2.44
2017.07.03 16:37:22.769,1.46848,1.46864,1.50,1.69
2017.07.03 16:37:22.923,1.46847,1.46862,1.00,1.12
2017.07.03 16:37:23.077,1.46846,1.46862,1.57,1.37
2017.07.03 16:37:23.642,1.46847,1.46863,3.07,1.69
2017.07.03 16:37:24.066,1.46848,1.46864,1.75,2.06
2017.07.03 16:37:24.589,1.46847,1.46862,1.12,1.31
2017.07.03 16:37:25.637,1.46848,1.46863,1.87,1.01
2017.07.03 16:37:26.149,1.46847,1.46863,1.75,2.06
2017.07.03 16:37:26.409,1.46843,1.46858,1.87,1.31
2017.07.03 16:37:26.461,1.46843,1.46858,1.50,1.62
2017.07.03 16:37:26.974,1.46844,1.46858,1.00,1.37
2017.07.03 16:37:28.840,1.46845,1.46861,1.12,2.06
2017.07.03 16:37:28.891,1.46845,1.46861,1.12,1.69
2017.07.03 16:37:29.401,1.46846,1.46862,1.12,1.31
2017.07.03 16:37:29.939,1.46846,1.46862,2.25,1.31
2017.07.03 16:37:30.462,1.46848,1.46864,1.12,2.44
2017.07.03 16:37:31.288,1.46848,1.46864,1.12,1.87
2017.07.03 16:37:31.340,1.46854,1.46864,1.00,1.00
2017.07.03 16:37:31.444,1.46854,1.46868,1.00,1.37
2017.07.03 16:37:31.958,1.46854,1.46868,1.00,1.12
2017.07.03 16:37:34.939,1.46855,1.46869,1.00,1.62
2017.07.03 16:37:36.280,1.46855,1.4687,1.00,1.81
2017.07.03 16:37:36.691,1.46854,1.46866,1.50,1.00
2017.07.03 16:37:37.665,1.46854,1.46864,1.00,1.00
2017.07.03 16:37:37.922,1.46854,1.46868,1.12,1.50
2017.07.03 16:37:38.465,1.46854,1.46868,1.12,1.00
2017.07.03 16:37:39.345,1.46854,1.46868,1.50,1.00
2017.07.03 16:37:39.939,1.46854,1.46868,1.12,1.00
2017.07.03 16:37:40.531,1.46854,1.46865,1.12,1.00
2017.07.03 16:37:40.890,1.46851,1.46863,3.00,1.00
2017.07.03 16:37:41.457,1.46851,1.46863,3.00,1.00
2017.07.03 16:37:41.916,1.46851,1.46865,3.00,1.00
2017.07.03 16:37:42.171,1.46851,1.46863,3.00,1.00
2017.07.03 16:37:43.568,1.46851,1.46863,1.50,1.00
2017.07.03 16:37:44.112,1.46851,1.46864,2.51,1.00
2017.07.03 16:37:44.379,1.46851,1.46866,3.26,1.00
2017.07.03 16:37:44.533,1.4685,1.46861,1.20,1.00
2017.07.03 16:37:44.839,1.46847,1.46859,1.12,1.00
2017.07.03 16:37:45.045,1.46848,1.46862,1.20,1.00
2017.07.03 16:37:45.701,1.46849,1.46862,1.47,1.00
2017.07.03 16:37:45.855,1.46848,1.46859,1.10,1.00
2017.07.03 16:37:46.010,1.46845,1.46857,1.10,1.00
2017.07.03 16:37:46.267,1.46842,1.46853,1.82,1.00
2017.07.03 16:37:46.319,1.46842,1.46852,1.00,1.00
2017.07.03 16:37:46.370,1.46841,1.46854,1.37,1.00
2017.07.03 16:37:46.732,1.4684,1.46853,1.57,1.00
2017.07.03 16:37:46.962,1.46841,1.46853,1.37,1.00
2017.07.03 16:37:47.483,1.46841,1.46854,1.45,1.00
2017.07.03 16:37:48.147,1.46842,1.46857,1.57,1.12
2017.07.03 16:37:48.250,1.46843,1.46857,1.95,1.00
2017.07.03 16:37:48.778,1.46845,1.46859,1.20,1.19
2017.07.03 16:37:49.971,1.46844,1.46859,1.10,1.31
2017.07.03 16:37:50.546,1.46843,1.46857,1.57,1.00
2017.07.03 16:37:52.369,1.46843,1.46857,1.95,1.00
2017.07.03 16:37:52.571,1.46844,1.46856,1.05,1.00
2017.07.03 16:37:52.929,1.46844,1.46857,2.29,1.00
2017.07.03 16:37:56.816,1.46844,1.46859,2.66,1.19
2017.07.03 16:37:57.992,1.46844,1.46859,1.20,1.19
2017.07.03 16:37:59.541,1.46844,1.46858,1.47,1.25
2017.07.03 16:38:00.130,1.46844,1.46858,1.47,1.25
2017.07.03 16:38:00.771,1.46844,1.46857,1.10,1.00
2017.07.03 16:38:02.321,1.46842,1.46853,1.09,1.00
2017.07.03 16:38:02.924,1.46841,1.46853,3.04,1.00
2017.07.03 16:38:03.231,1.46842,1.46855,1.37,1.00
2017.07.03 16:38:03.741,1.46841,1.46854,1.85,1.00
2017.07.03 16:38:06.761,1.46841,1.46852,1.12,1.00
2017.07.03 16:38:06.863,1.46838,1.46852,2.62,1.00
2017.07.03 16:38:06.914,1.46838,1.4685,2.25,1.00
2017.07.03 16:38:07.480,1.46838,1.46852,1.31,1.00
2017.07.03 16:38:08.025,1.46839,1.46853,1.82,1.00
2017.07.03 16:38:08.653,1.46839,1.46853,1.82,1.00
2017.07.03 16:38:10.026,1.46839,1.46853,1.82,1.00
2017.07.03 16:38:10.543,1.46839,1.46852,1.95,1.00
2017.07.03 16:38:11.102,1.46839,1.46852,1.95,1.00
2017.07.03 16:38:11.872,1.46839,1.46853,1.57,1.00
2017.07.03 16:38:12.240,1.46839,1.46852,1.57,1.00
2017.07.03 16:38:12.291,1.46839,1.46854,1.57,1.00
2017.07.03 16:38:12.640,1.46839,1.46852,1.57,1.00
2017.07.03 16:38:12.759,1.46839,1.46854,1.57,1.00
2017.07.03 16:38:13.283,1.46838,1.46853,2.70,1.00
2017.07.03 16:38:13.787,1.46839,1.46852,1.45,1.00
2017.07.03 16:38:14.195,1.46838,1.4685,1.50,1.00
2017.07.03 16:38:14.706,1.46837,1.46849,1.50,1.00
2017.07.03 16:38:15.422,1.46837,1.4685,1.50,1.00
2017.07.03 16:38:15.959,1.46838,1.46851,1.50,1.00
2017.07.03 16:38:16.491,1.46838,1.46851,1.50,1.00
2017.07.03 16:38:17.979,1.46839,1.46851,1.37,1.00
2017.07.03 16:38:18.677,1.46839,1.46853,1.00,1.00
2017.07.03 16:38:18.831,1.46838,1.46853,3.04,1.00
2017.07.03 16:38:19.347,1.4684,1.46853,1.00,1.00
2017.07.03 16:38:19.892,1.46838,1.46853,2.96,1.00
2017.07.03 16:38:20.439,1.46838,1.46851,1.84,1.00
2017.07.03 16:38:20.644,1.46837,1.46851,1.50,1.00
2017.07.03 16:38:21.177,1.46836,1.46851,1.37,1.00
2017.07.03 16:38:22.746,1.46834,1.4685,3.07,2.81
2017.07.03 16:38:22.801,1.46834,1.46845,1.50,1.00
2017.07.03 16:38:22.855,1.46834,1.46845,1.12,1.56
2017.07.03 16:38:22.958,1.4683,1.46843,1.47,1.56
2017.07.03 16:38:23.795,1.46828,1.46842,3.45,1.56
2017.07.03 16:38:24.614,1.46829,1.46842,1.57,1.56
2017.07.03 16:38:25.207,1.46829,1.46842,1.50,1.56
2017.07.03 16:38:25.836,1.46828,1.46842,3.00,1.56
2017.07.03 16:38:26.470,1.46829,1.46842,1.00,1.56
2017.07.03 16:38:26.725,1.46829,1.46844,1.37,1.31
2017.07.03 16:38:26.778,1.46831,1.46843,1.37,1.00
2017.07.03 16:38:26.933,1.46829,1.46843,1.57,1.00
2017.07.03 16:38:27.445,1.46831,1.46844,1.12,1.25
2017.07.03 16:38:28.017,1.4683,1.46843,1.37,1.00
2017.07.03 16:38:28.545,1.4683,1.46843,1.12,1.00
2017.07.03 16:38:29.902,1.46829,1.46844,2.25,1.25
2017.07.03 16:38:30.466,1.4683,1.46844,1.87,1.25
2017.07.03 16:38:31.982,1.4683,1.46843,1.50,1.00
2017.07.03 16:38:33.070,1.4683,1.46843,2.25,1.00
2017.07.03 16:38:34.211,1.4683,1.46843,2.25,1.00
2017.07.03 16:38:34.262,1.46833,1.46846,3.07,1.69
2017.07.03 16:38:34.314,1.46836,1.46846,1.81,1.00
2017.07.03 16:38:34.366,1.46839,1.46846,1.00,1.00
2017.07.03 16:38:34.418,1.46839,1.46849,2.25,1.00
2017.07.03 16:38:34.470,1.46839,1.46851,1.50,1.00
2017.07.03 16:38:34.978,1.46838,1.46851,1.37,1.00
2017.07.03 16:38:35.489,1.46838,1.4685,1.37,1.00
2017.07.03 16:38:35.591,1.46838,1.4685,1.00,1.00
2017.07.03 16:38:36.012,1.46838,1.46852,1.50,1.00
2017.07.03 16:38:36.879,1.46837,1.4685,1.37,1.00
2017.07.03 16:38:37.034,1.46832,1.46845,1.12,1.00
2017.07.03 16:38:37.581,1.46832,1.46844,1.00,1.00
2017.07.03 16:38:38.092,1.4683,1.46844,1.37,1.00
2017.07.03 16:38:38.246,1.4683,1.46844,2.25,1.00
2017.07.03 16:38:38.501,1.4683,1.46844,1.87,1.00
2017.07.03 16:38:40.179,1.4683,1.46845,1.87,1.00
2017.07.03 16:38:40.877,1.4683,1.46843,1.12,1.00
2017.07.03 16:38:41.183,1.46827,1.46841,2.62,1.00
2017.07.03 16:38:41.388,1.46827,1.46839,1.12,1.00
2017.07.03 16:38:42.420,1.46824,1.46839,3.07,1.00
2017.07.03 16:38:42.930,1.46826,1.46839,1.07,1.00
2017.07.03 16:38:42.984,1.46826,1.46841,1.82,1.00
2017.07.03 16:38:43.531,1.46827,1.46841,1.95,1.00
2017.07.03 16:38:43.790,1.46826,1.46841,1.39,1.00
2017.07.03 16:38:44.199,1.46825,1.46839,2.10,1.00
2017.07.03 16:38:44.538,1.46825,1.46838,1.32,1.00
2017.07.03 16:38:45.255,1.46823,1.46839,1.64,1.25
2017.07.03 16:38:45.306,1.46824,1.46837,1.01,1.00
2017.07.03 16:38:45.663,1.46823,1.46839,2.14,1.25
2017.07.03 16:38:45.905,1.46823,1.46837,1.76,1.00
2017.07.03 16:38:46.160,1.46824,1.46839,1.01,1.25
2017.07.03 16:38:46.313,1.46823,1.46837,1.76,1.00
2017.07.03 16:38:46.689,1.46825,1.46839,1.39,1.25
2017.07.03 16:38:47.632,1.46826,1.4684,2.25,1.00
2017.07.03 16:38:47.991,1.46825,1.46838,1.01,1.00
2017.07.03 16:38:48.970,1.46824,1.46838,1.66,1.00
2017.07.03 16:38:49.732,1.46824,1.46838,1.20,1.25
2017.07.03 16:38:49.784,1.46821,1.46836,1.85,1.00
2017.07.03 16:38:50.091,1.4682,1.46834,1.20,1.00
2017.07.03 16:38:50.855,1.4682,1.46834,1.95,1.00
2017.07.03 16:38:51.995,1.4682,1.46834,1.57,1.00
2017.07.03 16:38:52.514,1.4682,1.46833,1.47,1.00
2017.07.03 16:38:53.286,1.46819,1.46833,1.39,1.00
2017.07.03 16:38:53.821,1.46822,1.46834,1.00,1.00
2017.07.03 16:38:54.404,1.46822,1.46835,1.00,1.00
2017.07.03 16:38:54.763,1.46819,1.46834,1.37,1.00
2017.07.03 16:38:55.310,1.4682,1.46834,3.07,1.00
2017.07.03 16:38:55.669,1.46823,1.46835,1.00,1.00
2017.07.03 16:38:55.873,1.46821,1.46835,1.00,1.00
2017.07.03 16:38:57.198,1.4682,1.46835,1.91,1.00
2017.07.03 16:38:58.923,1.46823,1.46837,1.00,1.00
2017.07.03 16:38:59.436,1.46822,1.46837,1.95,1.00
2017.07.03 16:38:59.981,1.46822,1.46836,1.47,1.00
2017.07.03 16:39:00.497,1.46824,1.46837,1.07,1.00
2017.07.03 16:39:02.242,1.46824,1.46837,1.10,1.00
2017.07.03 16:39:04.067,1.46826,1.46837,1.00,1.00
2017.07.03 16:39:04.120,1.46824,1.46837,1.20,1.00
2017.07.03 16:39:04.173,1.46823,1.46837,1.95,1.00
2017.07.03 16:39:05.444,1.46824,1.46837,1.10,1.00
2017.07.03 16:39:05.956,1.46822,1.46838,1.82,1.25
2017.07.03 16:39:06.503,1.46822,1.46838,2.32,1.25
2017.07.03 16:39:07.084,1.46822,1.46838,1.95,1.25
2017.07.03 16:39:07.616,1.46822,1.46838,1.45,1.25
2017.07.03 16:39:08.415,1.46822,1.46838,1.45,1.25
2017.07.03 16:39:08.772,1.46822,1.46836,1.57,1.00
2017.07.03 16:39:09.777,1.46824,1.46836,1.00,1.00
2017.07.03 16:39:10.323,1.46821,1.46835,3.04,1.00
2017.07.03 16:39:12.124,1.46821,1.46836,2.29,1.00
2017.07.03 16:39:13.613,1.46821,1.46835,1.87,1.00
2017.07.03 16:39:14.115,1.46822,1.46834,1.00,1.00
2017.07.03 16:39:14.646,1.46818,1.46834,1.95,1.00
2017.07.03 16:39:15.119,1.46819,1.46832,1.75,1.00
2017.07.03 16:39:15.375,1.46819,1.46834,1.85,1.00
2017.07.03 16:39:16.512,1.46818,1.46835,1.85,1.31
2017.07.03 16:39:16.563,1.46818,1.46832,1.85,1.00
2017.07.03 16:39:17.083,1.4682,1.46833,1.50,1.00
2017.07.03 16:39:17.604,1.4682,1.46834,1.37,1.00
2017.07.03 16:39:19.460,1.4682,1.46834,2.25,1.00
2017.07.03 16:39:19.716,1.46821,1.46834,1.12,1.00
2017.07.03 16:39:19.925,1.46821,1.46834,1.50,1.00
2017.07.03 16:39:20.077,1.46821,1.46834,1.12,1.00
2017.07.03 16:39:20.364,1.4682,1.46834,1.95,1.00
2017.07.03 16:39:20.620,1.4682,1.46834,2.70,1.00
2017.07.03 16:39:20.849,1.4682,1.46834,4.57,1.00
2017.07.03 16:39:21.353,1.4682,1.46834,2.32,1.00
2017.07.03 16:39:22.770,1.4682,1.46836,4.69,1.00
2017.07.03 16:39:22.873,1.46825,1.46838,1.00,1.25
2017.07.03 16:39:22.925,1.46825,1.46836,1.00,1.25
2017.07.03 16:39:23.079,1.4682,1.46835,3.37,1.00
2017.07.03 16:39:23.594,1.4682,1.46834,2.70,1.25
2017.07.03 16:39:24.115,1.4682,1.46834,2.32,1.25
2017.07.03 16:39:25.279,1.4682,1.46834,1.50,1.25
2017.07.03 16:39:26.339,1.46823,1.46834,1.00,1.00
2017.07.03 16:39:26.858,1.46825,1.46836,1.00,1.00
2017.07.03 16:39:26.910,1.46822,1.46836,1.12,1.00
2017.07.03 16:39:27.423,1.4682,1.46835,3.82,1.00
2017.07.03 16:39:27.627,1.4682,1.46835,3.82,1.00
2017.07.03 16:39:27.775,1.46821,1.46835,1.57,1.00
2017.07.03 16:39:28.547,1.4682,1.46835,2.70,1.00
2017.07.03 16:39:29.175,1.4682,1.46835,2.32,1.00
2017.07.03 16:39:29.683,1.46821,1.46834,1.07,1.00
2017.07.03 16:39:30.425,1.46821,1.46834,1.82,1.00
2017.07.03 16:39:30.966,1.4682,1.46834,2.32,1.00
2017.07.03 16:39:31.571,1.4682,1.46834,1.82,1.00
2017.07.03 16:39:31.818,1.46821,1.46836,1.07,1.00
2017.07.03 16:39:31.870,1.46821,1.46834,1.57,1.00
2017.07.03 16:39:33.445,1.46821,1.46834,1.20,1.00
2017.07.03 16:39:34.875,1.4682,1.46834,1.82,1.00
2017.07.03 16:39:35.280,1.46821,1.46836,2.32,1.00
2017.07.03 16:39:35.536,1.46819,1.46834,1.50,1.00
2017.07.03 16:39:36.102,1.46818,1.46833,1.47,1.00
2017.07.03 16:39:36.430,1.46818,1.46831,1.37,1.00
2017.07.03 16:39:37.056,1.46819,1.46832,1.00,1.00
2017.07.03 16:39:37.364,1.46819,1.46835,3.07,1.50
2017.07.03 16:39:38.511,1.4682,1.46835,1.47,1.00
2017.07.03 16:39:39.569,1.4682,1.46835,1.47,1.00
2017.07.03 16:39:41.124,1.4682,1.46835,1.20,1.00
2017.07.03 16:39:41.637,1.46821,1.46835,1.00,1.00
2017.07.03 16:39:42.145,1.46821,1.46834,1.00,1.00
2017.07.03 16:39:42.882,1.4682,1.46834,1.12,1.00
2017.07.03 16:39:44.578,1.4682,1.46834,1.50,1.00
2017.07.03 16:39:48.847,1.46821,1.46834,1.07,1.00
2017.07.03 16:39:51.313,1.4682,1.46834,1.45,1.00
2017.07.03 16:39:51.864,1.46819,1.46833,1.45,1.00
2017.07.03 16:39:51.968,1.46816,1.4683,3.82,1.00
2017.07.03 16:39:52.515,1.46816,1.46829,1.57,1.00
2017.07.03 16:39:53.052,1.46816,1.4683,1.57,1.00
2017.07.03 16:39:53.952,1.46816,1.4683,1.57,1.00
2017.07.03 16:39:54.237,1.46815,1.4683,1.07,1.00
2017.07.03 16:39:54.340,1.46815,1.46828,1.07,1.00
2017.07.03 16:39:54.391,1.46814,1.46828,1.37,1.00
2017.07.03 16:39:54.940,1.46814,1.46827,1.00,1.00
2017.07.03 16:39:55.786,1.46815,1.46827,1.50,1.00
2017.07.03 16:39:55.839,1.46815,1.46831,1.50,1.00
2017.07.03 16:39:55.891,1.46818,1.46833,2.32,1.00
2017.07.03 16:39:55.945,1.46818,1.46832,1.95,1.00
2017.07.03 16:39:56.473,1.46819,1.46832,1.10,1.00
2017.07.03 16:39:57.096,1.46817,1.46831,1.20,1.00
2017.07.03 16:39:58.548,1.46817,1.4683,1.57,1.00
2017.07.03 16:39:58.600,1.46816,1.4683,1.87,1.00
2017.07.03 16:39:58.906,1.46816,1.4683,1.50,1.37
2017.07.03 16:39:59.111,1.46815,1.46828,1.10,1.00
2017.07.03 16:39:59.162,1.46817,1.46828,1.00,1.00
2017.07.03 16:39:59.214,1.46817,1.46831,1.20,1.37
2017.07.03 16:39:59.316,1.46819,1.46831,1.00,1.00
2017.07.03 16:39:59.711,1.46821,1.46835,1.20,1.00
2017.07.03 16:39:59.763,1.46821,1.46835,1.37,1.00
2017.07.03 16:40:00.022,1.46825,1.46838,1.00,1.00
2017.07.03 16:40:00.431,1.46825,1.46836,1.00,1.00
2017.07.03 16:40:00.854,1.46819,1.46833,1.85,1.00
2017.07.03 16:40:00.905,1.46819,1.46833,1.47,1.00
2017.07.03 16:40:01.521,1.46819,1.46833,1.57,1.00
2017.07.03 16:40:01.826,1.46817,1.4683,1.87,1.00
2017.07.03 16:40:02.350,1.46819,1.4683,1.00,1.00
2017.07.03 16:40:02.836,1.46819,1.46831,1.56,1.00
2017.07.03 16:40:03.041,1.46819,1.46832,1.00,1.00
2017.07.03 16:40:03.777,1.46819,1.46832,2.21,1.00
2017.07.03 16:40:04.084,1.46821,1.46834,2.29,1.00
2017.07.03 16:40:05.172,1.46822,1.46836,1.46,1.00
2017.07.03 16:40:05.685,1.46824,1.46836,1.12,1.00
2017.07.03 16:40:05.890,1.46824,1.46841,1.37,1.66
2017.07.03 16:40:05.941,1.4683,1.46841,1.00,1.56
2017.07.03 16:40:06.410,1.4683,1.46841,1.00,1.94
2017.07.03 16:40:06.716,1.46829,1.4684,1.00,2.62
2017.07.03 16:40:07.131,1.46831,1.4684,1.00,1.56
2017.07.03 16:40:07.686,1.46833,1.46842,1.00,1.87
2017.07.03 16:40:08.210,1.46832,1.46842,1.00,1.81
2017.07.03 16:40:12.595,1.46831,1.46841,1.00,1.19
2017.07.03 16:40:12.942,1.46833,1.46841,1.00,1.19
2017.07.03 16:40:13.377,1.46831,1.46841,1.00,1.19
2017.07.03 16:40:13.894,1.46832,1.46842,1.00,1.56
2017.07.03 16:40:17.025,1.46833,1.46844,1.00,1.39
2017.07.03 16:40:17.637,1.46833,1.46844,1.00,1.39
2017.07.03 16:40:18.183,1.46834,1.46844,1.00,1.39
2017.07.03 16:40:20.390,1.46835,1.46844,1.00,1.56
2017.07.03 16:40:20.749,1.46833,1.46844,1.00,2.14
2017.07.03 16:40:20.800,1.46828,1.46839,1.00,2.04
2017.07.03 16:40:21.109,1.46828,1.46837,1.00,2.70
2017.07.03 16:40:22.020,1.46829,1.46837,1.00,1.87
2017.07.03 16:40:22.432,1.46826,1.46834,1.00,1.10
2017.07.03 16:40:22.973,1.46825,1.46834,1.00,1.50
2017.07.03 16:40:26.735,1.46825,1.46835,1.00,2.62
2017.07.03 16:40:27.473,1.46825,1.46833,1.00,1.25
2017.07.03 16:40:27.881,1.46823,1.46833,1.00,1.39
2017.07.03 16:40:28.391,1.46822,1.46833,1.00,1.76
2017.07.03 16:40:30.078,1.46818,1.46825,1.00,1.87
2017.07.03 16:40:30.130,1.4682,1.46828,1.00,1.39
2017.07.03 16:40:30.182,1.46818,1.46827,1.00,1.01
2017.07.03 16:40:30.234,1.46816,1.46827,1.00,2.70
2017.07.03 16:40:30.285,1.46815,1.46824,1.00,1.87
2017.07.03 16:40:31.291,1.46815,1.46823,1.00,1.95
2017.07.03 16:40:32.458,1.46814,1.46823,1.00,2.32
2017.07.03 16:40:33.521,1.46813,1.46822,1.00,1.01
2017.07.03 16:40:34.366,1.46813,1.46822,1.00,2.14
2017.07.03 16:40:35.183,1.46812,1.4682,1.00,1.37
2017.07.03 16:40:35.820,1.46813,1.4682,1.00,1.37
2017.07.03 16:40:44.438,1.46812,1.46821,1.00,1.12
2017.07.03 16:40:44.771,1.46813,1.46822,1.00,2.06
2017.07.03 16:40:45.782,1.46814,1.46822,1.00,2.06
2017.07.03 16:40:47.063,1.46812,1.46822,1.00,1.39
2017.07.03 16:40:47.967,1.46812,1.46822,1.00,2.14
2017.07.03 16:40:48.978,1.46812,1.46822,1.00,2.51
2017.07.03 16:40:49.478,1.46814,1.46822,1.00,1.62
2017.07.03 16:40:50.022,1.46813,1.46823,1.00,2.32
2017.07.03 16:40:50.536,1.46814,1.46823,1.00,2.06
2017.07.03 16:40:51.046,1.46815,1.46823,1.00,1.66
2017.07.03 16:40:51.642,1.46813,1.46821,1.00,1.37
2017.07.03 16:40:52.178,1.46812,1.46821,1.00,1.87
2017.07.03 16:40:57.050,1.46814,1.46821,1.00,1.47
2017.07.03 16:40:57.255,1.46815,1.46822,1.00,1.00
2017.07.03 16:40:57.358,1.46812,1.46822,1.00,1.70
2017.07.03 16:40:57.512,1.46812,1.46822,1.00,2.14
2017.07.03 16:41:03.102,1.46814,1.46821,1.00,1.37
2017.07.03 16:41:03.622,1.46815,1.46823,1.00,2.51
2017.07.03 16:41:04.162,1.46815,1.46823,1.00,1.39
2017.07.03 16:41:05.813,1.46816,1.46823,1.00,1.62
2017.07.03 16:41:06.357,1.46816,1.46823,1.00,2.70
2017.07.03 16:41:06.556,1.46814,1.46823,1.00,2.06
2017.07.03 16:41:07.587,1.46814,1.46823,1.00,1.56
2017.07.03 16:41:08.107,1.46815,1.46823,1.00,1.50
2017.07.03 16:41:08.717,1.46815,1.46822,1.00,1.25
2017.07.03 16:41:12.391,1.46816,1.46823,1.00,1.57
2017.07.03 16:41:13.166,1.46814,1.46822,1.00,1.25
2017.07.03 16:41:13.956,1.46814,1.46822,1.00,1.01
2017.07.03 16:41:14.472,1.46815,1.46823,1.00,2.70
2017.07.03 16:41:16.379,1.46815,1.46824,1.00,1.29
2017.07.03 16:41:29.041,1.46814,1.46824,1.00,2.32
2017.07.03 16:41:29.093,1.46814,1.46823,1.00,1.57
2017.07.03 16:41:29.694,1.46813,1.4682,1.00,1.12
2017.07.03 16:41:32.070,1.46814,1.4682,1.00,1.00
2017.07.03 16:41:32.519,1.46814,1.46824,1.00,2.44
2017.07.03 16:41:33.581,1.46814,1.46823,1.00,1.25
2017.07.03 16:41:34.966,1.46815,1.46825,1.00,2.04
2017.07.03 16:41:38.145,1.46816,1.46826,1.00,1.64
2017.07.03 16:41:38.196,1.46816,1.46826,1.00,1.19
2017.07.03 16:41:38.248,1.46818,1.46826,1.00,1.19
2017.07.03 16:41:38.789,1.46819,1.46826,1.00,1.19
2017.07.03 16:41:42.482,1.46817,1.46827,1.00,1.01
2017.07.03 16:41:45.364,1.46817,1.46826,1.00,1.26
2017.07.03 16:41:47.007,1.46817,1.46826,1.00,1.64
2017.07.03 16:41:48.570,1.46817,1.46826,1.00,1.64
2017.07.03 16:41:49.087,1.46817,1.46826,1.00,1.64
2017.07.03 16:41:50.128,1.46817,1.46826,1.00,1.64
2017.07.03 16:41:50.953,1.46815,1.46823,1.00,1.01
2017.07.03 16:41:51.314,1.46814,1.46823,1.00,2.14
2017.07.03 16:41:52.074,1.46814,1.46823,1.00,2.14
2017.07.03 16:41:52.625,1.46814,1.46823,1.00,2.14
2017.07.03 16:41:54.229,1.46814,1.46823,1.00,2.14
2017.07.03 16:41:58.916,1.46814,1.46823,1.00,2.14
2017.07.03 16:41:59.542,1.46815,1.46823,1.00,2.14
2017.07.03 16:41:59.848,1.46815,1.46823,1.00,1.70
2017.07.03 16:42:00.085,1.46816,1.46825,1.00,2.51
2017.07.03 16:42:00.188,1.46815,1.46826,1.00,1.76
2017.07.03 16:42:00.392,1.46817,1.46826,1.00,1.76
2017.07.03 16:42:00.971,1.46818,1.46826,1.00,2.14
2017.07.03 16:42:01.492,1.46817,1.46827,1.00,1.76
2017.07.03 16:42:03.699,1.46818,1.46828,1.00,2.51
2017.07.03 16:42:04.213,1.46818,1.46828,1.00,1.76
2017.07.03 16:42:04.606,1.46825,1.46834,1.00,2.14
2017.07.03 16:42:06.759,1.46825,1.46834,1.00,1.26
2017.07.03 16:42:07.088,1.46824,1.46833,1.00,1.26
2017.07.03 16:42:07.139,1.46816,1.46826,1.12,1.00
2017.07.03 16:42:09.366,1.4682,1.46827,1.50,1.00
2017.07.03 16:42:10.327,1.4682,1.46827,1.12,1.00
2017.07.03 16:42:14.139,1.4682,1.46828,1.12,1.00
2017.07.03 16:42:17.262,1.46819,1.46827,1.12,1.00
2017.07.03 16:42:17.827,1.46819,1.46827,1.12,1.00
2017.07.03 16:42:19.339,1.46819,1.46827,1.00,1.00
2017.07.03 16:42:23.855,1.46816,1.46824,1.87,1.00
2017.07.03 16:42:23.959,1.46812,1.4682,1.50,1.00
2017.07.03 16:42:24.900,1.46812,1.4682,1.10,1.00
2017.07.03 16:42:26.192,1.46813,1.4682,1.00,1.00
2017.07.03 16:42:30.118,1.46813,1.46819,1.00,1.00
2017.07.03 16:42:31.879,1.46812,1.4682,1.82,1.00
2017.07.03 16:42:32.381,1.46815,1.46821,1.10,1.00
2017.07.03 16:42:32.747,1.46815,1.46823,1.10,1.00
2017.07.03 16:42:32.850,1.46815,1.46821,1.00,1.00
2017.07.03 16:42:33.682,1.46813,1.4682,1.45,1.00
2017.07.03 16:42:34.460,1.46812,1.46821,1.87,1.00
2017.07.03 16:42:37.648,1.46812,1.4682,1.95,1.00
2017.07.03 16:42:40.276,1.46812,1.46822,1.85,1.00
2017.07.03 16:42:40.533,1.46815,1.46822,1.12,1.00
2017.07.03 16:42:41.095,1.46814,1.46821,1.12,1.00
2017.07.03 16:42:41.828,1.46816,1.46821,1.00,1.00
2017.07.03 16:42:42.559,1.46812,1.4682,2.25,1.00
2017.07.03 16:42:42.795,1.46812,1.4682,1.37,1.00
2017.07.03 16:42:58.977,1.46812,1.4682,1.20,1.00
2017.07.03 16:42:59.281,1.46812,1.46822,1.20,1.00
2017.07.03 16:42:59.384,1.46814,1.46822,1.50,1.00
2017.07.03 16:43:00.944,1.46814,1.46821,1.75,1.00
2017.07.03 16:43:06.547,1.46814,1.46822,1.75,1.00
2017.07.03 16:43:07.072,1.46814,1.46821,1.75,1.00
2017.07.03 16:43:08.929,1.46814,1.46822,1.87,1.00
2017.07.03 16:43:09.796,1.4682,1.46831,1.00,1.69
2017.07.03 16:43:10.396,1.46823,1.46834,1.00,1.31
2017.07.03 16:43:10.549,1.46829,1.46838,1.00,1.19
2017.07.03 16:43:10.907,1.46831,1.46841,1.00,1.25
2017.07.03 16:43:11.262,1.46832,1.46844,1.00,1.12
2017.07.03 16:43:12.053,1.46833,1.46845,1.00,2.62
2017.07.03 16:43:12.105,1.46831,1.46841,1.00,1.19
2017.07.03 16:43:12.305,1.46829,1.46841,1.12,1.31
2017.07.03 16:43:12.357,1.46829,1.4684,1.00,1.19
2017.07.03 16:43:12.893,1.46828,1.4684,1.00,1.19
2017.07.03 16:43:14.788,1.46827,1.46841,1.00,2.19
2017.07.03 16:43:15.097,1.46829,1.46841,1.00,1.12
2017.07.03 16:43:16.174,1.46828,1.46841,1.00,1.50
2017.07.03 16:43:37.355,1.46829,1.4684,1.00,1.37
2017.07.03 16:43:37.662,1.46836,1.46847,1.00,1.37
2017.07.03 16:43:37.867,1.46837,1.4685,1.00,2.06
2017.07.03 16:43:38.377,1.46838,1.4685,1.00,2.06
2017.07.03 16:43:38.901,1.46837,1.4685,1.00,1.66
2017.07.03 16:43:39.321,1.46836,1.4685,1.00,1.57
2017.07.03 16:43:40.503,1.46837,1.4685,1.00,2.32
2017.07.03 16:43:40.555,1.46835,1.4685,1.12,2.32
2017.07.03 16:43:41.271,1.46837,1.4685,1.00,2.32
2017.07.03 16:43:42.530,1.46835,1.4685,1.00,2.32
2017.07.03 16:43:46.379,1.46835,1.46849,1.00,1.47
2017.07.03 16:43:47.868,1.46835,1.4685,1.00,1.95
2017.07.03 16:43:50.119,1.46835,1.46849,1.00,1.39
2017.07.03 16:43:50.632,1.46835,1.46847,1.00,1.00
2017.07.03 16:43:50.935,1.46833,1.46847,1.00,1.50
2017.07.03 16:43:52.319,1.46833,1.46849,1.12,2.14
2017.07.03 16:43:52.743,1.46831,1.46847,1.00,1.39
2017.07.03 16:43:52.794,1.46831,1.46845,1.00,1.00
2017.07.03 16:43:53.101,1.46834,1.46847,1.00,1.69
2017.07.03 16:43:53.409,1.46836,1.46848,1.00,1.62
2017.07.03 16:43:53.916,1.46837,1.46849,1.00,1.37
2017.07.03 16:43:54.477,1.46837,1.46849,1.00,1.00
2017.07.03 16:44:00.069,1.46836,1.46849,1.00,1.12
2017.07.03 16:44:00.223,1.46832,1.46848,1.50,2.89
2017.07.03 16:44:00.794,1.46832,1.46848,1.50,2.89
2017.07.03 16:44:01.429,1.46833,1.46846,1.00,1.37
2017.07.03 16:44:02.283,1.46833,1.46847,1.00,1.47
2017.07.03 16:44:02.840,1.46833,1.46848,1.00,1.57
2017.07.03 16:44:03.206,1.46833,1.46847,1.00,1.07
2017.07.03 16:44:04.619,1.46833,1.46847,1.00,1.47
2017.07.03 16:44:06.528,1.46833,1.46847,1.00,1.20
2017.07.03 16:44:07.174,1.46834,1.46847,1.00,1.20
2017.07.03 16:44:11.136,1.46834,1.46849,1.12,2.14
2017.07.03 16:44:11.666,1.46834,1.46848,1.00,1.70
2017.07.03 16:44:11.871,1.46836,1.4685,1.00,1.85
2017.07.03 16:44:12.432,1.46837,1.4685,1.00,1.85
2017.07.03 16:44:12.948,1.46837,1.4685,1.00,1.95
2017.07.03 16:44:13.781,1.46835,1.46849,1.12,1.10
2017.07.03 16:44:13.832,1.46835,1.46849,1.00,1.57
2017.07.03 16:44:13.999,1.46835,1.46849,1.00,1.57
2017.07.03 16:44:14.819,1.46835,1.46848,1.00,1.07
2017.07.03 16:44:15.377,1.46834,1.46846,1.00,1.00
2017.07.03 16:44:16.097,1.46834,1.46847,1.00,1.12
2017.07.03 16:44:16.250,1.46837,1.4685,1.00,1.37
2017.07.03 16:44:16.353,1.46835,1.4685,1.00,1.82
2017.07.03 16:44:16.609,1.46833,1.46848,1.12,1.37
2017.07.03 16:44:16.762,1.46836,1.46848,1.00,1.00
2017.07.03 16:44:17.289,1.46835,1.46849,1.00,1.12
2017.07.03 16:44:17.341,1.46833,1.46847,1.00,1.00
2017.07.03 16:44:17.954,1.46834,1.46847,1.00,1.00
2017.07.03 16:44:18.465,1.46835,1.46849,1.00,1.75
2017.07.03 16:44:19.217,1.46836,1.46849,1.00,1.75
2017.07.03 16:44:19.370,1.46836,1.46849,1.00,1.12
2017.07.03 16:44:19.891,1.46836,1.46848,1.00,1.20
2017.07.03 16:44:20.403,1.46835,1.46848,1.00,1.20
2017.07.03 16:44:23.400,1.46835,1.46849,1.00,1.31
2017.07.03 16:44:25.949,1.46833,1.46848,1.00,1.12
2017.07.03 16:44:26.460,1.46835,1.46848,1.00,1.25
2017.07.03 16:44:26.767,1.46837,1.46851,1.00,1.87
2017.07.03 16:44:27.379,1.46838,1.46851,1.00,1.47
2017.07.03 16:44:27.430,1.46841,1.46852,1.19,1.12
2017.07.03 16:44:27.482,1.46841,1.46852,1.00,1.37
2017.07.03 16:44:27.533,1.46844,1.46856,1.34,1.00
2017.07.03 16:44:27.637,1.46846,1.4686,1.09,2.62
2017.07.03 16:44:27.690,1.46842,1.4686,3.79,1.37
2017.07.03 16:44:28.046,1.46848,1.46861,1.00,2.32
2017.07.03 16:44:28.463,1.46849,1.46862,1.00,1.75
2017.07.03 16:44:28.515,1.4685,1.46863,1.07,1.12
2017.07.03 16:44:28.567,1.46852,1.46865,1.20,1.00
2017.07.03 16:44:28.670,1.46857,1.4687,1.00,1.37
2017.07.03 16:44:28.722,1.46855,1.4687,1.01,1.00
2017.07.03 16:44:28.928,1.46855,1.4687,1.00,1.12
2017.07.03 16:44:29.459,1.46853,1.4687,1.37,1.57
2017.07.03 16:44:29.970,1.46855,1.4687,1.00,1.50
2017.07.03 16:44:30.473,1.46854,1.4687,1.12,1.57
2017.07.03 16:44:31.007,1.46854,1.4687,1.37,1.47
2017.07.03 16:44:31.518,1.46854,1.4687,1.37,1.95
2017.07.03 16:44:32.174,1.46854,1.4687,1.00,3.07
2017.07.03 16:44:32.985,1.46852,1.46868,1.37,1.64
2017.07.03 16:44:33.294,1.46844,1.46861,2.44,1.00
2017.07.03 16:44:33.798,1.46842,1.46859,1.12,1.00
2017.07.03 16:44:34.837,1.46842,1.46859,1.31,1.00
2017.07.03 16:44:37.287,1.46843,1.46859,1.00,1.00
2017.07.03 16:44:37.889,1.46843,1.46859,1.00,1.19
2017.07.03 16:44:41.026,1.46842,1.46859,1.12,1.19
2017.07.03 16:44:43.370,1.46844,1.46857,1.00,1.00
2017.07.03 16:44:44.637,1.46843,1.46857,1.12,1.00
2017.07.03 16:44:45.760,1.46844,1.46857,1.00,1.00
2017.07.03 16:44:46.918,1.46843,1.46857,1.12,1.00
2017.07.03 16:44:48.132,1.46843,1.46859,1.12,1.19
2017.07.03 16:44:52.570,1.46845,1.46861,1.20,2.06
2017.07.03 16:44:52.879,1.46842,1.46856,2.92,1.12
2017.07.03 16:44:52.931,1.46842,1.46855,1.00,1.00
2017.07.03 16:44:53.335,1.46837,1.46853,2.25,1.75
2017.07.03 16:44:53.386,1.46834,1.4685,2.70,1.00
2017.07.03 16:44:53.898,1.46833,1.4685,1.87,1.69
2017.07.03 16:44:55.080,1.46832,1.46847,1.12,1.00
2017.07.03 16:44:55.586,1.4683,1.46846,2.32,1.00
2017.07.03 16:44:56.126,1.4683,1.46845,1.50,1.00
2017.07.03 16:44:56.463,1.46827,1.46843,1.37,1.19
2017.07.03 16:44:56.514,1.46826,1.4684,1.37,1.00
2017.07.03 16:44:57.439,1.46825,1.4684,1.37,1.00
2017.07.03 16:44:57.491,1.46826,1.46842,1.37,1.25
2017.07.03 16:44:57.594,1.46825,1.4684,1.37,1.00
2017.07.03 16:44:57.941,1.46824,1.4684,1.50,1.25
2017.07.03 16:44:58.454,1.46824,1.46839,1.10,1.00
2017.07.03 16:45:05.730,1.46824,1.46839,1.37,1.00
2017.07.03 16:45:06.330,1.46824,1.46839,1.12,1.00
2017.07.03 16:45:07.729,1.46824,1.46837,1.75,1.00
2017.07.03 16:45:08.259,1.46824,1.46836,1.50,1.00
2017.07.03 16:45:09.160,1.46824,1.46837,1.50,1.00
2017.07.03 16:45:09.827,1.46824,1.46836,1.50,1.00
2017.07.03 16:45:10.342,1.46824,1.46836,1.50,1.00
2017.07.03 16:45:12.745,1.46824,1.46836,1.37,1.00
2017.07.03 16:45:17.790,1.46823,1.46835,1.87,1.00
2017.07.03 16:45:18.177,1.46825,1.46835,1.37,1.00
2017.07.03 16:45:19.043,1.46825,1.46837,1.75,1.00
2017.07.03 16:45:20.918,1.46825,1.46836,1.87,1.00
2017.07.03 16:45:24.232,1.46826,1.46837,1.37,1.00
2017.07.03 16:45:25.397,1.46826,1.46836,1.37,1.00
2017.07.03 16:45:26.060,1.46824,1.46836,1.87,1.37
2017.07.03 16:45:26.163,1.46824,1.46836,1.12,1.37
2017.07.03 16:45:26.757,1.46825,1.46836,1.00,1.37
2017.07.03 16:45:26.809,1.46825,1.46831,1.00,1.00
2017.07.03 16:45:26.965,1.46819,1.46828,1.00,1.00
2017.07.03 16:45:27.512,1.46819,1.46829,1.00,1.00
2017.07.03 16:45:28.334,1.46817,1.46828,1.75,1.00
2017.07.03 16:45:28.385,1.46817,1.4683,2.00,1.00
2017.07.03 16:45:29.269,1.46819,1.46831,1.12,1.00
2017.07.03 16:45:29.818,1.46819,1.46831,1.50,1.00
2017.07.03 16:45:30.361,1.46819,1.46831,1.75,1.00
2017.07.03 16:45:31.038,1.46819,1.46831,1.12,1.00
2017.07.03 16:45:32.432,1.46819,1.46831,1.50,1.00
2017.07.03 16:45:35.321,1.46819,1.46831,1.00,1.00
2017.07.03 16:45:39.436,1.46819,1.46831,1.37,1.00
2017.07.03 16:45:45.544,1.46819,1.46831,1.50,1.00
2017.07.03 16:45:45.854,1.46819,1.4683,1.50,1.00
2017.07.03 16:45:49.250,1.46819,1.46832,1.50,1.00
2017.07.03 16:45:52.797,1.46819,1.46832,1.12,1.00
2017.07.03 16:46:01.942,1.46819,1.46831,1.00,1.00
2017.07.03 16:46:02.639,1.46819,1.4683,1.00,1.00
2017.07.03 16:46:04.828,1.46818,1.46831,1.47,1.00
2017.07.03 16:46:06.711,1.46819,1.46832,1.00,1.00
2017.07.03 16:46:10.225,1.46819,1.46832,1.37,1.00
2017.07.03 16:46:12.075,1.4682,1.46833,2.06,1.00
2017.07.03 16:46:12.870,1.46821,1.46833,1.00,1.00
2017.07.03 16:46:17.381,1.46818,1.46832,2.44,1.00
2017.07.03 16:46:17.913,1.4682,1.46833,1.01,1.00
2017.07.03 16:46:18.590,1.4682,1.46833,1.62,1.00
2017.07.03 16:46:19.287,1.46822,1.46835,1.00,1.00
2017.07.03 16:46:19.390,1.46822,1.46836,2.25,1.00
2017.07.03 16:46:21.378,1.46822,1.46832,1.75,1.00
2017.07.03 16:46:21.533,1.46817,1.46829,1.12,1.25
2017.07.03 16:46:21.585,1.46817,1.46826,1.12,1.00
2017.07.03 16:46:22.134,1.46814,1.46825,1.12,1.00
2017.07.03 16:46:22.684,1.46813,1.46825,1.12,1.00
2017.07.03 16:46:22.940,1.46809,1.46821,1.37,1.00
2017.07.03 16:46:23.523,1.46807,1.4682,2.70,1.00
2017.07.03 16:46:23.969,1.46808,1.46823,1.95,1.12
2017.07.03 16:46:24.073,1.4681,1.46824,2.51,1.00
2017.07.03 16:46:24.396,1.46811,1.46824,1.31,1.00
2017.07.03 16:46:24.835,1.46811,1.46826,4.69,1.00
2017.07.03 16:46:30.279,1.46813,1.46828,1.37,1.19
2017.07.03 16:46:30.877,1.46813,1.46828,1.95,1.19
2017.07.03 16:46:44.661,1.46814,1.46828,1.47,1.25
2017.07.03 16:46:45.870,1.46814,1.46828,1.20,1.25
2017.07.03 16:46:51.488,1.46814,1.46828,1.12,1.19
2017.07.03 16:46:51.951,1.46812,1.46825,1.37,1.00
2017.07.03 16:46:52.453,1.46812,1.46825,1.12,1.00
2017.07.03 16:46:54.087,1.46811,1.46825,1.87,1.00
2017.07.03 16:46:58.802,1.46811,1.46824,2.25,1.00
2017.07.03 16:46:59.375,1.46811,1.46823,1.87,1.00
2017.07.03 16:47:00.944,1.46813,1.46824,1.00,1.00
2017.07.03 16:47:01.460,1.46812,1.46825,1.12,1.00
2017.07.03 16:47:03.942,1.46814,1.46826,1.00,1.25
2017.07.03 16:47:04.248,1.46814,1.46827,1.12,1.00
2017.07.03 16:47:05.714,1.46817,1.46827,1.12,1.00
2017.07.03 16:47:08.029,1.46817,1.46824,1.12,1.00
2017.07.03 16:47:08.531,1.46817,1.46825,1.12,1.00
2017.07.03 16:47:11.603,1.46817,1.46827,1.12,1.19
2017.07.03 16:47:12.517,1.46817,1.46824,1.12,1.00
2017.07.03 16:47:16.780,1.46816,1.46823,1.12,1.00
2017.07.03 16:47:24.572,1.46818,1.46822,1.00,1.00
2017.07.03 16:47:25.092,1.46816,1.46823,1.12,1.00
2017.07.03 16:47:25.647,1.46816,1.46823,1.12,1.00
2017.07.03 16:47:27.821,1.46815,1.46822,1.75,1.00
2017.07.03 16:47:30.442,1.46816,1.4682,1.00,1.00
2017.07.03 16:47:33.625,1.46815,1.46822,1.12,1.00
2017.07.03 16:47:48.467,1.46816,1.4682,1.00,1.00
2017.07.03 16:47:59.042,1.46812,1.4682,1.75,1.00
2017.07.03 16:47:59.094,1.46811,1.4682,2.25,1.00
2017.07.03 16:47:59.605,1.46812,1.46819,1.00,1.00
2017.07.03 16:47:59.707,1.46812,1.46821,1.00,1.00
2017.07.03 16:48:00.218,1.46812,1.4682,1.37,1.00
2017.07.03 16:48:00.734,1.46812,1.4682,1.12,1.00
2017.07.03 16:48:02.286,1.46812,1.46819,1.75,1.00
2017.07.03 16:48:02.595,1.46812,1.46821,1.75,1.00
2017.07.03 16:48:03.117,1.46812,1.4682,1.75,1.00
2017.07.03 16:48:03.391,1.46812,1.46818,1.75,1.00
2017.07.03 16:48:03.494,1.46808,1.46818,2.81,1.00
2017.07.03 16:48:03.597,1.46808,1.46816,2.81,1.00
2017.07.03 16:48:04.330,1.46808,1.46817,2.81,1.00
2017.07.03 16:48:07.365,1.46808,1.46818,2.25,1.00
2017.07.03 16:48:07.892,1.46808,1.46817,2.25,1.00
2017.07.03 16:48:18.340,1.46808,1.46818,1.87,1.00
2017.07.03 16:48:18.853,1.4681,1.46818,1.00,1.00
2017.07.03 16:48:22.710,1.4681,1.46818,1.87,1.00
2017.07.03 16:48:23.593,1.4681,1.46819,1.87,1.00
2017.07.03 16:48:23.899,1.4681,1.4682,1.87,1.00
2017.07.03 16:48:24.254,1.46813,1.46819,1.87,1.00
2017.07.03 16:48:24.766,1.46813,1.46819,1.87,1.00
2017.07.03 16:48:25.281,1.46813,1.4682,1.50,1.00
2017.07.03 16:48:26.593,1.46813,1.46818,2.62,1.00
2017.07.03 16:48:26.696,1.4681,1.46816,2.32,1.00
2017.07.03 16:48:26.748,1.4681,1.46816,1.00,1.00
2017.07.03 16:48:26.903,1.4681,1.46814,1.00,1.00
2017.07.03 16:48:27.211,1.46806,1.46812,2.25,1.00
2017.07.03 16:48:27.758,1.46807,1.46813,1.87,1.00
2017.07.03 16:48:28.286,1.46808,1.46813,1.00,1.00
2017.07.03 16:48:28.797,1.46807,1.46813,2.62,1.00
2017.07.03 16:48:29.341,1.46809,1.46813,1.12,1.00
2017.07.03 16:48:30.207,1.46809,1.46815,1.12,1.00
2017.07.03 16:48:30.258,1.46809,1.46815,1.87,1.00
2017.07.03 16:48:30.864,1.46809,1.46815,1.50,1.00
2017.07.03 16:48:31.780,1.46809,1.46814,1.87,1.00
2017.07.03 16:48:32.492,1.46809,1.46815,1.50,1.00
2017.07.03 16:48:32.851,1.46809,1.46815,1.37,1.00
2017.07.03 16:48:32.954,1.46808,1.46814,1.12,1.00
2017.07.03 16:48:33.006,1.46809,1.46815,1.37,1.00
2017.07.03 16:48:33.058,1.46809,1.46815,1.37,1.00
2017.07.03 16:48:33.211,1.46806,1.46812,3.00,1.00
2017.07.03 16:48:33.263,1.46805,1.46812,1.37,1.00
2017.07.03 16:48:33.812,1.46805,1.46812,1.50,1.00
2017.07.03 16:48:34.339,1.46805,1.4681,1.12,1.00
2017.07.03 16:48:34.647,1.46804,1.46811,2.25,1.00
2017.07.03 16:48:34.969,1.46807,1.46812,1.00,1.00
2017.07.03 16:48:35.203,1.46805,1.46811,1.56,1.00
2017.07.03 16:48:36.126,1.46804,1.46812,2.44,1.00
2017.07.03 16:48:37.079,1.46805,1.46811,1.31,1.00
2017.07.03 16:48:37.933,1.46805,1.46812,1.94,1.00
2017.07.03 16:48:40.897,1.46805,1.46813,1.56,1.00
2017.07.03 16:48:41.050,1.46807,1.46814,1.19,1.00
2017.07.03 16:48:43.432,1.46808,1.46814,1.62,1.00
2017.07.03 16:48:43.739,1.46806,1.4681,1.12,1.00
2017.07.03 16:48:43.790,1.46804,1.46808,1.12,1.00
2017.07.03 16:48:43.996,1.46795,1.468,1.00,1.00
2017.07.03 16:48:44.497,1.46793,1.46799,1.25,1.00
2017.07.03 16:48:44.906,1.46793,1.46798,1.31,1.00
2017.07.03 16:48:45.416,1.46792,1.46797,1.12,1.00
2017.07.03 16:48:45.724,1.46789,1.46796,1.12,1.00
2017.07.03 16:48:45.878,1.46783,1.46791,2.32,1.00
2017.07.03 16:48:46.031,1.46785,1.46793,1.20,1.00
2017.07.03 16:48:46.184,1.46785,1.4679,1.47,1.00
2017.07.03 16:48:46.690,1.46785,1.4679,1.10,1.00
2017.07.03 16:48:47.215,1.46784,1.46791,2.32,1.00
2017.07.03 16:48:47.828,1.46785,1.46791,1.20,1.00
2017.07.03 16:48:48.357,1.46784,1.46789,1.12,1.00
2017.07.03 16:48:48.990,1.46783,1.46788,1.57,1.00
2017.07.03 16:48:49.144,1.4678,1.46785,1.10,1.00
2017.07.03 16:48:49.646,1.46778,1.46784,1.37,1.00
2017.07.03 16:48:50.185,1.46776,1.46784,3.00,1.00
2017.07.03 16:48:50.688,1.46776,1.46784,3.00,1.00
2017.07.03 16:48:51.282,1.46778,1.46784,1.20,1.00
2017.07.03 16:48:51.927,1.46779,1.46785,1.10,1.00
2017.07.03 16:48:53.247,1.46779,1.46786,1.12,1.00
2017.07.03 16:48:54.349,1.46778,1.46786,1.12,1.00
2017.07.03 16:48:55.479,1.46778,1.46786,1.37,1.00
2017.07.03 16:48:57.687,1.46778,1.46786,1.12,1.00
2017.07.03 16:48:58.261,1.46778,1.46786,1.50,1.00
2017.07.03 16:48:58.693,1.4678,1.46787,1.50,1.00
2017.07.03 16:48:59.238,1.4678,1.46786,1.37,1.00
2017.07.03 16:48:59.443,1.46771,1.46778,1.87,1.00
2017.07.03 16:48:59.495,1.46771,1.46778,1.12,1.00
2017.07.03 16:49:00.420,1.46771,1.46778,1.87,1.00
2017.07.03 16:49:00.833,1.46773,1.4678,1.12,1.00
2017.07.03 16:49:01.141,1.46777,1.46783,1.00,1.00
2017.07.03 16:49:01.647,1.46778,1.46784,1.12,1.00
2017.07.03 16:49:01.699,1.46778,1.46787,1.50,1.00
2017.07.03 16:49:01.852,1.46779,1.46787,1.12,1.00
2017.07.03 16:49:02.388,1.46779,1.46788,1.75,1.00
2017.07.03 16:49:03.101,1.46779,1.46787,1.37,1.00
2017.07.03 16:49:03.631,1.46778,1.46787,1.50,1.00
2017.07.03 16:49:05.216,1.46778,1.46787,1.50,1.00
2017.07.03 16:49:05.420,1.46778,1.46785,1.50,1.00
2017.07.03 16:49:05.943,1.46778,1.46786,2.25,1.00
2017.07.03 16:49:06.692,1.46778,1.46786,2.25,1.00
2017.07.03 16:49:07.371,1.46778,1.46786,2.62,1.00
2017.07.03 16:49:07.688,1.46778,1.46786,3.00,1.00
2017.07.03 16:49:14.793,1.4678,1.46786,1.12,1.00
2017.07.03 16:49:15.302,1.46779,1.46786,1.75,1.00
2017.07.03 16:49:17.264,1.46781,1.46785,1.00,1.00
2017.07.03 16:49:17.462,1.46777,1.46783,1.12,1.00
2017.07.03 16:49:17.981,1.46778,1.46783,1.00,1.00
2017.07.03 16:49:18.529,1.46775,1.46783,1.75,1.00
2017.07.03 16:49:18.919,1.46777,1.46781,1.00,1.00
2017.07.03 16:49:19.438,1.46775,1.46782,1.75,1.00
2017.07.03 16:49:21.997,1.46777,1.46782,1.50,1.00
2017.07.03 16:49:22.049,1.46777,1.46785,1.50,1.00
2017.07.03 16:49:23.190,1.46778,1.46784,1.00,1.00
2017.07.03 16:49:23.692,1.46777,1.46782,1.12,1.00
2017.07.03 16:49:23.940,1.46774,1.46779,1.50,1.00
2017.07.03 16:49:26.132,1.46774,1.4678,1.50,1.00
2017.07.03 16:49:28.528,1.46775,1.46781,1.50,1.00
2017.07.03 16:49:28.885,1.46775,1.46781,1.50,1.00
2017.07.03 16:49:30.790,1.46777,1.46782,1.12,1.00
2017.07.03 16:49:31.471,1.46777,1.46782,1.37,1.00
2017.07.03 16:49:32.182,1.46782,1.4679,1.37,1.00
2017.07.03 16:49:32.234,1.46782,1.46788,1.37,1.00
2017.07.03 16:49:32.287,1.46782,1.46789,1.50,1.00
2017.07.03 16:49:32.801,1.46784,1.4679,1.00,1.00
2017.07.03 16:49:32.955,1.46784,1.46788,1.00,1.00
2017.07.03 16:49:33.261,1.46779,1.46784,1.37,1.00
2017.07.03 16:49:33.813,1.46779,1.46783,1.00,1.00
2017.07.03 16:49:34.320,1.46777,1.46782,1.00,1.00
2017.07.03 16:49:36.696,1.46777,1.46782,1.50,1.00
2017.07.03 16:49:37.352,1.46777,1.46782,1.87,1.00
2017.07.03 16:49:38.128,1.46777,1.46782,1.87,1.00
2017.07.03 16:49:39.165,1.46777,1.46782,1.87,1.00
2017.07.03 16:49:40.420,1.46777,1.46782,1.87,1.00
2017.07.03 16:49:40.627,1.46775,1.4678,1.37,1.00
2017.07.03 16:49:42.457,1.46775,1.4678,1.00,1.00
2017.07.03 16:49:42.771,1.46777,1.46781,1.00,1.00
2017.07.03 16:49:42.874,1.46777,1.46784,1.12,1.00
2017.07.03 16:49:43.391,1.46778,1.46784,1.12,1.00
2017.07.03 16:49:44.030,1.46778,1.46785,1.75,1.00
2017.07.03 16:49:44.285,1.46778,1.46784,1.37,1.00
2017.07.03 16:49:45.816,1.46778,1.46784,1.75,1.00
2017.07.03 16:49:46.842,1.46778,1.46785,1.87,1.00
2017.07.03 16:49:48.227,1.46779,1.46787,1.75,1.00
2017.07.03 16:49:51.072,1.46779,1.46785,1.75,1.00
2017.07.03 16:49:51.589,1.4678,1.46786,1.37,1.00
2017.07.03 16:49:53.123,1.4678,1.46788,1.37,1.00
2017.07.03 16:49:54.113,1.4678,1.46786,1.37,1.00
2017.07.03 16:49:54.455,1.4678,1.46786,1.37,1.00
2017.07.03 16:49:55.003,1.4678,1.46785,1.37,1.00
2017.07.03 16:49:55.624,1.46779,1.46787,1.87,1.00
2017.07.03 16:49:59.156,1.4678,1.46785,1.87,1.00
2017.07.03 16:50:00.400,1.4678,1.46786,1.87,1.00
2017.07.03 16:50:02.450,1.4678,1.46786,1.50,1.00
2017.07.03 16:50:03.477,1.4678,1.46786,1.50,1.00
2017.07.03 16:50:04.261,1.4678,1.46786,1.87,1.00
2017.07.03 16:50:05.002,1.4678,1.46787,1.87,1.00
2017.07.03 16:50:05.507,1.4678,1.46787,1.87,1.00
2017.07.03 16:50:06.101,1.4678,1.46787,1.87,1.00
2017.07.03 16:50:06.342,1.4678,1.46787,1.50,1.00
2017.07.03 16:50:08.649,1.4678,1.46787,1.37,1.00
2017.07.03 16:50:11.776,1.4678,1.46788,1.75,1.00
2017.07.03 16:50:14.810,1.46781,1.46788,1.12,1.00
2017.07.03 16:50:16.018,1.46779,1.46785,1.50,1.00
2017.07.03 16:50:16.070,1.46779,1.46784,1.50,1.00
2017.07.03 16:50:16.326,1.46775,1.4678,1.00,1.19
2017.07.03 16:50:16.475,1.46768,1.46773,1.47,1.00
2017.07.03 16:50:17.046,1.46767,1.46772,1.07,1.00
2017.07.03 16:50:17.560,1.46766,1.46771,1.50,1.00
2017.07.03 16:50:20.928,1.46765,1.46772,1.20,1.00
2017.07.03 16:50:21.155,1.46766,1.46771,1.10,1.00
2017.07.03 16:50:21.207,1.46765,1.46772,1.20,1.00
2017.07.03 16:50:21.697,1.46767,1.46776,5.47,1.00
2017.07.03 16:50:21.748,1.46769,1.46776,1.12,1.00
2017.07.03 16:50:21.800,1.4677,1.46774,1.00,1.00
2017.07.03 16:50:28.155,1.46769,1.46774,1.37,1.00
2017.07.03 16:50:28.258,1.46766,1.46772,1.47,1.00
2017.07.03 16:50:28.770,1.46766,1.4677,1.12,1.00
2017.07.03 16:50:32.980,1.46766,1.46772,1.50,1.00
2017.07.03 16:50:33.960,1.46766,1.46771,1.37,1.00
2017.07.03 16:50:43.552,1.46767,1.46776,1.95,1.00
2017.07.03 16:50:43.604,1.46774,1.46781,1.00,1.00
2017.07.03 16:50:43.911,1.46777,1.46785,1.20,1.00
2017.07.03 16:50:44.168,1.46779,1.46785,1.10,1.00
2017.07.03 16:50:44.650,1.46779,1.46785,1.07,1.00
2017.07.03 16:50:45.108,1.46779,1.46783,1.00,1.00
2017.07.03 16:50:45.365,1.46777,1.46783,1.00,1.00
2017.07.03 16:50:45.417,1.46777,1.46781,1.00,1.00
2017.07.03 16:50:47.681,1.46772,1.46781,2.32,1.00
2017.07.03 16:50:47.785,1.46769,1.46775,1.75,1.00
2017.07.03 16:50:48.296,1.46769,1.46776,1.75,1.00
2017.07.03 16:50:52.062,1.4677,1.46776,1.12,1.00
2017.07.03 16:50:54.578,1.46771,1.46778,1.37,1.00
2017.07.03 16:51:01.888,1.4677,1.46776,2.25,1.00
2017.07.03 16:51:02.039,1.46768,1.46774,1.87,1.00
2017.07.03 16:51:06.035,1.46768,1.46774,1.00,1.00
2017.07.03 16:51:06.545,1.46768,1.46774,1.50,1.00
2017.07.03 16:51:06.647,1.46768,1.46774,1.12,1.00
2017.07.03 16:51:08.705,1.46768,1.46773,1.12,1.00
2017.07.03 16:51:08.757,1.46768,1.46775,1.12,1.00
2017.07.03 16:51:08.911,1.46769,1.46776,1.37,1.00
2017.07.03 16:51:09.258,1.46771,1.46776,1.50,1.00
2017.07.03 16:51:12.820,1.46771,1.46776,1.00,1.00
2017.07.03 16:51:17.266,1.46771,1.46778,1.45,1.00
2017.07.03 16:51:18.937,1.46773,1.4678,1.47,1.00
2017.07.03 16:51:19.535,1.46774,1.46781,1.12,1.00
2017.07.03 16:51:19.740,1.46779,1.46783,1.00,1.00
2017.07.03 16:51:19.791,1.46779,1.46786,1.37,1.00
2017.07.03 16:51:20.099,1.46777,1.46784,1.12,1.00
2017.07.03 16:51:20.151,1.46778,1.46782,1.00,1.00
2017.07.03 16:51:21.936,1.46775,1.4678,1.50,1.00
2017.07.03 16:51:26.653,1.46777,1.46781,1.00,1.00
2017.07.03 16:51:28.532,1.46774,1.46779,1.50,1.00
2017.07.03 16:51:28.687,1.46776,1.4678,1.00,1.00
2017.07.03 16:51:28.970,1.46774,1.46779,1.50,1.00
2017.07.03 16:51:29.713,1.46775,1.46779,1.00,1.00
2017.07.03 16:51:31.960,1.46777,1.46782,1.00,1.00
2017.07.03 16:51:32.011,1.46777,1.46782,1.37,1.00
2017.07.03 16:51:32.063,1.46779,1.46785,1.87,1.00
2017.07.03 16:51:32.166,1.46783,1.4679,1.31,1.00
2017.07.03 16:51:32.313,1.46783,1.46789,1.69,1.00
2017.07.03 16:51:32.365,1.46785,1.46792,1.12,1.00
2017.07.03 16:51:32.417,1.46785,1.46792,1.12,1.00
2017.07.03 16:51:32.725,1.46785,1.46792,1.12,1.00
2017.07.03 16:51:33.260,1.46787,1.46791,1.00,1.00
2017.07.03 16:51:34.331,1.46786,1.46793,1.20,1.00
2017.07.03 16:51:35.277,1.46788,1.46792,1.00,1.00
2017.07.03 16:51:38.786,1.46786,1.46793,1.75,1.00
2017.07.03 16:51:39.912,1.46788,1.46795,1.37,1.00
2017.07.03 16:51:39.964,1.4679,1.46796,1.01,1.00
2017.07.03 16:51:40.138,1.4679,1.46797,1.76,1.00
2017.07.03 16:51:40.639,1.46793,1.46798,1.00,1.00
2017.07.03 16:51:46.359,1.46793,1.46799,1.12,1.00
2017.07.03 16:51:48.484,1.46793,1.468,1.95,1.00
2017.07.03 16:51:48.795,1.46795,1.468,1.00,1.00
2017.07.03 16:51:50.013,1.46795,1.468,1.00,1.00
2017.07.03 16:51:50.269,1.46795,1.46801,1.00,1.00
2017.07.03 16:51:50.792,1.46795,1.468,1.00,1.00
2017.07.03 16:51:51.413,1.46795,1.46803,1.00,1.00
2017.07.03 16:51:51.516,1.46795,1.46802,3.45,1.00
2017.07.03 16:51:51.822,1.46797,1.46804,1.85,1.00
2017.07.03 16:51:52.084,1.46797,1.46804,1.85,1.00
2017.07.03 16:51:52.721,1.46799,1.46805,2.25,1.00
2017.07.03 16:51:52.927,1.46801,1.46807,1.12,1.00
2017.07.03 16:51:53.437,1.46801,1.46807,1.12,1.00
2017.07.03 16:51:53.540,1.46802,1.46813,3.37,1.42
2017.07.03 16:51:53.694,1.46807,1.46814,1.00,1.00
2017.07.03 16:51:54.236,1.46807,1.46813,1.00,1.00
2017.07.03 16:51:55.016,1.46805,1.46811,1.00,1.00
2017.07.03 16:51:55.324,1.46803,1.46809,1.47,1.00
2017.07.03 16:51:59.935,1.46803,1.46808,1.47,1.00
2017.07.03 16:52:00.344,1.46802,1.46809,1.12,1.00
2017.07.03 16:52:00.396,1.468,1.46807,1.75,1.00
2017.07.03 16:52:00.927,1.46799,1.46806,1.85,1.00
2017.07.03 16:52:01.451,1.46799,1.46807,1.75,1.00
2017.07.03 16:52:02.327,1.468,1.46804,1.00,1.00
2017.07.03 16:52:02.379,1.46798,1.46804,1.12,1.00
2017.07.03 16:52:03.010,1.46799,1.46806,1.37,1.00
2017.07.03 16:52:03.569,1.46799,1.46806,1.37,1.00
2017.07.03 16:52:04.315,1.46799,1.46804,1.00,1.00
2017.07.03 16:52:04.366,1.46797,1.46803,1.12,1.00
2017.07.03 16:52:04.892,1.46798,1.46802,1.00,1.00
2017.07.03 16:52:07.608,1.46796,1.46803,1.87,1.00
2017.07.03 16:52:08.130,1.46795,1.46802,1.85,1.00
2017.07.03 16:52:16.808,1.46798,1.46803,1.00,1.00
2017.07.03 16:52:17.013,1.468,1.46806,1.37,1.00
2017.07.03 16:52:17.269,1.46803,1.46809,1.00,1.00
2017.07.03 16:52:17.584,1.46803,1.46809,2.25,1.00
2017.07.03 16:52:18.094,1.46803,1.46808,1.87,1.00
2017.07.03 16:52:18.610,1.46803,1.46809,1.87,1.00
2017.07.03 16:52:19.205,1.46802,1.46809,1.47,1.00
2017.07.03 16:52:21.773,1.46801,1.46809,1.82,1.00
2017.07.03 16:52:23.868,1.46802,1.4681,1.20,1.00
2017.07.03 16:52:24.751,1.46802,1.46809,1.85,1.00
2017.07.03 16:52:25.515,1.46802,1.4681,1.57,1.00
2017.07.03 16:52:26.033,1.46802,1.46809,1.57,1.00
2017.07.03 16:52:28.037,1.46802,1.46807,1.00,1.00
2017.07.03 16:52:28.755,1.46798,1.46804,1.87,1.00
2017.07.03 16:52:29.055,1.46798,1.46804,1.50,1.00
2017.07.03 16:52:33.935,1.46798,1.46803,1.37,1.00
2017.07.03 16:52:36.058,1.46797,1.46802,1.12,1.00
2017.07.03 16:52:36.161,1.46794,1.46799,1.00,1.00
2017.07.03 16:52:36.569,1.46792,1.46798,1.00,1.00
2017.07.03 16:52:36.621,1.46791,1.46798,1.75,1.00
2017.07.03 16:52:37.135,1.46791,1.46799,1.95,1.00
2017.07.03 16:52:37.663,1.46792,1.46799,1.45,1.00
2017.07.03 16:52:37.970,1.46794,1.468,1.20,1.00
2017.07.03 16:52:38.276,1.46795,1.46801,1.12,1.00
2017.07.03 16:52:40.442,1.46796,1.468,1.00,1.00
2017.07.03 16:52:40.544,1.46795,1.468,1.37,1.00
2017.07.03 16:52:41.094,1.46795,1.46799,1.00,1.00
2017.07.03 16:52:43.698,1.46795,1.46801,1.12,1.00
2017.07.03 16:52:43.800,1.46797,1.46803,1.37,1.00
2017.07.03 16:52:44.336,1.46798,1.46802,1.12,1.00
2017.07.03 16:52:44.542,1.46796,1.46801,1.37,1.00
2017.07.03 16:52:44.746,1.46796,1.46803,1.37,1.00
2017.07.03 16:52:45.051,1.46798,1.46808,1.00,1.00
2017.07.03 16:52:45.434,1.46798,1.46806,1.00,1.00
2017.07.03 16:52:45.740,1.46798,1.46808,1.00,1.00
2017.07.03 16:52:46.947,1.46798,1.46808,1.37,1.00
2017.07.03 16:52:47.488,1.46798,1.46809,1.37,1.00
2017.07.03 16:52:48.605,1.46798,1.46808,1.12,1.00
2017.07.03 16:52:48.707,1.46798,1.46809,1.37,1.00
2017.07.03 16:52:48.759,1.46798,1.46809,1.12,1.00
2017.07.03 16:52:48.963,1.46798,1.46809,1.37,1.00
2017.07.03 16:52:50.988,1.46798,1.4681,1.37,1.00
2017.07.03 16:52:51.675,1.46798,1.46811,1.37,1.00
2017.07.03 16:52:52.178,1.46798,1.4681,1.37,1.00
2017.07.03 16:52:52.410,1.46798,1.4681,1.12,1.00
2017.07.03 16:52:52.678,1.46795,1.46806,1.12,1.00
2017.07.03 16:52:53.979,1.46793,1.46806,1.10,1.00
2017.07.03 16:52:54.747,1.46792,1.46806,1.20,1.00
2017.07.03 16:52:55.293,1.46793,1.46806,1.10,1.00
2017.07.03 16:52:55.845,1.46792,1.46806,1.20,1.00
2017.07.03 16:52:56.133,1.46791,1.46802,1.07,1.00
2017.07.03 16:52:56.392,1.46791,1.46804,1.82,1.00
2017.07.03 16:52:57.043,1.4679,1.46805,1.95,1.00
2017.07.03 16:52:57.719,1.46792,1.46805,1.57,1.00
2017.07.03 16:52:58.235,1.46792,1.46806,1.47,1.12
2017.07.03 16:52:58.436,1.46792,1.46804,1.85,1.00
2017.07.03 16:52:58.984,1.46794,1.46805,1.10,1.00
2017.07.03 16:53:00.270,1.468,1.46811,1.37,1.12
2017.07.03 16:53:01.315,1.46799,1.46812,1.20,1.25
2017.07.03 16:53:01.827,1.468,1.46812,1.75,1.25
2017.07.03 16:53:02.402,1.46801,1.46812,1.00,1.25
2017.07.03 16:53:03.806,1.468,1.46811,1.37,1.00
2017.07.03 16:53:04.501,1.468,1.46811,1.12,1.00
2017.07.03 16:53:05.207,1.468,1.46811,1.37,1.00
2017.07.03 16:53:05.751,1.46799,1.46812,1.20,1.12
2017.07.03 16:53:08.205,1.46799,1.46813,1.12,1.12
2017.07.03 16:53:08.711,1.46801,1.46811,1.00,1.00
2017.07.03 16:53:10.850,1.468,1.46811,1.12,1.00
2017.07.03 16:53:13.104,1.468,1.4681,1.37,1.12
2017.07.03 16:53:14.118,1.46798,1.4681,1.37,1.12
2017.07.03 16:53:16.356,1.46798,1.46814,1.37,1.56
2017.07.03 16:53:19.574,1.46798,1.46814,1.37,1.56
2017.07.03 16:53:21.716,1.46798,1.46814,1.47,1.50
2017.07.03 16:53:23.032,1.46798,1.46814,1.45,1.50
2017.07.03 16:53:23.288,1.46798,1.46814,1.45,1.50
2017.07.03 16:53:23.339,1.46798,1.46814,1.45,1.50
2017.07.03 16:53:23.953,1.46798,1.46814,1.45,1.50
2017.07.03 16:53:24.300,1.46798,1.46814,1.37,2.25
2017.07.03 16:53:27.185,1.46799,1.46813,1.00,1.37
2017.07.03 16:53:28.256,1.46799,1.46813,1.00,1.37
2017.07.03 16:53:29.436,1.46798,1.46813,1.12,1.37
2017.07.03 16:53:32.686,1.46798,1.46813,1.12,1.37
2017.07.03 16:53:36.120,1.46798,1.46812,1.12,1.12
2017.07.03 16:53:40.679,1.46798,1.46812,1.20,1.37
2017.07.03 16:53:42.867,1.468,1.46812,1.10,1.12
2017.07.03 16:53:48.963,1.468,1.46812,1.07,1.12
2017.07.03 16:53:49.471,1.468,1.46812,1.07,1.37
2017.07.03 16:53:50.347,1.468,1.46812,1.10,1.37
2017.07.03 16:53:52.574,1.468,1.46812,1.10,1.00
2017.07.03 16:53:52.881,1.468,1.46812,1.07,1.00
2017.07.03 16:53:53.872,1.468,1.46814,1.10,1.37
2017.07.03 16:53:54.189,1.46799,1.46814,1.82,1.37
2017.07.03 16:53:55.859,1.46799,1.46814,1.82,1.37
2017.07.03 16:53:56.402,1.468,1.46814,1.45,1.37
2017.07.03 16:53:56.894,1.46801,1.46816,3.45,1.75
2017.07.03 16:53:56.945,1.46801,1.46816,1.45,1.37
2017.07.03 16:53:58.254,1.46802,1.46818,1.45,1.37
2017.07.03 16:53:59.354,1.46802,1.46818,1.45,1.37
2017.07.03 16:54:00.387,1.46802,1.46818,1.57,1.87
2017.07.03 16:54:00.644,1.46803,1.4682,1.82,2.25
2017.07.03 16:54:01.154,1.46805,1.4682,1.07,1.87
2017.07.03 16:54:01.738,1.46804,1.4682,1.20,1.87
2017.07.03 16:54:04.490,1.46804,1.4682,1.45,1.87
2017.07.03 16:54:05.000,1.46804,1.46818,1.45,1.12
2017.07.03 16:54:05.505,1.46804,1.46818,1.45,1.37
2017.07.03 16:54:06.229,1.46804,1.46818,1.45,1.37
2017.07.03 16:54:07.868,1.46804,1.46818,1.45,1.37
2017.07.03 16:54:09.886,1.46802,1.46818,1.57,1.37
2017.07.03 16:54:11.540,1.46802,1.46819,1.57,1.87
2017.07.03 16:54:12.071,1.46802,1.46819,1.45,1.87
2017.07.03 16:54:12.670,1.46801,1.46819,1.20,2.06
2017.07.03 16:54:13.636,1.46801,1.46819,1.82,2.06
2017.07.03 16:54:14.467,1.46802,1.46819,1.45,1.87
2017.07.03 16:54:15.054,1.46802,1.46819,1.45,1.87
2017.07.03 16:54:16.830,1.46802,1.46819,1.45,1.37
2017.07.03 16:54:17.459,1.46802,1.46818,1.57,1.12
2017.07.03 16:54:20.460,1.46802,1.46818,1.95,1.12
2017.07.03 16:54:21.144,1.46805,1.46819,1.07,1.12
2017.07.03 16:54:21.747,1.46805,1.46821,1.76,1.37
2017.07.03 16:54:22.439,1.46805,1.46821,1.76,1.12
2017.07.03 16:54:23.597,1.46805,1.46822,2.51,1.37
2017.07.03 16:54:24.707,1.46806,1.46822,1.39,1.12
2017.07.03 16:54:25.252,1.46806,1.46823,1.39,1.37
2017.07.03 16:54:25.986,1.46806,1.46823,1.39,1.12
2017.07.03 16:54:27.248,1.46806,1.46823,1.39,1.37
2017.07.03 16:54:28.402,1.46806,1.46823,1.20,1.50
2017.07.03 16:54:28.846,1.46806,1.46823,1.20,1.75
2017.07.03 16:54:30.499,1.46805,1.46821,1.20,1.37
2017.07.03 16:54:32.534,1.46805,1.46821,1.20,1.12
2017.07.03 16:54:33.039,1.46805,1.46821,1.20,1.50
2017.07.03 16:54:33.740,1.46804,1.46819,2.32,1.00
2017.07.03 16:54:33.793,1.46803,1.46818,1.82,1.00
2017.07.03 16:54:33.846,1.46802,1.46816,1.50,1.12
2017.07.03 16:54:34.153,1.468,1.46816,1.45,1.37
2017.07.03 16:54:34.493,1.468,1.46817,4.57,1.50
2017.07.03 16:54:35.136,1.468,1.46816,1.57,1.12
2017.07.03 16:54:35.342,1.46801,1.46816,1.37,1.50
2017.07.03 16:54:36.006,1.46801,1.46818,3.45,1.75
2017.07.03 16:54:36.513,1.46803,1.4682,1.20,1.75
2017.07.03 16:54:36.821,1.46802,1.46819,1.20,1.81
2017.07.03 16:54:38.153,1.46804,1.4682,1.47,2.25
2017.07.03 16:54:38.664,1.46804,1.4682,1.47,1.37
2017.07.03 16:54:40.409,1.46804,1.4682,1.45,1.37
2017.07.03 16:54:41.475,1.46806,1.4682,1.00,1.12
2017.07.03 16:54:42.517,1.46806,1.4682,1.00,1.37
2017.07.03 16:54:43.207,1.46804,1.4682,1.82,1.37
2017.07.03 16:54:44.191,1.46803,1.4682,1.82,1.37
2017.07.03 16:54:44.698,1.46803,1.4682,1.82,1.37
2017.07.03 16:54:49.699,1.46803,1.46821,1.82,2.06
2017.07.03 16:54:50.887,1.46803,1.46821,1.95,2.06
2017.07.03 16:54:52.137,1.46803,1.46818,1.95,2.25
2017.07.03 16:54:52.651,1.46801,1.46816,2.70,1.00
2017.07.03 16:54:53.738,1.46802,1.46819,1.57,1.37
2017.07.03 16:54:54.383,1.46804,1.46819,1.10,1.37
2017.07.03 16:54:54.690,1.46804,1.46821,2.70,1.62
2017.07.03 16:54:54.742,1.46804,1.46821,2.70,1.62
2017.07.03 16:54:55.516,1.46804,1.46821,3.82,1.62
2017.07.03 16:54:56.060,1.46804,1.46821,4.57,1.62
2017.07.03 16:54:57.070,1.46804,1.46821,4.57,1.62
2017.07.03 16:55:00.163,1.46804,1.46822,3.07,1.56
2017.07.03 16:55:00.588,1.46807,1.46824,1.82,1.56
2017.07.03 16:55:00.796,1.46821,1.46838,1.45,2.19
2017.07.03 16:55:00.847,1.46822,1.46838,1.95,1.94
2017.07.03 16:55:01.002,1.46827,1.46844,3.07,2.62
2017.07.03 16:55:01.054,1.46828,1.46844,1.12,1.00
2017.07.03 16:55:01.157,1.46829,1.46846,1.45,1.37
2017.07.03 16:55:01.642,1.46829,1.46846,1.45,1.37
2017.07.03 16:55:04.086,1.46829,1.46847,2.70,1.87
2017.07.03 16:55:04.392,1.46831,1.46847,2.32,1.37
2017.07.03 16:55:05.195,1.4683,1.46847,3.07,1.37
2017.07.03 16:55:05.918,1.4683,1.46846,4.20,1.12
2017.07.03 16:55:09.303,1.4683,1.46846,3.45,1.37
2017.07.03 16:55:10.240,1.4683,1.46846,1.37,1.37
2017.07.03 16:55:10.821,1.46829,1.46846,1.87,1.37
2017.07.03 16:55:11.718,1.46829,1.46846,2.62,1.37
2017.07.03 16:55:12.340,1.46829,1.46845,2.25,2.06
2017.07.03 16:55:12.495,1.46826,1.46838,1.00,1.00
2017.07.03 16:55:13.008,1.46824,1.46837,1.12,1.00
2017.07.03 16:55:14.226,1.46825,1.46837,1.00,1.00
2017.07.03 16:55:14.755,1.46824,1.46838,1.37,1.12
2017.07.03 16:55:14.960,1.46824,1.4684,1.75,1.12
2017.07.03 16:55:15.543,1.46827,1.46842,1.37,1.37
2017.07.03 16:55:15.751,1.46833,1.46848,1.37,1.00
2017.07.03 16:55:16.256,1.46834,1.46849,1.12,1.31
2017.07.03 16:55:17.661,1.46837,1.46844,1.00,1.00
2017.07.03 16:55:18.637,1.46837,1.46843,1.00,1.00
2017.07.03 16:55:19.545,1.46836,1.46843,1.00,1.00
2017.07.03 16:55:20.061,1.46833,1.46843,2.25,1.00
2017.07.03 16:55:21.377,1.46835,1.46843,1.00,1.00
2017.07.03 16:55:21.632,1.46833,1.46843,2.25,1.00
2017.07.03 16:55:23.391,1.46835,1.46843,1.00,1.00
2017.07.03 16:55:25.872,1.46834,1.46843,1.75,1.00
2017.07.03 16:55:26.180,1.46843,1.46852,1.12,1.00
2017.07.03 16:55:37.209,1.46843,1.46851,1.37,1.00
2017.07.03 16:55:37.260,1.46843,1.46853,1.37,1.00
2017.07.03 16:55:39.775,1.46844,1.46853,1.37,1.00
2017.07.03 16:55:41.590,1.46844,1.46853,1.12,1.00
2017.07.03 16:55:45.134,1.46844,1.46853,1.75,1.00
2017.07.03 16:55:45.338,1.46845,1.46855,1.37,1.00
2017.07.03 16:55:45.441,1.46844,1.46853,1.75,1.00
2017.07.03 16:55:45.977,1.46844,1.46853,1.75,1.00
2017.07.03 16:55:46.509,1.46844,1.46853,1.12,1.00
2017.07.03 16:55:47.638,1.46844,1.46853,1.12,1.00
2017.07.03 16:55:48.156,1.46844,1.46854,1.12,1.00
2017.07.03 16:55:48.464,1.46844,1.46852,1.12,1.00
2017.07.03 16:55:48.973,1.46844,1.46853,1.12,1.00
2017.07.03 16:55:50.374,1.46844,1.46852,1.12,1.00
2017.07.03 16:55:57.029,1.46843,1.46852,1.50,1.00
2017.07.03 16:55:57.337,1.46843,1.46853,1.37,1.00
2017.07.03 16:56:03.173,1.46843,1.46854,1.37,1.00
2017.07.03 16:56:05.927,1.46843,1.46853,1.50,1.00
2017.07.03 16:56:09.437,1.46844,1.46853,2.25,1.00
2017.07.03 16:56:11.816,1.46843,1.46853,2.25,1.00
2017.07.03 16:56:12.745,1.46843,1.46853,3.37,1.00
2017.07.03 16:56:13.281,1.46843,1.46853,1.75,1.00
2017.07.03 16:56:14.199,1.46843,1.46853,3.37,1.00
2017.07.03 16:56:14.806,1.46843,1.46854,3.37,1.00
2017.07.03 16:56:16.077,1.46843,1.46854,2.25,1.00
2017.07.03 16:56:16.667,1.46843,1.46853,2.25,1.00
2017.07.03 16:56:18.898,1.46843,1.46855,2.62,1.00
2017.07.03 16:56:20.367,1.46844,1.46853,1.37,1.00
2017.07.03 16:56:25.420,1.46844,1.46853,1.37,1.00
2017.07.03 16:56:25.472,1.46844,1.46855,1.37,1.00
2017.07.03 16:56:25.986,1.46844,1.46855,1.50,1.00
2017.07.03 16:56:26.961,1.46844,1.46854,1.50,1.00
2017.07.03 16:56:28.759,1.46844,1.46852,1.37,1.00
2017.07.03 16:56:29.422,1.46844,1.46852,1.37,1.00
2017.07.03 16:56:29.952,1.46841,1.46853,2.62,1.00
2017.07.03 16:56:33.771,1.46842,1.46851,1.37,1.00
2017.07.03 16:56:35.016,1.46843,1.46852,1.37,1.00
2017.07.03 16:56:35.323,1.46841,1.4685,1.37,1.00
2017.07.03 16:56:35.375,1.4684,1.46849,1.50,1.00
2017.07.03 16:56:35.974,1.46838,1.46848,1.50,1.00
2017.07.03 16:56:37.470,1.46838,1.46848,1.87,1.00
2017.07.03 16:56:37.996,1.46841,1.46849,1.00,1.00
2017.07.03 16:56:38.201,1.4684,1.46849,1.12,1.00
2017.07.03 16:56:38.509,1.46851,1.4686,3.37,1.00
2017.07.03 16:56:38.561,1.46851,1.4686,1.75,1.00
2017.07.03 16:56:39.085,1.46851,1.4686,1.87,1.00
2017.07.03 16:56:39.602,1.46851,1.4686,3.75,1.00
2017.07.03 16:56:40.113,1.46851,1.46861,2.25,1.00
2017.07.03 16:56:42.123,1.46852,1.46861,1.12,1.00
2017.07.03 16:56:43.096,1.46852,1.46861,1.37,1.00
2017.07.03 16:56:44.168,1.46852,1.4686,1.37,1.00
2017.07.03 16:56:44.859,1.46851,1.46861,2.25,1.00
2017.07.03 16:56:45.375,1.46852,1.4686,1.37,1.00
2017.07.03 16:56:45.899,1.46852,1.4686,1.37,1.00
2017.07.03 16:56:47.497,1.46851,1.4686,1.12,1.00
2017.07.03 16:56:47.549,1.46851,1.46862,1.12,1.00
2017.07.03 16:56:48.098,1.4685,1.46861,1.87,1.00
2017.07.03 16:56:48.472,1.4685,1.46861,1.87,1.00
2017.07.03 16:56:50.265,1.46851,1.46861,1.12,1.00
2017.07.03 16:56:50.807,1.46851,1.46861,1.12,1.00
2017.07.03 16:56:52.906,1.46851,1.46861,1.12,1.00
2017.07.03 16:56:53.429,1.46851,1.46861,1.12,1.00
2017.07.03 16:56:57.136,1.46852,1.46861,2.25,1.00
2017.07.03 16:56:57.296,1.46853,1.46863,1.87,1.00
2017.07.03 16:56:57.808,1.46854,1.46864,3.00,1.00
2017.07.03 16:56:58.739,1.46854,1.46864,1.12,1.00
2017.07.03 16:57:03.199,1.46854,1.46864,1.50,1.00
2017.07.03 16:57:04.484,1.46855,1.46862,1.00,1.00
2017.07.03 16:57:13.234,1.46854,1.46863,1.69,1.00
2017.07.03 16:57:14.989,1.46855,1.46863,1.62,1.00
2017.07.03 16:57:15.148,1.46858,1.46866,1.00,1.00
2017.07.03 16:57:17.972,1.46857,1.46865,1.37,1.00
2017.07.03 16:57:18.501,1.46856,1.46865,1.00,1.00
2017.07.03 16:57:18.553,1.46857,1.46865,1.87,1.00
2017.07.03 16:57:18.727,1.46858,1.46867,1.37,1.00
2017.07.03 16:57:18.881,1.46858,1.46868,1.00,1.00
2017.07.03 16:57:18.983,1.46858,1.46866,1.00,1.00
2017.07.03 16:57:19.431,1.46858,1.46868,1.00,1.00
2017.07.03 16:57:19.942,1.46858,1.46867,1.00,1.00
2017.07.03 16:57:20.446,1.46857,1.46868,1.87,1.00
2017.07.03 16:57:20.705,1.46857,1.46866,1.00,1.00
2017.07.03 16:57:20.859,1.46855,1.46866,1.12,1.00
2017.07.03 16:57:21.013,1.46854,1.46864,1.69,1.00
2017.07.03 16:57:22.267,1.46855,1.46868,1.12,1.00
2017.07.03 16:57:22.879,1.46855,1.46867,1.31,1.00
2017.07.03 16:57:22.981,1.46855,1.46869,1.69,1.00
2017.07.03 16:57:25.519,1.46856,1.4687,2.62,1.00
2017.07.03 16:57:26.035,1.46856,1.46869,2.25,1.00
2017.07.03 16:57:26.580,1.46856,1.46869,2.25,1.00
2017.07.03 16:57:27.164,1.46856,1.46869,2.06,1.00
2017.07.03 16:57:28.088,1.46856,1.46871,1.69,1.00
2017.07.03 16:57:28.730,1.46857,1.46872,1.50,1.00
2017.07.03 16:57:29.091,1.46856,1.4687,1.69,1.00
2017.07.03 16:57:29.604,1.46856,1.4687,1.87,1.00
2017.07.03 16:57:30.192,1.46856,1.46869,2.25,1.00
2017.07.03 16:57:30.244,1.46858,1.46871,1.25,1.00
2017.07.03 16:57:30.551,1.46858,1.46869,1.62,1.00
2017.07.03 16:57:30.653,1.46858,1.46871,2.06,1.00
2017.07.03 16:57:31.367,1.46858,1.46871,2.44,1.00
2017.07.03 16:57:32.491,1.46858,1.46871,2.06,1.00
2017.07.03 16:57:32.849,1.46858,1.46869,2.44,1.00
2017.07.03 16:57:34.216,1.4686,1.4687,1.00,1.00
2017.07.03 16:57:34.753,1.46859,1.46871,1.50,1.00
2017.07.03 16:57:35.278,1.46859,1.4687,1.50,1.00
2017.07.03 16:57:35.819,1.46859,1.4687,1.12,1.00
2017.07.03 16:57:36.327,1.46857,1.4687,1.57,1.00
2017.07.03 16:57:36.634,1.46857,1.46868,1.50,1.00
2017.07.03 16:57:37.152,1.46854,1.46867,4.39,1.00
2017.07.03 16:57:37.808,1.46854,1.46867,2.44,1.00
2017.07.03 16:57:41.358,1.46853,1.46866,1.87,1.00
2017.07.03 16:57:41.901,1.46853,1.46866,3.75,1.00
2017.07.03 16:57:43.853,1.46854,1.46866,1.12,1.00
2017.07.03 16:57:46.155,1.46854,1.46867,1.00,1.00
2017.07.03 16:57:47.541,1.46854,1.46865,1.12,1.00
2017.07.03 16:57:49.514,1.46853,1.46864,1.37,1.00
2017.07.03 16:57:50.106,1.46853,1.46865,1.00,1.00
2017.07.03 16:57:50.886,1.46851,1.46863,1.87,1.00
2017.07.03 16:57:51.222,1.46848,1.4686,1.00,1.00
2017.07.03 16:57:51.989,1.46846,1.4686,3.00,1.00
2017.07.03 16:57:52.041,1.46846,1.46858,2.25,1.00
2017.07.03 16:57:53.060,1.46846,1.46857,1.37,1.00
2017.07.03 16:57:53.618,1.46845,1.46857,2.06,1.00
2017.07.03 16:57:54.123,1.46845,1.46857,1.12,1.00
2017.07.03 16:57:54.627,1.46845,1.46856,1.00,1.00
2017.07.03 16:57:55.138,1.46845,1.46855,1.00,1.00
2017.07.03 16:57:55.669,1.46845,1.46856,1.00,1.00
2017.07.03 16:57:57.415,1.46845,1.46857,1.12,1.00
2017.07.03 16:57:57.737,1.46848,1.46859,1.50,1.00
2017.07.03 16:57:59.030,1.46848,1.46858,1.00,1.00
2017.07.03 16:57:59.575,1.46846,1.46857,1.75,1.00
2017.07.03 16:58:00.117,1.46847,1.46857,1.12,1.00
2017.07.03 16:58:01.311,1.46847,1.46858,1.37,1.00
2017.07.03 16:58:03.915,1.46847,1.46859,1.37,1.00
2017.07.03 16:58:04.222,1.4685,1.4686,2.25,1.00
2017.07.03 16:58:04.376,1.4685,1.46862,2.25,1.00
2017.07.03 16:58:04.581,1.46849,1.46861,1.69,1.00
2017.07.03 16:58:04.727,1.46847,1.46857,1.87,1.00
2017.07.03 16:58:04.779,1.46843,1.46854,1.00,1.00
2017.07.03 16:58:04.830,1.46843,1.46852,1.00,1.00
2017.07.03 16:58:05.290,1.46844,1.46856,1.87,1.00
2017.07.03 16:58:05.546,1.46846,1.46856,2.25,1.00
2017.07.03 16:58:05.598,1.46846,1.46856,1.00,1.00
2017.07.03 16:58:05.649,1.46846,1.46858,1.00,1.00
2017.07.03 16:58:06.168,1.46846,1.46858,1.37,1.00
2017.07.03 16:58:06.373,1.46848,1.4686,1.00,1.00
2017.07.03 16:58:08.257,1.46848,1.4686,1.50,1.00
2017.07.03 16:58:08.564,1.46849,1.46862,2.06,1.00
2017.07.03 16:58:09.073,1.4685,1.46863,1.12,1.00
2017.07.03 16:58:09.653,1.46849,1.46863,1.62,1.00
2017.07.03 16:58:10.176,1.46849,1.46861,1.39,1.00
2017.07.03 16:58:10.714,1.46849,1.46861,1.31,1.00
2017.07.03 16:58:11.995,1.46849,1.46861,1.69,1.00
2017.07.03 16:58:12.909,1.46849,1.46861,2.06,1.00
2017.07.03 16:58:13.437,1.4685,1.46861,1.00,1.00
2017.07.03 16:58:13.946,1.4685,1.46862,1.20,1.00
2017.07.03 16:58:15.032,1.46849,1.46859,1.69,1.00
2017.07.03 16:58:15.237,1.46847,1.46857,1.00,1.00
2017.07.03 16:58:15.515,1.46846,1.46859,3.75,1.00
2017.07.03 16:58:15.669,1.46846,1.46859,1.87,1.00
2017.07.03 16:58:15.773,1.46846,1.46858,1.87,1.00
2017.07.03 16:58:15.878,1.46846,1.46857,1.00,1.00
2017.07.03 16:58:16.338,1.46845,1.46855,1.12,1.00
2017.07.03 16:58:16.862,1.46845,1.46856,1.12,1.00
2017.07.03 16:58:18.229,1.46844,1.46858,1.57,1.00
2017.07.03 16:58:20.768,1.46845,1.4686,1.50,1.00
2017.07.03 16:58:20.922,1.46847,1.46859,1.75,1.00
2017.07.03 16:58:20.973,1.46848,1.46861,1.37,1.00
2017.07.03 16:58:21.498,1.46848,1.46861,1.75,1.00
2017.07.03 16:58:22.695,1.4685,1.46861,1.37,1.00
2017.07.03 16:58:22.878,1.4685,1.46864,1.50,1.00
2017.07.03 16:58:23.395,1.4685,1.46864,1.50,1.00
2017.07.03 16:58:24.240,1.4685,1.46864,1.37,1.00
2017.07.03 16:58:27.519,1.46851,1.46864,1.50,1.00
2017.07.03 16:58:37.786,1.4685,1.46864,2.81,1.00
2017.07.03 16:58:42.650,1.46851,1.46865,3.19,1.00
2017.07.03 16:58:46.756,1.46851,1.46863,2.81,1.00
2017.07.03 16:58:46.859,1.46851,1.46866,2.44,1.12
2017.07.03 16:58:50.239,1.46852,1.46865,1.69,1.00
2017.07.03 16:58:52.473,1.46852,1.46866,2.44,1.00
2017.07.03 16:58:54.148,1.46854,1.46868,1.69,1.12
2017.07.03 16:58:54.302,1.46857,1.4687,1.31,1.00
2017.07.03 16:58:54.354,1.46857,1.4687,1.69,1.00
2017.07.03 16:58:54.903,1.46857,1.46871,2.44,1.00
2017.07.03 16:58:55.477,1.46858,1.46872,1.69,1.00
2017.07.03 16:58:56.270,1.46858,1.46872,1.94,1.00
2017.07.03 16:58:57.746,1.46859,1.46872,1.19,1.00
2017.07.03 16:58:58.312,1.46858,1.46872,2.06,1.00
2017.07.03 16:58:58.915,1.46858,1.46872,1.76,1.00
2017.07.03 16:58:59.660,1.46859,1.46873,1.69,1.00
2017.07.03 16:59:00.121,1.46857,1.46865,1.12,1.87
2017.07.03 16:59:00.224,1.46853,1.46863,1.12,1.00
2017.07.03 16:59:00.329,1.46848,1.46863,1.50,1.57
2017.07.03 16:59:00.548,1.46847,1.46861,1.31,1.00
2017.07.03 16:59:01.059,1.46847,1.4686,1.12,1.00
2017.07.03 16:59:01.566,1.46846,1.4686,1.12,1.00
2017.07.03 16:59:01.976,1.46846,1.46858,1.12,1.00
2017.07.03 16:59:02.996,1.46845,1.46858,2.81,1.00
2017.07.03 16:59:03.509,1.46845,1.46859,1.31,1.00
2017.07.03 16:59:03.561,1.46845,1.46861,2.81,1.12
2017.07.03 16:59:04.221,1.46846,1.46861,3.19,1.12
2017.07.03 16:59:04.959,1.46847,1.46861,1.69,1.00
2017.07.03 16:59:05.401,1.46849,1.46859,1.37,1.12
2017.07.03 16:59:05.453,1.46845,1.46859,1.50,1.46
2017.07.03 16:59:05.506,1.46844,1.46854,1.00,1.50
2017.07.03 16:59:05.712,1.46839,1.46854,2.04,1.00
2017.07.03 16:59:06.305,1.4684,1.46854,1.37,1.37
2017.07.03 16:59:06.407,1.46838,1.46853,1.31,1.75
2017.07.03 16:59:06.617,1.46841,1.46854,1.19,1.00
2017.07.03 16:59:06.823,1.46841,1.46852,1.56,1.00
2017.07.03 16:59:06.875,1.4684,1.46852,1.25,1.00
2017.07.03 16:59:07.428,1.46839,1.46853,3.56,1.50
2017.07.03 16:59:07.684,1.46838,1.46849,1.00,1.37
2017.07.03 16:59:07.787,1.46833,1.46847,2.06,1.00
2017.07.03 16:59:07.890,1.46837,1.46848,1.87,1.00
2017.07.03 16:59:07.941,1.46839,1.46851,1.00,1.00
2017.07.03 16:59:08.300,1.4684,1.46851,1.87,1.12
2017.07.03 16:59:08.480,1.4684,1.46853,2.25,1.00
2017.07.03 16:59:09.817,1.4684,1.46852,2.44,1.00
2017.07.03 16:59:10.120,1.4684,1.46852,1.25,1.00
2017.07.03 16:59:10.172,1.4684,1.46852,1.19,1.00
2017.07.03 16:59:10.274,1.4684,1.46852,1.00,1.00
2017.07.03 16:59:10.743,1.4684,1.46852,2.62,1.00
2017.07.03 16:59:10.846,1.4684,1.46853,1.12,1.00
2017.07.03 16:59:11.104,1.46843,1.46853,1.00,1.00
2017.07.03 16:59:11.261,1.4684,1.46853,1.69,1.00
2017.07.03 16:59:11.814,1.4684,1.46852,4.31,1.00
2017.07.03 16:59:12.072,1.46848,1.46856,1.87,1.12
2017.07.03 16:59:12.124,1.46843,1.46857,2.85,1.87
2017.07.03 16:59:12.319,1.46845,1.46857,2.44,1.00
2017.07.03 16:59:12.474,1.46845,1.46857,1.00,1.00
2017.07.03 16:59:13.157,1.46846,1.46857,1.87,1.00
2017.07.03 16:59:13.412,1.46846,1.46859,2.25,1.00
2017.07.03 16:59:13.821,1.46848,1.4686,1.87,1.00
2017.07.03 16:59:14.333,1.46847,1.4686,2.62,1.00
2017.07.03 16:59:14.750,1.46849,1.4686,1.87,1.00
2017.07.03 16:59:15.270,1.46848,1.4686,2.62,1.00
2017.07.03 16:59:15.745,1.4685,1.46863,2.06,1.00
2017.07.03 16:59:16.196,1.4685,1.46862,1.25,1.00
2017.07.03 16:59:16.556,1.46851,1.46863,2.25,1.00
2017.07.03 16:59:16.710,1.46852,1.46865,1.00,1.00
2017.07.03 16:59:16.762,1.46852,1.46863,1.00,1.00
2017.07.03 16:59:16.865,1.46852,1.46865,1.00,1.00
2017.07.03 16:59:16.969,1.46852,1.46866,2.62,1.00
2017.07.03 16:59:17.299,1.46854,1.46866,1.87,1.00
2017.07.03 16:59:18.099,1.46854,1.46866,1.00,1.00
2017.07.03 16:59:18.202,1.46854,1.46867,1.56,1.00
2017.07.03 16:59:18.719,1.46854,1.46868,3.56,1.00
2017.07.03 16:59:18.925,1.46847,1.46862,1.69,1.00
2017.07.03 16:59:18.976,1.46847,1.4686,1.12,1.00
2017.07.03 16:59:19.283,1.46846,1.46858,1.25,1.00
2017.07.03 16:59:19.786,1.46845,1.46859,1.94,1.00
2017.07.03 16:59:20.093,1.46848,1.46861,3.37,1.00
2017.07.03 16:59:20.145,1.46851,1.46863,1.00,1.00
2017.07.03 16:59:20.247,1.46851,1.46861,1.00,1.00
2017.07.03 16:59:20.401,1.46849,1.46863,3.00,1.00
2017.07.03 16:59:20.563,1.4685,1.46861,1.00,1.00
2017.07.03 16:59:20.873,1.46852,1.46865,2.62,1.00
2017.07.03 16:59:21.554,1.46854,1.46866,2.89,1.00
2017.07.03 16:59:21.706,1.46854,1.46868,2.89,1.00
2017.07.03 16:59:22.372,1.46855,1.46869,1.26,1.00
2017.07.03 16:59:23.015,1.46857,1.46871,2.25,1.50
2017.07.03 16:59:23.323,1.46861,1.46874,3.00,1.00
2017.07.03 16:59:23.375,1.46861,1.46876,3.00,1.00
2017.07.03 16:59:23.887,1.46862,1.46876,2.81,1.00
2017.07.03 16:59:23.938,1.46864,1.46876,2.25,1.00
2017.07.03 16:59:24.097,1.46864,1.46876,1.25,1.00
2017.07.03 16:59:24.149,1.46865,1.46878,2.25,1.00
2017.07.03 16:59:24.511,1.46863,1.46877,3.00,1.00
2017.07.03 16:59:24.615,1.46863,1.46877,1.00,1.00
2017.07.03 16:59:24.718,1.46861,1.46875,1.12,1.00
2017.07.03 16:59:25.076,1.46861,1.46873,1.12,1.00
2017.07.03 16:59:25.558,1.46863,1.46876,1.62,1.00
2017.07.03 16:59:26.229,1.46863,1.46876,1.25,1.00
2017.07.03 16:59:26.448,1.46863,1.46876,2.06,1.00
2017.07.03 16:59:26.736,1.46863,1.46876,1.25,1.00
2017.07.03 16:59:26.839,1.46863,1.46874,1.25,1.00
2017.07.03 16:59:27.148,1.46862,1.46871,1.31,1.00
2017.07.03 16:59:27.250,1.46862,1.46872,1.00,1.00
2017.07.03 16:59:27.507,1.46859,1.4687,1.81,1.00
2017.07.03 16:59:27.718,1.46856,1.46868,3.45,1.00
2017.07.03 16:59:27.770,1.46856,1.46868,1.12,1.00
2017.07.03 16:59:27.976,1.46866,1.46871,1.37,1.00
2017.07.03 16:59:28.028,1.46858,1.4687,3.00,1.00
2017.07.03 16:59:28.079,1.46859,1.46871,1.69,1.00
2017.07.03 16:59:28.386,1.46864,1.46872,1.87,1.00
2017.07.03 16:59:28.490,1.46864,1.46875,1.12,1.00
2017.07.03 16:59:28.895,1.46865,1.46875,1.87,1.00
2017.07.03 16:59:29.285,1.46875,1.4688,1.00,1.12
2017.07.03 16:59:29.338,1.46871,1.46882,1.12,1.50
2017.07.03 16:59:29.390,1.46873,1.46883,2.25,1.37
2017.07.03 16:59:29.495,1.46876,1.46887,1.87,1.37
2017.07.03 16:59:29.547,1.46878,1.4689,2.62,1.00
2017.07.03 16:59:29.599,1.46882,1.46893,2.25,1.37
2017.07.03 16:59:29.978,1.46883,1.46889,1.12,1.00
2017.07.03 16:59:30.030,1.4688,1.46889,1.00,1.00
2017.07.03 16:59:30.082,1.4688,1.46889,1.37,1.00
2017.07.03 16:59:30.319,1.4688,1.46888,1.00,1.00
2017.07.03 16:59:30.527,1.46877,1.46885,1.37,1.00
2017.07.03 16:59:30.579,1.46875,1.46887,4.31,1.00
2017.07.03 16:59:30.630,1.46877,1.46885,1.87,1.00
2017.07.03 16:59:30.682,1.46875,1.46884,1.87,1.00
2017.07.03 16:59:30.786,1.46872,1.46884,4.12,1.00
2017.07.03 16:59:30.891,1.46872,1.46881,1.00,1.00
2017.07.03 16:59:31.192,1.4687,1.46879,1.37,1.00
2017.07.03 16:59:31.756,1.46871,1.46879,1.00,1.00
2017.07.03 16:59:31.911,1.46871,1.46881,1.00,1.00
2017.07.03 16:59:32.097,1.46874,1.46881,1.62,1.00
2017.07.03 16:59:32.148,1.46876,1.46886,3.56,1.00
2017.07.03 16:59:32.302,1.46882,1.4689,2.06,1.00
2017.07.03 16:59:32.457,1.46884,1.46894,1.07,1.00
2017.07.03 16:59:32.865,1.46884,1.46894,1.39,1.00
2017.07.03 16:59:33.063,1.46881,1.4689,1.07,1.00
2017.07.03 16:59:33.167,1.46879,1.46889,1.01,1.00
2017.07.03 16:59:33.219,1.46879,1.46889,2.14,1.00
2017.07.03 16:59:33.731,1.46878,1.46891,1.82,1.00
2017.07.03 16:59:33.885,1.46879,1.46891,1.20,1.00
2017.07.03 16:59:34.392,1.46879,1.46889,1.57,1.00
2017.07.03 16:59:35.685,1.46878,1.46887,1.37,1.00
2017.07.03 16:59:35.737,1.46878,1.46887,1.00,1.00
2017.07.03 16:59:36.146,1.46876,1.46889,1.36,1.00
2017.07.03 16:59:36.708,1.46877,1.4689,1.44,1.00
2017.07.03 16:59:37.016,1.46884,1.46893,1.00,1.00
2017.07.03 16:59:37.534,1.46882,1.46894,1.31,1.00
2017.07.03 16:59:37.845,1.46905,1.46914,1.31,1.00
2017.07.03 16:59:37.898,1.46905,1.46917,1.94,1.00
2017.07.03 16:59:38.054,1.46909,1.46919,1.12,1.00
2017.07.03 16:59:38.158,1.46909,1.46919,1.37,1.00
2017.07.03 16:59:38.679,1.46909,1.4692,1.75,1.00
2017.07.03 16:59:39.238,1.46909,1.46921,1.12,1.00
2017.07.03 16:59:39.750,1.46908,1.4692,2.86,1.00
2017.07.03 16:59:40.481,1.46912,1.46924,2.67,1.00
2017.07.03 16:59:40.792,1.46919,1.4693,2.48,1.00
2017.07.03 16:59:43.118,1.4692,1.46931,2.19,1.00
2017.07.03 16:59:43.948,1.4692,1.46929,2.00,1.00
2017.07.03 16:59:44.510,1.4692,1.46929,1.62,1.00
2017.07.03 16:59:44.820,1.46919,1.46927,1.94,1.00
2017.07.03 16:59:44.924,1.46922,1.46934,2.04,1.00
2017.07.03 16:59:44.976,1.46922,1.46932,2.06,1.00
2017.07.03 16:59:45.082,1.46922,1.46936,1.87,1.50
2017.07.03 16:59:45.133,1.46922,1.46933,1.50,1.00
2017.07.03 16:59:45.669,1.46922,1.46933,1.12,1.00
2017.07.03 16:59:46.182,1.46921,1.46932,2.10,1.00
2017.07.03 16:59:46.732,1.46921,1.46933,2.32,1.00
2017.07.03 16:59:47.092,1.46921,1.4693,1.50,1.00
2017.07.03 16:59:47.248,1.46915,1.46926,1.60,1.00
2017.07.03 16:59:47.464,1.46916,1.46928,1.91,1.00
2017.07.03 16:59:48.030,1.46916,1.46927,1.69,1.00
2017.07.03 16:59:48.860,1.46915,1.46927,1.94,1.00
2017.07.03 16:59:48.963,1.46916,1.46929,1.01,1.00
2017.07.03 16:59:49.321,1.46918,1.46931,1.37,1.00
2017.07.03 16:59:49.373,1.46919,1.46931,1.12,1.00
2017.07.03 16:59:49.425,1.46921,1.46934,1.00,1.00
2017.07.03 16:59:49.477,1.46921,1.46933,2.25,1.00
2017.07.03 16:59:49.825,1.46923,1.46934,1.37,1.00
2017.07.03 16:59:50.186,1.46923,1.4693,1.12,1.00
2017.07.03 16:59:50.240,1.46919,1.4693,1.37,1.00
2017.07.03 16:59:50.345,1.46918,1.46928,1.12,1.00
2017.07.03 16:59:50.499,1.46919,1.4693,1.37,1.00
2017.07.03 16:59:50.550,1.46919,1.46928,1.37,1.00
2017.07.03 16:59:50.694,1.46917,1.46926,2.25,1.00
2017.07.03 16:59:51.198,1.46914,1.46926,2.25,1.00
2017.07.03 16:59:51.786,1.46916,1.46926,1.00,1.00
2017.07.03 16:59:52.294,1.46916,1.46925,1.00,1.00
2017.07.03 16:59:53.119,1.46913,1.46926,1.31,1.00
2017.07.03 16:59:53.324,1.46915,1.46928,1.56,1.00
2017.07.03 16:59:53.581,1.46917,1.46929,1.37,1.00
2017.07.03 16:59:53.632,1.46921,1.46932,1.87,1.12
2017.07.03 16:59:53.759,1.46921,1.4693,2.44,1.00
2017.07.03 16:59:53.811,1.46921,1.46933,1.31,1.00
2017.07.03 16:59:54.017,1.46921,1.46936,2.06,1.00
2017.07.03 16:59:54.120,1.46923,1.46937,1.31,1.00
2017.07.03 16:59:54.482,1.46925,1.46939,2.81,1.00
2017.07.03 16:59:54.747,1.46927,1.46938,1.00,1.00
2017.07.03 16:59:54.953,1.46924,1.46936,2.14,1.00
2017.07.03 16:59:55.260,1.46925,1.46936,2.32,1.00
2017.07.03 16:59:55.312,1.46927,1.46936,1.31,1.50
2017.07.03 16:59:55.514,1.46924,1.46935,1.57,1.00
2017.07.03 16:59:55.616,1.46923,1.46933,2.70,1.00
2017.07.03 16:59:55.924,1.46921,1.46931,1.47,1.00
2017.07.03 16:59:56.027,1.46919,1.46929,1.12,1.00
2017.07.03 16:59:56.078,1.46918,1.46928,1.69,1.00
2017.07.03 16:59:57.088,1.46917,1.46927,1.66,1.00
2017.07.03 16:59:57.616,1.46919,1.4693,1.45,1.00
2017.07.03 16:59:57.668,1.46919,1.46932,1.76,1.00
2017.07.03 16:59:57.720,1.46921,1.46933,1.95,1.00
2017.07.03 16:59:58.137,1.46924,1.46935,1.50,1.00
2017.07.03 16:59:59.019,1.46924,1.46935,1.37,1.00
2017.07.03 16:59:59.327,1.46923,1.46933,1.37,1.00
2017.07.03 16:59:59.481,1.46919,1.4693,2.62,1.00
2017.07.03 16:59:59.945,1.46917,1.46928,2.25,1.00
