2010.10.29 05:00:00.672,1.28426,1.28454,3.30,1.50
2010.10.29 05:00:02.808,1.28427,1.28454,1.70,1.50
2010.10.29 05:00:02.919,1.28437,1.28463,1.50,1.50
2010.10.29 05:00:05.360,1.28437,1.28463,1.50,1.50
2010.10.29 05:00:07.038,1.28437,1.28463,1.50,1.50
2010.10.29 05:00:09.148,1.28437,1.28463,1.50,1.50
2010.10.29 05:00:11.220,1.28437,1.28463,1.50,1.50
2010.10.29 05:00:13.260,1.28437,1.28463,1.50,1.50
2010.10.29 05:00:14.170,1.28438,1.28464,1.80,1.50
2010.10.29 05:00:16.379,1.28447,1.28472,1.50,1.50
2010.10.29 05:00:16.818,1.28447,1.28481,3.20,1.50
2010.10.29 05:00:18.828,1.28459,1.28484,1.70,3.00
2010.10.29 05:00:19.049,1.28457,1.28484,1.70,1.50
2010.10.29 05:00:19.378,1.28463,1.28484,1.70,1.50
2010.10.29 05:00:19.488,1.28457,1.28484,1.50,1.50
2010.10.29 05:00:21.508,1.28456,1.28481,1.50,2.30
2010.10.29 05:00:23.058,1.28447,1.28481,2.50,2.30
2010.10.29 05:00:23.608,1.28457,1.28481,1.50,2.30
2010.10.29 05:00:25.749,1.28457,1.28479,1.50,1.50
2010.10.29 05:00:26.458,1.28457,1.28478,1.50,1.50
2010.10.29 05:00:26.569,1.28446,1.28476,1.50,2.30
2010.10.29 05:00:28.662,1.28447,1.28473,1.50,3.00
2010.10.29 05:00:30.690,1.28447,1.28473,1.70,1.50
2010.10.29 05:00:32.719,1.28447,1.28473,1.70,1.50
2010.10.29 05:00:33.288,1.28453,1.28473,1.70,1.50
2010.10.29 05:00:33.510,1.28454,1.28483,2.50,2.30
2010.10.29 05:00:34.058,1.28457,1.28479,1.50,1.50
2010.10.29 05:00:36.148,1.28457,1.28479,1.50,1.50
2010.10.29 05:00:38.179,1.28457,1.28479,1.50,1.50
2010.10.29 05:00:40.272,1.28457,1.28479,1.50,1.50
2010.10.29 05:00:40.487,1.28446,1.28474,2.50,1.50
2010.10.29 05:00:42.511,1.28446,1.28474,2.50,1.50
2010.10.29 05:00:44.559,1.28446,1.28474,2.50,1.50
2010.10.29 05:00:46.580,1.28446,1.28474,2.50,1.50
2010.10.29 05:00:48.677,1.28446,1.28474,2.50,1.50
2010.10.29 05:00:50.717,1.2845,1.28474,3.20,1.50
2010.10.29 05:00:50.830,1.28452,1.2848,1.70,1.50
2010.10.29 05:00:52.867,1.28456,1.28481,1.70,1.50
2010.10.29 05:00:55.020,1.28456,1.28481,1.70,1.50
2010.10.29 05:00:56.186,1.28446,1.28474,2.60,1.50
2010.10.29 05:00:58.193,1.28446,1.28474,2.30,1.50
2010.10.29 05:01:00.207,1.28446,1.28474,2.30,1.50
2010.10.29 05:01:02.360,1.28446,1.28474,2.30,1.50
2010.10.29 05:01:04.447,1.28446,1.28474,2.30,1.50
2010.10.29 05:01:06.491,1.28446,1.28474,2.30,1.50
2010.10.29 05:01:08.587,1.28446,1.28474,3.20,1.50
2010.10.29 05:01:10.438,1.28456,1.2848,1.50,1.50
2010.10.29 05:01:12.538,1.28456,1.2848,1.50,1.50
2010.10.29 05:01:13.197,1.28446,1.2848,3.00,1.50
2010.10.29 05:01:13.308,1.28454,1.28468,1.50,1.50
2010.10.29 05:01:13.898,1.28467,1.28479,1.50,1.50
2010.10.29 05:01:16.136,1.28467,1.28479,1.50,1.50
2010.10.29 05:01:18.260,1.28467,1.28478,1.50,1.50
2010.10.29 05:01:20.327,1.28467,1.28479,1.50,1.50
2010.10.29 05:01:22.359,1.28467,1.28484,1.50,1.50
2010.10.29 05:01:24.520,1.28467,1.28488,1.50,1.50
2010.10.29 05:01:26.588,1.28467,1.28488,1.50,1.50
2010.10.29 05:01:28.614,1.28467,1.28488,1.50,1.50
2010.10.29 05:01:29.418,1.28467,1.28486,1.50,1.50
2010.10.29 05:01:29.748,1.28456,1.28484,1.50,4.50
2010.10.29 05:01:30.468,1.28447,1.28474,1.50,1.50
2010.10.29 05:01:32.480,1.28447,1.28474,1.50,1.50
2010.10.29 05:01:34.569,1.28451,1.28474,1.50,1.50
2010.10.29 05:01:36.681,1.2845,1.28474,2.50,1.50
2010.10.29 05:01:38.717,1.28447,1.28474,2.50,1.50
2010.10.29 05:01:40.851,1.28446,1.28474,4.00,1.50
2010.10.29 05:01:42.859,1.28446,1.28474,4.00,1.50
2010.10.29 05:01:44.930,1.28446,1.28474,4.00,1.50
2010.10.29 05:01:46.960,1.28446,1.28474,4.00,1.50
2010.10.29 05:01:49.183,1.28447,1.28473,1.50,1.50
2010.10.29 05:01:51.282,1.28447,1.28473,1.50,1.50
2010.10.29 05:01:53.339,1.28447,1.28473,1.50,1.50
2010.10.29 05:01:55.348,1.28447,1.28473,2.30,1.50
2010.10.29 05:01:57.447,1.28447,1.28473,1.50,1.50
2010.10.29 05:01:59.490,1.28457,1.28483,1.50,1.70
2010.10.29 05:02:01.578,1.28457,1.28483,1.50,1.70
2010.10.29 05:02:03.627,1.28457,1.28483,1.50,1.70
2010.10.29 05:02:05.679,1.28457,1.28483,2.30,1.50
2010.10.29 05:02:07.762,1.28457,1.28483,2.30,1.50
2010.10.29 05:02:10.119,1.28457,1.28483,2.30,1.50
2010.10.29 05:02:10.229,1.28446,1.28484,4.00,4.50
2010.10.29 05:02:10.557,1.28447,1.28473,2.30,1.50
2010.10.29 05:02:12.701,1.28447,1.28473,2.30,1.50
2010.10.29 05:02:14.629,1.28456,1.28483,1.50,1.50
2010.10.29 05:02:16.738,1.28456,1.28483,1.50,1.50
2010.10.29 05:02:18.767,1.28456,1.28481,1.50,1.50
2010.10.29 05:02:22.946,1.28453,1.28481,1.70,1.50
2010.10.29 05:02:24.997,1.28457,1.28483,1.50,1.50
2010.10.29 05:02:27.114,1.28457,1.28483,1.50,1.50
2010.10.29 05:02:29.188,1.28457,1.28483,1.50,1.50
2010.10.29 05:02:31.240,1.28457,1.28483,1.50,1.50
2010.10.29 05:02:33.376,1.28457,1.28483,1.50,1.50
2010.10.29 05:02:35.457,1.28457,1.28483,1.50,1.50
2010.10.29 05:02:37.543,1.28457,1.28483,1.50,1.50
2010.10.29 05:02:39.619,1.28457,1.28483,1.50,1.50
2010.10.29 05:02:41.718,1.28456,1.28484,1.50,1.50
2010.10.29 05:02:43.885,1.28456,1.28484,1.50,1.50
2010.10.29 05:02:45.948,1.28456,1.28484,1.50,1.50
2010.10.29 05:02:46.172,1.28456,1.28481,1.50,1.50
2010.10.29 05:02:46.498,1.28448,1.28481,1.50,3.00
2010.10.29 05:02:48.588,1.28447,1.28473,4.70,1.50
2010.10.29 05:02:49.390,1.28447,1.28484,3.20,1.50
2010.10.29 05:02:51.884,1.28456,1.28484,1.50,1.50
2010.10.29 05:02:52.439,1.28459,1.28484,1.50,1.50
2010.10.29 05:02:52.660,1.28459,1.2849,1.70,1.50
2010.10.29 05:02:54.748,1.28466,1.28494,2.30,1.50
2010.10.29 05:02:55.309,1.2847,1.28494,1.50,1.50
2010.10.29 05:02:55.421,1.28467,1.285,1.10,1.50
2010.10.29 05:02:55.639,1.28476,1.28496,1.50,1.50
2010.10.29 05:02:56.789,1.28483,1.28502,1.10,1.50
2010.10.29 05:02:57.011,1.28486,1.28516,1.70,1.50
2010.10.29 05:02:57.229,1.28496,1.28516,1.50,1.50
2010.10.29 05:02:57.558,1.28479,1.28502,1.50,1.50
2010.10.29 05:02:57.779,1.28479,1.28511,1.70,1.50
2010.10.29 05:02:58.270,1.28487,1.28511,3.00,1.50
2010.10.29 05:02:58.599,1.28497,1.28514,1.50,1.50
2010.10.29 05:03:00.712,1.28497,1.28519,1.50,1.50
2010.10.29 05:03:02.088,1.28487,1.28513,1.50,1.50
2010.10.29 05:03:02.933,1.28469,1.285,2.30,2.30
2010.10.29 05:03:04.699,1.28477,1.28501,1.70,1.50
2010.10.29 05:03:05.185,1.28468,1.28498,1.10,1.50
2010.10.29 05:03:05.741,1.28471,1.28494,1.70,1.50
2010.10.29 05:03:05.848,1.2847,1.28502,2.50,1.50
2010.10.29 05:03:06.948,1.28472,1.28493,1.50,1.50
2010.10.29 05:03:09.100,1.28472,1.28493,1.70,1.50
2010.10.29 05:03:10.499,1.28474,1.28493,1.70,1.50
2010.10.29 05:03:10.608,1.28474,1.28503,1.70,1.50
2010.10.29 05:03:12.874,1.28477,1.28503,2.50,1.50
2010.10.29 05:03:13.688,1.28482,1.2851,1.70,1.50
2010.10.29 05:03:13.800,1.28482,1.28503,2.50,1.50
2010.10.29 05:03:13.908,1.28482,1.2851,3.20,1.50
2010.10.29 05:03:15.978,1.28487,1.28511,2.50,1.50
2010.10.29 05:03:18.047,1.28487,1.28513,2.50,3.00
2010.10.29 05:03:20.188,1.28487,1.28513,2.50,3.00
2010.10.29 05:03:22.240,1.28497,1.28517,1.70,1.50
2010.10.29 05:03:24.318,1.28497,1.28519,1.70,1.50
2010.10.29 05:03:26.358,1.28497,1.2852,1.70,1.50
2010.10.29 05:03:28.407,1.28497,1.2852,1.50,1.70
2010.10.29 05:03:30.569,1.28497,1.28518,1.50,1.50
2010.10.29 05:03:32.541,1.28503,1.28527,1.70,1.50
2010.10.29 05:03:33.902,1.28511,1.28539,1.70,1.70
2010.10.29 05:03:36.374,1.28517,1.2854,1.50,1.50
2010.10.29 05:03:37.369,1.28506,1.28537,3.00,1.70
2010.10.29 05:03:38.265,1.2851,1.28542,3.20,1.50
2010.10.29 05:03:39.141,1.28516,1.28538,1.50,1.70
2010.10.29 05:03:39.704,1.28509,1.28538,1.50,1.70
2010.10.29 05:03:39.824,1.2851,1.28543,3.20,3.20
2010.10.29 05:03:41.925,1.2851,1.28534,1.70,1.50
2010.10.29 05:03:42.259,1.2851,1.28539,1.50,2.50
2010.10.29 05:03:44.281,1.28506,1.2854,5.60,2.50
2010.10.29 05:03:46.400,1.28507,1.28533,3.40,1.50
2010.10.29 05:03:48.459,1.2851,1.28539,1.70,1.70
2010.10.29 05:03:50.499,1.2851,1.28534,1.70,1.50
2010.10.29 05:03:52.571,1.2851,1.28534,1.70,1.50
2010.10.29 05:03:54.612,1.28512,1.28534,1.50,1.50
2010.10.29 05:03:56.579,1.28518,1.28543,1.70,1.70
2010.10.29 05:03:58.632,1.28518,1.28543,1.50,1.50
2010.10.29 05:04:00.738,1.2852,1.28543,1.50,1.50
2010.10.29 05:04:02.756,1.28517,1.28543,1.50,1.50
2010.10.29 05:04:03.531,1.28517,1.28533,1.50,1.50
2010.10.29 05:04:05.597,1.28514,1.28533,1.50,1.50
2010.10.29 05:04:07.678,1.28514,1.28534,1.50,1.50
2010.10.29 05:04:09.688,1.28514,1.28533,1.50,1.70
2010.10.29 05:04:11.732,1.28508,1.28533,1.50,1.70
2010.10.29 05:04:13.768,1.2851,1.28542,1.70,1.70
2010.10.29 05:04:15.830,1.28513,1.28533,1.50,1.50
2010.10.29 05:04:17.918,1.28513,1.28533,1.50,1.50
2010.10.29 05:04:19.508,1.28513,1.28544,1.80,1.50
2010.10.29 05:04:21.115,1.28526,1.28553,1.50,1.50
2010.10.29 05:04:23.547,1.28526,1.28554,1.70,1.60
2010.10.29 05:04:25.638,1.28526,1.28554,1.70,1.70
2010.10.29 05:04:27.985,1.28526,1.28554,1.70,1.80
2010.10.29 05:04:30.081,1.28526,1.28554,1.70,1.70
2010.10.29 05:04:32.583,1.28526,1.28554,1.70,1.90
2010.10.29 05:04:34.761,1.28526,1.28554,1.70,1.90
2010.10.29 05:04:35.948,1.28517,1.28553,3.20,4.70
2010.10.29 05:04:36.170,1.28527,1.28553,1.50,4.70
2010.10.29 05:04:38.672,1.28527,1.28553,1.50,4.70
2010.10.29 05:04:40.330,1.28527,1.28552,1.50,1.10
2010.10.29 05:04:42.454,1.28527,1.28552,1.50,1.10
2010.10.29 05:04:44.593,1.28527,1.28552,1.50,1.10
2010.10.29 05:04:46.769,1.28527,1.28552,1.50,1.10
2010.10.29 05:04:48.669,1.28527,1.28543,1.50,2.30
2010.10.29 05:04:48.779,1.28517,1.28543,1.50,2.30
2010.10.29 05:04:49.109,1.28516,1.28538,1.50,1.50
2010.10.29 05:04:51.382,1.28514,1.28538,2.30,1.50
2010.10.29 05:04:51.598,1.28514,1.28543,3.20,1.50
2010.10.29 05:04:53.833,1.28516,1.28544,3.20,1.50
2010.10.29 05:04:55.843,1.28516,1.28544,3.20,1.50
2010.10.29 05:04:57.928,1.28516,1.28544,1.70,1.50
2010.10.29 05:04:58.609,1.28509,1.28543,2.30,3.20
2010.10.29 05:04:59.269,1.28511,1.28534,1.50,1.50
2010.10.29 05:05:01.277,1.28511,1.28534,1.70,1.50
2010.10.29 05:05:03.371,1.28511,1.28534,1.50,1.50
2010.10.29 05:05:05.390,1.28511,1.28534,1.50,1.50
2010.10.29 05:05:09.451,1.28508,1.28534,1.70,1.50
2010.10.29 05:05:09.780,1.28501,1.28527,1.70,1.70
2010.10.29 05:05:09.999,1.28497,1.28527,3.00,2.50
2010.10.29 05:05:12.048,1.28497,1.28523,1.50,2.50
2010.10.29 05:05:14.061,1.28497,1.28523,1.50,2.50
2010.10.29 05:05:16.111,1.28498,1.28523,1.10,1.50
2010.10.29 05:05:18.207,1.28497,1.28523,2.50,1.50
2010.10.29 05:05:20.278,1.28498,1.28523,1.10,1.50
2010.10.29 05:05:22.381,1.28501,1.28523,1.50,1.50
2010.10.29 05:05:24.387,1.28501,1.28523,1.50,1.50
2010.10.29 05:05:25.158,1.28501,1.28533,1.50,3.00
2010.10.29 05:05:27.190,1.28506,1.28533,1.50,1.50
2010.10.29 05:05:29.665,1.28506,1.28533,1.50,1.50
2010.10.29 05:05:31.727,1.28506,1.28533,1.50,1.50
2010.10.29 05:05:33.777,1.28506,1.28533,1.50,1.50
2010.10.29 05:05:35.777,1.28506,1.28533,1.50,1.50
2010.10.29 05:05:37.781,1.28501,1.28527,1.50,1.70
2010.10.29 05:05:38.439,1.28501,1.28524,1.70,1.50
2010.10.29 05:05:40.463,1.28501,1.28524,1.70,1.50
2010.10.29 05:05:42.820,1.285,1.28524,1.50,1.50
2010.10.29 05:05:43.613,1.285,1.28533,1.50,1.90
2010.10.29 05:05:43.728,1.285,1.28527,1.50,1.70
2010.10.29 05:05:45.760,1.28496,1.28524,1.50,2.30
2010.10.29 05:05:47.761,1.28497,1.28523,1.50,2.30
2010.10.29 05:05:49.339,1.28493,1.28513,1.50,1.50
2010.10.29 05:05:50.178,1.28493,1.28523,1.50,2.30
2010.10.29 05:05:52.263,1.28496,1.28524,1.50,2.30
2010.10.29 05:05:54.275,1.28496,1.28524,1.50,2.30
2010.10.29 05:05:56.433,1.28496,1.28524,1.50,2.30
2010.10.29 05:05:58.818,1.28496,1.28524,1.50,2.30
2010.10.29 05:06:00.877,1.28496,1.28524,1.50,2.30
2010.10.29 05:06:03.024,1.28496,1.28524,1.50,2.30
2010.10.29 05:06:05.041,1.28496,1.28524,1.50,2.30
2010.10.29 05:06:07.047,1.28496,1.28524,1.50,2.30
2010.10.29 05:06:09.513,1.28497,1.28523,1.50,2.30
2010.10.29 05:06:11.158,1.2849,1.28514,1.50,1.50
2010.10.29 05:06:13.221,1.2849,1.28514,1.50,1.50
2010.10.29 05:06:15.299,1.2849,1.28514,1.50,1.50
2010.10.29 05:06:17.470,1.2849,1.28514,1.50,1.50
2010.10.29 05:06:19.530,1.2849,1.28514,1.50,1.50
2010.10.29 05:06:21.697,1.28488,1.28513,1.50,3.20
2010.10.29 05:06:23.750,1.28488,1.28513,1.50,3.40
2010.10.29 05:06:25.767,1.28488,1.28513,1.50,3.20
2010.10.29 05:06:27.788,1.28488,1.28513,1.50,3.20
2010.10.29 05:06:30.042,1.28488,1.28513,1.50,3.20
2010.10.29 05:06:32.097,1.28488,1.28513,1.50,3.20
2010.10.29 05:06:34.180,1.28502,1.28524,1.50,1.50
2010.10.29 05:06:35.335,1.28507,1.28533,1.50,1.50
2010.10.29 05:06:37.955,1.28507,1.28533,1.50,1.50
2010.10.29 05:06:39.621,1.28507,1.28533,1.50,1.50
2010.10.29 05:06:41.681,1.28506,1.28534,1.50,1.50
2010.10.29 05:06:43.926,1.28506,1.28534,1.50,1.50
2010.10.29 05:06:46.028,1.28506,1.28534,1.50,1.50
2010.10.29 05:06:48.201,1.28506,1.28534,1.50,1.50
2010.10.29 05:06:50.581,1.28506,1.28534,1.50,1.60
2010.10.29 05:06:52.570,1.28506,1.28523,1.50,1.50
2010.10.29 05:06:52.680,1.28498,1.28529,1.50,1.60
2010.10.29 05:06:53.191,1.28486,1.28514,1.50,1.50
2010.10.29 05:06:55.301,1.28487,1.28513,1.50,2.30
2010.10.29 05:06:57.500,1.28487,1.28513,1.50,2.50
2010.10.29 05:06:58.783,1.28487,1.28506,1.50,1.70
2010.10.29 05:06:59.690,1.28476,1.28498,1.50,2.50
2010.10.29 05:06:59.823,1.28467,1.28492,1.50,1.50
2010.10.29 05:06:59.930,1.28459,1.28487,2.30,2.40
2010.10.29 05:07:00.357,1.28458,1.28474,1.50,1.50
2010.10.29 05:07:00.843,1.28453,1.28474,3.00,1.50
2010.10.29 05:07:02.993,1.28451,1.28474,1.50,1.50
2010.10.29 05:07:03.639,1.28451,1.28484,1.50,1.50
2010.10.29 05:07:05.658,1.28458,1.28483,1.50,1.50
2010.10.29 05:07:07.710,1.28457,1.28484,1.50,1.50
2010.10.29 05:07:09.799,1.28456,1.28483,1.50,1.70
2010.10.29 05:07:11.915,1.28456,1.28482,1.50,1.10
2010.10.29 05:07:14.241,1.28456,1.28482,1.50,1.10
2010.10.29 05:07:16.897,1.28456,1.28482,1.50,1.80
2010.10.29 05:07:18.785,1.28457,1.28483,1.50,1.70
2010.10.29 05:07:19.788,1.28457,1.28483,1.50,1.70
2010.10.29 05:07:20.633,1.28447,1.28477,1.50,1.10
2010.10.29 05:07:20.961,1.28457,1.2847,1.50,1.50
2010.10.29 05:07:23.050,1.28457,1.28467,1.50,1.50
2010.10.29 05:07:24.004,1.28446,1.28466,1.50,1.50
2010.10.29 05:07:24.229,1.28457,1.28466,1.50,1.50
2010.10.29 05:07:25.584,1.28457,1.28477,1.50,1.50
2010.10.29 05:07:25.762,1.28447,1.28477,1.50,1.50
2010.10.29 05:07:26.200,1.28448,1.2847,1.50,1.50
2010.10.29 05:07:27.402,1.28447,1.28473,1.50,1.50
2010.10.29 05:07:28.059,1.2845,1.28484,1.50,2.30
2010.10.29 05:07:30.089,1.28456,1.28483,1.50,1.50
2010.10.29 05:07:31.391,1.28447,1.28479,1.50,1.50
2010.10.29 05:07:31.830,1.28449,1.2848,1.50,3.80
2010.10.29 05:07:32.161,1.28447,1.28473,1.50,1.50
2010.10.29 05:07:34.208,1.28447,1.28473,1.50,1.50
2010.10.29 05:07:36.268,1.28447,1.28473,1.50,1.50
2010.10.29 05:07:37.730,1.28441,1.28463,1.50,1.50
2010.10.29 05:07:38.657,1.2844,1.28463,2.50,1.50
2010.10.29 05:07:38.772,1.28441,1.28472,2.50,1.50
2010.10.29 05:07:40.819,1.28454,1.28474,1.50,1.50
2010.10.29 05:07:42.856,1.28454,1.28474,1.50,1.50
2010.10.29 05:07:45.214,1.28452,1.28471,1.70,1.50
2010.10.29 05:07:45.337,1.2844,1.28471,1.50,1.50
2010.10.29 05:07:45.559,1.28437,1.28471,1.50,3.00
2010.10.29 05:07:47.665,1.28436,1.28464,2.30,1.50
2010.10.29 05:07:49.956,1.28436,1.28464,2.30,1.50
2010.10.29 05:07:51.997,1.28436,1.28464,2.30,1.50
2010.10.29 05:07:54.020,1.28436,1.28464,2.30,1.50
2010.10.29 05:07:56.059,1.28436,1.28464,2.30,1.50
2010.10.29 05:07:58.121,1.28436,1.28464,2.30,1.50
2010.10.29 05:08:00.412,1.28436,1.28464,2.30,1.50
2010.10.29 05:08:02.468,1.28436,1.28464,2.30,1.50
2010.10.29 05:08:04.559,1.28436,1.28464,2.30,1.50
2010.10.29 05:08:06.638,1.28436,1.28464,2.30,1.50
2010.10.29 05:08:08.659,1.28436,1.28462,2.30,1.50
2010.10.29 05:08:10.752,1.28435,1.2846,1.50,1.50
2010.10.29 05:08:12.754,1.28436,1.28463,1.50,1.50
2010.10.29 05:08:14.830,1.28436,1.28464,2.30,1.50
2010.10.29 05:08:16.860,1.28437,1.28464,1.50,1.50
2010.10.29 05:08:18.898,1.28437,1.28464,1.50,1.50
2010.10.29 05:08:20.929,1.28437,1.28463,1.50,1.50
2010.10.29 05:08:23.088,1.28437,1.28463,1.50,1.50
2010.10.29 05:08:25.209,1.28437,1.28463,1.50,1.50
2010.10.29 05:08:25.729,1.28441,1.28463,2.50,1.50
2010.10.29 05:08:25.840,1.28441,1.28473,2.50,1.50
2010.10.29 05:08:27.878,1.28446,1.28474,4.00,1.50
2010.10.29 05:08:29.938,1.28446,1.28474,2.50,1.50
2010.10.29 05:08:30.269,1.28447,1.28483,2.50,5.40
2010.10.29 05:08:30.488,1.28447,1.28473,2.50,1.50
2010.10.29 05:08:32.488,1.28456,1.28482,3.20,1.50
2010.10.29 05:08:34.508,1.28456,1.28482,3.20,1.50
2010.10.29 05:08:34.949,1.28449,1.28483,1.70,2.30
2010.10.29 05:08:36.959,1.28447,1.28478,2.50,1.50
2010.10.29 05:08:37.071,1.28447,1.28474,1.50,3.00
2010.10.29 05:08:38.742,1.28448,1.28481,2.50,1.50
2010.10.29 05:08:40.748,1.28447,1.28473,2.50,1.50
2010.10.29 05:08:42.771,1.28447,1.28473,2.30,1.50
2010.10.29 05:08:43.828,1.28447,1.28473,2.30,1.50
2010.10.29 05:08:44.049,1.2845,1.28477,1.50,1.50
2010.10.29 05:08:44.158,1.2845,1.28483,1.50,3.20
2010.10.29 05:08:46.168,1.28457,1.28483,1.50,3.20
2010.10.29 05:08:48.210,1.28457,1.28483,1.50,3.10
2010.10.29 05:08:48.621,1.28457,1.28482,1.50,1.10
2010.10.29 05:08:50.660,1.28445,1.28474,1.70,1.50
2010.10.29 05:08:52.359,1.28446,1.28474,1.50,2.50
2010.10.29 05:08:53.240,1.28446,1.28469,2.30,1.50
2010.10.29 05:08:55.362,1.28446,1.28474,2.30,1.50
2010.10.29 05:08:56.629,1.28439,1.28474,3.20,1.50
2010.10.29 05:08:57.289,1.28447,1.28472,2.30,2.30
2010.10.29 05:08:59.362,1.28446,1.28474,2.30,1.50
2010.10.29 05:09:00.661,1.28449,1.28474,1.50,3.00
2010.10.29 05:09:02.943,1.28448,1.28473,1.50,1.50
2010.10.29 05:09:04.200,1.28448,1.28483,1.50,2.30
2010.10.29 05:09:04.309,1.28456,1.28483,1.50,1.50
2010.10.29 05:09:04.418,1.28449,1.28483,2.30,1.50
2010.10.29 05:09:04.529,1.28457,1.28484,1.50,2.50
2010.10.29 05:09:06.709,1.28456,1.28485,1.50,1.70
2010.10.29 05:09:08.632,1.28444,1.28474,2.30,2.50
2010.10.29 05:09:10.719,1.28447,1.28473,1.50,1.70
2010.10.29 05:09:11.161,1.28447,1.28473,1.50,2.50
2010.10.29 05:09:11.711,1.28445,1.28474,1.50,2.50
2010.10.29 05:09:13.320,1.28446,1.28473,1.60,1.70
2010.10.29 05:09:13.431,1.28446,1.28474,2.40,1.50
2010.10.29 05:09:15.604,1.28447,1.28473,2.40,1.50
2010.10.29 05:09:17.702,1.28447,1.28473,2.40,1.50
2010.10.29 05:09:19.861,1.28447,1.28473,2.30,1.50
2010.10.29 05:09:21.981,1.28446,1.28474,2.30,1.50
2010.10.29 05:09:24.049,1.28446,1.28473,1.60,3.20
2010.10.29 05:09:26.121,1.28446,1.28474,2.40,1.50
2010.10.29 05:09:28.025,1.28457,1.28483,1.50,1.50
2010.10.29 05:09:28.535,1.28453,1.28474,1.50,1.50
2010.10.29 05:09:29.419,1.28452,1.28483,1.50,1.50
2010.10.29 05:09:29.530,1.28448,1.28474,1.50,1.50
2010.10.29 05:09:30.189,1.28448,1.28483,1.50,1.50
2010.10.29 05:09:30.807,1.28447,1.28479,3.20,1.70
2010.10.29 05:09:32.816,1.28446,1.28474,1.50,1.70
2010.10.29 05:09:34.699,1.28448,1.28473,3.20,1.50
2010.10.29 05:09:36.006,1.2845,1.28483,1.50,2.50
2010.10.29 05:09:36.339,1.2845,1.28473,1.50,1.50
2010.10.29 05:09:36.449,1.2845,1.28483,1.50,1.70
2010.10.29 05:09:36.779,1.28448,1.28474,1.50,1.50
2010.10.29 05:09:38.057,1.28454,1.28484,1.50,1.70
2010.10.29 05:09:40.090,1.28456,1.28484,1.50,1.70
2010.10.29 05:09:41.723,1.28454,1.2848,1.50,1.70
2010.10.29 05:09:41.943,1.28447,1.28478,1.50,1.50
2010.10.29 05:09:43.589,1.2845,1.28482,1.50,1.70
2010.10.29 05:09:44.085,1.28449,1.28474,1.50,2.50
2010.10.29 05:09:46.457,1.28447,1.28473,3.00,3.20
2010.10.29 05:09:48.469,1.28443,1.28474,1.70,3.20
2010.10.29 05:09:49.569,1.28443,1.28464,1.50,1.50
2010.10.29 05:09:51.260,1.2844,1.28464,1.50,1.70
2010.10.29 05:09:51.703,1.2845,1.28473,1.50,1.50
2010.10.29 05:09:53.768,1.2845,1.28474,1.50,1.70
2010.10.29 05:09:56.136,1.28446,1.28474,1.60,2.30
2010.10.29 05:09:58.189,1.28446,1.28472,1.50,1.70
2010.10.29 05:10:00.202,1.28447,1.28473,1.50,1.70
2010.10.29 05:10:02.299,1.28447,1.28473,1.50,1.70
2010.10.29 05:10:04.439,1.28447,1.28473,1.50,1.70
2010.10.29 05:10:06.448,1.28447,1.28473,1.50,1.70
2010.10.29 05:10:08.459,1.28447,1.28473,1.50,1.70
2010.10.29 05:10:10.558,1.28447,1.28473,1.50,2.50
2010.10.29 05:10:12.579,1.28447,1.28473,1.50,2.50
2010.10.29 05:10:13.283,1.28448,1.2848,1.70,2.50
2010.10.29 05:10:15.359,1.28448,1.28474,1.70,1.70
2010.10.29 05:10:17.446,1.28448,1.28474,1.70,1.70
2010.10.29 05:10:19.541,1.28446,1.28471,2.30,2.50
2010.10.29 05:10:20.136,1.28437,1.28462,3.00,1.70
2010.10.29 05:10:22.201,1.28436,1.28463,1.50,1.70
2010.10.29 05:10:24.289,1.28436,1.28464,3.00,3.20
2010.10.29 05:10:26.361,1.28436,1.28464,3.00,3.20
2010.10.29 05:10:28.388,1.28436,1.28464,3.00,3.20
2010.10.29 05:10:30.428,1.28436,1.28464,1.50,4.70
2010.10.29 05:10:32.443,1.28436,1.28463,1.50,1.10
2010.10.29 05:10:34.594,1.28436,1.28464,1.50,2.50
2010.10.29 05:10:36.600,1.2844,1.2847,2.30,2.40
2010.10.29 05:10:37.145,1.28444,1.28474,2.30,1.50
2010.10.29 05:10:38.912,1.28446,1.28466,1.50,1.70
2010.10.29 05:10:40.971,1.28437,1.28463,1.50,1.70
2010.10.29 05:10:43.035,1.28436,1.28464,1.50,1.50
2010.10.29 05:10:45.126,1.28435,1.28464,1.50,2.50
2010.10.29 05:10:45.568,1.28436,1.28464,1.50,1.50
2010.10.29 05:10:47.611,1.28438,1.28463,1.50,1.50
2010.10.29 05:10:49.624,1.28438,1.28463,1.50,1.50
2010.10.29 05:10:51.649,1.28436,1.28464,1.50,1.50
2010.10.29 05:10:53.669,1.28439,1.28464,1.50,1.50
2010.10.29 05:10:55.558,1.28439,1.28474,1.50,2.50
2010.10.29 05:10:55.668,1.28439,1.28463,1.50,1.50
2010.10.29 05:10:57.785,1.28439,1.28463,1.50,1.50
2010.10.29 05:10:59.819,1.28437,1.28463,1.50,1.50
2010.10.29 05:11:00.720,1.28435,1.28463,1.50,2.50
2010.10.29 05:11:01.941,1.28436,1.28464,1.50,1.50
2010.10.29 05:11:03.200,1.28437,1.28463,1.50,2.50
2010.10.29 05:11:04.330,1.28436,1.28464,1.50,1.70
2010.10.29 05:11:04.823,1.28446,1.28474,1.50,3.20
2010.10.29 05:11:06.840,1.28447,1.28473,1.50,1.70
2010.10.29 05:11:08.029,1.28447,1.28469,1.50,1.70
2010.10.29 05:11:08.140,1.28441,1.28469,1.50,1.70
2010.10.29 05:11:08.690,1.28441,1.28462,1.50,1.70
2010.10.29 05:11:09.131,1.28436,1.28469,1.50,2.50
2010.10.29 05:11:11.170,1.28437,1.28463,1.70,1.50
2010.10.29 05:11:13.232,1.28438,1.28463,1.50,1.70
2010.10.29 05:11:15.355,1.28438,1.28463,1.50,1.70
2010.10.29 05:11:17.233,1.28438,1.28462,1.50,1.70
2010.10.29 05:11:19.664,1.28436,1.28462,1.50,1.70
2010.10.29 05:11:21.762,1.28436,1.28462,1.50,1.70
2010.10.29 05:11:23.830,1.28436,1.28464,1.70,1.70
2010.10.29 05:11:24.890,1.28437,1.28464,1.10,1.50
2010.10.29 05:11:25.111,1.28437,1.28464,1.10,1.50
2010.10.29 05:11:25.443,1.28449,1.28464,1.70,1.50
2010.10.29 05:11:25.551,1.28452,1.28479,1.10,1.50
2010.10.29 05:11:25.772,1.28458,1.28481,1.70,1.50
2010.10.29 05:11:26.264,1.28458,1.28489,1.80,1.70
2010.10.29 05:11:28.332,1.28458,1.28489,1.30,1.50
2010.10.29 05:11:30.338,1.28457,1.28493,3.40,1.50
2010.10.29 05:11:30.562,1.28457,1.28484,3.40,1.50
2010.10.29 05:11:30.889,1.28465,1.28493,1.70,1.50
2010.10.29 05:11:33.362,1.28466,1.28494,1.50,2.30
2010.10.29 05:11:35.068,1.28466,1.28494,1.50,3.00
2010.10.29 05:11:37.108,1.28466,1.28494,1.50,3.00
2010.10.29 05:11:39.348,1.28466,1.28494,1.50,3.00
2010.10.29 05:11:41.409,1.28466,1.28494,1.50,3.00
2010.10.29 05:11:43.420,1.28466,1.28494,1.50,3.20
2010.10.29 05:11:45.502,1.28466,1.28494,1.50,3.00
2010.10.29 05:11:47.533,1.28466,1.28493,1.50,1.50
2010.10.29 05:11:49.593,1.28466,1.28493,1.70,1.50
2010.10.29 05:11:49.810,1.28466,1.28501,4.10,3.00
2010.10.29 05:11:51.910,1.28468,1.28494,1.10,1.50
2010.10.29 05:11:53.984,1.28475,1.28494,1.50,1.50
2010.10.29 05:11:55.691,1.28482,1.28494,1.70,1.50
2010.10.29 05:11:55.803,1.28485,1.28518,2.50,3.20
2010.10.29 05:11:57.870,1.28486,1.28518,6.20,4.70
2010.10.29 05:12:00.155,1.28487,1.28518,1.10,4.70
2010.10.29 05:12:02.229,1.28487,1.28518,1.10,4.70
2010.10.29 05:12:04.259,1.28487,1.28518,2.60,4.70
2010.10.29 05:12:06.328,1.28484,1.28515,1.90,1.70
2010.10.29 05:12:08.701,1.28484,1.28515,1.90,1.70
2010.10.29 05:12:10.941,1.28484,1.28515,1.90,1.70
2010.10.29 05:12:12.952,1.28485,1.28516,1.70,2.50
2010.10.29 05:12:15.043,1.28487,1.28514,1.70,1.70
2010.10.29 05:12:17.109,1.28486,1.28514,1.50,2.50
2010.10.29 05:12:19.150,1.28486,1.28512,1.60,1.70
2010.10.29 05:12:19.669,1.28485,1.285,1.50,1.70
2010.10.29 05:12:19.781,1.28477,1.285,1.50,1.70
2010.10.29 05:12:20.112,1.28469,1.28493,2.30,2.50
2010.10.29 05:12:20.221,1.28467,1.28493,2.30,2.50
2010.10.29 05:12:21.452,1.28469,1.28493,1.70,1.50
2010.10.29 05:12:23.540,1.28472,1.28493,1.50,3.20
2010.10.29 05:12:24.659,1.28467,1.28493,1.50,1.50
2010.10.29 05:12:26.749,1.2847,1.28493,1.70,1.50
2010.10.29 05:12:27.279,1.2847,1.28504,1.70,1.70
2010.10.29 05:12:28.758,1.28476,1.285,1.50,3.20
2010.10.29 05:12:29.399,1.28469,1.28493,1.50,1.70
2010.10.29 05:12:31.611,1.28469,1.28493,1.50,1.70
2010.10.29 05:12:33.708,1.28469,1.28493,1.70,1.70
2010.10.29 05:12:35.751,1.28469,1.28493,1.70,1.70
2010.10.29 05:12:37.848,1.28469,1.28493,1.70,1.70
2010.10.29 05:12:39.965,1.28467,1.28493,4.10,1.70
2010.10.29 05:12:42.068,1.28467,1.28493,4.10,1.70
2010.10.29 05:12:44.331,1.28467,1.28493,4.30,1.70
2010.10.29 05:12:46.390,1.2847,1.28493,1.70,1.70
2010.10.29 05:12:48.495,1.2847,1.28493,1.70,1.70
2010.10.29 05:12:50.518,1.28468,1.28493,1.60,1.70
2010.10.29 05:12:52.580,1.28468,1.28493,1.50,1.70
2010.10.29 05:12:54.717,1.28468,1.28493,1.50,1.70
2010.10.29 05:12:56.838,1.2847,1.28493,1.50,1.50
2010.10.29 05:12:59.182,1.28466,1.28493,1.50,1.70
2010.10.29 05:13:00.349,1.28458,1.28492,2.30,1.70
2010.10.29 05:13:00.679,1.28467,1.28492,1.50,1.70
2010.10.29 05:13:02.679,1.28462,1.28493,1.50,2.50
2010.10.29 05:13:04.759,1.28467,1.28491,1.50,2.50
2010.10.29 05:13:06.850,1.28467,1.28491,1.50,2.50
2010.10.29 05:13:08.919,1.28467,1.28492,1.50,1.70
2010.10.29 05:13:09.259,1.28458,1.28492,2.30,2.50
2010.10.29 05:13:10.560,1.2845,1.28481,1.50,1.70
2010.10.29 05:13:10.779,1.2845,1.28474,1.50,1.50
2010.10.29 05:13:12.076,1.28458,1.28489,1.70,2.50
2010.10.29 05:13:14.157,1.28456,1.28484,1.50,2.30
2010.10.29 05:13:16.525,1.28456,1.28484,1.50,2.30
2010.10.29 05:13:18.671,1.28456,1.28484,1.50,2.30
2010.10.29 05:13:20.698,1.28457,1.28483,1.50,1.50
2010.10.29 05:13:22.722,1.28457,1.28483,1.50,1.50
2010.10.29 05:13:26.699,1.28466,1.2849,1.50,2.50
2010.10.29 05:13:28.749,1.28466,1.28492,1.50,1.70
2010.10.29 05:13:29.080,1.28459,1.28487,1.50,1.70
2010.10.29 05:13:29.719,1.28467,1.2849,1.50,1.70
2010.10.29 05:13:31.901,1.28467,1.28491,1.50,1.70
2010.10.29 05:13:33.958,1.28467,1.28491,1.50,1.70
2010.10.29 05:13:36.101,1.28467,1.28491,1.50,1.70
2010.10.29 05:13:38.144,1.28467,1.28491,1.50,1.70
2010.10.29 05:13:38.662,1.28457,1.28483,1.50,2.50
2010.10.29 05:13:40.749,1.28457,1.28483,1.50,2.50
2010.10.29 05:13:42.830,1.28453,1.28483,2.50,1.70
2010.10.29 05:13:43.050,1.28453,1.28478,1.50,1.70
2010.10.29 05:13:43.761,1.28448,1.28474,1.50,1.70
2010.10.29 05:13:44.420,1.28451,1.28474,1.50,1.70
2010.10.29 05:13:44.530,1.28455,1.28482,1.70,1.50
2010.10.29 05:13:44.859,1.28466,1.28486,1.50,1.50
2010.10.29 05:13:46.890,1.28466,1.28486,1.50,1.50
2010.10.29 05:13:48.983,1.28466,1.28484,1.50,1.50
2010.10.29 05:13:51.370,1.28466,1.28487,1.50,1.50
2010.10.29 05:13:53.439,1.28466,1.28487,1.50,1.50
2010.10.29 05:13:55.528,1.28457,1.28487,1.80,1.50
2010.10.29 05:13:57.531,1.28456,1.28484,2.60,1.50
2010.10.29 05:13:59.764,1.28456,1.28484,2.60,1.50
2010.10.29 05:14:01.788,1.28456,1.28484,2.60,3.00
2010.10.29 05:14:03.520,1.28456,1.28484,1.60,4.70
2010.10.29 05:14:05.619,1.28457,1.2848,1.50,1.50
2010.10.29 05:14:05.950,1.28447,1.28473,1.60,1.70
2010.10.29 05:14:06.445,1.28446,1.28481,2.30,1.70
2010.10.29 05:14:08.459,1.28448,1.28474,1.50,1.50
2010.10.29 05:14:10.860,1.28448,1.28474,1.50,1.50
2010.10.29 05:14:11.413,1.2845,1.28483,2.50,1.50
2010.10.29 05:14:13.500,1.28457,1.28481,1.50,1.70
2010.10.29 05:14:15.529,1.28457,1.2848,1.50,2.50
2010.10.29 05:14:17.559,1.28457,1.28479,1.50,1.70
2010.10.29 05:14:19.583,1.28457,1.28479,1.50,1.70
2010.10.29 05:14:21.692,1.28457,1.28479,1.50,1.70
2010.10.29 05:14:23.779,1.28457,1.28479,1.50,1.50
2010.10.29 05:14:25.809,1.28453,1.28484,1.70,2.30
2010.10.29 05:14:27.909,1.28456,1.28483,1.70,2.30
2010.10.29 05:14:30.006,1.28456,1.28483,1.70,2.30
2010.10.29 05:14:32.039,1.28467,1.28485,1.50,1.50
2010.10.29 05:14:34.336,1.28467,1.28485,1.50,1.50
2010.10.29 05:14:34.901,1.28456,1.28481,1.50,1.50
2010.10.29 05:14:36.951,1.28456,1.28476,1.50,1.50
2010.10.29 05:14:38.301,1.28453,1.28484,1.70,3.00
2010.10.29 05:14:40.328,1.28456,1.28484,1.70,3.00
2010.10.29 05:14:42.602,1.28456,1.28484,1.70,1.50
2010.10.29 05:14:44.639,1.28458,1.28484,1.10,1.50
2010.10.29 05:14:46.723,1.28457,1.28484,1.80,1.50
2010.10.29 05:14:49.087,1.28457,1.28484,1.80,3.00
2010.10.29 05:14:51.213,1.28466,1.28484,1.50,1.50
2010.10.29 05:14:53.483,1.28466,1.28483,1.50,1.50
2010.10.29 05:14:53.594,1.28466,1.28489,2.50,1.50
2010.10.29 05:14:53.811,1.28466,1.28491,1.50,1.50
2010.10.29 05:14:55.020,1.28466,1.28485,2.50,1.50
2010.10.29 05:14:57.042,1.28467,1.28488,1.50,1.50
2010.10.29 05:14:59.070,1.28467,1.28488,1.50,1.50
2010.10.29 05:15:01.147,1.28467,1.28488,1.70,1.50
2010.10.29 05:15:03.356,1.28467,1.28491,1.90,1.50
2010.10.29 05:15:04.432,1.28474,1.28493,1.70,1.50
2010.10.29 05:15:05.213,1.28478,1.2851,1.10,1.50
2010.10.29 05:15:05.793,1.28477,1.28503,3.20,1.50
2010.10.29 05:15:08.080,1.28477,1.28503,3.20,1.50
2010.10.29 05:15:10.092,1.28477,1.28503,3.20,1.50
2010.10.29 05:15:12.171,1.28487,1.28507,1.50,1.50
2010.10.29 05:15:14.232,1.28478,1.28507,3.20,1.50
2010.10.29 05:15:14.843,1.28477,1.28505,1.50,1.60
2010.10.29 05:15:16.877,1.28467,1.28497,1.70,2.30
2010.10.29 05:15:17.209,1.28476,1.28497,1.50,2.30
2010.10.29 05:15:19.305,1.28467,1.28489,1.70,1.50
2010.10.29 05:15:21.351,1.28466,1.28488,1.70,1.50
2010.10.29 05:15:23.729,1.28466,1.28488,1.70,1.50
2010.10.29 05:15:26.104,1.28466,1.28489,1.70,1.50
2010.10.29 05:15:27.818,1.28466,1.28489,1.70,1.50
2010.10.29 05:15:28.880,1.28466,1.28494,1.70,1.50
2010.10.29 05:15:31.315,1.28466,1.28491,1.70,1.50
2010.10.29 05:15:33.420,1.28466,1.28494,1.70,3.00
2010.10.29 05:15:34.450,1.28471,1.28494,1.70,3.00
2010.10.29 05:15:35.186,1.28477,1.28503,4.00,1.50
2010.10.29 05:15:37.461,1.28477,1.28498,1.70,1.50
2010.10.29 05:15:39.720,1.28477,1.28497,1.70,1.50
2010.10.29 05:15:39.834,1.28468,1.28497,1.90,1.50
2010.10.29 05:15:39.945,1.2848,1.28493,1.70,1.50
2010.10.29 05:15:40.171,1.28481,1.28499,1.70,1.50
2010.10.29 05:15:40.391,1.28482,1.28502,2.40,1.50
2010.10.29 05:15:40.500,1.28482,1.2851,1.10,1.50
2010.10.29 05:15:41.423,1.28491,1.28513,2.40,1.50
2010.10.29 05:15:43.836,1.2849,1.28513,2.40,1.50
2010.10.29 05:15:45.890,1.28487,1.28513,2.00,1.50
2010.10.29 05:15:47.996,1.28487,1.28513,2.50,1.50
2010.10.29 05:15:48.595,1.28478,1.28509,1.70,1.70
2010.10.29 05:15:48.702,1.28482,1.2851,1.70,2.30
2010.10.29 05:15:48.812,1.28482,1.28512,1.70,1.50
2010.10.29 05:15:48.921,1.28482,1.28512,1.70,1.50
2010.10.29 05:15:49.251,1.28478,1.28504,2.60,1.50
2010.10.29 05:15:49.800,1.28476,1.28504,4.00,1.50
2010.10.29 05:15:51.048,1.28473,1.28492,1.70,1.50
2010.10.29 05:15:52.131,1.2847,1.28492,1.70,1.50
2010.10.29 05:15:52.240,1.28466,1.28492,2.50,1.50
2010.10.29 05:15:52.791,1.28457,1.28488,3.80,1.70
2010.10.29 05:15:54.615,1.28456,1.28484,1.70,3.00
2010.10.29 05:15:56.649,1.28456,1.28482,1.70,1.50
2010.10.29 05:15:58.823,1.28456,1.28479,1.50,1.50
2010.10.29 05:16:00.865,1.28456,1.28478,1.50,1.50
2010.10.29 05:16:02.120,1.28447,1.28473,1.50,1.50
2010.10.29 05:16:03.390,1.28457,1.28477,1.50,1.50
2010.10.29 05:16:05.412,1.28456,1.28477,1.50,1.50
2010.10.29 05:16:06.231,1.28446,1.28471,1.50,1.50
2010.10.29 05:16:08.189,1.28457,1.28483,1.70,3.00
2010.10.29 05:16:08.742,1.28457,1.28483,1.50,4.00
2010.10.29 05:16:10.789,1.28457,1.28483,1.50,1.50
2010.10.29 05:16:12.839,1.28457,1.28483,1.50,1.50
2010.10.29 05:16:15.151,1.28457,1.28483,1.70,1.50
2010.10.29 05:16:17.221,1.28457,1.28483,1.70,1.50
2010.10.29 05:16:18.435,1.28448,1.28475,1.10,1.50
2010.10.29 05:16:18.870,1.28454,1.28473,1.70,1.50
2010.10.29 05:16:20.632,1.28457,1.28482,1.70,1.50
2010.10.29 05:16:22.321,1.28457,1.28482,1.70,1.50
2010.10.29 05:16:24.381,1.28457,1.28482,1.70,1.50
2010.10.29 05:16:26.411,1.28457,1.28482,1.70,1.50
2010.10.29 05:16:28.427,1.28457,1.28482,1.70,1.50
2010.10.29 05:16:29.420,1.28452,1.28474,1.10,1.50
2010.10.29 05:16:31.509,1.28457,1.28479,1.70,1.50
2010.10.29 05:16:33.111,1.28457,1.28479,1.70,1.50
2010.10.29 05:16:35.151,1.28466,1.28486,1.70,1.50
2010.10.29 05:16:37.230,1.28467,1.28484,1.50,1.50
2010.10.29 05:16:39.281,1.28456,1.28482,2.50,1.60
2010.10.29 05:16:41.711,1.28456,1.28482,2.50,1.60
2010.10.29 05:16:43.704,1.28456,1.28482,2.50,1.60
2010.10.29 05:16:45.711,1.28456,1.28482,2.50,1.60
2010.10.29 05:16:47.824,1.28456,1.28483,1.70,1.50
2010.10.29 05:16:49.903,1.28456,1.28483,1.70,1.50
2010.10.29 05:16:51.999,1.28456,1.28483,1.70,1.50
2010.10.29 05:16:54.044,1.28456,1.28483,1.70,1.50
2010.10.29 05:16:56.348,1.28456,1.28483,1.70,1.50
2010.10.29 05:16:58.382,1.28456,1.28483,1.70,1.50
2010.10.29 05:17:00.410,1.28456,1.28483,1.70,1.50
2010.10.29 05:17:02.476,1.28456,1.28483,1.70,1.50
2010.10.29 05:17:04.788,1.28456,1.28483,1.70,1.50
2010.10.29 05:17:06.001,1.28452,1.28483,1.70,2.50
2010.10.29 05:17:06.659,1.28456,1.2848,1.50,1.50
2010.10.29 05:17:08.691,1.28456,1.2848,1.50,1.50
2010.10.29 05:17:10.729,1.28456,1.2848,1.50,1.50
2010.10.29 05:17:12.740,1.28456,1.2848,1.50,1.50
2010.10.29 05:17:16.921,1.28456,1.28483,2.40,1.50
2010.10.29 05:17:17.862,1.28462,1.28487,1.70,1.50
2010.10.29 05:17:19.900,1.28467,1.28488,1.50,1.50
2010.10.29 05:17:22.060,1.28467,1.28487,1.50,1.50
2010.10.29 05:17:24.064,1.28467,1.28487,1.50,1.50
2010.10.29 05:17:24.675,1.28456,1.28487,3.00,1.50
2010.10.29 05:17:25.332,1.28467,1.28485,1.50,1.50
2010.10.29 05:17:26.572,1.28476,1.28491,1.50,1.50
2010.10.29 05:17:27.340,1.28467,1.28494,1.50,1.50
2010.10.29 05:17:28.056,1.28476,1.28494,1.50,1.50
2010.10.29 05:17:30.141,1.28476,1.28494,1.50,1.50
2010.10.29 05:17:32.418,1.28476,1.28494,1.50,1.50
2010.10.29 05:17:33.950,1.28476,1.28494,1.50,1.50
2010.10.29 05:17:34.060,1.28467,1.28494,1.50,2.50
2010.10.29 05:17:36.071,1.28467,1.28493,2.30,1.50
2010.10.29 05:17:38.109,1.28467,1.28493,2.30,1.50
2010.10.29 05:17:39.650,1.28467,1.28495,2.50,1.50
2010.10.29 05:17:39.761,1.28467,1.28491,1.50,1.70
2010.10.29 05:17:41.898,1.28476,1.28493,1.50,1.50
2010.10.29 05:17:42.843,1.28466,1.28493,1.50,2.50
2010.10.29 05:17:43.390,1.28466,1.28488,1.50,2.50
2010.10.29 05:17:44.581,1.28457,1.28483,1.50,1.70
2010.10.29 05:17:46.615,1.28457,1.28483,1.50,1.70
2010.10.29 05:17:48.863,1.28457,1.28483,1.50,1.70
2010.10.29 05:17:51.109,1.28457,1.28483,1.50,1.50
2010.10.29 05:17:53.102,1.28457,1.28483,1.50,1.70
2010.10.29 05:17:55.179,1.28457,1.28483,1.50,1.70
2010.10.29 05:17:57.184,1.28457,1.28483,1.50,1.70
2010.10.29 05:17:59.212,1.28457,1.28483,1.50,1.70
2010.10.29 05:18:01.279,1.28457,1.28483,1.50,1.70
2010.10.29 05:18:01.896,1.28463,1.28483,1.70,1.50
2010.10.29 05:18:02.012,1.28467,1.28494,1.50,1.70
2010.10.29 05:18:04.071,1.28468,1.28494,1.50,1.50
2010.10.29 05:18:04.289,1.28468,1.28502,3.30,1.50
2010.10.29 05:18:05.321,1.28486,1.28499,1.50,1.50
2010.10.29 05:18:07.484,1.28486,1.285,1.50,1.50
2010.10.29 05:18:09.620,1.28486,1.28503,1.50,1.50
2010.10.29 05:18:11.658,1.28486,1.28503,1.50,1.50
2010.10.29 05:18:13.677,1.28487,1.28507,2.50,1.50
2010.10.29 05:18:15.760,1.28488,1.28513,2.30,1.50
2010.10.29 05:18:16.900,1.28487,1.28512,1.50,1.50
2010.10.29 05:18:18.949,1.28487,1.28513,1.50,2.30
2010.10.29 05:18:21.009,1.28487,1.28513,1.50,2.30
2010.10.29 05:18:23.019,1.28487,1.28513,1.50,2.30
2010.10.29 05:18:25.039,1.28487,1.28513,1.50,1.50
2010.10.29 05:18:27.401,1.28487,1.28512,1.50,1.50
2010.10.29 05:18:29.490,1.28487,1.28512,1.50,1.50
2010.10.29 05:18:32.069,1.28487,1.28509,1.50,1.50
2010.10.29 05:18:34.150,1.28487,1.28507,1.50,1.50
2010.10.29 05:18:35.360,1.28487,1.28507,2.50,1.50
2010.10.29 05:18:35.926,1.28487,1.28518,1.50,1.70
2010.10.29 05:18:36.264,1.28497,1.28518,1.50,1.50
2010.10.29 05:18:38.341,1.28497,1.28517,1.50,2.40
2010.10.29 05:18:38.676,1.28487,1.28513,1.50,2.30
2010.10.29 05:18:38.791,1.28476,1.28504,1.50,1.50
2010.10.29 05:18:40.820,1.28476,1.28504,1.70,1.50
2010.10.29 05:18:42.211,1.28486,1.28513,1.50,1.70
2010.10.29 05:18:44.325,1.28486,1.28513,1.50,1.70
2010.10.29 05:18:44.875,1.28476,1.28508,1.50,1.50
2010.10.29 05:18:46.934,1.28476,1.28504,1.50,1.50
2010.10.29 05:18:48.590,1.28476,1.28509,2.50,1.50
2010.10.29 05:18:50.670,1.2847,1.28499,1.70,1.50
2010.10.29 05:18:50.780,1.2847,1.28499,1.70,1.50
2010.10.29 05:18:52.471,1.28473,1.28494,2.50,1.50
2010.10.29 05:18:52.910,1.28477,1.28503,2.50,1.50
2010.10.29 05:18:54.970,1.28477,1.28503,2.50,1.50
2010.10.29 05:18:57.121,1.28477,1.28503,1.70,1.50
2010.10.29 05:18:59.541,1.28477,1.28503,1.70,1.50
2010.10.29 05:19:01.259,1.28477,1.28503,2.50,1.50
2010.10.29 05:19:02.520,1.28471,1.28504,1.70,1.50
2010.10.29 05:19:04.541,1.2847,1.28494,2.50,1.50
2010.10.29 05:19:05.272,1.28476,1.28504,1.50,1.50
2010.10.29 05:19:07.305,1.28476,1.285,1.70,1.50
2010.10.29 05:19:09.388,1.28476,1.285,1.70,1.50
2010.10.29 05:19:11.438,1.28476,1.285,1.70,1.50
2010.10.29 05:19:13.529,1.28476,1.28501,1.70,1.50
2010.10.29 05:19:15.550,1.28476,1.285,1.50,1.50
2010.10.29 05:19:17.721,1.28476,1.285,1.50,1.50
2010.10.29 05:19:19.770,1.28476,1.285,1.50,1.50
2010.10.29 05:19:22.121,1.28476,1.285,1.50,1.50
2010.10.29 05:19:24.134,1.28477,1.285,1.50,1.50
2010.10.29 05:19:26.142,1.28477,1.285,1.50,1.50
2010.10.29 05:19:28.249,1.28477,1.28501,1.50,1.50
2010.10.29 05:19:30.352,1.28476,1.28501,1.50,1.50
2010.10.29 05:19:32.305,1.2847,1.28498,1.50,1.70
2010.10.29 05:19:34.381,1.28466,1.28494,1.50,4.00
2010.10.29 05:19:36.390,1.28466,1.28494,1.50,4.70
2010.10.29 05:19:38.410,1.28466,1.28493,1.50,1.70
2010.10.29 05:19:40.489,1.28466,1.28493,1.50,1.70
2010.10.29 05:19:42.529,1.28466,1.28494,3.00,4.00
2010.10.29 05:19:44.718,1.28466,1.28494,3.00,4.00
2010.10.29 05:19:46.150,1.28466,1.28494,3.20,4.00
2010.10.29 05:19:48.160,1.28476,1.28504,2.50,1.50
2010.10.29 05:19:50.232,1.28476,1.28504,2.50,3.00
2010.10.29 05:19:52.515,1.28486,1.28506,1.50,1.50
2010.10.29 05:19:54.728,1.28486,1.28504,1.50,2.50
2010.10.29 05:19:56.742,1.28486,1.28504,1.50,2.30
2010.10.29 05:19:58.080,1.28476,1.28504,1.50,3.80
2010.10.29 05:20:00.321,1.28476,1.28504,1.50,3.80
2010.10.29 05:20:02.422,1.28476,1.28504,1.50,4.00
2010.10.29 05:20:04.480,1.28477,1.28504,2.50,1.50
2010.10.29 05:20:05.580,1.28487,1.28507,1.50,1.50
2010.10.29 05:20:07.611,1.28487,1.28514,1.70,1.50
2010.10.29 05:20:09.690,1.28487,1.28513,1.70,1.50
2010.10.29 05:20:11.750,1.28496,1.2852,1.50,1.50
2010.10.29 05:20:13.933,1.28496,1.2852,1.50,1.50
2010.10.29 05:20:16.001,1.28496,1.2852,1.50,1.50
2010.10.29 05:20:18.112,1.28496,1.2852,1.50,1.50
2010.10.29 05:20:20.141,1.28496,1.2852,1.50,1.50
2010.10.29 05:20:21.634,1.28506,1.28529,2.50,1.50
2010.10.29 05:20:25.820,1.28506,1.28533,2.50,1.50
2010.10.29 05:20:27.905,1.28506,1.28533,2.50,1.50
2010.10.29 05:20:29.939,1.28506,1.28529,2.50,1.50
2010.10.29 05:20:32.013,1.28506,1.28532,2.50,1.50
2010.10.29 05:20:34.102,1.28506,1.28532,2.50,1.50
2010.10.29 05:20:36.192,1.28506,1.28532,2.50,1.50
2010.10.29 05:20:38.209,1.28506,1.2853,2.50,1.50
2010.10.29 05:20:40.319,1.28506,1.28528,2.50,1.50
2010.10.29 05:20:42.430,1.28506,1.28528,2.50,1.50
2010.10.29 05:20:44.300,1.28506,1.28528,1.50,1.50
2010.10.29 05:20:45.071,1.28496,1.28524,1.50,2.50
2010.10.29 05:20:47.163,1.28497,1.28517,1.70,1.50
2010.10.29 05:20:49.424,1.28497,1.28521,2.30,1.50
2010.10.29 05:20:50.053,1.28486,1.2851,1.50,1.50
2010.10.29 05:20:50.493,1.28487,1.2851,1.70,1.50
2010.10.29 05:20:50.824,1.28491,1.28519,1.50,1.50
2010.10.29 05:20:52.840,1.28496,1.28524,1.60,3.20
2010.10.29 05:20:54.952,1.28497,1.28523,1.70,1.50
2010.10.29 05:20:58.522,1.28503,1.28524,1.70,1.50
2010.10.29 05:20:58.646,1.28503,1.28533,1.10,1.50
2010.10.29 05:21:00.670,1.28507,1.28533,1.50,1.50
2010.10.29 05:21:02.680,1.28506,1.28534,2.40,1.50
2010.10.29 05:21:04.747,1.28506,1.28534,2.40,1.50
2010.10.29 05:21:06.811,1.28506,1.28532,2.30,1.50
2010.10.29 05:21:08.337,1.28507,1.28522,1.50,1.50
2010.10.29 05:21:10.401,1.28506,1.28522,1.50,1.50
2010.10.29 05:21:10.512,1.28497,1.28522,2.50,1.50
2010.10.29 05:21:10.732,1.28507,1.28525,1.50,1.50
2010.10.29 05:21:12.738,1.28507,1.28527,1.50,1.50
2010.10.29 05:21:14.996,1.28507,1.28525,1.50,1.50
2010.10.29 05:21:16.431,1.28507,1.28511,1.50,1.50
2010.10.29 05:21:16.541,1.28489,1.28519,2.50,1.50
2010.10.29 05:21:17.038,1.28487,1.28513,2.30,1.50
2010.10.29 05:21:18.142,1.285,1.28519,1.70,1.50
2010.10.29 05:21:20.171,1.2851,1.28523,1.70,1.50
2010.10.29 05:21:20.282,1.28506,1.28534,3.20,1.50
2010.10.29 05:21:22.673,1.28507,1.28532,1.50,2.30
2010.10.29 05:21:24.914,1.28507,1.28527,1.50,1.50
2010.10.29 05:21:25.570,1.28497,1.28523,3.20,1.50
2010.10.29 05:21:26.464,1.285,1.28525,1.70,1.50
2010.10.29 05:21:27.667,1.28506,1.28533,2.50,1.50
2010.10.29 05:21:28.110,1.28497,1.28523,7.10,1.50
2010.10.29 05:21:30.240,1.28497,1.28523,5.60,1.50
2010.10.29 05:21:32.276,1.28497,1.28523,5.60,1.50
2010.10.29 05:21:34.226,1.28501,1.28524,2.50,1.50
2010.10.29 05:21:34.342,1.28506,1.28533,1.70,1.50
2010.10.29 05:21:36.351,1.28517,1.28537,1.50,1.50
2010.10.29 05:21:37.841,1.28517,1.28532,1.50,1.50
2010.10.29 05:21:37.952,1.28506,1.28529,1.70,1.50
2010.10.29 05:21:38.173,1.28501,1.28527,1.70,1.50
2010.10.29 05:21:38.390,1.28501,1.28533,1.70,3.00
2010.10.29 05:21:40.606,1.28507,1.28533,1.50,3.00
2010.10.29 05:21:42.627,1.28507,1.2853,1.50,1.50
2010.10.29 05:21:42.744,1.28497,1.28524,2.50,2.30
2010.10.29 05:21:44.753,1.28496,1.28516,1.50,1.50
2010.10.29 05:21:46.860,1.28496,1.28516,1.50,1.70
2010.10.29 05:21:48.010,1.28487,1.28516,1.70,1.70
2010.10.29 05:21:48.340,1.28496,1.28516,1.50,1.70
2010.10.29 05:21:50.384,1.28496,1.28516,1.50,1.70
2010.10.29 05:21:52.394,1.28496,1.28516,1.50,1.70
2010.10.29 05:21:52.930,1.28486,1.28516,1.70,1.70
2010.10.29 05:21:53.482,1.28477,1.2851,2.50,2.30
2010.10.29 05:21:55.551,1.28476,1.28503,2.50,1.50
2010.10.29 05:21:57.571,1.28477,1.28503,1.70,1.50
2010.10.29 05:21:59.734,1.28477,1.28503,1.50,1.50
2010.10.29 05:22:01.801,1.28486,1.28509,1.50,1.50
2010.10.29 05:22:03.921,1.28486,1.28509,1.50,1.50
2010.10.29 05:22:05.942,1.28486,1.28509,1.50,1.50
2010.10.29 05:22:08.022,1.28486,1.28509,1.50,1.50
2010.10.29 05:22:08.245,1.28493,1.28509,1.70,1.50
2010.10.29 05:22:08.464,1.28493,1.28521,2.50,1.70
2010.10.29 05:22:10.563,1.28496,1.2852,1.50,1.70
2010.10.29 05:22:11.001,1.28501,1.28525,1.50,1.50
2010.10.29 05:22:11.802,1.28501,1.28534,1.70,3.00
2010.10.29 05:22:13.890,1.28507,1.28533,1.50,1.50
2010.10.29 05:22:14.475,1.28498,1.28534,2.50,1.50
2010.10.29 05:22:14.702,1.28506,1.28534,1.50,1.50
2010.10.29 05:22:15.911,1.28507,1.28525,2.50,1.50
2010.10.29 05:22:16.022,1.28507,1.28536,2.50,1.50
2010.10.29 05:22:18.186,1.28507,1.28533,1.50,3.00
2010.10.29 05:22:20.268,1.28507,1.28533,1.50,3.00
2010.10.29 05:22:22.276,1.28507,1.28533,1.50,3.00
2010.10.29 05:22:24.604,1.28507,1.28533,1.50,1.70
2010.10.29 05:22:26.911,1.28507,1.28533,1.50,1.50
2010.10.29 05:22:29.076,1.28507,1.28533,1.50,1.50
2010.10.29 05:22:31.166,1.28507,1.28533,1.50,1.50
2010.10.29 05:22:32.601,1.28497,1.28526,3.00,1.50
2010.10.29 05:22:34.622,1.28497,1.28524,1.50,1.50
2010.10.29 05:22:36.732,1.28506,1.28532,1.50,1.50
2010.10.29 05:22:38.866,1.28506,1.28532,1.50,1.50
2010.10.29 05:22:40.350,1.28507,1.28532,1.50,2.40
2010.10.29 05:22:42.370,1.28507,1.28533,1.50,1.70
2010.10.29 05:22:44.431,1.28507,1.28533,1.50,1.70
2010.10.29 05:22:46.449,1.28507,1.28533,1.50,1.70
2010.10.29 05:22:47.009,1.28497,1.28534,1.70,3.20
2010.10.29 05:22:49.333,1.28497,1.28523,1.50,1.50
2010.10.29 05:22:50.150,1.28499,1.28533,1.70,1.70
2010.10.29 05:22:52.240,1.28507,1.28533,1.50,3.20
2010.10.29 05:22:53.771,1.28497,1.28532,1.50,2.60
2010.10.29 05:22:55.812,1.28496,1.28524,3.20,1.50
2010.10.29 05:22:56.831,1.28492,1.2852,1.50,2.40
2010.10.29 05:22:56.940,1.28489,1.2852,2.50,1.50
2010.10.29 05:22:57.712,1.28488,1.28514,2.50,1.50
2010.10.29 05:22:58.263,1.28497,1.28523,1.50,4.00
2010.10.29 05:23:00.274,1.28497,1.28523,1.50,1.50
2010.10.29 05:23:02.318,1.28497,1.28523,1.50,1.50
2010.10.29 05:23:03.951,1.28497,1.28523,2.50,3.00
2010.10.29 05:23:04.941,1.28496,1.28519,1.50,1.50
2010.10.29 05:23:05.653,1.28486,1.28519,2.50,1.50
2010.10.29 05:23:07.974,1.28496,1.2852,2.50,1.50
2010.10.29 05:23:09.999,1.28496,1.2852,2.50,1.50
2010.10.29 05:23:12.020,1.28496,1.2852,2.50,1.50
2010.10.29 05:23:14.072,1.28496,1.2852,2.50,1.50
2010.10.29 05:23:16.151,1.28496,1.28518,2.50,1.50
2010.10.29 05:23:18.171,1.28496,1.28516,2.50,1.50
2010.10.29 05:23:20.253,1.28496,1.28516,2.50,1.50
2010.10.29 05:23:22.311,1.28496,1.28516,2.50,1.50
2010.10.29 05:23:24.381,1.28497,1.28516,2.50,1.50
2010.10.29 05:23:26.451,1.28497,1.28516,2.50,1.50
2010.10.29 05:23:28.774,1.28497,1.28516,2.50,1.50
2010.10.29 05:23:30.804,1.28497,1.28516,2.50,1.50
2010.10.29 05:23:32.875,1.28497,1.28516,2.50,1.50
2010.10.29 05:23:35.182,1.28497,1.28516,2.50,1.50
2010.10.29 05:23:37.176,1.28497,1.28516,2.50,1.50
2010.10.29 05:23:39.208,1.28497,1.28516,2.50,1.50
2010.10.29 05:23:41.317,1.28497,1.28516,2.50,1.50
2010.10.29 05:23:43.366,1.28497,1.28514,2.50,1.50
2010.10.29 05:23:45.483,1.28497,1.28517,2.50,1.50
2010.10.29 05:23:47.792,1.28497,1.28517,2.50,1.50
2010.10.29 05:23:50.214,1.28497,1.28515,2.50,1.50
2010.10.29 05:23:52.190,1.28497,1.28515,2.50,1.50
2010.10.29 05:23:54.279,1.28497,1.28518,2.50,1.50
2010.10.29 05:23:56.392,1.28497,1.28518,2.50,1.50
2010.10.29 05:23:58.479,1.28497,1.28518,2.50,1.50
2010.10.29 05:24:00.482,1.28497,1.28518,2.50,1.50
2010.10.29 05:24:02.580,1.28497,1.28518,2.50,1.50
2010.10.29 05:24:04.680,1.28497,1.28518,2.50,1.50
2010.10.29 05:24:06.740,1.28497,1.28516,2.50,1.50
2010.10.29 05:24:08.831,1.28497,1.28516,2.50,1.50
2010.10.29 05:24:10.911,1.28497,1.28517,2.50,1.50
2010.10.29 05:24:13.021,1.28497,1.28517,2.50,1.50
2010.10.29 05:24:15.281,1.28496,1.28516,2.50,1.50
2010.10.29 05:24:17.289,1.28496,1.28518,2.50,1.50
2010.10.29 05:24:19.316,1.28496,1.28518,2.50,1.50
2010.10.29 05:24:21.411,1.28496,1.28516,2.50,1.50
2010.10.29 05:24:23.520,1.28496,1.28517,2.50,1.50
2010.10.29 05:24:25.583,1.28496,1.28523,2.50,1.50
2010.10.29 05:24:27.633,1.28496,1.28523,2.50,1.50
2010.10.29 05:24:29.719,1.28497,1.28523,2.50,3.00
2010.10.29 05:24:31.946,1.28497,1.28523,2.50,3.00
2010.10.29 05:24:33.949,1.28497,1.28523,2.50,3.00
2010.10.29 05:24:36.569,1.28497,1.28523,2.50,3.00
2010.10.29 05:24:38.888,1.28497,1.28523,2.50,3.00
2010.10.29 05:24:41.147,1.28497,1.28523,2.50,3.00
2010.10.29 05:24:43.242,1.28497,1.28523,2.50,3.00
2010.10.29 05:24:43.952,1.28503,1.28523,1.70,3.00
2010.10.29 05:24:44.281,1.28503,1.28533,1.70,1.50
2010.10.29 05:24:44.390,1.28499,1.28533,1.70,1.50
2010.10.29 05:24:46.534,1.28507,1.28533,1.50,3.00
2010.10.29 05:24:48.552,1.28507,1.28533,1.50,3.00
2010.10.29 05:24:50.618,1.28507,1.28533,1.50,3.00
2010.10.29 05:24:52.701,1.28507,1.28533,1.50,3.00
2010.10.29 05:24:54.734,1.28507,1.28533,1.50,3.00
2010.10.29 05:24:57.006,1.28507,1.28533,1.50,3.00
2010.10.29 05:24:59.479,1.28507,1.28533,1.50,3.00
2010.10.29 05:25:01.490,1.28507,1.28533,1.50,3.00
2010.10.29 05:25:02.731,1.28516,1.28534,1.50,3.00
2010.10.29 05:25:03.060,1.28506,1.28534,1.50,1.50
2010.10.29 05:25:05.151,1.28506,1.28534,1.50,3.00
2010.10.29 05:25:07.246,1.28506,1.28534,1.50,3.00
2010.10.29 05:25:09.180,1.28517,1.28535,1.50,1.50
2010.10.29 05:25:11.181,1.28517,1.28535,1.50,3.00
2010.10.29 05:25:13.230,1.28517,1.28534,1.50,2.30
2010.10.29 05:25:14.721,1.28506,1.28535,1.50,1.50
2010.10.29 05:25:16.755,1.28507,1.28532,1.50,1.50
2010.10.29 05:25:17.686,1.28496,1.28523,1.50,1.50
2010.10.29 05:25:17.901,1.28506,1.2852,1.50,1.50
2010.10.29 05:25:20.009,1.28506,1.2852,1.50,1.50
2010.10.29 05:25:22.101,1.28496,1.28527,1.50,1.10
2010.10.29 05:25:24.210,1.28497,1.28528,1.50,2.40
2010.10.29 05:25:26.269,1.28496,1.28524,1.50,1.50
2010.10.29 05:25:28.370,1.28496,1.28524,1.50,1.50
2010.10.29 05:25:30.441,1.28496,1.28524,1.50,1.50
2010.10.29 05:25:32.712,1.28496,1.28524,1.50,1.50
2010.10.29 05:25:34.703,1.28496,1.28524,1.50,1.50
2010.10.29 05:25:35.480,1.28497,1.28523,1.50,2.50
2010.10.29 05:25:37.590,1.28497,1.28522,1.50,2.50
2010.10.29 05:25:39.689,1.28497,1.28523,1.50,2.50
2010.10.29 05:25:41.916,1.28492,1.28523,1.90,1.50
2010.10.29 05:25:43.973,1.28497,1.28523,1.50,1.50
2010.10.29 05:25:46.072,1.28497,1.28523,1.50,1.50
2010.10.29 05:25:48.102,1.28497,1.28523,1.50,1.50
2010.10.29 05:25:50.140,1.28497,1.28523,1.50,1.50
2010.10.29 05:25:52.150,1.28497,1.28523,1.50,2.30
2010.10.29 05:25:54.326,1.28497,1.28523,1.50,1.50
2010.10.29 05:25:56.336,1.28497,1.28523,1.50,1.50
2010.10.29 05:25:58.403,1.28507,1.28528,1.50,1.50
2010.10.29 05:26:00.453,1.28504,1.28528,1.70,1.50
2010.10.29 05:26:02.632,1.28507,1.28531,1.50,1.50
2010.10.29 05:26:04.640,1.28507,1.28533,1.50,3.00
2010.10.29 05:26:06.676,1.28507,1.28533,1.50,3.00
2010.10.29 05:26:08.730,1.28507,1.28533,1.50,3.00
2010.10.29 05:26:11.037,1.28507,1.28533,1.50,3.00
2010.10.29 05:26:13.052,1.28507,1.28533,1.50,3.00
2010.10.29 05:26:15.114,1.28507,1.28533,1.50,3.00
2010.10.29 05:26:17.333,1.28507,1.28533,1.50,3.00
2010.10.29 05:26:19.362,1.28507,1.28533,1.50,3.00
2010.10.29 05:26:21.512,1.28507,1.28533,1.50,3.00
2010.10.29 05:26:23.552,1.28507,1.28533,1.50,3.00
2010.10.29 05:26:25.592,1.28507,1.28533,1.50,3.00
2010.10.29 05:26:28.045,1.28507,1.28533,1.50,3.00
2010.10.29 05:26:29.742,1.28506,1.28533,1.50,1.50
2010.10.29 05:26:31.751,1.28506,1.28533,1.50,1.50
2010.10.29 05:26:33.833,1.28506,1.28533,1.50,1.50
2010.10.29 05:26:35.902,1.28506,1.28533,1.50,1.50
2010.10.29 05:26:38.014,1.28506,1.28532,1.50,1.50
2010.10.29 05:26:40.169,1.28506,1.2853,1.50,1.50
2010.10.29 05:26:42.269,1.28506,1.2853,1.50,1.50
2010.10.29 05:26:43.395,1.28506,1.28523,1.50,1.70
2010.10.29 05:26:43.506,1.28497,1.28528,2.30,1.70
2010.10.29 05:26:45.921,1.28498,1.28524,1.50,1.70
2010.10.29 05:26:46.047,1.28505,1.28529,1.70,1.50
2010.10.29 05:26:46.272,1.28508,1.28533,1.50,3.00
2010.10.29 05:26:48.292,1.28506,1.28534,1.70,1.50
2010.10.29 05:26:50.499,1.28506,1.28537,1.70,1.50
2010.10.29 05:26:52.500,1.28507,1.28533,3.00,2.50
2010.10.29 05:26:54.512,1.28507,1.28532,3.00,1.10
2010.10.29 05:26:56.473,1.28504,1.28533,1.50,3.20
2010.10.29 05:26:58.491,1.28507,1.28533,1.50,3.20
2010.10.29 05:27:00.717,1.28507,1.28533,1.50,3.20
2010.10.29 05:27:02.944,1.28507,1.28532,1.50,1.10
2010.10.29 05:27:04.967,1.28507,1.28533,1.70,1.60
2010.10.29 05:27:07.287,1.28507,1.28533,1.50,1.60
2010.10.29 05:27:09.471,1.28507,1.28533,1.50,1.60
2010.10.29 05:27:11.531,1.28506,1.28533,1.50,1.10
2010.10.29 05:27:13.631,1.28506,1.28533,3.00,1.70
2010.10.29 05:27:15.814,1.28506,1.28534,1.70,2.30
2010.10.29 05:27:17.826,1.28508,1.28534,1.70,1.50
2010.10.29 05:27:19.939,1.28508,1.28541,1.50,1.70
2010.10.29 05:27:20.161,1.28508,1.28533,1.50,1.50
2010.10.29 05:27:22.173,1.28508,1.28533,1.50,1.50
2010.10.29 05:27:22.729,1.28508,1.28541,1.50,1.70
2010.10.29 05:27:22.841,1.28508,1.28534,1.50,1.70
2010.10.29 05:27:24.885,1.28509,1.28533,1.50,1.70
2010.10.29 05:27:26.990,1.28509,1.28533,1.50,2.50
2010.10.29 05:27:27.656,1.28509,1.28533,1.70,1.50
2010.10.29 05:27:27.982,1.28511,1.2854,2.50,1.70
2010.10.29 05:27:29.993,1.28517,1.28543,1.50,3.00
2010.10.29 05:27:32.280,1.28517,1.28543,1.50,3.20
2010.10.29 05:27:34.313,1.28517,1.28543,1.50,1.70
2010.10.29 05:27:36.373,1.28517,1.28543,1.50,1.70
2010.10.29 05:27:38.470,1.28517,1.28543,1.50,1.70
2010.10.29 05:27:40.533,1.28517,1.28541,1.50,1.70
2010.10.29 05:27:42.581,1.28517,1.28542,1.50,1.50
2010.10.29 05:27:44.502,1.28519,1.28552,2.50,1.50
2010.10.29 05:27:44.831,1.28517,1.28554,2.30,4.00
2010.10.29 05:27:44.941,1.2852,1.28543,1.50,1.50
2010.10.29 05:27:46.284,1.28519,1.28543,1.70,1.50
2010.10.29 05:27:47.950,1.28521,1.28553,2.50,1.50
2010.10.29 05:27:49.171,1.28527,1.2856,3.00,1.50
2010.10.29 05:27:50.511,1.28521,1.28543,1.50,1.50
2010.10.29 05:27:52.539,1.28517,1.2854,1.50,2.50
2010.10.29 05:27:52.871,1.28517,1.28543,1.50,3.20
2010.10.29 05:27:53.801,1.28525,1.28543,3.20,1.50
2010.10.29 05:27:53.905,1.28533,1.28553,1.50,1.50
2010.10.29 05:27:54.342,1.28533,1.28563,1.70,3.00
2010.10.29 05:27:56.410,1.28547,1.28564,1.50,1.50
2010.10.29 05:27:56.852,1.28537,1.28564,2.30,1.50
2010.10.29 05:27:58.713,1.28536,1.28562,1.50,1.70
2010.10.29 05:28:00.771,1.28532,1.28554,1.50,1.50
2010.10.29 05:28:02.861,1.28536,1.28554,1.50,1.50
2010.10.29 05:28:03.192,1.28528,1.28557,1.70,1.70
2010.10.29 05:28:03.893,1.28532,1.2856,1.70,1.50
2010.10.29 05:28:06.043,1.28537,1.28559,1.50,1.50
2010.10.29 05:28:08.066,1.28537,1.28561,1.50,2.30
2010.10.29 05:28:10.070,1.28527,1.28559,1.50,2.30
2010.10.29 05:28:12.163,1.28526,1.28554,1.50,1.50
2010.10.29 05:28:14.406,1.28526,1.28554,1.50,3.00
2010.10.29 05:28:15.401,1.28526,1.28549,1.50,1.50
2010.10.29 05:28:15.513,1.2852,1.28546,1.50,1.50
2010.10.29 05:28:15.999,1.28515,1.28541,1.50,1.70
2010.10.29 05:28:18.038,1.28516,1.28542,1.50,1.50
2010.10.29 05:28:20.123,1.28516,1.28544,3.00,1.70
2010.10.29 05:28:22.353,1.28516,1.28544,3.00,1.70
2010.10.29 05:28:24.372,1.28519,1.28544,1.50,1.70
2010.10.29 05:28:26.612,1.28519,1.28544,1.50,1.70
2010.10.29 05:28:27.643,1.28516,1.28538,1.50,1.70
2010.10.29 05:28:27.760,1.28516,1.28543,1.50,3.20
2010.10.29 05:28:29.955,1.28519,1.28544,1.50,1.70
2010.10.29 05:28:31.963,1.28516,1.28544,1.50,3.20
2010.10.29 05:28:33.970,1.28517,1.28544,1.50,1.70
2010.10.29 05:28:36.113,1.28517,1.28544,1.50,1.70
2010.10.29 05:28:38.302,1.28517,1.28544,1.50,1.70
2010.10.29 05:28:40.348,1.28516,1.28544,1.50,3.20
2010.10.29 05:28:42.436,1.28518,1.28544,1.50,1.50
2010.10.29 05:28:44.452,1.28516,1.28544,1.50,3.00
2010.10.29 05:28:46.465,1.28516,1.28544,1.50,3.20
2010.10.29 05:28:48.690,1.28516,1.28544,1.50,3.20
2010.10.29 05:28:50.777,1.28516,1.28544,1.50,3.20
2010.10.29 05:28:52.821,1.28516,1.28544,1.50,3.20
2010.10.29 05:28:55.042,1.28516,1.28544,1.50,3.20
2010.10.29 05:28:57.140,1.28516,1.28544,1.50,3.20
2010.10.29 05:28:59.362,1.28516,1.28542,1.50,1.50
2010.10.29 05:29:01.732,1.28516,1.28542,1.50,1.50
2010.10.29 05:29:03.830,1.28516,1.28542,1.50,1.50
2010.10.29 05:29:05.884,1.28516,1.28542,1.50,1.50
2010.10.29 05:29:08.064,1.28516,1.28542,1.50,1.50
2010.10.29 05:29:10.069,1.28516,1.28542,1.50,1.50
2010.10.29 05:29:12.264,1.28516,1.28542,1.50,1.50
2010.10.29 05:29:13.080,1.28509,1.28539,1.50,1.70
2010.10.29 05:29:15.093,1.28508,1.28533,1.50,1.70
2010.10.29 05:29:17.165,1.28508,1.28533,1.50,1.70
2010.10.29 05:29:19.233,1.28507,1.28533,1.70,1.70
2010.10.29 05:29:21.294,1.28508,1.28533,1.50,1.70
2010.10.29 05:29:21.510,1.28508,1.28533,2.50,1.50
2010.10.29 05:29:23.541,1.28507,1.28533,4.00,1.50
2010.10.29 05:29:25.550,1.28507,1.28533,4.00,1.50
2010.10.29 05:29:27.569,1.28507,1.28533,4.00,1.50
2010.10.29 05:29:29.652,1.28507,1.28533,4.00,1.50
2010.10.29 05:29:31.700,1.28507,1.28534,2.50,1.50
2010.10.29 05:29:33.789,1.28507,1.28534,2.50,1.50
2010.10.29 05:29:35.883,1.28507,1.28534,2.50,1.50
2010.10.29 05:29:37.960,1.28507,1.28534,2.50,3.00
2010.10.29 05:29:40.071,1.28507,1.28534,2.50,3.00
2010.10.29 05:29:42.244,1.28507,1.28534,2.50,1.50
2010.10.29 05:29:44.534,1.28506,1.28534,2.50,3.00
2010.10.29 05:29:46.533,1.28506,1.28534,4.00,1.50
2010.10.29 05:29:48.635,1.28506,1.28534,4.00,1.50
2010.10.29 05:29:49.643,1.28506,1.28528,1.50,1.50
2010.10.29 05:29:49.971,1.28503,1.28528,1.70,1.50
2010.10.29 05:29:52.061,1.28507,1.28533,2.50,3.20
2010.10.29 05:29:54.323,1.285,1.28531,1.70,2.30
2010.10.29 05:29:56.141,1.28497,1.2853,4.00,1.50
2010.10.29 05:29:56.847,1.28497,1.28524,1.50,1.70
2010.10.29 05:29:58.911,1.28497,1.28524,1.50,1.50
2010.10.29 05:30:00.967,1.28497,1.28524,1.50,1.50
2010.10.29 05:30:02.995,1.28497,1.28524,1.50,1.50
2010.10.29 05:30:05.648,1.28497,1.28524,1.50,1.50
2010.10.29 05:30:08.115,1.28497,1.28524,1.50,1.50
2010.10.29 05:30:10.149,1.28497,1.28526,1.50,1.50
2010.10.29 05:30:12.181,1.28497,1.28523,3.00,1.50
2010.10.29 05:30:13.984,1.28513,1.2853,1.70,1.50
2010.10.29 05:30:14.203,1.28515,1.28543,1.70,1.50
2010.10.29 05:30:16.254,1.28517,1.28544,1.50,2.50
2010.10.29 05:30:18.272,1.28516,1.28544,1.50,4.00
2010.10.29 05:30:20.282,1.28516,1.28544,1.50,4.00
2010.10.29 05:30:21.072,1.28516,1.28536,1.50,1.50
2010.10.29 05:30:21.180,1.28508,1.28536,1.50,1.70
2010.10.29 05:30:23.352,1.28508,1.28534,1.50,2.50
2010.10.29 05:30:25.637,1.2851,1.28533,1.70,1.50
2010.10.29 05:30:27.680,1.2851,1.28533,1.70,1.50
2010.10.29 05:30:29.813,1.2851,1.28533,1.70,1.50
2010.10.29 05:30:32.442,1.2851,1.28533,1.70,1.50
2010.10.29 05:30:33.431,1.2851,1.28543,1.70,3.80
2010.10.29 05:30:33.651,1.2851,1.28534,1.70,1.50
2010.10.29 05:30:35.742,1.2851,1.28534,1.50,1.50
2010.10.29 05:30:38.367,1.2851,1.28534,1.50,1.50
2010.10.29 05:30:39.260,1.2851,1.28543,1.50,4.00
2010.10.29 05:30:39.374,1.2851,1.28538,1.50,2.50
2010.10.29 05:30:41.459,1.28507,1.28534,1.50,2.50
2010.10.29 05:30:43.508,1.28509,1.28534,1.50,3.20
2010.10.29 05:30:45.560,1.28509,1.28534,1.50,4.00
2010.10.29 05:30:48.126,1.28509,1.28534,1.50,4.00
2010.10.29 05:30:49.792,1.28509,1.28534,1.50,4.00
2010.10.29 05:30:51.892,1.28507,1.28533,4.70,1.50
2010.10.29 05:30:54.294,1.28507,1.28533,4.00,1.50
2010.10.29 05:30:54.670,1.28507,1.28541,4.00,1.50
2010.10.29 05:30:54.941,1.28507,1.28533,4.00,1.50
2010.10.29 05:30:57.027,1.28507,1.28533,4.00,1.50
2010.10.29 05:30:59.114,1.28507,1.28533,4.00,1.50
2010.10.29 05:31:01.180,1.28507,1.28533,4.00,1.50
2010.10.29 05:31:03.384,1.28507,1.28533,3.00,1.50
2010.10.29 05:31:05.700,1.28507,1.28533,3.00,1.50
2010.10.29 05:31:07.845,1.28507,1.28533,3.00,1.50
2010.10.29 05:31:10.014,1.28507,1.28533,3.00,1.50
2010.10.29 05:31:12.267,1.28507,1.28533,3.00,1.50
2010.10.29 05:31:14.274,1.28507,1.28534,1.50,1.50
2010.10.29 05:31:16.373,1.28506,1.28534,1.70,1.50
2010.10.29 05:31:18.462,1.28506,1.28534,1.70,1.50
2010.10.29 05:31:20.538,1.28506,1.28534,3.20,1.50
2010.10.29 05:31:22.591,1.28506,1.28534,1.70,1.50
2010.10.29 05:31:24.704,1.28506,1.28534,1.70,1.50
2010.10.29 05:31:26.867,1.28506,1.28534,1.70,1.50
2010.10.29 05:31:28.963,1.28506,1.28534,1.70,1.50
2010.10.29 05:31:31.138,1.28506,1.28534,1.70,1.50
2010.10.29 05:31:33.148,1.28506,1.28534,1.70,1.50
2010.10.29 05:31:35.201,1.28506,1.28534,1.70,1.50
2010.10.29 05:31:37.357,1.28506,1.28534,1.70,1.50
2010.10.29 05:31:39.487,1.28506,1.28534,1.70,1.50
2010.10.29 05:31:41.541,1.28506,1.28534,4.70,1.50
2010.10.29 05:31:43.577,1.28506,1.28534,4.70,1.50
2010.10.29 05:31:44.171,1.28519,1.28534,1.70,1.50
2010.10.29 05:31:44.281,1.28519,1.28543,1.70,1.50
2010.10.29 05:31:46.417,1.28519,1.28544,1.70,1.50
2010.10.29 05:31:48.463,1.28519,1.28544,1.70,1.50
2010.10.29 05:31:50.603,1.28519,1.28544,1.70,1.50
2010.10.29 05:31:52.916,1.28527,1.28546,1.50,1.50
2010.10.29 05:31:54.931,1.28518,1.28543,1.70,1.50
2010.10.29 05:31:57.163,1.28518,1.28543,1.70,1.50
2010.10.29 05:31:59.210,1.28519,1.28543,1.70,1.50
2010.10.29 05:32:01.430,1.28519,1.28543,1.70,1.50
2010.10.29 05:32:03.559,1.28519,1.28543,1.70,1.50
2010.10.29 05:32:05.613,1.28519,1.28543,1.70,1.50
2010.10.29 05:32:07.636,1.28519,1.28543,1.70,1.50
2010.10.29 05:32:09.995,1.28519,1.28543,1.70,1.50
2010.10.29 05:32:12.030,1.28519,1.28543,1.70,1.50
2010.10.29 05:32:14.052,1.28519,1.28543,1.70,1.50
2010.10.29 05:32:16.373,1.28519,1.28544,1.70,1.50
2010.10.29 05:32:18.373,1.28519,1.28544,1.70,1.50
2010.10.29 05:32:20.402,1.28519,1.28544,1.70,1.50
2010.10.29 05:32:22.433,1.28519,1.28544,1.70,1.50
2010.10.29 05:32:24.491,1.28519,1.28544,1.70,1.50
2010.10.29 05:32:26.613,1.28519,1.28544,1.70,1.50
2010.10.29 05:32:28.661,1.28519,1.28544,1.70,1.50
2010.10.29 05:32:30.876,1.28519,1.28544,1.70,1.50
2010.10.29 05:32:32.905,1.28519,1.28544,1.70,1.50
2010.10.29 05:32:34.933,1.28519,1.28544,1.70,1.50
2010.10.29 05:32:36.963,1.28519,1.28544,1.70,1.50
2010.10.29 05:32:39.100,1.28519,1.28544,1.70,1.50
2010.10.29 05:32:41.223,1.28519,1.28544,1.70,1.50
2010.10.29 05:32:43.432,1.28519,1.28544,1.70,1.50
2010.10.29 05:32:45.709,1.28519,1.28543,1.70,1.50
2010.10.29 05:32:47.752,1.28519,1.28543,1.70,1.50
2010.10.29 05:32:49.810,1.28519,1.28543,1.70,1.50
2010.10.29 05:32:51.840,1.28519,1.28543,1.70,1.50
2010.10.29 05:32:53.911,1.28519,1.28543,1.70,1.50
2010.10.29 05:32:56.163,1.28519,1.28543,1.70,1.50
2010.10.29 05:32:58.303,1.28519,1.28543,1.70,1.50
2010.10.29 05:33:00.587,1.28518,1.28543,2.50,1.50
2010.10.29 05:33:01.034,1.28529,1.28552,1.70,1.50
2010.10.29 05:33:01.581,1.28536,1.2856,1.70,1.50
2010.10.29 05:33:03.691,1.28536,1.2856,1.70,1.50
2010.10.29 05:33:05.704,1.28536,1.2856,1.70,1.50
2010.10.29 05:33:07.870,1.28536,1.2856,1.70,1.50
2010.10.29 05:33:09.930,1.28536,1.2856,1.70,1.50
2010.10.29 05:33:11.990,1.28537,1.2856,1.70,1.50
2010.10.29 05:33:14.158,1.28537,1.2856,1.70,1.50
2010.10.29 05:33:16.152,1.28537,1.2856,2.50,1.50
2010.10.29 05:33:18.618,1.28537,1.2856,2.50,1.50
2010.10.29 05:33:20.925,1.28537,1.2856,2.50,1.50
2010.10.29 05:33:23.260,1.28537,1.2856,2.50,1.50
2010.10.29 05:33:25.311,1.28537,1.2856,2.50,1.50
2010.10.29 05:33:27.411,1.28537,1.28563,2.50,3.00
2010.10.29 05:33:29.629,1.28538,1.28563,1.70,1.50
2010.10.29 05:33:31.735,1.28538,1.28564,1.70,1.50
2010.10.29 05:33:33.890,1.28537,1.28564,1.70,1.50
2010.10.29 05:33:36.384,1.28537,1.28564,1.70,1.50
2010.10.29 05:33:38.048,1.28536,1.28564,2.50,1.50
2010.10.29 05:33:40.098,1.28536,1.28564,2.50,1.50
2010.10.29 05:33:42.424,1.28536,1.28564,2.50,1.50
2010.10.29 05:33:44.592,1.28546,1.28568,2.50,1.50
2010.10.29 05:33:45.152,1.28536,1.28568,3.20,1.50
2010.10.29 05:33:45.261,1.28536,1.28562,3.20,1.50
2010.10.29 05:33:47.302,1.28538,1.28564,1.10,3.00
2010.10.29 05:33:49.322,1.28538,1.28564,1.10,3.00
2010.10.29 05:33:50.892,1.28541,1.28566,2.50,1.50
2010.10.29 05:33:51.332,1.28547,1.28573,2.50,3.80
2010.10.29 05:33:51.551,1.28547,1.28565,2.50,1.50
2010.10.29 05:33:51.882,1.28547,1.28565,2.50,1.50
2010.10.29 05:33:52.422,1.28547,1.28573,2.50,3.00
2010.10.29 05:33:53.052,1.28553,1.28578,1.70,1.50
2010.10.29 05:33:55.063,1.28556,1.28576,2.50,1.50
2010.10.29 05:33:57.104,1.28556,1.28576,2.50,1.50
2010.10.29 05:33:59.232,1.28556,1.28576,1.70,1.50
2010.10.29 05:34:00.793,1.28547,1.28576,1.70,1.50
2010.10.29 05:34:00.902,1.28547,1.28574,2.50,1.50
2010.10.29 05:34:01.232,1.28557,1.2858,2.50,1.50
2010.10.29 05:34:03.302,1.28556,1.28584,1.70,1.50
2010.10.29 05:34:03.413,1.28559,1.28584,1.70,1.50
2010.10.29 05:34:03.523,1.28559,1.2859,1.70,1.50
2010.10.29 05:34:05.115,1.28568,1.28594,2.40,3.00
2010.10.29 05:34:05.442,1.28564,1.28594,1.70,1.50
2010.10.29 05:34:05.554,1.28566,1.28594,2.50,1.50
2010.10.29 05:34:06.576,1.28566,1.28588,1.70,1.50
2010.10.29 05:34:08.945,1.28566,1.28591,1.50,1.50
2010.10.29 05:34:09.702,1.28566,1.28591,2.50,1.50
2010.10.29 05:34:10.814,1.28569,1.28601,2.40,1.50
2010.10.29 05:34:12.942,1.28577,1.28598,1.70,1.50
2010.10.29 05:34:15.011,1.28577,1.28598,1.70,1.50
2010.10.29 05:34:17.113,1.28577,1.28598,1.70,1.50
2010.10.29 05:34:19.143,1.28577,1.28598,1.70,1.50
2010.10.29 05:34:21.162,1.28577,1.28595,1.70,1.50
2010.10.29 05:34:23.252,1.28577,1.28595,1.70,1.50
2010.10.29 05:34:23.581,1.28566,1.28588,1.70,1.50
2010.10.29 05:34:25.611,1.28567,1.2859,2.50,1.50
2010.10.29 05:34:27.642,1.28567,1.28591,2.50,1.50
2010.10.29 05:34:30.222,1.28567,1.28591,2.50,1.50
2010.10.29 05:34:30.346,1.28567,1.28591,2.50,1.50
2010.10.29 05:34:32.417,1.28567,1.28593,2.50,1.50
2010.10.29 05:34:34.421,1.28566,1.28594,2.50,1.50
2010.10.29 05:34:35.004,1.2857,1.28602,2.50,1.60
2010.10.29 05:34:37.321,1.28576,1.28599,2.50,1.50
2010.10.29 05:34:39.412,1.28576,1.28599,2.50,1.50
2010.10.29 05:34:41.433,1.28576,1.28599,2.50,1.50
2010.10.29 05:34:43.460,1.28576,1.28599,2.50,1.50
2010.10.29 05:34:45.521,1.28576,1.28599,2.50,1.50
2010.10.29 05:34:47.564,1.28576,1.28599,2.50,1.50
2010.10.29 05:34:49.633,1.28576,1.28599,1.70,1.50
2010.10.29 05:34:51.834,1.28577,1.28599,1.70,1.50
2010.10.29 05:34:52.962,1.28577,1.28597,1.70,1.50
2010.10.29 05:34:53.074,1.28567,1.28597,1.70,1.50
2010.10.29 05:34:53.291,1.28568,1.28594,1.70,1.50
2010.10.29 05:34:55.318,1.28577,1.28596,1.50,1.50
2010.10.29 05:34:56.273,1.28577,1.28596,2.50,1.50
2010.10.29 05:34:58.302,1.28576,1.28599,2.50,1.50
2010.10.29 05:35:00.372,1.28576,1.286,2.50,1.50
2010.10.29 05:35:02.514,1.28576,1.28602,2.50,1.50
2010.10.29 05:35:04.231,1.28576,1.28604,2.50,1.50
2010.10.29 05:35:04.452,1.28583,1.28602,1.70,1.50
2010.10.29 05:35:06.481,1.28576,1.28604,3.20,1.50
2010.10.29 05:35:08.491,1.28576,1.28602,3.20,1.50
2010.10.29 05:35:10.610,1.28576,1.28602,3.20,1.50
2010.10.29 05:35:12.661,1.28576,1.28602,3.20,1.50
2010.10.29 05:35:15.166,1.28576,1.28602,3.20,1.50
2010.10.29 05:35:17.559,1.28577,1.28602,2.50,1.50
2010.10.29 05:35:19.611,1.28577,1.286,2.50,1.50
2010.10.29 05:35:21.693,1.28577,1.28599,2.50,1.50
2010.10.29 05:35:23.772,1.28577,1.28603,2.50,1.50
2010.10.29 05:35:24.802,1.28587,1.28604,2.50,1.50
2010.10.29 05:35:26.851,1.28596,1.28612,1.70,1.50
2010.10.29 05:35:28.912,1.28596,1.28612,1.70,1.50
2010.10.29 05:35:31.073,1.28596,1.28612,1.70,1.50
2010.10.29 05:35:33.153,1.28596,1.28614,2.50,1.50
2010.10.29 05:35:35.180,1.28596,1.28614,1.70,1.50
2010.10.29 05:35:37.217,1.28596,1.28612,1.70,1.50
2010.10.29 05:35:39.303,1.28596,1.28612,1.70,1.50
2010.10.29 05:35:41.392,1.28596,1.28612,1.70,1.50
2010.10.29 05:35:43.500,1.28597,1.28612,1.70,1.50
2010.10.29 05:35:45.593,1.28597,1.28612,1.70,1.50
2010.10.29 05:35:47.694,1.28597,1.28612,1.70,1.50
2010.10.29 05:35:49.874,1.28597,1.28612,1.70,1.50
2010.10.29 05:35:51.902,1.28597,1.28613,1.70,1.50
2010.10.29 05:35:53.930,1.28597,1.28613,1.70,1.50
2010.10.29 05:35:55.982,1.28597,1.28613,1.70,1.50
2010.10.29 05:35:57.992,1.28597,1.28611,1.70,1.50
2010.10.29 05:36:00.123,1.28596,1.28611,1.70,1.50
2010.10.29 05:36:02.459,1.28596,1.28611,1.70,1.50
2010.10.29 05:36:04.484,1.28596,1.28611,1.70,1.50
2010.10.29 05:36:06.614,1.28596,1.28611,1.70,1.50
2010.10.29 05:36:08.733,1.28596,1.28611,1.70,1.50
2010.10.29 05:36:10.822,1.28596,1.28611,1.70,1.50
2010.10.29 05:36:12.905,1.28596,1.28611,1.70,1.50
2010.10.29 05:36:15.163,1.28596,1.28611,1.70,1.50
2010.10.29 05:36:17.297,1.28596,1.28611,1.70,1.50
2010.10.29 05:36:19.315,1.28596,1.28611,1.70,1.50
2010.10.29 05:36:21.424,1.28596,1.28611,1.70,1.50
2010.10.29 05:36:22.824,1.28577,1.28603,1.90,1.50
2010.10.29 05:36:24.386,1.2858,1.28606,1.70,1.50
2010.10.29 05:36:26.407,1.28587,1.28613,2.50,1.50
2010.10.29 05:36:28.421,1.28593,1.28613,1.70,1.50
2010.10.29 05:36:29.301,1.28587,1.28613,2.60,1.50
2010.10.29 05:36:30.516,1.28593,1.28613,1.70,1.50
2010.10.29 05:36:31.444,1.28593,1.28622,2.50,3.00
2010.10.29 05:36:31.663,1.28598,1.28622,1.70,1.50
2010.10.29 05:36:31.774,1.28596,1.28622,1.70,1.50
2010.10.29 05:36:32.104,1.28601,1.28624,1.70,1.50
2010.10.29 05:36:32.924,1.28597,1.28623,1.70,1.50
2010.10.29 05:36:34.962,1.28596,1.28624,1.70,1.50
2010.10.29 05:36:36.972,1.28596,1.28624,1.70,1.50
2010.10.29 05:36:39.105,1.28596,1.28624,1.70,1.50
2010.10.29 05:36:41.125,1.28596,1.28624,1.70,1.50
2010.10.29 05:36:43.531,1.28596,1.28624,1.70,1.50
2010.10.29 05:36:45.521,1.28597,1.28624,1.70,1.50
2010.10.29 05:36:47.572,1.28597,1.28624,1.80,1.50
2010.10.29 05:36:49.620,1.28597,1.28624,1.80,1.50
2010.10.29 05:36:51.656,1.28597,1.28624,1.70,1.50
2010.10.29 05:36:53.631,1.28596,1.28624,2.50,1.50
2010.10.29 05:36:55.712,1.28597,1.28624,1.70,1.50
2010.10.29 05:36:57.883,1.28596,1.28624,1.70,1.50
2010.10.29 05:36:59.882,1.28596,1.28624,2.50,1.50
2010.10.29 05:37:01.896,1.28596,1.28624,3.20,1.50
2010.10.29 05:37:02.335,1.28603,1.28633,1.70,1.50
2010.10.29 05:37:04.038,1.28597,1.28624,2.50,1.50
2010.10.29 05:37:06.045,1.28596,1.28624,3.20,1.50
2010.10.29 05:37:08.252,1.28596,1.28624,3.20,1.50
2010.10.29 05:37:09.112,1.28599,1.28624,1.70,1.50
2010.10.29 05:37:09.991,1.28606,1.28634,1.70,1.50
2010.10.29 05:37:12.022,1.28606,1.28634,1.70,1.50
2010.10.29 05:37:14.175,1.28606,1.28634,1.70,1.50
2010.10.29 05:37:15.213,1.28606,1.28634,2.50,3.00
2010.10.29 05:37:16.352,1.28606,1.28634,1.70,3.80
2010.10.29 05:37:18.402,1.28607,1.28632,1.50,2.30
2010.10.29 05:37:20.523,1.28607,1.28631,1.50,1.50
2010.10.29 05:37:22.542,1.28607,1.28633,1.50,3.80
2010.10.29 05:37:24.673,1.28607,1.28633,1.50,3.80
2010.10.29 05:37:26.685,1.28607,1.28633,1.50,3.80
2010.10.29 05:37:28.904,1.28607,1.28633,1.50,3.80
2010.10.29 05:37:29.741,1.28597,1.28623,2.50,1.50
2010.10.29 05:37:31.822,1.28597,1.28623,1.50,2.30
2010.10.29 05:37:32.152,1.28596,1.28622,3.20,1.50
2010.10.29 05:37:32.637,1.28596,1.2863,3.20,1.50
2010.10.29 05:37:32.753,1.28596,1.28624,3.20,1.50
2010.10.29 05:37:35.099,1.286,1.28624,1.70,1.50
2010.10.29 05:37:37.406,1.28597,1.28623,2.50,1.50
2010.10.29 05:37:39.645,1.28597,1.28623,2.50,1.50
2010.10.29 05:37:41.794,1.28599,1.28623,1.70,1.50
2010.10.29 05:37:42.562,1.28606,1.28634,1.70,1.70
2010.10.29 05:37:44.671,1.28606,1.28634,1.70,1.70
2010.10.29 05:37:46.293,1.28597,1.28623,2.50,1.50
2010.10.29 05:37:48.352,1.28598,1.28623,1.70,1.50
2010.10.29 05:37:50.453,1.28598,1.28623,1.70,1.50
2010.10.29 05:37:51.112,1.28606,1.28629,1.70,1.50
2010.10.29 05:37:52.946,1.28596,1.28624,2.50,1.50
2010.10.29 05:37:53.973,1.28618,1.28642,1.50,2.20
2010.10.29 05:37:54.469,1.28629,1.28643,1.70,1.50
2010.10.29 05:37:54.584,1.28626,1.28657,2.50,1.70
2010.10.29 05:37:55.929,1.28626,1.28653,1.70,1.50
2010.10.29 05:37:56.522,1.28627,1.2866,1.70,1.50
2010.10.29 05:37:56.743,1.28636,1.2866,2.50,1.50
2010.10.29 05:37:58.464,1.28626,1.28653,1.70,1.50
2010.10.29 05:38:00.525,1.28618,1.28644,2.50,1.50
2010.10.29 05:38:02.592,1.28617,1.28643,1.70,3.80
2010.10.29 05:38:04.608,1.28617,1.28643,1.70,2.30
2010.10.29 05:38:06.683,1.28617,1.28643,1.70,1.50
2010.10.29 05:38:08.712,1.28617,1.28643,1.70,1.50
2010.10.29 05:38:11.019,1.28617,1.28643,1.70,1.50
2010.10.29 05:38:13.062,1.28617,1.28643,1.70,1.50
2010.10.29 05:38:15.334,1.28617,1.28643,1.70,1.50
2010.10.29 05:38:17.509,1.28617,1.28643,1.70,1.60
2010.10.29 05:38:19.539,1.28617,1.28643,3.20,1.50
2010.10.29 05:38:21.544,1.28617,1.28644,1.70,1.50
2010.10.29 05:38:23.582,1.28617,1.28644,1.70,1.50
2010.10.29 05:38:25.632,1.28617,1.28644,1.70,1.50
2010.10.29 05:38:27.679,1.28617,1.28644,1.70,1.50
2010.10.29 05:38:29.698,1.28617,1.28644,1.70,1.50
2010.10.29 05:38:31.744,1.28616,1.28644,1.70,2.30
2010.10.29 05:38:33.794,1.28616,1.28644,1.70,2.30
2010.10.29 05:38:35.901,1.28616,1.28644,2.50,2.30
2010.10.29 05:38:37.912,1.28615,1.28644,2.30,2.50
2010.10.29 05:38:39.992,1.28617,1.28643,1.50,2.30
2010.10.29 05:38:42.015,1.28617,1.28643,1.50,2.30
2010.10.29 05:38:44.051,1.28617,1.28643,1.50,2.30
2010.10.29 05:38:46.070,1.28617,1.28641,1.50,1.50
2010.10.29 05:38:48.092,1.28617,1.28642,1.50,2.40
2010.10.29 05:38:50.116,1.28617,1.28642,1.50,2.30
2010.10.29 05:38:52.125,1.28617,1.28643,1.50,4.00
2010.10.29 05:38:54.197,1.28617,1.28643,1.50,4.00
2010.10.29 05:38:56.579,1.28617,1.28643,1.50,2.50
2010.10.29 05:38:59.015,1.28616,1.28644,1.70,3.00
2010.10.29 05:39:01.039,1.28617,1.28644,2.50,1.50
2010.10.29 05:39:03.084,1.28617,1.28644,2.50,1.50
2010.10.29 05:39:05.161,1.28617,1.28643,2.50,1.50
2010.10.29 05:39:07.344,1.28617,1.28643,2.50,1.50
2010.10.29 05:39:09.730,1.28617,1.28643,2.50,1.50
2010.10.29 05:39:11.733,1.28617,1.28643,2.50,1.50
2010.10.29 05:39:13.864,1.28617,1.28643,2.50,1.50
2010.10.29 05:39:15.905,1.28617,1.28643,2.50,1.50
2010.10.29 05:39:18.001,1.28617,1.28643,2.50,1.50
2010.10.29 05:39:19.992,1.28619,1.28644,1.70,1.50
2010.10.29 05:39:20.102,1.28619,1.2865,1.70,1.50
2010.10.29 05:39:20.541,1.2862,1.28643,1.70,1.50
2010.10.29 05:39:21.822,1.28617,1.28643,1.70,1.50
2010.10.29 05:39:24.293,1.28619,1.28643,1.70,1.50
2010.10.29 05:39:24.405,1.28619,1.28653,1.70,1.50
2010.10.29 05:39:24.731,1.28619,1.28644,1.70,1.50
2010.10.29 05:39:26.775,1.28621,1.28644,1.70,1.50
2010.10.29 05:39:29.004,1.28619,1.28644,1.70,1.50
2010.10.29 05:39:31.074,1.28619,1.28644,1.70,1.50
2010.10.29 05:39:33.204,1.28619,1.28644,1.70,1.50
2010.10.29 05:39:35.213,1.28619,1.28644,1.70,1.50
2010.10.29 05:39:35.771,1.28627,1.28653,1.50,3.20
2010.10.29 05:39:37.841,1.28627,1.28653,1.50,3.10
2010.10.29 05:39:39.853,1.28627,1.28653,1.50,3.10
2010.10.29 05:39:41.893,1.28627,1.28653,1.50,3.10
2010.10.29 05:39:43.932,1.28627,1.28653,1.50,3.10
2010.10.29 05:39:46.224,1.28627,1.28653,1.50,3.10
2010.10.29 05:39:48.255,1.28627,1.28653,1.50,3.00
2010.10.29 05:39:50.287,1.28627,1.28653,1.70,3.00
2010.10.29 05:39:52.314,1.28627,1.28653,2.50,3.00
2010.10.29 05:39:54.710,1.28637,1.28654,1.50,1.50
2010.10.29 05:39:55.375,1.28643,1.28667,1.70,1.60
2010.10.29 05:39:57.433,1.28646,1.28665,1.50,1.50
2010.10.29 05:39:58.100,1.28636,1.28653,1.50,1.50
2010.10.29 05:39:58.326,1.28627,1.28655,1.50,1.50
2010.10.29 05:40:00.500,1.28626,1.28646,1.50,1.50
2010.10.29 05:40:02.532,1.28626,1.28646,1.50,1.70
2010.10.29 05:40:04.536,1.28626,1.28646,1.50,1.50
2010.10.29 05:40:05.083,1.28617,1.28646,1.50,1.70
2010.10.29 05:40:05.522,1.28626,1.28646,1.50,1.70
2010.10.29 05:40:07.357,1.28626,1.28649,1.50,2.40
2010.10.29 05:40:07.685,1.2862,1.28649,1.50,1.50
2010.10.29 05:40:08.385,1.28627,1.28649,1.50,1.50
2010.10.29 05:40:10.683,1.28627,1.28649,1.50,1.50
2010.10.29 05:40:12.773,1.28627,1.28649,1.50,1.50
2010.10.29 05:40:14.817,1.28627,1.28651,1.50,1.50
2010.10.29 05:40:17.171,1.28627,1.28652,1.70,1.70
2010.10.29 05:40:19.417,1.28627,1.2865,1.50,1.50
2010.10.29 05:40:21.524,1.28627,1.2865,1.50,1.50
2010.10.29 05:40:22.033,1.28629,1.28651,1.70,1.50
2010.10.29 05:40:24.404,1.28637,1.28651,1.50,2.50
2010.10.29 05:40:24.623,1.28626,1.28649,1.70,1.50
2010.10.29 05:40:26.716,1.28626,1.28649,1.50,1.50
2010.10.29 05:40:28.762,1.28627,1.2865,1.70,1.50
2010.10.29 05:40:28.872,1.28637,1.2865,1.50,1.50
2010.10.29 05:40:29.863,1.28626,1.2865,1.50,1.50
2010.10.29 05:40:31.980,1.28626,1.28648,1.50,1.50
2010.10.29 05:40:34.022,1.28626,1.28648,1.50,1.50
2010.10.29 05:40:36.118,1.28626,1.28648,1.50,1.50
2010.10.29 05:40:38.124,1.28626,1.28647,1.50,1.60
2010.10.29 05:40:40.304,1.28626,1.28647,1.50,1.60
2010.10.29 05:40:42.391,1.28626,1.28647,1.50,1.50
2010.10.29 05:40:44.414,1.28626,1.28647,1.50,1.50
2010.10.29 05:40:46.435,1.28626,1.28647,1.50,1.50
2010.10.29 05:40:48.535,1.28626,1.28647,1.50,1.50
2010.10.29 05:40:50.572,1.28626,1.28647,1.50,1.50
2010.10.29 05:40:52.601,1.28626,1.28647,1.50,1.50
2010.10.29 05:40:54.693,1.28627,1.28644,1.50,1.50
2010.10.29 05:40:56.712,1.28627,1.28642,1.50,1.50
2010.10.29 05:40:58.763,1.28627,1.2865,1.50,1.50
2010.10.29 05:40:58.982,1.28616,1.28654,4.50,4.00
2010.10.29 05:40:59.092,1.28618,1.28645,1.70,1.50
2010.10.29 05:41:01.025,1.28627,1.28653,1.50,3.30
2010.10.29 05:41:01.463,1.28627,1.28645,3.20,1.50
2010.10.29 05:41:01.573,1.28627,1.28656,1.50,1.70
2010.10.29 05:41:03.592,1.28627,1.28653,1.50,1.70
2010.10.29 05:41:04.524,1.28616,1.28646,2.30,1.10
2010.10.29 05:41:06.531,1.28617,1.28643,1.50,3.20
2010.10.29 05:41:07.277,1.28617,1.28643,1.50,4.00
2010.10.29 05:41:09.303,1.28617,1.28641,1.50,1.70
2010.10.29 05:41:11.322,1.28617,1.28643,1.50,1.50
2010.10.29 05:41:13.457,1.28617,1.28643,2.30,3.20
2010.10.29 05:41:15.552,1.28617,1.28643,1.50,1.70
2010.10.29 05:41:17.562,1.28617,1.28642,1.50,2.60
2010.10.29 05:41:19.635,1.28617,1.2864,1.50,1.80
2010.10.29 05:41:21.723,1.28617,1.28639,1.50,1.50
2010.10.29 05:41:23.786,1.28617,1.28641,1.50,1.70
2010.10.29 05:41:25.876,1.28617,1.28641,1.50,1.70
2010.10.29 05:41:27.943,1.28613,1.28644,1.70,1.70
2010.10.29 05:41:30.157,1.28616,1.28644,2.30,1.70
2010.10.29 05:41:32.192,1.2862,1.28644,1.50,1.50
2010.10.29 05:41:34.289,1.28617,1.28644,1.50,1.50
2010.10.29 05:41:36.646,1.28616,1.28644,3.80,1.50
2010.10.29 05:41:38.745,1.28617,1.28643,1.50,1.50
2010.10.29 05:41:40.854,1.28617,1.28643,1.50,1.50
2010.10.29 05:41:43.137,1.28617,1.28643,1.50,1.50
2010.10.29 05:41:45.192,1.28616,1.28644,2.30,1.50
2010.10.29 05:41:46.184,1.28626,1.2865,1.50,1.50
2010.10.29 05:41:48.232,1.28626,1.28651,1.50,1.50
2010.10.29 05:41:49.983,1.28616,1.28643,2.50,1.50
2010.10.29 05:41:52.066,1.28616,1.28643,2.50,1.50
2010.10.29 05:41:54.105,1.28616,1.28643,2.50,1.50
2010.10.29 05:41:56.348,1.28616,1.28643,2.50,1.50
2010.10.29 05:41:58.442,1.28616,1.28643,2.50,1.50
2010.10.29 05:42:00.544,1.28616,1.28643,2.50,1.50
2010.10.29 05:42:02.708,1.28616,1.28643,2.50,1.50
2010.10.29 05:42:05.194,1.28616,1.28639,2.50,1.50
2010.10.29 05:42:07.186,1.28616,1.28639,2.50,1.50
2010.10.29 05:42:09.192,1.28617,1.28638,1.70,1.50
2010.10.29 05:42:11.202,1.28617,1.2864,2.50,1.50
2010.10.29 05:42:13.209,1.28617,1.2864,2.50,1.50
2010.10.29 05:42:15.373,1.28617,1.2864,2.50,1.50
2010.10.29 05:42:17.420,1.28616,1.28639,1.50,1.60
2010.10.29 05:42:19.635,1.28616,1.28639,1.50,1.60
2010.10.29 05:42:21.794,1.28616,1.28638,1.50,1.60
2010.10.29 05:42:23.803,1.28616,1.28638,1.50,1.70
2010.10.29 05:42:24.210,1.28606,1.28638,2.50,1.70
2010.10.29 05:42:24.330,1.28606,1.28631,1.50,1.50
2010.10.29 05:42:24.994,1.28596,1.28625,1.70,2.30
2010.10.29 05:42:25.489,1.28588,1.28623,2.30,2.50
2010.10.29 05:42:25.932,1.28597,1.28622,1.50,2.50
2010.10.29 05:42:27.040,1.28587,1.28613,1.50,1.50
2010.10.29 05:42:29.143,1.28587,1.28613,1.50,1.50
2010.10.29 05:42:31.183,1.28587,1.28613,1.50,1.50
2010.10.29 05:42:33.334,1.28587,1.28613,1.50,1.50
2010.10.29 05:42:35.747,1.28587,1.28613,1.50,1.50
2010.10.29 05:42:37.925,1.28587,1.28613,1.50,1.50
2010.10.29 05:42:39.982,1.28587,1.28613,1.50,1.50
2010.10.29 05:42:42.120,1.28587,1.28613,1.50,1.50
2010.10.29 05:42:44.202,1.28587,1.28613,1.50,1.50
2010.10.29 05:42:45.694,1.28586,1.28604,1.50,1.50
2010.10.29 05:42:47.013,1.28588,1.28613,1.50,1.50
2010.10.29 05:42:49.052,1.28588,1.28613,1.70,1.50
2010.10.29 05:42:51.146,1.28588,1.28613,1.50,1.50
2010.10.29 05:42:51.483,1.28588,1.28623,2.30,1.90
2010.10.29 05:42:53.700,1.28597,1.28623,1.50,3.10
2010.10.29 05:42:55.616,1.28607,1.28625,1.50,3.20
2010.10.29 05:42:56.162,1.28596,1.28624,1.50,1.50
2010.10.29 05:42:58.213,1.28598,1.28629,2.40,3.00
2010.10.29 05:42:59.201,1.28607,1.28631,1.50,1.50
2010.10.29 05:43:01.182,1.2861,1.28631,1.50,1.50
2010.10.29 05:43:01.403,1.28611,1.28642,1.50,1.90
2010.10.29 05:43:01.622,1.28617,1.2864,1.50,1.50
2010.10.29 05:43:03.421,1.28606,1.28639,2.30,1.60
2010.10.29 05:43:03.642,1.28617,1.28639,1.50,1.60
2010.10.29 05:43:05.662,1.28617,1.28639,1.50,1.60
2010.10.29 05:43:07.734,1.28617,1.28638,1.50,1.60
2010.10.29 05:43:07.843,1.28606,1.28637,1.50,1.30
2010.10.29 05:43:09.893,1.28607,1.28632,1.50,1.70
2010.10.29 05:43:10.993,1.28607,1.2863,1.50,1.50
2010.10.29 05:43:11.323,1.28596,1.28627,1.50,2.50
2010.10.29 05:43:13.469,1.28596,1.28624,1.50,2.50
2010.10.29 05:43:15.533,1.28596,1.28622,1.50,1.70
2010.10.29 05:43:17.581,1.28596,1.28623,1.50,3.20
2010.10.29 05:43:19.944,1.28596,1.28615,1.50,3.70
2010.10.29 05:43:20.057,1.28587,1.2861,1.50,1.50
2010.10.29 05:43:20.162,1.28578,1.2861,1.50,1.50
2010.10.29 05:43:20.274,1.28578,1.2861,1.50,1.70
2010.10.29 05:43:21.513,1.28577,1.28603,2.30,1.90
2010.10.29 05:43:23.239,1.28576,1.28599,1.50,1.70
2010.10.29 05:43:24.236,1.28571,1.28602,2.50,1.50
2010.10.29 05:43:26.349,1.28577,1.28603,2.30,1.50
2010.10.29 05:43:28.385,1.28577,1.28603,1.50,1.60
2010.10.29 05:43:30.422,1.28577,1.28602,1.50,1.80
2010.10.29 05:43:32.563,1.28577,1.28602,1.50,2.60
2010.10.29 05:43:34.571,1.28577,1.28603,2.30,3.20
2010.10.29 05:43:36.675,1.28577,1.28603,2.30,1.70
2010.10.29 05:43:38.730,1.28577,1.28603,2.30,1.70
2010.10.29 05:43:40.794,1.2857,1.28601,2.30,3.20
2010.10.29 05:43:42.875,1.28577,1.28601,1.50,1.70
2010.10.29 05:43:44.889,1.28577,1.28601,1.50,1.80
2010.10.29 05:43:47.207,1.28577,1.28598,1.50,1.60
2010.10.29 05:43:49.232,1.28577,1.28597,1.50,1.60
2010.10.29 05:43:51.324,1.28577,1.28593,1.50,1.70
2010.10.29 05:43:53.362,1.28577,1.28591,1.50,1.50
2010.10.29 05:43:55.454,1.28577,1.28591,1.50,1.50
2010.10.29 05:43:57.552,1.28577,1.28591,1.50,1.50
2010.10.29 05:43:59.612,1.28577,1.28591,1.50,1.50
2010.10.29 05:44:01.655,1.28577,1.28591,1.50,1.50
2010.10.29 05:44:03.751,1.28577,1.28591,1.50,1.50
2010.10.29 05:44:05.790,1.28577,1.28591,1.50,1.50
2010.10.29 05:44:06.929,1.28567,1.28589,1.50,1.60
2010.10.29 05:44:07.045,1.28576,1.28594,1.50,1.70
2010.10.29 05:44:09.077,1.28576,1.28594,1.50,1.70
2010.10.29 05:44:11.394,1.28576,1.28594,1.50,1.70
2010.10.29 05:44:13.600,1.28576,1.28594,1.50,1.70
2010.10.29 05:44:15.990,1.28576,1.28591,1.50,1.50
2010.10.29 05:44:18.344,1.28576,1.28593,1.50,1.70
2010.10.29 05:44:20.746,1.28576,1.28597,1.50,1.50
2010.10.29 05:44:22.989,1.28576,1.28598,1.50,1.50
2010.10.29 05:44:25.095,1.28576,1.28598,1.50,1.70
2010.10.29 05:44:26.053,1.28568,1.28598,1.50,1.90
2010.10.29 05:44:26.382,1.28577,1.28595,1.50,1.50
2010.10.29 05:44:29.475,1.28566,1.28594,1.50,3.10
2010.10.29 05:44:31.102,1.28556,1.28584,2.30,1.50
2010.10.29 05:44:33.146,1.2856,1.28583,1.50,1.50
2010.10.29 05:44:35.240,1.28566,1.2859,1.50,1.80
2010.10.29 05:44:37.313,1.28566,1.28588,1.50,1.90
2010.10.29 05:44:39.494,1.28566,1.28588,1.50,1.70
2010.10.29 05:44:41.591,1.28566,1.28589,1.50,1.70
2010.10.29 05:44:43.652,1.28566,1.28589,1.50,1.70
2010.10.29 05:44:45.916,1.28566,1.28589,1.50,1.70
2010.10.29 05:44:48.003,1.28571,1.286,1.50,1.50
2010.10.29 05:44:50.069,1.28577,1.28602,1.50,1.50
2010.10.29 05:44:50.623,1.28567,1.28597,3.00,1.80
2010.10.29 05:44:50.842,1.28577,1.28597,1.50,1.80
2010.10.29 05:44:51.987,1.28567,1.28592,1.50,1.70
2010.10.29 05:44:54.319,1.28567,1.28587,1.50,1.70
2010.10.29 05:44:54.543,1.28558,1.28584,1.70,1.50
2010.10.29 05:44:54.873,1.28567,1.28589,1.50,1.50
2010.10.29 05:44:57.010,1.28567,1.28589,1.50,1.50
2010.10.29 05:44:59.371,1.28567,1.28589,1.50,1.60
2010.10.29 05:45:01.054,1.28567,1.28589,1.50,1.70
2010.10.29 05:45:03.122,1.28567,1.28593,1.50,3.40
2010.10.29 05:45:05.134,1.28567,1.28593,1.50,1.50
2010.10.29 05:45:07.345,1.28567,1.28593,2.30,1.50
2010.10.29 05:45:09.414,1.28567,1.28593,2.30,1.50
2010.10.29 05:45:11.526,1.28567,1.28593,2.30,1.50
2010.10.29 05:45:13.541,1.28567,1.28593,2.30,1.50
2010.10.29 05:45:15.604,1.28567,1.28593,2.30,1.50
2010.10.29 05:45:17.662,1.28567,1.28593,2.30,1.50
2010.10.29 05:45:19.694,1.28567,1.28593,2.30,1.50
2010.10.29 05:45:21.804,1.28567,1.28594,1.50,1.50
2010.10.29 05:45:24.282,1.28576,1.28599,1.50,1.70
2010.10.29 05:45:24.944,1.28579,1.28602,1.70,1.50
2010.10.29 05:45:25.639,1.28587,1.28612,1.50,1.10
2010.10.29 05:45:25.753,1.28597,1.28623,2.50,1.50
2010.10.29 05:45:26.951,1.28598,1.28633,1.70,3.00
2010.10.29 05:45:29.137,1.28607,1.28633,1.50,1.50
2010.10.29 05:45:31.044,1.28597,1.28627,1.70,2.30
2010.10.29 05:45:31.156,1.2859,1.2862,1.50,1.70
2010.10.29 05:45:33.396,1.28586,1.28614,1.50,1.70
2010.10.29 05:45:35.494,1.28586,1.28618,2.50,1.50
2010.10.29 05:45:36.639,1.28607,1.2863,1.50,1.50
2010.10.29 05:45:37.524,1.28616,1.28638,1.50,1.50
2010.10.29 05:45:39.630,1.28616,1.2864,1.50,2.50
2010.10.29 05:45:40.439,1.28606,1.28632,1.50,1.50
2010.10.29 05:45:41.928,1.28617,1.28627,1.50,1.50
2010.10.29 05:45:42.044,1.28617,1.2864,1.50,1.50
2010.10.29 05:45:44.076,1.28617,1.28637,1.50,1.70
2010.10.29 05:45:46.084,1.28616,1.28638,1.50,1.50
2010.10.29 05:45:46.824,1.28616,1.28644,1.70,3.00
2010.10.29 05:45:48.163,1.28626,1.28648,1.50,1.60
2010.10.29 05:45:50.315,1.28626,1.28648,1.50,1.70
2010.10.29 05:45:51.214,1.28616,1.28637,1.50,1.10
2010.10.29 05:45:51.433,1.28606,1.28634,1.50,1.70
2010.10.29 05:45:53.506,1.28611,1.28634,1.50,1.50
2010.10.29 05:45:54.673,1.28611,1.28643,1.50,1.80
2010.10.29 05:45:56.930,1.28616,1.28644,1.50,1.70
2010.10.29 05:45:59.002,1.28616,1.28644,1.50,1.70
2010.10.29 05:46:01.079,1.28616,1.28644,1.50,1.70
2010.10.29 05:46:02.303,1.28626,1.28649,1.50,1.50
2010.10.29 05:46:04.323,1.28626,1.28651,1.50,1.70
2010.10.29 05:46:06.423,1.28626,1.28652,1.50,1.70
2010.10.29 05:46:06.862,1.28626,1.28654,1.50,1.50
2010.10.29 05:46:08.932,1.28626,1.28654,1.50,1.50
2010.10.29 05:46:10.512,1.28637,1.2866,1.50,1.90
2010.10.29 05:46:11.213,1.28647,1.28663,1.50,1.80
2010.10.29 05:46:13.242,1.28647,1.28661,1.50,1.50
2010.10.29 05:46:15.074,1.28636,1.28658,1.50,1.50
2010.10.29 05:46:16.173,1.28627,1.28655,1.50,1.70
2010.10.29 05:46:18.230,1.28627,1.28653,2.30,3.00
2010.10.29 05:46:20.253,1.2863,1.28653,1.50,3.00
2010.10.29 05:46:21.035,1.28627,1.28653,2.50,1.60
2010.10.29 05:46:22.473,1.28616,1.28647,3.00,2.30
2010.10.29 05:46:23.106,1.28624,1.28643,1.50,1.50
2010.10.29 05:46:23.437,1.28632,1.28652,1.50,1.50
2010.10.29 05:46:23.545,1.28626,1.28654,1.50,1.60
2010.10.29 05:46:23.984,1.28617,1.28652,2.30,2.60
2010.10.29 05:46:26.053,1.28617,1.28643,2.30,1.50
2010.10.29 05:46:27.620,1.28607,1.28641,2.30,1.70
2010.10.29 05:46:27.843,1.28607,1.28633,2.30,1.50
2010.10.29 05:46:29.513,1.28606,1.28623,1.50,1.50
2010.10.29 05:46:30.655,1.28614,1.28623,1.50,1.50
2010.10.29 05:46:30.763,1.28606,1.28623,1.50,1.50
2010.10.29 05:46:31.094,1.28616,1.28631,1.50,3.00
2010.10.29 05:46:31.805,1.28616,1.28633,1.50,1.50
2010.10.29 05:46:33.016,1.28607,1.28633,3.00,1.50
2010.10.29 05:46:33.344,1.28607,1.28624,1.50,1.50
2010.10.29 05:46:35.696,1.28607,1.28624,1.50,1.50
2010.10.29 05:46:37.753,1.28607,1.28624,1.50,1.50
2010.10.29 05:46:39.843,1.28605,1.28624,1.50,1.50
2010.10.29 05:46:42.046,1.28608,1.28624,1.50,1.50
2010.10.29 05:46:44.170,1.28608,1.28624,1.50,1.50
2010.10.29 05:46:46.665,1.28608,1.28624,1.50,1.50
2010.10.29 05:46:48.360,1.28608,1.28624,1.50,1.50
2010.10.29 05:46:50.384,1.28608,1.28624,1.50,1.50
2010.10.29 05:46:52.412,1.28608,1.28624,1.50,1.50
2010.10.29 05:46:53.223,1.28601,1.28624,1.50,1.50
2010.10.29 05:46:55.023,1.28588,1.2862,2.30,1.70
2010.10.29 05:46:57.082,1.28586,1.28612,2.30,1.60
2010.10.29 05:46:59.183,1.28586,1.28611,2.50,1.50
2010.10.29 05:47:01.284,1.28586,1.2861,1.50,1.50
2010.10.29 05:47:01.393,1.28577,1.28603,2.50,1.50
2010.10.29 05:47:03.444,1.28577,1.28603,1.50,1.50
2010.10.29 05:47:05.492,1.28586,1.28607,1.50,1.50
2010.10.29 05:47:07.864,1.28586,1.28607,1.50,1.50
2010.10.29 05:47:09.858,1.28586,1.28607,1.50,1.50
2010.10.29 05:47:11.934,1.28586,1.28607,1.50,1.70
2010.10.29 05:47:14.023,1.28586,1.28607,1.50,1.50
2010.10.29 05:47:16.077,1.28586,1.28609,1.50,1.70
2010.10.29 05:47:18.118,1.28586,1.28609,1.50,1.70
2010.10.29 05:47:20.305,1.28586,1.28609,1.50,1.70
2010.10.29 05:47:22.392,1.28586,1.28609,1.50,1.70
2010.10.29 05:47:24.418,1.28586,1.28609,1.50,1.70
2010.10.29 05:47:26.477,1.28586,1.28614,1.50,4.00
2010.10.29 05:47:28.860,1.28586,1.28614,1.70,1.70
2010.10.29 05:47:31.118,1.28587,1.28611,1.50,1.70
2010.10.29 05:47:33.125,1.28587,1.28612,1.50,3.40
2010.10.29 05:47:33.716,1.28589,1.28614,2.50,1.50
2010.10.29 05:47:33.823,1.28589,1.28624,2.50,3.30
2010.10.29 05:47:36.148,1.28597,1.28624,1.50,1.70
2010.10.29 05:47:38.518,1.28597,1.28624,1.50,1.70
2010.10.29 05:47:40.853,1.28607,1.28632,1.50,2.50
2010.10.29 05:47:41.443,1.28601,1.28629,1.50,1.70
2010.10.29 05:47:43.534,1.28596,1.28624,2.50,1.50
2010.10.29 05:47:45.293,1.28599,1.28624,1.70,1.50
2010.10.29 05:47:47.333,1.28607,1.28633,1.70,1.50
2010.10.29 05:47:49.403,1.28607,1.28633,2.50,1.50
2010.10.29 05:47:51.635,1.28617,1.28637,1.50,1.50
2010.10.29 05:47:53.642,1.28617,1.2864,1.50,1.50
2010.10.29 05:47:53.862,1.28607,1.28637,3.00,1.70
2010.10.29 05:47:55.942,1.28607,1.28633,1.50,2.30
2010.10.29 05:47:58.264,1.28607,1.28633,1.50,2.30
2010.10.29 05:48:00.283,1.28607,1.28633,1.50,2.30
2010.10.29 05:48:01.142,1.28607,1.28633,3.20,1.50
2010.10.29 05:48:01.253,1.28608,1.28639,1.70,1.50
2010.10.29 05:48:03.425,1.28616,1.28639,1.50,1.50
2010.10.29 05:48:03.872,1.28616,1.28638,1.50,2.50
2010.10.29 05:48:04.312,1.28607,1.28638,1.50,3.20
2010.10.29 05:48:05.684,1.28598,1.28631,2.60,2.50
2010.10.29 05:48:07.727,1.28601,1.28623,1.50,1.50
2010.10.29 05:48:09.794,1.28598,1.28623,1.10,1.50
2010.10.29 05:48:11.866,1.28597,1.28623,2.50,1.50
2010.10.29 05:48:14.084,1.28597,1.28623,2.50,1.50
2010.10.29 05:48:14.314,1.28605,1.28623,1.50,1.50
2010.10.29 05:48:14.422,1.28609,1.28635,1.70,1.50
2010.10.29 05:48:15.413,1.28609,1.28636,1.50,2.50
2010.10.29 05:48:17.433,1.28596,1.2862,1.50,1.70
2010.10.29 05:48:19.788,1.2859,1.28615,1.50,2.20
2010.10.29 05:48:20.113,1.28581,1.28604,1.50,1.50
2010.10.29 05:48:22.489,1.28581,1.28604,2.50,1.50
2010.10.29 05:48:24.583,1.28578,1.28603,1.70,2.30
2010.10.29 05:48:25.185,1.28577,1.2861,2.50,2.30
2010.10.29 05:48:27.225,1.2858,1.28603,1.50,1.50
2010.10.29 05:48:29.237,1.2858,1.28603,1.50,1.50
2010.10.29 05:48:31.468,1.28577,1.28603,1.70,1.50
2010.10.29 05:48:33.385,1.2857,1.28594,2.50,1.50
2010.10.29 05:48:33.878,1.28577,1.28603,2.50,1.50
2010.10.29 05:48:35.898,1.28577,1.28602,1.50,1.50
2010.10.29 05:48:36.009,1.28577,1.28599,1.50,2.50
2010.10.29 05:48:38.022,1.28577,1.28599,1.50,2.50
2010.10.29 05:48:38.524,1.28577,1.286,1.50,1.70
2010.10.29 05:48:39.073,1.28568,1.28594,1.50,1.50
2010.10.29 05:48:41.106,1.28568,1.28594,1.50,1.50
2010.10.29 05:48:41.544,1.2857,1.28603,1.50,1.70
2010.10.29 05:48:43.563,1.28576,1.28604,1.50,2.60
2010.10.29 05:48:45.583,1.28576,1.28604,1.50,2.60
2010.10.29 05:48:46.944,1.28576,1.28599,1.50,1.70
2010.10.29 05:48:47.167,1.28569,1.28595,1.50,1.70
2010.10.29 05:48:49.213,1.28571,1.28593,1.50,1.70
2010.10.29 05:48:51.401,1.28571,1.28593,1.50,1.70
2010.10.29 05:48:53.448,1.2857,1.28593,1.50,1.70
2010.10.29 05:48:55.640,1.28567,1.28593,3.20,1.70
2010.10.29 05:48:58.059,1.28567,1.28593,3.20,1.70
2010.10.29 05:48:59.739,1.28567,1.28593,3.20,1.70
2010.10.29 05:49:00.385,1.28567,1.28593,3.20,1.70
2010.10.29 05:49:02.133,1.28573,1.28603,2.60,1.50
2010.10.29 05:49:02.697,1.28582,1.28613,1.50,1.70
2010.10.29 05:49:02.805,1.28582,1.28604,1.50,1.50
2010.10.29 05:49:02.914,1.28582,1.28614,1.50,3.20
2010.10.29 05:49:05.023,1.28587,1.28611,1.50,1.50
2010.10.29 05:49:06.234,1.28586,1.28614,2.50,1.50
2010.10.29 05:49:06.777,1.28596,1.28623,1.50,1.50
2010.10.29 05:49:08.839,1.28596,1.28624,1.50,1.50
2010.10.29 05:49:10.887,1.28596,1.28624,2.30,1.50
2010.10.29 05:49:13.244,1.28596,1.28624,1.50,1.50
2010.10.29 05:49:13.464,1.28606,1.28626,1.50,1.50
2010.10.29 05:49:15.536,1.28606,1.28628,1.50,1.50
2010.10.29 05:49:16.102,1.28597,1.28628,1.50,1.50
2010.10.29 05:49:16.322,1.28606,1.28628,1.50,1.50
2010.10.29 05:49:18.419,1.28606,1.28628,1.50,1.70
2010.10.29 05:49:20.428,1.28606,1.28628,1.50,1.70
2010.10.29 05:49:20.762,1.28611,1.28628,1.70,1.50
2010.10.29 05:49:20.875,1.28611,1.28634,1.70,1.50
2010.10.29 05:49:21.204,1.28623,1.28644,1.50,1.50
2010.10.29 05:49:21.799,1.28623,1.28651,1.50,1.50
2010.10.29 05:49:22.355,1.28626,1.28652,1.50,3.00
2010.10.29 05:49:22.795,1.28617,1.28641,1.50,2.50
2010.10.29 05:49:24.893,1.28617,1.28641,1.50,2.50
2010.10.29 05:49:26.943,1.28617,1.28639,1.50,2.50
2010.10.29 05:49:29.023,1.28617,1.28634,1.50,1.50
2010.10.29 05:49:31.321,1.28617,1.28638,1.50,2.50
2010.10.29 05:49:33.774,1.28617,1.28638,1.50,2.50
2010.10.29 05:49:35.774,1.28617,1.28638,1.50,2.50
2010.10.29 05:49:36.812,1.28607,1.28638,1.50,2.50
2010.10.29 05:49:37.320,1.28616,1.28635,1.50,1.70
2010.10.29 05:49:39.414,1.28616,1.28636,1.50,1.70
2010.10.29 05:49:41.539,1.28616,1.28634,1.50,1.50
2010.10.29 05:49:43.559,1.28616,1.28634,1.50,1.50
2010.10.29 05:49:45.696,1.28616,1.28632,1.50,1.50
2010.10.29 05:49:48.179,1.28616,1.28632,1.50,1.50
2010.10.29 05:49:50.163,1.28616,1.28632,1.50,3.00
2010.10.29 05:49:50.274,1.28606,1.28625,1.50,1.50
2010.10.29 05:49:52.317,1.28607,1.28625,1.50,1.70
2010.10.29 05:49:54.366,1.28607,1.2863,1.50,3.20
2010.10.29 05:49:56.579,1.28607,1.28625,1.50,1.50
2010.10.29 05:49:58.876,1.28607,1.28625,1.50,1.70
2010.10.29 05:49:59.533,1.28607,1.28631,1.50,1.70
2010.10.29 05:50:01.796,1.28606,1.28631,1.50,1.70
2010.10.29 05:50:03.831,1.28606,1.28631,1.50,1.70
2010.10.29 05:50:05.878,1.28606,1.28631,1.50,1.50
2010.10.29 05:50:07.983,1.28606,1.28631,1.50,1.50
2010.10.29 05:50:10.295,1.28606,1.28631,1.50,1.50
2010.10.29 05:50:12.435,1.28606,1.28631,1.50,1.50
2010.10.29 05:50:14.493,1.28606,1.28631,1.50,1.50
2010.10.29 05:50:16.554,1.28606,1.28632,1.50,1.70
2010.10.29 05:50:16.994,1.28616,1.28632,1.50,1.70
2010.10.29 05:50:19.585,1.28616,1.28632,1.50,1.70
2010.10.29 05:50:21.473,1.28616,1.28631,1.50,1.70
2010.10.29 05:50:21.586,1.28601,1.28627,1.50,1.70
2010.10.29 05:50:23.615,1.28597,1.28631,3.00,1.70
2010.10.29 05:50:25.695,1.28601,1.28635,2.30,1.70
2010.10.29 05:50:27.876,1.28601,1.28635,2.30,1.50
2010.10.29 05:50:29.893,1.28601,1.28635,2.30,1.50
2010.10.29 05:50:30.423,1.28607,1.2863,1.50,1.50
2010.10.29 05:50:32.436,1.28606,1.28634,1.50,1.50
2010.10.29 05:50:34.875,1.28606,1.28634,2.30,1.50
2010.10.29 05:50:36.557,1.28606,1.28634,2.30,1.50
2010.10.29 05:50:37.214,1.28601,1.28629,2.40,1.70
2010.10.29 05:50:39.244,1.28606,1.28634,3.00,1.70
2010.10.29 05:50:41.358,1.28606,1.28634,3.00,1.50
2010.10.29 05:50:43.505,1.28606,1.28634,3.00,1.50
2010.10.29 05:50:45.576,1.28606,1.28634,3.00,1.50
2010.10.29 05:50:47.802,1.28606,1.28634,3.00,1.50
2010.10.29 05:50:50.125,1.28606,1.28634,3.00,1.50
2010.10.29 05:50:52.415,1.28606,1.28634,3.00,1.50
2010.10.29 05:50:54.882,1.28606,1.28634,3.00,1.50
2010.10.29 05:50:55.764,1.28606,1.28627,1.50,1.50
2010.10.29 05:50:57.842,1.28607,1.28627,1.50,1.70
2010.10.29 05:50:59.795,1.28596,1.28625,1.80,1.70
2010.10.29 05:50:59.906,1.28592,1.28623,2.30,2.50
2010.10.29 05:51:02.014,1.28597,1.2862,1.50,1.70
2010.10.29 05:51:04.048,1.28597,1.28621,1.50,1.70
2010.10.29 05:51:06.355,1.28596,1.28621,1.50,1.70
2010.10.29 05:51:08.394,1.28597,1.28621,1.50,1.50
2010.10.29 05:51:08.504,1.28607,1.28621,1.50,1.50
2010.10.29 05:51:09.504,1.28597,1.28621,2.40,1.50
2010.10.29 05:51:09.726,1.28598,1.28632,2.30,1.70
2010.10.29 05:51:10.520,1.28607,1.28632,1.50,1.70
2010.10.29 05:51:12.543,1.28607,1.28632,1.50,2.50
2010.10.29 05:51:14.976,1.28607,1.28631,1.50,1.70
2010.10.29 05:51:17.335,1.28607,1.28629,1.50,1.70
2010.10.29 05:51:17.553,1.28596,1.28627,1.50,1.10
2010.10.29 05:51:19.648,1.28596,1.28624,3.00,1.50
2010.10.29 05:51:21.694,1.28597,1.2863,1.50,1.70
2010.10.29 05:51:22.206,1.28606,1.28627,1.50,1.70
2010.10.29 05:51:22.873,1.28596,1.28627,1.50,3.20
2010.10.29 05:51:24.914,1.28596,1.28617,1.50,1.70
2010.10.29 05:51:27.299,1.28596,1.28624,1.50,1.50
2010.10.29 05:51:29.745,1.28596,1.28624,3.00,1.50
2010.10.29 05:51:31.733,1.28596,1.28619,1.50,1.50
2010.10.29 05:51:33.894,1.28596,1.28619,1.50,1.70
2010.10.29 05:51:35.932,1.28596,1.28617,1.50,1.50
2010.10.29 05:51:38.065,1.28596,1.28617,1.50,1.50
2010.10.29 05:51:38.735,1.28596,1.28611,1.50,1.70
2010.10.29 05:51:38.843,1.28584,1.2861,1.50,1.70
2010.10.29 05:51:39.064,1.28577,1.28605,1.50,1.70
2010.10.29 05:51:40.219,1.2858,1.28604,1.50,1.50
2010.10.29 05:51:40.338,1.2858,1.2861,1.70,1.50
2010.10.29 05:51:42.416,1.28586,1.28612,1.50,1.70
2010.10.29 05:51:43.293,1.28576,1.28603,2.30,1.50
2010.10.29 05:51:45.114,1.28586,1.28611,1.50,2.50
2010.10.29 05:51:47.133,1.28586,1.28612,1.50,2.50
2010.10.29 05:51:47.463,1.28586,1.28614,1.70,4.00
2010.10.29 05:51:47.949,1.28597,1.28617,1.50,2.50
2010.10.29 05:51:48.393,1.28587,1.28613,1.50,2.50
2010.10.29 05:51:50.425,1.28587,1.28613,1.50,2.50
2010.10.29 05:51:52.492,1.28587,1.28613,1.50,2.50
2010.10.29 05:51:54.572,1.28587,1.28613,1.50,1.70
2010.10.29 05:51:56.603,1.28587,1.28613,1.50,1.70
2010.10.29 05:51:57.392,1.28597,1.28615,1.50,1.50
2010.10.29 05:51:59.479,1.28597,1.28615,1.50,1.50
2010.10.29 05:52:01.587,1.28597,1.28615,1.50,1.70
2010.10.29 05:52:03.662,1.28597,1.28615,1.50,1.70
2010.10.29 05:52:05.717,1.28597,1.28613,1.50,1.70
2010.10.29 05:52:07.793,1.28597,1.28615,1.50,1.70
2010.10.29 05:52:09.972,1.28597,1.28615,1.50,1.70
2010.10.29 05:52:12.266,1.28597,1.28615,1.50,1.70
2010.10.29 05:52:14.255,1.28597,1.2862,1.50,1.50
2010.10.29 05:52:16.367,1.28597,1.2862,1.50,1.50
2010.10.29 05:52:18.463,1.28597,1.28623,1.50,4.00
2010.10.29 05:52:20.731,1.28597,1.28621,1.50,1.70
2010.10.29 05:52:23.238,1.28597,1.28621,1.50,1.70
2010.10.29 05:52:24.844,1.28597,1.28618,1.50,1.50
2010.10.29 05:52:27.289,1.28597,1.28622,1.50,2.50
2010.10.29 05:52:29.418,1.28597,1.28623,1.50,1.70
2010.10.29 05:52:31.521,1.28597,1.28623,1.50,1.70
2010.10.29 05:52:33.728,1.28597,1.28623,1.50,1.70
2010.10.29 05:52:35.759,1.28597,1.28623,1.50,1.70
2010.10.29 05:52:37.887,1.28597,1.28623,1.50,1.70
2010.10.29 05:52:40.128,1.28597,1.28628,1.50,1.70
2010.10.29 05:52:41.983,1.28597,1.28623,3.00,2.50
2010.10.29 05:52:44.135,1.28598,1.28623,1.50,2.50
2010.10.29 05:52:46.172,1.28598,1.28623,1.50,2.50
2010.10.29 05:52:48.256,1.28598,1.28623,1.50,2.50
2010.10.29 05:52:50.318,1.28598,1.28623,1.50,2.50
2010.10.29 05:52:52.455,1.28598,1.28623,1.50,2.50
2010.10.29 05:52:54.513,1.28597,1.28623,1.50,2.50
2010.10.29 05:52:56.592,1.28597,1.28623,3.00,2.50
2010.10.29 05:52:58.656,1.28597,1.28624,1.50,2.50
2010.10.29 05:53:00.755,1.28606,1.28632,1.50,2.50
2010.10.29 05:53:00.981,1.28606,1.28632,1.50,1.90
2010.10.29 05:53:03.069,1.28606,1.28631,1.50,1.70
2010.10.29 05:53:05.146,1.28606,1.28628,1.50,1.10
2010.10.29 05:53:05.253,1.28598,1.28625,1.50,1.70
2010.10.29 05:53:05.474,1.28598,1.28627,3.00,1.10
2010.10.29 05:53:05.803,1.28607,1.28627,1.50,1.10
2010.10.29 05:53:07.845,1.28607,1.28627,1.50,2.50
2010.10.29 05:53:08.644,1.28597,1.28623,1.50,1.10
2010.10.29 05:53:08.975,1.28597,1.28619,1.50,1.70
2010.10.29 05:53:09.634,1.28597,1.28618,1.50,1.70
2010.10.29 05:53:11.694,1.28597,1.28617,1.50,1.10
2010.10.29 05:53:13.061,1.28602,1.28633,1.50,1.80
2010.10.29 05:53:15.176,1.28617,1.28643,1.50,3.10
2010.10.29 05:53:15.410,1.28617,1.28649,1.50,1.50
2010.10.29 05:53:15.747,1.28616,1.28651,1.50,1.50
2010.10.29 05:53:17.773,1.28617,1.28642,1.50,1.50
2010.10.29 05:53:19.785,1.28617,1.28639,1.50,1.60
2010.10.29 05:53:21.793,1.28617,1.28639,1.50,1.50
2010.10.29 05:53:23.853,1.28617,1.28639,1.50,1.50
2010.10.29 05:53:26.050,1.28617,1.28639,1.50,1.50
2010.10.29 05:53:28.055,1.28617,1.28637,1.50,1.50
2010.10.29 05:53:30.156,1.28617,1.28635,1.50,1.50
2010.10.29 05:53:31.383,1.28606,1.28629,1.50,1.50
2010.10.29 05:53:32.047,1.28596,1.28625,1.50,2.30
2010.10.29 05:53:32.740,1.28586,1.28617,2.30,1.50
2010.10.29 05:53:34.920,1.28586,1.28614,1.50,1.50
2010.10.29 05:53:36.933,1.28586,1.28614,1.50,1.50
2010.10.29 05:53:37.734,1.2859,1.28614,1.50,1.50
2010.10.29 05:53:38.064,1.28593,1.28623,1.50,1.60
2010.10.29 05:53:40.123,1.28597,1.28623,1.70,3.10
2010.10.29 05:53:41.115,1.28597,1.28625,1.50,1.50
2010.10.29 05:53:41.445,1.28606,1.28625,1.50,1.50
2010.10.29 05:53:43.506,1.28606,1.2863,1.50,1.50
2010.10.29 05:53:45.727,1.28606,1.2863,1.50,1.50
2010.10.29 05:53:47.736,1.28606,1.2863,1.50,1.50
2010.10.29 05:53:49.753,1.28606,1.2863,1.50,1.50
2010.10.29 05:53:51.782,1.28606,1.2863,1.50,1.50
2010.10.29 05:53:53.936,1.28606,1.2863,1.50,1.50
2010.10.29 05:53:54.907,1.28607,1.28638,1.50,3.20
2010.10.29 05:53:55.814,1.28607,1.28633,3.00,1.50
2010.10.29 05:53:57.833,1.28607,1.28633,3.00,1.50
2010.10.29 05:54:00.217,1.28607,1.28633,1.50,1.50
2010.10.29 05:54:01.915,1.28606,1.28634,1.50,1.50
2010.10.29 05:54:04.301,1.28606,1.28634,1.50,1.50
2010.10.29 05:54:06.461,1.28606,1.28634,1.50,1.50
2010.10.29 05:54:08.555,1.28606,1.28634,1.50,1.50
2010.10.29 05:54:10.593,1.28598,1.28624,1.50,1.50
2010.10.29 05:54:12.596,1.28597,1.28624,1.70,1.50
2010.10.29 05:54:14.706,1.28599,1.28624,1.50,1.50
2010.10.29 05:54:16.759,1.28597,1.28624,1.70,1.50
2010.10.29 05:54:17.974,1.28607,1.28633,1.70,1.50
2010.10.29 05:54:20.066,1.28608,1.28633,1.50,1.50
2010.10.29 05:54:22.186,1.28607,1.28633,1.50,2.30
2010.10.29 05:54:24.233,1.28607,1.28633,1.50,2.30
2010.10.29 05:54:26.354,1.28606,1.28634,1.50,3.80
2010.10.29 05:54:28.414,1.28606,1.28634,1.50,2.30
2010.10.29 05:54:30.705,1.28606,1.28634,1.50,2.30
2010.10.29 05:54:32.733,1.28606,1.28634,1.50,1.50
2010.10.29 05:54:34.763,1.28606,1.28634,1.50,1.50
2010.10.29 05:54:34.875,1.28607,1.2864,1.50,1.50
2010.10.29 05:54:35.204,1.28606,1.28634,1.50,1.50
2010.10.29 05:54:37.288,1.28606,1.28634,1.70,1.50
2010.10.29 05:54:39.415,1.28606,1.28634,1.70,1.50
2010.10.29 05:54:41.140,1.28613,1.28634,1.70,1.50
2010.10.29 05:54:41.255,1.28613,1.28641,1.70,1.50
2010.10.29 05:54:43.357,1.28616,1.28639,1.70,1.50
2010.10.29 05:54:45.365,1.28616,1.28638,1.50,1.60
2010.10.29 05:54:46.090,1.28607,1.2863,1.70,1.50
2010.10.29 05:54:48.160,1.28607,1.28629,1.50,1.50
2010.10.29 05:54:50.204,1.28607,1.28629,1.50,1.50
2010.10.29 05:54:52.207,1.28597,1.28626,1.50,1.80
2010.10.29 05:54:54.297,1.28596,1.28624,1.70,1.60
2010.10.29 05:54:56.315,1.28606,1.28628,1.50,3.80
2010.10.29 05:54:56.645,1.28597,1.28627,1.70,1.60
2010.10.29 05:54:59.025,1.28596,1.2862,1.70,1.50
2010.10.29 05:54:59.467,1.28598,1.28622,1.70,2.30
2010.10.29 05:55:00.744,1.28597,1.28622,2.50,1.60
2010.10.29 05:55:03.045,1.28597,1.28623,2.50,4.50
2010.10.29 05:55:05.062,1.28597,1.28623,2.50,3.00
2010.10.29 05:55:05.726,1.28597,1.28618,2.50,1.70
2010.10.29 05:55:07.802,1.28597,1.28623,2.50,4.50
2010.10.29 05:55:09.843,1.28606,1.28623,1.50,1.50
2010.10.29 05:55:10.951,1.28596,1.28624,1.70,1.70
2010.10.29 05:55:13.004,1.28597,1.28622,2.50,2.30
2010.10.29 05:55:14.386,1.28597,1.28622,2.50,2.30
2010.10.29 05:55:16.434,1.28597,1.28623,2.50,1.50
2010.10.29 05:55:18.453,1.28597,1.28623,2.50,1.50
2010.10.29 05:55:20.495,1.28597,1.28623,2.50,1.50
2010.10.29 05:55:20.604,1.28597,1.28623,2.50,1.50
2010.10.29 05:55:21.277,1.28596,1.28634,2.50,2.40
2010.10.29 05:55:21.605,1.28596,1.28624,2.50,1.50
2010.10.29 05:55:22.046,1.28596,1.28624,1.70,1.50
2010.10.29 05:55:22.265,1.28596,1.28622,2.50,1.50
2010.10.29 05:55:23.855,1.28597,1.28623,1.50,1.50
2010.10.29 05:55:25.879,1.28588,1.28621,1.90,1.50
2010.10.29 05:55:27.083,1.28596,1.28621,2.50,1.50
2010.10.29 05:55:27.195,1.28592,1.28623,3.20,3.20
2010.10.29 05:55:27.726,1.28596,1.28617,2.50,1.50
2010.10.29 05:55:30.212,1.28596,1.28617,2.50,1.50
2010.10.29 05:55:32.237,1.28596,1.28617,2.50,1.50
2010.10.29 05:55:34.273,1.28596,1.2862,2.50,1.50
2010.10.29 05:55:36.427,1.28596,1.2862,2.50,1.50
2010.10.29 05:55:38.476,1.28596,1.28623,2.50,2.30
2010.10.29 05:55:39.255,1.28596,1.28623,2.50,1.50
2010.10.29 05:55:41.306,1.28596,1.28624,2.50,1.50
2010.10.29 05:55:43.386,1.28596,1.28624,2.50,1.50
2010.10.29 05:55:44.064,1.28596,1.28624,1.70,1.50
2010.10.29 05:55:45.164,1.28596,1.28623,2.50,1.50
2010.10.29 05:55:47.387,1.28597,1.28624,1.70,1.50
2010.10.29 05:55:49.726,1.28597,1.28624,1.70,1.50
2010.10.29 05:55:51.753,1.28597,1.28624,1.70,1.50
2010.10.29 05:55:53.764,1.28597,1.28624,1.70,1.50
2010.10.29 05:55:56.035,1.28597,1.28624,1.70,1.50
2010.10.29 05:55:57.936,1.28596,1.28624,2.50,1.50
2010.10.29 05:55:58.926,1.28588,1.28613,1.70,1.50
2010.10.29 05:56:00.955,1.28588,1.28613,1.70,1.50
2010.10.29 05:56:02.974,1.28588,1.28613,1.70,1.50
2010.10.29 05:56:05.053,1.28596,1.28617,1.70,1.50
2010.10.29 05:56:07.085,1.28596,1.28618,1.70,1.60
2010.10.29 05:56:09.139,1.28596,1.28618,1.70,1.80
2010.10.29 05:56:11.163,1.28596,1.28618,1.70,1.80
2010.10.29 05:56:13.153,1.28596,1.28617,1.70,1.50
2010.10.29 05:56:13.843,1.28596,1.28618,1.70,1.80
2010.10.29 05:56:15.965,1.28596,1.28618,1.70,1.80
2010.10.29 05:56:17.996,1.28596,1.28618,1.70,2.60
2010.10.29 05:56:19.718,1.28587,1.28622,3.20,2.30
2010.10.29 05:56:21.986,1.28586,1.28614,1.70,1.60
2010.10.29 05:56:24.023,1.28586,1.28614,1.70,1.60
2010.10.29 05:56:24.355,1.28586,1.28614,3.20,1.50
2010.10.29 05:56:25.141,1.28586,1.28614,4.70,1.50
2010.10.29 05:56:27.347,1.28597,1.2862,1.70,1.50
2010.10.29 05:56:29.345,1.28597,1.2862,1.70,1.50
2010.10.29 05:56:30.445,1.28597,1.28623,2.50,2.30
2010.10.29 05:56:32.556,1.28606,1.28624,1.50,1.60
2010.10.29 05:56:34.584,1.28588,1.28613,3.20,1.50
2010.10.29 05:56:36.594,1.28596,1.28618,1.70,1.70
2010.10.29 05:56:38.615,1.28596,1.2862,1.50,1.50
2010.10.29 05:56:40.723,1.28596,1.28622,2.50,1.70
2010.10.29 05:56:42.942,1.28596,1.28622,2.50,1.80
2010.10.29 05:56:44.955,1.28596,1.28622,2.50,1.80
2010.10.29 05:56:47.014,1.28596,1.28622,2.50,1.70
2010.10.29 05:56:47.345,1.28596,1.28616,2.50,1.80
2010.10.29 05:56:47.456,1.28596,1.28616,1.50,1.80
2010.10.29 05:56:47.565,1.28587,1.28611,1.70,3.10
2010.10.29 05:56:49.696,1.28576,1.286,2.50,1.50
2010.10.29 05:56:49.809,1.28576,1.28596,1.70,1.80
2010.10.29 05:56:50.037,1.28567,1.2858,1.70,1.50
2010.10.29 05:56:52.075,1.28556,1.28584,4.70,1.50
2010.10.29 05:56:54.106,1.28567,1.28592,2.50,1.50
2010.10.29 05:56:55.583,1.28567,1.28593,1.70,1.50
2010.10.29 05:56:57.593,1.28567,1.28593,1.70,1.50
2010.10.29 05:56:59.673,1.28567,1.28593,1.90,1.50
2010.10.29 05:57:01.774,1.28567,1.28593,3.20,1.50
2010.10.29 05:57:04.166,1.28567,1.28593,1.70,1.50
2010.10.29 05:57:05.882,1.28567,1.28593,1.70,1.50
2010.10.29 05:57:07.943,1.28567,1.28593,1.70,3.00
2010.10.29 05:57:10.003,1.28567,1.28593,1.70,1.50
2010.10.29 05:57:12.084,1.28567,1.28593,1.70,1.50
2010.10.29 05:57:14.115,1.28567,1.28593,1.70,1.50
2010.10.29 05:57:16.195,1.28566,1.28594,1.70,1.50
2010.10.29 05:57:18.368,1.28566,1.28594,3.00,1.70
2010.10.29 05:57:18.584,1.28566,1.28594,2.50,1.50
2010.10.29 05:57:19.026,1.28566,1.28594,1.50,1.50
2010.10.29 05:57:20.928,1.28566,1.28594,1.50,1.50
2010.10.29 05:57:21.145,1.28566,1.28598,1.70,1.60
2010.10.29 05:57:23.197,1.28566,1.28594,1.70,1.50
2010.10.29 05:57:25.273,1.28566,1.28594,1.70,1.50
2010.10.29 05:57:27.333,1.28577,1.28599,1.50,1.50
2010.10.29 05:57:29.464,1.28577,1.28599,1.50,1.50
2010.10.29 05:57:31.266,1.28567,1.2859,2.30,1.50
2010.10.29 05:57:31.484,1.28557,1.28583,1.80,1.50
2010.10.29 05:57:33.585,1.28557,1.28582,1.50,1.50
2010.10.29 05:57:35.606,1.28557,1.28582,1.50,1.70
2010.10.29 05:57:36.575,1.28557,1.28583,3.20,1.50
2010.10.29 05:57:36.686,1.28561,1.28589,1.70,1.50
2010.10.29 05:57:38.754,1.28567,1.2859,1.50,1.50
2010.10.29 05:57:40.834,1.28567,1.28593,1.70,1.50
2010.10.29 05:57:41.164,1.28567,1.28592,2.50,1.50
2010.10.29 05:57:41.385,1.28569,1.28594,1.50,1.50
2010.10.29 05:57:41.921,1.28577,1.28601,1.50,2.30
2010.10.29 05:57:42.036,1.28568,1.28604,2.30,3.00
2010.10.29 05:57:42.254,1.28576,1.28604,1.50,3.00
2010.10.29 05:57:42.474,1.28567,1.28601,3.00,2.20
2010.10.29 05:57:44.525,1.28566,1.28594,1.70,1.50
2010.10.29 05:57:46.556,1.28566,1.28591,2.50,1.50
2010.10.29 05:57:47.046,1.28566,1.28592,1.70,1.50
2010.10.29 05:57:49.043,1.28566,1.28594,2.50,3.00
2010.10.29 05:57:51.088,1.28566,1.28589,1.50,1.60
2010.10.29 05:57:51.926,1.28557,1.28589,1.70,1.50
2010.10.29 05:57:52.696,1.28566,1.28586,1.50,1.50
2010.10.29 05:57:54.839,1.28566,1.28586,1.50,1.70
2010.10.29 05:57:54.954,1.28557,1.28586,1.50,1.70
2010.10.29 05:57:57.014,1.28556,1.28584,1.70,1.70
2010.10.29 05:57:59.034,1.28556,1.28584,1.70,1.50
2010.10.29 05:58:01.094,1.28557,1.28583,1.70,1.70
2010.10.29 05:58:02.690,1.28547,1.28576,1.70,1.50
2010.10.29 05:58:04.714,1.28546,1.28572,1.70,1.50
2010.10.29 05:58:05.264,1.28546,1.28558,1.50,1.50
2010.10.29 05:58:05.374,1.28529,1.28558,1.10,1.50
2010.10.29 05:58:07.395,1.28537,1.2856,1.50,1.50
2010.10.29 05:58:09.414,1.28537,1.28559,1.50,1.50
2010.10.29 05:58:11.457,1.28537,1.28555,1.50,1.50
2010.10.29 05:58:13.464,1.28537,1.28556,1.50,1.50
2010.10.29 05:58:15.576,1.28537,1.28555,1.50,1.50
2010.10.29 05:58:16.455,1.28522,1.28548,1.10,1.50
2010.10.29 05:58:17.003,1.28521,1.28544,1.10,1.50
2010.10.29 05:58:17.892,1.28527,1.28554,1.70,1.50
2010.10.29 05:58:19.954,1.28527,1.28553,1.50,1.50
2010.10.29 05:58:21.064,1.28531,1.28562,1.50,1.50
2010.10.29 05:58:21.284,1.28536,1.28559,1.50,1.50
2010.10.29 05:58:23.393,1.28536,1.28559,1.50,1.50
2010.10.29 05:58:25.555,1.28536,1.28559,1.50,1.50
2010.10.29 05:58:27.670,1.28536,1.28559,1.50,1.50
2010.10.29 05:58:28.363,1.28527,1.28559,1.50,1.50
2010.10.29 05:58:29.759,1.28528,1.2856,1.70,1.50
2010.10.29 05:58:30.315,1.28537,1.2857,1.70,1.50
2010.10.29 05:58:30.897,1.28536,1.28564,1.70,1.50
2010.10.29 05:58:33.027,1.28536,1.28562,1.50,1.50
2010.10.29 05:58:35.032,1.28536,1.28564,1.50,3.00
2010.10.29 05:58:37.073,1.28536,1.28564,1.50,3.00
2010.10.29 05:58:39.174,1.28536,1.28564,1.50,3.00
2010.10.29 05:58:41.254,1.28536,1.28561,1.50,1.50
2010.10.29 05:58:43.264,1.28536,1.28564,2.50,1.50
2010.10.29 05:58:45.344,1.28536,1.28563,1.50,1.50
2010.10.29 05:58:47.374,1.28536,1.28564,1.50,1.50
2010.10.29 05:58:49.464,1.28536,1.28564,1.50,3.00
2010.10.29 05:58:51.717,1.28537,1.28563,1.50,3.00
2010.10.29 05:58:54.056,1.28537,1.2856,1.50,1.50
2010.10.29 05:58:56.143,1.28537,1.2856,1.50,1.50
2010.10.29 05:58:58.149,1.28537,1.28559,1.50,1.50
2010.10.29 05:58:59.165,1.28526,1.28557,4.00,1.50
2010.10.29 05:59:01.194,1.28526,1.28554,1.70,1.70
2010.10.29 05:59:03.267,1.28526,1.28554,1.50,1.50
2010.10.29 05:59:05.365,1.28526,1.28554,1.50,1.50
2010.10.29 05:59:06.624,1.28537,1.28554,1.50,1.50
2010.10.29 05:59:08.634,1.28537,1.28556,1.70,1.50
2010.10.29 05:59:10.775,1.28537,1.28556,1.50,1.50
2010.10.29 05:59:12.885,1.28537,1.28556,1.50,1.50
2010.10.29 05:59:14.894,1.28537,1.28556,1.50,1.50
2010.10.29 05:59:16.903,1.28526,1.28556,2.50,1.70
2010.10.29 05:59:18.954,1.28527,1.28553,3.20,1.50
2010.10.29 05:59:21.044,1.28527,1.28553,3.20,3.00
2010.10.29 05:59:23.133,1.28527,1.28551,2.30,3.90
2010.10.29 05:59:23.801,1.28517,1.28545,3.20,1.50
2010.10.29 05:59:26.030,1.28516,1.28544,1.50,3.00
2010.10.29 05:59:28.392,1.28516,1.28544,1.50,3.20
2010.10.29 05:59:30.757,1.28526,1.28548,1.50,1.50
2010.10.29 05:59:30.895,1.28532,1.28548,1.70,1.50
2010.10.29 05:59:31.115,1.28526,1.28555,4.00,2.20
2010.10.29 05:59:33.123,1.28526,1.28551,2.50,1.50
2010.10.29 05:59:35.409,1.28526,1.28547,1.50,1.60
2010.10.29 05:59:35.965,1.28526,1.28553,2.50,1.50
2010.10.29 05:59:38.064,1.28526,1.28554,2.30,1.50
2010.10.29 05:59:40.152,1.28526,1.28555,2.30,1.50
2010.10.29 05:59:40.707,1.28528,1.28553,2.50,1.50
2010.10.29 05:59:42.878,1.2853,1.28553,1.70,1.50
2010.10.29 05:59:44.903,1.28537,1.28563,2.30,1.70
2010.10.29 05:59:46.944,1.28537,1.28563,1.50,1.50
2010.10.29 05:59:48.344,1.28539,1.28569,1.70,1.70
2010.10.29 05:59:50.394,1.28547,1.28566,1.50,1.60
2010.10.29 05:59:52.404,1.28547,1.28568,1.50,1.80
2010.10.29 05:59:53.284,1.28547,1.2857,1.50,1.80
2010.10.29 05:59:55.366,1.28547,1.2857,1.50,1.60
2010.10.29 05:59:57.515,1.28547,1.28571,1.50,1.70
2010.10.29 05:59:59.595,1.28546,1.2857,1.50,1.60
