2013.04.29 17:00:00.628,1.5191,1.51934,1.50,2.03
2013.04.29 17:00:00.932,1.5191,1.51934,1.50,2.03
2013.04.29 17:00:01.422,1.51909,1.51936,2.25,2.03
2013.04.29 17:00:02.474,1.51909,1.51934,1.50,1.50
2013.04.29 17:00:02.663,1.51908,1.51933,3.00,1.50
2013.04.29 17:00:03.164,1.5191,1.51935,1.50,2.18
2013.04.29 17:00:04.604,1.51909,1.51934,1.50,1.50
2013.04.29 17:00:05.915,1.51907,1.51933,1.65,1.50
2013.04.29 17:00:06.323,1.51905,1.5193,2.03,1.50
2013.04.29 17:00:06.508,1.51898,1.5192,1.09,1.50
2013.04.29 17:00:06.695,1.51894,1.51917,1.13,1.50
2013.04.29 17:00:06.826,1.51893,1.51917,1.80,1.50
2013.04.29 17:00:06.895,1.51893,1.51916,1.80,1.50
2013.04.29 17:00:07.392,1.51893,1.51917,1.80,1.50
2013.04.29 17:00:07.833,1.51893,1.51917,2.78,1.50
2013.04.29 17:00:08.014,1.51898,1.51919,1.28,1.13
2013.04.29 17:00:08.142,1.51898,1.51921,2.10,1.50
2013.04.29 17:00:08.623,1.51899,1.51921,1.80,1.50
2013.04.29 17:00:09.166,1.51894,1.5192,1.28,1.65
2013.04.29 17:00:10.736,1.51893,1.51921,1.80,1.73
2013.04.29 17:00:10.924,1.51893,1.51916,1.80,1.50
2013.04.29 17:00:11.053,1.51893,1.51917,1.50,1.65
2013.04.29 17:00:11.603,1.51893,1.51917,1.28,1.65
2013.04.29 17:00:12.154,1.51892,1.51917,1.88,1.65
2013.04.29 17:00:12.343,1.51893,1.51918,1.50,1.65
2013.04.29 17:00:16.152,1.51895,1.51918,1.65,1.50
2013.04.29 17:00:17.193,1.51896,1.51919,1.28,1.50
2013.04.29 17:00:17.553,1.51907,1.5193,1.47,1.50
2013.04.29 17:00:17.623,1.51907,1.51931,2.22,1.50
2013.04.29 17:00:18.223,1.51912,1.51931,1.47,1.50
2013.04.29 17:00:22.062,1.51912,1.51937,1.47,1.28
2013.04.29 17:00:22.126,1.51912,1.51935,1.47,1.50
2013.04.29 17:00:22.434,1.51909,1.51929,1.13,1.50
2013.04.29 17:00:22.503,1.51906,1.51929,2.22,1.50
2013.04.29 17:00:26.123,1.5191,1.51936,1.13,1.50
2013.04.29 17:00:26.193,1.5191,1.51936,2.07,1.05
2013.04.29 17:00:26.494,1.51919,1.51944,1.32,1.28
2013.04.29 17:00:26.804,1.51918,1.51937,1.13,1.50
2013.04.29 17:00:26.934,1.51918,1.51939,1.47,1.50
2013.04.29 17:00:27.064,1.51918,1.51938,1.32,1.50
2013.04.29 17:00:27.373,1.51912,1.51936,3.87,1.50
2013.04.29 17:00:27.793,1.51912,1.51936,2.22,1.50
2013.04.29 17:00:28.775,1.51916,1.51939,1.47,1.50
2013.04.29 17:00:28.844,1.51918,1.51939,1.32,1.50
2013.04.29 17:00:29.394,1.5192,1.51941,1.32,1.50
2013.04.29 17:00:29.903,1.5192,1.51943,1.32,1.50
2013.04.29 17:00:30.434,1.51921,1.51943,1.28,1.50
2013.04.29 17:00:30.503,1.51923,1.51946,1.13,1.28
2013.04.29 17:00:31.009,1.51923,1.51947,1.32,1.50
2013.04.29 17:00:31.392,1.51923,1.51947,1.13,1.50
2013.04.29 17:00:31.665,1.51921,1.51945,1.99,1.50
2013.04.29 17:00:31.862,1.51921,1.51945,1.47,1.50
2013.04.29 17:00:32.043,1.51921,1.51943,1.28,1.50
2013.04.29 17:00:32.282,1.51918,1.51942,1.28,1.28
2013.04.29 17:00:33.063,1.51919,1.51944,1.50,1.28
2013.04.29 17:00:34.292,1.51921,1.51945,2.03,1.50
2013.04.29 17:00:34.613,1.51925,1.51948,1.28,1.65
2013.04.29 17:00:34.975,1.51927,1.51947,1.05,1.65
2013.04.29 17:00:39.768,1.51927,1.51948,1.05,1.65
2013.04.29 17:00:40.602,1.51925,1.51948,1.28,1.65
2013.04.29 17:00:41.200,1.51925,1.51949,2.03,1.13
2013.04.29 17:00:41.322,1.51927,1.51952,1.84,2.40
2013.04.29 17:00:42.055,1.51928,1.51944,1.28,1.13
2013.04.29 17:00:42.185,1.51925,1.51946,1.50,1.05
2013.04.29 17:00:42.254,1.5192,1.51939,1.28,1.50
2013.04.29 17:00:42.324,1.5192,1.51939,1.28,1.50
2013.04.29 17:00:42.654,1.5192,1.51936,1.13,1.13
2013.04.29 17:00:43.213,1.51924,1.5194,1.28,1.13
2013.04.29 17:00:43.515,1.51923,1.51945,1.09,1.50
2013.04.29 17:00:44.104,1.51921,1.51944,1.32,1.50
2013.04.29 17:00:44.185,1.51923,1.51947,1.32,1.65
2013.04.29 17:00:45.282,1.51925,1.51947,2.07,1.50
2013.04.29 17:00:45.945,1.51928,1.51949,1.13,1.50
2013.04.29 17:00:46.453,1.51928,1.5195,1.13,1.50
2013.04.29 17:00:46.943,1.5193,1.51953,2.40,1.88
2013.04.29 17:00:47.452,1.51933,1.51954,1.65,1.50
2013.04.29 17:00:50.683,1.51933,1.51955,1.28,1.50
2013.04.29 17:00:51.234,1.51931,1.51953,1.73,1.50
2013.04.29 17:00:52.080,1.51931,1.51953,1.43,1.50
2013.04.29 17:00:54.673,1.5193,1.51953,2.59,1.65
2013.04.29 17:00:55.221,1.5193,1.51951,1.28,1.50
2013.04.29 17:00:55.752,1.51929,1.51951,2.48,1.50
2013.04.29 17:00:56.053,1.51932,1.51954,3.53,1.65
2013.04.29 17:00:56.770,1.51933,1.51955,1.20,2.40
2013.04.29 17:00:57.073,1.51928,1.51951,3.72,1.50
2013.04.29 17:00:57.403,1.51928,1.5195,2.74,1.88
2013.04.29 17:01:00.403,1.51926,1.51947,3.53,1.65
2013.04.29 17:01:00.713,1.51921,1.51938,1.32,1.13
2013.04.29 17:01:00.957,1.51917,1.51938,1.47,1.88
2013.04.29 17:01:04.413,1.51917,1.51938,1.47,1.50
2013.04.29 17:01:04.834,1.51919,1.51939,1.50,2.63
2013.04.29 17:01:05.133,1.51918,1.51937,1.35,1.13
2013.04.29 17:01:05.192,1.51917,1.51937,2.55,1.13
2013.04.29 17:01:08.673,1.51917,1.51937,2.55,2.40
2013.04.29 17:01:08.983,1.51915,1.51933,1.80,1.13
2013.04.29 17:01:10.474,1.51916,1.51933,1.28,1.13
2013.04.29 17:01:10.604,1.51917,1.51938,2.67,1.50
2013.04.29 17:01:10.983,1.51918,1.5194,2.29,1.13
2013.04.29 17:01:11.297,1.51918,1.5194,2.10,1.88
2013.04.29 17:01:11.366,1.51916,1.5194,1.47,1.88
2013.04.29 17:01:11.763,1.51917,1.5194,1.69,1.13
2013.04.29 17:01:11.882,1.51918,1.5194,1.69,1.13
2013.04.29 17:01:12.243,1.51924,1.51944,1.09,1.50
2013.04.29 17:01:12.310,1.51923,1.51945,1.05,1.50
2013.04.29 17:01:12.553,1.51919,1.51942,1.54,1.50
2013.04.29 17:01:12.613,1.51919,1.51941,1.54,1.50
2013.04.29 17:01:12.733,1.5192,1.51943,1.28,1.50
2013.04.29 17:01:13.035,1.51919,1.51942,2.29,1.50
2013.04.29 17:01:13.223,1.51921,1.51945,1.47,1.50
2013.04.29 17:01:13.284,1.51921,1.51945,1.47,1.50
2013.04.29 17:01:13.415,1.51926,1.51946,1.28,1.13
2013.04.29 17:01:13.723,1.51928,1.51947,1.05,1.65
2013.04.29 17:01:14.269,1.51926,1.51947,1.35,1.65
2013.04.29 17:01:14.333,1.51926,1.51949,1.35,2.40
2013.04.29 17:01:14.645,1.51924,1.51949,1.28,2.40
2013.04.29 17:01:16.273,1.51922,1.51947,3.42,1.65
2013.04.29 17:01:16.583,1.51922,1.51947,2.74,1.50
2013.04.29 17:01:16.704,1.51922,1.51947,2.78,1.50
2013.04.29 17:01:21.712,1.51923,1.51948,1.88,2.40
2013.04.29 17:01:22.332,1.51923,1.51948,2.63,1.65
2013.04.29 17:01:23.884,1.51924,1.51948,2.03,1.65
2013.04.29 17:01:24.432,1.51926,1.51948,1.32,1.50
2013.04.29 17:01:24.871,1.51928,1.51954,1.32,2.03
2013.04.29 17:01:24.951,1.5193,1.51954,1.32,1.50
2013.04.29 17:01:28.392,1.5193,1.51953,1.32,1.65
2013.04.29 17:01:28.454,1.51929,1.51953,1.32,2.40
2013.04.29 17:01:28.593,1.51929,1.51952,1.13,1.65
2013.04.29 17:01:29.106,1.51926,1.51952,3.57,1.73
2013.04.29 17:01:29.172,1.51926,1.51949,2.07,2.03
2013.04.29 17:01:29.352,1.51924,1.51948,1.65,2.03
2013.04.29 17:01:29.473,1.51923,1.51947,1.39,1.73
2013.04.29 17:01:29.652,1.51923,1.51948,1.69,2.10
2013.04.29 17:01:30.035,1.51925,1.51948,1.50,2.03
2013.04.29 17:01:30.342,1.51927,1.51949,1.50,1.13
2013.04.29 17:01:31.132,1.51928,1.51952,1.50,1.65
2013.04.29 17:01:31.423,1.51927,1.51952,1.50,1.65
2013.04.29 17:01:32.943,1.51928,1.51951,1.50,1.73
2013.04.29 17:01:33.943,1.5193,1.51951,1.13,1.50
2013.04.29 17:01:34.063,1.5193,1.51953,1.88,1.50
2013.04.29 17:01:35.653,1.5193,1.5195,2.07,2.25
2013.04.29 17:01:35.967,1.5192,1.5194,1.84,1.50
2013.04.29 17:01:36.483,1.51915,1.5194,2.59,1.50
2013.04.29 17:01:37.574,1.51916,1.5194,1.73,1.50
2013.04.29 17:01:37.703,1.51919,1.51942,1.32,1.50
2013.04.29 17:01:38.234,1.51921,1.51942,1.32,1.50
2013.04.29 17:01:38.603,1.51923,1.51945,1.09,1.13
2013.04.29 17:01:38.663,1.51923,1.51946,1.09,1.50
2013.04.29 17:01:38.725,1.51929,1.51951,1.32,2.03
2013.04.29 17:01:38.915,1.51929,1.51951,1.32,1.50
2013.04.29 17:01:44.065,1.5193,1.51951,1.32,1.50
2013.04.29 17:01:44.681,1.5193,1.51953,1.32,1.50
2013.04.29 17:01:47.403,1.51934,1.51955,1.32,1.50
2013.04.29 17:01:50.803,1.51934,1.51955,1.32,1.50
2013.04.29 17:01:54.014,1.51934,1.51954,1.32,1.50
2013.04.29 17:01:54.600,1.51936,1.51956,1.32,1.50
2013.04.29 17:01:55.303,1.51937,1.51956,1.32,1.50
2013.04.29 17:01:55.423,1.51938,1.51961,3.23,1.09
2013.04.29 17:01:55.483,1.5194,1.51967,1.47,1.13
2013.04.29 17:01:55.794,1.51938,1.51962,1.88,2.48
2013.04.29 17:01:56.114,1.51938,1.51961,1.50,1.28
2013.04.29 17:01:56.362,1.51938,1.51961,1.50,1.28
2013.04.29 17:01:57.403,1.51938,1.5196,1.69,1.20
2013.04.29 17:01:58.023,1.51937,1.5196,2.22,1.13
2013.04.29 17:01:58.573,1.51938,1.5196,1.69,1.13
2013.04.29 17:01:59.783,1.51937,1.5196,1.69,1.54
2013.04.29 17:02:00.961,1.51936,1.51959,2.07,1.95
2013.04.29 17:02:02.403,1.51936,1.51958,2.07,1.58
2013.04.29 17:02:07.497,1.51935,1.51956,1.32,1.50
2013.04.29 17:02:09.153,1.51937,1.51958,1.84,1.95
2013.04.29 17:02:09.512,1.51937,1.51958,2.14,1.13
2013.04.29 17:02:10.077,1.51939,1.51958,1.28,1.13
2013.04.29 17:02:10.734,1.5194,1.51962,1.13,1.50
2013.04.29 17:02:10.912,1.5194,1.51963,1.32,1.13
2013.04.29 17:02:11.472,1.51941,1.51963,1.09,1.20
2013.04.29 17:02:14.323,1.5194,1.51961,1.32,1.50
2013.04.29 17:02:17.542,1.5194,1.51961,1.32,1.50
2013.04.29 17:02:18.005,1.51937,1.51961,1.47,1.95
2013.04.29 17:02:18.134,1.51937,1.51959,1.47,1.58
2013.04.29 17:02:18.373,1.51935,1.51958,2.07,1.20
2013.04.29 17:02:21.102,1.51935,1.51958,2.07,1.20
2013.04.29 17:02:21.163,1.51936,1.51958,1.32,1.13
2013.04.29 17:02:21.283,1.51936,1.51959,1.32,1.13
2013.04.29 17:02:21.593,1.51938,1.51962,1.13,2.44
2013.04.29 17:02:21.653,1.51936,1.51962,1.32,2.97
2013.04.29 17:02:26.332,1.51936,1.51961,1.32,1.20
2013.04.29 17:02:26.908,1.51936,1.5196,1.32,1.58
2013.04.29 17:02:26.973,1.51938,1.51962,1.32,2.59
2013.04.29 17:02:27.214,1.51939,1.51962,1.84,1.17
2013.04.29 17:02:27.283,1.51939,1.51964,1.80,1.95
2013.04.29 17:02:27.403,1.51939,1.51963,1.47,1.32
2013.04.29 17:02:27.523,1.51938,1.51963,1.24,2.07
2013.04.29 17:02:27.643,1.51936,1.51965,2.82,1.73
2013.04.29 17:02:27.763,1.51936,1.5196,1.92,1.58
2013.04.29 17:02:29.722,1.51934,1.5196,1.84,1.20
2013.04.29 17:02:31.081,1.51934,1.51961,1.84,2.82
2013.04.29 17:02:31.881,1.51934,1.51961,1.65,2.82
2013.04.29 17:02:32.420,1.51934,1.51961,1.84,2.82
2013.04.29 17:02:32.971,1.51934,1.5196,1.84,1.20
2013.04.29 17:02:33.091,1.51934,1.5196,1.84,1.20
2013.04.29 17:02:33.641,1.51934,1.5196,1.84,1.20
2013.04.29 17:02:35.191,1.51934,1.51959,1.84,1.13
2013.04.29 17:02:41.030,1.51934,1.5196,1.84,1.20
2013.04.29 17:02:41.792,1.51935,1.5196,1.62,1.20
2013.04.29 17:02:42.511,1.51935,1.5196,1.62,1.13
2013.04.29 17:02:43.029,1.51935,1.5196,1.62,1.20
2013.04.29 17:02:45.451,1.51936,1.51961,1.47,1.28
2013.04.29 17:02:45.922,1.51936,1.51961,1.47,1.35
2013.04.29 17:02:46.225,1.51933,1.51951,1.50,1.20
2013.04.29 17:02:46.294,1.51928,1.51949,1.84,1.13
2013.04.29 17:02:46.363,1.51928,1.51949,1.65,1.88
2013.04.29 17:02:46.725,1.51929,1.51952,1.13,1.13
2013.04.29 17:02:47.967,1.51931,1.51952,2.03,1.13
2013.04.29 17:02:48.808,1.51931,1.51954,2.59,1.95
2013.04.29 17:02:49.183,1.51933,1.51956,1.69,1.88
2013.04.29 17:02:49.482,1.51932,1.51958,2.74,1.13
2013.04.29 17:02:49.543,1.51934,1.5196,1.13,1.13
2013.04.29 17:02:49.603,1.51935,1.51963,1.80,2.33
2013.04.29 17:02:49.664,1.51937,1.5196,1.28,1.13
2013.04.29 17:02:51.224,1.51937,1.5196,1.32,1.13
2013.04.29 17:02:54.823,1.51938,1.51961,1.32,1.35
2013.04.29 17:02:55.164,1.5194,1.51962,1.13,1.50
2013.04.29 17:02:57.033,1.51938,1.5196,2.44,1.13
2013.04.29 17:02:57.153,1.51938,1.5196,1.69,1.13
2013.04.29 17:03:00.306,1.51937,1.5196,1.69,1.13
2013.04.29 17:03:00.613,1.51936,1.51958,2.59,1.50
2013.04.29 17:03:01.130,1.51936,1.51959,2.03,2.10
2013.04.29 17:03:02.513,1.51936,1.51959,1.88,1.13
2013.04.29 17:03:02.893,1.51937,1.51959,1.47,1.88
2013.04.29 17:03:03.467,1.51927,1.51948,2.03,1.28
2013.04.29 17:03:03.972,1.51926,1.51948,1.05,1.28
2013.04.29 17:03:04.672,1.51926,1.51952,1.43,1.28
2013.04.29 17:03:04.856,1.51925,1.51942,1.54,1.50
2013.04.29 17:03:04.925,1.51924,1.51942,1.13,1.50
2013.04.29 17:03:05.473,1.51924,1.51943,1.13,1.50
2013.04.29 17:03:07.753,1.51921,1.51944,1.69,1.50
2013.04.29 17:03:08.424,1.51919,1.51943,2.59,1.13
2013.04.29 17:03:09.333,1.51921,1.51943,1.13,1.13
2013.04.29 17:03:09.453,1.51921,1.51944,1.88,1.50
2013.04.29 17:03:10.259,1.51924,1.51944,1.32,1.50
2013.04.29 17:03:10.563,1.5193,1.51953,1.32,2.25
2013.04.29 17:03:10.683,1.51933,1.51956,1.32,1.58
2013.04.29 17:03:11.274,1.51933,1.51956,1.32,1.58
2013.04.29 17:03:11.883,1.51932,1.51954,1.09,1.50
2013.04.29 17:03:12.223,1.51932,1.51954,1.09,1.50
2013.04.29 17:03:13.083,1.51933,1.51957,1.84,1.58
2013.04.29 17:03:13.602,1.51934,1.51957,1.32,2.25
2013.04.29 17:03:14.743,1.51934,1.51957,1.32,2.25
2013.04.29 17:03:15.423,1.51933,1.51958,3.12,1.50
2013.04.29 17:03:16.153,1.51933,1.51955,2.22,1.28
2013.04.29 17:03:16.274,1.51931,1.51955,2.40,1.28
2013.04.29 17:03:16.513,1.51931,1.51953,1.50,1.13
2013.04.29 17:03:16.933,1.5193,1.51954,1.50,1.13
2013.04.29 17:03:17.694,1.51931,1.51955,1.13,1.50
2013.04.29 17:03:18.233,1.5193,1.51955,2.59,1.88
2013.04.29 17:03:19.443,1.5193,1.51955,2.22,1.50
2013.04.29 17:03:21.683,1.5193,1.51953,2.22,1.13
2013.04.29 17:03:21.839,1.51922,1.51946,1.69,2.03
2013.04.29 17:03:22.314,1.51921,1.51945,1.32,2.03
2013.04.29 17:03:22.845,1.51921,1.51945,1.32,2.03
2013.04.29 17:03:28.273,1.5192,1.51944,1.88,1.13
2013.04.29 17:03:30.954,1.5192,1.51941,2.74,1.13
2013.04.29 17:03:31.313,1.51917,1.51941,2.22,1.88
2013.04.29 17:03:31.924,1.51919,1.51941,1.13,1.13
2013.04.29 17:03:32.104,1.5192,1.51942,2.22,1.13
2013.04.29 17:03:32.644,1.51923,1.51947,1.32,1.58
2013.04.29 17:03:33.213,1.51921,1.51948,1.32,2.07
2013.04.29 17:03:34.816,1.51921,1.51948,1.32,2.07
2013.04.29 17:03:35.280,1.51921,1.51942,1.32,1.50
2013.04.29 17:03:35.533,1.51921,1.51942,1.32,1.50
2013.04.29 17:03:36.281,1.5192,1.51942,1.84,1.50
2013.04.29 17:03:36.783,1.5192,1.51945,1.84,1.50
2013.04.29 17:03:37.305,1.5192,1.51942,1.47,1.50
2013.04.29 17:03:40.456,1.5192,1.51942,1.47,1.50
2013.04.29 17:03:41.075,1.5192,1.51942,1.47,1.50
2013.04.29 17:03:45.038,1.51921,1.51944,1.69,1.95
2013.04.29 17:03:45.103,1.51921,1.51944,2.44,1.20
2013.04.29 17:03:48.685,1.51921,1.51944,1.69,1.20
2013.04.29 17:04:08.316,1.5192,1.51943,2.59,1.50
2013.04.29 17:04:10.655,1.51921,1.51944,1.47,1.13
2013.04.29 17:04:10.724,1.51921,1.51946,1.47,1.50
2013.04.29 17:04:10.793,1.51924,1.51947,1.32,1.50
2013.04.29 17:04:11.218,1.51925,1.51948,1.13,1.50
2013.04.29 17:04:11.345,1.51935,1.51954,1.13,1.05
2013.04.29 17:04:11.415,1.51935,1.51958,1.32,2.22
2013.04.29 17:04:11.485,1.51935,1.51955,1.47,1.13
2013.04.29 17:04:11.734,1.51929,1.51952,1.47,1.88
2013.04.29 17:04:11.873,1.51932,1.51954,1.50,1.50
2013.04.29 17:04:11.995,1.5193,1.51955,1.69,1.50
2013.04.29 17:04:12.125,1.51933,1.51955,1.47,1.50
2013.04.29 17:04:12.313,1.5193,1.51953,1.47,1.13
2013.04.29 17:04:12.435,1.51929,1.51951,2.85,1.88
2013.04.29 17:04:12.503,1.51929,1.51951,1.50,1.13
2013.04.29 17:04:12.623,1.51929,1.51953,1.69,1.13
2013.04.29 17:04:12.745,1.5193,1.51955,2.07,1.88
2013.04.29 17:04:12.993,1.51932,1.51955,1.69,1.88
2013.04.29 17:04:13.583,1.51932,1.51957,2.44,1.65
2013.04.29 17:04:18.683,1.51934,1.51956,1.28,1.28
2013.04.29 17:04:19.184,1.51932,1.51953,1.50,1.13
2013.04.29 17:04:19.494,1.51933,1.51956,1.09,2.63
2013.04.29 17:04:19.803,1.5194,1.51963,1.50,1.13
2013.04.29 17:04:20.164,1.51942,1.51965,2.59,1.50
2013.04.29 17:04:20.515,1.51944,1.51966,1.50,1.50
2013.04.29 17:04:21.065,1.51944,1.51967,1.69,1.50
2013.04.29 17:04:22.175,1.51943,1.51966,1.69,1.13
2013.04.29 17:04:22.485,1.51947,1.5197,1.32,2.03
2013.04.29 17:04:22.620,1.51947,1.5197,1.32,1.50
2013.04.29 17:04:23.303,1.51947,1.5197,1.32,1.50
2013.04.29 17:04:28.085,1.51946,1.5197,1.47,1.88
2013.04.29 17:04:28.604,1.51946,1.5197,2.07,1.13
2013.04.29 17:04:29.254,1.51946,1.51971,1.69,1.13
2013.04.29 17:04:29.564,1.51946,1.51969,1.69,2.55
2013.04.29 17:04:29.872,1.51939,1.51965,2.07,2.03
2013.04.29 17:04:30.174,1.51936,1.51961,1.69,1.88
2013.04.29 17:04:30.333,1.51936,1.51961,1.69,1.88
2013.04.29 17:04:30.814,1.51937,1.51961,1.69,1.13
2013.04.29 17:04:31.585,1.5194,1.51961,1.50,1.13
2013.04.29 17:04:31.655,1.51941,1.51964,1.50,2.18
2013.04.29 17:04:33.132,1.51941,1.51964,1.13,1.28
2013.04.29 17:04:33.192,1.51941,1.51965,1.32,1.13
2013.04.29 17:04:33.494,1.51942,1.51964,1.50,1.05
2013.04.29 17:04:34.203,1.51939,1.51964,1.50,1.80
2013.04.29 17:04:35.427,1.51939,1.51961,1.50,1.13
2013.04.29 17:04:35.497,1.51936,1.51958,1.28,1.50
2013.04.29 17:04:36.005,1.51934,1.5196,2.59,1.13
2013.04.29 17:04:36.313,1.51939,1.51962,1.50,1.88
2013.04.29 17:04:36.554,1.51939,1.51962,1.50,1.13
2013.04.29 17:04:41.353,1.51939,1.51963,1.50,2.25
2013.04.29 17:04:44.624,1.51937,1.51962,2.03,1.50
2013.04.29 17:04:45.272,1.51937,1.51962,1.50,1.28
2013.04.29 17:04:45.585,1.51941,1.51965,1.50,2.93
2013.04.29 17:04:49.015,1.51941,1.51964,1.50,1.65
2013.04.29 17:04:50.385,1.51941,1.51963,1.50,1.13
2013.04.29 17:04:51.203,1.51943,1.51967,1.13,1.13
2013.04.29 17:04:51.324,1.51943,1.51969,1.84,1.65
2013.04.29 17:04:52.393,1.51946,1.5197,1.50,1.50
2013.04.29 17:04:52.456,1.51946,1.51971,1.50,1.88
2013.04.29 17:04:56.483,1.51947,1.5197,2.22,1.50
2013.04.29 17:04:57.175,1.51947,1.5197,2.59,1.50
2013.04.29 17:04:58.018,1.51949,1.5197,1.13,1.50
2013.04.29 17:05:08.393,1.5195,1.51973,1.28,1.50
2013.04.29 17:05:10.692,1.5195,1.51973,1.28,1.50
2013.04.29 17:05:14.455,1.51951,1.51973,1.28,1.50
2013.04.29 17:05:15.634,1.51951,1.51975,1.47,1.88
2013.04.29 17:05:31.301,1.51952,1.51974,1.28,1.13
2013.04.29 17:05:34.143,1.51953,1.51975,1.09,1.50
2013.04.29 17:05:34.645,1.51953,1.51977,2.59,1.50
2013.04.29 17:05:35.373,1.51953,1.51976,2.22,1.88
2013.04.29 17:05:35.613,1.51951,1.51974,1.54,1.13
2013.04.29 17:05:38.980,1.51951,1.51976,3.12,2.40
2013.04.29 17:05:39.065,1.51958,1.51984,1.13,1.65
2013.04.29 17:05:39.196,1.51964,1.51985,1.28,2.40
2013.04.29 17:05:39.267,1.51964,1.51985,1.28,3.00
2013.04.29 17:05:39.394,1.51967,1.5199,1.58,1.13
2013.04.29 17:05:39.714,1.51964,1.51985,1.02,1.13
2013.04.29 17:05:39.774,1.51962,1.51985,2.93,1.13
2013.04.29 17:05:40.212,1.51963,1.51986,1.28,1.28
2013.04.29 17:05:40.273,1.51963,1.51986,1.28,1.28
2013.04.29 17:05:40.516,1.51973,1.51995,2.07,1.50
2013.04.29 17:05:40.705,1.51975,1.51999,1.47,1.13
2013.04.29 17:05:40.776,1.51976,1.51999,1.35,1.13
2013.04.29 17:05:41.673,1.51976,1.52002,1.35,1.28
2013.04.29 17:05:41.973,1.51974,1.51999,2.97,1.13
2013.04.29 17:05:42.154,1.51974,1.51999,2.97,1.88
2013.04.29 17:05:42.275,1.51974,1.51999,2.22,2.63
2013.04.29 17:05:43.273,1.51975,1.51999,1.69,1.13
2013.04.29 17:05:44.245,1.51975,1.51999,1.69,1.13
2013.04.29 17:05:44.564,1.51978,1.52002,2.07,1.50
2013.04.29 17:05:44.624,1.51978,1.52004,2.59,1.88
2013.04.29 17:05:44.955,1.5198,1.52004,1.47,1.88
2013.04.29 17:05:45.325,1.51979,1.52003,1.47,1.50
2013.04.29 17:05:46.836,1.51979,1.52003,1.69,1.50
2013.04.29 17:05:47.473,1.51978,1.52003,1.84,1.50
2013.04.29 17:05:48.319,1.51979,1.52003,1.99,1.50
2013.04.29 17:05:54.233,1.51977,1.52003,2.29,1.50
2013.04.29 17:05:54.834,1.51977,1.52003,2.29,1.50
2013.04.29 17:06:02.324,1.51979,1.52003,1.47,1.50
2013.04.29 17:06:02.845,1.51979,1.52003,1.28,1.50
2013.04.29 17:06:03.565,1.51979,1.52003,2.03,1.50
2013.04.29 17:06:04.076,1.51979,1.52003,1.65,1.50
2013.04.29 17:06:07.733,1.51977,1.52003,2.48,1.50
2013.04.29 17:06:08.822,1.51977,1.52003,2.29,1.50
2013.04.29 17:06:12.354,1.51979,1.52003,1.47,1.50
2013.04.29 17:06:15.374,1.5198,1.52005,1.69,1.50
2013.04.29 17:06:19.540,1.51978,1.52002,1.69,1.13
2013.04.29 17:06:19.725,1.5197,1.51985,1.05,1.35
2013.04.29 17:06:19.857,1.5196,1.51985,1.50,2.03
2013.04.29 17:06:19.925,1.51958,1.51978,1.69,1.50
2013.04.29 17:06:20.249,1.51941,1.51965,2.59,1.13
2013.04.29 17:06:20.444,1.51941,1.51965,1.84,1.13
2013.04.29 17:06:21.003,1.51942,1.51965,1.32,1.13
2013.04.29 17:06:22.465,1.51942,1.51965,1.32,1.13
2013.04.29 17:06:22.749,1.51949,1.5197,1.32,1.50
2013.04.29 17:06:22.935,1.51951,1.51975,2.78,1.58
2013.04.29 17:06:24.004,1.51951,1.51976,2.03,1.50
2013.04.29 17:06:25.024,1.51952,1.51976,1.58,1.50
2013.04.29 17:06:25.803,1.51952,1.51976,1.28,2.40
2013.04.29 17:06:27.965,1.51954,1.51976,1.50,1.65
2013.04.29 17:06:28.514,1.51954,1.51978,2.03,2.33
2013.04.29 17:06:29.524,1.51953,1.51976,1.65,1.65
2013.04.29 17:06:29.873,1.51953,1.51979,1.13,2.40
2013.04.29 17:06:29.934,1.51958,1.51979,1.28,1.13
2013.04.29 17:06:30.493,1.51958,1.5198,1.28,1.65
2013.04.29 17:06:30.794,1.51957,1.51979,3.53,1.50
2013.04.29 17:06:33.939,1.51958,1.51983,2.03,1.50
2013.04.29 17:06:34.066,1.51962,1.51986,1.50,2.18
2013.04.29 17:06:35.343,1.51962,1.51986,1.65,1.65
2013.04.29 17:06:37.893,1.51962,1.51986,1.28,1.65
2013.04.29 17:06:38.344,1.51963,1.51988,2.25,2.25
2013.04.29 17:06:39.253,1.51963,1.51987,1.69,1.50
2013.04.29 17:06:40.134,1.51963,1.51986,1.69,1.13
2013.04.29 17:06:40.465,1.51959,1.51979,1.50,1.58
2013.04.29 17:06:40.593,1.51954,1.51975,1.13,1.50
2013.04.29 17:06:40.954,1.5195,1.51975,1.69,2.78
2013.04.29 17:06:46.583,1.51951,1.51974,1.50,1.50
2013.04.29 17:06:51.724,1.5195,1.51976,1.69,3.15
2013.04.29 17:06:51.844,1.51953,1.51976,1.28,2.40
2013.04.29 17:06:52.234,1.51954,1.51977,1.69,1.28
2013.04.29 17:06:57.085,1.51954,1.51977,1.28,1.65
2013.04.29 17:06:57.273,1.51951,1.51975,1.69,1.28
2013.04.29 17:06:57.453,1.51952,1.51978,1.13,2.93
2013.04.29 17:06:57.822,1.51954,1.51979,2.03,1.13
2013.04.29 17:07:00.372,1.51953,1.51978,1.28,1.35
2013.04.29 17:07:02.413,1.51949,1.51977,1.28,2.03
2013.04.29 17:07:02.475,1.51947,1.51976,1.28,1.28
2013.04.29 17:07:02.663,1.51944,1.51968,1.28,1.50
2013.04.29 17:07:03.225,1.51942,1.51968,1.58,1.50
2013.04.29 17:07:03.352,1.51944,1.51969,1.28,1.20
2013.04.29 17:07:03.413,1.51945,1.5197,2.40,1.50
2013.04.29 17:07:03.533,1.51945,1.51971,2.22,1.13
2013.04.29 17:07:03.595,1.51945,1.51971,2.03,1.88
2013.04.29 17:07:03.663,1.51944,1.51969,2.10,1.13
2013.04.29 17:07:03.724,1.51942,1.51969,1.28,1.13
2013.04.29 17:07:04.214,1.5194,1.51965,1.50,1.65
2013.04.29 17:07:04.342,1.51937,1.51965,1.50,1.13
2013.04.29 17:07:04.463,1.51936,1.51961,2.03,1.65
2013.04.29 17:07:04.885,1.51935,1.51959,1.69,1.65
2013.04.29 17:07:06.971,1.5194,1.51963,1.47,1.13
2013.04.29 17:07:07.038,1.5194,1.5196,1.47,1.65
2013.04.29 17:07:07.105,1.51938,1.5196,2.85,1.65
2013.04.29 17:07:07.355,1.51937,1.51961,1.69,1.50
2013.04.29 17:07:09.362,1.51937,1.51962,1.69,3.15
2013.04.29 17:07:09.484,1.51939,1.51963,2.44,1.05
2013.04.29 17:07:09.548,1.51942,1.51966,1.69,1.28
2013.04.29 17:07:09.914,1.51942,1.51965,1.69,1.50
2013.04.29 17:07:10.220,1.51936,1.51958,1.28,1.50
2013.04.29 17:07:10.345,1.51935,1.51958,1.50,1.50
2013.04.29 17:07:16.603,1.51935,1.51958,1.69,2.03
2013.04.29 17:07:17.162,1.51934,1.51957,1.69,2.03
2013.04.29 17:07:19.475,1.51934,1.51956,1.69,2.25
2013.04.29 17:07:19.604,1.51933,1.51956,1.69,3.00
2013.04.29 17:07:22.594,1.51933,1.51955,1.50,2.25
2013.04.29 17:07:23.924,1.51933,1.51956,1.50,1.50
2013.04.29 17:07:24.145,1.51933,1.51956,1.50,1.65
2013.04.29 17:07:24.286,1.51931,1.51954,1.69,2.93
2013.04.29 17:07:24.355,1.51928,1.51953,2.07,3.53
2013.04.29 17:07:24.426,1.51928,1.51951,1.32,1.50
2013.04.29 17:07:24.977,1.51928,1.51948,1.32,1.28
2013.04.29 17:07:25.285,1.51923,1.51948,1.69,1.28
2013.04.29 17:07:25.774,1.51924,1.51951,1.69,3.68
2013.04.29 17:07:27.704,1.51925,1.51948,1.69,1.28
2013.04.29 17:07:27.765,1.51924,1.51948,1.69,2.03
2013.04.29 17:07:28.735,1.51923,1.51948,1.69,2.78
2013.04.29 17:07:28.926,1.51915,1.51936,1.50,1.43
2013.04.29 17:07:28.994,1.51914,1.51936,1.88,2.55
2013.04.29 17:07:29.185,1.51911,1.51934,1.13,2.40
2013.04.29 17:07:30.346,1.51911,1.51931,1.13,1.50
2013.04.29 17:07:30.855,1.51908,1.51931,1.69,2.78
2013.04.29 17:07:32.306,1.51906,1.51928,1.69,1.28
2013.04.29 17:07:32.434,1.51904,1.51926,1.32,1.28
2013.04.29 17:07:33.106,1.51904,1.51927,1.32,1.28
2013.04.29 17:07:33.426,1.51905,1.51931,1.32,4.43
2013.04.29 17:07:37.979,1.51905,1.51929,2.07,2.25
2013.04.29 17:07:39.644,1.51905,1.51926,1.32,1.28
2013.04.29 17:07:39.712,1.51904,1.51925,1.69,1.50
2013.04.29 17:07:39.895,1.519,1.51923,2.07,2.03
2013.04.29 17:07:39.964,1.519,1.51923,1.88,2.85
2013.04.29 17:07:40.323,1.519,1.51925,3.57,2.03
2013.04.29 17:07:41.973,1.519,1.51925,1.69,2.40
2013.04.29 17:07:42.894,1.51901,1.51924,1.69,1.13
2013.04.29 17:07:44.553,1.519,1.51923,1.69,1.88
2013.04.29 17:07:44.700,1.51896,1.51919,1.50,2.03
2013.04.29 17:07:44.825,1.51895,1.51916,1.50,1.28
2013.04.29 17:07:45.134,1.51878,1.51902,1.69,1.28
2013.04.29 17:07:45.613,1.51877,1.51901,1.32,1.28
2013.04.29 17:07:45.674,1.5187,1.519,1.50,2.10
2013.04.29 17:07:45.743,1.51871,1.51898,2.63,1.65
2013.04.29 17:07:45.805,1.51869,1.51883,1.13,1.50
2013.04.29 17:07:45.877,1.51866,1.51883,1.13,1.50
2013.04.29 17:07:45.950,1.51866,1.51885,1.13,1.50
2013.04.29 17:07:46.016,1.51861,1.51885,1.50,2.63
2013.04.29 17:07:46.437,1.51865,1.51885,1.50,1.13
2013.04.29 17:07:46.685,1.51867,1.5189,1.69,1.50
2013.04.29 17:07:46.754,1.5187,1.5189,1.50,1.50
2013.04.29 17:07:50.514,1.51868,1.5189,1.50,3.00
2013.04.29 17:07:50.573,1.51868,1.5189,1.88,3.00
2013.04.29 17:07:50.649,1.51868,1.5189,1.88,2.63
2013.04.29 17:07:50.774,1.51863,1.51886,1.50,2.78
2013.04.29 17:07:50.835,1.51862,1.51884,1.13,1.50
2013.04.29 17:07:50.972,1.51862,1.51879,1.13,2.25
2013.04.29 17:07:51.034,1.51858,1.51878,1.50,3.00
2013.04.29 17:07:51.103,1.51857,1.51878,1.28,1.50
2013.04.29 17:07:51.343,1.51855,1.51879,2.25,3.00
2013.04.29 17:07:52.005,1.51855,1.51878,1.69,1.50
2013.04.29 17:07:52.134,1.51855,1.51879,1.50,1.50
2013.04.29 17:07:52.324,1.51853,1.51879,1.69,1.50
2013.04.29 17:07:52.445,1.51853,1.51879,1.69,2.25
2013.04.29 17:07:52.514,1.51856,1.51879,1.50,2.25
2013.04.29 17:07:53.074,1.51859,1.51882,1.50,1.50
2013.04.29 17:07:53.953,1.51859,1.51884,1.50,1.50
2013.04.29 17:07:54.504,1.51857,1.51883,1.50,1.28
2013.04.29 17:07:56.455,1.51856,1.51881,1.69,1.50
2013.04.29 17:07:56.774,1.51865,1.51889,1.50,1.65
2013.04.29 17:07:57.094,1.51865,1.51889,1.50,1.28
2013.04.29 17:07:58.993,1.51864,1.51888,2.03,1.50
2013.04.29 17:07:59.113,1.51864,1.51889,1.28,2.40
2013.04.29 17:07:59.173,1.51864,1.51889,1.28,3.15
2013.04.29 17:07:59.533,1.51861,1.51885,1.28,1.50
2013.04.29 17:08:01.464,1.51861,1.51885,2.37,1.50
2013.04.29 17:08:01.654,1.51867,1.51892,1.50,1.50
2013.04.29 17:08:02.605,1.51867,1.51891,2.03,1.50
2013.04.29 17:08:03.125,1.51865,1.5189,1.50,1.50
2013.04.29 17:08:04.714,1.51865,1.51891,1.50,2.25
2013.04.29 17:08:05.276,1.51868,1.51891,1.47,1.50
2013.04.29 17:08:06.865,1.51867,1.51891,2.10,1.50
2013.04.29 17:08:07.684,1.51869,1.51892,1.65,1.50
2013.04.29 17:08:07.863,1.51869,1.51894,2.97,1.13
2013.04.29 17:08:08.043,1.51869,1.51894,2.22,1.13
2013.04.29 17:08:08.103,1.51869,1.51893,1.47,1.50
2013.04.29 17:08:08.430,1.51869,1.51891,1.47,1.50
2013.04.29 17:08:08.963,1.51869,1.51891,1.47,1.50
2013.04.29 17:08:12.004,1.5187,1.51893,1.32,1.58
2013.04.29 17:08:12.075,1.51872,1.51895,2.03,1.50
2013.04.29 17:08:12.144,1.51875,1.51895,1.09,1.50
2013.04.29 17:08:12.334,1.5188,1.51902,1.47,1.13
2013.04.29 17:08:16.363,1.51881,1.51904,1.32,1.50
2013.04.29 17:08:16.915,1.51881,1.51904,2.07,1.50
2013.04.29 17:08:17.045,1.51887,1.51909,1.50,1.65
2013.04.29 17:08:17.115,1.51889,1.5191,1.32,1.43
2013.04.29 17:08:17.184,1.51891,1.51915,1.13,1.28
2013.04.29 17:08:17.254,1.51894,1.51918,1.09,2.40
2013.04.29 17:08:17.966,1.51896,1.5192,2.29,1.50
2013.04.29 17:08:18.885,1.51896,1.5192,1.47,1.50
2013.04.29 17:08:20.464,1.51898,1.51922,1.09,1.88
2013.04.29 17:08:20.525,1.51899,1.51923,1.09,1.50
2013.04.29 17:08:20.833,1.51899,1.51924,1.32,2.25
2013.04.29 17:08:20.895,1.51899,1.51924,1.09,2.25
2013.04.29 17:08:20.964,1.51898,1.51922,1.62,1.50
2013.04.29 17:08:21.024,1.51898,1.51922,1.43,1.50
2013.04.29 17:08:21.725,1.51896,1.5192,1.88,1.50
2013.04.29 17:08:21.913,1.51896,1.5192,1.50,1.50
2013.04.29 17:08:23.915,1.51891,1.51915,2.07,1.65
2013.04.29 17:08:24.234,1.51879,1.51904,1.13,2.25
2013.04.29 17:08:24.545,1.51879,1.51902,1.13,1.50
2013.04.29 17:08:24.739,1.51876,1.51902,1.47,1.50
2013.04.29 17:08:28.664,1.51873,1.51894,1.65,1.13
2013.04.29 17:08:28.725,1.51871,1.51893,1.28,1.50
2013.04.29 17:08:28.794,1.51871,1.51891,1.28,1.50
2013.04.29 17:08:29.094,1.51863,1.51886,1.32,1.50
2013.04.29 17:08:29.874,1.51862,1.51886,1.09,1.50
2013.04.29 17:08:30.605,1.51863,1.51886,1.32,1.50
2013.04.29 17:08:30.674,1.51864,1.51887,1.13,1.50
2013.04.29 17:08:30.864,1.51867,1.51892,1.09,2.18
2013.04.29 17:08:30.924,1.51869,1.51892,1.13,1.05
2013.04.29 17:08:31.284,1.51871,1.51895,1.32,1.13
2013.04.29 17:08:31.588,1.51878,1.51899,1.50,1.13
2013.04.29 17:08:31.658,1.5188,1.51902,1.13,1.50
2013.04.29 17:08:31.788,1.51881,1.51903,1.13,1.28
2013.04.29 17:08:31.855,1.51882,1.51905,1.84,1.58
2013.04.29 17:08:38.744,1.51882,1.51907,1.84,1.95
2013.04.29 17:08:39.134,1.5188,1.51903,1.32,1.50
2013.04.29 17:08:39.686,1.5188,1.51905,2.07,1.58
2013.04.29 17:08:39.944,1.5188,1.51903,1.32,1.50
2013.04.29 17:08:40.003,1.51883,1.51903,1.28,1.50
2013.04.29 17:08:43.083,1.51879,1.51903,1.69,1.50
2013.04.29 17:08:44.176,1.5188,1.51903,1.80,1.50
2013.04.29 17:08:44.830,1.5188,1.519,1.80,1.20
2013.04.29 17:08:44.956,1.51877,1.51893,1.05,1.20
2013.04.29 17:08:45.026,1.51867,1.51893,1.35,1.20
2013.04.29 17:08:45.095,1.51866,1.51893,1.28,1.95
2013.04.29 17:08:45.345,1.51867,1.51889,1.47,1.50
2013.04.29 17:08:45.474,1.51869,1.51892,1.47,1.50
2013.04.29 17:08:45.535,1.51868,1.51892,1.47,1.50
2013.04.29 17:08:46.094,1.51872,1.51893,1.99,1.88
2013.04.29 17:08:46.643,1.5187,1.51893,1.47,1.50
2013.04.29 17:08:47.153,1.5187,1.51896,1.47,1.50
2013.04.29 17:08:48.555,1.51872,1.51896,1.32,1.50
2013.04.29 17:08:48.684,1.51877,1.519,1.32,1.50
2013.04.29 17:08:48.805,1.51877,1.51903,2.07,1.28
2013.04.29 17:08:49.384,1.51877,1.51904,2.59,1.73
2013.04.29 17:08:49.785,1.51877,1.51901,2.44,1.20
2013.04.29 17:08:50.034,1.51868,1.51892,1.50,1.50
2013.04.29 17:08:50.904,1.51867,1.51891,1.50,1.50
2013.04.29 17:08:53.086,1.51863,1.5189,2.78,1.50
2013.04.29 17:08:53.214,1.51863,1.51884,2.40,1.50
2013.04.29 17:08:53.573,1.51857,1.51878,1.13,1.50
2013.04.29 17:08:53.633,1.51855,1.51878,1.28,1.50
2013.04.29 17:09:00.385,1.51855,1.5188,2.03,1.50
2013.04.29 17:09:00.903,1.51855,1.5188,2.03,1.50
2013.04.29 17:09:01.464,1.51859,1.51883,1.50,1.50
2013.04.29 17:09:01.775,1.51862,1.51886,1.50,1.50
2013.04.29 17:09:02.334,1.51863,1.51886,1.50,1.50
2013.04.29 17:09:02.885,1.51864,1.51889,2.03,1.65
2013.04.29 17:09:07.104,1.51866,1.51889,1.13,1.50
2013.04.29 17:09:08.052,1.51867,1.51889,1.69,1.50
2013.04.29 17:09:11.026,1.51865,1.51887,1.47,1.50
2013.04.29 17:09:16.164,1.51865,1.51887,1.47,1.50
2013.04.29 17:09:16.704,1.51866,1.51888,1.69,1.50
2013.04.29 17:09:17.174,1.51867,1.51888,1.69,1.50
2013.04.29 17:09:19.424,1.51867,1.51891,1.69,1.50
2013.04.29 17:09:23.244,1.51866,1.51888,1.69,1.50
2013.04.29 17:09:28.483,1.51865,1.51889,1.88,1.50
2013.04.29 17:09:28.923,1.51865,1.51889,1.13,1.50
2013.04.29 17:09:29.226,1.51865,1.51889,1.69,1.50
2013.04.29 17:09:29.534,1.51865,1.51889,1.69,1.50
2013.04.29 17:09:34.676,1.51865,1.51889,1.88,1.50
2013.04.29 17:09:34.805,1.51865,1.51889,1.69,1.50
2013.04.29 17:09:35.163,1.51866,1.51892,1.69,2.48
2013.04.29 17:09:35.928,1.51866,1.51892,1.69,2.10
2013.04.29 17:09:36.234,1.51867,1.51892,1.69,2.03
2013.04.29 17:09:37.463,1.51868,1.51893,1.69,2.25
2013.04.29 17:09:38.164,1.51866,1.5189,1.84,1.50
2013.04.29 17:09:38.685,1.51866,1.51889,1.69,1.28
2013.04.29 17:09:38.756,1.51865,1.51889,1.69,2.03
2013.04.29 17:09:39.004,1.51865,1.51887,1.50,1.50
2013.04.29 17:09:42.054,1.5186,1.51887,1.50,3.15
2013.04.29 17:09:42.175,1.5186,1.51882,1.50,1.50
2013.04.29 17:09:42.424,1.5186,1.51882,1.50,1.50
2013.04.29 17:09:42.494,1.51856,1.51879,2.03,1.65
2013.04.29 17:09:42.565,1.51856,1.51878,1.28,1.65
2013.04.29 17:09:42.635,1.51853,1.51875,1.13,1.50
2013.04.29 17:09:42.764,1.5185,1.51872,1.28,1.28
2013.04.29 17:09:43.006,1.51851,1.51875,1.50,2.85
2013.04.29 17:09:43.333,1.51853,1.51877,1.88,1.50
2013.04.29 17:09:43.573,1.51853,1.5188,1.88,2.78
2013.04.29 17:09:43.814,1.51852,1.51878,2.40,1.50
2013.04.29 17:09:44.294,1.51852,1.51878,1.50,2.03
2013.04.29 17:09:44.414,1.51851,1.51875,1.50,1.50
2013.04.29 17:09:44.934,1.51848,1.51873,1.69,1.28
2013.04.29 17:09:45.426,1.5185,1.51875,1.09,1.50
2013.04.29 17:09:45.736,1.51852,1.51873,1.32,1.50
2013.04.29 17:09:46.297,1.5185,1.51874,1.69,1.50
2013.04.29 17:09:46.607,1.51851,1.51877,1.69,1.28
2013.04.29 17:09:46.914,1.51857,1.5188,1.09,1.50
2013.04.29 17:09:47.104,1.51857,1.5188,1.09,1.50
2013.04.29 17:09:48.863,1.51858,1.51881,1.09,1.50
2013.04.29 17:09:49.545,1.51859,1.51883,1.69,1.50
2013.04.29 17:09:52.996,1.51861,1.51882,1.69,1.50
2013.04.29 17:09:53.064,1.51862,1.51886,1.50,1.50
2013.04.29 17:09:54.854,1.51863,1.51886,1.09,1.50
2013.04.29 17:09:55.214,1.51866,1.5189,2.22,1.50
2013.04.29 17:09:55.345,1.51866,1.51888,2.22,1.13
2013.04.29 17:09:55.854,1.51866,1.51887,1.28,1.13
2013.04.29 17:09:57.475,1.51868,1.51892,2.33,2.03
2013.04.29 17:09:57.785,1.5188,1.51898,1.84,1.13
2013.04.29 17:09:58.295,1.51882,1.51904,1.69,1.13
2013.04.29 17:10:03.304,1.51883,1.51906,1.32,1.50
2013.04.29 17:10:03.497,1.51884,1.51909,1.62,2.63
2013.04.29 17:10:03.564,1.51884,1.51906,1.47,1.50
2013.04.29 17:10:03.623,1.51882,1.51903,1.35,1.50
2013.04.29 17:10:03.743,1.51881,1.51903,2.22,2.25
2013.04.29 17:10:03.806,1.51879,1.51902,1.50,1.35
2013.04.29 17:10:03.936,1.51879,1.51902,1.13,1.28
2013.04.29 17:10:04.324,1.51879,1.51902,1.32,1.35
2013.04.29 17:10:04.635,1.51873,1.51896,1.69,1.50
2013.04.29 17:10:05.313,1.51872,1.51896,2.22,1.50
2013.04.29 17:10:05.967,1.51873,1.51896,1.32,1.50
2013.04.29 17:10:06.036,1.51872,1.51896,2.37,1.50
2013.04.29 17:10:06.915,1.51872,1.51898,3.12,1.95
2013.04.29 17:10:06.984,1.51873,1.51898,1.69,2.33
2013.04.29 17:10:07.523,1.51875,1.519,1.09,2.85
2013.04.29 17:10:08.864,1.51875,1.519,1.09,2.85
2013.04.29 17:10:09.774,1.51873,1.51896,1.69,1.20
2013.04.29 17:10:10.171,1.51872,1.51896,1.69,1.95
2013.04.29 17:10:11.104,1.51872,1.51896,1.69,1.95
2013.04.29 17:10:11.986,1.51872,1.51896,1.69,1.95
2013.04.29 17:10:12.874,1.51872,1.51892,1.69,1.13
2013.04.29 17:10:12.936,1.51869,1.51892,1.28,1.20
2013.04.29 17:10:13.004,1.51863,1.51889,1.47,1.35
2013.04.29 17:10:13.064,1.51863,1.51887,1.47,1.58
2013.04.29 17:10:13.254,1.51858,1.51883,1.84,1.50
2013.04.29 17:10:20.654,1.5186,1.51881,1.69,1.50
2013.04.29 17:10:22.685,1.51861,1.51886,2.78,1.88
2013.04.29 17:10:22.754,1.51863,1.51887,1.39,1.13
2013.04.29 17:10:22.815,1.51866,1.51889,1.69,1.88
2013.04.29 17:10:22.874,1.51868,1.51889,1.50,1.88
2013.04.29 17:10:23.062,1.51866,1.5189,1.69,1.50
2013.04.29 17:10:23.126,1.51865,1.51887,1.69,1.13
2013.04.29 17:10:23.373,1.51862,1.51887,1.69,1.88
2013.04.29 17:10:23.434,1.51862,1.51887,1.69,1.88
2013.04.29 17:10:23.954,1.51861,1.51884,1.69,1.50
2013.04.29 17:10:24.074,1.51855,1.51879,1.50,1.28
2013.04.29 17:10:24.374,1.51854,1.51879,1.50,1.50
2013.04.29 17:10:24.567,1.51854,1.51881,1.50,2.40
2013.04.29 17:10:24.635,1.51859,1.51882,1.50,2.55
2013.04.29 17:10:25.135,1.51859,1.51883,1.50,3.00
2013.04.29 17:10:27.397,1.51859,1.51883,1.50,3.00
2013.04.29 17:10:27.606,1.51856,1.51882,1.47,2.25
2013.04.29 17:10:27.934,1.51853,1.51878,2.22,1.50
2013.04.29 17:10:28.065,1.51856,1.5188,1.69,1.28
2013.04.29 17:10:28.255,1.51855,1.5188,1.69,1.28
2013.04.29 17:10:28.326,1.51855,1.51879,1.47,1.50
2013.04.29 17:10:28.873,1.5185,1.51876,2.22,1.65
2013.04.29 17:10:28.934,1.5185,1.51874,1.28,1.50
2013.04.29 17:10:29.054,1.51851,1.51877,1.50,2.40
2013.04.29 17:10:29.174,1.51854,1.51879,1.50,1.88
2013.04.29 17:10:29.914,1.51855,1.5188,1.69,1.50
2013.04.29 17:10:31.825,1.51857,1.5188,1.69,1.50
2013.04.29 17:10:32.074,1.51853,1.51879,1.69,1.58
2013.04.29 17:10:32.924,1.51851,1.51878,1.69,2.63
2013.04.29 17:10:34.716,1.51854,1.51879,1.69,2.85
2013.04.29 17:10:38.874,1.51854,1.51879,2.22,1.58
2013.04.29 17:10:42.315,1.51855,1.5188,1.69,1.20
2013.04.29 17:10:42.614,1.51848,1.51871,1.58,2.25
2013.04.29 17:10:42.674,1.51847,1.51871,1.28,2.78
2013.04.29 17:10:43.128,1.51845,1.5187,2.44,2.25
2013.04.29 17:10:51.233,1.51841,1.51868,2.22,1.50
2013.04.29 17:10:51.534,1.51841,1.51866,2.22,1.50
2013.04.29 17:10:52.693,1.51841,1.5187,1.84,1.13
2013.04.29 17:10:52.755,1.51843,1.5187,1.17,1.13
2013.04.29 17:10:52.824,1.51843,1.51868,1.92,1.50
2013.04.29 17:10:53.375,1.51843,1.51868,1.92,1.50
2013.04.29 17:10:53.895,1.51843,1.51868,1.92,1.50
2013.04.29 17:10:54.394,1.51843,1.51871,1.17,1.50
2013.04.29 17:10:54.453,1.51843,1.51872,1.17,1.65
2013.04.29 17:10:54.633,1.51844,1.51871,1.62,1.50
2013.04.29 17:10:57.841,1.51844,1.51867,1.62,1.50
2013.04.29 17:10:59.523,1.51843,1.51871,1.92,1.50
2013.04.29 17:10:59.582,1.51843,1.51872,1.17,1.28
2013.04.29 17:11:00.314,1.51844,1.51871,1.62,1.50
2013.04.29 17:11:01.141,1.51844,1.51868,1.62,1.50
2013.04.29 17:11:02.565,1.51844,1.51868,1.09,1.50
2013.04.29 17:11:06.424,1.51844,1.51868,1.09,1.50
2013.04.29 17:11:09.485,1.51844,1.51867,1.09,1.65
2013.04.29 17:11:10.046,1.51844,1.51867,1.09,1.65
2013.04.29 17:11:10.484,1.51844,1.51867,1.09,1.28
2013.04.29 17:11:10.784,1.51843,1.51867,1.69,1.28
2013.04.29 17:11:14.203,1.5184,1.51867,1.84,2.03
2013.04.29 17:11:14.504,1.5184,1.51863,1.69,1.50
2013.04.29 17:11:20.394,1.5184,1.51865,1.84,2.03
2013.04.29 17:11:20.513,1.51841,1.51865,1.69,1.28
2013.04.29 17:11:22.393,1.51841,1.51866,1.69,1.50
2013.04.29 17:11:27.785,1.51841,1.51866,1.69,1.50
2013.04.29 17:11:30.214,1.51841,1.51867,1.50,2.03
2013.04.29 17:11:30.334,1.51844,1.51867,1.09,1.28
2013.04.29 17:11:30.635,1.51847,1.51872,2.40,1.13
2013.04.29 17:11:30.883,1.51847,1.51872,2.37,1.50
2013.04.29 17:11:31.123,1.51847,1.51872,2.37,1.50
2013.04.29 17:11:33.574,1.51848,1.51868,1.47,2.40
2013.04.29 17:11:33.885,1.51841,1.51864,2.59,1.50
2013.04.29 17:11:33.943,1.51841,1.51864,2.22,1.50
2013.04.29 17:11:34.064,1.51841,1.51864,1.47,1.50
2013.04.29 17:11:40.237,1.51841,1.51865,1.88,1.50
2013.04.29 17:11:40.765,1.51841,1.51866,2.63,1.88
2013.04.29 17:11:48.526,1.51841,1.51865,1.88,1.58
2013.04.29 17:11:48.593,1.51841,1.51864,1.88,1.50
2013.04.29 17:11:51.743,1.51841,1.51864,2.07,1.50
2013.04.29 17:11:52.057,1.51842,1.51866,1.69,1.35
2013.04.29 17:11:52.126,1.51844,1.51866,1.50,1.35
2013.04.29 17:11:52.446,1.51849,1.51873,1.13,2.33
2013.04.29 17:12:00.483,1.51849,1.51872,1.65,1.58
2013.04.29 17:12:03.314,1.51847,1.51872,2.74,1.50
2013.04.29 17:12:03.874,1.51847,1.51872,2.59,1.50
2013.04.29 17:12:03.994,1.51847,1.5187,1.09,1.58
2013.04.29 17:12:04.236,1.51845,1.51867,1.69,1.73
2013.04.29 17:12:04.305,1.51842,1.51866,1.69,1.95
2013.04.29 17:12:04.374,1.5184,1.51866,1.69,1.95
2013.04.29 17:12:05.585,1.5184,1.51863,1.13,1.50
2013.04.29 17:12:05.888,1.51839,1.51859,1.13,1.50
2013.04.29 17:12:06.084,1.51834,1.51858,2.03,2.48
2013.04.29 17:12:06.564,1.51832,1.51857,1.28,3.83
2013.04.29 17:12:08.383,1.51832,1.51855,1.65,1.50
2013.04.29 17:12:11.355,1.51832,1.51855,1.28,1.73
2013.04.29 17:12:11.424,1.5183,1.51853,1.58,1.73
2013.04.29 17:12:11.544,1.51829,1.51853,1.65,3.98
2013.04.29 17:12:13.915,1.51827,1.51851,1.58,1.88
2013.04.29 17:12:14.044,1.51822,1.51849,2.18,2.07
2013.04.29 17:12:14.625,1.51821,1.51846,1.50,2.03
2013.04.29 17:12:16.037,1.51821,1.51845,1.50,3.90
2013.04.29 17:12:16.754,1.51815,1.51844,1.50,1.58
2013.04.29 17:12:22.403,1.51818,1.51839,1.50,1.50
2013.04.29 17:12:23.083,1.51816,1.51841,1.13,1.58
2013.04.29 17:12:23.204,1.51816,1.51839,1.88,1.58
2013.04.29 17:12:23.803,1.51816,1.51839,1.13,1.58
2013.04.29 17:12:24.144,1.51815,1.51837,1.28,1.95
2013.04.29 17:12:24.215,1.51812,1.51833,1.50,2.33
2013.04.29 17:12:24.394,1.51811,1.51831,1.13,4.09
2013.04.29 17:12:24.581,1.51797,1.51818,1.13,3.08
2013.04.29 17:12:24.705,1.51793,1.51818,1.50,3.08
2013.04.29 17:12:24.836,1.51794,1.51816,1.50,1.09
2013.04.29 17:12:25.092,1.51789,1.51815,1.13,2.67
2013.04.29 17:12:25.155,1.51789,1.51815,1.13,2.67
2013.04.29 17:12:25.713,1.51789,1.51813,1.50,1.28
2013.04.29 17:12:26.146,1.51789,1.51811,1.50,1.50
2013.04.29 17:12:26.216,1.51786,1.51811,1.28,2.44
2013.04.29 17:12:26.344,1.51788,1.51813,1.50,2.03
2013.04.29 17:12:26.905,1.5179,1.51813,1.28,1.50
2013.04.29 17:12:27.425,1.51791,1.51814,1.28,1.69
2013.04.29 17:12:28.254,1.51787,1.51812,1.13,1.28
2013.04.29 17:12:28.373,1.51787,1.51812,1.13,2.22
2013.04.29 17:12:29.775,1.51788,1.51814,1.28,2.82
2013.04.29 17:12:30.321,1.51788,1.51814,2.03,2.63
2013.04.29 17:12:30.444,1.51788,1.51815,1.65,2.40
2013.04.29 17:12:30.805,1.51801,1.51825,1.28,1.13
2013.04.29 17:12:31.270,1.51804,1.51825,1.50,1.13
2013.04.29 17:12:31.342,1.51804,1.51829,1.50,1.84
2013.04.29 17:12:31.524,1.51804,1.51828,1.50,2.07
2013.04.29 17:12:31.585,1.51804,1.51827,1.50,2.40
2013.04.29 17:12:32.235,1.51803,1.51826,1.35,1.73
2013.04.29 17:12:33.155,1.51803,1.51824,1.35,1.13
2013.04.29 17:12:33.475,1.51803,1.51824,2.10,2.25
2013.04.29 17:12:33.725,1.51805,1.51828,1.28,3.75
2013.04.29 17:12:33.905,1.51807,1.51828,2.78,3.75
2013.04.29 17:12:34.394,1.51808,1.51828,2.03,1.50
2013.04.29 17:12:34.934,1.51809,1.5183,1.58,1.13
2013.04.29 17:12:36.556,1.51808,1.51831,1.28,1.13
2013.04.29 17:12:40.634,1.51809,1.51832,1.50,1.50
2013.04.29 17:12:41.594,1.51809,1.5183,1.50,2.25
2013.04.29 17:12:41.773,1.51807,1.5183,1.05,3.00
2013.04.29 17:12:43.208,1.51807,1.51828,1.05,1.95
2013.04.29 17:12:43.334,1.51804,1.51828,1.28,2.70
2013.04.29 17:12:43.534,1.51805,1.51828,1.28,2.70
2013.04.29 17:12:43.714,1.51805,1.5183,2.03,1.58
2013.04.29 17:12:43.775,1.51805,1.5183,2.03,1.58
2013.04.29 17:12:44.084,1.5181,1.51833,1.69,2.63
2013.04.29 17:12:44.204,1.51808,1.51833,1.69,1.88
2013.04.29 17:12:44.264,1.51808,1.51833,1.69,1.50
2013.04.29 17:12:48.685,1.51809,1.51833,1.62,2.33
2013.04.29 17:12:48.744,1.51813,1.51833,1.28,2.25
2013.04.29 17:12:48.874,1.51819,1.51842,1.05,3.15
2013.04.29 17:12:49.474,1.51817,1.51841,2.03,1.20
2013.04.29 17:12:49.714,1.51819,1.51843,1.28,2.48
2013.04.29 17:12:50.074,1.51822,1.51843,1.58,1.65
2013.04.29 17:12:50.375,1.51828,1.51847,1.35,1.50
2013.04.29 17:12:50.444,1.5183,1.51851,1.28,1.50
2013.04.29 17:12:51.214,1.51832,1.51854,1.50,2.48
2013.04.29 17:12:51.514,1.51836,1.51862,2.22,1.50
2013.04.29 17:12:51.814,1.51839,1.51862,1.28,1.50
2013.04.29 17:12:52.236,1.51843,1.51864,1.50,1.28
2013.04.29 17:12:52.545,1.51844,1.51868,1.50,1.28
2013.04.29 17:12:52.615,1.51844,1.5187,1.69,2.93
2013.04.29 17:12:53.215,1.51848,1.5187,1.50,1.50
2013.04.29 17:12:53.985,1.51845,1.51868,2.44,1.13
2013.04.29 17:12:54.045,1.51846,1.5187,1.50,1.50
2013.04.29 17:12:54.344,1.51845,1.51869,1.69,1.50
2013.04.29 17:12:54.864,1.51845,1.5187,1.69,1.88
2013.04.29 17:12:55.605,1.5184,1.51864,1.09,1.50
2013.04.29 17:12:55.675,1.51839,1.51867,2.63,1.50
2013.04.29 17:12:55.804,1.51841,1.51866,1.35,1.50
2013.04.29 17:12:55.863,1.51841,1.51866,1.47,1.50
2013.04.29 17:12:56.294,1.51846,1.5187,1.69,1.88
2013.04.29 17:12:56.814,1.51847,1.5187,1.28,1.13
2013.04.29 17:12:57.316,1.51848,1.5187,1.28,1.13
2013.04.29 17:12:58.036,1.51848,1.51868,1.28,2.25
2013.04.29 17:12:58.164,1.51842,1.51864,2.25,1.20
2013.04.29 17:12:58.705,1.51844,1.51867,2.03,1.50
2013.04.29 17:12:59.194,1.51843,1.51865,1.65,1.65
2013.04.29 17:13:00.597,1.51843,1.51867,1.28,2.25
2013.04.29 17:13:00.785,1.51845,1.51868,1.50,1.65
2013.04.29 17:13:01.094,1.51848,1.51869,1.02,1.50
2013.04.29 17:13:01.454,1.51846,1.51869,2.85,1.65
2013.04.29 17:13:02.014,1.51848,1.51869,1.50,1.50
2013.04.29 17:13:02.073,1.5185,1.51873,1.28,2.40
2013.04.29 17:13:02.683,1.5185,1.51873,1.28,1.65
2013.04.29 17:13:03.314,1.51849,1.51873,1.35,1.65
2013.04.29 17:13:03.375,1.51848,1.5187,1.65,1.50
2013.04.29 17:13:03.684,1.51845,1.51869,1.50,1.65
2013.04.29 17:13:04.224,1.51845,1.51869,1.50,1.65
2013.04.29 17:13:05.365,1.51844,1.5187,1.50,1.73
2013.04.29 17:13:05.424,1.51844,1.51868,1.50,2.03
2013.04.29 17:13:05.542,1.5184,1.51868,1.50,2.10
2013.04.29 17:13:06.135,1.5184,1.51867,1.88,1.20
2013.04.29 17:13:06.653,1.5184,1.51868,2.25,2.78
2013.04.29 17:13:06.712,1.5184,1.51868,1.50,2.03
2013.04.29 17:13:06.773,1.51844,1.51867,1.50,1.65
2013.04.29 17:13:14.253,1.51845,1.51867,1.28,1.65
2013.04.29 17:13:16.825,1.51844,1.51866,1.35,1.50
2013.04.29 17:13:17.553,1.51843,1.51866,2.18,1.35
2013.04.29 17:13:18.073,1.51843,1.51866,1.65,1.28
2013.04.29 17:13:28.196,1.51843,1.51865,1.28,1.50
2013.04.29 17:13:28.264,1.51841,1.51864,1.35,1.50
2013.04.29 17:13:28.325,1.51839,1.51864,2.10,1.88
2013.04.29 17:13:28.384,1.51839,1.51864,1.28,1.88
2013.04.29 17:13:28.504,1.51838,1.51864,1.47,2.70
2013.04.29 17:13:28.864,1.51833,1.51858,2.37,1.58
2013.04.29 17:13:32.054,1.51832,1.51858,1.84,1.50
2013.04.29 17:13:34.934,1.51831,1.51855,2.22,1.50
2013.04.29 17:13:35.926,1.51831,1.51855,2.22,1.50
2013.04.29 17:13:36.526,1.51829,1.51852,1.47,1.50
2013.04.29 17:13:36.596,1.51824,1.51848,2.63,1.50
2013.04.29 17:13:47.926,1.51825,1.51847,2.03,1.50
2013.04.29 17:13:47.994,1.51827,1.51847,1.05,1.50
2013.04.29 17:13:49.054,1.51827,1.51847,1.05,1.50
2013.04.29 17:13:50.345,1.51824,1.51847,1.99,1.50
2013.04.29 17:13:51.512,1.51825,1.5185,1.47,1.50
2013.04.29 17:13:52.848,1.51826,1.5185,2.44,1.50
2013.04.29 17:13:53.361,1.51829,1.51852,1.05,2.40
2013.04.29 17:13:54.078,1.51829,1.5185,1.05,1.50
2013.04.29 17:13:54.284,1.51826,1.5185,1.58,1.50
2013.04.29 17:13:55.890,1.51826,1.51853,1.02,1.65
2013.04.29 17:13:56.078,1.51829,1.51852,1.47,1.50
2013.04.29 17:13:56.145,1.51828,1.51852,1.02,1.50
2013.04.29 17:13:57.894,1.51828,1.5185,1.58,1.50
2013.04.29 17:13:58.135,1.5183,1.51851,1.50,1.50
2013.04.29 17:13:58.194,1.51831,1.51851,1.35,1.50
2013.04.29 17:13:58.314,1.5183,1.51851,1.28,1.50
2013.04.29 17:14:06.383,1.5183,1.51857,2.25,4.13
2013.04.29 17:14:06.914,1.51832,1.51852,1.05,1.65
2013.04.29 17:14:07.034,1.5183,1.51852,1.80,1.65
2013.04.29 17:14:38.186,1.5183,1.5185,1.05,1.65
2013.04.29 17:14:38.314,1.51826,1.51847,2.25,1.50
2013.04.29 17:14:38.854,1.51827,1.51849,1.77,1.50
2013.04.29 17:14:39.704,1.51827,1.51849,1.77,1.50
2013.04.29 17:14:40.235,1.51827,1.5185,2.52,1.50
2013.04.29 17:14:41.466,1.51825,1.51849,2.22,1.28
2013.04.29 17:14:41.594,1.51826,1.51848,1.69,2.40
2013.04.29 17:14:42.323,1.51826,1.51847,1.50,1.13
2013.04.29 17:14:47.966,1.51825,1.51847,1.28,1.13
2013.04.29 17:14:48.317,1.51824,1.51845,1.80,1.50
2013.04.29 17:14:49.617,1.51824,1.51845,2.18,1.50
2013.04.29 17:14:49.815,1.51828,1.51851,1.88,1.50
2013.04.29 17:14:49.885,1.5183,1.5185,1.24,1.50
2013.04.29 17:14:50.135,1.51831,1.51852,1.47,1.65
2013.04.29 17:14:50.195,1.51831,1.51855,1.84,1.95
2013.04.29 17:14:50.744,1.51833,1.51855,1.24,1.50
2013.04.29 17:14:51.354,1.51833,1.51855,1.24,1.88
2013.04.29 17:14:51.654,1.5183,1.5185,1.35,1.50
2013.04.29 17:14:57.654,1.51831,1.51852,1.28,1.65
2013.04.29 17:14:57.905,1.51832,1.51856,2.03,2.03
2013.04.29 17:14:58.094,1.51833,1.51857,1.50,1.50
2013.04.29 17:14:58.414,1.51843,1.51862,1.28,1.65
2013.04.29 17:14:58.774,1.51848,1.51868,1.28,2.78
2013.04.29 17:14:59.565,1.51849,1.51868,1.28,1.50
2013.04.29 17:14:59.626,1.51849,1.51871,2.22,1.13
2013.04.29 17:15:00.795,1.5185,1.51874,1.88,1.50
2013.04.29 17:15:00.925,1.51856,1.51879,1.50,2.33
2013.04.29 17:15:01.006,1.51857,1.51879,1.50,1.43
2013.04.29 17:15:01.521,1.51859,1.5188,1.28,1.28
2013.04.29 17:15:05.905,1.51859,1.5188,1.65,2.40
2013.04.29 17:15:06.036,1.51864,1.51885,1.32,1.28
2013.04.29 17:15:06.105,1.51861,1.51885,2.70,1.28
2013.04.29 17:15:06.175,1.51861,1.51888,1.28,2.33
2013.04.29 17:15:06.534,1.51859,1.51883,1.28,1.65
2013.04.29 17:15:08.374,1.51858,1.51882,2.48,1.50
2013.04.29 17:15:08.494,1.51864,1.51888,1.13,2.03
2013.04.29 17:15:08.685,1.51866,1.5189,1.47,1.50
2013.04.29 17:15:08.995,1.51866,1.51891,2.22,1.50
2013.04.29 17:15:09.065,1.51869,1.51892,1.50,1.13
2013.04.29 17:15:09.424,1.51873,1.51894,1.05,1.65
2013.04.29 17:15:10.496,1.51873,1.51893,1.80,1.65
2013.04.29 17:15:10.625,1.51864,1.51888,2.29,1.50
2013.04.29 17:15:10.815,1.51867,1.51892,1.09,1.50
2013.04.29 17:15:10.884,1.51869,1.51894,2.07,1.13
2013.04.29 17:15:11.064,1.51871,1.51894,1.47,1.13
2013.04.29 17:15:11.247,1.51872,1.51894,1.47,1.13
2013.04.29 17:15:11.582,1.51872,1.51896,1.28,1.50
2013.04.29 17:15:12.896,1.51871,1.51896,2.97,1.50
2013.04.29 17:15:16.095,1.51871,1.5189,1.28,1.50
2013.04.29 17:15:16.454,1.51867,1.51884,1.13,1.50
2013.04.29 17:15:16.704,1.5186,1.51884,2.10,1.50
2013.04.29 17:15:20.904,1.51862,1.51886,2.22,1.50
2013.04.29 17:15:21.405,1.51862,1.51886,2.22,1.58
2013.04.29 17:15:22.054,1.51863,1.51886,1.77,1.58
2013.04.29 17:15:22.604,1.51863,1.51886,1.77,1.50
2013.04.29 17:15:23.245,1.51862,1.51886,2.78,2.25
2013.04.29 17:15:23.365,1.5186,1.51884,1.02,1.50
2013.04.29 17:15:24.254,1.51862,1.51886,1.28,1.50
2013.04.29 17:15:28.876,1.51863,1.51886,1.58,1.50
2013.04.29 17:15:28.944,1.51868,1.51893,1.32,1.80
2013.04.29 17:15:29.004,1.51874,1.51898,1.13,2.48
2013.04.29 17:15:29.066,1.51874,1.51897,2.07,1.13
2013.04.29 17:15:29.184,1.51876,1.51902,1.69,1.28
2013.04.29 17:15:29.364,1.51876,1.519,1.99,1.50
2013.04.29 17:15:30.545,1.51876,1.519,1.99,1.50
2013.04.29 17:15:31.155,1.51876,1.519,1.99,2.03
2013.04.29 17:15:31.467,1.51873,1.51894,1.28,2.40
2013.04.29 17:15:36.904,1.51873,1.51893,1.28,1.65
2013.04.29 17:15:37.985,1.51873,1.51895,1.47,1.73
2013.04.29 17:15:38.534,1.51873,1.51896,1.84,1.58
2013.04.29 17:15:38.897,1.51875,1.51896,1.58,1.50
2013.04.29 17:15:42.274,1.51872,1.51896,1.24,1.50
2013.04.29 17:15:43.024,1.51872,1.51896,1.24,1.50
2013.04.29 17:15:43.735,1.51873,1.51899,2.22,1.58
2013.04.29 17:15:43.915,1.51875,1.519,1.69,1.58
2013.04.29 17:15:45.416,1.51876,1.519,1.47,1.95
2013.04.29 17:15:45.724,1.51875,1.51896,1.02,1.50
2013.04.29 17:15:46.377,1.51872,1.51896,1.47,1.50
2013.04.29 17:15:47.284,1.51872,1.51895,1.47,2.03
2013.04.29 17:15:47.496,1.51871,1.51894,2.10,1.73
2013.04.29 17:15:50.907,1.51871,1.51893,1.35,1.13
2013.04.29 17:15:51.154,1.51865,1.51887,2.10,2.48
2013.04.29 17:15:51.216,1.51862,1.51886,1.65,1.58
2013.04.29 17:15:51.734,1.51861,1.51886,1.50,1.58
2013.04.29 17:15:53.946,1.51861,1.51884,1.28,1.28
2013.04.29 17:15:54.134,1.51859,1.51882,2.03,2.25
2013.04.29 17:15:54.194,1.51857,1.51882,2.22,2.25
2013.04.29 17:15:56.267,1.51857,1.51882,2.22,1.58
2013.04.29 17:15:58.344,1.51857,1.51883,2.97,1.73
2013.04.29 17:15:58.910,1.51857,1.51883,2.97,1.65
2013.04.29 17:16:00.233,1.5186,1.51883,2.33,1.65
2013.04.29 17:16:00.945,1.51861,1.51884,1.24,1.65
2013.04.29 17:16:01.395,1.51861,1.51884,1.05,2.40
2013.04.29 17:16:03.124,1.5186,1.51884,1.28,2.40
2013.04.29 17:16:03.639,1.51859,1.51884,1.47,2.40
2013.04.29 17:16:10.134,1.51858,1.51884,1.47,2.40
2013.04.29 17:16:12.055,1.51858,1.51882,1.47,1.50
2013.04.29 17:16:12.375,1.51862,1.51886,1.50,1.35
2013.04.29 17:16:12.781,1.51862,1.51884,1.47,1.50
2013.04.29 17:16:13.316,1.51861,1.51884,1.69,1.50
2013.04.29 17:16:14.394,1.51862,1.51886,1.50,1.09
2013.04.29 17:16:14.895,1.51864,1.51886,1.50,1.09
2013.04.29 17:16:16.714,1.51865,1.51889,1.50,1.69
2013.04.29 17:16:19.227,1.51865,1.51888,1.69,1.69
2013.04.29 17:16:20.010,1.51864,1.51887,1.69,1.69
2013.04.29 17:16:21.045,1.51862,1.51883,1.47,1.50
2013.04.29 17:16:22.329,1.51863,1.51882,1.09,1.50
2013.04.29 17:16:22.466,1.5187,1.51892,1.47,1.58
2013.04.29 17:16:23.234,1.51871,1.51894,1.99,1.58
2013.04.29 17:16:23.535,1.51871,1.51896,1.99,2.33
2013.04.29 17:16:27.599,1.51871,1.51896,1.80,2.33
2013.04.29 17:16:28.352,1.51871,1.51896,2.18,2.33
2013.04.29 17:16:40.504,1.51872,1.51896,2.48,2.33
2013.04.29 17:16:40.564,1.51873,1.51896,1.28,1.50
2013.04.29 17:16:40.625,1.51872,1.51896,2.40,1.50
2013.04.29 17:16:40.985,1.5187,1.51893,1.65,1.73
2013.04.29 17:16:41.045,1.51869,1.51892,2.03,1.73
2013.04.29 17:16:47.635,1.51867,1.5189,1.47,1.58
2013.04.29 17:16:47.816,1.51866,1.51888,1.50,1.73
2013.04.29 17:16:48.454,1.51866,1.51888,1.50,1.73
2013.04.29 17:16:55.994,1.51866,1.51888,1.69,1.50
2013.04.29 17:16:56.174,1.51868,1.5189,1.47,1.13
2013.04.29 17:16:56.433,1.51868,1.5189,1.47,1.20
2013.04.29 17:16:56.555,1.51864,1.51887,1.28,1.58
2013.04.29 17:16:56.615,1.51862,1.5188,1.50,1.13
2013.04.29 17:16:56.675,1.51856,1.51879,2.22,1.28
2013.04.29 17:16:56.736,1.51856,1.51879,1.28,1.65
2013.04.29 17:16:56.804,1.51853,1.51882,1.28,2.10
2013.04.29 17:16:56.863,1.51852,1.51881,2.29,1.62
2013.04.29 17:16:56.983,1.51854,1.51881,1.62,1.28
2013.04.29 17:16:57.286,1.51864,1.51886,2.07,1.13
2013.04.29 17:16:57.538,1.51865,1.51889,1.47,1.50
2013.04.29 17:16:57.605,1.51864,1.51885,1.09,1.50
2013.04.29 17:16:57.664,1.51862,1.51885,1.43,1.50
2013.04.29 17:16:57.964,1.51858,1.51884,1.54,2.40
2013.04.29 17:17:02.845,1.51858,1.51884,1.09,2.25
2013.04.29 17:17:02.965,1.51861,1.51886,1.32,2.78
2013.04.29 17:17:03.095,1.51862,1.51886,1.69,1.50
2013.04.29 17:17:03.224,1.51863,1.51886,1.28,1.50
2013.04.29 17:17:06.085,1.51862,1.51888,1.47,1.65
2013.04.29 17:17:06.204,1.51863,1.51889,1.28,2.03
2013.04.29 17:17:08.005,1.51863,1.51888,1.02,1.65
2013.04.29 17:17:08.075,1.51863,1.51888,1.05,1.65
2013.04.29 17:17:08.146,1.51862,1.51885,1.47,1.50
2013.04.29 17:17:08.683,1.51861,1.51885,1.32,1.50
2013.04.29 17:17:09.666,1.5186,1.51884,1.47,1.65
2013.04.29 17:17:09.975,1.5186,1.51884,2.22,1.20
2013.04.29 17:17:10.694,1.5186,1.51884,2.22,1.13
2013.04.29 17:17:17.753,1.51855,1.5188,2.44,2.03
2013.04.29 17:17:17.815,1.51855,1.5188,2.44,2.03
2013.04.29 17:17:18.002,1.51857,1.51883,1.13,2.10
2013.04.29 17:17:18.064,1.51857,1.51883,1.32,2.03
2013.04.29 17:17:18.955,1.51857,1.51882,2.07,1.65
2013.04.29 17:17:19.143,1.51852,1.51878,1.47,1.28
2013.04.29 17:17:19.263,1.51852,1.51878,1.47,1.28
2013.04.29 17:17:19.383,1.51852,1.51878,1.47,1.35
2013.04.29 17:17:19.443,1.51852,1.51877,1.47,1.28
2013.04.29 17:17:19.805,1.5185,1.51871,1.54,1.13
2013.04.29 17:17:19.876,1.51848,1.51869,2.14,1.28
2013.04.29 17:17:19.945,1.51843,1.51868,2.22,1.13
2013.04.29 17:17:20.125,1.51844,1.51869,1.32,2.93
2013.04.29 17:17:20.244,1.51842,1.51868,2.07,1.28
2013.04.29 17:17:21.312,1.5184,1.51864,1.32,1.28
2013.04.29 17:17:21.624,1.51838,1.51862,1.69,1.35
2013.04.29 17:17:22.185,1.51839,1.51862,1.50,1.35
2013.04.29 17:17:22.716,1.51836,1.51859,1.69,1.65
2013.04.29 17:17:22.786,1.51835,1.51858,1.88,1.28
2013.04.29 17:17:27.999,1.51835,1.51859,1.50,1.13
2013.04.29 17:17:28.393,1.51834,1.51861,1.50,1.05
2013.04.29 17:17:28.453,1.51834,1.51862,2.03,2.18
2013.04.29 17:17:28.574,1.51838,1.51862,1.13,2.03
2013.04.29 17:17:29.114,1.51838,1.51862,1.32,2.03
2013.04.29 17:17:29.683,1.51839,1.51862,1.32,2.03
2013.04.29 17:17:30.224,1.51837,1.51861,1.32,2.03
2013.04.29 17:17:32.055,1.51837,1.5186,1.32,1.50
2013.04.29 17:17:32.114,1.51834,1.51859,3.12,1.50
2013.04.29 17:17:38.373,1.51834,1.51857,3.30,1.50
2013.04.29 17:17:38.435,1.51834,1.51857,3.64,1.50
2013.04.29 17:17:40.845,1.51834,1.51857,1.47,1.50
2013.04.29 17:17:45.899,1.51837,1.5186,1.47,1.13
2013.04.29 17:17:47.897,1.51839,1.51862,1.28,2.03
2013.04.29 17:17:48.029,1.5184,1.51862,1.28,1.28
2013.04.29 17:17:50.626,1.51844,1.51865,1.50,2.25
2013.04.29 17:17:51.183,1.51844,1.51866,2.22,1.13
2013.04.29 17:17:52.335,1.51844,1.51868,2.22,2.03
2013.04.29 17:17:53.705,1.51845,1.51868,2.10,2.03
2013.04.29 17:18:04.165,1.51845,1.51866,1.32,1.50
2013.04.29 17:18:04.524,1.51841,1.51863,1.32,1.95
2013.04.29 17:18:04.584,1.51839,1.51862,2.40,1.13
2013.04.29 17:18:05.295,1.51841,1.51862,1.13,1.13
2013.04.29 17:18:05.544,1.51847,1.51868,1.28,1.50
2013.04.29 17:18:05.664,1.51848,1.51869,1.13,1.50
2013.04.29 17:18:06.225,1.51848,1.51871,1.13,1.50
2013.04.29 17:18:09.800,1.51848,1.51871,1.13,1.88
2013.04.29 17:18:11.586,1.5185,1.51871,1.28,1.50
2013.04.29 17:18:11.951,1.51854,1.51876,1.47,1.88
2013.04.29 17:18:12.195,1.51854,1.51876,2.22,1.50
2013.04.29 17:18:12.746,1.51854,1.51876,2.22,1.13
2013.04.29 17:18:20.393,1.51856,1.51876,1.28,1.13
2013.04.29 17:18:28.445,1.51856,1.51875,1.28,1.13
2013.04.29 17:18:28.624,1.51852,1.51875,1.69,1.88
2013.04.29 17:18:29.805,1.51852,1.51873,1.13,1.50
2013.04.29 17:18:34.147,1.51851,1.51874,1.50,1.50
2013.04.29 17:18:34.665,1.51851,1.51875,2.55,1.88
2013.04.29 17:18:37.386,1.51854,1.51875,1.50,1.88
2013.04.29 17:18:37.697,1.51858,1.51877,1.28,1.13
2013.04.29 17:18:40.337,1.51858,1.51878,2.03,1.20
2013.04.29 17:18:49.763,1.51858,1.51878,2.03,1.13
2013.04.29 17:18:52.354,1.51858,1.51878,1.28,1.13
2013.04.29 17:18:57.654,1.51858,1.51878,1.28,1.13
2013.04.29 17:19:06.256,1.51855,1.51876,2.03,1.13
2013.04.29 17:19:06.865,1.51855,1.51876,1.28,1.13
2013.04.29 17:19:07.836,1.51855,1.51879,1.65,2.63
2013.04.29 17:19:08.385,1.51857,1.51879,1.09,1.88
2013.04.29 17:19:09.783,1.51857,1.51879,1.09,1.88
2013.04.29 17:19:16.235,1.51857,1.51879,1.09,1.88
2013.04.29 17:19:16.834,1.51857,1.51878,1.09,1.13
2013.04.29 17:19:22.725,1.51858,1.51881,1.32,1.13
2013.04.29 17:19:23.113,1.5186,1.51881,2.10,1.13
2013.04.29 17:19:23.347,1.51861,1.51883,1.28,1.50
2013.04.29 17:19:23.476,1.51863,1.51884,1.28,1.88
2013.04.29 17:19:23.786,1.51864,1.51884,1.35,1.88
2013.04.29 17:19:23.936,1.51864,1.51885,1.35,1.13
2013.04.29 17:19:40.585,1.51866,1.51886,1.28,1.20
2013.04.29 17:19:42.054,1.51866,1.51886,2.33,1.20
2013.04.29 17:19:43.419,1.51869,1.51887,1.13,1.09
2013.04.29 17:19:43.486,1.51871,1.51893,1.50,1.50
2013.04.29 17:19:43.614,1.51872,1.51893,2.44,1.20
2013.04.29 17:19:43.916,1.51877,1.51895,1.35,1.13
2013.04.29 17:19:49.823,1.51877,1.51895,1.35,1.13
2013.04.29 17:19:51.683,1.51877,1.51894,1.35,1.20
2013.04.29 17:19:51.805,1.51875,1.51895,2.03,2.29
2013.04.29 17:19:51.865,1.51875,1.51895,2.03,2.29
2013.04.29 17:19:53.123,1.51875,1.51892,1.28,1.20
2013.04.29 17:19:53.545,1.51875,1.51894,1.28,1.17
2013.04.29 17:19:54.119,1.51879,1.51896,2.03,1.20
2013.04.29 17:19:54.429,1.51891,1.51905,1.05,3.75
2013.04.29 17:19:54.497,1.5189,1.51912,2.03,1.13
2013.04.29 17:19:55.025,1.51891,1.51913,1.05,1.88
2013.04.29 17:19:55.206,1.51893,1.51915,1.69,1.13
2013.04.29 17:19:55.814,1.51893,1.51916,1.69,1.88
2013.04.29 17:20:00.965,1.51894,1.51918,1.28,1.65
2013.04.29 17:20:05.137,1.51892,1.51917,2.97,1.13
2013.04.29 17:20:05.206,1.51892,1.51916,2.44,1.58
2013.04.29 17:20:05.404,1.51886,1.51909,1.28,1.28
2013.04.29 17:20:05.464,1.51886,1.51904,1.28,1.28
2013.04.29 17:20:05.764,1.51881,1.51904,3.53,2.03
2013.04.29 17:20:09.982,1.5188,1.51903,2.85,1.65
2013.04.29 17:20:10.044,1.5188,1.51903,2.03,1.65
2013.04.29 17:20:12.273,1.51878,1.51903,1.47,2.48
2013.04.29 17:20:12.395,1.51878,1.51903,1.47,2.48
2013.04.29 17:20:17.748,1.51878,1.51899,1.32,1.65
2013.04.29 17:20:18.072,1.51878,1.51902,1.13,2.85
2013.04.29 17:20:18.724,1.51877,1.51902,1.69,2.85
2013.04.29 17:20:25.133,1.51877,1.51902,1.50,2.85
2013.04.29 17:20:25.784,1.51876,1.51902,2.63,2.85
2013.04.29 17:20:32.735,1.51876,1.51902,2.44,2.85
2013.04.29 17:20:36.506,1.51876,1.51902,1.69,2.10
2013.04.29 17:20:36.846,1.51875,1.51899,1.69,1.50
2013.04.29 17:20:37.826,1.51874,1.51899,2.03,1.50
2013.04.29 17:20:39.516,1.51874,1.51898,1.69,1.28
2013.04.29 17:20:40.035,1.51876,1.51901,1.69,2.33
2013.04.29 17:20:40.365,1.51877,1.51901,2.22,1.58
2013.04.29 17:20:53.553,1.51877,1.51902,2.22,1.58
2013.04.29 17:20:56.032,1.51877,1.51902,2.03,1.58
2013.04.29 17:20:59.104,1.51879,1.51902,1.28,1.50
2013.04.29 17:21:16.438,1.51879,1.51904,1.84,1.65
2013.04.29 17:21:16.505,1.51879,1.51905,1.47,1.20
2013.04.29 17:21:16.565,1.51879,1.51905,2.22,1.20
2013.04.29 17:21:16.974,1.51883,1.51905,1.50,1.58
2013.04.29 17:21:19.855,1.51881,1.51902,1.47,2.63
2013.04.29 17:21:19.916,1.51881,1.519,1.47,1.65
2013.04.29 17:21:20.168,1.51866,1.51891,2.03,1.58
2013.04.29 17:21:20.235,1.51866,1.51891,2.03,2.33
2013.04.29 17:21:20.914,1.51866,1.51891,1.50,2.85
2013.04.29 17:21:23.824,1.51866,1.51891,1.69,2.33
2013.04.29 17:21:25.158,1.51868,1.51891,1.50,1.58
2013.04.29 17:21:31.084,1.51868,1.51891,1.50,1.95
2013.04.29 17:21:31.265,1.51864,1.51888,1.69,2.03
2013.04.29 17:21:31.809,1.51864,1.51888,1.50,2.03
2013.04.29 17:21:33.455,1.51864,1.51889,1.88,1.50
2013.04.29 17:21:33.516,1.51864,1.51891,2.07,2.33
2013.04.29 17:21:33.584,1.51869,1.51891,1.50,1.58
2013.04.29 17:21:36.685,1.51869,1.51891,1.50,1.58
2013.04.29 17:21:37.396,1.51867,1.51891,1.50,2.33
2013.04.29 17:21:40.016,1.51867,1.51891,1.50,1.58
2013.04.29 17:21:41.778,1.51866,1.51891,2.22,2.33
2013.04.29 17:21:41.846,1.51866,1.5189,2.22,1.50
2013.04.29 17:21:42.205,1.51863,1.51887,2.97,1.92
2013.04.29 17:21:49.405,1.51863,1.51883,1.47,1.58
2013.04.29 17:21:49.750,1.51861,1.51883,1.50,1.58
2013.04.29 17:21:49.824,1.5186,1.51883,1.50,1.58
2013.04.29 17:21:50.266,1.51856,1.51878,1.47,1.50
2013.04.29 17:21:50.445,1.51854,1.51878,2.03,1.58
2013.04.29 17:21:51.035,1.51853,1.51878,2.44,1.58
2013.04.29 17:21:56.608,1.51853,1.51876,1.47,1.50
2013.04.29 17:21:57.226,1.51852,1.51877,2.07,1.50
2013.04.29 17:22:00.664,1.51853,1.51877,1.13,1.20
2013.04.29 17:22:01.206,1.51855,1.51877,1.50,1.20
2013.04.29 17:22:01.870,1.51855,1.51879,1.50,1.20
2013.04.29 17:22:06.504,1.51857,1.51878,1.50,1.95
2013.04.29 17:22:12.787,1.51859,1.51878,1.13,1.58
2013.04.29 17:22:13.344,1.51859,1.51878,1.13,1.58
2013.04.29 17:22:13.755,1.51854,1.51878,1.69,2.85
2013.04.29 17:22:14.354,1.51853,1.51877,1.69,1.58
2013.04.29 17:22:16.957,1.51853,1.51877,1.69,1.50
2013.04.29 17:22:17.145,1.51857,1.5188,2.22,1.58
2013.04.29 17:22:17.265,1.5186,1.51884,1.69,2.63
2013.04.29 17:22:18.614,1.5186,1.51884,1.69,1.95
2013.04.29 17:22:18.975,1.51863,1.51884,1.65,1.20
2013.04.29 17:22:19.605,1.51863,1.51884,1.65,1.58
2013.04.29 17:22:19.906,1.51861,1.51878,1.47,1.13
2013.04.29 17:22:19.975,1.51861,1.51883,2.22,1.95
2013.04.29 17:22:20.525,1.51861,1.51883,2.03,1.13
2013.04.29 17:22:20.585,1.51861,1.51883,2.03,1.20
2013.04.29 17:22:21.426,1.51861,1.51883,2.40,1.20
2013.04.29 17:22:21.973,1.51861,1.51879,1.65,1.13
2013.04.29 17:22:22.420,1.51861,1.51881,1.65,1.58
2013.04.29 17:22:22.485,1.51861,1.51884,2.40,1.20
2013.04.29 17:22:22.724,1.51861,1.51885,3.15,2.10
2013.04.29 17:22:23.975,1.51861,1.51885,3.15,2.10
2013.04.29 17:22:25.724,1.51861,1.51883,2.03,1.95
2013.04.29 17:22:29.034,1.51861,1.51883,1.65,1.95
2013.04.29 17:22:29.350,1.51861,1.51883,1.84,1.88
2013.04.29 17:22:29.564,1.51861,1.51883,3.34,1.88
2013.04.29 17:22:30.029,1.51862,1.51883,1.20,1.88
2013.04.29 17:22:31.178,1.51862,1.51883,1.50,1.88
2013.04.29 17:22:31.319,1.51862,1.51883,1.50,1.95
2013.04.29 17:22:39.105,1.51859,1.51882,1.28,1.13
2013.04.29 17:22:39.164,1.51858,1.51883,1.47,2.59
2013.04.29 17:22:39.227,1.51853,1.51877,1.32,1.20
2013.04.29 17:22:39.537,1.51847,1.5187,1.69,1.58
2013.04.29 17:22:39.608,1.51847,1.5187,1.50,1.50
2013.04.29 17:22:40.035,1.51842,1.51867,3.53,1.50
2013.04.29 17:22:40.977,1.51844,1.51868,2.03,1.50
2013.04.29 17:22:41.825,1.51846,1.51869,1.13,1.88
2013.04.29 17:22:42.385,1.51845,1.51869,1.13,1.88
2013.04.29 17:22:43.416,1.51845,1.51869,1.50,1.95
2013.04.29 17:22:43.814,1.51845,1.51871,1.32,1.58
2013.04.29 17:22:43.995,1.51849,1.51871,1.88,1.50
2013.04.29 17:22:44.355,1.51849,1.51873,2.07,2.03
2013.04.29 17:22:46.705,1.5185,1.51874,1.32,1.50
2013.04.29 17:22:51.235,1.51851,1.51874,1.32,1.58
2013.04.29 17:23:06.858,1.5185,1.51874,1.69,2.40
2013.04.29 17:23:07.002,1.51848,1.51873,1.65,2.48
2013.04.29 17:23:07.745,1.51847,1.51873,2.22,2.48
2013.04.29 17:23:09.164,1.51847,1.51873,2.22,2.25
2013.04.29 17:23:09.585,1.51849,1.51872,1.65,1.73
2013.04.29 17:23:10.134,1.5185,1.51872,1.13,1.73
2013.04.29 17:23:10.325,1.51851,1.51872,1.13,1.73
2013.04.29 17:23:10.505,1.51853,1.51876,1.13,1.95
2013.04.29 17:23:10.805,1.51855,1.51878,1.32,1.50
2013.04.29 17:23:10.924,1.51855,1.51878,1.32,1.50
2013.04.29 17:23:24.519,1.51854,1.51879,1.84,1.50
2013.04.29 17:23:24.906,1.51858,1.51879,1.28,1.58
2013.04.29 17:23:26.166,1.51859,1.51882,1.13,1.50
2013.04.29 17:23:26.357,1.5186,1.51883,1.43,2.40
2013.04.29 17:23:26.906,1.51861,1.51883,1.47,1.50
2013.04.29 17:23:27.465,1.5186,1.51883,1.99,1.50
2013.04.29 17:23:28.015,1.51859,1.51883,1.28,2.48
2013.04.29 17:23:29.255,1.5186,1.51883,1.84,1.50
2013.04.29 17:23:29.315,1.51861,1.51884,1.47,1.50
2013.04.29 17:23:29.616,1.51862,1.51885,2.48,1.13
2013.04.29 17:23:29.926,1.51864,1.51887,2.48,1.73
2013.04.29 17:23:29.984,1.51864,1.51888,2.48,2.25
2013.04.29 17:23:30.525,1.51864,1.51888,3.04,1.50
2013.04.29 17:23:31.304,1.51864,1.51888,3.04,1.50
2013.04.29 17:23:31.424,1.51866,1.5189,1.47,1.50
2013.04.29 17:23:31.725,1.51869,1.51892,1.58,1.50
2013.04.29 17:23:31.785,1.51868,1.51892,1.28,1.50
2013.04.29 17:23:31.906,1.5187,1.51892,1.35,1.50
2013.04.29 17:23:32.176,1.51872,1.51893,1.80,1.65
2013.04.29 17:23:32.248,1.51872,1.51895,1.80,1.50
2013.04.29 17:23:33.276,1.51872,1.51895,1.99,1.58
2013.04.29 17:23:33.735,1.51869,1.51892,1.35,1.50
2013.04.29 17:23:35.686,1.51871,1.51895,2.03,2.25
2013.04.29 17:23:35.756,1.51871,1.51895,2.03,1.50
2013.04.29 17:23:35.936,1.51871,1.51894,1.47,1.50
2013.04.29 17:23:36.295,1.51871,1.51894,1.47,1.58
2013.04.29 17:23:36.899,1.51869,1.51892,2.10,1.73
2013.04.29 17:23:37.586,1.51868,1.51892,1.65,2.03
2013.04.29 17:23:37.715,1.51867,1.51886,1.28,1.50
2013.04.29 17:23:38.015,1.51862,1.51884,1.09,1.50
2013.04.29 17:23:39.198,1.51862,1.51884,1.47,1.50
2013.04.29 17:23:39.684,1.51862,1.51884,1.99,1.50
2013.04.29 17:23:39.985,1.51862,1.51886,2.37,1.50
2013.04.29 17:23:42.316,1.51862,1.51886,2.22,1.58
2013.04.29 17:23:45.685,1.51862,1.51886,2.22,1.50
2013.04.29 17:23:45.996,1.51862,1.51885,2.74,1.50
2013.04.29 17:23:46.406,1.51862,1.51885,3.49,1.50
2013.04.29 17:23:47.256,1.51862,1.51885,2.97,1.50
2013.04.29 17:23:58.925,1.51861,1.51885,2.93,1.50
2013.04.29 17:24:23.285,1.51861,1.51885,1.95,1.50
2013.04.29 17:24:23.584,1.51861,1.51884,1.32,1.58
2013.04.29 17:24:23.896,1.51857,1.51881,2.78,1.50
2013.04.29 17:24:24.207,1.51857,1.5188,1.50,1.58
2013.04.29 17:24:24.755,1.51855,1.5188,1.69,1.58
2013.04.29 17:24:26.966,1.51854,1.51878,2.22,1.58
2013.04.29 17:24:28.718,1.51854,1.51882,1.09,3.38
2013.04.29 17:24:28.906,1.51861,1.51882,1.28,3.08
2013.04.29 17:24:29.025,1.51861,1.51881,2.40,1.13
2013.04.29 17:24:29.145,1.51861,1.51882,3.90,1.13
2013.04.29 17:24:29.205,1.51862,1.51884,1.20,1.50
2013.04.29 17:24:29.384,1.51862,1.51885,1.20,1.50
2013.04.29 17:24:29.635,1.51866,1.5189,2.59,1.13
2013.04.29 17:24:30.186,1.51866,1.51887,1.32,1.50
2013.04.29 17:24:30.306,1.51866,1.51887,1.13,1.50
2013.04.29 17:24:30.854,1.51866,1.51885,1.13,1.50
2013.04.29 17:24:31.405,1.51863,1.51885,1.28,1.50
2013.04.29 17:24:33.261,1.51864,1.51891,1.73,1.09
2013.04.29 17:24:37.417,1.51862,1.5189,2.22,2.03
2013.04.29 17:24:38.305,1.51862,1.51887,1.13,2.03
2013.04.29 17:24:38.914,1.51863,1.51887,1.13,1.43
2013.04.29 17:24:40.154,1.51863,1.5189,1.32,4.28
2013.04.29 17:24:40.615,1.51863,1.51889,1.32,1.20
2013.04.29 17:24:40.674,1.51862,1.51887,1.32,1.28
2013.04.29 17:24:40.854,1.51862,1.51887,1.32,1.28
2013.04.29 17:24:42.077,1.51862,1.51888,1.32,2.18
2013.04.29 17:24:42.204,1.51863,1.51888,1.13,1.05
2013.04.29 17:24:43.046,1.51863,1.51889,1.32,1.20
2013.04.29 17:24:43.164,1.51861,1.51887,1.69,1.28
2013.04.29 17:24:43.285,1.5186,1.51887,2.40,1.35
2013.04.29 17:24:43.982,1.5186,1.51888,2.40,1.73
2013.04.29 17:24:44.047,1.51863,1.51889,1.13,1.05
2013.04.29 17:24:49.095,1.51867,1.51889,1.47,1.65
2013.04.29 17:24:50.217,1.51868,1.51889,1.50,1.65
2013.04.29 17:24:50.285,1.51868,1.51893,1.13,1.65
2013.04.29 17:24:50.346,1.51873,1.51893,3.15,1.28
2013.04.29 17:24:50.654,1.51875,1.51899,1.13,1.50
2013.04.29 17:24:51.164,1.51875,1.51899,1.13,1.50
2013.04.29 17:24:51.757,1.51875,1.519,1.13,2.67
2013.04.29 17:24:52.276,1.51874,1.519,2.03,2.67
2013.04.29 17:24:53.761,1.51874,1.519,1.28,2.67
2013.04.29 17:24:54.102,1.51875,1.519,1.13,2.67
2013.04.29 17:24:54.894,1.51875,1.519,1.13,2.67
2013.04.29 17:24:56.335,1.51873,1.519,1.28,2.67
2013.04.29 17:24:58.275,1.51874,1.51899,1.28,1.17
2013.04.29 17:24:58.334,1.51874,1.519,1.28,2.44
2013.04.29 17:24:58.848,1.51876,1.519,1.43,2.29
2013.04.29 17:24:59.784,1.51876,1.519,1.43,2.22
2013.04.29 17:25:00.154,1.51876,1.519,1.43,2.22
2013.04.29 17:25:00.703,1.51875,1.519,1.28,2.10
2013.04.29 17:25:00.824,1.51873,1.51899,1.20,1.73
2013.04.29 17:25:00.886,1.51871,1.51894,2.40,1.28
2013.04.29 17:25:01.196,1.5187,1.5189,1.13,1.50
2013.04.29 17:25:01.626,1.51866,1.5189,1.28,1.50
2013.04.29 17:25:02.515,1.51865,1.5189,2.40,1.50
2013.04.29 17:25:02.855,1.51859,1.51881,1.50,1.50
2013.04.29 17:25:03.096,1.51858,1.5188,1.13,1.50
2013.04.29 17:25:03.714,1.51857,1.51881,1.13,2.10
2013.04.29 17:25:04.035,1.51854,1.51877,2.25,2.03
2013.04.29 17:25:04.526,1.51856,1.51881,1.13,2.03
2013.04.29 17:25:04.586,1.51857,1.51881,1.50,1.28
2013.04.29 17:25:08.226,1.51859,1.51883,1.13,2.25
2013.04.29 17:25:10.727,1.51859,1.51883,1.13,2.25
2013.04.29 17:25:11.805,1.51859,1.51883,1.13,2.25
2013.04.29 17:25:21.106,1.51859,1.51882,2.07,1.50
2013.04.29 17:25:24.726,1.51861,1.51884,1.47,1.50
2013.04.29 17:25:25.085,1.51863,1.51884,1.32,1.50
2013.04.29 17:25:25.145,1.51865,1.51886,1.32,1.50
2013.04.29 17:25:25.693,1.51865,1.51888,1.32,1.58
2013.04.29 17:25:26.203,1.51865,1.51888,1.32,1.50
2013.04.29 17:25:26.329,1.51866,1.51889,1.69,1.88
2013.04.29 17:25:26.878,1.51866,1.51889,1.69,1.13
2013.04.29 17:25:28.137,1.5187,1.5189,1.13,1.50
2013.04.29 17:25:28.205,1.5187,1.51892,2.03,3.00
2013.04.29 17:25:28.266,1.51874,1.51892,2.70,1.88
2013.04.29 17:25:28.506,1.5188,1.51904,2.59,1.13
2013.04.29 17:25:29.071,1.51881,1.51905,1.47,1.50
2013.04.29 17:25:29.947,1.51881,1.51905,1.47,1.50
2013.04.29 17:25:34.526,1.51883,1.51905,2.44,1.50
2013.04.29 17:25:34.587,1.51887,1.51906,1.20,1.50
2013.04.29 17:25:34.903,1.51896,1.51923,1.32,2.03
2013.04.29 17:25:35.027,1.51899,1.51921,1.28,1.50
2013.04.29 17:25:35.576,1.51898,1.51921,2.59,1.50
2013.04.29 17:25:36.545,1.51898,1.51921,2.59,1.50
2013.04.29 17:25:43.174,1.51899,1.51923,2.59,1.50
2013.04.29 17:25:45.215,1.519,1.51925,1.50,1.13
2013.04.29 17:25:45.397,1.51908,1.51926,1.13,1.50
2013.04.29 17:25:45.766,1.51904,1.51929,1.32,2.03
2013.04.29 17:25:47.275,1.51904,1.51927,1.32,1.13
2013.04.29 17:25:50.225,1.51902,1.51925,2.07,1.50
2013.04.29 17:25:58.005,1.51902,1.51926,1.32,1.50
2013.04.29 17:26:00.915,1.51902,1.51926,1.32,1.50
2013.04.29 17:26:01.346,1.51906,1.51928,1.13,1.13
2013.04.29 17:26:01.466,1.5191,1.5193,1.69,1.28
2013.04.29 17:26:01.535,1.5191,1.51934,2.14,1.28
2013.04.29 17:26:01.775,1.51916,1.51938,1.28,2.40
2013.04.29 17:26:01.836,1.51916,1.51939,1.28,1.65
2013.04.29 17:26:01.906,1.51915,1.51939,1.28,1.65
2013.04.29 17:26:01.965,1.51914,1.51939,1.32,1.65
2013.04.29 17:26:05.018,1.51914,1.51938,1.32,1.65
2013.04.29 17:26:05.325,1.51919,1.51943,1.47,2.25
2013.04.29 17:26:07.487,1.51924,1.51948,2.07,1.50
2013.04.29 17:26:07.881,1.51923,1.51946,1.50,2.48
2013.04.29 17:26:09.167,1.51924,1.51946,1.13,2.25
2013.04.29 17:26:09.235,1.51923,1.51947,1.88,1.50
2013.04.29 17:26:09.476,1.51926,1.51948,1.13,1.50
2013.04.29 17:26:09.596,1.51928,1.5195,1.13,2.03
2013.04.29 17:26:10.238,1.51928,1.5195,1.32,1.50
2013.04.29 17:26:11.833,1.51928,1.5195,1.13,1.50
2013.04.29 17:26:11.957,1.51928,1.5195,1.13,1.50
2013.04.29 17:26:12.025,1.5193,1.51952,1.32,1.13
2013.04.29 17:26:12.087,1.5193,1.51952,1.32,1.13
2013.04.29 17:26:12.625,1.5193,1.51952,1.32,1.13
2013.04.29 17:26:13.796,1.5193,1.51954,1.32,1.50
2013.04.29 17:26:14.096,1.51928,1.51951,1.32,1.50
2013.04.29 17:26:14.156,1.51928,1.51951,1.32,1.50
2013.04.29 17:26:15.658,1.51929,1.51954,1.69,1.73
2013.04.29 17:26:22.865,1.51929,1.51954,2.22,2.10
2013.04.29 17:26:23.794,1.51931,1.51954,1.47,2.48
2013.04.29 17:26:27.845,1.51931,1.51954,1.13,1.13
2013.04.29 17:26:27.915,1.51932,1.51955,1.13,1.65
2013.04.29 17:26:28.465,1.51931,1.51955,2.07,1.65
2013.04.29 17:26:29.157,1.51931,1.51955,2.07,1.65
2013.04.29 17:26:31.756,1.51931,1.51955,1.69,1.73
2013.04.29 17:26:31.939,1.5193,1.51953,1.69,1.35
2013.04.29 17:26:42.386,1.5193,1.51953,1.69,1.73
2013.04.29 17:26:48.185,1.51928,1.51953,1.69,1.73
2013.04.29 17:26:57.872,1.51928,1.51952,1.69,1.65
2013.04.29 17:27:06.146,1.5193,1.51951,1.50,1.88
2013.04.29 17:27:06.504,1.51924,1.51949,1.47,1.35
2013.04.29 17:27:07.215,1.51926,1.51949,1.13,1.20
2013.04.29 17:27:07.335,1.51926,1.51951,1.47,1.50
2013.04.29 17:27:07.914,1.51927,1.51952,1.47,1.20
2013.04.29 17:27:09.894,1.51927,1.51952,1.47,1.20
2013.04.29 17:27:10.506,1.51926,1.51952,1.99,1.13
2013.04.29 17:27:11.616,1.51927,1.51952,1.47,1.13
2013.04.29 17:27:11.856,1.51927,1.51951,2.22,1.50
2013.04.29 17:27:13.767,1.51927,1.51952,1.69,1.13
2013.04.29 17:27:16.336,1.5193,1.51952,1.69,1.50
2013.04.29 17:27:16.525,1.51928,1.5195,2.22,1.65
2013.04.29 17:27:16.705,1.51928,1.5195,2.03,1.73
2013.04.29 17:27:28.945,1.51928,1.5195,1.50,1.65
2013.04.29 17:27:29.075,1.51928,1.5195,2.33,1.65
2013.04.29 17:27:29.336,1.5193,1.51953,1.69,1.05
2013.04.29 17:27:35.656,1.51932,1.51958,1.13,1.80
2013.04.29 17:27:35.778,1.51934,1.51958,1.69,1.65
2013.04.29 17:27:35.906,1.51938,1.51961,1.69,1.58
2013.04.29 17:27:35.967,1.51938,1.51961,1.69,1.50
2013.04.29 17:27:42.907,1.51939,1.5196,1.47,1.58
2013.04.29 17:27:43.155,1.51931,1.51955,2.03,1.13
2013.04.29 17:27:43.710,1.51934,1.51958,1.50,2.48
2013.04.29 17:27:44.897,1.51937,1.5196,2.40,1.28
2013.04.29 17:27:45.027,1.51939,1.51962,1.32,1.50
2013.04.29 17:27:45.276,1.51947,1.51968,1.50,2.03
2013.04.29 17:27:45.656,1.51951,1.51971,1.69,2.03
2013.04.29 17:27:45.733,1.51958,1.5198,1.50,1.50
2013.04.29 17:27:45.976,1.51959,1.51982,1.69,1.50
2013.04.29 17:27:46.108,1.51964,1.51986,1.69,1.50
2013.04.29 17:27:47.795,1.51964,1.51987,1.69,1.28
2013.04.29 17:27:48.175,1.51964,1.51986,1.69,1.50
2013.04.29 17:27:48.357,1.51962,1.51986,2.25,2.78
2013.04.29 17:27:48.625,1.51962,1.51986,1.50,2.78
2013.04.29 17:27:49.145,1.51959,1.51985,1.69,1.65
2013.04.29 17:27:49.756,1.51958,1.51984,1.69,1.65
2013.04.29 17:27:49.996,1.51959,1.51982,1.69,1.50
2013.04.29 17:27:50.633,1.51959,1.51982,1.69,1.50
2013.04.29 17:27:53.076,1.51957,1.51982,1.69,1.50
2013.04.29 17:27:53.196,1.51957,1.5198,1.13,2.40
2013.04.29 17:27:54.176,1.51954,1.51979,1.69,1.88
2013.04.29 17:27:54.485,1.51955,1.51979,1.77,1.88
2013.04.29 17:27:54.547,1.51956,1.51979,2.22,1.13
2013.04.29 17:27:54.988,1.51959,1.51982,1.84,1.50
2013.04.29 17:27:55.117,1.5196,1.51982,1.09,1.50
2013.04.29 17:27:55.674,1.51961,1.51985,1.47,1.50
2013.04.29 17:28:00.617,1.5196,1.51985,2.07,1.50
2013.04.29 17:28:01.166,1.51961,1.51985,1.69,1.50
2013.04.29 17:28:03.479,1.51961,1.51985,1.50,1.50
2013.04.29 17:28:09.156,1.51961,1.51984,1.88,1.50
2013.04.29 17:28:09.435,1.5196,1.51983,1.13,1.50
2013.04.29 17:28:09.705,1.51959,1.51986,1.50,1.13
2013.04.29 17:28:10.283,1.51957,1.51984,1.28,1.43
2013.04.29 17:28:10.346,1.51957,1.51981,2.03,1.50
2013.04.29 17:28:11.170,1.51958,1.51981,1.13,1.50
2013.04.29 17:28:11.855,1.5196,1.51982,1.13,1.50
2013.04.29 17:28:14.427,1.51962,1.51986,1.13,1.50
2013.04.29 17:28:14.496,1.51963,1.51986,1.13,1.50
2013.04.29 17:28:15.496,1.51961,1.51983,1.50,1.50
2013.04.29 17:28:15.555,1.5196,1.51983,1.50,1.50
2013.04.29 17:28:16.376,1.51959,1.51983,3.79,1.50
2013.04.29 17:28:16.677,1.51954,1.51973,1.35,1.50
2013.04.29 17:28:17.053,1.51949,1.51972,1.50,2.03
2013.04.29 17:28:20.105,1.5195,1.51972,1.88,1.28
2013.04.29 17:28:20.447,1.51955,1.51972,1.28,1.28
2013.04.29 17:28:20.575,1.51959,1.51978,1.13,1.65
2013.04.29 17:28:20.696,1.51954,1.51976,1.13,1.50
2013.04.29 17:28:20.816,1.51953,1.51975,1.13,2.03
2013.04.29 17:28:21.176,1.51946,1.51964,1.50,1.35
2013.04.29 17:28:21.296,1.51945,1.51964,1.50,1.35
2013.04.29 17:28:21.595,1.51945,1.51962,1.50,1.35
2013.04.29 17:28:21.836,1.51943,1.51965,2.25,2.10
2013.04.29 17:28:21.894,1.51941,1.51965,1.13,2.10
2013.04.29 17:28:22.445,1.51939,1.51963,1.28,2.40
2013.04.29 17:28:22.505,1.51936,1.51963,1.50,2.93
2013.04.29 17:28:22.626,1.51935,1.51955,1.13,1.28
2013.04.29 17:28:22.984,1.51935,1.51953,1.13,1.28
2013.04.29 17:28:23.504,1.51935,1.51956,1.13,1.47
2013.04.29 17:28:24.065,1.51928,1.51956,1.09,1.47
2013.04.29 17:28:24.185,1.51928,1.51956,1.09,1.28
2013.04.29 17:28:25.844,1.51928,1.51956,2.59,1.28
2013.04.29 17:28:25.905,1.51932,1.51954,1.50,1.50
2013.04.29 17:28:28.656,1.51935,1.51954,1.50,1.50
2013.04.29 17:28:28.963,1.51944,1.51965,1.50,1.50
2013.04.29 17:28:29.026,1.51946,1.51966,1.13,1.28
2013.04.29 17:28:29.602,1.51949,1.51972,1.50,2.07
2013.04.29 17:28:31.466,1.51949,1.51972,2.03,1.69
2013.04.29 17:28:34.828,1.51946,1.51973,1.28,1.13
2013.04.29 17:28:34.905,1.5195,1.51973,2.03,1.88
2013.04.29 17:28:35.204,1.51947,1.51973,2.40,1.13
2013.04.29 17:28:37.414,1.51951,1.51974,1.20,1.50
2013.04.29 17:28:37.657,1.51952,1.51977,1.43,1.32
2013.04.29 17:28:37.725,1.51954,1.51977,1.02,1.13
2013.04.29 17:28:37.966,1.51954,1.51977,1.02,1.13
2013.04.29 17:28:38.027,1.51957,1.51977,1.50,1.13
2013.04.29 17:28:38.525,1.51956,1.5198,1.28,1.13
2013.04.29 17:28:38.647,1.51954,1.51977,1.62,1.13
2013.04.29 17:28:38.717,1.51956,1.51977,2.03,1.13
2013.04.29 17:28:38.845,1.51954,1.51977,1.35,1.13
2013.04.29 17:28:39.477,1.51955,1.51977,1.50,1.13
2013.04.29 17:28:39.938,1.51957,1.51978,1.50,1.50
2013.04.29 17:28:40.066,1.51961,1.51981,1.88,1.50
2013.04.29 17:28:40.126,1.51965,1.51982,1.28,1.13
2013.04.29 17:28:40.446,1.51967,1.51989,1.13,1.50
2013.04.29 17:28:40.516,1.5197,1.51994,1.80,1.28
2013.04.29 17:28:40.577,1.5197,1.51994,1.05,1.28
2013.04.29 17:28:40.706,1.51968,1.51994,1.28,2.03
2013.04.29 17:28:40.767,1.51972,1.51994,1.50,1.28
2013.04.29 17:28:41.187,1.51972,1.51995,1.50,1.88
2013.04.29 17:28:41.636,1.51974,1.51995,1.50,1.13
2013.04.29 17:28:41.937,1.51971,1.51995,2.03,1.88
2013.04.29 17:28:42.135,1.51973,1.51995,1.50,1.88
2013.04.29 17:28:42.436,1.5198,1.52001,1.50,1.28
2013.04.29 17:28:42.836,1.5198,1.52002,1.50,1.28
2013.04.29 17:28:49.796,1.51977,1.52,1.28,1.50
2013.04.29 17:28:50.355,1.51974,1.51997,2.03,1.50
2013.04.29 17:28:58.013,1.51977,1.52,1.47,1.50
2013.04.29 17:28:59.147,1.51981,1.52003,1.69,1.50
2013.04.29 17:29:01.746,1.51981,1.52001,1.69,1.69
2013.04.29 17:29:02.286,1.5198,1.51999,1.09,1.13
2013.04.29 17:29:02.826,1.51981,1.51999,1.47,1.13
2013.04.29 17:29:03.706,1.51979,1.52,1.69,1.13
2013.04.29 17:29:04.076,1.51975,1.51999,2.67,2.07
2013.04.29 17:29:04.265,1.51974,1.51997,2.14,1.50
2013.04.29 17:29:05.110,1.51975,1.51999,1.02,2.97
2013.04.29 17:29:05.976,1.51976,1.51999,1.50,2.22
2013.04.29 17:29:06.217,1.51979,1.52001,1.50,1.50
2013.04.29 17:29:06.767,1.51979,1.52002,1.50,1.69
2013.04.29 17:29:08.606,1.5198,1.52001,1.50,1.28
2013.04.29 17:29:08.666,1.51981,1.52001,1.50,1.28
2013.04.29 17:29:10.987,1.51984,1.52004,1.88,1.28
2013.04.29 17:29:11.405,1.51987,1.5201,1.50,1.88
2013.04.29 17:29:12.516,1.5199,1.5201,1.50,1.95
2013.04.29 17:29:13.026,1.51991,1.5201,1.50,1.20
2013.04.29 17:29:17.177,1.51986,1.52009,1.50,1.58
2013.04.29 17:29:17.607,1.51986,1.52007,1.50,1.28
2013.04.29 17:29:18.668,1.51988,1.52007,1.13,1.47
2013.04.29 17:29:18.796,1.51989,1.52009,1.32,1.28
2013.04.29 17:29:18.988,1.51988,1.52011,1.65,1.28
2013.04.29 17:29:20.678,1.51989,1.52008,1.50,1.13
2013.04.29 17:29:21.052,1.5199,1.52011,1.50,1.28
2013.04.29 17:29:21.128,1.5199,1.52012,1.50,1.28
2013.04.29 17:29:21.201,1.51987,1.52011,1.13,1.13
2013.04.29 17:29:21.462,1.51986,1.52011,1.50,2.25
2013.04.29 17:29:21.648,1.51986,1.52011,1.50,2.03
2013.04.29 17:29:21.969,1.51989,1.52011,1.50,2.18
2013.04.29 17:29:22.457,1.51991,1.52013,1.50,1.28
2013.04.29 17:29:22.976,1.51991,1.52014,1.50,1.50
2013.04.29 17:29:23.285,1.51993,1.52016,1.50,1.50
2013.04.29 17:29:23.597,1.51992,1.52017,2.03,2.63
2013.04.29 17:29:23.667,1.51994,1.52017,1.50,1.13
2013.04.29 17:29:24.525,1.51994,1.52017,1.50,1.28
2013.04.29 17:29:24.708,1.51991,1.52016,1.50,2.18
2013.04.29 17:29:25.077,1.51994,1.52014,1.50,1.28
2013.04.29 17:29:25.327,1.51994,1.52017,1.50,2.63
2013.04.29 17:29:25.785,1.51994,1.52016,1.50,1.28
2013.04.29 17:29:30.466,1.51991,1.52014,1.50,1.13
2013.04.29 17:29:31.016,1.51991,1.52014,1.50,1.65
2013.04.29 17:29:32.906,1.51994,1.52014,1.50,1.13
2013.04.29 17:29:35.432,1.51998,1.52018,1.50,1.13
2013.04.29 17:29:35.741,1.51998,1.52022,1.50,2.59
2013.04.29 17:29:37.887,1.51996,1.5202,1.50,1.50
2013.04.29 17:29:44.070,1.51996,1.5202,1.50,1.50
2013.04.29 17:29:45.797,1.51997,1.52021,1.13,1.69
2013.04.29 17:29:46.108,1.52003,1.52027,1.50,2.07
2013.04.29 17:29:46.657,1.52002,1.52024,1.50,1.50
2013.04.29 17:29:46.847,1.52,1.52026,1.32,2.03
2013.04.29 17:29:47.401,1.52,1.52026,2.07,1.28
2013.04.29 17:29:48.467,1.52,1.52025,2.82,1.50
2013.04.29 17:29:51.468,1.52001,1.52024,1.13,1.50
2013.04.29 17:29:51.596,1.52,1.52022,1.32,1.50
2013.04.29 17:29:52.397,1.52,1.52022,1.32,1.50
2013.04.29 17:29:56.810,1.52,1.52022,1.32,1.50
2013.04.29 17:29:59.586,1.52001,1.52024,1.50,2.03
2013.04.29 17:30:00.796,1.52003,1.52024,1.50,1.28
2013.04.29 17:30:03.306,1.52003,1.52025,1.50,1.69
2013.04.29 17:30:03.605,1.52,1.52027,2.59,1.32
2013.04.29 17:30:03.907,1.51999,1.52021,1.95,1.65
2013.04.29 17:30:04.095,1.51989,1.52016,2.63,1.65
2013.04.29 17:30:04.227,1.51992,1.52015,1.13,1.47
2013.04.29 17:30:04.737,1.51993,1.52013,1.50,2.03
2013.04.29 17:30:05.046,1.51979,1.51999,1.13,1.35
2013.04.29 17:30:05.107,1.51971,1.51993,1.65,1.58
2013.04.29 17:30:05.238,1.51971,1.51991,1.88,1.50
2013.04.29 17:30:05.487,1.51969,1.5199,1.50,1.73
2013.04.29 17:30:05.676,1.51966,1.51989,1.50,1.80
2013.04.29 17:30:06.848,1.51966,1.51987,1.50,1.32
2013.04.29 17:30:07.037,1.51965,1.51986,1.50,1.50
2013.04.29 17:30:07.567,1.51961,1.51983,2.78,1.20
2013.04.29 17:30:07.697,1.51959,1.51983,1.28,1.88
2013.04.29 17:30:07.828,1.51955,1.51978,2.07,1.58
2013.04.29 17:30:07.897,1.51954,1.51978,2.44,1.58
2013.04.29 17:30:08.018,1.51955,1.51979,1.50,1.20
2013.04.29 17:30:08.086,1.51955,1.51979,1.50,1.95
2013.04.29 17:30:09.375,1.51958,1.51978,1.50,1.58
2013.04.29 17:30:09.836,1.5196,1.51982,1.50,1.50
2013.04.29 17:30:09.896,1.5196,1.51982,1.50,1.50
2013.04.29 17:30:10.556,1.51963,1.51982,1.50,1.50
2013.04.29 17:30:11.177,1.51963,1.51986,1.50,3.23
2013.04.29 17:30:11.957,1.51961,1.51985,1.50,1.88
2013.04.29 17:30:12.025,1.5196,1.51985,1.50,2.25
2013.04.29 17:30:13.018,1.5196,1.51984,1.50,1.50
2013.04.29 17:30:16.856,1.5196,1.51983,1.50,1.13
2013.04.29 17:30:20.367,1.5196,1.51982,1.50,2.03
2013.04.29 17:30:21.673,1.51957,1.51981,1.50,1.50
2013.04.29 17:30:24.210,1.51957,1.51981,1.50,2.25
2013.04.29 17:30:24.466,1.51956,1.51979,1.50,2.93
2013.04.29 17:30:24.707,1.51952,1.51977,1.50,1.65
2013.04.29 17:30:30.705,1.51948,1.51979,4.09,3.30
2013.04.29 17:30:30.765,1.51948,1.51975,2.97,1.43
2013.04.29 17:30:31.066,1.51943,1.51962,1.50,2.78
2013.04.29 17:30:31.315,1.51943,1.51962,1.13,2.78
2013.04.29 17:30:31.495,1.51943,1.51962,1.13,1.28
2013.04.29 17:30:33.198,1.51938,1.51961,1.50,1.28
2013.04.29 17:30:33.268,1.51938,1.51961,1.50,1.28
2013.04.29 17:30:33.457,1.51936,1.51962,1.50,1.65
2013.04.29 17:30:33.586,1.51935,1.51961,2.03,1.58
2013.04.29 17:30:34.006,1.51935,1.51959,1.28,1.50
2013.04.29 17:30:34.187,1.51936,1.51961,1.50,1.35
2013.04.29 17:30:34.506,1.51936,1.51959,1.50,1.50
2013.04.29 17:30:35.775,1.51934,1.51958,1.58,1.50
2013.04.29 17:30:36.326,1.51937,1.51958,1.50,1.50
2013.04.29 17:30:36.626,1.51936,1.51959,1.50,1.50
2013.04.29 17:30:37.897,1.51936,1.51962,3.15,2.07
2013.04.29 17:30:38.357,1.5194,1.51963,1.50,1.28
2013.04.29 17:30:39.186,1.5194,1.51963,1.50,1.50
2013.04.29 17:30:45.207,1.51938,1.51963,2.03,1.50
2013.04.29 17:30:48.337,1.51937,1.5196,1.35,1.50
2013.04.29 17:30:53.747,1.51939,1.51962,1.28,2.25
2013.04.29 17:30:53.806,1.51939,1.51962,1.28,1.50
2013.04.29 17:30:55.359,1.51936,1.51962,1.65,2.25
2013.04.29 17:30:56.825,1.51937,1.51962,1.58,2.25
2013.04.29 17:30:57.654,1.51939,1.51962,1.28,2.25
2013.04.29 17:30:57.897,1.51939,1.51962,2.97,1.50
2013.04.29 17:30:58.257,1.51953,1.5197,1.84,1.13
2013.04.29 17:30:58.387,1.51953,1.51976,1.65,1.50
2013.04.29 17:30:58.936,1.51951,1.51976,1.50,1.50
2013.04.29 17:31:02.596,1.5195,1.51975,1.50,2.40
2013.04.29 17:31:02.776,1.51947,1.51972,1.80,1.50
2013.04.29 17:31:04.423,1.51947,1.51972,1.05,1.50
2013.04.29 17:31:04.633,1.51946,1.5197,2.03,1.50
2013.04.29 17:31:04.949,1.51936,1.51959,2.97,1.28
2013.04.29 17:31:05.496,1.51936,1.5196,2.82,1.50
2013.04.29 17:31:05.617,1.51939,1.51965,3.87,1.50
2013.04.29 17:31:05.687,1.51941,1.51966,1.09,2.03
2013.04.29 17:31:05.987,1.51939,1.51964,2.44,1.50
2013.04.29 17:31:06.546,1.5194,1.51964,1.28,1.50
2013.04.29 17:31:07.366,1.51941,1.51966,1.28,2.25
2013.04.29 17:31:07.727,1.51942,1.51964,1.35,1.50
2013.04.29 17:31:10.806,1.5194,1.51964,2.59,1.50
2013.04.29 17:31:12.438,1.51939,1.51963,2.25,1.50
2013.04.29 17:31:12.566,1.5194,1.5196,1.65,1.50
2013.04.29 17:31:12.697,1.5194,1.51963,2.59,1.50
2013.04.29 17:31:13.246,1.5194,1.51963,1.09,1.50
2013.04.29 17:31:17.676,1.5194,1.51963,1.84,1.50
2013.04.29 17:31:17.794,1.51939,1.51967,2.22,1.28
2013.04.29 17:31:17.915,1.51938,1.51957,1.50,1.50
2013.04.29 17:31:18.465,1.51939,1.51957,2.03,1.50
2013.04.29 17:31:20.906,1.5194,1.51966,2.10,2.40
2013.04.29 17:31:20.966,1.51943,1.51967,1.05,1.50
2013.04.29 17:31:21.026,1.51943,1.51968,3.30,1.50
2013.04.29 17:31:21.390,1.51943,1.51967,2.93,1.50
2013.04.29 17:31:21.515,1.51943,1.51967,1.95,1.50
2013.04.29 17:31:23.565,1.51943,1.51967,1.73,1.50
2013.04.29 17:31:25.599,1.51943,1.51967,2.18,1.50
2013.04.29 17:31:26.492,1.51942,1.51964,1.43,1.50
2013.04.29 17:31:29.156,1.51942,1.51963,2.18,1.50
2013.04.29 17:31:29.867,1.51942,1.51962,1.28,1.50
2013.04.29 17:31:30.246,1.51942,1.51965,1.28,1.50
2013.04.29 17:31:36.607,1.51942,1.51962,1.28,1.50
2013.04.29 17:31:40.686,1.51939,1.51967,1.35,1.65
2013.04.29 17:31:40.745,1.5194,1.51967,1.50,1.65
2013.04.29 17:31:40.806,1.51942,1.51966,1.50,1.50
2013.04.29 17:31:42.956,1.51943,1.51967,2.25,1.65
2013.04.29 17:31:44.723,1.51943,1.51967,1.50,1.65
2013.04.29 17:31:47.756,1.51942,1.51967,2.03,1.65
2013.04.29 17:31:48.102,1.51942,1.51966,2.03,1.65
2013.04.29 17:31:52.783,1.5194,1.51964,2.03,1.50
2013.04.29 17:32:01.626,1.5194,1.5196,1.50,1.50
2013.04.29 17:32:01.747,1.51937,1.51957,1.58,1.13
2013.04.29 17:32:02.408,1.51938,1.51962,1.58,1.88
2013.04.29 17:32:02.596,1.51938,1.51964,1.58,2.03
2013.04.29 17:32:06.218,1.51936,1.51963,2.03,1.65
2013.04.29 17:32:06.526,1.51935,1.51958,1.50,1.28
2013.04.29 17:32:09.287,1.51932,1.51956,1.35,1.50
2013.04.29 17:32:13.615,1.51934,1.51955,1.50,1.50
2013.04.29 17:32:14.166,1.51934,1.51957,1.50,1.88
2013.04.29 17:32:16.102,1.51931,1.51955,1.58,1.50
2013.04.29 17:32:19.657,1.51933,1.51956,1.69,1.13
2013.04.29 17:32:19.968,1.51938,1.51962,1.65,1.65
2013.04.29 17:32:20.400,1.51937,1.51959,2.37,1.50
2013.04.29 17:32:20.476,1.51936,1.51959,3.38,1.50
2013.04.29 17:32:21.533,1.51936,1.51959,2.25,1.50
2013.04.29 17:32:25.646,1.51935,1.51959,3.90,1.50
2013.04.29 17:32:25.887,1.51935,1.5196,3.90,2.03
2013.04.29 17:32:26.127,1.51944,1.51968,1.50,1.65
2013.04.29 17:32:32.357,1.51944,1.51969,1.50,2.25
2013.04.29 17:32:42.136,1.51944,1.51968,1.50,1.50
2013.04.29 17:32:42.261,1.51943,1.51967,1.88,1.50
2013.04.29 17:32:42.567,1.51938,1.51959,1.32,1.50
2013.04.29 17:32:43.138,1.51937,1.51959,1.13,1.50
2013.04.29 17:32:46.417,1.51936,1.51957,2.25,1.50
2013.04.29 17:32:46.936,1.51933,1.51957,1.50,2.48
2013.04.29 17:32:48.715,1.51933,1.51958,1.50,1.28
2013.04.29 17:32:51.446,1.51938,1.5196,1.20,1.28
2013.04.29 17:32:51.565,1.51947,1.51969,2.40,1.58
2013.04.29 17:32:51.625,1.51949,1.51969,2.25,1.58
2013.04.29 17:32:51.926,1.51949,1.51973,2.25,1.50
2013.04.29 17:32:54.966,1.51949,1.51973,2.33,1.50
2013.04.29 17:32:55.207,1.51964,1.51988,1.50,1.50
2013.04.29 17:32:55.337,1.51962,1.51987,3.00,1.50
2013.04.29 17:32:55.577,1.51963,1.51987,1.13,1.50
2013.04.29 17:32:55.646,1.51963,1.51989,1.50,2.03
2013.04.29 17:32:55.707,1.51965,1.51989,2.25,1.28
2013.04.29 17:32:55.826,1.51969,1.51992,1.50,1.65
2013.04.29 17:32:56.393,1.5197,1.51994,1.43,1.50
2013.04.29 17:32:56.886,1.51973,1.51994,1.05,1.50
2013.04.29 17:32:57.069,1.51975,1.51998,1.28,1.50
2013.04.29 17:32:57.257,1.51976,1.51998,1.05,1.50
2013.04.29 17:32:57.620,1.51977,1.51998,1.35,1.50
2013.04.29 17:32:59.796,1.51977,1.51999,1.35,1.50
2013.04.29 17:33:00.098,1.51983,1.52006,1.50,2.25
2013.04.29 17:33:00.167,1.51986,1.52007,1.28,1.13
2013.04.29 17:33:00.486,1.51988,1.52007,1.35,1.13
2013.04.29 17:33:00.766,1.51985,1.52007,1.28,1.13
2013.04.29 17:33:05.074,1.51983,1.52008,1.80,1.50
2013.04.29 17:33:06.816,1.51983,1.52006,1.05,1.50
2013.04.29 17:33:07.066,1.51982,1.52006,2.40,1.50
2013.04.29 17:33:12.245,1.51982,1.52005,1.65,1.50
2013.04.29 17:33:12.796,1.51981,1.52003,1.80,1.50
2013.04.29 17:33:13.346,1.51979,1.52,1.13,1.50
2013.04.29 17:33:13.967,1.51975,1.52,2.22,1.50
2013.04.29 17:33:14.087,1.51975,1.51999,1.47,1.50
2013.04.29 17:33:14.206,1.51973,1.51997,1.13,1.50
2013.04.29 17:33:14.267,1.51973,1.51997,1.13,1.50
2013.04.29 17:33:14.744,1.51973,1.51996,1.13,1.50
2013.04.29 17:33:19.617,1.51971,1.51995,2.03,1.50
2013.04.29 17:33:19.875,1.51973,1.52,1.13,2.29
2013.04.29 17:33:20.116,1.51976,1.51999,1.50,1.73
2013.04.29 17:33:20.698,1.51975,1.51997,1.50,1.73
2013.04.29 17:33:22.656,1.51976,1.52001,1.28,1.73
2013.04.29 17:33:23.018,1.51984,1.52004,1.99,1.58
2013.04.29 17:33:23.146,1.51992,1.5201,1.28,2.25
2013.04.29 17:33:23.217,1.51993,1.52016,1.28,1.35
2013.04.29 17:33:23.287,1.51993,1.52016,1.28,1.13
2013.04.29 17:33:23.349,1.51993,1.52016,2.03,1.88
2013.04.29 17:33:23.657,1.51993,1.52017,2.03,2.03
2013.04.29 17:33:23.907,1.51997,1.52018,1.50,1.50
2013.04.29 17:33:24.416,1.51997,1.52021,1.50,1.73
2013.04.29 17:33:26.916,1.51997,1.5202,1.50,1.13
2013.04.29 17:33:27.276,1.51997,1.52016,1.28,1.58
2013.04.29 17:33:27.735,1.51997,1.52016,1.28,1.58
2013.04.29 17:33:27.976,1.51993,1.52016,2.03,1.58
2013.04.29 17:33:28.037,1.51993,1.52016,1.28,2.70
2013.04.29 17:33:28.227,1.5199,1.52013,2.03,2.48
2013.04.29 17:33:28.736,1.51989,1.52013,1.50,2.48
2013.04.29 17:33:29.274,1.51989,1.52013,1.50,2.48
2013.04.29 17:33:31.279,1.51989,1.52013,1.50,2.48
2013.04.29 17:33:33.596,1.5199,1.52013,1.28,2.48
2013.04.29 17:33:34.316,1.51991,1.52014,1.28,1.73
2013.04.29 17:33:36.016,1.5199,1.52014,2.03,1.73
2013.04.29 17:33:36.206,1.51987,1.52008,2.40,1.17
2013.04.29 17:33:37.648,1.51985,1.52008,1.50,1.92
2013.04.29 17:33:37.917,1.51983,1.52005,1.47,2.25
2013.04.29 17:33:37.989,1.51982,1.52002,1.28,1.50
2013.04.29 17:33:38.176,1.51979,1.52,2.44,1.13
2013.04.29 17:33:38.477,1.51979,1.52,1.69,1.88
2013.04.29 17:33:38.597,1.51974,1.51998,1.65,1.50
2013.04.29 17:33:38.896,1.51973,1.51995,1.50,1.50
2013.04.29 17:33:39.798,1.51972,1.51995,1.50,1.50
2013.04.29 17:33:42.877,1.51974,1.51996,1.13,1.50
2013.04.29 17:33:43.258,1.51976,1.51998,1.69,1.50
2013.04.29 17:33:49.216,1.51976,1.51998,1.69,1.50
2013.04.29 17:33:58.026,1.51974,1.52,2.07,1.65
2013.04.29 17:33:58.146,1.51978,1.52001,1.69,1.35
2013.04.29 17:33:58.206,1.51984,1.52006,1.65,1.28
2013.04.29 17:33:58.338,1.51987,1.52012,1.69,1.50
2013.04.29 17:33:59.777,1.5199,1.52013,1.69,2.03
2013.04.29 17:33:59.926,1.51996,1.52018,1.18,1.28
2013.04.29 17:33:59.989,1.51996,1.52019,2.26,2.25
2013.04.29 17:34:00.177,1.51999,1.52021,1.28,1.50
2013.04.29 17:34:00.247,1.51998,1.52021,1.28,1.50
2013.04.29 17:34:00.788,1.51996,1.52021,2.40,2.25
2013.04.29 17:34:14.589,1.51996,1.52019,2.03,1.28
2013.04.29 17:34:14.919,1.51989,1.52009,1.88,1.50
2013.04.29 17:34:15.107,1.51991,1.52012,1.50,1.69
2013.04.29 17:34:15.357,1.51989,1.52011,1.88,1.28
2013.04.29 17:34:15.417,1.51984,1.52009,1.28,1.50
2013.04.29 17:34:15.666,1.51984,1.52007,1.50,1.50
2013.04.29 17:34:16.396,1.51982,1.52007,1.13,2.78
2013.04.29 17:34:16.456,1.51982,1.52006,1.13,1.50
2013.04.29 17:34:17.367,1.51987,1.52007,1.13,1.50
2013.04.29 17:34:17.688,1.51988,1.5201,1.13,2.48
2013.04.29 17:34:18.272,1.51988,1.5201,1.13,1.65
2013.04.29 17:34:19.766,1.51989,1.52012,1.13,1.50
2013.04.29 17:34:20.047,1.51989,1.52012,1.50,1.50
2013.04.29 17:34:23.088,1.5199,1.52013,1.28,1.58
2013.04.29 17:34:25.904,1.5199,1.52013,1.28,1.58
2013.04.29 17:34:26.247,1.51991,1.52014,1.50,1.73
2013.04.29 17:34:26.817,1.51993,1.52014,2.03,1.65
2013.04.29 17:34:27.257,1.51997,1.52018,1.50,1.50
2013.04.29 17:34:27.318,1.51999,1.52022,1.13,1.50
2013.04.29 17:34:29.136,1.51999,1.5202,1.65,1.13
2013.04.29 17:34:29.197,1.51999,1.5202,1.13,1.43
2013.04.29 17:34:29.266,1.51995,1.52019,1.13,1.50
2013.04.29 17:34:29.326,1.51991,1.52019,1.65,1.50
2013.04.29 17:34:29.907,1.51991,1.52015,1.28,1.58
2013.04.29 17:34:31.227,1.5199,1.52015,1.28,1.88
2013.04.29 17:34:31.755,1.51988,1.52013,1.50,1.58
2013.04.29 17:34:36.359,1.51988,1.52012,1.50,1.35
2013.04.29 17:34:38.157,1.51985,1.52012,1.50,1.35
2013.04.29 17:34:38.745,1.51985,1.52012,1.50,2.10
2013.04.29 17:34:39.286,1.51984,1.52008,1.28,2.40
2013.04.29 17:34:39.647,1.51982,1.52005,2.48,1.95
2013.04.29 17:34:50.198,1.51984,1.52009,1.28,2.70
2013.04.29 17:34:50.332,1.51988,1.52009,1.50,1.50
2013.04.29 17:34:50.458,1.51989,1.52013,1.28,1.50
2013.04.29 17:34:51.236,1.51986,1.52012,2.18,1.58
2013.04.29 17:34:51.298,1.51986,1.52012,2.18,1.58
2013.04.29 17:34:55.856,1.51986,1.5201,1.28,1.88
2013.04.29 17:34:56.396,1.51983,1.52007,1.50,1.65
2013.04.29 17:34:59.487,1.51985,1.52009,2.03,1.50
2013.04.29 17:35:07.619,1.51986,1.5201,1.50,1.50
2013.04.29 17:35:11.186,1.51985,1.52011,1.28,2.25
2013.04.29 17:35:11.306,1.51984,1.52011,1.77,2.33
2013.04.29 17:35:11.367,1.51982,1.52007,2.22,1.50
2013.04.29 17:35:18.309,1.5198,1.52007,2.40,1.13
2013.04.29 17:35:18.380,1.5198,1.52006,1.65,1.50
2013.04.29 17:35:18.509,1.51977,1.52003,1.47,2.03
2013.04.29 17:35:18.579,1.51976,1.51997,1.50,1.50
2013.04.29 17:35:18.767,1.51977,1.52004,1.65,1.50
2013.04.29 17:35:23.116,1.5198,1.52007,2.03,1.65
2013.04.29 17:35:23.176,1.51982,1.52007,1.50,1.65
2013.04.29 17:35:23.442,1.51982,1.52008,1.50,1.65
2013.04.29 17:35:25.476,1.51981,1.52007,1.50,1.65
2013.04.29 17:35:27.369,1.51984,1.52008,1.50,1.65
2013.04.29 17:35:27.497,1.51986,1.52009,1.43,1.50
2013.04.29 17:35:27.556,1.51986,1.52009,1.62,1.50
2013.04.29 17:35:27.676,1.51987,1.52011,1.62,1.50
2013.04.29 17:35:28.706,1.51986,1.52011,2.10,1.50
2013.04.29 17:35:29.718,1.51988,1.52013,2.03,2.40
2013.04.29 17:35:29.807,1.5199,1.52013,1.50,1.65
2013.04.29 17:35:29.866,1.51992,1.52013,1.58,1.65
2013.04.29 17:35:30.167,1.51997,1.52019,2.22,1.13
2013.04.29 17:35:30.900,1.51998,1.52021,1.47,1.50
2013.04.29 17:35:32.908,1.51998,1.52022,1.47,1.50
2013.04.29 17:35:33.936,1.51999,1.52023,2.22,1.50
2013.04.29 17:35:37.906,1.52001,1.52023,1.58,1.50
2013.04.29 17:35:50.742,1.52002,1.52023,1.02,2.25
2013.04.29 17:35:53.068,1.52001,1.52023,1.47,2.25
2013.04.29 17:35:53.260,1.52003,1.52026,2.03,1.50
2013.04.29 17:35:53.461,1.52007,1.52028,1.05,2.25
2013.04.29 17:35:53.799,1.52008,1.52028,1.35,1.50
2013.04.29 17:35:54.353,1.52008,1.5203,2.10,2.40
2013.04.29 17:35:54.539,1.52006,1.5203,2.10,1.65
2013.04.29 17:36:00.036,1.52006,1.52029,1.35,1.50
2013.04.29 17:36:02.877,1.52004,1.52029,2.33,1.50
2013.04.29 17:36:03.116,1.52003,1.52029,1.28,1.50
2013.04.29 17:36:04.426,1.52002,1.52029,1.65,1.50
2013.04.29 17:36:09.746,1.52001,1.52025,1.65,1.50
2013.04.29 17:36:14.710,1.52001,1.52025,1.47,1.50
2013.04.29 17:36:18.347,1.52001,1.52025,1.47,1.69
2013.04.29 17:36:18.467,1.52,1.52023,2.07,1.69
2013.04.29 17:36:18.528,1.51999,1.52023,1.32,3.19
2013.04.29 17:36:18.836,1.51996,1.5201,1.13,1.28
2013.04.29 17:36:18.957,1.51988,1.52009,1.50,1.28
2013.04.29 17:36:19.376,1.51988,1.52009,1.50,1.28
2013.04.29 17:36:21.837,1.51985,1.52009,1.69,1.47
2013.04.29 17:36:21.898,1.51984,1.52009,2.07,1.47
2013.04.29 17:36:26.687,1.51987,1.52009,1.50,1.47
2013.04.29 17:36:38.296,1.51987,1.52009,1.50,1.28
2013.04.29 17:36:38.798,1.51985,1.52009,2.82,1.28
2013.04.29 17:36:38.867,1.51985,1.5201,2.82,1.80
2013.04.29 17:36:38.937,1.5199,1.52011,1.50,1.28
2013.04.29 17:36:39.118,1.51997,1.5202,1.32,2.40
2013.04.29 17:36:39.496,1.52,1.5202,1.50,1.13
2013.04.29 17:36:40.019,1.52,1.52023,1.50,1.28
2013.04.29 17:36:40.159,1.51997,1.5202,1.88,1.50
2013.04.29 17:36:40.616,1.51997,1.5202,1.88,1.50
2013.04.29 17:36:42.376,1.51997,1.5202,1.88,1.65
2013.04.29 17:36:42.556,1.51995,1.52019,2.03,2.25
2013.04.29 17:36:42.616,1.51995,1.52016,1.28,1.50
2013.04.29 17:36:42.678,1.51995,1.52018,2.03,1.50
2013.04.29 17:36:46.317,1.51995,1.52016,1.50,1.50
2013.04.29 17:36:46.628,1.51991,1.52016,1.84,2.25
2013.04.29 17:36:49.962,1.51992,1.52016,1.50,2.25
2013.04.29 17:36:52.867,1.51991,1.52013,1.09,1.50
2013.04.29 17:36:52.986,1.51988,1.52012,2.37,1.50
2013.04.29 17:36:54.116,1.51988,1.52012,1.84,2.25
2013.04.29 17:36:57.056,1.51988,1.52012,2.74,2.25
2013.04.29 17:37:00.777,1.51988,1.52011,1.62,1.50
2013.04.29 17:37:08.296,1.51987,1.52007,1.24,2.03
2013.04.29 17:37:08.614,1.51976,1.51992,2.03,1.50
2013.04.29 17:37:08.679,1.51971,1.51993,1.32,2.25
2013.04.29 17:37:13.065,1.51968,1.51994,1.54,1.02
2013.04.29 17:37:13.186,1.51969,1.51992,1.47,1.50
2013.04.29 17:37:15.307,1.51969,1.51992,1.47,1.50
2013.04.29 17:37:16.916,1.51969,1.51992,1.28,1.50
2013.04.29 17:37:17.216,1.5197,1.51992,1.65,1.50
2013.04.29 17:37:17.457,1.51976,1.51996,1.28,1.13
2013.04.29 17:37:17.877,1.5198,1.51998,1.43,1.50
2013.04.29 17:37:17.937,1.51984,1.52007,1.65,2.25
2013.04.29 17:37:17.997,1.51985,1.52008,2.25,1.50
2013.04.29 17:37:18.117,1.51985,1.52008,2.78,1.50
2013.04.29 17:37:18.674,1.51988,1.52008,1.80,1.50
2013.04.29 17:37:30.766,1.51988,1.52008,1.80,1.50
2013.04.29 17:37:31.696,1.51988,1.52008,1.28,1.50
2013.04.29 17:37:32.837,1.51988,1.52008,2.78,1.50
2013.04.29 17:37:32.958,1.51991,1.52013,1.65,1.50
2013.04.29 17:37:36.857,1.51991,1.52011,1.28,1.28
2013.04.29 17:37:36.916,1.51986,1.52009,1.13,1.50
2013.04.29 17:37:36.976,1.51986,1.52008,1.88,1.50
2013.04.29 17:37:42.016,1.51984,1.52008,2.55,1.50
2013.04.29 17:37:42.947,1.51984,1.52008,2.55,1.69
2013.04.29 17:37:43.127,1.51983,1.52006,1.50,1.58
2013.04.29 17:37:43.428,1.51979,1.51993,1.50,1.50
2013.04.29 17:37:43.498,1.51972,1.51993,1.50,1.50
2013.04.29 17:37:44.008,1.51972,1.51995,1.50,1.69
2013.04.29 17:37:47.438,1.51973,1.51997,1.50,1.69
2013.04.29 17:37:51.367,1.51973,1.51996,2.78,1.50
2013.04.29 17:37:51.906,1.51972,1.51996,3.75,1.69
2013.04.29 17:38:02.726,1.51973,1.51996,2.03,1.69
2013.04.29 17:38:06.646,1.51973,1.51996,2.03,1.50
2013.04.29 17:38:07.257,1.51973,1.51996,2.03,1.50
2013.04.29 17:38:07.816,1.51973,1.51996,2.03,1.88
2013.04.29 17:38:11.574,1.51971,1.51994,1.88,1.50
2013.04.29 17:38:11.875,1.51975,1.51998,1.50,1.50
2013.04.29 17:38:18.446,1.51975,1.51997,1.50,1.88
2013.04.29 17:38:24.576,1.51974,1.51997,3.75,1.50
2013.04.29 17:38:26.887,1.51974,1.51998,2.25,1.65
2013.04.29 17:38:27.247,1.51975,1.51997,1.50,1.50
2013.04.29 17:38:32.936,1.51974,1.51997,1.50,1.50
2013.04.29 17:38:34.416,1.51977,1.52,1.28,1.50
2013.04.29 17:38:34.478,1.51977,1.52,1.28,1.50
2013.04.29 17:38:37.867,1.51978,1.52003,2.03,1.50
2013.04.29 17:38:40.427,1.5198,1.52003,1.80,1.88
2013.04.29 17:38:40.667,1.5198,1.52003,1.80,1.13
2013.04.29 17:38:41.476,1.51984,1.52004,2.03,1.50
2013.04.29 17:38:41.810,1.51987,1.52007,2.10,1.13
2013.04.29 17:38:41.879,1.51987,1.52009,2.48,1.50
2013.04.29 17:38:41.948,1.51987,1.52009,2.18,1.50
2013.04.29 17:38:51.177,1.51986,1.5201,1.28,2.25
2013.04.29 17:38:54.707,1.51985,1.52009,1.80,1.50
2013.04.29 17:38:54.768,1.51984,1.52009,1.28,2.25
2013.04.29 17:38:54.978,1.51984,1.52009,3.30,1.50
2013.04.29 17:38:57.937,1.51986,1.52011,1.50,1.50
2013.04.29 17:39:04.564,1.51988,1.52012,2.10,1.50
2013.04.29 17:39:04.986,1.51988,1.52011,2.10,1.50
2013.04.29 17:39:06.401,1.51987,1.5201,2.03,1.50
2013.04.29 17:39:17.787,1.51987,1.52003,1.58,1.50
2013.04.29 17:39:18.027,1.51976,1.51996,1.28,1.73
2013.04.29 17:39:18.095,1.51974,1.51998,1.50,1.88
2013.04.29 17:39:18.218,1.51974,1.51998,1.50,1.95
2013.04.29 17:39:18.288,1.51973,1.51997,1.28,2.33
2013.04.29 17:39:18.478,1.51972,1.51996,1.43,1.58
2013.04.29 17:39:19.878,1.51972,1.51996,1.05,2.85
2013.04.29 17:39:20.068,1.51972,1.51996,1.05,2.85
2013.04.29 17:39:23.279,1.51972,1.51996,1.05,2.48
2013.04.29 17:39:23.598,1.51966,1.51985,2.10,1.13
2013.04.29 17:39:23.916,1.5196,1.51979,2.03,1.50
2013.04.29 17:39:23.977,1.51956,1.51979,1.28,1.50
2013.04.29 17:39:25.027,1.51957,1.5198,1.28,1.58
2013.04.29 17:39:28.247,1.51958,1.51982,1.58,1.95
2013.04.29 17:39:29.127,1.51958,1.51982,1.58,1.95
2013.04.29 17:39:29.618,1.51958,1.51981,1.58,1.35
2013.04.29 17:39:29.898,1.51959,1.51981,1.28,1.95
2013.04.29 17:39:31.307,1.51959,1.51979,1.28,1.50
2013.04.29 17:39:32.647,1.5196,1.51985,2.03,2.44
2013.04.29 17:39:43.156,1.51959,1.51979,1.28,1.50
2013.04.29 17:39:45.376,1.51958,1.51979,1.28,1.50
2013.04.29 17:39:57.727,1.51958,1.51982,1.50,1.50
2013.04.29 17:39:58.287,1.5196,1.51983,1.50,1.02
2013.04.29 17:40:02.966,1.5196,1.51983,1.50,1.50
2013.04.29 17:40:05.057,1.51959,1.51982,1.28,1.50
2013.04.29 17:40:06.681,1.51964,1.51982,1.50,1.50
2013.04.29 17:40:06.868,1.51978,1.51995,1.80,1.13
2013.04.29 17:40:06.928,1.51978,1.51996,1.05,2.25
2013.04.29 17:40:07.115,1.51978,1.51996,1.05,2.63
2013.04.29 17:40:07.238,1.51969,1.51985,2.25,1.73
2013.04.29 17:40:07.298,1.51965,1.51985,1.50,2.03
2013.04.29 17:40:07.357,1.51963,1.51985,1.50,1.13
2013.04.29 17:40:07.477,1.51964,1.51986,1.28,1.50
2013.04.29 17:40:07.597,1.51965,1.51987,2.10,1.50
2013.04.29 17:40:07.897,1.51967,1.51987,1.28,1.50
2013.04.29 17:40:08.139,1.51971,1.51994,1.50,1.50
2013.04.29 17:40:08.208,1.51975,1.51996,1.28,1.50
2013.04.29 17:40:08.277,1.51975,1.51997,1.28,1.50
2013.04.29 17:40:08.788,1.51975,1.51997,1.28,1.50
2013.04.29 17:40:09.371,1.51976,1.51997,1.58,1.50
2013.04.29 17:40:09.784,1.51979,1.51997,1.35,1.50
2013.04.29 17:40:09.908,1.51979,1.51999,1.35,1.50
2013.04.29 17:40:10.639,1.5198,1.52004,1.35,1.50
2013.04.29 17:40:10.828,1.51984,1.52005,2.78,1.50
2013.04.29 17:40:11.132,1.51983,1.51991,1.05,1.20
2013.04.29 17:40:11.259,1.51981,1.51988,1.05,1.65
2013.04.29 17:40:11.387,1.51968,1.51988,1.95,1.65
2013.04.29 17:40:11.626,1.5197,1.5199,1.28,1.13
2013.04.29 17:40:11.927,1.5197,1.51987,1.28,1.13
2013.04.29 17:40:12.437,1.51969,1.51987,2.03,1.88
2013.04.29 17:40:13.570,1.51967,1.51987,2.10,1.88
2013.04.29 17:40:13.758,1.51964,1.51987,2.10,1.88
2013.04.29 17:40:14.277,1.51964,1.51985,2.85,1.58
2013.04.29 17:40:14.408,1.51963,1.51985,2.03,1.58
2013.04.29 17:40:18.118,1.51963,1.51984,2.03,1.58
2013.04.29 17:40:18.428,1.5196,1.51983,1.28,2.70
2013.04.29 17:40:19.838,1.5196,1.51973,1.28,1.50
2013.04.29 17:40:19.968,1.51949,1.51967,1.20,1.20
2013.04.29 17:40:20.027,1.51949,1.51967,1.20,1.20
2013.04.29 17:40:20.157,1.51942,1.5196,1.50,2.44
2013.04.29 17:40:20.216,1.51939,1.5196,2.03,2.44
2013.04.29 17:40:20.339,1.51937,1.51957,1.13,1.58
2013.04.29 17:40:20.941,1.51939,1.51959,1.28,1.50
2013.04.29 17:40:21.247,1.51943,1.51964,1.05,1.13
2013.04.29 17:40:21.487,1.51945,1.51966,2.33,2.25
2013.04.29 17:40:21.849,1.51949,1.51966,1.35,1.50
2013.04.29 17:40:22.039,1.51949,1.51972,1.35,1.73
2013.04.29 17:40:22.348,1.51949,1.51972,1.05,1.73
2013.04.29 17:40:22.599,1.51949,1.51971,1.73,1.50
2013.04.29 17:40:22.907,1.51965,1.51983,1.13,1.50
2013.04.29 17:40:23.038,1.51968,1.51991,1.50,1.50
2013.04.29 17:40:23.157,1.51969,1.51996,2.78,2.48
2013.04.29 17:40:23.219,1.51971,1.51996,1.28,1.58
2013.04.29 17:40:23.528,1.51966,1.51989,1.50,1.58
2013.04.29 17:40:24.207,1.51966,1.51989,1.50,1.58
2013.04.29 17:40:25.247,1.51968,1.5199,1.50,1.58
2013.04.29 17:40:25.368,1.51968,1.51993,1.50,2.33
2013.04.29 17:40:25.437,1.51968,1.51993,2.25,1.58
2013.04.29 17:40:26.027,1.51968,1.51993,2.25,1.58
2013.04.29 17:40:27.767,1.51969,1.51993,1.50,1.73
2013.04.29 17:40:27.889,1.51967,1.51992,2.40,1.73
2013.04.29 17:40:28.497,1.51967,1.5199,2.03,1.13
2013.04.29 17:40:28.737,1.51961,1.51985,3.57,1.50
2013.04.29 17:40:29.249,1.5196,1.51983,3.23,1.58
2013.04.29 17:40:31.077,1.5196,1.51983,3.23,1.50
2013.04.29 17:40:35.775,1.51962,1.51984,1.28,2.40
2013.04.29 17:40:39.987,1.5196,1.51983,1.13,1.50
2013.04.29 17:40:40.494,1.5196,1.51983,1.13,1.50
2013.04.29 17:40:45.049,1.51958,1.51983,4.13,1.50
2013.04.29 17:40:45.358,1.51951,1.51969,1.50,1.50
2013.04.29 17:40:45.499,1.51942,1.51969,1.50,1.50
2013.04.29 17:40:45.568,1.51942,1.51967,1.50,1.50
2013.04.29 17:40:46.172,1.51941,1.51967,4.09,1.58
2013.04.29 17:40:47.077,1.51943,1.51969,1.88,2.37
2013.04.29 17:40:47.197,1.51945,1.51969,1.13,2.03
2013.04.29 17:40:51.057,1.51945,1.51969,1.88,1.50
2013.04.29 17:40:53.497,1.51945,1.51968,1.13,1.50
2013.04.29 17:40:54.246,1.51944,1.51969,3.15,1.50
2013.04.29 17:40:54.980,1.51946,1.51968,1.13,1.50
2013.04.29 17:41:07.259,1.51945,1.51969,2.93,1.50
2013.04.29 17:41:07.856,1.51946,1.51968,1.88,1.50
2013.04.29 17:41:13.757,1.51946,1.51969,2.03,2.25
2013.04.29 17:41:14.008,1.51951,1.51975,2.40,1.50
2013.04.29 17:41:14.078,1.51951,1.51978,3.90,1.50
2013.04.29 17:41:14.155,1.51958,1.5198,1.13,1.69
2013.04.29 17:41:14.218,1.51958,1.51982,1.13,1.50
2013.04.29 17:41:15.502,1.51958,1.51982,1.13,1.50
2013.04.29 17:41:16.329,1.51959,1.51982,1.35,1.50
2013.04.29 17:41:25.540,1.51958,1.51982,2.40,1.50
2013.04.29 17:41:26.076,1.51958,1.51982,1.13,1.50
2013.04.29 17:41:26.837,1.51958,1.51983,1.88,2.82
2013.04.29 17:41:29.973,1.51958,1.51983,1.43,2.25
2013.04.29 17:41:30.157,1.51954,1.51979,1.13,1.13
2013.04.29 17:41:30.743,1.51954,1.51978,1.88,1.50
2013.04.29 17:41:30.929,1.51956,1.51979,1.50,1.13
2013.04.29 17:41:31.237,1.5196,1.51983,1.13,1.50
2013.04.29 17:41:31.357,1.51959,1.51984,1.28,1.88
2013.04.29 17:41:31.837,1.51957,1.51981,3.60,1.50
2013.04.29 17:41:32.197,1.51949,1.51968,1.28,1.13
2013.04.29 17:41:32.567,1.51946,1.51967,1.13,1.58
2013.04.29 17:41:32.628,1.51942,1.51967,1.50,1.58
2013.04.29 17:41:33.287,1.51944,1.51967,1.13,1.50
2013.04.29 17:41:35.544,1.51946,1.51969,1.95,1.50
2013.04.29 17:41:36.097,1.51945,1.51967,2.40,1.95
2013.04.29 17:41:40.878,1.51946,1.51968,1.13,1.50
2013.04.29 17:41:40.948,1.51945,1.51967,1.50,1.50
2013.04.29 17:41:41.078,1.51944,1.51967,1.28,1.50
2013.04.29 17:41:46.366,1.51944,1.51968,1.28,1.95
2013.04.29 17:41:47.130,1.51946,1.51969,1.13,2.25
2013.04.29 17:41:48.786,1.51946,1.51969,2.63,1.50
2013.04.29 17:41:52.307,1.51945,1.51969,2.82,1.50
2013.04.29 17:41:58.717,1.51946,1.51957,1.13,1.13
2013.04.29 17:41:58.836,1.51939,1.51952,1.28,1.20
2013.04.29 17:41:58.896,1.51924,1.5195,2.48,1.88
2013.04.29 17:41:58.965,1.51924,1.5195,1.13,2.63
2013.04.29 17:41:59.027,1.51924,1.51948,1.88,1.13
2013.04.29 17:41:59.387,1.51929,1.51954,2.40,2.25
2013.04.29 17:41:59.778,1.51929,1.51954,1.65,1.50
2013.04.29 17:41:59.846,1.51929,1.51957,1.65,1.88
2013.04.29 17:42:00.647,1.5193,1.51956,1.88,1.13
2013.04.29 17:42:01.196,1.51933,1.51957,1.13,2.25
2013.04.29 17:42:03.478,1.51933,1.51954,1.13,1.50
2013.04.29 17:42:03.788,1.51932,1.51954,1.28,1.50
2013.04.29 17:42:04.387,1.51932,1.51956,2.03,1.50
2013.04.29 17:42:04.508,1.51934,1.51957,1.50,2.03
2013.04.29 17:42:08.217,1.51933,1.51956,1.28,1.50
2013.04.29 17:42:08.337,1.51933,1.51955,3.53,1.28
2013.04.29 17:42:08.517,1.51931,1.51953,2.33,1.28
2013.04.29 17:42:12.848,1.51931,1.51953,1.50,1.28
2013.04.29 17:42:13.097,1.5193,1.51953,1.50,2.78
2013.04.29 17:42:21.016,1.51929,1.51953,1.28,1.50
2013.04.29 17:42:21.317,1.51923,1.51947,1.50,1.50
2013.04.29 17:42:21.377,1.5192,1.51944,2.82,1.13
2013.04.29 17:42:23.287,1.51923,1.51945,1.13,2.63
2013.04.29 17:42:23.646,1.5192,1.51945,1.32,1.88
2013.04.29 17:42:24.678,1.51919,1.51938,1.50,1.35
2013.04.29 17:42:24.807,1.51916,1.51937,1.28,1.50
2013.04.29 17:42:25.358,1.51915,1.51937,1.50,1.50
2013.04.29 17:42:25.857,1.51914,1.51937,1.50,1.50
2013.04.29 17:42:26.036,1.51912,1.51937,2.78,2.25
2013.04.29 17:42:30.298,1.51912,1.51937,1.58,2.78
2013.04.29 17:42:30.609,1.51915,1.51941,2.37,1.58
2013.04.29 17:42:30.858,1.51914,1.51936,1.47,1.13
2013.04.29 17:42:31.748,1.51914,1.51937,2.22,1.50
2013.04.29 17:42:32.308,1.51915,1.51938,1.47,1.50
2013.04.29 17:42:32.866,1.51916,1.51939,1.32,1.50
2013.04.29 17:42:37.697,1.51917,1.5194,1.13,1.50
2013.04.29 17:42:42.687,1.51916,1.5194,2.07,1.50
2013.04.29 17:42:46.019,1.51919,1.51941,1.13,1.88
2013.04.29 17:42:46.087,1.5192,1.51941,1.50,1.88
2013.04.29 17:42:46.626,1.51922,1.51944,1.13,1.50
2013.04.29 17:42:47.191,1.51922,1.51944,1.13,1.50
2013.04.29 17:42:47.727,1.51922,1.51944,1.13,1.50
2013.04.29 17:42:48.777,1.51922,1.51945,2.63,1.50
2013.04.29 17:42:50.067,1.51923,1.51945,1.50,1.50
2013.04.29 17:42:52.867,1.51925,1.51947,1.13,1.50
2013.04.29 17:42:53.228,1.51927,1.51949,1.50,1.50
2013.04.29 17:42:57.468,1.51927,1.51949,1.88,1.50
2013.04.29 17:42:57.807,1.51929,1.51949,1.58,1.50
2013.04.29 17:42:57.869,1.51932,1.5195,1.32,1.28
2013.04.29 17:42:58.746,1.5193,1.51951,2.63,1.13
2013.04.29 17:42:58.868,1.51927,1.5195,2.03,1.50
2013.04.29 17:42:58.987,1.51927,1.5195,1.28,1.50
2013.04.29 17:42:59.547,1.5193,1.51951,1.47,1.13
2013.04.29 17:42:59.786,1.5193,1.51952,1.99,1.50
2013.04.29 17:43:00.157,1.51933,1.51953,1.13,2.25
2013.04.29 17:43:01.839,1.51936,1.51953,1.50,2.25
2013.04.29 17:43:02.387,1.51936,1.51956,1.50,1.50
2013.04.29 17:43:02.773,1.51937,1.51956,1.50,1.50
2013.04.29 17:43:04.337,1.51939,1.51961,1.13,1.50
2013.04.29 17:43:04.398,1.51941,1.51962,1.50,1.13
2013.04.29 17:43:04.458,1.5194,1.51963,1.65,1.50
2013.04.29 17:43:04.698,1.51947,1.51966,2.25,1.13
2013.04.29 17:43:05.311,1.51947,1.5197,1.13,1.50
2013.04.29 17:43:10.129,1.51945,1.51967,2.40,1.13
2013.04.29 17:43:10.258,1.51943,1.51966,1.43,1.50
2013.04.29 17:43:10.507,1.51941,1.51965,2.85,1.50
2013.04.29 17:43:11.308,1.51941,1.51965,2.67,1.50
2013.04.29 17:43:13.281,1.51938,1.51963,4.54,1.58
2013.04.29 17:43:13.410,1.51934,1.51954,2.25,1.88
2013.04.29 17:43:13.657,1.51932,1.51954,1.88,1.88
2013.04.29 17:43:16.607,1.51934,1.51955,1.13,1.50
2013.04.29 17:43:16.668,1.51934,1.51955,1.13,1.50
2013.04.29 17:43:18.056,1.51934,1.51955,1.32,1.50
2013.04.29 17:43:18.237,1.51931,1.51954,1.69,1.50
2013.04.29 17:43:27.061,1.5193,1.51953,1.32,1.50
2013.04.29 17:43:27.607,1.5193,1.51953,2.07,1.50
2013.04.29 17:43:28.877,1.5193,1.51952,1.32,1.50
2013.04.29 17:43:33.889,1.51929,1.51953,2.07,2.03
2013.04.29 17:43:34.927,1.51929,1.51953,2.07,2.93
2013.04.29 17:43:35.168,1.51929,1.51953,1.69,2.78
2013.04.29 17:43:35.227,1.51929,1.51953,1.69,2.03
2013.04.29 17:43:36.848,1.5193,1.51953,1.69,1.28
2013.04.29 17:43:37.420,1.5193,1.51954,1.50,1.28
2013.04.29 17:43:37.868,1.51929,1.51953,1.69,1.28
2013.04.29 17:43:38.407,1.51929,1.51953,1.69,2.03
2013.04.29 17:43:38.973,1.51932,1.51956,1.50,1.13
2013.04.29 17:43:41.218,1.51932,1.51956,1.50,1.13
2013.04.29 17:43:41.530,1.51931,1.51955,1.50,1.88
2013.04.29 17:43:54.771,1.51932,1.51955,1.88,2.03
2013.04.29 17:43:55.018,1.51945,1.51968,1.13,2.25
2013.04.29 17:43:57.338,1.51945,1.51968,1.50,1.13
2013.04.29 17:43:57.940,1.51944,1.51968,2.03,2.63
2013.04.29 17:44:05.768,1.51946,1.51968,1.50,1.13
2013.04.29 17:44:08.587,1.51945,1.51969,1.28,1.28
2013.04.29 17:44:09.128,1.51946,1.5197,1.50,2.03
2013.04.29 17:44:11.969,1.51943,1.51967,1.50,1.13
2013.04.29 17:44:12.278,1.51942,1.51966,1.28,2.03
2013.04.29 17:44:15.037,1.5194,1.51966,1.88,2.10
2013.04.29 17:44:15.157,1.51939,1.51963,1.50,1.20
2013.04.29 17:44:16.868,1.5194,1.51964,1.13,1.35
2013.04.29 17:44:17.435,1.51942,1.51965,1.80,2.03
2013.04.29 17:44:22.317,1.51943,1.51965,1.28,2.03
2013.04.29 17:44:23.097,1.51944,1.51965,1.50,1.13
2013.04.29 17:44:23.637,1.51946,1.51969,1.28,2.40
2013.04.29 17:44:23.698,1.51946,1.51969,1.28,1.28
2013.04.29 17:44:25.579,1.51946,1.51969,1.28,2.03
2013.04.29 17:44:26.441,1.51943,1.51966,1.58,1.28
2013.04.29 17:44:26.518,1.51942,1.51966,2.03,2.03
2013.04.29 17:44:27.429,1.51943,1.51966,2.25,2.03
2013.04.29 17:44:29.325,1.51943,1.51965,1.28,1.28
2013.04.29 17:44:41.247,1.51943,1.51965,1.28,1.28
2013.04.29 17:44:45.901,1.51943,1.51965,1.28,1.28
2013.04.29 17:44:46.699,1.51943,1.51966,1.28,1.95
2013.04.29 17:44:46.901,1.51944,1.51969,1.69,1.73
2013.04.29 17:44:47.028,1.51947,1.51969,1.28,2.40
2013.04.29 17:44:47.157,1.51946,1.5197,1.35,1.28
2013.04.29 17:44:48.997,1.51947,1.51968,1.28,1.95
2013.04.29 17:44:49.546,1.51948,1.51968,1.28,1.95
2013.04.29 17:44:50.629,1.51948,1.51968,1.28,1.95
2013.04.29 17:44:51.228,1.51951,1.51968,1.28,1.20
2013.04.29 17:44:51.287,1.51951,1.5197,1.28,1.54
2013.04.29 17:44:51.837,1.51948,1.51972,3.53,1.35
2013.04.29 17:44:53.213,1.51948,1.51971,2.78,1.20
2013.04.29 17:44:55.628,1.51948,1.5197,2.03,1.13
2013.04.29 17:44:55.938,1.51936,1.51952,1.28,1.13
2013.04.29 17:44:55.999,1.51929,1.51952,3.53,1.13
2013.04.29 17:44:56.210,1.51932,1.51958,1.13,1.58
2013.04.29 17:44:56.399,1.51935,1.5196,2.59,1.28
2013.04.29 17:44:56.646,1.51937,1.51963,1.35,1.88
2013.04.29 17:44:56.948,1.51939,1.51962,2.03,1.65
2013.04.29 17:45:01.798,1.51939,1.51961,1.28,1.13
2013.04.29 17:45:02.341,1.51939,1.51963,1.65,1.95
2013.04.29 17:45:04.738,1.51939,1.51958,1.28,1.65
2013.04.29 17:45:04.867,1.51934,1.51956,1.28,2.85
2013.04.29 17:45:04.938,1.51931,1.51951,1.13,1.95
2013.04.29 17:45:05.179,1.51922,1.51944,1.73,1.28
2013.04.29 17:45:05.257,1.51921,1.5194,1.13,1.50
2013.04.29 17:45:05.379,1.51912,1.51937,2.29,1.88
2013.04.29 17:45:05.448,1.51914,1.51937,1.47,1.20
2013.04.29 17:45:05.584,1.51914,1.51937,1.47,1.95
2013.04.29 17:45:06.929,1.51916,1.51938,2.07,1.58
2013.04.29 17:45:07.178,1.51921,1.51942,1.13,1.50
2013.04.29 17:45:07.297,1.51921,1.51942,1.32,1.50
2013.04.29 17:45:07.423,1.51921,1.51943,1.32,1.50
2013.04.29 17:45:07.976,1.51921,1.51942,1.32,1.50
2013.04.29 17:45:08.688,1.51922,1.51945,1.47,1.50
2013.04.29 17:45:08.749,1.51928,1.51948,1.50,1.13
2013.04.29 17:45:08.938,1.51928,1.51952,1.69,1.50
2013.04.29 17:45:09.128,1.51929,1.51952,1.77,1.50
2013.04.29 17:45:09.748,1.51931,1.51952,1.28,1.50
2013.04.29 17:45:11.257,1.51931,1.51952,1.28,1.13
2013.04.29 17:45:11.807,1.5193,1.51951,1.28,1.13
2013.04.29 17:45:12.580,1.5193,1.51952,1.77,1.88
2013.04.29 17:45:13.018,1.51936,1.51956,1.28,1.88
2013.04.29 17:45:13.091,1.51936,1.51956,1.28,1.13
2013.04.29 17:45:13.159,1.51937,1.51958,2.03,2.03
2013.04.29 17:45:15.388,1.51937,1.51958,1.50,2.03
2013.04.29 17:45:16.156,1.51937,1.51956,1.50,1.88
2013.04.29 17:45:22.782,1.51937,1.51954,1.50,1.28
2013.04.29 17:45:22.908,1.51939,1.51961,1.13,1.35
2013.04.29 17:45:22.967,1.51942,1.51965,1.50,1.17
2013.04.29 17:45:23.027,1.51944,1.51965,1.50,1.13
2013.04.29 17:45:23.507,1.51949,1.51969,1.50,1.13
2013.04.29 17:45:23.570,1.5195,1.51969,1.50,1.13
2013.04.29 17:45:25.648,1.51953,1.51973,2.70,1.50
2013.04.29 17:45:25.706,1.51955,1.51979,1.73,1.13
2013.04.29 17:45:25.888,1.51958,1.51979,1.28,1.13
2013.04.29 17:45:26.200,1.51959,1.51982,2.40,1.13
2013.04.29 17:45:26.758,1.51961,1.51981,1.28,1.13
2013.04.29 17:45:27.918,1.51961,1.51977,1.28,1.50
2013.04.29 17:45:27.979,1.51959,1.51974,1.73,1.13
2013.04.29 17:45:28.050,1.51955,1.51974,1.50,1.13
2013.04.29 17:45:28.298,1.51947,1.51968,1.50,1.88
2013.04.29 17:45:28.358,1.51945,1.51968,2.03,1.88
2013.04.29 17:45:28.917,1.51945,1.51967,2.03,1.13
2013.04.29 17:45:29.459,1.51947,1.51968,1.50,1.13
2013.04.29 17:45:31.271,1.51948,1.51971,1.50,1.88
2013.04.29 17:45:32.088,1.51949,1.51971,1.50,1.13
2013.04.29 17:45:32.267,1.51949,1.51974,2.03,1.50
2013.04.29 17:45:32.327,1.51949,1.51975,2.03,1.88
2013.04.29 17:45:32.698,1.51951,1.51976,1.50,1.50
2013.04.29 17:45:32.817,1.51952,1.51977,2.25,1.28
2013.04.29 17:45:33.250,1.51951,1.51975,1.50,1.88
2013.04.29 17:45:33.771,1.5195,1.51975,1.50,1.88
2013.04.29 17:45:34.098,1.51948,1.51974,2.40,1.50
2013.04.29 17:45:35.218,1.51947,1.51971,2.07,1.50
2013.04.29 17:45:35.719,1.51944,1.5197,1.88,1.88
2013.04.29 17:45:36.638,1.51947,1.51971,1.13,1.50
2013.04.29 17:45:36.760,1.51947,1.51972,2.07,2.78
2013.04.29 17:45:37.127,1.51946,1.51969,1.32,1.50
2013.04.29 17:45:37.693,1.51944,1.51969,1.95,1.50
2013.04.29 17:45:38.839,1.51942,1.51966,1.88,1.50
2013.04.29 17:45:39.439,1.51941,1.51965,1.20,1.50
2013.04.29 17:45:42.587,1.5194,1.51964,1.43,1.50
2013.04.29 17:45:44.959,1.5194,1.51964,2.18,1.13
2013.04.29 17:45:56.055,1.51942,1.51963,1.13,1.13
2013.04.29 17:45:56.249,1.51943,1.51966,1.13,1.50
2013.04.29 17:45:56.308,1.51943,1.51966,1.13,2.25
2013.04.29 17:45:56.367,1.51941,1.51966,1.20,3.00
2013.04.29 17:45:57.117,1.51944,1.51966,1.50,2.25
2013.04.29 17:45:57.238,1.5195,1.51969,1.50,1.50
2013.04.29 17:45:57.297,1.5195,1.51974,1.69,1.50
2013.04.29 17:45:57.356,1.51951,1.51974,1.09,1.13
2013.04.29 17:45:57.610,1.51951,1.51971,1.62,1.13
2013.04.29 17:45:58.099,1.51947,1.51969,1.88,1.13
2013.04.29 17:45:58.228,1.5195,1.51973,1.13,1.28
2013.04.29 17:45:58.408,1.51952,1.51974,2.44,1.50
2013.04.29 17:45:59.417,1.51952,1.51974,2.07,1.50
2013.04.29 17:45:59.779,1.51951,1.51973,1.13,1.13
2013.04.29 17:46:03.290,1.51952,1.51973,1.13,1.13
2013.04.29 17:46:03.477,1.51953,1.51976,1.69,1.28
2013.04.29 17:46:03.596,1.51953,1.51981,2.22,1.28
2013.04.29 17:46:04.428,1.51955,1.51978,1.69,1.13
2013.04.29 17:46:04.729,1.51946,1.51968,1.69,1.28
2013.04.29 17:46:05.408,1.51944,1.5197,1.32,3.53
2013.04.29 17:46:05.767,1.51944,1.51963,1.13,1.50
2013.04.29 17:46:05.948,1.51941,1.51963,1.09,1.50
2013.04.29 17:46:06.328,1.51942,1.51965,2.70,1.13
2013.04.29 17:46:06.637,1.51945,1.51965,2.03,1.13
2013.04.29 17:46:07.367,1.51944,1.51965,2.03,1.13
2013.04.29 17:46:07.608,1.51941,1.51965,2.40,1.88
2013.04.29 17:46:07.668,1.51941,1.51965,2.40,1.88
2013.04.29 17:46:07.990,1.5194,1.51962,1.13,1.50
2013.04.29 17:46:08.297,1.5194,1.51962,1.13,1.50
2013.04.29 17:46:12.408,1.51938,1.51959,3.30,1.50
2013.04.29 17:46:12.538,1.51936,1.51959,2.25,1.50
2013.04.29 17:46:13.017,1.51935,1.51957,2.78,1.13
2013.04.29 17:46:13.138,1.51934,1.51957,3.53,1.13
2013.04.29 17:46:13.447,1.51933,1.51954,1.50,1.13
2013.04.29 17:46:14.649,1.51933,1.51954,1.88,1.13
2013.04.29 17:46:14.899,1.51935,1.51958,1.50,3.00
2013.04.29 17:46:15.208,1.51937,1.51958,1.28,2.25
2013.04.29 17:46:15.387,1.51937,1.51958,1.28,1.13
2013.04.29 17:46:16.396,1.51936,1.51956,1.50,1.13
2013.04.29 17:46:17.166,1.51936,1.51956,1.50,1.13
2013.04.29 17:46:18.277,1.51932,1.51952,1.28,2.63
2013.04.29 17:46:18.469,1.51925,1.51941,1.13,1.28
2013.04.29 17:46:18.538,1.51922,1.5194,1.80,1.28
2013.04.29 17:46:19.079,1.51922,1.51942,1.28,2.25
2013.04.29 17:46:19.568,1.51924,1.51948,1.50,1.13
2013.04.29 17:46:20.157,1.51924,1.51949,1.88,1.88
2013.04.29 17:46:20.217,1.51924,1.51949,1.95,1.88
2013.04.29 17:46:20.968,1.51924,1.51949,2.07,1.88
2013.04.29 17:46:23.027,1.51924,1.51952,2.07,2.63
2013.04.29 17:46:23.397,1.51927,1.51951,1.69,1.50
2013.04.29 17:46:24.148,1.51932,1.51955,1.50,2.40
2013.04.29 17:46:24.268,1.51934,1.51958,1.50,1.88
2013.04.29 17:46:24.628,1.51941,1.51966,2.25,2.25
2013.04.29 17:46:25.158,1.51941,1.51966,2.97,1.13
2013.04.29 17:46:27.507,1.51942,1.51966,1.09,1.13
2013.04.29 17:46:27.937,1.51945,1.51967,1.28,1.88
2013.04.29 17:46:29.897,1.51946,1.51967,2.37,1.50
2013.04.29 17:46:30.198,1.51947,1.51969,1.65,1.50
2013.04.29 17:46:30.709,1.51946,1.51969,3.30,1.50
2013.04.29 17:46:31.027,1.51946,1.51969,2.25,1.50
2013.04.29 17:46:31.540,1.51946,1.51969,1.50,1.50
2013.04.29 17:46:32.421,1.51945,1.51967,1.28,1.13
2013.04.29 17:46:32.668,1.5194,1.51964,2.29,1.50
2013.04.29 17:46:34.098,1.5194,1.51964,1.77,1.88
2013.04.29 17:46:35.569,1.5194,1.51966,1.47,1.28
2013.04.29 17:46:35.757,1.5194,1.51966,1.47,1.65
2013.04.29 17:46:35.879,1.51937,1.51963,2.22,1.50
2013.04.29 17:46:36.204,1.51936,1.51962,1.69,2.18
2013.04.29 17:46:36.350,1.51935,1.51957,1.50,1.50
2013.04.29 17:46:36.484,1.51934,1.51955,2.25,1.50
2013.04.29 17:46:36.620,1.51931,1.51956,1.50,1.88
2013.04.29 17:46:37.237,1.5193,1.51954,2.03,1.50
2013.04.29 17:46:37.847,1.5193,1.51954,3.53,1.50
2013.04.29 17:46:38.541,1.5193,1.51954,2.03,1.88
2013.04.29 17:46:41.997,1.5193,1.51954,2.03,1.50
2013.04.29 17:46:42.449,1.51933,1.51956,1.43,1.13
2013.04.29 17:46:42.578,1.51935,1.51957,1.69,1.50
2013.04.29 17:46:42.879,1.5194,1.51959,1.47,1.13
2013.04.29 17:46:42.998,1.5194,1.5196,1.47,1.13
2013.04.29 17:46:43.647,1.5194,1.51964,1.54,2.25
2013.04.29 17:46:43.917,1.51941,1.51964,1.09,2.25
2013.04.29 17:46:45.308,1.51942,1.51965,1.80,1.50
2013.04.29 17:46:45.609,1.51951,1.51968,1.20,1.13
2013.04.29 17:46:45.932,1.51957,1.51972,2.10,1.13
2013.04.29 17:46:46.247,1.51957,1.51978,1.35,1.50
2013.04.29 17:46:49.892,1.51957,1.51979,1.35,1.13
2013.04.29 17:46:49.958,1.51958,1.51982,1.28,1.50
2013.04.29 17:46:50.496,1.51959,1.51982,2.03,1.50
2013.04.29 17:46:50.677,1.5196,1.51982,2.10,1.50
2013.04.29 17:46:53.828,1.51959,1.51981,2.25,1.50
2013.04.29 17:46:53.888,1.51959,1.5198,1.28,1.50
2013.04.29 17:46:54.757,1.51959,1.51983,1.28,1.50
2013.04.29 17:46:55.259,1.51959,1.5198,2.78,1.50
2013.04.29 17:46:55.803,1.51959,1.51981,1.28,1.50
2013.04.29 17:46:58.738,1.51959,1.51981,1.65,1.50
2013.04.29 17:46:58.918,1.51968,1.51991,1.28,1.50
2013.04.29 17:46:58.978,1.51968,1.51992,2.03,1.13
2013.04.29 17:47:01.887,1.51968,1.51993,2.97,1.50
2013.04.29 17:47:05.188,1.51969,1.51993,1.50,1.50
2013.04.29 17:47:05.858,1.5197,1.51996,2.85,1.50
2013.04.29 17:47:29.283,1.51973,1.51995,1.28,1.13
2013.04.29 17:47:32.828,1.51975,1.51996,1.88,1.13
2013.04.29 17:47:33.068,1.51981,1.52004,2.40,1.13
2013.04.29 17:47:33.607,1.51983,1.52005,1.77,1.50
2013.04.29 17:47:34.906,1.51985,1.52006,1.47,1.50
2013.04.29 17:47:35.451,1.51983,1.52005,1.20,1.50
2013.04.29 17:47:35.589,1.51981,1.52002,2.03,1.09
2013.04.29 17:47:35.897,1.51973,1.51992,1.13,1.50
2013.04.29 17:47:36.019,1.51968,1.51992,2.59,1.50
2013.04.29 17:47:37.371,1.51968,1.51992,2.59,1.73
2013.04.29 17:47:37.499,1.51968,1.51992,1.32,1.73
2013.04.29 17:47:37.631,1.51965,1.51991,1.69,1.50
2013.04.29 17:47:38.363,1.51965,1.51991,1.69,1.50
2013.04.29 17:47:38.667,1.51965,1.51991,1.69,1.50
2013.04.29 17:47:39.058,1.51966,1.51991,1.32,1.50
2013.04.29 17:47:39.741,1.51967,1.5199,1.69,1.13
2013.04.29 17:47:41.029,1.51967,1.51992,1.69,1.65
2013.04.29 17:47:41.408,1.51971,1.51993,1.50,1.28
2013.04.29 17:47:54.818,1.51972,1.51993,2.03,1.13
2013.04.29 17:47:55.008,1.51972,1.51997,2.22,1.28
2013.04.29 17:47:55.127,1.51975,1.51998,1.28,2.03
2013.04.29 17:48:00.179,1.51973,1.51996,1.20,1.50
2013.04.29 17:48:02.388,1.51973,1.51997,4.77,1.50
2013.04.29 17:48:02.568,1.51977,1.51997,1.88,1.50
2013.04.29 17:48:02.629,1.51978,1.52001,2.40,1.50
2013.04.29 17:48:02.818,1.5198,1.52004,2.03,1.50
2013.04.29 17:48:03.511,1.51982,1.52006,3.94,1.50
2013.04.29 17:48:03.914,1.51984,1.52006,1.58,1.50
2013.04.29 17:48:03.986,1.51983,1.52006,1.47,1.50
2013.04.29 17:48:04.258,1.51983,1.52004,1.47,1.50
2013.04.29 17:48:05.467,1.51983,1.52005,1.47,1.50
2013.04.29 17:48:05.848,1.51983,1.52003,2.97,1.50
2013.04.29 17:48:07.900,1.5198,1.52003,2.03,1.50
2013.04.29 17:48:08.211,1.51976,1.51994,1.88,1.50
2013.04.29 17:48:08.278,1.51974,1.51994,1.58,1.50
2013.04.29 17:48:08.337,1.51971,1.51994,2.22,1.50
2013.04.29 17:48:09.297,1.51972,1.51994,1.47,1.50
2013.04.29 17:48:09.668,1.51977,1.51996,1.13,1.50
2013.04.29 17:48:09.970,1.51977,1.52,1.47,1.50
2013.04.29 17:48:10.541,1.51978,1.52,1.62,1.50
2013.04.29 17:48:12.289,1.51978,1.52003,1.62,1.13
2013.04.29 17:48:12.358,1.51983,1.52005,1.20,2.25
2013.04.29 17:48:12.489,1.51983,1.52004,1.92,1.50
2013.04.29 17:48:13.079,1.51983,1.52004,1.17,1.50
2013.04.29 17:48:13.209,1.51983,1.52004,1.28,1.50
2013.04.29 17:48:13.516,1.5198,1.52001,1.47,1.50
2013.04.29 17:48:15.428,1.51977,1.51996,1.13,1.50
2013.04.29 17:48:15.547,1.51975,1.51996,1.69,1.50
2013.04.29 17:48:15.669,1.51974,1.51996,1.47,1.50
2013.04.29 17:48:15.739,1.51971,1.51993,2.82,1.50
2013.04.29 17:48:15.988,1.51971,1.51993,1.88,1.50
2013.04.29 17:48:16.289,1.51973,1.51993,1.69,1.50
2013.04.29 17:48:16.630,1.5197,1.51992,1.50,1.50
2013.04.29 17:48:16.698,1.51971,1.51994,1.50,1.50
2013.04.29 17:48:20.978,1.51971,1.51994,1.50,1.50
2013.04.29 17:48:30.568,1.51972,1.51994,1.28,1.50
2013.04.29 17:48:33.981,1.51972,1.51995,2.03,1.50
2013.04.29 17:48:35.699,1.51972,1.51994,1.28,2.78
2013.04.29 17:48:35.825,1.51972,1.51994,1.28,2.78
2013.04.29 17:48:36.010,1.51969,1.51992,3.53,1.50
2013.04.29 17:48:38.155,1.51969,1.51989,2.25,1.50
2013.04.29 17:48:38.458,1.51969,1.51987,2.25,1.50
2013.04.29 17:48:38.989,1.51965,1.51985,1.28,1.50
2013.04.29 17:48:46.609,1.51965,1.51985,1.28,1.50
2013.04.29 17:48:49.857,1.51965,1.51985,1.28,1.50
2013.04.29 17:48:50.397,1.51965,1.51985,1.28,1.50
2013.04.29 17:48:53.058,1.51965,1.51988,1.28,1.50
2013.04.29 17:48:53.178,1.51965,1.51988,1.28,1.50
2013.04.29 17:48:54.279,1.51967,1.51988,1.28,1.50
2013.04.29 17:48:55.017,1.51968,1.5199,1.09,1.50
2013.04.29 17:48:56.383,1.5197,1.51993,2.03,1.50
2013.04.29 17:48:56.886,1.5197,1.51993,2.03,1.50
2013.04.29 17:49:05.489,1.51971,1.51993,1.47,1.50
2013.04.29 17:49:05.677,1.51971,1.51995,1.47,2.25
2013.04.29 17:49:10.428,1.51975,1.51995,2.44,2.25
2013.04.29 17:49:10.789,1.51985,1.52,1.28,1.13
2013.04.29 17:49:10.859,1.51983,1.52006,1.35,1.13
2013.04.29 17:49:11.098,1.5198,1.52004,3.72,1.50
2013.04.29 17:49:16.407,1.5198,1.52004,2.25,1.50
2013.04.29 17:49:21.398,1.51982,1.52002,1.28,1.28
2013.04.29 17:49:21.891,1.5198,1.52001,2.03,1.65
2013.04.29 17:49:27.368,1.51979,1.52001,2.10,1.65
2013.04.29 17:49:32.088,1.51977,1.52001,4.28,1.65
2013.04.29 17:49:32.850,1.51978,1.51998,2.03,1.50
2013.04.29 17:49:33.039,1.51969,1.5199,1.28,1.50
2013.04.29 17:49:33.289,1.51966,1.51986,1.24,1.50
2013.04.29 17:49:33.349,1.51965,1.51986,3.53,1.50
2013.04.29 17:49:35.988,1.51966,1.51989,1.28,1.50
2013.04.29 17:49:36.169,1.51966,1.51991,2.03,1.50
2013.04.29 17:49:41.918,1.51967,1.51989,1.50,1.50
2013.04.29 17:49:47.369,1.51967,1.51992,1.50,2.25
2013.04.29 17:49:47.558,1.51966,1.5199,1.28,1.50
2013.04.29 17:49:52.118,1.51965,1.5199,2.18,1.50
2013.04.29 17:49:52.188,1.51967,1.51991,2.40,1.50
2013.04.29 17:49:52.725,1.51967,1.51992,1.84,1.50
2013.04.29 17:49:56.888,1.5197,1.51994,1.69,1.50
2013.04.29 17:50:03.460,1.5197,1.51995,1.69,1.50
2013.04.29 17:50:08.349,1.51971,1.51995,1.65,1.50
2013.04.29 17:50:08.650,1.51975,1.51998,1.65,1.13
2013.04.29 17:50:11.679,1.51977,1.52002,2.25,1.88
2013.04.29 17:50:11.819,1.5198,1.52002,1.02,1.88
2013.04.29 17:50:11.999,1.5198,1.52005,2.29,1.88
2013.04.29 17:50:12.249,1.51984,1.52009,1.50,1.50
2013.04.29 17:50:13.959,1.51985,1.52008,1.28,1.65
2013.04.29 17:50:15.518,1.51984,1.52005,1.50,1.50
2013.04.29 17:50:15.828,1.51983,1.52003,1.28,1.50
2013.04.29 17:50:16.158,1.5198,1.52003,2.03,1.50
2013.04.29 17:50:17.539,1.51981,1.52006,1.50,1.50
2013.04.29 17:50:17.688,1.51986,1.52008,1.35,1.50
2013.04.29 17:50:17.998,1.51986,1.52013,2.97,2.37
2013.04.29 17:50:18.058,1.51986,1.52012,2.97,1.54
2013.04.29 17:50:18.417,1.51987,1.5201,1.02,1.28
2013.04.29 17:50:18.779,1.51983,1.52005,1.13,1.69
2013.04.29 17:50:18.909,1.5198,1.51996,1.13,1.50
2013.04.29 17:50:19.100,1.51968,1.51993,2.03,1.65
2013.04.29 17:50:19.719,1.51971,1.51995,1.35,1.50
2013.04.29 17:50:20.279,1.51972,1.51995,2.25,1.50
2013.04.29 17:50:20.839,1.51972,1.51995,1.50,1.50
2013.04.29 17:50:21.029,1.51973,1.51995,1.05,1.50
2013.04.29 17:50:21.918,1.51973,1.52001,1.80,1.50
2013.04.29 17:50:21.977,1.51973,1.52001,1.80,1.20
2013.04.29 17:50:22.039,1.51973,1.51993,1.28,1.09
2013.04.29 17:50:22.348,1.51961,1.51987,2.07,1.13
2013.04.29 17:50:22.468,1.5196,1.51987,1.24,1.65
2013.04.29 17:50:22.530,1.51959,1.51981,2.03,1.50
2013.04.29 17:50:23.088,1.51957,1.51981,1.28,1.50
2013.04.29 17:50:23.148,1.51956,1.51981,1.88,1.50
2013.04.29 17:50:27.467,1.51956,1.51978,1.28,1.50
2013.04.29 17:50:28.008,1.51952,1.51974,1.13,1.50
2013.04.29 17:50:28.067,1.51951,1.51973,1.73,1.50
2013.04.29 17:50:28.708,1.51947,1.51976,1.73,1.47
2013.04.29 17:50:29.021,1.5195,1.51973,2.10,1.50
2013.04.29 17:50:29.090,1.5195,1.51973,1.35,1.50
2013.04.29 17:50:29.591,1.51952,1.51973,1.05,1.50
2013.04.29 17:50:34.157,1.51952,1.51973,1.05,1.50
2013.04.29 17:50:34.704,1.51953,1.51975,2.40,1.50
2013.04.29 17:50:34.888,1.51952,1.51974,2.33,1.50
2013.04.29 17:50:36.606,1.51952,1.51974,1.43,1.50
2013.04.29 17:50:38.678,1.5195,1.51975,1.28,2.25
2013.04.29 17:50:38.918,1.51946,1.51969,1.73,1.50
2013.04.29 17:50:42.759,1.51946,1.51969,1.28,1.50
2013.04.29 17:50:43.438,1.51945,1.51968,1.28,1.50
2013.04.29 17:50:43.739,1.51945,1.51969,1.88,1.50
2013.04.29 17:50:43.917,1.51945,1.51967,1.13,1.50
2013.04.29 17:50:43.978,1.51942,1.51966,2.93,1.50
2013.04.29 17:50:44.228,1.51942,1.51964,2.18,1.50
2013.04.29 17:50:44.348,1.51941,1.51964,1.28,1.50
2013.04.29 17:50:49.118,1.51941,1.51964,1.28,2.25
2013.04.29 17:50:49.179,1.51942,1.51964,1.13,2.25
2013.04.29 17:50:49.730,1.51944,1.51966,1.58,1.50
2013.04.29 17:50:53.215,1.51942,1.51965,2.40,1.50
2013.04.29 17:50:55.310,1.51942,1.51965,1.65,2.25
2013.04.29 17:51:00.538,1.51942,1.51965,1.65,1.50
2013.04.29 17:51:08.298,1.51941,1.51963,1.80,1.50
2013.04.29 17:51:09.879,1.51943,1.51963,1.50,1.50
2013.04.29 17:51:11.679,1.51943,1.51963,2.03,1.50
2013.04.29 17:51:11.798,1.51943,1.51963,1.05,1.50
2013.04.29 17:51:11.978,1.51939,1.51963,1.05,1.50
2013.04.29 17:51:12.220,1.51937,1.51957,2.10,1.50
2013.04.29 17:51:14.248,1.51937,1.51959,1.35,1.50
2013.04.29 17:51:14.868,1.51935,1.51959,1.28,1.50
2013.04.29 17:51:16.828,1.51935,1.51959,3.00,1.50
2013.04.29 17:51:17.248,1.51937,1.51962,2.93,1.88
2013.04.29 17:51:28.817,1.51937,1.5196,3.30,2.25
2013.04.29 17:51:31.218,1.51937,1.51959,2.55,1.20
2013.04.29 17:51:31.528,1.51932,1.51954,1.80,1.50
2013.04.29 17:51:33.137,1.51932,1.51955,2.10,1.50
2013.04.29 17:51:33.638,1.51929,1.51953,2.25,2.78
2013.04.29 17:51:33.758,1.51924,1.51948,1.47,1.65
2013.04.29 17:51:34.000,1.51925,1.51948,1.32,1.28
2013.04.29 17:51:34.307,1.51923,1.51948,1.69,3.90
2013.04.29 17:51:35.006,1.51923,1.51948,1.50,3.90
2013.04.29 17:51:36.608,1.51923,1.51946,1.50,1.13
2013.04.29 17:51:36.942,1.51915,1.51937,2.10,2.03
2013.04.29 17:51:37.017,1.51915,1.51937,1.28,2.03
2013.04.29 17:51:39.579,1.51915,1.51937,1.28,1.28
2013.04.29 17:51:39.759,1.5192,1.51943,1.28,1.50
2013.04.29 17:51:44.209,1.5192,1.51944,1.28,2.03
2013.04.29 17:51:44.280,1.5192,1.51944,1.28,2.78
2013.04.29 17:51:44.349,1.51916,1.51941,1.28,1.50
2013.04.29 17:51:44.418,1.51915,1.51938,2.03,1.50
2013.04.29 17:51:44.599,1.51913,1.51938,1.20,1.88
2013.04.29 17:51:44.850,1.51912,1.51937,1.50,1.50
2013.04.29 17:51:45.159,1.51914,1.51938,1.50,4.13
2013.04.29 17:51:45.471,1.51917,1.51938,1.50,1.50
2013.04.29 17:51:45.598,1.51917,1.51942,2.03,3.38
2013.04.29 17:51:46.489,1.51919,1.51942,1.50,1.13
2013.04.29 17:51:47.038,1.51919,1.51943,1.50,1.50
2013.04.29 17:51:50.070,1.51918,1.51943,1.50,2.25
2013.04.29 17:51:50.248,1.51918,1.51943,1.50,2.25
2013.04.29 17:51:55.598,1.51917,1.51942,1.28,1.13
2013.04.29 17:51:57.899,1.51917,1.51943,1.28,1.88
2013.04.29 17:51:59.208,1.51917,1.51943,1.28,2.63
2013.04.29 17:51:59.746,1.51917,1.51943,1.28,2.63
2013.04.29 17:52:06.308,1.51917,1.51942,1.28,1.88
2013.04.29 17:52:06.718,1.51917,1.51939,1.28,1.13
2013.04.29 17:52:07.005,1.51917,1.51941,2.03,3.00
2013.04.29 17:52:22.368,1.51917,1.51942,2.03,1.13
2013.04.29 17:52:22.608,1.51917,1.51942,1.28,1.13
2013.04.29 17:52:28.644,1.51919,1.51941,2.03,1.13
2013.04.29 17:52:28.829,1.51915,1.51935,1.05,1.28
2013.04.29 17:52:29.348,1.51914,1.51935,2.03,1.28
2013.04.29 17:52:31.458,1.51915,1.51938,1.28,1.13
2013.04.29 17:52:32.860,1.51915,1.51937,1.28,1.13
2013.04.29 17:52:33.168,1.51904,1.51924,1.35,2.03
2013.04.29 17:52:33.228,1.51902,1.51923,1.58,1.88
2013.04.29 17:52:33.718,1.51904,1.51925,1.28,1.88
2013.04.29 17:52:33.789,1.51905,1.51928,1.50,1.28
2013.04.29 17:52:41.699,1.51907,1.51928,1.28,2.03
2013.04.29 17:52:45.506,1.51908,1.51933,1.50,2.18
2013.04.29 17:52:45.628,1.51908,1.51932,2.03,2.25
2013.04.29 17:52:45.868,1.5191,1.51933,2.03,1.28
2013.04.29 17:52:45.930,1.51913,1.51935,1.50,1.13
2013.04.29 17:52:46.688,1.51913,1.51937,2.03,1.13
2013.04.29 17:52:48.368,1.51913,1.51937,2.03,1.88
2013.04.29 17:52:51.279,1.51913,1.51936,2.03,1.50
2013.04.29 17:52:53.019,1.51913,1.51936,1.28,1.50
2013.04.29 17:52:53.640,1.5191,1.51935,2.03,1.50
2013.04.29 17:52:59.923,1.5191,1.51935,2.03,2.25
2013.04.29 17:53:00.048,1.5191,1.51936,2.03,1.50
2013.04.29 17:53:01.358,1.5191,1.51934,1.28,1.50
2013.04.29 17:53:01.678,1.51911,1.51936,1.50,1.50
2013.04.29 17:53:03.587,1.51912,1.51936,1.13,1.50
2013.04.29 17:53:03.782,1.51917,1.51938,1.50,1.50
2013.04.29 17:53:04.309,1.51917,1.51941,1.50,1.88
2013.04.29 17:53:06.797,1.51917,1.51938,1.13,2.25
2013.04.29 17:53:07.359,1.51915,1.51938,1.50,2.78
2013.04.29 17:53:07.948,1.51915,1.5193,1.50,1.88
2013.04.29 17:53:08.009,1.51911,1.5193,2.25,2.25
2013.04.29 17:53:08.080,1.51905,1.51929,1.28,1.13
2013.04.29 17:53:08.148,1.51905,1.51928,1.28,1.50
2013.04.29 17:53:08.328,1.51903,1.51928,1.50,1.88
2013.04.29 17:53:08.449,1.51903,1.51926,1.50,2.03
2013.04.29 17:53:08.509,1.519,1.51925,2.63,2.03
2013.04.29 17:53:12.439,1.519,1.51925,1.50,2.03
2013.04.29 17:53:17.658,1.519,1.51925,2.03,2.03
2013.04.29 17:53:48.269,1.51901,1.51927,1.65,2.25
2013.04.29 17:53:48.509,1.51903,1.51928,1.28,1.50
2013.04.29 17:53:48.568,1.51904,1.51929,1.88,1.28
2013.04.29 17:53:48.631,1.5191,1.51929,1.50,1.28
2013.04.29 17:53:48.759,1.51913,1.51937,1.13,1.50
2013.04.29 17:53:48.879,1.51913,1.5194,1.88,2.78
2013.04.29 17:53:49.608,1.51913,1.5194,1.88,3.00
2013.04.29 17:53:50.172,1.51913,1.51937,1.50,1.28
2013.04.29 17:53:51.841,1.51913,1.51936,1.50,1.13
2013.04.29 17:53:51.909,1.51913,1.51936,1.50,1.50
2013.04.29 17:53:52.059,1.51913,1.51935,1.50,2.25
2013.04.29 17:53:55.298,1.51911,1.51935,1.50,3.38
2013.04.29 17:53:55.838,1.51911,1.51937,1.50,1.50
2013.04.29 17:54:03.498,1.51912,1.51936,1.50,1.50
2013.04.29 17:54:04.289,1.51911,1.51937,1.50,1.50
2013.04.29 17:54:04.421,1.51909,1.51932,1.28,1.50
2013.04.29 17:54:04.964,1.51908,1.51932,1.50,3.00
2013.04.29 17:54:06.147,1.51909,1.51932,1.28,1.50
2013.04.29 17:54:06.282,1.5191,1.51933,1.28,2.40
2013.04.29 17:54:06.412,1.51912,1.51933,1.50,2.40
2013.04.29 17:54:06.599,1.51913,1.51937,1.28,2.25
2013.04.29 17:54:10.279,1.51914,1.51937,1.13,2.25
2013.04.29 17:54:10.522,1.51925,1.51946,1.13,2.78
2013.04.29 17:54:10.589,1.51925,1.51949,1.88,3.15
2013.04.29 17:54:10.770,1.51924,1.51946,1.28,1.50
2013.04.29 17:54:11.099,1.51925,1.51948,1.50,1.50
2013.04.29 17:54:11.709,1.51925,1.51949,1.50,3.00
2013.04.29 17:54:13.339,1.51927,1.5195,2.25,2.25
2013.04.29 17:54:13.399,1.5193,1.51951,2.03,1.13
2013.04.29 17:54:13.579,1.51932,1.51953,1.05,3.15
2013.04.29 17:54:13.959,1.51932,1.51953,2.10,2.40
2013.04.29 17:54:14.138,1.51932,1.51953,2.10,3.00
2013.04.29 17:54:14.259,1.51931,1.5195,1.05,2.03
2013.04.29 17:54:14.569,1.51928,1.5195,2.10,3.53
2013.04.29 17:54:18.619,1.51928,1.51951,1.73,1.50
2013.04.29 17:54:22.828,1.5193,1.51953,1.50,2.25
2013.04.29 17:54:23.578,1.51929,1.51953,1.80,2.25
2013.04.29 17:54:24.102,1.51927,1.51953,1.65,2.25
2013.04.29 17:54:29.168,1.51925,1.51952,2.52,1.65
2013.04.29 17:54:29.409,1.51925,1.51948,1.58,1.50
2013.04.29 17:54:29.945,1.51924,1.51946,2.78,1.50
2013.04.29 17:54:30.067,1.51924,1.51946,1.28,1.50
2013.04.29 17:54:35.178,1.51924,1.51946,1.28,1.50
2013.04.29 17:54:35.869,1.51923,1.51946,1.65,1.50
2013.04.29 17:54:36.348,1.51929,1.51948,1.28,1.50
2013.04.29 17:54:36.482,1.51938,1.51958,1.50,2.25
2013.04.29 17:54:36.610,1.51939,1.5196,1.58,1.50
2013.04.29 17:54:36.920,1.51941,1.5196,1.35,1.13
2013.04.29 17:54:37.049,1.51941,1.51962,1.35,1.13
2013.04.29 17:54:38.730,1.51941,1.51964,1.35,1.50
2013.04.29 17:54:40.629,1.51941,1.51964,1.35,3.90
2013.04.29 17:54:55.410,1.5194,1.51961,1.05,1.50
2013.04.29 17:54:56.034,1.51939,1.51961,1.05,1.50
2013.04.29 17:54:56.798,1.51938,1.51961,1.62,1.50
2013.04.29 17:54:57.338,1.51938,1.51961,1.09,1.50
2013.04.29 17:55:00.637,1.51938,1.5196,1.84,1.50
2013.04.29 17:55:02.968,1.51936,1.51958,1.35,1.65
2013.04.29 17:55:04.350,1.51936,1.51956,1.35,1.50
2013.04.29 17:55:08.878,1.51937,1.51958,1.09,1.50
2013.04.29 17:55:09.428,1.51937,1.5196,1.09,1.50
2013.04.29 17:55:11.912,1.51937,1.5196,1.09,1.50
2013.04.29 17:55:13.208,1.51936,1.51958,2.10,1.50
2013.04.29 17:55:18.830,1.51937,1.51961,1.80,1.50
2013.04.29 17:55:19.090,1.51938,1.51961,2.03,1.50
2013.04.29 17:55:20.198,1.51938,1.51959,2.03,1.65
2013.04.29 17:55:20.259,1.51937,1.51958,1.28,1.65
2013.04.29 17:55:20.826,1.51936,1.51958,1.35,1.65
2013.04.29 17:55:23.249,1.51937,1.51961,1.28,1.50
2013.04.29 17:55:23.368,1.51939,1.51961,1.05,1.50
2013.04.29 17:55:35.399,1.5194,1.51964,1.05,1.88
2013.04.29 17:55:35.458,1.5194,1.51965,3.45,2.63
2013.04.29 17:55:35.518,1.51947,1.51969,1.13,1.50
2013.04.29 17:55:35.878,1.51947,1.51969,1.13,2.25
2013.04.29 17:55:36.094,1.51955,1.51979,1.28,4.50
2013.04.29 17:55:36.220,1.51958,1.51979,1.80,3.75
2013.04.29 17:55:36.529,1.51959,1.51979,1.35,1.50
2013.04.29 17:55:36.841,1.51963,1.5198,2.03,2.03
2013.04.29 17:55:36.969,1.51961,1.5198,1.80,1.28
2013.04.29 17:55:40.368,1.51958,1.5198,2.93,2.03
2013.04.29 17:55:41.990,1.51958,1.5198,2.93,1.65
2013.04.29 17:55:42.491,1.51958,1.5198,2.55,1.65
2013.04.29 17:55:43.272,1.51958,1.5198,2.55,1.65
2013.04.29 17:55:46.451,1.5196,1.51984,1.50,1.65
2013.04.29 17:55:46.770,1.51964,1.51984,1.35,1.65
2013.04.29 17:55:49.309,1.51971,1.51994,1.50,1.80
2013.04.29 17:55:49.489,1.51972,1.51994,2.03,1.13
2013.04.29 17:55:50.098,1.51975,1.51994,2.78,1.13
2013.04.29 17:55:50.158,1.51975,1.51995,2.78,1.50
2013.04.29 17:55:57.314,1.51975,1.51998,2.78,1.50
2013.04.29 17:55:59.858,1.51975,1.51998,2.78,1.50
2013.04.29 17:56:00.548,1.51975,1.51999,3.53,2.40
2013.04.29 17:56:00.938,1.51975,1.51997,2.78,1.50
2013.04.29 17:56:06.108,1.51975,1.51997,2.78,3.08
2013.04.29 17:56:06.168,1.51975,1.51997,1.28,2.33
2013.04.29 17:56:06.298,1.51972,1.51992,2.18,1.73
2013.04.29 17:56:06.361,1.51971,1.51992,1.28,2.48
2013.04.29 17:56:09.639,1.5197,1.51992,2.10,2.25
2013.04.29 17:56:09.770,1.51972,1.51994,1.28,1.13
2013.04.29 17:56:09.839,1.51974,1.51994,1.50,1.13
2013.04.29 17:56:12.100,1.51977,1.51999,2.18,1.50
2013.04.29 17:56:12.171,1.51979,1.52,1.35,1.50
2013.04.29 17:56:12.729,1.51979,1.52002,1.28,1.50
2013.04.29 17:56:22.520,1.51977,1.51999,2.03,1.50
2013.04.29 17:56:22.828,1.51966,1.51987,1.13,1.50
2013.04.29 17:56:23.148,1.51966,1.51987,1.13,1.50
2013.04.29 17:56:23.340,1.51963,1.51985,1.65,1.50
2013.04.29 17:56:25.419,1.51964,1.51987,1.88,1.50
2013.04.29 17:56:25.601,1.51967,1.5199,1.50,1.50
2013.04.29 17:56:25.671,1.5197,1.51991,1.58,3.00
2013.04.29 17:56:25.741,1.5197,1.51991,1.58,1.50
2013.04.29 17:56:25.872,1.51971,1.51995,2.33,1.28
2013.04.29 17:56:26.015,1.51971,1.51996,2.33,2.10
2013.04.29 17:56:26.083,1.51974,1.51997,1.50,2.25
2013.04.29 17:56:26.330,1.51975,1.51997,2.78,1.50
2013.04.29 17:56:27.105,1.51975,1.52,2.03,1.50
2013.04.29 17:56:27.410,1.51975,1.51998,2.03,1.50
2013.04.29 17:56:29.309,1.51975,1.51999,2.03,1.88
2013.04.29 17:56:29.629,1.51975,1.51997,2.03,1.50
2013.04.29 17:56:30.150,1.51975,1.51997,2.03,1.50
2013.04.29 17:56:31.263,1.51975,1.51998,2.03,1.50
2013.04.29 17:56:31.839,1.51975,1.51998,2.03,1.50
2013.04.29 17:56:32.269,1.51975,1.51997,1.05,1.50
2013.04.29 17:56:32.399,1.51974,1.51995,1.28,1.50
2013.04.29 17:56:33.510,1.51975,1.51999,1.28,1.50
2013.04.29 17:56:35.134,1.51975,1.51997,1.58,1.50
2013.04.29 17:56:36.049,1.51976,1.51997,1.05,1.50
2013.04.29 17:56:36.805,1.51976,1.51997,1.05,2.25
2013.04.29 17:56:44.910,1.51976,1.51999,1.05,1.50
2013.04.29 17:56:45.038,1.51977,1.52001,1.28,1.50
2013.04.29 17:56:45.099,1.5198,1.52001,1.28,1.50
2013.04.29 17:56:45.459,1.51983,1.52006,1.28,1.88
2013.04.29 17:56:45.818,1.51985,1.52008,1.80,1.50
2013.04.29 17:56:46.145,1.51986,1.52008,1.35,1.50
2013.04.29 17:56:46.709,1.51986,1.5201,1.35,1.50
2013.04.29 17:56:48.140,1.51985,1.5201,1.28,1.50
2013.04.29 17:56:49.250,1.51986,1.5201,1.28,1.50
2013.04.29 17:56:49.456,1.51989,1.52012,1.50,1.50
2013.04.29 17:56:49.738,1.5199,1.52016,1.28,1.50
2013.04.29 17:56:50.058,1.51992,1.52016,2.48,1.50
2013.04.29 17:56:50.450,1.51988,1.52012,1.80,1.50
2013.04.29 17:56:50.642,1.51988,1.52012,1.13,1.58
2013.04.29 17:56:50.949,1.51987,1.52013,2.03,1.50
2013.04.29 17:56:51.379,1.51989,1.52012,1.50,1.50
2013.04.29 17:56:51.560,1.51985,1.52011,1.65,2.40
2013.04.29 17:56:52.789,1.51984,1.52009,1.50,1.84
2013.04.29 17:56:53.854,1.51984,1.52011,1.50,3.90
2013.04.29 17:56:55.392,1.51984,1.52009,1.50,1.84
2013.04.29 17:56:55.849,1.51984,1.52009,1.50,1.84
2013.04.29 17:56:56.249,1.51984,1.52009,1.50,1.84
2013.04.29 17:56:56.679,1.51984,1.52009,1.50,1.84
2013.04.29 17:56:57.039,1.51984,1.52009,1.50,1.65
2013.04.29 17:56:57.489,1.51984,1.52009,1.50,1.65
2013.04.29 17:56:59.470,1.51986,1.5201,1.88,1.50
2013.04.29 17:56:59.539,1.51988,1.5201,1.28,1.50
2013.04.29 17:57:00.082,1.51989,1.52013,1.50,1.69
2013.04.29 17:57:01.928,1.51987,1.52008,1.88,1.50
2013.04.29 17:57:02.449,1.51986,1.52008,1.28,1.50
2013.04.29 17:57:03.930,1.51986,1.5201,1.28,1.50
2013.04.29 17:57:06.090,1.51987,1.5201,1.88,1.50
2013.04.29 17:57:06.337,1.51987,1.52014,1.32,2.03
2013.04.29 17:57:06.758,1.51989,1.52015,1.28,1.65
2013.04.29 17:57:06.820,1.5199,1.52013,1.50,1.50
2013.04.29 17:57:07.511,1.51989,1.52013,1.28,1.50
2013.04.29 17:57:10.471,1.51988,1.52011,1.50,1.50
2013.04.29 17:57:10.850,1.51985,1.52009,1.65,1.50
2013.04.29 17:57:11.040,1.51983,1.52009,2.10,1.65
2013.04.29 17:57:11.392,1.51972,1.51991,2.82,1.84
2013.04.29 17:57:11.464,1.51964,1.51985,1.65,1.69
2013.04.29 17:57:11.534,1.51961,1.51982,1.28,1.69
2013.04.29 17:57:11.790,1.51958,1.51976,1.28,1.50
2013.04.29 17:57:11.920,1.51952,1.51976,1.50,1.50
2013.04.29 17:57:11.992,1.51951,1.51975,1.28,1.50
2013.04.29 17:57:12.180,1.51952,1.51976,1.50,1.50
2013.04.29 17:57:12.739,1.51952,1.51977,2.03,1.50
2013.04.29 17:57:15.910,1.51955,1.51977,1.28,2.25
2013.04.29 17:57:26.110,1.51953,1.51977,2.85,2.25
2013.04.29 17:57:26.418,1.51953,1.51976,1.80,1.50
2013.04.29 17:57:26.769,1.51955,1.51977,1.28,1.50
2013.04.29 17:57:29.999,1.51956,1.51977,1.28,1.50
2013.04.29 17:57:30.238,1.5196,1.51981,1.28,1.50
2013.04.29 17:57:31.349,1.5196,1.51981,1.43,1.50
2013.04.29 17:57:31.468,1.51959,1.51981,1.43,1.50
2013.04.29 17:57:32.010,1.51958,1.51981,1.35,2.25
2013.04.29 17:57:32.080,1.5196,1.51981,1.43,1.50
2013.04.29 17:57:32.389,1.51961,1.51985,2.10,2.25
2013.04.29 17:57:34.542,1.51961,1.51983,1.35,1.50
2013.04.29 17:57:39.979,1.5196,1.51982,1.05,1.50
2013.04.29 17:57:52.480,1.51957,1.51981,1.28,1.50
2013.04.29 17:57:52.551,1.51957,1.5198,1.28,1.50
2013.04.29 17:57:54.259,1.51957,1.5198,1.65,1.50
2013.04.29 17:58:01.839,1.51957,1.51982,2.18,1.50
2013.04.29 17:58:02.357,1.51958,1.51983,1.28,1.50
2013.04.29 17:58:02.859,1.51958,1.51983,1.43,1.50
2013.04.29 17:58:05.778,1.51961,1.51983,1.05,1.50
2013.04.29 17:58:13.448,1.51961,1.51981,1.05,1.50
2013.04.29 17:58:21.548,1.51961,1.51979,1.05,1.50
2013.04.29 17:58:21.738,1.51957,1.51979,1.35,1.50
2013.04.29 17:58:22.298,1.51956,1.5198,1.58,1.50
2013.04.29 17:58:30.172,1.51956,1.5198,1.35,2.25
2013.04.29 17:58:35.749,1.51956,1.51976,1.35,1.50
2013.04.29 17:58:36.117,1.51944,1.51964,1.65,3.83
2013.04.29 17:58:36.271,1.51937,1.5196,1.35,1.50
2013.04.29 17:58:36.869,1.51935,1.5196,2.03,1.50
2013.04.29 17:58:36.929,1.51934,1.51958,1.80,1.50
2013.04.29 17:58:37.288,1.51932,1.51955,1.50,1.50
2013.04.29 17:58:38.049,1.51926,1.51952,2.18,1.50
2013.04.29 17:58:38.549,1.51927,1.51952,2.78,1.50
2013.04.29 17:58:38.689,1.51926,1.51952,1.43,1.50
2013.04.29 17:58:39.170,1.51928,1.51952,1.28,1.50
2013.04.29 17:58:39.859,1.51929,1.51952,1.05,1.50
2013.04.29 17:58:40.419,1.5193,1.51952,1.28,1.50
2013.04.29 17:58:40.480,1.51931,1.51953,1.58,1.28
2013.04.29 17:58:40.549,1.51933,1.51953,1.35,1.28
2013.04.29 17:58:42.448,1.5193,1.51953,2.85,1.65
2013.04.29 17:58:43.700,1.51933,1.51954,1.05,1.13
2013.04.29 17:58:45.678,1.51933,1.51953,1.05,1.50
2013.04.29 17:58:45.858,1.51928,1.51951,2.78,1.50
2013.04.29 17:58:50.629,1.51929,1.51951,1.58,1.50
2013.04.29 17:58:51.240,1.51928,1.5195,2.78,1.13
2013.04.29 17:58:51.585,1.51901,1.5192,1.28,1.50
2013.04.29 17:58:52.599,1.51898,1.5192,1.28,1.50
2013.04.29 17:58:53.429,1.51896,1.5192,1.80,1.50
2013.04.29 17:58:53.672,1.51893,1.5192,1.13,1.28
2013.04.29 17:58:53.741,1.51891,1.51919,1.50,1.54
2013.04.29 17:58:54.048,1.51885,1.51913,2.03,2.25
2013.04.29 17:58:55.669,1.51885,1.51912,2.78,1.50
2013.04.29 17:58:55.981,1.51885,1.51907,2.03,1.50
2013.04.29 17:58:57.229,1.51885,1.51909,2.03,1.50
2013.04.29 17:58:57.348,1.51885,1.51909,2.03,1.50
2013.04.29 17:58:58.198,1.51885,1.51907,2.03,1.50
2013.04.29 17:58:58.472,1.51885,1.51912,2.78,1.88
2013.04.29 17:58:58.968,1.51884,1.51913,1.50,3.00
2013.04.29 17:58:59.605,1.51884,1.51913,1.50,3.00
2013.04.29 17:59:00.827,1.51884,1.51911,1.50,1.50
2013.04.29 17:59:01.408,1.51884,1.51914,1.50,2.25
2013.04.29 17:59:01.918,1.51884,1.51911,1.50,1.50
2013.04.29 17:59:02.420,1.51884,1.51913,1.50,2.25
2013.04.29 17:59:02.548,1.51888,1.51913,1.50,2.25
2013.04.29 17:59:02.881,1.51894,1.51916,2.18,1.13
2013.04.29 17:59:03.390,1.51895,1.51919,1.50,1.50
2013.04.29 17:59:06.449,1.51896,1.51919,1.13,1.50
2013.04.29 17:59:06.629,1.51898,1.51921,2.18,1.50
2013.04.29 17:59:08.048,1.51898,1.51925,1.43,2.25
2013.04.29 17:59:08.180,1.51898,1.51925,2.18,3.00
2013.04.29 17:59:08.679,1.51899,1.51922,1.65,1.50
2013.04.29 17:59:09.689,1.51898,1.51922,2.93,1.50
2013.04.29 17:59:10.200,1.51898,1.51919,1.28,1.50
2013.04.29 17:59:10.559,1.51891,1.51914,2.03,1.50
2013.04.29 17:59:10.989,1.51891,1.51911,1.13,2.25
2013.04.29 17:59:11.202,1.51887,1.51911,1.80,1.50
2013.04.29 17:59:11.719,1.51889,1.51913,1.13,1.50
2013.04.29 17:59:12.367,1.51889,1.51913,1.88,1.50
2013.04.29 17:59:13.849,1.51888,1.51913,1.28,1.88
2013.04.29 17:59:15.348,1.51888,1.51913,2.40,1.88
2013.04.29 17:59:15.412,1.51891,1.51914,1.43,1.50
2013.04.29 17:59:15.481,1.51893,1.51916,1.50,3.00
2013.04.29 17:59:15.609,1.51896,1.51919,1.28,1.50
2013.04.29 17:59:16.128,1.51897,1.51919,1.80,1.50
2013.04.29 17:59:17.421,1.51896,1.51919,2.78,1.50
2013.04.29 17:59:17.854,1.51896,1.51919,1.28,1.50
2013.04.29 17:59:29.148,1.51896,1.51917,1.28,1.65
2013.04.29 17:59:29.269,1.51893,1.51916,2.03,1.65
2013.04.29 17:59:29.389,1.51891,1.51914,1.50,1.50
2013.04.29 17:59:29.947,1.51891,1.51914,1.50,1.50
2013.04.29 17:59:30.501,1.51888,1.51914,2.25,1.50
2013.04.29 17:59:30.980,1.51886,1.51912,1.65,1.50
2013.04.29 17:59:31.491,1.51885,1.5191,2.40,1.50
2013.04.29 17:59:32.671,1.51885,1.51908,1.65,1.50
2013.04.29 17:59:32.879,1.51881,1.51905,1.09,1.50
2013.04.29 17:59:33.466,1.51878,1.51905,1.50,1.50
2013.04.29 17:59:33.990,1.51878,1.51903,1.50,1.50
2013.04.29 17:59:34.061,1.51878,1.51903,1.50,1.88
2013.04.29 17:59:34.137,1.5187,1.51899,1.28,1.65
2013.04.29 17:59:34.260,1.51876,1.51899,1.65,1.69
2013.04.29 17:59:36.029,1.51876,1.51898,1.13,1.50
2013.04.29 17:59:36.089,1.51875,1.51898,1.13,1.50
2013.04.29 17:59:36.152,1.51873,1.51896,2.40,1.50
2013.04.29 17:59:37.559,1.51873,1.519,1.20,2.03
2013.04.29 17:59:37.630,1.51869,1.51894,2.10,1.13
2013.04.29 17:59:37.699,1.51867,1.5189,1.95,1.50
2013.04.29 17:59:37.760,1.51866,1.51891,1.13,2.40
2013.04.29 17:59:39.970,1.51866,1.5189,2.33,1.50
2013.04.29 17:59:40.170,1.51866,1.5189,1.50,1.65
2013.04.29 17:59:40.300,1.51864,1.51887,1.50,1.50
2013.04.29 17:59:40.489,1.51862,1.51884,1.05,1.50
2013.04.29 17:59:40.670,1.51862,1.51886,2.03,1.50
2013.04.29 17:59:41.799,1.51861,1.51885,1.43,1.50
2013.04.29 17:59:41.980,1.51859,1.51885,3.23,1.50
2013.04.29 17:59:43.441,1.51861,1.51885,1.50,1.65
2013.04.29 17:59:46.180,1.51862,1.51885,2.40,1.50
2013.04.29 17:59:47.190,1.51862,1.51885,1.65,1.50
2013.04.29 17:59:51.109,1.51862,1.5189,1.73,2.25
2013.04.29 17:59:51.360,1.51865,1.51889,1.50,1.50
2013.04.29 17:59:55.970,1.51862,1.51888,2.25,2.03
2013.04.29 17:59:57.899,1.5186,1.51885,1.69,1.65
2013.04.29 17:59:58.204,1.5186,1.51883,1.50,1.13
2013.04.29 17:59:58.270,1.51859,1.51882,1.50,2.10
2013.04.29 17:59:58.671,1.51857,1.51882,1.50,1.80
2013.04.29 17:59:59.189,1.5186,1.51882,1.50,1.13
2013.04.29 17:59:59.490,1.5186,1.51883,1.50,1.28
2013.04.29 17:59:59.881,1.51869,1.51891,1.50,1.50
