2018.03.20 19:00:00.197,1.4903,1.49046,1.69,2.25
2018.03.20 19:00:00.301,1.4903,1.49046,4.31,1.87
2018.03.20 19:00:00.354,1.49028,1.49043,4.69,1.12
2018.03.20 19:00:00.635,1.4903,1.49045,1.12,1.37
2018.03.20 19:00:00.842,1.4903,1.49043,1.00,1.75
2018.03.20 19:00:00.950,1.49028,1.49044,1.25,2.25
2018.03.20 19:00:01.342,1.49028,1.49042,1.19,1.25
2018.03.20 19:00:01.861,1.49029,1.49043,4.31,1.12
2018.03.20 19:00:02.522,1.49038,1.49047,2.81,1.00
2018.03.20 19:00:02.576,1.49041,1.49056,4.31,2.06
2018.03.20 19:00:02.627,1.49046,1.49061,1.50,2.21
2018.03.20 19:00:02.679,1.49048,1.49061,2.81,1.19
2018.03.20 19:00:02.784,1.49053,1.49067,3.00,1.12
2018.03.20 19:00:02.837,1.49056,1.49069,1.37,1.19
2018.03.20 19:00:03.231,1.49057,1.49069,1.19,3.37
2018.03.20 19:00:03.490,1.49057,1.49069,1.31,1.69
2018.03.20 19:00:04.010,1.49054,1.49069,2.06,1.69
2018.03.20 19:00:04.541,1.49053,1.49069,1.31,3.94
2018.03.20 19:00:04.593,1.49052,1.49065,1.19,2.81
2018.03.20 19:00:04.644,1.49052,1.49066,1.19,1.69
2018.03.20 19:00:04.746,1.49047,1.49063,2.25,1.00
2018.03.20 19:00:05.129,1.49051,1.49067,3.00,1.87
2018.03.20 19:00:05.643,1.49052,1.49066,1.56,1.00
2018.03.20 19:00:06.108,1.49051,1.49066,1.44,2.62
2018.03.20 19:00:06.215,1.49052,1.49069,1.94,2.06
2018.03.20 19:00:06.482,1.49056,1.4907,1.69,2.19
2018.03.20 19:00:06.650,1.49055,1.49068,1.12,1.00
2018.03.20 19:00:07.867,1.49052,1.49066,1.00,2.06
2018.03.20 19:00:08.385,1.49049,1.49065,1.19,1.31
2018.03.20 19:00:08.651,1.49059,1.49075,2.44,1.31
2018.03.20 19:00:08.703,1.4906,1.49077,2.44,1.12
2018.03.20 19:00:09.116,1.49065,1.49077,1.00,1.37
2018.03.20 19:00:09.323,1.49063,1.49079,1.25,1.12
2018.03.20 19:00:09.832,1.49064,1.49078,1.00,1.50
2018.03.20 19:00:10.341,1.49063,1.49078,1.19,1.50
2018.03.20 19:00:10.500,1.49061,1.49076,2.06,1.12
2018.03.20 19:00:10.605,1.4906,1.49076,1.69,3.37
2018.03.20 19:00:10.814,1.49053,1.49069,1.00,1.69
2018.03.20 19:00:10.867,1.49052,1.49066,1.25,2.62
2018.03.20 19:00:11.077,1.49049,1.49065,2.06,1.56
2018.03.20 19:00:11.181,1.49048,1.49063,1.19,1.12
2018.03.20 19:00:11.697,1.49048,1.49062,1.19,2.81
2018.03.20 19:00:11.905,1.49046,1.49063,1.69,1.12
2018.03.20 19:00:12.009,1.49046,1.49062,1.69,1.31
2018.03.20 19:00:12.164,1.49046,1.49062,1.69,1.31
2018.03.20 19:00:12.216,1.49044,1.4906,1.37,2.25
2018.03.20 19:00:12.269,1.49045,1.49059,1.00,2.62
2018.03.20 19:00:12.321,1.49043,1.49056,1.00,1.50
2018.03.20 19:00:12.641,1.49045,1.49058,1.00,1.69
2018.03.20 19:00:12.849,1.49041,1.49058,2.06,1.69
2018.03.20 19:00:12.952,1.49039,1.49054,1.19,1.12
2018.03.20 19:00:13.260,1.49041,1.49057,1.19,1.87
2018.03.20 19:00:14.037,1.49041,1.49056,1.19,1.00
2018.03.20 19:00:14.809,1.49039,1.49056,1.37,1.75
2018.03.20 19:00:14.914,1.49038,1.49056,1.19,2.25
2018.03.20 19:00:14.966,1.49039,1.49054,1.19,1.12
2018.03.20 19:00:15.362,1.49037,1.49049,1.19,1.00
2018.03.20 19:00:15.518,1.49036,1.49049,1.31,1.37
2018.03.20 19:00:16.035,1.49036,1.49049,1.31,3.00
2018.03.20 19:00:16.502,1.49037,1.49052,1.19,3.00
2018.03.20 19:00:16.607,1.49037,1.49052,1.69,3.00
2018.03.20 19:00:17.133,1.49037,1.49052,1.69,3.00
2018.03.20 19:00:17.185,1.49037,1.49051,1.69,2.62
2018.03.20 19:00:17.289,1.49036,1.49053,1.87,3.75
2018.03.20 19:00:17.465,1.49037,1.49052,1.69,1.37
2018.03.20 19:00:17.725,1.49037,1.4905,1.50,3.00
2018.03.20 19:00:17.884,1.49041,1.4905,1.25,2.25
2018.03.20 19:00:18.019,1.49038,1.4905,1.25,2.25
2018.03.20 19:00:18.123,1.49036,1.49049,1.00,1.69
2018.03.20 19:00:18.225,1.49034,1.49048,1.25,1.12
2018.03.20 19:00:18.719,1.49037,1.49049,1.25,1.00
2018.03.20 19:00:19.000,1.49045,1.49061,1.75,1.69
2018.03.20 19:00:19.053,1.49045,1.49061,2.25,2.44
2018.03.20 19:00:19.420,1.49046,1.4906,1.19,1.25
2018.03.20 19:00:19.605,1.49046,1.4906,1.19,1.62
2018.03.20 19:00:19.762,1.49044,1.49057,1.69,1.00
2018.03.20 19:00:20.266,1.49045,1.49059,1.25,2.00
2018.03.20 19:00:20.797,1.49046,1.4906,1.00,1.87
2018.03.20 19:00:21.327,1.49045,1.49057,1.25,1.00
2018.03.20 19:00:22.011,1.49046,1.49057,1.00,1.00
2018.03.20 19:00:22.565,1.49045,1.49059,1.25,2.00
2018.03.20 19:00:22.617,1.49046,1.49059,1.19,2.62
2018.03.20 19:00:22.670,1.49047,1.49062,1.25,1.37
2018.03.20 19:00:22.778,1.49046,1.49062,1.50,1.12
2018.03.20 19:00:23.286,1.49045,1.49059,1.56,2.25
2018.03.20 19:00:25.034,1.49043,1.49058,1.56,3.75
2018.03.20 19:00:25.763,1.49043,1.49057,1.19,1.00
2018.03.20 19:00:26.283,1.49044,1.49059,1.19,3.75
2018.03.20 19:00:26.806,1.49044,1.49059,1.19,1.87
2018.03.20 19:00:28.219,1.49044,1.49059,1.69,1.69
2018.03.20 19:00:28.684,1.49045,1.49058,1.25,2.81
2018.03.20 19:00:28.995,1.49046,1.49058,1.19,1.00
2018.03.20 19:00:29.152,1.49046,1.4906,1.19,1.31
2018.03.20 19:00:29.309,1.49045,1.49057,2.44,1.00
2018.03.20 19:00:29.925,1.49046,1.49059,1.69,2.81
2018.03.20 19:00:30.501,1.49047,1.49059,1.00,3.56
2018.03.20 19:00:30.937,1.49045,1.49059,1.25,3.75
2018.03.20 19:00:31.615,1.49045,1.49059,1.19,2.81
2018.03.20 19:00:32.211,1.49047,1.49059,1.19,1.69
2018.03.20 19:00:32.264,1.49046,1.49059,1.25,2.00
2018.03.20 19:00:32.878,1.49045,1.49058,1.00,1.12
2018.03.20 19:00:33.293,1.49045,1.49056,1.50,1.00
2018.03.20 19:00:33.818,1.49045,1.49057,1.50,2.62
2018.03.20 19:00:33.871,1.49045,1.49058,1.50,1.62
2018.03.20 19:00:34.387,1.49045,1.49058,1.00,1.25
2018.03.20 19:00:34.848,1.49045,1.49056,1.00,2.62
2018.03.20 19:00:34.951,1.49042,1.49054,1.00,3.00
2018.03.20 19:00:35.374,1.4904,1.49054,1.69,1.37
2018.03.20 19:00:35.789,1.49042,1.49055,1.00,3.75
2018.03.20 19:00:36.104,1.49043,1.49054,1.00,2.62
2018.03.20 19:00:36.157,1.49043,1.49056,1.00,2.62
2018.03.20 19:00:36.210,1.49043,1.49056,1.19,2.62
2018.03.20 19:00:36.263,1.49048,1.49063,1.00,3.37
2018.03.20 19:00:36.316,1.49048,1.49062,1.69,1.12
2018.03.20 19:00:36.633,1.49047,1.49062,1.56,1.69
2018.03.20 19:00:36.737,1.49047,1.49061,1.00,2.06
2018.03.20 19:00:36.789,1.49045,1.49061,1.00,4.69
2018.03.20 19:00:37.206,1.49046,1.4906,1.69,1.00
2018.03.20 19:00:37.541,1.49046,1.49056,1.00,1.00
2018.03.20 19:00:38.081,1.49045,1.49057,1.25,2.62
2018.03.20 19:00:38.590,1.49045,1.49057,1.00,1.87
2018.03.20 19:00:39.108,1.49045,1.49055,1.00,1.00
2018.03.20 19:00:40.100,1.49041,1.49056,1.25,1.44
2018.03.20 19:00:40.151,1.49043,1.49056,1.00,1.12
2018.03.20 19:00:40.665,1.49042,1.49057,1.00,1.75
2018.03.20 19:00:41.024,1.49044,1.49057,1.00,3.37
2018.03.20 19:00:41.572,1.49044,1.49058,1.25,3.75
2018.03.20 19:00:41.832,1.49048,1.49064,1.25,5.44
2018.03.20 19:00:41.884,1.4905,1.49063,1.00,2.62
2018.03.20 19:00:42.408,1.4905,1.49063,1.19,1.00
2018.03.20 19:00:43.311,1.4905,1.49064,1.19,1.00
2018.03.20 19:00:43.630,1.49055,1.49066,1.19,1.00
2018.03.20 19:00:44.131,1.49055,1.49069,1.19,2.62
2018.03.20 19:00:44.669,1.49057,1.49069,1.25,2.62
2018.03.20 19:00:45.218,1.49057,1.4907,1.00,2.62
2018.03.20 19:00:45.476,1.49055,1.49069,1.87,2.62
2018.03.20 19:00:46.212,1.49053,1.4907,1.69,3.56
2018.03.20 19:00:46.317,1.49051,1.49064,1.19,1.00
2018.03.20 19:00:46.855,1.49051,1.49064,1.19,2.62
2018.03.20 19:00:47.734,1.49051,1.49064,1.25,2.62
2018.03.20 19:00:48.257,1.49051,1.49064,1.69,1.00
2018.03.20 19:00:49.056,1.49051,1.49064,1.19,1.00
2018.03.20 19:00:49.574,1.49051,1.49066,1.69,3.00
2018.03.20 19:00:50.013,1.49051,1.49063,1.50,2.62
2018.03.20 19:00:50.633,1.49051,1.49065,1.00,2.81
2018.03.20 19:00:51.070,1.49051,1.49063,1.00,2.25
2018.03.20 19:00:51.275,1.49051,1.49065,1.00,3.19
2018.03.20 19:00:52.237,1.49054,1.4907,1.56,1.69
2018.03.20 19:00:52.341,1.49058,1.49074,3.56,1.50
2018.03.20 19:00:52.652,1.4906,1.49073,1.25,2.62
2018.03.20 19:00:52.873,1.49059,1.49074,1.31,1.12
2018.03.20 19:00:53.120,1.49059,1.49073,1.19,2.62
2018.03.20 19:00:53.653,1.49058,1.49072,1.31,1.37
2018.03.20 19:00:54.175,1.49057,1.49071,1.69,1.00
2018.03.20 19:00:54.914,1.49057,1.49073,3.19,1.37
2018.03.20 19:00:55.218,1.49056,1.49072,2.44,3.00
2018.03.20 19:00:55.322,1.49056,1.49072,3.19,1.00
2018.03.20 19:00:55.706,1.49059,1.49074,1.19,1.00
2018.03.20 19:00:56.032,1.49061,1.49076,1.69,1.87
2018.03.20 19:00:56.343,1.49062,1.49079,5.06,1.50
2018.03.20 19:01:00.207,1.49063,1.49079,2.81,1.12
2018.03.20 19:01:01.261,1.49064,1.49079,1.12,1.75
2018.03.20 19:01:01.866,1.49063,1.49077,1.00,1.00
2018.03.20 19:01:02.471,1.49063,1.49079,1.50,1.12
2018.03.20 19:01:03.036,1.49065,1.4908,1.00,1.50
2018.03.20 19:01:03.684,1.49066,1.49082,1.12,2.81
2018.03.20 19:01:03.737,1.49068,1.49082,1.00,3.94
2018.03.20 19:01:04.202,1.49068,1.4908,1.00,2.62
2018.03.20 19:01:04.566,1.49069,1.4908,1.00,1.31
2018.03.20 19:01:04.671,1.49068,1.49078,1.87,1.00
2018.03.20 19:01:05.179,1.49069,1.49079,1.00,1.00
2018.03.20 19:01:05.389,1.49067,1.49081,1.50,2.62
2018.03.20 19:01:05.938,1.49065,1.49082,1.31,2.81
2018.03.20 19:01:06.611,1.49066,1.49083,2.62,1.81
2018.03.20 19:01:06.663,1.49066,1.49083,2.62,1.12
2018.03.20 19:01:07.048,1.49066,1.49083,2.62,1.12
2018.03.20 19:01:07.634,1.49066,1.49083,1.12,1.37
2018.03.20 19:01:07.789,1.4907,1.49085,1.00,1.69
2018.03.20 19:01:08.212,1.49071,1.49085,2.06,1.00
2018.03.20 19:01:08.698,1.49072,1.49089,1.56,1.31
2018.03.20 19:01:09.029,1.49076,1.49089,1.00,2.62
2018.03.20 19:01:09.334,1.49076,1.49089,1.00,1.00
2018.03.20 19:01:09.870,1.49075,1.49089,1.00,1.00
2018.03.20 19:01:10.231,1.49076,1.49092,1.25,1.50
2018.03.20 19:01:10.283,1.49076,1.49091,1.69,3.00
2018.03.20 19:01:10.544,1.49076,1.49092,1.19,2.06
2018.03.20 19:01:11.048,1.49076,1.49091,1.31,3.00
2018.03.20 19:01:11.576,1.49076,1.4909,1.25,1.37
2018.03.20 19:01:13.491,1.49081,1.49092,1.00,1.00
2018.03.20 19:01:13.544,1.49081,1.49096,1.25,2.62
2018.03.20 19:01:13.597,1.49082,1.49094,1.19,2.62
2018.03.20 19:01:13.650,1.49082,1.49098,1.25,4.12
2018.03.20 19:01:14.761,1.49081,1.49096,1.19,2.62
2018.03.20 19:01:15.279,1.49081,1.49096,1.69,2.62
2018.03.20 19:01:15.715,1.49082,1.49098,1.19,3.00
2018.03.20 19:01:15.991,1.49082,1.49098,1.31,1.00
2018.03.20 19:01:16.304,1.49083,1.49099,1.19,1.37
2018.03.20 19:01:16.996,1.49083,1.49097,1.19,1.00
2018.03.20 19:01:18.830,1.49083,1.49098,2.06,2.62
2018.03.20 19:01:19.405,1.49082,1.49097,1.69,2.62
2018.03.20 19:01:20.564,1.49083,1.49097,1.19,2.25
2018.03.20 19:01:20.774,1.49084,1.49101,1.87,2.25
2018.03.20 19:01:20.826,1.49084,1.49101,1.50,1.31
2018.03.20 19:01:21.030,1.49084,1.491,2.25,2.44
2018.03.20 19:01:22.065,1.49083,1.49099,2.06,2.62
2018.03.20 19:01:22.612,1.49084,1.49098,1.19,2.62
2018.03.20 19:01:22.949,1.49083,1.49101,1.19,2.62
2018.03.20 19:01:23.466,1.49082,1.49099,2.25,2.25
2018.03.20 19:01:24.220,1.49083,1.491,2.06,1.00
2018.03.20 19:01:24.761,1.49084,1.49101,1.37,1.31
2018.03.20 19:01:25.275,1.49085,1.49101,1.37,1.19
2018.03.20 19:01:25.808,1.49084,1.49101,1.87,1.00
2018.03.20 19:01:26.326,1.49084,1.491,1.87,1.00
2018.03.20 19:01:27.004,1.49084,1.491,1.87,1.00
2018.03.20 19:01:27.743,1.49086,1.49103,1.37,1.19
2018.03.20 19:01:27.796,1.49089,1.49104,1.37,1.00
2018.03.20 19:01:27.848,1.49091,1.49107,1.31,1.44
2018.03.20 19:01:27.901,1.49089,1.49103,1.87,2.25
2018.03.20 19:01:28.266,1.49088,1.49105,1.50,1.00
2018.03.20 19:01:28.319,1.49089,1.49103,1.19,2.81
2018.03.20 19:01:28.835,1.49088,1.49102,1.31,2.62
2018.03.20 19:01:28.940,1.49088,1.49104,1.31,3.56
2018.03.20 19:01:28.991,1.49087,1.49103,1.31,2.44
2018.03.20 19:01:29.043,1.49086,1.49099,1.37,1.00
2018.03.20 19:01:29.502,1.49084,1.49099,2.62,2.62
2018.03.20 19:01:29.554,1.49085,1.49099,2.25,1.00
2018.03.20 19:01:30.109,1.49085,1.491,1.87,2.62
2018.03.20 19:01:30.367,1.49086,1.49098,1.25,2.62
2018.03.20 19:01:30.572,1.49084,1.49099,1.19,1.00
2018.03.20 19:01:30.675,1.49083,1.49097,1.50,2.62
2018.03.20 19:01:31.273,1.49082,1.49097,2.44,1.00
2018.03.20 19:01:31.402,1.49082,1.49098,1.44,2.00
2018.03.20 19:01:32.063,1.49085,1.49095,1.00,1.00
2018.03.20 19:01:32.575,1.49084,1.49098,1.25,2.81
2018.03.20 19:01:33.214,1.49084,1.49095,1.00,1.00
2018.03.20 19:01:34.279,1.49082,1.49095,2.81,1.00
2018.03.20 19:01:34.782,1.49084,1.49095,1.00,1.00
2018.03.20 19:01:35.442,1.49083,1.49098,1.44,2.81
2018.03.20 19:01:36.081,1.49085,1.49098,1.00,2.81
2018.03.20 19:01:36.784,1.49083,1.49099,1.69,1.12
2018.03.20 19:01:37.121,1.49082,1.49096,2.81,2.62
2018.03.20 19:01:37.225,1.49079,1.49096,3.37,1.87
2018.03.20 19:01:37.277,1.49079,1.49094,2.25,2.81
2018.03.20 19:01:37.358,1.49079,1.49087,1.00,1.00
2018.03.20 19:01:37.410,1.49075,1.49087,1.50,2.62
2018.03.20 19:01:37.559,1.49075,1.49091,1.12,2.06
2018.03.20 19:01:37.663,1.49075,1.49089,2.06,1.25
2018.03.20 19:01:38.200,1.49075,1.49091,1.31,1.12
2018.03.20 19:01:38.446,1.49077,1.49091,1.00,3.56
2018.03.20 19:01:38.821,1.49077,1.49089,1.25,2.62
2018.03.20 19:01:38.876,1.49077,1.4909,1.25,1.00
2018.03.20 19:01:39.395,1.49076,1.49092,1.69,1.12
2018.03.20 19:01:39.698,1.49074,1.49088,1.00,1.44
2018.03.20 19:01:40.780,1.49074,1.49088,1.00,1.12
2018.03.20 19:01:41.004,1.49074,1.49085,1.00,1.00
2018.03.20 19:01:41.686,1.49074,1.49086,1.00,1.00
2018.03.20 19:01:42.461,1.49074,1.49087,1.00,3.75
2018.03.20 19:01:42.917,1.49074,1.49087,1.00,1.69
2018.03.20 19:01:42.969,1.49071,1.49087,1.50,2.62
2018.03.20 19:01:43.281,1.49069,1.49082,1.00,2.62
2018.03.20 19:01:43.633,1.49069,1.49084,1.69,3.94
2018.03.20 19:01:44.020,1.4907,1.49081,1.19,2.00
2018.03.20 19:01:44.177,1.49069,1.49083,1.69,2.62
2018.03.20 19:01:45.000,1.49069,1.49084,1.19,2.62
2018.03.20 19:01:45.107,1.49069,1.49084,1.19,2.00
2018.03.20 19:01:45.420,1.49069,1.49078,1.00,1.00
2018.03.20 19:01:45.815,1.49066,1.4908,1.69,1.12
2018.03.20 19:01:46.444,1.49066,1.49077,1.25,2.62
2018.03.20 19:01:46.867,1.49063,1.49075,1.37,2.62
2018.03.20 19:01:46.919,1.49063,1.49077,1.37,3.56
2018.03.20 19:01:46.972,1.49061,1.49075,1.25,1.00
2018.03.20 19:01:47.024,1.4906,1.49076,1.44,1.31
2018.03.20 19:01:47.916,1.49059,1.49072,1.12,1.00
2018.03.20 19:01:48.426,1.49058,1.49074,1.75,2.62
2018.03.20 19:01:49.327,1.49058,1.49075,1.75,2.81
2018.03.20 19:01:49.634,1.49062,1.49078,1.19,4.50
2018.03.20 19:01:50.889,1.49061,1.49077,1.87,3.75
2018.03.20 19:01:50.941,1.49061,1.49075,1.87,2.81
2018.03.20 19:01:51.936,1.49062,1.49073,1.00,4.12
2018.03.20 19:01:51.989,1.49057,1.49068,1.19,1.00
2018.03.20 19:01:52.041,1.49057,1.4907,1.19,3.56
2018.03.20 19:01:52.931,1.49056,1.49069,2.06,2.00
2018.03.20 19:01:53.905,1.49056,1.49069,1.88,2.81
2018.03.20 19:01:54.228,1.49057,1.4907,1.69,2.62
2018.03.20 19:01:54.709,1.49058,1.49071,1.37,2.25
2018.03.20 19:01:54.763,1.49061,1.49074,1.19,2.81
2018.03.20 19:01:54.870,1.49061,1.49074,1.19,2.00
2018.03.20 19:01:55.417,1.4906,1.49074,1.19,3.56
2018.03.20 19:01:55.942,1.4906,1.49073,1.19,2.81
2018.03.20 19:01:56.506,1.4906,1.49075,1.19,2.81
2018.03.20 19:01:57.784,1.49059,1.49075,1.87,1.37
2018.03.20 19:01:57.897,1.49058,1.49072,1.00,2.62
2018.03.20 19:01:57.951,1.49056,1.49074,1.87,1.50
2018.03.20 19:01:58.055,1.49057,1.49074,1.19,1.12
2018.03.20 19:01:58.260,1.49056,1.49074,3.75,1.50
2018.03.20 19:01:58.311,1.49056,1.49074,3.75,1.87
2018.03.20 19:01:59.161,1.49056,1.49074,3.00,1.87
2018.03.20 19:01:59.213,1.49056,1.49073,3.00,1.00
2018.03.20 19:01:59.524,1.49056,1.49073,1.50,2.44
2018.03.20 19:01:59.994,1.49056,1.49073,1.50,2.62
2018.03.20 19:02:00.356,1.49056,1.4907,1.37,2.62
2018.03.20 19:02:00.481,1.49056,1.49072,1.19,3.75
2018.03.20 19:02:00.534,1.49056,1.49071,1.19,1.25
2018.03.20 19:02:00.587,1.49056,1.49071,1.37,2.81
2018.03.20 19:02:01.792,1.49056,1.49071,1.44,3.56
2018.03.20 19:02:01.844,1.49056,1.49071,1.44,2.62
2018.03.20 19:02:02.085,1.49056,1.49073,1.44,3.94
2018.03.20 19:02:02.603,1.49056,1.49073,1.44,1.94
2018.03.20 19:02:02.821,1.49056,1.49068,1.44,1.00
2018.03.20 19:02:03.796,1.49053,1.49069,2.81,2.62
2018.03.20 19:02:06.519,1.49054,1.49071,1.50,2.81
2018.03.20 19:02:07.223,1.49056,1.49069,1.44,2.62
2018.03.20 19:02:07.274,1.49057,1.49073,1.69,1.19
2018.03.20 19:02:07.326,1.49058,1.49073,1.37,1.25
2018.03.20 19:02:07.378,1.4906,1.49073,1.19,2.81
2018.03.20 19:02:07.499,1.4906,1.49076,1.19,3.94
2018.03.20 19:02:08.041,1.4906,1.49075,1.25,3.00
2018.03.20 19:02:08.557,1.49059,1.49074,1.69,2.81
2018.03.20 19:02:10.221,1.49059,1.49073,1.19,1.00
2018.03.20 19:02:10.749,1.4906,1.49074,1.25,2.81
2018.03.20 19:02:10.958,1.4906,1.49074,1.19,2.81
2018.03.20 19:02:11.575,1.49062,1.49076,1.19,2.81
2018.03.20 19:02:12.497,1.49062,1.49075,1.69,2.81
2018.03.20 19:02:14.087,1.49062,1.49078,1.69,4.31
2018.03.20 19:02:14.294,1.49063,1.49077,1.69,2.19
2018.03.20 19:02:14.861,1.49063,1.49078,1.69,1.12
2018.03.20 19:02:15.087,1.49063,1.49077,1.19,1.00
2018.03.20 19:02:15.139,1.49063,1.49079,2.44,1.31
2018.03.20 19:02:15.503,1.49063,1.49078,1.69,2.81
2018.03.20 19:02:15.606,1.49063,1.49076,1.19,2.62
2018.03.20 19:02:16.140,1.49063,1.49073,1.19,1.00
2018.03.20 19:02:16.529,1.49065,1.4908,2.62,2.62
2018.03.20 19:02:16.632,1.49069,1.49083,1.69,2.81
2018.03.20 19:02:16.683,1.49069,1.49083,1.69,2.81
2018.03.20 19:02:16.785,1.4907,1.49085,1.19,3.19
2018.03.20 19:02:17.091,1.4907,1.49084,1.19,2.19
2018.03.20 19:02:17.619,1.49069,1.49084,1.69,3.19
2018.03.20 19:02:18.290,1.49069,1.49083,1.69,2.81
2018.03.20 19:02:18.964,1.4907,1.49084,1.25,1.37
2018.03.20 19:02:19.191,1.49072,1.49085,1.12,1.37
2018.03.20 19:02:19.491,1.49074,1.49086,1.25,1.00
2018.03.20 19:02:19.597,1.49072,1.49089,1.31,1.12
2018.03.20 19:02:19.651,1.49072,1.49089,1.44,3.19
2018.03.20 19:02:20.028,1.49076,1.4909,1.50,2.25
2018.03.20 19:02:20.080,1.49079,1.49091,1.00,1.25
2018.03.20 19:02:20.597,1.49078,1.49092,1.25,1.69
2018.03.20 19:02:21.839,1.49078,1.49092,1.37,1.50
2018.03.20 19:02:23.878,1.49073,1.49089,1.31,2.81
2018.03.20 19:02:23.931,1.49073,1.49087,1.31,2.62
2018.03.20 19:02:24.853,1.49073,1.49086,1.12,1.12
2018.03.20 19:02:25.741,1.49071,1.49085,2.25,1.00
2018.03.20 19:02:26.364,1.49071,1.49086,1.87,2.62
2018.03.20 19:02:26.415,1.49071,1.49087,1.87,1.31
2018.03.20 19:02:26.525,1.49071,1.49086,1.87,2.25
2018.03.20 19:02:27.030,1.49071,1.49087,3.00,2.81
2018.03.20 19:02:27.413,1.49071,1.49085,2.62,2.62
2018.03.20 19:02:28.043,1.49073,1.49087,1.25,2.81
2018.03.20 19:02:28.095,1.49072,1.49085,1.12,2.62
2018.03.20 19:02:28.741,1.49072,1.49086,1.12,2.62
2018.03.20 19:02:29.944,1.49072,1.49086,2.25,1.00
2018.03.20 19:02:30.048,1.49073,1.49088,1.25,1.31
2018.03.20 19:02:33.147,1.49074,1.49088,1.81,2.81
2018.03.20 19:02:33.352,1.49072,1.49085,1.87,2.62
2018.03.20 19:02:33.405,1.49076,1.4909,2.44,4.31
2018.03.20 19:02:33.622,1.49105,1.49117,1.37,2.25
2018.03.20 19:02:33.676,1.49105,1.49119,1.56,4.31
2018.03.20 19:02:33.730,1.49105,1.49119,1.37,2.81
2018.03.20 19:02:33.926,1.49106,1.49122,3.00,1.12
2018.03.20 19:02:33.978,1.49108,1.49125,1.37,3.00
2018.03.20 19:02:34.392,1.49105,1.49122,2.62,3.00
2018.03.20 19:02:34.926,1.49106,1.4912,1.25,2.81
2018.03.20 19:02:35.130,1.49105,1.4912,2.25,1.25
2018.03.20 19:02:35.647,1.49105,1.49121,1.87,2.81
2018.03.20 19:02:36.161,1.49105,1.4912,1.12,1.00
2018.03.20 19:02:36.953,1.49105,1.49122,1.00,2.25
2018.03.20 19:02:37.237,1.49105,1.49122,2.25,2.25
2018.03.20 19:02:38.796,1.49105,1.4912,1.37,2.62
2018.03.20 19:02:39.308,1.49108,1.49121,1.44,2.25
2018.03.20 19:02:39.384,1.49107,1.49119,1.44,1.00
2018.03.20 19:02:39.962,1.49106,1.4912,2.25,1.00
2018.03.20 19:02:40.465,1.49106,1.4912,2.25,1.00
2018.03.20 19:02:40.673,1.49106,1.4912,2.25,1.00
2018.03.20 19:02:41.586,1.49106,1.4912,2.25,1.00
2018.03.20 19:02:43.547,1.49105,1.49121,3.00,2.62
2018.03.20 19:02:43.715,1.49105,1.4912,1.44,1.62
2018.03.20 19:02:43.769,1.49105,1.49119,1.50,2.25
2018.03.20 19:02:43.932,1.49107,1.49123,1.81,2.62
2018.03.20 19:02:43.985,1.49107,1.49124,1.81,3.75
2018.03.20 19:02:44.038,1.49107,1.49124,1.81,3.75
2018.03.20 19:02:44.246,1.49108,1.49122,2.06,2.62
2018.03.20 19:02:44.299,1.49107,1.49125,1.12,4.12
2018.03.20 19:02:44.853,1.49109,1.49126,1.31,1.31
2018.03.20 19:02:45.737,1.49106,1.49123,1.87,1.12
2018.03.20 19:02:46.096,1.49106,1.49123,2.62,2.25
2018.03.20 19:02:46.148,1.49106,1.49123,1.12,1.81
2018.03.20 19:02:46.630,1.49106,1.49124,1.75,3.56
2018.03.20 19:02:47.147,1.49107,1.49124,1.12,3.37
2018.03.20 19:02:47.530,1.49106,1.49124,3.37,1.75
2018.03.20 19:02:47.700,1.49106,1.49124,1.87,2.62
2018.03.20 19:02:48.475,1.49108,1.49125,1.50,3.00
2018.03.20 19:02:49.012,1.49108,1.49125,1.31,1.37
2018.03.20 19:02:49.065,1.49109,1.49126,2.25,1.62
2018.03.20 19:02:49.692,1.49109,1.49126,1.12,1.37
2018.03.20 19:02:50.665,1.49109,1.49126,1.00,1.75
2018.03.20 19:02:54.572,1.49106,1.49124,1.75,4.31
2018.03.20 19:02:55.075,1.49108,1.49126,1.87,3.56
2018.03.20 19:02:55.438,1.49108,1.49122,1.19,2.44
2018.03.20 19:02:55.646,1.49106,1.49123,1.50,1.44
2018.03.20 19:02:56.062,1.49105,1.49121,2.62,1.19
2018.03.20 19:02:56.991,1.49106,1.49123,1.87,3.19
2018.03.20 19:02:57.150,1.49107,1.49125,1.12,1.69
2018.03.20 19:02:57.292,1.49108,1.49122,1.44,1.00
2018.03.20 19:02:57.603,1.49105,1.49122,3.00,1.37
2018.03.20 19:02:57.912,1.49105,1.49122,3.00,1.37
2018.03.20 19:02:58.237,1.49106,1.49122,1.12,1.37
2018.03.20 19:02:58.547,1.49107,1.49119,1.50,1.00
2018.03.20 19:02:59.002,1.49108,1.49121,1.50,1.00
2018.03.20 19:02:59.054,1.49108,1.49125,2.44,1.87
2018.03.20 19:02:59.106,1.49109,1.49125,1.12,2.81
2018.03.20 19:02:59.314,1.49109,1.49125,2.25,1.00
2018.03.20 19:02:59.540,1.4911,1.49126,1.50,1.75
2018.03.20 19:02:59.591,1.4911,1.49126,1.50,1.75
2018.03.20 19:02:59.695,1.4911,1.49127,1.50,1.31
2018.03.20 19:02:59.798,1.49108,1.49125,3.37,1.25
2018.03.20 19:03:00.314,1.49108,1.49126,1.12,4.50
2018.03.20 19:03:01.060,1.49108,1.49126,1.37,3.75
2018.03.20 19:03:01.614,1.49108,1.49126,1.12,3.75
2018.03.20 19:03:01.946,1.49112,1.49127,1.44,1.94
2018.03.20 19:03:01.999,1.49111,1.49127,2.62,1.19
2018.03.20 19:03:02.187,1.49111,1.49126,1.87,2.81
2018.03.20 19:03:02.724,1.49111,1.49127,1.50,3.56
2018.03.20 19:03:02.943,1.4911,1.49127,1.50,1.25
2018.03.20 19:03:03.099,1.49109,1.49128,1.75,2.25
2018.03.20 19:03:03.203,1.4911,1.49127,1.75,1.69
2018.03.20 19:03:03.255,1.49109,1.49126,1.75,2.81
2018.03.20 19:03:03.410,1.4911,1.49127,1.44,1.44
2018.03.20 19:03:03.544,1.49109,1.49126,1.75,2.81
2018.03.20 19:03:03.854,1.49111,1.49127,1.25,2.62
2018.03.20 19:03:04.108,1.49111,1.49126,1.25,2.81
2018.03.20 19:03:07.234,1.49111,1.49126,1.69,1.25
2018.03.20 19:03:07.742,1.49111,1.49125,1.87,1.00
2018.03.20 19:03:07.853,1.49112,1.49125,1.19,1.25
2018.03.20 19:03:07.905,1.49112,1.49125,1.00,1.25
2018.03.20 19:03:08.162,1.49112,1.49127,1.19,2.81
2018.03.20 19:03:08.267,1.49113,1.49129,1.87,2.81
2018.03.20 19:03:08.547,1.49111,1.49126,1.50,1.25
2018.03.20 19:03:08.651,1.4911,1.49126,1.37,2.81
2018.03.20 19:03:08.960,1.4911,1.49124,1.37,2.62
2018.03.20 19:03:09.012,1.4911,1.49125,1.37,1.00
2018.03.20 19:03:09.526,1.49109,1.49125,1.12,1.00
2018.03.20 19:03:09.578,1.49109,1.49124,1.12,2.62
2018.03.20 19:03:09.630,1.4911,1.49124,1.00,2.62
2018.03.20 19:03:10.083,1.4911,1.49124,1.00,1.00
2018.03.20 19:03:10.238,1.49109,1.49124,1.87,1.00
2018.03.20 19:03:10.291,1.4911,1.49125,1.50,2.62
2018.03.20 19:03:10.447,1.4911,1.49126,1.31,3.56
2018.03.20 19:03:10.499,1.49109,1.49123,1.69,1.00
2018.03.20 19:03:10.913,1.49108,1.49121,1.56,1.00
2018.03.20 19:03:11.524,1.49108,1.49124,1.44,2.81
2018.03.20 19:03:11.576,1.49108,1.49124,1.87,1.25
2018.03.20 19:03:11.729,1.49108,1.49122,1.87,1.00
2018.03.20 19:03:12.239,1.49108,1.49122,1.44,2.62
2018.03.20 19:03:12.551,1.4911,1.49125,1.50,3.37
2018.03.20 19:03:12.944,1.49106,1.49122,1.44,1.50
2018.03.20 19:03:12.995,1.49105,1.4912,1.44,1.19
2018.03.20 19:03:13.302,1.49103,1.49119,2.25,2.81
2018.03.20 19:03:13.579,1.49104,1.4912,1.37,2.81
2018.03.20 19:03:14.112,1.49103,1.49121,1.50,1.56
2018.03.20 19:03:14.481,1.49103,1.4912,1.50,1.31
2018.03.20 19:03:14.533,1.49101,1.49119,1.37,1.50
2018.03.20 19:03:14.689,1.49101,1.49117,1.19,2.06
2018.03.20 19:03:14.971,1.49097,1.49113,1.87,2.62
2018.03.20 19:03:15.024,1.49097,1.49112,1.87,2.00
2018.03.20 19:03:15.550,1.49097,1.4911,1.87,1.00
2018.03.20 19:03:15.883,1.49096,1.49113,2.62,1.50
2018.03.20 19:03:15.987,1.49097,1.4911,1.37,1.00
2018.03.20 19:03:16.655,1.49097,1.49113,1.37,4.31
2018.03.20 19:03:17.190,1.49098,1.49113,1.25,2.44
2018.03.20 19:03:17.704,1.49096,1.4911,1.37,1.00
2018.03.20 19:03:18.215,1.49093,1.49109,2.06,1.00
2018.03.20 19:03:18.731,1.49095,1.49109,1.37,1.00
2018.03.20 19:03:19.263,1.49093,1.49108,1.50,1.00
2018.03.20 19:03:19.795,1.49094,1.49109,1.37,3.37
2018.03.20 19:03:20.646,1.49092,1.49109,2.81,1.75
2018.03.20 19:03:20.699,1.49092,1.49105,1.87,1.00
2018.03.20 19:03:20.965,1.49092,1.49105,1.12,2.62
2018.03.20 19:03:21.018,1.49092,1.49108,1.50,3.37
2018.03.20 19:03:21.171,1.49092,1.49107,1.00,2.81
2018.03.20 19:03:21.681,1.49092,1.49106,1.50,2.62
2018.03.20 19:03:21.887,1.49092,1.49106,1.69,1.00
2018.03.20 19:03:22.404,1.49091,1.49106,1.00,2.62
2018.03.20 19:03:22.717,1.49086,1.491,2.06,1.00
2018.03.20 19:03:22.976,1.49084,1.49101,1.69,2.19
2018.03.20 19:03:23.571,1.49084,1.491,2.06,2.81
2018.03.20 19:03:24.088,1.49085,1.49101,1.37,3.75
2018.03.20 19:03:24.192,1.49085,1.49097,1.37,1.00
2018.03.20 19:03:24.508,1.49088,1.49101,1.50,2.81
2018.03.20 19:03:24.812,1.49088,1.49104,1.31,2.81
2018.03.20 19:03:25.787,1.4909,1.49106,1.37,3.00
2018.03.20 19:03:26.097,1.49093,1.49107,1.00,1.25
2018.03.20 19:03:26.253,1.49093,1.49107,1.00,2.81
2018.03.20 19:03:26.305,1.49093,1.49109,1.00,1.56
2018.03.20 19:03:26.551,1.49093,1.49106,1.50,2.62
2018.03.20 19:03:26.706,1.49094,1.49106,1.00,1.00
2018.03.20 19:03:26.758,1.49096,1.49107,1.12,1.00
2018.03.20 19:03:27.389,1.49096,1.49112,1.12,3.00
2018.03.20 19:03:27.495,1.49095,1.49109,1.69,2.81
2018.03.20 19:03:27.546,1.49092,1.49107,3.37,1.19
2018.03.20 19:03:27.753,1.49092,1.49105,1.37,1.19
2018.03.20 19:03:27.959,1.49092,1.49107,1.87,2.81
2018.03.20 19:03:28.062,1.49093,1.49107,1.31,1.00
2018.03.20 19:03:28.379,1.49099,1.4911,1.00,1.00
2018.03.20 19:03:28.889,1.49099,1.49111,1.00,1.25
2018.03.20 19:03:29.435,1.49099,1.49113,1.37,2.81
2018.03.20 19:03:29.968,1.49099,1.49111,1.00,1.25
2018.03.20 19:03:30.483,1.491,1.49112,1.25,2.62
2018.03.20 19:03:30.838,1.49102,1.49114,1.00,2.62
2018.03.20 19:03:31.157,1.49104,1.49116,1.00,3.19
2018.03.20 19:03:31.714,1.49103,1.49116,1.00,2.81
2018.03.20 19:03:32.239,1.49102,1.49115,1.56,1.00
2018.03.20 19:03:32.813,1.49102,1.49116,1.00,1.87
2018.03.20 19:03:33.141,1.49102,1.49111,1.00,1.00
2018.03.20 19:03:33.193,1.49098,1.49111,1.00,2.81
2018.03.20 19:03:33.245,1.491,1.49113,1.00,1.37
2018.03.20 19:03:33.296,1.49099,1.49114,3.00,2.06
2018.03.20 19:03:33.348,1.49102,1.49113,1.00,2.62
2018.03.20 19:03:33.623,1.491,1.49113,1.50,2.62
2018.03.20 19:03:33.728,1.49102,1.49115,1.00,3.19
2018.03.20 19:03:34.251,1.49102,1.49114,1.00,3.19
2018.03.20 19:03:34.913,1.49102,1.49112,1.00,2.62
2018.03.20 19:03:36.116,1.49102,1.49114,1.00,1.37
2018.03.20 19:03:36.169,1.49105,1.49116,1.25,1.37
2018.03.20 19:03:36.222,1.49105,1.49119,1.25,1.37
2018.03.20 19:03:36.377,1.4911,1.49122,1.00,3.00
2018.03.20 19:03:36.429,1.4911,1.49124,1.00,1.31
2018.03.20 19:03:36.585,1.4911,1.49122,1.00,2.81
2018.03.20 19:03:37.475,1.4911,1.49124,1.00,3.94
2018.03.20 19:03:37.578,1.4911,1.4912,1.00,1.00
2018.03.20 19:03:41.118,1.4911,1.49121,1.00,2.62
2018.03.20 19:03:41.222,1.4911,1.49123,1.00,3.56
2018.03.20 19:03:43.382,1.4911,1.49123,1.12,1.00
2018.03.20 19:03:43.977,1.4911,1.49124,1.12,2.81
2018.03.20 19:03:44.588,1.49107,1.49122,1.31,2.62
2018.03.20 19:03:44.639,1.49107,1.49122,1.69,1.00
2018.03.20 19:03:44.692,1.49107,1.49123,1.31,2.06
2018.03.20 19:03:44.999,1.49107,1.49119,1.25,2.62
2018.03.20 19:03:45.356,1.49107,1.49122,1.31,2.81
2018.03.20 19:03:46.114,1.49108,1.49124,1.00,2.44
2018.03.20 19:03:46.617,1.49108,1.49124,3.00,2.81
2018.03.20 19:03:47.066,1.49106,1.4912,1.50,2.62
2018.03.20 19:03:47.170,1.49106,1.49121,1.44,1.25
2018.03.20 19:03:47.913,1.49106,1.49121,1.25,1.19
2018.03.20 19:03:48.737,1.49108,1.49121,1.00,1.19
2018.03.20 19:03:49.455,1.49108,1.49119,1.00,1.75
2018.03.20 19:03:49.768,1.49107,1.49116,1.00,2.62
2018.03.20 19:03:49.987,1.49104,1.49115,1.00,2.25
2018.03.20 19:03:50.650,1.49104,1.49113,1.00,1.00
2018.03.20 19:03:51.095,1.49104,1.49115,1.00,1.00
2018.03.20 19:03:52.068,1.49104,1.49116,1.00,3.56
2018.03.20 19:03:52.587,1.49104,1.49115,1.00,1.00
2018.03.20 19:03:53.128,1.49104,1.49116,1.00,2.81
2018.03.20 19:03:53.232,1.49104,1.49117,1.00,1.69
2018.03.20 19:03:55.376,1.49104,1.49116,1.00,3.56
2018.03.20 19:03:55.927,1.49104,1.49118,1.00,1.31
2018.03.20 19:03:57.221,1.49104,1.49116,1.00,2.81
2018.03.20 19:03:57.534,1.49106,1.49117,1.12,2.62
2018.03.20 19:03:57.764,1.49106,1.49118,1.87,1.00
2018.03.20 19:03:57.868,1.49106,1.49122,2.25,4.69
2018.03.20 19:03:58.369,1.49107,1.49122,1.37,2.81
2018.03.20 19:03:58.749,1.49109,1.49122,1.00,3.56
2018.03.20 19:03:58.802,1.49106,1.4912,1.25,2.62
2018.03.20 19:03:58.906,1.49106,1.49118,1.00,2.81
2018.03.20 19:03:59.010,1.49106,1.4912,1.62,1.00
2018.03.20 19:03:59.529,1.49106,1.49119,1.37,1.00
2018.03.20 19:04:00.045,1.49106,1.49121,1.12,1.31
2018.03.20 19:04:00.148,1.49106,1.49118,1.00,2.62
2018.03.20 19:04:00.867,1.49106,1.49119,1.25,2.62
2018.03.20 19:04:00.919,1.49106,1.49121,1.31,1.19
2018.03.20 19:04:02.684,1.49106,1.49121,1.69,2.81
2018.03.20 19:04:03.209,1.49109,1.49122,1.00,1.12
2018.03.20 19:04:03.749,1.49109,1.49122,1.00,3.00
2018.03.20 19:04:04.007,1.49109,1.49122,1.00,1.00
2018.03.20 19:04:04.244,1.49114,1.49126,1.00,4.12
2018.03.20 19:04:04.704,1.49114,1.49128,1.00,4.12
2018.03.20 19:04:04.755,1.49114,1.49126,1.00,2.81
2018.03.20 19:04:04.807,1.49114,1.49128,1.00,3.37
2018.03.20 19:04:05.340,1.49114,1.49128,1.00,1.12
2018.03.20 19:04:05.544,1.49112,1.49128,1.87,1.12
2018.03.20 19:04:06.144,1.49112,1.49128,1.87,3.00
2018.03.20 19:04:07.076,1.49112,1.49127,2.62,2.81
2018.03.20 19:04:07.681,1.49112,1.49128,2.25,2.62
2018.03.20 19:04:08.216,1.49112,1.49128,1.87,3.00
2018.03.20 19:04:10.349,1.49113,1.49125,1.00,1.12
2018.03.20 19:04:12.486,1.49113,1.49127,1.00,3.75
2018.03.20 19:04:12.758,1.49113,1.49127,1.00,1.12
2018.03.20 19:04:13.013,1.49113,1.49127,1.00,3.00
2018.03.20 19:04:13.552,1.49113,1.49128,1.00,3.75
2018.03.20 19:04:14.104,1.49113,1.49129,1.50,3.00
2018.03.20 19:04:14.808,1.49113,1.49128,1.00,1.12
2018.03.20 19:04:15.510,1.49113,1.49127,1.00,2.81
2018.03.20 19:04:16.028,1.49113,1.49126,1.00,1.00
2018.03.20 19:04:16.751,1.49114,1.49126,1.00,1.00
2018.03.20 19:04:17.275,1.49113,1.49128,2.44,3.19
2018.03.20 19:04:17.851,1.49113,1.49127,1.00,1.12
2018.03.20 19:04:19.214,1.4911,1.49125,1.94,2.44
2018.03.20 19:04:19.266,1.4911,1.49126,1.69,1.94
2018.03.20 19:04:19.828,1.4911,1.49124,2.06,2.00
2018.03.20 19:04:20.239,1.4911,1.49124,4.69,1.31
2018.03.20 19:04:20.772,1.49111,1.49125,1.31,3.37
2018.03.20 19:04:21.347,1.49111,1.49124,1.31,2.62
2018.03.20 19:04:21.862,1.4911,1.49124,2.62,2.62
2018.03.20 19:04:21.914,1.4911,1.49124,3.00,1.00
2018.03.20 19:04:22.069,1.4911,1.49124,2.62,2.62
2018.03.20 19:04:22.403,1.49111,1.49127,4.31,1.87
2018.03.20 19:04:22.508,1.49111,1.49126,2.81,1.12
2018.03.20 19:04:23.024,1.49111,1.49125,2.06,1.25
2018.03.20 19:04:23.077,1.49111,1.49125,1.69,1.19
2018.03.20 19:04:23.682,1.49111,1.49126,1.19,1.12
2018.03.20 19:04:24.216,1.49111,1.49127,1.31,4.50
2018.03.20 19:04:24.540,1.49111,1.49127,3.94,1.44
2018.03.20 19:04:24.592,1.49112,1.49127,1.50,1.69
2018.03.20 19:04:24.748,1.49112,1.49129,3.94,3.75
2018.03.20 19:04:24.903,1.49112,1.49129,3.94,3.75
2018.03.20 19:04:25.500,1.49112,1.49129,1.56,1.87
2018.03.20 19:04:25.901,1.49112,1.49128,3.94,1.12
2018.03.20 19:04:27.718,1.49112,1.49127,1.56,1.69
2018.03.20 19:04:28.230,1.49111,1.49128,2.19,1.12
2018.03.20 19:04:29.197,1.49111,1.49127,1.56,1.12
2018.03.20 19:04:29.744,1.49113,1.49129,1.69,1.12
2018.03.20 19:04:29.847,1.49113,1.49125,2.06,2.25
2018.03.20 19:04:30.105,1.49114,1.49128,1.25,2.62
2018.03.20 19:04:30.941,1.49114,1.49129,2.81,2.62
2018.03.20 19:04:31.450,1.49114,1.49129,1.69,2.81
2018.03.20 19:04:31.991,1.49115,1.49129,1.00,4.69
2018.03.20 19:04:32.649,1.49113,1.49129,1.56,2.00
2018.03.20 19:04:33.662,1.49113,1.49127,1.50,1.19
2018.03.20 19:04:34.955,1.49113,1.49126,1.19,2.81
2018.03.20 19:04:35.111,1.49118,1.49133,1.87,3.56
2018.03.20 19:04:35.163,1.49122,1.49133,1.19,1.25
2018.03.20 19:04:35.268,1.49121,1.49134,1.00,2.62
2018.03.20 19:04:35.372,1.4912,1.49131,1.00,2.62
2018.03.20 19:04:35.886,1.49117,1.4913,2.62,2.25
2018.03.20 19:04:36.421,1.49118,1.49132,1.31,2.62
2018.03.20 19:04:36.577,1.49119,1.49133,1.87,1.31
2018.03.20 19:04:36.631,1.49119,1.4913,1.12,1.00
2018.03.20 19:04:37.147,1.49118,1.49131,1.37,3.75
2018.03.20 19:04:37.617,1.49119,1.49131,1.00,1.12
2018.03.20 19:04:38.136,1.49117,1.49131,1.12,1.87
2018.03.20 19:04:38.651,1.49116,1.49131,1.50,1.50
2018.03.20 19:04:40.218,1.49117,1.49133,1.37,3.38
2018.03.20 19:04:40.425,1.49118,1.49132,1.31,2.81
2018.03.20 19:04:40.969,1.49118,1.49133,2.25,3.19
2018.03.20 19:04:41.480,1.49118,1.49133,2.25,1.31
2018.03.20 19:04:42.549,1.49117,1.49131,1.50,1.37
2018.03.20 19:04:43.575,1.49117,1.49132,1.12,3.37
2018.03.20 19:04:44.127,1.49117,1.49131,1.25,1.25
2018.03.20 19:04:44.659,1.49114,1.49126,1.87,2.25
2018.03.20 19:04:45.272,1.49114,1.49126,2.25,2.25
2018.03.20 19:04:45.685,1.49115,1.4913,1.69,3.19
2018.03.20 19:04:45.737,1.49114,1.49128,2.62,2.62
2018.03.20 19:04:47.011,1.49116,1.49125,1.00,2.62
2018.03.20 19:04:47.064,1.49114,1.49125,1.50,1.37
2018.03.20 19:04:47.116,1.49114,1.49123,1.50,2.62
2018.03.20 19:04:47.169,1.49112,1.49123,1.00,2.62
2018.03.20 19:04:48.041,1.4911,1.49123,1.25,2.62
2018.03.20 19:04:48.604,1.49111,1.49123,1.00,2.62
2018.03.20 19:04:49.134,1.4911,1.49123,1.50,2.62
2018.03.20 19:04:50.103,1.4911,1.49125,1.50,1.56
2018.03.20 19:04:50.550,1.4911,1.49124,1.00,2.62
2018.03.20 19:04:50.654,1.4911,1.49124,1.00,1.00
2018.03.20 19:04:51.167,1.4911,1.49125,1.00,3.19
2018.03.20 19:04:51.688,1.49111,1.49125,1.00,3.19
2018.03.20 19:04:52.237,1.49111,1.49126,1.44,2.81
2018.03.20 19:04:53.103,1.49112,1.49125,1.25,1.00
2018.03.20 19:04:54.151,1.49112,1.49126,1.12,1.25
2018.03.20 19:04:54.492,1.49118,1.49131,1.00,2.44
2018.03.20 19:04:54.904,1.49118,1.49132,1.69,1.00
2018.03.20 19:04:55.008,1.49118,1.4913,1.69,1.00
2018.03.20 19:04:55.239,1.49119,1.49133,1.25,1.00
2018.03.20 19:04:55.344,1.49119,1.49131,1.25,1.00
2018.03.20 19:04:56.003,1.49118,1.49133,1.25,2.81
2018.03.20 19:04:56.589,1.49118,1.49133,1.87,2.81
2018.03.20 19:04:57.103,1.49118,1.49133,1.87,2.81
2018.03.20 19:04:57.206,1.49118,1.49134,1.87,1.25
2018.03.20 19:04:57.308,1.49119,1.49133,1.25,2.62
2018.03.20 19:05:00.576,1.49118,1.49132,1.19,2.62
2018.03.20 19:05:00.629,1.49118,1.49133,1.19,1.00
2018.03.20 19:05:00.838,1.49119,1.49133,1.37,1.00
2018.03.20 19:05:01.180,1.49118,1.49133,1.87,1.00
2018.03.20 19:05:01.440,1.49121,1.49133,1.00,2.62
2018.03.20 19:05:01.953,1.4912,1.49134,1.44,2.62
2018.03.20 19:05:02.586,1.49118,1.49135,1.87,3.94
2018.03.20 19:05:02.742,1.49118,1.49134,1.69,1.12
2018.03.20 19:05:03.478,1.49118,1.49134,1.69,3.75
2018.03.20 19:05:04.486,1.49118,1.49134,1.50,4.12
2018.03.20 19:05:07.068,1.49118,1.49134,1.19,3.37
2018.03.20 19:05:07.879,1.49117,1.49134,1.87,3.00
2018.03.20 19:05:08.424,1.49118,1.49134,1.00,3.37
2018.03.20 19:05:08.934,1.49119,1.49133,1.25,1.00
2018.03.20 19:05:09.517,1.4912,1.49135,1.00,5.44
2018.03.20 19:05:10.667,1.49117,1.49132,1.19,3.94
2018.03.20 19:05:10.722,1.49115,1.49129,2.44,2.62
2018.03.20 19:05:10.826,1.49116,1.49131,1.50,1.12
2018.03.20 19:05:10.879,1.4912,1.49131,1.25,2.62
2018.03.20 19:05:11.966,1.4912,1.49131,1.25,2.00
2018.03.20 19:05:12.130,1.4912,1.49131,1.25,3.19
2018.03.20 19:05:12.284,1.4912,1.49133,1.25,2.62
2018.03.20 19:05:13.414,1.49119,1.49131,1.19,1.69
2018.03.20 19:05:13.931,1.4912,1.4913,1.25,1.00
2018.03.20 19:05:15.963,1.49118,1.49129,1.69,1.00
2018.03.20 19:05:16.534,1.49118,1.49132,1.69,2.62
2018.03.20 19:05:17.093,1.49118,1.49132,1.69,2.62
2018.03.20 19:05:17.298,1.49119,1.49134,1.25,3.37
2018.03.20 19:05:19.639,1.49118,1.49133,1.19,2.00
2018.03.20 19:05:20.185,1.49118,1.49132,1.69,3.37
2018.03.20 19:05:20.701,1.49118,1.49132,1.50,1.50
2018.03.20 19:05:21.630,1.49118,1.49133,1.00,2.44
2018.03.20 19:05:21.682,1.49118,1.49131,1.50,1.00
2018.03.20 19:05:22.191,1.49118,1.49132,1.50,2.62
2018.03.20 19:05:22.637,1.49119,1.49133,1.00,1.12
2018.03.20 19:05:22.688,1.49119,1.49131,1.00,1.00
2018.03.20 19:05:22.908,1.49119,1.49133,1.00,1.31
2018.03.20 19:05:23.080,1.49119,1.49132,1.00,2.62
2018.03.20 19:05:23.960,1.49118,1.49131,1.69,1.00
2018.03.20 19:05:24.490,1.49118,1.49132,1.69,2.62
2018.03.20 19:05:26.564,1.49112,1.49129,3.19,1.69
2018.03.20 19:05:26.617,1.49112,1.49126,1.00,1.62
2018.03.20 19:05:26.947,1.4911,1.49124,1.50,2.44
2018.03.20 19:05:27.308,1.49112,1.49124,1.00,2.62
2018.03.20 19:05:27.824,1.49112,1.49124,1.00,2.62
2018.03.20 19:05:28.622,1.49113,1.49125,1.00,1.69
2018.03.20 19:05:28.933,1.49112,1.49123,1.00,2.62
2018.03.20 19:05:29.790,1.49113,1.49124,1.00,1.00
2018.03.20 19:05:29.842,1.49112,1.49124,1.00,2.62
2018.03.20 19:05:30.359,1.49112,1.49123,1.00,2.62
2018.03.20 19:05:30.516,1.49111,1.49124,1.87,1.00
2018.03.20 19:05:30.725,1.49112,1.49124,1.00,3.56
2018.03.20 19:05:31.771,1.49112,1.49123,1.00,1.00
2018.03.20 19:05:33.093,1.49112,1.49126,1.00,2.81
2018.03.20 19:05:33.700,1.49109,1.49126,3.37,3.75
2018.03.20 19:05:34.542,1.49109,1.49123,1.50,2.62
2018.03.20 19:05:35.073,1.49109,1.49123,1.50,2.62
2018.03.20 19:05:36.977,1.49109,1.49122,1.50,1.00
2018.03.20 19:05:37.536,1.49109,1.49122,1.50,1.00
2018.03.20 19:05:38.118,1.49109,1.49123,1.50,1.00
2018.03.20 19:05:40.026,1.49109,1.49124,3.75,2.62
2018.03.20 19:05:43.733,1.49111,1.49125,1.12,4.69
2018.03.20 19:05:44.212,1.49112,1.49126,1.37,2.25
2018.03.20 19:05:44.949,1.49112,1.49126,1.37,2.25
2018.03.20 19:05:45.716,1.49112,1.49128,1.87,3.37
2018.03.20 19:05:47.696,1.49112,1.49126,1.69,2.00
2018.03.20 19:05:48.244,1.49111,1.49124,2.62,1.00
2018.03.20 19:05:48.778,1.4911,1.49125,1.50,2.62
2018.03.20 19:05:54.655,1.49113,1.49125,1.00,2.62
2018.03.20 19:05:55.265,1.49112,1.49125,1.00,2.62
2018.03.20 19:05:56.306,1.49113,1.49125,1.00,2.62
2018.03.20 19:05:56.625,1.49116,1.49126,1.00,2.62
2018.03.20 19:05:56.678,1.49115,1.4913,2.00,2.81
2018.03.20 19:05:56.814,1.49119,1.49131,1.69,3.56
2018.03.20 19:05:57.179,1.49119,1.49133,1.87,2.25
2018.03.20 19:05:57.385,1.49119,1.49132,1.87,2.62
2018.03.20 19:05:57.988,1.49118,1.49132,3.00,3.56
2018.03.20 19:05:58.040,1.49118,1.4913,3.00,1.00
2018.03.20 19:05:58.093,1.4912,1.49133,1.87,1.00
2018.03.20 19:05:58.145,1.49122,1.49135,1.12,2.62
2018.03.20 19:05:58.249,1.49124,1.49138,1.12,2.81
2018.03.20 19:05:58.822,1.49123,1.49138,1.12,2.81
2018.03.20 19:05:59.119,1.49125,1.49138,1.25,2.25
2018.03.20 19:05:59.646,1.49125,1.49138,1.00,2.62
2018.03.20 19:05:59.905,1.49125,1.4914,1.87,3.56
2018.03.20 19:05:59.986,1.49125,1.4914,2.44,3.56
2018.03.20 19:06:00.039,1.49129,1.49144,2.62,2.62
2018.03.20 19:06:00.091,1.49127,1.49141,1.00,1.00
2018.03.20 19:06:00.143,1.49127,1.49141,1.00,2.62
2018.03.20 19:06:00.456,1.49123,1.49137,1.56,1.00
2018.03.20 19:06:00.778,1.49122,1.49134,1.25,3.19
2018.03.20 19:06:00.883,1.49122,1.49136,1.25,3.19
2018.03.20 19:06:01.058,1.4912,1.49136,1.69,3.56
2018.03.20 19:06:01.603,1.4912,1.49134,2.44,4.50
2018.03.20 19:06:02.144,1.4912,1.49135,1.19,3.75
2018.03.20 19:06:02.691,1.4912,1.49134,1.19,2.62
2018.03.20 19:06:03.692,1.4912,1.49133,1.25,2.62
2018.03.20 19:06:04.231,1.49119,1.49134,2.25,3.75
2018.03.20 19:06:04.749,1.49119,1.49132,1.50,1.00
2018.03.20 19:06:05.334,1.49119,1.49132,1.00,1.00
2018.03.20 19:06:06.495,1.49119,1.49132,1.44,1.00
2018.03.20 19:06:07.108,1.49119,1.49132,1.44,1.00
2018.03.20 19:06:10.171,1.4912,1.49132,1.25,1.00
2018.03.20 19:06:11.708,1.49119,1.49132,1.25,1.00
2018.03.20 19:06:12.370,1.4912,1.49132,1.00,1.00
2018.03.20 19:06:12.888,1.49118,1.49134,1.37,2.81
2018.03.20 19:06:13.391,1.49118,1.49133,1.87,2.62
2018.03.20 19:06:13.909,1.4912,1.49132,1.00,1.00
2018.03.20 19:06:14.260,1.49121,1.49136,1.19,1.31
2018.03.20 19:06:14.568,1.49119,1.49135,1.50,2.62
2018.03.20 19:06:14.982,1.4912,1.49136,1.37,1.50
2018.03.20 19:06:15.551,1.4912,1.49136,2.06,1.50
2018.03.20 19:06:16.052,1.49121,1.49136,1.19,2.62
2018.03.20 19:06:16.205,1.49121,1.49137,1.19,1.25
2018.03.20 19:06:16.257,1.49121,1.49136,1.44,2.62
2018.03.20 19:06:16.776,1.49121,1.49134,1.19,1.00
2018.03.20 19:06:17.231,1.49121,1.49136,1.44,1.31
2018.03.20 19:06:17.386,1.4912,1.49134,1.50,2.62
2018.03.20 19:06:17.437,1.4912,1.49136,1.31,3.19
2018.03.20 19:06:17.488,1.4912,1.49136,1.31,3.19
2018.03.20 19:06:17.876,1.49119,1.49135,1.69,2.81
2018.03.20 19:06:18.180,1.49138,1.49141,1.25,1.87
2018.03.20 19:06:18.233,1.49137,1.49152,1.12,3.00
2018.03.20 19:06:18.287,1.4914,1.49154,1.12,2.81
2018.03.20 19:06:18.340,1.4914,1.49158,1.75,3.19
2018.03.20 19:06:18.450,1.49146,1.49157,1.00,1.50
2018.03.20 19:06:18.761,1.49146,1.49157,1.00,2.62
2018.03.20 19:06:19.072,1.49144,1.49159,1.25,4.12
2018.03.20 19:06:19.384,1.49142,1.49158,1.25,2.81
2018.03.20 19:06:19.544,1.49141,1.49156,1.69,2.81
2018.03.20 19:06:20.092,1.49141,1.49156,1.19,2.44
2018.03.20 19:06:20.359,1.49138,1.49156,3.56,1.56
2018.03.20 19:06:20.676,1.4914,1.49152,1.12,2.62
2018.03.20 19:06:20.731,1.49139,1.49154,1.19,3.00
2018.03.20 19:06:20.785,1.49144,1.49156,1.19,3.00
2018.03.20 19:06:20.843,1.49146,1.4916,1.69,2.62
2018.03.20 19:06:20.898,1.49146,1.49156,1.69,1.00
2018.03.20 19:06:21.212,1.49156,1.4917,1.50,3.56
2018.03.20 19:06:21.265,1.49156,1.4917,1.25,2.62
2018.03.20 19:06:21.430,1.49154,1.49169,1.69,3.37
2018.03.20 19:06:21.532,1.49154,1.49167,1.25,2.62
2018.03.20 19:06:21.736,1.49153,1.49168,1.69,2.81
2018.03.20 19:06:22.320,1.49153,1.49168,1.69,2.81
2018.03.20 19:06:22.372,1.49155,1.49169,1.00,2.81
2018.03.20 19:06:22.583,1.49152,1.49167,1.25,2.81
2018.03.20 19:06:22.841,1.49152,1.49165,1.25,2.62
2018.03.20 19:06:22.996,1.49152,1.49165,1.69,1.00
2018.03.20 19:06:23.379,1.49154,1.49165,1.00,1.00
2018.03.20 19:06:24.050,1.49152,1.49168,1.87,2.62
2018.03.20 19:06:24.102,1.49156,1.49167,1.25,1.00
2018.03.20 19:06:24.155,1.49154,1.49167,1.12,1.00
2018.03.20 19:06:24.707,1.49154,1.49166,1.00,1.00
2018.03.20 19:06:25.094,1.49154,1.49163,1.00,1.00
2018.03.20 19:06:25.150,1.49147,1.49162,1.31,1.00
2018.03.20 19:06:25.203,1.49147,1.49164,1.31,2.06
2018.03.20 19:06:25.557,1.49146,1.49158,1.31,1.00
2018.03.20 19:06:26.075,1.49146,1.49161,1.25,2.00
2018.03.20 19:06:26.605,1.49145,1.49157,1.50,1.00
2018.03.20 19:06:27.129,1.49145,1.49158,1.00,3.56
2018.03.20 19:06:28.108,1.49146,1.49158,1.00,2.81
2018.03.20 19:06:28.495,1.49143,1.49157,1.00,2.62
2018.03.20 19:06:28.937,1.49145,1.49155,1.00,1.00
2018.03.20 19:06:29.196,1.49146,1.49158,1.00,1.00
2018.03.20 19:06:29.720,1.49146,1.49162,1.00,5.25
2018.03.20 19:06:31.155,1.49145,1.49159,1.00,2.62
2018.03.20 19:06:31.452,1.49147,1.49159,1.00,2.62
2018.03.20 19:06:31.989,1.49147,1.4916,1.00,2.81
2018.03.20 19:06:32.660,1.49146,1.4916,1.00,2.81
2018.03.20 19:06:34.585,1.49145,1.49158,1.25,2.62
2018.03.20 19:06:35.432,1.49146,1.49158,1.00,2.62
2018.03.20 19:06:35.485,1.49145,1.49161,1.25,3.37
2018.03.20 19:06:35.849,1.49148,1.49163,2.81,1.69
2018.03.20 19:06:36.012,1.49152,1.49165,1.00,1.00
2018.03.20 19:06:36.575,1.4915,1.49165,2.06,2.25
2018.03.20 19:06:36.627,1.4915,1.49165,1.25,1.75
2018.03.20 19:06:36.780,1.4915,1.49165,2.00,2.25
2018.03.20 19:06:37.047,1.49149,1.49165,1.12,3.37
2018.03.20 19:06:37.202,1.49151,1.49164,1.37,1.50
2018.03.20 19:06:37.735,1.4915,1.49161,1.19,1.00
2018.03.20 19:06:38.177,1.49151,1.49164,1.00,1.25
2018.03.20 19:06:38.230,1.4915,1.49163,1.12,2.62
2018.03.20 19:06:39.004,1.49149,1.49163,1.12,2.81
2018.03.20 19:06:39.450,1.49149,1.49161,1.00,2.62
2018.03.20 19:06:39.760,1.49146,1.49161,2.06,2.62
2018.03.20 19:06:40.300,1.49146,1.49162,1.00,1.87
2018.03.20 19:06:40.541,1.49143,1.49155,1.31,1.00
2018.03.20 19:06:40.643,1.49141,1.49155,1.25,1.00
2018.03.20 19:06:40.847,1.4914,1.49153,1.31,2.62
2018.03.20 19:06:41.428,1.49139,1.49152,1.31,2.62
2018.03.20 19:06:42.079,1.49139,1.49152,1.31,2.62
2018.03.20 19:06:42.235,1.49138,1.4915,1.50,2.62
2018.03.20 19:06:42.581,1.49137,1.49148,1.00,2.62
2018.03.20 19:06:42.886,1.49137,1.49148,1.00,1.00
2018.03.20 19:06:42.937,1.49137,1.49148,1.00,2.62
2018.03.20 19:06:43.040,1.49132,1.49146,1.56,2.62
2018.03.20 19:06:43.994,1.49135,1.49146,1.00,1.00
2018.03.20 19:06:44.306,1.49136,1.49148,1.69,1.00
2018.03.20 19:06:44.660,1.49136,1.49151,4.50,3.37
2018.03.20 19:06:45.043,1.49141,1.49153,1.00,2.62
2018.03.20 19:06:45.551,1.49141,1.49154,1.00,3.56
2018.03.20 19:06:46.084,1.49141,1.49151,1.00,2.62
2018.03.20 19:06:46.205,1.49141,1.49151,1.00,1.00
2018.03.20 19:06:46.737,1.49141,1.49152,1.00,2.62
2018.03.20 19:06:47.279,1.49141,1.49151,1.00,1.00
2018.03.20 19:06:47.589,1.49141,1.49151,1.00,2.62
2018.03.20 19:06:48.022,1.49138,1.49152,1.00,2.81
2018.03.20 19:06:48.227,1.49137,1.49151,1.25,1.75
2018.03.20 19:06:48.536,1.49138,1.4915,1.25,1.00
2018.03.20 19:06:49.141,1.49138,1.4915,1.25,2.62
2018.03.20 19:06:49.503,1.49141,1.49154,1.00,3.37
2018.03.20 19:06:49.555,1.49142,1.49154,1.00,1.12
2018.03.20 19:06:49.607,1.49144,1.49158,1.37,3.56
2018.03.20 19:06:50.135,1.49144,1.49157,1.12,2.62
2018.03.20 19:06:50.482,1.49142,1.49153,1.19,1.00
2018.03.20 19:06:50.587,1.49143,1.49156,1.69,1.00
2018.03.20 19:06:50.640,1.49145,1.49158,1.37,2.25
2018.03.20 19:06:51.109,1.49144,1.49161,3.94,2.81
2018.03.20 19:06:51.828,1.49144,1.49162,1.69,2.19
2018.03.20 19:06:52.346,1.49144,1.49161,2.06,1.31
2018.03.20 19:06:52.884,1.49145,1.49161,3.19,3.00
2018.03.20 19:06:53.404,1.49144,1.49158,7.31,1.00
2018.03.20 19:06:53.919,1.49146,1.49159,1.19,1.00
2018.03.20 19:06:54.242,1.49145,1.49158,1.19,2.62
2018.03.20 19:06:54.345,1.49145,1.49158,1.19,1.00
2018.03.20 19:06:54.994,1.49145,1.49158,1.19,1.00
2018.03.20 19:06:55.537,1.49146,1.4916,2.44,2.81
2018.03.20 19:06:56.260,1.49144,1.4916,4.31,3.37
2018.03.20 19:06:57.149,1.49145,1.49161,1.31,5.25
2018.03.20 19:06:57.658,1.49145,1.4916,1.69,2.62
2018.03.20 19:06:58.180,1.49144,1.49161,2.44,3.56
2018.03.20 19:06:58.691,1.49144,1.4916,4.31,2.81
2018.03.20 19:06:58.941,1.49148,1.49159,1.00,3.37
2018.03.20 19:06:59.150,1.49148,1.49161,1.69,3.00
2018.03.20 19:06:59.686,1.49148,1.49159,1.00,1.00
2018.03.20 19:07:00.228,1.49148,1.49162,4.31,2.62
2018.03.20 19:07:00.535,1.49146,1.49157,1.00,2.62
2018.03.20 19:07:00.587,1.49143,1.49155,1.00,1.00
2018.03.20 19:07:00.640,1.49143,1.49157,1.00,4.50
2018.03.20 19:07:01.170,1.49143,1.49153,1.00,1.00
2018.03.20 19:07:01.677,1.49143,1.49154,1.12,2.25
2018.03.20 19:07:02.205,1.49143,1.49154,1.00,2.25
2018.03.20 19:07:03.729,1.49143,1.49154,1.00,2.62
2018.03.20 19:07:04.247,1.49143,1.49155,1.00,2.81
2018.03.20 19:07:05.223,1.49143,1.49156,1.00,3.56
2018.03.20 19:07:05.528,1.49143,1.49154,1.50,1.00
2018.03.20 19:07:06.383,1.49143,1.49154,1.00,2.62
2018.03.20 19:07:06.994,1.49143,1.49155,1.00,3.00
2018.03.20 19:07:08.194,1.49143,1.49157,3.37,3.00
2018.03.20 19:07:08.780,1.49143,1.49155,1.00,2.81
2018.03.20 19:07:09.323,1.49143,1.49154,1.00,2.62
2018.03.20 19:07:10.155,1.49143,1.49153,1.00,1.00
2018.03.20 19:07:10.478,1.49143,1.49154,1.00,2.00
2018.03.20 19:07:10.531,1.4914,1.49153,2.06,2.62
2018.03.20 19:07:11.066,1.4914,1.49153,1.31,2.62
2018.03.20 19:07:11.577,1.4914,1.49152,1.69,1.00
2018.03.20 19:07:12.162,1.4914,1.4915,1.00,2.62
2018.03.20 19:07:12.546,1.49137,1.49147,1.00,1.00
2018.03.20 19:07:12.598,1.49134,1.49148,1.69,2.62
2018.03.20 19:07:12.651,1.49135,1.49147,2.06,2.25
2018.03.20 19:07:12.704,1.49135,1.49148,1.25,3.37
2018.03.20 19:07:13.224,1.49136,1.49148,1.25,2.25
2018.03.20 19:07:13.654,1.49136,1.49151,4.31,2.81
2018.03.20 19:07:13.913,1.49136,1.49151,2.06,3.56
2018.03.20 19:07:13.965,1.49138,1.49151,1.00,1.25
2018.03.20 19:07:14.393,1.49136,1.49149,2.44,1.00
2018.03.20 19:07:14.750,1.49137,1.49148,1.00,2.81
2018.03.20 19:07:15.548,1.49137,1.49149,1.12,1.12
2018.03.20 19:07:16.076,1.49135,1.49149,3.37,1.50
2018.03.20 19:07:16.438,1.49135,1.49148,1.00,3.56
2018.03.20 19:07:17.449,1.49135,1.49148,1.00,3.00
2018.03.20 19:07:17.744,1.49131,1.49147,2.44,2.81
2018.03.20 19:07:17.995,1.49132,1.49145,1.50,1.25
2018.03.20 19:07:18.200,1.49132,1.49145,1.00,2.81
2018.03.20 19:07:18.938,1.49132,1.49145,1.50,1.25
2018.03.20 19:07:19.146,1.49133,1.49147,2.25,2.81
2018.03.20 19:07:19.627,1.49132,1.49145,1.50,1.00
2018.03.20 19:07:19.885,1.49132,1.49145,1.12,2.81
2018.03.20 19:07:20.441,1.49132,1.49144,1.00,2.62
2018.03.20 19:07:20.911,1.4913,1.49143,1.12,2.81
2018.03.20 19:07:21.898,1.4913,1.49144,2.25,2.81
2018.03.20 19:07:23.090,1.4913,1.49144,2.25,2.81
2018.03.20 19:07:23.817,1.49129,1.49143,1.00,2.62
2018.03.20 19:07:24.345,1.49129,1.49144,1.69,2.81
2018.03.20 19:07:24.450,1.4913,1.49145,2.44,3.00
2018.03.20 19:07:25.034,1.49133,1.49144,1.00,1.25
2018.03.20 19:07:25.086,1.4913,1.49144,1.25,1.25
2018.03.20 19:07:25.596,1.4913,1.49144,1.69,1.00
2018.03.20 19:07:26.105,1.49132,1.49145,1.00,3.00
2018.03.20 19:07:26.367,1.49132,1.49143,1.00,2.62
2018.03.20 19:07:26.419,1.49132,1.49143,1.00,1.00
2018.03.20 19:07:27.294,1.4913,1.49143,1.25,1.00
2018.03.20 19:07:27.347,1.49129,1.49142,1.31,2.62
2018.03.20 19:07:30.270,1.49129,1.49142,1.19,1.00
2018.03.20 19:07:30.810,1.49128,1.49145,3.56,4.12
2018.03.20 19:07:30.964,1.4913,1.49143,1.25,1.00
2018.03.20 19:07:31.554,1.49131,1.49143,1.00,1.00
2018.03.20 19:07:32.032,1.49131,1.49143,1.00,2.62
2018.03.20 19:07:32.569,1.49131,1.49144,1.12,3.56
2018.03.20 19:07:32.901,1.49131,1.49142,1.00,2.62
2018.03.20 19:07:33.259,1.49128,1.49145,4.31,3.37
2018.03.20 19:07:33.464,1.49131,1.49143,1.00,2.62
2018.03.20 19:07:33.774,1.49131,1.49141,1.00,3.37
2018.03.20 19:07:34.089,1.49131,1.49141,1.00,3.37
2018.03.20 19:07:34.474,1.49131,1.49141,1.00,1.37
2018.03.20 19:07:34.985,1.49131,1.4914,1.00,2.81
2018.03.20 19:07:35.511,1.49131,1.4914,1.00,2.62
2018.03.20 19:07:35.665,1.49131,1.49141,1.00,1.00
2018.03.20 19:07:35.767,1.49131,1.49145,1.87,2.25
2018.03.20 19:07:35.869,1.49131,1.49145,1.50,1.50
2018.03.20 19:07:36.307,1.49131,1.49146,3.37,3.19
2018.03.20 19:07:36.358,1.49131,1.49145,1.50,1.19
2018.03.20 19:07:36.482,1.49131,1.49146,1.87,1.31
2018.03.20 19:07:37.898,1.49131,1.49144,1.00,1.37
2018.03.20 19:07:38.440,1.49129,1.49142,1.19,1.00
2018.03.20 19:07:38.995,1.49131,1.49142,1.00,1.00
2018.03.20 19:07:40.732,1.49131,1.49144,1.50,2.81
2018.03.20 19:07:41.364,1.49131,1.49144,1.00,2.81
2018.03.20 19:07:42.200,1.49131,1.49145,1.00,3.00
2018.03.20 19:07:42.723,1.49131,1.49144,1.12,2.62
2018.03.20 19:07:43.369,1.49131,1.49143,1.00,2.62
2018.03.20 19:07:44.148,1.49134,1.49147,2.62,1.50
2018.03.20 19:07:44.201,1.49132,1.49148,2.81,1.87
2018.03.20 19:07:44.736,1.49133,1.49147,4.12,1.12
2018.03.20 19:07:49.504,1.49133,1.49148,3.00,3.37
2018.03.20 19:07:50.451,1.49133,1.49147,1.50,1.19
2018.03.20 19:07:50.956,1.49133,1.49146,1.37,2.44
2018.03.20 19:07:51.525,1.49133,1.49147,1.75,1.62
2018.03.20 19:07:52.034,1.49133,1.49147,1.69,1.75
2018.03.20 19:07:52.546,1.49133,1.49148,3.37,3.00
2018.03.20 19:07:52.960,1.49136,1.4915,2.62,1.12
2018.03.20 19:07:53.012,1.49138,1.49151,1.12,1.56
2018.03.20 19:07:53.529,1.49139,1.4915,1.00,2.81
2018.03.20 19:07:54.561,1.49139,1.4915,1.00,2.81
2018.03.20 19:07:56.078,1.49139,1.4915,1.00,2.81
2018.03.20 19:07:56.132,1.49137,1.4915,1.25,2.81
2018.03.20 19:07:56.965,1.49137,1.49149,1.62,1.19
2018.03.20 19:07:57.326,1.49137,1.49151,1.31,1.69
2018.03.20 19:07:57.430,1.49139,1.49151,1.00,1.69
2018.03.20 19:07:59.197,1.49137,1.49152,3.56,3.75
2018.03.20 19:08:00.062,1.49137,1.49152,2.00,1.50
2018.03.20 19:08:00.577,1.49137,1.49152,2.44,1.50
2018.03.20 19:08:01.841,1.49138,1.49153,3.00,3.56
2018.03.20 19:08:01.947,1.49145,1.49159,2.62,1.69
2018.03.20 19:08:02.000,1.49147,1.49161,1.12,3.00
2018.03.20 19:08:02.104,1.49146,1.49162,1.94,1.37
2018.03.20 19:08:02.513,1.49146,1.49162,1.69,4.12
2018.03.20 19:08:02.588,1.49147,1.49163,4.87,1.75
2018.03.20 19:08:02.742,1.49147,1.4916,1.25,1.25
2018.03.20 19:08:02.844,1.49146,1.4916,1.94,2.44
2018.03.20 19:08:03.506,1.49146,1.49161,4.31,3.00
2018.03.20 19:08:05.958,1.49149,1.49162,2.62,1.87
2018.03.20 19:08:06.267,1.49147,1.49162,3.56,1.37
2018.03.20 19:08:07.341,1.49148,1.49161,1.50,3.00
2018.03.20 19:08:08.053,1.49145,1.49159,2.81,3.56
2018.03.20 19:08:08.260,1.49145,1.49159,1.31,1.12
2018.03.20 19:08:09.499,1.49144,1.49159,2.81,2.81
2018.03.20 19:08:09.861,1.49143,1.4916,4.31,1.12
2018.03.20 19:08:10.017,1.49144,1.4916,2.44,1.12
2018.03.20 19:08:10.553,1.49145,1.49159,2.25,1.75
2018.03.20 19:08:10.896,1.49139,1.49154,3.37,1.37
2018.03.20 19:08:10.998,1.49139,1.49154,1.12,3.37
2018.03.20 19:08:11.547,1.49139,1.49151,1.00,1.25
2018.03.20 19:08:11.598,1.49139,1.4915,1.00,2.25
2018.03.20 19:08:12.082,1.49139,1.49152,1.50,1.12
2018.03.20 19:08:12.134,1.49139,1.49151,1.00,2.81
2018.03.20 19:08:12.649,1.49139,1.49152,1.12,3.00
2018.03.20 19:08:13.191,1.4914,1.49153,1.00,2.25
2018.03.20 19:08:13.395,1.4914,1.49153,1.00,1.00
2018.03.20 19:08:14.411,1.4914,1.49153,1.00,1.19
2018.03.20 19:08:16.109,1.49139,1.49154,2.25,1.50
2018.03.20 19:08:16.497,1.49139,1.49152,3.37,1.25
2018.03.20 19:08:16.549,1.49139,1.49152,1.00,1.25
2018.03.20 19:08:17.264,1.49138,1.49152,2.44,2.81
2018.03.20 19:08:17.317,1.49141,1.49154,1.00,3.19
2018.03.20 19:08:17.369,1.49143,1.49156,1.00,2.81
2018.03.20 19:08:17.927,1.49142,1.49157,3.56,3.56
2018.03.20 19:08:18.342,1.49145,1.49158,1.87,1.12
2018.03.20 19:08:18.857,1.49145,1.49158,1.25,1.12
2018.03.20 19:08:19.091,1.49145,1.49158,1.69,1.37
2018.03.20 19:08:19.144,1.49145,1.49156,1.25,2.62
2018.03.20 19:08:19.561,1.49145,1.49156,1.00,1.00
2018.03.20 19:08:20.096,1.49145,1.49155,1.00,2.62
2018.03.20 19:08:20.202,1.49145,1.49158,1.12,3.75
2018.03.20 19:08:20.825,1.49145,1.49159,1.37,3.56
2018.03.20 19:08:20.878,1.49145,1.49157,1.00,1.19
2018.03.20 19:08:20.931,1.49145,1.49158,1.00,2.25
2018.03.20 19:08:22.938,1.49145,1.49157,1.00,2.81
2018.03.20 19:08:23.316,1.49145,1.49157,1.00,1.25
2018.03.20 19:08:23.681,1.49145,1.49159,1.00,5.25
2018.03.20 19:08:24.299,1.49145,1.49156,1.00,2.62
2018.03.20 19:08:24.351,1.49145,1.49158,1.00,1.19
2018.03.20 19:08:27.307,1.49145,1.49158,1.00,2.81
2018.03.20 19:08:30.186,1.49145,1.49158,1.50,1.12
2018.03.20 19:08:30.692,1.49145,1.49154,1.00,1.00
2018.03.20 19:08:31.234,1.49145,1.49153,1.00,2.81
2018.03.20 19:08:32.196,1.49142,1.49152,1.00,2.62
2018.03.20 19:08:32.803,1.49141,1.49151,1.00,1.00
2018.03.20 19:08:33.012,1.49141,1.49151,1.00,2.62
2018.03.20 19:08:33.064,1.49141,1.49153,1.00,3.37
2018.03.20 19:08:33.117,1.4914,1.4915,1.00,2.62
2018.03.20 19:08:33.170,1.4914,1.49152,1.00,3.56
2018.03.20 19:08:33.702,1.4914,1.49151,1.00,2.62
2018.03.20 19:08:34.319,1.4914,1.49153,1.00,2.81
2018.03.20 19:08:35.667,1.49143,1.49153,1.00,2.62
2018.03.20 19:08:35.822,1.49143,1.49155,1.00,3.19
2018.03.20 19:08:36.505,1.49143,1.49155,1.00,1.31
2018.03.20 19:08:45.026,1.49143,1.49156,1.00,3.00
2018.03.20 19:08:45.539,1.49143,1.49156,1.00,3.00
2018.03.20 19:08:46.081,1.49143,1.49155,1.00,1.25
2018.03.20 19:08:47.262,1.49143,1.49155,1.00,2.81
2018.03.20 19:08:47.812,1.49143,1.49156,1.00,3.75
2018.03.20 19:08:48.320,1.49143,1.49155,1.00,3.19
2018.03.20 19:08:48.706,1.49141,1.49155,1.31,3.37
2018.03.20 19:08:51.772,1.49143,1.49156,1.25,2.62
2018.03.20 19:08:52.239,1.49143,1.49154,1.00,2.62
2018.03.20 19:08:53.072,1.49143,1.49155,1.00,2.62
2018.03.20 19:08:54.467,1.49143,1.49153,1.00,1.19
2018.03.20 19:08:55.948,1.49143,1.49154,1.00,1.37
2018.03.20 19:08:57.125,1.49143,1.49154,1.00,3.00
2018.03.20 19:08:57.650,1.49143,1.49153,1.00,3.00
2018.03.20 19:08:57.814,1.4914,1.49151,1.00,2.81
2018.03.20 19:08:57.971,1.4914,1.49149,1.00,2.62
2018.03.20 19:08:58.283,1.49137,1.49148,1.00,2.62
2018.03.20 19:09:00.198,1.49137,1.49149,1.00,2.81
2018.03.20 19:09:00.659,1.49135,1.49149,1.00,2.44
2018.03.20 19:09:01.181,1.49135,1.49148,1.00,2.00
2018.03.20 19:09:01.731,1.49135,1.49145,1.00,1.00
2018.03.20 19:09:03.273,1.49135,1.49144,1.00,1.25
2018.03.20 19:09:03.649,1.49135,1.49144,1.00,2.62
2018.03.20 19:09:04.799,1.49135,1.49145,1.00,4.50
2018.03.20 19:09:05.294,1.49133,1.49145,1.00,2.62
2018.03.20 19:09:06.229,1.4913,1.49143,1.69,2.62
2018.03.20 19:09:06.776,1.49131,1.49146,1.31,3.00
2018.03.20 19:09:07.277,1.49131,1.49146,1.31,1.12
2018.03.20 19:09:07.587,1.49131,1.49145,1.69,1.25
2018.03.20 19:09:07.691,1.49131,1.49145,1.69,1.19
2018.03.20 19:09:07.950,1.49131,1.49145,3.19,1.25
2018.03.20 19:09:08.556,1.49131,1.49145,2.44,1.25
2018.03.20 19:09:09.069,1.49131,1.49145,1.69,1.19
2018.03.20 19:09:09.142,1.49131,1.49145,1.69,1.25
2018.03.20 19:09:09.648,1.49131,1.49145,1.69,1.19
2018.03.20 19:09:10.161,1.49131,1.49145,1.69,1.25
2018.03.20 19:09:12.447,1.49133,1.49146,1.62,2.81
2018.03.20 19:09:12.944,1.49134,1.49148,1.31,1.37
2018.03.20 19:09:13.199,1.49134,1.49149,3.56,1.00
2018.03.20 19:09:13.250,1.49136,1.49151,1.50,1.19
2018.03.20 19:09:13.558,1.49139,1.49154,2.25,3.19
2018.03.20 19:09:14.239,1.49139,1.49154,1.69,3.19
2018.03.20 19:09:14.443,1.49139,1.49154,1.56,1.56
2018.03.20 19:09:14.647,1.4914,1.49155,2.81,1.56
2018.03.20 19:09:14.699,1.49139,1.49154,1.69,1.25
2018.03.20 19:09:15.294,1.49139,1.49155,1.31,3.94
2018.03.20 19:09:15.730,1.4914,1.49155,1.31,2.81
2018.03.20 19:09:16.853,1.49142,1.49158,3.37,5.25
2018.03.20 19:09:17.008,1.49141,1.49155,1.25,1.19
2018.03.20 19:09:17.927,1.49143,1.49158,1.56,3.00
2018.03.20 19:09:18.285,1.49145,1.4916,1.50,3.75
2018.03.20 19:09:18.801,1.49145,1.49157,1.00,1.25
2018.03.20 19:09:19.591,1.49145,1.4916,1.19,3.00
2018.03.20 19:09:20.361,1.49145,1.49156,1.19,1.00
2018.03.20 19:09:20.990,1.49145,1.49157,1.69,1.25
2018.03.20 19:09:21.304,1.49145,1.49159,3.56,2.81
2018.03.20 19:09:21.810,1.49145,1.49158,1.62,2.81
2018.03.20 19:09:28.592,1.49143,1.49159,2.06,2.81
2018.03.20 19:09:29.758,1.49145,1.49159,2.81,2.81
2018.03.20 19:09:30.084,1.49143,1.49157,3.94,2.62
2018.03.20 19:09:30.978,1.49145,1.49159,2.25,3.00
2018.03.20 19:09:31.187,1.49143,1.49157,3.56,2.62
2018.03.20 19:09:31.726,1.49143,1.49157,2.06,2.62
2018.03.20 19:09:32.295,1.49143,1.49157,1.31,2.62
2018.03.20 19:09:33.794,1.49143,1.49157,1.31,2.62
2018.03.20 19:09:34.792,1.49144,1.49159,2.62,3.75
2018.03.20 19:09:34.895,1.49143,1.49158,2.06,3.56
2018.03.20 19:09:36.342,1.49142,1.49157,4.31,2.62
2018.03.20 19:09:36.394,1.49145,1.49158,1.00,1.25
2018.03.20 19:09:36.446,1.49143,1.49157,4.31,2.62
2018.03.20 19:09:36.840,1.49144,1.49157,1.50,1.00
2018.03.20 19:09:36.892,1.49144,1.49157,1.12,2.62
2018.03.20 19:09:37.203,1.49142,1.49153,1.00,2.62
2018.03.20 19:09:37.729,1.49143,1.49153,1.00,2.62
2018.03.20 19:09:38.012,1.49143,1.49153,1.00,1.00
2018.03.20 19:09:38.143,1.49139,1.49153,1.31,2.62
2018.03.20 19:09:38.686,1.49139,1.49153,1.69,2.62
2018.03.20 19:09:38.997,1.4914,1.4915,1.00,2.62
2018.03.20 19:09:39.607,1.4914,1.49152,1.00,2.62
2018.03.20 19:09:42.354,1.4914,1.49154,1.00,3.94
2018.03.20 19:09:42.932,1.4914,1.49153,1.12,2.62
2018.03.20 19:09:44.943,1.49141,1.49153,1.00,1.00
2018.03.20 19:09:44.995,1.49141,1.49155,3.37,2.62
2018.03.20 19:09:45.152,1.49144,1.49159,1.31,3.00
2018.03.20 19:09:45.698,1.49143,1.49159,2.06,1.75
2018.03.20 19:09:46.380,1.49143,1.49158,4.12,2.62
2018.03.20 19:09:46.432,1.49145,1.49158,1.19,1.00
2018.03.20 19:09:46.944,1.49144,1.49158,1.19,3.37
2018.03.20 19:09:47.736,1.49144,1.49158,1.19,3.37
2018.03.20 19:09:48.263,1.49144,1.49157,1.19,2.62
2018.03.20 19:09:49.506,1.49142,1.49157,2.25,2.62
2018.03.20 19:09:54.748,1.49144,1.49158,1.00,2.62
2018.03.20 19:09:55.308,1.49141,1.49155,2.62,1.00
2018.03.20 19:09:55.814,1.49141,1.49156,2.44,1.00
2018.03.20 19:09:56.322,1.49142,1.49155,1.12,2.25
2018.03.20 19:09:56.654,1.49142,1.49155,1.00,2.62
2018.03.20 19:09:58.805,1.49142,1.49156,1.25,1.50
2018.03.20 19:10:01.073,1.49142,1.49155,1.00,2.62
2018.03.20 19:10:01.580,1.49141,1.49154,1.25,1.00
2018.03.20 19:10:02.573,1.49149,1.49159,1.37,1.12
2018.03.20 19:10:02.678,1.49155,1.49169,1.00,2.25
2018.03.20 19:10:02.730,1.49155,1.49169,2.81,1.12
2018.03.20 19:10:03.041,1.49155,1.4917,1.31,1.75
2018.03.20 19:10:03.588,1.49154,1.4917,2.06,1.75
2018.03.20 19:10:03.903,1.49155,1.49171,2.81,3.37
2018.03.20 19:10:04.516,1.49157,1.49171,1.25,1.50
2018.03.20 19:10:04.965,1.49159,1.49172,2.25,1.87
2018.03.20 19:10:05.017,1.49159,1.49175,3.94,3.00
2018.03.20 19:10:05.224,1.49161,1.49175,1.00,1.12
2018.03.20 19:10:05.484,1.49158,1.49175,5.62,3.00
2018.03.20 19:10:06.002,1.49159,1.49174,3.56,2.62
2018.03.20 19:10:06.596,1.49161,1.49175,2.81,3.37
2018.03.20 19:10:06.701,1.4916,1.49177,2.81,3.19
2018.03.20 19:10:06.754,1.49162,1.49177,2.62,3.19
2018.03.20 19:10:07.083,1.4916,1.49175,2.81,2.62
2018.03.20 19:10:07.695,1.49162,1.49175,1.00,1.00
2018.03.20 19:10:10.861,1.4916,1.49175,2.81,2.62
2018.03.20 19:10:11.933,1.49163,1.49176,1.00,1.00
2018.03.20 19:10:11.986,1.4916,1.49175,1.12,3.56
2018.03.20 19:10:12.089,1.49163,1.49176,1.00,1.00
2018.03.20 19:10:12.142,1.49161,1.49176,1.00,2.81
2018.03.20 19:10:12.451,1.49161,1.49177,1.50,2.62
2018.03.20 19:10:13.180,1.49162,1.49177,1.00,3.37
2018.03.20 19:10:13.782,1.49161,1.49177,1.69,2.62
2018.03.20 19:10:15.205,1.49162,1.49176,1.50,2.81
2018.03.20 19:10:15.718,1.49162,1.49175,1.12,2.62
2018.03.20 19:10:17.736,1.49162,1.49175,1.50,2.62
2018.03.20 19:10:17.788,1.49159,1.49176,5.44,2.81
2018.03.20 19:10:17.892,1.49162,1.49176,2.62,2.81
2018.03.20 19:10:18.047,1.49159,1.49174,4.69,2.62
2018.03.20 19:10:18.151,1.49161,1.49175,2.81,2.62
2018.03.20 19:10:18.204,1.49159,1.49174,3.56,2.62
2018.03.20 19:10:18.719,1.49159,1.49173,1.31,2.62
2018.03.20 19:10:18.879,1.4916,1.49174,2.62,2.62
2018.03.20 19:10:19.476,1.49159,1.49173,2.06,1.00
2018.03.20 19:10:20.056,1.49159,1.49175,4.69,1.50
2018.03.20 19:10:20.264,1.49163,1.49176,1.19,1.00
2018.03.20 19:10:20.664,1.49161,1.49176,3.56,3.56
2018.03.20 19:10:20.717,1.49163,1.49176,1.00,1.25
2018.03.20 19:10:21.667,1.49163,1.49177,1.00,1.12
2018.03.20 19:10:21.770,1.4916,1.49176,3.19,1.31
2018.03.20 19:10:22.237,1.49162,1.49175,2.62,1.19
2018.03.20 19:10:23.403,1.49161,1.49174,1.50,1.00
2018.03.20 19:10:23.765,1.49162,1.49177,1.00,2.81
2018.03.20 19:10:24.280,1.49161,1.49177,1.12,2.06
2018.03.20 19:10:24.622,1.49161,1.49177,3.37,1.69
2018.03.20 19:10:26.442,1.49162,1.49176,1.12,1.31
2018.03.20 19:10:28.477,1.49162,1.49175,1.00,1.37
2018.03.20 19:10:29.021,1.4916,1.49176,2.62,2.44
2018.03.20 19:10:29.978,1.49159,1.49175,1.69,1.50
2018.03.20 19:10:31.446,1.4916,1.49174,1.12,3.75
2018.03.20 19:10:32.018,1.49159,1.49174,1.69,1.50
2018.03.20 19:10:32.565,1.4916,1.49174,1.00,1.12
2018.03.20 19:10:32.933,1.4916,1.49174,1.50,2.62
2018.03.20 19:10:33.192,1.4916,1.49174,1.19,1.00
2018.03.20 19:10:34.263,1.49159,1.49174,2.06,2.62
2018.03.20 19:10:34.801,1.49159,1.49174,1.69,1.50
2018.03.20 19:10:35.164,1.49157,1.49172,1.12,2.81
2018.03.20 19:10:35.735,1.49154,1.4917,1.44,2.62
2018.03.20 19:10:36.045,1.49152,1.49167,1.69,2.81
2018.03.20 19:10:36.200,1.49153,1.49167,1.69,1.69
2018.03.20 19:10:36.407,1.49152,1.49168,1.56,3.19
2018.03.20 19:10:36.744,1.49152,1.49165,1.19,3.37
2018.03.20 19:10:37.339,1.49152,1.49166,1.69,1.12
2018.03.20 19:10:37.392,1.49153,1.49164,1.19,2.62
2018.03.20 19:10:37.444,1.49151,1.49164,1.19,2.62
2018.03.20 19:10:37.776,1.4915,1.49165,2.06,1.69
2018.03.20 19:10:37.929,1.4915,1.49164,1.31,1.75
2018.03.20 19:10:38.405,1.49151,1.49164,1.56,1.12
2018.03.20 19:10:38.561,1.49154,1.49167,2.06,1.37
2018.03.20 19:10:38.872,1.49158,1.49172,1.00,1.31
2018.03.20 19:10:39.674,1.49158,1.49173,2.62,1.12
2018.03.20 19:10:39.927,1.49158,1.49173,2.62,1.12
2018.03.20 19:10:40.936,1.49158,1.49173,1.00,2.62
2018.03.20 19:10:42.163,1.49159,1.49173,2.62,1.87
2018.03.20 19:10:43.185,1.49156,1.49172,1.19,4.31
2018.03.20 19:10:43.237,1.49155,1.49167,1.25,2.62
2018.03.20 19:10:43.290,1.49154,1.49168,3.56,1.50
2018.03.20 19:10:43.394,1.49156,1.4917,2.62,1.69
2018.03.20 19:10:43.448,1.49159,1.49171,1.00,1.25
2018.03.20 19:10:43.964,1.49157,1.49171,2.62,1.62
2018.03.20 19:10:44.477,1.49156,1.49171,3.19,2.81
2018.03.20 19:10:44.685,1.49155,1.49167,1.31,1.00
2018.03.20 19:10:45.245,1.49155,1.49168,2.06,1.00
2018.03.20 19:10:45.792,1.49155,1.49168,2.06,1.00
2018.03.20 19:10:46.455,1.49155,1.49167,1.12,1.19
2018.03.20 19:10:46.669,1.49149,1.49164,1.87,1.00
2018.03.20 19:10:46.722,1.49149,1.49163,1.44,2.62
2018.03.20 19:10:46.775,1.49149,1.49165,2.25,2.81
2018.03.20 19:10:46.931,1.49149,1.49162,2.25,2.62
2018.03.20 19:10:46.983,1.4915,1.49165,1.19,3.56
2018.03.20 19:10:47.619,1.4915,1.49165,1.00,3.56
2018.03.20 19:10:47.878,1.49149,1.49162,2.25,2.62
2018.03.20 19:10:48.482,1.49148,1.49163,1.44,2.62
2018.03.20 19:10:48.534,1.4915,1.49162,1.19,1.00
2018.03.20 19:10:49.085,1.4915,1.49163,1.87,1.00
2018.03.20 19:10:49.556,1.49151,1.49162,1.00,2.62
2018.03.20 19:10:49.866,1.49146,1.49161,2.62,2.62
2018.03.20 19:10:50.411,1.49149,1.49159,1.00,1.00
2018.03.20 19:10:50.721,1.4915,1.49161,1.00,1.00
2018.03.20 19:10:51.947,1.49148,1.49161,1.44,1.00
2018.03.20 19:10:52.148,1.4915,1.49161,1.00,2.62
2018.03.20 19:10:52.459,1.49146,1.49159,3.00,2.62
2018.03.20 19:10:52.511,1.49146,1.4916,3.00,1.00
2018.03.20 19:10:53.101,1.49147,1.4916,1.87,1.00
2018.03.20 19:10:53.761,1.49147,1.49159,1.87,2.62
2018.03.20 19:10:54.267,1.49145,1.49159,1.19,3.56
2018.03.20 19:10:54.792,1.49144,1.4916,2.06,2.81
2018.03.20 19:10:55.314,1.49144,1.4916,1.56,3.00
2018.03.20 19:10:58.127,1.49143,1.49159,2.81,2.81
2018.03.20 19:10:59.142,1.49143,1.49158,2.06,1.37
2018.03.20 19:10:59.672,1.49145,1.49158,1.25,1.50
2018.03.20 19:11:00.204,1.49146,1.4916,1.00,2.62
2018.03.20 19:11:00.735,1.49147,1.49161,1.00,3.56
2018.03.20 19:11:01.708,1.49147,1.4916,1.00,3.94
2018.03.20 19:11:02.249,1.49147,1.49161,1.00,3.75
2018.03.20 19:11:02.491,1.49147,1.4916,1.00,1.12
2018.03.20 19:11:02.880,1.49146,1.49159,1.25,1.00
2018.03.20 19:11:03.636,1.49145,1.49158,1.25,3.75
2018.03.20 19:11:03.958,1.49141,1.49153,1.19,2.62
2018.03.20 19:11:04.010,1.49142,1.49154,1.25,1.00
2018.03.20 19:11:04.399,1.49142,1.49153,1.25,2.62
2018.03.20 19:11:04.502,1.4914,1.49153,1.00,2.81
2018.03.20 19:11:05.049,1.49139,1.49153,1.69,3.00
2018.03.20 19:11:05.579,1.49139,1.49151,1.25,2.25
2018.03.20 19:11:06.086,1.4914,1.49151,1.00,2.25
2018.03.20 19:11:06.290,1.4914,1.49154,1.00,3.00
2018.03.20 19:11:07.140,1.49138,1.49154,1.31,3.00
2018.03.20 19:11:07.678,1.49138,1.49152,1.31,2.62
2018.03.20 19:11:08.871,1.49135,1.49148,2.62,1.00
2018.03.20 19:11:09.387,1.49136,1.49151,1.12,2.62
2018.03.20 19:11:09.915,1.49135,1.49151,1.75,2.62
2018.03.20 19:11:10.431,1.49135,1.49151,1.75,1.37
2018.03.20 19:11:10.936,1.49137,1.49151,1.19,1.12
2018.03.20 19:11:11.898,1.49135,1.49149,1.69,2.62
2018.03.20 19:11:12.507,1.49135,1.49149,1.50,2.62
2018.03.20 19:11:12.817,1.49135,1.49149,1.50,2.62
2018.03.20 19:11:12.970,1.49137,1.49152,1.19,1.75
2018.03.20 19:11:13.021,1.49137,1.49152,1.31,3.37
2018.03.20 19:11:13.124,1.49136,1.49151,1.44,2.62
2018.03.20 19:11:13.736,1.49136,1.4915,1.44,2.62
2018.03.20 19:11:15.651,1.49136,1.49152,1.50,2.44
2018.03.20 19:11:16.196,1.49137,1.49152,1.69,1.50
2018.03.20 19:11:16.249,1.4914,1.49155,2.62,1.00
2018.03.20 19:11:16.561,1.49145,1.49157,1.19,1.75
2018.03.20 19:11:17.089,1.49144,1.49155,1.19,1.00
2018.03.20 19:11:17.318,1.49146,1.4916,1.62,1.31
2018.03.20 19:11:17.837,1.49148,1.49161,1.69,1.00
2018.03.20 19:11:17.993,1.49148,1.49163,1.69,3.37
2018.03.20 19:11:18.045,1.49148,1.49164,2.44,2.81
2018.03.20 19:11:18.097,1.49148,1.49162,1.69,2.62
2018.03.20 19:11:18.465,1.49149,1.49164,1.19,1.69
2018.03.20 19:11:18.731,1.49151,1.49166,1.69,1.19
2018.03.20 19:11:19.274,1.49151,1.49166,1.69,1.00
2018.03.20 19:11:19.946,1.49152,1.49165,1.50,1.00
2018.03.20 19:11:20.482,1.49152,1.49166,1.50,4.50
2018.03.20 19:11:20.749,1.49153,1.49166,1.69,2.62
2018.03.20 19:11:21.285,1.49153,1.49166,1.12,2.62
2018.03.20 19:11:24.988,1.49153,1.49168,1.50,1.12
2018.03.20 19:11:25.534,1.49153,1.49168,1.37,1.12
2018.03.20 19:11:26.861,1.4915,1.49164,2.06,2.81
2018.03.20 19:11:27.405,1.49148,1.49163,2.81,1.31
2018.03.20 19:11:27.852,1.49148,1.49162,1.69,1.19
2018.03.20 19:11:28.405,1.49148,1.49162,1.50,1.44
2018.03.20 19:11:28.936,1.49148,1.49161,1.37,2.44
2018.03.20 19:11:29.454,1.49148,1.49161,1.25,2.62
2018.03.20 19:11:29.784,1.4915,1.49164,2.81,2.81
2018.03.20 19:11:30.439,1.49151,1.49164,1.12,2.44
2018.03.20 19:11:31.082,1.49152,1.49165,2.81,1.19
2018.03.20 19:11:32.279,1.49151,1.49166,3.19,3.00
2018.03.20 19:11:33.297,1.49151,1.49166,1.31,3.00
2018.03.20 19:11:33.452,1.49151,1.49166,1.62,1.37
2018.03.20 19:11:34.928,1.4915,1.49165,2.81,1.12
2018.03.20 19:11:35.188,1.49152,1.49165,2.62,1.44
2018.03.20 19:11:35.631,1.49152,1.49165,1.00,1.44
2018.03.20 19:11:37.039,1.49151,1.49164,2.25,1.37
2018.03.20 19:11:37.207,1.49147,1.49159,1.69,1.00
2018.03.20 19:11:37.718,1.49147,1.4916,1.25,1.00
2018.03.20 19:11:37.798,1.49149,1.49162,1.00,1.44
2018.03.20 19:11:38.343,1.49147,1.49162,2.44,1.12
2018.03.20 19:11:38.828,1.49149,1.49165,1.75,3.37
2018.03.20 19:11:38.880,1.49148,1.49161,2.25,1.00
2018.03.20 19:11:38.932,1.49148,1.49161,1.00,3.37
2018.03.20 19:11:39.562,1.49147,1.49161,3.56,2.25
2018.03.20 19:11:40.087,1.49146,1.49161,3.56,2.81
2018.03.20 19:11:40.243,1.49148,1.49161,1.19,1.25
2018.03.20 19:11:40.657,1.49147,1.49161,2.06,2.81
2018.03.20 19:11:44.059,1.49147,1.49161,1.31,2.81
2018.03.20 19:11:44.619,1.49147,1.49161,1.69,2.81
2018.03.20 19:11:45.675,1.49148,1.49161,1.25,1.25
2018.03.20 19:11:45.727,1.49146,1.4916,3.19,2.62
2018.03.20 19:11:46.485,1.49146,1.49159,1.31,1.00
2018.03.20 19:11:46.992,1.49147,1.4916,1.19,1.00
2018.03.20 19:11:47.676,1.49147,1.4916,1.19,1.00
2018.03.20 19:11:48.388,1.49148,1.49162,1.31,2.62
2018.03.20 19:11:48.532,1.49148,1.49162,3.00,3.75
2018.03.20 19:11:49.655,1.49148,1.49162,1.31,3.75
2018.03.20 19:11:51.480,1.49148,1.49162,1.25,2.81
2018.03.20 19:11:52.930,1.49149,1.49162,2.06,3.37
2018.03.20 19:11:54.446,1.49149,1.49162,2.44,2.62
2018.03.20 19:11:54.834,1.49149,1.49164,5.06,3.37
2018.03.20 19:11:55.384,1.4915,1.49163,1.69,2.62
2018.03.20 19:11:55.761,1.49151,1.49165,3.56,1.25
2018.03.20 19:11:55.812,1.49153,1.49165,1.00,1.44
2018.03.20 19:11:55.863,1.49153,1.49165,1.00,1.25
2018.03.20 19:11:56.739,1.49153,1.49163,1.00,1.19
2018.03.20 19:11:56.791,1.49153,1.49165,1.00,1.19
2018.03.20 19:11:57.049,1.49152,1.49164,2.81,1.19
2018.03.20 19:11:57.151,1.49152,1.49165,2.81,1.31
2018.03.20 19:12:02.130,1.49153,1.49165,1.00,1.19
2018.03.20 19:12:02.571,1.49149,1.49161,2.62,2.62
2018.03.20 19:12:02.676,1.49147,1.49161,2.81,2.81
2018.03.20 19:12:03.296,1.49148,1.49161,2.81,1.69
2018.03.20 19:12:03.682,1.49147,1.49159,1.69,1.00
2018.03.20 19:12:06.964,1.49147,1.49162,3.56,3.00
2018.03.20 19:12:07.015,1.49148,1.4916,1.25,2.62
2018.03.20 19:12:08.006,1.49148,1.49162,1.31,1.12
2018.03.20 19:12:08.111,1.49148,1.4916,1.25,2.62
2018.03.20 19:12:08.163,1.49147,1.49161,1.69,1.12
2018.03.20 19:12:11.138,1.49149,1.49162,2.62,1.00
2018.03.20 19:12:11.190,1.49149,1.49163,1.00,1.69
2018.03.20 19:12:11.394,1.49146,1.4916,3.19,2.62
2018.03.20 19:12:12.312,1.49146,1.4916,2.81,2.62
2018.03.20 19:12:12.414,1.49148,1.49161,1.00,1.25
2018.03.20 19:12:12.840,1.49146,1.49161,4.69,2.81
2018.03.20 19:12:13.050,1.49148,1.49161,1.12,1.00
2018.03.20 19:12:13.154,1.49149,1.49164,2.62,2.81
2018.03.20 19:12:14.026,1.49148,1.49164,2.06,1.12
2018.03.20 19:12:14.337,1.49149,1.49162,1.12,2.81
2018.03.20 19:12:14.648,1.4915,1.49164,2.62,1.87
2018.03.20 19:12:15.977,1.49151,1.49164,2.62,1.50
2018.03.20 19:12:16.573,1.4915,1.49164,1.50,3.75
2018.03.20 19:12:16.752,1.49151,1.49165,1.50,1.37
2018.03.20 19:12:16.805,1.49152,1.49166,3.37,1.31
2018.03.20 19:12:17.116,1.49156,1.49169,1.87,3.00
2018.03.20 19:12:17.706,1.49157,1.49169,2.25,1.00
2018.03.20 19:12:17.962,1.49156,1.49168,1.50,1.00
2018.03.20 19:12:18.234,1.49157,1.49171,2.62,1.87
2018.03.20 19:12:18.492,1.49156,1.49169,1.37,1.37
2018.03.20 19:12:18.989,1.49156,1.49172,2.00,1.12
2018.03.20 19:12:19.494,1.49157,1.49171,1.00,1.44
2018.03.20 19:12:19.993,1.49156,1.49168,1.00,2.81
2018.03.20 19:12:20.048,1.49153,1.49166,1.56,2.62
2018.03.20 19:12:20.552,1.49153,1.49169,3.19,1.12
2018.03.20 19:12:20.604,1.49155,1.49169,2.62,1.12
2018.03.20 19:12:21.156,1.49155,1.49169,2.62,1.12
2018.03.20 19:12:21.439,1.49154,1.49167,2.62,1.37
2018.03.20 19:12:21.542,1.49152,1.49165,1.69,1.00
2018.03.20 19:12:21.852,1.49152,1.49165,1.25,2.81
2018.03.20 19:12:22.464,1.49152,1.49166,1.31,3.56
2018.03.20 19:12:22.671,1.49152,1.49167,2.81,3.00
2018.03.20 19:12:23.401,1.49152,1.49165,2.81,1.00
2018.03.20 19:12:23.977,1.49152,1.49165,2.44,2.25
2018.03.20 19:12:25.307,1.49152,1.49168,1.19,2.19
2018.03.20 19:12:25.360,1.49152,1.49167,1.25,2.81
2018.03.20 19:12:25.686,1.49151,1.49166,1.69,1.87
2018.03.20 19:12:27.298,1.49151,1.49165,1.19,2.62
2018.03.20 19:12:29.078,1.49151,1.49161,1.19,1.00
2018.03.20 19:12:29.594,1.49151,1.49162,1.19,1.00
2018.03.20 19:12:30.154,1.49151,1.49163,1.19,1.00
2018.03.20 19:12:30.674,1.49151,1.49163,1.19,2.25
2018.03.20 19:12:31.780,1.49151,1.49165,1.19,3.56
2018.03.20 19:12:32.326,1.49151,1.49165,1.19,1.31
2018.03.20 19:12:32.854,1.49149,1.49165,1.44,2.00
2018.03.20 19:12:32.908,1.49149,1.49166,2.62,3.56
2018.03.20 19:12:32.960,1.4915,1.49163,1.37,1.00
2018.03.20 19:12:34.131,1.49153,1.49165,1.19,1.37
2018.03.20 19:12:34.682,1.49152,1.49163,1.69,1.00
2018.03.20 19:12:36.800,1.49152,1.49166,2.25,2.62
2018.03.20 19:12:37.340,1.49152,1.49166,2.25,2.62
2018.03.20 19:12:37.869,1.49152,1.49167,3.00,2.62
2018.03.20 19:12:38.374,1.49154,1.49168,1.25,3.37
2018.03.20 19:12:38.528,1.49154,1.49166,1.12,1.00
2018.03.20 19:12:39.077,1.49152,1.49166,3.00,2.62
2018.03.20 19:12:39.695,1.49153,1.49166,1.44,1.00
2018.03.20 19:12:40.736,1.49153,1.49168,1.44,2.00
2018.03.20 19:12:42.032,1.49153,1.49166,1.44,1.00
2018.03.20 19:12:42.538,1.49152,1.49166,2.62,2.25
2018.03.20 19:12:43.070,1.49153,1.49167,1.37,2.25
2018.03.20 19:12:44.564,1.49153,1.49168,1.19,2.25
2018.03.20 19:12:44.664,1.49152,1.49167,1.44,1.50
2018.03.20 19:12:44.716,1.4915,1.49166,1.75,2.81
2018.03.20 19:12:45.416,1.4915,1.49165,1.37,2.62
2018.03.20 19:12:45.925,1.4915,1.49167,2.62,1.87
2018.03.20 19:12:46.238,1.49152,1.49167,1.12,1.50
2018.03.20 19:12:47.613,1.49153,1.49166,1.50,1.00
2018.03.20 19:12:48.129,1.49153,1.49169,2.25,4.12
2018.03.20 19:12:48.617,1.49159,1.49172,1.50,3.37
2018.03.20 19:12:48.670,1.49158,1.49171,2.25,2.25
2018.03.20 19:12:48.828,1.49166,1.49177,1.44,1.00
2018.03.20 19:12:49.010,1.49167,1.49181,1.00,2.81
2018.03.20 19:12:49.063,1.49165,1.49178,1.37,1.00
2018.03.20 19:12:49.115,1.49166,1.49181,1.12,3.37
2018.03.20 19:12:49.219,1.49164,1.49179,3.00,2.62
2018.03.20 19:12:49.428,1.49166,1.49182,1.75,3.19
2018.03.20 19:12:49.833,1.49164,1.4918,3.37,2.62
2018.03.20 19:12:50.361,1.49167,1.4918,1.37,1.00
2018.03.20 19:12:50.688,1.49167,1.49183,4.50,2.62
2018.03.20 19:12:50.998,1.4917,1.49182,1.75,1.00
2018.03.20 19:12:51.517,1.49171,1.49182,2.25,1.00
2018.03.20 19:12:52.092,1.49172,1.49185,1.44,2.62
2018.03.20 19:12:52.776,1.49171,1.49185,1.50,2.62
2018.03.20 19:12:54.553,1.4917,1.49185,2.25,2.62
2018.03.20 19:12:54.707,1.49171,1.49185,1.37,2.62
2018.03.20 19:12:55.030,1.49169,1.49183,1.87,2.62
2018.03.20 19:12:55.133,1.49169,1.49186,3.37,3.75
2018.03.20 19:12:55.650,1.49169,1.49184,2.62,2.62
2018.03.20 19:12:56.382,1.4917,1.49185,2.25,2.62
2018.03.20 19:12:56.693,1.49169,1.49183,3.00,2.62
2018.03.20 19:12:56.882,1.49169,1.49185,3.00,2.62
2018.03.20 19:12:56.935,1.49169,1.49183,3.00,2.62
2018.03.20 19:12:57.485,1.49172,1.49187,1.37,2.62
2018.03.20 19:12:57.537,1.49172,1.49184,1.50,2.62
2018.03.20 19:12:57.692,1.49172,1.49187,1.50,2.62
2018.03.20 19:12:58.804,1.49173,1.49185,1.50,1.00
2018.03.20 19:12:59.386,1.49173,1.49185,1.50,1.00
2018.03.20 19:12:59.714,1.49175,1.49189,1.19,2.62
2018.03.20 19:13:00.234,1.49178,1.49191,1.25,1.69
2018.03.20 19:13:00.286,1.49177,1.49191,1.44,2.62
2018.03.20 19:13:00.542,1.49178,1.49192,1.25,3.00
2018.03.20 19:13:01.241,1.49176,1.49191,2.25,2.62
2018.03.20 19:13:01.767,1.49177,1.49192,1.44,3.37
2018.03.20 19:13:02.122,1.49178,1.49193,1.12,2.62
2018.03.20 19:13:02.276,1.49179,1.49194,1.12,2.44
2018.03.20 19:13:02.327,1.49178,1.49192,1.37,2.25
2018.03.20 19:13:02.786,1.49174,1.49188,2.62,1.00
2018.03.20 19:13:03.158,1.49175,1.4919,2.62,2.25
2018.03.20 19:13:03.467,1.49177,1.49193,2.25,1.12
2018.03.20 19:13:03.972,1.49177,1.49193,2.62,3.37
2018.03.20 19:13:04.677,1.49177,1.49194,1.50,1.75
2018.03.20 19:13:05.536,1.49177,1.49194,2.25,2.62
2018.03.20 19:13:06.726,1.49177,1.49195,2.25,5.25
2018.03.20 19:13:07.361,1.49175,1.49187,1.31,2.62
2018.03.20 19:13:07.415,1.49169,1.49186,2.62,1.75
2018.03.20 19:13:07.470,1.49167,1.4918,1.12,1.00
2018.03.20 19:13:07.523,1.49164,1.49179,3.00,1.00
2018.03.20 19:13:07.575,1.49164,1.49179,2.62,2.62
2018.03.20 19:13:07.680,1.49163,1.49179,2.25,1.00
2018.03.20 19:13:07.784,1.49162,1.4918,1.81,2.44
2018.03.20 19:13:08.050,1.49158,1.49175,1.87,1.00
2018.03.20 19:13:08.259,1.4916,1.49174,1.69,2.62
2018.03.20 19:13:08.412,1.49162,1.49177,1.31,1.12
2018.03.20 19:13:08.465,1.49164,1.4918,1.50,1.50
2018.03.20 19:13:08.517,1.49165,1.4918,1.87,1.00
2018.03.20 19:13:08.857,1.49164,1.49177,1.00,1.00
2018.03.20 19:13:08.908,1.49162,1.49177,1.00,1.50
2018.03.20 19:13:09.012,1.49161,1.49176,1.50,2.62
2018.03.20 19:13:09.323,1.49161,1.49178,1.87,4.12
2018.03.20 19:13:09.427,1.49164,1.4918,1.12,2.62
2018.03.20 19:13:09.479,1.49165,1.49182,1.75,2.06
2018.03.20 19:13:09.635,1.49163,1.49181,3.00,1.12
2018.03.20 19:13:10.209,1.49163,1.49178,3.00,1.00
2018.03.20 19:13:10.752,1.49163,1.49179,2.62,1.00
2018.03.20 19:13:11.269,1.49163,1.49178,1.87,1.00
2018.03.20 19:13:11.802,1.49163,1.49179,2.62,2.62
2018.03.20 19:13:12.058,1.49163,1.4918,2.62,1.25
2018.03.20 19:13:12.429,1.49163,1.49178,3.37,1.00
2018.03.20 19:13:12.735,1.49164,1.49178,1.00,2.62
2018.03.20 19:13:13.615,1.49165,1.49179,1.00,2.81
2018.03.20 19:13:14.122,1.49165,1.49178,1.00,2.62
2018.03.20 19:13:14.660,1.49165,1.49179,1.25,2.81
2018.03.20 19:13:14.759,1.49165,1.49179,1.25,1.25
2018.03.20 19:13:15.315,1.49165,1.49178,1.25,1.00
2018.03.20 19:13:15.472,1.49165,1.49177,1.00,2.81
2018.03.20 19:13:15.653,1.49162,1.49176,1.00,2.81
2018.03.20 19:13:16.133,1.49163,1.49175,1.19,2.62
2018.03.20 19:13:16.449,1.49163,1.49177,1.19,2.62
2018.03.20 19:13:17.095,1.49164,1.49179,1.12,3.19
2018.03.20 19:13:17.397,1.49164,1.49176,1.12,2.25
2018.03.20 19:13:17.503,1.49168,1.49182,1.12,1.50
2018.03.20 19:13:18.055,1.49169,1.49184,1.44,2.06
2018.03.20 19:13:18.315,1.49168,1.49185,1.87,1.50
2018.03.20 19:13:18.367,1.49168,1.49183,1.75,1.00
2018.03.20 19:13:18.419,1.49168,1.49185,3.00,1.12
2018.03.20 19:13:18.735,1.49168,1.49185,2.62,3.56
2018.03.20 19:13:18.996,1.49168,1.49182,2.06,2.62
2018.03.20 19:13:19.476,1.49166,1.49183,1.37,1.62
2018.03.20 19:13:19.736,1.49168,1.49182,1.87,2.62
2018.03.20 19:13:19.788,1.49168,1.49184,1.12,3.19
2018.03.20 19:13:20.535,1.49168,1.49184,1.87,1.25
2018.03.20 19:13:20.841,1.4917,1.49184,1.44,2.62
2018.03.20 19:13:21.438,1.49171,1.49185,1.19,3.37
2018.03.20 19:13:21.905,1.49171,1.49187,1.69,2.81
2018.03.20 19:13:22.685,1.49171,1.49183,1.00,2.62
2018.03.20 19:13:22.736,1.49171,1.49186,1.00,1.56
2018.03.20 19:13:23.195,1.4917,1.49187,1.94,2.62
2018.03.20 19:13:23.716,1.49171,1.49187,1.25,3.00
2018.03.20 19:13:24.238,1.4917,1.49186,1.50,1.37
2018.03.20 19:13:24.565,1.49171,1.49187,2.62,2.25
2018.03.20 19:13:24.669,1.4917,1.49187,2.62,2.25
2018.03.20 19:13:25.772,1.49171,1.49187,1.44,1.87
2018.03.20 19:13:26.289,1.49171,1.49187,1.25,2.62
2018.03.20 19:13:29.281,1.4917,1.49187,3.37,2.25
2018.03.20 19:13:29.855,1.49167,1.49185,4.50,1.37
2018.03.20 19:13:29.908,1.49168,1.49185,1.25,1.37
2018.03.20 19:13:31.582,1.49166,1.49182,2.62,1.37
2018.03.20 19:13:31.635,1.49165,1.49182,1.31,1.75
2018.03.20 19:13:32.143,1.49165,1.49182,1.69,2.25
2018.03.20 19:13:32.249,1.49162,1.4918,2.62,1.87
2018.03.20 19:13:32.353,1.49162,1.4918,1.00,3.00
2018.03.20 19:13:32.873,1.49162,1.49178,1.12,1.19
2018.03.20 19:13:33.386,1.49162,1.49179,2.62,1.81
2018.03.20 19:13:34.089,1.49162,1.49178,2.62,1.31
2018.03.20 19:13:34.662,1.49162,1.49178,2.00,1.31
2018.03.20 19:13:35.317,1.49161,1.49178,3.94,1.31
2018.03.20 19:13:35.673,1.4916,1.49179,2.25,3.00
2018.03.20 19:13:35.960,1.49161,1.49179,3.94,2.25
2018.03.20 19:13:37.529,1.49164,1.49179,2.62,1.44
2018.03.20 19:13:38.180,1.49164,1.49179,1.00,1.44
2018.03.20 19:13:38.957,1.49164,1.49179,1.00,1.44
2018.03.20 19:13:41.144,1.49161,1.49179,2.62,1.44
2018.03.20 19:13:41.663,1.49162,1.49179,3.00,3.37
2018.03.20 19:13:42.262,1.49162,1.49179,3.00,3.37
2018.03.20 19:13:42.674,1.49161,1.49177,3.37,1.31
2018.03.20 19:13:43.321,1.49161,1.49176,1.12,2.81
2018.03.20 19:13:43.893,1.49161,1.49177,1.12,1.31
2018.03.20 19:13:45.277,1.49161,1.49177,1.75,3.19
2018.03.20 19:13:45.945,1.49161,1.49177,1.75,3.19
2018.03.20 19:13:47.391,1.49162,1.49176,1.00,1.37
2018.03.20 19:13:47.544,1.4916,1.49177,1.12,3.37
2018.03.20 19:13:48.016,1.4916,1.49176,1.50,1.12
2018.03.20 19:13:48.068,1.4916,1.49174,1.00,1.19
2018.03.20 19:13:48.121,1.49159,1.49174,1.00,1.19
2018.03.20 19:13:48.463,1.49157,1.49172,3.19,1.56
2018.03.20 19:13:48.516,1.49154,1.49169,1.19,1.25
2018.03.20 19:13:48.726,1.49156,1.49173,2.25,3.56
2018.03.20 19:13:48.933,1.49156,1.49171,1.44,1.25
2018.03.20 19:13:48.985,1.49155,1.49172,1.94,4.12
2018.03.20 19:13:49.091,1.49154,1.49171,2.06,1.81
2018.03.20 19:13:49.951,1.49154,1.49171,2.06,4.87
2018.03.20 19:13:50.054,1.49154,1.4917,1.37,1.50
2018.03.20 19:13:50.156,1.49153,1.49168,1.00,1.12
2018.03.20 19:13:50.670,1.49152,1.49167,1.25,1.56
2018.03.20 19:13:50.829,1.49152,1.4917,1.25,1.75
2018.03.20 19:13:50.882,1.49151,1.4917,2.25,1.12
2018.03.20 19:13:51.192,1.49151,1.4917,4.87,2.25
2018.03.20 19:13:51.791,1.49151,1.4917,2.25,1.75
2018.03.20 19:13:52.301,1.49151,1.49169,2.25,1.69
2018.03.20 19:13:52.354,1.49151,1.49168,1.87,1.12
2018.03.20 19:13:53.162,1.49151,1.49168,1.87,1.37
2018.03.20 19:13:53.677,1.49148,1.49165,2.62,1.25
2018.03.20 19:13:53.729,1.49149,1.49165,1.00,1.19
2018.03.20 19:13:54.043,1.49146,1.49163,1.44,1.31
2018.03.20 19:13:54.344,1.49146,1.49162,1.44,1.31
2018.03.20 19:13:54.397,1.49145,1.49163,1.87,2.81
2018.03.20 19:13:54.656,1.49143,1.49161,4.50,1.56
2018.03.20 19:13:56.884,1.49143,1.49161,1.19,1.56
2018.03.20 19:13:57.397,1.49142,1.49161,3.00,2.06
2018.03.20 19:13:58.102,1.49144,1.49161,1.00,1.87
2018.03.20 19:13:58.618,1.49143,1.49161,1.25,2.62
2018.03.20 19:13:59.350,1.49144,1.49161,1.00,2.25
2018.03.20 19:13:59.887,1.49142,1.49161,1.87,2.25
2018.03.20 19:14:00.884,1.49145,1.49162,3.00,1.75
2018.03.20 19:14:00.987,1.49146,1.49163,2.81,2.62
2018.03.20 19:14:01.358,1.49149,1.49164,2.25,1.87
2018.03.20 19:14:01.410,1.49152,1.49167,1.00,1.44
2018.03.20 19:14:01.462,1.49149,1.49167,1.81,3.00
2018.03.20 19:14:01.513,1.49147,1.49166,3.19,2.25
2018.03.20 19:14:01.771,1.49148,1.49165,1.00,1.31
2018.03.20 19:14:02.324,1.49147,1.49165,1.31,1.31
2018.03.20 19:14:02.861,1.49147,1.49165,1.87,1.31
2018.03.20 19:14:04.015,1.49147,1.49165,1.94,1.31
2018.03.20 19:14:04.225,1.49147,1.49166,1.31,2.25
2018.03.20 19:14:05.261,1.49148,1.49166,1.00,2.62
2018.03.20 19:14:05.880,1.49147,1.49166,2.06,1.12
2018.03.20 19:14:06.369,1.49147,1.49166,3.56,1.87
2018.03.20 19:14:07.155,1.49147,1.49166,1.69,1.87
2018.03.20 19:14:07.464,1.49148,1.49165,3.19,1.19
2018.03.20 19:14:08.007,1.49147,1.49165,1.25,1.19
2018.03.20 19:14:08.059,1.49147,1.49165,2.00,1.69
2018.03.20 19:14:08.162,1.49148,1.49165,1.19,1.69
2018.03.20 19:14:08.618,1.49148,1.49166,1.50,3.00
2018.03.20 19:14:09.910,1.49148,1.49166,1.69,1.56
2018.03.20 19:14:10.639,1.49148,1.49166,1.69,1.75
2018.03.20 19:14:11.175,1.49147,1.49166,5.25,2.25
2018.03.20 19:14:11.887,1.4915,1.49167,1.00,2.44
2018.03.20 19:14:12.196,1.4915,1.49167,3.37,1.31
2018.03.20 19:14:12.873,1.49151,1.49167,2.06,1.12
2018.03.20 19:14:13.256,1.4915,1.49167,1.62,1.81
2018.03.20 19:14:13.358,1.49148,1.49165,3.00,1.50
2018.03.20 19:14:14.397,1.49148,1.49165,2.81,1.50
2018.03.20 19:14:15.063,1.49149,1.49165,1.25,1.69
2018.03.20 19:14:15.424,1.4915,1.49165,1.50,1.31
2018.03.20 19:14:16.231,1.49152,1.49165,1.31,1.00
2018.03.20 19:14:16.283,1.49153,1.49168,1.25,1.50
2018.03.20 19:14:16.593,1.49152,1.49168,1.69,1.19
2018.03.20 19:14:17.102,1.49152,1.49168,1.50,1.31
2018.03.20 19:14:17.627,1.49153,1.49168,1.00,1.19
2018.03.20 19:14:18.519,1.49153,1.49168,1.87,1.19
2018.03.20 19:14:19.056,1.49153,1.49171,1.25,2.62
2018.03.20 19:14:19.482,1.49153,1.49171,1.44,2.81
2018.03.20 19:14:19.693,1.49153,1.4917,1.00,1.19
2018.03.20 19:14:20.038,1.49153,1.4917,3.37,1.19
2018.03.20 19:14:20.193,1.49153,1.4917,1.12,1.19
2018.03.20 19:14:20.245,1.49152,1.4917,1.87,1.69
2018.03.20 19:14:22.682,1.49152,1.49169,1.00,3.75
2018.03.20 19:14:22.994,1.49148,1.49166,3.56,2.06
2018.03.20 19:14:23.201,1.49148,1.49166,2.44,1.69
2018.03.20 19:14:23.677,1.49149,1.49167,1.19,2.44
2018.03.20 19:14:24.385,1.49149,1.49167,3.56,1.69
2018.03.20 19:14:26.564,1.4915,1.49167,1.25,2.06
2018.03.20 19:14:26.991,1.49151,1.49166,1.31,1.19
2018.03.20 19:14:27.830,1.49152,1.49168,1.56,1.69
2018.03.20 19:14:28.438,1.49152,1.49168,1.56,1.69
2018.03.20 19:14:29.413,1.49152,1.49168,1.69,1.69
2018.03.20 19:14:29.924,1.49156,1.49172,1.87,2.06
2018.03.20 19:14:29.978,1.49158,1.49175,2.25,1.19
2018.03.20 19:14:30.031,1.4916,1.49176,1.62,1.31
2018.03.20 19:14:30.460,1.49158,1.49175,1.44,1.87
2018.03.20 19:14:30.771,1.49153,1.4917,1.94,1.81
2018.03.20 19:14:31.292,1.49153,1.49169,1.19,1.69
2018.03.20 19:14:31.358,1.49153,1.49168,1.25,1.25
2018.03.20 19:14:31.465,1.49153,1.49168,1.25,1.19
2018.03.20 19:14:31.578,1.4915,1.49164,1.00,1.25
2018.03.20 19:14:32.093,1.4915,1.49164,1.00,1.62
2018.03.20 19:14:34.191,1.49147,1.49164,1.44,1.69
2018.03.20 19:14:34.695,1.49147,1.49164,1.50,1.31
2018.03.20 19:14:36.115,1.49147,1.49164,3.37,1.19
2018.03.20 19:14:36.750,1.49148,1.49164,1.44,1.31
2018.03.20 19:14:37.100,1.49149,1.49164,1.00,2.06
2018.03.20 19:14:37.152,1.49147,1.49162,1.25,1.31
2018.03.20 19:14:37.203,1.49147,1.49162,1.19,1.00
2018.03.20 19:14:37.662,1.49147,1.49162,1.12,1.25
2018.03.20 19:14:37.716,1.49151,1.49164,1.37,1.00
2018.03.20 19:14:37.925,1.4915,1.49167,3.75,1.50
2018.03.20 19:14:37.977,1.4915,1.49165,1.19,1.31
2018.03.20 19:14:38.030,1.4915,1.49165,1.12,1.69
2018.03.20 19:14:39.143,1.49147,1.49165,4.87,1.19
2018.03.20 19:14:40.270,1.49147,1.49165,3.37,1.69
2018.03.20 19:14:40.322,1.49149,1.49165,1.00,2.62
2018.03.20 19:14:40.871,1.4915,1.49164,1.00,2.06
2018.03.20 19:14:41.328,1.49146,1.49165,2.25,3.37
2018.03.20 19:14:41.573,1.49146,1.49163,1.31,1.56
2018.03.20 19:14:42.595,1.49146,1.49162,1.31,1.31
2018.03.20 19:14:43.164,1.49146,1.49161,1.50,1.69
2018.03.20 19:14:43.667,1.49144,1.49161,1.87,1.19
2018.03.20 19:14:44.265,1.49144,1.49159,1.50,1.00
2018.03.20 19:14:44.752,1.49142,1.49157,1.19,1.25
2018.03.20 19:14:45.109,1.49139,1.49156,1.44,1.31
2018.03.20 19:14:45.160,1.49139,1.49155,1.87,1.00
2018.03.20 19:14:45.364,1.49139,1.49156,1.44,1.31
2018.03.20 19:14:45.416,1.49139,1.49154,1.25,1.69
2018.03.20 19:14:45.467,1.49139,1.49153,1.00,1.19
2018.03.20 19:14:46.428,1.49139,1.49154,1.00,2.81
2018.03.20 19:14:46.480,1.49137,1.49153,3.00,1.56
2018.03.20 19:14:46.532,1.49138,1.49153,1.12,1.19
2018.03.20 19:14:46.637,1.4914,1.49157,1.87,1.87
2018.03.20 19:14:47.653,1.49141,1.49157,1.87,1.00
2018.03.20 19:14:51.180,1.49142,1.49157,1.12,1.00
2018.03.20 19:14:51.530,1.49142,1.49157,1.87,1.00
2018.03.20 19:14:52.065,1.49142,1.49159,2.25,1.19
2018.03.20 19:14:52.579,1.49142,1.4916,1.87,1.69
2018.03.20 19:14:52.908,1.49149,1.49163,1.50,1.87
2018.03.20 19:14:52.961,1.4915,1.49166,1.87,1.00
2018.03.20 19:14:53.067,1.49153,1.49169,1.12,1.25
2018.03.20 19:14:53.373,1.49157,1.4917,1.00,1.19
2018.03.20 19:14:54.129,1.49157,1.4917,1.25,1.00
2018.03.20 19:14:55.013,1.49154,1.4917,1.87,1.25
2018.03.20 19:14:55.583,1.49154,1.4917,2.62,1.00
2018.03.20 19:14:55.692,1.49159,1.49173,1.69,1.00
2018.03.20 19:14:56.189,1.49161,1.49175,1.00,1.00
2018.03.20 19:14:56.789,1.49161,1.49174,1.00,1.00
2018.03.20 19:14:57.891,1.49159,1.49176,3.56,1.87
2018.03.20 19:14:57.944,1.49158,1.49175,3.00,1.87
2018.03.20 19:14:58.107,1.4916,1.49174,1.00,1.31
2018.03.20 19:14:59.055,1.49158,1.49175,1.50,1.12
2018.03.20 19:14:59.591,1.49159,1.49175,1.00,1.12
2018.03.20 19:14:59.703,1.49159,1.49174,2.25,1.12
2018.03.20 19:15:00.063,1.49159,1.49176,1.12,1.31
2018.03.20 19:15:00.626,1.4916,1.49176,1.12,1.31
2018.03.20 19:15:02.736,1.4916,1.49176,2.19,1.19
2018.03.20 19:15:03.594,1.49161,1.49178,1.12,1.69
2018.03.20 19:15:04.648,1.49161,1.49178,3.00,1.19
2018.03.20 19:15:06.979,1.49162,1.49177,2.25,1.12
2018.03.20 19:15:07.049,1.4916,1.49177,2.06,1.12
2018.03.20 19:15:07.715,1.49159,1.49176,1.69,1.44
2018.03.20 19:15:08.296,1.49156,1.49173,1.37,1.12
2018.03.20 19:15:08.400,1.49155,1.49173,1.12,2.19
2018.03.20 19:15:08.453,1.49156,1.49172,2.62,1.56
2018.03.20 19:15:08.765,1.49155,1.49172,1.12,1.56
2018.03.20 19:15:09.019,1.49153,1.49169,2.06,1.19
2018.03.20 19:15:09.071,1.49152,1.49168,1.25,2.44
2018.03.20 19:15:09.621,1.49152,1.49168,1.87,1.19
2018.03.20 19:15:10.138,1.4915,1.49168,2.25,1.69
2018.03.20 19:15:11.533,1.49151,1.49167,2.81,1.31
2018.03.20 19:15:12.505,1.49148,1.49165,1.12,1.87
2018.03.20 19:15:13.281,1.49148,1.49165,1.12,1.69
2018.03.20 19:15:14.970,1.49147,1.49165,3.00,2.06
2018.03.20 19:15:16.051,1.49147,1.49164,2.25,1.69
2018.03.20 19:15:17.397,1.49147,1.49163,1.50,1.56
2018.03.20 19:15:17.932,1.49147,1.4916,1.19,1.00
2018.03.20 19:15:18.448,1.49147,1.49163,1.19,1.19
2018.03.20 19:15:19.235,1.49146,1.49163,1.75,1.69
2018.03.20 19:15:19.784,1.49145,1.49162,2.25,1.19
2018.03.20 19:15:20.730,1.49145,1.49163,1.87,2.25
2018.03.20 19:15:20.782,1.49145,1.49163,2.25,2.25
2018.03.20 19:15:20.937,1.49145,1.49161,1.50,1.19
2018.03.20 19:15:21.468,1.49144,1.49162,3.00,1.31
2018.03.20 19:15:23.799,1.49146,1.49162,1.62,1.19
2018.03.20 19:15:24.313,1.49146,1.49162,1.12,1.19
2018.03.20 19:15:24.852,1.49146,1.49162,1.25,1.19
2018.03.20 19:15:25.426,1.49147,1.4916,1.00,1.00
2018.03.20 19:15:25.930,1.49146,1.49161,2.81,1.31
2018.03.20 19:15:26.136,1.49144,1.49161,3.75,1.31
2018.03.20 19:15:26.680,1.49145,1.49161,3.37,1.31
2018.03.20 19:15:27.188,1.49144,1.49162,1.69,1.56
2018.03.20 19:15:27.802,1.49145,1.49163,2.81,1.56
2018.03.20 19:15:28.339,1.49145,1.49163,1.50,1.56
2018.03.20 19:15:28.855,1.49145,1.49163,1.50,1.56
2018.03.20 19:15:29.600,1.49146,1.49163,1.25,1.19
2018.03.20 19:15:34.738,1.49144,1.4916,3.56,1.31
2018.03.20 19:15:36.035,1.49144,1.49159,1.19,1.31
2018.03.20 19:15:36.086,1.49144,1.49159,1.00,1.31
2018.03.20 19:15:36.631,1.49144,1.49159,1.37,1.69
2018.03.20 19:15:37.169,1.49144,1.49158,1.00,1.69
2018.03.20 19:15:37.490,1.49143,1.49156,1.25,1.19
2018.03.20 19:15:38.381,1.49143,1.49154,1.00,1.31
2018.03.20 19:15:38.434,1.49138,1.49153,1.12,3.56
2018.03.20 19:15:38.967,1.49135,1.49151,1.69,3.56
2018.03.20 19:15:39.498,1.49135,1.4915,2.44,1.25
2018.03.20 19:15:39.602,1.49134,1.49149,2.19,1.19
2018.03.20 19:15:40.244,1.49134,1.49149,2.19,1.31
2018.03.20 19:15:41.694,1.49135,1.49151,3.75,3.56
2018.03.20 19:15:41.747,1.49138,1.49152,1.00,2.44
2018.03.20 19:15:41.954,1.49138,1.49154,1.37,2.06
2018.03.20 19:15:42.463,1.49138,1.49156,1.12,1.12
2018.03.20 19:15:42.668,1.49138,1.49155,2.62,1.56
2018.03.20 19:15:43.202,1.49138,1.49154,2.06,1.56
2018.03.20 19:15:44.260,1.49139,1.49155,2.62,1.19
2018.03.20 19:15:44.766,1.49141,1.49155,1.12,1.19
2018.03.20 19:15:45.755,1.4914,1.49157,1.12,2.62
2018.03.20 19:15:46.309,1.49141,1.49157,1.00,2.62
2018.03.20 19:15:46.887,1.4914,1.49155,1.00,1.50
2018.03.20 19:15:47.678,1.49141,1.49155,1.00,3.75
2018.03.20 19:15:48.217,1.4914,1.49155,1.12,2.19
2018.03.20 19:15:48.867,1.49138,1.49153,1.87,1.19
2018.03.20 19:15:48.920,1.49134,1.4915,1.69,4.31
2018.03.20 19:15:49.436,1.49134,1.49149,1.50,2.81
2018.03.20 19:15:49.770,1.49135,1.49151,1.87,3.56
2018.03.20 19:15:50.594,1.49134,1.49149,1.69,2.00
2018.03.20 19:15:52.001,1.49134,1.4915,1.81,3.75
2018.03.20 19:15:52.529,1.49132,1.49149,1.12,2.06
2018.03.20 19:15:53.043,1.49133,1.49148,1.31,2.81
2018.03.20 19:15:53.216,1.49135,1.49151,1.12,3.56
2018.03.20 19:15:53.268,1.49133,1.4915,3.56,2.44
2018.03.20 19:15:53.784,1.49133,1.49147,1.19,1.00
2018.03.20 19:15:54.311,1.49133,1.4915,1.69,4.12
2018.03.20 19:15:54.850,1.49133,1.49148,1.31,3.56
2018.03.20 19:15:56.378,1.49133,1.49148,1.31,4.69
2018.03.20 19:15:56.915,1.49133,1.49147,1.25,2.81
2018.03.20 19:15:57.475,1.49133,1.49147,1.19,1.00
2018.03.20 19:15:58.131,1.49133,1.49147,1.69,1.19
2018.03.20 19:15:58.654,1.49132,1.49147,1.31,3.00
2018.03.20 19:15:59.159,1.49132,1.49147,1.69,1.37
2018.03.20 19:16:02.626,1.49132,1.49146,1.69,1.19
2018.03.20 19:16:03.073,1.49126,1.49141,1.69,2.81
2018.03.20 19:16:03.503,1.49127,1.49144,1.31,1.94
2018.03.20 19:16:04.028,1.49127,1.49144,3.94,1.31
2018.03.20 19:16:04.632,1.49126,1.49143,2.44,1.31
2018.03.20 19:16:06.139,1.49126,1.49143,2.44,1.31
2018.03.20 19:16:07.673,1.49126,1.49142,3.56,1.44
2018.03.20 19:16:08.183,1.49126,1.49141,1.56,1.19
2018.03.20 19:16:10.186,1.49128,1.49145,1.50,1.56
2018.03.20 19:16:10.719,1.49129,1.49146,1.25,2.25
2018.03.20 19:16:11.384,1.49129,1.49146,1.12,2.19
2018.03.20 19:16:11.927,1.49131,1.49145,1.37,1.81
2018.03.20 19:16:12.726,1.49131,1.49145,1.50,1.50
2018.03.20 19:16:15.542,1.4913,1.49145,3.56,1.44
2018.03.20 19:16:17.744,1.4913,1.49145,1.31,1.87
2018.03.20 19:16:18.306,1.4913,1.49145,2.81,1.81
2018.03.20 19:16:18.818,1.49128,1.49145,1.56,1.87
2018.03.20 19:16:18.871,1.49128,1.49145,1.25,2.62
2018.03.20 19:16:18.924,1.49128,1.49142,1.25,1.56
2018.03.20 19:16:19.447,1.49128,1.49141,1.00,1.44
2018.03.20 19:16:19.581,1.49125,1.49141,1.56,1.44
2018.03.20 19:16:20.121,1.49125,1.49141,1.56,1.87
2018.03.20 19:16:21.029,1.49125,1.4914,2.81,1.44
2018.03.20 19:16:21.081,1.49126,1.49143,3.75,1.87
2018.03.20 19:16:21.133,1.49133,1.49145,1.00,1.25
2018.03.20 19:16:21.264,1.49132,1.49147,2.44,1.25
2018.03.20 19:16:21.674,1.49131,1.49146,3.56,1.50
2018.03.20 19:16:21.776,1.4913,1.49145,1.00,1.12
2018.03.20 19:16:21.827,1.49127,1.49144,1.69,1.81
2018.03.20 19:16:22.134,1.49127,1.49141,1.25,1.50
2018.03.20 19:16:25.580,1.49127,1.49141,1.12,1.25
2018.03.20 19:16:26.099,1.49127,1.49142,1.69,1.31
2018.03.20 19:16:26.429,1.49131,1.49147,3.19,2.06
2018.03.20 19:16:26.943,1.49133,1.49147,2.25,1.69
2018.03.20 19:16:26.995,1.49134,1.49149,1.00,2.25
2018.03.20 19:16:27.454,1.49135,1.49151,1.75,1.75
2018.03.20 19:16:27.581,1.49137,1.49152,2.62,1.19
2018.03.20 19:16:28.285,1.49138,1.49152,2.62,1.19
2018.03.20 19:16:28.390,1.49136,1.49152,2.81,1.44
2018.03.20 19:16:28.988,1.49137,1.49152,2.81,1.44
2018.03.20 19:16:29.551,1.49137,1.49152,2.81,1.44
2018.03.20 19:16:30.053,1.49135,1.49152,4.12,1.44
2018.03.20 19:16:31.044,1.49136,1.49152,3.75,1.31
2018.03.20 19:16:31.409,1.49138,1.49152,2.81,1.31
2018.03.20 19:16:31.461,1.49138,1.49152,1.25,1.31
2018.03.20 19:16:31.988,1.49139,1.49155,1.56,1.31
2018.03.20 19:16:32.297,1.49139,1.49151,1.19,1.00
2018.03.20 19:16:32.944,1.49137,1.49151,1.50,1.00
2018.03.20 19:16:33.635,1.49137,1.49152,2.25,1.00
2018.03.20 19:16:34.763,1.49137,1.49152,3.75,1.00
2018.03.20 19:16:35.114,1.49139,1.49154,1.12,1.25
2018.03.20 19:16:37.076,1.49139,1.49154,1.12,1.00
2018.03.20 19:16:37.754,1.49139,1.49154,1.12,1.00
2018.03.20 19:16:38.411,1.49138,1.49154,2.81,1.81
2018.03.20 19:16:38.463,1.49137,1.49152,1.69,1.25
2018.03.20 19:16:38.517,1.49134,1.4915,4.87,1.56
2018.03.20 19:16:39.444,1.49137,1.49152,1.19,2.06
2018.03.20 19:16:39.992,1.49136,1.4915,1.19,1.62
2018.03.20 19:16:40.542,1.49136,1.4915,1.19,3.19
2018.03.20 19:16:40.976,1.49136,1.4915,1.69,1.25
2018.03.20 19:16:41.492,1.49135,1.49149,1.19,1.00
2018.03.20 19:16:42.491,1.49135,1.4915,1.19,1.31
2018.03.20 19:16:44.276,1.49134,1.49152,3.37,3.94
2018.03.20 19:16:44.812,1.49136,1.49152,1.87,2.81
2018.03.20 19:16:45.023,1.49138,1.49153,1.19,3.56
2018.03.20 19:16:46.097,1.49141,1.49155,1.87,2.06
2018.03.20 19:16:46.498,1.49143,1.49156,1.25,2.62
2018.03.20 19:16:47.026,1.49143,1.49155,1.00,1.00
2018.03.20 19:16:47.306,1.49139,1.49156,3.00,1.87
2018.03.20 19:16:47.669,1.4914,1.49156,1.69,3.00
2018.03.20 19:16:47.721,1.4914,1.49154,1.25,1.00
2018.03.20 19:16:49.601,1.49141,1.49156,1.00,1.31
2018.03.20 19:16:50.133,1.49142,1.49156,1.00,2.81
2018.03.20 19:16:51.213,1.49139,1.49154,3.75,1.25
2018.03.20 19:16:51.763,1.49139,1.49156,1.62,3.94
2018.03.20 19:16:52.045,1.49142,1.49157,1.00,3.37
2018.03.20 19:16:52.097,1.49139,1.49156,1.62,1.56
2018.03.20 19:16:53.195,1.4914,1.49157,3.37,3.00
2018.03.20 19:16:54.450,1.49139,1.49155,1.00,2.06
2018.03.20 19:16:55.041,1.49137,1.49151,1.25,1.00
2018.03.20 19:16:55.095,1.49137,1.49153,3.56,1.69
2018.03.20 19:16:55.463,1.49137,1.49152,1.00,1.69
2018.03.20 19:16:55.670,1.49138,1.49152,2.62,1.69
2018.03.20 19:16:56.218,1.49138,1.49154,2.81,2.44
2018.03.20 19:16:56.753,1.49139,1.49154,2.62,2.44
2018.03.20 19:16:57.117,1.49137,1.49154,4.12,3.94
2018.03.20 19:16:57.478,1.49137,1.49152,1.31,1.69
2018.03.20 19:16:57.530,1.49139,1.49153,1.00,1.31
2018.03.20 19:17:00.178,1.49137,1.49152,3.37,1.31
2018.03.20 19:17:00.484,1.49137,1.49152,2.25,2.25
2018.03.20 19:17:00.691,1.49133,1.49148,1.19,1.19
2018.03.20 19:17:00.794,1.49132,1.49148,1.69,1.69
2018.03.20 19:17:01.181,1.49132,1.49148,1.69,2.44
2018.03.20 19:17:02.393,1.49132,1.49147,1.00,1.31
2018.03.20 19:17:03.870,1.49132,1.49146,1.00,1.56
2018.03.20 19:17:10.810,1.4913,1.49144,1.31,2.81
2018.03.20 19:17:11.241,1.49131,1.49145,2.62,2.06
2018.03.20 19:17:11.343,1.4913,1.49145,1.25,3.56
2018.03.20 19:17:13.142,1.4913,1.49143,1.25,2.81
2018.03.20 19:17:14.261,1.4913,1.49144,1.25,1.56
2018.03.20 19:17:14.926,1.4913,1.49144,1.25,1.31
2018.03.20 19:17:15.630,1.4913,1.4914,1.00,2.44
2018.03.20 19:17:15.686,1.49124,1.4914,3.37,2.44
2018.03.20 19:17:15.845,1.49124,1.4914,1.37,1.87
2018.03.20 19:17:16.079,1.49123,1.49137,1.25,2.81
2018.03.20 19:17:16.602,1.49123,1.49138,1.00,1.31
2018.03.20 19:17:17.158,1.49123,1.49135,1.00,3.00
2018.03.20 19:17:17.213,1.49121,1.49135,1.00,3.00
2018.03.20 19:17:17.265,1.49119,1.49133,1.31,2.81
2018.03.20 19:17:17.782,1.49118,1.49135,1.25,3.75
2018.03.20 19:17:18.259,1.49116,1.49131,2.25,2.81
2018.03.20 19:17:18.414,1.49116,1.49131,1.12,2.81
2018.03.20 19:17:18.740,1.49116,1.4913,1.87,2.62
2018.03.20 19:17:19.145,1.49116,1.49128,1.00,1.75
2018.03.20 19:17:19.614,1.49114,1.49126,1.31,2.62
2018.03.20 19:17:20.496,1.49114,1.49128,1.00,2.81
2018.03.20 19:17:20.619,1.49114,1.49127,1.12,2.62
2018.03.20 19:17:20.722,1.49114,1.49129,1.50,2.44
2018.03.20 19:17:20.774,1.49114,1.49126,1.12,2.62
2018.03.20 19:17:20.826,1.49113,1.49127,2.81,1.00
2018.03.20 19:17:21.136,1.49116,1.49129,1.00,1.19
2018.03.20 19:17:22.282,1.49115,1.4913,1.00,3.56
2018.03.20 19:17:22.595,1.49109,1.49125,4.69,1.19
2018.03.20 19:17:22.704,1.4911,1.49125,1.69,2.44
2018.03.20 19:17:22.892,1.4911,1.49123,1.50,1.00
2018.03.20 19:17:23.148,1.49113,1.49126,1.12,1.00
2018.03.20 19:17:23.714,1.49112,1.49127,1.69,2.62
2018.03.20 19:17:23.986,1.49113,1.49126,1.31,2.44
2018.03.20 19:17:24.090,1.49114,1.49129,1.44,2.81
2018.03.20 19:17:24.634,1.49116,1.4913,1.25,2.81
2018.03.20 19:17:25.334,1.49115,1.49131,1.19,2.81
2018.03.20 19:17:25.580,1.49118,1.49131,1.19,2.81
2018.03.20 19:17:25.684,1.49117,1.49132,2.19,1.00
2018.03.20 19:17:25.839,1.49121,1.49133,1.12,2.62
2018.03.20 19:17:26.047,1.49121,1.49137,1.87,2.81
2018.03.20 19:17:26.752,1.49121,1.49137,2.62,2.81
2018.03.20 19:17:27.643,1.49123,1.49138,1.69,1.19
2018.03.20 19:17:27.850,1.49121,1.49136,1.87,2.81
2018.03.20 19:17:27.902,1.49121,1.49134,1.00,2.81
2018.03.20 19:17:28.438,1.49121,1.49132,1.19,1.00
2018.03.20 19:17:28.688,1.49119,1.49132,1.44,2.62
2018.03.20 19:17:29.586,1.49119,1.49132,1.00,2.62
2018.03.20 19:17:30.382,1.49119,1.49132,1.69,2.62
2018.03.20 19:17:30.883,1.49119,1.49134,1.69,3.94
2018.03.20 19:17:30.935,1.49119,1.49134,1.69,3.94
2018.03.20 19:17:31.073,1.4912,1.49135,1.19,2.81
2018.03.20 19:17:31.396,1.49121,1.49134,1.44,2.25
2018.03.20 19:17:31.500,1.49121,1.49135,1.87,1.25
2018.03.20 19:17:32.418,1.49121,1.49136,2.25,2.62
2018.03.20 19:17:32.646,1.49122,1.49137,1.69,2.25
2018.03.20 19:17:32.698,1.49121,1.49138,2.25,3.19
2018.03.20 19:17:32.955,1.49122,1.49138,1.31,1.25
2018.03.20 19:17:33.318,1.49121,1.49136,2.25,2.62
2018.03.20 19:17:33.866,1.49122,1.49138,1.56,3.19
2018.03.20 19:17:34.408,1.49123,1.49137,1.19,2.62
2018.03.20 19:17:35.325,1.49122,1.49137,3.75,1.00
2018.03.20 19:17:35.377,1.49122,1.49137,3.00,2.62
2018.03.20 19:17:36.137,1.49125,1.4914,3.37,1.31
2018.03.20 19:17:36.675,1.49127,1.49142,3.37,1.19
2018.03.20 19:17:37.223,1.49128,1.49143,1.50,2.81
2018.03.20 19:17:37.758,1.49128,1.49143,1.00,2.81
2018.03.20 19:17:38.272,1.49127,1.49144,3.37,3.00
2018.03.20 19:17:38.803,1.49128,1.49143,2.25,2.81
2018.03.20 19:17:38.855,1.49128,1.49144,1.12,2.81
2018.03.20 19:17:39.376,1.49131,1.49144,1.00,2.25
2018.03.20 19:17:39.821,1.49133,1.49148,2.81,1.00
2018.03.20 19:17:40.335,1.49137,1.4915,1.00,1.69
2018.03.20 19:17:40.802,1.49137,1.49149,1.00,2.81
2018.03.20 19:17:40.854,1.49135,1.49149,1.25,3.19
2018.03.20 19:17:41.009,1.49133,1.49148,4.69,1.25
2018.03.20 19:17:41.547,1.49135,1.4915,1.69,1.19
2018.03.20 19:17:41.861,1.49136,1.4915,2.81,1.19
2018.03.20 19:17:42.122,1.49136,1.4915,1.25,1.31
2018.03.20 19:17:42.326,1.49136,1.4915,1.94,1.00
2018.03.20 19:17:42.785,1.49137,1.4915,1.94,1.00
2018.03.20 19:17:42.938,1.49137,1.49154,2.81,2.25
2018.03.20 19:17:43.143,1.49137,1.49152,1.19,1.00
2018.03.20 19:17:43.246,1.49136,1.49154,4.87,3.56
2018.03.20 19:17:43.297,1.49139,1.49155,1.69,2.81
2018.03.20 19:17:43.572,1.49139,1.49156,2.81,1.56
2018.03.20 19:17:43.937,1.49139,1.49157,2.81,1.50
2018.03.20 19:17:44.041,1.49139,1.49153,1.31,1.00
2018.03.20 19:17:44.547,1.4914,1.49153,1.19,1.00
2018.03.20 19:17:44.600,1.49142,1.49156,1.25,1.37
2018.03.20 19:17:45.152,1.49142,1.49156,1.25,3.37
2018.03.20 19:17:45.255,1.49142,1.49156,1.25,1.25
2018.03.20 19:17:45.777,1.49142,1.49156,1.31,1.19
2018.03.20 19:17:46.421,1.49143,1.49158,1.19,2.62
2018.03.20 19:17:46.728,1.49144,1.4916,1.56,2.44
2018.03.20 19:17:46.885,1.49143,1.49159,1.75,1.37
2018.03.20 19:17:46.938,1.49142,1.49159,3.56,1.37
2018.03.20 19:17:46.991,1.49145,1.4916,1.62,1.31
2018.03.20 19:17:47.187,1.49143,1.4916,1.50,2.62
2018.03.20 19:17:47.391,1.49142,1.49158,2.06,3.00
2018.03.20 19:17:47.698,1.49143,1.49158,1.37,1.00
2018.03.20 19:17:48.210,1.49145,1.49158,1.25,2.62
2018.03.20 19:17:48.686,1.49144,1.49158,1.31,1.25
2018.03.20 19:17:48.842,1.49143,1.49156,1.19,1.00
2018.03.20 19:17:49.397,1.49142,1.49155,1.44,1.00
2018.03.20 19:17:49.979,1.49143,1.49155,1.00,1.00
2018.03.20 19:17:50.447,1.49145,1.49158,1.00,1.31
2018.03.20 19:17:50.499,1.49145,1.49156,1.00,2.62
2018.03.20 19:17:50.551,1.49141,1.49158,1.69,3.19
2018.03.20 19:17:51.133,1.49143,1.49156,1.25,2.62
2018.03.20 19:17:51.573,1.49145,1.49157,1.00,2.25
2018.03.20 19:17:51.624,1.49143,1.49157,1.00,2.62
2018.03.20 19:17:51.676,1.49141,1.49153,1.31,2.62
2018.03.20 19:17:52.549,1.4914,1.49154,1.69,2.25
2018.03.20 19:17:52.602,1.4914,1.49155,1.25,1.12
2018.03.20 19:17:53.514,1.4914,1.49154,1.25,2.62
2018.03.20 19:17:54.162,1.49139,1.49155,1.19,1.31
2018.03.20 19:17:54.731,1.4914,1.49156,1.19,3.75
2018.03.20 19:17:55.261,1.49141,1.49155,1.00,3.00
2018.03.20 19:17:55.803,1.49139,1.49156,1.31,1.50
2018.03.20 19:17:55.855,1.49138,1.49154,1.31,2.81
2018.03.20 19:17:56.113,1.49138,1.49155,1.69,1.19
2018.03.20 19:17:56.394,1.4914,1.49154,1.19,2.81
2018.03.20 19:17:56.447,1.4914,1.49155,1.31,1.19
2018.03.20 19:17:57.160,1.4914,1.49156,1.19,1.12
2018.03.20 19:17:57.445,1.4914,1.49154,1.19,2.44
2018.03.20 19:17:57.497,1.49141,1.49156,1.19,1.44
2018.03.20 19:17:57.824,1.49143,1.49152,1.00,2.62
2018.03.20 19:17:57.927,1.49141,1.49155,1.19,2.81
2018.03.20 19:17:58.475,1.4914,1.49157,1.19,2.44
2018.03.20 19:17:59.166,1.49142,1.49157,1.00,1.19
2018.03.20 19:17:59.524,1.49144,1.49157,1.00,1.44
2018.03.20 19:18:00.116,1.49143,1.49157,1.25,1.44
2018.03.20 19:18:01.151,1.49143,1.49157,1.25,1.50
2018.03.20 19:18:01.699,1.49144,1.49157,1.00,1.44
2018.03.20 19:18:02.624,1.49145,1.49158,1.00,1.37
2018.03.20 19:18:03.201,1.49144,1.49158,1.25,1.12
2018.03.20 19:18:03.253,1.49144,1.49158,1.25,1.44
2018.03.20 19:18:03.793,1.49145,1.49158,1.00,1.44
2018.03.20 19:18:04.329,1.49144,1.49158,1.25,1.44
2018.03.20 19:18:05.261,1.49145,1.49159,1.00,1.69
2018.03.20 19:18:05.480,1.49144,1.49159,1.25,1.56
2018.03.20 19:18:06.542,1.49143,1.49158,1.19,1.19
2018.03.20 19:18:08.027,1.49143,1.49159,1.19,5.25
2018.03.20 19:18:08.547,1.49142,1.49159,1.56,1.19
2018.03.20 19:18:09.886,1.49141,1.49156,1.19,1.62
2018.03.20 19:18:10.193,1.49139,1.49153,1.19,1.25
2018.03.20 19:18:10.528,1.49137,1.49153,2.06,1.12
2018.03.20 19:18:10.630,1.4914,1.4915,1.00,1.00
2018.03.20 19:18:10.937,1.49137,1.49148,1.00,2.62
2018.03.20 19:18:11.537,1.49137,1.49151,1.25,3.19
2018.03.20 19:18:11.854,1.49136,1.49148,1.00,2.62
2018.03.20 19:18:12.009,1.49135,1.49149,1.25,1.00
2018.03.20 19:18:13.059,1.49135,1.49148,1.25,2.62
2018.03.20 19:18:14.626,1.49133,1.49148,1.87,2.81
2018.03.20 19:18:16.325,1.49134,1.49143,1.25,1.00
2018.03.20 19:18:16.377,1.49133,1.49146,1.44,1.00
2018.03.20 19:18:16.738,1.49133,1.49146,1.44,2.62
2018.03.20 19:18:16.842,1.49133,1.49149,1.50,1.56
2018.03.20 19:18:16.894,1.49133,1.49147,1.44,2.62
2018.03.20 19:18:17.532,1.49133,1.49147,1.12,2.81
2018.03.20 19:18:18.002,1.4913,1.49142,1.50,1.00
2018.03.20 19:18:19.021,1.4913,1.49145,1.44,3.37
2018.03.20 19:18:19.139,1.49129,1.49142,1.50,2.62
2018.03.20 19:18:19.191,1.49129,1.49144,1.69,2.25
2018.03.20 19:18:19.348,1.49128,1.49143,1.81,2.62
2018.03.20 19:18:19.811,1.49128,1.49139,1.19,1.00
2018.03.20 19:18:19.864,1.49127,1.49144,2.06,3.75
2018.03.20 19:18:20.071,1.49127,1.49139,1.19,1.00
2018.03.20 19:18:20.599,1.49127,1.49142,1.19,2.62
2018.03.20 19:18:20.948,1.49127,1.4914,1.19,2.62
2018.03.20 19:18:21.693,1.49127,1.4914,1.00,2.62
2018.03.20 19:18:23.251,1.49127,1.49139,1.00,1.00
2018.03.20 19:18:23.815,1.49127,1.49142,1.00,2.62
2018.03.20 19:18:24.719,1.49125,1.49141,2.81,1.62
2018.03.20 19:18:24.772,1.49125,1.4914,2.06,2.62
2018.03.20 19:18:26.269,1.49125,1.4914,1.25,2.62
2018.03.20 19:18:27.506,1.49125,1.49141,1.69,3.56
2018.03.20 19:18:27.558,1.49125,1.49142,1.31,3.00
2018.03.20 19:18:28.026,1.49124,1.4914,1.31,3.56
2018.03.20 19:18:28.338,1.49124,1.49142,3.75,2.81
2018.03.20 19:18:28.673,1.49126,1.49143,1.31,1.87
2018.03.20 19:18:29.204,1.49129,1.49146,1.19,4.12
2018.03.20 19:18:29.639,1.49131,1.49148,2.44,4.87
2018.03.20 19:18:30.370,1.49131,1.49148,1.31,2.25
2018.03.20 19:18:30.422,1.49131,1.49147,1.31,1.12
2018.03.20 19:18:30.975,1.49131,1.49146,1.31,2.81
2018.03.20 19:18:31.518,1.49131,1.49146,1.00,3.19
2018.03.20 19:18:31.798,1.49131,1.49144,1.00,2.44
2018.03.20 19:18:32.539,1.49129,1.49142,1.00,2.81
2018.03.20 19:18:32.745,1.49127,1.49141,1.31,1.19
2018.03.20 19:18:33.573,1.49127,1.49141,1.31,2.62
2018.03.20 19:18:34.113,1.49128,1.49143,1.19,2.81
2018.03.20 19:18:34.165,1.49127,1.49142,1.31,2.81
2018.03.20 19:18:35.036,1.49126,1.49139,1.25,2.81
2018.03.20 19:18:35.140,1.49125,1.49141,1.69,3.00
2018.03.20 19:18:35.760,1.49126,1.49142,1.19,4.69
2018.03.20 19:18:36.374,1.49126,1.49141,1.19,2.81
2018.03.20 19:18:37.039,1.49127,1.49143,1.19,1.62
2018.03.20 19:18:37.569,1.49129,1.49143,1.19,2.81
2018.03.20 19:18:38.070,1.49129,1.49142,1.31,1.00
2018.03.20 19:18:38.226,1.4913,1.49144,1.25,1.50
2018.03.20 19:18:38.785,1.49132,1.49144,1.00,1.00
2018.03.20 19:18:39.044,1.4913,1.49145,1.25,2.81
2018.03.20 19:18:39.218,1.4913,1.49146,1.19,3.56
2018.03.20 19:18:39.374,1.49133,1.49147,1.00,1.81
2018.03.20 19:18:39.913,1.49134,1.49147,1.25,2.44
2018.03.20 19:18:40.020,1.49135,1.49149,1.19,3.56
2018.03.20 19:18:40.124,1.49136,1.49151,1.69,3.00
2018.03.20 19:18:40.656,1.49136,1.49151,1.25,1.12
2018.03.20 19:18:41.892,1.49137,1.49152,1.12,1.12
2018.03.20 19:18:42.410,1.49136,1.49151,1.69,3.00
2018.03.20 19:18:43.457,1.49136,1.49151,1.00,1.87
2018.03.20 19:18:43.594,1.49132,1.49146,1.19,2.81
2018.03.20 19:18:43.648,1.49131,1.49149,3.56,1.69
2018.03.20 19:18:44.177,1.49132,1.49149,3.56,2.00
2018.03.20 19:18:47.764,1.49133,1.49149,1.69,1.69
2018.03.20 19:18:48.556,1.49137,1.49152,1.00,3.37
2018.03.20 19:18:48.608,1.49139,1.49153,2.06,1.00
2018.03.20 19:18:48.764,1.49139,1.49155,1.19,2.19
2018.03.20 19:18:48.817,1.49139,1.49156,1.19,4.31
2018.03.20 19:18:49.335,1.49139,1.49155,2.06,2.81
2018.03.20 19:18:50.324,1.49141,1.49155,1.69,1.12
2018.03.20 19:18:50.632,1.4914,1.49154,2.62,1.56
2018.03.20 19:18:50.839,1.4914,1.49154,2.81,1.81
2018.03.20 19:18:51.684,1.4914,1.49153,2.81,1.19
2018.03.20 19:18:51.845,1.4914,1.49153,2.81,1.19
2018.03.20 19:18:52.006,1.49139,1.49153,3.56,1.19
2018.03.20 19:18:52.793,1.49139,1.49153,3.37,1.19
2018.03.20 19:18:52.957,1.49139,1.49153,3.37,1.25
2018.03.20 19:18:53.312,1.49139,1.49153,3.37,1.19
2018.03.20 19:18:53.364,1.49139,1.49153,3.37,1.19
2018.03.20 19:18:53.758,1.49139,1.49153,3.37,1.19
2018.03.20 19:18:53.812,1.4914,1.49156,3.00,3.19
2018.03.20 19:18:53.865,1.49142,1.49156,2.81,1.19
2018.03.20 19:18:53.917,1.49142,1.49156,2.62,1.44
2018.03.20 19:18:57.493,1.49142,1.49156,2.62,1.50
2018.03.20 19:18:57.805,1.49143,1.49159,2.62,4.12
2018.03.20 19:19:00.477,1.49143,1.49159,3.56,3.94
2018.03.20 19:19:01.273,1.49143,1.49159,2.81,4.12
2018.03.20 19:19:02.550,1.49138,1.49153,1.44,3.00
2018.03.20 19:19:02.617,1.49137,1.49153,1.31,1.56
2018.03.20 19:19:02.924,1.49138,1.49151,1.19,2.62
2018.03.20 19:19:03.232,1.49137,1.4915,1.69,2.62
2018.03.20 19:19:03.607,1.49137,1.49148,1.00,2.25
2018.03.20 19:19:04.119,1.49134,1.49147,2.06,2.25
2018.03.20 19:19:04.700,1.49134,1.49147,1.31,2.25
2018.03.20 19:19:06.130,1.49134,1.49147,1.69,2.62
2018.03.20 19:19:07.519,1.49134,1.49147,1.44,2.62
2018.03.20 19:19:07.571,1.49136,1.49151,1.00,1.75
2018.03.20 19:19:07.727,1.49135,1.49151,3.00,1.12
2018.03.20 19:19:07.831,1.49135,1.49151,1.37,3.37
2018.03.20 19:19:08.692,1.49136,1.49151,1.19,2.81
2018.03.20 19:19:10.534,1.49136,1.49151,1.19,1.12
2018.03.20 19:19:11.073,1.49136,1.49148,1.25,1.00
2018.03.20 19:19:15.450,1.49133,1.49146,1.00,1.00
2018.03.20 19:19:15.506,1.49131,1.49146,1.25,1.56
2018.03.20 19:19:15.612,1.49131,1.49146,1.37,1.37
2018.03.20 19:19:15.821,1.49131,1.49146,1.12,1.37
2018.03.20 19:19:16.663,1.49131,1.49146,1.25,3.19
2018.03.20 19:19:19.354,1.49131,1.49146,1.44,3.00
2018.03.20 19:19:20.291,1.49131,1.49146,1.19,1.31
2018.03.20 19:19:20.796,1.49131,1.49143,1.25,2.81
2018.03.20 19:19:21.003,1.49131,1.49145,1.12,3.56
2018.03.20 19:19:21.481,1.49131,1.49143,1.25,2.62
2018.03.20 19:19:22.026,1.49131,1.49144,1.25,2.62
2018.03.20 19:19:22.330,1.49131,1.49145,1.19,1.00
2018.03.20 19:19:24.388,1.49131,1.49145,1.19,1.00
2018.03.20 19:19:27.397,1.49131,1.49147,1.44,2.62
2018.03.20 19:19:28.658,1.49131,1.49146,1.44,1.00
2018.03.20 19:19:28.709,1.49131,1.49145,1.44,2.62
2018.03.20 19:19:28.813,1.49131,1.49147,1.50,2.81
2018.03.20 19:19:29.353,1.49131,1.49146,1.44,2.62
2018.03.20 19:19:30.539,1.49131,1.49146,1.44,2.62
2018.03.20 19:19:31.809,1.49131,1.49146,1.44,2.62
2018.03.20 19:19:35.140,1.49131,1.49144,1.00,2.62
2018.03.20 19:19:35.605,1.49127,1.49142,1.50,2.62
2018.03.20 19:19:35.803,1.49128,1.49145,1.12,3.75
2018.03.20 19:19:36.216,1.49128,1.49145,1.87,1.12
2018.03.20 19:19:36.268,1.49128,1.49146,1.87,6.00
2018.03.20 19:19:36.780,1.49127,1.49145,1.69,3.94
2018.03.20 19:19:37.307,1.49126,1.49141,1.19,2.81
2018.03.20 19:19:37.516,1.49128,1.49142,1.87,1.00
2018.03.20 19:19:37.828,1.49131,1.49146,2.44,2.25
2018.03.20 19:19:38.320,1.49131,1.49146,1.69,1.00
2018.03.20 19:19:39.015,1.49132,1.49147,1.00,1.62
2018.03.20 19:19:39.173,1.49132,1.49143,1.00,1.00
2018.03.20 19:19:39.226,1.49132,1.49147,1.00,3.56
2018.03.20 19:19:39.279,1.49132,1.49145,1.00,2.62
2018.03.20 19:19:39.802,1.49131,1.49144,1.69,1.00
2018.03.20 19:19:40.365,1.49131,1.49143,1.69,1.00
2018.03.20 19:19:42.035,1.49131,1.49146,1.69,2.81
2018.03.20 19:19:42.565,1.49131,1.49144,1.19,2.81
2018.03.20 19:19:42.955,1.49131,1.49145,1.44,2.25
2018.03.20 19:19:43.212,1.49131,1.49146,1.44,1.25
2018.03.20 19:19:43.317,1.49131,1.49145,1.19,2.81
2018.03.20 19:19:43.821,1.49131,1.49145,1.19,2.81
2018.03.20 19:19:44.341,1.49131,1.49146,1.44,3.56
2018.03.20 19:19:46.940,1.49131,1.49145,1.25,1.69
2018.03.20 19:19:47.371,1.49131,1.49145,1.25,2.00
2018.03.20 19:19:48.392,1.49128,1.49145,1.81,3.75
2018.03.20 19:19:49.575,1.49127,1.4914,1.19,1.00
2018.03.20 19:19:49.882,1.49124,1.49137,1.31,2.81
2018.03.20 19:19:50.087,1.49124,1.49139,1.31,3.19
2018.03.20 19:19:51.248,1.49124,1.4914,1.50,3.75
2018.03.20 19:19:51.899,1.49124,1.49139,1.12,1.12
2018.03.20 19:19:51.952,1.49121,1.49135,1.00,3.00
2018.03.20 19:19:52.211,1.4912,1.49131,1.00,1.00
2018.03.20 19:19:52.742,1.4912,1.49131,1.00,2.62
2018.03.20 19:19:53.278,1.4912,1.49132,1.25,2.25
2018.03.20 19:19:53.381,1.4912,1.49135,1.25,4.69
2018.03.20 19:19:53.917,1.49119,1.49135,2.06,3.56
2018.03.20 19:19:54.124,1.49119,1.49135,1.69,1.87
2018.03.20 19:19:54.495,1.49118,1.49132,1.50,2.62
2018.03.20 19:19:54.548,1.49117,1.49132,2.25,2.62
2018.03.20 19:19:55.074,1.49117,1.49132,2.25,2.62
2018.03.20 19:19:55.616,1.49117,1.49132,2.25,2.62
2018.03.20 19:19:56.029,1.49119,1.49134,1.25,1.44
2018.03.20 19:19:56.521,1.49119,1.49133,1.25,2.81
2018.03.20 19:19:57.029,1.4912,1.49133,1.00,2.81
2018.03.20 19:19:57.814,1.49119,1.49133,1.25,2.44
2018.03.20 19:19:58.374,1.49119,1.49134,1.25,2.81
2018.03.20 19:19:59.018,1.4912,1.49135,1.00,2.19
2018.03.20 19:19:59.528,1.49118,1.49135,1.50,2.19
2018.03.20 19:20:00.838,1.49118,1.49135,1.50,1.37
2018.03.20 19:20:01.163,1.49116,1.49128,1.00,1.12
2018.03.20 19:20:01.215,1.49108,1.49124,1.12,3.37
2018.03.20 19:20:01.370,1.49107,1.49122,1.31,3.19
2018.03.20 19:20:02.381,1.49106,1.49122,1.56,1.31
2018.03.20 19:20:02.887,1.49106,1.49122,1.81,1.19
2018.03.20 19:20:04.947,1.49108,1.49123,1.19,1.12
2018.03.20 19:20:05.493,1.49109,1.49126,3.56,1.12
2018.03.20 19:20:05.994,1.49108,1.49126,3.75,1.12
2018.03.20 19:20:06.537,1.4911,1.49126,2.81,1.12
2018.03.20 19:20:06.641,1.49112,1.49128,2.62,3.00
2018.03.20 19:20:07.017,1.49114,1.49131,2.62,4.13
2018.03.20 19:20:07.173,1.49112,1.4913,3.19,3.19
2018.03.20 19:20:07.536,1.4911,1.49129,4.31,1.12
2018.03.20 19:20:07.587,1.49111,1.49129,1.50,1.12
2018.03.20 19:20:07.639,1.4911,1.49129,2.02,2.25
2018.03.20 19:20:08.288,1.49112,1.49129,1.00,1.69
2018.03.20 19:20:08.391,1.49109,1.49129,3.90,2.06
2018.03.20 19:20:08.760,1.49111,1.49129,2.62,1.31
2018.03.20 19:20:09.146,1.49114,1.4913,4.31,1.56
2018.03.20 19:20:09.458,1.49116,1.49133,1.50,1.50
2018.03.20 19:20:09.959,1.49116,1.49134,1.69,1.56
2018.03.20 19:20:10.112,1.49119,1.49136,1.50,1.19
2018.03.20 19:20:10.456,1.49121,1.49137,3.94,1.44
2018.03.20 19:20:10.991,1.49121,1.4914,1.62,3.19
2018.03.20 19:20:11.147,1.49121,1.49139,4.50,1.37
2018.03.20 19:20:11.659,1.49122,1.49139,1.50,1.87
2018.03.20 19:20:11.711,1.49122,1.49139,4.12,1.87
2018.03.20 19:20:11.814,1.49123,1.49139,1.00,1.50
2018.03.20 19:20:11.917,1.49123,1.49139,3.56,1.31
2018.03.20 19:20:12.462,1.49124,1.49139,1.00,1.31
2018.03.20 19:20:12.771,1.4912,1.49137,1.12,1.56
2018.03.20 19:20:13.314,1.49122,1.49137,1.00,1.56
2018.03.20 19:20:13.636,1.49121,1.49138,1.00,2.62
2018.03.20 19:20:14.711,1.49118,1.49135,2.06,1.63
2018.03.20 19:20:15.242,1.49118,1.49135,1.69,1.37
2018.03.20 19:20:18.848,1.49118,1.49135,2.25,1.87
2018.03.20 19:20:20.573,1.49119,1.49135,1.00,1.87
2018.03.20 19:20:20.726,1.49119,1.49135,1.00,1.50
2018.03.20 19:20:21.271,1.4912,1.49135,1.00,1.25
2018.03.20 19:20:23.965,1.49121,1.49135,2.62,1.25
2018.03.20 19:20:24.017,1.49119,1.49135,1.62,1.25
2018.03.20 19:20:24.120,1.4912,1.49135,2.62,1.25
2018.03.20 19:20:24.327,1.49119,1.49135,1.69,1.25
2018.03.20 19:20:26.580,1.49119,1.49135,1.19,1.25
2018.03.20 19:20:27.135,1.49119,1.49135,1.25,1.25
2018.03.20 19:20:28.980,1.49121,1.49138,2.06,1.69
2018.03.20 19:20:29.485,1.49124,1.49138,1.00,1.25
2018.03.20 19:20:30.494,1.49123,1.49138,1.31,1.25
2018.03.20 19:20:30.971,1.49124,1.49138,1.50,1.25
2018.03.20 19:20:34.898,1.49126,1.49143,1.50,2.44
2018.03.20 19:20:35.042,1.49131,1.49145,1.25,1.25
2018.03.20 19:20:36.013,1.4913,1.49145,3.19,1.25
2018.03.20 19:20:36.521,1.49129,1.49145,1.56,1.25
2018.03.20 19:20:39.667,1.49128,1.49145,4.12,1.25
2018.03.20 19:20:39.976,1.4913,1.49149,4.69,3.00
2018.03.20 19:20:40.641,1.49132,1.49149,1.69,2.25
2018.03.20 19:20:41.162,1.49134,1.49149,1.00,2.25
2018.03.20 19:20:41.368,1.49131,1.49149,2.81,3.00
2018.03.20 19:20:41.956,1.49132,1.49149,2.25,3.19
2018.03.20 19:20:42.497,1.49134,1.49149,1.00,1.88
2018.03.20 19:20:43.046,1.49134,1.49149,2.25,1.69
2018.03.20 19:20:43.592,1.49132,1.49149,3.00,1.88
2018.03.20 19:20:44.124,1.49133,1.4915,2.62,1.56
2018.03.20 19:20:44.674,1.49133,1.4915,1.00,2.25
2018.03.20 19:20:45.218,1.49131,1.49148,1.12,1.19
2018.03.20 19:20:46.857,1.49132,1.49148,2.81,1.56
2018.03.20 19:20:47.680,1.4913,1.49148,2.25,2.44
2018.03.20 19:20:47.835,1.49134,1.49148,1.00,2.06
2018.03.20 19:20:48.265,1.49129,1.49144,1.37,1.69
2018.03.20 19:20:48.787,1.49129,1.49143,1.12,1.19
2018.03.20 19:20:50.444,1.49129,1.49144,1.50,1.69
2018.03.20 19:20:51.728,1.49127,1.49144,3.56,2.06
2018.03.20 19:20:53.362,1.49127,1.49143,1.00,1.37
2018.03.20 19:20:53.466,1.49125,1.49142,1.00,1.87
2018.03.20 19:20:54.345,1.49124,1.49141,1.12,1.13
2018.03.20 19:20:56.135,1.49123,1.49141,5.25,1.19
2018.03.20 19:20:56.955,1.49123,1.49142,1.50,3.19
2018.03.20 19:21:00.678,1.49124,1.49142,1.69,3.00
2018.03.20 19:21:01.106,1.49127,1.49142,1.00,2.06
2018.03.20 19:21:01.467,1.49128,1.49142,1.12,1.31
2018.03.20 19:21:02.476,1.49128,1.49142,2.25,1.25
2018.03.20 19:21:03.082,1.49127,1.49142,1.12,1.25
2018.03.20 19:21:03.524,1.49127,1.49142,1.50,1.25
2018.03.20 19:21:04.046,1.49128,1.49142,2.62,1.25
2018.03.20 19:21:04.570,1.49129,1.49142,2.62,1.25
2018.03.20 19:21:05.593,1.49128,1.49142,1.37,1.25
2018.03.20 19:21:05.645,1.49127,1.49142,1.12,1.25
2018.03.20 19:21:06.189,1.49127,1.49142,1.50,1.31
2018.03.20 19:21:06.590,1.49124,1.49141,1.00,1.12
2018.03.20 19:21:07.142,1.49125,1.49141,2.62,2.25
2018.03.20 19:21:08.161,1.49125,1.49142,2.62,1.87
2018.03.20 19:21:08.675,1.49125,1.49142,1.00,2.25
2018.03.20 19:21:08.728,1.49123,1.49142,2.81,2.44
2018.03.20 19:21:08.781,1.49125,1.49142,1.25,1.31
2018.03.20 19:21:08.891,1.49126,1.49142,1.50,1.31
2018.03.20 19:21:09.304,1.49125,1.49142,4.50,1.44
2018.03.20 19:21:09.838,1.49126,1.49142,2.62,1.44
2018.03.20 19:21:10.371,1.49127,1.49142,3.56,1.44
2018.03.20 19:21:11.739,1.49127,1.49142,2.81,1.44
2018.03.20 19:21:12.424,1.49128,1.49142,2.62,1.44
2018.03.20 19:21:13.111,1.49127,1.49142,3.56,1.44
2018.03.20 19:21:15.473,1.49128,1.49145,1.50,1.87
2018.03.20 19:21:16.387,1.49128,1.49145,1.75,1.87
2018.03.20 19:21:16.440,1.49128,1.49145,1.00,2.62
2018.03.20 19:21:16.492,1.49126,1.49143,1.69,1.19
2018.03.20 19:21:16.801,1.49129,1.49144,3.75,1.25
2018.03.20 19:21:17.351,1.4913,1.49146,3.75,1.44
2018.03.20 19:21:18.775,1.49129,1.49146,1.87,1.44
2018.03.20 19:21:19.384,1.49129,1.49146,1.87,1.37
2018.03.20 19:21:19.930,1.49129,1.49145,1.12,1.37
2018.03.20 19:21:20.612,1.49129,1.49145,1.69,1.44
2018.03.20 19:21:21.283,1.4913,1.49144,2.81,1.19
2018.03.20 19:21:21.963,1.49129,1.49146,2.44,2.25
2018.03.20 19:21:22.781,1.49129,1.49145,3.19,1.25
2018.03.20 19:21:24.531,1.49129,1.49146,5.25,1.44
2018.03.20 19:21:24.583,1.49131,1.49146,1.31,1.44
2018.03.20 19:21:24.798,1.49131,1.49146,1.31,1.19
2018.03.20 19:21:25.345,1.49132,1.49146,1.00,1.19
2018.03.20 19:21:25.744,1.49131,1.49146,1.56,1.00
2018.03.20 19:21:28.092,1.49133,1.49146,3.56,1.00
2018.03.20 19:21:28.424,1.49131,1.49148,1.00,1.37
2018.03.20 19:21:29.272,1.4913,1.49147,1.25,1.44
2018.03.20 19:21:29.832,1.4913,1.49147,1.19,1.19
2018.03.20 19:21:30.142,1.49132,1.49149,1.19,1.69
2018.03.20 19:21:30.506,1.4913,1.49147,2.44,1.50
2018.03.20 19:21:31.031,1.4913,1.49147,1.12,1.69
2018.03.20 19:21:31.722,1.4913,1.49147,1.00,1.87
2018.03.20 19:21:32.867,1.4913,1.49146,1.00,2.06
2018.03.20 19:21:33.076,1.49128,1.49144,1.00,1.19
2018.03.20 19:21:34.043,1.49127,1.49145,1.87,1.75
2018.03.20 19:21:35.105,1.49127,1.49144,1.00,1.12
2018.03.20 19:21:36.014,1.49126,1.49141,1.12,1.19
2018.03.20 19:21:36.327,1.49127,1.49141,1.00,1.44
2018.03.20 19:21:36.430,1.49124,1.49141,2.25,1.44
2018.03.20 19:21:36.947,1.49124,1.49138,1.00,1.44
2018.03.20 19:21:37.460,1.49125,1.49138,1.00,1.50
2018.03.20 19:21:38.007,1.49124,1.49138,1.00,1.31
2018.03.20 19:21:38.534,1.49124,1.49138,1.00,1.31
2018.03.20 19:21:39.893,1.49122,1.49138,1.00,1.31
2018.03.20 19:21:40.388,1.49122,1.49138,2.62,1.37
2018.03.20 19:21:40.796,1.49121,1.49137,1.50,1.37
2018.03.20 19:21:41.158,1.49119,1.49137,2.81,2.81
2018.03.20 19:21:42.161,1.4912,1.49137,2.25,2.62
2018.03.20 19:21:42.479,1.49117,1.49133,1.50,1.87
2018.03.20 19:21:42.786,1.49115,1.49132,1.37,1.87
2018.03.20 19:21:42.837,1.49114,1.49131,1.62,1.19
2018.03.20 19:21:43.385,1.49112,1.49132,2.62,2.62
2018.03.20 19:21:43.886,1.49113,1.49132,1.94,3.75
2018.03.20 19:21:44.293,1.49115,1.49132,2.62,3.19
2018.03.20 19:21:44.396,1.49114,1.49132,1.25,3.19
2018.03.20 19:21:45.477,1.49114,1.49132,1.69,2.81
2018.03.20 19:21:46.668,1.49114,1.49132,1.69,2.44
2018.03.20 19:21:46.721,1.49112,1.49132,2.81,2.44
2018.03.20 19:21:46.773,1.49112,1.4913,2.06,1.31
2018.03.20 19:21:47.349,1.49111,1.49128,1.44,1.00
2018.03.20 19:21:47.661,1.49112,1.4913,1.31,2.63
2018.03.20 19:21:47.766,1.49115,1.49133,2.25,1.75
2018.03.20 19:21:48.348,1.49116,1.49133,2.44,1.37
2018.03.20 19:21:48.853,1.49114,1.49132,3.00,2.25
2018.03.20 19:21:48.907,1.49114,1.49132,3.00,2.25
2018.03.20 19:21:49.419,1.49114,1.4913,1.00,1.37
2018.03.20 19:21:49.996,1.49113,1.49131,1.50,2.25
2018.03.20 19:21:50.333,1.49114,1.49131,3.75,1.87
2018.03.20 19:21:52.048,1.49114,1.49133,4.50,3.00
2018.03.20 19:21:53.090,1.49115,1.49131,3.00,1.44
2018.03.20 19:21:53.421,1.4912,1.49136,1.00,1.75
2018.03.20 19:21:53.972,1.49119,1.49136,2.62,2.25
2018.03.20 19:21:54.128,1.49118,1.49137,1.31,3.37
2018.03.20 19:21:54.595,1.49119,1.49137,2.25,3.37
2018.03.20 19:21:55.099,1.49116,1.49133,3.37,1.75
2018.03.20 19:21:55.202,1.49115,1.49131,1.00,1.37
2018.03.20 19:21:55.632,1.49117,1.49132,1.00,1.87
2018.03.20 19:21:56.036,1.49116,1.49133,1.69,1.56
2018.03.20 19:21:56.090,1.49116,1.49133,5.06,1.56
2018.03.20 19:21:56.598,1.49119,1.49136,2.06,2.06
2018.03.20 19:21:56.650,1.4912,1.49136,1.81,1.56
2018.03.20 19:21:57.279,1.49121,1.49136,3.19,1.56
2018.03.20 19:21:57.688,1.49125,1.4914,1.00,1.44
2018.03.20 19:21:57.896,1.49127,1.49142,1.50,1.19
2018.03.20 19:21:57.948,1.49126,1.49142,1.25,2.25
2018.03.20 19:21:58.053,1.49124,1.49142,1.50,4.12
2018.03.20 19:21:58.418,1.49124,1.49141,3.37,1.12
2018.03.20 19:21:59.091,1.49126,1.49141,2.62,1.12
2018.03.20 19:21:59.144,1.49125,1.49142,1.25,1.37
2018.03.20 19:21:59.197,1.49126,1.49142,1.12,2.25
2018.03.20 19:21:59.304,1.49121,1.49138,2.44,1.56
2018.03.20 19:21:59.512,1.49121,1.49138,2.06,1.56
2018.03.20 19:22:00.031,1.49121,1.49138,1.69,2.25
2018.03.20 19:22:00.579,1.49122,1.49138,1.00,1.69
2018.03.20 19:22:01.092,1.49123,1.49138,1.00,1.50
2018.03.20 19:22:01.549,1.49121,1.49138,1.87,1.50
2018.03.20 19:22:02.420,1.49121,1.49138,1.69,2.44
2018.03.20 19:22:04.150,1.49121,1.49136,1.00,1.37
2018.03.20 19:22:04.203,1.49118,1.49134,1.87,1.37
2018.03.20 19:22:04.739,1.49116,1.49133,1.50,2.25
2018.03.20 19:22:05.319,1.49116,1.49133,1.12,2.25
2018.03.20 19:22:05.870,1.49116,1.49132,1.12,1.50
2018.03.20 19:22:07.224,1.49116,1.49133,4.69,1.50
2018.03.20 19:22:07.938,1.49117,1.49133,2.25,1.69
2018.03.20 19:22:08.161,1.4911,1.49126,1.75,1.19
2018.03.20 19:22:08.214,1.49112,1.49128,4.50,1.19
2018.03.20 19:22:08.526,1.49116,1.49132,1.69,2.25
2018.03.20 19:22:08.940,1.49117,1.49132,1.00,1.12
2018.03.20 19:22:08.992,1.49118,1.49135,2.44,1.81
2018.03.20 19:22:09.298,1.49121,1.49138,1.50,2.19
2018.03.20 19:22:09.801,1.49121,1.49138,1.50,2.44
2018.03.20 19:22:10.532,1.49124,1.49138,1.12,1.81
2018.03.20 19:22:10.585,1.49124,1.4914,1.87,1.50
2018.03.20 19:22:11.091,1.49124,1.4914,1.87,1.50
2018.03.20 19:22:12.303,1.49125,1.4914,1.00,1.37
2018.03.20 19:22:12.590,1.49125,1.4914,1.31,1.19
2018.03.20 19:22:13.174,1.49125,1.49142,4.69,1.50
2018.03.20 19:22:13.751,1.49125,1.49142,4.50,1.50
2018.03.20 19:22:14.426,1.49126,1.49142,1.87,1.37
2018.03.20 19:22:14.938,1.49126,1.49142,1.50,1.50
2018.03.20 19:22:15.531,1.49125,1.49142,2.25,1.50
2018.03.20 19:22:15.842,1.49123,1.49137,1.12,1.69
2018.03.20 19:22:15.895,1.49121,1.49137,1.69,1.19
2018.03.20 19:22:17.335,1.49122,1.49136,1.00,1.44
2018.03.20 19:22:17.990,1.49121,1.49137,2.81,1.87
2018.03.20 19:22:18.095,1.49121,1.49137,2.62,1.00
2018.03.20 19:22:18.147,1.49122,1.49137,1.37,1.00
2018.03.20 19:22:18.540,1.49122,1.49137,2.81,1.19
2018.03.20 19:22:19.045,1.49122,1.49137,1.87,1.19
2018.03.20 19:22:19.652,1.49122,1.49137,1.12,1.44
2018.03.20 19:22:19.705,1.4912,1.49135,3.00,1.37
2018.03.20 19:22:19.809,1.49119,1.49134,1.00,1.37
2018.03.20 19:22:24.892,1.49118,1.49134,1.50,1.50
2018.03.20 19:22:25.192,1.4912,1.49134,1.37,1.44
2018.03.20 19:22:26.862,1.49122,1.49134,1.12,1.44
2018.03.20 19:22:27.019,1.49122,1.49134,3.37,1.25
2018.03.20 19:22:27.190,1.49122,1.49134,1.12,1.00
2018.03.20 19:22:27.954,1.49123,1.49134,1.00,1.00
2018.03.20 19:22:28.907,1.49122,1.49134,1.00,1.00
2018.03.20 19:22:29.046,1.49124,1.49134,1.12,1.00
2018.03.20 19:22:33.646,1.49125,1.49134,1.00,1.25
2018.03.20 19:22:34.312,1.49122,1.49134,1.37,1.25
2018.03.20 19:22:35.749,1.49121,1.49134,2.62,1.25
2018.03.20 19:22:36.176,1.49118,1.49134,5.06,1.69
2018.03.20 19:22:36.233,1.49116,1.49131,1.87,1.62
2018.03.20 19:22:36.761,1.49117,1.49131,1.69,1.19
2018.03.20 19:22:36.916,1.49116,1.49131,1.00,1.81
2018.03.20 19:22:37.819,1.49116,1.49131,3.37,1.44
2018.03.20 19:22:39.606,1.49115,1.49131,3.37,1.50
2018.03.20 19:22:40.109,1.49116,1.49131,1.00,1.50
2018.03.20 19:22:40.691,1.49116,1.49131,1.12,1.56
2018.03.20 19:22:41.211,1.49115,1.49131,3.00,1.50
2018.03.20 19:22:42.452,1.49115,1.49131,3.00,1.50
2018.03.20 19:22:42.607,1.49117,1.49131,1.50,1.25
2018.03.20 19:22:42.710,1.49119,1.49133,1.62,1.00
2018.03.20 19:22:43.246,1.49122,1.49133,1.00,1.00
2018.03.20 19:22:43.870,1.49119,1.49133,3.37,1.00
2018.03.20 19:22:44.365,1.49121,1.49135,1.25,1.12
2018.03.20 19:22:44.878,1.4912,1.49135,1.25,1.44
2018.03.20 19:22:45.207,1.49118,1.49133,1.12,1.50
2018.03.20 19:22:46.263,1.49117,1.49133,1.12,3.75
2018.03.20 19:22:46.792,1.49118,1.49133,1.00,3.75
2018.03.20 19:22:47.296,1.49118,1.49133,1.00,3.75
2018.03.20 19:22:48.424,1.49118,1.49133,1.87,1.25
2018.03.20 19:22:48.736,1.49123,1.49135,1.00,1.19
2018.03.20 19:22:49.255,1.49123,1.49135,1.00,1.00
2018.03.20 19:22:50.088,1.49122,1.49135,1.25,1.00
2018.03.20 19:22:51.329,1.49121,1.49135,1.69,1.00
2018.03.20 19:22:51.863,1.49121,1.49135,1.69,1.00
2018.03.20 19:22:52.819,1.49119,1.49135,4.69,1.00
2018.03.20 19:22:53.151,1.49123,1.49137,1.25,1.25
2018.03.20 19:22:53.682,1.49123,1.49137,1.25,1.69
2018.03.20 19:22:54.194,1.49123,1.49137,1.31,1.44
2018.03.20 19:22:54.888,1.4912,1.49137,4.50,1.87
2018.03.20 19:22:54.941,1.49121,1.49137,1.69,1.50
2018.03.20 19:22:56.393,1.49122,1.49137,1.00,1.31
2018.03.20 19:22:56.444,1.49122,1.49137,2.62,1.31
2018.03.20 19:22:56.495,1.49121,1.49137,2.06,1.31
2018.03.20 19:22:57.019,1.49121,1.49137,2.06,1.31
2018.03.20 19:22:57.429,1.49121,1.49137,2.81,1.19
2018.03.20 19:23:00.505,1.49123,1.49137,2.62,1.37
2018.03.20 19:23:01.022,1.49124,1.49137,2.62,1.37
2018.03.20 19:23:03.728,1.49122,1.49137,2.81,1.37
2018.03.20 19:23:03.781,1.49124,1.49137,2.81,1.00
2018.03.20 19:23:04.416,1.49123,1.49137,3.19,1.19
2018.03.20 19:23:05.356,1.49119,1.49136,1.19,3.19
2018.03.20 19:23:05.586,1.49121,1.49134,1.00,1.19
2018.03.20 19:23:06.924,1.49119,1.49134,3.56,1.19
2018.03.20 19:23:07.470,1.4912,1.49134,2.62,1.19
2018.03.20 19:23:10.141,1.49119,1.49134,3.19,1.19
2018.03.20 19:23:10.243,1.49121,1.49134,1.00,1.31
2018.03.20 19:23:10.813,1.49121,1.49134,1.37,1.25
2018.03.20 19:23:11.343,1.49122,1.49134,2.62,1.25
2018.03.20 19:23:11.871,1.49123,1.49137,2.62,1.31
2018.03.20 19:23:12.096,1.49123,1.49137,3.56,1.31
2018.03.20 19:23:12.875,1.49123,1.49137,1.25,1.31
2018.03.20 19:23:13.410,1.49123,1.49137,1.00,1.31
2018.03.20 19:23:13.951,1.49122,1.49137,1.31,1.19
2018.03.20 19:23:14.502,1.49123,1.49137,1.00,1.19
2018.03.20 19:23:14.818,1.49123,1.49137,3.37,1.19
2018.03.20 19:23:15.356,1.49122,1.49137,3.00,1.00
2018.03.20 19:23:16.037,1.49123,1.49137,4.12,1.00
2018.03.20 19:23:16.650,1.49124,1.49137,1.12,1.00
2018.03.20 19:23:19.661,1.49125,1.49137,1.00,1.25
2018.03.20 19:23:20.205,1.49123,1.49137,1.00,1.19
2018.03.20 19:23:20.720,1.49123,1.49137,1.31,1.19
2018.03.20 19:23:21.239,1.49123,1.49137,1.31,1.19
2018.03.20 19:23:21.756,1.49123,1.49137,1.50,1.25
2018.03.20 19:23:24.147,1.49124,1.49137,1.00,1.25
2018.03.20 19:23:28.363,1.49123,1.49137,2.06,1.12
2018.03.20 19:23:29.771,1.49123,1.49137,1.69,1.12
2018.03.20 19:23:30.317,1.49124,1.49138,1.87,1.00
2018.03.20 19:23:30.421,1.49127,1.49138,1.00,1.00
2018.03.20 19:23:31.341,1.49127,1.49141,1.00,1.44
2018.03.20 19:23:32.198,1.49127,1.49141,1.00,1.12
2018.03.20 19:23:33.809,1.49127,1.49141,1.00,1.50
2018.03.20 19:23:34.318,1.49127,1.49141,1.69,1.00
2018.03.20 19:23:34.628,1.49125,1.49141,3.00,1.69
2018.03.20 19:23:35.449,1.49124,1.4914,2.81,1.19
2018.03.20 19:23:35.951,1.49124,1.4914,2.81,1.19
2018.03.20 19:23:36.864,1.49124,1.49141,2.62,2.44
2018.03.20 19:23:38.075,1.49124,1.49139,2.81,1.19
2018.03.20 19:23:39.057,1.49124,1.49139,2.62,1.19
2018.03.20 19:23:41.619,1.49124,1.49139,2.62,1.19
2018.03.20 19:23:42.152,1.49123,1.49139,3.00,1.37
2018.03.20 19:23:42.730,1.49123,1.49139,3.00,1.37
2018.03.20 19:23:43.628,1.49123,1.49139,3.75,1.37
2018.03.20 19:23:45.707,1.49123,1.49139,3.00,1.44
2018.03.20 19:23:46.749,1.49123,1.49139,3.00,1.50
2018.03.20 19:23:47.252,1.49123,1.49139,1.12,1.50
2018.03.20 19:23:49.966,1.49123,1.49139,1.12,1.81
2018.03.20 19:23:50.821,1.49121,1.49135,1.25,1.00
2018.03.20 19:23:51.141,1.49118,1.49133,3.37,1.12
2018.03.20 19:23:51.452,1.4912,1.49133,2.06,1.00
2018.03.20 19:23:53.292,1.4912,1.49133,1.00,1.00
2018.03.20 19:23:53.795,1.4912,1.49133,1.37,1.00
2018.03.20 19:23:54.313,1.4912,1.49133,1.12,1.00
2018.03.20 19:23:54.987,1.4912,1.49133,1.37,1.00
2018.03.20 19:23:56.671,1.49118,1.49133,3.00,1.00
2018.03.20 19:23:56.773,1.4912,1.49133,2.62,1.00
2018.03.20 19:23:57.203,1.4912,1.49133,1.00,1.00
2018.03.20 19:23:57.255,1.4912,1.49133,2.62,1.00
2018.03.20 19:23:57.855,1.49118,1.49133,2.62,1.00
2018.03.20 19:23:58.444,1.49121,1.49133,1.00,1.19
2018.03.20 19:23:58.757,1.49114,1.49129,3.75,1.00
2018.03.20 19:23:59.272,1.49114,1.49129,1.44,1.00
2018.03.20 19:23:59.699,1.49116,1.49129,3.00,1.00
2018.03.20 19:24:00.006,1.49118,1.49131,1.25,1.00
2018.03.20 19:24:01.012,1.49117,1.49131,1.50,1.25
2018.03.20 19:24:01.422,1.49117,1.49131,3.75,1.25
2018.03.20 19:24:01.473,1.49117,1.49131,1.50,1.25
2018.03.20 19:24:03.418,1.49117,1.49131,3.37,1.25
2018.03.20 19:24:03.926,1.49116,1.49131,3.00,1.25
2018.03.20 19:24:04.443,1.49117,1.49131,2.62,1.25
2018.03.20 19:24:04.961,1.49117,1.49131,1.00,1.87
2018.03.20 19:24:05.013,1.49117,1.49128,1.00,1.00
2018.03.20 19:24:06.031,1.49116,1.49128,1.12,1.00
2018.03.20 19:24:06.340,1.49114,1.49128,1.00,1.00
2018.03.20 19:24:06.393,1.49114,1.49128,1.87,1.00
2018.03.20 19:24:07.484,1.49115,1.49128,1.75,1.00
2018.03.20 19:24:07.587,1.49114,1.49128,1.87,1.00
2018.03.20 19:24:07.742,1.49114,1.49128,1.87,1.00
2018.03.20 19:24:07.873,1.49114,1.49128,1.12,1.00
2018.03.20 19:24:08.408,1.49114,1.49128,1.37,1.00
2018.03.20 19:24:09.160,1.49113,1.49128,1.12,1.25
2018.03.20 19:24:10.238,1.49111,1.49128,4.12,1.50
2018.03.20 19:24:10.391,1.49111,1.49128,1.87,2.25
2018.03.20 19:24:10.443,1.49109,1.49123,1.31,1.00
2018.03.20 19:24:10.954,1.49107,1.49125,1.50,1.69
2018.03.20 19:24:11.006,1.49108,1.49125,1.31,1.94
2018.03.20 19:24:11.518,1.4911,1.49126,1.00,1.19
2018.03.20 19:24:11.832,1.49111,1.49128,4.12,1.50
2018.03.20 19:24:12.362,1.49111,1.49128,4.87,1.50
2018.03.20 19:24:12.516,1.49109,1.49128,5.06,2.06
2018.03.20 19:24:12.568,1.49112,1.49128,2.81,2.25
2018.03.20 19:24:12.671,1.49111,1.49127,2.44,1.44
2018.03.20 19:24:14.138,1.49109,1.49127,3.19,1.50
2018.03.20 19:24:14.808,1.49109,1.49126,1.19,2.25
2018.03.20 19:24:15.636,1.49111,1.49124,1.00,1.12
2018.03.20 19:24:15.742,1.4911,1.49126,3.56,1.69
2018.03.20 19:24:16.282,1.4911,1.49126,3.56,1.44
2018.03.20 19:24:16.808,1.49112,1.49126,2.62,1.44
2018.03.20 19:24:16.910,1.4911,1.49126,3.56,1.12
2018.03.20 19:24:17.329,1.49112,1.49127,2.62,1.50
2018.03.20 19:24:18.466,1.49112,1.49127,1.00,1.50
2018.03.20 19:24:20.693,1.49112,1.49128,2.62,1.87
2018.03.20 19:24:21.015,1.49112,1.49128,3.56,1.37
2018.03.20 19:24:21.532,1.49113,1.49129,1.00,1.44
2018.03.20 19:24:21.735,1.49115,1.49129,1.00,1.44
2018.03.20 19:24:22.736,1.49115,1.49128,2.00,1.37
2018.03.20 19:24:22.841,1.49113,1.49127,2.62,1.12
2018.03.20 19:24:22.995,1.49111,1.49126,3.56,1.50
2018.03.20 19:24:23.151,1.49114,1.49128,2.00,1.75
2018.03.20 19:24:23.709,1.49113,1.4913,3.56,2.06
2018.03.20 19:24:23.763,1.49113,1.49129,1.50,1.37
2018.03.20 19:24:24.023,1.49115,1.49128,1.00,1.37
2018.03.20 19:24:24.128,1.49113,1.49127,5.44,1.44
2018.03.20 19:24:24.645,1.49112,1.49127,1.00,1.87
2018.03.20 19:24:25.038,1.49111,1.49126,2.06,1.12
2018.03.20 19:24:25.090,1.49112,1.49126,1.00,1.44
2018.03.20 19:24:25.638,1.49109,1.49125,3.19,1.69
2018.03.20 19:24:26.208,1.4911,1.49126,2.44,2.25
2018.03.20 19:24:26.768,1.4911,1.49125,1.19,1.19
2018.03.20 19:24:26.821,1.49109,1.49125,1.25,1.00
2018.03.20 19:24:26.876,1.49111,1.49126,2.00,1.87
2018.03.20 19:24:26.929,1.49113,1.49129,2.00,1.44
2018.03.20 19:24:26.981,1.49113,1.4913,1.00,1.87
2018.03.20 19:24:27.292,1.49114,1.49129,3.19,1.19
2018.03.20 19:24:27.861,1.49112,1.4913,3.56,1.69
2018.03.20 19:24:28.137,1.49112,1.4913,3.56,1.69
2018.03.20 19:24:28.654,1.49113,1.4913,1.00,1.37
2018.03.20 19:24:28.934,1.49113,1.4913,2.62,1.37
2018.03.20 19:24:29.481,1.49112,1.4913,4.31,1.37
2018.03.20 19:24:29.790,1.49112,1.4913,4.31,1.37
2018.03.20 19:24:31.140,1.49113,1.4913,1.12,1.19
2018.03.20 19:24:31.715,1.49114,1.4913,2.81,1.19
2018.03.20 19:24:32.060,1.49117,1.4913,1.00,1.19
2018.03.20 19:24:32.644,1.49118,1.4913,1.00,1.69
2018.03.20 19:24:33.189,1.49116,1.4913,2.62,1.69
2018.03.20 19:24:34.269,1.49117,1.4913,1.00,1.19
2018.03.20 19:24:34.746,1.49119,1.49131,1.00,1.69
2018.03.20 19:24:35.252,1.49115,1.49131,2.25,1.00
2018.03.20 19:24:37.247,1.49115,1.49131,1.87,1.19
2018.03.20 19:24:40.246,1.49116,1.49131,2.62,1.19
2018.03.20 19:24:43.380,1.49115,1.49131,3.19,1.19
2018.03.20 19:24:44.531,1.49117,1.49131,1.00,1.44
2018.03.20 19:24:46.056,1.49117,1.49131,1.00,1.19
2018.03.20 19:24:46.624,1.49114,1.49131,4.50,1.19
2018.03.20 19:24:47.193,1.49115,1.49131,1.37,1.19
2018.03.20 19:24:51.042,1.49116,1.49131,3.00,1.19
2018.03.20 19:24:51.093,1.49117,1.49134,2.25,1.44
2018.03.20 19:24:51.750,1.49119,1.49134,2.25,1.44
2018.03.20 19:24:52.548,1.49117,1.49134,4.31,1.37
2018.03.20 19:24:53.230,1.49118,1.49134,1.00,1.37
2018.03.20 19:24:53.757,1.49118,1.49134,1.00,1.69
2018.03.20 19:24:54.542,1.49119,1.49134,1.00,1.19
2018.03.20 19:24:55.089,1.49119,1.49134,1.00,1.19
2018.03.20 19:24:56.828,1.49122,1.49137,3.37,1.50
2018.03.20 19:24:56.887,1.49125,1.49139,1.56,1.25
2018.03.20 19:24:56.940,1.49126,1.49141,3.00,1.25
2018.03.20 19:24:57.414,1.49127,1.49143,2.62,1.12
2018.03.20 19:24:57.466,1.49127,1.49142,2.44,1.19
2018.03.20 19:24:57.966,1.49125,1.49142,2.62,1.19
2018.03.20 19:24:58.272,1.49125,1.49142,3.75,1.19
2018.03.20 19:24:58.788,1.49127,1.49143,1.25,1.44
2018.03.20 19:25:00.444,1.49127,1.49142,2.81,1.25
2018.03.20 19:25:01.558,1.49125,1.49144,6.37,1.87
2018.03.20 19:25:02.132,1.49126,1.49144,1.25,2.06
2018.03.20 19:25:02.287,1.49128,1.49144,1.00,1.87
2018.03.20 19:25:03.119,1.49125,1.49144,6.00,1.87
2018.03.20 19:25:03.447,1.49127,1.49143,2.81,1.37
2018.03.20 19:25:03.681,1.49127,1.49143,2.81,1.37
2018.03.20 19:25:03.925,1.49127,1.49143,2.81,1.37
2018.03.20 19:25:03.978,1.49127,1.49143,2.81,1.37
2018.03.20 19:25:04.325,1.49126,1.49143,1.12,1.44
2018.03.20 19:25:04.377,1.49126,1.49143,1.25,1.44
2018.03.20 19:25:04.493,1.49126,1.49144,1.12,2.06
2018.03.20 19:25:04.780,1.49127,1.49144,2.25,1.63
2018.03.20 19:25:05.126,1.49129,1.49144,2.62,1.63
2018.03.20 19:25:05.443,1.49129,1.49144,2.62,1.63
2018.03.20 19:25:05.743,1.49129,1.49144,2.62,1.63
2018.03.20 19:25:06.107,1.49129,1.49144,2.62,2.06
2018.03.20 19:25:07.164,1.49129,1.49144,1.00,2.81
2018.03.20 19:25:07.328,1.49129,1.49144,1.25,1.50
2018.03.20 19:25:07.511,1.49127,1.49139,2.25,1.00
2018.03.20 19:25:07.720,1.49124,1.49138,1.00,1.69
2018.03.20 19:25:08.144,1.49123,1.49138,1.50,1.69
2018.03.20 19:25:08.657,1.49123,1.49138,1.12,2.25
2018.03.20 19:25:09.380,1.49121,1.49138,1.69,1.87
2018.03.20 19:25:09.433,1.49118,1.49135,2.44,1.31
2018.03.20 19:25:09.692,1.49119,1.49135,1.25,1.69
2018.03.20 19:25:10.200,1.49119,1.49135,2.25,1.25
2018.03.20 19:25:10.571,1.4912,1.49137,1.69,1.00
2018.03.20 19:25:11.232,1.49121,1.49138,2.81,1.75
2018.03.20 19:25:11.283,1.4912,1.49138,3.75,1.75
2018.03.20 19:25:11.818,1.49122,1.49138,1.12,1.75
2018.03.20 19:25:12.025,1.4912,1.49136,1.75,1.19
2018.03.20 19:25:12.077,1.4912,1.49138,1.50,1.50
2018.03.20 19:25:12.609,1.4912,1.49138,2.25,1.87
2018.03.20 19:25:12.986,1.49121,1.49138,1.00,1.50
2018.03.20 19:25:13.038,1.49123,1.49138,1.00,1.50
2018.03.20 19:25:13.691,1.49122,1.49139,3.00,2.25
2018.03.20 19:25:14.367,1.49123,1.49139,2.62,1.50
2018.03.20 19:25:14.661,1.49122,1.49139,1.69,1.50
2018.03.20 19:25:14.989,1.49123,1.49139,2.81,1.50
2018.03.20 19:25:15.197,1.4912,1.49138,4.31,1.94
2018.03.20 19:25:15.404,1.49117,1.49135,1.12,1.69
2018.03.20 19:25:15.457,1.4912,1.49135,1.12,1.31
2018.03.20 19:25:15.962,1.4912,1.49138,1.37,2.63
2018.03.20 19:25:16.278,1.49124,1.49139,1.75,1.19
2018.03.20 19:25:16.332,1.49124,1.49139,1.50,1.19
2018.03.20 19:25:16.384,1.49124,1.49139,1.75,1.19
2018.03.20 19:25:16.539,1.49124,1.49139,1.00,1.19
2018.03.20 19:25:16.850,1.49124,1.49139,3.37,1.37
2018.03.20 19:25:17.384,1.49124,1.49139,1.50,1.37
2018.03.20 19:25:18.952,1.49123,1.49139,1.00,1.87
2018.03.20 19:25:19.461,1.49122,1.49139,4.12,2.81
2018.03.20 19:25:19.513,1.49122,1.49139,1.12,2.25
2018.03.20 19:25:19.908,1.49122,1.49139,3.00,2.25
2018.03.20 19:25:20.011,1.49122,1.49139,1.87,2.81
2018.03.20 19:25:20.245,1.49122,1.49139,3.37,1.87
2018.03.20 19:25:20.795,1.49122,1.49139,2.25,2.06
2018.03.20 19:25:21.298,1.49122,1.49138,2.25,1.37
2018.03.20 19:25:21.968,1.49122,1.49139,1.00,2.25
2018.03.20 19:25:23.078,1.49122,1.49139,1.00,2.25
2018.03.20 19:25:23.416,1.49124,1.49139,1.31,1.00
2018.03.20 19:25:23.572,1.49124,1.49139,1.25,1.19
2018.03.20 19:25:23.775,1.49125,1.49139,2.62,1.19
2018.03.20 19:25:23.879,1.49123,1.49139,1.56,1.19
2018.03.20 19:25:23.983,1.49124,1.49139,1.00,1.87
2018.03.20 19:25:24.036,1.49123,1.49139,1.00,1.37
2018.03.20 19:25:24.243,1.49123,1.49139,2.81,1.37
2018.03.20 19:25:24.779,1.49122,1.49139,2.06,1.37
2018.03.20 19:25:25.397,1.49122,1.49139,2.62,1.37
2018.03.20 19:25:26.425,1.49122,1.49139,1.50,1.50
2018.03.20 19:25:26.683,1.49124,1.49139,2.25,1.25
2018.03.20 19:25:26.995,1.49122,1.49139,1.69,1.37
2018.03.20 19:25:27.304,1.49123,1.49139,1.50,2.06
2018.03.20 19:25:27.615,1.4912,1.49137,2.06,1.50
2018.03.20 19:25:28.028,1.49121,1.49137,2.62,1.50
2018.03.20 19:25:28.755,1.4912,1.49137,1.12,1.50
2018.03.20 19:25:29.166,1.49121,1.49137,2.62,1.50
2018.03.20 19:25:29.270,1.4912,1.49137,3.75,1.50
2018.03.20 19:25:30.491,1.49121,1.49137,3.00,1.37
2018.03.20 19:25:30.542,1.49122,1.49137,3.00,1.12
2018.03.20 19:25:31.155,1.49123,1.4914,2.62,1.50
2018.03.20 19:25:31.207,1.49122,1.4914,1.00,1.12
2018.03.20 19:25:31.260,1.49123,1.4914,2.62,1.12
2018.03.20 19:25:32.093,1.49123,1.49141,4.12,1.63
2018.03.20 19:25:32.405,1.49126,1.49143,1.87,1.44
2018.03.20 19:25:32.713,1.49127,1.49143,1.12,1.44
2018.03.20 19:25:33.252,1.49127,1.49143,1.87,1.44
2018.03.20 19:25:33.459,1.49127,1.49143,1.87,1.44
2018.03.20 19:25:33.717,1.49127,1.49143,1.50,1.44
2018.03.20 19:25:33.935,1.49129,1.49146,1.37,2.25
2018.03.20 19:25:34.464,1.49129,1.49143,1.12,1.44
2018.03.20 19:25:35.002,1.49129,1.49143,2.62,1.44
2018.03.20 19:25:35.999,1.49129,1.49143,2.62,1.12
2018.03.20 19:25:37.750,1.49129,1.49145,3.37,1.37
2018.03.20 19:25:38.828,1.49129,1.49145,1.37,1.75
2018.03.20 19:25:40.870,1.49129,1.49145,1.50,1.37
2018.03.20 19:25:44.235,1.49128,1.49143,2.81,1.25
2018.03.20 19:25:44.464,1.49128,1.49142,2.62,1.19
2018.03.20 19:25:46.279,1.49128,1.49144,2.62,1.69
2018.03.20 19:25:46.859,1.49129,1.49143,2.62,1.19
2018.03.20 19:25:47.242,1.49132,1.49147,2.25,1.69
2018.03.20 19:25:47.395,1.49131,1.49145,1.00,1.25
2018.03.20 19:25:48.520,1.49129,1.49146,2.62,1.31
2018.03.20 19:25:49.037,1.49129,1.49145,1.50,1.56
2018.03.20 19:25:50.631,1.49131,1.49147,1.50,2.62
2018.03.20 19:25:50.991,1.49132,1.49147,1.50,1.87
2018.03.20 19:25:52.304,1.49133,1.49147,3.37,1.37
2018.03.20 19:25:52.622,1.49135,1.49148,1.00,1.25
2018.03.20 19:25:52.781,1.49132,1.49148,2.62,1.50
2018.03.20 19:25:52.989,1.49131,1.49147,2.06,1.19
2018.03.20 19:25:53.494,1.49131,1.49146,1.25,2.81
2018.03.20 19:25:53.598,1.49131,1.49147,1.19,2.81
2018.03.20 19:25:53.650,1.49132,1.49147,1.12,1.25
2018.03.20 19:25:53.702,1.49131,1.49147,3.56,2.25
2018.03.20 19:25:53.755,1.49131,1.49145,1.31,1.00
2018.03.20 19:25:53.807,1.49131,1.49147,3.56,2.25
2018.03.20 19:25:53.912,1.49131,1.49145,1.31,1.00
2018.03.20 19:25:55.134,1.49131,1.49148,3.56,3.37
2018.03.20 19:25:55.531,1.49131,1.49145,1.31,1.00
2018.03.20 19:25:58.343,1.49131,1.49148,3.56,1.87
2018.03.20 19:26:00.386,1.49132,1.49148,2.62,3.00
2018.03.20 19:26:01.040,1.49132,1.49148,2.62,2.25
2018.03.20 19:26:01.656,1.49132,1.49148,1.00,1.87
2018.03.20 19:26:03.048,1.49131,1.49148,1.50,2.25
2018.03.20 19:26:03.653,1.49131,1.49145,1.00,1.37
2018.03.20 19:26:04.166,1.49131,1.49145,1.00,1.12
2018.03.20 19:26:04.459,1.49131,1.49142,1.00,1.87
2018.03.20 19:26:04.511,1.49125,1.49142,4.12,2.62
2018.03.20 19:26:04.564,1.49125,1.4914,1.00,1.44
2018.03.20 19:26:04.719,1.49125,1.49139,2.62,1.25
2018.03.20 19:26:05.234,1.49126,1.49142,3.00,1.87
2018.03.20 19:26:05.516,1.49124,1.49141,1.37,3.37
2018.03.20 19:26:06.401,1.49127,1.49141,1.00,3.00
2018.03.20 19:26:06.898,1.49127,1.49143,1.87,4.12
2018.03.20 19:26:08.017,1.49128,1.49143,1.69,1.00
2018.03.20 19:26:08.069,1.49128,1.49143,1.69,1.00
2018.03.20 19:26:08.603,1.49128,1.49144,1.19,1.25
2018.03.20 19:26:08.861,1.49128,1.49143,1.69,2.62
2018.03.20 19:26:09.640,1.49128,1.49143,1.69,2.81
2018.03.20 19:26:10.256,1.49128,1.49145,2.06,1.12
2018.03.20 19:26:10.813,1.49128,1.49145,1.88,1.69
2018.03.20 19:26:11.080,1.49128,1.49146,2.25,1.56
2018.03.20 19:26:11.675,1.49128,1.49147,1.87,2.25
2018.03.20 19:26:12.203,1.4913,1.49146,1.00,2.62
2018.03.20 19:26:12.727,1.49129,1.49144,1.25,2.81
2018.03.20 19:26:13.159,1.49129,1.49142,1.25,2.62
2018.03.20 19:26:13.764,1.49129,1.49141,1.00,1.00
2018.03.20 19:26:14.809,1.49131,1.49145,1.00,4.13
2018.03.20 19:26:15.331,1.49131,1.49142,1.00,1.00
2018.03.20 19:26:16.015,1.49131,1.49142,1.00,1.19
2018.03.20 19:26:16.602,1.49126,1.49144,1.87,3.56
2018.03.20 19:26:17.112,1.49127,1.49143,1.87,2.81
2018.03.20 19:26:17.492,1.49127,1.49145,1.87,4.31
2018.03.20 19:26:17.544,1.49132,1.49146,1.81,1.37
2018.03.20 19:26:17.597,1.49132,1.49147,2.25,2.44
2018.03.20 19:26:17.650,1.49131,1.49146,2.25,2.81
2018.03.20 19:26:18.001,1.49131,1.49144,1.44,2.62
2018.03.20 19:26:18.445,1.49131,1.49144,1.44,1.00
2018.03.20 19:26:18.806,1.49131,1.49143,1.19,2.62
2018.03.20 19:26:18.859,1.49131,1.49144,1.19,1.62
2018.03.20 19:26:18.913,1.49129,1.49143,2.25,2.25
2018.03.20 19:26:18.965,1.4913,1.49146,1.12,4.87
2018.03.20 19:26:19.017,1.49129,1.49143,2.25,2.62
2018.03.20 19:26:19.327,1.49129,1.49144,2.25,1.25
2018.03.20 19:26:19.535,1.4913,1.49144,1.44,2.81
2018.03.20 19:26:20.438,1.4913,1.49144,1.44,1.25
2018.03.20 19:26:20.601,1.49134,1.49148,1.00,1.56
2018.03.20 19:26:20.909,1.49131,1.49146,1.19,1.56
2018.03.20 19:26:21.267,1.49132,1.49145,1.25,3.37
2018.03.20 19:26:21.632,1.49132,1.49145,1.19,3.37
2018.03.20 19:26:21.684,1.49132,1.49146,1.25,2.81
2018.03.20 19:26:22.228,1.49132,1.49147,1.25,3.94
2018.03.20 19:26:24.070,1.49131,1.49147,1.12,2.00
2018.03.20 19:26:24.596,1.4913,1.49147,1.87,2.00
2018.03.20 19:26:24.647,1.4913,1.49147,1.87,2.00
2018.03.20 19:26:24.825,1.49132,1.49149,2.25,3.00
2018.03.20 19:26:24.878,1.49132,1.49147,1.25,3.75
2018.03.20 19:26:24.930,1.49129,1.49146,2.62,2.81
2018.03.20 19:26:25.556,1.49129,1.49147,2.62,3.75
2018.03.20 19:26:26.891,1.4913,1.49145,1.25,1.25
2018.03.20 19:26:26.943,1.49129,1.49145,1.87,2.81
2018.03.20 19:26:27.907,1.4913,1.49142,1.25,1.00
2018.03.20 19:26:28.064,1.49126,1.49143,1.87,1.12
2018.03.20 19:26:28.277,1.49126,1.49142,1.50,1.87
2018.03.20 19:26:28.380,1.49126,1.49142,1.31,1.87
2018.03.20 19:26:28.484,1.49126,1.49143,1.31,3.00
2018.03.20 19:26:28.613,1.49126,1.49143,1.31,3.00
2018.03.20 19:26:30.794,1.49126,1.4914,1.31,1.00
2018.03.20 19:26:31.266,1.49123,1.49139,3.00,1.00
2018.03.20 19:26:31.318,1.49123,1.49139,1.25,1.19
2018.03.20 19:26:31.371,1.49123,1.49139,1.44,1.69
2018.03.20 19:26:31.913,1.49123,1.4914,3.94,2.00
2018.03.20 19:26:32.019,1.49126,1.49141,1.00,3.37
2018.03.20 19:26:32.543,1.49125,1.49141,1.69,3.37
2018.03.20 19:26:34.610,1.49125,1.4914,1.25,1.25
2018.03.20 19:26:35.443,1.49125,1.4914,1.25,2.81
2018.03.20 19:26:36.121,1.49125,1.49141,1.25,3.00
2018.03.20 19:26:37.219,1.49123,1.49138,1.25,3.00
2018.03.20 19:26:37.768,1.49123,1.49139,1.19,3.94
2018.03.20 19:26:38.278,1.49123,1.49138,1.19,3.94
2018.03.20 19:26:38.539,1.49123,1.49138,1.00,3.37
2018.03.20 19:26:40.034,1.49119,1.49137,2.62,1.69
2018.03.20 19:26:41.382,1.49117,1.49132,2.06,1.00
2018.03.20 19:26:41.715,1.49116,1.49131,1.12,2.62
2018.03.20 19:26:45.293,1.49116,1.4913,1.12,1.25
2018.03.20 19:26:45.839,1.49116,1.4913,1.87,1.00
2018.03.20 19:26:46.344,1.49116,1.49133,1.87,4.50
2018.03.20 19:26:49.018,1.49117,1.49131,1.00,2.25
2018.03.20 19:26:49.734,1.49116,1.4913,1.00,1.25
2018.03.20 19:26:50.084,1.49117,1.49132,2.62,2.25
2018.03.20 19:26:50.239,1.49116,1.4913,1.50,1.00
2018.03.20 19:26:50.291,1.49114,1.49129,3.00,1.12
2018.03.20 19:26:51.524,1.49114,1.4913,2.62,4.87
2018.03.20 19:26:51.836,1.49113,1.49129,2.81,3.00
2018.03.20 19:26:52.440,1.49113,1.49129,2.81,3.00
2018.03.20 19:26:52.697,1.49113,1.49129,2.81,3.00
2018.03.20 19:26:53.283,1.49113,1.49127,1.25,1.25
2018.03.20 19:26:53.830,1.49114,1.49128,1.25,1.25
2018.03.20 19:26:53.934,1.49113,1.49128,1.69,2.81
2018.03.20 19:26:54.469,1.49113,1.49129,1.44,2.81
2018.03.20 19:26:54.783,1.49116,1.49131,1.12,2.81
2018.03.20 19:26:55.232,1.49117,1.49131,1.25,1.25
2018.03.20 19:26:55.821,1.49117,1.49131,1.00,1.44
2018.03.20 19:26:56.439,1.49117,1.49131,1.00,1.44
2018.03.20 19:27:00.808,1.49117,1.49131,1.00,1.31
2018.03.20 19:27:01.121,1.49119,1.49133,1.00,1.31
2018.03.20 19:27:01.638,1.49116,1.49132,3.37,1.87
2018.03.20 19:27:02.854,1.49116,1.49132,2.62,4.50
2018.03.20 19:27:04.228,1.49116,1.49131,3.56,1.00
2018.03.20 19:27:07.079,1.49116,1.49133,2.81,3.37
2018.03.20 19:27:09.486,1.49116,1.49131,2.62,1.00
2018.03.20 19:27:10.642,1.49116,1.49133,2.62,4.87
2018.03.20 19:27:11.197,1.49117,1.49133,1.00,3.00
2018.03.20 19:27:11.248,1.49115,1.49133,2.81,1.69
2018.03.20 19:27:11.300,1.49115,1.49134,2.06,3.37
2018.03.20 19:27:11.883,1.49117,1.49132,1.19,1.44
2018.03.20 19:27:16.271,1.49116,1.49133,2.62,2.63
2018.03.20 19:27:16.478,1.49116,1.49133,2.62,3.75
2018.03.20 19:27:16.581,1.49115,1.4913,1.69,1.12
2018.03.20 19:27:16.840,1.49116,1.49132,3.19,1.00
2018.03.20 19:27:16.892,1.49116,1.49133,1.50,2.00
2018.03.20 19:27:17.431,1.49115,1.49131,1.69,1.37
2018.03.20 19:27:18.564,1.49115,1.49132,3.94,1.87
2018.03.20 19:27:18.616,1.49115,1.49132,1.69,1.87
2018.03.20 19:27:19.032,1.49116,1.49131,2.62,1.63
2018.03.20 19:27:19.195,1.49115,1.49131,1.12,1.63
2018.03.20 19:27:19.299,1.49115,1.49131,3.75,1.63
2018.03.20 19:27:19.402,1.49115,1.49131,1.50,1.69
2018.03.20 19:27:19.826,1.49115,1.49132,3.75,1.69
2018.03.20 19:27:20.144,1.49115,1.49132,1.12,2.06
2018.03.20 19:27:20.196,1.49116,1.49131,2.25,1.19
2018.03.20 19:27:20.403,1.49115,1.49131,1.12,1.44
2018.03.20 19:27:20.994,1.49117,1.49132,1.00,1.69
2018.03.20 19:27:22.478,1.49117,1.49132,1.00,2.81
2018.03.20 19:27:26.469,1.49117,1.49131,1.00,1.31
2018.03.20 19:27:27.718,1.49117,1.49131,1.00,1.00
2018.03.20 19:27:28.479,1.49117,1.49131,1.00,1.19
2018.03.20 19:27:34.982,1.49115,1.4913,2.62,1.37
2018.03.20 19:27:40.315,1.49118,1.4913,1.00,1.44
2018.03.20 19:27:40.367,1.49118,1.4913,2.25,1.25
2018.03.20 19:27:40.794,1.4912,1.49136,3.37,2.62
2018.03.20 19:27:40.846,1.49119,1.49134,1.00,3.37
2018.03.20 19:27:41.443,1.49119,1.49131,1.00,1.37
2018.03.20 19:27:41.722,1.49115,1.4913,4.12,1.00
2018.03.20 19:27:42.183,1.49116,1.49132,2.62,1.75
2018.03.20 19:27:42.234,1.49115,1.49132,1.69,1.12
2018.03.20 19:27:43.158,1.49115,1.49131,1.87,1.56
2018.03.20 19:27:43.665,1.49115,1.49131,1.50,1.12
2018.03.20 19:27:44.715,1.49115,1.49131,3.75,1.12
2018.03.20 19:27:44.982,1.49115,1.4913,1.50,1.12
2018.03.20 19:27:45.563,1.49115,1.49132,1.87,2.25
2018.03.20 19:27:46.082,1.49116,1.49132,1.31,4.13
2018.03.20 19:27:46.993,1.49117,1.49132,1.00,2.06
2018.03.20 19:27:47.096,1.49118,1.49133,2.62,1.56
2018.03.20 19:27:47.148,1.49118,1.49133,1.00,1.69
2018.03.20 19:27:47.252,1.49116,1.49134,1.69,3.19
2018.03.20 19:27:47.509,1.49116,1.49133,3.94,1.63
2018.03.20 19:27:47.851,1.49118,1.49133,2.62,2.06
2018.03.20 19:27:48.091,1.49118,1.49132,2.62,1.00
2018.03.20 19:27:49.221,1.49118,1.49133,1.00,2.25
2018.03.20 19:27:49.427,1.49119,1.49134,3.00,1.69
2018.03.20 19:27:49.479,1.49118,1.49134,2.62,1.87
2018.03.20 19:27:49.532,1.49121,1.49136,1.00,7.50
2018.03.20 19:27:49.765,1.49122,1.49139,3.94,1.31
2018.03.20 19:27:49.922,1.49124,1.49139,2.62,1.31
2018.03.20 19:27:50.080,1.49122,1.49138,3.00,1.12
2018.03.20 19:27:50.595,1.49122,1.49138,2.44,1.75
2018.03.20 19:27:51.192,1.49121,1.49137,1.31,1.44
2018.03.20 19:27:51.864,1.49123,1.49138,2.25,1.37
2018.03.20 19:27:52.788,1.49122,1.49137,4.50,1.87
2018.03.20 19:27:53.648,1.49124,1.49136,1.00,1.25
2018.03.20 19:27:54.632,1.49124,1.49137,1.00,1.12
2018.03.20 19:27:57.008,1.49124,1.4914,1.50,3.19
2018.03.20 19:27:57.540,1.49124,1.49141,1.50,5.81
2018.03.20 19:27:58.104,1.49125,1.49141,2.62,3.00
2018.03.20 19:27:59.152,1.49125,1.49141,2.62,3.75
2018.03.20 19:27:59.332,1.49124,1.49139,2.06,1.12
2018.03.20 19:27:59.848,1.49124,1.49141,3.56,4.87
2018.03.20 19:27:59.900,1.49126,1.49141,2.62,3.37
2018.03.20 19:28:00.003,1.49124,1.4914,3.56,1.12
2018.03.20 19:28:00.568,1.49124,1.4914,1.69,1.12
2018.03.20 19:28:00.776,1.49127,1.49141,1.00,3.00
2018.03.20 19:28:01.319,1.49125,1.4914,1.25,1.75
2018.03.20 19:28:01.855,1.49124,1.49139,3.94,1.19
2018.03.20 19:28:02.371,1.49124,1.4914,2.06,1.44
2018.03.20 19:28:02.757,1.49125,1.49141,2.81,2.62
2018.03.20 19:28:03.263,1.49126,1.49141,1.00,2.81
2018.03.20 19:28:03.365,1.49124,1.49141,1.69,3.00
2018.03.20 19:28:03.843,1.49125,1.49141,2.62,2.44
2018.03.20 19:28:04.149,1.49125,1.49141,1.25,2.44
2018.03.20 19:28:04.263,1.49125,1.49141,2.81,2.44
2018.03.20 19:28:04.314,1.49125,1.49141,1.25,1.69
2018.03.20 19:28:05.729,1.49124,1.49141,2.06,2.06
2018.03.20 19:28:05.831,1.49124,1.49141,2.06,4.31
2018.03.20 19:28:07.926,1.49124,1.4914,1.87,1.31
2018.03.20 19:28:09.125,1.49124,1.4914,1.69,1.13
2018.03.20 19:28:09.460,1.49125,1.49141,2.62,2.06
2018.03.20 19:28:09.882,1.49126,1.49141,2.62,2.06
2018.03.20 19:28:09.934,1.49124,1.49141,4.69,2.06
2018.03.20 19:28:10.452,1.49124,1.49141,4.69,2.06
2018.03.20 19:28:11.052,1.49127,1.49141,1.00,1.31
2018.03.20 19:28:11.765,1.49125,1.49141,1.25,2.25
2018.03.20 19:28:12.336,1.49125,1.49141,1.69,1.87
2018.03.20 19:28:12.480,1.49125,1.49139,1.31,1.00
2018.03.20 19:28:12.869,1.49125,1.49141,2.00,2.25
2018.03.20 19:28:13.179,1.49124,1.49139,4.69,1.00
2018.03.20 19:28:13.608,1.49125,1.49141,2.81,2.44
2018.03.20 19:28:14.156,1.49125,1.49141,1.69,1.87
2018.03.20 19:28:14.658,1.49126,1.49141,1.62,1.87
2018.03.20 19:28:15.054,1.49125,1.49139,1.00,2.62
2018.03.20 19:28:15.469,1.49126,1.49139,4.50,1.37
2018.03.20 19:28:16.011,1.49126,1.49142,1.50,3.00
2018.03.20 19:28:16.531,1.49126,1.49138,1.00,1.44
2018.03.20 19:28:16.583,1.49126,1.49137,1.00,1.12
2018.03.20 19:28:16.636,1.49123,1.49136,1.00,1.00
2018.03.20 19:28:16.996,1.49123,1.49136,1.00,1.37
2018.03.20 19:28:17.602,1.49123,1.49136,1.00,1.12
2018.03.20 19:28:19.375,1.49123,1.49136,1.00,1.37
2018.03.20 19:28:19.851,1.49121,1.49136,1.12,1.37
2018.03.20 19:28:20.892,1.49123,1.49138,1.69,1.19
2018.03.20 19:28:21.448,1.49121,1.49138,1.87,2.62
2018.03.20 19:28:22.087,1.49123,1.49138,1.00,2.62
2018.03.20 19:28:22.417,1.49124,1.49137,2.25,1.00
2018.03.20 19:28:22.968,1.49124,1.49137,1.00,1.00
2018.03.20 19:28:23.073,1.49119,1.49135,1.12,2.44
2018.03.20 19:28:23.333,1.49115,1.49131,2.81,1.00
2018.03.20 19:28:24.040,1.49118,1.49131,1.00,1.19
2018.03.20 19:28:24.727,1.49118,1.49131,1.00,1.25
2018.03.20 19:28:25.343,1.49118,1.49131,1.00,1.19
2018.03.20 19:28:25.862,1.49117,1.49131,1.00,1.12
2018.03.20 19:28:26.495,1.49117,1.49131,1.00,1.44
2018.03.20 19:28:26.897,1.49118,1.49131,1.00,1.44
2018.03.20 19:28:27.081,1.49117,1.49131,1.25,1.44
2018.03.20 19:28:27.185,1.49117,1.49131,1.50,1.44
2018.03.20 19:28:27.733,1.49114,1.49131,3.56,1.50
2018.03.20 19:28:28.129,1.49117,1.49131,2.62,1.31
2018.03.20 19:28:28.630,1.49118,1.49131,1.12,2.25
2018.03.20 19:28:29.131,1.49117,1.49131,1.12,1.87
2018.03.20 19:28:29.656,1.49118,1.49131,1.00,1.87
2018.03.20 19:28:30.524,1.49118,1.49131,1.00,1.50
2018.03.20 19:28:31.055,1.49117,1.49131,1.00,2.06
2018.03.20 19:28:31.896,1.49118,1.49131,1.00,1.69
2018.03.20 19:28:32.217,1.49122,1.49137,1.25,2.81
2018.03.20 19:28:32.745,1.49123,1.49138,1.00,2.81
2018.03.20 19:28:33.284,1.49121,1.49138,1.50,2.63
2018.03.20 19:28:33.800,1.49121,1.49138,3.56,2.25
2018.03.20 19:28:34.031,1.49123,1.49138,1.00,2.44
2018.03.20 19:28:35.072,1.49123,1.49138,2.81,2.06
2018.03.20 19:28:35.391,1.49122,1.49138,1.69,2.81
2018.03.20 19:28:35.494,1.49123,1.49138,3.56,2.44
2018.03.20 19:28:36.905,1.49123,1.49138,2.62,2.62
2018.03.20 19:28:38.261,1.49118,1.49135,2.44,1.31
2018.03.20 19:28:38.910,1.4912,1.49135,1.12,1.62
2018.03.20 19:28:40.281,1.4912,1.49135,1.69,2.06
2018.03.20 19:28:40.987,1.4912,1.49135,1.69,1.81
2018.03.20 19:28:41.297,1.49118,1.49133,1.62,1.87
2018.03.20 19:28:41.836,1.49118,1.49132,1.25,1.12
2018.03.20 19:28:42.367,1.49118,1.49133,1.50,1.31
2018.03.20 19:28:43.436,1.49121,1.49134,1.19,1.87
2018.03.20 19:28:43.488,1.49121,1.49137,3.56,1.62
2018.03.20 19:28:44.040,1.49123,1.49137,1.00,1.25
2018.03.20 19:28:44.999,1.49121,1.49138,3.75,4.50
2018.03.20 19:28:45.542,1.49123,1.49138,2.44,2.44
2018.03.20 19:28:46.131,1.49122,1.49138,1.12,2.06
2018.03.20 19:28:48.055,1.49124,1.49138,1.37,1.25
2018.03.20 19:28:48.709,1.49125,1.4914,1.19,1.87
2018.03.20 19:28:50.553,1.49123,1.49136,1.00,1.19
2018.03.20 19:28:51.134,1.49123,1.49137,1.12,1.00
2018.03.20 19:28:51.391,1.49123,1.49138,3.37,1.69
2018.03.20 19:28:51.930,1.49123,1.49137,1.31,1.00
2018.03.20 19:28:52.451,1.49123,1.49138,1.69,1.87
2018.03.20 19:28:53.024,1.49123,1.49139,3.19,2.62
2018.03.20 19:28:54.307,1.49124,1.49139,2.81,1.50
2018.03.20 19:28:54.411,1.49123,1.49138,1.69,1.12
2018.03.20 19:28:55.223,1.49123,1.49138,3.56,1.37
2018.03.20 19:28:55.808,1.49123,1.49138,1.69,1.12
2018.03.20 19:28:56.682,1.49124,1.49138,2.81,1.87
2018.03.20 19:28:58.692,1.49126,1.4914,1.50,1.62
2018.03.20 19:28:59.211,1.49127,1.49141,1.00,1.56
2018.03.20 19:28:59.909,1.49127,1.49142,1.00,1.62
2018.03.20 19:29:00.238,1.49127,1.49142,2.81,1.69
2018.03.20 19:29:00.759,1.49127,1.49144,3.75,4.13
2018.03.20 19:29:00.928,1.49132,1.49147,1.50,1.31
2018.03.20 19:29:01.446,1.49131,1.49147,1.12,1.81
2018.03.20 19:29:01.549,1.4913,1.49145,1.69,1.81
2018.03.20 19:29:02.055,1.4913,1.49144,1.31,1.62
2018.03.20 19:29:02.562,1.4913,1.49144,1.25,1.12
2018.03.20 19:29:02.959,1.4913,1.49147,3.56,2.62
2018.03.20 19:29:03.268,1.49132,1.49147,2.62,1.50
2018.03.20 19:29:03.785,1.49136,1.4915,2.62,1.50
2018.03.20 19:29:03.890,1.49135,1.4915,2.62,1.50
2018.03.20 19:29:04.096,1.49136,1.4915,2.62,1.12
2018.03.20 19:29:04.147,1.49138,1.49152,1.00,2.25
2018.03.20 19:29:04.199,1.49137,1.49152,2.81,1.50
2018.03.20 19:29:04.833,1.49136,1.49152,1.50,1.25
2018.03.20 19:29:05.194,1.49139,1.49153,2.81,1.12
2018.03.20 19:29:05.349,1.49138,1.49153,1.19,1.12
2018.03.20 19:29:06.072,1.49137,1.49153,2.81,2.62
2018.03.20 19:29:06.700,1.49136,1.49152,3.00,1.62
2018.03.20 19:29:07.408,1.49136,1.49152,3.00,1.69
2018.03.20 19:29:07.965,1.49136,1.49152,3.00,1.50
2018.03.20 19:29:08.285,1.4914,1.49155,2.62,1.50
2018.03.20 19:29:08.649,1.49138,1.49155,4.31,1.87
2018.03.20 19:29:08.754,1.49137,1.49154,3.75,1.50
2018.03.20 19:29:09.075,1.49135,1.4915,1.69,1.31
2018.03.20 19:29:09.180,1.49135,1.49149,1.00,1.87
2018.03.20 19:29:09.283,1.49132,1.49149,3.19,1.12
2018.03.20 19:29:09.592,1.49134,1.49148,1.25,1.00
2018.03.20 19:29:09.910,1.49136,1.4915,2.25,2.25
2018.03.20 19:29:10.427,1.49136,1.49152,3.56,1.75
2018.03.20 19:29:10.966,1.49135,1.49151,1.50,1.31
2018.03.20 19:29:11.137,1.49136,1.49151,1.25,1.31
2018.03.20 19:29:11.241,1.49135,1.49152,2.25,1.94
2018.03.20 19:29:11.345,1.49136,1.49151,1.69,1.25
2018.03.20 19:29:11.503,1.49136,1.49151,1.69,1.19
2018.03.20 19:29:11.555,1.49136,1.49151,1.69,1.19
2018.03.20 19:29:12.070,1.49136,1.49151,1.69,1.25
2018.03.20 19:29:12.610,1.49136,1.49151,1.31,1.37
2018.03.20 19:29:13.171,1.49137,1.49152,1.00,1.50
2018.03.20 19:29:14.851,1.49135,1.49153,4.31,1.75
2018.03.20 19:29:15.337,1.49138,1.49154,2.62,3.19
2018.03.20 19:29:15.440,1.49139,1.49154,1.00,2.25
2018.03.20 19:29:15.543,1.49139,1.49154,1.69,1.31
2018.03.20 19:29:15.850,1.49139,1.49155,2.44,2.25
2018.03.20 19:29:16.445,1.49139,1.49155,1.19,2.06
2018.03.20 19:29:18.034,1.49138,1.49153,3.56,1.87
2018.03.20 19:29:18.564,1.49137,1.49153,2.81,1.50
2018.03.20 19:29:19.086,1.49138,1.49152,1.00,1.44
2018.03.20 19:29:20.930,1.49137,1.49151,2.81,1.00
2018.03.20 19:29:21.182,1.49137,1.49152,2.81,2.62
2018.03.20 19:29:21.235,1.49135,1.4915,1.50,1.44
2018.03.20 19:29:21.288,1.49133,1.49146,1.69,2.62
2018.03.20 19:29:21.891,1.49133,1.49145,2.44,2.62
2018.03.20 19:29:22.082,1.49133,1.49145,1.31,2.25
2018.03.20 19:29:22.804,1.49133,1.49146,1.00,1.25
2018.03.20 19:29:23.062,1.49133,1.49148,1.75,1.12
2018.03.20 19:29:23.268,1.49133,1.49147,1.12,2.81
2018.03.20 19:29:23.784,1.49133,1.49145,1.00,2.81
2018.03.20 19:29:24.484,1.49132,1.49145,1.69,2.81
2018.03.20 19:29:25.090,1.49132,1.49146,1.00,3.00
2018.03.20 19:29:25.432,1.49132,1.49146,1.00,3.00
2018.03.20 19:29:25.693,1.49132,1.49146,1.00,3.56
2018.03.20 19:29:26.317,1.49132,1.49145,1.00,1.12
2018.03.20 19:29:26.888,1.49132,1.49146,1.12,1.31
2018.03.20 19:29:27.965,1.49133,1.49149,2.06,1.87
2018.03.20 19:29:28.070,1.49135,1.49149,1.12,1.50
2018.03.20 19:29:28.123,1.49135,1.49149,1.31,2.81
2018.03.20 19:29:28.549,1.49135,1.49151,3.56,3.00
2018.03.20 19:29:28.938,1.49137,1.49152,3.56,1.37
2018.03.20 19:29:29.095,1.49137,1.49152,1.69,1.44
2018.03.20 19:29:29.613,1.49137,1.49152,1.25,1.00
2018.03.20 19:29:30.022,1.49137,1.49151,1.19,1.19
2018.03.20 19:29:30.216,1.4914,1.49154,1.25,1.19
2018.03.20 19:29:30.744,1.4914,1.49154,1.00,1.50
2018.03.20 19:29:31.268,1.49136,1.49152,1.69,1.44
2018.03.20 19:29:31.423,1.49136,1.49151,1.50,1.12
2018.03.20 19:29:31.961,1.49136,1.49151,1.50,1.44
2018.03.20 19:29:32.374,1.49136,1.49152,1.50,1.87
2018.03.20 19:29:32.795,1.49137,1.49153,1.56,1.44
2018.03.20 19:29:32.848,1.4914,1.49155,2.62,2.62
2018.03.20 19:29:33.002,1.49138,1.49155,2.81,3.00
2018.03.20 19:29:33.342,1.49141,1.49155,2.25,2.62
2018.03.20 19:29:33.846,1.49139,1.49155,5.44,1.37
2018.03.20 19:29:34.293,1.49141,1.49155,2.25,1.19
2018.03.20 19:29:34.786,1.4914,1.49156,1.00,3.75
2018.03.20 19:29:35.200,1.49136,1.49154,3.94,1.75
2018.03.20 19:29:35.507,1.49136,1.49151,1.25,1.50
2018.03.20 19:29:36.248,1.49136,1.49151,2.00,1.50
2018.03.20 19:29:36.300,1.49136,1.49151,1.25,1.50
2018.03.20 19:29:37.019,1.49136,1.4915,1.12,1.37
2018.03.20 19:29:37.924,1.49133,1.4915,3.00,1.12
2018.03.20 19:29:38.462,1.49133,1.49148,1.50,1.19
2018.03.20 19:29:38.618,1.49133,1.49148,1.31,3.00
2018.03.20 19:29:38.930,1.49135,1.49149,1.25,1.44
2018.03.20 19:29:39.445,1.49134,1.4915,2.44,1.75
2018.03.20 19:29:39.549,1.49133,1.49148,1.69,2.25
2018.03.20 19:29:39.807,1.49133,1.49148,3.37,1.50
2018.03.20 19:29:40.349,1.49133,1.49149,3.00,1.75
2018.03.20 19:29:41.102,1.49133,1.49149,3.19,1.87
2018.03.20 19:29:41.657,1.49133,1.49149,1.31,2.25
2018.03.20 19:29:41.814,1.49134,1.49149,2.62,2.25
2018.03.20 19:29:42.748,1.49133,1.49149,2.44,3.00
2018.03.20 19:29:43.132,1.49135,1.49151,2.81,1.56
2018.03.20 19:29:43.439,1.49138,1.49153,2.62,1.87
2018.03.20 19:29:44.464,1.49137,1.49153,1.50,1.44
2018.03.20 19:29:44.516,1.49138,1.49153,2.62,1.44
2018.03.20 19:29:45.530,1.4914,1.49155,1.25,1.50
2018.03.20 19:29:45.750,1.4914,1.49155,2.81,1.37
2018.03.20 19:29:45.905,1.49139,1.49155,1.69,1.37
2018.03.20 19:29:46.438,1.4914,1.49154,2.25,1.81
2018.03.20 19:29:46.946,1.4914,1.49154,2.81,1.50
2018.03.20 19:29:47.477,1.4914,1.49154,1.25,1.44
2018.03.20 19:29:47.636,1.49137,1.49153,2.25,2.06
2018.03.20 19:29:47.689,1.49137,1.49154,4.50,1.87
2018.03.20 19:29:47.844,1.49137,1.49154,2.19,1.87
2018.03.20 19:29:48.207,1.4914,1.49154,1.50,1.81
2018.03.20 19:29:48.723,1.4914,1.49154,1.50,1.44
2018.03.20 19:29:49.344,1.49141,1.49156,2.62,1.50
2018.03.20 19:29:49.879,1.49141,1.49156,2.62,1.37
2018.03.20 19:29:50.115,1.49141,1.49156,2.62,1.37
2018.03.20 19:29:50.723,1.49143,1.49156,1.00,1.19
2018.03.20 19:29:51.915,1.49143,1.49157,1.00,2.44
2018.03.20 19:29:53.135,1.49143,1.49155,1.00,1.19
2018.03.20 19:29:56.239,1.49144,1.49157,2.25,2.62
2018.03.20 19:29:58.208,1.49142,1.49159,2.81,4.87
2018.03.20 19:29:58.259,1.49143,1.49159,2.81,3.00
2018.03.20 19:29:58.311,1.49142,1.49157,1.69,1.12
2018.03.20 19:29:58.362,1.49142,1.49157,1.69,1.44
2018.03.20 19:29:59.505,1.49143,1.49158,2.62,1.50
2018.03.20 19:30:00.052,1.49144,1.49157,2.62,1.19
2018.03.20 19:30:00.309,1.49144,1.49157,1.00,1.19
2018.03.20 19:30:00.997,1.49143,1.49157,2.81,1.19
2018.03.20 19:30:04.268,1.49143,1.49157,2.62,1.37
2018.03.20 19:30:04.909,1.49143,1.49158,2.62,2.62
2018.03.20 19:30:08.174,1.49143,1.49154,2.81,1.00
2018.03.20 19:30:08.862,1.49143,1.49157,2.81,1.44
2018.03.20 19:30:10.247,1.49142,1.49152,1.00,1.00
2018.03.20 19:30:10.393,1.49142,1.49156,1.62,1.87
2018.03.20 19:30:13.875,1.49142,1.49157,3.19,1.31
2018.03.20 19:30:15.023,1.49142,1.49156,1.69,1.12
2018.03.20 19:30:15.978,1.49143,1.49158,2.62,3.37
2018.03.20 19:30:16.484,1.49142,1.49158,3.56,2.81
2018.03.20 19:30:16.536,1.49146,1.4916,2.62,1.50
2018.03.20 19:30:16.590,1.49144,1.4916,3.19,3.37
2018.03.20 19:30:16.642,1.49145,1.4916,3.56,1.12
2018.03.20 19:30:16.746,1.49144,1.49157,1.12,3.00
2018.03.20 19:30:17.320,1.49144,1.49156,1.50,2.81
2018.03.20 19:30:17.849,1.49144,1.49156,1.00,1.25
2018.03.20 19:30:18.864,1.49144,1.49156,1.00,3.37
2018.03.20 19:30:19.071,1.49144,1.49156,1.00,1.50
2018.03.20 19:30:19.123,1.49144,1.49156,1.00,1.81
2018.03.20 19:30:19.671,1.49143,1.49156,1.00,1.50
2018.03.20 19:30:20.832,1.49143,1.49156,1.00,1.44
2018.03.20 19:30:21.384,1.49142,1.49156,1.50,3.00
2018.03.20 19:30:22.667,1.49142,1.49155,1.69,1.19
2018.03.20 19:30:22.978,1.49143,1.49157,2.62,1.62
2018.03.20 19:30:23.739,1.49142,1.49157,3.56,1.31
2018.03.20 19:30:24.049,1.49145,1.49158,1.37,2.25
2018.03.20 19:30:24.596,1.49145,1.49159,1.00,2.81
2018.03.20 19:30:24.920,1.49146,1.4916,2.62,2.81
2018.03.20 19:30:25.426,1.49148,1.49161,1.00,1.37
2018.03.20 19:30:25.581,1.49143,1.49157,1.00,2.81
2018.03.20 19:30:25.790,1.49143,1.49156,1.00,2.00
2018.03.20 19:30:28.409,1.49141,1.49155,1.00,2.44
2018.03.20 19:30:29.657,1.4914,1.49155,1.12,1.87
2018.03.20 19:30:29.967,1.49141,1.49156,2.62,1.69
2018.03.20 19:30:30.278,1.49144,1.49157,1.00,1.69
2018.03.20 19:30:30.634,1.49144,1.49158,2.62,1.31
2018.03.20 19:30:30.892,1.49144,1.49158,1.00,1.12
2018.03.20 19:30:31.362,1.49141,1.49156,1.69,1.31
2018.03.20 19:30:31.822,1.49143,1.49156,1.00,1.44
2018.03.20 19:30:31.873,1.49141,1.49156,1.50,1.44
2018.03.20 19:30:32.786,1.49141,1.49157,1.50,1.87
2018.03.20 19:30:33.789,1.49143,1.49157,1.00,1.75
2018.03.20 19:30:34.410,1.49141,1.49156,2.25,1.37
2018.03.20 19:30:35.063,1.49143,1.49157,1.00,1.75
2018.03.20 19:30:35.373,1.49145,1.49159,1.00,1.37
2018.03.20 19:30:35.736,1.49145,1.49161,2.44,1.50
2018.03.20 19:30:35.788,1.49145,1.49162,1.31,3.19
2018.03.20 19:30:35.892,1.49146,1.49162,2.62,3.19
2018.03.20 19:30:35.995,1.49145,1.49162,1.69,3.37
2018.03.20 19:30:36.713,1.49146,1.49162,1.00,2.62
2018.03.20 19:30:36.765,1.49145,1.49156,1.00,1.37
2018.03.20 19:30:36.818,1.49143,1.49156,1.00,1.87
2018.03.20 19:30:37.078,1.49139,1.49153,1.75,1.44
2018.03.20 19:30:37.592,1.49139,1.49153,3.37,1.44
2018.03.20 19:30:37.645,1.4914,1.49153,2.62,1.44
2018.03.20 19:30:38.345,1.49139,1.49154,3.37,1.50
2018.03.20 19:30:39.136,1.49139,1.49155,3.56,1.12
2018.03.20 19:30:39.397,1.49139,1.49153,1.00,1.44
2018.03.20 19:30:39.449,1.49139,1.49154,1.50,1.44
2018.03.20 19:30:39.975,1.49139,1.49154,1.00,2.25
2018.03.20 19:30:40.336,1.49141,1.49154,2.62,1.19
2018.03.20 19:30:40.909,1.49141,1.49157,1.00,2.62
2018.03.20 19:30:41.246,1.49139,1.49155,1.12,1.12
2018.03.20 19:30:41.403,1.49137,1.4915,1.00,1.25
2018.03.20 19:30:41.736,1.49137,1.49149,1.00,1.37
2018.03.20 19:30:42.306,1.49137,1.4915,1.00,1.19
2018.03.20 19:30:42.957,1.49135,1.49149,1.00,1.12
2018.03.20 19:30:43.191,1.49135,1.49147,1.00,1.00
2018.03.20 19:30:43.705,1.49135,1.49148,1.00,1.12
2018.03.20 19:30:44.514,1.49132,1.49145,1.25,1.25
2018.03.20 19:30:45.292,1.49132,1.49144,1.25,1.00
2018.03.20 19:30:45.860,1.49132,1.49145,1.12,1.12
2018.03.20 19:30:46.391,1.49132,1.49144,1.00,1.19
2018.03.20 19:30:46.864,1.49132,1.49145,1.00,1.25
2018.03.20 19:30:51.148,1.49127,1.49143,2.06,2.06
2018.03.20 19:30:51.459,1.49125,1.49138,1.00,3.00
2018.03.20 19:30:51.511,1.49121,1.49138,1.25,3.00
2018.03.20 19:30:54.530,1.49121,1.49135,1.00,1.50
2018.03.20 19:30:55.654,1.49121,1.49138,3.37,1.12
2018.03.20 19:30:55.759,1.49121,1.49137,1.31,1.37
2018.03.20 19:30:56.248,1.49126,1.4914,1.00,1.75
2018.03.20 19:30:56.300,1.49123,1.49138,2.25,1.44
2018.03.20 19:30:56.473,1.49121,1.49138,2.44,1.56
2018.03.20 19:30:56.682,1.49122,1.4914,1.37,1.69
2018.03.20 19:30:57.154,1.49123,1.49139,1.19,1.69
2018.03.20 19:30:57.489,1.49123,1.49139,1.00,1.87
2018.03.20 19:31:01.289,1.49121,1.49136,1.19,1.69
2018.03.20 19:31:02.274,1.49119,1.49136,2.06,1.50
2018.03.20 19:31:03.068,1.49122,1.49136,1.00,1.37
2018.03.20 19:31:03.603,1.49119,1.49138,1.69,3.19
2018.03.20 19:31:03.794,1.49121,1.49138,2.81,2.44
2018.03.20 19:31:03.846,1.4912,1.49137,2.44,1.50
2018.03.20 19:31:05.435,1.4912,1.49136,2.81,1.37
2018.03.20 19:31:05.800,1.4912,1.49136,3.56,1.44
2018.03.20 19:31:05.902,1.4912,1.49136,2.81,1.44
2018.03.20 19:31:06.158,1.49121,1.49137,2.81,1.00
2018.03.20 19:31:06.908,1.4912,1.49137,1.50,1.12
2018.03.20 19:31:07.447,1.49122,1.49137,2.81,1.12
2018.03.20 19:31:07.499,1.49121,1.49137,1.50,1.12
2018.03.20 19:31:07.654,1.4912,1.49137,1.56,1.44
2018.03.20 19:31:08.591,1.4912,1.49137,1.19,1.37
2018.03.20 19:31:09.699,1.49119,1.49136,1.69,1.87
2018.03.20 19:31:09.752,1.49119,1.49135,1.25,1.44
2018.03.20 19:31:10.680,1.49119,1.49134,1.69,1.19
2018.03.20 19:31:11.070,1.4912,1.49136,2.62,1.87
2018.03.20 19:31:11.733,1.4912,1.49135,2.62,1.44
2018.03.20 19:31:11.989,1.49119,1.49135,1.37,1.25
2018.03.20 19:31:12.041,1.49126,1.4914,3.37,1.00
2018.03.20 19:31:12.187,1.49126,1.49143,3.94,1.31
2018.03.20 19:31:12.239,1.49131,1.49144,3.00,1.12
2018.03.20 19:31:12.345,1.4913,1.49147,1.87,1.44
2018.03.20 19:31:12.450,1.49134,1.49149,2.81,1.56
2018.03.20 19:31:12.557,1.49133,1.49147,1.31,1.19
2018.03.20 19:31:12.858,1.49133,1.49147,1.25,2.06
2018.03.20 19:31:12.909,1.49133,1.49147,1.31,1.69
2018.03.20 19:31:13.069,1.49133,1.49147,1.25,2.06
2018.03.20 19:31:13.547,1.4913,1.49145,1.25,1.56
2018.03.20 19:31:13.600,1.4913,1.49143,1.00,1.19
2018.03.20 19:31:14.116,1.4913,1.49143,1.00,2.81
2018.03.20 19:31:14.373,1.4913,1.49145,1.00,2.25
2018.03.20 19:31:14.630,1.4913,1.49145,1.50,2.25
2018.03.20 19:31:15.133,1.4913,1.49145,1.12,1.12
2018.03.20 19:31:15.668,1.4913,1.49147,1.50,3.75
2018.03.20 19:31:15.772,1.4913,1.49145,1.00,2.19
2018.03.20 19:31:15.825,1.4913,1.49146,1.12,3.00
2018.03.20 19:31:16.793,1.4913,1.49145,1.12,1.00
2018.03.20 19:31:16.845,1.4913,1.49145,1.50,1.00
2018.03.20 19:31:16.981,1.4913,1.49147,1.50,5.62
2018.03.20 19:31:17.551,1.49131,1.49145,2.62,1.00
2018.03.20 19:31:17.818,1.4913,1.49145,1.12,1.00
2018.03.20 19:31:18.082,1.4913,1.49145,1.12,1.12
2018.03.20 19:31:18.414,1.4913,1.49145,1.37,1.37
2018.03.20 19:31:18.466,1.4913,1.49145,1.50,1.12
2018.03.20 19:31:18.569,1.4913,1.49145,1.12,1.37
2018.03.20 19:31:19.184,1.4913,1.49145,1.00,1.12
2018.03.20 19:31:19.823,1.49131,1.49146,1.00,1.87
2018.03.20 19:31:20.135,1.4913,1.49143,1.00,3.56
2018.03.20 19:31:20.188,1.4913,1.49143,1.19,1.87
2018.03.20 19:31:20.667,1.4913,1.49141,1.00,1.00
2018.03.20 19:31:21.196,1.4913,1.49143,1.00,1.12
2018.03.20 19:31:23.314,1.4913,1.49144,1.25,2.25
2018.03.20 19:31:23.865,1.4913,1.49144,1.50,1.44
2018.03.20 19:31:24.436,1.4913,1.49145,1.62,1.81
2018.03.20 19:31:26.034,1.4913,1.49145,1.31,1.81
2018.03.20 19:31:28.847,1.49134,1.49147,1.00,1.12
2018.03.20 19:31:29.266,1.49134,1.49149,3.94,1.19
2018.03.20 19:31:29.778,1.49134,1.49149,1.31,2.81
2018.03.20 19:31:30.245,1.49134,1.49149,2.44,1.00
2018.03.20 19:31:30.350,1.49134,1.4915,3.19,1.12
2018.03.20 19:31:30.895,1.49134,1.4915,3.19,1.12
2018.03.20 19:31:33.723,1.49134,1.49149,3.19,1.87
2018.03.20 19:31:34.299,1.49134,1.49147,1.00,2.81
2018.03.20 19:31:34.354,1.49132,1.49147,1.00,2.81
2018.03.20 19:31:35.047,1.49133,1.49147,1.62,1.00
2018.03.20 19:31:35.099,1.49135,1.4915,2.81,1.87
2018.03.20 19:31:35.150,1.49135,1.49151,2.81,1.87
2018.03.20 19:31:35.201,1.49135,1.4915,1.25,1.44
2018.03.20 19:31:35.732,1.49136,1.49152,1.69,3.00
2018.03.20 19:31:36.263,1.49136,1.49152,1.69,3.00
2018.03.20 19:31:37.269,1.49137,1.49153,2.81,2.25
2018.03.20 19:31:37.321,1.49136,1.49152,2.06,1.37
2018.03.20 19:31:37.837,1.49139,1.49153,1.00,1.50
2018.03.20 19:31:38.094,1.4914,1.49154,1.12,1.87
2018.03.20 19:31:38.629,1.4914,1.49156,1.12,2.62
2018.03.20 19:31:39.321,1.4914,1.49156,3.56,2.62
2018.03.20 19:31:39.840,1.49143,1.49157,1.00,1.37
2018.03.20 19:31:42.275,1.49141,1.49157,2.62,1.50
2018.03.20 19:31:42.930,1.4914,1.49157,3.56,1.87
2018.03.20 19:31:44.765,1.4914,1.49156,2.06,1.12
2018.03.20 19:31:45.337,1.4914,1.49156,2.06,1.12
2018.03.20 19:31:45.863,1.49142,1.49157,1.00,1.87
2018.03.20 19:31:46.288,1.49143,1.49159,1.37,3.19
2018.03.20 19:31:46.606,1.49143,1.49155,1.19,1.37
2018.03.20 19:31:47.173,1.49143,1.49154,1.25,1.12
2018.03.20 19:31:47.278,1.49143,1.49158,3.56,1.37
2018.03.20 19:31:47.331,1.49143,1.49159,2.06,1.37
2018.03.20 19:31:47.384,1.49143,1.49159,4.50,1.44
2018.03.20 19:31:48.003,1.49144,1.49161,1.00,1.81
2018.03.20 19:31:48.320,1.49145,1.49161,2.62,1.87
2018.03.20 19:31:48.381,1.49145,1.49161,1.00,1.87
2018.03.20 19:31:48.973,1.49143,1.49161,1.56,1.87
2018.03.20 19:31:49.529,1.49144,1.4916,1.25,1.50
2018.03.20 19:31:50.061,1.49143,1.4916,3.19,1.50
2018.03.20 19:31:50.390,1.49144,1.49161,1.69,1.12
2018.03.20 19:31:50.918,1.49144,1.49162,2.44,1.50
2018.03.20 19:31:51.429,1.49146,1.49162,1.25,2.25
2018.03.20 19:31:51.772,1.49146,1.49162,2.81,1.50
2018.03.20 19:31:52.292,1.49146,1.49162,1.00,1.50
2018.03.20 19:31:52.344,1.49144,1.4916,1.37,1.31
2018.03.20 19:31:52.447,1.49145,1.49161,1.50,1.87
2018.03.20 19:31:52.499,1.49147,1.49161,1.00,1.87
2018.03.20 19:31:53.096,1.49146,1.49161,2.62,1.12
2018.03.20 19:31:53.641,1.49146,1.49162,2.62,2.25
2018.03.20 19:31:53.930,1.49145,1.49162,1.12,2.62
2018.03.20 19:31:54.472,1.49144,1.49162,3.56,1.87
2018.03.20 19:31:55.392,1.49144,1.49161,1.50,1.75
2018.03.20 19:31:55.938,1.49144,1.49161,1.75,1.12
2018.03.20 19:31:59.926,1.49144,1.49162,2.00,3.00
2018.03.20 19:32:00.688,1.49142,1.49157,3.56,1.87
2018.03.20 19:32:02.351,1.49143,1.49158,1.75,1.31
2018.03.20 19:32:02.874,1.49142,1.49158,4.31,1.19
2018.03.20 19:32:03.415,1.49145,1.49157,1.00,1.00
2018.03.20 19:32:03.467,1.49145,1.49159,1.00,1.87
2018.03.20 19:32:03.993,1.49145,1.4916,1.50,1.12
2018.03.20 19:32:04.641,1.49145,1.4916,1.50,1.31
2018.03.20 19:32:05.159,1.49145,1.4916,1.00,1.87
2018.03.20 19:32:06.149,1.49145,1.49161,1.00,1.81
2018.03.20 19:32:07.547,1.49145,1.4916,1.00,2.62
2018.03.20 19:32:07.599,1.49143,1.49158,1.00,2.25
2018.03.20 19:32:09.559,1.49143,1.49156,1.00,1.00
2018.03.20 19:32:09.714,1.49143,1.4916,1.50,2.44
2018.03.20 19:32:09.870,1.49144,1.49161,1.87,1.31
2018.03.20 19:32:10.392,1.49146,1.49162,1.00,1.12
2018.03.20 19:32:10.922,1.49145,1.49162,2.62,1.87
2018.03.20 19:32:11.397,1.49144,1.49162,3.37,1.87
2018.03.20 19:32:12.725,1.49147,1.49164,1.31,2.62
2018.03.20 19:32:13.569,1.49147,1.49164,3.56,2.25
2018.03.20 19:32:14.208,1.49148,1.49164,1.00,1.50
2018.03.20 19:32:14.554,1.49146,1.49162,3.37,1.37
2018.03.20 19:32:15.426,1.49149,1.49162,1.00,1.37
2018.03.20 19:32:15.966,1.49149,1.49163,1.00,2.25
2018.03.20 19:32:16.514,1.49146,1.49163,2.00,2.25
2018.03.20 19:32:17.058,1.49147,1.49163,2.81,1.62
2018.03.20 19:32:18.636,1.49148,1.49163,2.81,1.81
2018.03.20 19:32:24.918,1.49148,1.49163,2.62,2.06
2018.03.20 19:32:24.971,1.49146,1.4916,1.69,1.12
2018.03.20 19:32:25.077,1.49143,1.49158,1.19,1.69
2018.03.20 19:32:25.613,1.49143,1.4916,3.56,1.31
2018.03.20 19:32:26.133,1.49143,1.49158,1.37,1.31
2018.03.20 19:32:26.452,1.49145,1.4916,1.31,1.56
2018.03.20 19:32:26.504,1.49146,1.49161,2.62,1.31
2018.03.20 19:32:26.629,1.49146,1.49159,3.37,1.19
2018.03.20 19:32:26.683,1.49145,1.49158,1.00,1.00
2018.03.20 19:32:27.097,1.49146,1.4916,2.62,1.62
2018.03.20 19:32:27.149,1.49146,1.49162,2.81,1.50
2018.03.20 19:32:27.831,1.49146,1.49162,1.37,1.19
2018.03.20 19:32:28.989,1.49146,1.49155,2.62,1.00
2018.03.20 19:32:29.041,1.49141,1.49154,1.00,2.62
2018.03.20 19:32:29.128,1.49139,1.49154,2.25,1.75
2018.03.20 19:32:29.181,1.49138,1.49153,1.50,1.50
2018.03.20 19:32:30.349,1.49138,1.49151,1.00,1.12
2018.03.20 19:32:30.911,1.49138,1.49151,1.00,3.19
2018.03.20 19:32:31.436,1.49138,1.4915,1.00,1.00
2018.03.20 19:32:31.972,1.49138,1.49151,1.00,1.87
2018.03.20 19:32:32.467,1.49138,1.49149,1.00,1.00
2018.03.20 19:32:33.111,1.49138,1.49151,1.00,1.50
2018.03.20 19:32:35.664,1.49138,1.49151,1.00,1.62
2018.03.20 19:32:35.767,1.49135,1.4915,1.50,2.44
2018.03.20 19:32:36.268,1.49135,1.49148,1.00,2.62
2018.03.20 19:32:36.944,1.49135,1.49149,1.19,1.12
2018.03.20 19:32:37.502,1.49135,1.49151,1.00,3.00
2018.03.20 19:32:37.933,1.49135,1.49151,4.12,1.44
2018.03.20 19:32:38.387,1.49138,1.49153,1.50,1.44
2018.03.20 19:32:38.945,1.49138,1.49152,1.00,1.19
2018.03.20 19:32:39.252,1.49135,1.49151,1.69,1.31
2018.03.20 19:32:39.507,1.49135,1.49149,1.00,1.19
2018.03.20 19:32:40.994,1.49135,1.49149,1.00,3.56
2018.03.20 19:32:41.045,1.49135,1.49145,1.00,2.62
2018.03.20 19:32:41.593,1.49135,1.49145,1.00,1.25
2018.03.20 19:32:41.804,1.49136,1.49149,1.00,2.06
2018.03.20 19:32:42.781,1.49135,1.49148,1.87,2.25
2018.03.20 19:32:43.328,1.49135,1.49149,2.25,2.81
2018.03.20 19:32:46.221,1.49135,1.49148,1.50,2.62
2018.03.20 19:32:47.318,1.49135,1.49145,1.00,1.00
2018.03.20 19:32:47.422,1.49135,1.49144,1.00,2.25
2018.03.20 19:32:47.806,1.49135,1.49146,1.00,2.81
2018.03.20 19:32:47.858,1.49135,1.49144,1.00,2.62
2018.03.20 19:32:47.910,1.49132,1.49146,2.06,2.81
2018.03.20 19:32:48.376,1.49132,1.49145,2.06,2.62
2018.03.20 19:32:49.059,1.49132,1.49144,1.19,1.00
2018.03.20 19:32:49.579,1.49132,1.49144,1.19,2.25
2018.03.20 19:32:50.195,1.49132,1.49144,1.19,1.00
2018.03.20 19:32:51.472,1.49132,1.49146,3.19,2.81
2018.03.20 19:32:52.010,1.49132,1.49147,3.56,2.81
2018.03.20 19:32:53.441,1.49132,1.49146,3.00,2.25
2018.03.20 19:32:53.981,1.49134,1.49147,2.00,2.25
2018.03.20 19:32:54.502,1.49135,1.49148,1.00,1.25
2018.03.20 19:32:56.835,1.49134,1.49149,2.06,1.31
2018.03.20 19:32:57.369,1.49134,1.49144,1.00,1.00
2018.03.20 19:32:57.910,1.49131,1.49144,1.69,1.00
2018.03.20 19:32:58.271,1.49136,1.49144,1.00,1.00
2018.03.20 19:32:58.480,1.49136,1.49149,1.00,2.81
2018.03.20 19:32:59.852,1.49136,1.49147,1.19,1.00
2018.03.20 19:32:59.904,1.49136,1.49149,2.25,2.62
2018.03.20 19:33:00.423,1.49136,1.4915,2.25,2.62
2018.03.20 19:33:00.926,1.49138,1.49151,1.50,2.62
2018.03.20 19:33:01.253,1.49136,1.49147,1.19,2.62
2018.03.20 19:33:01.876,1.49136,1.49149,1.37,2.62
2018.03.20 19:33:02.412,1.49136,1.49149,1.37,2.62
2018.03.20 19:33:03.655,1.49136,1.49149,1.44,2.62
2018.03.20 19:33:03.708,1.49136,1.4915,1.50,2.62
2018.03.20 19:33:03.761,1.49138,1.49152,1.44,1.00
2018.03.20 19:33:03.952,1.49137,1.49153,3.00,3.37
2018.03.20 19:33:04.469,1.49136,1.49151,1.50,2.81
2018.03.20 19:33:05.976,1.49136,1.49148,1.19,1.00
2018.03.20 19:33:06.536,1.49136,1.49147,1.19,1.00
2018.03.20 19:33:06.965,1.49136,1.49149,1.87,1.00
2018.03.20 19:33:09.238,1.49136,1.49149,1.50,2.62
2018.03.20 19:33:09.290,1.49136,1.49148,1.37,2.62
2018.03.20 19:33:09.840,1.49136,1.4915,1.37,2.62
2018.03.20 19:33:11.282,1.49136,1.49149,1.37,2.62
2018.03.20 19:33:12.794,1.49137,1.4915,1.00,2.25
2018.03.20 19:33:13.162,1.49136,1.49149,1.19,2.62
2018.03.20 19:33:14.134,1.49136,1.49148,1.19,1.00
2018.03.20 19:33:14.523,1.49136,1.49152,1.50,3.94
2018.03.20 19:33:14.886,1.49138,1.49149,1.37,2.62
2018.03.20 19:33:14.939,1.49138,1.49151,1.19,2.62
2018.03.20 19:33:15.464,1.49138,1.4915,1.19,2.25
2018.03.20 19:33:18.297,1.49138,1.49151,1.19,1.25
2018.03.20 19:33:18.351,1.49138,1.4915,1.00,3.37
2018.03.20 19:33:18.558,1.49135,1.49149,1.25,2.81
2018.03.20 19:33:18.873,1.49135,1.49147,1.25,2.62
2018.03.20 19:33:19.378,1.49135,1.49148,1.25,2.62
2018.03.20 19:33:19.895,1.49135,1.49148,1.19,2.62
2018.03.20 19:33:20.653,1.49132,1.49147,1.00,3.75
2018.03.20 19:33:21.177,1.49132,1.49144,1.00,2.62
2018.03.20 19:33:21.706,1.49132,1.49145,1.00,2.62
2018.03.20 19:33:22.234,1.49132,1.49146,1.00,2.81
2018.03.20 19:33:22.546,1.49132,1.49143,1.00,2.62
2018.03.20 19:33:23.058,1.4913,1.49145,1.25,3.37
2018.03.20 19:33:23.604,1.4913,1.49143,1.19,1.00
2018.03.20 19:33:27.408,1.49128,1.49143,1.50,1.00
2018.03.20 19:33:27.931,1.49128,1.49142,1.50,2.62
2018.03.20 19:33:28.188,1.49128,1.49146,1.50,4.50
2018.03.20 19:33:28.639,1.49128,1.49146,1.44,4.31
2018.03.20 19:33:31.493,1.49143,1.49147,1.00,1.87
2018.03.20 19:33:31.548,1.49145,1.49156,1.00,2.62
2018.03.20 19:33:31.600,1.49143,1.49157,2.06,1.37
2018.03.20 19:33:31.651,1.49144,1.4916,1.37,2.62
2018.03.20 19:33:31.702,1.49142,1.4916,2.06,2.81
2018.03.20 19:33:31.754,1.49143,1.49159,1.12,1.25
2018.03.20 19:33:32.060,1.49143,1.49159,2.62,1.25
2018.03.20 19:33:32.234,1.49145,1.49162,1.56,2.62
2018.03.20 19:33:32.751,1.49143,1.49162,1.50,2.62
2018.03.20 19:33:33.294,1.49144,1.49161,1.12,2.00
2018.03.20 19:33:33.809,1.49145,1.49159,1.12,1.00
2018.03.20 19:33:34.326,1.49145,1.4916,1.12,2.62
2018.03.20 19:33:34.870,1.49145,1.49159,1.12,1.00
2018.03.20 19:33:35.392,1.49145,1.4916,2.25,2.62
2018.03.20 19:33:36.198,1.49143,1.49158,2.44,1.25
2018.03.20 19:33:36.251,1.49143,1.49157,1.69,2.81
2018.03.20 19:33:36.426,1.4914,1.49157,1.94,3.56
2018.03.20 19:33:36.528,1.4914,1.49155,1.94,2.62
2018.03.20 19:33:37.043,1.4914,1.49153,1.56,1.00
2018.03.20 19:33:37.451,1.49141,1.49155,1.19,4.50
2018.03.20 19:33:38.390,1.49144,1.49156,2.25,1.00
2018.03.20 19:33:38.442,1.49147,1.49159,1.19,1.50
2018.03.20 19:33:38.598,1.49147,1.49161,1.00,1.00
2018.03.20 19:33:39.076,1.49144,1.49161,3.19,1.12
2018.03.20 19:33:39.579,1.49142,1.49157,1.12,1.00
2018.03.20 19:33:39.918,1.49146,1.49159,1.87,1.00
2018.03.20 19:33:40.440,1.49146,1.4916,1.69,1.00
2018.03.20 19:33:41.012,1.49145,1.49161,3.75,2.62
2018.03.20 19:33:41.635,1.49146,1.49161,1.50,2.62
2018.03.20 19:33:41.780,1.49149,1.49163,1.12,1.00
2018.03.20 19:33:41.831,1.49151,1.49163,1.37,1.00
2018.03.20 19:33:42.137,1.49151,1.49166,1.37,2.81
2018.03.20 19:33:42.333,1.49151,1.49165,1.37,2.62
2018.03.20 19:33:42.849,1.49151,1.49164,1.12,2.62
2018.03.20 19:33:43.366,1.4915,1.49163,1.50,1.00
2018.03.20 19:33:44.002,1.49151,1.49164,1.12,2.62
2018.03.20 19:33:44.866,1.49151,1.49164,1.12,2.62
2018.03.20 19:33:45.529,1.49151,1.49163,1.12,1.00
2018.03.20 19:33:46.812,1.49151,1.49164,1.87,1.00
2018.03.20 19:33:47.463,1.49151,1.49165,1.12,2.62
2018.03.20 19:33:47.973,1.49151,1.49166,1.87,3.75
2018.03.20 19:33:50.040,1.49151,1.49165,1.12,3.75
2018.03.20 19:33:50.358,1.49151,1.49165,1.12,3.75
2018.03.20 19:33:50.531,1.49151,1.49165,1.00,2.81
2018.03.20 19:33:51.040,1.49151,1.49163,1.00,1.00
2018.03.20 19:33:51.092,1.49151,1.49164,1.00,2.00
2018.03.20 19:33:51.145,1.49151,1.49163,1.00,1.00
2018.03.20 19:33:51.740,1.4915,1.49163,1.12,2.25
2018.03.20 19:33:52.588,1.4915,1.49165,1.12,2.25
2018.03.20 19:33:52.640,1.4915,1.49165,1.12,2.62
2018.03.20 19:33:53.876,1.4915,1.49165,1.87,4.50
2018.03.20 19:33:54.032,1.4915,1.49167,1.12,3.56
2018.03.20 19:33:54.542,1.4915,1.49164,1.87,1.00
2018.03.20 19:33:55.060,1.49151,1.49167,1.50,3.56
2018.03.20 19:33:55.601,1.49153,1.49167,1.37,3.56
2018.03.20 19:33:55.870,1.49153,1.49167,1.37,1.31
2018.03.20 19:33:56.397,1.49151,1.49168,3.00,2.81
2018.03.20 19:33:56.448,1.49158,1.49169,1.00,1.00
2018.03.20 19:33:56.536,1.49158,1.49174,1.44,1.69
2018.03.20 19:33:56.850,1.4916,1.49175,1.25,4.50
2018.03.20 19:33:57.159,1.49161,1.49177,1.87,2.81
2018.03.20 19:33:57.690,1.49163,1.49176,1.69,2.25
2018.03.20 19:33:58.214,1.49165,1.49178,1.12,2.81
2018.03.20 19:33:58.983,1.49165,1.49179,1.12,3.00
2018.03.20 19:33:59.300,1.49165,1.49178,1.31,1.25
2018.03.20 19:34:00.624,1.49163,1.49178,2.06,2.81
2018.03.20 19:34:00.676,1.49163,1.49176,1.12,1.69
2018.03.20 19:34:00.729,1.49162,1.49177,1.62,1.87
2018.03.20 19:34:01.045,1.4916,1.49174,1.37,2.62
2018.03.20 19:34:01.627,1.4916,1.49171,1.87,1.00
2018.03.20 19:34:01.777,1.4916,1.49175,1.87,2.62
2018.03.20 19:34:02.033,1.49158,1.49172,1.87,2.62
2018.03.20 19:34:02.135,1.49159,1.49176,1.37,3.19
2018.03.20 19:34:02.187,1.49159,1.49173,1.87,2.62
2018.03.20 19:34:02.698,1.49159,1.49172,1.12,2.62
2018.03.20 19:34:02.854,1.49158,1.4917,1.12,2.62
2018.03.20 19:34:03.364,1.49157,1.49171,3.00,2.62
2018.03.20 19:34:03.417,1.49156,1.49169,1.00,2.81
2018.03.20 19:34:03.521,1.49154,1.49168,1.12,2.81
2018.03.20 19:34:03.676,1.49154,1.49167,1.00,2.81
2018.03.20 19:34:04.058,1.49153,1.49165,1.13,1.00
2018.03.20 19:34:04.374,1.49152,1.49168,1.12,3.75
2018.03.20 19:34:04.428,1.49151,1.49162,1.69,1.00
2018.03.20 19:34:04.896,1.49153,1.49166,1.00,2.81
2018.03.20 19:34:05.052,1.49149,1.49165,1.31,2.00
2018.03.20 19:34:05.574,1.49149,1.49164,2.06,2.00
2018.03.20 19:34:05.781,1.4915,1.49166,1.62,2.81
2018.03.20 19:34:05.833,1.49151,1.49165,1.12,2.00
2018.03.20 19:34:05.886,1.49151,1.49166,1.12,1.25
2018.03.20 19:34:05.990,1.49153,1.49169,1.87,2.44
2018.03.20 19:34:06.093,1.49155,1.49167,1.12,1.00
2018.03.20 19:34:06.609,1.49156,1.49169,1.25,2.62
2018.03.20 19:34:06.777,1.49157,1.49171,1.87,1.00
2018.03.20 19:34:07.344,1.49157,1.49172,1.44,1.00
2018.03.20 19:34:07.447,1.49158,1.49171,1.19,2.62
2018.03.20 19:34:07.499,1.49157,1.49171,1.44,1.00
2018.03.20 19:34:07.551,1.49157,1.49173,1.87,1.69
2018.03.20 19:34:07.914,1.49157,1.49174,1.87,3.19
2018.03.20 19:34:08.121,1.49157,1.49171,1.12,2.62
2018.03.20 19:34:08.466,1.49156,1.49172,1.87,1.50
2018.03.20 19:34:08.518,1.49156,1.49173,2.25,1.31
2018.03.20 19:34:08.571,1.49156,1.49173,3.00,1.69
2018.03.20 19:34:08.881,1.49158,1.4917,1.00,1.19
2018.03.20 19:34:09.399,1.49156,1.4917,1.13,2.81
2018.03.20 19:34:09.941,1.49155,1.49171,1.88,4.50
2018.03.20 19:34:10.451,1.49155,1.49168,1.88,1.00
2018.03.20 19:34:11.245,1.49155,1.49167,1.69,1.00
2018.03.20 19:34:11.327,1.49155,1.49167,1.69,1.00
2018.03.20 19:34:13.161,1.49155,1.49171,1.87,1.12
2018.03.20 19:34:13.963,1.49154,1.4917,2.44,2.81
2018.03.20 19:34:14.015,1.49154,1.49169,1.69,2.81
2018.03.20 19:34:14.231,1.49154,1.49167,1.31,2.62
2018.03.20 19:34:14.744,1.49154,1.49166,1.31,1.00
2018.03.20 19:34:15.054,1.49154,1.49169,1.31,3.75
2018.03.20 19:34:15.156,1.49154,1.49168,1.31,2.62
2018.03.20 19:34:15.360,1.49154,1.49168,1.31,3.56
2018.03.20 19:34:16.308,1.49154,1.49168,1.31,3.56
2018.03.20 19:34:16.721,1.49152,1.49167,1.00,2.81
2018.03.20 19:34:17.107,1.49149,1.49161,1.50,1.00
2018.03.20 19:34:17.623,1.49147,1.4916,2.00,1.00
2018.03.20 19:34:19.167,1.49148,1.4916,2.19,1.00
2018.03.20 19:34:19.785,1.4915,1.49163,1.69,2.62
2018.03.20 19:34:20.991,1.49149,1.49163,1.87,3.56
2018.03.20 19:34:21.044,1.49147,1.49161,1.87,2.62
2018.03.20 19:34:21.097,1.49148,1.49161,1.31,2.62
2018.03.20 19:34:21.409,1.49153,1.49164,1.00,3.56
2018.03.20 19:34:21.462,1.49153,1.49164,1.00,2.62
2018.03.20 19:34:21.983,1.49152,1.49164,1.69,2.62
2018.03.20 19:34:22.505,1.49153,1.49164,1.00,2.62
2018.03.20 19:34:22.964,1.4915,1.49164,1.19,2.62
2018.03.20 19:34:23.498,1.49151,1.49163,1.00,2.62
2018.03.20 19:34:24.660,1.49151,1.49164,1.00,3.75
2018.03.20 19:34:25.870,1.49149,1.49162,1.00,2.81
2018.03.20 19:34:25.923,1.49146,1.49159,1.31,2.62
2018.03.20 19:34:26.437,1.49146,1.49158,2.62,3.56
2018.03.20 19:34:27.335,1.49146,1.49158,2.25,3.56
2018.03.20 19:34:27.986,1.49145,1.49158,2.81,2.62
2018.03.20 19:34:32.916,1.49145,1.49157,1.69,1.00
2018.03.20 19:34:33.438,1.49145,1.49159,1.50,3.94
2018.03.20 19:34:33.854,1.49146,1.49158,1.25,3.56
2018.03.20 19:34:33.959,1.49145,1.49158,2.62,2.62
2018.03.20 19:34:34.115,1.49145,1.49159,2.25,4.50
2018.03.20 19:34:35.539,1.49148,1.4916,1.25,2.62
2018.03.20 19:34:35.591,1.4915,1.49164,1.37,1.62
2018.03.20 19:34:35.644,1.49148,1.49162,1.12,2.62
2018.03.20 19:34:36.209,1.49147,1.49161,2.06,3.56
2018.03.20 19:34:36.760,1.49147,1.49159,1.25,2.62
2018.03.20 19:34:37.070,1.49147,1.49158,1.19,2.25
2018.03.20 19:34:37.901,1.49145,1.49161,1.75,3.56
2018.03.20 19:34:39.500,1.49146,1.49158,1.56,1.00
2018.03.20 19:34:40.213,1.49146,1.49161,1.56,2.00
2018.03.20 19:34:40.848,1.49146,1.49161,1.56,3.56
2018.03.20 19:34:41.368,1.49146,1.4916,1.56,1.00
2018.03.20 19:34:41.420,1.49146,1.49158,1.56,1.00
2018.03.20 19:34:41.936,1.49146,1.49159,1.56,2.62
2018.03.20 19:34:42.451,1.49146,1.49158,1.69,2.62
2018.03.20 19:34:42.504,1.49146,1.4916,1.69,2.62
2018.03.20 19:34:43.385,1.49146,1.49159,1.69,2.62
2018.03.20 19:34:43.921,1.49146,1.4916,1.87,1.75
2018.03.20 19:34:43.973,1.49146,1.49161,2.25,3.19
2018.03.20 19:34:44.488,1.49146,1.4916,1.69,2.62
2018.03.20 19:34:44.991,1.49146,1.49161,1.69,3.56
2018.03.20 19:34:45.881,1.49146,1.4916,2.06,1.00
2018.03.20 19:34:45.933,1.49147,1.49162,1.62,1.00
2018.03.20 19:34:46.448,1.49147,1.49163,1.69,1.69
2018.03.20 19:34:46.654,1.49146,1.4916,1.69,1.00
2018.03.20 19:34:47.291,1.49146,1.49163,5.06,3.56
2018.03.20 19:34:47.810,1.49146,1.49162,1.19,3.56
2018.03.20 19:34:48.331,1.49146,1.49158,1.31,2.62
2018.03.20 19:34:48.815,1.49147,1.49159,1.00,1.50
2018.03.20 19:34:49.386,1.49146,1.49161,1.25,3.37
2018.03.20 19:34:49.928,1.49146,1.49162,1.31,2.81
2018.03.20 19:34:50.646,1.49146,1.49158,1.25,1.00
2018.03.20 19:34:51.440,1.49146,1.49161,1.31,2.81
2018.03.20 19:34:52.526,1.49146,1.49162,1.50,1.87
2018.03.20 19:34:53.077,1.49146,1.49163,1.00,2.44
2018.03.20 19:34:54.948,1.49146,1.49162,1.12,1.75
2018.03.20 19:34:55.992,1.49146,1.4916,1.12,2.62
2018.03.20 19:34:56.318,1.49146,1.49162,4.12,2.62
2018.03.20 19:34:58.259,1.49146,1.49158,3.37,2.62
2018.03.20 19:34:58.311,1.4914,1.49155,1.00,2.44
2018.03.20 19:34:58.466,1.49138,1.49152,1.00,2.81
2018.03.20 19:34:59.295,1.49137,1.49152,6.56,1.19
2018.03.20 19:34:59.451,1.49139,1.49154,1.12,1.37
2018.03.20 19:34:59.508,1.49143,1.49156,3.37,1.25
2018.03.20 19:35:00.128,1.49143,1.49156,1.50,1.00
2018.03.20 19:35:00.293,1.49143,1.49158,1.87,1.12
2018.03.20 19:35:00.449,1.49143,1.49159,1.87,1.50
2018.03.20 19:35:02.233,1.49146,1.4916,1.00,1.44
2018.03.20 19:35:02.285,1.49146,1.4916,2.81,1.00
2018.03.20 19:35:02.336,1.49147,1.49163,2.81,2.44
2018.03.20 19:35:02.541,1.49147,1.49163,2.81,3.19
2018.03.20 19:35:02.833,1.49147,1.49163,3.19,3.19
2018.03.20 19:35:03.337,1.49148,1.49163,1.19,1.69
2018.03.20 19:35:03.922,1.49148,1.49163,3.19,1.31
2018.03.20 19:35:04.648,1.49148,1.49163,3.37,1.31
2018.03.20 19:35:06.041,1.49149,1.49165,1.87,1.44
2018.03.20 19:35:08.095,1.49149,1.49166,1.69,2.44
2018.03.20 19:35:08.623,1.49149,1.49165,1.87,1.31
2018.03.20 19:35:09.664,1.49149,1.49166,1.87,2.44
2018.03.20 19:35:09.766,1.4915,1.49166,3.00,2.44
2018.03.20 19:35:10.073,1.49154,1.49168,1.50,1.50
2018.03.20 19:35:10.188,1.49154,1.49168,2.25,1.00
2018.03.20 19:35:10.698,1.49154,1.4917,2.62,1.69
2018.03.20 19:35:11.107,1.49154,1.49171,4.50,1.56
2018.03.20 19:35:12.101,1.49156,1.4917,1.44,1.25
2018.03.20 19:35:12.489,1.49156,1.49173,3.37,3.19
2018.03.20 19:35:12.593,1.49156,1.49172,3.37,2.44
2018.03.20 19:35:12.697,1.49157,1.49172,2.81,1.19
2018.03.20 19:35:13.196,1.49158,1.49173,2.62,2.06
2018.03.20 19:35:14.504,1.49158,1.49173,3.19,2.06
2018.03.20 19:35:15.236,1.49158,1.49172,3.75,1.00
2018.03.20 19:35:15.289,1.4916,1.49175,1.69,1.31
2018.03.20 19:35:15.444,1.49159,1.49176,1.12,2.44
2018.03.20 19:35:17.887,1.49157,1.49172,3.00,1.25
2018.03.20 19:35:18.014,1.49156,1.49172,1.50,1.25
2018.03.20 19:35:18.561,1.49155,1.49172,3.00,2.81
2018.03.20 19:35:19.088,1.49155,1.49171,1.12,1.31
2018.03.20 19:35:19.430,1.49157,1.49173,1.50,1.69
2018.03.20 19:35:20.064,1.49158,1.49174,3.00,1.69
2018.03.20 19:35:20.596,1.49158,1.49175,1.69,1.19
2018.03.20 19:35:21.407,1.49159,1.49176,1.62,1.12
2018.03.20 19:35:21.931,1.4916,1.49176,1.69,1.19
2018.03.20 19:35:22.295,1.4916,1.49177,1.12,1.81
2018.03.20 19:35:22.846,1.49163,1.49177,1.00,1.81
2018.03.20 19:35:23.384,1.49162,1.49178,2.81,1.50
2018.03.20 19:35:23.791,1.49162,1.49178,1.25,1.50
2018.03.20 19:35:24.180,1.49161,1.49178,1.12,2.44
2018.03.20 19:35:24.728,1.49159,1.49176,1.50,1.44
2018.03.20 19:35:25.887,1.49161,1.49176,2.62,1.44
2018.03.20 19:35:26.014,1.4916,1.49178,5.06,1.56
2018.03.20 19:35:26.548,1.4916,1.49179,1.69,3.19
2018.03.20 19:35:26.804,1.49157,1.49174,1.50,2.44
2018.03.20 19:35:27.164,1.49157,1.49174,5.06,1.19
2018.03.20 19:35:27.696,1.49158,1.49174,1.12,1.19
2018.03.20 19:35:28.006,1.49158,1.49174,1.50,1.19
2018.03.20 19:35:28.518,1.49157,1.49174,4.87,1.19
2018.03.20 19:35:29.038,1.49158,1.49174,1.00,1.19
2018.03.20 19:35:31.412,1.49158,1.49174,1.00,1.19
2018.03.20 19:35:32.545,1.49158,1.49174,1.00,1.19
2018.03.20 19:35:33.892,1.49157,1.49173,4.50,1.19
2018.03.20 19:35:34.048,1.49157,1.49174,1.50,2.81
2018.03.20 19:35:34.215,1.49157,1.49174,1.69,2.44
2018.03.20 19:35:35.052,1.49157,1.49172,1.12,1.69
2018.03.20 19:35:36.436,1.49155,1.49171,2.81,2.81
2018.03.20 19:35:36.487,1.49155,1.49171,1.00,3.19
2018.03.20 19:35:36.590,1.49155,1.4917,2.81,1.31
2018.03.20 19:35:36.969,1.49155,1.49171,1.25,3.00
2018.03.20 19:35:37.519,1.49155,1.49171,1.00,3.00
2018.03.20 19:35:38.005,1.49151,1.49168,3.56,1.56
2018.03.20 19:35:38.316,1.49152,1.49167,2.62,1.19
2018.03.20 19:35:38.865,1.49151,1.49167,3.37,1.19
2018.03.20 19:35:39.388,1.49151,1.49167,1.50,1.19
2018.03.20 19:35:41.032,1.49151,1.49167,1.00,1.37
2018.03.20 19:35:41.085,1.49151,1.49168,1.69,2.06
2018.03.20 19:35:41.636,1.49151,1.49168,2.06,1.19
2018.03.20 19:35:41.906,1.49152,1.49168,3.00,1.19
2018.03.20 19:35:42.418,1.49152,1.49168,1.37,1.19
2018.03.20 19:35:42.971,1.49152,1.49168,1.62,1.19
2018.03.20 19:35:45.924,1.49154,1.49171,1.25,2.44
2018.03.20 19:35:45.978,1.49154,1.49171,3.37,1.12
2018.03.20 19:35:46.101,1.49157,1.49171,1.31,1.31
2018.03.20 19:35:46.257,1.49157,1.49174,4.87,1.50
2018.03.20 19:35:46.309,1.49157,1.49174,1.31,1.50
2018.03.20 19:35:46.829,1.49157,1.49174,3.56,2.81
2018.03.20 19:35:47.128,1.49155,1.49171,3.00,2.06
2018.03.20 19:35:48.276,1.49155,1.49171,1.12,2.06
2018.03.20 19:35:49.183,1.49155,1.49171,3.00,2.06
2018.03.20 19:35:49.785,1.49155,1.49171,1.12,2.44
2018.03.20 19:35:50.712,1.49155,1.49171,1.50,2.06
2018.03.20 19:35:50.848,1.49153,1.49169,1.12,1.19
2018.03.20 19:35:53.031,1.49152,1.49169,3.37,1.19
2018.03.20 19:35:54.169,1.49152,1.49169,3.19,1.31
2018.03.20 19:35:56.185,1.49152,1.49169,2.25,1.31
2018.03.20 19:35:56.642,1.4915,1.49168,1.37,3.37
2018.03.20 19:35:57.580,1.49152,1.4917,3.75,2.44
2018.03.20 19:35:58.099,1.49152,1.4917,4.87,2.06
2018.03.20 19:35:58.609,1.49155,1.49171,1.00,1.69
2018.03.20 19:35:59.035,1.49157,1.49172,2.62,1.81
2018.03.20 19:35:59.088,1.49159,1.49173,1.00,1.19
2018.03.20 19:35:59.140,1.49156,1.49172,3.37,1.69
2018.03.20 19:35:59.193,1.49154,1.49171,1.19,2.06
2018.03.20 19:35:59.431,1.49153,1.49171,1.50,2.06
2018.03.20 19:36:00.187,1.49154,1.49171,3.37,1.31
2018.03.20 19:36:00.290,1.49152,1.49171,5.25,1.69
2018.03.20 19:36:00.807,1.49153,1.4917,1.31,1.56
2018.03.20 19:36:01.319,1.49152,1.49168,1.87,1.25
2018.03.20 19:36:01.883,1.49152,1.49168,1.31,1.19
2018.03.20 19:36:02.430,1.49151,1.49168,1.31,1.69
2018.03.20 19:36:03.497,1.49152,1.49168,2.81,2.06
2018.03.20 19:36:03.735,1.4915,1.49168,1.81,1.31
2018.03.20 19:36:04.500,1.49151,1.49168,2.81,2.44
2018.03.20 19:36:05.395,1.49151,1.49168,1.19,1.69
2018.03.20 19:36:05.662,1.49152,1.49168,2.00,2.06
2018.03.20 19:36:05.714,1.49152,1.49168,3.56,2.06
2018.03.20 19:36:06.076,1.49153,1.49169,2.62,1.69
2018.03.20 19:36:06.160,1.49151,1.49169,2.19,1.69
2018.03.20 19:36:06.263,1.49152,1.49168,2.81,1.31
2018.03.20 19:36:06.536,1.49151,1.49169,1.87,1.69
2018.03.20 19:36:06.952,1.49151,1.49168,2.19,1.19
2018.03.20 19:36:07.466,1.49151,1.49168,2.19,1.19
2018.03.20 19:36:07.942,1.49153,1.49167,2.62,1.25
2018.03.20 19:36:08.453,1.49154,1.49169,1.00,1.19
2018.03.20 19:36:08.506,1.49151,1.49169,4.12,1.19
2018.03.20 19:36:08.729,1.49152,1.49169,1.37,1.19
2018.03.20 19:36:09.260,1.49152,1.49169,1.37,1.69
2018.03.20 19:36:09.665,1.49151,1.49169,2.62,1.69
2018.03.20 19:36:09.953,1.49152,1.4917,1.56,1.87
2018.03.20 19:36:10.007,1.49154,1.49169,1.00,1.37
2018.03.20 19:36:10.133,1.49154,1.49169,2.81,1.44
2018.03.20 19:36:10.518,1.49151,1.49167,3.19,1.44
2018.03.20 19:36:10.571,1.4915,1.49168,3.56,2.62
2018.03.20 19:36:11.096,1.49149,1.49168,2.44,2.44
2018.03.20 19:36:11.873,1.49149,1.49166,2.44,1.56
2018.03.20 19:36:12.357,1.4915,1.49166,1.69,1.44
2018.03.20 19:36:12.576,1.49149,1.49167,1.69,1.69
2018.03.20 19:36:13.101,1.49149,1.49167,4.12,1.69
2018.03.20 19:36:13.513,1.49147,1.49166,1.87,1.31
2018.03.20 19:36:13.945,1.49149,1.49165,1.81,1.69
2018.03.20 19:36:14.252,1.49148,1.49164,1.12,1.19
2018.03.20 19:36:14.355,1.49148,1.49164,1.87,1.19
2018.03.20 19:36:14.508,1.49148,1.49164,1.50,1.19
2018.03.20 19:36:14.560,1.49148,1.49164,3.75,1.19
2018.03.20 19:36:14.681,1.49148,1.49164,1.50,1.19
2018.03.20 19:36:15.229,1.49149,1.49165,1.00,1.69
2018.03.20 19:36:16.021,1.49148,1.49165,1.50,1.69
2018.03.20 19:36:17.105,1.49148,1.49165,2.06,1.19
2018.03.20 19:36:17.298,1.49148,1.49164,1.87,1.25
2018.03.20 19:36:17.858,1.4915,1.49165,1.00,2.06
2018.03.20 19:36:18.415,1.4915,1.49165,1.00,1.69
2018.03.20 19:36:19.935,1.49149,1.49165,1.37,1.69
2018.03.20 19:36:20.568,1.49148,1.49165,4.12,1.25
2018.03.20 19:36:21.182,1.49148,1.49165,4.12,1.19
2018.03.20 19:36:22.514,1.49149,1.49165,2.81,1.19
2018.03.20 19:36:23.238,1.4915,1.49165,1.62,1.12
2018.03.20 19:36:23.444,1.49151,1.49168,1.12,3.00
2018.03.20 19:36:23.907,1.49151,1.49168,1.69,2.81
2018.03.20 19:36:24.460,1.49151,1.49168,1.19,2.81
2018.03.20 19:36:24.563,1.49151,1.49168,2.81,1.12
2018.03.20 19:36:24.869,1.49154,1.49163,2.81,1.00
2018.03.20 19:36:28.580,1.49156,1.49163,1.62,1.00
2018.03.20 19:36:28.940,1.49156,1.49166,1.62,1.00
2018.03.20 19:36:29.454,1.49155,1.49166,1.50,1.12
2018.03.20 19:36:29.977,1.49155,1.49166,3.19,1.00
2018.03.20 19:36:31.571,1.49157,1.49166,2.62,1.00
2018.03.20 19:36:32.081,1.49158,1.49171,1.00,1.69
2018.03.20 19:36:32.698,1.49158,1.49167,1.00,1.00
2018.03.20 19:36:33.250,1.49158,1.49167,2.62,1.00
2018.03.20 19:36:34.976,1.49158,1.49167,1.00,1.00
2018.03.20 19:36:37.301,1.49157,1.49167,1.31,1.00
2018.03.20 19:36:37.457,1.49156,1.49167,2.25,1.00
2018.03.20 19:36:37.562,1.49154,1.49165,2.62,1.00
2018.03.20 19:36:38.092,1.49153,1.49165,2.62,1.00
2018.03.20 19:36:38.616,1.49152,1.49165,2.81,1.12
2018.03.20 19:36:38.982,1.4915,1.49161,3.00,1.00
2018.03.20 19:36:39.228,1.49149,1.49161,1.31,1.00
2018.03.20 19:36:39.384,1.49147,1.49159,1.87,1.00
2018.03.20 19:36:39.964,1.49149,1.4916,1.00,1.12
2018.03.20 19:36:46.038,1.49149,1.4916,1.12,1.50
2018.03.20 19:36:46.352,1.49152,1.49161,1.69,1.00
2018.03.20 19:36:53.618,1.49151,1.49161,2.81,1.00
2018.03.20 19:36:53.930,1.49153,1.49161,1.87,1.00
2018.03.20 19:36:54.471,1.49155,1.49161,3.00,1.00
2018.03.20 19:36:54.889,1.49155,1.49164,3.00,1.00
2018.03.20 19:36:58.425,1.49156,1.49164,1.50,1.00
2018.03.20 19:36:58.987,1.49156,1.49164,2.81,1.00
2018.03.20 19:36:59.531,1.49156,1.49164,1.00,1.00
2018.03.20 19:37:03.022,1.49156,1.49167,1.25,1.00
2018.03.20 19:37:04.881,1.49155,1.49167,3.19,1.00
2018.03.20 19:37:06.070,1.49154,1.49167,1.94,1.00
2018.03.20 19:37:07.672,1.49156,1.49167,1.62,1.00
2018.03.20 19:37:08.260,1.49156,1.49167,1.25,1.12
2018.03.20 19:37:12.856,1.49156,1.49168,1.31,1.50
2018.03.20 19:37:12.908,1.49156,1.49168,1.25,1.50
2018.03.20 19:37:12.960,1.49156,1.49168,3.19,1.00
2018.03.20 19:37:14.061,1.49157,1.49168,2.81,1.00
2018.03.20 19:37:14.165,1.49156,1.49168,1.12,1.00
2018.03.20 19:37:14.860,1.49156,1.49168,3.00,1.12
2018.03.20 19:37:15.389,1.49156,1.49168,1.25,1.12
2018.03.20 19:37:18.574,1.49156,1.49168,2.06,1.12
2018.03.20 19:37:19.104,1.49157,1.49168,4.12,1.00
2018.03.20 19:37:19.366,1.49159,1.49171,2.62,1.12
2018.03.20 19:37:23.330,1.49161,1.49171,2.62,1.00
2018.03.20 19:37:23.640,1.49161,1.49171,4.12,1.00
2018.03.20 19:37:24.257,1.49161,1.49171,2.06,1.00
2018.03.20 19:37:24.309,1.49163,1.49171,2.62,1.00
2018.03.20 19:37:28.660,1.49158,1.49171,3.75,1.00
2018.03.20 19:37:28.712,1.49163,1.49174,2.62,1.44
2018.03.20 19:37:29.257,1.49162,1.49175,2.62,1.37
2018.03.20 19:37:31.580,1.49161,1.49175,1.25,1.44
2018.03.20 19:37:31.632,1.49161,1.49175,3.56,1.44
2018.03.20 19:37:31.965,1.49165,1.49175,1.00,1.44
2018.03.20 19:37:32.626,1.49162,1.49175,2.62,1.44
2018.03.20 19:37:32.681,1.4916,1.49175,4.31,1.44
2018.03.20 19:37:33.212,1.49162,1.49174,2.06,1.00
2018.03.20 19:37:33.623,1.49166,1.49174,2.25,1.00
2018.03.20 19:37:33.729,1.49167,1.49176,2.62,1.00
2018.03.20 19:37:33.781,1.49167,1.49178,2.62,1.25
2018.03.20 19:37:34.304,1.49166,1.49177,2.62,1.00
2018.03.20 19:37:36.966,1.49166,1.49177,2.25,1.00
2018.03.20 19:37:39.507,1.49164,1.49178,3.56,2.62
2018.03.20 19:37:40.048,1.49164,1.4918,1.94,3.19
2018.03.20 19:37:42.989,1.49163,1.49179,2.44,1.87
2018.03.20 19:37:43.525,1.49165,1.49176,1.00,1.00
2018.03.20 19:37:46.079,1.49163,1.49176,2.62,1.50
2018.03.20 19:37:46.132,1.49163,1.49176,1.00,1.50
2018.03.20 19:37:49.421,1.49162,1.49176,2.81,1.12
2018.03.20 19:37:49.981,1.4916,1.49176,2.19,1.12
2018.03.20 19:37:50.906,1.4916,1.49176,5.62,1.12
2018.03.20 19:37:52.720,1.49165,1.49173,1.00,1.00
2018.03.20 19:37:52.825,1.49165,1.49176,2.62,1.00
2018.03.20 19:37:55.079,1.49164,1.49176,3.37,1.00
2018.03.20 19:37:58.922,1.49164,1.49176,1.00,1.00
2018.03.20 19:37:59.485,1.49165,1.49176,2.62,1.00
2018.03.20 19:37:59.540,1.49163,1.49176,3.75,1.00
2018.03.20 19:38:00.057,1.49163,1.49175,2.62,1.12
2018.03.20 19:38:00.244,1.49162,1.49175,1.31,1.31
2018.03.20 19:38:00.297,1.49164,1.49173,1.00,1.25
2018.03.20 19:38:01.186,1.49162,1.49173,2.62,1.00
2018.03.20 19:38:01.742,1.49162,1.49173,4.50,1.00
2018.03.20 19:38:02.051,1.4916,1.49173,3.94,1.00
2018.03.20 19:38:03.024,1.4916,1.49176,4.69,1.12
2018.03.20 19:38:03.538,1.4916,1.49174,3.94,1.00
2018.03.20 19:38:05.855,1.4916,1.4917,3.37,1.12
2018.03.20 19:38:05.908,1.49156,1.49167,3.15,1.44
2018.03.20 19:38:05.960,1.49153,1.49166,2.62,1.75
2018.03.20 19:38:06.080,1.4915,1.49162,1.31,1.50
2018.03.20 19:38:06.437,1.4915,1.49162,1.56,1.12
2018.03.20 19:38:06.488,1.49154,1.49166,1.44,1.12
2018.03.20 19:38:07.050,1.49154,1.49166,1.44,1.00
2018.03.20 19:38:11.805,1.49154,1.49168,1.81,1.12
2018.03.20 19:38:12.948,1.49154,1.49168,3.19,1.69
2018.03.20 19:38:18.395,1.49155,1.49168,2.81,1.31
2018.03.20 19:38:18.950,1.49155,1.49167,1.25,1.00
2018.03.20 19:38:19.004,1.49148,1.49162,1.94,3.19
2018.03.20 19:38:19.315,1.49145,1.49159,3.37,2.62
2018.03.20 19:38:21.887,1.49146,1.49161,2.44,3.37
2018.03.20 19:38:22.544,1.49148,1.4916,1.19,1.00
2018.03.20 19:38:23.499,1.49144,1.49158,1.56,2.81
2018.03.20 19:38:23.622,1.49145,1.49158,1.44,1.00
2018.03.20 19:38:23.675,1.49145,1.49158,1.44,1.00
2018.03.20 19:38:24.441,1.49145,1.49158,1.44,2.62
2018.03.20 19:38:24.750,1.49135,1.49149,1.94,2.44
2018.03.20 19:38:25.416,1.49135,1.49149,1.56,2.81
2018.03.20 19:38:25.877,1.49132,1.49142,1.62,2.62
2018.03.20 19:38:25.998,1.49127,1.4914,1.25,2.81
2018.03.20 19:38:26.383,1.49125,1.49137,1.44,2.62
2018.03.20 19:38:26.919,1.49125,1.49138,1.25,2.62
2018.03.20 19:38:27.247,1.49117,1.4913,2.25,2.62
2018.03.20 19:38:27.605,1.49119,1.49132,2.44,1.37
2018.03.20 19:38:27.657,1.49117,1.4913,2.25,2.62
2018.03.20 19:38:27.963,1.49117,1.49133,3.19,2.81
2018.03.20 19:38:28.390,1.49117,1.49131,2.81,2.25
2018.03.20 19:38:28.933,1.49115,1.49131,1.87,3.37
2018.03.20 19:38:29.439,1.49115,1.4913,3.75,2.62
2018.03.20 19:38:29.752,1.49122,1.49137,2.62,1.75
2018.03.20 19:38:29.858,1.49122,1.49137,1.37,2.81
2018.03.20 19:38:30.105,1.49123,1.49137,1.12,1.25
2018.03.20 19:38:30.524,1.49124,1.49139,3.37,1.37
2018.03.20 19:38:30.577,1.49123,1.49139,1.50,1.75
2018.03.20 19:38:30.835,1.49123,1.49135,1.00,1.25
2018.03.20 19:38:31.129,1.49115,1.49131,1.62,1.12
2018.03.20 19:38:31.282,1.49115,1.49129,1.25,2.81
2018.03.20 19:38:31.792,1.49115,1.49126,1.00,1.00
2018.03.20 19:38:32.058,1.49116,1.49128,1.00,1.25
2018.03.20 19:38:32.369,1.49113,1.49129,1.56,1.81
2018.03.20 19:38:32.422,1.49112,1.49129,1.44,2.25
2018.03.20 19:38:32.980,1.49112,1.49129,1.44,3.00
2018.03.20 19:38:33.919,1.49112,1.49129,3.37,3.37
2018.03.20 19:38:34.320,1.49112,1.49129,1.44,4.87
2018.03.20 19:38:35.074,1.49114,1.49129,1.69,1.81
2018.03.20 19:38:35.626,1.49113,1.49128,1.69,1.25
2018.03.20 19:38:36.879,1.49113,1.49129,1.69,3.19
2018.03.20 19:38:37.385,1.49115,1.4913,1.50,1.12
2018.03.20 19:38:37.741,1.49113,1.49129,1.56,2.62
2018.03.20 19:38:38.198,1.49113,1.49131,1.87,5.25
2018.03.20 19:38:38.615,1.49114,1.49129,1.44,1.00
2018.03.20 19:38:38.959,1.4912,1.49136,1.19,2.62
2018.03.20 19:38:39.112,1.49115,1.49132,2.25,3.37
2018.03.20 19:38:39.215,1.49115,1.49132,1.50,4.12
2018.03.20 19:38:39.317,1.49115,1.49132,1.75,1.37
2018.03.20 19:38:39.589,1.49117,1.49133,1.50,3.56
2018.03.20 19:38:39.975,1.49118,1.49134,1.87,2.25
2018.03.20 19:38:40.081,1.49118,1.49135,1.12,1.25
2018.03.20 19:38:40.524,1.49119,1.49137,2.62,5.25
2018.03.20 19:38:40.575,1.4912,1.49137,3.00,2.62
2018.03.20 19:38:41.032,1.4912,1.49136,1.00,1.12
2018.03.20 19:38:41.135,1.4912,1.49137,3.37,1.87
2018.03.20 19:38:41.443,1.49121,1.49137,3.56,1.50
2018.03.20 19:38:43.230,1.49122,1.4914,1.12,4.50
2018.03.20 19:38:43.748,1.49122,1.49139,2.81,1.69
2018.03.20 19:38:43.800,1.49122,1.49139,2.81,1.69
2018.03.20 19:38:43.852,1.49121,1.49138,3.56,1.87
2018.03.20 19:38:44.641,1.49121,1.49138,3.56,1.12
2018.03.20 19:38:44.798,1.49117,1.49134,2.81,1.75
2018.03.20 19:38:45.005,1.49118,1.49134,1.19,1.87
2018.03.20 19:38:45.892,1.49116,1.49133,1.56,1.37
2018.03.20 19:38:46.405,1.49117,1.49133,2.06,1.44
2018.03.20 19:38:46.790,1.49116,1.49134,1.94,3.00
2018.03.20 19:38:47.329,1.49117,1.49133,1.31,1.12
2018.03.20 19:38:47.539,1.49113,1.49129,1.69,1.37
2018.03.20 19:38:47.746,1.49113,1.49128,1.50,1.37
2018.03.20 19:38:48.405,1.49112,1.49127,1.31,1.12
2018.03.20 19:38:49.414,1.49111,1.49127,1.31,1.12
2018.03.20 19:38:49.738,1.49111,1.49126,1.12,1.12
2018.03.20 19:38:50.074,1.49109,1.49124,1.25,3.75
2018.03.20 19:38:50.378,1.49109,1.49124,1.25,2.81
2018.03.20 19:38:50.430,1.4911,1.49125,1.31,4.12
2018.03.20 19:38:50.792,1.49112,1.49126,1.00,1.00
2018.03.20 19:38:52.546,1.49112,1.49127,1.25,1.00
2018.03.20 19:38:52.752,1.49112,1.49127,2.81,1.00
2018.03.20 19:38:52.804,1.49112,1.49128,1.25,1.19
2018.03.20 19:38:52.907,1.49113,1.49129,2.62,1.81
2018.03.20 19:38:52.959,1.49112,1.49127,1.25,1.25
2018.03.20 19:38:53.011,1.49114,1.49129,1.00,1.50
2018.03.20 19:38:53.319,1.49106,1.49121,1.50,1.25
2018.03.20 19:38:53.371,1.49107,1.49121,1.00,1.94
2018.03.20 19:38:53.718,1.49104,1.49118,1.00,1.44
2018.03.20 19:38:54.755,1.49104,1.4912,1.37,1.50
2018.03.20 19:38:54.901,1.49104,1.49121,3.00,1.50
2018.03.20 19:38:55.425,1.49105,1.49121,1.00,3.00
2018.03.20 19:38:55.477,1.49107,1.49122,2.62,1.44
2018.03.20 19:38:55.581,1.49104,1.49122,3.75,1.87
2018.03.20 19:38:55.999,1.49106,1.49121,1.12,1.12
2018.03.20 19:38:56.676,1.49106,1.49121,2.81,1.00
2018.03.20 19:38:56.728,1.49106,1.49122,2.81,1.69
2018.03.20 19:38:57.226,1.49113,1.49128,1.00,1.87
2018.03.20 19:38:57.736,1.4911,1.49127,3.00,1.37
2018.03.20 19:38:57.839,1.4911,1.49129,3.37,1.87
2018.03.20 19:38:57.942,1.4911,1.49129,1.75,1.87
2018.03.20 19:38:58.524,1.49113,1.49129,1.25,1.37
2018.03.20 19:39:00.608,1.49111,1.49127,2.81,1.44
2018.03.20 19:39:01.196,1.49113,1.49127,3.00,1.00
2018.03.20 19:39:01.745,1.49114,1.4913,2.62,1.87
2018.03.20 19:39:02.762,1.49114,1.4913,2.62,1.50
2018.03.20 19:39:03.846,1.49114,1.49128,2.62,1.00
2018.03.20 19:39:04.354,1.49114,1.49129,2.62,1.19
2018.03.20 19:39:05.278,1.49114,1.49128,2.62,1.25
2018.03.20 19:39:06.207,1.49115,1.49128,1.00,1.25
2018.03.20 19:39:06.735,1.49115,1.49129,1.00,1.00
2018.03.20 19:39:07.294,1.49113,1.49128,3.00,1.00
2018.03.20 19:39:07.839,1.49113,1.49129,3.00,1.00
2018.03.20 19:39:08.373,1.49116,1.49129,1.00,1.00
2018.03.20 19:39:10.180,1.49116,1.4913,1.00,1.00
2018.03.20 19:39:11.351,1.49113,1.4913,3.00,1.50
2018.03.20 19:39:12.037,1.49114,1.49131,1.44,1.19
2018.03.20 19:39:12.592,1.49114,1.4913,2.25,1.25
2018.03.20 19:39:12.643,1.49115,1.4913,1.25,1.25
2018.03.20 19:39:12.798,1.49117,1.4913,1.12,1.00
2018.03.20 19:39:13.311,1.49117,1.4913,1.12,1.00
2018.03.20 19:39:13.820,1.49115,1.4913,2.25,1.00
2018.03.20 19:39:14.301,1.49118,1.49132,1.81,1.00
2018.03.20 19:39:14.353,1.49119,1.49132,3.37,1.00
2018.03.20 19:39:14.611,1.49119,1.49132,2.06,1.00
2018.03.20 19:39:14.876,1.4912,1.49135,1.00,1.25
2018.03.20 19:39:15.137,1.49119,1.49135,4.69,1.25
2018.03.20 19:39:17.038,1.49118,1.49132,1.00,2.25
2018.03.20 19:39:17.589,1.49115,1.49132,2.81,2.81
2018.03.20 19:39:18.148,1.49115,1.49132,2.81,2.81
2018.03.20 19:39:20.602,1.49116,1.49132,1.12,2.06
2018.03.20 19:39:21.487,1.49114,1.49131,3.19,2.25
2018.03.20 19:39:22.511,1.49114,1.49131,1.31,2.25
2018.03.20 19:39:22.957,1.49113,1.49131,1.94,1.87
2018.03.20 19:39:23.468,1.49114,1.4913,1.25,1.12
2018.03.20 19:39:24.192,1.49114,1.49131,1.00,3.00
2018.03.20 19:39:24.433,1.49114,1.49129,1.12,1.25
2018.03.20 19:39:25.305,1.49115,1.49129,1.00,1.25
2018.03.20 19:39:26.585,1.49115,1.49128,1.00,1.00
2018.03.20 19:39:26.955,1.49115,1.4913,1.00,1.19
2018.03.20 19:39:28.186,1.49115,1.4913,1.00,1.37
2018.03.20 19:39:28.855,1.49112,1.49129,2.62,1.75
2018.03.20 19:39:29.388,1.49113,1.4913,1.37,1.56
2018.03.20 19:39:32.637,1.49113,1.49131,1.56,3.00
2018.03.20 19:39:33.141,1.49113,1.49129,1.69,1.25
2018.03.20 19:39:33.789,1.49113,1.49129,1.69,1.00
2018.03.20 19:39:34.699,1.49115,1.49131,2.62,3.94
2018.03.20 19:39:39.231,1.49117,1.49129,2.62,1.00
2018.03.20 19:39:40.882,1.49119,1.49129,2.62,1.00
2018.03.20 19:39:40.986,1.49119,1.49131,2.81,1.00
2018.03.20 19:39:41.090,1.49119,1.49135,1.12,3.94
2018.03.20 19:39:42.110,1.4912,1.49135,1.44,2.06
2018.03.20 19:39:42.215,1.49122,1.49135,2.62,1.00
2018.03.20 19:39:42.452,1.49119,1.49135,3.37,3.56
2018.03.20 19:39:42.869,1.49119,1.49134,1.00,1.00
2018.03.20 19:39:43.580,1.49118,1.49135,2.81,2.06
2018.03.20 19:39:44.150,1.49117,1.49134,3.00,2.25
2018.03.20 19:39:44.654,1.49117,1.49133,3.75,2.62
2018.03.20 19:39:45.231,1.49118,1.49133,1.19,2.62
2018.03.20 19:39:45.612,1.49119,1.49134,2.81,2.62
2018.03.20 19:39:45.665,1.49121,1.49135,2.81,1.50
2018.03.20 19:39:46.210,1.49122,1.49135,1.25,1.50
2018.03.20 19:39:46.313,1.4912,1.49135,3.00,3.37
2018.03.20 19:39:47.045,1.49118,1.49135,4.12,3.94
2018.03.20 19:39:47.096,1.49118,1.49133,4.12,2.62
2018.03.20 19:39:47.149,1.49121,1.49134,1.00,1.00
2018.03.20 19:39:47.200,1.49119,1.49134,2.06,2.62
2018.03.20 19:39:47.510,1.49121,1.49135,1.19,3.37
2018.03.20 19:39:47.748,1.49123,1.49136,1.12,1.37
2018.03.20 19:39:47.957,1.49121,1.49134,1.50,2.62
2018.03.20 19:39:48.255,1.49123,1.49136,1.12,1.50
2018.03.20 19:39:48.792,1.49122,1.49136,1.37,3.37
2018.03.20 19:39:49.242,1.49121,1.49134,1.50,2.62
2018.03.20 19:39:49.658,1.49121,1.49136,2.62,3.37
2018.03.20 19:39:49.710,1.49123,1.49136,1.19,1.00
2018.03.20 19:39:50.384,1.49121,1.49136,2.62,1.37
2018.03.20 19:39:50.778,1.49121,1.49136,1.69,1.00
2018.03.20 19:39:51.424,1.49122,1.49136,1.12,1.50
2018.03.20 19:39:51.683,1.49123,1.49136,2.81,1.00
2018.03.20 19:39:52.095,1.49123,1.49136,1.00,1.00
2018.03.20 19:39:52.628,1.49121,1.49135,1.12,1.00
2018.03.20 19:39:52.681,1.4912,1.49135,1.00,2.06
2018.03.20 19:39:53.197,1.4912,1.49135,2.62,1.12
2018.03.20 19:39:53.737,1.49121,1.49135,1.00,1.69
2018.03.20 19:39:53.841,1.49119,1.49134,1.50,2.81
2018.03.20 19:39:54.535,1.49118,1.49134,1.87,2.81
2018.03.20 19:39:54.588,1.49121,1.49135,1.19,1.50
2018.03.20 19:39:54.640,1.4912,1.49135,1.87,3.37
2018.03.20 19:39:54.745,1.4912,1.49135,1.12,1.00
2018.03.20 19:39:55.563,1.49121,1.49135,1.25,1.00
2018.03.20 19:39:55.653,1.49119,1.49134,3.37,2.44
2018.03.20 19:39:55.704,1.49118,1.49133,1.69,2.81
2018.03.20 19:39:56.618,1.49122,1.49133,1.12,2.62
2018.03.20 19:39:56.838,1.49121,1.49135,1.87,1.00
2018.03.20 19:39:57.644,1.49122,1.49136,2.81,1.12
2018.03.20 19:39:57.941,1.49122,1.49136,1.12,1.12
2018.03.20 19:39:57.994,1.4912,1.49136,1.12,2.06
2018.03.20 19:39:58.512,1.4912,1.49135,1.12,2.81
2018.03.20 19:39:58.921,1.49122,1.49136,1.50,1.69
2018.03.20 19:39:59.465,1.49124,1.49136,1.12,1.00
2018.03.20 19:39:59.775,1.49124,1.49136,2.62,1.00
2018.03.20 19:40:00.084,1.49123,1.49136,1.25,1.00
2018.03.20 19:40:00.240,1.49124,1.49136,2.62,1.00
2018.03.20 19:40:01.177,1.49123,1.49141,1.31,1.62
2018.03.20 19:40:01.280,1.49123,1.49138,1.31,1.00
2018.03.20 19:40:01.758,1.49124,1.49138,2.81,1.00
2018.03.20 19:40:01.914,1.49124,1.49138,2.81,1.12
2018.03.20 19:40:02.069,1.49123,1.49138,2.81,1.37
2018.03.20 19:40:02.550,1.49126,1.49138,1.00,1.12
2018.03.20 19:40:03.110,1.49125,1.49138,1.50,1.00
2018.03.20 19:40:04.258,1.49124,1.49138,1.62,1.12
2018.03.20 19:40:04.773,1.49123,1.49138,1.50,1.12
2018.03.20 19:40:04.928,1.49126,1.49138,1.00,1.12
2018.03.20 19:40:05.446,1.49124,1.49138,1.50,1.50
2018.03.20 19:40:05.824,1.49125,1.49138,2.81,1.00
2018.03.20 19:40:05.877,1.49124,1.49138,1.12,1.12
2018.03.20 19:40:06.240,1.49126,1.4914,1.87,1.25
2018.03.20 19:40:06.818,1.49126,1.4914,1.50,1.62
2018.03.20 19:40:07.397,1.49126,1.4914,1.50,1.31
2018.03.20 19:40:10.234,1.49126,1.4914,1.50,1.31
2018.03.20 19:40:11.957,1.49125,1.49138,1.00,1.00
2018.03.20 19:40:12.060,1.49123,1.49138,2.44,1.00
2018.03.20 19:40:12.988,1.49124,1.49138,1.00,1.00
2018.03.20 19:40:13.605,1.49126,1.49139,1.25,1.00
2018.03.20 19:40:14.201,1.49126,1.49139,1.69,1.00
2018.03.20 19:40:15.176,1.49127,1.49139,1.75,1.00
2018.03.20 19:40:15.493,1.49127,1.49139,1.50,1.00
2018.03.20 19:40:16.341,1.49126,1.49139,1.25,1.00
2018.03.20 19:40:16.556,1.49128,1.49139,1.62,1.00
2018.03.20 19:40:17.092,1.49129,1.49139,1.62,1.00
2018.03.20 19:40:18.049,1.4913,1.49144,1.12,3.56
2018.03.20 19:40:18.584,1.4913,1.49143,1.50,1.31
2018.03.20 19:40:19.201,1.4913,1.49143,1.50,1.31
2018.03.20 19:40:19.750,1.4913,1.49143,1.50,1.31
2018.03.20 19:40:21.493,1.49129,1.49142,1.50,2.62
2018.03.20 19:40:22.258,1.49128,1.49139,1.00,3.37
2018.03.20 19:40:22.361,1.49126,1.49138,1.00,2.62
2018.03.20 19:40:22.890,1.49127,1.49138,1.00,2.62
2018.03.20 19:40:23.424,1.49126,1.49137,1.00,1.00
2018.03.20 19:40:24.191,1.49125,1.49138,1.31,2.62
2018.03.20 19:40:25.448,1.49126,1.49139,1.31,1.50
2018.03.20 19:40:25.762,1.49124,1.49137,1.12,2.25
2018.03.20 19:40:29.216,1.49125,1.49137,2.44,1.00
2018.03.20 19:40:29.269,1.49122,1.49136,1.87,1.12
2018.03.20 19:40:29.321,1.49123,1.49136,2.25,1.12
2018.03.20 19:40:29.849,1.49123,1.49136,2.44,1.31
2018.03.20 19:40:30.397,1.49123,1.49136,2.25,1.31
2018.03.20 19:40:31.063,1.49123,1.49136,2.62,1.12
2018.03.20 19:40:31.168,1.49122,1.49134,3.19,1.00
2018.03.20 19:40:31.272,1.49114,1.49126,1.12,1.62
2018.03.20 19:40:31.427,1.4911,1.49123,1.50,1.00
2018.03.20 19:40:31.926,1.49108,1.49122,4.50,2.25
2018.03.20 19:40:32.301,1.4911,1.49122,1.00,2.25
2018.03.20 19:40:33.698,1.49109,1.49124,2.81,2.81
2018.03.20 19:40:33.971,1.49112,1.49125,1.00,1.69
2018.03.20 19:40:34.479,1.49112,1.49125,1.00,1.69
2018.03.20 19:40:35.018,1.49112,1.49125,2.25,1.62
2018.03.20 19:40:35.930,1.49112,1.49125,2.44,1.12
2018.03.20 19:40:36.471,1.4911,1.49125,2.25,1.12
2018.03.20 19:40:37.072,1.49113,1.49125,2.62,1.00
2018.03.20 19:40:38.352,1.49113,1.49128,2.62,2.81
2018.03.20 19:40:38.964,1.4911,1.49123,1.25,1.00
2018.03.20 19:40:39.068,1.49109,1.49123,3.94,2.62
2018.03.20 19:40:39.421,1.4911,1.49123,1.25,1.00
2018.03.20 19:40:39.948,1.49111,1.49124,1.00,2.62
2018.03.20 19:40:40.329,1.49109,1.49122,1.00,1.25
2018.03.20 19:40:40.380,1.49108,1.49125,2.81,5.62
2018.03.20 19:40:41.237,1.49108,1.49123,1.00,2.62
2018.03.20 19:40:41.559,1.49107,1.49123,1.75,3.37
2018.03.20 19:40:41.662,1.4911,1.49123,1.25,1.00
2018.03.20 19:40:42.172,1.49111,1.49124,1.00,2.62
2018.03.20 19:40:42.768,1.49112,1.49125,1.00,1.50
2018.03.20 19:40:43.377,1.49111,1.49124,1.56,2.62
2018.03.20 19:40:44.101,1.49111,1.49125,1.56,1.12
2018.03.20 19:40:45.676,1.49111,1.49125,1.56,1.12
2018.03.20 19:40:47.939,1.49111,1.49125,1.56,1.12
2018.03.20 19:40:50.833,1.49111,1.49124,1.31,1.00
2018.03.20 19:40:51.744,1.49111,1.49124,1.31,1.00
2018.03.20 19:40:52.098,1.49111,1.49126,1.31,1.00
2018.03.20 19:40:53.354,1.49112,1.49128,1.25,2.44
2018.03.20 19:40:53.859,1.49112,1.49127,1.62,1.94
2018.03.20 19:40:55.230,1.4911,1.49126,3.00,2.81
2018.03.20 19:40:55.282,1.49109,1.49125,1.19,3.56
2018.03.20 19:40:55.334,1.49108,1.49123,2.06,3.37
2018.03.20 19:40:55.648,1.49108,1.49122,3.37,2.62
2018.03.20 19:40:56.166,1.49108,1.49123,4.87,2.62
2018.03.20 19:40:56.713,1.49107,1.49121,4.50,2.62
2018.03.20 19:40:56.765,1.49107,1.49121,2.62,2.62
2018.03.20 19:40:56.971,1.49108,1.49124,1.12,2.62
2018.03.20 19:40:58.134,1.49109,1.49124,2.81,2.62
2018.03.20 19:40:59.104,1.49109,1.49125,2.81,3.94
2018.03.20 19:40:59.653,1.4911,1.49125,2.81,2.25
2018.03.20 19:41:00.204,1.4911,1.49124,1.44,1.00
2018.03.20 19:41:00.585,1.49112,1.49125,2.62,1.00
2018.03.20 19:41:00.730,1.49111,1.49125,2.25,1.37
2018.03.20 19:41:01.461,1.49109,1.49122,1.00,1.69
2018.03.20 19:41:01.995,1.49106,1.49121,1.19,1.00
2018.03.20 19:41:02.662,1.49105,1.49122,4.12,2.06
2018.03.20 19:41:03.179,1.49108,1.49122,1.19,1.25
2018.03.20 19:41:03.838,1.49108,1.49122,1.19,1.69
2018.03.20 19:41:05.534,1.49107,1.49121,2.81,1.19
2018.03.20 19:41:05.586,1.49107,1.49122,2.81,1.69
2018.03.20 19:41:06.669,1.49106,1.49121,2.81,1.44
2018.03.20 19:41:06.928,1.49106,1.49121,2.81,1.87
2018.03.20 19:41:08.461,1.49106,1.49121,2.81,2.25
2018.03.20 19:41:09.201,1.49105,1.4912,1.00,2.62
2018.03.20 19:41:09.253,1.49103,1.49119,1.00,3.00
2018.03.20 19:41:09.357,1.49102,1.49119,1.94,2.62
2018.03.20 19:41:09.410,1.49102,1.49119,1.69,3.00
2018.03.20 19:41:09.920,1.49102,1.49119,1.69,5.81
2018.03.20 19:41:09.972,1.491,1.49116,1.69,1.31
2018.03.20 19:41:10.284,1.49098,1.49116,3.56,1.87
2018.03.20 19:41:11.443,1.49099,1.49114,1.19,1.44
2018.03.20 19:41:12.751,1.49098,1.49114,2.06,1.31
2018.03.20 19:41:15.951,1.49098,1.49114,1.19,1.50
2018.03.20 19:41:17.486,1.49098,1.49114,3.56,1.69
2018.03.20 19:41:19.542,1.49098,1.49114,2.44,1.19
2018.03.20 19:41:20.089,1.49099,1.49116,1.19,2.62
2018.03.20 19:41:20.940,1.491,1.49116,2.81,2.25
2018.03.20 19:41:21.441,1.49099,1.49116,1.19,3.00
2018.03.20 19:41:23.417,1.49098,1.49116,1.31,3.75
2018.03.20 19:41:24.708,1.49098,1.49113,1.19,1.50
2018.03.20 19:41:25.236,1.49095,1.49112,3.19,1.44
2018.03.20 19:41:26.318,1.49095,1.49112,3.56,1.87
2018.03.20 19:41:26.693,1.49094,1.4911,3.19,1.19
2018.03.20 19:41:28.497,1.49096,1.4911,2.81,1.44
2018.03.20 19:41:28.549,1.49096,1.49112,2.81,1.87
2018.03.20 19:41:28.923,1.49095,1.49111,2.44,1.00
2018.03.20 19:41:30.077,1.49095,1.49112,2.44,2.62
2018.03.20 19:41:30.958,1.49096,1.49112,2.44,3.00
2018.03.20 19:41:31.521,1.49097,1.49112,1.00,2.62
2018.03.20 19:41:32.091,1.49095,1.49112,1.31,1.87
2018.03.20 19:41:34.124,1.49095,1.49112,1.31,1.50
2018.03.20 19:41:35.269,1.49097,1.49112,3.56,1.50
2018.03.20 19:41:35.323,1.49098,1.49112,1.00,1.50
2018.03.20 19:41:35.375,1.491,1.49112,1.00,1.50
2018.03.20 19:41:35.888,1.49097,1.49112,2.00,1.50
2018.03.20 19:41:40.955,1.49097,1.49112,1.69,1.87
2018.03.20 19:41:43.571,1.49098,1.49112,2.25,1.19
2018.03.20 19:41:43.725,1.49097,1.49112,1.69,1.19
2018.03.20 19:41:45.526,1.49096,1.49112,3.56,1.19
2018.03.20 19:41:45.774,1.49097,1.49114,1.37,1.81
2018.03.20 19:41:46.438,1.49096,1.49112,4.31,1.19
2018.03.20 19:41:46.824,1.49098,1.49112,2.62,1.19
2018.03.20 19:41:47.134,1.49097,1.49112,3.19,1.19
2018.03.20 19:41:51.932,1.49096,1.49112,1.31,1.19
2018.03.20 19:41:53.037,1.49097,1.49112,1.31,1.44
2018.03.20 19:41:53.753,1.49099,1.49112,1.00,1.44
2018.03.20 19:41:55.692,1.49097,1.49112,1.19,1.44
2018.03.20 19:41:57.385,1.49098,1.49112,2.81,1.44
2018.03.20 19:41:57.813,1.49097,1.49112,3.56,1.44
2018.03.20 19:41:58.425,1.49097,1.49111,2.81,1.19
2018.03.20 19:41:59.270,1.49096,1.49111,5.06,1.19
2018.03.20 19:42:00.078,1.49098,1.49111,2.44,1.19
2018.03.20 19:42:00.917,1.49102,1.49114,1.00,1.31
2018.03.20 19:42:00.969,1.491,1.49116,2.81,1.12
2018.03.20 19:42:01.279,1.49099,1.49115,1.25,2.02
2018.03.20 19:42:01.651,1.49098,1.49111,2.00,1.19
2018.03.20 19:42:01.754,1.49096,1.49114,4.31,1.50
2018.03.20 19:42:02.300,1.49099,1.49114,1.50,1.50
2018.03.20 19:42:02.512,1.49101,1.49115,1.00,1.50
2018.03.20 19:42:03.025,1.49101,1.49116,1.00,1.37
2018.03.20 19:42:03.433,1.49099,1.49115,1.00,2.62
2018.03.20 19:42:03.948,1.49099,1.49115,1.19,3.00
2018.03.20 19:42:04.497,1.49099,1.49114,1.00,1.44
2018.03.20 19:42:05.186,1.49099,1.49114,3.00,1.12
2018.03.20 19:42:05.695,1.49099,1.49114,1.00,1.31
2018.03.20 19:42:06.996,1.49099,1.49114,3.37,1.50
2018.03.20 19:42:07.183,1.49099,1.49114,1.12,1.50
2018.03.20 19:42:08.531,1.491,1.49114,1.00,1.12
2018.03.20 19:42:09.900,1.491,1.49114,2.62,1.12
2018.03.20 19:42:10.567,1.49099,1.49114,4.50,1.12
2018.03.20 19:42:11.727,1.491,1.49114,1.00,1.12
2018.03.20 19:42:12.231,1.49099,1.49115,1.25,1.50
2018.03.20 19:42:12.385,1.49101,1.49115,1.00,1.00
2018.03.20 19:42:13.704,1.49101,1.49116,1.00,1.37
2018.03.20 19:42:14.810,1.49099,1.49116,4.31,1.75
2018.03.20 19:42:15.360,1.49099,1.49116,4.12,1.75
2018.03.20 19:42:16.080,1.49099,1.49116,2.25,1.87
2018.03.20 19:42:16.402,1.491,1.49115,2.62,1.12
2018.03.20 19:42:17.584,1.49099,1.49113,2.25,1.00
2018.03.20 19:42:17.636,1.491,1.49115,2.62,2.00
2018.03.20 19:42:17.688,1.49099,1.49114,1.50,1.37
2018.03.20 19:42:18.294,1.491,1.49113,2.62,1.25
2018.03.20 19:42:18.616,1.49098,1.49112,1.50,1.50
2018.03.20 19:42:21.209,1.49098,1.49111,1.00,1.31
2018.03.20 19:42:22.877,1.49095,1.49111,1.31,3.00
2018.03.20 19:42:22.982,1.49093,1.49108,1.25,1.12
2018.03.20 19:42:23.137,1.49093,1.49108,3.56,1.87
2018.03.20 19:42:23.190,1.49093,1.49107,1.25,1.44
2018.03.20 19:42:28.496,1.49093,1.49107,1.69,1.50
2018.03.20 19:42:28.548,1.49093,1.49107,1.69,1.50
2018.03.20 19:42:29.073,1.49093,1.49107,1.00,1.50
2018.03.20 19:42:29.384,1.49094,1.49109,1.50,1.87
2018.03.20 19:42:30.436,1.49094,1.49109,1.69,1.69
2018.03.20 19:42:31.832,1.49095,1.49107,2.44,1.19
2018.03.20 19:42:32.658,1.49095,1.49107,2.25,1.19
2018.03.20 19:42:34.090,1.49095,1.49109,3.19,1.31
2018.03.20 19:42:36.045,1.49096,1.49109,1.00,1.31
2018.03.20 19:42:36.357,1.49096,1.4911,2.62,2.25
2018.03.20 19:42:36.570,1.49094,1.49109,1.50,1.12
2018.03.20 19:42:37.096,1.49094,1.49109,1.00,2.62
2018.03.20 19:42:37.627,1.49094,1.49108,1.00,1.00
2018.03.20 19:42:39.038,1.491,1.49115,2.25,2.62
2018.03.20 19:42:39.349,1.491,1.49116,3.37,1.87
2018.03.20 19:42:40.285,1.49101,1.49116,2.62,2.25
2018.03.20 19:42:40.793,1.49102,1.49116,1.00,1.87
2018.03.20 19:42:40.896,1.491,1.49116,1.31,1.87
2018.03.20 19:42:41.354,1.491,1.49115,1.31,1.56
2018.03.20 19:42:41.742,1.49098,1.49112,1.12,1.50
2018.03.20 19:42:45.138,1.49098,1.49111,1.00,1.62
2018.03.20 19:42:46.890,1.49098,1.49111,1.00,1.12
2018.03.20 19:42:53.488,1.49098,1.49112,1.00,1.87
2018.03.20 19:42:55.688,1.49098,1.49111,1.00,1.12
2018.03.20 19:42:56.239,1.49098,1.49112,1.00,1.75
2018.03.20 19:42:56.783,1.49098,1.49113,1.00,1.50
2018.03.20 19:42:57.323,1.49098,1.49113,1.25,1.87
2018.03.20 19:42:57.841,1.49098,1.4911,1.25,1.19
2018.03.20 19:42:58.728,1.49096,1.49108,1.00,1.31
2018.03.20 19:42:59.379,1.49095,1.49108,1.12,1.31
2018.03.20 19:43:06.668,1.49095,1.49108,1.37,1.37
2018.03.20 19:43:06.720,1.49095,1.49112,5.44,2.62
2018.03.20 19:43:06.902,1.49096,1.49108,2.62,1.19
2018.03.20 19:43:06.954,1.49096,1.49109,2.62,1.31
2018.03.20 19:43:07.110,1.49097,1.4911,1.00,1.81
2018.03.20 19:43:07.163,1.49095,1.49109,1.12,1.00
2018.03.20 19:43:07.423,1.49095,1.49109,1.00,1.44
2018.03.20 19:43:08.689,1.49093,1.49108,1.50,1.37
2018.03.20 19:43:09.313,1.49093,1.49107,3.37,1.00
2018.03.20 19:43:09.860,1.49093,1.49108,3.56,1.12
2018.03.20 19:43:12.194,1.49093,1.49109,3.56,1.37
2018.03.20 19:43:12.616,1.49093,1.4911,4.12,1.87
2018.03.20 19:43:13.156,1.49093,1.4911,5.06,1.87
2018.03.20 19:43:14.007,1.49093,1.4911,5.06,1.87
2018.03.20 19:43:14.326,1.49095,1.49109,2.62,1.12
2018.03.20 19:43:14.532,1.49093,1.49107,2.25,1.44
2018.03.20 19:43:14.740,1.49093,1.49109,3.56,1.12
2018.03.20 19:43:15.104,1.49093,1.49108,1.50,1.87
2018.03.20 19:43:15.620,1.49093,1.49107,1.00,2.25
2018.03.20 19:43:15.775,1.4909,1.49107,4.31,3.00
2018.03.20 19:43:15.981,1.49092,1.49107,2.62,2.81
2018.03.20 19:43:16.033,1.49091,1.49107,3.19,3.00
2018.03.20 19:43:16.290,1.49092,1.49107,2.62,2.62
2018.03.20 19:43:16.394,1.49091,1.49107,2.25,3.00
2018.03.20 19:43:16.960,1.49092,1.49107,2.25,3.37
2018.03.20 19:43:17.143,1.4909,1.49107,1.50,3.00
2018.03.20 19:43:17.716,1.49092,1.49106,2.62,1.50
2018.03.20 19:43:18.337,1.49091,1.49106,1.00,2.25
2018.03.20 19:43:18.552,1.49091,1.49104,1.00,1.44
2018.03.20 19:43:19.107,1.4909,1.49104,1.31,1.44
2018.03.20 19:43:19.775,1.4909,1.49104,2.06,1.44
2018.03.20 19:43:20.284,1.4909,1.49103,4.31,1.19
2018.03.20 19:43:20.605,1.49089,1.49099,1.00,1.69
2018.03.20 19:43:20.761,1.4909,1.49102,1.00,1.19
2018.03.20 19:43:20.928,1.49087,1.49102,1.50,1.69
2018.03.20 19:43:21.238,1.49087,1.49099,1.00,1.44
2018.03.20 19:43:21.499,1.49085,1.49099,1.25,1.50
2018.03.20 19:43:23.416,1.49085,1.49098,1.00,1.31
2018.03.20 19:43:24.223,1.49085,1.49097,1.12,1.00
2018.03.20 19:43:24.951,1.49085,1.49099,1.31,1.12
2018.03.20 19:43:25.491,1.49086,1.49099,1.00,1.00
2018.03.20 19:43:25.998,1.49084,1.49101,1.94,2.25
2018.03.20 19:43:27.097,1.49086,1.49101,3.19,1.12
2018.03.20 19:43:27.369,1.49087,1.49102,2.62,2.62
2018.03.20 19:43:27.472,1.49085,1.49102,2.81,3.37
2018.03.20 19:43:27.729,1.49085,1.49101,1.25,1.87
2018.03.20 19:43:28.253,1.49085,1.49101,1.19,1.37
2018.03.20 19:43:30.063,1.49084,1.49101,2.81,1.88
2018.03.20 19:43:30.993,1.49085,1.49102,2.81,4.13
2018.03.20 19:43:31.046,1.49088,1.49103,2.25,1.56
2018.03.20 19:43:31.201,1.49087,1.49103,1.87,1.19
2018.03.20 19:43:31.356,1.49088,1.49104,2.62,1.56
2018.03.20 19:43:31.511,1.49088,1.49104,2.81,1.56
2018.03.20 19:43:33.738,1.49089,1.49104,2.62,1.31
2018.03.20 19:43:33.791,1.49087,1.49102,3.00,2.62
2018.03.20 19:43:34.016,1.49085,1.49098,1.00,1.19
2018.03.20 19:43:34.069,1.49083,1.49097,2.62,1.56
2018.03.20 19:43:34.227,1.49082,1.49097,1.00,1.56
2018.03.20 19:43:34.573,1.49082,1.49098,3.37,3.56
2018.03.20 19:43:34.904,1.49082,1.49097,1.12,1.31
2018.03.20 19:43:36.297,1.49082,1.49095,1.00,1.25
2018.03.20 19:43:36.741,1.49082,1.49095,1.00,2.81
2018.03.20 19:43:38.556,1.49082,1.49095,1.00,1.25
2018.03.20 19:43:38.682,1.49082,1.49096,1.00,3.37
2018.03.20 19:43:40.473,1.49082,1.49098,3.56,3.94
2018.03.20 19:43:40.527,1.49082,1.49097,1.31,1.94
2018.03.20 19:43:40.923,1.49082,1.49098,2.06,2.06
2018.03.20 19:43:41.691,1.49084,1.49099,2.44,2.81
2018.03.20 19:43:42.253,1.49085,1.49099,1.12,4.69
2018.03.20 19:43:42.794,1.49083,1.49099,1.56,4.69
2018.03.20 19:43:43.390,1.49083,1.49099,1.56,4.87
2018.03.20 19:43:43.949,1.49083,1.49099,1.56,4.69
2018.03.20 19:43:46.645,1.49088,1.491,1.00,1.00
2018.03.20 19:43:47.181,1.49088,1.49101,2.62,1.00
2018.03.20 19:43:51.919,1.49089,1.49102,2.81,1.19
2018.03.20 19:43:52.262,1.49092,1.49108,1.31,1.81
2018.03.20 19:43:52.315,1.49095,1.49109,1.00,2.62
2018.03.20 19:43:52.522,1.49092,1.49108,4.12,1.50
2018.03.20 19:43:53.070,1.49092,1.49108,3.37,1.81
2018.03.20 19:43:53.587,1.49094,1.49108,1.00,1.50
2018.03.20 19:43:54.840,1.49093,1.49108,2.62,1.37
2018.03.20 19:43:55.392,1.49092,1.49108,3.56,1.12
2018.03.20 19:43:57.988,1.49091,1.49107,3.56,3.00
2018.03.20 19:43:58.324,1.49091,1.49104,2.62,1.50
2018.03.20 19:44:00.359,1.49091,1.49104,2.62,1.00
2018.03.20 19:44:00.963,1.49091,1.49106,1.69,1.87
2018.03.20 19:44:01.923,1.49094,1.49106,1.00,3.00
2018.03.20 19:44:02.065,1.49089,1.49106,2.06,3.75
2018.03.20 19:44:02.171,1.49092,1.49107,1.12,1.12
2018.03.20 19:44:02.712,1.49092,1.49107,1.37,3.75
2018.03.20 19:44:04.324,1.49092,1.49106,1.69,1.00
2018.03.20 19:44:05.131,1.49092,1.49105,1.69,1.19
2018.03.20 19:44:05.237,1.49095,1.4911,3.56,1.69
2018.03.20 19:44:05.341,1.49095,1.49106,3.56,1.19
2018.03.20 19:44:05.393,1.49095,1.49106,1.31,1.19
2018.03.20 19:44:05.548,1.49094,1.49109,1.00,1.50
2018.03.20 19:44:05.601,1.49094,1.49109,2.81,1.19
2018.03.20 19:44:06.261,1.49095,1.49109,1.12,1.19
2018.03.20 19:44:07.054,1.49093,1.49109,2.06,1.19
2018.03.20 19:44:09.417,1.49094,1.49108,1.94,1.19
2018.03.20 19:44:11.288,1.49094,1.49108,1.00,2.62
2018.03.20 19:44:11.341,1.49091,1.49103,1.00,1.12
2018.03.20 19:44:11.446,1.49084,1.491,1.56,1.75
2018.03.20 19:44:11.705,1.49084,1.49101,1.56,5.44
2018.03.20 19:44:12.906,1.49086,1.491,1.25,1.19
2018.03.20 19:44:13.419,1.49085,1.49101,2.81,3.56
2018.03.20 19:44:13.966,1.49084,1.49101,3.56,1.31
2018.03.20 19:44:14.506,1.49084,1.49101,3.56,3.19
2018.03.20 19:44:15.114,1.49086,1.49101,2.81,1.69
2018.03.20 19:44:15.489,1.49086,1.49101,1.25,1.69
2018.03.20 19:44:16.031,1.49086,1.49101,2.06,1.56
2018.03.20 19:44:16.303,1.49087,1.49101,2.81,1.31
2018.03.20 19:44:16.824,1.49086,1.49101,4.31,1.56
2018.03.20 19:44:17.427,1.49087,1.49103,4.31,3.37
2018.03.20 19:44:17.480,1.4909,1.49106,4.31,5.44
2018.03.20 19:44:17.636,1.4909,1.49103,1.69,1.00
2018.03.20 19:44:18.502,1.4909,1.49105,1.62,4.69
2018.03.20 19:44:19.151,1.4909,1.49105,1.56,2.81
2018.03.20 19:44:23.700,1.4909,1.49104,1.19,2.81
2018.03.20 19:44:23.753,1.4909,1.49102,1.00,1.87
2018.03.20 19:44:24.492,1.49087,1.49102,1.19,3.75
2018.03.20 19:44:25.230,1.49087,1.49101,1.00,1.19
2018.03.20 19:44:26.302,1.49088,1.49102,1.00,1.69
2018.03.20 19:44:26.962,1.49087,1.49101,1.25,2.81
2018.03.20 19:44:27.116,1.49087,1.49099,1.25,2.25
2018.03.20 19:44:27.271,1.49085,1.49098,1.00,1.69
2018.03.20 19:44:27.794,1.49085,1.49097,1.00,2.81
2018.03.20 19:44:29.987,1.49085,1.49098,1.00,2.44
2018.03.20 19:44:30.444,1.49083,1.49098,1.25,1.69
2018.03.20 19:44:30.754,1.49083,1.49098,3.56,1.88
2018.03.20 19:44:30.961,1.49083,1.49097,1.25,1.19
2018.03.20 19:44:31.708,1.49083,1.49097,3.19,1.19
2018.03.20 19:44:31.759,1.49083,1.49098,1.25,2.25
2018.03.20 19:44:32.280,1.49083,1.49098,1.19,2.44
2018.03.20 19:44:33.831,1.49083,1.49096,1.19,3.56
2018.03.20 19:44:34.140,1.4908,1.49094,3.56,2.06
2018.03.20 19:44:34.656,1.4908,1.49094,1.94,1.69
2018.03.20 19:44:35.090,1.4908,1.49092,1.12,2.06
2018.03.20 19:44:35.594,1.49079,1.49092,1.25,1.31
2018.03.20 19:44:36.461,1.49076,1.49088,1.69,1.19
2018.03.20 19:44:36.614,1.49075,1.49092,3.56,1.87
2018.03.20 19:44:36.667,1.49076,1.49089,3.56,1.19
2018.03.20 19:44:36.720,1.49074,1.49089,1.94,1.50
2018.03.20 19:44:36.773,1.49073,1.49089,1.50,1.87
2018.03.20 19:44:37.142,1.49072,1.49089,2.06,2.44
2018.03.20 19:44:37.593,1.49073,1.49089,2.62,3.19
2018.03.20 19:44:39.229,1.49072,1.49087,1.69,1.37
2018.03.20 19:44:39.827,1.49073,1.49087,2.62,1.87
2018.03.20 19:44:40.392,1.49072,1.49087,1.69,1.87
2018.03.20 19:44:40.445,1.49073,1.49087,2.25,1.87
2018.03.20 19:44:40.833,1.49072,1.49087,1.69,1.87
2018.03.20 19:44:41.255,1.49072,1.49087,4.31,1.87
2018.03.20 19:44:41.564,1.49078,1.49091,1.00,1.87
2018.03.20 19:44:42.456,1.49076,1.49092,2.81,1.50
2018.03.20 19:44:42.508,1.49075,1.49092,1.69,1.37
2018.03.20 19:44:42.815,1.49075,1.49092,2.06,1.50
2018.03.20 19:44:43.029,1.49075,1.49092,3.56,1.75
2018.03.20 19:44:43.566,1.49076,1.49092,3.94,1.25
2018.03.20 19:44:44.100,1.49078,1.49093,2.44,1.56
2018.03.20 19:44:44.565,1.49079,1.49095,3.56,1.50
2018.03.20 19:44:45.893,1.49079,1.49095,3.94,1.25
2018.03.20 19:44:46.399,1.49081,1.49096,2.44,1.81
2018.03.20 19:44:47.183,1.4908,1.49096,3.56,1.31
2018.03.20 19:44:48.267,1.4908,1.49096,3.56,1.31
2018.03.20 19:44:48.781,1.49081,1.49096,1.25,1.19
2018.03.20 19:44:49.091,1.49081,1.49096,2.81,1.69
2018.03.20 19:44:49.975,1.49081,1.49095,2.25,1.50
2018.03.20 19:44:50.185,1.4908,1.49095,1.25,2.25
2018.03.20 19:44:50.707,1.4908,1.49094,1.62,1.44
2018.03.20 19:44:52.882,1.4908,1.49094,1.00,2.25
2018.03.20 19:44:54.361,1.49077,1.49094,1.69,2.81
2018.03.20 19:44:54.878,1.49077,1.49094,1.94,1.87
2018.03.20 19:44:55.416,1.49078,1.49093,1.62,1.00
2018.03.20 19:44:55.818,1.49081,1.49096,2.81,1.44
2018.03.20 19:44:56.391,1.49081,1.49096,2.81,1.19
2018.03.20 19:44:56.728,1.4908,1.49095,1.69,1.19
2018.03.20 19:44:57.605,1.49081,1.49096,1.25,1.75
2018.03.20 19:44:58.188,1.49082,1.49096,1.00,1.75
2018.03.20 19:44:58.738,1.49081,1.49096,1.25,1.37
2018.03.20 19:44:59.386,1.49082,1.49096,2.62,1.44
2018.03.20 19:44:59.909,1.4908,1.49095,1.94,1.19
2018.03.20 19:44:59.962,1.4908,1.49096,1.19,3.00
2018.03.20 19:45:00.176,1.49078,1.49093,1.87,1.19
2018.03.20 19:45:00.233,1.49075,1.49092,1.31,6.37
2018.03.20 19:45:00.737,1.49075,1.49091,1.69,1.50
2018.03.20 19:45:01.998,1.49075,1.49092,1.50,3.19
2018.03.20 19:45:02.306,1.49076,1.49092,1.37,3.00
2018.03.20 19:45:02.561,1.49076,1.49092,1.87,1.50
2018.03.20 19:45:02.612,1.49076,1.49092,1.87,2.25
2018.03.20 19:45:02.714,1.49075,1.4909,1.31,1.00
2018.03.20 19:45:03.181,1.49078,1.4909,1.00,1.25
2018.03.20 19:45:03.490,1.4908,1.49096,1.69,2.25
2018.03.20 19:45:04.042,1.4908,1.49096,1.50,1.87
2018.03.20 19:45:04.580,1.49081,1.49096,1.00,1.50
2018.03.20 19:45:05.971,1.49079,1.49093,1.00,1.00
2018.03.20 19:45:07.072,1.49079,1.49093,1.00,1.44
2018.03.20 19:45:07.737,1.49078,1.49093,1.12,1.81
2018.03.20 19:45:08.239,1.49077,1.49093,1.62,2.25
2018.03.20 19:45:10.234,1.49077,1.49093,1.25,1.12
2018.03.20 19:45:11.536,1.49076,1.49091,1.25,1.12
2018.03.20 19:45:12.246,1.49076,1.49091,1.19,1.31
2018.03.20 19:45:14.896,1.49076,1.49091,1.19,1.69
2018.03.20 19:45:15.588,1.49077,1.49091,1.25,1.25
2018.03.20 19:45:15.644,1.4908,1.49093,2.62,1.00
2018.03.20 19:45:15.956,1.4908,1.49093,2.25,1.50
2018.03.20 19:45:16.061,1.49077,1.49093,3.56,2.25
2018.03.20 19:45:16.113,1.49081,1.49093,2.81,1.00
2018.03.20 19:45:16.165,1.49082,1.49097,2.25,1.50
2018.03.20 19:45:16.265,1.49082,1.49097,4.69,1.19
2018.03.20 19:45:16.790,1.49085,1.49097,1.00,1.44
2018.03.20 19:45:16.893,1.49083,1.49097,1.31,1.44
2018.03.20 19:45:17.204,1.49083,1.49097,2.81,1.44
2018.03.20 19:45:17.764,1.49082,1.49097,2.81,1.44
2018.03.20 19:45:18.304,1.49083,1.49097,2.81,1.50
2018.03.20 19:45:18.407,1.49082,1.49097,3.56,1.87
2018.03.20 19:45:18.938,1.49084,1.49098,1.00,1.44
2018.03.20 19:45:19.477,1.49083,1.49097,2.62,1.00
2018.03.20 19:45:19.997,1.49082,1.49097,3.56,1.00
2018.03.20 19:45:21.500,1.49083,1.49099,1.37,1.81
2018.03.20 19:45:23.092,1.49082,1.49097,1.25,1.44
2018.03.20 19:45:23.611,1.49082,1.49098,2.62,3.75
2018.03.20 19:45:23.918,1.49084,1.49098,3.00,1.50
2018.03.20 19:45:24.385,1.49081,1.49095,3.56,1.19
2018.03.20 19:45:24.438,1.49078,1.49093,1.62,1.37
2018.03.20 19:45:24.547,1.4908,1.49094,2.62,2.25
2018.03.20 19:45:25.080,1.49077,1.49092,3.94,1.00
2018.03.20 19:45:25.236,1.49076,1.49091,1.19,1.19
2018.03.20 19:45:25.546,1.49077,1.49092,2.81,2.81
2018.03.20 19:45:25.597,1.49076,1.49091,1.19,1.19
2018.03.20 19:45:25.931,1.49077,1.49092,2.81,2.44
2018.03.20 19:45:25.983,1.49076,1.49092,1.69,2.44
2018.03.20 19:45:26.372,1.49078,1.49092,2.62,3.00
2018.03.20 19:45:26.887,1.49076,1.49092,2.81,2.62
2018.03.20 19:45:27.418,1.49077,1.49092,1.50,3.37
2018.03.20 19:45:27.936,1.49078,1.49092,2.62,3.00
2018.03.20 19:45:28.144,1.49078,1.49091,1.00,1.12
2018.03.20 19:45:28.960,1.49077,1.49092,3.37,3.00
2018.03.20 19:45:29.065,1.49077,1.49092,1.00,3.00
2018.03.20 19:45:29.612,1.49078,1.49092,1.00,3.00
2018.03.20 19:45:30.244,1.49077,1.49092,1.25,3.00
2018.03.20 19:45:32.140,1.49079,1.49092,1.00,2.25
2018.03.20 19:45:32.644,1.49076,1.49091,2.25,1.12
2018.03.20 19:45:33.630,1.49075,1.49092,3.75,4.12
2018.03.20 19:45:34.200,1.49075,1.4909,1.87,3.00
2018.03.20 19:45:35.230,1.49076,1.49091,2.62,1.12
2018.03.20 19:45:35.284,1.49078,1.49092,3.00,1.50
2018.03.20 19:45:35.597,1.49081,1.49094,2.62,1.12
2018.03.20 19:45:36.102,1.49079,1.49094,2.81,1.12
2018.03.20 19:45:36.206,1.49078,1.49095,3.56,3.00
2018.03.20 19:45:36.413,1.4908,1.49095,2.62,3.00
2018.03.20 19:45:36.622,1.49078,1.49095,3.56,3.00
2018.03.20 19:45:36.674,1.49079,1.49095,2.81,2.62
2018.03.20 19:45:36.797,1.49078,1.49092,1.50,1.44
2018.03.20 19:45:37.326,1.49077,1.49092,1.25,1.44
2018.03.20 19:45:37.398,1.49077,1.49093,2.81,1.37
2018.03.20 19:45:37.806,1.4908,1.49094,2.62,1.37
2018.03.20 19:45:38.148,1.49079,1.49095,2.81,3.00
2018.03.20 19:45:38.717,1.49081,1.49095,1.00,3.75
2018.03.20 19:45:38.822,1.49078,1.49094,1.37,3.37
2018.03.20 19:45:39.353,1.49077,1.49093,3.19,3.00
2018.03.20 19:45:39.995,1.49073,1.49087,1.87,3.00
2018.03.20 19:45:40.049,1.49073,1.49087,1.00,3.00
2018.03.20 19:45:40.153,1.49071,1.49087,2.06,2.19
2018.03.20 19:45:40.258,1.49071,1.49089,5.44,3.94
2018.03.20 19:45:40.519,1.49072,1.49087,1.25,1.00
2018.03.20 19:45:41.031,1.49072,1.49087,1.69,2.25
2018.03.20 19:45:41.209,1.49073,1.49089,1.12,3.75
2018.03.20 19:45:41.313,1.49073,1.49089,1.25,3.75
2018.03.20 19:45:44.245,1.49074,1.49089,1.00,4.50
2018.03.20 19:45:44.297,1.49074,1.49089,1.50,4.50
2018.03.20 19:45:44.829,1.49074,1.49089,1.69,3.56
2018.03.20 19:45:45.556,1.49073,1.49089,3.56,3.00
2018.03.20 19:45:46.820,1.49075,1.49089,1.19,1.19
2018.03.20 19:45:47.435,1.49075,1.4909,3.56,1.69
2018.03.20 19:45:47.489,1.49076,1.49091,3.56,3.19
2018.03.20 19:45:48.311,1.49076,1.49091,2.00,2.44
2018.03.20 19:45:48.470,1.49077,1.49091,1.00,4.69
2018.03.20 19:45:49.085,1.49077,1.49091,1.19,3.94
2018.03.20 19:45:49.344,1.49073,1.49085,1.31,1.31
2018.03.20 19:45:49.657,1.4907,1.49084,1.19,1.62
2018.03.20 19:45:50.432,1.49071,1.49087,2.81,1.94
2018.03.20 19:45:50.486,1.49076,1.4909,1.50,3.75
2018.03.20 19:45:50.541,1.49076,1.4909,1.69,1.25
2018.03.20 19:45:50.856,1.49072,1.49086,2.44,1.19
2018.03.20 19:45:51.673,1.49073,1.49087,1.12,1.12
2018.03.20 19:45:51.827,1.4907,1.49086,2.44,1.81
2018.03.20 19:45:51.879,1.49073,1.49087,2.81,3.19
2018.03.20 19:45:51.931,1.49075,1.49087,1.00,1.00
2018.03.20 19:45:52.092,1.49075,1.49088,2.62,1.00
2018.03.20 19:45:52.144,1.49074,1.49088,1.50,1.50
2018.03.20 19:45:52.247,1.49077,1.4909,1.00,1.75
2018.03.20 19:45:52.351,1.49074,1.49089,1.50,2.06
2018.03.20 19:45:52.403,1.49075,1.49089,2.62,1.69
2018.03.20 19:45:52.455,1.49077,1.49091,1.00,1.12
2018.03.20 19:45:52.506,1.49077,1.49092,1.37,2.81
2018.03.20 19:45:52.832,1.4908,1.49093,1.12,1.19
2018.03.20 19:45:52.986,1.4908,1.49094,1.25,1.25
2018.03.20 19:45:53.089,1.49082,1.49097,1.25,2.62
2018.03.20 19:45:53.141,1.49082,1.49097,1.69,1.44
2018.03.20 19:45:53.723,1.49082,1.49096,2.06,1.12
2018.03.20 19:45:53.777,1.49085,1.491,1.69,1.12
2018.03.20 19:45:54.314,1.49085,1.49098,1.00,1.31
2018.03.20 19:45:54.738,1.49085,1.49097,1.00,1.12
2018.03.20 19:45:54.893,1.49082,1.49097,1.31,3.00
2018.03.20 19:45:55.833,1.49082,1.49097,1.69,1.37
2018.03.20 19:45:55.967,1.49082,1.49096,1.25,1.12
2018.03.20 19:45:56.071,1.49082,1.49096,1.62,1.00
2018.03.20 19:45:56.670,1.49082,1.49098,1.00,4.50
2018.03.20 19:45:57.046,1.49082,1.49096,1.00,1.12
2018.03.20 19:45:57.621,1.49082,1.49095,1.00,1.00
2018.03.20 19:45:59.778,1.49082,1.49099,3.56,4.87
2018.03.20 19:46:00.093,1.49085,1.49099,3.94,1.12
2018.03.20 19:46:00.196,1.49085,1.49099,1.31,1.12
2018.03.20 19:46:00.248,1.49085,1.49099,2.06,1.00
2018.03.20 19:46:00.352,1.49085,1.49099,1.31,1.00
2018.03.20 19:46:00.714,1.49085,1.49099,3.94,1.00
2018.03.20 19:46:00.766,1.49085,1.49099,1.69,1.12
2018.03.20 19:46:01.354,1.49085,1.49099,3.56,1.00
2018.03.20 19:46:01.624,1.49085,1.49102,1.31,3.94
2018.03.20 19:46:01.677,1.49085,1.491,1.31,3.00
2018.03.20 19:46:02.030,1.49085,1.49102,4.31,4.87
2018.03.20 19:46:02.579,1.49086,1.49099,1.12,1.25
2018.03.20 19:46:03.043,1.49084,1.49098,1.12,1.56
2018.03.20 19:46:03.594,1.49082,1.49097,1.69,1.37
2018.03.20 19:46:04.110,1.49082,1.49095,1.00,1.00
2018.03.20 19:46:04.421,1.49082,1.49092,1.00,1.00
2018.03.20 19:46:05.783,1.49082,1.49097,1.00,3.00
2018.03.20 19:46:06.332,1.49082,1.49097,1.25,2.00
2018.03.20 19:46:06.981,1.49082,1.49097,1.31,2.81
2018.03.20 19:46:07.423,1.49082,1.49097,1.31,2.81
2018.03.20 19:46:07.526,1.49082,1.49097,1.31,2.81
2018.03.20 19:46:08.499,1.49082,1.49097,1.31,3.00
2018.03.20 19:46:08.806,1.49082,1.49097,1.19,3.94
2018.03.20 19:46:09.310,1.49082,1.49096,1.25,1.31
2018.03.20 19:46:10.708,1.49082,1.49095,1.12,1.00
2018.03.20 19:46:12.156,1.49082,1.49096,1.50,2.81
2018.03.20 19:46:12.689,1.49082,1.49096,1.00,3.75
2018.03.20 19:46:13.845,1.49082,1.49095,1.00,2.19
2018.03.20 19:46:14.359,1.49082,1.49095,1.00,3.56
2018.03.20 19:46:17.270,1.49082,1.49094,1.00,2.81
2018.03.20 19:46:18.203,1.49082,1.49095,1.69,3.56
2018.03.20 19:46:18.930,1.49082,1.49095,1.69,2.81
2018.03.20 19:46:19.460,1.49082,1.49094,1.50,1.25
2018.03.20 19:46:20.037,1.49083,1.49096,1.00,1.44
2018.03.20 19:46:21.210,1.49082,1.49096,1.50,1.44
2018.03.20 19:46:21.936,1.49083,1.49097,1.00,1.87
2018.03.20 19:46:22.564,1.49082,1.49097,2.06,1.87
2018.03.20 19:46:23.013,1.49082,1.49096,1.00,4.87
2018.03.20 19:46:23.462,1.49082,1.49096,1.50,2.25
2018.03.20 19:46:32.004,1.4908,1.49094,1.12,1.12
2018.03.20 19:46:32.057,1.49078,1.49091,1.00,1.37
2018.03.20 19:46:32.602,1.49078,1.4909,1.37,1.44
2018.03.20 19:46:37.459,1.49078,1.4909,1.12,1.50
2018.03.20 19:46:37.989,1.49078,1.4909,1.37,1.44
2018.03.20 19:46:38.300,1.49074,1.49089,1.69,1.94
2018.03.20 19:46:38.831,1.49074,1.49088,1.25,1.19
2018.03.20 19:46:38.883,1.49074,1.49089,3.56,1.87
2018.03.20 19:46:39.195,1.49074,1.49087,1.25,1.25
2018.03.20 19:46:39.402,1.49074,1.49087,1.25,1.31
2018.03.20 19:46:40.026,1.49074,1.49089,1.37,4.12
2018.03.20 19:46:42.939,1.49074,1.49088,2.25,1.00
2018.03.20 19:46:43.704,1.49075,1.4909,2.44,1.12
2018.03.20 19:46:46.300,1.49077,1.49092,1.37,3.37
2018.03.20 19:46:47.274,1.49076,1.49091,1.50,1.12
2018.03.20 19:46:48.006,1.49075,1.49089,1.25,1.69
2018.03.20 19:46:48.552,1.49074,1.49089,3.56,1.69
2018.03.20 19:46:48.657,1.49074,1.49086,1.00,1.12
2018.03.20 19:46:49.183,1.49073,1.49086,1.00,1.25
2018.03.20 19:46:49.766,1.49073,1.49087,1.50,1.44
2018.03.20 19:46:50.394,1.49073,1.49087,1.12,1.87
2018.03.20 19:46:50.750,1.49073,1.49087,1.94,1.31
2018.03.20 19:46:51.714,1.49074,1.49087,1.25,1.19
2018.03.20 19:46:57.577,1.49076,1.49089,1.00,1.50
2018.03.20 19:46:58.135,1.49076,1.49088,2.25,1.44
2018.03.20 19:47:01.381,1.49075,1.49088,3.56,1.19
2018.03.20 19:47:02.020,1.49075,1.49088,2.00,1.19
2018.03.20 19:47:03.645,1.49078,1.49091,1.00,1.00
2018.03.20 19:47:03.698,1.49078,1.49091,1.00,1.37
2018.03.20 19:47:04.884,1.49075,1.49091,1.94,1.37
2018.03.20 19:47:05.194,1.49075,1.49088,1.75,1.44
2018.03.20 19:47:05.888,1.49075,1.49088,1.12,1.44
2018.03.20 19:47:08.688,1.49075,1.49088,1.00,4.12
2018.03.20 19:47:09.106,1.49072,1.4908,1.00,1.62
2018.03.20 19:47:09.158,1.49065,1.49078,1.19,1.75
2018.03.20 19:47:09.315,1.49063,1.4908,1.87,1.12
2018.03.20 19:47:09.857,1.49067,1.49081,1.12,1.37
2018.03.20 19:47:10.169,1.49068,1.49083,1.00,2.25
2018.03.20 19:47:10.377,1.4907,1.49083,1.00,1.50
2018.03.20 19:47:11.369,1.49064,1.49079,3.00,1.37
2018.03.20 19:47:11.676,1.49064,1.49077,4.31,1.19
2018.03.20 19:47:11.728,1.49066,1.49081,3.19,1.19
2018.03.20 19:47:12.240,1.49069,1.49081,1.00,1.19
2018.03.20 19:47:12.292,1.49066,1.49081,1.62,1.19
2018.03.20 19:47:14.124,1.49066,1.49082,1.19,1.87
2018.03.20 19:47:14.632,1.49065,1.49081,1.19,1.44
2018.03.20 19:47:15.161,1.49064,1.49075,1.00,1.00
2018.03.20 19:47:15.214,1.49058,1.49073,2.25,1.19
2018.03.20 19:47:15.267,1.49057,1.49072,1.00,2.06
2018.03.20 19:47:15.505,1.49055,1.49072,1.69,1.56
2018.03.20 19:47:16.095,1.49055,1.49071,1.62,1.69
2018.03.20 19:47:19.004,1.49055,1.49071,1.69,1.31
2018.03.20 19:47:19.902,1.49055,1.49071,1.69,1.12
2018.03.20 19:47:20.905,1.49055,1.4907,1.69,1.19
2018.03.20 19:47:21.416,1.49056,1.4907,2.81,1.19
2018.03.20 19:47:21.967,1.49055,1.4907,2.44,1.19
2018.03.20 19:47:22.582,1.49055,1.4907,2.44,1.19
2018.03.20 19:47:23.034,1.49055,1.4907,1.31,1.19
2018.03.20 19:47:23.191,1.49057,1.49072,1.00,1.81
2018.03.20 19:47:23.727,1.49057,1.49072,1.37,1.81
2018.03.20 19:47:25.249,1.49057,1.49072,1.25,1.31
2018.03.20 19:47:25.354,1.49057,1.49073,1.25,1.12
2018.03.20 19:47:27.401,1.49058,1.49074,3.00,1.75
2018.03.20 19:47:27.784,1.49066,1.49082,2.81,1.87
2018.03.20 19:47:28.307,1.49064,1.49082,2.06,2.25
2018.03.20 19:47:29.022,1.49064,1.49081,1.00,2.25
2018.03.20 19:47:29.519,1.49066,1.49081,1.25,1.75
2018.03.20 19:47:32.036,1.49065,1.49081,2.81,1.37
2018.03.20 19:47:32.590,1.49065,1.49081,1.19,1.37
2018.03.20 19:47:32.897,1.49066,1.49081,2.81,1.50
2018.03.20 19:47:33.103,1.49067,1.49082,3.94,1.12
2018.03.20 19:47:33.205,1.49072,1.49086,1.00,2.25
2018.03.20 19:47:34.473,1.4907,1.49086,3.94,1.50
2018.03.20 19:47:34.987,1.49071,1.49086,1.69,1.50
2018.03.20 19:47:35.392,1.49073,1.49088,1.37,1.69
2018.03.20 19:47:35.444,1.49074,1.4909,1.00,2.44
2018.03.20 19:47:35.548,1.49074,1.4909,1.50,1.12
2018.03.20 19:47:35.904,1.49076,1.49092,2.00,1.50
2018.03.20 19:47:36.501,1.49076,1.49093,2.00,2.25
2018.03.20 19:47:37.084,1.49076,1.49093,4.31,1.50
2018.03.20 19:47:37.391,1.49079,1.49096,2.44,2.62
2018.03.20 19:47:37.979,1.49079,1.49095,1.69,1.44
2018.03.20 19:47:38.518,1.49079,1.49096,2.62,3.37
2018.03.20 19:47:38.745,1.49078,1.49095,1.69,1.50
2018.03.20 19:47:38.901,1.49078,1.49094,1.56,1.00
2018.03.20 19:47:39.215,1.49081,1.49098,2.62,3.00
2018.03.20 19:47:39.378,1.49081,1.49096,1.00,2.25
2018.03.20 19:47:40.187,1.49077,1.49094,3.56,1.50
2018.03.20 19:47:40.792,1.49077,1.49094,2.62,1.50
2018.03.20 19:47:40.845,1.49076,1.49091,1.25,1.37
2018.03.20 19:47:41.319,1.49072,1.49086,1.00,1.87
2018.03.20 19:47:41.371,1.49069,1.49083,1.69,1.56
2018.03.20 19:47:41.678,1.49067,1.49082,1.87,1.25
2018.03.20 19:47:41.994,1.49068,1.49083,1.50,1.44
2018.03.20 19:47:42.282,1.49067,1.49083,2.25,1.81
2018.03.20 19:47:42.798,1.49068,1.49083,1.00,1.81
2018.03.20 19:47:43.610,1.49068,1.49083,1.37,1.44
2018.03.20 19:47:44.142,1.49069,1.49083,1.12,1.37
2018.03.20 19:47:44.660,1.49076,1.49087,1.87,1.69
2018.03.20 19:47:44.712,1.49079,1.49093,1.00,3.56
2018.03.20 19:47:44.816,1.49077,1.4909,1.00,1.62
2018.03.20 19:47:45.428,1.49077,1.49091,1.00,1.50
2018.03.20 19:47:46.412,1.49077,1.49091,1.25,1.00
2018.03.20 19:47:47.374,1.49075,1.49091,1.19,2.62
2018.03.20 19:47:47.751,1.49075,1.49091,1.00,3.00
2018.03.20 19:47:48.327,1.49075,1.4909,1.50,1.00
2018.03.20 19:47:50.129,1.49076,1.49091,1.00,1.37
2018.03.20 19:47:53.423,1.49076,1.49088,1.00,1.87
2018.03.20 19:47:53.478,1.49074,1.49088,1.00,1.87
2018.03.20 19:47:54.524,1.49074,1.49088,1.00,1.75
2018.03.20 19:47:58.433,1.49074,1.49088,1.50,1.19
2018.03.20 19:47:59.321,1.49074,1.49088,1.50,1.19
2018.03.20 19:48:00.847,1.49074,1.49088,1.50,1.19
2018.03.20 19:48:01.516,1.49074,1.49088,1.12,1.19
2018.03.20 19:48:01.721,1.49074,1.49085,1.00,1.19
2018.03.20 19:48:10.162,1.49074,1.49087,1.00,2.25
2018.03.20 19:48:15.719,1.49074,1.49087,1.50,1.19
2018.03.20 19:48:16.287,1.49074,1.49087,1.00,1.19
2018.03.20 19:48:17.190,1.49074,1.49087,1.37,1.19
2018.03.20 19:48:17.464,1.49074,1.49087,1.37,1.00
2018.03.20 19:48:18.237,1.49074,1.49089,1.37,1.12
2018.03.20 19:48:22.233,1.49074,1.4909,1.12,3.00
2018.03.20 19:48:26.255,1.49074,1.4909,1.37,1.12
2018.03.20 19:48:26.819,1.49075,1.4909,2.62,1.75
2018.03.20 19:48:28.105,1.49074,1.49089,3.37,1.00
2018.03.20 19:48:28.953,1.49074,1.49089,1.37,1.12
2018.03.20 19:48:31.646,1.49075,1.49089,1.00,1.37
2018.03.20 19:48:32.025,1.49074,1.49089,3.37,1.12
2018.03.20 19:48:32.553,1.49074,1.49089,3.37,1.50
2018.03.20 19:48:33.091,1.49074,1.49089,3.56,1.50
2018.03.20 19:48:41.567,1.49075,1.4909,2.62,1.81
2018.03.20 19:48:42.073,1.49075,1.4909,2.62,1.31
2018.03.20 19:48:42.978,1.49077,1.4909,1.00,3.94
2018.03.20 19:48:43.550,1.49077,1.4909,1.12,1.69
2018.03.20 19:48:44.879,1.49077,1.49092,1.31,3.94
2018.03.20 19:48:44.931,1.4908,1.49093,1.00,1.50
2018.03.20 19:48:45.242,1.4908,1.49096,4.31,2.62
2018.03.20 19:48:47.064,1.49082,1.49098,1.56,3.94
2018.03.20 19:48:47.118,1.49083,1.49098,1.19,2.62
2018.03.20 19:48:47.663,1.49083,1.49098,1.31,2.62
2018.03.20 19:48:47.873,1.49088,1.49103,1.00,3.00
2018.03.20 19:48:48.234,1.49087,1.49099,1.69,1.00
2018.03.20 19:48:50.089,1.49089,1.491,1.25,1.00
2018.03.20 19:48:50.597,1.49089,1.49102,1.25,1.94
2018.03.20 19:48:51.373,1.49089,1.491,1.00,2.62
2018.03.20 19:48:51.893,1.49089,1.49099,1.00,2.62
2018.03.20 19:48:52.497,1.49089,1.49098,1.00,1.00
2018.03.20 19:48:53.062,1.49089,1.491,1.00,1.75
2018.03.20 19:48:54.041,1.49089,1.49102,1.00,3.56
2018.03.20 19:48:54.658,1.49089,1.49101,1.00,2.00
2018.03.20 19:48:57.551,1.49089,1.49101,1.12,2.81
2018.03.20 19:48:57.913,1.49089,1.49104,2.06,4.31
2018.03.20 19:48:58.455,1.49089,1.49101,1.31,1.25
2018.03.20 19:48:59.138,1.49089,1.49102,1.25,2.62
2018.03.20 19:48:59.525,1.49091,1.49103,1.25,2.62
2018.03.20 19:49:00.106,1.4909,1.49102,3.19,1.00
2018.03.20 19:49:00.654,1.49092,1.49105,1.25,2.62
2018.03.20 19:49:02.032,1.49092,1.49106,1.25,2.62
2018.03.20 19:49:02.352,1.49092,1.49105,1.69,2.25
2018.03.20 19:49:03.440,1.49093,1.49106,1.50,2.62
2018.03.20 19:49:03.627,1.49094,1.49106,1.87,1.00
2018.03.20 19:49:04.676,1.49096,1.49108,1.69,2.62
2018.03.20 19:49:06.944,1.49096,1.4911,1.69,2.62
2018.03.20 19:49:07.048,1.49097,1.4911,2.44,1.00
2018.03.20 19:49:07.360,1.49098,1.4911,2.06,2.62
2018.03.20 19:49:09.181,1.49099,1.49111,1.00,2.62
2018.03.20 19:49:09.739,1.49098,1.4911,1.31,2.62
2018.03.20 19:49:10.883,1.49098,1.4911,2.06,1.00
2018.03.20 19:49:11.035,1.49098,1.49108,1.31,1.00
2018.03.20 19:49:11.577,1.49098,1.4911,1.62,3.37
2018.03.20 19:49:12.125,1.49098,1.4911,1.25,2.62
2018.03.20 19:49:17.583,1.49098,1.4911,1.25,1.00
2018.03.20 19:49:17.697,1.49096,1.49112,3.56,1.37
2018.03.20 19:49:18.318,1.49097,1.49111,2.44,2.62
2018.03.20 19:49:18.541,1.49098,1.49113,2.81,3.00
2018.03.20 19:49:19.163,1.49099,1.49114,2.81,2.25
2018.03.20 19:49:21.584,1.49098,1.49113,2.81,2.62
2018.03.20 19:49:22.270,1.49097,1.49113,2.06,1.12
2018.03.20 19:49:22.762,1.49097,1.49112,2.44,2.81
2018.03.20 19:49:24.197,1.49097,1.49112,1.69,2.81
2018.03.20 19:49:25.710,1.49097,1.49111,1.31,2.62
2018.03.20 19:49:28.142,1.49097,1.49112,1.19,2.81
2018.03.20 19:49:28.659,1.49097,1.49113,1.31,2.81
2018.03.20 19:49:28.968,1.49097,1.49113,2.81,2.81
2018.03.20 19:49:29.344,1.49096,1.49112,4.31,2.62
2018.03.20 19:49:29.736,1.49098,1.49112,1.00,1.00
2018.03.20 19:49:31.681,1.49096,1.49112,3.56,2.62
2018.03.20 19:49:32.235,1.49096,1.49111,1.69,2.62
2018.03.20 19:49:35.170,1.49096,1.49112,2.44,3.37
2018.03.20 19:49:36.124,1.49095,1.49107,1.00,2.44
2018.03.20 19:49:36.725,1.49093,1.49108,1.19,1.50
2018.03.20 19:49:37.607,1.49093,1.49108,1.56,1.12
2018.03.20 19:49:38.854,1.49093,1.49108,2.81,1.62
2018.03.20 19:49:39.392,1.49092,1.49107,3.19,1.00
2018.03.20 19:49:40.141,1.49094,1.49108,2.81,1.12
2018.03.20 19:49:40.388,1.49093,1.49108,1.31,1.50
2018.03.20 19:49:41.246,1.49092,1.49109,5.06,3.37
2018.03.20 19:49:42.036,1.49094,1.49108,2.81,1.00
2018.03.20 19:49:42.565,1.49094,1.49109,2.44,1.12
2018.03.20 19:49:44.242,1.49093,1.49108,1.19,3.00
2018.03.20 19:49:45.197,1.49093,1.49108,3.19,1.37
2018.03.20 19:49:45.543,1.49092,1.49106,1.19,4.12
2018.03.20 19:49:45.595,1.49092,1.49106,1.31,3.37
2018.03.20 19:49:45.647,1.49092,1.49105,1.19,2.25
2018.03.20 19:49:46.149,1.49093,1.49105,1.19,1.12
2018.03.20 19:49:46.303,1.49093,1.49105,1.19,2.62
2018.03.20 19:49:46.818,1.49093,1.49104,1.00,1.69
2018.03.20 19:49:47.580,1.49093,1.49104,1.00,1.31
2018.03.20 19:49:48.045,1.49091,1.49102,1.19,1.00
2018.03.20 19:49:48.546,1.49093,1.49103,1.00,1.00
2018.03.20 19:49:49.773,1.49093,1.49102,1.00,1.00
2018.03.20 19:49:51.653,1.49093,1.49103,1.00,1.00
2018.03.20 19:49:53.241,1.49093,1.49102,1.00,1.00
2018.03.20 19:49:53.666,1.49093,1.49108,1.12,2.25
2018.03.20 19:49:54.213,1.49093,1.49108,1.62,1.37
2018.03.20 19:49:55.897,1.49093,1.49109,1.12,1.87
2018.03.20 19:49:57.089,1.49093,1.49109,1.31,1.50
2018.03.20 19:49:59.387,1.49093,1.49109,1.12,1.50
2018.03.20 19:50:00.144,1.49093,1.49107,1.00,1.50
2018.03.20 19:50:00.454,1.49088,1.491,1.00,2.81
2018.03.20 19:50:00.559,1.49088,1.49099,1.00,1.69
2018.03.20 19:50:01.580,1.49088,1.49099,1.00,1.44
2018.03.20 19:50:02.402,1.49088,1.49101,1.00,2.25
2018.03.20 19:50:03.581,1.49088,1.49101,1.00,1.25
2018.03.20 19:50:04.102,1.49088,1.491,1.00,1.12
2018.03.20 19:50:04.433,1.49088,1.491,1.00,1.87
2018.03.20 19:50:04.486,1.49085,1.49099,1.37,2.25
2018.03.20 19:50:04.538,1.49085,1.49097,1.00,1.50
2018.03.20 19:50:04.908,1.49085,1.49098,1.00,1.44
2018.03.20 19:50:05.782,1.49082,1.49098,1.25,1.00
2018.03.20 19:50:06.030,1.49082,1.49098,3.56,1.00
2018.03.20 19:50:06.082,1.49082,1.49098,1.25,1.00
2018.03.20 19:50:08.489,1.49082,1.49099,1.62,1.87
2018.03.20 19:50:08.995,1.49082,1.49099,3.56,1.87
2018.03.20 19:50:09.573,1.49085,1.491,1.00,1.87
2018.03.20 19:50:09.726,1.49085,1.491,1.19,1.00
2018.03.20 19:50:10.378,1.49085,1.49101,1.19,1.50
2018.03.20 19:50:10.481,1.49088,1.49101,1.00,2.25
2018.03.20 19:50:13.806,1.49088,1.49102,1.00,1.37
2018.03.20 19:50:14.383,1.49088,1.49102,1.25,1.56
2018.03.20 19:50:15.945,1.49088,1.49104,1.25,4.12
2018.03.20 19:50:16.475,1.49088,1.49102,1.25,1.44
2018.03.20 19:50:18.168,1.49088,1.49104,1.00,3.00
2018.03.20 19:50:18.797,1.49088,1.49103,1.00,1.87
2018.03.20 19:50:19.204,1.49088,1.49103,1.25,1.44
2018.03.20 19:50:19.802,1.49088,1.49103,1.00,1.25
2018.03.20 19:50:19.856,1.4909,1.49103,1.00,1.87
2018.03.20 19:50:20.182,1.49092,1.49103,1.00,1.87
2018.03.20 19:50:20.781,1.49088,1.491,1.00,1.00
2018.03.20 19:50:20.833,1.49091,1.49101,1.00,1.00
2018.03.20 19:50:21.137,1.49091,1.49102,1.00,1.19
2018.03.20 19:50:22.737,1.49091,1.49104,1.12,1.19
2018.03.20 19:50:23.274,1.49091,1.49104,1.50,1.19
2018.03.20 19:50:24.165,1.49091,1.49105,1.12,1.50
2018.03.20 19:50:26.455,1.49091,1.49102,1.00,1.44
2018.03.20 19:50:29.564,1.49091,1.49104,1.00,1.81
2018.03.20 19:50:31.572,1.49091,1.49104,1.00,1.19
2018.03.20 19:50:32.345,1.49091,1.49106,1.50,3.00
2018.03.20 19:50:33.436,1.49091,1.49106,3.37,2.62
2018.03.20 19:50:33.488,1.49091,1.49105,1.31,1.50
2018.03.20 19:50:33.743,1.49091,1.49105,2.00,1.50
2018.03.20 19:50:33.950,1.49091,1.49105,1.31,1.44
2018.03.20 19:50:36.467,1.49091,1.49102,1.00,1.19
2018.03.20 19:50:36.680,1.49091,1.49103,1.00,1.50
2018.03.20 19:50:37.186,1.49091,1.49104,1.00,1.50
2018.03.20 19:50:37.707,1.49091,1.49102,1.00,1.19
2018.03.20 19:50:39.747,1.49091,1.49104,1.00,1.44
2018.03.20 19:50:41.306,1.49091,1.49105,1.00,1.87
2018.03.20 19:50:42.179,1.49092,1.49105,1.12,1.62
2018.03.20 19:50:42.689,1.49092,1.49105,1.25,1.19
2018.03.20 19:50:43.249,1.49092,1.49107,1.25,2.81
2018.03.20 19:50:43.839,1.49092,1.49106,1.19,1.19
2018.03.20 19:50:45.395,1.49092,1.49107,1.25,2.06
2018.03.20 19:50:46.085,1.49093,1.49106,1.00,1.31
2018.03.20 19:50:46.345,1.49093,1.49107,1.25,1.00
2018.03.20 19:50:46.669,1.49093,1.49107,1.19,1.19
2018.03.20 19:50:48.950,1.49093,1.49106,1.25,1.25
2018.03.20 19:50:49.201,1.49093,1.49106,1.25,1.19
2018.03.20 19:50:49.705,1.49093,1.49106,1.25,1.19
2018.03.20 19:50:51.274,1.49093,1.49107,1.19,1.19
2018.03.20 19:50:52.165,1.49093,1.49107,1.19,1.00
2018.03.20 19:50:52.217,1.49096,1.49107,1.25,1.00
2018.03.20 19:50:52.579,1.49096,1.4911,1.25,1.50
2018.03.20 19:50:53.776,1.49096,1.49111,1.19,1.56
2018.03.20 19:50:54.303,1.49096,1.49111,1.19,1.44
2018.03.20 19:50:55.170,1.49096,1.49111,1.12,1.37
2018.03.20 19:50:55.642,1.49099,1.49112,1.00,1.37
2018.03.20 19:51:00.683,1.49099,1.49111,1.00,2.25
2018.03.20 19:51:01.091,1.49099,1.49107,1.00,1.00
2018.03.20 19:51:01.570,1.49099,1.49109,1.00,1.25
2018.03.20 19:51:02.840,1.49099,1.49107,1.00,1.19
2018.03.20 19:51:05.235,1.49099,1.49108,1.00,1.00
2018.03.20 19:51:05.811,1.49099,1.49107,1.00,1.19
2018.03.20 19:51:06.511,1.49099,1.49109,1.00,1.37
2018.03.20 19:51:06.997,1.49099,1.49109,1.00,3.37
2018.03.20 19:51:07.963,1.49099,1.4911,1.00,2.81
2018.03.20 19:51:08.120,1.49099,1.49107,1.00,1.31
2018.03.20 19:51:08.377,1.49095,1.49107,1.00,1.31
2018.03.20 19:51:08.945,1.49095,1.49108,1.00,2.06
2018.03.20 19:51:09.186,1.49095,1.49105,1.00,1.19
2018.03.20 19:51:14.380,1.49095,1.49108,1.00,1.81
2018.03.20 19:51:15.038,1.49095,1.49106,1.00,1.31
2018.03.20 19:51:15.911,1.49092,1.49103,1.00,1.19
2018.03.20 19:51:16.014,1.49092,1.49102,1.00,1.19
2018.03.20 19:51:16.707,1.49092,1.49105,3.56,1.62
2018.03.20 19:51:16.758,1.49092,1.49107,3.94,1.44
2018.03.20 19:51:17.280,1.49095,1.49107,1.25,1.19
2018.03.20 19:51:20.410,1.49095,1.49108,1.00,1.25
2018.03.20 19:51:20.462,1.49095,1.49104,1.00,1.00
2018.03.20 19:51:20.515,1.49093,1.49104,1.00,2.62
2018.03.20 19:51:20.567,1.49089,1.49099,1.00,1.00
2018.03.20 19:51:20.671,1.49089,1.49102,1.25,1.19
2018.03.20 19:51:22.665,1.49089,1.49102,1.19,1.19
2018.03.20 19:51:24.813,1.49089,1.49102,1.19,2.81
2018.03.20 19:51:25.444,1.49089,1.49102,1.25,2.44
2018.03.20 19:51:25.996,1.49089,1.49101,1.25,1.25
2018.03.20 19:51:30.517,1.49089,1.49103,1.62,1.56
2018.03.20 19:51:31.043,1.49089,1.49103,1.25,1.56
2018.03.20 19:51:31.096,1.49089,1.49103,1.69,1.31
2018.03.20 19:51:31.199,1.49089,1.49103,1.25,1.69
2018.03.20 19:51:31.741,1.49089,1.49103,1.19,1.69
2018.03.20 19:51:31.948,1.49089,1.49099,1.19,1.00
2018.03.20 19:51:32.001,1.49088,1.491,1.00,2.81
2018.03.20 19:51:32.527,1.49088,1.491,1.19,2.81
2018.03.20 19:51:32.731,1.49088,1.49097,1.00,1.19
2018.03.20 19:51:35.801,1.49086,1.49097,1.00,1.31
2018.03.20 19:51:40.440,1.49086,1.49096,1.00,1.00
2018.03.20 19:51:42.139,1.49086,1.49098,1.00,1.25
2018.03.20 19:51:43.080,1.49086,1.49096,1.00,1.19
2018.03.20 19:51:44.928,1.49086,1.49098,1.00,1.87
2018.03.20 19:51:44.980,1.49086,1.49098,1.00,1.87
2018.03.20 19:51:45.741,1.49086,1.49099,1.00,2.81
2018.03.20 19:51:46.255,1.49086,1.491,1.00,4.31
2018.03.20 19:51:47.242,1.49086,1.49097,1.00,1.00
2018.03.20 19:51:47.418,1.49086,1.49097,1.00,1.69
2018.03.20 19:51:47.938,1.49086,1.49098,1.00,2.81
2018.03.20 19:51:48.515,1.49086,1.49099,1.25,2.81
2018.03.20 19:51:50.154,1.49086,1.491,1.12,3.56
2018.03.20 19:51:51.148,1.49086,1.491,1.00,2.44
2018.03.20 19:51:52.768,1.49086,1.49098,1.00,1.25
2018.03.20 19:51:59.781,1.49086,1.491,1.00,2.19
2018.03.20 19:52:00.331,1.49086,1.491,1.50,1.69
2018.03.20 19:52:02.521,1.49088,1.49104,1.50,5.62
2018.03.20 19:52:03.062,1.49088,1.49104,2.44,3.75
2018.03.20 19:52:04.878,1.49089,1.49104,3.56,1.56
2018.03.20 19:52:05.394,1.49092,1.49103,1.25,1.00
2018.03.20 19:52:05.802,1.49092,1.49106,1.69,1.12
2018.03.20 19:52:05.854,1.49091,1.49105,1.69,2.81
2018.03.20 19:52:06.344,1.49091,1.49103,1.69,2.62
2018.03.20 19:52:06.466,1.49092,1.49104,1.25,1.00
2018.03.20 19:52:06.976,1.49092,1.49103,1.00,1.00
2018.03.20 19:52:07.453,1.49091,1.49103,1.00,2.62
2018.03.20 19:52:07.964,1.49091,1.49103,1.00,1.31
2018.03.20 19:52:08.828,1.49091,1.49103,1.00,1.69
2018.03.20 19:52:10.300,1.49091,1.49103,1.69,1.19
2018.03.20 19:52:10.862,1.49091,1.49103,1.25,1.31
2018.03.20 19:52:13.684,1.49091,1.49104,1.25,1.19
2018.03.20 19:52:13.736,1.49091,1.49104,1.19,1.19
2018.03.20 19:52:18.693,1.49091,1.49105,1.69,1.69
2018.03.20 19:52:19.637,1.49091,1.49103,1.19,1.19
2018.03.20 19:52:20.192,1.49091,1.49103,1.25,1.56
2018.03.20 19:52:20.511,1.49093,1.49104,1.00,2.81
2018.03.20 19:52:21.403,1.49093,1.49105,1.00,1.69
2018.03.20 19:52:21.991,1.49093,1.49105,1.00,1.94
2018.03.20 19:52:22.533,1.49093,1.49106,1.00,3.75
2018.03.20 19:52:23.844,1.49093,1.49105,1.00,3.00
2018.03.20 19:52:25.832,1.49093,1.49103,1.00,2.25
2018.03.20 19:52:26.266,1.49093,1.49104,1.00,1.25
2018.03.20 19:52:26.942,1.49093,1.49104,1.00,1.69
2018.03.20 19:52:27.486,1.49093,1.49104,1.00,1.31
2018.03.20 19:52:28.915,1.49093,1.49103,1.00,1.12
2018.03.20 19:52:29.449,1.49093,1.49103,1.00,1.00
2018.03.20 19:52:29.502,1.49093,1.49104,1.00,3.00
2018.03.20 19:52:30.839,1.49093,1.49102,1.00,1.00
2018.03.20 19:52:31.381,1.49093,1.49104,1.00,2.62
2018.03.20 19:52:31.925,1.49093,1.49105,1.00,3.94
2018.03.20 19:52:31.978,1.49093,1.49107,1.00,1.87
2018.03.20 19:52:32.323,1.49093,1.49107,1.00,1.12
2018.03.20 19:52:32.582,1.49093,1.49106,1.00,1.69
2018.03.20 19:52:33.352,1.49093,1.49106,1.00,2.25
2018.03.20 19:52:33.921,1.49093,1.49106,1.00,3.75
2018.03.20 19:52:34.262,1.49093,1.49104,1.00,3.37
2018.03.20 19:52:34.786,1.49093,1.49104,1.00,2.62
2018.03.20 19:52:37.057,1.49093,1.49105,1.00,1.50
2018.03.20 19:52:37.393,1.49093,1.49105,1.00,3.37
2018.03.20 19:52:37.901,1.49092,1.49102,1.00,1.25
2018.03.20 19:52:42.269,1.49092,1.49105,1.00,1.50
2018.03.20 19:52:42.831,1.49092,1.49106,1.25,1.81
2018.03.20 19:52:43.416,1.49093,1.49106,1.00,1.12
2018.03.20 19:52:44.329,1.49093,1.49109,1.31,1.37
2018.03.20 19:52:44.537,1.49097,1.4911,1.00,1.25
2018.03.20 19:52:44.849,1.49106,1.49117,1.00,1.31
2018.03.20 19:52:45.047,1.49106,1.4912,1.12,2.25
2018.03.20 19:52:45.307,1.49106,1.49114,1.00,1.19
2018.03.20 19:52:45.360,1.49103,1.49113,1.00,1.25
2018.03.20 19:52:48.160,1.49099,1.49113,1.25,1.25
2018.03.20 19:52:48.213,1.49098,1.49111,1.00,1.37
2018.03.20 19:52:49.224,1.49098,1.49115,1.69,3.37
2018.03.20 19:52:49.725,1.49098,1.49113,1.25,2.06
2018.03.20 19:52:50.037,1.49098,1.49111,1.12,1.44
2018.03.20 19:52:50.818,1.49099,1.49111,1.00,1.50
2018.03.20 19:52:52.552,1.49099,1.49111,1.00,1.56
2018.03.20 19:52:52.657,1.49102,1.49114,1.12,1.12
2018.03.20 19:52:52.710,1.49102,1.49112,1.00,1.44
2018.03.20 19:52:57.369,1.49102,1.49114,1.00,1.56
2018.03.20 19:53:03.355,1.49106,1.49119,1.12,1.81
2018.03.20 19:53:03.546,1.49107,1.49123,1.19,1.44
2018.03.20 19:53:04.140,1.4911,1.49123,1.00,1.87
2018.03.20 19:53:04.399,1.4911,1.49125,1.50,1.75
2018.03.20 19:53:05.014,1.49109,1.4912,1.00,1.50
2018.03.20 19:53:05.234,1.49104,1.49119,1.19,1.31
2018.03.20 19:53:05.763,1.49105,1.49122,1.31,2.25
2018.03.20 19:53:07.190,1.49108,1.49124,1.25,3.75
2018.03.20 19:53:08.103,1.49108,1.49124,1.31,1.00
2018.03.20 19:53:08.155,1.49109,1.49124,2.62,1.50
2018.03.20 19:53:08.388,1.49108,1.49123,1.62,1.19
2018.03.20 19:53:08.903,1.49108,1.49122,1.00,1.50
2018.03.20 19:53:10.525,1.49108,1.49124,1.50,2.62
2018.03.20 19:53:11.056,1.49108,1.49122,1.50,1.44
2018.03.20 19:53:12.379,1.49108,1.49123,1.50,1.37
2018.03.20 19:53:12.924,1.49108,1.49123,1.50,1.44
2018.03.20 19:53:13.442,1.49109,1.49121,1.00,1.00
2018.03.20 19:53:14.116,1.49109,1.4912,1.00,1.19
2018.03.20 19:53:14.479,1.49109,1.4912,1.00,1.19
2018.03.20 19:53:14.635,1.49109,1.49121,1.00,1.69
2018.03.20 19:53:15.151,1.49109,1.49121,1.50,1.19
2018.03.20 19:53:16.860,1.49109,1.49123,2.06,1.87
2018.03.20 19:53:17.393,1.4911,1.49125,1.00,1.87
2018.03.20 19:53:18.183,1.49109,1.49125,1.31,1.37
2018.03.20 19:53:18.695,1.49109,1.49123,1.37,1.19
2018.03.20 19:53:18.903,1.49111,1.49126,1.12,2.62
2018.03.20 19:53:19.474,1.49111,1.49126,1.87,2.25
2018.03.20 19:53:19.527,1.49111,1.49122,1.00,1.19
2018.03.20 19:53:20.037,1.49109,1.49123,1.50,1.69
2018.03.20 19:53:20.297,1.49106,1.4912,1.69,1.19
2018.03.20 19:53:20.895,1.49106,1.49118,1.31,1.00
2018.03.20 19:53:21.699,1.49106,1.49119,1.00,1.25
2018.03.20 19:53:22.203,1.49106,1.49118,1.00,1.00
2018.03.20 19:53:22.996,1.49106,1.4912,1.87,1.44
2018.03.20 19:53:23.255,1.49106,1.49119,1.12,1.25
2018.03.20 19:53:24.068,1.49106,1.49121,1.87,1.37
2018.03.20 19:53:24.642,1.49107,1.49122,1.00,2.25
2018.03.20 19:53:28.337,1.49107,1.49121,1.00,2.06
2018.03.20 19:53:29.019,1.49107,1.49121,1.50,2.06
2018.03.20 19:53:29.508,1.49107,1.49122,1.19,1.37
2018.03.20 19:53:29.612,1.49107,1.49122,1.19,1.00
2018.03.20 19:53:30.079,1.49107,1.49123,1.56,1.19
2018.03.20 19:53:31.114,1.49107,1.49121,1.69,1.00
2018.03.20 19:53:31.657,1.49107,1.49121,1.69,1.19
2018.03.20 19:53:32.181,1.49107,1.49119,1.19,1.00
2018.03.20 19:53:32.703,1.49107,1.49119,1.19,1.00
2018.03.20 19:53:33.016,1.49107,1.4912,1.00,1.31
2018.03.20 19:53:37.699,1.49114,1.49121,1.50,1.00
2018.03.20 19:53:37.751,1.49114,1.49125,1.25,2.25
2018.03.20 19:53:37.861,1.49115,1.49129,1.00,4.31
2018.03.20 19:53:38.395,1.49116,1.4913,1.25,1.69
2018.03.20 19:53:38.551,1.49116,1.4913,3.56,1.19
2018.03.20 19:53:38.604,1.49116,1.49129,1.00,2.81
2018.03.20 19:53:38.657,1.49116,1.49127,1.00,1.94
2018.03.20 19:53:38.761,1.49113,1.49125,1.19,1.62
2018.03.20 19:53:39.104,1.49113,1.49125,1.19,2.44
2018.03.20 19:53:39.311,1.49113,1.49125,1.19,1.12
2018.03.20 19:53:39.982,1.49113,1.49129,1.31,4.12
2018.03.20 19:53:40.034,1.49113,1.49129,1.31,4.50
2018.03.20 19:53:40.086,1.49113,1.49128,1.25,1.31
2018.03.20 19:53:40.138,1.49115,1.4913,1.31,1.37
2018.03.20 19:53:40.191,1.49115,1.4913,2.81,1.37
2018.03.20 19:53:40.295,1.49113,1.49131,6.19,1.50
2018.03.20 19:53:40.654,1.49113,1.4913,1.31,2.81
2018.03.20 19:53:41.004,1.49113,1.49125,1.19,1.00
2018.03.20 19:53:42.277,1.49113,1.49126,1.19,1.12
2018.03.20 19:53:42.800,1.49111,1.49125,1.19,1.69
2018.03.20 19:53:43.332,1.49114,1.49124,1.00,1.56
2018.03.20 19:53:44.761,1.49111,1.49119,1.00,2.62
2018.03.20 19:53:44.866,1.49103,1.49115,1.00,1.87
2018.03.20 19:53:44.971,1.491,1.49112,1.00,1.31
2018.03.20 19:53:45.542,1.491,1.49113,1.00,1.87
2018.03.20 19:53:47.061,1.491,1.49112,1.00,1.19
2018.03.20 19:53:47.603,1.491,1.49113,1.00,3.75
2018.03.20 19:53:49.237,1.491,1.4911,1.00,1.31
2018.03.20 19:53:51.992,1.49096,1.49109,1.25,1.25
2018.03.20 19:53:52.514,1.49096,1.49109,1.25,1.69
2018.03.20 19:53:55.293,1.49096,1.4911,1.25,1.87
2018.03.20 19:53:55.864,1.49096,1.4911,1.25,1.00
2018.03.20 19:53:55.916,1.49096,1.49109,1.25,1.19
2018.03.20 19:54:02.585,1.49094,1.49109,1.69,1.69
2018.03.20 19:54:03.092,1.49094,1.49109,2.06,1.69
2018.03.20 19:54:04.886,1.49094,1.49108,1.56,2.81
2018.03.20 19:54:05.410,1.49094,1.49108,1.56,2.81
2018.03.20 19:54:08.413,1.49094,1.49109,2.81,1.56
2018.03.20 19:54:12.739,1.49094,1.49109,1.19,1.87
2018.03.20 19:54:13.278,1.49096,1.49108,1.25,1.19
2018.03.20 19:54:13.380,1.49094,1.4911,1.69,1.69
2018.03.20 19:54:13.782,1.49098,1.4911,1.31,1.31
2018.03.20 19:54:14.487,1.49099,1.4911,1.25,1.00
2018.03.20 19:54:14.539,1.491,1.49113,1.31,1.00
2018.03.20 19:54:14.850,1.49101,1.49115,1.19,1.00
2018.03.20 19:54:15.423,1.49101,1.49117,1.19,1.94
2018.03.20 19:54:15.965,1.49101,1.49116,1.19,2.44
2018.03.20 19:54:16.492,1.49101,1.49116,1.19,1.69
2018.03.20 19:54:17.983,1.49101,1.49116,1.31,1.69
2018.03.20 19:54:19.143,1.49101,1.49115,1.00,1.44
2018.03.20 19:54:19.196,1.49101,1.49113,1.00,1.19
2018.03.20 19:54:19.508,1.491,1.49109,1.31,1.19
2018.03.20 19:54:26.209,1.49095,1.49107,1.00,1.69
2018.03.20 19:54:26.263,1.49095,1.49106,1.00,1.25
2018.03.20 19:54:26.647,1.49095,1.49105,1.00,1.31
2018.03.20 19:54:26.758,1.49095,1.49107,1.00,3.56
2018.03.20 19:54:29.100,1.49095,1.49106,1.00,1.87
2018.03.20 19:54:29.623,1.49095,1.49107,1.00,1.75
2018.03.20 19:54:30.193,1.49095,1.49109,1.12,1.12
2018.03.20 19:54:30.452,1.49097,1.49111,1.00,3.75
2018.03.20 19:54:30.658,1.49095,1.49109,1.50,1.44
2018.03.20 19:54:31.164,1.49095,1.4911,3.37,1.50
2018.03.20 19:54:31.684,1.49095,1.49109,1.69,1.69
2018.03.20 19:54:32.233,1.49095,1.49109,1.69,1.69
2018.03.20 19:54:33.172,1.49096,1.4911,2.81,2.25
2018.03.20 19:54:33.393,1.49096,1.49111,1.25,3.37
2018.03.20 19:54:33.887,1.49097,1.49111,2.62,2.06
2018.03.20 19:54:36.192,1.49097,1.49111,1.75,1.19
2018.03.20 19:54:36.646,1.49097,1.49111,1.50,1.69
2018.03.20 19:54:37.193,1.49097,1.49111,1.50,1.69
2018.03.20 19:54:37.784,1.49097,1.49111,1.75,1.31
2018.03.20 19:54:37.836,1.49097,1.49111,1.50,1.69
2018.03.20 19:54:38.783,1.49097,1.49111,1.50,1.31
2018.03.20 19:54:38.982,1.49097,1.49111,1.50,1.31
2018.03.20 19:54:40.171,1.49097,1.49111,1.50,1.31
2018.03.20 19:54:40.595,1.49097,1.49111,3.37,1.19
2018.03.20 19:54:42.737,1.49099,1.49113,2.62,2.25
2018.03.20 19:54:44.438,1.49098,1.49113,2.81,1.87
2018.03.20 19:54:44.490,1.49098,1.49113,1.25,1.87
2018.03.20 19:54:45.761,1.49097,1.49113,1.75,1.87
2018.03.20 19:54:47.342,1.49098,1.4911,1.25,1.25
2018.03.20 19:54:47.446,1.49096,1.49107,2.00,1.00
2018.03.20 19:54:47.993,1.49097,1.4911,3.37,1.19
2018.03.20 19:54:48.181,1.49097,1.49111,1.12,4.87
2018.03.20 19:54:52.156,1.49097,1.49108,1.00,1.12
2018.03.20 19:54:52.208,1.49093,1.49106,3.56,1.00
2018.03.20 19:54:52.778,1.49093,1.49108,1.69,1.81
2018.03.20 19:54:56.198,1.49093,1.49108,1.69,1.56
2018.03.20 19:54:56.614,1.49093,1.49107,3.56,1.25
2018.03.20 19:54:57.115,1.49093,1.49108,3.56,1.31
2018.03.20 19:54:57.166,1.49093,1.49108,1.31,2.06
2018.03.20 19:54:58.233,1.49093,1.49107,1.25,1.69
2018.03.20 19:54:59.563,1.49093,1.49108,1.31,4.12
2018.03.20 19:54:59.669,1.49093,1.49107,1.25,2.44
2018.03.20 19:55:00.204,1.49093,1.49105,1.00,1.50
2018.03.20 19:55:00.643,1.49094,1.49107,3.19,1.00
2018.03.20 19:55:01.002,1.49093,1.49106,1.00,1.37
2018.03.20 19:55:01.360,1.49093,1.49104,1.25,2.62
2018.03.20 19:55:01.412,1.49093,1.49106,1.25,1.12
2018.03.20 19:55:01.584,1.49093,1.49106,1.25,1.37
2018.03.20 19:55:02.312,1.49093,1.49106,1.25,1.37
2018.03.20 19:55:02.621,1.49093,1.49108,3.56,2.06
2018.03.20 19:55:03.162,1.49093,1.49108,3.56,1.56
2018.03.20 19:55:04.125,1.49093,1.49107,1.69,1.62
2018.03.20 19:55:05.119,1.49093,1.49108,3.56,1.31
2018.03.20 19:55:05.654,1.49093,1.49108,3.56,1.56
2018.03.20 19:55:06.621,1.49095,1.49109,2.06,1.56
2018.03.20 19:55:06.963,1.49098,1.49111,1.12,1.50
2018.03.20 19:55:07.592,1.49098,1.49111,1.50,1.50
2018.03.20 19:55:08.144,1.49099,1.49111,2.62,1.31
2018.03.20 19:55:10.973,1.49098,1.49111,4.31,1.19
2018.03.20 19:55:11.783,1.49099,1.49111,2.62,1.19
2018.03.20 19:55:11.993,1.49099,1.49111,1.00,1.19
2018.03.20 19:55:12.510,1.49098,1.49111,3.37,1.19
2018.03.20 19:55:13.328,1.49098,1.49111,5.44,1.19
2018.03.20 19:55:14.595,1.49097,1.49109,2.25,1.19
2018.03.20 19:55:15.607,1.49097,1.49111,2.62,2.62
2018.03.20 19:55:16.881,1.49096,1.4911,5.81,1.19
2018.03.20 19:55:17.499,1.49097,1.49111,2.25,2.62
2018.03.20 19:55:18.554,1.49099,1.49111,1.00,2.62
2018.03.20 19:55:18.607,1.49099,1.49113,1.12,1.87
2018.03.20 19:55:19.024,1.49102,1.49115,1.00,1.00
2018.03.20 19:55:19.621,1.49104,1.49117,1.00,1.87
2018.03.20 19:55:20.504,1.49104,1.49117,3.56,1.19
2018.03.20 19:55:20.880,1.49104,1.49117,1.69,1.19
2018.03.20 19:55:21.657,1.49105,1.49118,2.62,1.87
2018.03.20 19:55:22.295,1.49106,1.49116,1.00,1.19
2018.03.20 19:55:22.768,1.49104,1.49115,1.00,1.31
2018.03.20 19:55:25.513,1.49104,1.49116,1.37,1.00
2018.03.20 19:55:27.023,1.49104,1.49118,3.37,1.50
2018.03.20 19:55:27.540,1.49104,1.49118,1.50,1.37
2018.03.20 19:55:28.395,1.49104,1.49115,1.00,1.19
2018.03.20 19:55:28.696,1.49101,1.49112,1.12,1.44
2018.03.20 19:55:29.325,1.49099,1.49112,1.00,3.75
2018.03.20 19:55:30.474,1.49099,1.49112,1.50,1.50
2018.03.20 19:55:30.975,1.49099,1.49112,1.00,2.19
2018.03.20 19:55:33.316,1.49099,1.49112,1.00,1.37
2018.03.20 19:55:33.848,1.49099,1.49112,1.87,1.00
2018.03.20 19:55:34.370,1.491,1.49114,1.00,1.44
2018.03.20 19:55:35.078,1.49099,1.49115,1.50,1.50
2018.03.20 19:55:36.095,1.49099,1.49111,1.00,1.00
2018.03.20 19:55:36.658,1.49099,1.49112,1.00,3.56
2018.03.20 19:55:36.813,1.49096,1.49111,1.50,1.81
2018.03.20 19:55:37.326,1.49096,1.4911,1.00,2.81
2018.03.20 19:55:38.201,1.49093,1.49109,1.50,3.56
2018.03.20 19:55:38.741,1.49093,1.49107,1.00,1.19
2018.03.20 19:55:39.279,1.49094,1.49108,1.00,1.69
2018.03.20 19:55:39.898,1.49093,1.49108,1.00,3.56
2018.03.20 19:55:40.561,1.49093,1.49107,1.00,2.81
2018.03.20 19:55:40.613,1.49093,1.49108,1.00,2.81
2018.03.20 19:55:40.717,1.49093,1.49107,1.12,2.44
2018.03.20 19:55:41.229,1.49093,1.49108,1.00,3.56
2018.03.20 19:55:41.541,1.49093,1.49104,1.00,1.31
2018.03.20 19:55:41.594,1.49089,1.49102,1.00,1.00
2018.03.20 19:55:42.122,1.49089,1.49102,1.12,2.44
2018.03.20 19:55:42.663,1.49089,1.49104,1.12,3.56
2018.03.20 19:55:43.054,1.49087,1.491,1.00,2.25
2018.03.20 19:55:43.448,1.49087,1.49099,1.00,2.62
2018.03.20 19:55:43.501,1.49087,1.49101,1.12,2.81
2018.03.20 19:55:43.968,1.49086,1.49099,1.00,2.62
2018.03.20 19:55:44.374,1.49083,1.49096,1.00,2.81
2018.03.20 19:55:44.426,1.49081,1.49096,2.25,2.81
2018.03.20 19:55:44.783,1.49081,1.49096,1.87,1.25
2018.03.20 19:55:45.688,1.49082,1.49097,1.12,3.00
2018.03.20 19:55:45.944,1.49083,1.49098,1.00,1.00
2018.03.20 19:55:46.454,1.49084,1.491,1.87,2.06
2018.03.20 19:55:46.961,1.49084,1.491,3.75,2.06
2018.03.20 19:55:47.509,1.49084,1.491,1.69,2.81
2018.03.20 19:55:48.538,1.49084,1.49099,1.12,2.81
2018.03.20 19:55:49.085,1.49084,1.49098,1.00,2.62
2018.03.20 19:55:49.572,1.49084,1.49098,1.00,1.00
2018.03.20 19:55:50.560,1.49084,1.49099,1.50,2.81
2018.03.20 19:55:50.612,1.49082,1.49095,1.00,1.00
2018.03.20 19:55:50.810,1.49082,1.49097,1.69,1.50
2018.03.20 19:55:50.912,1.49084,1.49097,1.25,1.00
2018.03.20 19:55:51.498,1.49084,1.491,3.56,2.81
2018.03.20 19:55:52.114,1.49084,1.491,1.31,2.81
2018.03.20 19:55:52.224,1.49081,1.49095,1.00,1.19
2018.03.20 19:55:52.326,1.49082,1.49099,2.62,2.00
2018.03.20 19:55:52.378,1.49083,1.49099,1.31,2.81
2018.03.20 19:55:52.634,1.49086,1.49099,1.50,2.62
2018.03.20 19:55:52.952,1.49088,1.49102,1.00,1.12
2018.03.20 19:55:53.485,1.49087,1.49104,3.56,2.25
2018.03.20 19:55:53.795,1.49088,1.49104,3.19,2.06
2018.03.20 19:55:54.315,1.4909,1.49105,2.81,1.31
2018.03.20 19:55:58.268,1.49092,1.49107,2.06,2.81
2018.03.20 19:55:58.771,1.49094,1.49108,1.25,1.50
2018.03.20 19:55:59.718,1.49094,1.49109,1.62,1.62
2018.03.20 19:56:00.034,1.49094,1.49109,1.25,1.94
2018.03.20 19:56:00.087,1.49094,1.49108,1.25,1.31
2018.03.20 19:56:00.551,1.49094,1.4911,2.06,3.56
2018.03.20 19:56:00.604,1.49097,1.4911,1.25,1.25
2018.03.20 19:56:01.107,1.49097,1.49112,1.62,3.56
2018.03.20 19:56:01.781,1.49097,1.49113,4.31,1.31
2018.03.20 19:56:02.335,1.49097,1.49109,1.75,1.00
2018.03.20 19:56:02.680,1.49097,1.49112,2.25,1.50
2018.03.20 19:56:02.836,1.49102,1.49116,1.00,2.62
2018.03.20 19:56:03.250,1.491,1.49117,1.00,5.25
2018.03.20 19:56:03.578,1.49102,1.49115,1.00,2.62
2018.03.20 19:56:04.864,1.49102,1.49116,1.00,2.81
2018.03.20 19:56:09.510,1.49101,1.49115,1.00,2.62
2018.03.20 19:56:11.127,1.49101,1.49116,1.00,3.75
2018.03.20 19:56:12.371,1.49101,1.49116,1.00,3.37
2018.03.20 19:56:12.476,1.49102,1.49116,1.00,1.00
2018.03.20 19:56:12.982,1.49102,1.49116,1.37,1.12
2018.03.20 19:56:13.035,1.49101,1.49116,1.87,2.62
2018.03.20 19:56:13.526,1.49101,1.49118,4.12,4.12
2018.03.20 19:56:14.048,1.49102,1.49117,3.00,1.37
2018.03.20 19:56:14.523,1.49101,1.49117,3.37,3.75
2018.03.20 19:56:14.575,1.49098,1.49115,4.12,1.69
2018.03.20 19:56:14.678,1.49098,1.49112,1.50,2.62
2018.03.20 19:56:15.198,1.49098,1.49113,1.87,3.00
2018.03.20 19:56:16.363,1.49099,1.49115,2.62,3.37
2018.03.20 19:56:18.437,1.49098,1.49115,3.56,1.81
2018.03.20 19:56:23.285,1.49099,1.49115,1.00,4.12
2018.03.20 19:56:23.715,1.49099,1.49113,1.25,2.62
2018.03.20 19:56:24.221,1.49099,1.49114,1.69,3.37
2018.03.20 19:56:24.771,1.49098,1.49115,4.31,1.62
2018.03.20 19:56:25.989,1.49099,1.49114,1.25,1.00
2018.03.20 19:56:26.421,1.49099,1.49115,2.81,3.19
2018.03.20 19:56:29.878,1.49099,1.49114,1.25,1.00
2018.03.20 19:56:31.224,1.49101,1.49115,1.00,1.12
2018.03.20 19:56:31.755,1.49098,1.49115,2.44,1.37
2018.03.20 19:56:34.881,1.491,1.49116,1.69,2.06
2018.03.20 19:56:35.416,1.491,1.49116,2.00,3.94
2018.03.20 19:56:39.536,1.49099,1.49114,1.75,1.31
2018.03.20 19:56:41.647,1.49099,1.49115,2.62,3.94
2018.03.20 19:56:42.262,1.491,1.49115,1.00,2.06
2018.03.20 19:56:43.207,1.49099,1.49115,2.62,1.56
2018.03.20 19:56:50.733,1.49098,1.49115,1.94,1.69
2018.03.20 19:56:53.158,1.49098,1.49115,1.94,1.50
2018.03.20 19:56:53.646,1.49102,1.49116,1.00,1.25
2018.03.20 19:56:54.491,1.49098,1.49114,1.75,2.44
2018.03.20 19:56:54.546,1.49099,1.49115,1.37,2.81
2018.03.20 19:56:54.598,1.49101,1.49115,2.62,2.06
2018.03.20 19:56:54.652,1.491,1.49114,2.81,1.00
2018.03.20 19:56:55.642,1.49102,1.49115,1.00,1.25
2018.03.20 19:56:56.177,1.49098,1.49114,4.50,1.12
2018.03.20 19:56:56.701,1.49099,1.49117,1.94,4.31
2018.03.20 19:56:58.131,1.49099,1.49117,3.56,3.94
2018.03.20 19:57:00.115,1.49102,1.49116,1.00,1.00
2018.03.20 19:57:00.654,1.491,1.49117,1.31,4.12
2018.03.20 19:57:01.102,1.491,1.49116,1.94,1.50
2018.03.20 19:57:02.697,1.491,1.49116,1.12,2.62
2018.03.20 19:57:02.750,1.49101,1.49117,2.62,3.75
2018.03.20 19:57:02.803,1.491,1.49116,1.69,2.81
2018.03.20 19:57:03.248,1.49102,1.49117,1.37,1.12
2018.03.20 19:57:03.352,1.49103,1.49116,2.62,1.00
2018.03.20 19:57:04.029,1.49102,1.49118,1.75,2.62
2018.03.20 19:57:04.549,1.49102,1.49118,2.62,3.37
2018.03.20 19:57:05.090,1.49102,1.49118,2.62,4.87
2018.03.20 19:57:05.623,1.49102,1.49117,2.62,1.50
2018.03.20 19:57:07.502,1.49102,1.49115,2.62,1.25
2018.03.20 19:57:09.016,1.49107,1.49119,2.44,1.12
2018.03.20 19:57:09.121,1.49106,1.49121,1.37,2.81
2018.03.20 19:57:09.173,1.49106,1.49119,1.00,3.94
2018.03.20 19:57:09.224,1.49103,1.49116,1.25,1.00
2018.03.20 19:57:09.276,1.49101,1.49116,1.31,1.75
2018.03.20 19:57:09.378,1.49103,1.49117,1.25,1.00
2018.03.20 19:57:09.429,1.49103,1.49118,1.25,2.62
2018.03.20 19:57:09.932,1.49103,1.49115,1.19,1.00
2018.03.20 19:57:10.451,1.49103,1.49117,1.25,1.75
2018.03.20 19:57:10.982,1.49103,1.49117,1.12,2.62
2018.03.20 19:57:11.187,1.49103,1.49118,1.19,1.00
2018.03.20 19:57:11.726,1.49103,1.49119,4.31,2.62
2018.03.20 19:57:12.168,1.49103,1.49117,1.00,2.62
2018.03.20 19:57:13.095,1.49103,1.49118,1.37,2.62
2018.03.20 19:57:13.650,1.49103,1.49118,1.12,2.62
2018.03.20 19:57:14.110,1.49103,1.49118,1.31,2.62
2018.03.20 19:57:14.786,1.49102,1.49115,1.00,1.00
2018.03.20 19:57:15.098,1.49101,1.49115,1.12,2.62
2018.03.20 19:57:15.691,1.49101,1.49116,1.69,2.62
2018.03.20 19:57:15.796,1.49101,1.49118,2.06,3.56
2018.03.20 19:57:16.327,1.49101,1.49118,2.62,1.75
2018.03.20 19:57:16.877,1.49103,1.49117,2.25,1.00
2018.03.20 19:57:17.503,1.49104,1.49118,2.81,1.12
2018.03.20 19:57:17.937,1.49102,1.49118,3.75,1.50
2018.03.20 19:57:18.457,1.49104,1.49118,2.81,1.12
2018.03.20 19:57:18.637,1.49101,1.49114,1.50,1.00
2018.03.20 19:57:19.184,1.49101,1.49116,3.00,2.62
2018.03.20 19:57:19.705,1.49101,1.49117,3.94,2.62
2018.03.20 19:57:20.263,1.49101,1.49116,1.31,2.62
2018.03.20 19:57:20.420,1.49103,1.49117,1.00,1.00
2018.03.20 19:57:20.472,1.49101,1.49117,1.56,2.62
2018.03.20 19:57:22.097,1.49103,1.49117,1.00,2.62
2018.03.20 19:57:22.409,1.49086,1.49095,1.50,1.12
2018.03.20 19:57:22.563,1.49079,1.49091,1.50,1.12
2018.03.20 19:57:22.802,1.49079,1.49087,1.00,1.00
2018.03.20 19:57:22.906,1.49079,1.4909,1.50,1.00
2018.03.20 19:57:22.959,1.49077,1.4909,1.25,1.00
2018.03.20 19:57:23.065,1.49078,1.4909,1.00,3.94
2018.03.20 19:57:23.221,1.49078,1.4909,1.00,1.00
2018.03.20 19:57:23.427,1.49078,1.49089,1.00,2.62
2018.03.20 19:57:23.479,1.49078,1.49089,1.00,1.00
2018.03.20 19:57:24.026,1.49077,1.49088,1.25,1.00
2018.03.20 19:57:24.084,1.49074,1.49087,1.12,1.00
2018.03.20 19:57:24.347,1.49072,1.49086,1.00,2.81
2018.03.20 19:57:24.400,1.49069,1.49085,1.50,3.19
2018.03.20 19:57:24.554,1.49069,1.49083,1.25,2.62
2018.03.20 19:57:24.835,1.49073,1.49087,1.12,1.37
2018.03.20 19:57:24.890,1.49078,1.49091,1.25,2.62
2018.03.20 19:57:24.942,1.49077,1.49093,1.19,2.62
2018.03.20 19:57:25.149,1.49078,1.49092,1.25,2.62
2018.03.20 19:57:25.585,1.49076,1.4909,1.31,3.56
2018.03.20 19:57:25.738,1.49077,1.4909,1.19,1.00
2018.03.20 19:57:26.245,1.49076,1.49091,1.19,2.62
2018.03.20 19:57:26.434,1.49075,1.49091,2.25,2.62
2018.03.20 19:57:27.249,1.49076,1.49091,1.00,2.62
2018.03.20 19:57:27.634,1.49077,1.49091,1.00,1.00
2018.03.20 19:57:28.183,1.49076,1.49093,1.69,1.19
2018.03.20 19:57:28.711,1.49076,1.49092,1.50,1.25
2018.03.20 19:57:28.818,1.49076,1.4909,1.00,1.00
2018.03.20 19:57:29.055,1.49076,1.49092,1.19,1.69
2018.03.20 19:57:29.300,1.49076,1.49091,1.69,2.25
2018.03.20 19:57:29.353,1.49077,1.49093,1.25,1.19
2018.03.20 19:57:29.963,1.49077,1.49093,1.69,2.81
2018.03.20 19:57:30.073,1.49078,1.49093,1.19,2.62
2018.03.20 19:57:30.379,1.49077,1.49093,1.25,2.81
2018.03.20 19:57:31.842,1.49076,1.49093,2.62,2.81
2018.03.20 19:57:32.358,1.49078,1.49093,2.62,2.81
2018.03.20 19:57:32.680,1.4908,1.49094,1.00,1.69
2018.03.20 19:57:33.567,1.49077,1.49094,3.56,3.56
2018.03.20 19:57:34.093,1.49078,1.49091,1.00,1.00
2018.03.20 19:57:34.561,1.49078,1.49093,2.81,2.62
2018.03.20 19:57:34.943,1.49081,1.49096,2.62,3.37
2018.03.20 19:57:35.859,1.49082,1.49096,1.00,3.19
2018.03.20 19:57:36.369,1.49083,1.49096,1.00,1.12
2018.03.20 19:57:39.008,1.49082,1.49097,1.00,2.19
2018.03.20 19:57:40.197,1.49079,1.49094,2.25,1.56
2018.03.20 19:57:41.088,1.49079,1.49092,1.00,1.25
2018.03.20 19:57:43.963,1.4908,1.49098,1.87,4.31
2018.03.20 19:57:44.015,1.49082,1.49099,2.62,6.00
2018.03.20 19:57:44.545,1.49084,1.49098,1.37,1.25
2018.03.20 19:57:45.094,1.49084,1.49098,1.00,1.25
2018.03.20 19:57:45.636,1.49084,1.49098,1.00,1.37
2018.03.20 19:57:47.851,1.49083,1.49098,1.12,3.00
2018.03.20 19:57:47.903,1.49083,1.49098,1.50,1.12
2018.03.20 19:57:48.140,1.49083,1.49098,1.50,3.00
2018.03.20 19:57:48.243,1.49083,1.49098,1.12,1.00
2018.03.20 19:57:48.750,1.49082,1.49099,3.56,3.75
2018.03.20 19:57:50.472,1.49083,1.49098,1.75,1.00
2018.03.20 19:57:52.683,1.49084,1.49098,1.00,1.12
2018.03.20 19:57:53.003,1.49085,1.49098,2.62,1.12
2018.03.20 19:57:53.471,1.49085,1.49101,1.50,1.00
2018.03.20 19:57:53.972,1.49085,1.491,1.87,2.62
2018.03.20 19:57:54.329,1.49083,1.49097,2.06,1.00
2018.03.20 19:57:54.497,1.49083,1.49098,1.69,2.62
2018.03.20 19:57:55.015,1.49082,1.49097,1.69,2.62
2018.03.20 19:57:55.321,1.49082,1.49097,1.19,3.37
2018.03.20 19:57:56.669,1.49082,1.49097,1.00,3.37
2018.03.20 19:57:57.031,1.49084,1.49095,1.00,2.62
2018.03.20 19:57:57.655,1.49082,1.49096,1.69,2.62
2018.03.20 19:57:58.215,1.49082,1.49096,1.25,2.62
2018.03.20 19:57:59.455,1.49081,1.49092,1.44,2.62
2018.03.20 19:58:00.102,1.4908,1.49093,1.50,1.00
2018.03.20 19:58:00.413,1.49081,1.49096,1.12,1.50
2018.03.20 19:58:00.670,1.4908,1.49095,2.19,2.62
2018.03.20 19:58:00.900,1.49082,1.49095,1.25,1.00
2018.03.20 19:58:00.953,1.49085,1.49098,2.62,1.00
2018.03.20 19:58:01.319,1.49084,1.49097,1.00,1.00
2018.03.20 19:58:01.882,1.49084,1.49098,2.62,2.62
2018.03.20 19:58:02.441,1.49082,1.49097,3.56,2.62
2018.03.20 19:58:02.630,1.49084,1.49099,2.62,4.31
2018.03.20 19:58:03.008,1.49084,1.49097,1.00,2.25
2018.03.20 19:58:03.522,1.49089,1.49101,1.00,1.37
2018.03.20 19:58:03.729,1.49086,1.49103,3.00,1.69
2018.03.20 19:58:03.876,1.49087,1.49102,2.81,2.62
2018.03.20 19:58:03.984,1.49085,1.49099,1.00,1.00
2018.03.20 19:58:04.037,1.49082,1.49094,1.44,1.00
2018.03.20 19:58:04.141,1.49083,1.49096,1.00,1.00
2018.03.20 19:58:04.486,1.49082,1.49094,1.25,2.62
2018.03.20 19:58:05.019,1.49081,1.49095,1.19,2.81
2018.03.20 19:58:05.334,1.49079,1.49089,1.00,2.62
2018.03.20 19:58:05.866,1.49079,1.49089,1.00,1.00
2018.03.20 19:58:06.412,1.49078,1.49092,1.00,3.56
2018.03.20 19:58:07.197,1.49077,1.4909,1.00,2.00
2018.03.20 19:58:07.850,1.49078,1.4909,1.00,2.00
2018.03.20 19:58:08.338,1.49078,1.49089,1.12,1.00
2018.03.20 19:58:08.879,1.49078,1.4909,1.00,2.81
2018.03.20 19:58:09.356,1.49078,1.4909,1.00,1.25
2018.03.20 19:58:09.579,1.49079,1.4909,1.00,2.81
2018.03.20 19:58:10.291,1.49076,1.4909,1.87,2.81
2018.03.20 19:58:10.848,1.49076,1.49088,2.25,2.62
2018.03.20 19:58:12.487,1.49076,1.49088,2.25,1.00
2018.03.20 19:58:13.120,1.49077,1.49091,1.50,2.81
2018.03.20 19:58:13.654,1.49077,1.4909,1.00,1.25
2018.03.20 19:58:14.407,1.49078,1.49091,1.00,1.19
2018.03.20 19:58:15.025,1.49077,1.49092,1.12,3.56
2018.03.20 19:58:15.079,1.49076,1.49092,1.69,3.56
2018.03.20 19:58:15.439,1.49076,1.49089,1.50,1.00
2018.03.20 19:58:15.933,1.49076,1.49087,1.00,1.00
2018.03.20 19:58:16.348,1.49078,1.49089,1.00,1.00
2018.03.20 19:58:16.883,1.49079,1.49089,1.00,1.00
2018.03.20 19:58:17.460,1.49083,1.49093,1.00,2.62
2018.03.20 19:58:17.563,1.49081,1.49094,1.00,2.62
2018.03.20 19:58:17.921,1.49084,1.49097,1.00,1.69
2018.03.20 19:58:18.334,1.49084,1.49097,1.00,2.44
2018.03.20 19:58:18.888,1.49083,1.49097,1.00,2.44
2018.03.20 19:58:20.166,1.49083,1.49096,1.37,1.00
2018.03.20 19:58:20.740,1.49084,1.49101,3.75,1.37
2018.03.20 19:58:20.792,1.49085,1.49101,1.69,4.31
2018.03.20 19:58:20.844,1.49085,1.49099,1.31,2.62
2018.03.20 19:58:21.183,1.49084,1.49099,1.19,3.37
2018.03.20 19:58:21.865,1.49084,1.49099,1.19,1.94
2018.03.20 19:58:22.381,1.49084,1.49099,2.06,3.56
2018.03.20 19:58:24.101,1.49084,1.49097,1.50,2.81
2018.03.20 19:58:24.638,1.49084,1.49098,1.50,3.56
2018.03.20 19:58:24.853,1.49082,1.49098,1.31,3.56
2018.03.20 19:58:25.467,1.49083,1.49095,1.00,1.00
2018.03.20 19:58:25.520,1.49079,1.49093,2.25,2.62
2018.03.20 19:58:26.071,1.49079,1.49092,1.00,2.62
2018.03.20 19:58:26.909,1.49079,1.49094,1.00,3.56
2018.03.20 19:58:27.065,1.49078,1.49092,1.12,3.56
2018.03.20 19:58:27.657,1.49079,1.49093,1.00,2.81
2018.03.20 19:58:27.760,1.49077,1.49092,1.00,1.94
2018.03.20 19:58:27.915,1.49076,1.49089,1.00,2.62
2018.03.20 19:58:30.261,1.49076,1.49091,1.50,2.81
2018.03.20 19:58:31.879,1.49077,1.49091,1.25,1.25
2018.03.20 19:58:31.983,1.49077,1.49093,1.31,1.94
2018.03.20 19:58:33.624,1.49077,1.49091,1.25,2.81
2018.03.20 19:58:34.383,1.49077,1.49091,1.25,2.81
2018.03.20 19:58:34.891,1.49076,1.49091,1.31,2.81
2018.03.20 19:58:35.243,1.49076,1.49093,1.69,3.94
2018.03.20 19:58:35.704,1.49076,1.4909,1.69,2.62
2018.03.20 19:58:37.005,1.49076,1.4909,1.69,1.00
2018.03.20 19:58:37.503,1.49076,1.4909,3.56,1.00
2018.03.20 19:58:37.823,1.4908,1.49095,1.00,3.94
2018.03.20 19:58:37.874,1.4908,1.49092,1.00,2.62
2018.03.20 19:58:38.010,1.49081,1.49094,2.62,1.00
2018.03.20 19:58:38.420,1.49084,1.49096,1.00,1.00
2018.03.20 19:58:38.578,1.49083,1.49098,2.44,1.00
2018.03.20 19:58:38.735,1.49083,1.49098,2.44,2.62
2018.03.20 19:58:39.502,1.49083,1.49097,1.87,1.00
2018.03.20 19:58:40.171,1.49083,1.49098,2.06,2.62
2018.03.20 19:58:41.167,1.49083,1.49099,2.06,2.25
2018.03.20 19:58:41.817,1.49085,1.49099,1.00,1.00
2018.03.20 19:58:44.512,1.49083,1.49097,2.44,2.62
2018.03.20 19:58:45.093,1.49083,1.49099,3.94,2.62
2018.03.20 19:58:45.301,1.49086,1.491,1.00,2.06
2018.03.20 19:58:45.455,1.49083,1.491,1.87,3.94
2018.03.20 19:58:45.766,1.49083,1.49098,1.87,2.62
2018.03.20 19:58:46.270,1.49083,1.49099,3.75,3.00
2018.03.20 19:58:47.188,1.49083,1.49097,2.06,2.62
2018.03.20 19:58:49.126,1.49079,1.49094,2.06,2.62
2018.03.20 19:58:49.643,1.49079,1.49094,2.81,2.62
2018.03.20 19:58:50.215,1.49079,1.49096,2.81,2.81
2018.03.20 19:58:50.321,1.4908,1.49097,2.81,2.06
2018.03.20 19:58:51.788,1.4908,1.49097,1.31,4.31
2018.03.20 19:58:52.948,1.49082,1.49097,1.37,2.44
2018.03.20 19:58:54.458,1.49084,1.49097,1.00,1.31
2018.03.20 19:58:55.000,1.4908,1.49097,3.94,3.56
2018.03.20 19:58:55.153,1.49084,1.49099,4.12,1.56
2018.03.20 19:58:55.628,1.49082,1.49098,3.37,1.25
2018.03.20 19:58:56.260,1.49083,1.49097,1.00,1.00
2018.03.20 19:58:56.312,1.49083,1.49099,2.62,3.37
2018.03.20 19:58:56.711,1.49082,1.49098,2.06,2.81
2018.03.20 19:58:57.229,1.49083,1.49099,1.12,3.94
2018.03.20 19:58:57.747,1.49083,1.49099,3.94,1.19
2018.03.20 19:59:00.338,1.49084,1.49098,1.00,4.69
2018.03.20 19:59:00.492,1.49084,1.49099,2.62,1.69
2018.03.20 19:59:00.544,1.49083,1.49098,3.37,2.81
2018.03.20 19:59:00.595,1.49083,1.49097,1.00,2.62
2018.03.20 19:59:00.737,1.49082,1.49095,1.00,2.62
2018.03.20 19:59:00.790,1.49082,1.49095,2.25,1.00
2018.03.20 19:59:00.842,1.49084,1.49099,2.62,3.56
2018.03.20 19:59:01.149,1.49084,1.49097,1.00,1.00
2018.03.20 19:59:01.201,1.49083,1.49096,1.00,2.62
2018.03.20 19:59:01.252,1.49083,1.49096,1.50,1.00
2018.03.20 19:59:01.354,1.49083,1.49096,1.00,2.62
2018.03.20 19:59:01.661,1.49084,1.49099,2.62,3.56
2018.03.20 19:59:02.181,1.49087,1.49099,1.00,1.00
2018.03.20 19:59:02.504,1.49087,1.49101,2.81,1.50
2018.03.20 19:59:03.093,1.49087,1.49101,2.06,2.62
2018.03.20 19:59:03.145,1.49088,1.49103,2.81,2.62
2018.03.20 19:59:03.198,1.49087,1.49101,3.56,2.62
2018.03.20 19:59:03.423,1.49087,1.49103,2.06,2.62
2018.03.20 19:59:03.817,1.49087,1.49104,2.06,2.62
2018.03.20 19:59:04.127,1.49087,1.49105,3.94,3.37
2018.03.20 19:59:04.895,1.49088,1.49103,1.00,2.62
2018.03.20 19:59:04.948,1.49088,1.49103,1.37,2.62
2018.03.20 19:59:05.000,1.49089,1.49103,1.00,1.00
2018.03.20 19:59:05.052,1.49088,1.49103,3.00,2.62
2018.03.20 19:59:05.439,1.49087,1.49104,5.81,3.37
2018.03.20 19:59:05.491,1.49089,1.49104,2.62,2.62
2018.03.20 19:59:06.061,1.49089,1.49102,2.62,1.50
2018.03.20 19:59:06.444,1.49089,1.49103,4.12,1.00
2018.03.20 19:59:06.951,1.49089,1.49102,3.37,1.12
2018.03.20 19:59:08.492,1.49087,1.49102,5.06,3.37
2018.03.20 19:59:10.198,1.49087,1.49102,3.56,2.62
2018.03.20 19:59:10.609,1.49085,1.491,1.69,2.81
2018.03.20 19:59:11.135,1.49085,1.49099,2.06,1.00
2018.03.20 19:59:11.189,1.49085,1.49101,2.06,2.81
2018.03.20 19:59:11.345,1.49085,1.49097,1.12,1.00
2018.03.20 19:59:11.890,1.49085,1.49098,1.87,1.00
2018.03.20 19:59:12.403,1.49085,1.49099,1.50,2.62
2018.03.20 19:59:13.013,1.49085,1.491,3.37,2.62
2018.03.20 19:59:13.727,1.49085,1.49098,1.12,2.62
2018.03.20 19:59:13.830,1.49083,1.49097,1.50,2.81
2018.03.20 19:59:14.288,1.49083,1.49097,1.12,1.25
2018.03.20 19:59:14.392,1.49083,1.49097,3.75,1.25
2018.03.20 19:59:15.100,1.49083,1.49098,3.37,1.31
2018.03.20 19:59:15.819,1.49084,1.49098,2.62,1.19
2018.03.20 19:59:17.479,1.49084,1.49099,1.37,1.19
2018.03.20 19:59:18.002,1.49083,1.49099,1.50,1.69
2018.03.20 19:59:18.505,1.49083,1.491,1.69,1.69
2018.03.20 19:59:19.347,1.49083,1.491,1.50,1.69
2018.03.20 19:59:19.949,1.49083,1.491,1.37,1.31
2018.03.20 19:59:20.497,1.49083,1.491,1.00,1.31
2018.03.20 19:59:21.110,1.49083,1.491,1.87,2.06
2018.03.20 19:59:21.669,1.49083,1.49098,1.69,1.25
2018.03.20 19:59:21.979,1.49083,1.491,4.31,1.56
2018.03.20 19:59:22.645,1.49083,1.491,1.12,1.69
2018.03.20 19:59:24.509,1.49084,1.491,1.00,1.19
2018.03.20 19:59:24.664,1.49085,1.491,1.75,1.19
2018.03.20 19:59:24.970,1.49086,1.491,3.37,1.19
2018.03.20 19:59:25.202,1.49085,1.491,2.25,1.19
2018.03.20 19:59:25.253,1.49086,1.491,2.62,1.00
2018.03.20 19:59:25.304,1.49085,1.491,1.00,1.00
2018.03.20 19:59:25.356,1.49083,1.491,5.44,1.00
2018.03.20 19:59:25.885,1.49084,1.49101,1.69,1.25
2018.03.20 19:59:26.328,1.49086,1.49101,2.81,1.25
2018.03.20 19:59:26.636,1.49084,1.49101,3.56,1.31
2018.03.20 19:59:26.692,1.49082,1.49097,1.25,1.69
2018.03.20 19:59:27.308,1.49081,1.49097,3.37,1.50
2018.03.20 19:59:27.625,1.49081,1.49094,1.00,1.12
2018.03.20 19:59:27.935,1.4908,1.49093,2.62,2.44
2018.03.20 19:59:27.988,1.49079,1.49093,3.56,1.25
2018.03.20 19:59:28.449,1.49081,1.49092,1.00,1.19
2018.03.20 19:59:28.502,1.49077,1.49092,4.31,1.19
2018.03.20 19:59:28.607,1.49081,1.49092,2.62,1.19
2018.03.20 19:59:28.712,1.49077,1.49094,4.31,1.19
2018.03.20 19:59:29.024,1.49082,1.49094,2.62,1.19
2018.03.20 19:59:29.127,1.4908,1.49094,3.56,1.19
2018.03.20 19:59:29.556,1.4908,1.49094,1.25,1.19
2018.03.20 19:59:29.607,1.49078,1.49094,1.94,1.19
2018.03.20 19:59:29.965,1.49082,1.49096,2.62,1.69
2018.03.20 19:59:30.119,1.49084,1.49098,1.00,2.06
2018.03.20 19:59:30.272,1.49082,1.49096,2.81,1.19
2018.03.20 19:59:30.589,1.49085,1.49096,2.62,1.19
2018.03.20 19:59:30.897,1.49083,1.49093,1.00,1.19
2018.03.20 19:59:31.102,1.49081,1.49097,1.31,1.31
2018.03.20 19:59:31.633,1.49082,1.49098,3.56,1.69
2018.03.20 19:59:32.190,1.49085,1.49099,1.00,1.19
2018.03.20 19:59:32.357,1.49086,1.49102,1.69,1.69
2018.03.20 19:59:32.878,1.49087,1.49104,1.31,2.06
2018.03.20 19:59:33.428,1.49087,1.49104,2.44,2.44
2018.03.20 19:59:33.958,1.49088,1.49104,2.81,2.44
2018.03.20 19:59:34.358,1.49087,1.49104,5.06,2.06
2018.03.20 19:59:34.564,1.4909,1.49104,1.00,2.06
2018.03.20 19:59:35.068,1.49087,1.49104,4.31,1.19
2018.03.20 19:59:35.333,1.49087,1.49102,1.00,1.56
2018.03.20 19:59:36.231,1.49088,1.49103,1.75,1.69
2018.03.20 19:59:38.343,1.49087,1.49103,3.37,1.56
2018.03.20 19:59:38.854,1.49087,1.49102,2.06,1.19
2018.03.20 19:59:39.009,1.49087,1.49103,4.31,1.69
2018.03.20 19:59:39.222,1.49087,1.49103,1.25,1.56
2018.03.20 19:59:39.567,1.49087,1.49101,1.00,2.06
2018.03.20 19:59:40.234,1.49087,1.49102,1.00,2.25
2018.03.20 19:59:40.338,1.49087,1.49102,1.75,1.19
2018.03.20 19:59:40.673,1.49087,1.49101,1.00,2.06
2018.03.20 19:59:43.733,1.49081,1.49096,1.75,1.19
2018.03.20 19:59:43.787,1.49083,1.49094,1.00,1.31
2018.03.20 19:59:43.894,1.49081,1.49094,1.00,1.69
2018.03.20 19:59:44.412,1.49081,1.49096,1.50,1.69
2018.03.20 19:59:44.955,1.49081,1.49096,1.75,1.69
2018.03.20 19:59:45.059,1.49086,1.491,1.75,2.06
2018.03.20 19:59:45.163,1.49089,1.49102,1.00,1.37
2018.03.20 19:59:45.216,1.49089,1.49104,1.50,1.69
2018.03.20 19:59:45.269,1.4909,1.491,1.00,1.00
2018.03.20 19:59:45.527,1.49089,1.49103,1.00,1.00
2018.03.20 19:59:46.035,1.49089,1.49102,1.12,1.00
2018.03.20 19:59:46.573,1.49089,1.49105,1.12,1.87
2018.03.20 19:59:46.626,1.49091,1.49104,1.12,1.00
2018.03.20 19:59:46.679,1.49091,1.49107,1.00,1.31
2018.03.20 19:59:46.731,1.49091,1.49103,1.00,1.00
2018.03.20 19:59:46.950,1.49091,1.49105,1.12,1.00
2018.03.20 19:59:48.185,1.4909,1.49103,1.00,1.19
2018.03.20 19:59:48.497,1.4909,1.49098,1.00,1.00
2018.03.20 19:59:48.714,1.4909,1.491,1.00,1.25
2018.03.20 19:59:48.990,1.49087,1.49101,1.00,1.19
2018.03.20 19:59:49.861,1.49087,1.49102,1.50,1.31
2018.03.20 19:59:50.397,1.49087,1.49102,1.00,1.31
2018.03.20 19:59:50.609,1.49085,1.49098,1.12,1.31
2018.03.20 19:59:50.816,1.49079,1.49096,1.31,2.44
2018.03.20 19:59:50.920,1.49079,1.49096,3.56,2.44
2018.03.20 19:59:51.347,1.49079,1.49093,1.69,1.00
2018.03.20 19:59:52.177,1.49079,1.49095,1.00,2.25
2018.03.20 19:59:52.394,1.49081,1.49095,1.00,1.37
2018.03.20 19:59:52.446,1.49079,1.49095,1.31,1.69
2018.03.20 19:59:52.551,1.49079,1.49092,1.31,1.00
2018.03.20 19:59:53.141,1.49078,1.49095,1.12,2.81
2018.03.20 19:59:53.502,1.49075,1.49091,1.62,1.25
2018.03.20 19:59:53.813,1.49081,1.49096,1.00,2.62
2018.03.20 19:59:54.342,1.49081,1.49094,1.00,1.69
2018.03.20 19:59:54.554,1.49078,1.49091,1.25,1.00
2018.03.20 19:59:54.712,1.49078,1.49094,1.31,2.06
2018.03.20 19:59:55.046,1.49078,1.49092,1.25,1.56
2018.03.20 19:59:55.153,1.49079,1.49095,2.06,1.12
2018.03.20 19:59:55.206,1.49082,1.49098,1.31,4.12
2018.03.20 19:59:55.522,1.49081,1.49094,1.12,1.19
2018.03.20 19:59:55.660,1.49079,1.49093,1.00,1.25
2018.03.20 19:59:56.185,1.49079,1.49095,1.37,3.00
2018.03.20 19:59:56.528,1.49079,1.49092,1.00,1.50
2018.03.20 19:59:57.046,1.49079,1.49091,1.00,1.19
2018.03.20 19:59:57.275,1.49079,1.49094,1.19,1.00
2018.03.20 19:59:57.829,1.49083,1.49096,2.25,2.81
2018.03.20 19:59:57.881,1.49084,1.491,1.69,1.19
2018.03.20 19:59:57.983,1.49084,1.49102,4.69,1.56
2018.03.20 19:59:58.136,1.49084,1.49102,4.69,1.56
2018.03.20 19:59:58.239,1.4909,1.49104,1.00,1.31
2018.03.20 19:59:58.773,1.49088,1.49104,1.94,1.31
2018.03.20 19:59:59.402,1.49089,1.49105,1.19,2.81
2018.03.20 19:59:59.508,1.49088,1.49105,1.31,1.50
2018.03.20 19:59:59.615,1.49092,1.49108,1.31,1.31
2018.03.20 19:59:59.907,1.49093,1.4911,1.31,1.19
