2014.12.04 02:00:00.193,1.88023,1.88043,1.20,1.95
2014.12.04 02:00:00.446,1.88023,1.8804,1.10,1.12
2014.12.04 02:00:02.220,1.88023,1.88043,2.96,1.00
2014.12.04 02:00:02.322,1.88026,1.88043,1.12,1.00
2014.12.04 02:00:02.373,1.88027,1.88048,1.57,1.65
2014.12.04 02:00:03.299,1.88028,1.88048,1.50,1.65
2014.12.04 02:00:03.400,1.88029,1.88048,1.70,1.57
2014.12.04 02:00:03.704,1.88034,1.88053,1.87,1.87
2014.12.04 02:00:04.815,1.88034,1.88052,1.87,1.27
2014.12.04 02:00:04.967,1.88034,1.88051,1.10,1.52
2014.12.04 02:00:05.220,1.88029,1.8805,1.87,1.20
2014.12.04 02:00:07.616,1.88029,1.8805,2.25,1.55
2014.12.04 02:00:07.667,1.8803,1.8805,1.01,1.55
2014.12.04 02:00:07.819,1.88036,1.88053,1.10,1.75
2014.12.04 02:00:07.921,1.88039,1.88054,1.50,1.00
2014.12.04 02:00:08.073,1.88041,1.88058,1.10,1.12
2014.12.04 02:00:08.124,1.88041,1.8806,1.57,1.65
2014.12.04 02:00:08.629,1.88042,1.8806,1.12,1.07
2014.12.04 02:00:08.933,1.88046,1.8806,1.12,1.00
2014.12.04 02:00:09.186,1.88046,1.88062,2.06,1.00
2014.12.04 02:00:11.317,1.88043,1.88062,2.44,1.20
2014.12.04 02:00:11.571,1.88045,1.88062,1.31,1.00
2014.12.04 02:00:11.824,1.88047,1.88067,1.20,1.10
2014.12.04 02:00:17.683,1.88047,1.88069,1.00,1.47
2014.12.04 02:00:17.835,1.88047,1.88067,1.57,1.27
2014.12.04 02:00:18.087,1.88045,1.88065,1.69,2.32
2014.12.04 02:00:18.543,1.88044,1.88063,1.75,1.25
2014.12.04 02:00:18.695,1.88042,1.88062,1.12,1.22
2014.12.04 02:00:19.745,1.88042,1.88061,1.45,1.10
2014.12.04 02:00:20.251,1.88043,1.88064,1.87,1.20
2014.12.04 02:00:21.572,1.88047,1.88065,1.12,1.35
2014.12.04 02:00:21.774,1.88044,1.88065,1.12,2.02
2014.12.04 02:00:24.165,1.88044,1.88064,1.31,1.65
2014.12.04 02:00:25.635,1.88043,1.88062,1.12,1.52
2014.12.04 02:00:32.151,1.88043,1.88061,1.87,1.22
2014.12.04 02:00:32.355,1.88041,1.88059,1.87,3.26
2014.12.04 02:00:32.557,1.88036,1.88054,1.20,1.69
2014.12.04 02:00:32.659,1.88037,1.88051,1.00,2.32
2014.12.04 02:00:32.761,1.88037,1.88055,1.00,1.95
2014.12.04 02:00:32.812,1.88037,1.8805,1.00,1.00
2014.12.04 02:00:32.914,1.88034,1.88055,1.92,1.57
2014.12.04 02:00:32.965,1.88034,1.88054,1.75,1.92
2014.12.04 02:00:33.269,1.88038,1.88051,1.01,1.00
2014.12.04 02:00:33.370,1.88036,1.88053,2.66,1.10
2014.12.04 02:00:33.472,1.88036,1.8805,1.76,1.00
2014.12.04 02:00:33.675,1.88038,1.88056,1.10,2.02
2014.12.04 02:00:33.877,1.88035,1.88055,1.27,1.95
2014.12.04 02:00:33.978,1.88035,1.88053,1.20,1.92
2014.12.04 02:00:34.181,1.88031,1.8805,1.94,1.27
2014.12.04 02:00:34.332,1.8803,1.88048,1.20,1.12
2014.12.04 02:00:35.505,1.8803,1.88046,1.00,1.12
2014.12.04 02:00:36.035,1.88027,1.88046,2.06,1.12
2014.12.04 02:00:37.155,1.88029,1.88049,1.12,1.95
2014.12.04 02:00:40.055,1.88032,1.88048,1.12,1.00
2014.12.04 02:00:40.460,1.88029,1.88048,2.06,1.10
2014.12.04 02:00:40.864,1.88029,1.88045,1.12,1.65
2014.12.04 02:00:40.915,1.88028,1.88045,1.12,2.02
2014.12.04 02:00:41.067,1.88028,1.88042,1.20,1.00
2014.12.04 02:00:41.169,1.88029,1.88046,1.75,1.00
2014.12.04 02:00:41.220,1.88029,1.88043,1.75,1.00
2014.12.04 02:00:42.129,1.88027,1.88043,1.75,1.00
2014.12.04 02:00:42.231,1.88026,1.88044,1.39,1.57
2014.12.04 02:00:42.755,1.88025,1.88043,1.31,2.25
2014.12.04 02:00:44.734,1.88025,1.8804,1.12,1.00
2014.12.04 02:00:44.887,1.88023,1.8804,1.87,1.00
2014.12.04 02:00:45.434,1.88023,1.88039,1.87,1.00
2014.12.04 02:00:46.026,1.88023,1.8804,1.87,1.00
2014.12.04 02:00:46.538,1.88023,1.88039,1.87,1.00
2014.12.04 02:00:47.246,1.88023,1.88042,1.87,1.20
2014.12.04 02:00:47.449,1.88023,1.8804,1.12,1.50
2014.12.04 02:00:47.965,1.88023,1.88039,1.69,1.00
2014.12.04 02:00:48.268,1.88027,1.88039,3.15,1.00
2014.12.04 02:00:48.381,1.88028,1.88043,1.52,1.50
2014.12.04 02:00:48.533,1.88028,1.88045,1.52,1.00
2014.12.04 02:00:49.117,1.88028,1.88046,1.52,1.20
2014.12.04 02:00:55.188,1.88027,1.88043,2.25,1.00
2014.12.04 02:00:55.491,1.88024,1.88041,1.20,1.10
2014.12.04 02:00:55.543,1.88026,1.88041,1.12,1.00
2014.12.04 02:00:55.847,1.88026,1.88038,1.55,1.50
2014.12.04 02:00:55.898,1.88024,1.88038,1.27,1.00
2014.12.04 02:00:56.302,1.88027,1.88038,1.87,1.00
2014.12.04 02:00:56.404,1.88027,1.88039,1.12,1.50
2014.12.04 02:00:56.556,1.88023,1.88037,1.00,1.12
2014.12.04 02:00:56.658,1.88024,1.88039,1.00,1.12
2014.12.04 02:00:56.761,1.88023,1.88039,1.27,1.50
2014.12.04 02:00:56.963,1.88023,1.88041,1.76,1.50
2014.12.04 02:00:57.570,1.88025,1.88044,1.17,3.00
2014.12.04 02:00:58.101,1.88025,1.88044,1.00,2.40
2014.12.04 02:00:58.203,1.88025,1.88039,1.00,1.12
2014.12.04 02:00:58.354,1.88023,1.88038,1.00,1.75
2014.12.04 02:00:58.860,1.88022,1.88038,1.00,1.75
2014.12.04 02:00:59.103,1.88023,1.88038,1.20,1.75
2014.12.04 02:00:59.205,1.88023,1.8804,1.27,1.12
2014.12.04 02:00:59.307,1.88024,1.88042,1.52,1.20
2014.12.04 02:00:59.408,1.88025,1.88042,2.32,1.20
2014.12.04 02:00:59.662,1.88029,1.88044,1.17,1.20
2014.12.04 02:00:59.764,1.88029,1.88048,1.72,1.87
2014.12.04 02:01:00.278,1.8803,1.88047,1.75,1.00
2014.12.04 02:01:00.513,1.8803,1.88047,1.10,1.10
2014.12.04 02:01:01.586,1.8803,1.88047,1.75,1.00
2014.12.04 02:01:02.094,1.88033,1.88048,1.10,1.10
2014.12.04 02:01:02.615,1.88032,1.88047,1.07,1.50
2014.12.04 02:01:02.717,1.88031,1.88047,1.01,1.12
2014.12.04 02:01:03.222,1.8803,1.88047,1.19,3.00
2014.12.04 02:01:03.741,1.8803,1.88047,1.12,1.87
2014.12.04 02:01:04.366,1.8803,1.88047,1.00,2.62
2014.12.04 02:01:08.882,1.8803,1.88047,1.57,1.10
2014.12.04 02:01:10.814,1.8803,1.88047,1.57,1.85
2014.12.04 02:01:10.966,1.88027,1.88044,1.10,2.02
2014.12.04 02:01:11.016,1.88025,1.8804,1.12,1.00
2014.12.04 02:01:12.061,1.88023,1.8804,1.31,1.10
2014.12.04 02:01:12.365,1.88028,1.8804,1.00,1.00
2014.12.04 02:01:12.708,1.8803,1.8804,1.12,1.00
2014.12.04 02:01:12.759,1.8803,1.88046,1.12,1.00
2014.12.04 02:01:12.911,1.8803,1.88046,1.12,1.00
2014.12.04 02:01:13.164,1.8803,1.88046,1.12,1.00
2014.12.04 02:01:15.990,1.88029,1.88046,1.12,1.20
2014.12.04 02:01:16.513,1.88028,1.88046,1.87,1.27
2014.12.04 02:01:18.200,1.88029,1.88046,1.20,1.10
2014.12.04 02:01:18.352,1.88031,1.88048,2.25,1.10
2014.12.04 02:01:18.403,1.88032,1.88048,1.12,1.10
2014.12.04 02:01:19.444,1.88035,1.88053,1.10,1.60
2014.12.04 02:01:19.903,1.88033,1.8805,1.12,1.07
2014.12.04 02:01:20.005,1.88031,1.8805,1.87,1.17
2014.12.04 02:01:20.055,1.88031,1.8805,1.50,1.82
2014.12.04 02:01:20.565,1.88029,1.88044,1.12,1.00
2014.12.04 02:01:20.869,1.88028,1.88044,1.60,1.00
2014.12.04 02:01:23.510,1.88028,1.88041,1.12,1.00
2014.12.04 02:01:24.083,1.88028,1.88044,1.60,1.10
2014.12.04 02:01:27.531,1.88027,1.88044,1.57,1.57
2014.12.04 02:01:27.582,1.88027,1.88044,1.10,1.65
2014.12.04 02:01:27.847,1.88024,1.88039,1.12,1.07
2014.12.04 02:01:27.899,1.88022,1.88039,1.10,1.17
2014.12.04 02:01:28.001,1.88022,1.88039,1.00,1.82
2014.12.04 02:01:28.528,1.88019,1.88037,1.47,1.12
2014.12.04 02:01:29.138,1.88018,1.88034,1.12,1.00
2014.12.04 02:01:29.189,1.88017,1.88034,1.75,1.10
2014.12.04 02:01:29.341,1.88015,1.88034,1.50,1.65
2014.12.04 02:01:29.595,1.88018,1.88035,1.00,2.40
2014.12.04 02:01:30.004,1.88018,1.88035,1.10,1.10
2014.12.04 02:01:30.559,1.88018,1.88035,1.20,1.29
2014.12.04 02:01:31.133,1.88018,1.88035,1.10,1.10
2014.12.04 02:01:33.163,1.88018,1.88035,1.75,1.00
2014.12.04 02:01:36.112,1.88023,1.88035,1.00,1.00
2014.12.04 02:01:36.366,1.88019,1.88035,1.50,1.00
2014.12.04 02:01:36.542,1.88023,1.88035,1.00,1.00
2014.12.04 02:01:36.874,1.88019,1.88035,1.50,1.00
2014.12.04 02:01:38.393,1.88021,1.88038,1.10,1.95
2014.12.04 02:01:42.162,1.88021,1.88038,1.12,1.20
2014.12.04 02:01:42.716,1.88021,1.88038,1.50,1.10
2014.12.04 02:01:46.161,1.88022,1.88038,2.62,1.10
2014.12.04 02:01:49.547,1.88023,1.88038,1.12,1.00
2014.12.04 02:01:49.598,1.88025,1.88042,1.10,1.30
2014.12.04 02:01:49.757,1.88025,1.8804,1.10,1.00
2014.12.04 02:01:50.065,1.88025,1.88038,1.10,1.00
2014.12.04 02:01:52.457,1.88021,1.88038,1.57,1.10
2014.12.04 02:01:55.037,1.88022,1.88038,1.27,1.00
2014.12.04 02:01:55.340,1.88024,1.88043,1.10,1.10
2014.12.04 02:01:56.112,1.88024,1.88043,1.10,1.57
2014.12.04 02:01:56.213,1.88024,1.88043,1.10,2.21
2014.12.04 02:01:56.517,1.88019,1.88036,1.87,1.00
2014.12.04 02:01:56.720,1.88019,1.88036,1.10,1.12
2014.12.04 02:01:57.380,1.88019,1.88036,1.20,1.00
2014.12.04 02:01:57.835,1.88019,1.88036,1.20,1.15
2014.12.04 02:01:58.425,1.88018,1.88033,2.25,1.00
2014.12.04 02:01:59.338,1.88018,1.88033,1.45,1.00
2014.12.04 02:02:09.772,1.88017,1.88033,1.12,1.00
2014.12.04 02:02:11.472,1.88016,1.88033,1.60,1.10
2014.12.04 02:02:12.295,1.88016,1.88033,1.12,1.17
2014.12.04 02:02:14.640,1.88018,1.88033,1.10,1.27
2014.12.04 02:02:16.203,1.88018,1.88033,1.57,1.20
2014.12.04 02:02:16.509,1.88018,1.88033,2.62,1.00
2014.12.04 02:02:16.560,1.88018,1.88037,3.37,2.02
2014.12.04 02:02:18.025,1.88018,1.88037,1.39,2.02
2014.12.04 02:02:18.350,1.88018,1.88034,1.01,1.27
2014.12.04 02:02:18.873,1.88016,1.88033,1.31,1.10
2014.12.04 02:02:22.241,1.88018,1.88036,1.12,1.35
2014.12.04 02:02:23.665,1.88021,1.88036,1.12,1.00
2014.12.04 02:02:27.059,1.88019,1.88036,1.12,1.20
2014.12.04 02:02:27.110,1.88018,1.88036,2.00,1.20
2014.12.04 02:02:27.788,1.88018,1.88036,1.75,1.57
2014.12.04 02:02:27.993,1.88017,1.88036,1.50,1.65
2014.12.04 02:02:28.424,1.88016,1.88032,1.75,1.00
2014.12.04 02:02:29.242,1.88015,1.88032,1.87,1.12
2014.12.04 02:02:29.294,1.88015,1.88032,1.20,1.20
2014.12.04 02:02:31.193,1.88015,1.88032,1.20,1.35
2014.12.04 02:02:31.294,1.88015,1.8803,1.20,1.07
2014.12.04 02:02:31.598,1.88012,1.88025,1.12,1.00
2014.12.04 02:02:31.851,1.88013,1.8803,1.20,1.27
2014.12.04 02:02:36.507,1.88013,1.8803,1.20,1.35
2014.12.04 02:02:37.022,1.88013,1.8803,1.00,2.02
2014.12.04 02:02:37.360,1.8801,1.88027,1.20,1.00
2014.12.04 02:02:37.731,1.8801,1.88027,1.10,1.90
2014.12.04 02:02:38.713,1.8801,1.88026,1.12,1.95
2014.12.04 02:02:39.839,1.8801,1.88027,1.20,2.02
2014.12.04 02:02:46.238,1.8801,1.88027,1.20,2.70
2014.12.04 02:02:46.643,1.88013,1.88027,1.00,2.70
2014.12.04 02:02:47.152,1.8801,1.88022,1.10,1.50
2014.12.04 02:02:47.355,1.88008,1.88021,1.00,1.57
2014.12.04 02:02:47.760,1.88003,1.8802,1.75,1.15
2014.12.04 02:02:48.296,1.88003,1.8802,1.12,1.52
2014.12.04 02:02:48.347,1.88003,1.88021,1.12,2.02
2014.12.04 02:02:48.398,1.88003,1.88021,1.75,1.67
2014.12.04 02:02:48.753,1.88007,1.88024,1.12,2.02
2014.12.04 02:02:49.259,1.88007,1.88024,2.62,1.55
2014.12.04 02:02:49.310,1.88007,1.88024,1.65,1.75
2014.12.04 02:02:49.675,1.88007,1.88024,1.65,1.37
2014.12.04 02:02:50.228,1.88008,1.88024,1.00,1.37
2014.12.04 02:02:55.104,1.88007,1.88024,1.20,1.37
2014.12.04 02:02:55.256,1.88007,1.88024,1.20,1.30
2014.12.04 02:02:55.358,1.88007,1.88024,1.85,1.20
2014.12.04 02:02:55.705,1.88006,1.88023,1.00,1.12
2014.12.04 02:02:57.692,1.88006,1.88023,1.57,1.12
2014.12.04 02:02:57.793,1.8801,1.88025,1.20,1.12
2014.12.04 02:02:57.844,1.8801,1.88027,2.14,1.75
2014.12.04 02:02:57.895,1.88011,1.88027,2.00,1.00
2014.12.04 02:02:58.299,1.88013,1.8803,1.12,1.50
2014.12.04 02:02:58.401,1.88013,1.8803,1.00,1.75
2014.12.04 02:02:58.855,1.88013,1.8803,1.12,1.87
2014.12.04 02:02:59.361,1.88013,1.8803,1.00,2.02
2014.12.04 02:03:05.768,1.88013,1.88028,1.00,1.52
2014.12.04 02:03:05.870,1.88009,1.88026,1.20,1.65
2014.12.04 02:03:06.130,1.88009,1.88026,1.75,1.27
2014.12.04 02:03:07.369,1.88009,1.88026,2.62,1.00
2014.12.04 02:03:07.420,1.88009,1.88026,2.44,1.00
2014.12.04 02:03:07.623,1.88013,1.88026,1.00,1.00
2014.12.04 02:03:07.724,1.88013,1.88028,1.00,1.00
2014.12.04 02:03:07.775,1.88013,1.88028,1.50,1.00
2014.12.04 02:03:16.511,1.88013,1.88028,1.12,1.17
2014.12.04 02:03:16.815,1.88011,1.88028,1.87,1.57
2014.12.04 02:03:17.438,1.88011,1.88024,1.12,1.00
2014.12.04 02:03:19.273,1.88011,1.88027,1.12,1.15
2014.12.04 02:03:20.735,1.88011,1.88027,1.12,1.00
2014.12.04 02:03:21.823,1.8801,1.88027,1.75,1.10
2014.12.04 02:03:22.640,1.88011,1.88027,1.12,1.00
2014.12.04 02:03:28.443,1.88015,1.88027,1.00,1.00
2014.12.04 02:03:30.269,1.88015,1.88029,1.00,1.27
2014.12.04 02:03:30.775,1.88015,1.88029,1.00,1.95
2014.12.04 02:03:34.423,1.88015,1.88026,1.00,1.00
2014.12.04 02:03:36.222,1.88013,1.88026,1.00,1.00
2014.12.04 02:03:36.623,1.88014,1.88026,1.50,1.00
2014.12.04 02:03:36.724,1.88016,1.88029,1.75,1.00
2014.12.04 02:03:36.775,1.8802,1.88029,1.19,1.00
2014.12.04 02:03:36.977,1.88022,1.88033,1.69,1.00
2014.12.04 02:03:37.079,1.88022,1.88039,1.69,1.17
2014.12.04 02:03:37.638,1.88022,1.88039,1.69,1.00
2014.12.04 02:03:38.438,1.88024,1.88039,1.00,1.00
2014.12.04 02:03:39.543,1.88024,1.88039,1.12,1.00
2014.12.04 02:03:40.071,1.88026,1.88039,1.00,1.00
2014.12.04 02:03:42.063,1.88028,1.88039,1.00,1.00
2014.12.04 02:03:45.590,1.88026,1.88039,1.50,1.00
2014.12.04 02:03:46.128,1.88026,1.88039,1.00,1.00
2014.12.04 02:03:46.648,1.88024,1.88039,1.39,1.00
2014.12.04 02:03:47.255,1.88024,1.88039,1.20,1.17
2014.12.04 02:03:47.661,1.88028,1.88039,1.00,1.00
2014.12.04 02:03:47.965,1.88029,1.88044,1.00,1.20
2014.12.04 02:03:48.368,1.8803,1.88044,1.50,1.00
2014.12.04 02:03:48.874,1.88033,1.88044,1.00,1.00
2014.12.04 02:03:51.857,1.88038,1.88044,1.00,1.00
2014.12.04 02:03:53.435,1.88032,1.88044,2.32,1.00
2014.12.04 02:03:57.800,1.88032,1.88044,1.20,1.00
2014.12.04 02:04:01.422,1.88034,1.88044,1.00,1.00
2014.12.04 02:04:01.524,1.88036,1.88044,1.00,1.00
2014.12.04 02:04:01.778,1.88036,1.8805,1.00,1.35
2014.12.04 02:04:03.190,1.88038,1.8805,1.00,1.35
2014.12.04 02:04:04.775,1.88038,1.8805,1.00,1.20
2014.12.04 02:04:05.304,1.88037,1.8805,1.00,1.20
2014.12.04 02:04:07.810,1.88038,1.8805,1.00,1.20
2014.12.04 02:04:08.713,1.88035,1.8805,1.00,1.20
2014.12.04 02:04:09.260,1.88035,1.8805,1.00,1.35
2014.12.04 02:04:13.142,1.88035,1.8805,1.19,1.35
2014.12.04 02:04:13.293,1.88041,1.88053,1.12,1.10
2014.12.04 02:04:13.496,1.8804,1.88058,2.44,1.95
2014.12.04 02:04:13.648,1.88044,1.88058,1.00,1.57
2014.12.04 02:04:14.731,1.88046,1.88059,1.00,1.12
2014.12.04 02:04:14.782,1.88046,1.88061,1.00,2.32
2014.12.04 02:04:15.783,1.88046,1.88061,1.10,1.20
2014.12.04 02:04:20.610,1.88044,1.88062,1.12,1.65
2014.12.04 02:04:20.914,1.88041,1.88055,1.00,1.65
2014.12.04 02:04:21.066,1.88037,1.88052,1.10,1.12
2014.12.04 02:04:21.167,1.88034,1.88051,1.10,1.12
2014.12.04 02:04:21.881,1.88034,1.88051,2.14,1.12
2014.12.04 02:04:21.982,1.88038,1.88051,1.25,1.12
2014.12.04 02:04:22.084,1.88038,1.88053,1.31,1.20
2014.12.04 02:04:22.185,1.88039,1.88054,1.66,1.12
2014.12.04 02:04:22.388,1.88042,1.88057,1.00,1.75
2014.12.04 02:04:22.819,1.88039,1.88057,1.76,1.75
2014.12.04 02:04:23.435,1.88043,1.88056,1.00,1.45
2014.12.04 02:04:23.638,1.88037,1.88053,2.40,1.12
2014.12.04 02:04:23.689,1.88037,1.88051,1.10,1.12
2014.12.04 02:04:23.740,1.88034,1.88051,1.10,1.12
2014.12.04 02:04:23.943,1.88033,1.88048,1.00,1.75
2014.12.04 02:04:24.247,1.88038,1.88052,1.00,1.50
2014.12.04 02:04:24.500,1.88039,1.88055,1.00,1.75
2014.12.04 02:04:25.063,1.8804,1.88055,1.10,1.75
2014.12.04 02:04:26.289,1.88042,1.88055,1.00,1.75
2014.12.04 02:04:29.171,1.8804,1.88055,1.00,1.75
2014.12.04 02:04:29.425,1.8804,1.8805,1.00,1.12
2014.12.04 02:04:29.476,1.88033,1.8805,1.31,1.12
2014.12.04 02:04:29.985,1.88033,1.88049,1.19,1.12
2014.12.04 02:04:30.204,1.88032,1.88049,1.20,1.12
2014.12.04 02:04:30.305,1.88032,1.88046,1.00,1.12
2014.12.04 02:04:30.507,1.88031,1.88048,1.76,1.87
2014.12.04 02:04:30.558,1.88031,1.88048,1.76,1.20
2014.12.04 02:04:31.102,1.88032,1.88049,1.00,1.12
2014.12.04 02:04:31.747,1.88031,1.88049,1.01,1.12
2014.12.04 02:04:34.516,1.88031,1.88049,1.29,1.12
2014.12.04 02:04:35.513,1.88031,1.88049,1.01,1.12
2014.12.04 02:04:40.590,1.88032,1.88049,1.00,1.12
2014.12.04 02:04:40.944,1.88035,1.88049,1.00,1.12
2014.12.04 02:04:40.995,1.88035,1.88051,1.00,1.12
2014.12.04 02:04:41.574,1.88033,1.8805,1.95,1.20
2014.12.04 02:04:43.070,1.88034,1.8805,1.12,1.10
2014.12.04 02:04:44.590,1.88034,1.88051,1.09,1.75
2014.12.04 02:04:44.691,1.88034,1.8805,1.10,1.12
2014.12.04 02:04:45.192,1.88033,1.88049,1.76,1.12
2014.12.04 02:04:50.848,1.88033,1.8805,2.25,2.25
2014.12.04 02:04:52.736,1.88033,1.88049,1.57,1.12
2014.12.04 02:04:54.812,1.88033,1.8805,2.81,1.87
2014.12.04 02:04:55.606,1.88033,1.8805,2.89,1.20
2014.12.04 02:04:56.899,1.88034,1.88051,1.00,4.12
2014.12.04 02:04:57.008,1.88034,1.88049,1.00,1.12
2014.12.04 02:04:57.551,1.88034,1.8805,1.00,1.12
2014.12.04 02:04:58.178,1.88033,1.8805,1.10,1.87
2014.12.04 02:04:58.890,1.88033,1.88049,1.00,1.12
2014.12.04 02:05:01.419,1.88033,1.8805,1.87,2.02
2014.12.04 02:05:02.632,1.88038,1.8805,1.00,1.87
2014.12.04 02:05:02.784,1.88038,1.88053,1.00,1.75
2014.12.04 02:05:02.885,1.88038,1.88054,1.50,1.20
2014.12.04 02:05:03.286,1.8804,1.88054,1.75,1.20
2014.12.04 02:05:03.591,1.88057,1.88064,1.00,1.12
2014.12.04 02:05:03.693,1.88051,1.88068,1.57,1.57
2014.12.04 02:05:04.098,1.88059,1.88072,1.12,1.34
2014.12.04 02:05:04.503,1.88056,1.88072,1.12,1.34
2014.12.04 02:05:07.090,1.88056,1.8807,1.12,2.17
2014.12.04 02:05:07.293,1.88053,1.88061,1.00,1.00
2014.12.04 02:05:07.394,1.88053,1.88065,1.00,1.10
2014.12.04 02:05:07.445,1.88048,1.88065,1.57,1.10
2014.12.04 02:05:07.496,1.8805,1.88069,1.12,1.84
2014.12.04 02:05:07.808,1.88058,1.88069,1.20,1.01
2014.12.04 02:05:10.046,1.88055,1.88072,1.12,2.89
2014.12.04 02:05:10.147,1.88052,1.88071,1.12,1.46
2014.12.04 02:05:11.237,1.88056,1.88068,1.12,1.00
2014.12.04 02:05:11.339,1.88053,1.88068,1.12,1.10
2014.12.04 02:05:14.791,1.88052,1.88069,1.12,1.46
2014.12.04 02:05:15.131,1.88058,1.88067,1.00,1.12
2014.12.04 02:05:16.704,1.88058,1.88069,1.00,1.46
2014.12.04 02:05:18.359,1.88057,1.88069,1.00,1.27
2014.12.04 02:05:22.656,1.88052,1.88069,1.87,1.27
2014.12.04 02:05:33.941,1.88052,1.88065,1.12,1.57
2014.12.04 02:05:34.094,1.88048,1.88064,1.65,1.57
2014.12.04 02:05:34.246,1.88048,1.88061,1.00,1.57
2014.12.04 02:05:34.348,1.88044,1.88061,1.50,1.57
2014.12.04 02:05:34.450,1.88044,1.88058,1.50,1.20
2014.12.04 02:05:34.753,1.88043,1.88054,1.00,1.95
2014.12.04 02:05:35.424,1.88043,1.88057,1.00,1.27
2014.12.04 02:05:35.632,1.88038,1.88057,1.12,1.27
2014.12.04 02:05:39.199,1.88042,1.88057,1.00,1.12
2014.12.04 02:05:39.301,1.88048,1.88056,1.00,1.75
2014.12.04 02:05:39.403,1.88047,1.88058,1.00,1.39
2014.12.04 02:05:39.606,1.88051,1.88058,1.00,1.60
2014.12.04 02:05:40.167,1.88052,1.88058,1.00,1.05
2014.12.04 02:05:40.624,1.88048,1.88058,1.00,1.12
2014.12.04 02:05:41.133,1.88047,1.88058,1.00,1.12
2014.12.04 02:05:41.390,1.88051,1.88058,1.00,1.05
2014.12.04 02:05:41.693,1.88048,1.88062,1.00,4.61
2014.12.04 02:05:42.152,1.88051,1.88059,1.00,1.01
2014.12.04 02:05:42.607,1.88048,1.88061,1.00,1.00
2014.12.04 02:05:43.021,1.88048,1.8806,1.00,1.72
2014.12.04 02:05:45.874,1.88052,1.8806,1.00,1.57
2014.12.04 02:05:45.976,1.88047,1.8806,1.00,1.57
2014.12.04 02:05:46.077,1.88047,1.88061,1.07,1.20
2014.12.04 02:05:46.128,1.88053,1.88061,1.00,1.20
2014.12.04 02:05:46.179,1.88053,1.88064,1.00,1.20
2014.12.04 02:05:46.381,1.88053,1.88064,1.00,1.12
2014.12.04 02:05:46.685,1.88058,1.88063,1.00,1.05
2014.12.04 02:05:46.953,1.88057,1.88065,1.00,1.12
2014.12.04 02:05:47.317,1.88052,1.88065,1.00,1.12
2014.12.04 02:05:48.214,1.88048,1.88065,1.87,1.12
2014.12.04 02:05:48.316,1.88053,1.88065,1.00,1.12
2014.12.04 02:05:48.644,1.88057,1.88065,1.00,1.12
2014.12.04 02:05:51.169,1.88058,1.88065,1.00,1.12
2014.12.04 02:05:51.270,1.88063,1.8807,1.00,1.75
2014.12.04 02:05:51.779,1.88062,1.8807,1.00,1.75
2014.12.04 02:05:52.918,1.88068,1.8808,1.00,1.87
2014.12.04 02:05:53.019,1.88073,1.8808,1.00,1.12
2014.12.04 02:05:53.122,1.88072,1.88082,1.00,1.12
2014.12.04 02:05:53.633,1.88073,1.88082,1.00,1.12
2014.12.04 02:05:53.936,1.88068,1.88082,1.00,1.12
2014.12.04 02:05:54.898,1.88064,1.88082,1.27,1.12
2014.12.04 02:06:04.162,1.88068,1.88082,1.00,1.12
2014.12.04 02:06:04.778,1.88064,1.88082,1.27,1.12
2014.12.04 02:06:08.091,1.88068,1.88082,1.00,1.12
2014.12.04 02:06:08.978,1.88064,1.88082,1.27,1.12
2014.12.04 02:06:10.319,1.88064,1.88082,1.27,1.12
2014.12.04 02:06:10.521,1.88065,1.88084,1.52,1.87
2014.12.04 02:06:11.032,1.88065,1.88083,1.12,1.95
2014.12.04 02:06:11.184,1.88064,1.8808,1.20,1.65
2014.12.04 02:06:11.236,1.88064,1.8808,1.10,2.02
2014.12.04 02:06:11.287,1.8806,1.88077,1.87,1.12
2014.12.04 02:06:13.438,1.88059,1.88076,1.85,1.12
2014.12.04 02:06:13.489,1.88059,1.88075,1.20,1.12
2014.12.04 02:06:14.119,1.88059,1.88074,1.95,1.57
2014.12.04 02:06:14.322,1.88056,1.88072,1.10,1.20
2014.12.04 02:06:14.575,1.88062,1.88071,1.00,1.75
2014.12.04 02:06:14.677,1.88062,1.88072,1.00,1.50
2014.12.04 02:06:14.778,1.88058,1.88074,2.32,1.12
2014.12.04 02:06:14.829,1.88068,1.88074,1.00,1.12
2014.12.04 02:06:14.930,1.88068,1.88077,1.00,1.12
2014.12.04 02:06:15.179,1.88062,1.88077,1.10,1.12
2014.12.04 02:06:15.708,1.88062,1.88075,1.00,1.12
2014.12.04 02:06:16.114,1.88063,1.88073,1.00,1.12
2014.12.04 02:06:16.329,1.88058,1.88073,1.50,1.12
2014.12.04 02:06:17.444,1.88058,1.88072,1.00,1.01
2014.12.04 02:06:17.596,1.88058,1.88068,1.00,1.00
2014.12.04 02:06:17.903,1.88063,1.8807,1.00,1.00
2014.12.04 02:06:17.955,1.88063,1.88077,1.00,1.12
2014.12.04 02:06:18.107,1.88067,1.88079,1.00,1.10
2014.12.04 02:06:18.209,1.88073,1.88081,1.00,1.87
2014.12.04 02:06:18.310,1.88073,1.88081,1.00,1.00
2014.12.04 02:06:18.665,1.88068,1.88081,1.00,1.00
2014.12.04 02:06:19.525,1.88068,1.88084,1.00,1.95
2014.12.04 02:06:19.880,1.88068,1.88085,1.57,1.16
2014.12.04 02:06:20.819,1.88068,1.88084,1.50,1.12
2014.12.04 02:06:20.870,1.88068,1.88084,1.00,1.75
2014.12.04 02:06:21.174,1.88072,1.88084,1.00,1.75
2014.12.04 02:06:21.683,1.88073,1.88085,1.00,1.50
2014.12.04 02:06:21.836,1.88068,1.88085,1.87,1.50
2014.12.04 02:06:22.047,1.88068,1.88083,1.87,1.95
2014.12.04 02:06:22.301,1.88062,1.88076,1.00,2.04
2014.12.04 02:06:22.352,1.8806,1.88075,1.00,1.31
2014.12.04 02:06:22.403,1.88063,1.88074,1.00,1.60
2014.12.04 02:06:22.605,1.88058,1.88071,1.00,1.12
2014.12.04 02:06:22.808,1.88058,1.88068,1.00,1.12
2014.12.04 02:06:24.287,1.88057,1.88071,1.00,1.12
2014.12.04 02:06:24.359,1.88062,1.88071,1.00,1.12
2014.12.04 02:06:25.152,1.88057,1.88071,1.00,1.12
2014.12.04 02:06:25.497,1.88063,1.88071,1.00,1.12
2014.12.04 02:06:25.599,1.88054,1.88069,1.10,1.12
2014.12.04 02:06:26.218,1.88054,1.88067,1.00,1.12
2014.12.04 02:06:26.320,1.8805,1.88067,1.10,1.12
2014.12.04 02:06:26.371,1.88053,1.88067,1.00,1.12
2014.12.04 02:06:26.472,1.8805,1.88067,1.10,1.12
2014.12.04 02:06:27.218,1.8805,1.88069,1.95,1.50
2014.12.04 02:06:29.682,1.8805,1.88069,1.27,1.12
2014.12.04 02:06:30.187,1.8805,1.88067,1.10,2.32
2014.12.04 02:06:30.694,1.88046,1.88064,1.12,1.27
2014.12.04 02:06:31.680,1.88046,1.88064,1.12,1.72
2014.12.04 02:06:31.984,1.88043,1.88058,1.12,1.15
2014.12.04 02:06:32.338,1.88041,1.88056,1.12,1.62
2014.12.04 02:06:32.491,1.88038,1.88056,1.75,2.02
2014.12.04 02:06:33.994,1.88036,1.88055,1.75,2.02
2014.12.04 02:06:34.551,1.88038,1.88056,2.02,1.57
2014.12.04 02:06:34.854,1.88038,1.88056,5.02,1.10
2014.12.04 02:06:34.905,1.88042,1.88058,1.75,1.00
2014.12.04 02:06:35.108,1.88041,1.88058,1.12,1.87
2014.12.04 02:06:37.916,1.88048,1.88058,1.00,1.87
2014.12.04 02:06:38.119,1.88042,1.88058,1.20,1.87
2014.12.04 02:06:40.935,1.88041,1.88058,1.27,1.87
2014.12.04 02:06:41.533,1.88041,1.88057,1.20,1.12
2014.12.04 02:06:42.137,1.88041,1.88057,1.95,1.12
2014.12.04 02:06:42.417,1.88053,1.88064,1.25,1.00
2014.12.04 02:06:42.468,1.88053,1.88064,2.51,1.00
2014.12.04 02:06:42.519,1.88056,1.88068,1.12,1.00
2014.12.04 02:06:42.722,1.88056,1.8807,1.12,1.00
2014.12.04 02:06:42.976,1.88063,1.8807,1.00,1.00
2014.12.04 02:06:43.280,1.88063,1.88074,1.00,1.27
2014.12.04 02:06:43.851,1.88056,1.88074,1.12,1.27
2014.12.04 02:06:44.104,1.88056,1.88074,1.12,1.30
2014.12.04 02:06:47.408,1.88057,1.88074,1.12,1.20
2014.12.04 02:06:47.913,1.88058,1.88074,1.20,1.65
2014.12.04 02:06:47.964,1.88063,1.88074,1.00,2.02
2014.12.04 02:06:48.166,1.88063,1.88074,1.00,1.95
2014.12.04 02:06:48.268,1.88057,1.88074,2.25,1.95
2014.12.04 02:06:48.369,1.88063,1.88074,1.00,1.95
2014.12.04 02:06:48.672,1.88063,1.88072,1.00,1.12
2014.12.04 02:06:50.481,1.88057,1.88072,1.10,1.12
2014.12.04 02:06:50.793,1.88063,1.88072,1.00,1.12
2014.12.04 02:06:51.301,1.88063,1.88074,1.00,1.20
2014.12.04 02:06:52.128,1.88063,1.88075,1.00,4.72
2014.12.04 02:06:53.647,1.88055,1.88072,1.12,1.12
2014.12.04 02:06:56.888,1.88054,1.88072,1.92,1.12
2014.12.04 02:06:57.040,1.8806,1.88075,1.47,1.10
2014.12.04 02:06:57.445,1.88061,1.88078,1.10,1.12
2014.12.04 02:06:57.758,1.88063,1.88075,1.00,1.12
2014.12.04 02:07:00.037,1.8806,1.88075,1.00,1.12
2014.12.04 02:07:00.191,1.88057,1.88075,2.14,1.12
2014.12.04 02:07:00.292,1.88057,1.88075,1.20,1.12
2014.12.04 02:07:04.039,1.88057,1.88076,3.75,2.25
2014.12.04 02:07:05.660,1.88063,1.88076,1.00,2.25
2014.12.04 02:07:05.894,1.88058,1.88076,1.45,2.25
2014.12.04 02:07:07.057,1.88062,1.88076,1.00,2.25
2014.12.04 02:07:08.403,1.88063,1.88076,1.00,2.25
2014.12.04 02:07:08.961,1.88062,1.88076,1.00,2.25
2014.12.04 02:07:09.840,1.88058,1.88076,1.20,2.25
2014.12.04 02:07:10.607,1.88057,1.88075,1.64,1.12
2014.12.04 02:07:10.860,1.88054,1.8807,1.27,1.12
2014.12.04 02:07:11.063,1.88054,1.8807,1.10,1.12
2014.12.04 02:07:11.164,1.88051,1.88069,1.10,1.12
2014.12.04 02:07:11.266,1.88051,1.88067,1.00,1.12
2014.12.04 02:07:11.418,1.88046,1.88063,1.27,1.12
2014.12.04 02:07:12.906,1.88046,1.88063,1.17,1.12
2014.12.04 02:07:13.210,1.88042,1.88058,1.50,1.12
2014.12.04 02:07:14.338,1.88042,1.88059,1.87,1.12
2014.12.04 02:07:14.541,1.88048,1.8806,1.00,1.75
2014.12.04 02:07:14.717,1.88048,1.88062,1.00,1.87
2014.12.04 02:07:15.136,1.88043,1.88062,1.87,1.87
2014.12.04 02:07:17.675,1.88043,1.88059,1.12,1.00
2014.12.04 02:07:18.317,1.88042,1.88059,1.85,1.50
2014.12.04 02:07:18.419,1.8804,1.88059,1.46,1.85
2014.12.04 02:07:18.988,1.88039,1.88058,2.51,1.75
2014.12.04 02:07:20.060,1.8804,1.88058,1.12,1.12
2014.12.04 02:07:20.673,1.88041,1.88059,1.12,1.72
2014.12.04 02:07:21.168,1.88039,1.88059,1.87,2.40
2014.12.04 02:07:21.219,1.88039,1.88057,1.20,1.52
2014.12.04 02:07:21.422,1.88037,1.88054,1.12,1.45
2014.12.04 02:07:22.638,1.88038,1.88057,1.87,1.12
2014.12.04 02:07:27.249,1.88038,1.88054,1.20,1.12
2014.12.04 02:07:27.554,1.88035,1.88052,1.60,1.87
2014.12.04 02:07:34.394,1.88033,1.88052,1.12,1.87
2014.12.04 02:07:34.445,1.88032,1.88051,2.81,1.12
2014.12.04 02:07:35.754,1.88035,1.88051,1.00,1.12
2014.12.04 02:07:37.621,1.88033,1.88051,1.39,1.12
2014.12.04 02:07:41.189,1.88033,1.88052,1.85,1.45
2014.12.04 02:07:41.890,1.88034,1.88053,1.75,2.40
2014.12.04 02:07:43.619,1.88035,1.88053,1.87,1.50
2014.12.04 02:07:43.670,1.88037,1.88053,1.75,1.00
2014.12.04 02:07:44.200,1.88038,1.88056,1.50,1.75
2014.12.04 02:07:54.203,1.88041,1.88056,1.00,1.75
2014.12.04 02:08:25.888,1.88041,1.88058,1.20,1.75
2014.12.04 02:08:28.142,1.88041,1.88057,1.10,1.12
2014.12.04 02:08:28.658,1.88041,1.88054,1.00,1.12
2014.12.04 02:08:29.343,1.88043,1.88054,1.00,1.12
2014.12.04 02:08:30.149,1.88041,1.88054,1.00,1.12
2014.12.04 02:08:31.316,1.88043,1.88054,1.00,1.12
2014.12.04 02:08:32.897,1.88041,1.88054,1.00,1.12
2014.12.04 02:08:36.903,1.88041,1.88057,1.10,1.12
2014.12.04 02:08:48.404,1.88041,1.8806,1.20,5.32
2014.12.04 02:08:48.455,1.88041,1.8806,1.87,2.32
2014.12.04 02:08:55.022,1.88042,1.88057,1.57,1.27
2014.12.04 02:08:55.074,1.88042,1.88056,1.50,1.01
2014.12.04 02:08:55.176,1.88035,1.88052,1.87,1.65
2014.12.04 02:08:55.278,1.88035,1.8805,1.87,1.20
2014.12.04 02:08:55.380,1.88035,1.8805,1.10,2.40
2014.12.04 02:08:55.582,1.88033,1.88049,1.00,1.95
2014.12.04 02:08:56.105,1.8803,1.88049,1.12,2.70
2014.12.04 02:09:02.367,1.88033,1.88048,1.00,1.07
2014.12.04 02:09:02.787,1.88033,1.88047,1.00,1.12
2014.12.04 02:09:09.063,1.88029,1.88047,2.14,1.12
2014.12.04 02:09:11.817,1.88032,1.88047,1.00,1.12
2014.12.04 02:09:12.323,1.88033,1.88047,1.00,1.12
2014.12.04 02:09:14.445,1.88032,1.88047,1.00,1.12
2014.12.04 02:09:25.696,1.88029,1.88047,1.20,1.12
2014.12.04 02:09:27.075,1.88029,1.88049,1.87,1.95
2014.12.04 02:09:27.192,1.88032,1.88049,1.12,1.95
2014.12.04 02:09:35.357,1.8803,1.88048,1.12,1.12
2014.12.04 02:09:35.463,1.8803,1.88047,1.12,1.12
2014.12.04 02:09:40.436,1.88031,1.88047,1.27,1.12
2014.12.04 02:09:41.675,1.88033,1.88047,1.10,1.12
2014.12.04 02:09:42.181,1.8803,1.88047,1.87,1.87
2014.12.04 02:09:42.383,1.8803,1.88046,1.00,1.75
2014.12.04 02:09:47.640,1.88032,1.88046,1.00,1.75
2014.12.04 02:09:48.197,1.88033,1.88046,1.00,1.75
2014.12.04 02:09:51.112,1.88032,1.88046,1.00,1.75
2014.12.04 02:09:55.728,1.88033,1.88046,1.50,1.75
2014.12.04 02:09:55.931,1.8804,1.88054,1.12,1.75
2014.12.04 02:09:56.032,1.8804,1.88056,1.50,1.75
2014.12.04 02:09:56.237,1.88043,1.88056,1.85,1.00
2014.12.04 02:09:56.440,1.88047,1.88059,1.12,1.00
2014.12.04 02:09:57.678,1.88045,1.88059,1.12,1.00
2014.12.04 02:09:58.335,1.88043,1.88059,1.57,1.12
2014.12.04 02:10:09.211,1.88042,1.88059,1.85,1.87
2014.12.04 02:10:09.312,1.88042,1.88059,1.20,2.25
2014.12.04 02:10:09.465,1.88042,1.88057,1.00,1.12
2014.12.04 02:10:09.786,1.88042,1.88055,1.00,1.75
2014.12.04 02:10:11.846,1.88044,1.88056,1.00,1.12
2014.12.04 02:10:27.598,1.88044,1.8806,1.10,1.12
2014.12.04 02:10:28.159,1.88044,1.8806,1.00,1.12
2014.12.04 02:10:30.145,1.88044,1.88061,1.27,2.25
2014.12.04 02:10:31.083,1.88044,1.88061,1.27,2.25
2014.12.04 02:10:39.314,1.88048,1.88061,1.00,1.12
2014.12.04 02:10:43.133,1.88048,1.88063,1.10,1.12
2014.12.04 02:10:43.234,1.88048,1.88061,1.00,1.12
2014.12.04 02:10:45.151,1.8805,1.88061,1.00,1.12
2014.12.04 02:10:52.669,1.88049,1.88061,1.00,1.12
2014.12.04 02:10:59.506,1.88049,1.88063,1.00,1.12
2014.12.04 02:10:59.557,1.88049,1.88064,1.00,1.75
2014.12.04 02:11:06.188,1.88049,1.88063,1.00,2.25
2014.12.04 02:11:06.289,1.88045,1.88063,1.75,3.90
2014.12.04 02:11:06.390,1.88044,1.88063,1.00,4.65
2014.12.04 02:11:06.748,1.88044,1.88059,1.00,1.47
2014.12.04 02:11:10.171,1.88044,1.8806,1.00,1.87
2014.12.04 02:11:15.255,1.88044,1.88063,1.27,1.95
2014.12.04 02:11:15.761,1.88047,1.88063,1.00,1.12
2014.12.04 02:11:16.979,1.88045,1.88061,1.00,1.17
2014.12.04 02:11:17.498,1.88043,1.8806,1.12,1.10
2014.12.04 02:11:45.024,1.88043,1.8806,1.50,1.50
2014.12.04 02:11:46.900,1.88043,1.8806,2.25,1.20
2014.12.04 02:11:47.490,1.88044,1.8806,1.12,1.10
2014.12.04 02:12:00.626,1.88048,1.88062,1.00,1.12
2014.12.04 02:12:00.985,1.88048,1.88062,1.00,1.12
2014.12.04 02:12:01.138,1.88048,1.88063,1.00,2.25
2014.12.04 02:12:03.334,1.88046,1.88063,1.20,2.25
2014.12.04 02:12:07.433,1.88046,1.88063,1.10,1.10
2014.12.04 02:12:09.829,1.88046,1.88063,1.20,1.00
2014.12.04 02:12:16.997,1.88046,1.88062,1.20,1.12
2014.12.04 02:12:19.074,1.88046,1.88063,2.25,1.30
2014.12.04 02:12:22.266,1.88046,1.88061,1.00,1.12
2014.12.04 02:12:25.322,1.88046,1.88063,1.00,1.95
2014.12.04 02:12:25.373,1.88046,1.88063,1.00,1.57
2014.12.04 02:12:27.096,1.88046,1.88063,1.00,1.65
2014.12.04 02:12:29.953,1.88047,1.88063,1.00,1.65
2014.12.04 02:12:30.495,1.88047,1.88063,1.00,1.50
2014.12.04 02:12:30.876,1.88052,1.88063,1.00,1.50
2014.12.04 02:12:32.303,1.88047,1.88063,1.00,1.50
2014.12.04 02:12:44.482,1.88046,1.88063,1.00,1.50
2014.12.04 02:12:53.248,1.88043,1.88064,2.51,1.95
2014.12.04 02:12:59.021,1.88043,1.88059,1.27,1.12
2014.12.04 02:13:00.434,1.88043,1.88059,1.65,1.12
2014.12.04 02:13:00.636,1.88042,1.88059,1.52,1.12
2014.12.04 02:13:00.687,1.88041,1.88057,1.25,1.12
2014.12.04 02:13:00.994,1.88041,1.8806,2.15,1.12
2014.12.04 02:13:17.041,1.88044,1.8806,1.00,1.95
2014.12.04 02:13:17.094,1.88041,1.88058,1.00,3.00
2014.12.04 02:13:17.500,1.88043,1.88056,1.00,1.27
2014.12.04 02:13:17.804,1.88043,1.88053,1.00,1.00
2014.12.04 02:13:18.260,1.88042,1.88057,1.10,1.10
2014.12.04 02:13:18.779,1.88043,1.88059,1.00,1.12
2014.12.04 02:13:21.993,1.88043,1.8806,1.95,1.50
2014.12.04 02:13:22.500,1.88048,1.88061,1.00,1.75
2014.12.04 02:13:26.316,1.88043,1.8806,1.50,1.50
2014.12.04 02:13:26.418,1.88043,1.88058,1.10,1.12
2014.12.04 02:13:27.744,1.88043,1.8806,1.87,1.87
2014.12.04 02:13:31.242,1.88044,1.8806,1.12,1.10
2014.12.04 02:13:32.764,1.88045,1.88063,1.10,1.12
2014.12.04 02:13:39.208,1.88043,1.8806,1.57,1.50
2014.12.04 02:13:48.160,1.88043,1.8806,1.20,1.87
2014.12.04 02:13:48.841,1.88043,1.88058,1.10,1.12
2014.12.04 02:14:14.643,1.88041,1.88056,1.12,1.15
2014.12.04 02:14:14.694,1.88039,1.88056,1.87,1.95
2014.12.04 02:14:14.795,1.88039,1.88055,1.10,1.27
2014.12.04 02:14:14.947,1.88039,1.88051,1.12,1.00
2014.12.04 02:14:16.697,1.88039,1.88053,1.12,1.00
2014.12.04 02:14:17.220,1.88039,1.88052,1.12,1.00
2014.12.04 02:14:17.488,1.88039,1.88055,1.12,1.27
2014.12.04 02:14:18.346,1.8804,1.88055,1.12,1.07
2014.12.04 02:14:19.975,1.8804,1.88055,1.12,1.00
2014.12.04 02:14:20.535,1.88037,1.88055,2.25,1.50
2014.12.04 02:14:21.407,1.88036,1.88054,1.69,1.85
2014.12.04 02:14:21.913,1.88038,1.88054,1.00,2.25
2014.12.04 02:14:25.266,1.88039,1.88054,1.00,1.75
2014.12.04 02:14:25.810,1.88039,1.88056,1.12,1.12
2014.12.04 02:14:28.877,1.88037,1.88054,1.65,1.57
2014.12.04 02:14:29.396,1.88038,1.88054,1.00,1.50
2014.12.04 02:14:32.393,1.88039,1.88054,1.12,1.00
2014.12.04 02:14:38.799,1.88042,1.88054,1.12,1.00
2014.12.04 02:14:39.052,1.88042,1.88057,1.12,1.10
2014.12.04 02:14:49.380,1.88043,1.88062,1.87,1.87
2014.12.04 02:14:50.049,1.88048,1.88062,1.00,1.87
2014.12.04 02:14:51.263,1.88048,1.88059,1.00,1.00
2014.12.04 02:14:54.318,1.88043,1.88059,1.87,1.00
2014.12.04 02:14:54.877,1.88044,1.88061,1.20,1.27
2014.12.04 02:14:58.607,1.88044,1.88059,1.10,1.12
2014.12.04 02:15:00.589,1.88044,1.88061,1.87,1.87
2014.12.04 02:15:03.664,1.88046,1.88061,1.75,1.00
2014.12.04 02:15:03.766,1.88044,1.88061,2.62,1.10
2014.12.04 02:15:03.868,1.88046,1.88061,1.12,1.00
2014.12.04 02:15:05.675,1.88049,1.88065,1.00,1.12
2014.12.04 02:15:06.081,1.88049,1.88066,1.95,1.87
2014.12.04 02:15:07.811,1.88049,1.88066,1.20,1.27
2014.12.04 02:15:14.786,1.88049,1.88064,1.10,1.12
2014.12.04 02:15:15.593,1.88049,1.88064,1.65,1.12
2014.12.04 02:15:16.099,1.88049,1.88064,1.72,1.12
2014.12.04 02:15:16.411,1.88049,1.88066,2.89,1.87
2014.12.04 02:15:16.512,1.88052,1.88069,1.72,1.57
2014.12.04 02:15:16.765,1.88055,1.88071,1.35,1.12
2014.12.04 02:15:17.191,1.88057,1.88074,1.57,1.57
2014.12.04 02:15:21.889,1.88055,1.88073,2.02,1.12
2014.12.04 02:15:21.940,1.88055,1.88073,1.65,1.75
2014.12.04 02:15:22.345,1.88055,1.8807,1.00,1.12
2014.12.04 02:15:22.598,1.88053,1.88068,1.10,1.45
2014.12.04 02:15:23.916,1.88055,1.88071,1.00,2.00
2014.12.04 02:15:24.068,1.88054,1.8807,1.19,1.50
2014.12.04 02:15:24.371,1.88063,1.88074,1.12,1.00
2014.12.04 02:15:24.680,1.88061,1.88077,1.12,1.00
2014.12.04 02:15:31.360,1.88062,1.88077,1.87,1.00
2014.12.04 02:15:34.356,1.88063,1.88077,1.12,1.00
2014.12.04 02:15:34.610,1.88066,1.88083,1.10,2.06
2014.12.04 02:15:35.267,1.88069,1.88083,1.00,1.12
2014.12.04 02:15:35.805,1.88068,1.88083,1.00,1.12
2014.12.04 02:15:39.178,1.88065,1.88083,1.10,1.12
2014.12.04 02:15:45.631,1.88068,1.88083,1.00,1.55
2014.12.04 02:15:46.136,1.88068,1.88083,1.12,1.27
2014.12.04 02:15:48.776,1.88068,1.88083,1.00,1.35
2014.12.04 02:15:50.148,1.88065,1.88083,1.12,1.35
2014.12.04 02:15:51.859,1.88068,1.88083,1.00,1.35
2014.12.04 02:15:52.390,1.88068,1.88083,1.20,1.20
2014.12.04 02:15:55.823,1.88068,1.88086,2.40,1.12
2014.12.04 02:15:56.336,1.88068,1.88086,2.47,1.12
2014.12.04 02:15:59.409,1.88068,1.88086,1.95,1.12
2014.12.04 02:16:00.563,1.88072,1.88086,1.00,1.12
2014.12.04 02:16:01.119,1.88073,1.88086,1.00,1.12
2014.12.04 02:16:01.170,1.88073,1.88089,1.00,2.15
2014.12.04 02:16:01.222,1.88073,1.88085,1.00,1.00
2014.12.04 02:16:01.526,1.88073,1.88086,1.87,1.00
2014.12.04 02:16:01.628,1.88073,1.88086,1.00,1.27
2014.12.04 02:16:02.117,1.88068,1.88086,1.20,1.95
2014.12.04 02:16:02.319,1.88072,1.88083,1.00,1.10
2014.12.04 02:16:03.079,1.88068,1.88083,1.10,1.10
2014.12.04 02:16:04.617,1.88068,1.88086,1.12,1.39
2014.12.04 02:16:05.147,1.88068,1.88084,1.87,1.20
2014.12.04 02:16:05.894,1.8807,1.88084,1.12,1.00
2014.12.04 02:16:05.947,1.8807,1.88086,1.12,1.10
2014.12.04 02:16:06.252,1.88068,1.88085,1.87,1.20
2014.12.04 02:16:06.354,1.88071,1.88085,1.12,1.00
2014.12.04 02:16:06.780,1.88068,1.88085,1.50,1.10
2014.12.04 02:16:07.413,1.88072,1.88085,1.00,1.10
2014.12.04 02:16:09.316,1.88072,1.88085,1.20,1.00
2014.12.04 02:16:09.901,1.88072,1.88087,1.00,1.92
2014.12.04 02:16:14.563,1.88068,1.88087,1.85,1.75
2014.12.04 02:16:18.318,1.88067,1.88086,2.70,1.12
2014.12.04 02:16:18.841,1.88067,1.88084,2.62,1.12
2014.12.04 02:16:24.997,1.88073,1.88084,1.00,1.12
2014.12.04 02:16:27.878,1.88067,1.88084,1.87,1.12
2014.12.04 02:16:28.339,1.88067,1.88082,1.10,1.20
2014.12.04 02:16:28.642,1.88059,1.88073,1.00,1.87
2014.12.04 02:16:28.946,1.88053,1.88067,1.00,1.20
2014.12.04 02:16:29.538,1.88053,1.88067,1.00,1.57
2014.12.04 02:16:30.074,1.88053,1.88066,1.00,1.12
2014.12.04 02:16:30.619,1.88052,1.88066,1.00,1.12
2014.12.04 02:16:39.688,1.88052,1.88067,1.20,1.20
2014.12.04 02:16:53.001,1.88052,1.88067,1.00,1.87
2014.12.04 02:16:58.608,1.88052,1.88067,1.65,1.00
2014.12.04 02:16:58.810,1.88053,1.88071,1.87,1.57
2014.12.04 02:17:03.907,1.88053,1.88066,1.10,1.10
2014.12.04 02:17:04.468,1.88057,1.88066,1.00,1.10
2014.12.04 02:17:04.670,1.88057,1.88069,1.00,1.20
2014.12.04 02:17:04.721,1.88053,1.88069,1.52,1.20
2014.12.04 02:17:07.411,1.88052,1.88069,1.57,1.95
2014.12.04 02:17:07.664,1.88052,1.88065,1.10,1.00
2014.12.04 02:17:07.968,1.88057,1.88065,1.00,1.00
2014.12.04 02:17:08.120,1.88058,1.88069,1.57,1.00
2014.12.04 02:17:08.293,1.88059,1.88076,1.12,1.87
2014.12.04 02:17:08.394,1.8806,1.88076,1.12,1.20
2014.12.04 02:17:12.478,1.88061,1.88076,1.12,1.00
2014.12.04 02:17:18.673,1.88062,1.88076,2.21,1.00
2014.12.04 02:17:18.775,1.88063,1.88079,1.12,1.00
2014.12.04 02:17:18.826,1.88064,1.88079,1.50,1.00
2014.12.04 02:17:19.131,1.88063,1.88072,1.20,1.00
2014.12.04 02:17:19.284,1.88055,1.88069,1.12,1.25
2014.12.04 02:17:19.385,1.88055,1.88063,1.00,1.10
2014.12.04 02:17:19.488,1.8805,1.88063,1.20,1.76
2014.12.04 02:17:19.589,1.88048,1.88061,1.20,1.00
2014.12.04 02:17:26.472,1.88047,1.88058,1.12,1.00
2014.12.04 02:17:27.425,1.88049,1.88058,1.75,1.00
2014.12.04 02:17:27.476,1.88049,1.88062,1.75,1.00
2014.12.04 02:17:27.577,1.88048,1.88062,1.50,1.00
2014.12.04 02:17:27.679,1.88048,1.88059,1.50,1.00
2014.12.04 02:17:27.889,1.88046,1.88059,1.45,1.00
2014.12.04 02:17:29.270,1.88044,1.88059,1.75,1.10
2014.12.04 02:17:29.625,1.88042,1.88059,1.87,1.27
2014.12.04 02:17:32.475,1.88042,1.88062,1.12,2.27
2014.12.04 02:17:33.708,1.88044,1.88063,1.75,2.59
2014.12.04 02:17:38.067,1.88045,1.88063,1.12,2.02
2014.12.04 02:17:38.620,1.88046,1.88063,1.12,1.12
2014.12.04 02:17:44.693,1.88047,1.88065,2.81,1.00
2014.12.04 02:17:44.895,1.88049,1.88068,1.85,1.57
2014.12.04 02:17:45.199,1.88049,1.88065,1.12,1.30
2014.12.04 02:17:50.654,1.88051,1.88065,1.12,1.00
2014.12.04 02:17:52.397,1.88049,1.88065,1.75,1.00
2014.12.04 02:17:52.700,1.88047,1.88064,1.87,1.12
2014.12.04 02:17:52.852,1.88047,1.88064,1.00,1.85
2014.12.04 02:17:53.207,1.88047,1.88063,1.50,1.12
2014.12.04 02:17:53.776,1.88048,1.88063,1.12,1.10
2014.12.04 02:17:56.364,1.88049,1.88063,1.12,1.00
2014.12.04 02:17:57.938,1.88053,1.88063,1.12,1.00
2014.12.04 02:17:58.242,1.88064,1.88069,1.05,1.00
2014.12.04 02:17:58.344,1.88064,1.88076,1.12,1.00
2014.12.04 02:17:59.133,1.88064,1.88079,1.12,1.00
2014.12.04 02:17:59.386,1.88067,1.88079,1.12,1.00
2014.12.04 02:18:00.047,1.88067,1.8808,1.00,1.00
2014.12.04 02:18:01.373,1.88064,1.8808,1.75,1.00
2014.12.04 02:18:03.309,1.88065,1.8808,1.50,1.00
2014.12.04 02:18:03.511,1.88068,1.88083,1.55,1.00
2014.12.04 02:18:03.562,1.88069,1.88083,4.20,1.00
2014.12.04 02:18:03.664,1.88072,1.88086,1.75,1.12
2014.12.04 02:18:03.815,1.8807,1.88086,1.12,1.65
2014.12.04 02:18:04.069,1.88069,1.88084,1.07,1.20
2014.12.04 02:18:04.620,1.88067,1.88084,1.57,2.25
2014.12.04 02:18:04.671,1.88067,1.88084,1.20,2.25
2014.12.04 02:18:04.823,1.88067,1.88082,1.00,1.12
2014.12.04 02:18:05.147,1.88067,1.8808,1.00,1.12
2014.12.04 02:18:07.029,1.88067,1.88083,1.00,1.75
2014.12.04 02:18:07.408,1.88072,1.88083,1.00,1.75
2014.12.04 02:18:07.813,1.88073,1.88084,1.00,1.00
2014.12.04 02:18:08.015,1.88073,1.88089,1.10,1.27
2014.12.04 02:18:08.369,1.88071,1.88089,1.12,1.95
2014.12.04 02:18:08.920,1.8807,1.88088,1.57,1.27
2014.12.04 02:18:10.261,1.88067,1.88086,2.62,1.20
2014.12.04 02:18:10.312,1.88067,1.88085,2.25,1.75
2014.12.04 02:18:16.098,1.88067,1.88084,1.87,1.12
2014.12.04 02:18:16.884,1.88067,1.88083,1.50,1.12
2014.12.04 02:18:21.633,1.88067,1.88085,1.50,1.75
2014.12.04 02:18:23.236,1.88064,1.88083,1.20,1.20
2014.12.04 02:18:23.287,1.88064,1.88083,1.45,1.87
2014.12.04 02:18:35.986,1.88068,1.88083,1.00,2.02
2014.12.04 02:18:38.378,1.88064,1.88083,1.12,2.02
2014.12.04 02:18:39.171,1.88068,1.88083,1.00,1.87
2014.12.04 02:18:39.273,1.88068,1.88083,1.10,1.00
2014.12.04 02:18:39.425,1.88068,1.88085,1.85,1.12
2014.12.04 02:18:39.729,1.88068,1.88083,1.87,1.52
2014.12.04 02:18:40.287,1.88068,1.88082,1.50,1.95
2014.12.04 02:18:40.338,1.88068,1.88082,1.00,2.32
2014.12.04 02:18:42.769,1.88068,1.88082,1.00,1.00
2014.12.04 02:18:42.820,1.88068,1.88084,1.12,1.25
2014.12.04 02:18:43.326,1.88067,1.88086,1.57,3.45
2014.12.04 02:18:43.629,1.88067,1.88082,1.87,1.50
2014.12.04 02:18:45.946,1.88072,1.88082,1.00,1.50
2014.12.04 02:18:46.300,1.88073,1.88086,1.00,1.72
2014.12.04 02:18:46.351,1.88073,1.88086,1.00,2.40
2014.12.04 02:18:46.916,1.88072,1.88082,1.00,1.20
2014.12.04 02:18:47.171,1.88068,1.88082,1.12,1.20
2014.12.04 02:18:47.886,1.88068,1.88079,1.12,1.00
2014.12.04 02:18:53.426,1.88072,1.88079,1.00,1.00
2014.12.04 02:18:53.658,1.88068,1.88079,1.87,1.00
2014.12.04 02:18:53.709,1.88068,1.88082,2.25,1.12
2014.12.04 02:18:54.215,1.88073,1.88082,1.00,1.00
2014.12.04 02:19:00.470,1.88078,1.88082,1.00,1.00
2014.12.04 02:19:00.789,1.88073,1.88083,1.12,1.00
2014.12.04 02:19:00.891,1.88069,1.88082,1.12,1.10
2014.12.04 02:19:00.942,1.88073,1.88082,1.00,1.10
2014.12.04 02:19:01.043,1.88069,1.88082,1.12,1.10
2014.12.04 02:19:01.346,1.88068,1.88082,1.20,1.50
2014.12.04 02:19:04.131,1.88066,1.8808,1.75,1.00
2014.12.04 02:19:07.499,1.88068,1.8808,1.00,1.57
2014.12.04 02:19:08.101,1.88064,1.8808,1.12,1.57
2014.12.04 02:19:08.983,1.88064,1.88077,1.12,1.00
2014.12.04 02:19:14.706,1.88064,1.88079,1.12,1.20
2014.12.04 02:19:20.994,1.88064,1.88079,1.12,1.95
2014.12.04 02:19:21.045,1.88062,1.88076,1.10,1.20
2014.12.04 02:19:21.809,1.88063,1.88075,1.00,1.57
2014.12.04 02:19:22.794,1.88063,1.88073,1.00,1.12
2014.12.04 02:19:23.587,1.88058,1.88073,2.70,1.12
2014.12.04 02:19:27.860,1.88063,1.88073,1.00,1.12
2014.12.04 02:19:28.012,1.88059,1.88073,1.20,1.12
2014.12.04 02:19:35.246,1.88063,1.88073,1.00,1.12
2014.12.04 02:19:35.905,1.88059,1.88073,1.20,1.12
2014.12.04 02:19:36.210,1.8806,1.88075,1.45,1.12
2014.12.04 02:19:42.573,1.88059,1.88074,1.57,1.75
2014.12.04 02:19:42.877,1.88076,1.88084,1.00,3.82
2014.12.04 02:19:42.928,1.88077,1.88084,1.00,1.12
2014.12.04 02:19:43.030,1.88077,1.88086,1.00,1.47
2014.12.04 02:19:43.081,1.88077,1.88082,1.00,1.00
2014.12.04 02:19:43.182,1.88072,1.88085,1.40,1.87
2014.12.04 02:19:43.334,1.88072,1.88085,1.46,1.50
2014.12.04 02:19:43.587,1.88073,1.88089,1.16,1.12
2014.12.04 02:19:44.635,1.88077,1.88089,1.00,1.12
2014.12.04 02:19:44.989,1.88078,1.88092,1.00,1.75
2014.12.04 02:19:45.195,1.88078,1.88092,1.50,1.12
2014.12.04 02:19:45.730,1.88077,1.88094,1.87,1.87
2014.12.04 02:19:47.096,1.88077,1.88091,1.10,1.12
2014.12.04 02:19:48.166,1.88077,1.88091,1.17,1.12
2014.12.04 02:19:50.577,1.88077,1.88091,1.10,1.12
2014.12.04 02:19:50.880,1.88077,1.88086,1.05,3.75
2014.12.04 02:19:51.083,1.88073,1.88081,1.00,1.60
2014.12.04 02:19:51.134,1.88067,1.88081,1.20,1.60
2014.12.04 02:19:51.236,1.88064,1.88081,1.57,2.06
2014.12.04 02:19:51.509,1.88064,1.8808,1.00,1.12
2014.12.04 02:19:59.498,1.88061,1.88078,2.21,1.10
2014.12.04 02:20:06.394,1.88061,1.88075,1.12,1.00
2014.12.04 02:20:21.542,1.88064,1.88075,1.75,1.00
2014.12.04 02:20:21.759,1.88061,1.88075,1.12,1.00
2014.12.04 02:20:35.367,1.88063,1.88081,1.20,1.12
2014.12.04 02:20:37.459,1.88065,1.88082,1.75,2.25
2014.12.04 02:20:44.938,1.88063,1.88079,1.27,1.12
2014.12.04 02:20:45.443,1.88061,1.88078,1.25,1.87
2014.12.04 02:20:45.792,1.88061,1.88078,1.30,1.87
2014.12.04 02:20:55.079,1.88061,1.88078,1.10,1.57
2014.12.04 02:20:55.827,1.88061,1.88078,1.12,1.50
2014.12.04 02:20:56.030,1.88066,1.88078,1.37,1.00
2014.12.04 02:20:56.333,1.88071,1.88081,1.56,1.00
2014.12.04 02:20:56.487,1.88073,1.88092,1.20,1.20
2014.12.04 02:20:58.739,1.88073,1.88089,1.12,1.20
2014.12.04 02:20:58.891,1.88071,1.88087,1.50,1.75
2014.12.04 02:20:58.993,1.88067,1.88084,4.87,1.12
2014.12.04 02:20:59.044,1.88067,1.88084,1.50,1.50
2014.12.04 02:20:59.196,1.88066,1.8808,1.75,1.00
2014.12.04 02:20:59.348,1.88064,1.8808,1.75,1.50
2014.12.04 02:21:00.281,1.88063,1.8808,1.87,1.87
2014.12.04 02:21:00.828,1.88066,1.88078,1.00,1.12
2014.12.04 02:21:03.836,1.88063,1.88078,1.12,1.12
2014.12.04 02:21:08.671,1.88064,1.8808,1.12,1.12
2014.12.04 02:21:08.722,1.88065,1.8808,1.12,1.12
2014.12.04 02:21:10.626,1.88066,1.88081,1.12,1.85
2014.12.04 02:21:10.677,1.88067,1.88082,1.12,1.12
2014.12.04 02:21:11.187,1.8807,1.88082,1.00,1.12
2014.12.04 02:21:16.571,1.88072,1.88084,1.00,1.12
2014.12.04 02:21:16.622,1.88072,1.88084,1.00,1.12
2014.12.04 02:21:17.131,1.8807,1.88084,1.20,1.12
2014.12.04 02:21:17.436,1.88072,1.88087,1.50,1.00
2014.12.04 02:21:17.639,1.88074,1.88091,1.87,1.87
2014.12.04 02:21:21.095,1.88074,1.8809,1.57,1.12
2014.12.04 02:21:21.200,1.88074,1.88089,1.20,1.75
2014.12.04 02:21:28.575,1.88074,1.88088,1.10,1.20
2014.12.04 02:21:28.829,1.8807,1.88084,1.75,1.00
2014.12.04 02:21:29.850,1.88068,1.88084,1.12,1.20
2014.12.04 02:21:32.640,1.8807,1.88084,1.01,1.12
2014.12.04 02:21:32.844,1.88074,1.8809,1.12,1.20
2014.12.04 02:21:32.946,1.88076,1.8809,3.82,1.12
2014.12.04 02:21:33.300,1.88076,1.88093,4.87,1.12
2014.12.04 02:21:33.401,1.88076,1.88093,1.87,1.87
2014.12.04 02:21:34.263,1.88078,1.88093,1.12,1.85
2014.12.04 02:21:34.396,1.88078,1.88093,1.75,1.20
2014.12.04 02:21:35.032,1.88079,1.88093,1.10,1.20
2014.12.04 02:21:35.184,1.88076,1.88093,1.75,2.62
2014.12.04 02:21:35.236,1.88076,1.88091,1.00,1.75
2014.12.04 02:21:35.389,1.88073,1.8809,1.69,1.50
2014.12.04 02:21:35.491,1.88077,1.88091,1.00,1.75
2014.12.04 02:21:35.795,1.88087,1.88096,1.00,1.10
2014.12.04 02:21:36.048,1.88092,1.88107,1.75,1.20
2014.12.04 02:21:36.200,1.88092,1.88105,1.50,1.00
2014.12.04 02:21:36.504,1.88086,1.88103,4.50,2.44
2014.12.04 02:21:36.605,1.88086,1.88103,1.00,2.81
2014.12.04 02:21:37.138,1.88085,1.88099,1.00,1.12
2014.12.04 02:21:37.479,1.88081,1.88097,1.20,1.01
2014.12.04 02:21:37.783,1.88079,1.88096,1.10,1.12
2014.12.04 02:21:38.036,1.8808,1.88096,1.37,1.12
2014.12.04 02:21:38.138,1.8808,1.88097,2.25,1.75
2014.12.04 02:21:38.340,1.88082,1.88099,1.87,1.87
2014.12.04 02:21:38.808,1.88083,1.88101,2.06,1.12
2014.12.04 02:21:38.910,1.88086,1.88101,1.12,1.12
2014.12.04 02:21:40.209,1.88086,1.88097,1.12,1.00
2014.12.04 02:21:40.562,1.88086,1.88101,1.12,1.12
2014.12.04 02:21:41.002,1.88086,1.88097,1.12,1.00
2014.12.04 02:21:41.508,1.88087,1.88097,1.12,1.00
2014.12.04 02:21:42.070,1.88086,1.88097,1.12,1.00
2014.12.04 02:21:42.424,1.88086,1.88102,1.12,1.20
2014.12.04 02:21:42.526,1.88086,1.88097,1.50,1.00
2014.12.04 02:21:42.627,1.88084,1.88102,1.45,1.50
2014.12.04 02:21:43.082,1.88085,1.88102,1.87,1.85
2014.12.04 02:21:43.183,1.88088,1.88102,1.12,1.20
2014.12.04 02:21:44.071,1.88088,1.88106,1.00,2.81
2014.12.04 02:21:44.273,1.88085,1.88105,2.25,1.50
2014.12.04 02:21:44.779,1.88086,1.88101,1.12,1.12
2014.12.04 02:21:45.678,1.88086,1.88099,1.12,1.47
2014.12.04 02:21:45.830,1.8808,1.88096,1.75,1.75
2014.12.04 02:21:45.931,1.88078,1.88095,1.87,1.12
2014.12.04 02:21:46.134,1.88084,1.88098,1.12,1.00
2014.12.04 02:21:46.235,1.88084,1.88101,1.00,1.60
2014.12.04 02:21:46.286,1.88084,1.881,1.00,1.12
2014.12.04 02:21:46.488,1.8808,1.88098,1.87,1.12
2014.12.04 02:21:48.873,1.88085,1.88098,1.10,1.12
2014.12.04 02:21:49.179,1.88091,1.88101,1.10,4.12
2014.12.04 02:21:49.230,1.88091,1.88102,1.17,1.12
2014.12.04 02:21:49.331,1.88091,1.88106,1.46,1.75
2014.12.04 02:21:49.382,1.88094,1.88107,1.00,3.75
2014.12.04 02:21:49.433,1.88094,1.88109,1.00,1.12
2014.12.04 02:21:49.586,1.88093,1.88111,1.01,1.20
2014.12.04 02:21:49.738,1.88097,1.88113,1.00,1.75
2014.12.04 02:21:50.044,1.88097,1.88114,1.85,1.12
2014.12.04 02:21:50.095,1.88099,1.88114,1.12,1.12
2014.12.04 02:21:50.399,1.88103,1.88114,1.00,1.12
2014.12.04 02:21:50.551,1.88104,1.88118,1.55,1.12
2014.12.04 02:21:50.804,1.88105,1.88121,1.87,1.12
2014.12.04 02:21:51.626,1.88105,1.88122,1.00,1.75
2014.12.04 02:21:52.848,1.88105,1.88122,1.07,1.75
2014.12.04 02:21:53.356,1.88106,1.88121,1.12,1.12
2014.12.04 02:21:55.396,1.88105,1.8812,1.85,1.12
2014.12.04 02:21:55.497,1.88105,1.88119,1.20,1.12
2014.12.04 02:21:55.952,1.88104,1.88117,1.10,1.12
2014.12.04 02:21:56.277,1.88097,1.88114,2.44,1.75
2014.12.04 02:21:57.307,1.88097,1.88111,2.25,1.19
2014.12.04 02:21:57.510,1.88089,1.88105,1.10,2.06
2014.12.04 02:21:57.611,1.88084,1.88103,1.87,1.01
2014.12.04 02:21:57.915,1.88085,1.88103,1.12,1.31
2014.12.04 02:21:58.016,1.88085,1.881,1.12,1.12
2014.12.04 02:21:58.238,1.88085,1.88101,1.12,1.12
2014.12.04 02:21:58.340,1.88085,1.881,1.12,1.12
2014.12.04 02:21:58.846,1.88085,1.88102,1.12,1.12
2014.12.04 02:21:59.050,1.88087,1.88105,1.50,3.75
2014.12.04 02:21:59.153,1.88089,1.88107,1.12,1.87
2014.12.04 02:21:59.558,1.88085,1.88104,4.12,1.12
2014.12.04 02:21:59.660,1.88084,1.88101,2.25,1.75
2014.12.04 02:22:00.547,1.88086,1.88106,2.14,1.50
2014.12.04 02:22:00.800,1.88086,1.88104,2.25,1.12
2014.12.04 02:22:01.003,1.88087,1.88105,1.12,1.12
2014.12.04 02:22:01.890,1.88087,1.88102,1.12,1.00
2014.12.04 02:22:01.991,1.88086,1.88102,1.87,1.50
2014.12.04 02:22:02.210,1.88088,1.88106,1.75,1.87
2014.12.04 02:22:02.312,1.88089,1.88107,1.50,2.32
2014.12.04 02:22:02.615,1.88095,1.88112,1.94,1.95
2014.12.04 02:22:02.920,1.881,1.88115,1.12,1.50
2014.12.04 02:22:03.433,1.881,1.88115,1.12,1.12
2014.12.04 02:22:05.323,1.88101,1.88117,1.12,1.87
2014.12.04 02:22:05.424,1.88102,1.88117,1.12,1.87
2014.12.04 02:22:06.746,1.88103,1.88117,1.12,1.50
2014.12.04 02:22:06.848,1.88104,1.88117,1.12,1.00
2014.12.04 02:22:06.949,1.88105,1.88122,1.12,1.12
2014.12.04 02:22:08.497,1.88107,1.8812,1.12,1.12
2014.12.04 02:22:08.751,1.88104,1.8812,1.50,1.75
2014.12.04 02:22:09.929,1.88101,1.88119,1.87,1.12
2014.12.04 02:22:10.031,1.88101,1.88118,1.87,1.12
2014.12.04 02:22:12.283,1.88101,1.88117,1.50,1.12
2014.12.04 02:22:12.638,1.88101,1.88115,1.10,1.12
2014.12.04 02:22:13.554,1.88098,1.88113,1.12,1.12
2014.12.04 02:22:14.580,1.88099,1.88115,1.12,1.12
2014.12.04 02:22:14.631,1.88099,1.88116,1.75,1.75
2014.12.04 02:22:17.890,1.881,1.88117,1.12,1.12
2014.12.04 02:22:18.433,1.88102,1.88117,1.12,1.12
2014.12.04 02:22:19.277,1.88102,1.88119,1.01,3.82
2014.12.04 02:22:19.379,1.88104,1.8812,1.12,1.12
2014.12.04 02:22:19.531,1.88102,1.88119,2.06,1.12
2014.12.04 02:22:19.582,1.88102,1.88117,2.06,1.12
2014.12.04 02:22:20.803,1.88102,1.88119,1.20,1.12
2014.12.04 02:22:21.810,1.88102,1.88118,1.12,1.12
2014.12.04 02:22:22.315,1.88102,1.88117,1.10,1.12
2014.12.04 02:22:24.227,1.88102,1.8812,1.00,1.12
2014.12.04 02:22:24.631,1.88102,1.8812,1.10,4.50
2014.12.04 02:22:24.885,1.88097,1.88112,1.09,1.75
2014.12.04 02:22:25.441,1.88096,1.88115,1.75,2.25
2014.12.04 02:22:29.178,1.88096,1.88114,1.75,1.31
2014.12.04 02:22:29.229,1.88096,1.88109,1.75,1.00
2014.12.04 02:22:29.331,1.88094,1.88109,2.25,1.20
2014.12.04 02:22:29.382,1.88094,1.88109,1.50,1.85
2014.12.04 02:22:29.433,1.88093,1.88108,1.10,1.12
2014.12.04 02:22:29.484,1.88091,1.88108,1.12,1.12
2014.12.04 02:22:30.013,1.88091,1.88106,1.00,1.75
2014.12.04 02:22:30.317,1.88088,1.88106,1.50,1.75
2014.12.04 02:22:30.368,1.88088,1.88105,1.20,1.12
2014.12.04 02:22:30.910,1.88088,1.88104,1.10,1.12
2014.12.04 02:22:31.212,1.88088,1.881,1.00,1.75
2014.12.04 02:22:31.976,1.88088,1.88101,1.19,1.12
2014.12.04 02:22:32.179,1.8809,1.88107,1.87,1.12
2014.12.04 02:22:33.723,1.8809,1.88106,1.20,1.75
2014.12.04 02:22:34.234,1.88092,1.88107,1.12,1.12
2014.12.04 02:22:35.731,1.88092,1.88107,1.12,1.87
2014.12.04 02:22:35.934,1.8809,1.88107,1.00,1.82
2014.12.04 02:22:36.035,1.88087,1.88106,1.50,1.57
2014.12.04 02:22:36.546,1.88087,1.88106,1.00,2.25
2014.12.04 02:22:36.849,1.88087,1.88103,1.00,1.85
2014.12.04 02:22:37.207,1.88083,1.88101,1.10,1.07
2014.12.04 02:22:37.308,1.88083,1.88101,1.00,1.20
2014.12.04 02:22:39.167,1.88083,1.88101,4.50,1.85
2014.12.04 02:22:39.470,1.88085,1.88092,1.12,1.00
2014.12.04 02:22:39.521,1.88081,1.88095,1.20,1.52
2014.12.04 02:22:39.876,1.88077,1.88093,1.12,1.10
2014.12.04 02:22:41.721,1.8808,1.88093,1.12,1.00
2014.12.04 02:22:42.361,1.88079,1.88093,1.75,1.12
2014.12.04 02:22:43.035,1.88081,1.88093,1.12,1.00
2014.12.04 02:22:43.911,1.88081,1.88096,1.12,1.12
2014.12.04 02:22:44.063,1.88078,1.88094,1.12,1.12
2014.12.04 02:22:50.296,1.88081,1.88094,1.00,1.12
2014.12.04 02:22:56.157,1.88081,1.88091,1.00,1.50
2014.12.04 02:22:56.259,1.88076,1.88088,1.12,1.36
2014.12.04 02:22:56.378,1.88069,1.88087,1.75,2.44
2014.12.04 02:22:56.480,1.88067,1.88087,2.32,3.19
2014.12.04 02:22:56.784,1.8807,1.88087,1.50,1.75
2014.12.04 02:22:57.442,1.88072,1.88089,1.85,1.12
2014.12.04 02:22:57.494,1.88074,1.88089,1.12,1.12
2014.12.04 02:22:59.052,1.88074,1.88089,1.12,2.25
2014.12.04 02:22:59.153,1.8807,1.88085,1.12,1.20
2014.12.04 02:22:59.255,1.88069,1.88082,1.12,1.10
2014.12.04 02:22:59.356,1.88065,1.8808,1.87,1.12
2014.12.04 02:23:01.006,1.88062,1.88079,1.12,1.12
2014.12.04 02:23:01.882,1.88064,1.88081,1.12,1.87
2014.12.04 02:23:04.518,1.88066,1.88081,1.87,1.12
2014.12.04 02:23:04.930,1.88069,1.88081,1.37,1.12
2014.12.04 02:23:05.082,1.8807,1.88087,1.57,1.12
2014.12.04 02:23:05.950,1.88072,1.88089,2.21,1.12
2014.12.04 02:23:06.254,1.88076,1.88092,1.65,1.12
2014.12.04 02:23:06.584,1.88078,1.88093,1.12,1.12
2014.12.04 02:23:06.887,1.88078,1.88088,1.87,1.00
2014.12.04 02:23:06.938,1.88073,1.88088,1.12,1.10
2014.12.04 02:23:07.040,1.88071,1.88088,1.12,1.87
2014.12.04 02:23:07.343,1.8807,1.88084,1.00,1.75
2014.12.04 02:23:07.851,1.88067,1.88084,1.84,1.75
2014.12.04 02:23:15.490,1.88068,1.88085,1.87,1.85
2014.12.04 02:23:15.541,1.88069,1.88085,1.12,1.20
2014.12.04 02:23:17.840,1.8807,1.88088,1.12,1.95
2014.12.04 02:23:19.562,1.88072,1.8809,2.02,1.12
2014.12.04 02:23:19.613,1.88074,1.8809,1.12,1.12
2014.12.04 02:23:19.715,1.88073,1.88092,1.85,1.50
2014.12.04 02:23:20.599,1.88074,1.88095,1.35,2.14
2014.12.04 02:23:22.505,1.88074,1.88095,1.72,1.87
2014.12.04 02:23:28.694,1.88078,1.88095,1.00,1.12
2014.12.04 02:23:28.997,1.88079,1.88091,1.00,1.75
2014.12.04 02:23:29.048,1.88076,1.88093,1.10,1.12
2014.12.04 02:23:36.007,1.88076,1.8809,1.10,1.07
2014.12.04 02:23:36.211,1.88073,1.88091,1.12,2.02
2014.12.04 02:23:36.313,1.88078,1.8809,1.50,1.12
2014.12.04 02:23:36.414,1.88076,1.88086,3.94,1.00
2014.12.04 02:23:36.517,1.88082,1.88094,1.29,1.00
2014.12.04 02:23:36.605,1.88085,1.88094,3.75,1.00
2014.12.04 02:23:36.657,1.88089,1.88098,1.75,1.00
2014.12.04 02:23:36.758,1.88089,1.88098,1.12,1.00
2014.12.04 02:23:36.859,1.88089,1.88097,1.12,1.00
2014.12.04 02:23:37.063,1.88089,1.88102,1.12,1.10
2014.12.04 02:23:37.164,1.88086,1.88103,1.94,1.75
2014.12.04 02:23:38.934,1.88087,1.88103,1.57,1.75
2014.12.04 02:23:39.191,1.88088,1.88106,2.02,1.75
2014.12.04 02:23:42.655,1.88088,1.88106,1.50,1.75
2014.12.04 02:23:43.940,1.88088,1.88106,3.00,1.75
2014.12.04 02:23:44.477,1.88088,1.88106,1.65,1.75
2014.12.04 02:23:46.857,1.88093,1.88106,1.00,1.75
2014.12.04 02:23:48.635,1.88089,1.88106,1.20,1.75
2014.12.04 02:23:48.687,1.88089,1.88105,1.10,1.12
2014.12.04 02:23:49.196,1.88089,1.88101,1.00,1.12
2014.12.04 02:23:50.951,1.88089,1.881,1.00,1.12
2014.12.04 02:23:51.356,1.88089,1.88102,1.00,1.75
2014.12.04 02:23:51.811,1.88089,1.88104,1.10,1.12
2014.12.04 02:23:55.959,1.88087,1.88104,1.12,1.57
2014.12.04 02:23:56.060,1.88087,1.88099,1.12,1.10
2014.12.04 02:23:56.213,1.88081,1.88099,1.85,2.32
2014.12.04 02:23:56.314,1.8808,1.88097,1.12,1.12
2014.12.04 02:23:56.618,1.88078,1.88095,1.12,1.12
2014.12.04 02:23:56.977,1.88076,1.88093,1.60,1.12
2014.12.04 02:23:57.433,1.88078,1.88096,1.20,1.75
2014.12.04 02:23:58.865,1.88078,1.88096,1.16,1.75
2014.12.04 02:23:58.967,1.88078,1.88097,1.91,1.12
2014.12.04 02:23:59.316,1.8808,1.88097,1.20,1.12
2014.12.04 02:24:01.142,1.88079,1.88097,1.09,1.75
2014.12.04 02:24:02.133,1.88083,1.88097,1.00,1.75
2014.12.04 02:24:02.437,1.88103,1.88113,1.00,1.12
2014.12.04 02:24:02.708,1.88108,1.88116,1.00,1.12
2014.12.04 02:24:02.911,1.88108,1.88119,1.00,1.12
2014.12.04 02:24:03.115,1.88105,1.88119,1.39,1.12
2014.12.04 02:24:03.837,1.88105,1.88118,1.12,1.12
2014.12.04 02:24:03.939,1.88103,1.88116,1.12,1.55
2014.12.04 02:24:04.142,1.88096,1.88114,1.57,1.12
2014.12.04 02:24:04.243,1.88096,1.88114,2.25,1.12
2014.12.04 02:24:04.547,1.88097,1.88114,1.12,1.87
2014.12.04 02:24:06.271,1.88096,1.88112,1.12,1.52
2014.12.04 02:24:06.322,1.88096,1.88111,1.12,1.45
2014.12.04 02:24:07.195,1.88093,1.8811,1.12,1.12
2014.12.04 02:24:08.570,1.88095,1.88111,1.12,1.90
2014.12.04 02:24:08.671,1.88097,1.88111,1.12,1.00
2014.12.04 02:24:08.789,1.88097,1.88114,1.12,1.20
2014.12.04 02:24:11.422,1.88097,1.88111,1.12,1.00
2014.12.04 02:24:11.726,1.88095,1.88105,1.12,1.27
2014.12.04 02:24:12.231,1.88093,1.88105,4.12,1.27
2014.12.04 02:24:12.282,1.88092,1.88105,1.75,1.27
2014.12.04 02:24:12.587,1.88092,1.88109,1.75,2.25
2014.12.04 02:24:12.739,1.88094,1.88109,1.12,1.10
2014.12.04 02:24:19.421,1.88092,1.88109,1.12,1.20
2014.12.04 02:24:19.725,1.88101,1.88112,1.46,1.75
2014.12.04 02:24:19.877,1.88108,1.88121,1.12,1.00
2014.12.04 02:24:20.343,1.88105,1.88121,3.75,1.75
2014.12.04 02:24:20.394,1.88102,1.88119,3.34,1.75
2014.12.04 02:24:20.768,1.88102,1.88118,1.91,1.12
2014.12.04 02:24:21.073,1.88102,1.8811,1.00,1.12
2014.12.04 02:24:21.176,1.88093,1.88108,1.31,1.12
2014.12.04 02:24:21.429,1.88091,1.88107,1.01,1.12
2014.12.04 02:24:30.434,1.88089,1.88105,1.12,1.12
2014.12.04 02:24:30.535,1.88089,1.88104,1.12,1.12
2014.12.04 02:24:32.097,1.8809,1.88106,1.20,1.12
2014.12.04 02:24:32.633,1.88091,1.88106,1.12,1.10
2014.12.04 02:24:32.962,1.88094,1.88106,1.12,1.00
2014.12.04 02:24:33.064,1.88095,1.88111,1.75,2.25
2014.12.04 02:24:35.290,1.88093,1.88111,1.12,1.87
2014.12.04 02:24:35.804,1.88092,1.8811,1.12,1.12
2014.12.04 02:24:36.169,1.8809,1.88111,1.70,1.95
2014.12.04 02:24:38.111,1.88093,1.88111,1.10,1.87
2014.12.04 02:24:38.314,1.88093,1.88111,1.29,1.12
2014.12.04 02:24:38.618,1.88096,1.88114,1.12,4.57
2014.12.04 02:24:38.669,1.88098,1.88114,1.12,1.57
2014.12.04 02:24:38.771,1.881,1.88114,1.75,1.00
2014.12.04 02:24:39.141,1.88096,1.88113,3.75,1.12
2014.12.04 02:24:39.242,1.88095,1.88111,1.76,1.12
2014.12.04 02:24:40.322,1.88096,1.88111,1.31,1.12
2014.12.04 02:24:40.525,1.88101,1.88116,1.69,1.10
2014.12.04 02:24:40.576,1.88102,1.88116,4.12,1.10
2014.12.04 02:24:40.677,1.88103,1.88121,4.12,2.25
2014.12.04 02:24:40.779,1.88103,1.8812,1.12,1.12
2014.12.04 02:24:41.764,1.88101,1.88119,1.95,1.45
2014.12.04 02:24:41.866,1.88101,1.88118,1.87,1.45
2014.12.04 02:24:42.321,1.88099,1.88116,2.06,1.12
2014.12.04 02:24:42.878,1.881,1.8812,1.77,1.75
2014.12.04 02:24:42.980,1.88102,1.8812,4.27,1.20
2014.12.04 02:24:43.435,1.88102,1.8812,3.82,1.85
2014.12.04 02:24:43.536,1.88101,1.88118,1.12,1.12
2014.12.04 02:24:45.034,1.88103,1.8812,1.46,1.57
2014.12.04 02:24:45.085,1.88105,1.8812,1.12,1.50
2014.12.04 02:24:45.187,1.88106,1.8812,1.75,1.00
2014.12.04 02:24:45.389,1.88104,1.8812,1.12,1.27
2014.12.04 02:24:45.492,1.88103,1.8812,1.01,1.95
2014.12.04 02:24:45.593,1.88102,1.88117,1.31,1.12
2014.12.04 02:24:47.497,1.88099,1.88116,1.31,1.12
2014.12.04 02:24:48.579,1.881,1.88117,1.12,1.20
2014.12.04 02:24:49.090,1.88102,1.88117,1.60,1.12
2014.12.04 02:24:49.803,1.88103,1.88119,1.12,1.12
2014.12.04 02:24:49.905,1.88103,1.8812,1.75,2.25
2014.12.04 02:24:50.570,1.88101,1.88119,1.20,1.95
2014.12.04 02:24:50.671,1.881,1.88115,1.87,1.20
2014.12.04 02:24:50.874,1.88097,1.88112,1.12,1.12
2014.12.04 02:24:51.740,1.88098,1.88112,1.20,1.12
2014.12.04 02:24:52.045,1.88102,1.88118,3.94,1.75
2014.12.04 02:24:52.097,1.88106,1.88121,1.12,1.12
2014.12.04 02:24:52.603,1.88105,1.88121,1.12,1.12
2014.12.04 02:24:52.654,1.88105,1.8812,1.12,1.12
2014.12.04 02:24:53.218,1.88109,1.8812,1.00,1.12
2014.12.04 02:24:53.420,1.88108,1.88125,1.95,1.12
2014.12.04 02:24:53.522,1.88114,1.88125,1.00,1.12
2014.12.04 02:24:53.624,1.88113,1.88128,1.12,1.12
2014.12.04 02:25:00.229,1.88109,1.88126,4.12,1.20
2014.12.04 02:25:00.331,1.88109,1.88124,1.12,1.12
2014.12.04 02:25:00.686,1.88107,1.88121,1.75,1.50
2014.12.04 02:25:00.788,1.88107,1.88119,1.00,1.65
2014.12.04 02:25:01.045,1.88101,1.88116,1.12,1.12
2014.12.04 02:25:01.551,1.88098,1.88115,1.12,1.12
2014.12.04 02:25:02.109,1.88096,1.88114,1.12,1.12
2014.12.04 02:25:02.416,1.88093,1.88106,1.10,1.12
2014.12.04 02:25:03.004,1.88093,1.8811,1.20,4.12
2014.12.04 02:25:03.105,1.88093,1.8811,1.87,1.12
2014.12.04 02:25:04.522,1.88093,1.88108,1.12,1.12
2014.12.04 02:25:05.503,1.88093,1.88106,1.12,1.12
2014.12.04 02:25:05.604,1.88089,1.88106,2.44,1.75
2014.12.04 02:25:05.655,1.8809,1.88107,1.12,1.12
2014.12.04 02:25:05.756,1.88091,1.88108,1.75,1.75
2014.12.04 02:25:07.303,1.88092,1.88109,1.12,1.87
2014.12.04 02:25:07.805,1.88094,1.88109,1.12,1.87
2014.12.04 02:25:10.137,1.88091,1.88108,3.82,1.12
2014.12.04 02:25:10.238,1.8809,1.88107,1.12,1.12
2014.12.04 02:25:11.442,1.88092,1.88108,1.12,1.12
2014.12.04 02:25:11.543,1.88093,1.88108,1.12,1.12
2014.12.04 02:25:12.202,1.88095,1.88108,1.66,1.12
2014.12.04 02:25:12.355,1.88101,1.88114,3.94,1.00
2014.12.04 02:25:12.559,1.88099,1.88115,4.50,1.20
2014.12.04 02:25:12.661,1.88102,1.88111,1.00,1.45
2014.12.04 02:25:12.863,1.88093,1.88108,1.12,1.20
2014.12.04 02:25:12.915,1.88093,1.8811,1.87,1.39
2014.12.04 02:25:13.219,1.88095,1.8811,1.12,1.70
2014.12.04 02:25:15.420,1.88096,1.88111,1.12,1.12
2014.12.04 02:25:15.977,1.88094,1.88111,1.12,1.87
2014.12.04 02:25:16.613,1.88093,1.8811,1.12,1.12
2014.12.04 02:25:17.149,1.88093,1.88108,1.12,1.12
2014.12.04 02:25:20.484,1.88091,1.88107,1.12,1.87
2014.12.04 02:25:20.586,1.88091,1.88106,1.12,1.12
2014.12.04 02:25:23.561,1.8809,1.88107,1.12,1.85
2014.12.04 02:25:23.663,1.8809,1.88105,1.12,1.12
2014.12.04 02:25:24.118,1.88088,1.88103,1.87,1.12
2014.12.04 02:25:25.215,1.88088,1.88106,1.57,1.12
2014.12.04 02:25:26.459,1.88089,1.88106,1.31,1.12
2014.12.04 02:25:26.661,1.88098,1.88112,1.12,1.00
2014.12.04 02:25:26.763,1.88098,1.88117,1.12,1.57
2014.12.04 02:25:27.067,1.88101,1.88117,3.82,1.50
2014.12.04 02:25:27.178,1.88104,1.88117,1.75,1.00
2014.12.04 02:25:27.330,1.88105,1.8812,1.12,1.12
2014.12.04 02:25:27.533,1.88107,1.88122,1.12,1.12
2014.12.04 02:25:28.064,1.88106,1.88122,1.75,1.57
2014.12.04 02:25:28.215,1.88106,1.88122,1.75,2.32
2014.12.04 02:25:28.581,1.88106,1.88117,1.75,1.00
2014.12.04 02:25:29.089,1.88106,1.88119,1.75,1.10
2014.12.04 02:25:29.444,1.88106,1.88115,1.75,1.00
2014.12.04 02:25:29.761,1.88106,1.88115,1.75,1.19
2014.12.04 02:25:29.913,1.88097,1.88112,1.12,1.39
2014.12.04 02:25:29.964,1.88096,1.8811,1.16,1.12
2014.12.04 02:25:30.065,1.88095,1.88108,1.46,1.10
2014.12.04 02:25:31.026,1.88095,1.88108,1.09,1.20
2014.12.04 02:25:31.401,1.88093,1.88105,1.09,1.00
2014.12.04 02:25:31.503,1.88093,1.88107,1.09,1.20
2014.12.04 02:25:31.604,1.88092,1.88108,1.75,1.50
2014.12.04 02:25:31.706,1.88093,1.88108,1.12,1.12
2014.12.04 02:25:32.212,1.88093,1.88108,1.12,1.87
2014.12.04 02:25:32.515,1.88091,1.88107,1.75,1.12
2014.12.04 02:25:32.567,1.88091,1.88105,1.10,1.12
2014.12.04 02:25:32.921,1.88087,1.88103,1.75,4.20
2014.12.04 02:25:33.023,1.88085,1.88098,1.10,1.75
2014.12.04 02:25:33.125,1.8808,1.88096,1.20,1.17
2014.12.04 02:25:33.226,1.8808,1.88096,1.12,1.82
2014.12.04 02:25:33.328,1.88075,1.8809,1.12,1.10
2014.12.04 02:25:35.432,1.88076,1.88091,1.12,1.12
2014.12.04 02:25:35.685,1.8808,1.88097,1.12,1.87
2014.12.04 02:25:38.081,1.88082,1.88097,1.12,1.12
2014.12.04 02:25:38.443,1.8808,1.88097,1.12,1.87
2014.12.04 02:25:38.746,1.88086,1.88097,1.87,1.00
2014.12.04 02:25:39.090,1.8809,1.881,1.12,1.00
2014.12.04 02:25:39.192,1.8809,1.88105,1.12,1.87
2014.12.04 02:25:39.496,1.88091,1.88108,1.12,1.87
2014.12.04 02:25:39.547,1.88093,1.88108,1.12,1.95
2014.12.04 02:25:39.598,1.88093,1.88103,1.12,1.00
2014.12.04 02:25:39.649,1.88084,1.88098,1.20,1.20
2014.12.04 02:25:39.750,1.88084,1.88093,1.00,1.12
2014.12.04 02:25:39.852,1.88076,1.88091,1.57,1.31
2014.12.04 02:25:40.055,1.88073,1.88089,1.12,1.12
2014.12.04 02:25:40.600,1.88074,1.88089,1.12,1.12
2014.12.04 02:25:41.166,1.88076,1.8809,1.12,1.00
2014.12.04 02:25:41.672,1.88076,1.88093,1.12,1.12
2014.12.04 02:25:42.482,1.88078,1.88094,1.12,1.57
2014.12.04 02:25:42.937,1.88081,1.88094,1.12,1.10
2014.12.04 02:25:43.256,1.88086,1.88101,1.12,1.87
2014.12.04 02:25:43.510,1.88088,1.88103,1.12,1.10
2014.12.04 02:25:43.713,1.8809,1.88105,1.12,1.12
2014.12.04 02:25:45.786,1.88089,1.88105,1.20,1.75
2014.12.04 02:25:47.648,1.88089,1.88107,1.12,1.12
2014.12.04 02:25:47.700,1.88092,1.88107,1.12,1.12
2014.12.04 02:25:48.107,1.88088,1.88104,1.31,1.20
2014.12.04 02:25:51.743,1.88087,1.88104,1.12,2.25
2014.12.04 02:25:51.945,1.88085,1.881,1.12,1.00
2014.12.04 02:25:52.248,1.88087,1.88102,1.75,1.20
2014.12.04 02:25:52.578,1.88091,1.88102,1.12,1.00
2014.12.04 02:25:53.305,1.88091,1.88106,1.12,1.12
2014.12.04 02:25:55.461,1.88088,1.88103,1.12,1.12
2014.12.04 02:25:57.683,1.88086,1.88102,1.50,1.75
2014.12.04 02:25:57.987,1.88082,1.88099,4.87,1.12
2014.12.04 02:25:58.038,1.88082,1.88098,1.87,1.20
2014.12.04 02:25:58.089,1.88082,1.88092,1.50,1.00
2014.12.04 02:25:58.140,1.88082,1.88092,1.00,1.00
2014.12.04 02:25:58.241,1.88079,1.88092,1.10,1.57
2014.12.04 02:25:58.545,1.88075,1.88091,1.50,1.75
2014.12.04 02:26:01.832,1.88076,1.8809,1.20,1.12
2014.12.04 02:26:02.085,1.8808,1.88093,1.75,1.50
2014.12.04 02:26:02.347,1.88084,1.88095,1.75,1.00
2014.12.04 02:26:02.599,1.88084,1.88099,1.75,1.20
2014.12.04 02:26:04.133,1.88084,1.88098,1.75,1.00
2014.12.04 02:26:04.590,1.88084,1.88092,1.75,1.00
2014.12.04 02:26:04.742,1.88079,1.88092,1.31,1.00
2014.12.04 02:26:06.090,1.88079,1.88093,1.12,1.00
2014.12.04 02:26:06.792,1.8808,1.88092,1.12,1.00
2014.12.04 02:26:09.863,1.8808,1.88093,1.12,1.00
2014.12.04 02:26:10.117,1.88083,1.88096,1.12,1.10
2014.12.04 02:26:10.775,1.88084,1.88096,1.12,1.00
2014.12.04 02:26:10.977,1.88084,1.88098,1.12,1.10
2014.12.04 02:26:11.483,1.88086,1.88098,1.12,1.00
2014.12.04 02:26:11.534,1.88087,1.88101,1.12,1.00
2014.12.04 02:26:11.636,1.88089,1.88105,1.75,1.00
2014.12.04 02:26:12.293,1.88093,1.88107,1.12,1.10
2014.12.04 02:26:12.647,1.88092,1.88107,1.12,1.10
2014.12.04 02:26:19.329,1.88091,1.88108,1.85,1.12
2014.12.04 02:26:19.381,1.88091,1.88106,1.20,1.75
2014.12.04 02:26:22.173,1.88091,1.88108,1.85,1.12
2014.12.04 02:26:22.224,1.88092,1.88109,1.75,1.75
2014.12.04 02:26:25.617,1.88095,1.8811,1.12,1.31
2014.12.04 02:26:30.311,1.88094,1.8811,1.12,1.87
2014.12.04 02:26:30.362,1.88094,1.88109,1.12,1.12
2014.12.04 02:26:44.090,1.88094,1.88109,1.12,1.39
2014.12.04 02:26:44.242,1.88091,1.88106,1.20,1.16
2014.12.04 02:26:44.293,1.88091,1.88105,1.12,1.57
2014.12.04 02:26:44.545,1.88085,1.88101,1.50,1.75
2014.12.04 02:26:44.748,1.88083,1.881,1.12,2.02
2014.12.04 02:26:45.051,1.8808,1.88097,1.12,1.12
2014.12.04 02:26:46.074,1.88078,1.88093,1.12,1.12
2014.12.04 02:26:48.601,1.88077,1.88092,1.12,1.12
2014.12.04 02:26:59.062,1.88077,1.88087,1.12,1.00
2014.12.04 02:26:59.974,1.88075,1.88087,1.12,1.00
2014.12.04 02:27:08.299,1.88072,1.88087,1.12,1.12
2014.12.04 02:27:08.515,1.88071,1.88087,1.12,1.87
2014.12.04 02:27:24.588,1.88068,1.88085,1.12,1.30
2014.12.04 02:27:24.791,1.88068,1.8808,1.12,1.00
2014.12.04 02:27:25.094,1.88071,1.8808,1.12,1.00
2014.12.04 02:27:25.145,1.8807,1.88085,1.75,1.00
2014.12.04 02:27:25.246,1.88071,1.8809,1.50,1.00
2014.12.04 02:27:26.780,1.88076,1.8809,1.60,1.10
2014.12.04 02:27:27.086,1.88089,1.88101,1.12,1.07
2014.12.04 02:27:27.187,1.8809,1.88097,1.12,1.00
2014.12.04 02:27:27.707,1.88091,1.88097,1.12,1.00
2014.12.04 02:27:27.808,1.88089,1.88097,1.12,1.00
2014.12.04 02:27:27.910,1.88086,1.88097,1.75,1.00
2014.12.04 02:27:28.063,1.88087,1.88097,1.12,1.00
2014.12.04 02:27:28.114,1.88089,1.88101,1.12,1.00
2014.12.04 02:27:28.874,1.88089,1.88104,1.12,1.87
2014.12.04 02:27:28.975,1.88086,1.88103,1.12,1.12
2014.12.04 02:27:39.000,1.88086,1.88098,1.12,1.00
2014.12.04 02:27:39.285,1.88086,1.88101,1.12,1.12
2014.12.04 02:27:39.559,1.88089,1.88101,1.12,1.00
2014.12.04 02:27:42.105,1.88086,1.88101,1.75,1.20
2014.12.04 02:27:45.356,1.88086,1.88101,1.75,1.27
2014.12.04 02:27:45.407,1.88086,1.881,1.75,1.47
2014.12.04 02:27:45.529,1.88082,1.88097,1.12,1.12
2014.12.04 02:27:45.835,1.88085,1.88099,1.12,1.20
2014.12.04 02:27:47.907,1.88085,1.88099,1.12,2.32
2014.12.04 02:27:48.059,1.88082,1.88097,1.12,1.52
2014.12.04 02:27:48.565,1.88082,1.88094,1.12,1.00
2014.12.04 02:27:49.224,1.88082,1.88092,1.12,1.00
2014.12.04 02:27:49.548,1.88087,1.88097,1.12,1.00
2014.12.04 02:27:51.757,1.88088,1.881,1.75,1.00
2014.12.04 02:27:52.561,1.88087,1.881,1.12,1.10
2014.12.04 02:27:53.537,1.88089,1.881,1.12,1.00
2014.12.04 02:27:53.841,1.8809,1.88103,1.75,1.00
2014.12.04 02:27:57.650,1.88088,1.88103,1.75,1.20
2014.12.04 02:27:59.113,1.88087,1.88103,1.12,1.57
2014.12.04 02:27:59.164,1.88086,1.88103,1.75,2.25
2014.12.04 02:28:00.329,1.88086,1.88099,1.75,1.00
2014.12.04 02:28:00.532,1.88086,1.88103,1.75,2.25
2014.12.04 02:28:01.638,1.88087,1.88103,1.12,1.57
2014.12.04 02:28:01.688,1.88088,1.88103,1.75,1.20
2014.12.04 02:28:16.408,1.88089,1.88103,1.60,1.00
2014.12.04 02:28:16.510,1.88089,1.88105,1.60,1.10
2014.12.04 02:28:20.908,1.88087,1.88104,1.12,1.12
2014.12.04 02:28:22.665,1.88087,1.88103,1.01,1.12
2014.12.04 02:28:23.170,1.88086,1.88101,2.06,1.12
2014.12.04 02:28:23.534,1.88087,1.88104,1.12,1.12
2014.12.04 02:28:23.585,1.88089,1.88104,1.12,1.12
2014.12.04 02:28:24.092,1.88086,1.88103,4.57,1.12
2014.12.04 02:28:24.143,1.88086,1.88102,1.57,1.12
2014.12.04 02:28:37.857,1.88081,1.88099,1.12,2.02
2014.12.04 02:28:38.059,1.88075,1.88094,1.85,1.10
2014.12.04 02:28:38.110,1.88075,1.88094,1.20,1.20
2014.12.04 02:28:38.161,1.88075,1.88093,1.12,1.57
2014.12.04 02:28:38.464,1.88075,1.88089,1.00,1.12
2014.12.04 02:28:38.616,1.88071,1.88088,1.12,1.20
2014.12.04 02:28:39.633,1.88069,1.88087,1.20,1.75
2014.12.04 02:28:45.096,1.88069,1.88087,1.85,1.12
2014.12.04 02:28:45.450,1.88074,1.88088,1.12,1.20
2014.12.04 02:28:47.297,1.88075,1.88088,1.12,1.12
2014.12.04 02:28:47.499,1.88076,1.8809,1.12,1.00
2014.12.04 02:28:47.549,1.88075,1.8809,1.12,1.87
2014.12.04 02:28:50.520,1.88076,1.8809,1.75,1.00
2014.12.04 02:28:50.968,1.88083,1.88092,1.60,1.00
2014.12.04 02:28:51.171,1.88086,1.88099,1.75,1.00
2014.12.04 02:28:51.374,1.88087,1.88099,1.31,1.00
2014.12.04 02:28:51.728,1.88089,1.88104,1.12,1.10
2014.12.04 02:28:56.892,1.88088,1.88103,1.10,1.12
2014.12.04 02:29:14.583,1.88085,1.88102,1.12,1.87
2014.12.04 02:29:15.179,1.88085,1.881,1.12,1.12
2014.12.04 02:29:20.908,1.88085,1.881,1.12,3.75
2014.12.04 02:29:21.161,1.88076,1.88092,1.20,1.20
2014.12.04 02:29:21.309,1.88076,1.88089,1.10,1.12
2014.12.04 02:29:21.764,1.88072,1.88087,1.12,1.87
2014.12.04 02:29:25.481,1.88073,1.88087,1.12,1.00
2014.12.04 02:29:27.659,1.88074,1.88087,1.12,1.00
2014.12.04 02:29:27.912,1.88076,1.88091,1.12,1.12
2014.12.04 02:29:31.752,1.88073,1.8809,2.25,1.75
2014.12.04 02:29:34.182,1.88076,1.88091,1.12,1.12
2014.12.04 02:29:34.435,1.88078,1.88094,2.25,1.00
2014.12.04 02:29:34.486,1.88079,1.88094,1.20,1.50
2014.12.04 02:29:34.789,1.88084,1.88098,1.39,1.12
2014.12.04 02:29:35.092,1.88081,1.88096,1.87,1.12
2014.12.04 02:29:35.952,1.88078,1.88093,1.87,1.12
2014.12.04 02:29:36.306,1.88076,1.88093,2.00,2.25
2014.12.04 02:29:36.357,1.88075,1.88092,1.01,1.12
2014.12.04 02:29:36.408,1.88074,1.88089,1.87,1.12
2014.12.04 02:29:36.739,1.88072,1.88087,1.12,1.12
2014.12.04 02:29:40.541,1.88073,1.88089,1.12,1.12
2014.12.04 02:29:40.592,1.88074,1.88089,1.12,1.12
2014.12.04 02:29:48.033,1.88072,1.88087,1.12,1.12
2014.12.04 02:29:54.718,1.88072,1.88082,1.12,1.00
2014.12.04 02:29:56.122,1.88072,1.88087,1.12,1.87
2014.12.04 02:29:56.426,1.88071,1.88086,1.12,1.12
2014.12.04 02:29:57.037,1.88069,1.88082,1.12,1.00
2014.12.04 02:29:57.900,1.88069,1.88086,1.12,1.87
2014.12.04 02:29:58.204,1.88067,1.88079,1.12,1.00
2014.12.04 02:29:58.306,1.88064,1.88079,1.12,1.46
2014.12.04 02:29:58.357,1.88063,1.88077,1.75,1.65
2014.12.04 02:29:58.408,1.88063,1.88076,1.10,1.45
2014.12.04 02:29:58.510,1.88061,1.88075,1.00,1.31
2014.12.04 02:29:58.972,1.88056,1.88073,1.12,1.12
2014.12.04 02:30:01.458,1.88056,1.88071,1.12,1.17
2014.12.04 02:30:02.637,1.88056,1.88071,1.12,1.10
2014.12.04 02:30:03.599,1.88059,1.88071,3.94,1.00
2014.12.04 02:30:03.853,1.88068,1.88082,1.12,1.20
2014.12.04 02:30:03.904,1.88068,1.88082,1.12,1.10
2014.12.04 02:30:04.423,1.8807,1.88083,1.12,1.10
2014.12.04 02:30:10.410,1.88068,1.88085,1.12,1.12
2014.12.04 02:30:10.460,1.88067,1.88084,1.12,1.12
2014.12.04 02:30:15.217,1.88066,1.88084,2.25,1.12
2014.12.04 02:30:19.958,1.88066,1.88082,1.10,1.12
2014.12.04 02:30:20.463,1.88064,1.88082,1.20,1.75
2014.12.04 02:30:20.868,1.88063,1.88081,1.87,5.70
2014.12.04 02:30:21.204,1.8806,1.88077,1.87,1.12
2014.12.04 02:30:21.255,1.88059,1.88074,1.12,1.10
2014.12.04 02:30:21.306,1.88059,1.88074,1.12,1.00
2014.12.04 02:30:21.610,1.88065,1.88077,1.12,1.50
2014.12.04 02:30:21.914,1.88067,1.88081,1.12,1.57
2014.12.04 02:30:22.015,1.88064,1.88081,1.12,2.25
2014.12.04 02:30:22.066,1.88063,1.88079,1.12,1.12
2014.12.04 02:30:22.572,1.88062,1.88077,1.12,1.87
2014.12.04 02:30:22.876,1.88059,1.88076,1.12,1.12
2014.12.04 02:30:30.636,1.88058,1.88076,1.75,1.12
2014.12.04 02:30:30.839,1.88056,1.88072,1.75,1.00
2014.12.04 02:30:30.941,1.88057,1.88072,3.82,1.00
2014.12.04 02:30:31.143,1.88063,1.88078,1.12,1.95
2014.12.04 02:30:33.530,1.88063,1.88079,1.12,1.20
2014.12.04 02:30:33.732,1.88063,1.88076,1.12,1.00
2014.12.04 02:30:38.570,1.88063,1.8808,1.12,1.87
2014.12.04 02:30:42.740,1.88062,1.8808,1.60,1.87
2014.12.04 02:30:43.325,1.88061,1.88077,2.06,1.12
2014.12.04 02:30:44.283,1.88061,1.88077,1.12,1.12
2014.12.04 02:30:44.435,1.8806,1.88075,1.20,1.85
2014.12.04 02:30:44.486,1.8806,1.88074,1.10,1.12
2014.12.04 02:30:44.790,1.88053,1.88065,1.00,1.12
2014.12.04 02:30:44.993,1.88047,1.88063,1.12,1.57
2014.12.04 02:30:45.145,1.88048,1.88063,1.01,1.10
2014.12.04 02:30:45.347,1.88046,1.88063,1.87,1.17
2014.12.04 02:30:45.399,1.88045,1.8806,1.75,1.10
2014.12.04 02:30:45.702,1.88044,1.8806,4.12,2.62
2014.12.04 02:30:45.804,1.88043,1.8806,2.25,3.37
2014.12.04 02:30:45.855,1.88043,1.88055,1.75,1.00
2014.12.04 02:30:46.159,1.8804,1.88054,1.12,1.10
2014.12.04 02:30:46.260,1.88039,1.88054,1.75,1.20
2014.12.04 02:30:46.412,1.88039,1.88054,1.75,1.95
2014.12.04 02:30:46.867,1.88039,1.88049,1.75,1.31
2014.12.04 02:30:47.019,1.88033,1.88049,1.75,1.46
2014.12.04 02:30:47.380,1.88033,1.88046,1.75,1.12
2014.12.04 02:30:47.689,1.8803,1.88045,1.12,1.50
2014.12.04 02:30:48.608,1.8803,1.88044,1.75,1.37
2014.12.04 02:30:49.993,1.88031,1.88044,4.12,1.37
2014.12.04 02:30:50.707,1.88034,1.88048,1.75,1.37
2014.12.04 02:30:51.227,1.88032,1.88048,1.12,1.95
2014.12.04 02:30:52.638,1.88033,1.88048,3.90,1.10
2014.12.04 02:30:52.942,1.8804,1.88055,1.12,1.76
2014.12.04 02:30:53.554,1.88039,1.88055,1.75,2.14
2014.12.04 02:30:54.500,1.88039,1.88055,1.75,1.76
2014.12.04 02:30:54.601,1.8804,1.88055,1.12,1.76
2014.12.04 02:30:54.803,1.88038,1.88054,1.12,1.07
2014.12.04 02:30:55.258,1.88039,1.88055,3.82,1.17
2014.12.04 02:30:55.411,1.88043,1.88058,1.12,1.87
2014.12.04 02:30:55.512,1.88044,1.88058,1.12,1.00
2014.12.04 02:30:55.614,1.88046,1.8806,1.12,1.10
2014.12.04 02:30:56.136,1.88045,1.8806,1.12,1.12
2014.12.04 02:30:56.440,1.88044,1.88058,1.12,1.45
2014.12.04 02:30:56.592,1.8804,1.88057,1.12,2.10
2014.12.04 02:30:57.047,1.88039,1.88055,1.12,1.87
2014.12.04 02:30:57.554,1.88037,1.88054,1.12,1.12
2014.12.04 02:30:57.909,1.88036,1.88054,1.75,1.12
2014.12.04 02:30:58.810,1.88034,1.8805,1.12,1.26
2014.12.04 02:30:58.861,1.88033,1.8805,1.75,1.31
2014.12.04 02:30:58.911,1.88032,1.88048,1.12,1.45
2014.12.04 02:30:58.962,1.88031,1.88048,1.75,2.02
2014.12.04 02:30:59.114,1.88031,1.88047,1.75,2.25
2014.12.04 02:30:59.317,1.88029,1.88045,1.75,1.65
2014.12.04 02:30:59.520,1.88029,1.88042,1.75,1.45
2014.12.04 02:30:59.621,1.88023,1.8804,1.12,1.57
2014.12.04 02:31:00.161,1.88025,1.88041,1.75,2.70
2014.12.04 02:31:00.213,1.88026,1.88041,1.12,2.32
2014.12.04 02:31:01.598,1.88027,1.88043,1.75,2.70
2014.12.04 02:31:02.139,1.88027,1.88043,1.75,2.02
2014.12.04 02:31:03.490,1.88027,1.88043,1.75,2.70
2014.12.04 02:31:09.126,1.88029,1.88042,3.82,1.10
2014.12.04 02:31:09.642,1.88033,1.88043,1.12,1.00
2014.12.04 02:31:11.719,1.88033,1.88048,1.12,1.16
2014.12.04 02:31:12.342,1.88033,1.88048,1.12,1.54
2014.12.04 02:31:12.869,1.88032,1.88047,1.12,1.31
2014.12.04 02:31:13.613,1.88032,1.88043,1.12,1.00
2014.12.04 02:31:15.161,1.88032,1.88045,1.12,1.27
2014.12.04 02:31:18.346,1.88032,1.88046,1.12,1.91
2014.12.04 02:31:18.650,1.88032,1.88042,1.12,1.00
2014.12.04 02:31:19.357,1.88032,1.88045,1.12,1.10
2014.12.04 02:31:19.902,1.88032,1.88048,4.12,1.57
2014.12.04 02:31:20.004,1.88035,1.88049,1.12,1.20
2014.12.04 02:31:20.519,1.88035,1.88047,1.12,1.00
2014.12.04 02:31:21.509,1.88035,1.88048,1.12,1.10
2014.12.04 02:31:22.963,1.88035,1.88047,1.12,1.00
2014.12.04 02:31:23.317,1.88032,1.88042,1.75,1.00
2014.12.04 02:31:23.838,1.8803,1.88042,1.12,1.00
2014.12.04 02:31:24.282,1.8803,1.88046,1.12,1.20
2014.12.04 02:31:24.829,1.8803,1.88043,1.12,1.00
2014.12.04 02:31:25.361,1.8803,1.88046,1.12,1.55
2014.12.04 02:31:26.129,1.8803,1.88042,1.12,1.00
2014.12.04 02:31:27.144,1.8803,1.88043,1.12,1.00
2014.12.04 02:31:27.659,1.8803,1.88042,1.12,1.00
2014.12.04 02:31:27.711,1.88029,1.88042,1.75,1.10
2014.12.04 02:31:29.289,1.88029,1.88042,1.12,1.17
2014.12.04 02:31:29.926,1.88029,1.88042,1.12,1.10
2014.12.04 02:31:31.673,1.88029,1.88042,1.12,1.00
2014.12.04 02:31:32.027,1.88031,1.88046,1.12,1.65
2014.12.04 02:31:32.530,1.88032,1.88046,1.12,1.20
2014.12.04 02:31:32.734,1.88029,1.88046,1.75,1.75
2014.12.04 02:31:33.660,1.8803,1.8805,1.52,4.87
2014.12.04 02:31:33.761,1.8803,1.8805,4.12,1.57
2014.12.04 02:31:33.970,1.88032,1.8805,1.75,2.02
2014.12.04 02:31:34.123,1.8803,1.88049,1.87,1.20
2014.12.04 02:31:34.643,1.8803,1.88048,1.20,1.52
2014.12.04 02:31:34.997,1.8803,1.88048,2.32,1.45
2014.12.04 02:31:35.301,1.88039,1.88052,3.94,1.00
2014.12.04 02:31:35.454,1.88041,1.88055,1.12,1.10
2014.12.04 02:31:35.829,1.88041,1.88055,1.12,2.02
2014.12.04 02:31:35.883,1.88037,1.88052,3.82,1.20
2014.12.04 02:31:35.934,1.88035,1.88051,1.50,1.22
2014.12.04 02:31:35.986,1.88035,1.88046,1.45,1.00
2014.12.04 02:31:36.755,1.88033,1.88046,1.75,1.00
2014.12.04 02:31:37.863,1.88032,1.88046,1.12,1.10
2014.12.04 02:31:38.368,1.88031,1.88046,1.12,1.10
2014.12.04 02:31:38.685,1.88031,1.88046,2.14,1.10
2014.12.04 02:31:38.837,1.88035,1.8805,1.60,1.10
2014.12.04 02:31:39.040,1.88034,1.8805,1.12,1.20
2014.12.04 02:31:39.243,1.8803,1.88046,1.69,1.12
2014.12.04 02:31:39.749,1.88027,1.88045,1.69,1.20
2014.12.04 02:31:40.111,1.88027,1.88045,1.69,1.20
2014.12.04 02:31:41.819,1.88027,1.88045,1.87,1.20
2014.12.04 02:31:41.920,1.8803,1.88045,1.09,1.00
2014.12.04 02:31:42.224,1.88032,1.88049,1.75,1.65
2014.12.04 02:31:42.377,1.8803,1.88046,1.12,1.37
2014.12.04 02:31:42.430,1.88029,1.88046,1.75,1.37
2014.12.04 02:31:42.481,1.88029,1.88045,1.12,1.12
2014.12.04 02:31:42.784,1.88027,1.88044,1.12,1.12
2014.12.04 02:31:42.885,1.88024,1.88041,1.85,1.75
2014.12.04 02:31:43.392,1.88024,1.88041,1.20,1.12
2014.12.04 02:31:45.788,1.88024,1.88042,1.20,1.87
2014.12.04 02:31:45.991,1.88022,1.8804,2.06,1.12
2014.12.04 02:31:50.596,1.88022,1.88037,1.12,1.00
2014.12.04 02:31:51.112,1.88022,1.8804,1.12,1.87
2014.12.04 02:31:52.336,1.88022,1.88037,1.45,1.00
2014.12.04 02:31:53.893,1.88022,1.8804,1.45,1.87
2014.12.04 02:31:54.311,1.88021,1.88039,1.92,1.12
2014.12.04 02:31:54.362,1.88021,1.88037,1.27,1.12
2014.12.04 02:31:55.757,1.88021,1.88034,1.17,3.75
2014.12.04 02:31:55.909,1.88017,1.88031,1.10,1.12
2014.12.04 02:31:57.805,1.88016,1.88031,1.50,1.12
2014.12.04 02:31:57.856,1.88019,1.88035,3.75,1.85
2014.12.04 02:31:57.958,1.88021,1.88035,1.27,1.00
2014.12.04 02:31:58.110,1.88022,1.88041,1.82,1.87
2014.12.04 02:31:58.314,1.88023,1.88041,3.82,1.20
2014.12.04 02:31:58.819,1.88026,1.88041,1.75,1.20
2014.12.04 02:31:59.938,1.88026,1.88037,1.75,1.00
2014.12.04 02:32:00.152,1.88026,1.88042,1.75,1.50
2014.12.04 02:32:00.304,1.88027,1.88044,1.27,1.87
2014.12.04 02:32:00.355,1.88028,1.88044,1.09,1.12
2014.12.04 02:32:03.134,1.88027,1.88042,1.20,1.12
2014.12.04 02:32:03.437,1.88023,1.8804,1.20,1.00
2014.12.04 02:32:03.539,1.88023,1.88037,1.20,1.00
2014.12.04 02:32:03.640,1.88023,1.8804,1.20,1.00
2014.12.04 02:32:06.568,1.88023,1.8804,1.35,1.00
2014.12.04 02:32:06.670,1.88023,1.8804,2.00,1.10
2014.12.04 02:32:08.623,1.88025,1.88038,1.75,1.00
2014.12.04 02:32:09.290,1.88025,1.8804,1.75,1.20
2014.12.04 02:32:16.243,1.88025,1.8804,1.12,1.85
2014.12.04 02:32:16.773,1.88024,1.88039,1.12,1.12
2014.12.04 02:32:22.714,1.88023,1.88039,1.50,4.20
2014.12.04 02:32:22.815,1.88023,1.88035,1.00,1.12
2014.12.04 02:32:31.087,1.88023,1.88035,1.00,4.12
2014.12.04 02:32:31.340,1.88016,1.88031,1.31,1.12
2014.12.04 02:32:31.947,1.88016,1.88034,1.12,1.87
2014.12.04 02:32:32.048,1.88017,1.88034,1.12,1.20
2014.12.04 02:32:34.592,1.88017,1.88034,1.12,1.27
2014.12.04 02:32:34.744,1.88013,1.88029,4.12,1.00
2014.12.04 02:32:34.796,1.88011,1.88029,1.20,1.00
2014.12.04 02:32:34.847,1.88012,1.88031,1.65,1.00
2014.12.04 02:32:34.898,1.88012,1.88027,1.65,1.00
2014.12.04 02:32:34.949,1.88012,1.88027,1.20,1.00
2014.12.04 02:32:35.051,1.88012,1.88024,1.00,3.75
2014.12.04 02:32:35.405,1.88007,1.88021,1.10,1.12
2014.12.04 02:32:35.608,1.88007,1.88021,1.00,1.12
2014.12.04 02:32:35.710,1.88003,1.88019,1.57,1.12
2014.12.04 02:32:36.184,1.88002,1.8802,4.87,1.75
2014.12.04 02:32:38.249,1.88002,1.88021,2.02,1.87
2014.12.04 02:32:38.300,1.88002,1.8802,1.27,1.12
2014.12.04 02:32:38.811,1.88002,1.8802,1.65,1.12
2014.12.04 02:32:39.335,1.88002,1.88021,2.40,1.76
2014.12.04 02:32:39.804,1.88005,1.88021,1.12,1.57
2014.12.04 02:32:39.905,1.88007,1.88022,1.39,1.12
2014.12.04 02:32:39.957,1.88007,1.88025,1.39,1.87
2014.12.04 02:32:40.007,1.88009,1.88026,1.01,1.12
2014.12.04 02:32:40.261,1.88011,1.88028,2.27,2.32
2014.12.04 02:32:40.362,1.88012,1.8803,2.40,1.75
2014.12.04 02:32:41.191,1.88012,1.8803,2.25,2.32
2014.12.04 02:32:41.242,1.88011,1.88029,1.12,1.27
2014.12.04 02:32:41.293,1.8801,1.88027,1.75,1.75
2014.12.04 02:32:41.344,1.88011,1.88028,1.12,1.87
2014.12.04 02:32:41.395,1.88012,1.88028,1.75,1.50
2014.12.04 02:32:41.831,1.8801,1.88027,1.12,1.12
2014.12.04 02:32:42.172,1.88011,1.88027,1.27,1.12
2014.12.04 02:32:42.274,1.88012,1.88028,1.87,1.57
2014.12.04 02:32:42.326,1.88012,1.88027,1.20,1.12
2014.12.04 02:32:42.530,1.88009,1.88024,1.60,1.12
2014.12.04 02:32:42.582,1.88009,1.88025,1.31,1.45
2014.12.04 02:32:42.734,1.88009,1.88025,1.20,1.85
2014.12.04 02:32:43.258,1.88008,1.88022,1.75,1.00
2014.12.04 02:32:43.462,1.88008,1.88022,1.12,1.50
2014.12.04 02:32:44.087,1.88007,1.88022,1.12,1.87
2014.12.04 02:32:48.367,1.88005,1.88022,1.82,1.87
2014.12.04 02:32:48.418,1.88005,1.88021,1.17,1.12
2014.12.04 02:32:51.480,1.88004,1.88022,5.14,1.50
2014.12.04 02:32:51.532,1.88007,1.88022,1.95,1.00
2014.12.04 02:32:51.686,1.88008,1.88023,1.27,1.10
2014.12.04 02:32:51.889,1.8801,1.88027,1.45,1.12
2014.12.04 02:32:54.237,1.8801,1.88023,1.45,1.00
2014.12.04 02:33:00.299,1.88009,1.88023,1.75,1.00
2014.12.04 02:33:00.350,1.88009,1.88025,1.12,1.00
2014.12.04 02:33:01.301,1.88009,1.88023,1.12,1.00
2014.12.04 02:33:01.871,1.88009,1.88025,1.12,1.00
2014.12.04 02:33:02.125,1.88011,1.88028,1.52,1.10
2014.12.04 02:33:02.479,1.8801,1.88028,1.12,1.00
2014.12.04 02:33:03.383,1.88009,1.88027,1.55,1.00
2014.12.04 02:33:03.737,1.88008,1.88027,1.25,1.10
2014.12.04 02:33:05.136,1.88008,1.88027,1.20,1.10
2014.12.04 02:33:05.390,1.88008,1.88022,1.20,1.00
2014.12.04 02:33:06.749,1.88006,1.88022,3.97,1.00
2014.12.04 02:33:06.800,1.88009,1.88024,1.12,1.10
2014.12.04 02:33:07.447,1.88009,1.88022,1.12,1.00
2014.12.04 02:33:09.162,1.88008,1.88022,1.95,1.00
2014.12.04 02:33:09.213,1.88007,1.88024,2.40,1.00
2014.12.04 02:33:09.264,1.88009,1.88027,1.95,2.06
2014.12.04 02:33:09.467,1.88009,1.88027,1.65,1.00
2014.12.04 02:33:09.719,1.88009,1.88027,1.90,1.50
2014.12.04 02:33:11.771,1.8801,1.88022,1.75,1.00
2014.12.04 02:33:12.024,1.88008,1.88022,1.12,1.00
2014.12.04 02:33:14.253,1.88008,1.88022,2.62,1.00
2014.12.04 02:33:14.304,1.8801,1.88023,2.02,1.10
2014.12.04 02:33:14.425,1.88012,1.88027,1.20,1.10
2014.12.04 02:33:14.577,1.88014,1.88027,1.12,1.00
2014.12.04 02:33:15.538,1.88014,1.8803,1.12,1.57
2014.12.04 02:33:17.020,1.88016,1.88031,1.57,1.12
2014.12.04 02:33:17.223,1.88022,1.88035,1.30,1.12
2014.12.04 02:33:17.273,1.88022,1.88036,1.72,1.85
2014.12.04 02:33:17.324,1.88023,1.88037,1.25,1.12
2014.12.04 02:33:18.852,1.88022,1.88036,1.10,1.12
2014.12.04 02:33:18.954,1.88018,1.88033,1.39,1.12
2014.12.04 02:33:19.262,1.88018,1.88032,1.10,1.12
2014.12.04 02:33:19.313,1.88014,1.88031,2.44,1.75
2014.12.04 02:33:20.042,1.88013,1.88029,1.16,1.20
2014.12.04 02:33:20.093,1.88013,1.88029,1.16,1.87
2014.12.04 02:33:21.001,1.88012,1.88028,2.25,2.32
2014.12.04 02:33:21.153,1.8801,1.88027,1.00,1.42
2014.12.04 02:33:21.204,1.8801,1.88023,1.00,1.00
2014.12.04 02:33:21.305,1.88007,1.88023,1.10,1.00
2014.12.04 02:33:21.833,1.88007,1.88023,1.72,1.00
2014.12.04 02:33:21.934,1.88007,1.88024,2.70,1.00
2014.12.04 02:33:22.251,1.88011,1.88024,1.12,1.00
2014.12.04 02:33:23.262,1.88011,1.88021,1.12,1.00
2014.12.04 02:33:23.565,1.88011,1.88023,1.12,1.00
2014.12.04 02:33:29.539,1.88011,1.88026,1.12,1.00
2014.12.04 02:33:30.051,1.88012,1.88026,1.12,1.00
2014.12.04 02:33:32.134,1.88013,1.88025,1.75,1.69
2014.12.04 02:33:32.286,1.88009,1.88026,1.87,2.04
2014.12.04 02:33:32.664,1.88009,1.88024,1.12,1.00
2014.12.04 02:33:32.715,1.88012,1.88024,1.75,1.00
2014.12.04 02:33:32.918,1.88012,1.88027,1.75,1.20
2014.12.04 02:33:33.121,1.88012,1.88024,2.25,1.12
2014.12.04 02:33:33.273,1.88009,1.88024,1.87,1.12
2014.12.04 02:33:33.374,1.88012,1.88026,1.75,1.57
2014.12.04 02:33:33.526,1.88012,1.88026,1.75,1.10
2014.12.04 02:33:33.829,1.88012,1.88029,1.75,1.15
2014.12.04 02:33:34.636,1.88012,1.88029,1.75,1.65
2014.12.04 02:33:34.688,1.88008,1.88025,1.87,1.00
2014.12.04 02:33:34.790,1.88014,1.88027,1.12,1.20
2014.12.04 02:33:40.606,1.88016,1.8803,1.27,1.75
2014.12.04 02:33:40.657,1.88016,1.8803,1.95,1.00
2014.12.04 02:33:40.708,1.88019,1.8803,1.57,1.00
2014.12.04 02:33:40.961,1.88024,1.88035,1.12,1.00
2014.12.04 02:33:41.063,1.88024,1.8804,1.00,1.85
2014.12.04 02:33:41.315,1.88021,1.88038,1.50,1.20
2014.12.04 02:33:42.026,1.88021,1.88038,1.12,2.47
2014.12.04 02:33:42.330,1.88022,1.88037,1.87,1.12
2014.12.04 02:33:42.381,1.88023,1.88038,1.12,1.20
2014.12.04 02:33:43.190,1.88023,1.88036,1.12,1.00
2014.12.04 02:33:43.596,1.88023,1.88036,1.12,1.07
2014.12.04 02:33:43.697,1.88019,1.88036,1.87,2.70
2014.12.04 02:33:44.772,1.88021,1.88033,1.12,1.10
2014.12.04 02:33:45.025,1.88022,1.88036,1.12,1.27
2014.12.04 02:33:45.279,1.88018,1.88034,1.12,1.57
2014.12.04 02:33:45.899,1.88021,1.88034,1.12,1.10
2014.12.04 02:33:46.050,1.88021,1.88037,1.75,1.20
2014.12.04 02:33:46.102,1.88022,1.88037,1.12,1.10
2014.12.04 02:33:47.035,1.88024,1.88039,1.75,1.20
2014.12.04 02:33:47.802,1.88025,1.88042,1.95,1.00
2014.12.04 02:33:48.107,1.88027,1.88043,1.20,1.12
2014.12.04 02:33:51.399,1.88027,1.88041,1.12,1.00
2014.12.04 02:33:51.918,1.88029,1.88044,1.12,1.95
2014.12.04 02:33:52.835,1.8803,1.88046,1.12,1.72
2014.12.04 02:33:53.139,1.88026,1.88044,4.50,1.85
2014.12.04 02:33:53.190,1.88026,1.88043,1.50,1.12
2014.12.04 02:33:54.055,1.88027,1.88042,1.12,1.10
2014.12.04 02:33:54.886,1.88028,1.88042,1.12,1.10
2014.12.04 02:33:55.434,1.88031,1.88042,1.12,1.00
2014.12.04 02:33:56.082,1.88031,1.88042,1.12,1.46
2014.12.04 02:33:56.285,1.88022,1.8804,1.12,1.27
2014.12.04 02:33:56.336,1.88022,1.8804,1.87,2.40
2014.12.04 02:33:56.640,1.88026,1.88039,1.12,1.10
2014.12.04 02:33:57.227,1.88028,1.88039,1.12,1.00
2014.12.04 02:33:57.581,1.88028,1.88044,1.12,1.20
2014.12.04 02:33:57.986,1.88027,1.88041,1.75,1.31
2014.12.04 02:33:58.037,1.88025,1.88041,1.00,2.51
2014.12.04 02:33:58.239,1.88024,1.8804,1.12,1.00
2014.12.04 02:33:58.442,1.88026,1.88044,1.20,1.12
2014.12.04 02:33:58.544,1.88028,1.88044,1.12,1.12
2014.12.04 02:33:58.851,1.88031,1.88046,1.12,1.12
2014.12.04 02:34:00.080,1.88031,1.88045,1.12,1.20
2014.12.04 02:34:00.233,1.88027,1.88044,1.12,2.81
2014.12.04 02:34:00.284,1.88026,1.8804,1.75,1.01
2014.12.04 02:34:00.335,1.88024,1.88039,1.10,1.46
2014.12.04 02:34:00.437,1.88024,1.88041,1.87,2.81
2014.12.04 02:34:00.954,1.88024,1.8804,1.12,1.20
2014.12.04 02:34:01.309,1.88027,1.8804,1.12,1.00
2014.12.04 02:34:01.623,1.88024,1.8804,3.75,2.47
2014.12.04 02:34:01.674,1.88021,1.8804,1.12,2.85
2014.12.04 02:34:02.677,1.88021,1.88039,1.12,1.65
2014.12.04 02:34:02.728,1.88021,1.88038,1.12,1.65
2014.12.04 02:34:03.048,1.88019,1.88036,3.75,1.12
2014.12.04 02:34:03.099,1.88017,1.88034,2.06,1.12
2014.12.04 02:34:10.065,1.88017,1.88033,1.57,1.12
2014.12.04 02:34:10.116,1.88017,1.88032,1.20,1.75
2014.12.04 02:34:13.732,1.88017,1.88034,1.75,2.40
2014.12.04 02:34:15.345,1.88019,1.88036,1.20,1.87
2014.12.04 02:34:15.736,1.88019,1.88036,1.87,1.95
2014.12.04 02:34:16.040,1.88019,1.88035,1.12,1.00
2014.12.04 02:34:16.242,1.8802,1.88035,1.12,1.00
2014.12.04 02:34:16.400,1.88022,1.88038,1.75,1.01
2014.12.04 02:34:16.705,1.8802,1.88036,1.57,1.12
2014.12.04 02:34:17.164,1.8802,1.88034,1.00,1.75
2014.12.04 02:34:19.427,1.8802,1.88035,1.12,1.12
2014.12.04 02:34:19.962,1.8802,1.88035,1.87,1.12
2014.12.04 02:34:29.686,1.8802,1.88034,1.00,1.12
2014.12.04 02:34:31.770,1.8802,1.88035,1.20,1.12
2014.12.04 02:34:32.274,1.8802,1.88035,1.27,1.12
2014.12.04 02:34:33.650,1.8802,1.88035,1.30,1.12
2014.12.04 02:34:33.853,1.8802,1.88033,1.10,1.35
2014.12.04 02:34:34.094,1.88018,1.88031,1.00,1.75
2014.12.04 02:34:34.311,1.88012,1.88029,1.50,1.20
2014.12.04 02:34:34.514,1.88012,1.88029,1.12,1.85
2014.12.04 02:34:35.149,1.88012,1.88027,1.10,1.12
2014.12.04 02:34:37.454,1.88012,1.88029,1.20,1.87
2014.12.04 02:34:37.758,1.88017,1.88029,1.87,1.00
2014.12.04 02:34:37.859,1.88018,1.88034,2.02,1.12
2014.12.04 02:34:38.263,1.8802,1.88035,1.27,1.00
2014.12.04 02:34:38.314,1.88024,1.88035,1.37,1.00
2014.12.04 02:34:38.619,1.88032,1.88042,1.12,1.00
2014.12.04 02:34:38.720,1.88032,1.88047,1.87,1.12
2014.12.04 02:34:38.922,1.88034,1.88049,1.12,1.95
2014.12.04 02:34:39.075,1.88038,1.88052,2.25,1.50
2014.12.04 02:34:39.126,1.88039,1.88052,1.12,1.00
2014.12.04 02:34:39.177,1.88042,1.88056,1.12,1.27
2014.12.04 02:34:39.278,1.88039,1.88056,1.00,1.17
2014.12.04 02:34:39.380,1.88039,1.88056,1.00,1.57
2014.12.04 02:34:40.667,1.88039,1.88056,1.27,1.76
2014.12.04 02:34:40.970,1.88043,1.88057,1.12,1.47
2014.12.04 02:34:41.021,1.88038,1.88057,1.57,1.20
2014.12.04 02:34:41.072,1.88038,1.88057,1.50,1.46
2014.12.04 02:34:42.177,1.88037,1.88057,1.75,2.15
2014.12.04 02:34:42.228,1.88036,1.88053,1.87,1.12
2014.12.04 02:34:42.734,1.88036,1.88052,1.12,1.54
2014.12.04 02:34:42.886,1.88034,1.88051,1.12,1.52
2014.12.04 02:34:43.744,1.88035,1.88052,1.72,2.25
2014.12.04 02:34:43.795,1.88037,1.88052,1.27,1.00
2014.12.04 02:34:43.947,1.88037,1.88057,2.00,2.62
2014.12.04 02:34:43.997,1.88039,1.88057,1.45,2.62
2014.12.04 02:34:45.246,1.8804,1.88058,4.57,1.75
2014.12.04 02:34:54.626,1.88043,1.88057,1.12,1.57
2014.12.04 02:34:54.779,1.88039,1.88054,1.12,1.90
2014.12.04 02:34:54.880,1.88038,1.88052,1.20,1.46
2014.12.04 02:34:54.982,1.88034,1.88052,1.12,1.91
2014.12.04 02:34:55.266,1.88032,1.88049,1.12,1.95
2014.12.04 02:34:55.317,1.88031,1.88048,1.12,1.52
2014.12.04 02:34:59.811,1.88029,1.88046,1.12,1.87
2014.12.04 02:35:05.994,1.88032,1.88046,1.76,1.12
2014.12.04 02:35:06.045,1.88033,1.88047,1.31,1.12
2014.12.04 02:35:06.147,1.88037,1.88049,1.12,1.57
2014.12.04 02:35:06.198,1.88037,1.88051,1.65,1.12
2014.12.04 02:35:06.300,1.88039,1.88056,1.50,1.12
2014.12.04 02:35:08.929,1.88039,1.88057,5.44,1.75
2014.12.04 02:35:11.078,1.88043,1.88057,1.20,1.12
2014.12.04 02:35:11.280,1.88043,1.8806,1.95,1.12
2014.12.04 02:35:11.331,1.88045,1.88062,3.75,1.87
2014.12.04 02:35:11.382,1.88048,1.88063,1.12,1.12
2014.12.04 02:35:11.483,1.88048,1.88065,1.17,1.10
2014.12.04 02:35:11.535,1.88048,1.88065,1.90,1.00
2014.12.04 02:35:11.737,1.88052,1.88068,1.20,1.20
2014.12.04 02:35:11.788,1.88052,1.88068,1.85,1.57
2014.12.04 02:35:13.005,1.88054,1.88071,1.20,1.20
2014.12.04 02:35:13.208,1.88056,1.88072,1.07,1.12
2014.12.04 02:35:13.360,1.88057,1.88074,2.15,1.75
2014.12.04 02:35:13.411,1.88058,1.88076,1.95,1.12
2014.12.04 02:35:13.462,1.8806,1.88077,1.52,1.12
2014.12.04 02:35:13.664,1.88063,1.88078,1.12,1.12
2014.12.04 02:35:14.959,1.88061,1.88078,1.12,1.12
2014.12.04 02:35:15.010,1.8806,1.88075,1.95,1.12
2014.12.04 02:35:22.246,1.88061,1.88076,1.60,1.12
2014.12.04 02:35:22.718,1.88058,1.88075,1.12,1.45
2014.12.04 02:35:22.769,1.88057,1.88074,1.50,4.27
2014.12.04 02:35:22.820,1.88054,1.8807,1.95,1.12
2014.12.04 02:35:23.124,1.88057,1.88074,1.12,2.14
2014.12.04 02:35:23.428,1.88058,1.88071,1.12,1.00
2014.12.04 02:35:23.479,1.88057,1.88071,1.75,1.00
2014.12.04 02:35:25.074,1.88057,1.88071,1.12,1.50
2014.12.04 02:35:25.529,1.88056,1.88073,3.82,1.12
2014.12.04 02:35:26.074,1.88058,1.88075,1.12,1.87
2014.12.04 02:35:26.521,1.88056,1.88073,1.12,1.71
2014.12.04 02:35:26.572,1.88055,1.88071,1.12,1.16
2014.12.04 02:35:26.724,1.88053,1.88071,1.12,1.84
2014.12.04 02:35:26.775,1.88052,1.88071,1.75,2.59
2014.12.04 02:35:29.916,1.88051,1.88069,1.12,4.09
2014.12.04 02:35:29.967,1.88049,1.88066,1.12,1.12
2014.12.04 02:35:35.845,1.88049,1.88067,4.12,1.75
2014.12.04 02:35:45.011,1.88052,1.88069,4.12,1.12
2014.12.04 02:35:45.061,1.88055,1.8807,1.12,1.12
2014.12.04 02:35:49.514,1.88054,1.8807,1.12,1.12
2014.12.04 02:35:50.269,1.88052,1.88069,1.12,1.12
2014.12.04 02:35:51.137,1.88052,1.88074,7.12,4.50
2014.12.04 02:35:51.188,1.88058,1.88074,1.10,1.00
2014.12.04 02:35:51.291,1.88064,1.88074,1.45,1.00
2014.12.04 02:35:51.444,1.88064,1.88079,1.27,1.12
2014.12.04 02:35:51.545,1.88067,1.88083,1.05,1.75
2014.12.04 02:35:51.698,1.88067,1.88084,1.72,1.87
2014.12.04 02:35:51.856,1.88067,1.88084,2.70,1.20
2014.12.04 02:35:52.375,1.88069,1.88084,1.12,1.00
2014.12.04 02:35:52.636,1.8807,1.88088,1.12,2.70
2014.12.04 02:36:02.799,1.88069,1.88088,2.32,4.12
2014.12.04 02:36:05.545,1.88069,1.88085,1.57,1.75
2014.12.04 02:36:08.884,1.88069,1.88082,1.20,1.12
2014.12.04 02:36:09.644,1.88069,1.88085,1.20,1.12
2014.12.04 02:36:09.695,1.88069,1.88086,1.57,1.75
2014.12.04 02:36:09.999,1.88069,1.88083,1.10,1.12
2014.12.04 02:36:12.173,1.88067,1.88082,1.45,1.20
2014.12.04 02:36:12.479,1.8806,1.8807,1.00,1.31
2014.12.04 02:36:12.581,1.88054,1.8807,1.57,1.31
2014.12.04 02:36:13.516,1.88056,1.88071,1.12,1.12
2014.12.04 02:36:14.003,1.88057,1.88071,2.70,1.12
2014.12.04 02:36:14.206,1.88062,1.8808,1.46,2.02
2014.12.04 02:36:14.711,1.88062,1.88079,1.45,1.17
2014.12.04 02:36:15.015,1.88061,1.88074,1.50,1.00
2014.12.04 02:36:15.593,1.8806,1.88074,1.75,1.00
2014.12.04 02:36:15.898,1.88065,1.88077,1.12,1.00
2014.12.04 02:36:15.949,1.88066,1.8808,1.12,1.00
2014.12.04 02:36:16.151,1.88069,1.88083,1.12,1.20
2014.12.04 02:36:17.605,1.88064,1.88079,1.12,1.12
2014.12.04 02:36:17.959,1.88065,1.8808,1.75,1.20
2014.12.04 02:36:18.705,1.88067,1.88082,1.12,1.12
2014.12.04 02:36:20.532,1.88066,1.88082,1.75,1.75
2014.12.04 02:36:21.855,1.88062,1.8808,4.57,1.65
2014.12.04 02:36:21.906,1.8806,1.88077,2.06,1.00
2014.12.04 02:36:22.275,1.8806,1.88074,1.12,1.00
2014.12.04 02:36:22.979,1.8806,1.88074,1.12,1.17
2014.12.04 02:36:23.294,1.88056,1.88071,1.12,1.87
2014.12.04 02:36:23.446,1.88057,1.88071,1.75,1.00
2014.12.04 02:36:24.182,1.88059,1.88071,1.75,1.00
2014.12.04 02:36:24.233,1.88059,1.88074,1.75,1.20
2014.12.04 02:36:29.158,1.8806,1.88074,1.12,1.00
2014.12.04 02:36:29.775,1.8806,1.88074,4.39,1.00
2014.12.04 02:36:29.977,1.88063,1.88079,1.85,1.50
2014.12.04 02:36:30.129,1.88065,1.88079,1.75,1.00
2014.12.04 02:36:30.649,1.88065,1.88082,1.75,1.75
2014.12.04 02:36:30.902,1.88066,1.88083,1.12,1.10
2014.12.04 02:36:41.762,1.88066,1.88083,1.20,1.00
2014.12.04 02:36:44.341,1.88071,1.88083,1.12,1.00
2014.12.04 02:36:47.905,1.88071,1.88089,1.12,1.39
2014.12.04 02:36:49.622,1.88071,1.88085,1.12,1.00
2014.12.04 02:36:51.799,1.88075,1.88085,1.12,1.00
2014.12.04 02:36:53.618,1.88075,1.8809,1.12,2.21
2014.12.04 02:36:54.125,1.88076,1.8809,1.12,1.01
2014.12.04 02:36:56.503,1.88075,1.8809,1.12,1.85
2014.12.04 02:36:57.023,1.88074,1.88089,1.12,1.12
2014.12.04 02:36:59.331,1.88074,1.88086,1.12,1.00
2014.12.04 02:37:07.289,1.88072,1.88086,1.12,1.10
2014.12.04 02:37:07.340,1.88071,1.88086,1.12,1.10
2014.12.04 02:37:36.319,1.88071,1.88082,1.12,1.00
2014.12.04 02:37:39.623,1.88069,1.88082,1.75,1.00
2014.12.04 02:37:40.166,1.88069,1.88083,1.75,1.00
2014.12.04 02:37:45.055,1.88067,1.88083,1.12,1.20
2014.12.04 02:37:51.507,1.88069,1.88083,1.75,1.00
2014.12.04 02:37:52.783,1.88069,1.88085,1.75,1.50
2014.12.04 02:37:53.112,1.88071,1.88083,1.12,1.00
2014.12.04 02:37:56.583,1.88069,1.88083,1.12,1.10
2014.12.04 02:37:58.433,1.88073,1.88083,1.12,1.00
2014.12.04 02:37:58.944,1.88073,1.88086,1.12,1.10
2014.12.04 02:38:22.266,1.88073,1.88086,1.12,1.17
2014.12.04 02:38:22.317,1.88069,1.88086,1.20,2.02
2014.12.04 02:38:23.075,1.88069,1.88086,1.00,2.40
2014.12.04 02:38:35.952,1.88069,1.88086,1.09,1.00
2014.12.04 02:38:36.502,1.88069,1.88086,1.09,1.55
2014.12.04 02:38:38.996,1.88069,1.88086,1.65,1.10
2014.12.04 02:38:39.148,1.88072,1.88086,1.12,1.10
2014.12.04 02:38:45.282,1.8807,1.88086,3.82,1.20
2014.12.04 02:38:45.333,1.88069,1.88086,1.87,1.87
2014.12.04 02:38:58.153,1.88071,1.88088,1.20,1.12
2014.12.04 02:38:58.204,1.88072,1.88089,1.75,2.25
2014.12.04 02:38:59.369,1.88073,1.8809,1.87,1.12
2014.12.04 02:38:59.420,1.88074,1.88091,1.75,1.75
2014.12.04 02:39:12.101,1.88075,1.88092,1.12,1.87
2014.12.04 02:39:12.633,1.88077,1.88092,1.12,1.87
2014.12.04 02:39:14.421,1.88075,1.88091,1.12,1.12
2014.12.04 02:39:14.472,1.88075,1.8809,1.12,1.12
2014.12.04 02:39:19.946,1.88073,1.8809,1.57,1.12
2014.12.04 02:39:24.749,1.88073,1.8809,2.32,1.12
2014.12.04 02:39:25.278,1.88073,1.8809,1.72,1.12
2014.12.04 02:39:29.084,1.88073,1.88086,1.10,1.12
2014.12.04 02:39:29.388,1.88073,1.8809,1.95,1.12
2014.12.04 02:39:32.292,1.88073,1.88088,1.20,1.12
2014.12.04 02:39:45.086,1.88071,1.88087,1.87,1.57
2014.12.04 02:39:45.390,1.88067,1.8808,1.00,1.69
2014.12.04 02:39:45.644,1.88063,1.8808,1.00,1.50
2014.12.04 02:39:45.695,1.88063,1.88082,1.20,2.51
2014.12.04 02:39:45.906,1.88062,1.88076,1.45,1.00
2014.12.04 02:39:53.560,1.88065,1.88082,1.00,1.20
2014.12.04 02:39:56.326,1.88065,1.88078,1.00,1.10
2014.12.04 02:39:56.630,1.88061,1.88076,1.20,1.12
2014.12.04 02:39:56.984,1.88061,1.88077,1.87,1.20
2014.12.04 02:39:57.035,1.88062,1.88078,1.75,1.12
2014.12.04 02:40:04.041,1.88063,1.88082,1.95,1.85
2014.12.04 02:40:04.092,1.88066,1.88082,1.12,1.57
2014.12.04 02:40:04.143,1.88068,1.88082,1.12,1.50
2014.12.04 02:40:04.194,1.88069,1.88082,1.75,1.00
2014.12.04 02:40:04.683,1.88069,1.88084,1.75,1.30
2014.12.04 02:40:04.835,1.88072,1.88084,1.12,1.00
2014.12.04 02:40:05.180,1.88068,1.88084,1.20,1.20
2014.12.04 02:40:05.603,1.8807,1.88086,1.87,1.12
2014.12.04 02:40:14.691,1.88071,1.88087,1.20,1.85
2014.12.04 02:40:14.742,1.88073,1.88087,1.12,1.20
2014.12.04 02:40:18.011,1.88074,1.8809,1.12,1.87
2014.12.04 02:40:18.062,1.88075,1.8809,1.12,1.87
2014.12.04 02:40:29.914,1.88079,1.88093,1.60,1.00
2014.12.04 02:40:30.015,1.88082,1.88093,1.75,1.00
2014.12.04 02:40:30.117,1.8808,1.88097,1.87,1.57
2014.12.04 02:40:30.168,1.8808,1.88097,1.50,2.32
2014.12.04 02:40:30.219,1.8808,1.88097,1.87,1.65
2014.12.04 02:40:30.523,1.88082,1.88097,1.12,1.95
2014.12.04 02:40:30.675,1.88081,1.88096,1.12,1.27
2014.12.04 02:40:30.827,1.8808,1.88094,1.20,1.45
2014.12.04 02:40:44.005,1.88077,1.88092,1.87,1.12
2014.12.04 02:40:44.106,1.88077,1.88091,1.00,1.12
2014.12.04 02:40:44.359,1.88077,1.88093,1.76,1.12
2014.12.04 02:40:44.662,1.8808,1.88095,1.12,1.12
2014.12.04 02:40:46.824,1.8808,1.88095,1.12,1.85
2014.12.04 02:40:46.875,1.88081,1.88095,1.12,1.20
2014.12.04 02:40:47.078,1.88078,1.88095,1.12,1.87
2014.12.04 02:40:57.834,1.88081,1.88095,1.00,1.45
2014.12.04 02:40:59.243,1.88078,1.88094,1.12,1.20
2014.12.04 02:41:01.032,1.88077,1.88092,1.87,1.12
2014.12.04 02:41:02.466,1.88077,1.88091,1.00,1.12
2014.12.04 02:41:02.568,1.88074,1.88089,1.50,1.27
2014.12.04 02:41:02.619,1.88074,1.88089,1.00,1.57
2014.12.04 02:41:02.923,1.88073,1.88085,1.00,1.12
2014.12.04 02:41:03.327,1.8807,1.88085,1.12,1.12
2014.12.04 02:41:03.429,1.88073,1.88085,1.00,1.12
2014.12.04 02:41:10.054,1.8807,1.88085,1.27,1.12
2014.12.04 02:41:10.413,1.88072,1.88086,1.27,1.12
2014.12.04 02:41:11.575,1.88072,1.88086,1.95,1.12
2014.12.04 02:41:12.966,1.88074,1.88091,1.12,1.87
2014.12.04 02:41:14.229,1.88073,1.8809,1.20,1.12
2014.12.04 02:41:14.280,1.88072,1.88089,2.40,1.75
2014.12.04 02:41:21.216,1.88072,1.88089,3.26,1.75
2014.12.04 02:41:21.317,1.88074,1.88091,1.52,1.87
2014.12.04 02:41:24.483,1.88075,1.88091,2.14,1.87
2014.12.04 02:41:24.786,1.88084,1.88098,1.12,1.50
2014.12.04 02:41:24.837,1.88085,1.88098,1.75,1.00
2014.12.04 02:41:24.938,1.88086,1.88098,1.12,1.00
2014.12.04 02:41:25.276,1.88085,1.88098,1.12,1.10
2014.12.04 02:41:29.659,1.88086,1.88101,1.12,1.10
2014.12.04 02:41:29.760,1.88084,1.88098,1.20,1.12
2014.12.04 02:41:30.064,1.88085,1.881,1.12,1.12
2014.12.04 02:41:30.758,1.88082,1.88098,1.87,1.20
2014.12.04 02:41:36.467,1.88081,1.88097,1.57,1.47
2014.12.04 02:41:36.568,1.88077,1.88094,1.12,1.87
2014.12.04 02:41:36.871,1.88077,1.8809,1.12,1.00
2014.12.04 02:41:38.452,1.88075,1.8809,1.27,1.87
2014.12.04 02:41:40.145,1.88076,1.8809,1.27,1.87
2014.12.04 02:41:40.311,1.88077,1.88093,1.95,1.12
2014.12.04 02:41:43.299,1.88078,1.88095,1.27,1.87
2014.12.04 02:41:55.679,1.88082,1.88095,1.00,1.12
2014.12.04 02:41:56.297,1.88082,1.88094,1.00,4.09
2014.12.04 02:41:56.601,1.88079,1.88085,1.00,1.12
2014.12.04 02:41:56.702,1.88076,1.88085,1.00,1.12
2014.12.04 02:41:56.804,1.88072,1.88085,1.20,1.12
2014.12.04 02:41:57.326,1.88072,1.88084,1.10,1.12
2014.12.04 02:42:05.090,1.88072,1.88086,1.10,1.12
2014.12.04 02:42:05.141,1.88072,1.88087,1.20,1.75
2014.12.04 02:42:05.888,1.88072,1.88087,1.27,1.75
2014.12.04 02:42:05.990,1.88073,1.88088,1.55,1.12
2014.12.04 02:42:11.158,1.88072,1.88087,1.12,1.12
2014.12.04 02:42:11.462,1.88069,1.88084,2.06,1.12
2014.12.04 02:42:13.356,1.88071,1.88086,1.12,1.87
2014.12.04 02:42:23.134,1.88073,1.88086,1.01,1.12
2014.12.04 02:42:23.185,1.88075,1.88092,2.81,1.87
2014.12.04 02:42:23.236,1.88077,1.88092,1.01,1.12
2014.12.04 02:42:23.287,1.88078,1.88095,2.32,1.75
2014.12.04 02:42:23.338,1.88079,1.88095,1.12,1.12
2014.12.04 02:42:23.866,1.88081,1.88094,1.12,1.10
2014.12.04 02:42:25.436,1.88078,1.88094,1.12,1.50
2014.12.04 02:42:25.487,1.88079,1.88094,1.10,1.12
2014.12.04 02:42:29.625,1.88076,1.88092,1.75,1.75
2014.12.04 02:42:34.207,1.88076,1.88091,1.87,1.12
2014.12.04 02:42:40.519,1.88079,1.88095,1.57,1.75
2014.12.04 02:42:40.621,1.8808,1.88096,1.01,1.12
2014.12.04 02:42:40.672,1.8808,1.88097,2.00,1.75
2014.12.04 02:42:41.293,1.88079,1.88095,1.76,1.75
2014.12.04 02:42:47.444,1.88079,1.88094,1.20,1.20
2014.12.04 02:42:47.981,1.88076,1.88092,1.12,1.57
2014.12.04 02:42:49.302,1.88075,1.88092,1.87,1.85
2014.12.04 02:42:49.759,1.88077,1.88092,1.12,1.87
2014.12.04 02:42:53.081,1.88078,1.88092,1.20,1.00
2014.12.04 02:42:53.594,1.88078,1.88092,1.45,1.00
2014.12.04 02:42:53.749,1.88078,1.88095,1.45,1.10
2014.12.04 02:42:55.727,1.88078,1.88095,3.07,1.00
2014.12.04 02:42:55.879,1.88082,1.88099,1.20,1.50
2014.12.04 02:42:56.059,1.88085,1.88102,1.00,2.44
2014.12.04 02:42:57.349,1.88085,1.88102,1.20,1.00
2014.12.04 02:42:57.450,1.88085,1.88102,5.70,1.00
2014.12.04 02:42:57.804,1.8809,1.88105,1.75,1.00
2014.12.04 02:42:58.435,1.88091,1.88105,1.12,1.20
2014.12.04 02:43:01.648,1.88088,1.88105,1.87,1.87
2014.12.04 02:43:06.162,1.88091,1.88105,1.12,1.20
2014.12.04 02:43:06.791,1.8809,1.88105,1.12,1.85
2014.12.04 02:43:07.449,1.88089,1.88104,1.12,1.12
2014.12.04 02:43:11.422,1.88088,1.88104,1.87,1.12
2014.12.04 02:43:11.944,1.88088,1.88103,1.12,1.12
2014.12.04 02:43:18.336,1.88088,1.88104,1.75,1.75
2014.12.04 02:43:25.730,1.88088,1.88105,1.87,1.27
2014.12.04 02:43:26.035,1.88091,1.88105,1.46,1.10
2014.12.04 02:43:26.238,1.88094,1.88108,1.45,1.20
2014.12.04 02:43:26.289,1.88095,1.88108,1.12,1.00
2014.12.04 02:43:26.390,1.88097,1.88112,1.75,1.20
2014.12.04 02:43:26.947,1.88095,1.88112,1.75,2.25
2014.12.04 02:43:27.302,1.88095,1.88108,1.75,1.00
2014.12.04 02:43:27.810,1.88093,1.88108,1.09,1.57
2014.12.04 02:43:32.344,1.88091,1.88107,1.39,1.12
2014.12.04 02:43:40.114,1.88088,1.88105,1.87,1.20
2014.12.04 02:43:40.165,1.88088,1.88105,1.87,1.87
2014.12.04 02:43:44.642,1.8809,1.88105,1.12,1.87
2014.12.04 02:43:44.998,1.88092,1.88105,1.12,1.00
2014.12.04 02:43:45.201,1.88095,1.88109,1.12,1.00
2014.12.04 02:43:45.302,1.88097,1.88109,1.75,1.00
2014.12.04 02:43:47.838,1.88097,1.88112,1.75,1.20
2014.12.04 02:43:48.142,1.88096,1.88111,1.12,1.07
2014.12.04 02:43:48.294,1.88093,1.88109,1.12,1.27
2014.12.04 02:43:48.345,1.88093,1.88109,1.12,2.21
2014.12.04 02:43:48.396,1.88091,1.88106,1.75,1.30
2014.12.04 02:43:48.699,1.88089,1.88106,1.87,1.95
2014.12.04 02:43:52.907,1.88092,1.88106,1.12,1.10
2014.12.04 02:43:53.426,1.88094,1.88106,1.75,1.00
2014.12.04 02:43:53.931,1.88095,1.88106,1.75,1.00
2014.12.04 02:43:54.033,1.88095,1.88111,1.75,1.20
2014.12.04 02:43:54.640,1.88093,1.88111,1.85,1.50
2014.12.04 02:43:55.982,1.88097,1.88111,1.75,1.00
2014.12.04 02:43:56.487,1.88096,1.88111,1.12,1.00
2014.12.04 02:43:59.793,1.88097,1.88111,2.59,1.00
2014.12.04 02:44:00.097,1.88106,1.88118,1.12,1.00
2014.12.04 02:44:00.958,1.88106,1.8812,1.12,1.20
2014.12.04 02:44:01.273,1.88107,1.88124,1.12,2.02
2014.12.04 02:44:01.577,1.88109,1.88124,1.75,1.00
2014.12.04 02:44:08.191,1.8811,1.88127,1.50,1.30
2014.12.04 02:44:08.421,1.88113,1.88127,1.12,1.20
2014.12.04 02:44:08.725,1.88111,1.88127,1.75,1.65
2014.12.04 02:44:08.776,1.88111,1.88127,1.75,2.32
2014.12.04 02:44:08.827,1.8811,1.88125,1.20,1.82
2014.12.04 02:44:08.929,1.8811,1.88122,1.10,1.20
2014.12.04 02:44:09.107,1.88106,1.88122,1.12,1.20
2014.12.04 02:44:09.158,1.88111,1.88122,1.12,1.00
2014.12.04 02:44:09.310,1.88109,1.88124,1.12,1.45
2014.12.04 02:44:09.614,1.88112,1.88126,1.31,1.00
2014.12.04 02:44:09.716,1.88115,1.88126,1.31,1.00
2014.12.04 02:44:09.918,1.88113,1.88127,1.12,1.00
2014.12.04 02:44:09.969,1.88113,1.88131,1.87,1.12
2014.12.04 02:44:10.148,1.88117,1.88134,1.12,1.27
2014.12.04 02:44:10.603,1.88119,1.88135,1.75,1.50
2014.12.04 02:44:10.915,1.88121,1.88137,1.12,1.27
2014.12.04 02:44:11.783,1.88121,1.88137,1.12,2.02
2014.12.04 02:44:12.296,1.88119,1.88135,1.12,1.72
2014.12.04 02:44:12.599,1.88118,1.88129,1.00,1.12
2014.12.04 02:44:12.903,1.88118,1.88132,1.20,1.12
2014.12.04 02:44:16.311,1.88117,1.88137,1.00,1.57
2014.12.04 02:44:16.968,1.88117,1.88137,1.00,1.01
2014.12.04 02:44:17.221,1.88119,1.88141,1.00,1.91
2014.12.04 02:44:19.215,1.88119,1.88141,1.00,3.34
2014.12.04 02:44:19.519,1.88119,1.88138,1.00,1.52
2014.12.04 02:44:19.621,1.88115,1.88135,1.29,1.10
2014.12.04 02:44:20.221,1.88115,1.88135,1.10,1.10
2014.12.04 02:44:21.515,1.88115,1.88135,1.46,1.10
2014.12.04 02:44:21.566,1.88115,1.88135,2.14,1.00
2014.12.04 02:44:21.972,1.88119,1.88139,1.00,1.46
2014.12.04 02:44:23.359,1.88119,1.88139,1.25,1.95
2014.12.04 02:44:23.698,1.88114,1.88134,1.84,1.00
2014.12.04 02:44:24.051,1.88114,1.88134,1.36,1.00
2014.12.04 02:44:24.153,1.88117,1.88136,1.00,1.10
2014.12.04 02:44:25.829,1.88117,1.88136,1.00,1.47
2014.12.04 02:44:26.334,1.88115,1.88136,1.26,1.57
2014.12.04 02:44:26.796,1.88119,1.88136,1.00,1.47
2014.12.04 02:44:26.897,1.88116,1.88136,1.01,1.87
2014.12.04 02:44:27.302,1.88116,1.88136,2.44,1.12
2014.12.04 02:44:27.352,1.88118,1.88138,1.57,1.00
2014.12.04 02:44:27.403,1.88118,1.88138,1.07,1.07
2014.12.04 02:44:27.707,1.88114,1.88134,1.25,1.65
2014.12.04 02:44:28.213,1.88114,1.88134,1.76,1.00
2014.12.04 02:44:28.316,1.88115,1.88134,1.50,1.00
2014.12.04 02:44:29.106,1.88116,1.88134,1.30,1.00
2014.12.04 02:44:29.611,1.88117,1.88134,1.55,1.00
2014.12.04 02:44:29.870,1.88123,1.88143,1.65,1.00
2014.12.04 02:44:30.224,1.88127,1.88143,1.00,1.00
2014.12.04 02:44:30.427,1.88123,1.88143,1.72,1.00
2014.12.04 02:44:30.966,1.88123,1.88143,1.00,1.25
2014.12.04 02:44:31.589,1.88123,1.88143,1.00,1.20
2014.12.04 02:44:32.386,1.88123,1.88143,1.65,1.10
2014.12.04 02:44:33.475,1.88124,1.88143,2.14,1.00
2014.12.04 02:44:34.385,1.88124,1.88143,1.12,1.17
2014.12.04 02:44:34.588,1.88123,1.88143,1.00,1.84
2014.12.04 02:44:35.095,1.88123,1.88143,1.25,1.00
2014.12.04 02:44:35.247,1.88123,1.88143,1.91,1.00
2014.12.04 02:44:36.796,1.88123,1.88143,1.00,1.47
2014.12.04 02:44:37.302,1.88123,1.88143,1.00,1.52
2014.12.04 02:44:37.454,1.88117,1.88139,2.29,1.00
2014.12.04 02:44:37.808,1.88117,1.88139,1.20,1.46
2014.12.04 02:44:38.314,1.88117,1.88139,1.17,1.09
2014.12.04 02:44:39.000,1.88117,1.88139,1.00,1.95
2014.12.04 02:44:39.303,1.88111,1.88132,2.14,1.10
2014.12.04 02:44:39.838,1.88111,1.88132,2.14,1.47
2014.12.04 02:44:39.889,1.88111,1.88132,1.87,1.95
2014.12.04 02:44:39.991,1.88109,1.88127,1.12,1.00
2014.12.04 02:44:40.244,1.88108,1.88127,1.20,1.00
2014.12.04 02:44:40.396,1.88109,1.88127,1.65,1.00
2014.12.04 02:44:40.751,1.88111,1.88133,1.34,1.10
2014.12.04 02:44:40.801,1.88111,1.88133,1.19,1.57
2014.12.04 02:44:41.004,1.88111,1.88132,1.00,3.00
2014.12.04 02:44:41.105,1.88107,1.88127,1.01,1.10
2014.12.04 02:44:41.408,1.88105,1.88125,1.64,1.00
2014.12.04 02:44:42.085,1.88108,1.88125,1.31,1.00
2014.12.04 02:44:42.187,1.88109,1.88131,1.39,1.15
2014.12.04 02:44:42.289,1.88109,1.8813,1.39,1.50
2014.12.04 02:44:42.593,1.88106,1.88128,2.14,1.10
2014.12.04 02:44:44.106,1.88106,1.88128,2.14,1.10
2014.12.04 02:44:45.080,1.88106,1.88128,2.14,1.10
2014.12.04 02:44:45.902,1.88107,1.88128,1.09,1.10
2014.12.04 02:44:48.825,1.88106,1.88128,2.29,1.17
2014.12.04 02:44:49.886,1.88106,1.88128,1.54,1.17
2014.12.04 02:44:49.988,1.88105,1.88125,1.31,1.00
2014.12.04 02:44:50.505,1.88108,1.88125,1.00,1.00
2014.12.04 02:44:51.162,1.88104,1.88125,1.71,1.00
2014.12.04 02:44:51.667,1.88104,1.88125,1.71,1.00
2014.12.04 02:44:52.030,1.88104,1.88125,1.64,1.15
2014.12.04 02:44:52.182,1.88103,1.88124,1.57,1.20
2014.12.04 02:44:52.334,1.88099,1.88121,1.84,1.57
2014.12.04 02:44:52.587,1.88098,1.88117,1.84,1.00
2014.12.04 02:44:53.143,1.88099,1.88117,1.16,1.00
2014.12.04 02:44:53.194,1.88099,1.88121,2.89,1.00
2014.12.04 02:44:53.447,1.88101,1.88121,1.52,1.00
2014.12.04 02:44:53.548,1.881,1.88121,1.16,1.00
2014.12.04 02:44:55.910,1.88101,1.88121,1.87,1.00
2014.12.04 02:44:56.213,1.88099,1.88121,1.34,1.00
2014.12.04 02:44:57.690,1.88099,1.88121,1.15,3.37
2014.12.04 02:44:58.015,1.8809,1.88109,1.44,1.00
2014.12.04 02:44:58.116,1.88092,1.88109,1.76,1.00
2014.12.04 02:44:58.470,1.88095,1.88115,1.10,1.20
2014.12.04 02:44:58.637,1.88097,1.88115,1.10,1.20
2014.12.04 02:44:58.941,1.88098,1.88118,1.57,1.00
2014.12.04 02:45:00.229,1.88098,1.88118,1.36,1.00
2014.12.04 02:45:00.753,1.88098,1.88118,1.29,1.00
2014.12.04 02:45:01.304,1.88098,1.88118,1.10,1.00
2014.12.04 02:45:01.832,1.88098,1.88118,1.00,1.27
2014.12.04 02:45:02.149,1.88098,1.88118,1.10,1.31
2014.12.04 02:45:02.200,1.88095,1.88115,2.51,1.00
2014.12.04 02:45:02.504,1.88103,1.88115,1.20,1.00
2014.12.04 02:45:02.555,1.88103,1.88118,1.20,1.00
2014.12.04 02:45:02.656,1.88104,1.88124,1.15,2.44
2014.12.04 02:45:03.338,1.88104,1.88124,1.57,2.00
2014.12.04 02:45:03.859,1.88104,1.88124,1.57,1.12
2014.12.04 02:45:04.706,1.88104,1.88124,2.32,1.00
2014.12.04 02:45:05.223,1.88104,1.88124,2.02,1.00
2014.12.04 02:45:06.051,1.88104,1.88124,1.10,1.00
2014.12.04 02:45:06.405,1.88101,1.88122,1.44,1.00
2014.12.04 02:45:07.061,1.88103,1.88124,1.10,1.46
2014.12.04 02:45:09.730,1.88103,1.88125,1.10,1.26
2014.12.04 02:45:10.820,1.88103,1.88125,1.20,1.00
2014.12.04 02:45:11.475,1.88103,1.88125,1.15,1.00
2014.12.04 02:45:14.670,1.88103,1.88125,1.56,1.00
2014.12.04 02:45:15.644,1.88103,1.88125,1.09,1.37
2014.12.04 02:45:15.949,1.88103,1.88123,1.10,1.69
2014.12.04 02:45:16.202,1.88101,1.88118,1.00,1.20
2014.12.04 02:45:16.404,1.88104,1.88118,1.00,1.05
2014.12.04 02:45:16.506,1.88096,1.88117,1.17,1.00
2014.12.04 02:45:16.709,1.88099,1.88118,1.00,1.05
2014.12.04 02:45:17.119,1.88099,1.88118,1.00,1.82
2014.12.04 02:45:17.271,1.88094,1.88114,1.37,1.31
2014.12.04 02:45:17.575,1.88095,1.88114,1.12,1.19
2014.12.04 02:45:17.676,1.88095,1.88114,1.87,1.00
2014.12.04 02:45:17.828,1.88099,1.88119,1.00,2.81
2014.12.04 02:45:18.762,1.88099,1.88119,1.00,1.50
2014.12.04 02:45:18.814,1.88101,1.88119,1.50,1.50
2014.12.04 02:45:19.067,1.88104,1.88125,1.20,1.01
2014.12.04 02:45:19.590,1.88104,1.88125,1.00,1.16
2014.12.04 02:45:21.188,1.88104,1.88123,1.17,1.00
2014.12.04 02:45:21.390,1.88104,1.88125,1.17,1.30
2014.12.04 02:45:21.928,1.88104,1.88125,1.15,1.00
2014.12.04 02:45:22.685,1.88109,1.88127,1.00,1.20
2014.12.04 02:45:22.988,1.88109,1.88127,1.00,3.11
2014.12.04 02:45:23.241,1.88104,1.88125,1.00,1.25
2014.12.04 02:45:23.495,1.88104,1.88123,1.17,1.00
2014.12.04 02:45:23.798,1.88104,1.88122,1.00,1.54
2014.12.04 02:45:24.001,1.881,1.8812,1.12,1.25
2014.12.04 02:45:24.052,1.881,1.8812,1.87,1.25
2014.12.04 02:45:24.204,1.88105,1.88125,1.34,1.00
2014.12.04 02:45:24.305,1.88108,1.88128,1.25,1.95
2014.12.04 02:45:24.356,1.88108,1.88126,1.25,1.00
2014.12.04 02:45:25.684,1.88108,1.88128,1.00,1.36
2014.12.04 02:45:25.996,1.88105,1.88122,1.00,1.00
2014.12.04 02:45:26.407,1.88102,1.88119,1.76,1.00
2014.12.04 02:45:26.771,1.88102,1.88119,1.85,1.00
2014.12.04 02:45:26.973,1.88109,1.88127,1.52,1.20
2014.12.04 02:45:27.430,1.88109,1.88127,1.57,1.10
2014.12.04 02:45:27.632,1.8811,1.88127,1.20,1.10
2014.12.04 02:45:27.960,1.8811,1.88127,1.00,1.95
2014.12.04 02:45:28.470,1.8811,1.88127,1.00,1.10
2014.12.04 02:45:29.034,1.8811,1.88127,1.65,1.00
2014.12.04 02:45:29.186,1.88115,1.88131,1.00,1.00
2014.12.04 02:45:29.338,1.88118,1.88131,1.00,1.00
2014.12.04 02:45:29.491,1.88118,1.88135,1.50,1.19
2014.12.04 02:45:29.897,1.88118,1.88135,1.00,1.69
2014.12.04 02:45:30.021,1.88115,1.88132,1.00,1.57
2014.12.04 02:45:30.174,1.88112,1.88131,1.00,1.55
2014.12.04 02:45:30.326,1.88112,1.88131,1.00,1.95
2014.12.04 02:45:30.680,1.88109,1.88126,1.65,1.00
2014.12.04 02:45:30.984,1.8811,1.88126,2.02,1.00
2014.12.04 02:45:31.136,1.8811,1.88126,1.35,1.00
2014.12.04 02:45:31.644,1.8811,1.88126,2.40,1.00
2014.12.04 02:45:31.695,1.88111,1.88126,2.14,1.00
2014.12.04 02:45:31.797,1.88113,1.88131,1.76,1.00
2014.12.04 02:45:31.898,1.88116,1.88132,1.45,1.00
2014.12.04 02:45:32.151,1.88119,1.88136,1.00,1.00
2014.12.04 02:45:32.673,1.88119,1.88135,1.00,1.00
2014.12.04 02:45:33.221,1.88114,1.88133,2.14,1.00
2014.12.04 02:45:33.322,1.88114,1.88134,1.39,1.50
2014.12.04 02:45:33.626,1.88111,1.88131,1.57,1.17
2014.12.04 02:45:34.143,1.88109,1.88129,2.81,1.50
2014.12.04 02:45:34.246,1.88107,1.88127,1.76,1.17
2014.12.04 02:45:34.348,1.88107,1.88127,1.76,1.57
2014.12.04 02:45:34.858,1.88108,1.88125,1.12,1.00
2014.12.04 02:45:36.641,1.88108,1.88125,1.12,1.07
2014.12.04 02:45:36.844,1.88103,1.8812,1.00,1.00
2014.12.04 02:45:36.945,1.88103,1.8812,1.00,1.50
2014.12.04 02:45:37.097,1.881,1.88117,1.00,1.10
2014.12.04 02:45:37.148,1.881,1.88117,1.00,1.50
2014.12.04 02:45:37.299,1.88094,1.88113,2.06,1.00
2014.12.04 02:45:37.610,1.88098,1.88113,1.29,1.00
2014.12.04 02:45:37.864,1.88101,1.88115,1.25,1.00
2014.12.04 02:45:37.965,1.88102,1.88119,1.50,1.00
2014.12.04 02:45:38.167,1.88103,1.88122,1.00,1.10
2014.12.04 02:45:38.269,1.88107,1.88122,1.00,1.10
2014.12.04 02:45:38.421,1.88107,1.88124,1.50,1.00
2014.12.04 02:45:39.108,1.88108,1.88124,1.00,1.00
2014.12.04 02:45:40.849,1.88107,1.88124,1.00,1.00
2014.12.04 02:45:45.107,1.88107,1.88124,1.20,1.00
2014.12.04 02:45:45.209,1.88109,1.88128,1.10,1.19
2014.12.04 02:45:45.905,1.88109,1.88128,1.00,1.00
2014.12.04 02:45:56.771,1.88109,1.88128,1.19,1.00
2014.12.04 02:45:58.794,1.8811,1.88128,1.62,1.00
2014.12.04 02:46:01.320,1.8811,1.88128,1.31,1.00
2014.12.04 02:46:03.733,1.88109,1.88128,2.06,1.00
2014.12.04 02:46:05.470,1.88109,1.88128,1.76,1.00
2014.12.04 02:46:06.386,1.8811,1.88128,1.07,1.00
2014.12.04 02:46:06.802,1.88113,1.88132,1.00,1.10
2014.12.04 02:46:07.106,1.88113,1.88132,1.00,2.14
2014.12.04 02:46:07.258,1.88105,1.88124,1.12,1.25
2014.12.04 02:46:07.612,1.88105,1.88122,1.12,1.00
2014.12.04 02:46:07.915,1.88107,1.88122,1.00,1.00
2014.12.04 02:46:07.966,1.88105,1.88122,1.00,1.00
2014.12.04 02:46:08.218,1.88103,1.8812,1.00,1.00
2014.12.04 02:46:08.471,1.88104,1.88123,1.00,1.69
2014.12.04 02:46:08.775,1.88102,1.88121,1.00,1.00
2014.12.04 02:46:13.724,1.88102,1.88121,1.00,1.76
2014.12.04 02:46:13.775,1.88102,1.88121,1.00,2.51
2014.12.04 02:46:13.927,1.881,1.88117,1.00,1.37
2014.12.04 02:46:14.079,1.88097,1.88115,1.29,1.37
2014.12.04 02:46:14.130,1.881,1.88117,1.00,1.37
2014.12.04 02:46:15.117,1.88098,1.88114,1.00,1.12
2014.12.04 02:46:15.420,1.88099,1.88118,1.00,1.39
2014.12.04 02:46:15.471,1.88096,1.88114,1.00,1.00
2014.12.04 02:46:15.774,1.88098,1.8811,1.00,1.00
2014.12.04 02:46:16.557,1.88096,1.8811,1.00,1.00
2014.12.04 02:46:17.078,1.88097,1.8811,1.00,1.00
2014.12.04 02:46:17.944,1.88096,1.8811,1.00,1.00
2014.12.04 02:46:18.147,1.88099,1.8811,1.00,1.00
2014.12.04 02:46:18.311,1.88099,1.88113,1.00,1.00
2014.12.04 02:46:18.362,1.88096,1.88113,1.50,1.00
2014.12.04 02:46:18.565,1.88096,1.88113,2.62,1.87
2014.12.04 02:46:19.172,1.88095,1.88112,1.12,1.12
2014.12.04 02:46:19.476,1.88093,1.88108,1.87,1.12
2014.12.04 02:46:21.870,1.88093,1.88106,1.12,3.07
2014.12.04 02:46:21.971,1.88087,1.88103,1.50,2.14
2014.12.04 02:46:22.022,1.88087,1.88101,1.12,1.39
2014.12.04 02:46:22.329,1.88084,1.88096,1.00,1.12
2014.12.04 02:46:22.839,1.88084,1.88095,1.00,1.12
2014.12.04 02:46:23.880,1.88078,1.88095,1.75,1.75
2014.12.04 02:46:25.224,1.88079,1.88097,1.12,1.87
2014.12.04 02:46:25.275,1.8808,1.88097,1.12,1.87
2014.12.04 02:46:26.088,1.88083,1.88097,1.07,1.85
2014.12.04 02:46:26.350,1.88085,1.881,1.52,1.10
2014.12.04 02:46:26.451,1.88087,1.88103,1.47,1.12
2014.12.04 02:46:26.755,1.8809,1.88105,1.12,1.12
2014.12.04 02:46:27.312,1.88087,1.88104,4.50,1.12
2014.12.04 02:46:27.363,1.88087,1.88102,1.50,1.12
2014.12.04 02:46:28.851,1.88088,1.88103,1.12,1.85
2014.12.04 02:46:28.902,1.88089,1.88103,1.12,1.20
2014.12.04 02:46:29.743,1.8809,1.88106,1.12,2.62
2014.12.04 02:46:29.794,1.88091,1.88105,1.12,1.20
2014.12.04 02:46:29.895,1.88087,1.88104,1.12,1.87
2014.12.04 02:46:29.997,1.88085,1.88102,1.75,2.25
2014.12.04 02:46:33.075,1.88089,1.88102,3.75,1.50
2014.12.04 02:46:33.126,1.88092,1.88102,1.12,1.00
2014.12.04 02:46:46.735,1.88092,1.88104,4.12,1.00
2014.12.04 02:46:47.039,1.88097,1.88104,1.12,1.00
2014.12.04 02:46:47.140,1.88097,1.88107,1.12,1.00
2014.12.04 02:46:47.191,1.88097,1.88107,4.12,1.00
2014.12.04 02:46:47.343,1.88088,1.88107,1.75,1.46
2014.12.04 02:46:47.393,1.88088,1.88103,1.75,1.00
2014.12.04 02:46:47.697,1.88086,1.88101,1.12,1.10
2014.12.04 02:46:47.748,1.88084,1.88101,1.12,1.10
2014.12.04 02:46:51.348,1.88086,1.88101,3.75,1.00
2014.12.04 02:46:52.006,1.88087,1.88101,1.12,1.10
2014.12.04 02:46:52.057,1.88086,1.88101,1.12,1.10
2014.12.04 02:46:54.409,1.88086,1.88101,1.12,1.29
2014.12.04 02:46:54.460,1.88081,1.88096,1.87,1.12
2014.12.04 02:46:54.612,1.88077,1.88095,1.01,2.62
2014.12.04 02:46:54.663,1.88075,1.88094,2.06,1.20
2014.12.04 02:46:55.118,1.8808,1.88092,1.12,1.00
2014.12.04 02:46:55.531,1.8808,1.88095,1.12,1.20
2014.12.04 02:46:56.037,1.88082,1.88095,1.12,1.00
2014.12.04 02:46:59.277,1.88082,1.88095,4.12,1.00
2014.12.04 02:46:59.836,1.88084,1.88095,1.12,1.00
2014.12.04 02:47:00.292,1.88079,1.88095,1.12,1.57
2014.12.04 02:47:04.107,1.8808,1.88095,3.82,1.10
2014.12.04 02:47:06.518,1.88083,1.88095,1.12,1.00
2014.12.04 02:47:07.764,1.88086,1.88095,1.12,1.00
2014.12.04 02:47:08.067,1.88086,1.88099,4.31,1.00
2014.12.04 02:47:08.169,1.88089,1.88099,4.12,1.00
2014.12.04 02:47:08.321,1.88092,1.88104,1.12,1.00
2014.12.04 02:47:09.642,1.8809,1.88104,1.12,1.20
2014.12.04 02:47:10.491,1.8809,1.88104,1.60,1.10
2014.12.04 02:47:11.387,1.8809,1.88104,4.31,1.00
2014.12.04 02:47:11.946,1.88094,1.88104,1.75,1.00
2014.12.04 02:47:12.098,1.88092,1.88106,1.12,1.10
2014.12.04 02:47:12.149,1.88093,1.88106,4.01,1.00
2014.12.04 02:47:12.453,1.88098,1.88108,1.75,1.00
2014.12.04 02:47:13.253,1.88099,1.88108,1.12,1.00
2014.12.04 02:47:17.214,1.881,1.88108,1.12,1.00
2014.12.04 02:47:17.265,1.88102,1.88112,1.75,1.00
2014.12.04 02:47:17.316,1.88103,1.88112,4.12,1.00
2014.12.04 02:47:17.368,1.88105,1.88115,1.31,1.00
2014.12.04 02:47:17.418,1.88106,1.88115,3.82,1.00
2014.12.04 02:47:17.469,1.88109,1.88118,1.12,1.00
2014.12.04 02:47:17.671,1.88109,1.88121,1.12,1.00
2014.12.04 02:47:18.883,1.88109,1.88123,1.12,1.00
2014.12.04 02:47:19.085,1.88108,1.88123,1.75,2.02
2014.12.04 02:47:19.388,1.88106,1.88117,1.75,1.00
2014.12.04 02:47:19.691,1.881,1.88111,1.12,1.00
2014.12.04 02:47:19.793,1.88098,1.88111,1.75,1.00
2014.12.04 02:47:19.856,1.88098,1.88109,1.75,1.00
2014.12.04 02:47:22.763,1.88096,1.88109,1.75,1.00
2014.12.04 02:47:23.088,1.88096,1.88111,2.00,1.00
2014.12.04 02:47:23.240,1.88097,1.88111,1.12,1.00
2014.12.04 02:47:23.493,1.88098,1.88115,1.31,1.87
2014.12.04 02:47:23.645,1.88098,1.88115,1.31,1.87
2014.12.04 02:47:23.949,1.88105,1.88115,1.01,1.00
2014.12.04 02:47:24.051,1.88109,1.8812,1.60,1.00
2014.12.04 02:47:24.152,1.88109,1.88123,1.60,1.20
2014.12.04 02:47:24.355,1.88109,1.88124,1.31,1.12
2014.12.04 02:47:24.860,1.88111,1.88124,1.12,1.00
2014.12.04 02:47:28.023,1.88112,1.88124,1.75,1.00
2014.12.04 02:47:28.326,1.88116,1.88128,1.29,1.00
2014.12.04 02:47:28.479,1.88116,1.88133,1.39,1.00
2014.12.04 02:47:28.984,1.88116,1.88136,1.39,1.75
2014.12.04 02:47:29.517,1.88116,1.88136,1.39,1.75
2014.12.04 02:47:30.344,1.88116,1.88136,1.39,1.75
2014.12.04 02:47:31.393,1.88115,1.88136,1.64,1.75
2014.12.04 02:47:31.753,1.88115,1.88134,1.12,2.02
2014.12.04 02:47:32.057,1.88112,1.8813,1.12,1.12
2014.12.04 02:47:32.715,1.88108,1.88129,5.06,1.85
2014.12.04 02:47:32.766,1.88107,1.88129,1.66,2.62
2014.12.04 02:47:33.188,1.88106,1.88127,2.06,1.12
2014.12.04 02:47:33.340,1.88106,1.88123,1.09,1.75
2014.12.04 02:47:33.492,1.88106,1.88123,4.76,1.12
2014.12.04 02:47:33.994,1.88108,1.88125,1.12,1.12
2014.12.04 02:47:35.695,1.88107,1.88125,1.75,1.12
2014.12.04 02:47:37.127,1.88106,1.88122,1.31,1.12
2014.12.04 02:47:37.279,1.88105,1.88119,1.10,1.12
2014.12.04 02:47:37.482,1.881,1.88117,1.94,1.75
2014.12.04 02:47:38.464,1.881,1.88116,1.75,1.95
2014.12.04 02:47:38.634,1.88099,1.88113,1.12,1.65
2014.12.04 02:47:38.736,1.88092,1.88111,2.06,1.00
2014.12.04 02:47:38.787,1.88092,1.88111,2.06,1.50
2014.12.04 02:47:38.888,1.88092,1.88111,1.09,1.95
2014.12.04 02:47:39.685,1.88092,1.88111,1.29,1.87
2014.12.04 02:47:39.988,1.88094,1.88111,1.01,1.12
2014.12.04 02:47:40.242,1.881,1.88115,1.20,1.00
2014.12.04 02:47:40.394,1.88099,1.88115,1.94,1.00
2014.12.04 02:47:40.698,1.88103,1.88115,1.60,1.00
2014.12.04 02:47:42.649,1.88103,1.88118,1.31,1.10
2014.12.04 02:47:46.824,1.88099,1.88118,4.69,1.37
2014.12.04 02:47:46.875,1.88099,1.88118,1.19,1.50
2014.12.04 02:47:46.926,1.88096,1.88113,1.31,1.12
2014.12.04 02:47:47.280,1.88095,1.88111,1.31,1.12
2014.12.04 02:47:49.730,1.88095,1.88111,1.31,1.12
2014.12.04 02:47:49.934,1.88098,1.88113,1.20,1.50
2014.12.04 02:47:52.336,1.881,1.88115,1.12,1.12
2014.12.04 02:47:57.152,1.881,1.88116,1.12,1.87
2014.12.04 02:47:57.660,1.88101,1.88116,1.12,1.50
2014.12.04 02:47:57.813,1.88099,1.88111,1.12,1.10
2014.12.04 02:47:57.864,1.88098,1.88111,1.12,1.20
2014.12.04 02:47:57.965,1.88092,1.88111,1.87,1.35
2014.12.04 02:47:58.016,1.88092,1.88111,1.20,2.02
2014.12.04 02:47:58.532,1.8809,1.88108,1.12,1.12
2014.12.04 02:47:58.835,1.88094,1.88109,1.12,1.87
2014.12.04 02:47:59.140,1.88095,1.88112,4.01,1.12
2014.12.04 02:47:59.190,1.88098,1.88113,1.12,1.87
2014.12.04 02:47:59.343,1.88098,1.88113,1.12,1.20
2014.12.04 02:47:59.848,1.881,1.88113,1.01,1.10
2014.12.04 02:48:11.145,1.88101,1.88116,1.75,1.20
2014.12.04 02:48:14.078,1.88101,1.88116,1.94,1.20
2014.12.04 02:48:14.230,1.88105,1.88116,1.75,1.00
2014.12.04 02:48:14.432,1.88105,1.8812,1.75,1.20
2014.12.04 02:48:18.473,1.88106,1.8812,1.12,1.10
2014.12.04 02:48:20.916,1.88107,1.8812,1.12,1.12
2014.12.04 02:48:20.967,1.88106,1.8812,1.01,1.12
2014.12.04 02:48:22.219,1.88105,1.8812,1.31,1.00
2014.12.04 02:48:22.842,1.88106,1.8812,1.31,1.20
2014.12.04 02:48:24.561,1.88103,1.8812,2.06,1.87
2014.12.04 02:48:26.872,1.88103,1.88117,1.00,1.10
2014.12.04 02:48:27.076,1.88097,1.88116,1.01,1.75
2014.12.04 02:48:30.256,1.88097,1.88113,1.75,1.12
2014.12.04 02:48:30.568,1.88101,1.88116,1.12,1.12
2014.12.04 02:48:31.146,1.88102,1.88118,1.01,1.50
2014.12.04 02:48:31.450,1.88106,1.88118,1.12,1.00
2014.12.04 02:48:31.956,1.88106,1.88121,1.12,1.12
2014.12.04 02:48:32.334,1.88106,1.88122,1.31,1.87
2014.12.04 02:48:32.851,1.88108,1.88123,1.12,1.12
2014.12.04 02:48:34.440,1.88108,1.88123,1.12,1.50
2014.12.04 02:48:34.965,1.88108,1.88119,1.12,1.00
2014.12.04 02:48:35.471,1.88105,1.88119,1.75,1.12
2014.12.04 02:48:35.572,1.88103,1.88118,1.12,1.12
2014.12.04 02:48:35.826,1.88102,1.88117,1.10,1.50
2014.12.04 02:48:35.877,1.88099,1.88113,1.12,1.00
2014.12.04 02:48:36.393,1.88098,1.88115,2.06,1.20
2014.12.04 02:48:36.697,1.88098,1.88113,1.00,1.75
2014.12.04 02:48:37.229,1.88096,1.88112,1.12,1.57
2014.12.04 02:48:39.719,1.88095,1.88112,1.57,1.20
2014.12.04 02:48:39.835,1.88095,1.88112,1.20,1.50
2014.12.04 02:48:41.855,1.88089,1.88108,1.87,1.00
2014.12.04 02:48:42.058,1.88089,1.88108,1.00,2.44
2014.12.04 02:48:42.514,1.88089,1.88108,1.57,1.09
2014.12.04 02:48:46.294,1.88089,1.88108,2.51,1.20
2014.12.04 02:48:46.446,1.88091,1.88108,3.94,1.20
2014.12.04 02:48:52.915,1.88093,1.88108,4.12,1.00
2014.12.04 02:48:53.168,1.88097,1.88111,1.12,1.10
2014.12.04 02:48:54.580,1.88097,1.88113,4.12,1.20
2014.12.04 02:48:56.326,1.88099,1.88114,1.12,1.20
2014.12.04 02:48:56.579,1.88097,1.88114,4.12,1.45
2014.12.04 02:48:58.295,1.88098,1.88114,1.75,1.12
2014.12.04 02:49:00.635,1.88096,1.88113,1.57,3.82
2014.12.04 02:49:00.685,1.88096,1.88109,1.10,1.12
2014.12.04 02:49:00.838,1.88096,1.88112,1.50,1.12
2014.12.04 02:49:00.889,1.88096,1.88113,2.25,1.75
2014.12.04 02:49:09.405,1.88096,1.88112,1.87,1.50
2014.12.04 02:49:09.917,1.88096,1.8811,1.20,1.12
2014.12.04 02:49:10.430,1.88092,1.88109,1.50,2.25
2014.12.04 02:49:11.297,1.88092,1.88109,4.87,1.87
2014.12.04 02:49:11.950,1.88095,1.8811,1.87,1.12
2014.12.04 02:49:16.157,1.88095,1.8811,1.20,1.12
2014.12.04 02:49:16.805,1.88093,1.88108,1.12,1.12
2014.12.04 02:49:19.752,1.88092,1.88108,1.87,1.12
2014.12.04 02:49:19.854,1.88092,1.88109,1.10,2.62
2014.12.04 02:49:19.905,1.88087,1.88106,2.25,1.00
2014.12.04 02:49:22.499,1.88088,1.88106,4.39,1.10
2014.12.04 02:49:22.803,1.88094,1.88108,1.12,1.20
2014.12.04 02:49:28.336,1.88095,1.88111,1.57,1.12
2014.12.04 02:49:28.387,1.88095,1.88112,1.87,2.25
2014.12.04 02:49:34.198,1.88095,1.88112,5.51,1.50
2014.12.04 02:49:34.961,1.88099,1.88115,1.50,1.50
2014.12.04 02:49:35.264,1.88099,1.88115,1.50,1.50
2014.12.04 02:49:35.315,1.88099,1.88112,1.00,1.12
2014.12.04 02:49:38.254,1.88096,1.88112,1.12,1.87
2014.12.04 02:49:42.463,1.88096,1.88111,1.12,1.20
2014.12.04 02:49:42.615,1.88096,1.8811,1.12,1.84
2014.12.04 02:49:42.716,1.88095,1.88108,1.00,1.09
2014.12.04 02:49:42.767,1.88095,1.88107,1.00,1.09
2014.12.04 02:49:42.818,1.88087,1.88104,1.20,1.87
2014.12.04 02:49:43.529,1.88087,1.88104,1.10,1.87
2014.12.04 02:49:48.185,1.88085,1.88101,1.20,1.20
2014.12.04 02:50:01.785,1.88086,1.88101,3.82,1.10
2014.12.04 02:50:02.128,1.8809,1.88101,1.12,1.00
2014.12.04 02:50:02.231,1.88088,1.88101,1.12,1.00
2014.12.04 02:50:02.282,1.88087,1.88101,1.12,1.00
2014.12.04 02:50:05.974,1.88087,1.88105,1.12,1.00
2014.12.04 02:50:07.199,1.88089,1.88105,1.35,1.00
2014.12.04 02:50:07.452,1.8809,1.88107,1.95,1.00
2014.12.04 02:50:07.503,1.88092,1.88107,3.75,1.00
2014.12.04 02:50:10.999,1.88094,1.88107,1.75,1.00
2014.12.04 02:50:11.404,1.8809,1.88103,1.12,1.00
2014.12.04 02:50:11.707,1.88088,1.88103,1.12,1.10
2014.12.04 02:50:11.808,1.88088,1.88103,4.12,1.00
2014.12.04 02:50:15.414,1.8809,1.88103,1.12,1.12
2014.12.04 02:50:15.760,1.88086,1.88103,1.87,1.20
2014.12.04 02:50:15.830,1.88086,1.88103,1.50,1.50
2014.12.04 02:50:40.564,1.88085,1.88099,1.75,1.00
2014.12.04 02:50:45.137,1.88084,1.88099,1.12,1.95
2014.12.04 02:50:45.188,1.88083,1.88098,1.12,1.45
2014.12.04 02:50:45.391,1.88083,1.88092,1.12,1.00
2014.12.04 02:50:45.492,1.8808,1.88092,1.12,1.00
2014.12.04 02:50:46.618,1.8808,1.8809,1.12,2.25
2014.12.04 02:50:46.720,1.88075,1.8809,1.00,2.25
2014.12.04 02:50:46.821,1.88072,1.88089,1.84,1.27
2014.12.04 02:50:46.874,1.88077,1.88089,1.12,1.27
2014.12.04 02:50:47.177,1.88082,1.88092,1.12,1.00
2014.12.04 02:50:47.228,1.88083,1.88102,1.20,2.96
2014.12.04 02:50:47.279,1.88083,1.88097,1.20,1.00
2014.12.04 02:50:47.583,1.88084,1.88097,1.12,1.00
2014.12.04 02:50:48.112,1.88084,1.88099,1.12,1.12
2014.12.04 02:50:48.967,1.88084,1.88099,1.12,1.00
2014.12.04 02:50:51.328,1.88084,1.88099,1.75,1.75
2014.12.04 02:50:51.633,1.88079,1.8809,1.12,1.00
2014.12.04 02:50:51.734,1.88078,1.8809,1.75,1.00
2014.12.04 02:50:51.851,1.8808,1.88093,1.75,1.00
2014.12.04 02:50:53.371,1.88081,1.88093,4.12,1.00
2014.12.04 02:50:53.675,1.88086,1.88093,1.12,1.00
2014.12.04 02:50:53.726,1.88077,1.88093,1.75,1.00
2014.12.04 02:50:53.827,1.88078,1.8809,1.12,1.00
2014.12.04 02:50:54.181,1.8808,1.88092,1.55,1.00
2014.12.04 02:50:54.232,1.8808,1.88092,1.27,1.00
2014.12.04 02:50:54.385,1.88082,1.88098,1.85,1.87
2014.12.04 02:50:54.587,1.88083,1.88098,1.12,1.57
2014.12.04 02:50:54.840,1.88085,1.88098,1.12,1.10
2014.12.04 02:50:59.758,1.88084,1.88098,1.12,1.50
2014.12.04 02:51:00.213,1.88081,1.88096,1.95,1.12
2014.12.04 02:51:07.771,1.88081,1.88096,1.12,1.60
2014.12.04 02:51:07.822,1.88081,1.88095,1.00,1.20
2014.12.04 02:51:07.924,1.88078,1.88092,1.00,1.39
2014.12.04 02:51:08.089,1.88078,1.88086,1.00,1.19
2014.12.04 02:51:08.140,1.88068,1.88085,1.10,1.25
2014.12.04 02:51:08.344,1.88068,1.88085,1.12,1.69
2014.12.04 02:51:08.749,1.88066,1.88084,1.75,1.85
2014.12.04 02:51:09.673,1.88067,1.88084,1.12,1.87
2014.12.04 02:51:10.103,1.88068,1.88084,1.20,1.87
2014.12.04 02:51:10.408,1.88075,1.88088,1.12,1.10
2014.12.04 02:51:10.712,1.88071,1.88088,1.27,1.12
2014.12.04 02:51:10.763,1.88071,1.88089,1.27,1.12
2014.12.04 02:51:11.272,1.88072,1.8809,1.55,1.12
2014.12.04 02:51:11.828,1.88072,1.8809,1.45,1.82
2014.12.04 02:51:12.131,1.88066,1.88082,1.12,1.12
2014.12.04 02:51:12.537,1.88065,1.8808,1.10,1.12
2014.12.04 02:51:14.365,1.88065,1.88076,1.00,1.75
2014.12.04 02:51:14.417,1.8806,1.88074,1.00,1.12
2014.12.04 02:51:14.519,1.8806,1.8807,1.00,1.12
2014.12.04 02:51:14.620,1.88055,1.8807,1.12,1.12
2014.12.04 02:51:14.923,1.88055,1.8807,1.00,1.12
2014.12.04 02:51:15.278,1.88055,1.88071,1.65,1.12
2014.12.04 02:51:16.585,1.88055,1.88071,1.10,4.12
2014.12.04 02:51:17.042,1.88055,1.88063,1.00,1.12
2014.12.04 02:51:17.194,1.88056,1.88072,2.44,1.75
2014.12.04 02:51:17.397,1.88061,1.88074,1.22,1.75
2014.12.04 02:51:17.700,1.88063,1.88077,1.34,1.12
2014.12.04 02:51:17.903,1.88062,1.88077,1.46,1.12
2014.12.04 02:51:17.954,1.88066,1.88077,1.00,1.12
2014.12.04 02:51:18.299,1.88066,1.88074,1.00,1.12
2014.12.04 02:51:18.553,1.88066,1.88078,2.29,1.12
2014.12.04 02:51:18.604,1.88071,1.8808,1.30,1.05
2014.12.04 02:51:18.655,1.88071,1.88082,1.30,1.12
2014.12.04 02:51:18.706,1.88075,1.88083,1.00,1.12
2014.12.04 02:51:18.808,1.88075,1.88086,1.00,1.12
2014.12.04 02:51:19.010,1.88075,1.88089,1.00,1.75
2014.12.04 02:51:19.880,1.88075,1.8809,1.10,1.12
2014.12.04 02:51:20.405,1.88075,1.88092,1.10,1.12
2014.12.04 02:51:21.131,1.88078,1.88092,1.10,1.12
2014.12.04 02:51:26.156,1.88078,1.8809,1.00,3.75
2014.12.04 02:51:26.207,1.88075,1.88087,1.25,1.12
2014.12.04 02:51:29.979,1.88075,1.88086,1.00,3.82
2014.12.04 02:51:30.030,1.88072,1.88082,1.00,1.75
2014.12.04 02:51:30.131,1.88067,1.88082,1.36,1.75
2014.12.04 02:51:30.545,1.88067,1.88081,1.00,4.12
2014.12.04 02:51:30.597,1.88063,1.88078,1.12,1.12
2014.12.04 02:51:30.900,1.88061,1.88076,1.10,1.12
2014.12.04 02:51:31.002,1.88061,1.88076,1.00,4.20
2014.12.04 02:51:31.053,1.88058,1.88072,1.20,1.12
2014.12.04 02:51:31.357,1.88056,1.88071,1.20,1.75
2014.12.04 02:51:31.407,1.88056,1.88071,1.57,1.12
2014.12.04 02:51:31.712,1.88058,1.88072,1.17,1.12
2014.12.04 02:51:32.309,1.8806,1.88074,1.17,1.12
2014.12.04 02:51:32.360,1.8806,1.88075,1.17,1.12
2014.12.04 02:51:32.880,1.8806,1.88076,1.17,1.12
2014.12.04 02:51:33.410,1.8806,1.88076,1.00,1.12
2014.12.04 02:51:33.732,1.88056,1.88076,1.50,5.40
2014.12.04 02:51:33.783,1.88056,1.88073,1.00,1.12
2014.12.04 02:51:33.985,1.88053,1.88071,1.12,1.20
2014.12.04 02:51:34.490,1.88051,1.88072,1.12,3.15
2014.12.04 02:51:35.131,1.88051,1.88072,1.12,1.91
2014.12.04 02:51:37.718,1.88051,1.88071,1.12,1.20
2014.12.04 02:51:37.820,1.88051,1.88071,1.12,1.90
2014.12.04 02:51:41.005,1.88049,1.88068,1.87,2.14
2014.12.04 02:51:41.157,1.88045,1.8806,1.20,1.12
2014.12.04 02:51:41.208,1.88045,1.8806,1.00,1.12
2014.12.04 02:51:41.360,1.88039,1.88054,1.10,1.12
2014.12.04 02:51:41.462,1.88039,1.88052,1.00,1.12
2014.12.04 02:51:41.765,1.88034,1.88049,1.16,1.12
2014.12.04 02:51:42.228,1.88034,1.88056,2.21,2.06
2014.12.04 02:51:42.737,1.88037,1.88056,1.00,1.60
2014.12.04 02:51:42.890,1.88038,1.88057,1.12,1.31
2014.12.04 02:51:47.163,1.88036,1.88057,1.27,1.12
2014.12.04 02:51:47.214,1.88035,1.88057,1.27,1.12
2014.12.04 02:51:49.096,1.88038,1.88057,1.00,1.69
2014.12.04 02:51:49.828,1.88035,1.88057,1.27,1.31
2014.12.04 02:51:49.930,1.88033,1.88056,1.09,2.06
2014.12.04 02:51:49.981,1.88032,1.88054,2.44,1.15
2014.12.04 02:51:50.132,1.88032,1.88056,1.39,2.51
2014.12.04 02:51:50.452,1.88037,1.88053,1.75,1.20
2014.12.04 02:51:50.756,1.88034,1.88049,1.27,1.12
2014.12.04 02:51:51.060,1.88038,1.88049,1.00,1.12
2014.12.04 02:51:51.268,1.88034,1.88049,1.27,1.12
2014.12.04 02:51:51.775,1.88037,1.88049,1.00,1.12
2014.12.04 02:51:52.318,1.88034,1.88049,1.52,1.12
2014.12.04 02:51:52.853,1.88032,1.88048,2.51,1.75
2014.12.04 02:51:52.904,1.88032,1.88046,1.69,1.12
2014.12.04 02:51:52.955,1.88032,1.88046,1.29,1.12
2014.12.04 02:51:53.107,1.88033,1.8805,3.94,1.12
2014.12.04 02:51:53.158,1.88036,1.88052,1.39,1.12
2014.12.04 02:51:53.209,1.88037,1.88056,1.31,1.20
2014.12.04 02:51:53.260,1.88039,1.88057,1.01,1.87
2014.12.04 02:51:53.311,1.88039,1.88057,1.71,1.87
2014.12.04 02:51:53.463,1.88041,1.88058,1.01,1.12
2014.12.04 02:51:53.565,1.88044,1.88059,1.16,1.75
2014.12.04 02:51:53.868,1.8805,1.88065,1.57,1.12
2014.12.04 02:51:53.919,1.8805,1.88067,2.27,1.12
2014.12.04 02:51:53.970,1.88051,1.88068,1.16,1.75
2014.12.04 02:51:54.275,1.88054,1.88069,1.71,1.12
2014.12.04 02:51:54.376,1.88058,1.88073,1.12,1.12
2014.12.04 02:51:54.987,1.88056,1.88071,1.77,1.12
2014.12.04 02:51:57.194,1.88053,1.88069,1.57,1.75
2014.12.04 02:51:58.489,1.88052,1.88069,2.59,1.75
2014.12.04 02:51:58.591,1.88052,1.88068,1.42,1.12
2014.12.04 02:51:58.642,1.8805,1.88067,1.46,1.12
2014.12.04 02:51:58.845,1.88052,1.88069,1.40,1.75
2014.12.04 02:51:59.353,1.88052,1.88069,1.52,1.12
2014.12.04 02:51:59.505,1.8805,1.88067,1.46,1.12
2014.12.04 02:52:03.345,1.8805,1.88068,4.57,1.12
2014.12.04 02:52:03.497,1.88048,1.88069,2.06,1.65
2014.12.04 02:52:03.548,1.88048,1.88069,1.69,1.65
2014.12.04 02:52:03.801,1.88048,1.88067,1.20,1.39
2014.12.04 02:52:08.488,1.88047,1.88067,1.12,2.40
2014.12.04 02:52:09.201,1.88047,1.88064,1.12,1.00
2014.12.04 02:52:15.218,1.88047,1.88064,1.12,1.00
2014.12.04 02:52:15.694,1.88049,1.88068,1.12,1.26
2014.12.04 02:52:16.437,1.8805,1.88067,1.95,1.10
2014.12.04 02:52:16.741,1.88054,1.88071,1.15,1.20
2014.12.04 02:52:16.994,1.88056,1.88074,1.52,1.87
2014.12.04 02:52:17.500,1.88056,1.88074,1.95,1.87
2014.12.04 02:52:17.551,1.8806,1.88075,1.12,1.12
2014.12.04 02:52:17.804,1.8806,1.88078,1.12,1.12
2014.12.04 02:52:18.440,1.88063,1.8808,1.75,2.32
2014.12.04 02:52:20.202,1.88063,1.88075,1.75,1.00
2014.12.04 02:52:22.214,1.88062,1.88075,1.12,1.10
2014.12.04 02:52:22.518,1.88063,1.88075,1.12,1.10
2014.12.04 02:52:22.710,1.88065,1.88078,1.12,1.10
2014.12.04 02:52:27.125,1.88063,1.88078,1.12,1.20
2014.12.04 02:52:27.176,1.88062,1.88078,1.75,1.50
2014.12.04 02:52:27.966,1.88062,1.88077,1.75,1.46
2014.12.04 02:52:28.067,1.88059,1.88076,1.12,2.02
2014.12.04 02:52:28.118,1.88058,1.88074,1.75,1.27
2014.12.04 02:52:28.169,1.88058,1.88072,1.00,1.20
2014.12.04 02:52:28.220,1.88055,1.88072,1.10,1.20
2014.12.04 02:52:28.490,1.88051,1.88068,1.95,1.12
2014.12.04 02:52:28.592,1.88051,1.88066,1.20,1.12
2014.12.04 02:52:29.358,1.88049,1.88066,1.95,1.87
2014.12.04 02:52:31.897,1.88051,1.88068,1.20,1.12
2014.12.04 02:52:32.661,1.88056,1.88068,1.00,1.12
2014.12.04 02:52:32.964,1.88063,1.88079,1.01,3.75
2014.12.04 02:52:33.015,1.88064,1.8808,1.27,1.57
2014.12.04 02:52:33.587,1.88066,1.88081,1.27,1.12
2014.12.04 02:52:33.790,1.88067,1.88082,1.45,1.12
2014.12.04 02:52:33.992,1.88068,1.88085,1.12,1.12
2014.12.04 02:52:34.347,1.88067,1.88082,1.45,1.12
2014.12.04 02:52:35.033,1.88068,1.88084,1.52,1.12
2014.12.04 02:52:35.084,1.88068,1.88085,1.92,1.75
2014.12.04 02:52:35.708,1.88066,1.88084,2.40,1.12
2014.12.04 02:52:36.059,1.88066,1.88082,2.40,1.12
2014.12.04 02:52:36.312,1.88066,1.8808,1.20,1.75
2014.12.04 02:52:37.033,1.88066,1.88079,1.00,1.12
2014.12.04 02:52:37.337,1.88066,1.88076,1.00,1.75
2014.12.04 02:52:37.489,1.88061,1.88076,1.30,1.75
2014.12.04 02:52:38.247,1.88058,1.88075,3.64,1.12
2014.12.04 02:52:38.769,1.88061,1.88073,1.10,1.12
2014.12.04 02:52:39.073,1.88064,1.88078,1.35,1.12
2014.12.04 02:52:39.124,1.88067,1.88078,1.00,1.12
2014.12.04 02:52:39.243,1.88063,1.88078,2.02,1.12
2014.12.04 02:52:42.293,1.88063,1.88077,1.65,1.12
2014.12.04 02:52:43.781,1.88063,1.88078,2.02,1.12
2014.12.04 02:52:44.185,1.88063,1.88077,1.65,1.12
2014.12.04 02:52:44.493,1.88063,1.88075,1.15,1.12
2014.12.04 02:52:46.211,1.88063,1.88075,1.00,1.12
2014.12.04 02:52:46.630,1.88063,1.88079,1.00,1.75
2014.12.04 02:52:47.701,1.88059,1.88078,1.85,1.07
2014.12.04 02:52:47.752,1.88058,1.88078,1.27,1.47
2014.12.04 02:52:47.853,1.88058,1.88078,1.27,1.20
2014.12.04 02:52:48.780,1.88058,1.88079,1.27,1.09
2014.12.04 02:52:49.331,1.88058,1.88079,1.10,1.16
2014.12.04 02:52:49.483,1.88058,1.8808,1.17,2.21
2014.12.04 02:52:49.988,1.88059,1.8808,1.07,2.06
2014.12.04 02:52:50.495,1.88059,1.8808,1.50,2.06
2014.12.04 02:52:51.363,1.88062,1.8808,1.17,1.20
2014.12.04 02:52:54.412,1.88062,1.88081,1.10,1.75
2014.12.04 02:52:57.784,1.88062,1.88081,1.07,1.94
2014.12.04 02:52:58.087,1.88068,1.88082,1.45,1.20
2014.12.04 02:52:58.592,1.88069,1.88082,1.00,1.75
2014.12.04 02:52:58.745,1.88069,1.88085,1.50,1.75
2014.12.04 02:53:08.600,1.88068,1.88084,1.65,1.12
2014.12.04 02:53:08.904,1.88066,1.88079,1.00,1.12
2014.12.04 02:53:08.955,1.88063,1.88077,1.10,1.12
2014.12.04 02:53:09.057,1.88064,1.88075,1.00,1.12
2014.12.04 02:53:09.259,1.8806,1.88075,1.27,1.12
2014.12.04 02:53:09.412,1.88064,1.88077,1.10,1.12
2014.12.04 02:53:10.119,1.88063,1.88077,1.20,1.12
2014.12.04 02:53:10.271,1.88067,1.88082,1.12,1.12
2014.12.04 02:53:10.373,1.88068,1.88083,1.20,1.75
2014.12.04 02:53:10.424,1.88069,1.88083,1.75,1.00
2014.12.04 02:53:10.929,1.88069,1.88086,1.75,2.25
2014.12.04 02:53:13.774,1.8807,1.88086,1.12,1.50
2014.12.04 02:53:13.825,1.88071,1.88086,1.12,1.12
2014.12.04 02:53:14.128,1.88072,1.88084,1.00,1.12
2014.12.04 02:53:14.661,1.88072,1.88083,1.00,1.12
2014.12.04 02:53:18.644,1.88072,1.88084,1.00,1.12
2014.12.04 02:53:22.476,1.88072,1.88083,1.00,1.12
2014.12.04 02:53:27.764,1.88072,1.88084,1.00,1.12
2014.12.04 02:53:29.874,1.88072,1.88086,1.00,1.12
2014.12.04 02:53:29.975,1.88073,1.88086,1.19,1.12
2014.12.04 02:53:30.178,1.88076,1.88089,1.00,1.75
2014.12.04 02:53:30.596,1.88075,1.88088,1.00,1.12
2014.12.04 02:53:30.956,1.88077,1.88092,1.10,1.12
2014.12.04 02:53:31.274,1.8808,1.88092,1.00,1.12
2014.12.04 02:53:31.577,1.8808,1.88091,1.00,1.12
2014.12.04 02:53:31.628,1.88073,1.8809,2.62,1.75
2014.12.04 02:53:31.850,1.88077,1.8809,1.00,1.75
2014.12.04 02:53:32.378,1.88077,1.88091,1.20,1.12
2014.12.04 02:53:32.632,1.88077,1.88094,1.87,1.12
2014.12.04 02:53:33.367,1.88079,1.88092,1.00,1.75
2014.12.04 02:53:33.671,1.88073,1.88085,1.10,1.12
2014.12.04 02:53:33.722,1.88071,1.88084,1.10,1.12
2014.12.04 02:53:42.234,1.88071,1.88084,2.89,1.12
2014.12.04 02:53:42.387,1.88074,1.8809,1.50,1.75
2014.12.04 02:53:42.489,1.88079,1.88091,1.25,1.75
2014.12.04 02:53:42.540,1.88079,1.88091,1.25,1.10
2014.12.04 02:53:42.591,1.88079,1.88095,1.76,1.87
2014.12.04 02:53:42.641,1.88079,1.88095,2.51,1.50
2014.12.04 02:53:42.743,1.88081,1.88098,1.20,1.12
2014.12.04 02:53:45.070,1.88079,1.88097,1.00,1.00
2014.12.04 02:53:45.575,1.88078,1.88097,1.00,1.59
2014.12.04 02:53:47.136,1.88078,1.88097,1.95,1.52
2014.12.04 02:53:48.555,1.88078,1.88097,2.62,1.34
2014.12.04 02:53:53.387,1.88079,1.88101,2.32,1.72
2014.12.04 02:53:54.347,1.88079,1.88101,2.47,1.62
2014.12.04 02:53:54.583,1.88079,1.88101,1.65,2.47
2014.12.04 02:53:55.088,1.88079,1.88099,2.25,1.65
2014.12.04 02:53:57.352,1.88079,1.88099,2.25,1.65
2014.12.04 02:53:57.757,1.88082,1.88099,1.50,1.75
2014.12.04 02:54:00.560,1.88079,1.88098,1.57,1.60
2014.12.04 02:54:00.610,1.88079,1.88098,3.82,1.01
2014.12.04 02:54:00.914,1.88082,1.88099,2.70,1.12
2014.12.04 02:54:01.771,1.88083,1.88101,1.12,1.12
2014.12.04 02:54:03.542,1.88085,1.88102,1.12,2.06
2014.12.04 02:54:03.593,1.88082,1.88101,4.95,1.12
2014.12.04 02:54:03.644,1.88082,1.88098,1.87,1.12
2014.12.04 02:54:05.078,1.88082,1.88098,1.00,2.25
2014.12.04 02:54:08.013,1.88083,1.88098,1.00,2.25
2014.12.04 02:54:08.114,1.88082,1.88093,1.20,1.00
2014.12.04 02:54:08.317,1.88082,1.88097,1.00,1.50
2014.12.04 02:54:08.771,1.8808,1.88097,1.20,1.87
2014.12.04 02:54:09.295,1.88082,1.88096,1.10,1.12
2014.12.04 02:54:09.346,1.88082,1.88096,1.20,1.12
2014.12.04 02:54:09.661,1.88082,1.88092,1.20,1.00
2014.12.04 02:54:10.115,1.88078,1.88092,1.50,1.20
2014.12.04 02:54:11.643,1.88079,1.88092,1.12,1.12
2014.12.04 02:54:12.156,1.88079,1.88093,1.20,1.12
2014.12.04 02:54:13.270,1.88079,1.88092,1.12,1.12
2014.12.04 02:54:13.788,1.88079,1.88091,1.00,1.12
2014.12.04 02:54:13.940,1.88082,1.88094,1.00,1.12
2014.12.04 02:54:13.991,1.88082,1.88094,1.00,1.12
2014.12.04 02:54:15.624,1.88082,1.88096,1.10,1.12
2014.12.04 02:54:22.776,1.88082,1.88096,1.39,1.12
2014.12.04 02:54:23.393,1.88087,1.88096,1.00,1.12
2014.12.04 02:54:23.547,1.88084,1.88096,1.00,1.12
2014.12.04 02:54:24.053,1.88084,1.88096,1.00,1.12
2014.12.04 02:54:24.508,1.88078,1.88094,1.76,1.12
2014.12.04 02:54:25.610,1.88082,1.88095,1.00,1.12
2014.12.04 02:54:25.661,1.88082,1.88095,1.00,1.12
2014.12.04 02:54:25.763,1.88079,1.88097,1.10,1.12
2014.12.04 02:54:25.814,1.88079,1.88096,1.10,1.87
2014.12.04 02:54:26.118,1.8808,1.88095,2.89,1.12
2014.12.04 02:54:26.522,1.88078,1.88094,1.65,1.75
2014.12.04 02:54:27.229,1.88078,1.88093,1.27,1.12
2014.12.04 02:54:27.280,1.88084,1.88093,1.00,1.12
2014.12.04 02:54:27.482,1.88079,1.88092,1.10,1.12
2014.12.04 02:54:27.874,1.88079,1.88094,1.87,1.12
2014.12.04 02:54:28.026,1.8808,1.88097,1.12,1.87
2014.12.04 02:54:28.077,1.88082,1.88097,1.12,1.87
2014.12.04 02:54:28.431,1.88084,1.881,1.12,1.57
2014.12.04 02:54:28.634,1.88086,1.88101,1.75,1.20
2014.12.04 02:54:31.690,1.8809,1.88103,1.00,1.75
2014.12.04 02:54:32.252,1.8809,1.88104,1.10,1.12
2014.12.04 02:54:33.427,1.88087,1.88104,1.20,1.75
2014.12.04 02:54:36.725,1.88087,1.88105,1.85,1.12
2014.12.04 02:54:37.253,1.8809,1.88105,1.12,1.12
2014.12.04 02:54:39.377,1.88087,1.88104,4.57,1.12
2014.12.04 02:54:39.427,1.88087,1.88103,1.20,1.12
2014.12.04 02:54:42.906,1.88089,1.88103,1.00,1.12
2014.12.04 02:54:43.412,1.88088,1.88103,1.10,1.12
2014.12.04 02:54:43.665,1.88088,1.88104,1.57,1.12
2014.12.04 02:54:44.235,1.88089,1.88104,1.12,1.12
2014.12.04 02:54:45.258,1.88088,1.88102,1.12,2.25
2014.12.04 02:54:45.411,1.88084,1.88096,3.75,1.00
2014.12.04 02:54:45.462,1.88082,1.88096,1.12,1.00
2014.12.04 02:54:45.832,1.88082,1.88099,1.87,1.00
2014.12.04 02:54:46.510,1.88084,1.88099,1.12,1.00
2014.12.04 02:54:47.864,1.88084,1.88099,1.12,1.00
2014.12.04 02:54:56.634,1.88085,1.88104,1.57,1.87
2014.12.04 02:55:04.852,1.88085,1.88101,1.20,1.00
2014.12.04 02:55:04.904,1.88085,1.88103,1.20,1.00
2014.12.04 02:55:05.106,1.88085,1.88103,1.87,1.00
2014.12.04 02:55:13.135,1.8809,1.88103,1.00,1.00
2014.12.04 02:55:13.237,1.8809,1.88107,1.95,2.25
2014.12.04 02:55:13.338,1.88094,1.88107,1.00,1.75
2014.12.04 02:55:13.592,1.88091,1.88108,1.12,1.12
2014.12.04 02:55:13.642,1.88091,1.88108,1.87,1.12
2014.12.04 02:55:24.183,1.88091,1.88106,1.50,1.12
2014.12.04 02:55:24.487,1.88094,1.88109,1.00,1.31
2014.12.04 02:55:24.538,1.88094,1.88109,1.12,1.31
2014.12.04 02:55:25.593,1.88097,1.8811,1.19,1.12
2014.12.04 02:55:25.644,1.88097,1.88111,1.56,1.75
2014.12.04 02:55:25.746,1.88098,1.88114,1.57,2.25
2014.12.04 02:55:25.816,1.88099,1.88117,1.20,1.75
2014.12.04 02:55:25.867,1.88102,1.88117,1.12,1.12
2014.12.04 02:55:26.588,1.881,1.88117,4.20,2.81
2014.12.04 02:55:26.689,1.88099,1.88114,1.20,1.20
2014.12.04 02:55:26.740,1.88099,1.88114,1.20,1.57
2014.12.04 02:55:27.059,1.88096,1.88112,1.20,1.12
2014.12.04 02:55:27.162,1.88095,1.88112,1.87,1.12
2014.12.04 02:55:33.479,1.88097,1.88113,1.12,1.12
2014.12.04 02:55:33.530,1.88098,1.88113,1.12,1.12
2014.12.04 02:55:36.167,1.88096,1.88112,1.12,1.87
2014.12.04 02:55:36.471,1.88095,1.88111,1.75,1.12
2014.12.04 02:55:36.521,1.88095,1.88108,1.10,1.12
2014.12.04 02:55:38.756,1.88095,1.8811,1.20,1.12
2014.12.04 02:55:38.808,1.88095,1.88111,1.50,1.75
2014.12.04 02:55:44.290,1.88095,1.88109,1.12,1.10
2014.12.04 02:55:44.796,1.88095,1.8811,1.12,1.87
2014.12.04 02:55:45.150,1.88092,1.88104,4.12,1.00
2014.12.04 02:55:45.201,1.88092,1.88104,1.12,1.00
2014.12.04 02:55:46.470,1.88094,1.88104,1.12,1.00
2014.12.04 02:55:46.982,1.88095,1.88104,1.12,1.00
2014.12.04 02:55:47.337,1.88094,1.88108,1.35,1.00
2014.12.04 02:55:47.388,1.88097,1.88108,1.45,1.00
2014.12.04 02:55:47.439,1.88097,1.88112,1.45,1.10
2014.12.04 02:55:49.380,1.88096,1.88112,1.31,1.00
2014.12.04 02:55:49.532,1.88096,1.88112,1.12,1.87
2014.12.04 02:55:51.486,1.88096,1.88112,1.75,1.12
2014.12.04 02:55:51.790,1.88096,1.88114,2.62,1.20
2014.12.04 02:55:54.649,1.88096,1.88114,2.81,1.20
2014.12.04 02:55:55.444,1.881,1.88114,3.37,1.00
2014.12.04 02:55:55.697,1.88101,1.88118,1.12,1.12
2014.12.04 02:55:58.103,1.88102,1.88117,1.45,1.75
2014.12.04 02:55:58.775,1.88102,1.88116,1.50,1.10
2014.12.04 02:55:59.332,1.88101,1.88117,1.95,1.12
2014.12.04 02:55:59.918,1.88101,1.88107,1.57,1.00
2014.12.04 02:56:00.040,1.88096,1.88106,1.00,1.01
2014.12.04 02:56:00.142,1.88095,1.881,1.00,1.00
2014.12.04 02:56:00.244,1.88089,1.88099,1.00,1.12
2014.12.04 02:56:00.346,1.88085,1.88099,1.00,1.75
2014.12.04 02:56:00.852,1.88085,1.881,1.12,1.12
2014.12.04 02:56:00.903,1.88085,1.88101,1.50,1.75
2014.12.04 02:56:00.954,1.88085,1.881,1.12,1.12
2014.12.04 02:56:01.462,1.88085,1.88099,1.00,1.12
2014.12.04 02:56:01.969,1.88082,1.88099,1.87,1.87
2014.12.04 02:56:03.375,1.88082,1.88099,4.87,1.50
2014.12.04 02:56:04.054,1.88086,1.88099,1.12,1.00
2014.12.04 02:56:05.398,1.88086,1.88099,1.12,1.17
2014.12.04 02:56:05.449,1.88082,1.88098,4.50,1.20
2014.12.04 02:56:05.500,1.88078,1.88097,1.65,1.10
2014.12.04 02:56:05.601,1.88078,1.88097,1.99,1.10
2014.12.04 02:56:05.905,1.88084,1.88097,1.12,1.00
2014.12.04 02:56:06.221,1.88087,1.88099,1.12,1.00
2014.12.04 02:56:07.035,1.88088,1.88099,1.75,1.00
2014.12.04 02:56:08.943,1.88088,1.88098,1.75,1.00
2014.12.04 02:56:09.095,1.88085,1.88099,1.12,2.14
2014.12.04 02:56:09.146,1.88084,1.88099,1.12,2.59
2014.12.04 02:56:09.197,1.88083,1.88097,1.12,1.45
2014.12.04 02:56:09.501,1.88081,1.88095,1.12,1.27
2014.12.04 02:56:11.396,1.8808,1.88095,1.75,2.02
2014.12.04 02:56:14.624,1.88077,1.88093,1.12,1.17
2014.12.04 02:56:14.826,1.88078,1.88095,1.20,2.44
2014.12.04 02:56:15.284,1.88081,1.88097,1.75,2.14
2014.12.04 02:56:15.688,1.88083,1.88097,3.82,1.12
2014.12.04 02:56:16.222,1.88086,1.88097,1.12,1.00
2014.12.04 02:56:16.525,1.88083,1.88097,1.12,1.10
2014.12.04 02:56:17.362,1.88082,1.88097,1.12,1.87
2014.12.04 02:56:17.867,1.88082,1.88094,1.12,1.00
2014.12.04 02:56:22.107,1.88076,1.88093,1.75,1.75
2014.12.04 02:56:22.849,1.88077,1.88091,1.12,1.10
2014.12.04 02:56:23.102,1.88078,1.88094,1.75,1.00
2014.12.04 02:56:26.826,1.88078,1.88091,1.75,1.00
2014.12.04 02:56:28.377,1.88082,1.88091,1.12,1.00
2014.12.04 02:56:38.699,1.8808,1.88091,1.12,1.00
2014.12.04 02:56:40.684,1.88078,1.88091,1.75,1.00
2014.12.04 02:57:03.459,1.88077,1.88088,1.12,1.19
2014.12.04 02:57:03.712,1.88069,1.88086,1.87,2.25
2014.12.04 02:57:03.864,1.88068,1.88081,1.12,1.00
2014.12.04 02:57:04.371,1.88067,1.8808,1.75,1.00
2014.12.04 02:57:04.674,1.88067,1.88078,1.75,1.00
2014.12.04 02:57:04.979,1.88066,1.88073,1.12,1.00
2014.12.04 02:57:05.542,1.88062,1.88073,1.10,1.10
2014.12.04 02:57:06.252,1.8806,1.88072,1.12,1.00
2014.12.04 02:57:06.969,1.88062,1.88072,1.12,1.00
2014.12.04 02:57:07.994,1.88062,1.88075,1.12,1.10
2014.12.04 02:57:08.719,1.88062,1.88075,1.12,1.00
2014.12.04 02:57:09.172,1.88065,1.88075,1.12,1.00
2014.12.04 02:57:13.373,1.88065,1.88078,1.12,1.00
2014.12.04 02:57:17.430,1.88065,1.88078,4.12,1.00
2014.12.04 02:57:17.734,1.88071,1.88081,1.12,1.00
2014.12.04 02:57:18.420,1.88071,1.88081,1.12,1.00
2014.12.04 02:57:22.819,1.88073,1.88084,1.12,1.00
2014.12.04 02:57:23.022,1.88075,1.88084,3.75,1.00
2014.12.04 02:57:23.174,1.88078,1.88087,1.12,1.00
2014.12.04 02:57:23.276,1.88078,1.8809,1.12,1.00
2014.12.04 02:57:23.630,1.88079,1.88094,1.75,1.00
2014.12.04 02:57:24.147,1.88079,1.88097,2.25,1.75
2014.12.04 02:57:24.772,1.8808,1.88097,1.12,1.12
2014.12.04 02:57:25.288,1.88081,1.88097,1.12,1.20
2014.12.04 02:57:27.773,1.88081,1.88099,1.12,1.12
2014.12.04 02:57:28.334,1.88083,1.881,1.12,1.12
2014.12.04 02:57:28.740,1.88082,1.881,1.75,1.12
2014.12.04 02:57:29.076,1.88082,1.881,1.12,1.12
2014.12.04 02:57:29.127,1.88084,1.88101,1.12,1.87
2014.12.04 02:57:29.178,1.88084,1.88101,1.12,1.20
2014.12.04 02:57:29.391,1.88083,1.881,1.75,1.75
2014.12.04 02:57:31.891,1.88081,1.88099,1.50,1.12
2014.12.04 02:57:31.942,1.88081,1.88098,1.50,1.12
2014.12.04 02:57:32.144,1.88083,1.881,1.12,1.12
2014.12.04 02:57:32.652,1.88083,1.881,1.12,1.12
2014.12.04 02:57:37.314,1.88085,1.88101,1.12,1.65
2014.12.04 02:57:37.982,1.88083,1.881,1.75,1.75
2014.12.04 02:57:50.387,1.88084,1.88101,1.75,1.50
2014.12.04 02:58:00.840,1.88082,1.88099,2.62,1.12
2014.12.04 02:58:01.359,1.88086,1.88099,1.00,1.12
2014.12.04 02:58:05.686,1.88086,1.881,1.20,1.12
2014.12.04 02:58:23.060,1.88086,1.88103,2.25,1.75
2014.12.04 02:58:23.313,1.8809,1.88105,1.12,1.87
2014.12.04 02:58:25.135,1.88091,1.88105,1.12,1.50
2014.12.04 02:58:25.186,1.88092,1.88105,1.12,1.10
2014.12.04 02:58:28.818,1.88089,1.88105,1.12,1.20
2014.12.04 02:58:29.363,1.88086,1.88103,2.25,1.75
2014.12.04 02:58:30.085,1.88087,1.88105,1.12,2.06
2014.12.04 02:58:30.411,1.88088,1.88105,1.12,2.06
2014.12.04 02:58:48.096,1.8809,1.88109,1.00,1.39
2014.12.04 02:58:52.774,1.8809,1.88109,1.00,1.00
2014.12.04 02:58:52.886,1.88092,1.88109,1.15,1.00
2014.12.04 02:58:53.191,1.88096,1.88112,1.07,1.00
2014.12.04 02:58:53.292,1.881,1.88119,1.00,1.01
2014.12.04 02:58:59.319,1.88102,1.88121,1.00,1.50
2014.12.04 02:59:01.541,1.88105,1.88126,1.00,1.19
2014.12.04 02:59:01.592,1.88105,1.88126,1.00,1.19
2014.12.04 02:59:02.411,1.88103,1.88122,1.00,1.00
2014.12.04 02:59:03.090,1.88106,1.88125,1.00,1.19
2014.12.04 02:59:03.293,1.88102,1.88123,1.00,1.50
2014.12.04 02:59:05.578,1.88102,1.88123,1.15,1.00
2014.12.04 02:59:05.881,1.88106,1.88125,1.00,1.25
2014.12.04 02:59:06.679,1.88106,1.88125,1.00,1.19
2014.12.04 02:59:07.728,1.88106,1.88125,1.00,1.00
2014.12.04 02:59:13.895,1.88106,1.88125,1.00,1.19
2014.12.04 02:59:14.911,1.88106,1.88125,1.00,1.00
2014.12.04 02:59:17.947,1.88106,1.88125,1.00,1.19
2014.12.04 02:59:18.346,1.88103,1.88122,1.20,1.00
2014.12.04 02:59:18.447,1.88103,1.88122,1.19,1.00
2014.12.04 02:59:18.750,1.88111,1.88128,1.37,1.25
2014.12.04 02:59:19.356,1.88111,1.8813,1.00,1.00
2014.12.04 02:59:19.407,1.88111,1.8813,1.00,1.19
2014.12.04 02:59:19.911,1.8811,1.88127,1.00,1.50
2014.12.04 02:59:20.164,1.8811,1.8813,2.25,1.50
2014.12.04 02:59:20.215,1.8811,1.8813,2.25,1.69
2014.12.04 02:59:20.316,1.8811,1.88129,1.00,1.19
2014.12.04 02:59:21.234,1.8811,1.88129,1.00,1.01
2014.12.04 02:59:23.215,1.8811,1.8813,1.00,1.36
2014.12.04 02:59:24.216,1.8811,1.8813,1.00,1.84
2014.12.04 02:59:25.196,1.8811,1.88127,1.00,1.00
2014.12.04 02:59:26.409,1.8811,1.8813,1.00,2.21
2014.12.04 02:59:27.234,1.8811,1.8813,1.00,2.21
2014.12.04 02:59:28.158,1.88105,1.88126,1.00,1.25
2014.12.04 02:59:28.310,1.88105,1.88126,1.75,1.25
2014.12.04 02:59:28.462,1.88105,1.88126,1.20,1.00
2014.12.04 02:59:32.346,1.88105,1.88126,1.20,1.31
2014.12.04 02:59:34.353,1.88105,1.88126,1.20,1.12
2014.12.04 02:59:35.588,1.88107,1.88126,1.12,1.00
2014.12.04 02:59:41.983,1.88105,1.88126,1.20,1.09
2014.12.04 02:59:42.034,1.88104,1.88121,1.12,1.00
2014.12.04 02:59:42.085,1.88102,1.88121,1.19,1.00
2014.12.04 02:59:42.893,1.88102,1.88121,1.00,1.00
2014.12.04 02:59:46.688,1.88102,1.88121,1.87,1.00
2014.12.04 02:59:50.467,1.88104,1.88121,1.27,1.00
2014.12.04 02:59:50.568,1.88107,1.88126,1.20,1.12
2014.12.04 02:59:59.483,1.88107,1.88126,1.57,1.00
2014.12.04 02:59:59.592,1.88107,1.88126,2.74,1.00
2014.12.04 02:59:59.643,1.88109,1.8813,1.62,1.00
2014.12.04 02:59:59.796,1.88112,1.8813,1.76,1.00
2014.12.04 02:59:59.948,1.88115,1.88132,1.31,1.00
