2016.10.04 11:00:00.005,1.30737,1.3075,1.00,3.75
2016.10.04 11:00:00.056,1.30737,1.30749,1.00,1.37
2016.10.04 11:00:00.108,1.30737,1.30748,1.00,1.00
2016.10.04 11:00:00.160,1.30737,1.30748,1.00,1.37
2016.10.04 11:00:00.316,1.30734,1.30748,1.00,1.37
2016.10.04 11:00:00.368,1.30734,1.30748,1.00,4.12
2016.10.04 11:00:00.470,1.30734,1.30748,1.00,3.00
2016.10.04 11:00:00.521,1.30734,1.30748,1.00,1.87
2016.10.04 11:00:00.572,1.30734,1.30748,1.00,1.87
2016.10.04 11:00:00.624,1.30736,1.30748,1.00,1.50
2016.10.04 11:00:00.792,1.30736,1.30748,1.00,1.12
2016.10.04 11:00:00.872,1.30736,1.3075,1.00,2.25
2016.10.04 11:00:00.975,1.30735,1.3075,1.00,1.50
2016.10.04 11:00:01.026,1.30735,1.30751,1.00,1.37
2016.10.04 11:00:01.102,1.30734,1.30748,1.87,1.12
2016.10.04 11:00:01.153,1.30734,1.30748,1.50,1.50
2016.10.04 11:00:01.281,1.30734,1.30748,1.50,1.12
2016.10.04 11:00:01.333,1.30734,1.30746,1.00,1.12
2016.10.04 11:00:01.439,1.30733,1.30746,1.12,1.50
2016.10.04 11:00:01.593,1.30731,1.30746,1.75,1.50
2016.10.04 11:00:01.645,1.3073,1.30745,1.37,2.62
2016.10.04 11:00:01.696,1.3073,1.30745,1.00,2.62
2016.10.04 11:00:01.747,1.30729,1.30743,1.12,1.75
2016.10.04 11:00:01.876,1.30729,1.30741,1.00,1.37
2016.10.04 11:00:01.928,1.30725,1.3074,1.50,2.62
2016.10.04 11:00:01.980,1.30725,1.3074,1.12,2.62
2016.10.04 11:00:02.031,1.30725,1.3074,1.00,2.62
2016.10.04 11:00:02.133,1.30725,1.30736,1.00,1.50
2016.10.04 11:00:02.236,1.30721,1.30735,1.37,1.50
2016.10.04 11:00:02.287,1.30718,1.30733,1.00,1.00
2016.10.04 11:00:02.339,1.30717,1.30729,1.69,1.12
2016.10.04 11:00:02.492,1.30717,1.30729,1.50,1.12
2016.10.04 11:00:02.544,1.30719,1.30733,1.00,1.87
2016.10.04 11:00:02.647,1.3072,1.30731,1.00,1.00
2016.10.04 11:00:02.749,1.30723,1.30734,1.00,2.25
2016.10.04 11:00:02.800,1.30722,1.30736,1.00,4.35
2016.10.04 11:00:02.851,1.30722,1.30736,1.12,1.50
2016.10.04 11:00:02.902,1.30723,1.30736,1.00,1.37
2016.10.04 11:00:03.110,1.30723,1.30737,1.00,1.12
2016.10.04 11:00:04.108,1.30721,1.30734,1.00,1.00
2016.10.04 11:00:04.159,1.30719,1.30733,1.12,1.00
2016.10.04 11:00:04.312,1.30718,1.30733,2.25,1.00
2016.10.04 11:00:04.414,1.30717,1.30732,2.81,1.00
2016.10.04 11:00:04.466,1.30717,1.3073,1.87,1.00
2016.10.04 11:00:04.517,1.30717,1.3073,1.50,1.00
2016.10.04 11:00:04.568,1.30717,1.30733,1.87,1.12
2016.10.04 11:00:04.619,1.30717,1.30733,3.00,1.00
2016.10.04 11:00:04.670,1.30718,1.30734,1.00,1.12
2016.10.04 11:00:05.016,1.30721,1.30736,1.00,1.75
2016.10.04 11:00:05.068,1.30721,1.30737,1.00,1.87
2016.10.04 11:00:05.119,1.30721,1.30736,1.12,1.00
2016.10.04 11:00:05.171,1.30722,1.30738,1.00,1.75
2016.10.04 11:00:05.222,1.30722,1.30738,1.00,1.37
2016.10.04 11:00:05.579,1.30722,1.30738,1.12,1.12
2016.10.04 11:00:05.631,1.30724,1.30738,1.00,1.12
2016.10.04 11:00:06.427,1.30724,1.30738,1.00,1.50
2016.10.04 11:00:06.734,1.30724,1.30738,1.00,1.12
2016.10.04 11:00:07.578,1.30725,1.30739,1.00,1.50
2016.10.04 11:00:07.629,1.30725,1.30739,1.00,1.87
2016.10.04 11:00:07.782,1.30723,1.30737,1.00,1.12
2016.10.04 11:00:07.834,1.30723,1.30737,1.00,1.50
2016.10.04 11:00:08.008,1.30723,1.30737,1.00,1.87
2016.10.04 11:00:08.059,1.30723,1.30736,1.00,1.00
2016.10.04 11:00:09.955,1.30721,1.30736,1.50,1.00
2016.10.04 11:00:10.007,1.30724,1.30736,1.00,1.00
2016.10.04 11:00:10.144,1.30724,1.30738,1.00,1.87
2016.10.04 11:00:10.195,1.30725,1.30739,1.00,1.50
2016.10.04 11:00:11.855,1.30724,1.30741,1.00,1.75
2016.10.04 11:00:12.574,1.30726,1.3074,1.00,1.50
2016.10.04 11:00:13.137,1.30726,1.30742,1.00,2.25
2016.10.04 11:00:13.188,1.30726,1.30742,1.00,1.75
2016.10.04 11:00:13.240,1.30728,1.30742,1.00,1.50
2016.10.04 11:00:14.364,1.30728,1.30743,1.28,1.87
2016.10.04 11:00:14.416,1.30729,1.30745,1.03,1.75
2016.10.04 11:00:14.637,1.30729,1.30744,1.03,2.62
2016.10.04 11:00:14.688,1.30729,1.30743,1.03,1.50
2016.10.04 11:00:14.740,1.30728,1.30743,1.28,1.50
2016.10.04 11:00:14.792,1.30728,1.30742,1.28,1.37
2016.10.04 11:00:14.843,1.30728,1.30742,1.00,1.50
2016.10.04 11:00:14.996,1.30728,1.30742,1.00,2.25
2016.10.04 11:00:15.098,1.30726,1.30742,1.25,1.50
2016.10.04 11:00:15.149,1.30726,1.30742,1.00,1.50
2016.10.04 11:00:15.468,1.30726,1.30741,1.00,1.50
2016.10.04 11:00:15.520,1.30725,1.3074,1.00,1.50
2016.10.04 11:00:15.572,1.30725,1.3074,1.00,1.87
2016.10.04 11:00:15.624,1.30725,1.30739,1.00,1.50
2016.10.04 11:00:15.726,1.30725,1.30739,1.00,1.50
2016.10.04 11:00:15.778,1.30725,1.30739,1.00,2.25
2016.10.04 11:00:17.104,1.30724,1.30739,1.00,1.50
2016.10.04 11:00:17.516,1.30724,1.3074,1.00,1.87
2016.10.04 11:00:17.719,1.30724,1.3074,1.03,1.87
2016.10.04 11:00:17.770,1.30725,1.30739,1.00,1.37
2016.10.04 11:00:17.822,1.30726,1.3074,1.00,2.62
2016.10.04 11:00:18.172,1.30724,1.3074,1.03,1.87
2016.10.04 11:00:18.431,1.30725,1.3074,1.00,1.87
2016.10.04 11:00:18.483,1.30725,1.3074,1.19,1.87
2016.10.04 11:00:18.535,1.30725,1.3074,1.19,1.87
2016.10.04 11:00:18.586,1.30724,1.3074,1.31,2.62
2016.10.04 11:00:18.637,1.30724,1.3074,1.56,2.62
2016.10.04 11:00:18.689,1.30727,1.3074,1.56,1.87
2016.10.04 11:00:18.742,1.30727,1.30741,2.06,2.25
2016.10.04 11:00:18.793,1.30728,1.30741,1.56,2.25
2016.10.04 11:00:18.844,1.3073,1.3074,1.56,1.00
2016.10.04 11:00:18.998,1.30729,1.30741,1.56,1.50
2016.10.04 11:00:19.050,1.3073,1.30741,1.56,1.12
2016.10.04 11:00:19.229,1.30729,1.30742,1.56,2.25
2016.10.04 11:00:19.332,1.30729,1.30742,1.56,3.37
2016.10.04 11:00:20.003,1.3073,1.30742,1.56,3.37
2016.10.04 11:00:20.055,1.30728,1.30742,1.56,2.62
2016.10.04 11:00:20.157,1.30728,1.30742,1.56,1.00
2016.10.04 11:00:20.309,1.30728,1.30742,2.06,1.50
2016.10.04 11:00:20.361,1.30726,1.30742,1.12,1.87
2016.10.04 11:00:20.475,1.30725,1.30741,1.00,1.00
2016.10.04 11:00:20.526,1.30725,1.3074,1.00,1.12
2016.10.04 11:00:20.579,1.30725,1.3074,1.00,2.25
2016.10.04 11:00:20.759,1.30725,1.30739,1.00,1.50
2016.10.04 11:00:20.914,1.30726,1.30739,1.00,2.25
2016.10.04 11:00:20.967,1.30728,1.30737,1.00,1.37
2016.10.04 11:00:21.018,1.30725,1.30737,1.00,1.37
2016.10.04 11:00:21.070,1.30727,1.3074,1.00,1.87
2016.10.04 11:00:21.122,1.30726,1.3074,1.12,1.87
2016.10.04 11:00:21.173,1.30728,1.3074,1.00,1.12
2016.10.04 11:00:21.705,1.3073,1.3074,1.00,1.12
2016.10.04 11:00:21.807,1.3073,1.30742,1.00,3.00
2016.10.04 11:00:21.859,1.3073,1.30742,1.00,1.50
2016.10.04 11:00:21.961,1.30733,1.30742,1.00,1.00
2016.10.04 11:00:22.239,1.30734,1.30744,1.00,1.12
2016.10.04 11:00:23.132,1.30734,1.30745,1.00,1.12
2016.10.04 11:00:23.489,1.30734,1.30747,1.00,2.62
2016.10.04 11:00:23.660,1.30734,1.30745,1.00,1.37
2016.10.04 11:00:23.712,1.30734,1.30742,1.00,1.00
2016.10.04 11:00:24.093,1.30733,1.30744,1.00,1.75
2016.10.04 11:00:24.144,1.30733,1.30741,1.00,1.00
2016.10.04 11:00:24.196,1.30733,1.30743,1.00,1.12
2016.10.04 11:00:24.298,1.3073,1.30743,1.00,1.87
2016.10.04 11:00:24.351,1.30729,1.30741,1.00,1.87
2016.10.04 11:00:24.499,1.30729,1.30739,1.00,1.75
2016.10.04 11:00:24.551,1.30729,1.30739,1.00,2.62
2016.10.04 11:00:24.653,1.30729,1.30739,1.00,1.75
2016.10.04 11:00:24.756,1.30729,1.3074,1.00,1.75
2016.10.04 11:00:24.808,1.30729,1.30741,1.00,2.62
2016.10.04 11:00:25.160,1.3073,1.30741,1.00,2.62
2016.10.04 11:00:25.467,1.3073,1.30741,1.00,2.62
2016.10.04 11:00:25.799,1.3073,1.30741,1.00,2.62
2016.10.04 11:00:25.862,1.3073,1.30741,1.00,2.62
2016.10.04 11:00:25.913,1.3073,1.3074,1.00,1.50
2016.10.04 11:00:26.116,1.30729,1.3074,1.37,1.00
2016.10.04 11:00:26.167,1.3073,1.30743,1.12,1.75
2016.10.04 11:00:26.219,1.30732,1.30744,1.00,1.87
2016.10.04 11:00:26.270,1.30732,1.30744,1.00,1.50
2016.10.04 11:00:26.372,1.30733,1.30744,1.00,1.50
2016.10.04 11:00:26.629,1.30733,1.30746,1.00,1.75
2016.10.04 11:00:26.805,1.30734,1.30747,1.00,1.87
2016.10.04 11:00:26.857,1.30735,1.30747,1.00,1.87
2016.10.04 11:00:26.958,1.30734,1.30748,1.00,3.37
2016.10.04 11:00:27.061,1.30734,1.30747,1.00,2.62
2016.10.04 11:00:27.163,1.30734,1.30746,1.00,1.87
2016.10.04 11:00:27.367,1.30734,1.30746,1.00,2.62
2016.10.04 11:00:27.469,1.30734,1.30746,1.00,2.62
2016.10.04 11:00:27.650,1.30735,1.30749,1.00,3.37
2016.10.04 11:00:27.701,1.30736,1.30749,1.00,2.62
2016.10.04 11:00:27.956,1.30736,1.30749,1.00,1.87
2016.10.04 11:00:28.059,1.30736,1.30749,1.28,2.62
2016.10.04 11:00:28.162,1.30736,1.30748,1.28,1.50
2016.10.04 11:00:28.264,1.30736,1.3075,1.28,2.25
2016.10.04 11:00:28.315,1.30737,1.3075,1.28,3.00
2016.10.04 11:00:28.366,1.30737,1.3075,1.28,1.87
2016.10.04 11:00:28.417,1.30737,1.3075,1.28,1.37
2016.10.04 11:00:28.581,1.30738,1.30752,1.28,2.62
2016.10.04 11:00:28.683,1.30738,1.30752,1.28,3.00
2016.10.04 11:00:29.157,1.30738,1.30751,1.28,1.87
2016.10.04 11:00:29.208,1.30738,1.30751,1.28,1.87
2016.10.04 11:00:29.259,1.30738,1.30751,1.00,2.62
2016.10.04 11:00:30.110,1.30736,1.3075,1.00,1.75
2016.10.04 11:00:30.212,1.30736,1.3075,1.00,1.75
2016.10.04 11:00:30.822,1.30735,1.3075,1.00,1.75
2016.10.04 11:00:30.992,1.30735,1.3075,1.00,1.75
2016.10.04 11:00:31.200,1.30735,1.3075,1.00,1.75
2016.10.04 11:00:31.302,1.30735,1.3075,1.00,1.75
2016.10.04 11:00:31.713,1.30735,1.30749,1.00,1.37
2016.10.04 11:00:31.815,1.30735,1.30749,1.00,1.12
2016.10.04 11:00:31.866,1.30733,1.30748,1.12,1.25
2016.10.04 11:00:31.943,1.30733,1.30748,1.00,1.31
2016.10.04 11:00:31.994,1.30733,1.30748,1.00,1.50
2016.10.04 11:00:32.096,1.30733,1.30748,1.00,1.69
2016.10.04 11:00:32.299,1.30733,1.30748,1.00,2.06
2016.10.04 11:00:32.868,1.30733,1.30748,1.00,1.87
2016.10.04 11:00:33.173,1.30733,1.30747,1.00,1.87
2016.10.04 11:00:33.682,1.30733,1.30747,1.00,1.12
2016.10.04 11:00:34.199,1.30733,1.30747,1.00,2.25
2016.10.04 11:00:34.551,1.30733,1.30747,1.00,1.50
2016.10.04 11:00:34.603,1.30733,1.30747,1.00,1.12
2016.10.04 11:00:36.802,1.30733,1.30747,1.00,1.12
2016.10.04 11:00:36.904,1.30733,1.30747,1.00,1.50
2016.10.04 11:00:37.941,1.30733,1.30746,1.00,1.50
2016.10.04 11:00:37.993,1.30733,1.30746,1.00,1.87
2016.10.04 11:00:38.053,1.30733,1.30746,1.00,2.62
2016.10.04 11:00:38.155,1.30732,1.30743,1.00,1.87
2016.10.04 11:00:38.207,1.30732,1.30742,1.00,1.00
2016.10.04 11:00:38.352,1.30728,1.3074,1.00,1.50
2016.10.04 11:00:38.403,1.30724,1.30739,1.00,3.00
2016.10.04 11:00:38.456,1.30724,1.30739,1.00,2.25
2016.10.04 11:00:38.560,1.30724,1.30739,1.00,1.37
2016.10.04 11:00:38.612,1.30726,1.30739,1.00,1.50
2016.10.04 11:00:38.665,1.30724,1.30739,1.00,1.00
2016.10.04 11:00:38.768,1.30724,1.30739,1.12,1.00
2016.10.04 11:00:38.819,1.30724,1.30739,1.12,1.37
2016.10.04 11:00:38.871,1.30724,1.30738,1.00,1.12
2016.10.04 11:00:39.093,1.30722,1.30735,1.00,1.00
2016.10.04 11:00:39.196,1.30722,1.30735,1.00,1.12
2016.10.04 11:00:39.247,1.30722,1.30735,1.00,1.50
2016.10.04 11:00:40.126,1.30722,1.30735,1.00,1.12
2016.10.04 11:00:41.427,1.30721,1.30735,1.00,1.12
2016.10.04 11:00:41.530,1.30722,1.30735,1.00,1.50
2016.10.04 11:00:41.632,1.30722,1.30735,1.00,1.12
2016.10.04 11:00:41.945,1.30722,1.30735,1.00,1.00
2016.10.04 11:00:41.996,1.30722,1.30737,1.00,2.25
2016.10.04 11:00:42.048,1.30723,1.30737,1.00,1.50
2016.10.04 11:00:42.478,1.30722,1.30737,1.00,2.25
2016.10.04 11:00:42.580,1.30723,1.30736,1.00,1.12
2016.10.04 11:00:42.631,1.30721,1.30736,1.12,1.87
2016.10.04 11:00:42.682,1.30721,1.30735,1.12,2.62
2016.10.04 11:00:42.733,1.30723,1.30735,1.00,2.62
2016.10.04 11:00:42.784,1.30723,1.30736,1.00,1.87
2016.10.04 11:00:43.297,1.30722,1.30736,1.00,1.37
2016.10.04 11:00:44.813,1.30722,1.30737,1.75,1.37
2016.10.04 11:00:44.864,1.30729,1.30741,1.00,1.19
2016.10.04 11:00:44.915,1.30729,1.30742,1.00,1.56
2016.10.04 11:00:45.018,1.30729,1.30743,1.00,3.19
2016.10.04 11:00:45.171,1.3073,1.30742,1.00,1.19
2016.10.04 11:00:45.375,1.3073,1.30742,1.00,2.06
2016.10.04 11:00:45.572,1.3073,1.30742,1.00,2.44
2016.10.04 11:00:45.725,1.3073,1.30741,1.00,2.81
2016.10.04 11:00:45.777,1.3073,1.30741,1.00,1.31
2016.10.04 11:00:45.828,1.3073,1.30742,1.00,1.94
2016.10.04 11:00:45.879,1.3073,1.30742,1.00,1.69
2016.10.04 11:00:45.930,1.3073,1.30742,1.00,1.56
2016.10.04 11:00:47.629,1.30729,1.30742,1.00,2.06
2016.10.04 11:00:47.681,1.30728,1.30742,1.00,1.69
2016.10.04 11:00:47.733,1.30728,1.30742,1.00,2.06
2016.10.04 11:00:47.784,1.30728,1.30741,1.00,1.94
2016.10.04 11:00:47.835,1.30729,1.30741,1.00,2.06
2016.10.04 11:00:47.887,1.30727,1.30739,1.00,1.19
2016.10.04 11:00:47.938,1.30727,1.3074,1.00,2.44
2016.10.04 11:00:48.040,1.30727,1.3074,1.00,1.87
2016.10.04 11:00:48.091,1.30727,1.30741,1.00,2.44
2016.10.04 11:00:48.259,1.30727,1.30741,1.00,1.31
2016.10.04 11:00:48.666,1.30732,1.30743,1.00,1.37
2016.10.04 11:00:48.718,1.30733,1.30743,1.50,1.37
2016.10.04 11:00:48.769,1.30733,1.30746,1.50,1.75
2016.10.04 11:00:48.820,1.30733,1.30749,1.87,3.75
2016.10.04 11:00:48.989,1.30734,1.3075,1.12,1.87
2016.10.04 11:00:49.040,1.30734,1.30749,1.12,1.00
2016.10.04 11:00:49.091,1.30734,1.30749,1.00,1.37
2016.10.04 11:00:49.193,1.30734,1.3075,1.00,3.00
2016.10.04 11:00:49.244,1.30734,1.3075,1.00,2.62
2016.10.04 11:00:50.083,1.30735,1.30748,1.00,1.12
2016.10.04 11:00:50.134,1.30735,1.3075,1.00,2.62
2016.10.04 11:00:50.185,1.30736,1.3075,1.00,1.87
2016.10.04 11:00:50.404,1.30736,1.3075,1.00,1.50
2016.10.04 11:00:50.710,1.30736,1.3075,1.00,1.87
2016.10.04 11:00:50.762,1.30735,1.3075,1.00,2.25
2016.10.04 11:00:50.865,1.30735,1.30749,1.00,1.00
2016.10.04 11:00:50.916,1.30735,1.30749,1.00,1.12
2016.10.04 11:00:50.967,1.30735,1.30748,1.00,1.12
2016.10.04 11:00:51.018,1.30734,1.30749,1.00,1.50
2016.10.04 11:00:51.069,1.30736,1.30749,1.00,2.25
2016.10.04 11:00:51.120,1.30736,1.30749,1.00,1.87
2016.10.04 11:00:51.172,1.30736,1.30749,1.00,1.12
2016.10.04 11:00:51.223,1.30736,1.30749,1.00,1.00
2016.10.04 11:00:51.571,1.30737,1.30751,1.00,1.50
2016.10.04 11:00:51.622,1.30737,1.30751,1.12,1.50
2016.10.04 11:00:51.673,1.30738,1.30751,1.00,1.37
2016.10.04 11:00:51.724,1.30738,1.30751,1.00,1.00
2016.10.04 11:00:54.324,1.30738,1.30751,1.00,1.12
2016.10.04 11:00:56.010,1.30738,1.30751,1.00,1.00
2016.10.04 11:00:56.931,1.30738,1.30751,1.12,1.00
2016.10.04 11:00:58.670,1.30738,1.30751,1.00,1.00
2016.10.04 11:00:58.987,1.30738,1.30751,1.00,1.12
2016.10.04 11:01:00.341,1.30738,1.30751,1.12,1.00
2016.10.04 11:01:00.647,1.30736,1.30751,3.00,1.00
2016.10.04 11:01:00.698,1.30736,1.30751,1.12,1.00
2016.10.04 11:01:00.749,1.30735,1.30751,1.50,1.37
2016.10.04 11:01:00.801,1.30735,1.3075,1.12,1.00
2016.10.04 11:01:00.864,1.30736,1.3075,1.00,1.00
2016.10.04 11:01:00.915,1.30735,1.3075,1.12,1.50
2016.10.04 11:01:01.134,1.30735,1.3075,1.00,1.50
2016.10.04 11:01:01.767,1.30736,1.3075,1.25,1.50
2016.10.04 11:01:01.818,1.30737,1.3075,1.00,1.50
2016.10.04 11:01:02.212,1.30737,1.3075,1.50,1.00
2016.10.04 11:01:02.263,1.3074,1.30753,1.37,1.00
2016.10.04 11:01:02.314,1.3074,1.30755,1.37,1.50
2016.10.04 11:01:02.417,1.3074,1.30755,2.62,1.00
2016.10.04 11:01:02.519,1.3074,1.30753,1.87,1.00
2016.10.04 11:01:02.888,1.3074,1.30751,1.87,1.00
2016.10.04 11:01:02.942,1.30739,1.30751,2.25,1.00
2016.10.04 11:01:03.096,1.30739,1.30751,1.87,1.00
2016.10.04 11:01:03.199,1.30741,1.30754,1.12,1.00
2016.10.04 11:01:03.251,1.30742,1.30754,1.37,1.00
2016.10.04 11:01:03.302,1.30744,1.30754,1.19,1.00
2016.10.04 11:01:03.353,1.30744,1.30756,1.69,1.00
2016.10.04 11:01:03.404,1.30745,1.30756,2.00,1.00
2016.10.04 11:01:03.628,1.30744,1.30756,1.69,1.00
2016.10.04 11:01:03.679,1.30744,1.30756,1.69,1.00
2016.10.04 11:01:03.730,1.30742,1.30756,4.31,1.00
2016.10.04 11:01:03.781,1.30743,1.30756,2.06,1.00
2016.10.04 11:01:03.832,1.30743,1.30753,1.50,1.00
2016.10.04 11:01:03.883,1.30742,1.30752,1.37,1.00
2016.10.04 11:01:03.934,1.30742,1.30752,1.00,1.00
2016.10.04 11:01:03.985,1.30738,1.30751,3.00,1.00
2016.10.04 11:01:04.036,1.30738,1.30751,1.00,1.00
2016.10.04 11:01:04.088,1.30736,1.30751,2.06,1.00
2016.10.04 11:01:04.139,1.30736,1.30751,1.94,1.00
2016.10.04 11:01:04.468,1.30736,1.30749,1.94,1.00
2016.10.04 11:01:04.621,1.30736,1.30749,1.75,1.00
2016.10.04 11:01:04.672,1.30735,1.30749,1.12,1.00
2016.10.04 11:01:04.724,1.30734,1.30749,2.00,1.00
2016.10.04 11:01:05.135,1.30734,1.30747,2.44,1.00
2016.10.04 11:01:05.634,1.30734,1.30747,2.06,1.00
2016.10.04 11:01:05.685,1.30734,1.30747,1.69,1.00
2016.10.04 11:01:05.737,1.30733,1.30747,1.19,1.12
2016.10.04 11:01:05.794,1.30733,1.30746,1.19,1.00
2016.10.04 11:01:05.845,1.30733,1.30745,1.00,1.00
2016.10.04 11:01:09.546,1.30733,1.30745,1.12,1.00
2016.10.04 11:01:10.096,1.30734,1.30745,1.12,1.00
2016.10.04 11:01:10.407,1.30732,1.30745,1.75,1.00
2016.10.04 11:01:10.590,1.30733,1.30743,1.00,1.00
2016.10.04 11:01:10.693,1.30731,1.30741,1.12,1.00
2016.10.04 11:01:10.745,1.30731,1.30741,1.00,1.00
2016.10.04 11:01:10.797,1.30728,1.30742,1.30,1.00
2016.10.04 11:01:11.334,1.30727,1.30741,1.30,1.00
2016.10.04 11:01:11.487,1.30727,1.3074,2.05,1.00
2016.10.04 11:01:11.755,1.30726,1.30738,1.75,1.00
2016.10.04 11:01:11.806,1.30727,1.30737,1.00,1.00
2016.10.04 11:01:11.857,1.30724,1.30736,1.75,1.00
2016.10.04 11:01:11.909,1.30723,1.30731,1.37,1.00
2016.10.04 11:01:11.961,1.30721,1.30731,1.12,1.00
2016.10.04 11:01:12.012,1.3072,1.30729,1.37,1.00
2016.10.04 11:01:12.063,1.30716,1.30729,2.25,1.37
2016.10.04 11:01:12.198,1.30714,1.30728,2.62,2.25
2016.10.04 11:01:12.250,1.30708,1.30722,2.18,1.00
2016.10.04 11:01:12.302,1.30706,1.30719,4.15,1.00
2016.10.04 11:01:12.354,1.30706,1.30719,1.46,1.00
2016.10.04 11:01:12.456,1.30706,1.30719,1.00,1.00
2016.10.04 11:01:12.711,1.30705,1.30719,1.00,1.00
2016.10.04 11:01:12.763,1.30705,1.30719,1.00,1.12
2016.10.04 11:01:12.814,1.30704,1.30719,1.50,1.12
2016.10.04 11:01:12.865,1.30704,1.30719,1.12,1.50
2016.10.04 11:01:13.071,1.30704,1.30717,1.00,1.00
2016.10.04 11:01:14.461,1.30703,1.30717,1.00,1.00
2016.10.04 11:01:14.716,1.30703,1.30717,1.12,1.00
2016.10.04 11:01:16.026,1.30706,1.30719,1.00,1.87
2016.10.04 11:01:17.286,1.30706,1.30719,1.00,1.37
2016.10.04 11:01:17.337,1.30706,1.30719,1.00,1.00
2016.10.04 11:01:17.490,1.30708,1.30721,1.00,1.75
2016.10.04 11:01:17.541,1.30708,1.30721,1.00,1.37
2016.10.04 11:01:17.592,1.30708,1.30721,1.00,1.00
2016.10.04 11:01:20.000,1.30708,1.30721,1.00,1.87
2016.10.04 11:01:20.052,1.30708,1.30721,1.00,1.87
2016.10.04 11:01:20.180,1.30708,1.30721,1.00,2.62
2016.10.04 11:01:20.564,1.30708,1.30721,1.00,2.62
2016.10.04 11:01:20.667,1.30708,1.30721,1.00,2.25
2016.10.04 11:01:21.246,1.30708,1.30721,1.00,1.37
2016.10.04 11:01:21.537,1.30711,1.30722,1.00,1.50
2016.10.04 11:01:21.588,1.30711,1.30723,1.00,2.25
2016.10.04 11:01:21.640,1.30712,1.30724,1.00,1.87
2016.10.04 11:01:21.691,1.30712,1.30724,1.00,1.75
2016.10.04 11:01:22.559,1.30712,1.30725,1.00,3.37
2016.10.04 11:01:22.661,1.30712,1.30725,1.00,2.62
2016.10.04 11:01:22.770,1.30712,1.30724,1.00,1.00
2016.10.04 11:01:23.046,1.30713,1.30726,1.00,1.87
2016.10.04 11:01:23.097,1.30713,1.30726,1.00,1.50
2016.10.04 11:01:23.765,1.30713,1.30726,1.00,1.12
2016.10.04 11:01:23.816,1.30713,1.30726,1.00,1.00
2016.10.04 11:01:23.867,1.30714,1.30727,1.00,1.12
2016.10.04 11:01:24.179,1.30714,1.30727,1.00,1.00
2016.10.04 11:01:24.281,1.30714,1.30727,1.00,1.12
2016.10.04 11:01:24.383,1.30714,1.30727,1.00,1.00
2016.10.04 11:01:25.507,1.30714,1.30727,1.00,1.12
2016.10.04 11:01:27.262,1.30713,1.30727,1.00,1.12
2016.10.04 11:01:28.495,1.30713,1.30727,1.50,1.12
2016.10.04 11:01:30.762,1.30713,1.30727,1.50,1.75
2016.10.04 11:01:30.814,1.3071,1.30725,1.12,2.62
2016.10.04 11:01:30.872,1.3071,1.30724,1.00,1.37
2016.10.04 11:01:30.923,1.3071,1.30724,1.00,1.87
2016.10.04 11:01:31.128,1.3071,1.30724,1.00,2.62
2016.10.04 11:01:31.834,1.3071,1.30724,1.00,2.25
2016.10.04 11:01:33.385,1.3071,1.30724,1.00,1.75
2016.10.04 11:01:35.399,1.30709,1.30724,1.00,1.75
2016.10.04 11:01:36.106,1.3071,1.30724,1.00,2.25
2016.10.04 11:01:36.310,1.30709,1.30722,1.00,1.00
2016.10.04 11:01:36.567,1.30715,1.30722,1.12,1.00
2016.10.04 11:01:36.618,1.30715,1.30724,1.31,1.87
2016.10.04 11:01:36.669,1.30718,1.30724,1.00,1.37
2016.10.04 11:01:36.720,1.3072,1.30733,1.00,4.50
2016.10.04 11:01:36.835,1.3072,1.30733,1.00,2.25
2016.10.04 11:01:36.886,1.30721,1.30736,1.00,1.87
2016.10.04 11:01:37.192,1.30721,1.30736,1.00,1.37
2016.10.04 11:01:37.702,1.30721,1.30735,1.00,1.00
2016.10.04 11:01:40.292,1.30722,1.30735,1.00,1.00
2016.10.04 11:01:40.394,1.30723,1.30737,1.00,3.37
2016.10.04 11:01:41.094,1.30723,1.30736,1.00,1.37
2016.10.04 11:01:42.113,1.30721,1.30737,1.00,4.12
2016.10.04 11:01:42.216,1.30723,1.30735,1.00,1.12
2016.10.04 11:01:42.318,1.30723,1.30735,1.00,1.00
2016.10.04 11:01:42.419,1.30723,1.30737,1.00,3.00
2016.10.04 11:01:42.623,1.30723,1.30737,1.00,1.87
2016.10.04 11:01:43.696,1.30724,1.30737,1.00,1.87
2016.10.04 11:01:44.212,1.30723,1.30737,1.00,1.87
2016.10.04 11:01:44.740,1.30723,1.30736,1.00,1.50
2016.10.04 11:01:45.040,1.30723,1.30736,1.00,1.87
2016.10.04 11:01:45.499,1.30723,1.30734,1.00,1.00
2016.10.04 11:01:45.697,1.30716,1.30732,1.50,3.00
2016.10.04 11:01:45.749,1.30716,1.3073,1.12,1.87
2016.10.04 11:01:45.800,1.30716,1.30728,1.00,1.12
2016.10.04 11:01:45.916,1.30716,1.30728,1.00,1.75
2016.10.04 11:01:45.968,1.30716,1.30727,1.00,1.37
2016.10.04 11:01:46.019,1.30716,1.30727,1.00,1.00
2016.10.04 11:01:47.388,1.3072,1.30727,1.00,1.00
2016.10.04 11:01:47.492,1.30721,1.30728,1.00,1.00
2016.10.04 11:01:47.543,1.30721,1.30733,1.00,1.12
2016.10.04 11:01:47.645,1.30722,1.30735,1.00,2.62
2016.10.04 11:01:47.696,1.30722,1.30735,1.00,1.87
2016.10.04 11:01:48.126,1.30723,1.30735,1.87,1.12
2016.10.04 11:01:48.177,1.30724,1.30736,1.50,1.87
2016.10.04 11:01:48.228,1.30728,1.30738,1.12,1.12
2016.10.04 11:01:48.280,1.30728,1.30738,1.12,1.00
2016.10.04 11:01:48.331,1.30728,1.30741,1.37,1.00
2016.10.04 11:01:48.382,1.30733,1.30743,1.00,1.50
2016.10.04 11:01:48.434,1.30733,1.30743,1.00,1.00
2016.10.04 11:01:48.695,1.30736,1.30746,1.00,3.37
2016.10.04 11:01:48.747,1.30739,1.3075,1.00,1.12
2016.10.04 11:01:48.798,1.30739,1.3075,1.00,1.37
2016.10.04 11:01:48.849,1.30739,1.3075,1.00,1.87
2016.10.04 11:01:49.133,1.30739,1.30749,1.00,2.62
2016.10.04 11:01:49.184,1.30739,1.30749,1.00,2.81
2016.10.04 11:01:49.235,1.30739,1.30748,1.00,1.50
2016.10.04 11:01:49.286,1.30738,1.30748,1.00,1.69
2016.10.04 11:01:49.337,1.30737,1.30747,1.00,2.62
2016.10.04 11:01:49.479,1.30737,1.30746,1.00,1.50
2016.10.04 11:01:49.530,1.30736,1.30746,1.00,1.87
2016.10.04 11:01:51.212,1.30736,1.30746,1.00,2.62
2016.10.04 11:01:51.345,1.30736,1.30744,1.00,1.12
2016.10.04 11:01:51.396,1.30734,1.30744,1.00,1.50
2016.10.04 11:01:51.447,1.30734,1.30744,1.00,1.00
2016.10.04 11:01:51.499,1.30733,1.30744,1.00,1.25
2016.10.04 11:01:51.601,1.30732,1.30744,1.00,1.00
2016.10.04 11:01:51.702,1.30734,1.30744,1.00,1.25
2016.10.04 11:01:51.804,1.30732,1.30745,1.00,2.44
2016.10.04 11:01:51.855,1.30732,1.30743,1.00,1.00
2016.10.04 11:01:51.906,1.3073,1.30743,1.00,1.00
2016.10.04 11:01:52.009,1.30726,1.30738,1.00,1.00
2016.10.04 11:01:52.060,1.30723,1.30738,1.00,1.50
2016.10.04 11:01:52.234,1.30722,1.30733,1.37,1.00
2016.10.04 11:01:52.288,1.30719,1.30734,1.00,2.25
2016.10.04 11:01:52.339,1.30719,1.30731,1.00,1.87
2016.10.04 11:01:52.441,1.30719,1.30731,1.00,1.50
2016.10.04 11:01:52.543,1.30719,1.30733,1.00,1.75
2016.10.04 11:01:52.594,1.3072,1.30733,1.00,1.75
2016.10.04 11:01:54.224,1.3072,1.30731,1.00,2.62
2016.10.04 11:01:54.275,1.3072,1.30731,1.00,1.00
2016.10.04 11:01:54.326,1.3072,1.30733,1.00,1.75
2016.10.04 11:01:54.428,1.3072,1.30731,1.00,1.50
2016.10.04 11:01:54.531,1.3072,1.30733,1.00,3.00
2016.10.04 11:01:54.582,1.3072,1.30733,1.00,2.62
2016.10.04 11:01:54.634,1.3072,1.30732,1.00,1.00
2016.10.04 11:01:55.274,1.30721,1.30732,1.00,1.00
2016.10.04 11:01:56.079,1.30721,1.30731,1.00,1.12
2016.10.04 11:01:56.130,1.30721,1.30731,1.00,1.87
2016.10.04 11:01:56.554,1.30721,1.30733,1.00,3.37
2016.10.04 11:01:56.656,1.30721,1.30732,1.00,1.00
2016.10.04 11:01:57.106,1.30721,1.30732,1.00,1.00
2016.10.04 11:01:57.596,1.30721,1.30732,1.00,3.00
2016.10.04 11:01:57.647,1.30718,1.30732,1.00,1.87
2016.10.04 11:01:57.851,1.30718,1.30729,1.00,1.00
2016.10.04 11:01:58.005,1.30717,1.3073,1.00,3.00
2016.10.04 11:01:58.057,1.30717,1.30728,1.00,1.50
2016.10.04 11:01:58.363,1.30716,1.30729,1.00,3.00
2016.10.04 11:01:58.516,1.30715,1.30728,1.00,1.37
2016.10.04 11:01:58.567,1.30714,1.30726,1.00,1.50
2016.10.04 11:01:58.691,1.30714,1.30726,1.00,1.87
2016.10.04 11:01:58.743,1.30714,1.30726,1.00,2.25
2016.10.04 11:01:59.048,1.30714,1.30726,1.00,1.87
2016.10.04 11:01:59.100,1.30714,1.30726,1.00,1.50
2016.10.04 11:01:59.689,1.30713,1.30726,1.12,1.50
2016.10.04 11:02:00.165,1.30713,1.30726,1.12,2.62
2016.10.04 11:02:00.268,1.30714,1.30726,1.00,2.62
2016.10.04 11:02:00.444,1.30715,1.30726,1.00,1.87
2016.10.04 11:02:00.548,1.30715,1.30726,1.00,2.62
2016.10.04 11:02:00.765,1.30715,1.30726,1.00,1.87
2016.10.04 11:02:01.120,1.30718,1.30728,1.00,1.87
2016.10.04 11:02:01.171,1.30718,1.30728,1.00,1.50
2016.10.04 11:02:01.420,1.30718,1.3073,1.00,2.62
2016.10.04 11:02:01.471,1.30718,1.3073,1.00,1.87
2016.10.04 11:02:01.522,1.30718,1.3073,1.00,1.87
2016.10.04 11:02:01.573,1.30718,1.3073,1.00,2.62
2016.10.04 11:02:02.085,1.30718,1.3073,1.00,1.87
2016.10.04 11:02:02.726,1.30717,1.3073,1.00,1.87
2016.10.04 11:02:02.777,1.30717,1.3073,1.00,2.62
2016.10.04 11:02:02.931,1.30722,1.3073,1.00,1.50
2016.10.04 11:02:03.068,1.30722,1.30733,1.00,1.75
2016.10.04 11:02:03.120,1.30726,1.30736,1.00,5.10
2016.10.04 11:02:03.173,1.30726,1.30736,1.00,2.25
2016.10.04 11:02:03.225,1.30726,1.30736,1.00,1.12
2016.10.04 11:02:03.277,1.30724,1.30737,1.00,1.50
2016.10.04 11:02:03.328,1.30724,1.30735,1.00,1.00
2016.10.04 11:02:03.379,1.30723,1.30735,1.00,1.12
2016.10.04 11:02:03.431,1.30723,1.30735,1.00,1.37
2016.10.04 11:02:03.482,1.30724,1.30735,1.00,1.50
2016.10.04 11:02:04.439,1.30723,1.30734,1.00,1.50
2016.10.04 11:02:04.490,1.30722,1.30734,1.00,1.87
2016.10.04 11:02:04.541,1.30723,1.30735,1.00,3.00
2016.10.04 11:02:04.594,1.30723,1.30734,1.00,1.75
2016.10.04 11:02:04.645,1.30723,1.30732,1.00,1.12
2016.10.04 11:02:04.747,1.30723,1.30733,1.00,1.50
2016.10.04 11:02:04.952,1.30723,1.30735,1.00,2.25
2016.10.04 11:02:05.004,1.30725,1.30733,1.00,1.00
2016.10.04 11:02:05.056,1.30725,1.30735,1.00,1.37
2016.10.04 11:02:05.515,1.30723,1.30735,1.00,1.37
2016.10.04 11:02:05.652,1.30723,1.30734,1.00,1.87
2016.10.04 11:02:05.856,1.30723,1.30734,1.00,2.25
2016.10.04 11:02:05.908,1.30723,1.30734,1.00,2.62
2016.10.04 11:02:05.959,1.30723,1.30732,1.00,1.00
2016.10.04 11:02:06.112,1.30721,1.30732,1.00,1.00
2016.10.04 11:02:06.284,1.30719,1.30728,1.00,1.37
2016.10.04 11:02:06.745,1.30718,1.30728,1.00,1.12
2016.10.04 11:02:06.796,1.30718,1.30727,1.00,1.37
2016.10.04 11:02:07.326,1.30717,1.30727,1.00,1.37
2016.10.04 11:02:07.984,1.30716,1.30727,1.00,1.37
2016.10.04 11:02:08.355,1.30718,1.30727,1.00,1.37
2016.10.04 11:02:08.988,1.30719,1.30727,1.00,1.37
2016.10.04 11:02:09.040,1.30719,1.30728,1.00,1.12
2016.10.04 11:02:09.192,1.30719,1.30729,1.00,2.62
2016.10.04 11:02:10.637,1.30716,1.30727,1.00,1.50
2016.10.04 11:02:10.688,1.30716,1.30724,1.00,1.00
2016.10.04 11:02:10.739,1.30714,1.30724,1.00,1.00
2016.10.04 11:02:10.791,1.30712,1.30725,1.50,3.00
2016.10.04 11:02:10.869,1.30712,1.30723,1.00,1.00
2016.10.04 11:02:11.073,1.30713,1.30723,1.00,1.87
2016.10.04 11:02:11.835,1.30712,1.30723,1.00,1.87
2016.10.04 11:02:12.711,1.30711,1.30723,1.00,1.87
2016.10.04 11:02:13.158,1.30712,1.30723,1.00,2.25
2016.10.04 11:02:13.209,1.30712,1.30722,1.00,1.00
2016.10.04 11:02:13.261,1.30712,1.30724,1.00,1.75
2016.10.04 11:02:13.422,1.30712,1.30724,1.00,1.12
2016.10.04 11:02:13.526,1.30712,1.30723,1.00,2.62
2016.10.04 11:02:13.578,1.30712,1.30722,1.00,1.12
2016.10.04 11:02:14.109,1.30711,1.30722,1.00,1.12
2016.10.04 11:02:14.510,1.30711,1.30722,1.00,1.00
2016.10.04 11:02:15.467,1.3071,1.30722,1.00,1.00
2016.10.04 11:02:15.702,1.30711,1.30722,1.00,1.87
2016.10.04 11:02:15.754,1.30717,1.30727,1.00,1.50
2016.10.04 11:02:15.806,1.30717,1.30727,1.00,1.00
2016.10.04 11:02:15.872,1.30718,1.30729,1.00,1.75
2016.10.04 11:02:15.925,1.30718,1.30729,1.00,1.37
2016.10.04 11:02:15.977,1.3072,1.3073,1.00,1.75
2016.10.04 11:02:16.028,1.3072,1.30731,1.00,3.75
2016.10.04 11:02:16.079,1.3072,1.30731,1.00,1.87
2016.10.04 11:02:16.335,1.3072,1.30731,1.00,3.75
2016.10.04 11:02:16.608,1.3072,1.30731,1.00,3.00
2016.10.04 11:02:16.710,1.3072,1.30731,1.00,3.75
2016.10.04 11:02:16.915,1.30721,1.30731,1.00,3.00
2016.10.04 11:02:16.966,1.30721,1.30731,1.00,2.25
2016.10.04 11:02:17.017,1.30721,1.30731,1.00,3.00
2016.10.04 11:02:17.119,1.30721,1.30731,1.00,2.25
2016.10.04 11:02:17.323,1.30721,1.30731,1.00,3.00
2016.10.04 11:02:18.111,1.30721,1.30731,1.00,1.87
2016.10.04 11:02:18.213,1.30721,1.30731,1.00,1.00
2016.10.04 11:02:18.469,1.30725,1.30734,1.00,1.37
2016.10.04 11:02:18.521,1.30727,1.30738,1.00,3.00
2016.10.04 11:02:18.572,1.30727,1.30737,1.00,1.37
2016.10.04 11:02:18.623,1.30727,1.30737,1.00,1.75
2016.10.04 11:02:18.726,1.30726,1.30736,1.00,2.06
2016.10.04 11:02:18.777,1.30725,1.30736,1.00,2.06
2016.10.04 11:02:18.828,1.30726,1.30736,1.00,1.31
2016.10.04 11:02:18.879,1.30726,1.30737,1.00,2.81
2016.10.04 11:02:19.364,1.30727,1.30737,1.00,2.62
2016.10.04 11:02:19.517,1.30725,1.30736,1.00,1.87
2016.10.04 11:02:19.877,1.30725,1.30736,1.00,2.25
2016.10.04 11:02:20.313,1.30726,1.30736,1.00,1.50
2016.10.04 11:02:20.366,1.30728,1.30738,1.00,2.62
2016.10.04 11:02:20.955,1.30728,1.30738,1.00,3.37
2016.10.04 11:02:21.020,1.30725,1.30736,1.00,1.50
2016.10.04 11:02:21.072,1.30725,1.30736,1.00,1.87
2016.10.04 11:02:21.123,1.30725,1.30736,1.00,2.25
2016.10.04 11:02:22.580,1.30725,1.30736,1.50,1.00
2016.10.04 11:02:22.631,1.30725,1.3074,1.50,2.62
2016.10.04 11:02:22.683,1.30725,1.3074,1.12,2.62
2016.10.04 11:02:22.734,1.30725,1.3074,1.12,2.25
2016.10.04 11:02:22.836,1.30725,1.3074,1.12,1.87
2016.10.04 11:02:22.887,1.30727,1.3074,1.00,1.87
2016.10.04 11:02:23.247,1.30727,1.3074,1.00,2.25
2016.10.04 11:02:23.391,1.30727,1.3074,1.00,1.87
2016.10.04 11:02:24.382,1.30727,1.3074,1.00,3.37
2016.10.04 11:02:25.727,1.30726,1.30739,1.00,1.37
2016.10.04 11:02:25.829,1.30725,1.30738,1.00,1.12
2016.10.04 11:02:25.880,1.30723,1.30737,1.00,2.62
2016.10.04 11:02:26.044,1.30722,1.30735,1.00,1.12
2016.10.04 11:02:26.096,1.30721,1.30734,1.00,1.50
2016.10.04 11:02:26.198,1.30721,1.30734,1.00,1.00
2016.10.04 11:02:26.809,1.30721,1.30734,1.00,2.25
2016.10.04 11:02:26.860,1.30718,1.30733,1.00,1.50
2016.10.04 11:02:26.911,1.30718,1.30733,1.00,2.25
2016.10.04 11:02:26.962,1.30718,1.30731,1.00,1.00
2016.10.04 11:02:27.064,1.30718,1.30731,1.00,1.37
2016.10.04 11:02:27.319,1.30717,1.3073,1.00,2.62
2016.10.04 11:02:27.370,1.30717,1.30729,1.00,1.50
2016.10.04 11:02:27.421,1.30717,1.30729,1.00,1.87
2016.10.04 11:02:27.472,1.30717,1.30729,1.00,1.00
2016.10.04 11:02:27.939,1.30717,1.30729,1.00,1.87
2016.10.04 11:02:27.990,1.30717,1.30729,1.00,1.87
2016.10.04 11:02:28.041,1.30716,1.30729,1.00,2.62
2016.10.04 11:02:28.093,1.30714,1.30727,1.00,1.00
2016.10.04 11:02:28.145,1.30714,1.30727,1.00,1.12
2016.10.04 11:02:28.197,1.30714,1.30727,1.00,1.50
2016.10.04 11:02:28.248,1.30713,1.30726,1.00,1.12
2016.10.04 11:02:28.300,1.30714,1.30727,1.00,1.50
2016.10.04 11:02:29.695,1.30714,1.30727,1.00,1.12
2016.10.04 11:02:29.746,1.30714,1.30727,1.00,1.00
2016.10.04 11:02:31.036,1.30714,1.30727,1.00,1.12
2016.10.04 11:02:31.088,1.30714,1.30727,1.00,1.00
2016.10.04 11:02:31.799,1.30714,1.30727,1.00,1.12
2016.10.04 11:02:31.850,1.30714,1.30727,1.00,1.50
2016.10.04 11:02:34.270,1.30712,1.30727,1.00,1.87
2016.10.04 11:02:34.321,1.30712,1.30727,1.00,2.25
2016.10.04 11:02:35.115,1.30712,1.30727,1.00,3.00
2016.10.04 11:02:36.058,1.30716,1.30727,1.00,2.25
2016.10.04 11:02:36.112,1.30715,1.30727,1.00,1.50
2016.10.04 11:02:36.163,1.30715,1.30729,1.00,1.50
2016.10.04 11:02:36.214,1.30715,1.30729,1.75,1.37
2016.10.04 11:02:36.355,1.30716,1.3073,1.50,1.12
2016.10.04 11:02:36.406,1.30716,1.3073,1.50,1.00
2016.10.04 11:02:37.164,1.30718,1.3073,1.12,1.00
2016.10.04 11:02:37.215,1.30718,1.3073,1.12,1.00
2016.10.04 11:02:38.235,1.30721,1.3073,1.00,1.00
2016.10.04 11:02:38.353,1.30721,1.30734,1.37,1.37
2016.10.04 11:02:38.417,1.30723,1.30735,1.00,1.00
2016.10.04 11:02:38.468,1.30723,1.30737,1.00,1.12
2016.10.04 11:02:38.519,1.30723,1.30738,1.00,2.62
2016.10.04 11:02:39.197,1.30723,1.30737,1.00,1.12
2016.10.04 11:02:39.344,1.30723,1.30736,1.00,2.25
2016.10.04 11:02:39.395,1.30723,1.30736,1.00,2.62
2016.10.04 11:02:39.447,1.30723,1.30735,1.00,1.37
2016.10.04 11:02:39.962,1.30722,1.30735,1.00,1.37
2016.10.04 11:02:41.530,1.30723,1.30735,1.00,1.37
2016.10.04 11:02:41.738,1.30725,1.30738,1.00,3.56
2016.10.04 11:02:41.791,1.30723,1.30736,1.00,1.00
2016.10.04 11:02:44.316,1.30724,1.30737,1.00,1.00
2016.10.04 11:02:44.368,1.30724,1.30738,1.00,1.00
2016.10.04 11:02:44.419,1.30724,1.30739,1.37,1.50
2016.10.04 11:02:44.470,1.30725,1.3074,1.12,1.87
2016.10.04 11:02:44.521,1.30725,1.3074,1.37,1.12
2016.10.04 11:02:44.572,1.30726,1.3074,1.00,1.00
2016.10.04 11:02:45.025,1.30726,1.3074,1.12,1.00
2016.10.04 11:02:46.723,1.30726,1.3074,1.00,1.00
2016.10.04 11:02:47.257,1.30728,1.3074,1.12,1.00
2016.10.04 11:02:47.309,1.30728,1.30742,2.62,1.12
2016.10.04 11:02:47.360,1.30731,1.30744,1.12,1.62
2016.10.04 11:02:47.411,1.30731,1.30744,1.12,1.37
2016.10.04 11:02:47.462,1.30731,1.30744,2.25,1.00
2016.10.04 11:02:47.666,1.30731,1.30744,2.62,1.00
2016.10.04 11:02:47.769,1.30731,1.30744,1.00,1.00
2016.10.04 11:02:47.820,1.30731,1.30744,1.37,1.00
2016.10.04 11:02:47.871,1.30731,1.30744,1.50,1.00
2016.10.04 11:02:49.258,1.30733,1.30746,1.00,1.00
2016.10.04 11:02:49.309,1.30733,1.30748,1.00,2.81
2016.10.04 11:02:49.360,1.30733,1.30748,1.12,2.81
2016.10.04 11:02:49.411,1.30733,1.30748,1.50,2.81
2016.10.04 11:02:49.463,1.30733,1.30748,2.62,2.44
2016.10.04 11:02:49.565,1.30733,1.30748,2.62,1.87
2016.10.04 11:02:49.731,1.30733,1.30748,1.50,1.87
2016.10.04 11:02:49.834,1.30733,1.30748,2.62,1.12
2016.10.04 11:02:51.132,1.30734,1.30748,1.12,1.00
2016.10.04 11:02:51.867,1.30733,1.30748,3.37,1.00
2016.10.04 11:02:51.918,1.30733,1.30748,3.00,1.00
2016.10.04 11:02:52.679,1.30734,1.30748,1.00,1.00
2016.10.04 11:02:53.166,1.30733,1.30748,3.00,1.00
2016.10.04 11:02:53.511,1.30733,1.30748,2.62,1.00
2016.10.04 11:02:53.683,1.30733,1.30748,2.25,1.00
2016.10.04 11:02:53.965,1.30733,1.30748,1.87,1.00
2016.10.04 11:02:54.016,1.30733,1.30745,1.12,1.00
2016.10.04 11:02:54.068,1.30733,1.30744,1.12,1.00
2016.10.04 11:02:54.324,1.30733,1.30746,1.12,1.75
2016.10.04 11:02:54.376,1.30734,1.30747,1.00,1.50
2016.10.04 11:02:54.543,1.30734,1.30747,1.50,1.00
2016.10.04 11:02:54.711,1.30734,1.30747,1.87,1.00
2016.10.04 11:02:54.813,1.30734,1.30747,1.50,1.00
2016.10.04 11:02:55.118,1.30734,1.30747,1.12,1.00
2016.10.04 11:02:55.737,1.30733,1.30745,1.87,1.00
2016.10.04 11:02:55.796,1.30731,1.30745,1.31,1.00
2016.10.04 11:02:55.868,1.3073,1.30742,1.50,1.00
2016.10.04 11:02:55.919,1.3073,1.30743,1.50,1.37
2016.10.04 11:02:55.971,1.30729,1.30742,1.12,1.12
2016.10.04 11:02:56.022,1.30728,1.30742,1.00,1.12
2016.10.04 11:02:56.073,1.30728,1.30741,1.00,1.00
2016.10.04 11:02:56.251,1.30728,1.30741,1.00,1.12
2016.10.04 11:02:56.404,1.30728,1.30741,1.00,1.87
2016.10.04 11:02:58.627,1.30728,1.30741,1.00,1.12
2016.10.04 11:02:58.678,1.30729,1.30742,1.12,1.50
2016.10.04 11:02:58.729,1.30727,1.30742,3.56,1.12
2016.10.04 11:02:58.781,1.30731,1.30743,1.00,1.37
2016.10.04 11:02:58.832,1.30731,1.30743,1.00,1.00
2016.10.04 11:02:58.883,1.30733,1.30745,1.12,1.37
2016.10.04 11:02:58.934,1.30734,1.30747,1.00,1.00
2016.10.04 11:02:58.986,1.30734,1.30747,1.37,1.00
2016.10.04 11:02:59.037,1.30735,1.30748,1.50,1.00
2016.10.04 11:02:59.889,1.30735,1.30748,1.12,1.00
2016.10.04 11:02:59.940,1.30735,1.30748,1.00,1.00
2016.10.04 11:03:00.925,1.30735,1.30748,1.00,1.12
2016.10.04 11:03:00.999,1.30733,1.30748,1.12,1.12
2016.10.04 11:03:01.203,1.30733,1.30748,1.12,1.00
2016.10.04 11:03:01.527,1.30733,1.30748,1.50,1.00
2016.10.04 11:03:01.578,1.30733,1.30748,1.87,1.00
2016.10.04 11:03:03.416,1.30733,1.30748,1.50,1.00
2016.10.04 11:03:04.127,1.30734,1.30748,1.37,1.00
2016.10.04 11:03:04.179,1.30734,1.30748,1.87,1.00
2016.10.04 11:03:04.586,1.30735,1.30749,1.12,1.00
2016.10.04 11:03:06.661,1.30735,1.3075,1.12,1.00
2016.10.04 11:03:06.712,1.30735,1.3075,1.00,1.00
2016.10.04 11:03:06.763,1.30733,1.30749,1.50,1.00
2016.10.04 11:03:06.953,1.30732,1.30745,1.37,1.00
2016.10.04 11:03:07.025,1.30731,1.30744,1.00,1.12
2016.10.04 11:03:08.657,1.30733,1.30746,1.00,1.75
2016.10.04 11:03:08.717,1.30738,1.30751,2.25,3.15
2016.10.04 11:03:08.768,1.30738,1.3075,2.25,1.12
2016.10.04 11:03:08.819,1.3074,1.30752,1.12,3.75
2016.10.04 11:03:08.921,1.30739,1.30752,1.12,1.50
2016.10.04 11:03:08.972,1.30738,1.30753,1.50,1.87
2016.10.04 11:03:09.024,1.30739,1.30752,1.12,1.50
2016.10.04 11:03:09.075,1.30739,1.30752,1.50,1.12
2016.10.04 11:03:09.228,1.30739,1.30752,1.50,1.00
2016.10.04 11:03:09.998,1.30739,1.30752,1.12,1.00
2016.10.04 11:03:10.100,1.30739,1.30752,1.00,1.00
2016.10.04 11:03:10.521,1.30739,1.30752,1.00,1.12
2016.10.04 11:03:10.971,1.30739,1.30753,1.00,1.87
2016.10.04 11:03:11.023,1.30739,1.30752,1.00,1.12
2016.10.04 11:03:11.074,1.3074,1.30753,1.00,1.50
2016.10.04 11:03:11.125,1.3074,1.30753,1.50,1.00
2016.10.04 11:03:11.296,1.3074,1.30753,1.87,1.00
2016.10.04 11:03:11.398,1.3074,1.30753,1.50,1.00
2016.10.04 11:03:11.449,1.3074,1.30753,1.37,1.50
2016.10.04 11:03:11.500,1.3074,1.30753,1.00,1.50
2016.10.04 11:03:12.428,1.30738,1.30753,1.00,2.25
2016.10.04 11:03:13.645,1.30739,1.30753,1.00,2.25
2016.10.04 11:03:13.697,1.30739,1.30753,1.00,1.12
2016.10.04 11:03:13.850,1.30741,1.30754,1.00,1.37
2016.10.04 11:03:13.901,1.30741,1.30754,1.12,1.00
2016.10.04 11:03:15.620,1.30741,1.30754,1.50,1.00
2016.10.04 11:03:16.212,1.30741,1.30754,1.12,1.00
2016.10.04 11:03:16.640,1.30741,1.30754,1.00,1.00
2016.10.04 11:03:16.692,1.30741,1.30754,1.12,1.00
2016.10.04 11:03:16.845,1.30741,1.30754,1.50,1.00
2016.10.04 11:03:17.731,1.30741,1.30754,3.00,1.00
2016.10.04 11:03:17.782,1.30741,1.30754,3.37,1.00
2016.10.04 11:03:18.303,1.30741,1.30754,1.87,1.00
2016.10.04 11:03:18.354,1.30741,1.30754,1.50,1.00
2016.10.04 11:03:19.252,1.30743,1.30758,1.00,1.75
2016.10.04 11:03:19.304,1.30744,1.30757,1.50,1.75
2016.10.04 11:03:19.355,1.30745,1.30758,1.12,1.50
2016.10.04 11:03:19.406,1.30745,1.30758,1.12,1.12
2016.10.04 11:03:19.508,1.30745,1.30758,1.50,1.12
2016.10.04 11:03:19.675,1.30745,1.3076,1.87,1.50
2016.10.04 11:03:19.778,1.30745,1.3076,1.50,1.50
2016.10.04 11:03:22.411,1.30745,1.30759,1.50,1.37
2016.10.04 11:03:22.814,1.30745,1.30759,1.12,1.37
2016.10.04 11:03:24.115,1.30745,1.30759,1.50,1.37
2016.10.04 11:03:25.150,1.30746,1.30759,1.37,1.37
2016.10.04 11:03:26.662,1.30746,1.30759,1.37,1.37
2016.10.04 11:03:26.848,1.3075,1.30761,1.12,1.12
2016.10.04 11:03:26.902,1.30753,1.30761,1.00,1.12
2016.10.04 11:03:26.953,1.30753,1.30763,1.00,1.12
2016.10.04 11:03:27.462,1.30753,1.30764,1.00,1.12
2016.10.04 11:03:28.247,1.30754,1.30762,1.00,1.00
2016.10.04 11:03:28.298,1.30756,1.30765,1.00,1.12
2016.10.04 11:03:28.350,1.30756,1.30764,1.00,1.37
2016.10.04 11:03:28.401,1.30756,1.30764,1.00,1.12
2016.10.04 11:03:29.680,1.30756,1.30765,1.00,1.12
2016.10.04 11:03:30.859,1.30755,1.30765,1.00,1.12
2016.10.04 11:03:30.962,1.30758,1.30765,1.00,1.12
2016.10.04 11:03:31.013,1.30759,1.30767,1.00,1.12
2016.10.04 11:03:31.198,1.30756,1.30769,1.50,1.87
2016.10.04 11:03:31.252,1.30756,1.30769,1.50,2.25
2016.10.04 11:03:31.787,1.30756,1.30769,1.00,2.25
2016.10.04 11:03:32.146,1.30755,1.30769,1.12,1.12
2016.10.04 11:03:32.248,1.30755,1.30769,1.00,1.12
2016.10.04 11:03:33.081,1.30755,1.30769,1.00,1.75
2016.10.04 11:03:33.275,1.30755,1.30764,1.00,1.00
2016.10.04 11:03:34.396,1.30755,1.30765,1.00,1.12
2016.10.04 11:03:36.724,1.30753,1.30764,1.00,1.12
2016.10.04 11:03:37.246,1.30752,1.30763,1.00,1.12
2016.10.04 11:03:37.812,1.30752,1.30763,1.00,1.31
2016.10.04 11:03:38.027,1.30752,1.30764,1.00,1.56
2016.10.04 11:03:38.079,1.30755,1.30767,1.50,1.56
2016.10.04 11:03:38.130,1.30755,1.30767,1.50,1.19
2016.10.04 11:03:38.182,1.30756,1.30767,1.00,1.19
2016.10.04 11:03:38.233,1.30755,1.30767,2.25,1.19
2016.10.04 11:03:38.284,1.30756,1.30767,1.12,1.19
2016.10.04 11:03:38.335,1.30756,1.30766,1.12,1.39
2016.10.04 11:03:38.387,1.30754,1.30766,1.50,1.39
2016.10.04 11:03:38.438,1.30754,1.30767,1.12,1.84
2016.10.04 11:03:38.491,1.30753,1.30765,1.37,1.19
2016.10.04 11:03:38.542,1.30752,1.30764,1.87,1.09
2016.10.04 11:03:38.594,1.30752,1.30764,1.50,1.09
2016.10.04 11:03:38.736,1.30752,1.30764,1.50,1.09
2016.10.04 11:03:38.790,1.3075,1.30763,1.00,1.31
2016.10.04 11:03:39.329,1.30749,1.30763,1.00,1.31
2016.10.04 11:03:39.634,1.30749,1.30762,1.00,1.19
2016.10.04 11:03:40.071,1.30748,1.30762,1.87,1.19
2016.10.04 11:03:40.236,1.30748,1.30762,1.12,1.25
2016.10.04 11:03:40.338,1.30748,1.30762,1.12,1.31
2016.10.04 11:03:40.389,1.30748,1.30761,1.12,1.19
2016.10.04 11:03:40.440,1.30748,1.30761,1.12,1.31
2016.10.04 11:03:40.542,1.30748,1.30761,1.12,1.84
2016.10.04 11:03:40.593,1.30746,1.30761,1.87,1.84
2016.10.04 11:03:40.746,1.30746,1.30761,1.87,1.31
2016.10.04 11:03:40.954,1.30747,1.3076,1.00,1.19
2016.10.04 11:03:41.007,1.30745,1.3076,1.12,1.56
2016.10.04 11:03:41.059,1.30745,1.3076,1.12,1.84
2016.10.04 11:03:41.110,1.30745,1.3076,1.50,1.84
2016.10.04 11:03:41.366,1.30745,1.3076,1.50,1.56
2016.10.04 11:03:41.418,1.30745,1.3076,1.12,1.56
2016.10.04 11:03:41.469,1.30747,1.3076,1.00,1.56
2016.10.04 11:03:41.650,1.30745,1.3076,1.50,1.31
2016.10.04 11:03:41.701,1.30745,1.3076,1.87,1.31
2016.10.04 11:03:41.804,1.30745,1.3076,1.12,1.69
2016.10.04 11:03:41.906,1.30743,1.30756,1.50,1.56
2016.10.04 11:03:41.957,1.30742,1.30756,1.87,1.56
2016.10.04 11:03:42.009,1.30741,1.30754,3.37,1.56
2016.10.04 11:03:42.060,1.30741,1.30753,2.62,1.31
2016.10.04 11:03:42.224,1.30739,1.30752,1.00,1.31
2016.10.04 11:03:42.275,1.30738,1.30751,1.87,1.19
2016.10.04 11:03:43.878,1.30738,1.30751,1.12,1.19
2016.10.04 11:03:43.929,1.30738,1.30751,1.00,1.19
2016.10.04 11:03:43.980,1.30737,1.3075,1.50,1.19
2016.10.04 11:03:44.031,1.30737,1.3075,1.00,1.00
2016.10.04 11:03:44.354,1.30738,1.30752,3.00,1.00
2016.10.04 11:03:44.428,1.30739,1.30755,3.37,1.87
2016.10.04 11:03:44.479,1.30742,1.30755,1.00,1.50
2016.10.04 11:03:46.721,1.30742,1.30755,1.00,1.12
2016.10.04 11:03:46.772,1.30742,1.30755,1.00,1.00
2016.10.04 11:03:46.824,1.30742,1.30755,1.50,1.00
2016.10.04 11:03:46.977,1.30743,1.30756,1.37,1.00
2016.10.04 11:03:47.028,1.30744,1.30757,1.87,1.56
2016.10.04 11:03:47.079,1.30745,1.30758,1.00,1.56
2016.10.04 11:03:47.130,1.30745,1.3076,1.00,2.06
2016.10.04 11:03:47.181,1.30745,1.30758,1.00,1.25
2016.10.04 11:03:47.232,1.30745,1.30758,1.12,1.00
2016.10.04 11:03:47.283,1.30747,1.3076,1.00,1.12
2016.10.04 11:03:47.334,1.30746,1.30759,1.12,1.31
2016.10.04 11:03:47.496,1.30745,1.30761,2.25,1.31
2016.10.04 11:03:47.547,1.30746,1.30761,1.12,1.50
2016.10.04 11:03:47.649,1.30747,1.30761,1.37,1.00
2016.10.04 11:03:47.700,1.30747,1.30762,1.37,1.25
2016.10.04 11:03:47.853,1.30747,1.30762,1.37,1.00
2016.10.04 11:03:48.414,1.30747,1.30762,1.87,1.00
2016.10.04 11:03:50.396,1.30747,1.30762,1.37,1.50
2016.10.04 11:03:51.203,1.30746,1.30761,3.37,1.00
2016.10.04 11:03:51.254,1.30748,1.30761,1.00,1.00
2016.10.04 11:03:51.305,1.30748,1.30761,1.50,1.00
2016.10.04 11:03:51.356,1.30748,1.30761,1.12,1.00
2016.10.04 11:03:52.109,1.30748,1.30761,1.87,1.00
2016.10.04 11:03:52.314,1.30748,1.30761,1.87,1.25
2016.10.04 11:03:52.417,1.30748,1.30761,1.50,1.56
2016.10.04 11:03:52.590,1.30748,1.30761,1.50,1.69
2016.10.04 11:03:52.641,1.30748,1.30761,1.50,1.31
2016.10.04 11:03:52.743,1.30748,1.30761,1.50,1.69
2016.10.04 11:03:53.419,1.30748,1.30761,1.00,1.69
2016.10.04 11:03:54.416,1.30746,1.30761,1.12,1.56
2016.10.04 11:03:54.467,1.30746,1.30759,1.12,1.31
2016.10.04 11:03:54.627,1.30746,1.30759,1.00,1.69
2016.10.04 11:03:54.681,1.30744,1.30758,1.50,1.19
2016.10.04 11:03:54.741,1.30744,1.30758,1.37,1.31
2016.10.04 11:03:54.962,1.30744,1.30758,3.00,1.31
2016.10.04 11:03:55.064,1.30744,1.30758,1.50,1.31
2016.10.04 11:03:55.355,1.30744,1.30758,1.12,1.31
2016.10.04 11:03:55.406,1.30744,1.30758,1.12,1.25
2016.10.04 11:03:55.712,1.30744,1.30758,1.12,1.31
2016.10.04 11:03:55.814,1.30744,1.30758,1.12,1.56
2016.10.04 11:03:55.974,1.30744,1.30757,1.12,1.31
2016.10.04 11:03:56.235,1.30744,1.30757,1.00,1.31
2016.10.04 11:03:56.528,1.30744,1.30757,2.25,1.00
2016.10.04 11:03:56.580,1.30746,1.3076,1.87,2.06
2016.10.04 11:03:56.631,1.30748,1.30761,1.00,1.31
2016.10.04 11:03:56.682,1.30747,1.30761,1.00,1.25
2016.10.04 11:03:56.733,1.30747,1.30761,2.25,1.25
2016.10.04 11:03:56.864,1.30747,1.30762,3.00,1.12
2016.10.04 11:03:56.915,1.30747,1.30762,4.12,1.19
2016.10.04 11:03:57.017,1.30747,1.30762,4.12,1.31
2016.10.04 11:03:57.201,1.30747,1.30762,3.37,1.31
2016.10.04 11:03:57.253,1.30747,1.30761,1.00,1.19
2016.10.04 11:03:57.355,1.30745,1.30758,1.37,1.00
2016.10.04 11:03:57.407,1.30744,1.30758,2.25,1.00
2016.10.04 11:03:57.459,1.30744,1.30758,1.00,1.00
2016.10.04 11:03:57.510,1.30743,1.30757,1.00,1.12
2016.10.04 11:03:57.676,1.30742,1.30757,1.12,1.50
2016.10.04 11:03:58.236,1.30742,1.30757,1.12,1.87
2016.10.04 11:03:58.666,1.30742,1.30757,1.12,1.50
2016.10.04 11:03:59.874,1.30743,1.30757,1.00,1.00
2016.10.04 11:03:59.925,1.30745,1.30757,1.00,1.12
2016.10.04 11:03:59.976,1.30747,1.30757,1.00,1.50
2016.10.04 11:04:00.028,1.30747,1.3076,1.00,2.44
2016.10.04 11:04:00.130,1.30746,1.30759,1.00,1.62
2016.10.04 11:04:00.181,1.30745,1.30758,1.87,1.12
2016.10.04 11:04:00.233,1.30745,1.30758,1.12,1.12
2016.10.04 11:04:00.284,1.30743,1.30758,2.25,1.12
2016.10.04 11:04:00.459,1.30743,1.30756,1.12,1.00
2016.10.04 11:04:00.932,1.30745,1.30758,1.00,3.37
2016.10.04 11:04:00.983,1.30743,1.30758,1.50,3.37
2016.10.04 11:04:01.035,1.30743,1.30758,1.50,1.94
2016.10.04 11:04:01.086,1.30743,1.30758,3.00,1.69
2016.10.04 11:04:01.137,1.30745,1.30756,1.00,1.19
2016.10.04 11:04:01.280,1.30743,1.30756,3.75,1.25
2016.10.04 11:04:01.331,1.30743,1.30756,3.00,1.25
2016.10.04 11:04:01.789,1.30743,1.30756,1.00,1.25
2016.10.04 11:04:02.135,1.30743,1.30757,1.00,1.12
2016.10.04 11:04:02.421,1.30744,1.30759,1.00,1.75
2016.10.04 11:04:02.473,1.30746,1.30759,1.00,1.50
2016.10.04 11:04:02.654,1.30746,1.30759,2.25,1.50
2016.10.04 11:04:03.924,1.30746,1.30759,2.25,1.00
2016.10.04 11:04:04.027,1.30746,1.30759,1.50,1.00
2016.10.04 11:04:04.078,1.30746,1.30759,1.00,1.00
2016.10.04 11:04:04.129,1.30746,1.30759,1.00,1.50
2016.10.04 11:04:04.437,1.30746,1.30759,1.00,1.00
2016.10.04 11:04:05.897,1.30746,1.30759,1.00,1.50
2016.10.04 11:04:05.948,1.30746,1.30759,1.00,2.06
2016.10.04 11:04:07.832,1.30746,1.30759,1.37,2.06
2016.10.04 11:04:08.194,1.30746,1.30759,1.00,2.06
2016.10.04 11:04:10.761,1.30746,1.30759,1.00,1.50
2016.10.04 11:04:11.290,1.30746,1.30759,1.00,1.00
2016.10.04 11:04:13.201,1.30746,1.30759,1.12,1.00
2016.10.04 11:04:13.262,1.30746,1.30759,1.50,1.00
2016.10.04 11:04:13.415,1.30746,1.30759,3.00,1.00
2016.10.04 11:04:13.568,1.30746,1.30761,1.87,1.87
2016.10.04 11:04:13.697,1.30746,1.30761,2.62,1.87
2016.10.04 11:04:13.748,1.30745,1.30758,1.50,1.00
2016.10.04 11:04:14.891,1.30752,1.30765,1.00,1.12
2016.10.04 11:04:14.944,1.30753,1.30766,1.00,1.50
2016.10.04 11:04:14.995,1.30753,1.30767,1.37,1.75
2016.10.04 11:04:15.198,1.30753,1.30767,1.50,1.75
2016.10.04 11:04:15.536,1.30753,1.30767,1.50,1.75
2016.10.04 11:04:15.587,1.30753,1.30766,1.12,1.50
2016.10.04 11:04:15.638,1.30751,1.30766,1.00,1.50
2016.10.04 11:04:15.740,1.30751,1.30766,1.00,1.75
2016.10.04 11:04:16.099,1.30751,1.30766,1.00,1.87
2016.10.04 11:04:16.311,1.30751,1.30763,1.00,1.00
2016.10.04 11:04:18.564,1.3075,1.30763,1.00,1.00
2016.10.04 11:04:21.383,1.3075,1.30763,1.00,1.50
2016.10.04 11:04:21.434,1.3075,1.30763,1.00,1.12
2016.10.04 11:04:21.823,1.30747,1.30762,1.12,1.00
2016.10.04 11:04:21.930,1.30747,1.3076,1.12,1.00
2016.10.04 11:04:21.982,1.30747,1.3076,1.12,1.12
2016.10.04 11:04:22.033,1.30745,1.30758,1.00,1.00
2016.10.04 11:04:22.189,1.30745,1.30758,1.12,1.00
2016.10.04 11:04:22.240,1.30744,1.30757,2.06,1.00
2016.10.04 11:04:22.834,1.30744,1.30757,2.06,1.00
2016.10.04 11:04:22.988,1.30744,1.30758,1.62,1.00
2016.10.04 11:04:23.222,1.30744,1.30758,2.81,1.00
2016.10.04 11:04:23.383,1.30744,1.30757,3.56,1.00
2016.10.04 11:04:23.705,1.30744,1.30757,3.56,1.00
2016.10.04 11:04:24.010,1.30744,1.30757,3.56,1.00
2016.10.04 11:04:25.028,1.30744,1.30757,3.56,1.00
2016.10.04 11:04:25.088,1.30744,1.30757,3.56,1.00
2016.10.04 11:04:26.158,1.30744,1.30757,3.37,1.00
2016.10.04 11:04:26.859,1.30744,1.30756,2.62,1.00
2016.10.04 11:04:26.910,1.30744,1.30756,2.62,1.00
2016.10.04 11:04:27.993,1.30746,1.30756,1.00,1.00
2016.10.04 11:04:28.046,1.30745,1.30756,2.25,1.00
2016.10.04 11:04:29.879,1.30744,1.30756,2.62,1.00
2016.10.04 11:04:29.931,1.30744,1.30756,1.12,1.00
2016.10.04 11:04:30.135,1.30745,1.30755,1.00,1.00
2016.10.04 11:04:31.700,1.30744,1.30755,1.37,1.00
2016.10.04 11:04:31.802,1.30745,1.30755,1.00,1.00
2016.10.04 11:04:33.307,1.30745,1.30755,1.12,1.00
2016.10.04 11:04:33.358,1.30745,1.30755,2.62,1.00
2016.10.04 11:04:34.357,1.30745,1.30755,1.12,1.00
2016.10.04 11:04:34.461,1.30745,1.30755,1.37,1.00
2016.10.04 11:04:34.622,1.30746,1.30755,1.00,1.00
2016.10.04 11:04:37.594,1.30746,1.30754,1.00,1.00
2016.10.04 11:04:37.645,1.30745,1.30753,1.37,1.00
2016.10.04 11:04:37.697,1.30743,1.30754,2.25,1.00
2016.10.04 11:04:37.748,1.30742,1.30754,1.50,1.00
2016.10.04 11:04:37.851,1.30743,1.30754,1.00,1.00
2016.10.04 11:04:39.552,1.30742,1.30754,3.37,1.00
2016.10.04 11:04:39.726,1.30742,1.30754,3.00,1.00
2016.10.04 11:04:42.330,1.30742,1.30754,2.25,1.00
2016.10.04 11:04:43.933,1.30742,1.30754,2.62,1.00
2016.10.04 11:04:45.104,1.30742,1.30754,1.50,1.00
2016.10.04 11:04:46.248,1.30742,1.30755,1.50,1.00
2016.10.04 11:04:46.578,1.30743,1.30751,1.50,1.00
2016.10.04 11:04:46.629,1.30743,1.30753,1.50,1.00
2016.10.04 11:04:46.680,1.30743,1.30753,1.00,1.00
2016.10.04 11:04:46.731,1.30743,1.30753,1.37,1.00
2016.10.04 11:04:48.089,1.30742,1.30752,2.25,1.00
2016.10.04 11:04:48.257,1.30742,1.30751,1.50,1.00
2016.10.04 11:04:48.308,1.30742,1.30753,1.12,1.00
2016.10.04 11:04:50.209,1.3074,1.30751,2.62,1.00
2016.10.04 11:04:50.312,1.30739,1.3075,2.00,1.00
2016.10.04 11:04:50.364,1.30739,1.30749,1.75,1.00
2016.10.04 11:04:50.415,1.30737,1.30749,4.12,1.00
2016.10.04 11:04:50.466,1.30737,1.30749,2.62,1.00
2016.10.04 11:04:50.627,1.30738,1.30749,1.12,1.00
2016.10.04 11:04:50.681,1.30736,1.30745,3.37,1.00
2016.10.04 11:04:50.784,1.30736,1.30745,3.19,1.00
2016.10.04 11:04:50.844,1.30736,1.30745,2.81,1.00
2016.10.04 11:04:50.904,1.30737,1.30745,1.00,1.00
2016.10.04 11:04:51.562,1.30737,1.30746,1.00,1.00
2016.10.04 11:04:51.817,1.30736,1.30746,1.37,1.00
2016.10.04 11:04:52.414,1.30741,1.30749,1.50,1.00
2016.10.04 11:04:52.568,1.30741,1.30752,1.69,1.00
2016.10.04 11:04:52.619,1.30741,1.30752,2.06,1.00
2016.10.04 11:04:52.671,1.30741,1.30753,2.44,1.00
2016.10.04 11:04:52.722,1.30742,1.30753,3.34,1.00
2016.10.04 11:04:52.773,1.30742,1.30753,4.84,1.00
2016.10.04 11:04:53.175,1.30742,1.30753,3.19,1.00
2016.10.04 11:04:53.229,1.30742,1.30753,1.31,1.00
2016.10.04 11:04:53.564,1.30742,1.30753,1.31,1.00
2016.10.04 11:04:53.615,1.30741,1.30753,1.69,1.00
2016.10.04 11:04:53.667,1.30741,1.30752,1.37,1.00
2016.10.04 11:04:53.718,1.3074,1.3075,1.50,1.00
2016.10.04 11:04:53.769,1.30739,1.3075,4.12,1.00
2016.10.04 11:04:53.820,1.30739,1.3075,2.62,1.00
2016.10.04 11:04:53.872,1.30739,1.3075,2.25,1.00
2016.10.04 11:04:54.036,1.30739,1.30752,2.25,1.00
2016.10.04 11:04:54.088,1.30742,1.30752,1.37,1.00
2016.10.04 11:04:54.141,1.30743,1.30753,1.00,1.00
2016.10.04 11:04:54.192,1.30743,1.30753,1.87,1.00
2016.10.04 11:04:54.244,1.30743,1.30753,2.25,1.00
2016.10.04 11:04:54.707,1.30743,1.30753,1.37,1.00
2016.10.04 11:04:54.991,1.30744,1.30754,1.37,1.00
2016.10.04 11:04:55.501,1.30744,1.30754,1.37,1.00
2016.10.04 11:04:55.603,1.30742,1.30752,1.87,1.00
2016.10.04 11:04:55.654,1.30742,1.30752,1.50,1.00
2016.10.04 11:04:55.831,1.3074,1.30751,1.87,1.00
2016.10.04 11:04:55.913,1.3074,1.30752,1.87,1.00
2016.10.04 11:04:56.411,1.3074,1.30752,2.25,1.00
2016.10.04 11:04:56.462,1.3074,1.30752,2.25,1.00
2016.10.04 11:04:56.630,1.30741,1.30752,1.00,1.00
2016.10.04 11:04:56.732,1.3074,1.30751,3.75,1.00
2016.10.04 11:04:57.310,1.3074,1.30752,3.75,1.00
2016.10.04 11:04:57.362,1.3074,1.30753,5.25,1.00
2016.10.04 11:04:57.534,1.30742,1.30753,2.25,1.00
2016.10.04 11:04:57.585,1.30743,1.30753,1.37,1.00
2016.10.04 11:04:58.199,1.30742,1.30753,2.62,1.00
2016.10.04 11:04:58.250,1.30743,1.30753,1.00,1.00
2016.10.04 11:04:58.815,1.30743,1.30754,1.00,1.00
2016.10.04 11:04:59.209,1.30743,1.30752,1.00,1.00
2016.10.04 11:04:59.261,1.30741,1.3075,1.75,1.00
2016.10.04 11:04:59.313,1.30741,1.30749,1.00,1.56
2016.10.04 11:04:59.365,1.3074,1.30749,1.87,2.06
2016.10.04 11:04:59.495,1.3074,1.30749,1.00,2.06
2016.10.04 11:04:59.547,1.30735,1.30743,1.12,1.19
2016.10.04 11:04:59.598,1.30735,1.30745,1.12,1.56
2016.10.04 11:04:59.651,1.30733,1.30745,2.62,1.56
2016.10.04 11:04:59.702,1.30735,1.30745,1.00,1.56
2016.10.04 11:04:59.753,1.30736,1.30745,2.25,1.56
2016.10.04 11:04:59.804,1.30736,1.30745,2.62,1.56
2016.10.04 11:04:59.856,1.30737,1.30745,1.00,1.56
2016.10.04 11:04:59.907,1.30737,1.30745,1.00,1.00
2016.10.04 11:04:59.958,1.30737,1.30746,1.12,1.00
2016.10.04 11:05:00.077,1.30739,1.30745,1.37,1.00
2016.10.04 11:05:00.128,1.30739,1.30745,2.25,1.00
2016.10.04 11:05:00.331,1.30739,1.3075,2.25,1.00
2016.10.04 11:05:00.434,1.30739,1.3075,1.37,1.00
2016.10.04 11:05:00.893,1.30736,1.30746,1.37,1.00
2016.10.04 11:05:00.956,1.30735,1.30746,2.25,1.00
2016.10.04 11:05:01.008,1.30733,1.30743,1.75,1.00
2016.10.04 11:05:01.059,1.30733,1.30743,1.12,1.00
2016.10.04 11:05:01.110,1.30732,1.30742,1.31,1.00
2016.10.04 11:05:01.161,1.30731,1.30742,2.06,1.00
2016.10.04 11:05:01.212,1.30733,1.30741,1.12,1.00
2016.10.04 11:05:01.263,1.30733,1.30741,1.50,1.00
2016.10.04 11:05:01.314,1.30732,1.30742,2.62,1.00
2016.10.04 11:05:01.547,1.30737,1.30743,2.25,1.00
2016.10.04 11:05:01.600,1.30737,1.30746,3.00,1.00
2016.10.04 11:05:01.753,1.30737,1.30747,1.50,1.00
2016.10.04 11:05:01.804,1.30737,1.30749,2.62,1.00
2016.10.04 11:05:01.855,1.30737,1.30749,4.87,1.00
2016.10.04 11:05:01.907,1.30737,1.30749,3.75,1.00
2016.10.04 11:05:02.828,1.30737,1.30748,3.75,1.00
2016.10.04 11:05:02.930,1.30739,1.30748,1.00,1.00
2016.10.04 11:05:03.458,1.30739,1.30749,1.00,1.00
2016.10.04 11:05:03.995,1.30739,1.30748,1.00,1.00
2016.10.04 11:05:04.340,1.30738,1.3075,1.37,1.00
2016.10.04 11:05:04.487,1.30737,1.3075,2.25,1.00
2016.10.04 11:05:04.538,1.30737,1.30747,1.87,1.00
2016.10.04 11:05:05.048,1.30737,1.30746,2.62,1.00
2016.10.04 11:05:05.100,1.30737,1.30746,1.87,1.00
2016.10.04 11:05:05.245,1.30737,1.30746,1.87,1.00
2016.10.04 11:05:05.297,1.30737,1.30747,1.00,1.00
2016.10.04 11:05:05.451,1.30737,1.30747,1.00,1.00
2016.10.04 11:05:06.089,1.30739,1.30752,1.00,1.75
2016.10.04 11:05:06.249,1.30742,1.30753,1.12,1.12
2016.10.04 11:05:06.300,1.30744,1.30753,1.00,1.12
2016.10.04 11:05:06.352,1.30743,1.30756,1.12,1.12
2016.10.04 11:05:06.404,1.30745,1.30757,1.00,1.87
2016.10.04 11:05:06.455,1.30744,1.30757,1.00,1.75
2016.10.04 11:05:06.506,1.30744,1.30758,1.00,1.87
2016.10.04 11:05:06.987,1.30743,1.30758,2.25,1.87
2016.10.04 11:05:07.039,1.30744,1.30758,1.00,1.87
2016.10.04 11:05:07.090,1.30743,1.30758,2.25,2.25
2016.10.04 11:05:07.141,1.30743,1.30758,1.00,2.25
2016.10.04 11:05:07.346,1.30743,1.30757,1.00,1.12
2016.10.04 11:05:07.982,1.30743,1.30756,1.00,1.37
2016.10.04 11:05:08.498,1.30742,1.30756,1.00,1.37
2016.10.04 11:05:08.947,1.30742,1.30756,1.00,2.25
2016.10.04 11:05:09.049,1.3074,1.30755,1.00,1.50
2016.10.04 11:05:09.151,1.30738,1.30754,1.00,2.62
2016.10.04 11:05:09.202,1.30738,1.30751,1.00,1.00
2016.10.04 11:05:09.253,1.30735,1.30749,1.12,1.00
2016.10.04 11:05:09.453,1.30737,1.30749,1.00,1.37
2016.10.04 11:05:09.555,1.30737,1.3075,1.00,1.87
2016.10.04 11:05:11.778,1.30737,1.3075,1.00,2.62
2016.10.04 11:05:11.931,1.30736,1.3075,1.00,1.87
2016.10.04 11:05:11.982,1.30737,1.30752,1.00,2.25
2016.10.04 11:05:12.033,1.30737,1.30752,1.00,1.50
2016.10.04 11:05:12.084,1.30737,1.30752,1.12,1.37
2016.10.04 11:05:12.135,1.30737,1.30752,1.12,1.12
2016.10.04 11:05:12.380,1.30739,1.30751,1.00,1.00
2016.10.04 11:05:14.775,1.3074,1.30753,1.12,1.37
2016.10.04 11:05:14.826,1.30742,1.30755,1.00,2.25
2016.10.04 11:05:14.877,1.30742,1.30756,1.00,1.87
2016.10.04 11:05:14.929,1.30742,1.30756,1.00,1.50
2016.10.04 11:05:15.054,1.30742,1.30757,1.00,1.87
2016.10.04 11:05:15.105,1.30742,1.30756,1.00,1.12
2016.10.04 11:05:30.816,1.30742,1.30756,1.12,1.12
2016.10.04 11:05:30.878,1.30745,1.30758,1.00,1.50
2016.10.04 11:05:30.930,1.30745,1.30758,1.00,1.12
2016.10.04 11:05:31.033,1.30743,1.30758,1.00,1.31
2016.10.04 11:05:31.141,1.30743,1.30756,1.12,1.00
2016.10.04 11:05:31.192,1.30743,1.30756,1.00,1.00
2016.10.04 11:05:32.707,1.30748,1.30758,1.00,1.25
2016.10.04 11:05:32.759,1.30748,1.30758,1.37,1.00
2016.10.04 11:05:32.810,1.30749,1.3076,1.50,1.12
2016.10.04 11:05:32.861,1.30751,1.30763,1.00,1.75
2016.10.04 11:05:32.912,1.30749,1.30762,1.87,1.00
2016.10.04 11:05:32.964,1.30749,1.30762,1.50,1.19
2016.10.04 11:05:33.015,1.30747,1.3076,1.00,1.25
2016.10.04 11:05:33.340,1.30747,1.3076,1.12,1.31
2016.10.04 11:05:33.391,1.30747,1.3076,1.12,1.12
2016.10.04 11:05:33.951,1.30745,1.30758,1.75,1.00
2016.10.04 11:05:34.003,1.30745,1.3076,1.75,1.31
2016.10.04 11:05:34.105,1.30745,1.3076,1.12,1.31
2016.10.04 11:05:34.569,1.30745,1.3076,1.12,1.12
2016.10.04 11:05:34.621,1.30746,1.30759,1.00,1.25
2016.10.04 11:05:34.722,1.30745,1.30758,1.12,1.25
2016.10.04 11:05:34.774,1.30744,1.30757,1.50,1.00
2016.10.04 11:05:35.073,1.30745,1.30758,1.37,1.25
2016.10.04 11:05:35.124,1.30747,1.3076,1.00,1.12
2016.10.04 11:05:35.176,1.30748,1.3076,1.12,1.12
2016.10.04 11:05:35.227,1.30754,1.30762,1.00,1.12
2016.10.04 11:05:35.279,1.30754,1.30763,2.62,1.50
2016.10.04 11:05:35.330,1.30754,1.30765,1.87,1.87
2016.10.04 11:05:35.381,1.30755,1.30768,1.12,1.87
2016.10.04 11:05:35.432,1.30755,1.3077,1.37,2.06
2016.10.04 11:05:35.483,1.30755,1.3077,1.37,1.69
2016.10.04 11:05:35.758,1.30756,1.3077,1.00,1.69
2016.10.04 11:05:36.967,1.30756,1.3077,1.00,2.00
2016.10.04 11:05:37.018,1.30756,1.30771,1.50,1.94
2016.10.04 11:05:37.070,1.30762,1.30771,1.12,1.75
2016.10.04 11:05:37.121,1.30763,1.30771,1.00,1.37
2016.10.04 11:05:37.330,1.30764,1.30775,1.00,1.00
2016.10.04 11:05:37.381,1.30764,1.30777,1.00,1.37
2016.10.04 11:05:37.534,1.30763,1.30778,1.00,1.50
2016.10.04 11:05:37.636,1.30764,1.30778,1.00,1.50
2016.10.04 11:05:37.840,1.30763,1.30778,1.50,1.50
2016.10.04 11:05:37.891,1.30763,1.30778,1.37,1.50
2016.10.04 11:05:37.993,1.30763,1.30778,1.50,1.50
2016.10.04 11:05:38.167,1.30763,1.30778,3.00,1.50
2016.10.04 11:05:38.583,1.30766,1.30779,1.00,1.87
2016.10.04 11:05:38.635,1.30767,1.30779,1.00,1.12
2016.10.04 11:05:38.838,1.30768,1.30779,1.00,1.31
2016.10.04 11:05:39.736,1.30768,1.30778,1.00,1.62
2016.10.04 11:05:40.468,1.30768,1.30778,1.00,1.37
2016.10.04 11:05:40.953,1.30766,1.30778,1.00,1.62
2016.10.04 11:05:41.004,1.30766,1.30778,1.00,1.69
2016.10.04 11:05:41.055,1.30766,1.30778,1.00,2.06
2016.10.04 11:05:41.211,1.30766,1.30775,1.00,1.00
2016.10.04 11:05:41.281,1.30763,1.30775,1.00,1.69
2016.10.04 11:05:41.332,1.30762,1.30774,1.50,2.44
2016.10.04 11:05:41.383,1.30762,1.30773,1.50,1.31
2016.10.04 11:05:41.436,1.30762,1.30773,1.00,1.56
2016.10.04 11:05:41.538,1.30762,1.30773,1.00,1.94
2016.10.04 11:05:42.053,1.30762,1.30773,1.00,1.37
2016.10.04 11:05:42.104,1.30764,1.30776,1.00,2.44
2016.10.04 11:05:42.155,1.30764,1.30776,1.50,1.69
2016.10.04 11:05:42.207,1.30764,1.30779,1.12,1.31
2016.10.04 11:05:42.259,1.30766,1.30779,1.00,1.25
2016.10.04 11:05:42.362,1.30766,1.30779,1.00,1.00
2016.10.04 11:05:42.893,1.30766,1.3078,1.00,1.00
2016.10.04 11:05:42.945,1.30766,1.3078,1.12,1.00
2016.10.04 11:05:43.149,1.30766,1.30779,1.00,1.00
2016.10.04 11:05:43.456,1.30764,1.30779,1.50,1.00
2016.10.04 11:05:43.928,1.30764,1.30779,1.87,1.00
2016.10.04 11:05:44.031,1.30765,1.3078,1.00,1.12
2016.10.04 11:05:44.135,1.30767,1.3078,1.00,1.00
2016.10.04 11:05:44.187,1.30766,1.30779,1.37,1.00
2016.10.04 11:05:44.290,1.30764,1.30779,1.12,2.25
2016.10.04 11:05:44.341,1.30764,1.30777,1.12,1.00
2016.10.04 11:05:44.525,1.30764,1.30776,1.00,1.00
2016.10.04 11:05:44.576,1.30764,1.30776,1.00,1.87
2016.10.04 11:05:44.627,1.30762,1.30776,1.87,1.12
2016.10.04 11:05:44.678,1.30764,1.30777,1.00,1.00
2016.10.04 11:05:44.729,1.30764,1.30779,1.00,1.37
2016.10.04 11:05:44.780,1.30764,1.30777,1.00,1.00
2016.10.04 11:05:45.227,1.30762,1.30777,1.12,2.62
2016.10.04 11:05:45.279,1.30762,1.30775,1.00,1.50
2016.10.04 11:05:45.330,1.30762,1.30775,1.00,1.12
2016.10.04 11:05:45.460,1.30762,1.30775,1.00,1.00
2016.10.04 11:05:45.562,1.30763,1.30776,1.00,1.12
2016.10.04 11:05:45.613,1.30763,1.30776,1.00,2.25
2016.10.04 11:05:45.664,1.30763,1.30776,1.00,1.87
2016.10.04 11:05:45.715,1.30763,1.30776,1.00,1.00
2016.10.04 11:05:45.817,1.30762,1.30776,1.12,1.00
2016.10.04 11:05:45.872,1.30762,1.30777,1.00,1.00
2016.10.04 11:05:45.924,1.30762,1.30777,1.00,1.12
2016.10.04 11:05:45.975,1.30762,1.30776,1.12,1.37
2016.10.04 11:05:46.151,1.30763,1.30776,2.25,1.00
2016.10.04 11:05:46.225,1.30767,1.3078,1.00,2.25
2016.10.04 11:05:46.276,1.30767,1.3078,1.00,1.12
2016.10.04 11:05:46.327,1.30771,1.30782,1.00,1.50
2016.10.04 11:05:46.379,1.30771,1.30783,1.00,1.12
2016.10.04 11:05:46.430,1.30768,1.30781,1.87,1.00
2016.10.04 11:05:46.481,1.30768,1.30781,1.00,1.00
2016.10.04 11:05:46.533,1.30768,1.30781,1.25,1.00
2016.10.04 11:05:46.584,1.3077,1.30781,1.12,1.00
2016.10.04 11:05:46.687,1.3077,1.30782,1.00,1.00
2016.10.04 11:05:46.836,1.30768,1.30781,2.06,1.12
2016.10.04 11:05:46.887,1.30767,1.3078,1.00,1.50
2016.10.04 11:05:46.938,1.30766,1.30779,1.00,1.87
2016.10.04 11:05:46.990,1.30765,1.30778,1.00,1.75
2016.10.04 11:05:47.041,1.30765,1.30778,1.00,2.25
2016.10.04 11:05:47.093,1.30765,1.30775,1.00,1.00
2016.10.04 11:05:47.349,1.30765,1.30778,1.00,2.25
2016.10.04 11:05:47.805,1.30765,1.30778,1.00,2.62
2016.10.04 11:05:47.856,1.30764,1.30777,1.00,1.37
2016.10.04 11:05:48.069,1.30764,1.30777,1.00,1.50
2016.10.04 11:05:48.171,1.30764,1.30777,1.00,1.37
2016.10.04 11:05:48.222,1.30764,1.30777,1.00,1.50
2016.10.04 11:05:48.580,1.30764,1.30777,1.00,1.75
2016.10.04 11:05:48.683,1.30763,1.30775,1.00,1.50
2016.10.04 11:05:48.734,1.30762,1.30774,1.00,1.50
2016.10.04 11:05:48.786,1.3076,1.30774,1.00,1.75
2016.10.04 11:05:48.837,1.30761,1.30772,1.00,1.00
2016.10.04 11:05:48.889,1.3076,1.30773,1.00,1.75
2016.10.04 11:05:49.245,1.3076,1.30775,1.00,2.62
2016.10.04 11:05:49.347,1.3076,1.30774,1.00,1.75
2016.10.04 11:05:49.770,1.3076,1.30774,1.00,1.75
2016.10.04 11:05:50.057,1.30761,1.30774,1.00,1.00
2016.10.04 11:05:50.108,1.30761,1.30775,1.00,1.12
2016.10.04 11:05:50.159,1.30761,1.30776,1.00,1.50
2016.10.04 11:05:50.261,1.30761,1.30776,1.00,1.00
2016.10.04 11:05:50.413,1.30761,1.30776,1.12,1.00
2016.10.04 11:05:50.464,1.30761,1.30776,1.87,1.00
2016.10.04 11:05:50.700,1.30762,1.30776,1.12,1.00
2016.10.04 11:05:51.206,1.30762,1.30775,1.12,1.00
2016.10.04 11:05:53.236,1.30763,1.30776,1.12,1.00
2016.10.04 11:05:53.287,1.30764,1.30779,1.00,1.00
2016.10.04 11:05:53.338,1.30765,1.30779,2.25,1.00
2016.10.04 11:05:53.389,1.30765,1.30779,2.62,1.00
2016.10.04 11:05:53.440,1.30766,1.30779,1.00,1.00
2016.10.04 11:05:53.491,1.30766,1.30779,1.00,1.00
2016.10.04 11:05:53.866,1.30766,1.30779,1.50,1.00
2016.10.04 11:05:54.130,1.30766,1.30779,1.12,1.00
2016.10.04 11:05:54.391,1.3077,1.30782,1.00,1.87
2016.10.04 11:05:54.915,1.30769,1.30781,1.00,1.87
2016.10.04 11:05:54.966,1.30764,1.30777,1.00,1.00
2016.10.04 11:05:55.018,1.30763,1.30777,1.00,2.25
2016.10.04 11:05:55.070,1.30764,1.30776,1.00,1.00
2016.10.04 11:05:55.172,1.30764,1.30775,1.00,1.00
2016.10.04 11:05:55.557,1.30767,1.30778,1.00,3.22
2016.10.04 11:05:55.608,1.30768,1.30779,1.00,2.62
2016.10.04 11:05:55.660,1.30768,1.30779,1.00,1.87
2016.10.04 11:05:56.258,1.30769,1.30779,1.00,1.87
2016.10.04 11:05:56.360,1.30769,1.30779,1.00,1.87
2016.10.04 11:05:56.462,1.30767,1.30779,1.00,2.62
2016.10.04 11:05:56.514,1.30767,1.30777,1.00,1.00
2016.10.04 11:05:56.617,1.30767,1.30777,1.00,1.87
2016.10.04 11:05:56.669,1.30767,1.30777,1.00,2.62
2016.10.04 11:05:56.771,1.30767,1.30777,1.00,1.87
2016.10.04 11:05:56.822,1.30767,1.30778,1.00,2.62
2016.10.04 11:05:56.873,1.30767,1.30777,1.00,1.50
2016.10.04 11:05:57.613,1.30766,1.30777,1.00,1.50
2016.10.04 11:05:57.766,1.30765,1.30778,1.00,3.56
2016.10.04 11:05:57.907,1.30765,1.30777,1.00,1.69
2016.10.04 11:05:58.059,1.30765,1.30778,1.00,3.56
2016.10.04 11:05:58.783,1.30765,1.30777,1.00,1.69
2016.10.04 11:05:58.835,1.30765,1.30777,1.00,1.50
2016.10.04 11:05:59.038,1.30765,1.30777,1.00,1.69
2016.10.04 11:05:59.893,1.30765,1.30777,1.00,2.81
2016.10.04 11:05:59.947,1.30763,1.30776,1.00,1.62
2016.10.04 11:05:59.998,1.30763,1.30776,1.00,1.62
2016.10.04 11:06:00.100,1.30763,1.30776,1.00,1.84
2016.10.04 11:06:00.151,1.30768,1.30777,1.00,3.52
2016.10.04 11:06:00.202,1.30764,1.30777,1.37,2.62
2016.10.04 11:06:00.253,1.30767,1.30778,1.00,2.25
2016.10.04 11:06:00.306,1.30766,1.30778,1.37,1.12
2016.10.04 11:06:00.357,1.30765,1.30778,1.87,1.25
2016.10.04 11:06:00.408,1.30765,1.30778,1.37,1.25
2016.10.04 11:06:00.459,1.30765,1.30777,1.00,1.00
2016.10.04 11:06:00.511,1.30765,1.30777,1.00,1.50
2016.10.04 11:06:00.768,1.30765,1.30778,1.12,1.12
2016.10.04 11:06:00.871,1.30765,1.30778,1.12,1.31
2016.10.04 11:06:00.923,1.30765,1.30778,1.12,1.84
2016.10.04 11:06:01.027,1.30765,1.30778,1.12,1.19
2016.10.04 11:06:01.078,1.30765,1.30778,1.12,1.56
2016.10.04 11:06:01.180,1.30765,1.30778,1.12,1.50
2016.10.04 11:06:01.283,1.30765,1.30777,1.12,1.12
2016.10.04 11:06:01.808,1.30765,1.30777,1.12,1.50
2016.10.04 11:06:02.047,1.30766,1.30777,1.00,1.50
2016.10.04 11:06:02.098,1.30767,1.30779,1.00,1.37
2016.10.04 11:06:02.149,1.30768,1.30779,1.00,1.00
2016.10.04 11:06:02.200,1.30768,1.3078,1.00,1.57
2016.10.04 11:06:02.252,1.30768,1.30781,1.00,3.15
2016.10.04 11:06:02.396,1.30768,1.3078,1.00,1.57
2016.10.04 11:06:02.448,1.30768,1.3078,1.00,1.65
2016.10.04 11:06:03.274,1.30768,1.3078,1.00,1.46
2016.10.04 11:06:03.376,1.30768,1.30779,1.00,1.00
2016.10.04 11:06:03.532,1.30768,1.30779,1.00,1.25
2016.10.04 11:06:03.634,1.30768,1.3078,1.00,2.40
2016.10.04 11:06:03.867,1.30768,1.3078,1.00,2.77
2016.10.04 11:06:03.937,1.30768,1.3078,1.00,3.15
2016.10.04 11:06:04.875,1.30767,1.30777,1.00,1.25
2016.10.04 11:06:05.028,1.30766,1.30777,1.00,1.62
2016.10.04 11:06:05.080,1.30766,1.30777,1.00,1.69
2016.10.04 11:06:05.182,1.30766,1.30777,1.00,1.50
2016.10.04 11:06:05.466,1.30766,1.30778,1.00,1.31
2016.10.04 11:06:05.711,1.30766,1.30777,1.00,1.50
2016.10.04 11:06:06.069,1.30766,1.30777,1.00,1.69
2016.10.04 11:06:06.883,1.30766,1.30776,1.00,1.25
2016.10.04 11:06:07.451,1.30766,1.30773,1.00,1.00
2016.10.04 11:06:07.738,1.30763,1.30773,1.25,1.00
2016.10.04 11:06:07.789,1.30763,1.30773,1.25,1.00
2016.10.04 11:06:08.500,1.30763,1.30773,1.25,1.12
2016.10.04 11:06:08.552,1.30763,1.30773,1.00,1.12
2016.10.04 11:06:08.603,1.30762,1.30772,1.00,1.00
2016.10.04 11:06:08.807,1.30762,1.30775,1.00,1.87
2016.10.04 11:06:09.242,1.30762,1.30775,1.00,1.50
2016.10.04 11:06:09.293,1.30763,1.30776,1.00,3.56
2016.10.04 11:06:09.416,1.30763,1.30776,1.00,2.81
2016.10.04 11:06:09.568,1.30763,1.30776,1.00,2.62
2016.10.04 11:06:09.891,1.30763,1.30776,1.00,3.37
2016.10.04 11:06:10.417,1.30763,1.30776,1.00,2.62
2016.10.04 11:06:10.468,1.30763,1.30776,1.00,1.87
2016.10.04 11:06:11.588,1.30763,1.30774,1.00,1.37
2016.10.04 11:06:11.690,1.30763,1.30776,1.00,3.75
2016.10.04 11:06:11.741,1.30763,1.30774,1.00,1.00
2016.10.04 11:06:11.792,1.30763,1.30776,1.00,1.87
2016.10.04 11:06:11.894,1.30763,1.30775,1.00,1.69
2016.10.04 11:06:11.997,1.30763,1.30776,1.00,2.06
2016.10.04 11:06:12.048,1.30763,1.30773,1.00,1.00
2016.10.04 11:06:12.099,1.30763,1.30776,1.00,2.06
2016.10.04 11:06:12.150,1.30763,1.30775,1.00,1.31
2016.10.04 11:06:12.201,1.30763,1.30776,1.00,2.44
2016.10.04 11:06:12.303,1.30764,1.30776,1.00,1.31
2016.10.04 11:06:12.915,1.30763,1.30772,1.00,1.00
2016.10.04 11:06:13.017,1.30761,1.30772,1.00,1.12
2016.10.04 11:06:13.069,1.30761,1.30772,1.19,1.12
2016.10.04 11:06:13.304,1.30761,1.30774,1.19,1.50
2016.10.04 11:06:13.408,1.30763,1.30774,1.00,1.50
2016.10.04 11:06:13.615,1.30763,1.30775,1.00,1.69
2016.10.04 11:06:13.667,1.30763,1.30775,1.00,2.06
2016.10.04 11:06:13.719,1.30763,1.30775,1.00,1.62
2016.10.04 11:06:13.770,1.30763,1.30776,1.00,4.31
2016.10.04 11:06:13.821,1.30763,1.30776,1.00,3.19
2016.10.04 11:06:14.253,1.30763,1.30776,1.00,2.81
2016.10.04 11:06:14.355,1.30763,1.30776,1.00,3.15
2016.10.04 11:06:14.458,1.30763,1.30776,1.00,2.62
2016.10.04 11:06:14.509,1.30763,1.30776,1.00,1.50
2016.10.04 11:06:14.611,1.30763,1.30776,1.00,1.12
2016.10.04 11:06:15.541,1.30763,1.30776,1.00,1.00
2016.10.04 11:06:17.196,1.30764,1.30777,1.00,1.00
2016.10.04 11:06:17.247,1.30764,1.30777,1.00,1.12
2016.10.04 11:06:17.407,1.30765,1.30777,1.00,1.50
2016.10.04 11:06:17.512,1.30765,1.30777,1.00,1.12
2016.10.04 11:06:17.716,1.30765,1.30777,1.12,1.12
2016.10.04 11:06:17.767,1.30765,1.30777,1.12,1.31
2016.10.04 11:06:17.869,1.30765,1.30777,1.12,1.69
2016.10.04 11:06:18.022,1.30765,1.30777,1.00,1.69
2016.10.04 11:06:18.882,1.30765,1.30777,1.00,2.21
2016.10.04 11:06:18.933,1.30764,1.30777,1.12,2.21
2016.10.04 11:06:18.984,1.30764,1.30777,1.12,1.84
2016.10.04 11:06:19.035,1.30764,1.30777,1.12,2.21
2016.10.04 11:06:19.086,1.30764,1.30776,1.12,2.59
2016.10.04 11:06:19.137,1.30762,1.30775,1.00,1.56
2016.10.04 11:06:19.188,1.30762,1.30775,1.00,2.62
2016.10.04 11:06:19.239,1.30762,1.30774,1.00,1.50
2016.10.04 11:06:19.743,1.30762,1.30773,1.00,1.00
2016.10.04 11:06:20.397,1.3076,1.30773,1.12,1.56
2016.10.04 11:06:20.448,1.3076,1.30773,1.12,1.56
2016.10.04 11:06:20.601,1.3076,1.30773,1.12,1.25
2016.10.04 11:06:20.857,1.30762,1.30773,1.00,1.00
2016.10.04 11:06:20.908,1.30764,1.30775,1.00,2.62
2016.10.04 11:06:20.960,1.30765,1.30775,1.00,2.06
2016.10.04 11:06:21.011,1.30765,1.30776,1.00,1.56
2016.10.04 11:06:21.204,1.30765,1.30777,1.00,3.71
2016.10.04 11:06:21.256,1.30765,1.30777,1.00,1.69
2016.10.04 11:06:21.308,1.30765,1.30777,1.00,1.62
2016.10.04 11:06:21.360,1.30765,1.30777,1.12,1.37
2016.10.04 11:06:21.564,1.30766,1.30777,1.00,1.37
2016.10.04 11:06:22.116,1.30766,1.30778,1.00,1.31
2016.10.04 11:06:22.650,1.30767,1.30778,1.00,1.31
2016.10.04 11:06:23.328,1.30767,1.30778,1.00,1.12
2016.10.04 11:06:23.430,1.30768,1.30779,1.00,1.87
2016.10.04 11:06:23.481,1.30768,1.30779,1.00,1.75
2016.10.04 11:06:23.532,1.3077,1.30783,1.00,3.19
2016.10.04 11:06:23.583,1.30768,1.30783,1.00,3.60
2016.10.04 11:06:23.635,1.30768,1.30782,1.00,5.25
2016.10.04 11:06:23.686,1.30768,1.3078,1.00,1.37
2016.10.04 11:06:23.788,1.30767,1.30779,1.00,1.00
2016.10.04 11:06:23.839,1.30767,1.30779,1.00,1.00
2016.10.04 11:06:23.890,1.30767,1.3078,1.00,3.00
2016.10.04 11:06:23.941,1.30767,1.3078,1.00,2.62
2016.10.04 11:06:24.144,1.30768,1.3078,1.00,1.75
2016.10.04 11:06:24.198,1.30768,1.3078,1.00,1.12
2016.10.04 11:06:24.249,1.30768,1.3078,1.00,1.87
2016.10.04 11:06:24.351,1.30768,1.3078,1.00,1.87
2016.10.04 11:06:24.452,1.30768,1.3078,1.00,1.87
2016.10.04 11:06:24.503,1.30768,1.3078,1.00,1.75
2016.10.04 11:06:24.656,1.30768,1.3078,1.00,1.75
2016.10.04 11:06:24.809,1.30768,1.30779,1.00,1.50
2016.10.04 11:06:24.861,1.30766,1.30779,1.00,1.87
2016.10.04 11:06:24.912,1.30767,1.30778,1.00,1.00
2016.10.04 11:06:25.067,1.30766,1.30777,1.00,1.37
2016.10.04 11:06:25.120,1.30766,1.30777,1.00,1.50
2016.10.04 11:06:25.171,1.30766,1.30777,1.00,1.87
2016.10.04 11:06:26.028,1.30766,1.30776,1.00,1.00
2016.10.04 11:06:26.558,1.30766,1.30777,1.00,1.37
2016.10.04 11:06:26.610,1.30766,1.30778,1.00,1.75
2016.10.04 11:06:27.191,1.30766,1.30777,1.00,1.37
2016.10.04 11:06:27.242,1.30765,1.30777,1.00,1.50
2016.10.04 11:06:27.294,1.30761,1.30776,1.50,1.31
2016.10.04 11:06:27.345,1.30761,1.30775,1.50,3.52
2016.10.04 11:06:27.396,1.30761,1.30774,1.50,1.12
2016.10.04 11:06:27.576,1.30761,1.30774,1.50,3.37
2016.10.04 11:06:27.627,1.30761,1.30773,1.50,1.50
2016.10.04 11:06:27.678,1.30761,1.30773,1.00,1.50
2016.10.04 11:06:27.729,1.30761,1.30773,1.00,2.25
2016.10.04 11:06:29.345,1.30761,1.30773,1.00,1.87
2016.10.04 11:06:29.448,1.30764,1.30773,1.00,1.00
2016.10.04 11:06:29.603,1.30764,1.30776,1.00,2.06
2016.10.04 11:06:29.654,1.30762,1.30776,1.00,1.37
2016.10.04 11:06:29.705,1.30765,1.30776,1.00,1.50
2016.10.04 11:06:29.756,1.30765,1.30776,1.00,1.87
2016.10.04 11:06:29.807,1.30765,1.30775,1.00,1.37
2016.10.04 11:06:29.858,1.30765,1.30775,1.00,1.50
2016.10.04 11:06:29.909,1.30765,1.30775,1.00,1.37
2016.10.04 11:06:31.184,1.30765,1.30774,1.00,1.00
2016.10.04 11:06:32.032,1.30764,1.30774,1.00,1.00
2016.10.04 11:06:32.235,1.30762,1.30774,1.00,1.00
2016.10.04 11:06:32.338,1.30762,1.30774,1.00,1.12
2016.10.04 11:06:33.185,1.30762,1.30774,1.00,1.37
2016.10.04 11:06:33.236,1.30762,1.30772,1.00,1.00
2016.10.04 11:06:33.287,1.30762,1.30774,1.00,1.50
2016.10.04 11:06:33.338,1.30762,1.30773,1.00,1.00
2016.10.04 11:06:33.389,1.30763,1.30773,1.00,1.12
2016.10.04 11:06:33.440,1.30763,1.30775,1.00,2.25
2016.10.04 11:06:33.542,1.30763,1.30775,1.00,1.87
2016.10.04 11:06:33.644,1.30763,1.30774,1.00,1.00
2016.10.04 11:06:33.850,1.30762,1.30776,1.00,1.87
2016.10.04 11:06:34.742,1.30762,1.30776,1.00,1.75
2016.10.04 11:06:34.837,1.30762,1.30776,1.00,1.12
2016.10.04 11:06:34.889,1.30762,1.30776,1.00,1.37
2016.10.04 11:06:35.089,1.30766,1.30776,1.00,1.00
2016.10.04 11:06:35.143,1.30766,1.30777,1.00,1.37
2016.10.04 11:06:35.602,1.30764,1.30777,1.00,1.37
2016.10.04 11:06:35.654,1.30761,1.30775,1.00,1.50
2016.10.04 11:06:35.705,1.30761,1.30775,1.00,3.00
2016.10.04 11:06:35.757,1.3076,1.30772,1.00,1.00
2016.10.04 11:06:35.808,1.3076,1.30774,1.00,1.75
2016.10.04 11:06:35.976,1.3076,1.30773,1.00,1.37
2016.10.04 11:06:36.027,1.3076,1.30773,1.00,1.00
2016.10.04 11:06:36.281,1.3076,1.30773,1.00,1.37
2016.10.04 11:06:36.333,1.3076,1.30773,1.00,1.87
2016.10.04 11:06:36.384,1.30759,1.30771,1.00,1.00
2016.10.04 11:06:36.435,1.30759,1.3077,1.00,1.12
2016.10.04 11:06:36.486,1.30759,1.30769,1.00,1.00
2016.10.04 11:06:36.537,1.30758,1.30769,1.00,1.12
2016.10.04 11:06:36.588,1.30757,1.30769,1.00,1.75
2016.10.04 11:06:36.639,1.30757,1.30768,1.00,2.25
2016.10.04 11:06:36.690,1.30757,1.30767,1.00,1.37
2016.10.04 11:06:36.741,1.30757,1.30767,1.00,1.50
2016.10.04 11:06:37.454,1.30757,1.30766,1.00,1.00
2016.10.04 11:06:37.621,1.30754,1.30766,1.00,1.00
2016.10.04 11:06:38.969,1.30758,1.30766,1.00,1.00
2016.10.04 11:06:39.021,1.30755,1.30768,1.50,2.25
2016.10.04 11:06:39.073,1.30756,1.30768,1.12,1.50
2016.10.04 11:06:39.124,1.30757,1.30768,1.00,1.50
2016.10.04 11:06:39.175,1.30757,1.3077,1.00,1.37
2016.10.04 11:06:39.338,1.30757,1.30772,1.00,2.62
2016.10.04 11:06:39.562,1.30757,1.3077,1.00,1.00
2016.10.04 11:06:39.613,1.30755,1.30767,1.12,1.00
2016.10.04 11:06:39.664,1.30753,1.30767,1.00,1.00
2016.10.04 11:06:39.716,1.30754,1.30768,1.00,1.50
2016.10.04 11:06:39.768,1.30754,1.30768,1.00,2.62
2016.10.04 11:06:39.820,1.30754,1.30768,1.00,2.62
2016.10.04 11:06:39.871,1.30754,1.30767,1.00,1.37
2016.10.04 11:06:39.923,1.30757,1.30767,1.37,1.37
2016.10.04 11:06:39.974,1.30757,1.30769,1.37,1.50
2016.10.04 11:06:40.164,1.30757,1.3077,1.37,1.12
2016.10.04 11:06:40.628,1.30758,1.30771,1.12,1.50
2016.10.04 11:06:40.680,1.30758,1.30771,1.87,1.37
2016.10.04 11:06:40.731,1.30761,1.30771,1.12,1.37
2016.10.04 11:06:40.782,1.30761,1.30772,1.12,2.25
2016.10.04 11:06:40.983,1.30761,1.30772,1.12,1.12
2016.10.04 11:06:41.818,1.30761,1.30772,1.12,1.00
2016.10.04 11:06:43.160,1.30761,1.30771,1.12,1.00
2016.10.04 11:06:43.354,1.30758,1.30771,1.87,1.12
2016.10.04 11:06:43.724,1.3076,1.3077,1.12,1.00
2016.10.04 11:06:43.827,1.30761,1.30771,1.12,1.12
2016.10.04 11:06:44.151,1.30761,1.30771,1.12,1.12
2016.10.04 11:06:44.304,1.30761,1.30771,1.12,1.12
2016.10.04 11:06:44.735,1.30763,1.30771,1.00,1.12
2016.10.04 11:06:44.786,1.3076,1.30771,1.12,1.12
2016.10.04 11:06:45.835,1.3076,1.30771,1.12,1.50
2016.10.04 11:06:45.937,1.3076,1.30771,1.12,1.12
2016.10.04 11:06:46.283,1.3076,1.30771,1.12,1.50
2016.10.04 11:06:47.887,1.3076,1.30771,1.12,1.00
2016.10.04 11:06:48.701,1.30759,1.30771,1.12,1.00
2016.10.04 11:06:48.752,1.3076,1.30771,1.00,1.00
2016.10.04 11:06:48.868,1.3076,1.30771,1.00,1.50
2016.10.04 11:06:49.273,1.30757,1.3077,1.75,1.87
2016.10.04 11:06:49.324,1.30757,1.3077,1.75,3.37
2016.10.04 11:06:49.376,1.30756,1.30769,1.87,3.00
2016.10.04 11:06:49.496,1.30756,1.30768,1.75,1.12
2016.10.04 11:06:49.548,1.30757,1.30768,1.00,1.87
2016.10.04 11:06:50.596,1.30757,1.30768,1.00,2.62
2016.10.04 11:06:50.647,1.30754,1.30767,1.12,1.87
2016.10.04 11:06:50.699,1.30754,1.30765,1.12,1.00
2016.10.04 11:06:50.751,1.30754,1.30767,1.12,1.87
2016.10.04 11:06:51.065,1.30754,1.30767,1.12,2.62
2016.10.04 11:06:52.241,1.30754,1.30767,1.12,1.75
2016.10.04 11:06:52.508,1.30754,1.30767,1.12,1.75
2016.10.04 11:06:52.661,1.30754,1.30768,1.12,1.50
2016.10.04 11:06:53.041,1.30754,1.30768,1.87,1.50
2016.10.04 11:06:53.092,1.30754,1.30768,1.87,2.62
2016.10.04 11:06:53.364,1.30754,1.30764,1.12,1.25
2016.10.04 11:06:53.415,1.30752,1.30763,1.12,1.00
2016.10.04 11:06:53.466,1.3075,1.30763,1.12,1.00
2016.10.04 11:06:53.517,1.3075,1.30763,1.75,1.00
2016.10.04 11:06:53.568,1.30751,1.30764,1.00,1.12
2016.10.04 11:06:53.670,1.30751,1.30764,1.00,1.31
2016.10.04 11:06:53.772,1.30751,1.30764,1.00,1.12
2016.10.04 11:06:53.961,1.30751,1.30764,1.00,1.31
2016.10.04 11:06:54.114,1.30751,1.30764,1.50,1.31
2016.10.04 11:06:54.166,1.30751,1.30764,1.50,1.12
2016.10.04 11:06:54.217,1.30752,1.30765,1.00,1.50
2016.10.04 11:06:54.268,1.30752,1.30765,1.00,1.87
2016.10.04 11:06:54.319,1.30753,1.30765,1.37,1.50
2016.10.04 11:06:54.371,1.30753,1.30765,1.50,1.00
2016.10.04 11:06:54.422,1.30753,1.30766,1.87,1.00
2016.10.04 11:06:54.473,1.30754,1.30766,1.75,1.00
2016.10.04 11:06:54.525,1.30754,1.30766,1.75,1.00
2016.10.04 11:06:54.793,1.30756,1.30769,1.50,1.37
2016.10.04 11:06:54.844,1.30756,1.30771,1.87,1.50
2016.10.04 11:06:54.948,1.30756,1.30771,1.87,1.12
2016.10.04 11:06:55.051,1.30756,1.30771,1.87,1.00
2016.10.04 11:06:55.725,1.30758,1.30771,1.00,1.00
2016.10.04 11:06:55.827,1.30756,1.30771,1.50,1.37
2016.10.04 11:06:55.878,1.30756,1.30771,1.50,1.50
2016.10.04 11:06:56.489,1.30756,1.30771,1.12,1.50
2016.10.04 11:06:56.540,1.30756,1.30771,1.00,1.50
2016.10.04 11:06:57.054,1.30756,1.3077,1.00,1.00
2016.10.04 11:06:57.155,1.30755,1.30768,1.00,1.00
2016.10.04 11:06:57.693,1.30756,1.30768,1.00,1.00
2016.10.04 11:06:57.846,1.30756,1.30769,1.00,1.12
2016.10.04 11:06:58.350,1.30757,1.3077,1.00,1.12
2016.10.04 11:06:58.606,1.30757,1.3077,1.12,1.12
2016.10.04 11:06:58.883,1.30757,1.3077,1.12,1.00
2016.10.04 11:06:59.411,1.30756,1.3077,1.50,1.00
2016.10.04 11:06:59.615,1.30756,1.30771,1.50,1.12
2016.10.04 11:06:59.768,1.30756,1.30771,1.50,2.25
2016.10.04 11:07:00.614,1.30756,1.30771,1.87,1.87
2016.10.04 11:07:00.666,1.30758,1.30772,1.37,1.87
2016.10.04 11:07:00.718,1.30759,1.30772,1.50,1.12
2016.10.04 11:07:00.769,1.30759,1.30773,1.50,1.50
2016.10.04 11:07:00.821,1.30759,1.30773,1.37,1.50
2016.10.04 11:07:00.872,1.30759,1.30773,1.50,1.50
2016.10.04 11:07:01.271,1.30759,1.30769,1.00,1.00
2016.10.04 11:07:01.373,1.30757,1.30769,1.37,1.00
2016.10.04 11:07:01.475,1.30757,1.30769,1.00,1.00
2016.10.04 11:07:01.995,1.30756,1.30769,1.37,1.00
2016.10.04 11:07:02.047,1.30756,1.30769,1.50,1.00
2016.10.04 11:07:02.149,1.30759,1.30773,1.00,2.44
2016.10.04 11:07:02.201,1.30761,1.30773,1.00,1.69
2016.10.04 11:07:02.252,1.30761,1.30773,1.00,1.37
2016.10.04 11:07:02.303,1.3076,1.30773,1.12,1.00
2016.10.04 11:07:02.677,1.3076,1.30773,1.12,1.12
2016.10.04 11:07:02.729,1.30758,1.30771,1.50,1.37
2016.10.04 11:07:02.781,1.30757,1.3077,1.75,1.12
2016.10.04 11:07:02.832,1.30756,1.30769,1.12,1.37
2016.10.04 11:07:02.884,1.30755,1.30769,1.12,1.50
2016.10.04 11:07:02.935,1.30754,1.30769,1.50,1.50
2016.10.04 11:07:02.987,1.30754,1.30769,1.50,2.81
2016.10.04 11:07:03.038,1.30754,1.30769,1.37,2.81
2016.10.04 11:07:03.140,1.30754,1.30769,1.37,2.44
2016.10.04 11:07:03.191,1.30754,1.30769,1.37,1.87
2016.10.04 11:07:03.340,1.30754,1.30769,1.37,1.37
2016.10.04 11:07:03.391,1.30754,1.30769,1.37,1.12
2016.10.04 11:07:03.494,1.30754,1.30769,1.37,1.31
2016.10.04 11:07:03.596,1.30754,1.30769,1.37,1.12
2016.10.04 11:07:03.800,1.30754,1.30769,1.37,1.31
2016.10.04 11:07:05.395,1.30754,1.30769,1.37,1.12
2016.10.04 11:07:05.583,1.30755,1.30769,1.00,1.12
2016.10.04 11:07:05.855,1.30754,1.30769,1.87,1.12
2016.10.04 11:07:05.906,1.30755,1.30769,1.12,1.12
2016.10.04 11:07:06.477,1.30754,1.30769,1.87,1.50
2016.10.04 11:07:06.528,1.30754,1.30769,1.50,1.50
2016.10.04 11:07:06.740,1.30754,1.30768,1.50,1.12
2016.10.04 11:07:06.791,1.30755,1.30768,1.00,1.12
2016.10.04 11:07:06.842,1.30755,1.30768,1.00,1.00
2016.10.04 11:07:06.893,1.30754,1.30768,1.00,1.12
2016.10.04 11:07:06.944,1.30754,1.30766,1.00,1.12
2016.10.04 11:07:06.995,1.30753,1.30766,1.37,1.12
2016.10.04 11:07:07.201,1.30753,1.30766,1.37,1.50
2016.10.04 11:07:07.888,1.30753,1.30766,1.37,1.87
2016.10.04 11:07:07.990,1.30752,1.30764,1.50,1.00
2016.10.04 11:07:08.818,1.30754,1.30764,1.12,1.00
2016.10.04 11:07:08.920,1.30754,1.30764,1.50,1.00
2016.10.04 11:07:08.972,1.30754,1.30766,1.75,1.12
2016.10.04 11:07:09.024,1.30754,1.30766,1.12,1.12
2016.10.04 11:07:09.076,1.30752,1.30766,1.75,1.12
2016.10.04 11:07:09.216,1.30754,1.30766,1.00,1.12
2016.10.04 11:07:09.267,1.30755,1.30768,2.25,1.37
2016.10.04 11:07:09.319,1.30756,1.30768,1.37,1.37
2016.10.04 11:07:09.398,1.30755,1.30769,1.12,1.12
2016.10.04 11:07:09.450,1.30757,1.30769,1.00,1.12
2016.10.04 11:07:09.694,1.30757,1.30766,1.00,1.00
2016.10.04 11:07:09.893,1.30754,1.30765,1.37,1.00
2016.10.04 11:07:09.944,1.30753,1.30765,2.62,1.00
2016.10.04 11:07:10.098,1.30753,1.30766,3.37,1.00
2016.10.04 11:07:10.149,1.30753,1.30766,3.00,1.00
2016.10.04 11:07:10.414,1.30753,1.30766,2.62,1.00
2016.10.04 11:07:10.567,1.30754,1.30766,1.00,1.00
2016.10.04 11:07:10.767,1.30754,1.30766,1.12,1.00
2016.10.04 11:07:10.818,1.30753,1.30766,1.87,1.00
2016.10.04 11:07:10.882,1.30754,1.30769,1.12,2.25
2016.10.04 11:07:10.984,1.30754,1.30769,1.12,1.12
2016.10.04 11:07:11.086,1.30754,1.30769,2.62,1.12
2016.10.04 11:07:11.137,1.30754,1.30768,1.87,1.00
2016.10.04 11:07:11.188,1.30753,1.30768,3.37,1.00
2016.10.04 11:07:11.817,1.30753,1.30768,3.56,1.00
2016.10.04 11:07:12.069,1.30753,1.30768,2.06,1.00
2016.10.04 11:07:12.120,1.30753,1.30768,2.44,1.00
2016.10.04 11:07:12.621,1.30753,1.30768,2.81,1.00
2016.10.04 11:07:12.919,1.30753,1.30768,2.62,1.00
2016.10.04 11:07:13.071,1.30756,1.30769,1.12,1.50
2016.10.04 11:07:13.123,1.30758,1.30769,1.37,1.00
2016.10.04 11:07:13.175,1.30758,1.30772,1.37,1.87
2016.10.04 11:07:13.226,1.30758,1.30772,1.75,1.87
2016.10.04 11:07:13.277,1.3076,1.30773,1.12,2.25
2016.10.04 11:07:13.380,1.3076,1.30773,1.12,1.37
2016.10.04 11:07:14.277,1.3076,1.30773,1.12,1.37
2016.10.04 11:07:14.845,1.3076,1.30774,1.12,3.19
2016.10.04 11:07:14.896,1.30761,1.30774,1.50,3.00
2016.10.04 11:07:14.948,1.30763,1.30774,1.12,1.87
2016.10.04 11:07:14.999,1.30765,1.30774,1.12,1.37
2016.10.04 11:07:15.051,1.30766,1.30774,1.00,1.37
2016.10.04 11:07:15.102,1.30767,1.30779,1.00,1.69
2016.10.04 11:07:15.153,1.30767,1.30779,1.00,1.50
2016.10.04 11:07:15.306,1.30767,1.30779,1.00,1.12
2016.10.04 11:07:15.357,1.30767,1.3078,1.00,1.00
2016.10.04 11:07:15.408,1.30767,1.3078,1.37,1.00
2016.10.04 11:07:15.459,1.30767,1.3078,1.50,1.00
2016.10.04 11:07:15.760,1.30767,1.3078,1.50,1.25
2016.10.04 11:07:15.862,1.30767,1.3078,1.50,1.00
2016.10.04 11:07:18.392,1.30768,1.30782,1.87,1.00
2016.10.04 11:07:18.443,1.30769,1.30782,1.12,1.00
2016.10.04 11:07:18.494,1.30772,1.30785,1.37,1.50
2016.10.04 11:07:18.546,1.30771,1.30785,1.75,1.50
2016.10.04 11:07:18.597,1.30771,1.30785,1.75,1.12
2016.10.04 11:07:18.648,1.30773,1.30786,1.12,1.12
2016.10.04 11:07:18.699,1.30773,1.30787,1.12,1.12
2016.10.04 11:07:18.841,1.30773,1.30786,1.00,3.37
2016.10.04 11:07:18.893,1.30771,1.30783,1.12,1.12
2016.10.04 11:07:18.944,1.30771,1.30783,1.31,1.12
2016.10.04 11:07:18.995,1.3077,1.30783,1.56,1.12
2016.10.04 11:07:19.046,1.3077,1.30783,1.37,1.12
2016.10.04 11:07:19.148,1.3077,1.30783,1.00,1.12
2016.10.04 11:07:19.200,1.3077,1.30783,1.00,1.50
2016.10.04 11:07:19.568,1.3077,1.30783,1.50,1.00
2016.10.04 11:07:19.620,1.30772,1.30784,1.12,1.37
2016.10.04 11:07:19.671,1.30772,1.30785,1.12,2.62
2016.10.04 11:07:19.722,1.30773,1.30786,1.12,2.25
2016.10.04 11:07:19.773,1.30773,1.30786,1.50,1.00
2016.10.04 11:07:19.825,1.30774,1.30787,1.00,1.00
2016.10.04 11:07:19.876,1.30774,1.30787,1.00,1.50
2016.10.04 11:07:19.979,1.30774,1.30787,1.00,2.62
2016.10.04 11:07:20.081,1.30774,1.30785,1.00,1.00
2016.10.04 11:07:20.306,1.30774,1.30789,1.00,3.00
2016.10.04 11:07:20.358,1.30775,1.30789,1.00,2.62
2016.10.04 11:07:20.409,1.30778,1.3079,1.00,1.87
2016.10.04 11:07:20.460,1.30779,1.30792,1.00,1.87
2016.10.04 11:07:20.511,1.30779,1.30792,1.12,1.12
2016.10.04 11:07:20.562,1.30779,1.30792,1.12,1.00
2016.10.04 11:07:20.995,1.3078,1.30793,1.00,1.13
2016.10.04 11:07:21.250,1.3078,1.30792,1.00,1.00
2016.10.04 11:07:21.362,1.3078,1.30792,1.00,1.12
2016.10.04 11:07:21.413,1.3078,1.30792,1.00,1.50
2016.10.04 11:07:21.515,1.3078,1.30792,1.00,1.37
2016.10.04 11:07:21.970,1.30779,1.30792,1.12,1.37
2016.10.04 11:07:22.123,1.30779,1.30791,1.12,1.00
2016.10.04 11:07:23.100,1.30779,1.30792,1.12,1.50
2016.10.04 11:07:24.032,1.30779,1.30791,1.12,1.12
2016.10.04 11:07:24.084,1.30779,1.30793,1.12,1.51
2016.10.04 11:07:24.186,1.30779,1.30793,1.12,1.01
2016.10.04 11:07:24.237,1.30779,1.30794,1.12,1.51
2016.10.04 11:07:24.339,1.30779,1.30794,1.37,1.51
2016.10.04 11:07:24.390,1.30779,1.30794,1.50,1.51
2016.10.04 11:07:24.501,1.30779,1.30794,1.50,1.13
2016.10.04 11:07:24.605,1.30779,1.30794,1.50,1.51
2016.10.04 11:07:24.707,1.30779,1.30794,1.50,1.13
2016.10.04 11:07:26.628,1.30779,1.30794,1.50,1.51
2016.10.04 11:07:27.105,1.30779,1.30794,1.12,1.51
2016.10.04 11:07:27.157,1.30779,1.30793,1.00,1.88
2016.10.04 11:07:27.208,1.30779,1.30793,1.00,2.63
2016.10.04 11:07:27.310,1.30778,1.30791,1.00,1.87
2016.10.04 11:07:27.362,1.30778,1.30791,1.00,1.37
2016.10.04 11:07:27.413,1.30778,1.3079,1.00,1.00
2016.10.04 11:07:27.515,1.30778,1.3079,1.37,1.00
2016.10.04 11:07:27.566,1.30778,1.3079,1.75,1.00
2016.10.04 11:07:27.719,1.30778,1.30792,1.75,2.62
2016.10.04 11:07:28.147,1.30778,1.30792,1.75,1.87
2016.10.04 11:07:29.039,1.30777,1.3079,1.12,1.12
2016.10.04 11:07:29.091,1.30777,1.30788,1.12,1.00
2016.10.04 11:07:29.279,1.30775,1.30788,1.50,1.00
2016.10.04 11:07:29.330,1.30775,1.30787,1.50,1.12
2016.10.04 11:07:29.382,1.30775,1.30787,1.50,1.37
2016.10.04 11:07:29.773,1.30773,1.30786,1.87,1.12
2016.10.04 11:07:29.825,1.30773,1.30785,1.12,1.00
2016.10.04 11:07:30.365,1.30773,1.30784,1.12,1.00
2016.10.04 11:07:31.665,1.30773,1.30786,1.12,1.00
2016.10.04 11:07:32.643,1.30773,1.30785,1.12,1.00
2016.10.04 11:07:32.694,1.30773,1.30785,1.12,2.25
2016.10.04 11:07:32.746,1.30773,1.30783,1.12,1.00
2016.10.04 11:07:34.023,1.30772,1.30783,1.12,1.00
2016.10.04 11:07:34.074,1.30774,1.30783,1.00,1.00
2016.10.04 11:07:35.389,1.30774,1.30781,1.00,1.00
2016.10.04 11:07:35.442,1.30771,1.30781,1.12,1.00
2016.10.04 11:07:35.493,1.30772,1.30781,1.00,1.00
2016.10.04 11:07:38.093,1.30769,1.30781,1.12,1.00
2016.10.04 11:07:38.144,1.3077,1.30781,1.00,1.00
2016.10.04 11:07:38.296,1.3077,1.30781,1.00,1.12
2016.10.04 11:07:42.734,1.3077,1.30778,1.00,1.00
2016.10.04 11:07:42.904,1.30765,1.30774,1.12,1.00
2016.10.04 11:07:42.957,1.30764,1.30774,1.12,1.12
2016.10.04 11:07:43.110,1.30761,1.30773,1.12,1.00
2016.10.04 11:07:43.416,1.30761,1.30773,1.12,1.37
2016.10.04 11:07:43.721,1.3076,1.30773,1.50,1.37
2016.10.04 11:07:47.833,1.3076,1.30773,1.50,1.00
2016.10.04 11:07:47.884,1.3076,1.30773,1.87,1.00
2016.10.04 11:07:49.765,1.30761,1.30775,1.37,1.50
2016.10.04 11:07:49.816,1.30761,1.30775,1.37,1.12
2016.10.04 11:07:49.867,1.30761,1.30775,1.12,1.00
2016.10.04 11:07:50.135,1.30762,1.30775,1.12,1.12
2016.10.04 11:07:52.368,1.30761,1.30775,1.12,1.12
2016.10.04 11:07:52.419,1.3076,1.3077,1.75,1.00
2016.10.04 11:07:52.523,1.30757,1.3077,1.50,1.00
2016.10.04 11:07:52.625,1.30756,1.30769,2.25,1.00
2016.10.04 11:07:53.208,1.30756,1.30769,2.62,1.00
2016.10.04 11:07:53.310,1.30757,1.30769,1.37,1.00
2016.10.04 11:07:54.592,1.30757,1.30769,1.75,1.00
2016.10.04 11:07:54.745,1.30757,1.30769,1.87,1.00
2016.10.04 11:07:55.051,1.30757,1.30769,2.25,1.00
2016.10.04 11:07:55.102,1.30757,1.30769,1.87,1.00
2016.10.04 11:07:55.374,1.30757,1.30769,1.50,1.00
2016.10.04 11:07:56.988,1.30756,1.3077,1.87,1.00
2016.10.04 11:07:57.039,1.30756,1.3077,2.25,1.00
2016.10.04 11:07:57.090,1.30762,1.30773,1.12,1.37
2016.10.04 11:07:57.141,1.30763,1.30774,1.00,1.12
2016.10.04 11:07:57.193,1.30765,1.30775,1.12,1.87
2016.10.04 11:07:57.330,1.30766,1.30775,1.00,1.75
2016.10.04 11:07:57.381,1.30767,1.3078,1.00,1.00
2016.10.04 11:07:57.586,1.30767,1.3078,1.37,1.00
2016.10.04 11:07:57.638,1.30768,1.30781,1.12,1.00
2016.10.04 11:07:58.151,1.30768,1.30781,1.00,1.00
2016.10.04 11:07:58.638,1.30767,1.30781,1.12,1.00
2016.10.04 11:07:59.619,1.30767,1.3078,1.12,1.00
2016.10.04 11:07:59.670,1.30767,1.3078,1.50,1.00
2016.10.04 11:07:59.722,1.30768,1.30781,1.00,1.00
2016.10.04 11:07:59.864,1.30768,1.30781,2.25,1.00
2016.10.04 11:07:59.916,1.30769,1.30783,1.37,1.00
2016.10.04 11:07:59.968,1.30769,1.30783,1.87,1.00
2016.10.04 11:08:00.019,1.30769,1.30783,1.75,1.00
2016.10.04 11:08:00.172,1.3077,1.30783,1.50,1.00
2016.10.04 11:08:00.223,1.30773,1.30786,1.00,1.00
2016.10.04 11:08:00.275,1.30773,1.30788,1.00,3.56
2016.10.04 11:08:00.326,1.30773,1.30788,1.50,2.81
2016.10.04 11:08:00.378,1.30773,1.30788,1.87,2.62
2016.10.04 11:08:00.429,1.30773,1.30788,1.50,2.62
2016.10.04 11:08:00.580,1.30773,1.30788,1.50,2.25
2016.10.04 11:08:00.631,1.30773,1.30788,1.50,1.87
2016.10.04 11:08:00.682,1.30773,1.30788,1.87,1.87
2016.10.04 11:08:00.886,1.30773,1.30788,2.25,1.87
2016.10.04 11:08:00.937,1.30773,1.30788,2.25,2.06
2016.10.04 11:08:00.989,1.30773,1.30787,1.50,1.25
2016.10.04 11:08:01.040,1.30773,1.30786,1.50,1.00
2016.10.04 11:08:01.142,1.30772,1.30785,1.12,1.00
2016.10.04 11:08:01.375,1.3077,1.30786,1.87,1.12
2016.10.04 11:08:01.426,1.30771,1.30783,1.50,1.00
2016.10.04 11:08:01.478,1.30769,1.30783,1.12,1.19
2016.10.04 11:08:01.529,1.30769,1.30781,1.37,1.00
2016.10.04 11:08:01.580,1.30769,1.30781,1.00,1.25
2016.10.04 11:08:02.401,1.30768,1.30781,1.00,1.25
2016.10.04 11:08:02.746,1.30768,1.30781,1.00,1.12
2016.10.04 11:08:02.892,1.30767,1.30781,1.00,2.44
2016.10.04 11:08:02.943,1.30767,1.3078,1.00,1.50
2016.10.04 11:08:03.206,1.30767,1.30779,1.00,1.00
2016.10.04 11:08:03.257,1.30765,1.3078,1.12,1.50
2016.10.04 11:08:03.359,1.30765,1.3078,1.12,1.12
2016.10.04 11:08:03.410,1.30765,1.3078,1.12,1.00
2016.10.04 11:08:03.461,1.30765,1.3078,1.12,1.25
2016.10.04 11:08:03.512,1.30765,1.3078,1.12,1.25
2016.10.04 11:08:03.728,1.30765,1.3078,1.12,1.25
2016.10.04 11:08:03.934,1.30767,1.3078,1.00,1.25
2016.10.04 11:08:04.356,1.30767,1.3078,1.00,1.19
2016.10.04 11:08:04.407,1.30766,1.30779,1.00,1.25
2016.10.04 11:08:04.458,1.30766,1.3078,1.00,1.69
2016.10.04 11:08:04.509,1.30766,1.30779,1.00,1.31
2016.10.04 11:08:04.560,1.30766,1.30779,1.12,1.31
2016.10.04 11:08:04.764,1.30766,1.30779,1.12,1.25
2016.10.04 11:08:04.821,1.30764,1.30778,3.00,1.25
2016.10.04 11:08:04.872,1.30764,1.30774,1.87,1.56
2016.10.04 11:08:04.923,1.30764,1.30774,1.00,1.56
2016.10.04 11:08:04.975,1.30762,1.30775,1.00,1.84
2016.10.04 11:08:05.026,1.30762,1.30774,1.00,1.19
2016.10.04 11:08:05.077,1.30762,1.30775,1.00,1.31
2016.10.04 11:08:05.151,1.30762,1.30774,1.00,2.44
2016.10.04 11:08:05.254,1.3076,1.30772,1.12,1.56
2016.10.04 11:08:05.305,1.3076,1.30772,1.00,1.56
2016.10.04 11:08:05.476,1.3076,1.30773,1.00,2.06
2016.10.04 11:08:05.759,1.3076,1.30773,1.00,1.31
2016.10.04 11:08:06.354,1.3076,1.30773,1.00,2.25
2016.10.04 11:08:06.429,1.3076,1.30772,1.00,1.56
2016.10.04 11:08:06.480,1.3076,1.30773,1.00,3.37
2016.10.04 11:08:06.582,1.3076,1.30772,1.00,1.31
2016.10.04 11:08:06.634,1.30758,1.30771,1.50,1.69
2016.10.04 11:08:06.685,1.30756,1.30771,1.87,3.34
2016.10.04 11:08:06.737,1.30756,1.30771,1.00,3.34
2016.10.04 11:08:06.788,1.30756,1.30768,1.00,2.06
2016.10.04 11:08:06.946,1.30754,1.30768,1.50,1.56
2016.10.04 11:08:07.001,1.30754,1.30768,2.25,1.56
2016.10.04 11:08:07.103,1.30754,1.30768,2.25,1.56
2016.10.04 11:08:07.154,1.30755,1.30767,1.87,1.00
2016.10.04 11:08:07.205,1.30755,1.30767,1.50,1.00
2016.10.04 11:08:07.256,1.30755,1.30767,1.00,1.31
2016.10.04 11:08:07.307,1.30754,1.30767,1.87,1.31
2016.10.04 11:08:07.359,1.30754,1.30765,1.87,1.31
2016.10.04 11:08:07.410,1.30752,1.30765,3.00,1.31
2016.10.04 11:08:07.461,1.30752,1.30765,1.87,2.06
2016.10.04 11:08:07.624,1.30752,1.30765,1.50,2.06
2016.10.04 11:08:07.879,1.30752,1.30765,1.12,2.25
2016.10.04 11:08:07.930,1.3075,1.30765,1.87,2.25
2016.10.04 11:08:07.981,1.30751,1.30763,1.12,2.06
2016.10.04 11:08:08.032,1.3075,1.30763,1.00,2.06
2016.10.04 11:08:08.083,1.3075,1.30761,1.00,1.56
2016.10.04 11:08:08.599,1.3075,1.3076,1.00,1.56
2016.10.04 11:08:08.960,1.3075,1.30761,1.00,2.25
2016.10.04 11:08:09.164,1.3075,1.30763,1.00,2.00
2016.10.04 11:08:09.535,1.3075,1.30763,1.00,1.58
2016.10.04 11:08:09.875,1.3075,1.30763,1.00,1.28
2016.10.04 11:08:09.926,1.3075,1.30763,1.00,1.28
2016.10.04 11:08:09.977,1.3075,1.30764,1.00,2.56
2016.10.04 11:08:10.028,1.3075,1.30763,1.00,1.03
2016.10.04 11:08:10.130,1.3075,1.30762,1.00,1.28
2016.10.04 11:08:10.181,1.3075,1.30762,1.00,1.50
2016.10.04 11:08:10.233,1.30752,1.30762,1.00,1.37
2016.10.04 11:08:10.284,1.30752,1.30762,1.00,1.00
2016.10.04 11:08:10.547,1.30752,1.30765,1.00,3.00
2016.10.04 11:08:10.650,1.30752,1.30765,1.00,1.87
2016.10.04 11:08:11.008,1.30752,1.30765,1.00,1.87
2016.10.04 11:08:11.059,1.30752,1.30764,1.00,1.37
2016.10.04 11:08:11.712,1.30752,1.30762,1.00,1.00
2016.10.04 11:08:12.221,1.30752,1.30764,1.00,1.12
2016.10.04 11:08:13.648,1.30752,1.30765,1.00,2.53
2016.10.04 11:08:13.700,1.30752,1.30765,1.00,2.15
2016.10.04 11:08:13.869,1.30752,1.30765,1.00,1.50
2016.10.04 11:08:13.922,1.30753,1.30765,1.00,1.12
2016.10.04 11:08:13.975,1.30753,1.30765,1.00,1.00
2016.10.04 11:08:14.230,1.30753,1.30768,1.00,1.40
2016.10.04 11:08:14.383,1.30753,1.30768,1.00,1.78
2016.10.04 11:08:14.434,1.30753,1.30768,1.00,1.40
2016.10.04 11:08:14.601,1.30753,1.30768,1.00,1.28
2016.10.04 11:08:15.192,1.30753,1.30768,1.00,1.25
2016.10.04 11:08:15.294,1.30753,1.30768,1.00,1.03
2016.10.04 11:08:15.497,1.30753,1.30768,1.00,1.58
2016.10.04 11:08:16.044,1.30753,1.30768,1.00,1.95
2016.10.04 11:08:16.096,1.30753,1.30768,1.00,2.00
2016.10.04 11:08:16.238,1.30754,1.30767,1.00,1.03
2016.10.04 11:08:16.289,1.30755,1.30767,1.00,1.30
2016.10.04 11:08:16.341,1.30756,1.30768,1.00,1.60
2016.10.04 11:08:16.414,1.30756,1.3077,1.00,1.25
2016.10.04 11:08:16.563,1.30758,1.30771,1.00,2.00
2016.10.04 11:08:18.254,1.30758,1.30771,1.00,1.63
2016.10.04 11:08:18.562,1.30758,1.30771,1.00,3.50
2016.10.04 11:08:18.614,1.30758,1.3077,1.00,1.25
2016.10.04 11:08:19.055,1.30758,1.3077,1.00,1.03
2016.10.04 11:08:19.106,1.30757,1.30768,1.12,1.00
2016.10.04 11:08:19.158,1.30755,1.30768,1.75,1.25
2016.10.04 11:08:19.209,1.30754,1.30767,1.12,1.50
2016.10.04 11:08:19.260,1.30753,1.30767,1.00,3.13
2016.10.04 11:08:19.311,1.30752,1.30765,1.00,1.03
2016.10.04 11:08:19.719,1.30752,1.30765,1.00,1.03
2016.10.04 11:08:19.862,1.30751,1.30764,1.12,1.50
2016.10.04 11:08:19.913,1.30751,1.30764,1.00,2.15
2016.10.04 11:08:19.965,1.30751,1.30764,1.00,2.53
2016.10.04 11:08:20.219,1.30752,1.30764,1.00,2.00
2016.10.04 11:08:20.857,1.30752,1.30765,1.00,1.40
2016.10.04 11:08:20.909,1.30752,1.30766,1.00,1.37
2016.10.04 11:08:21.063,1.30752,1.30766,1.00,1.12
2016.10.04 11:08:21.215,1.30752,1.30766,1.00,1.50
2016.10.04 11:08:21.543,1.30752,1.30766,1.00,1.12
2016.10.04 11:08:22.060,1.30752,1.30767,1.00,2.25
2016.10.04 11:08:22.111,1.30752,1.30767,1.00,1.87
2016.10.04 11:08:22.636,1.30752,1.30767,1.00,2.25
2016.10.04 11:08:22.687,1.30752,1.30767,1.00,3.00
2016.10.04 11:08:23.095,1.30752,1.30766,1.00,1.75
2016.10.04 11:08:23.146,1.30754,1.30766,1.00,2.25
2016.10.04 11:08:23.197,1.30754,1.30766,1.00,1.75
2016.10.04 11:08:23.351,1.30753,1.30766,1.00,1.75
2016.10.04 11:08:23.402,1.30754,1.30767,1.00,3.00
2016.10.04 11:08:23.635,1.30752,1.30767,1.00,3.00
2016.10.04 11:08:23.999,1.30755,1.30767,1.00,2.25
2016.10.04 11:08:24.050,1.30757,1.30767,1.00,1.50
2016.10.04 11:08:24.102,1.30758,1.30768,1.00,1.37
2016.10.04 11:08:24.284,1.30758,1.30771,1.00,1.12
2016.10.04 11:08:24.339,1.3076,1.30772,1.00,1.00
2016.10.04 11:08:24.390,1.3076,1.30773,1.00,1.12
2016.10.04 11:08:24.441,1.3076,1.30773,1.00,1.50
2016.10.04 11:08:24.493,1.30758,1.30773,1.12,1.50
2016.10.04 11:08:24.544,1.3076,1.30773,1.00,2.25
2016.10.04 11:08:24.596,1.30758,1.30773,1.00,2.25
2016.10.04 11:08:24.647,1.30758,1.30773,1.00,2.62
2016.10.04 11:08:24.699,1.30761,1.30773,1.00,2.62
2016.10.04 11:08:24.858,1.30761,1.30773,1.00,1.87
2016.10.04 11:08:24.909,1.30761,1.30773,1.00,1.00
2016.10.04 11:08:25.062,1.30759,1.30774,1.12,1.50
2016.10.04 11:08:25.113,1.30761,1.30774,1.00,1.50
2016.10.04 11:08:25.164,1.30763,1.30776,1.00,3.37
2016.10.04 11:08:25.215,1.30764,1.30776,1.00,3.00
2016.10.04 11:08:25.266,1.30764,1.30776,1.37,1.12
2016.10.04 11:08:25.317,1.30764,1.30776,1.50,1.00
2016.10.04 11:08:25.420,1.30764,1.30776,1.12,1.00
2016.10.04 11:08:25.579,1.30764,1.30777,1.00,1.00
2016.10.04 11:08:27.075,1.30764,1.30776,1.00,1.50
2016.10.04 11:08:27.228,1.30762,1.30776,1.00,1.50
2016.10.04 11:08:27.279,1.30762,1.30776,1.00,3.00
2016.10.04 11:08:27.330,1.30762,1.30776,1.00,3.37
2016.10.04 11:08:27.381,1.30762,1.30775,1.00,1.00
2016.10.04 11:08:27.432,1.30762,1.30775,1.00,1.12
2016.10.04 11:08:27.585,1.30762,1.30775,1.00,1.50
2016.10.04 11:08:27.636,1.30762,1.30775,1.00,1.50
2016.10.04 11:08:27.901,1.30762,1.30775,1.00,1.87
2016.10.04 11:08:27.953,1.3076,1.30774,1.00,1.00
2016.10.04 11:08:28.004,1.30759,1.30773,1.00,1.37
2016.10.04 11:08:28.056,1.30758,1.3077,1.00,1.00
2016.10.04 11:08:28.159,1.30756,1.30769,1.50,1.50
2016.10.04 11:08:28.210,1.30756,1.30769,1.12,1.87
2016.10.04 11:08:28.262,1.30756,1.30769,1.00,2.62
2016.10.04 11:08:29.247,1.30756,1.30768,1.00,1.00
2016.10.04 11:08:29.298,1.30756,1.30768,1.00,1.12
2016.10.04 11:08:29.349,1.30752,1.30767,1.50,1.37
2016.10.04 11:08:29.400,1.30752,1.30765,1.50,1.00
2016.10.04 11:08:29.451,1.30751,1.30765,1.37,1.12
2016.10.04 11:08:29.570,1.30753,1.30765,1.75,1.50
2016.10.04 11:08:29.622,1.30759,1.30765,1.00,1.00
2016.10.04 11:08:29.673,1.30759,1.30769,1.12,2.62
2016.10.04 11:08:29.725,1.30759,1.30772,1.12,1.37
2016.10.04 11:08:29.880,1.30759,1.30773,1.12,1.75
2016.10.04 11:08:29.931,1.30758,1.3077,1.50,1.37
2016.10.04 11:08:29.982,1.30758,1.30771,1.50,2.25
2016.10.04 11:08:30.033,1.30757,1.3077,1.00,1.37
2016.10.04 11:08:30.173,1.30757,1.30769,1.00,1.37
2016.10.04 11:08:30.228,1.30755,1.30769,1.00,1.37
2016.10.04 11:08:30.279,1.30755,1.30768,1.00,1.00
2016.10.04 11:08:30.648,1.30755,1.30768,1.00,1.37
2016.10.04 11:08:30.699,1.30754,1.30767,1.00,2.25
2016.10.04 11:08:30.750,1.30753,1.30767,1.12,2.25
2016.10.04 11:08:30.801,1.30753,1.30767,1.00,2.62
2016.10.04 11:08:30.973,1.30753,1.30767,1.00,1.87
2016.10.04 11:08:31.025,1.30756,1.30767,1.00,1.00
2016.10.04 11:08:31.076,1.30756,1.30769,1.00,3.00
2016.10.04 11:08:31.357,1.30756,1.30768,1.00,1.37
2016.10.04 11:08:31.560,1.30756,1.30769,1.00,2.62
2016.10.04 11:08:31.783,1.30756,1.30769,1.00,2.25
2016.10.04 11:08:31.835,1.30756,1.30769,1.00,1.87
2016.10.04 11:08:31.886,1.30757,1.3077,1.00,2.25
2016.10.04 11:08:31.938,1.30758,1.30771,1.00,2.25
2016.10.04 11:08:31.989,1.30758,1.30771,1.00,2.25
2016.10.04 11:08:32.092,1.30758,1.30771,1.00,1.50
2016.10.04 11:08:32.143,1.30758,1.30771,1.00,1.37
2016.10.04 11:08:32.258,1.30757,1.30772,1.00,1.87
2016.10.04 11:08:32.309,1.30757,1.30771,1.00,1.50
2016.10.04 11:08:32.487,1.30757,1.30771,1.00,1.00
2016.10.04 11:08:32.539,1.30757,1.30772,1.00,2.62
2016.10.04 11:08:32.590,1.30757,1.30772,1.00,1.87
2016.10.04 11:08:33.064,1.30757,1.30772,1.00,1.50
2016.10.04 11:08:33.448,1.30757,1.30771,1.00,1.00
2016.10.04 11:08:33.501,1.30757,1.3077,1.00,1.00
2016.10.04 11:08:33.705,1.30755,1.30768,1.12,1.00
2016.10.04 11:08:33.757,1.30753,1.30768,1.87,1.87
2016.10.04 11:08:33.808,1.30753,1.30768,1.50,2.25
2016.10.04 11:08:33.859,1.30753,1.30768,1.00,3.00
2016.10.04 11:08:33.910,1.30753,1.30767,1.00,1.12
2016.10.04 11:08:33.961,1.30753,1.30767,1.00,2.62
2016.10.04 11:08:34.012,1.30753,1.30766,1.00,1.37
2016.10.04 11:08:34.063,1.30752,1.30765,1.00,1.50
2016.10.04 11:08:34.275,1.30752,1.30765,1.00,1.75
2016.10.04 11:08:34.377,1.30753,1.30766,1.00,2.62
2016.10.04 11:08:34.480,1.30753,1.30766,1.00,1.37
2016.10.04 11:08:34.531,1.30753,1.30766,1.00,1.00
2016.10.04 11:08:34.735,1.30753,1.30766,1.00,1.12
2016.10.04 11:08:34.838,1.30753,1.30766,1.00,1.00
2016.10.04 11:08:35.111,1.30753,1.30767,1.00,1.12
2016.10.04 11:08:35.369,1.30753,1.30767,1.00,1.12
2016.10.04 11:08:35.420,1.30753,1.30767,1.00,1.00
2016.10.04 11:08:35.471,1.30753,1.30766,1.00,1.00
2016.10.04 11:08:35.573,1.30753,1.30766,1.00,1.12
2016.10.04 11:08:35.676,1.30753,1.30766,1.00,1.50
2016.10.04 11:08:37.329,1.30753,1.30766,1.00,1.87
2016.10.04 11:08:37.432,1.30753,1.30766,1.00,2.62
2016.10.04 11:08:37.564,1.30753,1.30765,1.00,1.00
2016.10.04 11:08:37.615,1.30751,1.30766,1.00,1.50
2016.10.04 11:08:37.819,1.30751,1.30766,1.00,1.87
2016.10.04 11:08:39.283,1.30748,1.30763,1.50,1.00
2016.10.04 11:08:39.336,1.30748,1.30761,1.50,1.00
2016.10.04 11:08:39.387,1.30747,1.3076,1.00,1.00
2016.10.04 11:08:39.490,1.30744,1.30759,1.12,1.12
2016.10.04 11:08:39.619,1.30743,1.30758,1.00,1.00
2016.10.04 11:08:40.034,1.30741,1.30755,2.25,1.00
2016.10.04 11:08:40.085,1.30741,1.30755,2.25,1.00
2016.10.04 11:08:40.237,1.30741,1.30755,1.37,1.00
2016.10.04 11:08:40.288,1.30742,1.30755,1.00,1.00
2016.10.04 11:08:40.776,1.30741,1.30754,2.62,1.00
2016.10.04 11:08:40.827,1.30743,1.30756,1.87,1.00
2016.10.04 11:08:40.878,1.30744,1.30759,1.50,1.12
2016.10.04 11:08:40.929,1.30746,1.3076,1.00,1.50
2016.10.04 11:08:40.980,1.30746,1.3076,1.75,1.00
2016.10.04 11:08:41.082,1.30747,1.30759,1.12,1.00
2016.10.04 11:08:41.184,1.30747,1.30759,1.50,1.00
2016.10.04 11:08:41.588,1.30747,1.30759,1.00,1.00
2016.10.04 11:08:41.895,1.30747,1.30759,1.00,1.00
2016.10.04 11:08:41.946,1.30746,1.30757,1.37,1.00
2016.10.04 11:08:41.997,1.30745,1.30757,3.00,1.00
2016.10.04 11:08:42.310,1.30746,1.30757,1.37,1.00
2016.10.04 11:08:42.363,1.30746,1.30758,1.50,1.00
2016.10.04 11:08:42.439,1.30748,1.30759,1.00,1.00
2016.10.04 11:08:42.491,1.30748,1.30759,1.50,1.00
2016.10.04 11:08:42.594,1.3075,1.3076,1.00,1.00
2016.10.04 11:08:43.591,1.3075,1.30759,1.00,1.00
2016.10.04 11:08:43.642,1.30747,1.30759,1.37,1.00
2016.10.04 11:08:43.694,1.30747,1.30759,1.00,1.00
2016.10.04 11:08:44.799,1.30747,1.30759,1.00,1.00
2016.10.04 11:08:44.902,1.30744,1.30755,2.25,1.00
2016.10.04 11:08:44.954,1.30742,1.30756,1.75,1.00
2016.10.04 11:08:45.105,1.30742,1.30756,1.37,1.00
2016.10.04 11:08:45.156,1.30742,1.30756,1.00,1.00
2016.10.04 11:08:45.513,1.30741,1.30756,1.87,1.00
2016.10.04 11:08:45.564,1.30741,1.30756,1.50,1.00
2016.10.04 11:08:45.752,1.30741,1.30756,1.12,1.12
2016.10.04 11:08:45.804,1.30741,1.30756,1.12,1.50
2016.10.04 11:08:46.457,1.30742,1.30754,1.00,1.00
2016.10.04 11:08:46.560,1.30741,1.30754,1.50,1.00
2016.10.04 11:08:46.612,1.3074,1.30753,1.87,1.00
2016.10.04 11:08:46.664,1.30739,1.30752,2.62,1.00
2016.10.04 11:08:46.841,1.30738,1.3075,1.00,1.00
2016.10.04 11:08:46.899,1.30737,1.30749,1.50,1.00
2016.10.04 11:08:46.950,1.30736,1.30745,1.37,1.00
2016.10.04 11:08:47.001,1.30735,1.30744,1.00,1.00
2016.10.04 11:08:47.053,1.30732,1.30744,1.87,1.00
2016.10.04 11:08:47.104,1.30732,1.30744,1.87,1.00
2016.10.04 11:08:47.155,1.30732,1.30745,1.12,1.00
2016.10.04 11:08:47.576,1.30733,1.30745,1.00,1.00
2016.10.04 11:08:47.729,1.30733,1.30747,1.00,1.00
2016.10.04 11:08:47.830,1.30733,1.30746,1.00,1.00
2016.10.04 11:08:47.983,1.30732,1.30745,1.12,1.00
2016.10.04 11:08:48.034,1.30732,1.30745,1.00,1.12
2016.10.04 11:08:48.136,1.30732,1.30745,1.00,1.00
2016.10.04 11:08:48.239,1.30732,1.30745,1.12,1.00
2016.10.04 11:08:48.465,1.30731,1.30744,1.50,1.00
2016.10.04 11:08:48.833,1.30731,1.30744,2.62,1.00
2016.10.04 11:08:49.139,1.30731,1.30744,1.50,1.00
2016.10.04 11:08:49.643,1.30732,1.30744,1.50,1.00
2016.10.04 11:08:49.694,1.30732,1.30744,1.87,1.00
2016.10.04 11:08:50.214,1.30732,1.30743,1.87,1.00
2016.10.04 11:08:50.265,1.30733,1.30746,1.00,1.12
2016.10.04 11:08:51.006,1.30734,1.30747,1.00,1.37
2016.10.04 11:08:51.260,1.30734,1.30747,1.00,1.50
2016.10.04 11:08:53.860,1.30734,1.30747,1.00,1.12
2016.10.04 11:08:53.911,1.30734,1.30747,1.00,1.00
2016.10.04 11:08:54.165,1.30734,1.30749,1.00,1.50
2016.10.04 11:08:54.341,1.30734,1.30747,1.00,1.00
2016.10.04 11:08:58.446,1.30734,1.30747,1.00,1.12
2016.10.04 11:08:58.497,1.30734,1.30746,1.00,1.00
2016.10.04 11:08:58.854,1.30734,1.30746,1.00,1.12
2016.10.04 11:08:59.443,1.3073,1.30745,1.31,1.00
2016.10.04 11:08:59.503,1.30729,1.30742,1.00,1.00
2016.10.04 11:08:59.554,1.30726,1.30738,1.00,1.00
2016.10.04 11:08:59.605,1.30725,1.30738,1.50,1.00
2016.10.04 11:08:59.657,1.30724,1.30736,2.25,1.00
2016.10.04 11:08:59.708,1.30724,1.30737,1.12,1.00
2016.10.04 11:08:59.759,1.30721,1.30736,1.12,1.12
2016.10.04 11:08:59.810,1.30721,1.30736,1.00,1.12
2016.10.04 11:08:59.861,1.30721,1.30735,1.00,1.00
2016.10.04 11:09:00.222,1.30723,1.30736,1.00,1.12
2016.10.04 11:09:00.477,1.30724,1.30737,1.00,1.00
2016.10.04 11:09:01.023,1.30725,1.30737,1.00,1.00
2016.10.04 11:09:01.074,1.30722,1.30735,2.25,1.00
2016.10.04 11:09:01.723,1.30722,1.30735,1.50,1.00
2016.10.04 11:09:01.774,1.30722,1.30735,1.50,1.00
2016.10.04 11:09:02.091,1.30722,1.30734,2.25,1.00
2016.10.04 11:09:02.345,1.30722,1.30735,2.62,1.00
2016.10.04 11:09:02.396,1.30724,1.30735,1.00,1.00
2016.10.04 11:09:02.701,1.30724,1.30735,1.00,1.00
2016.10.04 11:09:02.753,1.30724,1.30736,1.87,1.00
2016.10.04 11:09:02.877,1.30726,1.30736,1.00,1.00
2016.10.04 11:09:02.928,1.30725,1.30737,1.87,1.00
2016.10.04 11:09:02.981,1.30725,1.30737,1.00,1.00
2016.10.04 11:09:03.083,1.30724,1.30736,1.37,1.00
2016.10.04 11:09:03.135,1.30723,1.30735,1.12,1.00
2016.10.04 11:09:03.187,1.30722,1.30735,1.87,1.00
2016.10.04 11:09:03.292,1.30722,1.30735,3.00,1.00
2016.10.04 11:09:04.910,1.30722,1.30735,2.25,1.00
2016.10.04 11:09:05.853,1.30721,1.30735,2.25,1.00
2016.10.04 11:09:05.904,1.30721,1.30735,1.00,1.00
2016.10.04 11:09:05.955,1.30721,1.30735,1.87,1.00
2016.10.04 11:09:06.006,1.30721,1.30735,2.62,1.00
2016.10.04 11:09:06.159,1.30721,1.30735,2.62,1.00
2016.10.04 11:09:06.210,1.30722,1.30733,1.12,1.00
2016.10.04 11:09:06.261,1.30721,1.30735,2.25,1.00
2016.10.04 11:09:06.312,1.30721,1.30735,3.00,1.00
2016.10.04 11:09:06.465,1.30721,1.30733,3.75,1.00
2016.10.04 11:09:06.640,1.30721,1.30733,4.12,1.00
2016.10.04 11:09:06.862,1.30721,1.30733,3.75,1.00
2016.10.04 11:09:06.913,1.30721,1.30733,2.62,1.00
2016.10.04 11:09:07.462,1.30722,1.30734,1.75,1.00
2016.10.04 11:09:07.616,1.30721,1.30733,2.62,1.00
2016.10.04 11:09:07.819,1.30721,1.30733,3.37,1.00
2016.10.04 11:09:08.386,1.30721,1.30734,3.37,1.00
2016.10.04 11:09:09.264,1.30724,1.30734,1.00,1.00
2016.10.04 11:09:09.368,1.30722,1.30734,1.12,1.00
2016.10.04 11:09:09.421,1.30722,1.30735,1.75,1.00
2016.10.04 11:09:09.545,1.30722,1.30735,1.50,1.00
2016.10.04 11:09:09.700,1.30722,1.30736,1.50,1.00
2016.10.04 11:09:09.803,1.30722,1.30736,1.12,1.00
2016.10.04 11:09:10.803,1.30721,1.30736,3.75,1.00
2016.10.04 11:09:11.537,1.30722,1.30734,1.12,1.00
2016.10.04 11:09:11.727,1.30722,1.30734,1.50,1.00
2016.10.04 11:09:11.778,1.30722,1.30734,1.87,1.00
2016.10.04 11:09:11.829,1.30723,1.30734,1.37,1.00
2016.10.04 11:09:11.931,1.30722,1.30735,1.12,1.00
2016.10.04 11:09:11.982,1.30722,1.30735,1.37,1.00
2016.10.04 11:09:12.033,1.30721,1.30734,1.87,1.00
2016.10.04 11:09:12.085,1.30721,1.30734,1.50,1.00
2016.10.04 11:09:12.187,1.3072,1.30734,2.62,1.00
2016.10.04 11:09:12.510,1.30723,1.30733,1.12,1.00
2016.10.04 11:09:12.562,1.30723,1.30733,1.50,1.00
2016.10.04 11:09:12.664,1.30723,1.30733,1.12,1.00
2016.10.04 11:09:12.715,1.30723,1.30733,1.00,1.00
2016.10.04 11:09:12.817,1.30722,1.30733,1.00,1.00
2016.10.04 11:09:12.868,1.30726,1.30739,1.37,1.12
2016.10.04 11:09:12.920,1.30728,1.30737,1.50,1.00
2016.10.04 11:09:12.971,1.30728,1.30736,1.12,1.00
2016.10.04 11:09:13.022,1.30723,1.30737,1.75,1.00
2016.10.04 11:09:13.073,1.30723,1.30737,1.37,1.00
2016.10.04 11:09:13.237,1.30724,1.30736,1.12,1.00
2016.10.04 11:09:13.595,1.30723,1.30736,1.50,1.00
2016.10.04 11:09:14.103,1.30722,1.30735,1.50,1.00
2016.10.04 11:09:14.377,1.30722,1.30735,1.87,1.00
2016.10.04 11:09:14.683,1.30729,1.30741,1.12,1.50
2016.10.04 11:09:14.736,1.3073,1.30741,1.00,1.50
2016.10.04 11:09:14.787,1.30731,1.30744,1.50,2.25
2016.10.04 11:09:14.839,1.30731,1.30744,1.50,1.87
2016.10.04 11:09:14.890,1.30731,1.30745,1.50,1.00
2016.10.04 11:09:14.941,1.30732,1.30745,1.50,1.00
2016.10.04 11:09:15.105,1.30733,1.30743,1.50,1.00
2016.10.04 11:09:15.156,1.30728,1.30739,3.37,1.00
2016.10.04 11:09:15.207,1.30726,1.30739,2.25,1.00
2016.10.04 11:09:15.258,1.30726,1.30738,1.37,1.00
2016.10.04 11:09:15.310,1.30725,1.30738,1.87,1.00
2016.10.04 11:09:15.462,1.30725,1.30738,3.00,1.00
2016.10.04 11:09:15.737,1.30725,1.30737,2.25,1.00
2016.10.04 11:09:17.185,1.30725,1.30737,1.37,1.00
2016.10.04 11:09:23.478,1.30725,1.30737,1.50,1.00
2016.10.04 11:09:23.529,1.30728,1.30737,1.00,1.00
2016.10.04 11:09:24.434,1.30728,1.30736,1.00,1.00
2016.10.04 11:09:24.537,1.30725,1.30733,1.12,1.00
2016.10.04 11:09:26.789,1.30724,1.30733,1.12,1.00
2016.10.04 11:09:27.339,1.30723,1.30733,1.12,1.00
2016.10.04 11:09:28.179,1.30722,1.30733,1.75,1.00
2016.10.04 11:09:28.230,1.30722,1.30733,1.12,1.00
2016.10.04 11:09:28.745,1.30723,1.30733,1.12,1.00
2016.10.04 11:09:29.537,1.30723,1.30732,1.12,1.00
2016.10.04 11:09:30.470,1.30721,1.30731,1.75,1.00
2016.10.04 11:09:30.522,1.30723,1.3073,1.00,1.00
2016.10.04 11:09:30.573,1.3072,1.3073,2.00,1.00
2016.10.04 11:09:30.624,1.30719,1.3073,1.31,1.00
2016.10.04 11:09:30.675,1.30717,1.3073,1.94,1.00
2016.10.04 11:09:30.726,1.30717,1.30728,1.12,1.00
2016.10.04 11:09:30.829,1.30716,1.30728,1.75,1.00
2016.10.04 11:09:30.880,1.30716,1.30728,1.37,1.00
2016.10.04 11:09:31.087,1.30716,1.30728,1.50,1.00
2016.10.04 11:09:31.189,1.30716,1.30728,1.37,1.00
2016.10.04 11:09:31.450,1.30716,1.30728,1.50,1.00
2016.10.04 11:09:31.502,1.30717,1.30728,1.00,1.00
2016.10.04 11:09:31.626,1.30716,1.30728,2.62,1.00
2016.10.04 11:09:31.677,1.30716,1.30728,3.00,1.00
2016.10.04 11:09:31.929,1.30716,1.30728,3.37,1.00
2016.10.04 11:09:31.980,1.30718,1.30729,1.37,1.00
2016.10.04 11:09:32.032,1.30718,1.30729,1.37,1.00
2016.10.04 11:09:32.083,1.30718,1.30731,3.00,1.00
2016.10.04 11:09:32.134,1.3072,1.30732,1.00,1.00
2016.10.04 11:09:32.185,1.3072,1.30732,1.12,1.00
2016.10.04 11:09:32.695,1.30719,1.30729,3.00,1.00
2016.10.04 11:09:32.746,1.30719,1.30729,1.50,1.00
2016.10.04 11:09:32.797,1.30718,1.30728,1.12,1.00
2016.10.04 11:09:32.849,1.30719,1.30729,1.00,1.00
2016.10.04 11:09:32.900,1.30717,1.30729,1.37,1.00
2016.10.04 11:09:33.186,1.30718,1.30728,1.00,1.00
2016.10.04 11:09:33.659,1.30716,1.30727,1.75,1.00
2016.10.04 11:09:33.761,1.30716,1.30727,1.87,1.00
2016.10.04 11:09:33.867,1.30716,1.30727,1.75,1.00
2016.10.04 11:09:34.070,1.30716,1.30727,1.87,1.00
2016.10.04 11:09:34.121,1.30718,1.30727,1.00,1.00
2016.10.04 11:09:34.721,1.30716,1.30727,1.37,1.00
2016.10.04 11:09:34.773,1.30715,1.30727,1.87,1.00
2016.10.04 11:09:34.824,1.30716,1.30727,1.00,1.00
2016.10.04 11:09:35.306,1.30714,1.30727,1.75,1.00
2016.10.04 11:09:35.358,1.30714,1.30727,1.12,1.00
2016.10.04 11:09:35.514,1.30713,1.30726,2.25,1.00
2016.10.04 11:09:35.877,1.30713,1.30726,2.62,1.00
2016.10.04 11:09:37.387,1.30713,1.30726,3.74,1.00
2016.10.04 11:09:37.489,1.30713,1.30726,2.25,1.00
2016.10.04 11:09:39.486,1.30713,1.30726,3.37,1.00
2016.10.04 11:09:43.168,1.30713,1.30725,3.37,1.00
2016.10.04 11:09:45.256,1.30716,1.30729,1.00,1.00
2016.10.04 11:09:45.460,1.30718,1.3073,1.00,1.12
2016.10.04 11:09:45.511,1.30719,1.30731,1.00,1.37
2016.10.04 11:09:45.562,1.30719,1.30733,1.00,1.50
2016.10.04 11:09:45.613,1.30719,1.30734,1.00,2.62
2016.10.04 11:09:45.664,1.30719,1.30734,1.12,1.87
2016.10.04 11:09:45.716,1.30719,1.30734,1.12,1.50
2016.10.04 11:09:45.978,1.30721,1.30733,1.00,1.00
2016.10.04 11:09:50.788,1.30722,1.30734,1.00,1.50
2016.10.04 11:09:50.839,1.30722,1.30734,1.00,1.00
2016.10.04 11:09:51.016,1.30722,1.30735,1.00,1.37
2016.10.04 11:09:51.067,1.30722,1.30735,1.00,1.00
2016.10.04 11:09:51.718,1.30725,1.30736,1.00,1.12
2016.10.04 11:09:51.769,1.30725,1.30736,1.00,1.00
2016.10.04 11:09:51.871,1.30725,1.3074,1.12,1.25
2016.10.04 11:09:51.922,1.30727,1.3074,1.00,1.25
2016.10.04 11:09:52.317,1.30726,1.30739,1.00,1.00
2016.10.04 11:09:52.724,1.30724,1.30739,1.50,1.00
2016.10.04 11:09:52.775,1.30724,1.30736,1.00,1.00
2016.10.04 11:09:52.827,1.30724,1.30737,1.12,1.12
2016.10.04 11:09:52.878,1.30725,1.30737,1.00,1.12
2016.10.04 11:09:53.054,1.30725,1.30738,1.00,1.50
2016.10.04 11:09:53.105,1.30725,1.30738,1.00,1.00
2016.10.04 11:09:53.478,1.30726,1.30739,1.00,1.87
2016.10.04 11:09:53.579,1.30727,1.30739,1.00,1.12
2016.10.04 11:09:53.734,1.30727,1.30739,1.00,1.00
2016.10.04 11:09:55.833,1.30727,1.3074,1.00,1.00
2016.10.04 11:09:56.087,1.30727,1.30742,1.00,2.25
2016.10.04 11:09:56.139,1.30729,1.30742,1.00,1.25
2016.10.04 11:09:56.278,1.30729,1.30742,1.00,1.00
2016.10.04 11:09:56.334,1.30728,1.30743,1.00,2.44
2016.10.04 11:09:56.640,1.30729,1.30741,1.00,1.00
2016.10.04 11:09:57.150,1.30728,1.3074,1.00,1.00
2016.10.04 11:09:58.238,1.30725,1.30739,1.37,1.12
2016.10.04 11:09:58.290,1.30725,1.30737,1.50,1.00
2016.10.04 11:09:58.341,1.30723,1.30737,2.25,1.37
2016.10.04 11:09:58.392,1.30723,1.30737,1.00,1.87
2016.10.04 11:09:58.444,1.30722,1.30736,1.00,1.00
2016.10.04 11:09:58.722,1.30722,1.30736,1.00,1.00
2016.10.04 11:09:58.903,1.30722,1.30737,1.00,2.25
2016.10.04 11:09:58.954,1.30723,1.30735,1.00,1.37
2016.10.04 11:09:59.005,1.30723,1.30735,1.00,1.50
2016.10.04 11:09:59.056,1.30723,1.30735,1.00,1.12
2016.10.04 11:09:59.107,1.30723,1.30735,1.00,1.00
2016.10.04 11:10:00.026,1.30724,1.30736,1.00,1.00
2016.10.04 11:10:00.188,1.30724,1.30737,1.00,1.87
2016.10.04 11:10:00.239,1.30723,1.30736,1.00,1.12
2016.10.04 11:10:00.290,1.30722,1.30734,1.12,1.00
2016.10.04 11:10:00.341,1.3072,1.30735,1.37,1.87
2016.10.04 11:10:00.392,1.3072,1.30733,1.00,1.00
2016.10.04 11:10:00.443,1.3072,1.30733,1.00,1.37
2016.10.04 11:10:00.545,1.3072,1.30732,1.00,1.37
2016.10.04 11:10:01.164,1.3072,1.30732,1.00,1.87
2016.10.04 11:10:01.215,1.30719,1.30731,1.00,1.00
2016.10.04 11:10:01.266,1.30718,1.30731,1.00,1.12
2016.10.04 11:10:01.317,1.30718,1.30731,1.00,1.50
2016.10.04 11:10:01.368,1.30718,1.30731,1.00,1.87
2016.10.04 11:10:01.753,1.30724,1.30731,1.00,1.87
2016.10.04 11:10:01.961,1.30725,1.30731,1.00,1.50
2016.10.04 11:10:02.285,1.30725,1.30731,1.00,1.37
2016.10.04 11:10:02.835,1.30725,1.30732,1.00,1.69
2016.10.04 11:10:02.937,1.30725,1.30732,1.00,1.69
2016.10.04 11:10:03.450,1.30726,1.30732,1.00,1.69
2016.10.04 11:10:04.761,1.30726,1.30731,1.00,1.00
2016.10.04 11:10:04.865,1.30723,1.30731,1.00,1.12
2016.10.04 11:10:04.918,1.30723,1.30728,1.00,1.31
2016.10.04 11:10:04.971,1.30723,1.30728,1.00,1.69
2016.10.04 11:10:05.022,1.30723,1.30729,1.00,3.56
2016.10.04 11:10:05.150,1.30721,1.30729,1.00,3.00
2016.10.04 11:10:05.202,1.30723,1.30728,1.00,1.37
2016.10.04 11:10:05.304,1.30726,1.30731,1.00,1.00
2016.10.04 11:10:05.458,1.30726,1.30732,1.00,1.37
2016.10.04 11:10:05.510,1.30726,1.30732,1.00,1.00
2016.10.04 11:10:06.071,1.30726,1.30732,1.00,1.37
2016.10.04 11:10:08.249,1.30726,1.30732,1.00,1.50
2016.10.04 11:10:08.374,1.30726,1.30732,1.00,1.87
2016.10.04 11:10:08.629,1.30719,1.3073,1.00,1.25
2016.10.04 11:10:08.680,1.30718,1.30727,1.00,1.87
2016.10.04 11:10:08.743,1.30717,1.30727,1.00,3.00
2016.10.04 11:10:08.864,1.30717,1.30727,1.00,2.62
2016.10.04 11:10:08.923,1.3072,1.30728,1.00,1.50
2016.10.04 11:10:08.975,1.30719,1.30728,1.00,1.37
2016.10.04 11:10:09.026,1.3072,1.30726,1.00,1.00
2016.10.04 11:10:09.077,1.3072,1.30728,1.00,1.37
2016.10.04 11:10:09.385,1.30722,1.30729,1.00,1.37
2016.10.04 11:10:09.436,1.30722,1.3073,1.00,1.12
2016.10.04 11:10:10.989,1.30722,1.3073,1.00,1.37
2016.10.04 11:10:11.040,1.30722,1.3073,1.00,1.00
2016.10.04 11:10:11.590,1.30722,1.3073,1.00,1.12
2016.10.04 11:10:11.824,1.3072,1.30729,1.00,1.50
2016.10.04 11:10:11.875,1.30717,1.30726,1.00,1.87
2016.10.04 11:10:11.978,1.30716,1.30727,1.00,3.94
2016.10.04 11:10:12.029,1.30715,1.30725,1.00,1.50
2016.10.04 11:10:12.081,1.30713,1.30722,1.00,1.87
2016.10.04 11:10:12.132,1.3071,1.30722,1.00,4.50
2016.10.04 11:10:12.184,1.30709,1.30719,1.00,1.00
2016.10.04 11:10:12.237,1.30708,1.30718,1.00,1.12
2016.10.04 11:10:12.288,1.30707,1.30718,1.00,1.87
2016.10.04 11:10:12.420,1.30707,1.30716,1.00,1.37
2016.10.04 11:10:12.473,1.30707,1.30715,1.00,1.00
2016.10.04 11:10:12.679,1.30706,1.30715,1.00,1.00
2016.10.04 11:10:12.782,1.30706,1.30715,1.00,1.12
2016.10.04 11:10:13.222,1.30702,1.30712,1.00,1.75
2016.10.04 11:10:13.273,1.30701,1.30713,1.00,3.00
2016.10.04 11:10:13.324,1.30701,1.30712,1.00,2.25
2016.10.04 11:10:13.376,1.30701,1.3071,1.00,1.12
2016.10.04 11:10:13.427,1.30701,1.3071,1.00,1.50
2016.10.04 11:10:13.478,1.30701,1.3071,1.00,1.50
2016.10.04 11:10:13.530,1.30701,1.3071,1.00,1.75
2016.10.04 11:10:13.887,1.30699,1.3071,1.00,1.75
2016.10.04 11:10:14.074,1.30699,1.3071,1.00,1.87
2016.10.04 11:10:14.176,1.30699,1.3071,1.00,1.12
2016.10.04 11:10:14.534,1.307,1.3071,1.00,1.00
2016.10.04 11:10:16.309,1.30699,1.3071,1.00,1.12
2016.10.04 11:10:16.361,1.30698,1.3071,1.00,1.87
2016.10.04 11:10:16.412,1.30696,1.30708,1.50,1.37
2016.10.04 11:10:16.464,1.30696,1.30706,1.00,1.12
2016.10.04 11:10:16.515,1.30696,1.30706,1.00,2.62
2016.10.04 11:10:16.566,1.30696,1.30706,1.00,1.75
2016.10.04 11:10:16.668,1.30696,1.30706,1.00,2.62
2016.10.04 11:10:16.832,1.30696,1.30706,1.00,1.75
2016.10.04 11:10:16.934,1.30696,1.30706,1.00,2.62
2016.10.04 11:10:17.291,1.30696,1.30706,1.00,1.87
2016.10.04 11:10:17.393,1.30694,1.30706,1.00,2.25
2016.10.04 11:10:17.495,1.30693,1.30706,1.00,3.37
2016.10.04 11:10:17.597,1.30693,1.30704,1.00,1.50
2016.10.04 11:10:17.649,1.30694,1.30703,1.00,1.00
2016.10.04 11:10:17.780,1.30694,1.30704,1.00,1.75
2016.10.04 11:10:17.834,1.30695,1.30706,1.00,2.44
2016.10.04 11:10:17.936,1.30695,1.30705,1.00,1.00
2016.10.04 11:10:20.519,1.30695,1.30705,1.00,1.00
2016.10.04 11:10:20.570,1.30695,1.30705,1.00,1.12
2016.10.04 11:10:21.834,1.30696,1.30705,1.00,1.12
2016.10.04 11:10:21.936,1.30693,1.30704,1.50,1.50
2016.10.04 11:10:21.987,1.30693,1.30704,1.00,2.62
2016.10.04 11:10:22.038,1.30693,1.30703,1.00,1.12
2016.10.04 11:10:23.660,1.30694,1.30704,1.00,2.25
2016.10.04 11:10:24.568,1.30691,1.30702,1.00,1.87
2016.10.04 11:10:24.620,1.30691,1.30702,1.00,2.06
2016.10.04 11:10:24.671,1.3069,1.30702,1.00,1.31
2016.10.04 11:10:24.824,1.3069,1.307,1.00,1.37
2016.10.04 11:10:27.254,1.30694,1.30703,1.00,1.37
2016.10.04 11:10:27.356,1.30694,1.30705,1.00,1.80
2016.10.04 11:10:27.408,1.30693,1.30705,1.00,1.91
2016.10.04 11:10:27.459,1.30693,1.30702,1.00,1.00
2016.10.04 11:10:33.249,1.30693,1.30704,1.00,2.25
2016.10.04 11:10:34.152,1.30693,1.30704,1.00,1.75
2016.10.04 11:10:34.851,1.30691,1.30704,1.00,1.75
2016.10.04 11:10:34.953,1.30692,1.30704,1.00,2.25
2016.10.04 11:10:35.157,1.30692,1.30704,1.00,2.62
2016.10.04 11:10:35.546,1.3069,1.30704,1.00,1.87
2016.10.04 11:10:35.749,1.3069,1.30704,1.00,1.75
2016.10.04 11:10:37.115,1.30693,1.30704,1.00,1.75
2016.10.04 11:10:37.319,1.30698,1.30708,1.00,1.37
2016.10.04 11:10:37.370,1.30698,1.3071,1.00,2.44
2016.10.04 11:10:37.473,1.30698,1.3071,1.00,2.06
2016.10.04 11:10:38.190,1.30696,1.3071,1.00,1.31
2016.10.04 11:10:38.240,1.30696,1.30711,1.00,2.81
2016.10.04 11:10:38.292,1.30696,1.30711,1.00,2.44
2016.10.04 11:10:38.394,1.30696,1.3071,1.00,1.31
2016.10.04 11:10:39.081,1.30696,1.30709,1.00,1.00
2016.10.04 11:10:39.132,1.30696,1.30709,1.00,1.25
2016.10.04 11:10:39.183,1.30695,1.30709,1.12,1.25
2016.10.04 11:10:39.336,1.30695,1.30709,1.12,1.31
2016.10.04 11:10:39.387,1.30695,1.30709,1.00,1.31
2016.10.04 11:10:39.438,1.30694,1.30709,1.12,1.31
2016.10.04 11:10:39.489,1.30694,1.30706,1.00,1.00
2016.10.04 11:10:39.540,1.30692,1.30705,1.37,1.37
2016.10.04 11:10:39.591,1.3069,1.30702,1.12,1.00
2016.10.04 11:10:39.761,1.3069,1.30702,1.00,1.00
2016.10.04 11:10:39.965,1.3069,1.30703,1.00,1.12
2016.10.04 11:10:40.701,1.3069,1.30702,1.00,1.00
2016.10.04 11:10:41.132,1.3069,1.30703,1.00,1.12
2016.10.04 11:10:43.376,1.3069,1.30702,1.00,1.00
2016.10.04 11:10:46.668,1.3069,1.30703,1.00,1.12
2016.10.04 11:10:47.220,1.30689,1.30703,1.00,1.12
2016.10.04 11:10:47.891,1.30688,1.30703,1.50,1.12
2016.10.04 11:10:47.994,1.30688,1.30702,1.50,1.00
2016.10.04 11:10:51.856,1.30688,1.30702,1.12,1.00
2016.10.04 11:11:04.143,1.30688,1.30701,1.12,1.00
2016.10.04 11:11:04.540,1.30689,1.30701,1.00,1.00
2016.10.04 11:11:04.744,1.30689,1.30701,1.12,1.00
2016.10.04 11:11:04.846,1.30693,1.30703,1.00,1.00
2016.10.04 11:11:04.897,1.30694,1.30706,1.00,1.75
2016.10.04 11:11:04.949,1.30696,1.30708,1.00,1.12
2016.10.04 11:11:05.000,1.30697,1.30709,2.25,1.12
2016.10.04 11:11:05.051,1.30697,1.3071,2.62,2.25
2016.10.04 11:11:05.102,1.30697,1.3071,1.50,1.12
2016.10.04 11:11:05.266,1.30698,1.30711,1.37,1.00
2016.10.04 11:11:05.795,1.30698,1.3071,1.37,1.00
2016.10.04 11:11:06.063,1.30697,1.3071,1.87,1.00
2016.10.04 11:11:07.293,1.30697,1.3071,3.00,1.00
2016.10.04 11:11:07.345,1.30698,1.3071,1.37,1.00
2016.10.04 11:11:07.551,1.30697,1.3071,3.00,1.00
2016.10.04 11:11:08.207,1.30697,1.3071,1.50,1.00
2016.10.04 11:11:08.258,1.30697,1.3071,1.12,1.00
2016.10.04 11:11:08.625,1.30696,1.3071,1.87,1.00
2016.10.04 11:11:08.729,1.30696,1.30709,1.50,1.00
2016.10.04 11:11:08.780,1.30696,1.30709,1.00,1.00
2016.10.04 11:11:08.832,1.30696,1.30709,1.12,1.00
2016.10.04 11:11:08.884,1.30696,1.30709,1.50,1.12
2016.10.04 11:11:08.935,1.30696,1.30709,1.12,1.12
2016.10.04 11:11:09.037,1.30694,1.30709,2.25,1.12
2016.10.04 11:11:09.254,1.30694,1.30709,2.25,1.31
2016.10.04 11:11:09.808,1.30694,1.30709,2.25,1.62
2016.10.04 11:11:10.105,1.30694,1.30709,2.25,1.25
2016.10.04 11:11:10.439,1.30694,1.30709,1.75,1.25
2016.10.04 11:11:10.490,1.30694,1.30709,2.25,1.25
2016.10.04 11:11:10.594,1.30694,1.30709,1.75,1.25
2016.10.04 11:11:10.645,1.30694,1.30709,1.00,1.25
2016.10.04 11:11:10.696,1.30694,1.30709,1.00,1.31
2016.10.04 11:11:10.748,1.30694,1.30709,1.00,1.69
2016.10.04 11:11:10.927,1.30693,1.30708,1.12,1.00
2016.10.04 11:11:11.810,1.30693,1.30708,1.50,1.00
2016.10.04 11:11:12.670,1.30694,1.30708,1.12,1.00
2016.10.04 11:11:12.948,1.30694,1.30707,1.12,1.37
2016.10.04 11:11:12.999,1.30694,1.30707,1.00,1.37
2016.10.04 11:11:13.305,1.30694,1.30706,1.00,1.00
2016.10.04 11:11:14.112,1.30694,1.30707,1.00,1.50
2016.10.04 11:11:15.146,1.30694,1.30706,1.00,1.12
2016.10.04 11:11:15.248,1.30692,1.30707,1.12,1.50
2016.10.04 11:11:15.604,1.30692,1.30707,1.12,1.37
2016.10.04 11:11:15.655,1.30692,1.30707,1.00,1.37
2016.10.04 11:11:16.222,1.30692,1.30706,1.00,1.12
2016.10.04 11:11:16.324,1.30692,1.30705,1.00,1.00
2016.10.04 11:11:16.735,1.30691,1.30704,1.12,1.00
2016.10.04 11:11:16.787,1.30691,1.30704,2.25,1.00
2016.10.04 11:11:17.374,1.30691,1.30705,2.25,1.00
2016.10.04 11:11:19.329,1.3069,1.30702,1.50,1.00
2016.10.04 11:11:19.483,1.30692,1.30705,1.00,1.00
2016.10.04 11:11:19.534,1.30691,1.30704,1.00,1.00
2016.10.04 11:11:19.585,1.30691,1.30705,1.50,1.00
2016.10.04 11:11:19.637,1.30696,1.30709,1.00,2.44
2016.10.04 11:11:19.688,1.30697,1.30709,1.00,1.69
2016.10.04 11:11:19.739,1.30695,1.3071,1.00,1.50
2016.10.04 11:11:19.790,1.30695,1.30709,1.12,1.00
2016.10.04 11:11:19.841,1.30695,1.30707,1.00,1.00
2016.10.04 11:11:19.892,1.30695,1.30705,1.00,1.00
2016.10.04 11:11:20.055,1.30691,1.30704,3.37,1.00
2016.10.04 11:11:20.108,1.30692,1.30704,1.37,1.00
2016.10.04 11:11:20.159,1.3069,1.30705,3.37,1.00
2016.10.04 11:11:20.261,1.3069,1.30705,2.62,1.00
2016.10.04 11:11:20.414,1.3069,1.30705,3.37,1.00
2016.10.04 11:11:21.462,1.3069,1.30705,2.62,1.00
2016.10.04 11:11:22.722,1.30692,1.30704,1.12,1.00
2016.10.04 11:11:23.239,1.30692,1.30705,1.12,1.00
2016.10.04 11:11:24.247,1.3069,1.30705,2.62,1.00
2016.10.04 11:11:24.349,1.30691,1.30705,1.37,1.00
2016.10.04 11:11:24.993,1.30691,1.30705,1.00,1.00
2016.10.04 11:11:25.859,1.3069,1.30705,1.50,1.00
2016.10.04 11:11:25.911,1.30691,1.30703,1.00,1.00
2016.10.04 11:11:25.964,1.30689,1.30701,1.69,1.00
2016.10.04 11:11:26.088,1.30687,1.30701,2.06,1.00
2016.10.04 11:11:26.140,1.30684,1.30697,2.25,1.00
2016.10.04 11:11:26.191,1.30684,1.30696,1.87,1.00
2016.10.04 11:11:26.242,1.30684,1.30696,1.00,1.00
2016.10.04 11:11:26.294,1.30683,1.30696,1.12,1.00
2016.10.04 11:11:26.599,1.30684,1.30696,1.00,1.00
2016.10.04 11:11:26.752,1.30684,1.30696,1.12,1.00
2016.10.04 11:11:26.956,1.30684,1.30697,1.50,1.00
2016.10.04 11:11:27.109,1.30685,1.30698,1.12,1.00
2016.10.04 11:11:27.160,1.30685,1.307,1.12,1.12
2016.10.04 11:11:27.364,1.30684,1.30696,1.50,1.00
2016.10.04 11:11:27.416,1.30683,1.30695,3.37,1.00
2016.10.04 11:11:27.467,1.30684,1.30696,1.37,1.00
2016.10.04 11:11:27.519,1.30684,1.30697,1.00,1.37
2016.10.04 11:11:27.705,1.30683,1.30696,1.00,1.00
2016.10.04 11:11:27.756,1.30682,1.30694,1.12,1.00
2016.10.04 11:11:27.807,1.3068,1.30695,2.62,1.00
2016.10.04 11:11:27.960,1.3068,1.30695,2.25,1.00
2016.10.04 11:11:28.011,1.3068,1.30695,3.00,1.00
2016.10.04 11:11:28.113,1.30681,1.30695,1.87,1.00
2016.10.04 11:11:28.215,1.3068,1.30695,3.00,1.00
2016.10.04 11:11:29.031,1.30681,1.30695,1.87,1.00
2016.10.04 11:11:31.861,1.30682,1.30695,1.12,1.00
2016.10.04 11:11:32.564,1.30682,1.30696,1.12,1.00
2016.10.04 11:11:32.914,1.30682,1.30694,1.12,1.00
2016.10.04 11:11:33.432,1.30682,1.30695,1.12,1.00
2016.10.04 11:11:33.533,1.30684,1.30697,1.00,1.00
2016.10.04 11:11:33.838,1.30683,1.30696,1.50,1.00
2016.10.04 11:11:33.890,1.30682,1.30695,1.12,1.00
2016.10.04 11:11:33.941,1.30682,1.30694,1.00,1.00
2016.10.04 11:11:34.081,1.3068,1.30692,1.12,1.12
2016.10.04 11:11:34.132,1.30677,1.30689,1.50,1.00
2016.10.04 11:11:34.183,1.30679,1.30692,1.00,1.37
2016.10.04 11:11:34.236,1.3068,1.30694,1.37,2.25
2016.10.04 11:11:34.287,1.30681,1.30694,1.12,1.50
2016.10.04 11:11:34.338,1.30682,1.30695,1.12,1.00
2016.10.04 11:11:34.390,1.30682,1.30695,1.37,1.00
2016.10.04 11:11:35.375,1.30681,1.30695,1.50,1.00
2016.10.04 11:11:35.426,1.30681,1.30695,1.87,1.00
2016.10.04 11:11:35.688,1.30683,1.30695,1.00,1.00
2016.10.04 11:11:36.707,1.30681,1.30695,1.37,1.00
2016.10.04 11:11:36.982,1.30681,1.30695,1.87,1.00
2016.10.04 11:11:37.135,1.30683,1.30695,1.12,1.00
2016.10.04 11:11:37.187,1.30682,1.30694,1.37,1.00
2016.10.04 11:11:37.630,1.30681,1.30694,1.50,1.00
2016.10.04 11:11:41.403,1.30682,1.30694,1.00,1.00
2016.10.04 11:11:41.454,1.30682,1.30697,1.00,1.50
2016.10.04 11:11:41.506,1.30683,1.30697,1.00,1.37
2016.10.04 11:11:41.646,1.30683,1.30697,1.00,1.00
2016.10.04 11:11:41.697,1.30682,1.30695,1.50,1.00
2016.10.04 11:11:41.748,1.30681,1.30695,1.50,1.00
2016.10.04 11:11:42.743,1.30681,1.30695,4.69,1.00
2016.10.04 11:11:42.795,1.30686,1.30699,1.00,1.87
2016.10.04 11:11:42.847,1.30686,1.30701,1.00,1.69
2016.10.04 11:11:42.898,1.30686,1.30701,1.00,1.56
2016.10.04 11:11:42.950,1.30687,1.30701,1.00,1.19
2016.10.04 11:11:43.052,1.30687,1.30701,1.00,1.00
2016.10.04 11:11:43.743,1.30687,1.30699,1.50,1.00
2016.10.04 11:11:43.794,1.30687,1.30699,1.00,1.00
2016.10.04 11:11:43.846,1.30687,1.30699,1.12,1.00
2016.10.04 11:11:44.278,1.30686,1.30699,1.87,1.00
2016.10.04 11:11:44.331,1.30686,1.30698,1.50,1.00
2016.10.04 11:11:44.382,1.30687,1.30699,1.12,1.00
2016.10.04 11:11:44.537,1.30687,1.30701,1.12,1.00
2016.10.04 11:11:44.589,1.30687,1.30701,1.50,1.00
2016.10.04 11:11:44.640,1.30687,1.30701,1.87,1.00
2016.10.04 11:11:45.077,1.30687,1.307,1.50,1.00
2016.10.04 11:11:45.281,1.30687,1.30698,1.50,1.00
2016.10.04 11:11:45.333,1.30685,1.30697,2.25,1.00
2016.10.04 11:11:45.384,1.30685,1.30697,1.37,1.00
2016.10.04 11:11:45.435,1.30683,1.30695,2.62,1.00
2016.10.04 11:11:45.486,1.30683,1.30696,1.50,1.00
2016.10.04 11:11:45.537,1.30683,1.30696,1.12,1.00
2016.10.04 11:11:45.639,1.30683,1.30696,1.00,1.00
2016.10.04 11:11:46.094,1.30683,1.30696,1.00,1.12
2016.10.04 11:11:46.145,1.30681,1.30696,1.87,1.50
2016.10.04 11:11:46.196,1.30681,1.30695,1.12,1.12
2016.10.04 11:11:46.247,1.30681,1.30695,1.12,1.00
2016.10.04 11:11:47.758,1.30681,1.30695,1.75,1.00
2016.10.04 11:11:48.362,1.30682,1.30694,1.75,1.00
2016.10.04 11:11:48.618,1.30681,1.30696,2.25,1.00
2016.10.04 11:11:49.466,1.30682,1.30696,1.12,1.00
2016.10.04 11:11:49.517,1.30682,1.30697,1.87,1.00
2016.10.04 11:11:49.568,1.30682,1.30696,1.12,1.00
2016.10.04 11:11:50.282,1.30681,1.30696,2.25,1.00
2016.10.04 11:11:50.762,1.30681,1.30696,2.62,1.00
2016.10.04 11:11:51.267,1.30681,1.30695,2.62,1.00
2016.10.04 11:11:51.369,1.30681,1.30695,2.25,1.00
2016.10.04 11:11:51.472,1.30681,1.30695,2.62,1.00
2016.10.04 11:11:53.228,1.30684,1.30695,1.00,1.00
2016.10.04 11:11:53.330,1.3069,1.30698,1.00,1.50
2016.10.04 11:11:53.381,1.30689,1.30698,1.00,1.50
2016.10.04 11:11:53.889,1.30691,1.30698,1.00,1.50
2016.10.04 11:11:54.837,1.30691,1.30699,1.00,1.87
2016.10.04 11:11:55.454,1.30691,1.30701,1.00,2.81
2016.10.04 11:11:55.760,1.30691,1.307,1.00,2.06
2016.10.04 11:11:55.964,1.30691,1.30701,1.00,1.94
2016.10.04 11:11:56.015,1.30691,1.30702,1.00,3.41
2016.10.04 11:11:56.066,1.30692,1.30703,1.00,3.19
2016.10.04 11:11:56.481,1.30692,1.30701,1.00,1.69
2016.10.04 11:11:56.533,1.30692,1.30702,1.00,2.81
2016.10.04 11:11:56.637,1.30692,1.30701,1.00,2.81
2016.10.04 11:11:57.329,1.30692,1.30701,1.00,2.06
2016.10.04 11:11:57.591,1.30692,1.30701,1.00,2.06
2016.10.04 11:11:57.642,1.3069,1.30699,1.00,1.50
2016.10.04 11:11:57.693,1.3069,1.30699,1.00,1.87
2016.10.04 11:11:57.744,1.3069,1.30697,1.00,1.00
2016.10.04 11:11:58.937,1.30691,1.30697,1.00,1.00
2016.10.04 11:11:59.039,1.30691,1.30701,1.00,1.87
2016.10.04 11:11:59.975,1.30693,1.30701,1.00,1.87
2016.10.04 11:12:00.078,1.30695,1.30701,1.00,1.00
2016.10.04 11:12:00.129,1.30696,1.30703,1.00,1.87
2016.10.04 11:12:00.180,1.30696,1.30703,1.00,1.00
2016.10.04 11:12:00.232,1.30694,1.30706,1.50,1.75
2016.10.04 11:12:00.284,1.30694,1.30706,1.50,2.62
2016.10.04 11:12:00.336,1.30694,1.30704,1.00,1.50
2016.10.04 11:12:00.772,1.30694,1.30704,1.00,1.87
2016.10.04 11:12:02.294,1.30694,1.30704,1.00,2.25
2016.10.04 11:12:02.345,1.30694,1.30704,1.00,1.50
2016.10.04 11:12:02.448,1.30694,1.30704,1.00,2.25
2016.10.04 11:12:02.499,1.30694,1.30704,1.00,1.87
2016.10.04 11:12:02.550,1.30696,1.30704,1.00,1.37
2016.10.04 11:12:02.735,1.30696,1.30704,1.00,1.12
2016.10.04 11:12:02.788,1.30696,1.30703,1.00,1.00
2016.10.04 11:12:04.004,1.30694,1.30703,1.00,1.00
2016.10.04 11:12:04.055,1.30694,1.30703,1.00,1.75
2016.10.04 11:12:04.158,1.30694,1.30703,1.00,2.62
2016.10.04 11:12:04.370,1.30694,1.30706,1.00,3.94
2016.10.04 11:12:04.428,1.30697,1.30705,1.00,1.50
2016.10.04 11:12:05.244,1.30697,1.30705,1.00,1.50
2016.10.04 11:12:05.346,1.30697,1.30704,1.00,1.87
2016.10.04 11:12:05.398,1.30695,1.30704,1.00,1.87
2016.10.04 11:12:05.449,1.30695,1.30705,1.00,3.00
2016.10.04 11:12:05.551,1.30695,1.30704,1.00,1.87
2016.10.04 11:12:05.603,1.30695,1.30704,1.00,2.25
2016.10.04 11:12:05.654,1.30695,1.30704,1.00,1.87
2016.10.04 11:12:05.756,1.30695,1.30704,1.00,1.12
2016.10.04 11:12:06.563,1.30695,1.30704,1.00,2.25
2016.10.04 11:12:06.716,1.30695,1.30704,1.00,1.87
2016.10.04 11:12:07.041,1.30695,1.30704,1.00,1.87
2016.10.04 11:12:08.090,1.30695,1.30705,1.00,3.00
2016.10.04 11:12:08.192,1.30695,1.30704,1.00,1.87
2016.10.04 11:12:09.075,1.30696,1.30704,1.00,1.87
2016.10.04 11:12:09.177,1.30696,1.30704,1.00,1.87
2016.10.04 11:12:09.432,1.30696,1.30704,1.00,1.50
2016.10.04 11:12:09.483,1.30696,1.30705,1.00,1.87
2016.10.04 11:12:09.534,1.30698,1.30705,1.00,1.50
2016.10.04 11:12:09.585,1.30701,1.30707,1.00,2.25
2016.10.04 11:12:09.636,1.307,1.30707,1.00,1.87
2016.10.04 11:12:09.687,1.307,1.3071,1.00,1.31
2016.10.04 11:12:09.858,1.307,1.3071,1.00,1.69
2016.10.04 11:12:09.910,1.307,1.30709,1.00,1.00
2016.10.04 11:12:10.269,1.307,1.30709,1.00,1.12
2016.10.04 11:12:10.827,1.30701,1.30709,1.00,1.12
2016.10.04 11:12:11.546,1.30701,1.30709,1.00,1.00
2016.10.04 11:12:11.597,1.30701,1.3071,1.00,2.06
2016.10.04 11:12:11.648,1.30701,1.30709,1.00,1.00
2016.10.04 11:12:11.879,1.30702,1.30711,1.00,1.12
2016.10.04 11:12:11.930,1.30703,1.30713,1.00,1.87
2016.10.04 11:12:11.982,1.30703,1.30713,1.00,1.87
2016.10.04 11:12:12.083,1.30704,1.30711,1.00,1.00
2016.10.04 11:12:12.490,1.30702,1.30712,1.00,1.50
2016.10.04 11:12:12.541,1.30702,1.30712,1.00,1.12
2016.10.04 11:12:12.592,1.30702,1.30713,1.00,1.87
2016.10.04 11:12:12.744,1.30702,1.30713,1.00,1.00
2016.10.04 11:12:12.795,1.30702,1.30713,1.00,1.12
2016.10.04 11:12:13.202,1.30702,1.30713,1.00,1.87
2016.10.04 11:12:13.253,1.30702,1.30712,1.00,1.87
2016.10.04 11:12:13.364,1.30702,1.30712,1.00,1.37
2016.10.04 11:12:13.704,1.30702,1.30712,1.00,1.87
2016.10.04 11:12:14.074,1.30702,1.3071,1.00,1.00
2016.10.04 11:12:15.163,1.30703,1.30712,1.00,2.25
2016.10.04 11:12:15.215,1.30703,1.30712,1.00,1.87
2016.10.04 11:12:15.317,1.307,1.30712,1.00,1.87
2016.10.04 11:12:15.369,1.307,1.30711,1.00,1.12
2016.10.04 11:12:15.420,1.307,1.3071,1.00,1.37
2016.10.04 11:12:15.624,1.307,1.3071,1.00,1.87
2016.10.04 11:12:16.193,1.307,1.3071,1.00,3.00
2016.10.04 11:12:16.500,1.307,1.3071,1.00,2.25
2016.10.04 11:12:16.603,1.30703,1.3071,1.00,1.12
2016.10.04 11:12:16.655,1.30703,1.30712,1.00,2.25
2016.10.04 11:12:16.757,1.30703,1.30713,1.00,1.37
2016.10.04 11:12:16.808,1.30703,1.30713,1.00,1.12
2016.10.04 11:12:17.072,1.30703,1.30713,1.00,1.50
2016.10.04 11:12:17.687,1.30704,1.30713,1.00,1.50
2016.10.04 11:12:17.789,1.30703,1.30713,1.00,1.12
2016.10.04 11:12:17.840,1.30705,1.30713,1.00,1.12
2016.10.04 11:12:18.370,1.30705,1.30713,1.00,1.00
2016.10.04 11:12:21.296,1.30704,1.30713,1.00,1.00
2016.10.04 11:12:21.519,1.30704,1.30713,1.00,1.31
2016.10.04 11:12:21.570,1.30704,1.30712,1.00,3.19
2016.10.04 11:12:21.724,1.30704,1.30711,1.00,1.37
2016.10.04 11:12:22.507,1.30704,1.30712,1.00,3.19
2016.10.04 11:12:22.706,1.30704,1.30712,1.00,2.06
2016.10.04 11:12:23.038,1.30704,1.30712,1.00,1.31
2016.10.04 11:12:23.521,1.30704,1.30711,1.00,1.37
2016.10.04 11:12:23.572,1.30704,1.30712,1.00,3.19
2016.10.04 11:12:23.623,1.30704,1.30712,1.00,1.62
2016.10.04 11:12:23.737,1.30704,1.30713,1.00,3.19
2016.10.04 11:12:23.890,1.30704,1.30712,1.00,1.25
2016.10.04 11:12:23.941,1.30704,1.30712,1.00,1.31
2016.10.04 11:12:23.992,1.30704,1.30712,1.00,1.25
2016.10.04 11:12:24.145,1.30704,1.30714,1.00,3.94
2016.10.04 11:12:24.197,1.30705,1.30714,1.00,3.75
2016.10.04 11:12:24.248,1.30704,1.30714,1.00,3.37
2016.10.04 11:12:24.300,1.30704,1.30714,1.00,3.56
2016.10.04 11:12:24.472,1.30704,1.30713,1.00,1.50
2016.10.04 11:12:24.524,1.30702,1.30713,1.00,3.00
2016.10.04 11:12:24.626,1.30702,1.30713,1.00,2.62
2016.10.04 11:12:24.728,1.30703,1.3071,1.00,1.50
2016.10.04 11:12:24.779,1.30703,1.3071,1.00,1.87
2016.10.04 11:12:24.830,1.30703,1.30711,1.00,3.00
2016.10.04 11:12:24.932,1.30702,1.30712,1.00,1.75
2016.10.04 11:12:24.983,1.30702,1.30712,1.00,1.50
2016.10.04 11:12:25.937,1.30702,1.30712,1.00,1.37
2016.10.04 11:12:26.016,1.30704,1.30713,1.00,2.62
2016.10.04 11:12:28.936,1.30704,1.30713,1.00,3.37
2016.10.04 11:12:29.480,1.30704,1.30713,1.00,2.62
2016.10.04 11:12:29.531,1.30704,1.30713,1.00,2.25
2016.10.04 11:12:29.582,1.30704,1.30713,1.00,3.00
2016.10.04 11:12:30.946,1.30704,1.30713,1.00,1.87
2016.10.04 11:12:30.997,1.30707,1.30712,1.00,1.00
2016.10.04 11:12:31.219,1.3071,1.30719,1.00,1.37
2016.10.04 11:12:31.270,1.30713,1.30721,1.00,1.12
2016.10.04 11:12:31.372,1.30712,1.30723,1.00,2.00
2016.10.04 11:12:31.423,1.30712,1.30722,1.00,1.50
2016.10.04 11:12:31.474,1.30712,1.30722,1.00,1.37
2016.10.04 11:12:31.525,1.30712,1.30723,1.00,1.69
2016.10.04 11:12:31.738,1.30712,1.30723,1.00,1.62
2016.10.04 11:12:31.951,1.30712,1.30723,1.00,1.62
2016.10.04 11:12:32.003,1.30712,1.30723,1.00,1.25
2016.10.04 11:12:32.157,1.30712,1.30724,1.00,2.06
2016.10.04 11:12:32.686,1.30713,1.30724,1.00,2.06
2016.10.04 11:12:33.764,1.30713,1.30723,1.00,1.25
2016.10.04 11:12:33.815,1.3071,1.30719,1.50,1.00
2016.10.04 11:12:33.866,1.30707,1.30719,1.50,1.56
2016.10.04 11:12:33.919,1.30708,1.30718,1.00,1.62
2016.10.04 11:12:33.970,1.30708,1.30716,1.00,1.87
2016.10.04 11:12:34.022,1.30706,1.30716,1.00,1.87
2016.10.04 11:12:34.073,1.30704,1.30716,1.00,3.37
2016.10.04 11:12:34.125,1.30704,1.30714,1.00,1.87
2016.10.04 11:12:34.647,1.30705,1.30714,1.00,1.87
2016.10.04 11:12:34.722,1.30705,1.30715,1.00,2.62
2016.10.04 11:12:34.824,1.30706,1.30715,1.00,3.00
2016.10.04 11:12:35.028,1.30706,1.30715,1.00,1.87
2016.10.04 11:12:35.079,1.30706,1.30715,1.00,1.37
2016.10.04 11:12:35.130,1.30706,1.30715,1.00,1.00
2016.10.04 11:12:35.231,1.30706,1.30717,1.00,3.37
2016.10.04 11:12:35.283,1.30707,1.30717,1.00,3.00
2016.10.04 11:12:35.443,1.30707,1.30717,1.00,2.62
2016.10.04 11:12:35.494,1.30707,1.30717,1.00,2.25
2016.10.04 11:12:35.871,1.30707,1.30717,1.00,1.87
2016.10.04 11:12:35.922,1.30707,1.30717,1.00,1.87
2016.10.04 11:12:36.278,1.30707,1.30717,1.00,2.25
2016.10.04 11:12:36.420,1.30707,1.30717,1.00,2.62
2016.10.04 11:12:36.523,1.30707,1.30717,1.00,2.25
2016.10.04 11:12:36.625,1.30707,1.30717,1.00,1.37
2016.10.04 11:12:36.676,1.30707,1.30718,1.00,1.62
2016.10.04 11:12:36.728,1.30707,1.30718,1.00,1.69
2016.10.04 11:12:36.779,1.3071,1.30718,1.00,1.69
2016.10.04 11:12:36.830,1.30712,1.30718,1.00,1.12
2016.10.04 11:12:36.882,1.30712,1.3072,1.00,1.75
2016.10.04 11:12:36.955,1.30712,1.3072,1.00,1.00
2016.10.04 11:12:37.006,1.30712,1.30722,1.00,2.06
2016.10.04 11:12:37.130,1.30712,1.30722,1.00,1.69
2016.10.04 11:12:38.794,1.30712,1.30722,1.00,1.31
2016.10.04 11:12:39.777,1.30712,1.30723,1.00,1.69
2016.10.04 11:12:40.478,1.30712,1.30724,1.00,4.31
2016.10.04 11:12:40.529,1.30712,1.30724,1.00,3.56
2016.10.04 11:12:40.631,1.30712,1.30724,1.00,1.56
2016.10.04 11:12:40.682,1.30712,1.30725,1.00,2.44
2016.10.04 11:12:40.733,1.30712,1.30724,1.00,1.50
2016.10.04 11:12:40.982,1.30716,1.30725,1.00,1.25
2016.10.04 11:12:41.135,1.30715,1.30725,1.00,1.31
2016.10.04 11:12:41.288,1.30715,1.30725,1.00,2.81
2016.10.04 11:12:41.595,1.30715,1.30724,1.00,2.25
2016.10.04 11:12:42.106,1.30715,1.30723,1.00,1.00
2016.10.04 11:12:42.158,1.30715,1.30725,1.00,2.81
2016.10.04 11:12:44.077,1.30716,1.30725,1.00,1.25
2016.10.04 11:12:44.385,1.30718,1.30727,1.00,2.44
2016.10.04 11:12:44.436,1.30718,1.30728,1.00,1.87
2016.10.04 11:12:44.487,1.30718,1.30728,1.00,1.50
2016.10.04 11:12:44.590,1.30717,1.30728,1.00,1.87
2016.10.04 11:12:44.641,1.30717,1.30728,1.00,2.25
2016.10.04 11:12:45.546,1.30717,1.30728,1.00,1.87
2016.10.04 11:12:46.068,1.30717,1.30728,1.00,3.75
2016.10.04 11:12:46.437,1.30717,1.30728,1.00,3.94
2016.10.04 11:12:46.489,1.30717,1.30728,1.00,3.94
2016.10.04 11:12:47.031,1.30716,1.30728,1.00,3.94
2016.10.04 11:12:47.082,1.30716,1.30728,1.00,3.94
2016.10.04 11:12:47.732,1.3071,1.30716,4.12,1.87
2016.10.04 11:12:47.784,1.30704,1.30715,1.00,1.87
2016.10.04 11:12:47.887,1.30704,1.30715,1.00,1.87
2016.10.04 11:12:48.119,1.30704,1.30715,1.00,1.87
2016.10.04 11:12:48.170,1.30704,1.30715,1.00,1.75
2016.10.04 11:12:48.324,1.30704,1.30716,1.00,2.44
2016.10.04 11:12:48.376,1.30704,1.30715,1.00,1.00
2016.10.04 11:12:48.427,1.30704,1.30715,1.00,1.00
2016.10.04 11:12:48.478,1.30704,1.30716,1.00,2.81
2016.10.04 11:12:48.529,1.30704,1.30715,1.00,1.37
2016.10.04 11:12:48.682,1.30704,1.30715,1.00,1.12
2016.10.04 11:12:48.733,1.30705,1.30715,1.00,1.00
2016.10.04 11:12:48.784,1.30705,1.30716,1.00,1.62
2016.10.04 11:12:48.835,1.30705,1.30717,1.00,2.25
2016.10.04 11:12:48.966,1.30708,1.30717,1.00,1.12
2016.10.04 11:12:49.017,1.30708,1.30719,1.00,2.81
2016.10.04 11:12:49.068,1.30709,1.30719,1.00,2.44
2016.10.04 11:12:49.273,1.30709,1.30719,1.00,2.25
2016.10.04 11:12:49.324,1.30709,1.3072,1.00,2.62
2016.10.04 11:12:49.375,1.30709,1.30719,1.00,1.00
2016.10.04 11:12:49.529,1.30709,1.3072,1.00,2.62
2016.10.04 11:12:49.682,1.30709,1.30721,1.00,3.00
2016.10.04 11:12:49.733,1.30712,1.30721,1.00,1.00
2016.10.04 11:12:49.784,1.30712,1.30723,1.00,1.31
2016.10.04 11:12:49.836,1.30712,1.30723,1.00,1.69
2016.10.04 11:12:49.887,1.30713,1.30723,1.00,1.25
2016.10.04 11:12:50.026,1.30713,1.30724,1.00,2.06
2016.10.04 11:12:50.078,1.30713,1.30724,1.00,1.50
2016.10.04 11:12:50.232,1.30713,1.30724,1.00,1.37
2016.10.04 11:12:50.470,1.30713,1.30724,1.00,1.50
2016.10.04 11:12:50.811,1.30713,1.30724,1.00,1.12
2016.10.04 11:12:52.323,1.30713,1.30723,1.00,1.12
2016.10.04 11:12:52.374,1.30713,1.30723,1.00,1.50
2016.10.04 11:12:52.477,1.30713,1.30723,1.00,1.37
2016.10.04 11:12:53.082,1.30714,1.30723,1.00,1.37
2016.10.04 11:12:53.294,1.30714,1.30723,1.00,1.12
2016.10.04 11:12:53.345,1.30714,1.30723,1.00,1.50
2016.10.04 11:12:53.410,1.30712,1.30723,1.00,1.50
2016.10.04 11:12:53.563,1.30713,1.30723,1.00,1.12
2016.10.04 11:12:54.007,1.30713,1.30723,1.00,1.37
2016.10.04 11:12:54.238,1.30713,1.30724,1.00,1.50
2016.10.04 11:12:54.290,1.30713,1.30725,1.00,3.37
2016.10.04 11:12:55.022,1.30713,1.30721,1.00,1.87
2016.10.04 11:12:55.073,1.30708,1.30719,2.25,2.25
2016.10.04 11:12:55.126,1.30707,1.30716,1.75,1.87
2016.10.04 11:12:55.177,1.30705,1.30716,1.37,2.25
2016.10.04 11:12:55.228,1.30705,1.30716,1.37,1.37
2016.10.04 11:12:55.280,1.30706,1.30716,1.00,1.50
2016.10.04 11:12:55.331,1.30704,1.30716,1.12,1.37
2016.10.04 11:12:55.382,1.30704,1.30716,1.00,1.37
2016.10.04 11:12:55.485,1.30704,1.30717,1.00,2.00
2016.10.04 11:12:55.536,1.30704,1.30716,1.00,2.62
2016.10.04 11:12:55.587,1.30704,1.30716,1.00,3.00
2016.10.04 11:12:56.143,1.30704,1.30715,1.00,1.00
2016.10.04 11:12:56.449,1.30701,1.30715,1.00,1.00
2016.10.04 11:12:56.501,1.30701,1.30713,1.50,2.25
2016.10.04 11:12:56.666,1.307,1.30713,1.12,2.44
2016.10.04 11:12:56.719,1.307,1.30713,1.00,3.56
2016.10.04 11:12:56.771,1.307,1.30712,1.00,1.12
2016.10.04 11:12:56.822,1.307,1.30711,1.00,1.37
2016.10.04 11:12:56.873,1.307,1.30711,1.00,1.50
2016.10.04 11:12:56.924,1.307,1.3071,1.00,1.00
2016.10.04 11:12:59.513,1.30701,1.30711,1.00,1.37
2016.10.04 11:12:59.616,1.30701,1.30712,1.00,1.75
2016.10.04 11:13:00.175,1.30701,1.30712,1.00,1.12
2016.10.04 11:13:00.226,1.30701,1.30713,1.00,3.19
2016.10.04 11:13:00.730,1.30702,1.30713,1.00,2.06
2016.10.04 11:13:00.808,1.30701,1.30713,1.00,2.62
2016.10.04 11:13:00.878,1.30702,1.30713,1.00,1.75
2016.10.04 11:13:00.929,1.30702,1.30712,1.00,1.62
2016.10.04 11:13:01.104,1.30703,1.30713,1.00,1.50
2016.10.04 11:13:01.155,1.30703,1.30713,1.00,1.37
2016.10.04 11:13:01.207,1.30703,1.30714,1.00,1.87
2016.10.04 11:13:01.258,1.30703,1.30713,1.00,2.62
2016.10.04 11:13:01.309,1.30703,1.30712,1.00,1.50
2016.10.04 11:13:01.381,1.30701,1.30712,1.00,1.50
2016.10.04 11:13:01.536,1.30701,1.30712,1.00,1.87
2016.10.04 11:13:01.587,1.30701,1.30712,1.00,1.50
2016.10.04 11:13:01.760,1.30701,1.30712,1.00,1.00
2016.10.04 11:13:01.862,1.30701,1.30713,1.00,1.75
2016.10.04 11:13:01.913,1.30701,1.30712,1.00,1.37
2016.10.04 11:13:02.421,1.30701,1.30712,1.00,1.00
2016.10.04 11:13:02.472,1.30701,1.30713,1.00,1.37
2016.10.04 11:13:03.344,1.30703,1.30713,1.00,1.37
2016.10.04 11:13:03.872,1.30704,1.30713,1.00,1.37
2016.10.04 11:13:05.599,1.30703,1.30713,1.00,1.37
2016.10.04 11:13:07.559,1.30703,1.30713,1.00,1.50
2016.10.04 11:13:07.813,1.30703,1.30712,1.00,1.00
2016.10.04 11:13:07.999,1.30703,1.30712,1.00,2.62
2016.10.04 11:13:08.050,1.30703,1.30712,1.00,1.37
2016.10.04 11:13:08.102,1.30703,1.30711,1.00,1.00
2016.10.04 11:13:08.153,1.30703,1.30713,1.00,1.87
2016.10.04 11:13:08.305,1.30703,1.30713,1.00,1.50
2016.10.04 11:13:10.659,1.30702,1.30713,1.00,1.50
2016.10.04 11:13:10.762,1.30696,1.30707,2.25,1.12
2016.10.04 11:13:10.813,1.30696,1.30708,3.00,3.75
2016.10.04 11:13:10.864,1.30695,1.30707,1.37,2.25
2016.10.04 11:13:10.916,1.30696,1.30706,1.00,1.37
2016.10.04 11:13:10.967,1.30696,1.30706,1.00,2.25
2016.10.04 11:13:11.111,1.30696,1.30706,1.00,1.37
2016.10.04 11:13:11.420,1.30694,1.30706,1.00,1.37
2016.10.04 11:13:11.471,1.30694,1.30706,1.00,2.25
2016.10.04 11:13:11.661,1.30694,1.30706,1.00,1.37
2016.10.04 11:13:11.814,1.30694,1.30707,1.00,4.50
2016.10.04 11:13:11.966,1.30694,1.30707,1.00,3.00
2016.10.04 11:13:12.027,1.30694,1.30707,1.00,2.25
2016.10.04 11:13:12.078,1.30695,1.30707,1.00,1.12
2016.10.04 11:13:12.129,1.30695,1.30707,1.00,1.00
2016.10.04 11:13:12.302,1.30697,1.30708,1.00,2.44
2016.10.04 11:13:12.353,1.30697,1.30708,1.00,2.06
2016.10.04 11:13:13.014,1.30698,1.30708,1.00,2.44
2016.10.04 11:13:13.116,1.30698,1.30708,1.00,2.06
2016.10.04 11:13:13.838,1.30697,1.30708,1.00,2.06
2016.10.04 11:13:14.719,1.30695,1.30708,1.00,4.69
2016.10.04 11:13:14.770,1.30696,1.30707,1.00,3.00
2016.10.04 11:13:14.822,1.30694,1.30707,1.50,4.12
2016.10.04 11:13:14.886,1.30696,1.30706,1.00,1.37
2016.10.04 11:13:14.938,1.30695,1.30704,1.00,1.00
2016.10.04 11:13:15.044,1.30693,1.30704,1.00,1.00
2016.10.04 11:13:15.225,1.30693,1.30704,1.00,1.00
2016.10.04 11:13:15.278,1.30693,1.30704,1.00,1.00
2016.10.04 11:13:15.331,1.30692,1.30704,1.00,1.37
2016.10.04 11:13:15.382,1.30692,1.30704,1.00,1.50
2016.10.04 11:13:15.434,1.30692,1.30704,1.00,1.87
2016.10.04 11:13:15.485,1.30692,1.30704,1.00,3.00
2016.10.04 11:13:15.791,1.30692,1.30703,1.00,1.37
2016.10.04 11:13:16.009,1.30691,1.30703,1.00,2.62
2016.10.04 11:13:16.112,1.30691,1.30703,1.00,1.50
2016.10.04 11:13:17.382,1.30691,1.30702,1.00,1.00
2016.10.04 11:13:19.195,1.30691,1.30702,1.00,1.00
2016.10.04 11:13:19.297,1.30691,1.30702,1.00,1.00
2016.10.04 11:13:23.751,1.30691,1.30703,1.00,2.25
2016.10.04 11:13:24.462,1.30691,1.30703,1.00,2.62
2016.10.04 11:13:30.103,1.30691,1.30703,1.00,2.62
2016.10.04 11:13:30.154,1.30691,1.30702,1.00,1.37
2016.10.04 11:13:30.205,1.30692,1.30701,1.00,1.50
2016.10.04 11:13:30.369,1.30691,1.30701,1.00,4.12
2016.10.04 11:13:30.422,1.30693,1.30701,1.00,3.37
2016.10.04 11:13:30.579,1.30693,1.30701,1.00,4.12
2016.10.04 11:13:30.793,1.30691,1.30701,1.00,4.12
2016.10.04 11:13:30.844,1.30691,1.30701,1.00,4.50
2016.10.04 11:13:30.895,1.30691,1.307,1.00,1.37
2016.10.04 11:13:30.946,1.30691,1.307,1.00,1.50
2016.10.04 11:13:31.150,1.30691,1.307,1.00,1.37
2016.10.04 11:13:31.252,1.30696,1.30701,1.37,1.12
2016.10.04 11:13:31.303,1.30698,1.30702,1.50,1.00
2016.10.04 11:13:31.355,1.30698,1.30707,1.87,2.62
2016.10.04 11:13:31.406,1.30703,1.30707,1.12,2.62
2016.10.04 11:13:31.457,1.30703,1.30712,1.87,1.50
2016.10.04 11:13:31.508,1.30708,1.30715,1.00,1.75
2016.10.04 11:13:31.560,1.30707,1.30717,1.00,1.75
2016.10.04 11:13:31.689,1.30707,1.30717,1.00,1.00
2016.10.04 11:13:31.741,1.30708,1.30717,1.00,1.37
2016.10.04 11:13:31.792,1.30708,1.30717,1.00,2.62
2016.10.04 11:13:31.844,1.30706,1.30717,1.00,2.62
2016.10.04 11:13:32.047,1.30705,1.30717,1.00,1.87
2016.10.04 11:13:32.251,1.30706,1.30717,1.00,1.87
2016.10.04 11:13:32.417,1.30706,1.30716,1.00,1.75
2016.10.04 11:13:32.468,1.30706,1.30716,1.00,1.75
2016.10.04 11:13:34.675,1.30706,1.30717,1.00,1.87
2016.10.04 11:13:34.726,1.30706,1.30719,1.00,3.97
2016.10.04 11:13:34.777,1.30706,1.30719,1.00,1.75
2016.10.04 11:13:34.879,1.30706,1.3072,1.00,3.94
2016.10.04 11:13:35.486,1.30706,1.30719,1.00,1.12
2016.10.04 11:13:40.411,1.30706,1.30719,1.00,1.87
2016.10.04 11:13:40.960,1.30707,1.30719,1.00,1.87
2016.10.04 11:13:41.933,1.30707,1.30719,1.00,1.12
2016.10.04 11:13:42.194,1.30707,1.30719,1.00,1.87
2016.10.04 11:13:44.622,1.30707,1.30717,1.00,1.37
2016.10.04 11:13:47.919,1.30703,1.30716,1.00,1.87
2016.10.04 11:13:48.098,1.30704,1.30716,1.00,2.62
2016.10.04 11:13:48.150,1.30708,1.30716,1.00,1.12
2016.10.04 11:13:48.201,1.30708,1.30719,1.00,3.37
2016.10.04 11:13:48.303,1.30708,1.30719,1.00,3.00
2016.10.04 11:13:48.354,1.30708,1.30719,1.00,2.25
2016.10.04 11:13:48.508,1.30708,1.30719,1.00,1.37
2016.10.04 11:13:48.778,1.30708,1.3072,1.00,1.12
2016.10.04 11:13:48.829,1.3071,1.30721,1.00,2.81
2016.10.04 11:13:48.931,1.3071,1.30721,1.00,1.69
2016.10.04 11:13:48.982,1.3071,1.30721,1.00,1.62
2016.10.04 11:13:49.237,1.30711,1.30721,1.00,1.37
2016.10.04 11:13:49.288,1.30711,1.30723,1.00,3.75
2016.10.04 11:13:49.339,1.30711,1.30723,1.00,3.00
2016.10.04 11:13:49.390,1.30711,1.30722,1.00,1.37
2016.10.04 11:13:49.811,1.30711,1.30723,1.00,2.25
2016.10.04 11:13:49.862,1.30711,1.30723,1.00,3.00
2016.10.04 11:13:49.913,1.30713,1.30722,1.00,1.50
2016.10.04 11:13:50.272,1.30707,1.30719,1.00,1.00
2016.10.04 11:13:50.324,1.30705,1.30713,1.00,3.00
2016.10.04 11:13:50.375,1.30703,1.30713,1.50,4.27
2016.10.04 11:13:50.520,1.30703,1.30711,1.00,1.31
2016.10.04 11:13:50.572,1.30699,1.30711,1.12,2.44
2016.10.04 11:13:50.623,1.30699,1.30709,1.12,1.69
2016.10.04 11:13:50.675,1.30699,1.30708,1.00,1.19
2016.10.04 11:13:50.828,1.30697,1.30709,1.00,1.37
2016.10.04 11:13:50.880,1.30697,1.3071,1.00,2.62
2016.10.04 11:13:50.931,1.30697,1.3071,1.00,2.62
2016.10.04 11:13:50.982,1.30698,1.3071,1.00,2.62
2016.10.04 11:13:51.033,1.30698,1.3071,1.00,1.87
2016.10.04 11:13:51.135,1.30699,1.3071,1.00,2.62
2016.10.04 11:13:51.330,1.307,1.3071,1.00,1.50
2016.10.04 11:13:51.381,1.30701,1.3071,1.00,1.00
2016.10.04 11:13:51.433,1.30702,1.30713,1.00,3.55
2016.10.04 11:13:51.484,1.30702,1.30711,1.00,1.00
2016.10.04 11:13:51.536,1.30702,1.30713,1.00,4.30
2016.10.04 11:13:51.655,1.30702,1.30713,1.00,3.55
2016.10.04 11:13:51.706,1.30702,1.30713,1.00,3.55
2016.10.04 11:13:52.214,1.30701,1.30713,1.00,3.18
2016.10.04 11:13:52.517,1.30701,1.30713,1.00,2.43
2016.10.04 11:13:52.619,1.30701,1.30713,1.00,2.43
2016.10.04 11:13:52.809,1.30701,1.30713,1.00,4.30
2016.10.04 11:13:54.328,1.30701,1.30713,1.00,4.68
2016.10.04 11:13:54.379,1.30697,1.30712,1.00,2.06
2016.10.04 11:13:54.430,1.30698,1.30711,1.00,1.68
2016.10.04 11:13:54.482,1.30698,1.30711,1.00,2.05
2016.10.04 11:13:54.614,1.30698,1.30711,1.00,2.43
2016.10.04 11:13:54.666,1.30698,1.30711,1.00,3.55
2016.10.04 11:13:54.718,1.30698,1.30711,1.00,2.43
2016.10.04 11:13:55.660,1.30698,1.30712,1.00,4.49
2016.10.04 11:13:55.775,1.30698,1.30712,1.00,5.24
2016.10.04 11:13:56.033,1.30698,1.3071,1.00,1.12
2016.10.04 11:13:56.085,1.30698,1.3071,1.00,1.37
2016.10.04 11:13:56.240,1.30694,1.30706,1.00,1.00
2016.10.04 11:13:56.291,1.30695,1.30707,1.00,1.50
2016.10.04 11:13:56.342,1.30695,1.30707,1.00,3.18
2016.10.04 11:13:56.394,1.30694,1.30706,1.00,1.12
2016.10.04 11:13:56.590,1.30694,1.30706,1.00,1.00
2016.10.04 11:13:56.907,1.30694,1.30708,1.00,1.50
2016.10.04 11:13:56.959,1.30697,1.30708,1.00,2.25
2016.10.04 11:13:57.010,1.30697,1.30706,1.00,1.00
2016.10.04 11:13:58.407,1.30691,1.30703,1.00,1.00
2016.10.04 11:13:58.459,1.3069,1.30702,1.00,1.00
2016.10.04 11:13:58.816,1.30692,1.30704,1.00,1.00
2016.10.04 11:13:58.918,1.3069,1.30704,1.50,1.00
2016.10.04 11:13:59.123,1.30689,1.30703,2.62,1.00
2016.10.04 11:13:59.175,1.30689,1.30701,1.87,1.00
2016.10.04 11:13:59.226,1.30689,1.30701,1.50,1.12
2016.10.04 11:13:59.328,1.30689,1.30701,1.12,1.12
2016.10.04 11:13:59.379,1.30687,1.30701,2.44,1.12
2016.10.04 11:13:59.636,1.30687,1.30701,2.06,1.12
2016.10.04 11:14:00.221,1.30687,1.30701,1.69,1.12
2016.10.04 11:14:00.480,1.30687,1.30701,2.06,1.12
2016.10.04 11:14:00.531,1.30688,1.30701,1.31,1.12
2016.10.04 11:14:00.582,1.3069,1.30701,1.37,1.12
2016.10.04 11:14:00.633,1.3069,1.30701,1.12,1.12
2016.10.04 11:14:01.003,1.3069,1.30701,1.12,1.00
2016.10.04 11:14:02.238,1.30692,1.30704,2.25,1.50
2016.10.04 11:14:02.295,1.30695,1.30704,1.00,1.12
2016.10.04 11:14:02.365,1.30695,1.30705,1.37,1.00
2016.10.04 11:14:02.416,1.30695,1.30706,1.12,1.00
2016.10.04 11:14:02.891,1.30695,1.30703,1.12,1.00
2016.10.04 11:14:02.994,1.30697,1.30703,1.00,1.00
2016.10.04 11:14:03.045,1.30694,1.30702,1.12,1.00
2016.10.04 11:14:03.169,1.30694,1.30702,1.37,1.00
2016.10.04 11:14:03.220,1.30692,1.30704,1.12,1.00
2016.10.04 11:14:03.271,1.30692,1.30703,1.87,1.00
2016.10.04 11:14:03.322,1.30693,1.30703,1.12,1.00
2016.10.04 11:14:03.374,1.30693,1.30705,1.12,1.00
2016.10.04 11:14:03.425,1.30693,1.30705,1.75,1.00
2016.10.04 11:14:03.817,1.30693,1.30705,1.12,1.00
2016.10.04 11:14:03.970,1.30693,1.30703,1.12,1.00
2016.10.04 11:14:04.021,1.30693,1.30705,1.12,1.00
2016.10.04 11:14:04.318,1.30693,1.30703,1.12,1.00
2016.10.04 11:14:04.421,1.30693,1.30703,1.87,1.00
2016.10.04 11:14:04.575,1.30693,1.30703,1.12,1.00
2016.10.04 11:14:05.117,1.30693,1.30704,1.12,1.00
2016.10.04 11:14:05.576,1.30697,1.30706,1.00,1.00
2016.10.04 11:14:05.905,1.30697,1.30704,1.00,1.00
2016.10.04 11:14:06.410,1.30697,1.30703,1.00,1.00
2016.10.04 11:14:09.929,1.30697,1.30705,1.00,1.00
2016.10.04 11:14:10.305,1.30699,1.30706,1.00,1.00
2016.10.04 11:14:11.527,1.30699,1.30704,1.00,1.00
2016.10.04 11:14:11.579,1.30695,1.30704,1.12,1.00
2016.10.04 11:14:11.630,1.30692,1.30703,1.75,1.00
2016.10.04 11:14:11.681,1.30692,1.30702,1.12,1.00
2016.10.04 11:14:11.733,1.30691,1.30701,1.87,1.00
2016.10.04 11:14:11.784,1.30691,1.30701,1.75,1.00
2016.10.04 11:14:11.835,1.30691,1.30703,2.62,1.00
2016.10.04 11:14:12.004,1.30695,1.30705,1.00,1.00
2016.10.04 11:14:12.165,1.30696,1.30704,1.12,1.00
2016.10.04 11:14:12.754,1.30695,1.30704,1.75,1.00
2016.10.04 11:14:12.806,1.30695,1.30704,1.12,1.00
2016.10.04 11:14:14.150,1.30695,1.30704,1.00,1.00
2016.10.04 11:14:14.454,1.30694,1.30704,3.37,1.00
2016.10.04 11:14:14.505,1.30695,1.30704,1.12,1.00
2016.10.04 11:14:15.263,1.30697,1.30705,1.00,1.00
2016.10.04 11:14:15.416,1.30697,1.30705,1.12,1.00
2016.10.04 11:14:15.518,1.30697,1.30705,1.00,1.00
2016.10.04 11:14:16.039,1.30697,1.30707,1.00,1.00
2016.10.04 11:14:16.091,1.30697,1.30707,1.12,1.00
2016.10.04 11:14:16.244,1.307,1.30707,1.00,1.00
2016.10.04 11:14:17.409,1.30697,1.30706,1.75,1.00
2016.10.04 11:14:17.615,1.30696,1.30706,1.31,1.00
2016.10.04 11:14:18.060,1.30696,1.30706,1.12,1.00
2016.10.04 11:14:19.614,1.30695,1.30705,2.06,1.00
2016.10.04 11:14:19.665,1.30695,1.30707,2.06,1.00
2016.10.04 11:14:19.767,1.30695,1.30707,1.87,1.00
2016.10.04 11:14:19.820,1.30696,1.30707,1.12,1.00
2016.10.04 11:14:20.969,1.30696,1.30706,1.12,1.00
2016.10.04 11:14:22.068,1.30696,1.30705,1.12,1.00
2016.10.04 11:14:22.972,1.30696,1.30706,1.31,1.00
2016.10.04 11:14:23.023,1.30697,1.30706,1.62,1.00
2016.10.04 11:14:23.175,1.30698,1.30706,1.00,1.00
2016.10.04 11:14:26.598,1.30698,1.30706,1.12,1.00
2016.10.04 11:14:27.731,1.30698,1.30706,1.00,1.00
2016.10.04 11:14:27.997,1.30698,1.30708,1.12,1.00
2016.10.04 11:14:28.048,1.30698,1.30706,1.50,1.00
2016.10.04 11:14:28.099,1.30698,1.30706,1.12,1.00
2016.10.04 11:14:28.151,1.30695,1.30708,2.00,1.00
2016.10.04 11:14:28.202,1.30696,1.30709,1.12,1.00
2016.10.04 11:14:28.253,1.30697,1.30709,1.37,1.00
2016.10.04 11:14:28.702,1.30696,1.30708,1.75,1.00
2016.10.04 11:14:28.754,1.30696,1.30708,1.12,1.00
2016.10.04 11:14:29.286,1.30696,1.30707,1.12,1.00
2016.10.04 11:14:30.038,1.30696,1.30708,1.12,1.00
2016.10.04 11:14:30.605,1.30695,1.30706,1.75,1.00
2016.10.04 11:14:30.656,1.30695,1.30706,1.12,1.00
2016.10.04 11:14:30.878,1.30692,1.30704,1.37,1.00
2016.10.04 11:14:30.929,1.30691,1.30704,1.75,1.00
2016.10.04 11:14:30.980,1.30691,1.30704,1.87,1.00
2016.10.04 11:14:31.133,1.30695,1.30707,1.00,1.00
2016.10.04 11:14:31.184,1.30692,1.30703,1.37,1.00
2016.10.04 11:14:31.235,1.30694,1.30705,1.00,1.00
2016.10.04 11:14:31.286,1.30694,1.30705,1.37,1.00
2016.10.04 11:14:31.337,1.30694,1.30705,1.87,1.00
2016.10.04 11:14:31.512,1.30694,1.30706,1.75,1.00
2016.10.04 11:14:31.665,1.30695,1.30706,1.12,1.00
2016.10.04 11:14:31.767,1.30694,1.30706,1.87,1.00
2016.10.04 11:14:31.818,1.30694,1.30706,1.75,1.00
2016.10.04 11:14:32.093,1.30694,1.30706,2.25,1.00
2016.10.04 11:14:32.294,1.30694,1.30705,1.75,1.00
2016.10.04 11:14:32.997,1.30694,1.30705,1.87,1.00
2016.10.04 11:14:33.099,1.30694,1.30705,1.75,1.00
2016.10.04 11:14:34.151,1.30694,1.30705,1.12,1.00
2016.10.04 11:14:34.354,1.30694,1.30705,1.31,1.00
2016.10.04 11:14:34.704,1.30694,1.30705,1.94,1.00
2016.10.04 11:14:34.910,1.30694,1.30705,2.06,1.00
2016.10.04 11:14:35.916,1.30694,1.30705,1.94,1.00
2016.10.04 11:14:36.086,1.30694,1.30705,1.31,1.00
2016.10.04 11:14:39.219,1.30693,1.30705,2.06,1.00
2016.10.04 11:14:39.270,1.30693,1.30705,1.94,1.00
2016.10.04 11:14:39.575,1.30693,1.30705,2.06,1.00
2016.10.04 11:14:39.983,1.30693,1.30705,1.75,1.00
2016.10.04 11:14:41.119,1.30692,1.30703,1.12,1.00
2016.10.04 11:14:41.171,1.30687,1.30698,1.50,1.00
2016.10.04 11:14:41.222,1.30686,1.30697,1.37,1.00
2016.10.04 11:14:41.273,1.30686,1.30697,1.50,1.00
2016.10.04 11:14:41.324,1.30686,1.30697,3.00,1.00
2016.10.04 11:14:41.426,1.30688,1.30702,1.87,1.00
2016.10.04 11:14:41.477,1.3069,1.30702,1.00,1.00
2016.10.04 11:14:41.680,1.30689,1.30702,1.12,1.00
2016.10.04 11:14:42.221,1.3069,1.30704,1.00,1.00
2016.10.04 11:14:42.272,1.3069,1.30704,1.00,1.12
2016.10.04 11:14:42.374,1.30689,1.30704,1.12,1.37
2016.10.04 11:14:42.425,1.30689,1.30704,1.12,1.50
2016.10.04 11:14:42.578,1.30689,1.30704,1.12,2.44
2016.10.04 11:14:42.680,1.30689,1.30704,1.12,2.00
2016.10.04 11:14:42.861,1.30689,1.30704,1.12,2.44
2016.10.04 11:14:42.962,1.30689,1.30704,1.12,2.00
2016.10.04 11:14:43.166,1.30689,1.30704,1.12,2.44
2016.10.04 11:14:43.217,1.3069,1.30704,1.00,2.44
2016.10.04 11:14:43.319,1.3069,1.30704,1.00,2.00
2016.10.04 11:14:43.472,1.3069,1.30702,1.00,1.50
2016.10.04 11:14:43.575,1.30691,1.30703,1.00,1.75
2016.10.04 11:14:43.678,1.30692,1.30704,1.00,1.37
2016.10.04 11:14:43.729,1.30692,1.30704,1.00,1.00
2016.10.04 11:14:44.154,1.30691,1.30704,1.50,1.00
2016.10.04 11:14:44.614,1.30691,1.30704,1.12,1.00
2016.10.04 11:14:44.666,1.30691,1.30703,1.00,1.00
2016.10.04 11:14:45.099,1.30689,1.30703,1.50,1.00
2016.10.04 11:14:45.407,1.3069,1.30704,1.00,1.12
2016.10.04 11:14:45.509,1.30689,1.30701,1.50,1.00
2016.10.04 11:14:45.648,1.30688,1.307,1.37,1.00
2016.10.04 11:14:45.703,1.30687,1.30699,1.00,1.12
2016.10.04 11:14:46.182,1.30687,1.30699,1.00,1.00
2016.10.04 11:14:46.285,1.30688,1.30701,1.00,1.50
2016.10.04 11:14:46.418,1.30688,1.30701,1.00,1.50
2016.10.04 11:14:47.925,1.30688,1.30701,1.00,1.50
2016.10.04 11:14:48.179,1.30688,1.307,1.00,1.00
2016.10.04 11:14:48.230,1.30688,1.307,1.00,1.00
2016.10.04 11:14:48.420,1.30688,1.307,1.00,1.50
2016.10.04 11:14:49.018,1.30688,1.307,1.00,1.50
2016.10.04 11:14:49.069,1.30689,1.30699,1.00,1.37
2016.10.04 11:14:49.405,1.30691,1.307,1.00,1.37
2016.10.04 11:14:50.121,1.3069,1.307,1.00,1.37
2016.10.04 11:14:50.172,1.30689,1.30701,1.00,1.37
2016.10.04 11:14:50.223,1.30689,1.30701,1.00,1.37
2016.10.04 11:14:50.275,1.30689,1.307,1.12,1.37
2016.10.04 11:14:50.328,1.30689,1.307,1.12,1.37
2016.10.04 11:14:50.480,1.30691,1.307,1.00,1.37
2016.10.04 11:14:50.582,1.30691,1.30702,1.00,1.37
2016.10.04 11:14:50.633,1.30691,1.30702,1.00,1.37
2016.10.04 11:14:50.921,1.30692,1.30705,1.00,1.87
2016.10.04 11:14:51.437,1.30693,1.30705,1.00,1.87
2016.10.04 11:14:51.488,1.30693,1.30705,1.00,2.25
2016.10.04 11:14:51.816,1.30693,1.30705,1.00,1.87
2016.10.04 11:14:52.099,1.30693,1.30704,1.00,1.37
2016.10.04 11:14:52.201,1.30693,1.30705,1.00,1.87
2016.10.04 11:14:53.895,1.30691,1.30703,1.00,1.87
2016.10.04 11:14:53.997,1.30691,1.30703,1.00,2.25
2016.10.04 11:14:54.100,1.30691,1.30703,1.00,3.00
2016.10.04 11:14:54.203,1.30691,1.30703,1.00,2.25
2016.10.04 11:14:54.255,1.30691,1.30702,1.00,1.37
2016.10.04 11:14:54.306,1.30691,1.30701,1.00,1.00
2016.10.04 11:14:54.777,1.30692,1.30702,1.00,1.87
2016.10.04 11:14:54.828,1.30692,1.30702,1.00,1.37
2016.10.04 11:14:54.879,1.30692,1.30704,1.00,1.12
2016.10.04 11:14:55.470,1.30693,1.30705,1.00,2.25
2016.10.04 11:14:55.674,1.30693,1.30702,1.00,1.00
2016.10.04 11:14:57.307,1.30687,1.30699,1.50,1.00
2016.10.04 11:14:57.409,1.30687,1.30697,1.00,1.00
2016.10.04 11:14:57.460,1.30686,1.30697,1.37,1.00
2016.10.04 11:14:57.511,1.30686,1.30695,1.12,1.00
2016.10.04 11:14:57.613,1.30686,1.30695,1.00,1.00
2016.10.04 11:14:57.716,1.30685,1.30695,1.12,1.00
2016.10.04 11:14:57.768,1.30685,1.30694,1.00,1.00
2016.10.04 11:14:58.023,1.30683,1.30694,1.50,1.00
2016.10.04 11:14:58.074,1.30683,1.30694,1.12,1.00
2016.10.04 11:14:58.176,1.30682,1.30694,1.37,1.00
2016.10.04 11:14:58.227,1.30681,1.30694,4.12,1.00
2016.10.04 11:14:58.279,1.30681,1.30694,2.62,1.00
2016.10.04 11:14:58.330,1.30681,1.30694,3.37,1.00
2016.10.04 11:14:58.482,1.30681,1.30694,2.25,1.00
2016.10.04 11:14:58.830,1.30681,1.30694,1.37,1.00
2016.10.04 11:14:59.216,1.30681,1.30694,2.25,1.00
2016.10.04 11:14:59.370,1.30682,1.30694,1.00,1.00
2016.10.04 11:15:00.463,1.30682,1.30693,1.00,1.00
2016.10.04 11:15:01.214,1.30681,1.30693,1.37,1.00
2016.10.04 11:15:01.316,1.30681,1.30693,1.50,1.00
2016.10.04 11:15:01.749,1.30681,1.30692,1.12,1.00
2016.10.04 11:15:01.807,1.30681,1.30692,1.50,1.00
2016.10.04 11:15:02.219,1.30681,1.30692,1.00,1.00
2016.10.04 11:15:02.475,1.3068,1.30692,1.37,1.00
2016.10.04 11:15:02.680,1.30679,1.30692,1.12,1.00
2016.10.04 11:15:02.841,1.30679,1.30692,1.12,1.00
2016.10.04 11:15:02.892,1.30678,1.30687,2.62,1.00
2016.10.04 11:15:02.943,1.30678,1.30687,1.50,1.00
2016.10.04 11:15:02.994,1.30677,1.30689,1.87,1.00
2016.10.04 11:15:03.046,1.30677,1.30688,1.12,1.00
2016.10.04 11:15:03.147,1.30677,1.30687,1.87,1.00
2016.10.04 11:15:03.199,1.30677,1.30687,1.00,1.00
2016.10.04 11:15:03.520,1.30675,1.3069,2.62,1.00
2016.10.04 11:15:03.572,1.30676,1.30688,1.37,1.00
2016.10.04 11:15:03.624,1.30678,1.30688,1.00,1.00
2016.10.04 11:15:03.726,1.30678,1.30688,1.37,1.00
2016.10.04 11:15:03.777,1.30678,1.30688,1.50,1.00
2016.10.04 11:15:03.829,1.30679,1.3069,1.12,1.00
2016.10.04 11:15:03.881,1.30679,1.30687,1.12,1.00
2016.10.04 11:15:03.984,1.30678,1.30687,1.00,1.00
2016.10.04 11:15:04.037,1.30674,1.30687,1.50,1.00
2016.10.04 11:15:04.192,1.30674,1.30687,1.00,1.00
2016.10.04 11:15:04.244,1.30674,1.30686,1.37,1.00
2016.10.04 11:15:04.410,1.30674,1.30686,1.00,1.00
2016.10.04 11:15:04.512,1.30672,1.30685,2.25,1.00
2016.10.04 11:15:04.563,1.30672,1.30685,1.87,1.00
2016.10.04 11:15:04.615,1.30672,1.30685,1.50,1.00
2016.10.04 11:15:05.150,1.30672,1.30684,1.50,1.00
2016.10.04 11:15:05.201,1.30672,1.30684,2.62,1.00
2016.10.04 11:15:05.252,1.30672,1.30684,3.00,1.00
2016.10.04 11:15:05.304,1.30672,1.30684,4.50,1.00
2016.10.04 11:15:05.355,1.30674,1.30684,1.00,1.00
2016.10.04 11:15:05.407,1.30672,1.30684,4.12,1.00
2016.10.04 11:15:05.458,1.30672,1.30684,2.25,1.00
2016.10.04 11:15:05.509,1.30672,1.30684,1.12,1.00
2016.10.04 11:15:05.751,1.30671,1.30685,1.87,1.00
2016.10.04 11:15:05.805,1.30671,1.30684,2.62,1.00
2016.10.04 11:15:05.856,1.30671,1.30684,1.37,1.00
2016.10.04 11:15:06.652,1.30671,1.30685,1.37,1.00
2016.10.04 11:15:07.171,1.30671,1.30684,1.37,1.00
2016.10.04 11:15:07.274,1.30671,1.30684,1.37,1.00
2016.10.04 11:15:07.445,1.3067,1.30684,1.50,1.00
2016.10.04 11:15:07.496,1.3067,1.30684,1.50,1.00
2016.10.04 11:15:07.597,1.3067,1.30685,1.50,1.00
2016.10.04 11:15:07.648,1.30671,1.30686,1.00,1.00
2016.10.04 11:15:07.954,1.30673,1.30686,1.00,1.00
2016.10.04 11:15:08.005,1.30672,1.30685,1.00,1.12
2016.10.04 11:15:08.057,1.3067,1.30683,1.00,1.37
2016.10.04 11:15:08.108,1.30669,1.3068,1.50,1.37
2016.10.04 11:15:08.245,1.30667,1.30679,1.37,1.87
2016.10.04 11:15:08.297,1.30665,1.30678,1.00,1.37
2016.10.04 11:15:08.451,1.30665,1.30678,1.00,1.87
2016.10.04 11:15:08.502,1.30665,1.30677,1.00,1.37
2016.10.04 11:15:08.554,1.30664,1.30677,1.00,1.37
2016.10.04 11:15:08.656,1.30664,1.30677,1.00,1.37
2016.10.04 11:15:09.023,1.30662,1.30675,1.00,2.25
2016.10.04 11:15:09.163,1.30662,1.30675,1.00,1.87
2016.10.04 11:15:09.214,1.30659,1.30673,1.00,1.37
2016.10.04 11:15:09.268,1.30659,1.30672,1.00,1.00
2016.10.04 11:15:09.319,1.30659,1.30672,1.00,1.50
2016.10.04 11:15:09.370,1.30658,1.30671,1.00,1.00
2016.10.04 11:15:09.421,1.30658,1.30671,1.00,1.50
2016.10.04 11:15:09.727,1.30657,1.3067,1.00,1.12
2016.10.04 11:15:10.279,1.30655,1.3067,1.50,1.12
2016.10.04 11:15:10.330,1.30654,1.30667,1.37,1.00
2016.10.04 11:15:10.432,1.30652,1.30665,1.37,1.00
2016.10.04 11:15:10.483,1.30652,1.30665,1.00,1.00
2016.10.04 11:15:10.665,1.3065,1.30665,2.25,1.12
2016.10.04 11:15:10.718,1.3065,1.30664,3.00,1.37
2016.10.04 11:15:10.769,1.3065,1.30664,2.62,1.37
2016.10.04 11:15:10.821,1.3065,1.30665,1.00,1.87
2016.10.04 11:15:11.232,1.30649,1.30664,1.87,1.87
2016.10.04 11:15:11.334,1.30648,1.30663,1.87,1.00
2016.10.04 11:15:11.470,1.30648,1.30664,1.50,2.25
2016.10.04 11:15:11.521,1.30646,1.30662,1.50,2.62
2016.10.04 11:15:11.573,1.30647,1.3066,1.12,1.00
2016.10.04 11:15:12.453,1.30645,1.30661,1.50,1.50
2016.10.04 11:15:12.737,1.30646,1.30659,1.00,1.00
2016.10.04 11:15:12.839,1.30648,1.30662,1.12,1.50
2016.10.04 11:15:12.941,1.3065,1.30662,1.00,1.00
2016.10.04 11:15:13.200,1.30649,1.30662,1.50,1.00
2016.10.04 11:15:13.478,1.30649,1.30662,1.12,1.00
2016.10.04 11:15:13.529,1.30648,1.30662,1.50,1.37
2016.10.04 11:15:13.580,1.30647,1.3066,1.37,1.00
2016.10.04 11:15:13.631,1.30646,1.30661,1.50,1.12
2016.10.04 11:15:13.682,1.30645,1.30661,1.87,1.12
2016.10.04 11:15:13.733,1.30645,1.30661,1.37,1.12
2016.10.04 11:15:13.887,1.30645,1.30661,1.12,1.12
2016.10.04 11:15:13.938,1.30645,1.30661,1.50,1.12
2016.10.04 11:15:14.243,1.30646,1.30659,1.00,1.00
2016.10.04 11:15:17.045,1.30646,1.30659,1.00,1.37
2016.10.04 11:15:17.097,1.3064,1.30656,3.00,1.50
2016.10.04 11:15:17.149,1.30642,1.30655,1.00,1.00
2016.10.04 11:15:17.254,1.30641,1.30656,1.12,1.00
2016.10.04 11:15:17.306,1.30643,1.30656,1.00,1.50
2016.10.04 11:15:17.649,1.30643,1.30655,1.00,1.37
2016.10.04 11:15:18.261,1.30643,1.30654,1.00,1.00
2016.10.04 11:15:18.363,1.30643,1.30655,1.00,1.50
2016.10.04 11:15:18.414,1.30643,1.30655,1.00,1.37
2016.10.04 11:15:19.861,1.30642,1.30655,1.12,1.37
2016.10.04 11:15:19.963,1.30642,1.30655,1.50,1.37
2016.10.04 11:15:20.065,1.30643,1.30655,1.00,1.37
2016.10.04 11:15:20.832,1.30643,1.30656,1.00,1.50
2016.10.04 11:15:21.170,1.30642,1.30656,1.12,1.50
2016.10.04 11:15:21.378,1.30643,1.30656,1.00,1.50
2016.10.04 11:15:21.928,1.30642,1.30656,1.00,1.50
2016.10.04 11:15:24.971,1.30638,1.30648,2.25,1.00
2016.10.04 11:15:25.218,1.30638,1.30645,1.87,1.00
2016.10.04 11:15:25.727,1.30638,1.30645,1.75,1.00
2016.10.04 11:15:25.779,1.30638,1.30646,1.12,1.00
2016.10.04 11:15:26.102,1.30637,1.30645,2.62,1.00
2016.10.04 11:15:26.153,1.30637,1.30645,3.75,1.00
2016.10.04 11:15:26.509,1.30639,1.30643,1.00,1.00
2016.10.04 11:15:26.560,1.30637,1.30644,1.87,1.00
2016.10.04 11:15:26.611,1.30636,1.3064,1.00,1.00
2016.10.04 11:15:26.662,1.30633,1.3064,1.75,1.00
2016.10.04 11:15:26.713,1.30631,1.30639,1.12,1.00
2016.10.04 11:15:26.764,1.30632,1.30637,1.00,1.00
2016.10.04 11:15:26.815,1.30632,1.30641,1.00,1.00
2016.10.04 11:15:26.974,1.30633,1.3064,2.44,1.00
2016.10.04 11:15:27.027,1.30636,1.30648,2.62,1.37
2016.10.04 11:15:27.078,1.30636,1.30648,3.00,1.00
2016.10.04 11:15:27.129,1.30638,1.30648,1.12,1.00
2016.10.04 11:15:27.182,1.30639,1.30649,1.00,1.00
2016.10.04 11:15:27.233,1.30639,1.30649,1.37,1.00
2016.10.04 11:15:27.348,1.3064,1.30648,1.00,1.00
2016.10.04 11:15:27.399,1.3064,1.30647,1.00,1.00
2016.10.04 11:15:27.450,1.3064,1.3065,1.00,1.00
2016.10.04 11:15:27.603,1.3064,1.30648,1.00,1.00
2016.10.04 11:15:29.307,1.30643,1.30648,1.37,1.00
2016.10.04 11:15:29.358,1.30643,1.30651,1.75,1.00
2016.10.04 11:15:29.410,1.30643,1.30651,1.87,1.00
2016.10.04 11:15:29.461,1.30644,1.30651,1.37,1.00
2016.10.04 11:15:29.513,1.30645,1.30652,1.00,1.00
2016.10.04 11:15:31.282,1.30645,1.30652,1.37,1.00
2016.10.04 11:15:31.333,1.30646,1.30654,1.37,1.00
2016.10.04 11:15:31.386,1.30646,1.30654,1.50,1.00
2016.10.04 11:15:31.539,1.30646,1.30654,1.37,1.00
2016.10.04 11:15:31.839,1.30644,1.30652,1.75,1.00
2016.10.04 11:15:32.934,1.30644,1.30652,2.62,1.00
2016.10.04 11:15:34.100,1.30644,1.30652,2.25,1.00
2016.10.04 11:15:34.521,1.30644,1.30652,1.50,1.00
2016.10.04 11:15:35.109,1.30644,1.30653,1.50,1.00
2016.10.04 11:15:36.544,1.30644,1.30652,1.50,1.00
2016.10.04 11:15:37.156,1.30643,1.30652,2.25,1.00
2016.10.04 11:15:37.321,1.30644,1.30652,1.87,1.00
2016.10.04 11:15:37.380,1.30643,1.30652,4.50,1.00
2016.10.04 11:15:37.431,1.30644,1.30652,1.37,1.00
2016.10.04 11:15:37.664,1.30644,1.30652,1.37,1.00
2016.10.04 11:15:37.817,1.30644,1.30652,1.12,1.00
2016.10.04 11:15:37.868,1.30644,1.30652,1.00,1.00
2016.10.04 11:15:37.918,1.30643,1.30652,3.00,1.00
2016.10.04 11:15:37.969,1.30643,1.30652,1.87,1.00
2016.10.04 11:15:38.020,1.30643,1.30652,1.50,1.00
2016.10.04 11:15:38.274,1.30642,1.30653,1.50,1.00
2016.10.04 11:15:38.732,1.30642,1.30654,1.50,1.00
2016.10.04 11:15:38.783,1.30643,1.30654,1.12,1.00
2016.10.04 11:15:39.209,1.30641,1.30654,2.62,1.00
2016.10.04 11:15:39.262,1.30643,1.30654,1.87,1.00
2016.10.04 11:15:39.407,1.30643,1.30654,3.75,1.00
2016.10.04 11:15:39.459,1.30645,1.30659,2.06,1.00
2016.10.04 11:15:39.510,1.30648,1.30657,1.00,1.00
2016.10.04 11:15:39.562,1.30649,1.30659,1.00,1.00
2016.10.04 11:15:39.613,1.30649,1.30661,1.00,1.00
2016.10.04 11:15:39.664,1.3065,1.30661,1.87,1.00
2016.10.04 11:15:39.766,1.3065,1.30661,1.87,1.00
2016.10.04 11:15:39.869,1.3065,1.30659,1.12,1.00
2016.10.04 11:15:39.975,1.3065,1.30657,1.12,1.00
2016.10.04 11:15:40.026,1.30648,1.30657,1.87,1.00
2016.10.04 11:15:40.179,1.30647,1.30657,2.62,1.00
2016.10.04 11:15:40.334,1.30647,1.30657,1.75,1.00
2016.10.04 11:15:40.385,1.30647,1.30657,1.12,1.00
2016.10.04 11:15:40.436,1.30646,1.30657,4.12,1.00
2016.10.04 11:15:40.488,1.30648,1.30657,1.00,1.00
2016.10.04 11:15:40.641,1.30645,1.30656,2.62,1.00
2016.10.04 11:15:40.692,1.30647,1.30656,1.00,1.00
2016.10.04 11:15:41.181,1.30646,1.30654,1.50,1.00
2016.10.04 11:15:41.283,1.30646,1.30653,1.12,1.00
2016.10.04 11:15:41.335,1.30641,1.30651,1.00,1.00
2016.10.04 11:15:41.386,1.30639,1.30651,3.37,1.00
2016.10.04 11:15:41.438,1.3064,1.30651,2.62,1.00
2016.10.04 11:15:41.489,1.3064,1.30652,3.56,1.00
2016.10.04 11:15:41.541,1.30642,1.30652,1.00,1.00
2016.10.04 11:15:41.592,1.30642,1.30652,1.12,1.00
2016.10.04 11:15:41.744,1.30642,1.30652,1.00,1.00
2016.10.04 11:15:43.280,1.30642,1.30652,1.00,1.00
2016.10.04 11:15:43.331,1.30644,1.30653,1.12,1.00
2016.10.04 11:15:43.383,1.30644,1.30653,1.87,1.00
2016.10.04 11:15:43.586,1.30644,1.30653,1.50,1.00
2016.10.04 11:15:43.781,1.30644,1.30653,1.87,1.00
2016.10.04 11:15:43.883,1.30644,1.30653,1.50,1.00
2016.10.04 11:15:43.934,1.30643,1.30653,1.37,1.00
2016.10.04 11:15:43.985,1.30643,1.30653,1.50,1.00
2016.10.04 11:15:44.055,1.30643,1.30653,1.37,1.00
2016.10.04 11:15:44.106,1.30643,1.30653,1.00,1.00
2016.10.04 11:15:44.424,1.30643,1.30651,1.00,1.00
2016.10.04 11:15:44.716,1.3064,1.30652,1.87,1.00
2016.10.04 11:15:44.869,1.3064,1.30652,1.50,1.00
2016.10.04 11:15:45.374,1.3064,1.3065,1.50,1.00
2016.10.04 11:15:45.476,1.30637,1.30645,2.29,1.00
2016.10.04 11:15:45.527,1.30637,1.30645,1.91,1.00
2016.10.04 11:15:45.668,1.30637,1.30645,1.54,1.00
2016.10.04 11:15:45.719,1.30636,1.30645,1.91,1.00
2016.10.04 11:15:45.922,1.30634,1.30645,2.62,1.00
2016.10.04 11:15:46.497,1.30634,1.30645,2.62,1.00
2016.10.04 11:15:46.599,1.30634,1.30645,2.62,1.00
2016.10.04 11:15:46.651,1.30634,1.30645,1.37,1.00
2016.10.04 11:15:46.753,1.30634,1.30645,1.00,1.00
2016.10.04 11:15:47.009,1.30634,1.30644,1.00,1.00
2016.10.04 11:15:47.061,1.30634,1.30644,1.00,1.00
2016.10.04 11:15:48.145,1.30634,1.30642,1.00,1.00
2016.10.04 11:15:48.312,1.3063,1.30641,1.12,1.00
2016.10.04 11:15:48.364,1.30629,1.30636,1.00,1.00
2016.10.04 11:15:48.416,1.30628,1.30636,1.50,1.00
2016.10.04 11:15:48.467,1.30625,1.30635,1.12,1.00
2016.10.04 11:15:48.519,1.30623,1.30634,1.25,1.00
2016.10.04 11:15:48.570,1.30623,1.30634,2.62,1.00
2016.10.04 11:15:48.724,1.30623,1.30634,2.25,1.00
2016.10.04 11:15:49.976,1.30625,1.30634,1.00,1.00
2016.10.04 11:15:52.772,1.30623,1.30634,4.12,1.00
2016.10.04 11:15:52.823,1.30623,1.30634,4.12,1.00
2016.10.04 11:15:53.433,1.30623,1.30635,4.12,1.00
2016.10.04 11:15:53.484,1.30623,1.30635,2.62,1.00
2016.10.04 11:15:53.587,1.30623,1.30635,1.50,1.00
2016.10.04 11:15:54.088,1.30623,1.30635,4.12,1.00
2016.10.04 11:15:54.139,1.30623,1.30635,4.87,1.00
2016.10.04 11:15:54.191,1.30625,1.30636,2.25,1.00
2016.10.04 11:15:54.293,1.30625,1.30638,2.25,1.00
2016.10.04 11:15:54.345,1.30625,1.30638,4.12,1.00
2016.10.04 11:15:54.397,1.30628,1.30639,2.25,1.00
2016.10.04 11:15:54.499,1.30626,1.30638,3.00,1.00
2016.10.04 11:15:54.551,1.30627,1.30638,1.37,1.00
2016.10.04 11:15:54.720,1.30627,1.30638,3.00,1.00
2016.10.04 11:15:55.253,1.30627,1.30639,3.00,1.00
2016.10.04 11:15:55.304,1.30627,1.30641,3.00,1.00
2016.10.04 11:15:55.406,1.30633,1.30643,1.00,1.87
2016.10.04 11:15:55.457,1.30633,1.30642,1.00,1.00
2016.10.04 11:15:55.973,1.30633,1.30643,1.00,1.00
2016.10.04 11:15:58.502,1.3063,1.30641,1.87,1.00
2016.10.04 11:15:58.553,1.30629,1.3064,1.12,1.00
2016.10.04 11:15:58.655,1.30628,1.3064,2.25,1.00
2016.10.04 11:15:58.817,1.30628,1.3064,2.62,1.00
2016.10.04 11:15:59.490,1.30628,1.30641,2.62,1.00
2016.10.04 11:15:59.694,1.30628,1.30641,3.37,1.00
2016.10.04 11:16:00.004,1.3063,1.30641,2.25,1.00
2016.10.04 11:16:00.056,1.3063,1.30644,2.25,1.87
2016.10.04 11:16:00.108,1.30632,1.30644,2.25,1.12
2016.10.04 11:16:00.159,1.30632,1.30645,2.25,1.12
2016.10.04 11:16:00.210,1.30633,1.30645,1.87,1.12
2016.10.04 11:16:00.262,1.30634,1.30645,1.00,1.00
2016.10.04 11:16:00.415,1.30634,1.30645,1.00,1.00
2016.10.04 11:16:00.518,1.30633,1.30645,2.25,1.00
2016.10.04 11:16:01.196,1.30633,1.30644,2.25,1.00
2016.10.04 11:16:01.298,1.30633,1.30644,1.50,1.00
2016.10.04 11:16:02.117,1.30633,1.30644,1.87,1.00
2016.10.04 11:16:04.015,1.30633,1.30644,1.50,1.00
2016.10.04 11:16:04.117,1.30633,1.30644,1.75,1.00
2016.10.04 11:16:04.719,1.30631,1.30644,1.87,1.00
2016.10.04 11:16:04.770,1.30631,1.30644,1.50,1.00
2016.10.04 11:16:05.025,1.30631,1.30644,1.87,1.00
2016.10.04 11:16:05.228,1.30632,1.30644,1.12,1.00
2016.10.04 11:16:06.021,1.30631,1.30644,1.87,1.00
2016.10.04 11:16:06.072,1.30632,1.30644,1.00,1.00
2016.10.04 11:16:06.123,1.30632,1.30644,3.37,1.00
2016.10.04 11:16:06.174,1.30633,1.30646,1.75,1.00
2016.10.04 11:16:06.225,1.30636,1.30647,1.12,1.00
2016.10.04 11:16:06.276,1.30636,1.30647,1.50,1.00
2016.10.04 11:16:06.327,1.30636,1.30647,2.62,1.00
2016.10.04 11:16:06.519,1.30636,1.30647,2.25,1.00
2016.10.04 11:16:06.571,1.30636,1.30647,1.87,1.00
2016.10.04 11:16:06.623,1.30636,1.30647,1.12,1.00
2016.10.04 11:16:06.675,1.30636,1.30647,1.75,1.00
2016.10.04 11:16:06.727,1.30637,1.30646,1.12,1.00
2016.10.04 11:16:06.829,1.30637,1.30646,1.37,1.00
2016.10.04 11:16:07.585,1.30638,1.30651,1.00,2.62
2016.10.04 11:16:07.636,1.30642,1.30651,1.00,2.62
2016.10.04 11:16:07.688,1.30642,1.30652,1.00,1.00
2016.10.04 11:16:07.740,1.30642,1.30652,1.50,1.00
2016.10.04 11:16:07.842,1.30642,1.30652,1.87,1.00
2016.10.04 11:16:07.893,1.30642,1.30649,1.87,1.00
2016.10.04 11:16:07.944,1.30642,1.30649,1.50,1.00
2016.10.04 11:16:08.047,1.30639,1.30648,1.75,1.00
2016.10.04 11:16:08.168,1.30639,1.30648,1.37,1.00
2016.10.04 11:16:08.220,1.30638,1.30651,3.75,1.00
2016.10.04 11:16:08.272,1.30639,1.30651,1.37,1.00
2016.10.04 11:16:08.323,1.30643,1.30651,1.00,1.00
2016.10.04 11:16:08.374,1.30643,1.30653,1.00,1.00
2016.10.04 11:16:08.425,1.30643,1.30653,1.00,1.00
2016.10.04 11:16:08.528,1.30643,1.30653,1.12,1.00
2016.10.04 11:16:08.579,1.30643,1.30652,1.12,1.00
2016.10.04 11:16:08.845,1.30642,1.30652,2.62,1.00
2016.10.04 11:16:09.000,1.30642,1.30652,1.50,1.00
2016.10.04 11:16:09.153,1.30642,1.30652,1.87,1.00
2016.10.04 11:16:09.204,1.30643,1.30652,1.00,1.00
2016.10.04 11:16:09.255,1.30643,1.30652,1.50,1.00
2016.10.04 11:16:09.847,1.30643,1.30653,1.50,1.00
2016.10.04 11:16:09.951,1.30643,1.30654,1.50,1.00
2016.10.04 11:16:12.225,1.30643,1.30653,1.50,1.00
2016.10.04 11:16:13.294,1.30643,1.30654,1.50,1.00
2016.10.04 11:16:13.798,1.30643,1.30655,1.50,1.00
2016.10.04 11:16:14.726,1.30643,1.30654,1.50,1.00
2016.10.04 11:16:15.055,1.30643,1.30654,1.87,1.00
2016.10.04 11:16:16.039,1.30643,1.30654,3.37,1.00
2016.10.04 11:16:16.141,1.30643,1.30654,1.87,1.00
2016.10.04 11:16:16.318,1.30643,1.30654,2.25,1.00
2016.10.04 11:16:16.768,1.30643,1.30653,4.12,1.00
2016.10.04 11:16:16.819,1.30645,1.30654,1.00,1.00
2016.10.04 11:16:16.870,1.30644,1.30655,3.37,1.00
2016.10.04 11:16:16.921,1.30644,1.30655,3.75,1.00
2016.10.04 11:16:16.972,1.30645,1.30655,1.37,1.00
2016.10.04 11:16:17.292,1.30645,1.30655,1.00,1.00
2016.10.04 11:16:17.343,1.30644,1.30655,1.87,1.00
2016.10.04 11:16:17.445,1.30644,1.30655,1.50,1.00
2016.10.04 11:16:17.548,1.30645,1.30654,1.00,1.00
2016.10.04 11:16:17.650,1.30644,1.30654,1.37,1.00
2016.10.04 11:16:17.701,1.30645,1.30654,1.00,1.00
2016.10.04 11:16:17.812,1.30643,1.30654,4.50,1.00
2016.10.04 11:16:19.067,1.30643,1.30654,3.75,1.00
2016.10.04 11:16:19.969,1.30643,1.30654,1.87,1.00
2016.10.04 11:16:20.071,1.30644,1.30654,1.00,1.00
2016.10.04 11:16:20.641,1.30644,1.30653,1.12,1.00
2016.10.04 11:16:20.692,1.30644,1.30653,1.50,1.00
2016.10.04 11:16:20.896,1.30644,1.30653,1.87,1.00
2016.10.04 11:16:21.073,1.30644,1.30653,1.50,1.00
2016.10.04 11:16:21.397,1.30644,1.30653,2.25,1.00
2016.10.04 11:16:21.448,1.30644,1.30653,1.87,1.00
2016.10.04 11:16:21.601,1.30644,1.30653,1.12,1.00
2016.10.04 11:16:22.175,1.30644,1.30653,1.50,1.00
2016.10.04 11:16:23.037,1.30644,1.30655,1.50,1.00
2016.10.04 11:16:23.139,1.30644,1.30655,1.50,1.00
2016.10.04 11:16:23.190,1.30644,1.30655,1.12,1.00
2016.10.04 11:16:23.569,1.30644,1.30655,1.12,1.00
2016.10.04 11:16:23.620,1.30644,1.30655,1.50,1.00
2016.10.04 11:16:23.671,1.30648,1.30659,1.00,1.12
2016.10.04 11:16:23.777,1.30648,1.30659,1.00,1.12
2016.10.04 11:16:23.828,1.3065,1.30662,1.12,1.00
2016.10.04 11:16:23.879,1.3065,1.30663,1.87,1.00
2016.10.04 11:16:23.930,1.3065,1.30664,2.62,1.00
2016.10.04 11:16:24.032,1.3065,1.30665,3.37,1.00
2016.10.04 11:16:24.086,1.30652,1.30665,1.12,1.00
2016.10.04 11:16:24.189,1.30652,1.30664,1.00,1.00
2016.10.04 11:16:24.340,1.30651,1.30664,1.50,1.00
2016.10.04 11:16:24.645,1.30653,1.30664,1.00,1.00
2016.10.04 11:16:25.536,1.30651,1.30664,1.12,1.00
2016.10.04 11:16:26.303,1.30651,1.30664,1.50,1.00
2016.10.04 11:16:26.500,1.30651,1.30664,1.75,1.00
2016.10.04 11:16:27.638,1.3065,1.30663,3.37,1.00
2016.10.04 11:16:31.523,1.3065,1.30663,2.25,1.00
2016.10.04 11:16:31.574,1.30652,1.30666,1.87,1.00
2016.10.04 11:16:31.625,1.30654,1.30667,1.00,1.00
2016.10.04 11:16:31.676,1.30653,1.30667,2.25,1.00
2016.10.04 11:16:31.728,1.30653,1.30667,3.75,1.00
2016.10.04 11:16:31.869,1.30653,1.30667,4.12,1.00
2016.10.04 11:16:31.971,1.30653,1.30667,3.75,1.00
2016.10.04 11:16:32.022,1.30653,1.30667,3.37,1.00
2016.10.04 11:16:32.657,1.30653,1.30667,3.75,1.00
2016.10.04 11:16:32.709,1.30654,1.30667,1.00,1.00
2016.10.04 11:16:33.157,1.30654,1.30667,1.87,1.00
2016.10.04 11:16:36.411,1.30654,1.30667,1.50,1.00
2016.10.04 11:16:36.739,1.30653,1.30666,3.37,1.00
2016.10.04 11:16:37.426,1.30654,1.30666,1.87,1.00
2016.10.04 11:16:37.849,1.30654,1.30666,1.37,1.00
2016.10.04 11:16:37.901,1.30654,1.30666,1.12,1.00
2016.10.04 11:16:37.952,1.30654,1.30666,1.00,1.00
2016.10.04 11:16:38.003,1.30652,1.30666,1.75,1.00
2016.10.04 11:16:38.054,1.30654,1.30669,1.12,1.00
2016.10.04 11:16:38.515,1.30654,1.30669,1.00,1.00
2016.10.04 11:16:39.224,1.30655,1.30669,1.00,1.25
2016.10.04 11:16:39.326,1.30655,1.30669,1.00,1.00
2016.10.04 11:16:39.983,1.30655,1.3067,1.00,1.00
2016.10.04 11:16:40.376,1.30654,1.30669,1.12,1.00
2016.10.04 11:16:40.765,1.30655,1.30669,1.00,1.00
2016.10.04 11:16:43.297,1.30656,1.30669,1.00,1.00
2016.10.04 11:16:43.399,1.30656,1.30671,1.00,1.50
2016.10.04 11:16:44.948,1.30656,1.30671,1.00,1.12
2016.10.04 11:16:46.215,1.30656,1.30671,1.00,3.37
2016.10.04 11:16:47.146,1.30656,1.3067,1.00,1.37
2016.10.04 11:16:47.250,1.30657,1.3067,1.00,1.12
2016.10.04 11:16:47.301,1.30658,1.3067,1.00,1.00
2016.10.04 11:16:47.353,1.30658,1.30671,1.00,1.50
2016.10.04 11:16:47.405,1.30659,1.30672,1.00,2.44
2016.10.04 11:16:47.762,1.30659,1.30672,1.00,2.06
2016.10.04 11:16:47.897,1.30659,1.30672,1.00,1.69
2016.10.04 11:16:47.950,1.30659,1.30672,1.00,1.31
2016.10.04 11:16:48.456,1.30659,1.30672,1.00,1.12
2016.10.04 11:16:51.316,1.30659,1.30672,1.00,1.50
2016.10.04 11:16:52.390,1.30661,1.30672,1.00,1.00
2016.10.04 11:16:53.324,1.3066,1.30672,1.00,1.00
2016.10.04 11:16:53.376,1.3066,1.30673,1.00,1.50
2016.10.04 11:16:53.426,1.3066,1.30673,1.00,1.37
2016.10.04 11:16:54.239,1.3066,1.30673,1.00,1.62
2016.10.04 11:16:54.290,1.3066,1.30672,1.00,1.00
2016.10.04 11:16:54.798,1.30661,1.30672,1.00,1.00
2016.10.04 11:16:55.108,1.30668,1.30681,1.00,1.37
2016.10.04 11:16:55.159,1.3067,1.30682,1.00,1.12
2016.10.04 11:16:55.210,1.3067,1.30683,1.00,2.25
2016.10.04 11:16:55.262,1.3067,1.30683,1.00,1.69
2016.10.04 11:16:55.516,1.3067,1.30683,1.00,1.31
2016.10.04 11:16:56.406,1.3067,1.30683,1.00,1.69
2016.10.04 11:16:56.580,1.3067,1.30683,1.00,1.50
2016.10.04 11:16:56.682,1.30669,1.30683,1.00,1.00
2016.10.04 11:16:56.733,1.30669,1.30684,1.00,1.37
2016.10.04 11:16:56.784,1.30671,1.30684,1.00,1.87
2016.10.04 11:16:56.887,1.30669,1.30684,1.00,1.00
2016.10.04 11:16:56.938,1.30669,1.30684,1.00,1.31
2016.10.04 11:16:57.039,1.3067,1.30684,1.00,2.06
2016.10.04 11:16:57.091,1.3067,1.30684,1.00,2.44
2016.10.04 11:16:57.142,1.3067,1.30684,1.00,2.06
2016.10.04 11:16:57.999,1.3067,1.30684,1.00,2.44
2016.10.04 11:16:58.393,1.3067,1.30684,1.00,2.06
2016.10.04 11:16:58.444,1.3067,1.30684,1.00,1.12
2016.10.04 11:16:58.495,1.3067,1.30684,1.00,2.25
2016.10.04 11:16:58.546,1.3067,1.30684,1.00,1.87
2016.10.04 11:16:58.699,1.3067,1.30684,1.00,2.25
2016.10.04 11:16:58.750,1.3067,1.30684,1.00,2.62
2016.10.04 11:16:59.105,1.3067,1.30684,1.00,1.87
2016.10.04 11:16:59.207,1.3067,1.30684,1.00,1.12
2016.10.04 11:16:59.258,1.30672,1.30684,1.00,1.12
2016.10.04 11:16:59.309,1.30674,1.30685,1.00,1.37
2016.10.04 11:16:59.462,1.30675,1.30688,1.00,1.69
2016.10.04 11:16:59.514,1.30679,1.30692,1.00,3.37
2016.10.04 11:16:59.568,1.3068,1.30692,1.00,1.00
2016.10.04 11:16:59.619,1.3068,1.30693,1.00,1.87
2016.10.04 11:16:59.670,1.3068,1.30693,1.00,1.12
2016.10.04 11:16:59.721,1.3068,1.30693,1.00,1.37
2016.10.04 11:16:59.772,1.3068,1.30694,1.00,4.69
2016.10.04 11:16:59.824,1.3068,1.30693,1.00,2.25
2016.10.04 11:16:59.875,1.3068,1.30693,1.00,3.00
2016.10.04 11:16:59.926,1.3068,1.30693,1.00,3.75
2016.10.04 11:17:00.243,1.3068,1.30693,1.00,3.94
2016.10.04 11:17:00.481,1.30674,1.30689,1.12,3.37
2016.10.04 11:17:00.532,1.30675,1.30688,1.00,2.62
2016.10.04 11:17:00.583,1.30675,1.30688,1.00,4.69
2016.10.04 11:17:00.635,1.30675,1.30687,1.00,2.44
2016.10.04 11:17:00.686,1.30676,1.30687,1.00,2.81
2016.10.04 11:17:00.737,1.30678,1.30688,1.00,1.12
2016.10.04 11:17:00.789,1.30679,1.30689,1.00,1.75
2016.10.04 11:17:00.840,1.30679,1.30691,1.00,2.44
2016.10.04 11:17:00.899,1.30679,1.30691,1.00,1.25
2016.10.04 11:17:01.642,1.30679,1.30691,1.00,1.31
2016.10.04 11:17:01.982,1.30679,1.30691,1.00,1.12
2016.10.04 11:17:02.452,1.30679,1.30691,1.00,1.50
2016.10.04 11:17:02.554,1.30679,1.30691,1.00,1.37
2016.10.04 11:17:02.832,1.30679,1.30691,1.00,1.00
2016.10.04 11:17:04.026,1.30679,1.30688,1.00,1.00
2016.10.04 11:17:04.128,1.30679,1.30691,1.00,2.62
2016.10.04 11:17:04.231,1.30678,1.3069,1.00,2.62
2016.10.04 11:17:04.381,1.30678,1.3069,1.00,1.00
2016.10.04 11:17:04.432,1.30679,1.30691,1.00,1.37
2016.10.04 11:17:04.737,1.30679,1.30692,1.00,3.00
2016.10.04 11:17:04.788,1.30679,1.30692,1.00,1.50
2016.10.04 11:17:04.839,1.30679,1.30692,1.00,1.87
2016.10.04 11:17:05.370,1.30679,1.30692,1.00,1.50
2016.10.04 11:17:05.523,1.30679,1.30692,1.00,1.87
2016.10.04 11:17:05.924,1.30679,1.30692,1.00,1.37
2016.10.04 11:17:05.976,1.30679,1.30692,1.00,1.50
2016.10.04 11:17:06.079,1.30679,1.30692,1.00,1.50
2016.10.04 11:17:06.562,1.30679,1.30692,1.00,1.50
2016.10.04 11:17:06.665,1.30679,1.30692,1.00,1.00
2016.10.04 11:17:07.866,1.30679,1.30692,1.00,1.12
2016.10.04 11:17:08.023,1.30679,1.30692,1.00,1.00
2016.10.04 11:17:08.442,1.30679,1.30692,1.00,1.12
2016.10.04 11:17:09.069,1.30679,1.30691,1.00,1.00
2016.10.04 11:17:10.144,1.30679,1.30693,1.00,3.75
2016.10.04 11:17:10.195,1.30679,1.30692,1.00,1.00
2016.10.04 11:17:10.584,1.30679,1.30692,1.00,1.00
2016.10.04 11:17:11.307,1.30679,1.30692,1.00,1.37
2016.10.04 11:17:11.359,1.30679,1.30692,1.00,1.87
2016.10.04 11:17:12.078,1.30679,1.30692,1.00,1.75
2016.10.04 11:17:12.637,1.30679,1.30692,1.00,1.87
2016.10.04 11:17:12.840,1.30679,1.30692,1.00,1.75
2016.10.04 11:17:12.892,1.30679,1.30694,1.00,2.25
2016.10.04 11:17:12.943,1.30679,1.30691,1.00,1.37
2016.10.04 11:17:15.994,1.30679,1.30691,1.00,1.50
2016.10.04 11:17:16.488,1.30679,1.30691,1.00,1.00
2016.10.04 11:17:16.540,1.30679,1.30692,1.00,1.50
2016.10.04 11:17:16.591,1.30679,1.30692,1.00,1.50
2016.10.04 11:17:17.540,1.30679,1.30692,1.00,1.37
2016.10.04 11:17:18.087,1.3068,1.30692,1.00,1.37
2016.10.04 11:17:18.140,1.3068,1.30691,1.00,1.00
2016.10.04 11:17:18.619,1.3068,1.30691,1.00,1.12
2016.10.04 11:17:18.721,1.3068,1.30691,1.00,1.00
2016.10.04 11:17:18.772,1.3068,1.30692,1.00,1.37
2016.10.04 11:17:18.896,1.3068,1.30691,1.00,1.00
2016.10.04 11:17:19.456,1.30679,1.30691,1.00,1.00
2016.10.04 11:17:21.204,1.3068,1.30691,1.00,1.00
2016.10.04 11:17:21.306,1.3068,1.30692,1.00,1.50
2016.10.04 11:17:24.598,1.3068,1.30691,1.00,1.00
2016.10.04 11:17:24.653,1.3068,1.30691,1.00,2.62
2016.10.04 11:17:24.704,1.3068,1.3069,1.00,2.25
2016.10.04 11:17:27.157,1.3068,1.30688,1.00,1.00
2016.10.04 11:17:27.209,1.3068,1.30689,1.00,2.25
2016.10.04 11:17:27.924,1.30675,1.30689,1.37,2.25
2016.10.04 11:17:27.976,1.30674,1.30687,3.75,1.00
2016.10.04 11:17:28.027,1.30674,1.30687,1.50,2.25
2016.10.04 11:17:28.078,1.30674,1.30685,1.12,1.00
2016.10.04 11:17:28.129,1.30674,1.30685,1.12,1.00
2016.10.04 11:17:28.180,1.30674,1.30685,1.00,1.12
2016.10.04 11:17:28.419,1.30674,1.30687,1.00,2.25
2016.10.04 11:17:28.471,1.30677,1.30688,1.00,1.50
2016.10.04 11:17:28.573,1.30677,1.30689,1.00,1.12
2016.10.04 11:17:28.828,1.30677,1.30689,1.00,1.00
2016.10.04 11:17:29.620,1.30677,1.3069,1.00,1.87
2016.10.04 11:17:29.831,1.30677,1.3069,1.00,1.50
2016.10.04 11:17:29.882,1.30677,1.3069,1.00,1.12
2016.10.04 11:17:30.244,1.30675,1.3069,1.12,1.12
2016.10.04 11:17:30.346,1.30675,1.3069,1.12,1.87
2016.10.04 11:17:30.515,1.30675,1.3069,1.12,1.69
2016.10.04 11:17:31.996,1.30675,1.3069,1.00,1.69
2016.10.04 11:17:33.037,1.30675,1.3069,1.00,2.44
2016.10.04 11:17:35.728,1.30677,1.3069,1.00,1.69
2016.10.04 11:17:35.899,1.30677,1.3069,1.00,1.31
2016.10.04 11:17:35.950,1.30677,1.3069,1.00,1.25
2016.10.04 11:17:38.052,1.30678,1.30691,1.00,1.31
2016.10.04 11:17:42.059,1.30678,1.30692,1.00,1.69
2016.10.04 11:17:43.516,1.30678,1.30692,1.00,1.50
2016.10.04 11:17:43.618,1.30678,1.30692,1.00,1.69
2016.10.04 11:17:46.134,1.30678,1.30691,1.00,1.37
2016.10.04 11:17:46.674,1.30678,1.30693,1.00,3.56
2016.10.04 11:17:46.725,1.30678,1.30693,1.00,3.37
2016.10.04 11:17:47.179,1.30678,1.30691,1.00,1.00
2016.10.04 11:17:47.551,1.30678,1.30693,1.00,4.12
2016.10.04 11:17:48.286,1.30678,1.30693,1.00,2.62
2016.10.04 11:17:48.338,1.30678,1.30693,1.00,2.25
2016.10.04 11:17:50.829,1.30679,1.30693,1.00,1.50
2016.10.04 11:17:51.004,1.3068,1.30693,1.00,1.37
2016.10.04 11:17:51.055,1.30682,1.30694,1.00,1.12
2016.10.04 11:17:51.157,1.30682,1.30695,1.00,1.37
2016.10.04 11:17:51.209,1.30681,1.30695,1.12,1.50
2016.10.04 11:17:51.260,1.30681,1.30694,1.87,1.00
2016.10.04 11:17:51.312,1.30682,1.30694,1.37,1.00
2016.10.04 11:17:51.363,1.30681,1.30694,1.75,1.87
2016.10.04 11:17:51.415,1.30681,1.30694,1.00,2.25
2016.10.04 11:17:51.763,1.30681,1.30694,1.00,1.37
2016.10.04 11:17:51.866,1.30681,1.30694,1.00,1.50
2016.10.04 11:17:52.559,1.30681,1.30694,1.00,1.37
2016.10.04 11:17:53.229,1.30683,1.30695,1.00,2.81
2016.10.04 11:17:53.280,1.30683,1.30695,1.00,1.69
2016.10.04 11:17:53.331,1.30683,1.30695,1.00,1.25
2016.10.04 11:17:53.484,1.30683,1.30696,1.00,1.31
2016.10.04 11:17:53.586,1.30684,1.30697,1.00,1.69
2016.10.04 11:17:54.231,1.30684,1.30697,1.00,2.06
2016.10.04 11:17:54.510,1.30684,1.30697,1.00,1.87
2016.10.04 11:17:54.612,1.30684,1.30697,1.00,1.50
2016.10.04 11:17:54.663,1.30684,1.30697,1.00,1.37
2016.10.04 11:17:54.714,1.30684,1.30697,1.00,1.00
2016.10.04 11:17:56.730,1.30683,1.30696,1.12,1.19
2016.10.04 11:17:56.832,1.30683,1.30696,1.12,1.12
2016.10.04 11:17:56.883,1.30683,1.30696,1.00,1.12
2016.10.04 11:17:56.934,1.30683,1.30696,1.00,1.00
2016.10.04 11:17:57.087,1.30684,1.30697,1.00,1.12
2016.10.04 11:17:57.240,1.30684,1.30697,1.00,1.00
2016.10.04 11:17:57.411,1.30684,1.30698,1.00,2.62
2016.10.04 11:17:57.462,1.30684,1.30698,1.00,1.87
2016.10.04 11:17:57.913,1.30684,1.30698,1.00,1.00
2016.10.04 11:17:59.285,1.30685,1.30698,1.00,1.00
2016.10.04 11:17:59.336,1.30685,1.30698,1.00,1.50
2016.10.04 11:18:02.524,1.30685,1.30698,1.00,1.12
2016.10.04 11:18:10.949,1.30685,1.30698,1.00,1.50
2016.10.04 11:18:11.153,1.30685,1.30698,1.00,1.12
2016.10.04 11:18:12.364,1.30685,1.30698,1.00,1.00
2016.10.04 11:18:12.657,1.30683,1.30695,1.12,1.19
2016.10.04 11:18:12.708,1.30681,1.30692,2.25,1.00
2016.10.04 11:18:12.760,1.30679,1.30688,1.00,1.00
2016.10.04 11:18:12.811,1.30677,1.30688,1.87,1.00
2016.10.04 11:18:12.863,1.30674,1.30688,1.00,1.12
2016.10.04 11:18:13.023,1.30674,1.30688,1.00,1.87
2016.10.04 11:18:13.074,1.30674,1.30687,1.00,1.00
2016.10.04 11:18:15.139,1.30674,1.30687,1.00,1.12
2016.10.04 11:18:17.176,1.30674,1.30687,1.00,1.50
2016.10.04 11:18:18.448,1.30673,1.30687,1.00,1.50
2016.10.04 11:18:18.874,1.30673,1.30687,1.00,1.12
2016.10.04 11:18:20.998,1.30669,1.30681,1.75,1.00
2016.10.04 11:18:21.049,1.30669,1.30681,1.37,1.00
2016.10.04 11:18:21.100,1.30666,1.30681,1.12,1.50
2016.10.04 11:18:21.202,1.30666,1.30682,1.00,2.25
2016.10.04 11:18:21.254,1.30668,1.30682,1.00,2.62
2016.10.04 11:18:21.305,1.30669,1.30682,1.00,1.50
2016.10.04 11:18:21.407,1.3067,1.30682,1.00,1.00
2016.10.04 11:18:21.458,1.3067,1.30685,1.00,2.10
2016.10.04 11:18:21.509,1.3067,1.30685,1.00,1.72
2016.10.04 11:18:21.862,1.3067,1.30685,1.00,1.50
2016.10.04 11:18:22.065,1.3067,1.30685,1.00,1.12
2016.10.04 11:18:24.747,1.3067,1.30685,1.00,1.50
2016.10.04 11:18:25.024,1.30668,1.3068,1.00,1.00
2016.10.04 11:18:25.126,1.30664,1.30675,3.00,1.12
2016.10.04 11:18:25.178,1.30663,1.30673,2.85,2.15
2016.10.04 11:18:25.229,1.30659,1.30671,1.87,1.00
2016.10.04 11:18:25.280,1.30658,1.30672,1.12,2.53
2016.10.04 11:18:25.331,1.30659,1.30672,1.00,2.53
2016.10.04 11:18:25.383,1.30659,1.30672,1.00,1.50
2016.10.04 11:18:25.434,1.3066,1.30673,1.00,2.25
2016.10.04 11:18:25.485,1.3066,1.30673,1.00,1.75
2016.10.04 11:18:25.699,1.30661,1.30675,1.00,3.37
2016.10.04 11:18:25.853,1.30662,1.30675,1.00,2.62
2016.10.04 11:18:25.955,1.30663,1.30675,1.00,1.87
2016.10.04 11:18:28.571,1.30659,1.30672,1.50,2.15
2016.10.04 11:18:28.624,1.30659,1.30672,1.00,3.13
2016.10.04 11:18:28.675,1.30657,1.30671,2.25,1.30
2016.10.04 11:18:28.726,1.30657,1.3067,2.25,3.00
2016.10.04 11:18:28.777,1.30657,1.3067,1.00,3.00
2016.10.04 11:18:28.829,1.30657,1.3067,1.00,1.50
2016.10.04 11:18:28.881,1.30658,1.3067,1.00,1.12
2016.10.04 11:18:28.932,1.30658,1.30672,1.00,3.37
2016.10.04 11:18:29.144,1.30658,1.30672,1.00,2.25
2016.10.04 11:18:29.812,1.30659,1.30672,1.00,2.25
2016.10.04 11:18:29.863,1.30659,1.30672,1.00,1.50
2016.10.04 11:18:30.505,1.30659,1.30672,1.00,1.37
2016.10.04 11:18:30.556,1.30659,1.30672,1.00,1.50
2016.10.04 11:18:33.302,1.3066,1.30672,1.00,1.50
2016.10.04 11:18:33.353,1.3066,1.30673,1.00,2.62
2016.10.04 11:18:35.572,1.3066,1.30672,1.00,1.03
2016.10.04 11:18:37.876,1.3066,1.30673,1.00,3.41
2016.10.04 11:18:37.978,1.30661,1.30673,1.00,2.96
2016.10.04 11:18:38.080,1.30661,1.30673,1.00,3.71
2016.10.04 11:18:38.131,1.30661,1.30673,1.00,4.46
2016.10.04 11:18:38.255,1.30661,1.30672,1.00,1.56
2016.10.04 11:18:38.459,1.30661,1.30668,1.00,1.00
2016.10.04 11:18:39.213,1.30661,1.30672,1.00,2.21
2016.10.04 11:18:39.264,1.30661,1.30672,1.00,1.84
2016.10.04 11:18:40.190,1.30661,1.30672,1.00,2.21
2016.10.04 11:18:41.653,1.30661,1.30672,1.00,1.84
2016.10.04 11:18:45.362,1.30661,1.30673,1.00,2.96
2016.10.04 11:18:46.161,1.30661,1.30673,1.00,3.34
2016.10.04 11:18:47.153,1.30661,1.30673,1.00,2.44
2016.10.04 11:18:47.204,1.30661,1.30673,1.00,1.87
2016.10.04 11:18:48.965,1.30661,1.30673,1.00,2.25
2016.10.04 11:18:49.067,1.30661,1.30672,1.00,1.37
2016.10.04 11:18:49.270,1.30661,1.30673,1.00,2.25
2016.10.04 11:18:51.281,1.30659,1.30673,1.00,1.75
2016.10.04 11:18:52.631,1.30661,1.30673,1.00,1.75
2016.10.04 11:18:52.970,1.30661,1.30673,1.00,1.12
2016.10.04 11:18:53.021,1.30661,1.30672,1.00,1.00
2016.10.04 11:18:53.550,1.30662,1.30672,1.00,1.00
2016.10.04 11:18:53.601,1.30663,1.30675,1.00,1.87
2016.10.04 11:18:53.652,1.30663,1.30675,1.00,2.62
2016.10.04 11:18:57.791,1.30663,1.30675,1.00,2.25
2016.10.04 11:19:00.640,1.30663,1.30675,1.00,1.12
2016.10.04 11:19:01.667,1.30664,1.30675,1.00,1.00
2016.10.04 11:19:01.718,1.30664,1.30675,1.00,1.00
2016.10.04 11:19:01.769,1.30664,1.30676,1.00,1.50
2016.10.04 11:19:01.821,1.30664,1.30676,1.00,1.12
2016.10.04 11:19:01.974,1.30664,1.30676,1.00,1.00
2016.10.04 11:19:02.025,1.30664,1.30677,1.00,1.12
2016.10.04 11:19:04.256,1.3066,1.3067,1.00,1.00
2016.10.04 11:19:04.307,1.30658,1.3067,3.37,1.00
2016.10.04 11:19:04.359,1.30657,1.30668,3.37,1.00
2016.10.04 11:19:04.411,1.30657,1.30667,3.37,1.52
2016.10.04 11:19:04.463,1.30656,1.30667,1.12,1.52
2016.10.04 11:19:04.514,1.30656,1.30668,1.00,1.12
2016.10.04 11:19:04.566,1.30656,1.30668,1.00,1.37
2016.10.04 11:19:05.017,1.30656,1.30668,1.00,1.50
2016.10.04 11:19:07.833,1.30657,1.30669,1.00,2.25
2016.10.04 11:19:07.884,1.30658,1.30669,1.00,1.50
2016.10.04 11:19:07.936,1.3066,1.30669,1.00,1.37
2016.10.04 11:19:08.142,1.3066,1.3067,1.00,1.12
2016.10.04 11:19:08.202,1.3066,1.30672,1.00,3.00
2016.10.04 11:19:08.361,1.3066,1.30672,1.00,1.87
2016.10.04 11:19:08.567,1.30659,1.30672,1.00,1.37
2016.10.04 11:19:08.970,1.30664,1.30672,1.00,1.00
2016.10.04 11:19:09.021,1.30664,1.30674,1.00,1.37
2016.10.04 11:19:09.327,1.30664,1.30677,1.00,2.81
2016.10.04 11:19:09.887,1.30664,1.30677,1.00,3.71
2016.10.04 11:19:10.071,1.30664,1.30675,1.00,1.00
2016.10.04 11:19:10.973,1.30663,1.30675,1.00,1.00
2016.10.04 11:19:11.024,1.30663,1.30675,1.00,1.12
2016.10.04 11:19:11.075,1.30663,1.30675,1.00,1.87
2016.10.04 11:19:11.126,1.30662,1.30673,1.00,1.00
2016.10.04 11:19:11.177,1.30662,1.30673,1.00,1.87
2016.10.04 11:19:11.228,1.30662,1.30672,1.00,1.37
2016.10.04 11:19:11.483,1.30662,1.30671,1.00,1.00
2016.10.04 11:19:11.842,1.30662,1.30671,1.00,1.37
2016.10.04 11:19:12.380,1.3066,1.30671,1.00,1.37
2016.10.04 11:19:12.431,1.3066,1.30671,1.00,1.37
2016.10.04 11:19:13.098,1.3066,1.30671,1.00,1.37
2016.10.04 11:19:13.208,1.3066,1.30671,1.00,1.37
2016.10.04 11:19:13.260,1.3066,1.30671,1.00,1.50
2016.10.04 11:19:13.694,1.3066,1.30671,1.00,1.37
2016.10.04 11:19:13.796,1.3066,1.30671,1.00,1.00
2016.10.04 11:19:13.898,1.3066,1.30671,1.00,1.00
2016.10.04 11:19:13.949,1.30661,1.30671,1.00,1.00
2016.10.04 11:19:14.326,1.30659,1.30671,1.00,1.00
2016.10.04 11:19:14.479,1.30659,1.30671,1.00,1.12
2016.10.04 11:19:14.682,1.30661,1.30671,1.00,1.00
2016.10.04 11:19:17.390,1.3066,1.30671,1.00,1.12
2016.10.04 11:19:17.577,1.3066,1.30671,1.00,1.00
2016.10.04 11:19:17.630,1.3066,1.30672,1.00,1.87
2016.10.04 11:19:17.681,1.3066,1.30671,1.00,1.37
2016.10.04 11:19:18.995,1.3066,1.30672,1.00,1.87
2016.10.04 11:19:19.674,1.3066,1.30672,1.00,1.75
2016.10.04 11:19:19.776,1.3066,1.30672,1.00,1.37
2016.10.04 11:19:19.827,1.3066,1.30672,1.00,1.00
2016.10.04 11:19:21.824,1.3066,1.30673,1.00,2.25
2016.10.04 11:19:21.876,1.3066,1.30672,1.00,1.12
2016.10.04 11:19:22.970,1.30662,1.30672,1.00,1.12
2016.10.04 11:19:23.072,1.30664,1.30673,1.00,1.12
2016.10.04 11:19:23.123,1.30664,1.30676,1.00,1.87
2016.10.04 11:19:23.174,1.30664,1.30677,1.00,2.62
2016.10.04 11:19:23.226,1.30664,1.30675,1.00,1.37
2016.10.04 11:19:23.329,1.30664,1.30674,1.00,1.00
2016.10.04 11:19:23.543,1.30665,1.30674,1.00,1.12
2016.10.04 11:19:24.006,1.30664,1.30674,1.00,1.37
2016.10.04 11:19:24.058,1.30663,1.30673,1.00,1.12
2016.10.04 11:19:24.160,1.30663,1.30673,1.00,1.50
2016.10.04 11:19:24.211,1.30663,1.30672,1.00,1.37
2016.10.04 11:19:24.523,1.30663,1.30673,1.00,1.75
2016.10.04 11:19:26.215,1.30663,1.30673,1.00,1.87
2016.10.04 11:19:27.079,1.30663,1.30673,1.00,1.75
2016.10.04 11:19:28.633,1.30663,1.30673,1.00,1.12
2016.10.04 11:19:28.887,1.30663,1.30674,1.00,1.87
2016.10.04 11:19:28.938,1.30663,1.30674,1.00,1.50
2016.10.04 11:19:29.252,1.30662,1.30674,1.00,2.25
2016.10.04 11:19:29.303,1.30662,1.30674,1.00,1.50
2016.10.04 11:19:29.455,1.30662,1.30674,1.00,1.37
2016.10.04 11:19:30.637,1.30662,1.30673,1.00,1.00
2016.10.04 11:19:32.756,1.30662,1.30674,1.00,1.37
2016.10.04 11:19:33.745,1.30664,1.30675,1.00,3.00
2016.10.04 11:19:34.392,1.30664,1.30675,1.00,2.62
2016.10.04 11:19:34.776,1.30664,1.30675,1.00,1.50
2016.10.04 11:19:35.549,1.30664,1.30675,1.00,1.12
2016.10.04 11:19:37.358,1.30664,1.30675,1.00,1.50
2016.10.04 11:19:37.971,1.30664,1.30675,1.00,1.87
2016.10.04 11:19:39.377,1.30664,1.30675,1.00,3.75
2016.10.04 11:19:39.538,1.30664,1.30674,1.00,1.00
2016.10.04 11:19:39.640,1.30664,1.30675,1.00,2.25
2016.10.04 11:19:39.844,1.30663,1.30675,1.00,1.87
2016.10.04 11:19:39.895,1.30665,1.30675,1.00,1.12
2016.10.04 11:19:40.044,1.30665,1.30676,1.00,1.37
2016.10.04 11:19:40.096,1.30667,1.30679,1.00,2.25
2016.10.04 11:19:40.147,1.30667,1.30679,1.00,1.12
2016.10.04 11:19:40.198,1.30667,1.3068,1.00,1.87
2016.10.04 11:19:40.249,1.30667,1.3068,1.00,1.12
2016.10.04 11:19:40.300,1.30668,1.3068,1.00,1.00
2016.10.04 11:19:40.403,1.30671,1.30683,1.00,3.00
2016.10.04 11:19:40.454,1.30671,1.30683,1.00,1.37
2016.10.04 11:19:40.505,1.30673,1.30683,1.00,1.12
2016.10.04 11:19:43.655,1.30673,1.30683,1.00,1.37
2016.10.04 11:19:43.706,1.30673,1.30683,1.00,1.50
2016.10.04 11:19:43.757,1.30673,1.30683,1.00,1.12
2016.10.04 11:19:43.808,1.30673,1.30683,1.00,1.00
2016.10.04 11:19:44.691,1.30673,1.30683,1.00,1.12
2016.10.04 11:19:46.183,1.30673,1.30683,1.00,1.37
2016.10.04 11:19:47.125,1.30671,1.30683,1.00,1.37
2016.10.04 11:19:47.176,1.30671,1.30683,1.00,1.12
2016.10.04 11:19:47.279,1.30671,1.30682,1.00,1.00
2016.10.04 11:19:47.433,1.30671,1.30682,1.00,1.12
2016.10.04 11:19:49.289,1.30671,1.30682,1.00,1.37
2016.10.04 11:19:49.391,1.30671,1.30683,1.00,4.50
2016.10.04 11:19:50.269,1.30671,1.30682,1.00,1.00
2016.10.04 11:19:50.600,1.30671,1.30682,1.00,1.12
2016.10.04 11:19:51.385,1.30671,1.30683,1.00,3.00
2016.10.04 11:19:51.578,1.30671,1.30683,1.00,4.50
2016.10.04 11:19:51.629,1.30671,1.30682,1.00,1.37
2016.10.04 11:19:51.821,1.30669,1.30683,1.00,3.75
2016.10.04 11:19:51.873,1.3067,1.3068,1.00,1.00
2016.10.04 11:19:51.924,1.30668,1.3068,1.00,1.00
2016.10.04 11:19:52.127,1.30669,1.3068,1.00,1.12
2016.10.04 11:19:52.510,1.30669,1.3068,1.00,1.00
2016.10.04 11:19:52.612,1.30669,1.30681,1.00,3.00
2016.10.04 11:19:53.122,1.30669,1.30681,1.00,1.50
2016.10.04 11:19:53.344,1.30669,1.30681,1.00,1.37
2016.10.04 11:19:53.395,1.30669,1.30681,1.00,1.50
2016.10.04 11:19:53.497,1.30669,1.30681,1.00,1.62
2016.10.04 11:19:53.600,1.30669,1.30682,1.00,2.81
2016.10.04 11:19:53.703,1.30668,1.30682,1.00,3.56
2016.10.04 11:19:53.754,1.30668,1.30682,1.00,3.00
2016.10.04 11:19:54.557,1.30669,1.30682,1.00,2.25
2016.10.04 11:19:54.812,1.30669,1.30681,1.00,1.37
2016.10.04 11:19:54.913,1.30669,1.3068,1.00,1.00
2016.10.04 11:19:56.052,1.30665,1.30677,2.25,1.00
2016.10.04 11:19:56.103,1.30665,1.30677,1.50,1.50
2016.10.04 11:19:56.154,1.30665,1.30676,1.50,1.50
2016.10.04 11:19:56.206,1.30665,1.30676,1.50,1.87
2016.10.04 11:19:56.308,1.30666,1.30676,1.00,1.87
2016.10.04 11:19:56.359,1.30666,1.30676,1.50,1.87
2016.10.04 11:19:56.410,1.30666,1.30676,1.50,1.75
2016.10.04 11:19:56.461,1.30666,1.30676,1.00,1.75
2016.10.04 11:19:56.632,1.30666,1.30676,1.00,1.12
2016.10.04 11:19:56.683,1.30666,1.30677,1.00,2.25
2016.10.04 11:19:56.938,1.30664,1.30676,1.00,1.50
2016.10.04 11:19:57.295,1.30664,1.30675,1.00,1.00
2016.10.04 11:19:57.808,1.30665,1.30675,1.00,1.00
2016.10.04 11:20:01.016,1.30666,1.30675,1.00,1.00
2016.10.04 11:20:02.362,1.30664,1.30675,1.00,1.00
2016.10.04 11:20:03.388,1.30667,1.30675,1.00,1.00
2016.10.04 11:20:03.934,1.30666,1.30675,1.00,1.00
2016.10.04 11:20:04.189,1.30666,1.30677,1.00,1.50
2016.10.04 11:20:04.740,1.30665,1.30677,1.00,1.50
2016.10.04 11:20:05.267,1.30667,1.30677,1.00,1.50
2016.10.04 11:20:05.823,1.30667,1.30675,1.00,1.00
2016.10.04 11:20:06.328,1.30666,1.30675,1.00,1.00
2016.10.04 11:20:07.430,1.30667,1.30675,1.00,1.00
2016.10.04 11:20:07.632,1.30668,1.30679,1.00,1.50
2016.10.04 11:20:07.683,1.30671,1.30679,1.00,1.00
2016.10.04 11:20:07.734,1.30672,1.30682,1.00,2.25
2016.10.04 11:20:07.785,1.30672,1.30682,1.00,1.87
2016.10.04 11:20:07.836,1.30672,1.30682,1.00,1.00
2016.10.04 11:20:08.452,1.30672,1.30682,1.00,1.12
2016.10.04 11:20:08.960,1.30671,1.30682,1.00,1.12
2016.10.04 11:20:09.717,1.30672,1.30682,1.00,1.12
2016.10.04 11:20:10.022,1.30672,1.30682,1.00,1.50
2016.10.04 11:20:11.305,1.30672,1.30682,1.00,1.87
2016.10.04 11:20:11.357,1.30672,1.30682,1.00,1.12
2016.10.04 11:20:11.408,1.30672,1.30683,1.00,1.50
2016.10.04 11:20:11.460,1.30672,1.30682,1.00,1.00
2016.10.04 11:20:12.287,1.30673,1.30682,1.00,1.00
2016.10.04 11:20:12.491,1.30673,1.30683,1.00,1.50
2016.10.04 11:20:12.746,1.30672,1.30683,1.00,1.87
2016.10.04 11:20:13.479,1.30672,1.30683,1.00,1.50
2016.10.04 11:20:15.810,1.30672,1.30683,1.00,1.37
2016.10.04 11:20:17.117,1.30673,1.30683,1.00,1.37
2016.10.04 11:20:17.627,1.30674,1.30683,1.00,1.37
2016.10.04 11:20:17.678,1.30674,1.30682,1.00,1.12
2016.10.04 11:20:18.125,1.30671,1.30682,1.00,1.12
2016.10.04 11:20:18.278,1.30673,1.30682,1.00,1.12
2016.10.04 11:20:18.912,1.30673,1.30682,1.00,1.00
2016.10.04 11:20:18.963,1.30673,1.30683,1.00,1.87
2016.10.04 11:20:19.065,1.30673,1.30683,1.00,2.25
2016.10.04 11:20:19.116,1.30673,1.30683,1.00,3.75
2016.10.04 11:20:19.219,1.30672,1.30683,1.00,2.25
2016.10.04 11:20:19.496,1.30672,1.30683,1.00,1.87
2016.10.04 11:20:19.700,1.30672,1.30683,1.00,1.50
2016.10.04 11:20:20.220,1.30673,1.30683,1.00,1.87
2016.10.04 11:20:21.382,1.30672,1.30683,1.00,1.87
2016.10.04 11:20:21.433,1.3067,1.30681,1.00,1.50
2016.10.04 11:20:21.535,1.30667,1.30679,1.00,1.00
2016.10.04 11:20:21.586,1.30668,1.3068,1.00,1.50
2016.10.04 11:20:21.637,1.30668,1.30678,1.00,1.50
2016.10.04 11:20:21.805,1.30666,1.30676,1.00,1.12
2016.10.04 11:20:21.857,1.30666,1.30676,1.00,2.25
2016.10.04 11:20:21.908,1.30666,1.30676,1.00,2.62
2016.10.04 11:20:23.120,1.30666,1.30676,1.00,2.25
2016.10.04 11:20:23.274,1.30664,1.30676,1.00,2.25
2016.10.04 11:20:23.326,1.30665,1.30675,1.00,1.00
2016.10.04 11:20:23.377,1.30666,1.30675,1.00,1.87
2016.10.04 11:20:23.428,1.30666,1.30675,1.00,2.25
2016.10.04 11:20:23.603,1.30655,1.30668,1.19,1.00
2016.10.04 11:20:23.661,1.30654,1.30668,2.06,1.00
2016.10.04 11:20:23.712,1.30654,1.30668,2.44,1.00
2016.10.04 11:20:23.763,1.30654,1.30668,1.69,1.00
2016.10.04 11:20:24.170,1.30654,1.30668,2.81,1.00
2016.10.04 11:20:24.911,1.30654,1.30668,2.44,1.00
2016.10.04 11:20:25.064,1.30654,1.30668,3.56,1.00
2016.10.04 11:20:26.783,1.30654,1.30667,2.81,1.00
2016.10.04 11:20:26.959,1.30654,1.30663,1.31,1.00
2016.10.04 11:20:27.010,1.30652,1.30663,1.31,1.00
2016.10.04 11:20:27.061,1.30652,1.30663,1.12,1.00
2016.10.04 11:20:27.163,1.30652,1.30661,1.31,1.00
2016.10.04 11:20:27.265,1.3065,1.30661,1.31,1.00
2016.10.04 11:20:27.368,1.30649,1.30661,2.81,1.00
2016.10.04 11:20:27.521,1.30649,1.30661,1.69,1.00
2016.10.04 11:20:28.042,1.30649,1.30661,2.06,1.00
2016.10.04 11:20:28.296,1.30651,1.30663,1.19,1.00
2016.10.04 11:20:28.450,1.30648,1.30661,1.87,1.00
2016.10.04 11:20:28.501,1.30647,1.30661,2.25,1.00
2016.10.04 11:20:28.563,1.30647,1.30659,2.25,1.00
2016.10.04 11:20:28.764,1.30645,1.30657,1.12,1.50
2016.10.04 11:20:29.935,1.30645,1.30657,1.00,1.50
2016.10.04 11:20:30.241,1.30646,1.30658,1.00,1.37
2016.10.04 11:20:30.344,1.30646,1.30658,1.00,1.00
2016.10.04 11:20:31.793,1.30643,1.30655,1.12,1.00
2016.10.04 11:20:31.845,1.30643,1.30653,1.00,1.00
2016.10.04 11:20:31.896,1.30643,1.30653,1.00,1.12
2016.10.04 11:20:31.947,1.30639,1.30653,1.12,3.00
2016.10.04 11:20:32.049,1.30639,1.30653,1.00,3.37
2016.10.04 11:20:32.253,1.30639,1.30653,1.00,3.00
2016.10.04 11:20:34.056,1.30639,1.30653,1.00,1.87
2016.10.04 11:20:34.158,1.30639,1.30653,1.00,2.25
2016.10.04 11:20:34.260,1.30639,1.30652,1.00,1.00
2016.10.04 11:20:34.423,1.30639,1.30651,1.00,1.00
2016.10.04 11:20:35.422,1.30637,1.30651,1.00,1.00
2016.10.04 11:20:35.473,1.30635,1.30649,1.12,1.00
2016.10.04 11:20:35.524,1.30634,1.30646,1.50,1.00
2016.10.04 11:20:35.575,1.30636,1.30648,1.00,1.00
2016.10.04 11:20:35.626,1.30636,1.3065,1.00,1.87
2016.10.04 11:20:35.788,1.30636,1.3065,1.12,1.50
2016.10.04 11:20:36.760,1.30636,1.3065,1.50,1.50
2016.10.04 11:20:36.811,1.30636,1.3065,1.87,1.50
2016.10.04 11:20:36.862,1.30636,1.3065,1.87,1.12
2016.10.04 11:20:36.913,1.30638,1.3065,1.00,1.12
2016.10.04 11:20:36.964,1.30638,1.3065,1.00,1.00
2016.10.04 11:20:37.339,1.3064,1.30652,1.00,1.00
2016.10.04 11:20:37.543,1.30638,1.30652,1.12,1.00
2016.10.04 11:20:37.594,1.30638,1.30652,1.12,1.12
2016.10.04 11:20:37.647,1.30638,1.30652,1.12,1.50
2016.10.04 11:20:38.305,1.30638,1.3065,1.12,1.00
2016.10.04 11:20:38.407,1.30639,1.30651,1.00,1.12
2016.10.04 11:20:38.560,1.30639,1.30653,1.00,1.87
2016.10.04 11:20:38.612,1.30639,1.30651,1.00,1.00
2016.10.04 11:20:42.051,1.30636,1.30647,1.50,1.00
2016.10.04 11:20:42.102,1.30638,1.3065,1.00,1.00
2016.10.04 11:20:42.153,1.30638,1.30647,1.00,1.12
2016.10.04 11:20:42.205,1.30638,1.30647,1.12,1.12
2016.10.04 11:20:42.256,1.30635,1.30647,1.50,1.37
2016.10.04 11:20:42.307,1.30635,1.30646,1.00,1.50
2016.10.04 11:20:42.409,1.30635,1.30646,1.00,1.87
2016.10.04 11:20:42.575,1.30635,1.30645,1.00,1.12
2016.10.04 11:20:44.017,1.30635,1.30644,1.00,1.37
2016.10.04 11:20:44.069,1.30635,1.30644,1.00,1.50
2016.10.04 11:20:44.226,1.30635,1.30643,1.00,1.37
2016.10.04 11:20:44.277,1.30635,1.30643,1.00,1.75
2016.10.04 11:20:44.926,1.30633,1.30643,1.00,1.75
2016.10.04 11:20:45.339,1.30633,1.30643,1.00,1.37
2016.10.04 11:20:45.391,1.30634,1.30645,1.00,1.12
2016.10.04 11:20:47.043,1.30628,1.30643,1.12,1.12
2016.10.04 11:20:47.094,1.30627,1.30641,1.37,1.00
2016.10.04 11:20:47.146,1.30627,1.30639,1.12,1.00
2016.10.04 11:20:47.197,1.30626,1.30639,1.37,1.00
2016.10.04 11:20:47.248,1.30626,1.30639,1.00,1.00
2016.10.04 11:20:47.300,1.30625,1.30637,1.50,1.00
2016.10.04 11:20:47.351,1.30625,1.30637,1.12,1.00
2016.10.04 11:20:47.402,1.30625,1.30637,1.00,1.00
2016.10.04 11:20:47.504,1.30627,1.30639,1.00,1.00
2016.10.04 11:20:47.656,1.30626,1.30638,1.50,1.00
2016.10.04 11:20:47.832,1.30626,1.30638,1.87,1.00
2016.10.04 11:20:48.346,1.30627,1.30638,1.12,1.00
2016.10.04 11:20:48.448,1.30627,1.3064,1.50,1.00
2016.10.04 11:20:48.499,1.30627,1.3064,1.87,1.00
2016.10.04 11:20:48.550,1.30627,1.3064,3.00,1.00
2016.10.04 11:20:49.259,1.30627,1.30639,3.00,1.00
2016.10.04 11:20:49.310,1.30627,1.30639,3.75,1.00
2016.10.04 11:20:49.361,1.30627,1.30639,2.62,1.00
2016.10.04 11:20:49.413,1.30627,1.30639,2.25,1.00
2016.10.04 11:20:49.616,1.30627,1.30639,1.87,1.00
2016.10.04 11:20:51.502,1.30627,1.30639,2.25,1.00
2016.10.04 11:20:52.076,1.30627,1.30639,2.62,1.00
2016.10.04 11:20:52.127,1.30627,1.30639,3.00,1.00
2016.10.04 11:20:52.673,1.30628,1.30639,1.00,1.00
2016.10.04 11:20:53.643,1.30627,1.30639,3.19,1.00
2016.10.04 11:20:53.745,1.30627,1.30639,2.44,1.00
2016.10.04 11:20:54.155,1.30627,1.3064,2.06,1.00
2016.10.04 11:20:54.206,1.30627,1.3064,1.69,1.00
2016.10.04 11:20:54.733,1.30627,1.30639,1.69,1.00
2016.10.04 11:20:55.274,1.30627,1.3064,1.69,1.00
2016.10.04 11:20:55.325,1.30627,1.3064,1.31,1.00
2016.10.04 11:20:55.551,1.30627,1.30639,1.69,1.00
2016.10.04 11:20:55.602,1.30627,1.30639,2.06,1.00
2016.10.04 11:20:56.008,1.30627,1.3064,1.69,1.00
2016.10.04 11:20:56.059,1.30627,1.3064,1.12,1.00
2016.10.04 11:20:56.883,1.30627,1.30638,1.12,1.00
2016.10.04 11:20:56.934,1.30626,1.30638,1.50,1.00
2016.10.04 11:20:56.985,1.30626,1.30636,1.00,1.00
2016.10.04 11:20:57.157,1.30625,1.30635,1.12,1.00
2016.10.04 11:20:57.208,1.30622,1.30634,2.62,1.00
2016.10.04 11:20:57.579,1.30622,1.30634,1.87,1.00
2016.10.04 11:20:57.731,1.30624,1.30637,1.00,1.12
2016.10.04 11:20:58.196,1.30624,1.30638,1.00,1.50
2016.10.04 11:20:58.297,1.30624,1.30638,1.00,1.12
2016.10.04 11:20:58.348,1.30624,1.30638,1.00,1.00
2016.10.04 11:20:58.501,1.30624,1.30638,1.00,1.50
2016.10.04 11:21:01.169,1.30624,1.30638,1.12,1.50
2016.10.04 11:21:01.220,1.30626,1.30641,1.00,1.75
2016.10.04 11:21:01.272,1.30626,1.30641,1.25,1.37
2016.10.04 11:21:01.324,1.30626,1.30641,1.25,1.00
2016.10.04 11:21:01.375,1.30626,1.30641,1.62,1.00
2016.10.04 11:21:01.426,1.30626,1.30641,1.69,1.00
2016.10.04 11:21:01.477,1.30626,1.30641,1.31,1.12
2016.10.04 11:21:01.528,1.30626,1.30641,1.25,1.12
2016.10.04 11:21:02.123,1.30628,1.3064,1.00,1.00
2016.10.04 11:21:02.631,1.30628,1.3064,1.12,1.00
2016.10.04 11:21:03.147,1.30628,1.3064,1.37,1.00
2016.10.04 11:21:03.198,1.30628,1.3064,1.50,1.00
2016.10.04 11:21:05.056,1.3063,1.30642,1.12,1.37
2016.10.04 11:21:06.406,1.30632,1.30643,1.00,2.62
2016.10.04 11:21:06.457,1.30633,1.30645,1.00,1.87
2016.10.04 11:21:06.508,1.30632,1.30644,1.00,1.00
2016.10.04 11:21:06.610,1.30632,1.30646,1.00,2.62
2016.10.04 11:21:06.969,1.30632,1.30646,1.00,3.00
2016.10.04 11:21:07.020,1.30632,1.30646,1.00,2.62
2016.10.04 11:21:07.706,1.30633,1.30646,1.00,1.87
2016.10.04 11:21:07.758,1.30635,1.30647,1.00,2.62
2016.10.04 11:21:07.809,1.30635,1.30647,1.00,1.87
2016.10.04 11:21:07.860,1.30636,1.30648,1.00,2.25
2016.10.04 11:21:07.912,1.30636,1.30648,1.00,1.00
2016.10.04 11:21:08.418,1.30636,1.30649,1.00,2.62
2016.10.04 11:21:08.469,1.30636,1.30649,1.00,1.12
2016.10.04 11:21:08.520,1.30636,1.3065,1.00,1.37
2016.10.04 11:21:08.673,1.30632,1.30646,2.25,1.87
2016.10.04 11:21:08.725,1.30632,1.30645,1.75,1.37
2016.10.04 11:21:08.776,1.30631,1.30645,1.87,1.50
2016.10.04 11:21:08.829,1.30633,1.30645,1.00,2.62
2016.10.04 11:21:08.880,1.30633,1.30645,1.00,1.37
2016.10.04 11:21:09.034,1.30633,1.30645,1.00,1.00
2016.10.04 11:21:09.087,1.30637,1.30647,1.00,2.62
2016.10.04 11:21:09.138,1.30637,1.30645,1.00,1.00
2016.10.04 11:21:09.189,1.30637,1.30647,1.00,4.50
2016.10.04 11:21:09.240,1.30637,1.30647,1.00,2.62
2016.10.04 11:21:09.292,1.30637,1.30647,1.00,2.25
2016.10.04 11:21:09.394,1.30637,1.30647,1.00,2.62
2016.10.04 11:21:09.445,1.30637,1.30647,1.00,3.00
2016.10.04 11:21:10.069,1.30637,1.30647,1.00,2.62
2016.10.04 11:21:10.120,1.30637,1.30647,1.00,1.50
2016.10.04 11:21:10.172,1.30636,1.30647,1.00,1.87
2016.10.04 11:21:10.223,1.30636,1.30647,1.00,1.50
2016.10.04 11:21:10.640,1.30636,1.30647,1.00,2.25
2016.10.04 11:21:11.068,1.30636,1.30647,1.00,1.87
2016.10.04 11:21:11.581,1.30636,1.30647,1.00,1.12
2016.10.04 11:21:11.632,1.30636,1.30647,1.00,1.50
2016.10.04 11:21:11.785,1.30636,1.30647,1.00,2.25
2016.10.04 11:21:12.097,1.30638,1.30648,1.00,1.00
2016.10.04 11:21:12.149,1.30638,1.3065,1.00,1.00
2016.10.04 11:21:12.252,1.30638,1.30651,1.00,3.37
2016.10.04 11:21:12.874,1.30638,1.3065,1.00,1.00
2016.10.04 11:21:12.926,1.30638,1.30649,1.00,1.12
2016.10.04 11:21:12.978,1.30636,1.30649,1.00,1.50
2016.10.04 11:21:13.029,1.30636,1.30648,1.00,1.50
2016.10.04 11:21:13.081,1.30636,1.30646,1.00,1.00
2016.10.04 11:21:13.132,1.30636,1.30646,1.00,1.37
2016.10.04 11:21:13.779,1.30636,1.30647,1.00,2.62
2016.10.04 11:21:14.082,1.30636,1.30647,1.00,3.00
2016.10.04 11:21:14.687,1.30636,1.30647,1.00,1.87
2016.10.04 11:21:15.035,1.30633,1.30647,1.00,2.62
2016.10.04 11:21:15.086,1.30633,1.30646,1.00,1.50
2016.10.04 11:21:15.137,1.30633,1.30645,1.00,1.00
2016.10.04 11:21:15.341,1.30633,1.30645,1.00,1.12
2016.10.04 11:21:15.730,1.30635,1.30645,1.00,1.00
2016.10.04 11:21:15.781,1.30635,1.30646,1.00,1.37
2016.10.04 11:21:15.833,1.30635,1.30646,1.00,2.25
2016.10.04 11:21:16.789,1.30635,1.30647,1.00,1.75
2016.10.04 11:21:16.841,1.3064,1.30647,1.00,1.00
2016.10.04 11:21:16.892,1.3064,1.30647,1.00,1.00
2016.10.04 11:21:17.045,1.30644,1.30656,1.00,1.12
2016.10.04 11:21:17.147,1.30644,1.30656,1.00,1.00
2016.10.04 11:21:17.249,1.30645,1.30657,1.00,1.00
2016.10.04 11:21:17.351,1.30645,1.30658,1.12,1.37
2016.10.04 11:21:17.517,1.30642,1.30657,1.87,1.00
2016.10.04 11:21:17.568,1.30642,1.30656,1.12,3.00
2016.10.04 11:21:17.619,1.30642,1.30656,1.00,3.00
2016.10.04 11:21:17.671,1.30642,1.30656,1.00,1.75
2016.10.04 11:21:17.890,1.30642,1.30656,1.00,2.25
2016.10.04 11:21:17.992,1.30642,1.30656,1.12,1.75
2016.10.04 11:21:18.195,1.30642,1.30656,1.12,2.25
2016.10.04 11:21:18.680,1.30642,1.30656,1.12,1.75
2016.10.04 11:21:19.218,1.30644,1.30656,1.00,1.75
2016.10.04 11:21:19.269,1.30643,1.30657,1.00,1.87
2016.10.04 11:21:19.371,1.30643,1.30658,1.00,2.62
2016.10.04 11:21:19.422,1.30643,1.30658,1.12,1.87
2016.10.04 11:21:19.473,1.30645,1.30657,1.00,1.12
2016.10.04 11:21:21.770,1.30645,1.30657,1.00,1.50
2016.10.04 11:21:22.856,1.30641,1.30653,1.00,1.00
2016.10.04 11:21:22.961,1.30641,1.30653,1.00,1.00
2016.10.04 11:21:23.012,1.3064,1.30653,1.00,1.50
2016.10.04 11:21:23.064,1.3064,1.30652,1.00,1.50
2016.10.04 11:21:23.114,1.3064,1.30652,1.00,1.87
2016.10.04 11:21:23.804,1.30641,1.30652,1.00,1.87
2016.10.04 11:21:23.906,1.3064,1.30652,1.00,2.62
2016.10.04 11:21:24.110,1.30638,1.30651,1.00,1.12
2016.10.04 11:21:24.161,1.30637,1.30649,1.00,1.00
2016.10.04 11:21:24.212,1.30638,1.30649,1.00,1.00
2016.10.04 11:21:24.263,1.30636,1.30648,1.00,1.12
2016.10.04 11:21:24.314,1.30636,1.30648,1.00,2.62
2016.10.04 11:21:24.365,1.30637,1.30647,1.00,1.50
2016.10.04 11:21:24.467,1.30638,1.30648,1.00,1.37
2016.10.04 11:21:24.569,1.30638,1.3065,1.00,1.50
2016.10.04 11:21:24.744,1.30638,1.30651,1.00,1.50
2016.10.04 11:21:25.339,1.30639,1.30652,1.00,2.62
2016.10.04 11:21:25.441,1.30639,1.30652,1.00,2.25
2016.10.04 11:21:25.772,1.3064,1.30652,1.25,2.25
2016.10.04 11:21:25.823,1.30641,1.30653,1.00,2.62
2016.10.04 11:21:25.899,1.30643,1.30652,1.00,1.12
2016.10.04 11:21:26.052,1.30643,1.30653,1.00,1.00
2016.10.04 11:21:26.154,1.30644,1.30656,1.00,3.00
2016.10.04 11:21:26.256,1.30642,1.30656,1.00,2.25
2016.10.04 11:21:26.782,1.30643,1.30656,1.00,2.25
2016.10.04 11:21:26.884,1.30643,1.30656,1.00,2.25
2016.10.04 11:21:26.935,1.30643,1.30654,1.00,1.37
2016.10.04 11:21:26.986,1.30643,1.30654,1.00,2.62
2016.10.04 11:21:27.038,1.30643,1.30653,1.00,1.87
2016.10.04 11:21:27.139,1.30643,1.30653,1.00,2.62
2016.10.04 11:21:27.547,1.30643,1.30653,1.00,1.87
2016.10.04 11:21:27.849,1.30643,1.30653,1.00,2.62
2016.10.04 11:21:27.951,1.30643,1.30653,1.00,1.87
2016.10.04 11:21:28.101,1.30643,1.30653,1.00,2.62
2016.10.04 11:21:28.818,1.30643,1.30653,1.00,1.87
2016.10.04 11:21:29.053,1.30643,1.30653,1.00,2.62
2016.10.04 11:21:29.156,1.30643,1.30653,1.00,2.25
2016.10.04 11:21:29.208,1.30641,1.30653,1.00,2.25
2016.10.04 11:21:29.260,1.30641,1.30653,1.00,1.50
2016.10.04 11:21:29.311,1.30643,1.30653,1.00,1.50
2016.10.04 11:21:29.363,1.30642,1.30656,1.00,1.87
2016.10.04 11:21:29.465,1.30642,1.30656,1.12,1.00
2016.10.04 11:21:29.598,1.30642,1.30657,1.37,2.62
2016.10.04 11:21:29.652,1.30644,1.30657,1.00,1.87
2016.10.04 11:21:29.755,1.30644,1.30656,1.00,1.87
2016.10.04 11:21:30.360,1.30644,1.30657,1.00,1.37
2016.10.04 11:21:30.646,1.30644,1.30657,1.00,1.50
2016.10.04 11:21:31.036,1.30644,1.30657,1.00,1.37
2016.10.04 11:21:31.502,1.30644,1.30656,1.00,1.12
2016.10.04 11:21:33.668,1.30644,1.30657,1.00,1.50
2016.10.04 11:21:34.967,1.30644,1.30657,1.00,1.87
2016.10.04 11:21:35.484,1.30641,1.30653,1.50,1.00
2016.10.04 11:21:35.535,1.30641,1.30653,1.00,1.00
2016.10.04 11:21:36.000,1.30639,1.30654,1.50,1.12
2016.10.04 11:21:36.276,1.3064,1.30652,1.12,1.00
2016.10.04 11:21:37.382,1.30639,1.30649,1.87,1.00
2016.10.04 11:21:37.485,1.30635,1.30646,3.00,1.00
2016.10.04 11:21:37.536,1.30635,1.30649,2.25,1.00
2016.10.04 11:21:37.587,1.30637,1.30648,1.37,1.50
2016.10.04 11:21:37.743,1.30637,1.30651,2.62,1.50
2016.10.04 11:21:37.798,1.30638,1.30651,1.12,1.00
2016.10.04 11:21:38.258,1.30638,1.30651,1.00,1.00
2016.10.04 11:21:39.256,1.3064,1.30653,1.75,1.50
2016.10.04 11:21:39.309,1.30641,1.30653,1.12,1.00
2016.10.04 11:21:39.360,1.30642,1.30655,1.87,1.50
2016.10.04 11:21:39.412,1.30643,1.30656,1.37,1.50
2016.10.04 11:21:39.463,1.30643,1.30654,1.12,1.00
2016.10.04 11:21:39.515,1.30643,1.30653,1.12,1.00
2016.10.04 11:21:39.566,1.30641,1.30653,1.87,1.00
2016.10.04 11:21:39.619,1.30641,1.30653,1.12,1.00
2016.10.04 11:21:39.671,1.3064,1.30653,1.37,1.87
2016.10.04 11:21:39.722,1.30641,1.30653,1.12,1.87
2016.10.04 11:21:40.128,1.30639,1.30653,1.50,1.50
2016.10.04 11:21:40.179,1.30639,1.30653,1.75,1.50
2016.10.04 11:21:40.286,1.30639,1.30653,1.75,1.12
2016.10.04 11:21:40.337,1.30641,1.30653,1.12,1.87
2016.10.04 11:21:40.388,1.30641,1.30655,1.12,1.87
2016.10.04 11:21:40.439,1.30645,1.30655,1.00,1.12
2016.10.04 11:21:40.542,1.30648,1.30655,1.00,1.12
2016.10.04 11:21:40.594,1.30648,1.30656,1.00,1.50
2016.10.04 11:21:40.738,1.30648,1.30656,1.00,1.12
2016.10.04 11:21:40.891,1.30652,1.3066,1.00,1.50
2016.10.04 11:21:40.993,1.30653,1.30662,1.00,1.20
2016.10.04 11:21:41.094,1.30651,1.30663,1.00,2.02
2016.10.04 11:21:41.146,1.30651,1.30664,1.00,1.31
2016.10.04 11:21:41.197,1.30652,1.30664,1.00,1.12
2016.10.04 11:21:41.557,1.30654,1.30664,1.00,1.12
2016.10.04 11:21:42.065,1.30656,1.30665,1.00,1.00
2016.10.04 11:21:42.223,1.30654,1.30666,1.00,1.50
2016.10.04 11:21:42.274,1.30654,1.30665,1.00,1.50
2016.10.04 11:21:42.582,1.30656,1.30668,1.00,1.37
2016.10.04 11:21:42.634,1.30658,1.30668,1.00,1.37
2016.10.04 11:21:42.685,1.30658,1.30667,1.00,1.12
2016.10.04 11:21:42.999,1.3066,1.30669,1.00,1.87
2016.10.04 11:21:43.051,1.3066,1.30669,1.00,1.87
2016.10.04 11:21:43.102,1.30663,1.30669,1.00,1.12
2016.10.04 11:21:43.205,1.30663,1.30673,1.00,1.12
2016.10.04 11:21:43.257,1.30665,1.30675,1.00,1.00
2016.10.04 11:21:43.308,1.30665,1.30677,1.00,4.50
2016.10.04 11:21:43.360,1.30665,1.30675,1.00,1.12
2016.10.04 11:21:43.412,1.30663,1.30675,1.00,2.25
2016.10.04 11:21:43.464,1.30663,1.30674,1.00,1.50
2016.10.04 11:21:43.895,1.30664,1.30674,1.00,1.00
2016.10.04 11:21:44.199,1.30664,1.30674,1.00,1.50
2016.10.04 11:21:44.352,1.30662,1.30674,1.00,1.50
2016.10.04 11:21:44.654,1.30664,1.30674,1.00,1.50
2016.10.04 11:21:44.706,1.30663,1.30675,1.00,1.87
2016.10.04 11:21:44.808,1.30663,1.30675,1.00,1.12
2016.10.04 11:21:45.164,1.30664,1.30674,1.00,1.12
2016.10.04 11:21:45.267,1.30665,1.30675,1.00,2.25
2016.10.04 11:21:45.562,1.30664,1.30675,1.00,2.25
2016.10.04 11:21:45.724,1.30664,1.30675,1.00,2.25
2016.10.04 11:21:45.877,1.30664,1.30675,1.00,1.12
2016.10.04 11:21:46.233,1.30664,1.30675,1.00,1.00
2016.10.04 11:21:46.552,1.30667,1.30675,1.00,1.00
2016.10.04 11:21:46.858,1.30665,1.30675,1.00,1.00
2016.10.04 11:21:46.909,1.30664,1.30675,1.00,1.12
2016.10.04 11:21:47.486,1.30666,1.30675,1.00,1.12
2016.10.04 11:21:49.706,1.30666,1.30675,1.00,1.00
2016.10.04 11:21:50.694,1.30664,1.30675,1.00,1.00
2016.10.04 11:21:50.976,1.30666,1.30675,1.00,1.00
2016.10.04 11:21:51.129,1.30667,1.3068,1.00,2.62
2016.10.04 11:21:51.274,1.30667,1.30679,1.00,1.00
2016.10.04 11:21:51.325,1.30667,1.30681,1.00,1.50
2016.10.04 11:21:51.704,1.30667,1.30681,1.00,1.87
2016.10.04 11:21:51.806,1.30667,1.30681,1.00,2.25
2016.10.04 11:21:51.857,1.30669,1.30681,1.00,3.00
2016.10.04 11:21:52.060,1.30667,1.30681,1.00,2.25
2016.10.04 11:21:52.363,1.30669,1.30681,1.00,1.87
2016.10.04 11:21:52.414,1.30669,1.30682,1.00,1.87
2016.10.04 11:21:53.229,1.30669,1.30682,1.00,1.75
2016.10.04 11:21:53.667,1.30669,1.30682,1.00,2.62
2016.10.04 11:21:53.769,1.30668,1.30681,1.00,1.87
2016.10.04 11:21:55.296,1.30668,1.30681,1.00,1.50
2016.10.04 11:21:55.347,1.30668,1.30681,1.00,1.12
2016.10.04 11:21:55.398,1.30668,1.30681,1.12,1.12
2016.10.04 11:21:55.500,1.30668,1.30682,2.62,1.00
2016.10.04 11:21:55.760,1.30668,1.30682,2.90,1.00
2016.10.04 11:21:56.092,1.30668,1.30682,2.62,1.00
2016.10.04 11:21:56.663,1.30669,1.30684,1.03,1.12
2016.10.04 11:21:57.494,1.30669,1.30684,1.00,1.12
2016.10.04 11:21:57.646,1.3067,1.30685,1.00,2.62
2016.10.04 11:21:57.697,1.30671,1.30683,1.00,1.00
2016.10.04 11:21:59.095,1.30677,1.30686,1.03,2.62
2016.10.04 11:21:59.250,1.30679,1.30687,1.50,1.12
2016.10.04 11:21:59.304,1.3068,1.30692,1.12,3.00
2016.10.04 11:21:59.355,1.3068,1.30691,1.12,1.00
2016.10.04 11:21:59.407,1.30677,1.30687,1.87,1.00
2016.10.04 11:21:59.460,1.30677,1.30687,1.50,1.00
2016.10.04 11:21:59.512,1.30674,1.30687,1.50,1.00
2016.10.04 11:22:00.041,1.30674,1.30687,1.12,1.00
2016.10.04 11:22:00.092,1.30673,1.30687,2.25,1.00
2016.10.04 11:22:00.296,1.30673,1.30687,2.44,1.00
2016.10.04 11:22:00.500,1.30673,1.30685,1.50,1.00
2016.10.04 11:22:00.603,1.30672,1.30682,1.12,1.00
2016.10.04 11:22:00.655,1.3067,1.3068,2.62,1.00
2016.10.04 11:22:00.807,1.30668,1.30679,1.12,1.00
2016.10.04 11:22:00.859,1.30667,1.30679,2.62,1.00
2016.10.04 11:22:03.838,1.30667,1.30676,1.87,1.00
2016.10.04 11:22:03.890,1.30665,1.30675,1.87,1.00
2016.10.04 11:22:03.941,1.30666,1.30676,1.12,1.12
2016.10.04 11:22:03.992,1.30667,1.3068,1.87,1.50
2016.10.04 11:22:04.162,1.30669,1.30681,2.25,1.00
2016.10.04 11:22:04.366,1.30669,1.3068,1.50,1.00
2016.10.04 11:22:04.417,1.30669,1.3068,1.87,1.00
2016.10.04 11:22:04.959,1.30668,1.3068,1.50,1.00
2016.10.04 11:22:05.322,1.30667,1.3068,3.00,1.00
2016.10.04 11:22:05.424,1.30667,1.3068,2.62,1.00
2016.10.04 11:22:05.651,1.30668,1.3068,1.50,1.00
2016.10.04 11:22:06.650,1.30667,1.30679,3.37,1.00
2016.10.04 11:22:06.701,1.30667,1.30681,2.62,1.00
2016.10.04 11:22:06.752,1.30667,1.30681,2.25,1.00
2016.10.04 11:22:08.209,1.30667,1.30678,1.12,1.00
2016.10.04 11:22:08.789,1.30667,1.30679,1.12,1.00
2016.10.04 11:22:09.053,1.30665,1.30678,3.00,1.00
2016.10.04 11:22:09.104,1.30666,1.30678,1.00,1.00
2016.10.04 11:22:09.155,1.30666,1.30676,1.00,1.00
2016.10.04 11:22:09.206,1.30663,1.30675,1.87,1.00
2016.10.04 11:22:09.308,1.30663,1.30671,1.12,1.00
2016.10.04 11:22:09.410,1.30659,1.30671,1.00,1.00
2016.10.04 11:22:09.568,1.30661,1.30671,1.87,1.00
2016.10.04 11:22:09.619,1.30663,1.30675,1.75,1.37
2016.10.04 11:22:09.671,1.30664,1.30676,1.12,1.37
2016.10.04 11:22:09.723,1.30664,1.30677,1.87,1.00
2016.10.04 11:22:09.979,1.30665,1.30677,1.75,1.00
2016.10.04 11:22:10.031,1.30664,1.30677,1.87,1.00
2016.10.04 11:22:10.379,1.30666,1.30678,1.37,1.12
2016.10.04 11:22:10.431,1.30666,1.30679,1.12,1.87
2016.10.04 11:22:10.940,1.30667,1.30679,1.12,1.87
2016.10.04 11:22:13.377,1.30667,1.30679,1.12,1.12
2016.10.04 11:22:14.274,1.30667,1.30679,1.12,1.50
2016.10.04 11:22:14.325,1.30666,1.30679,1.75,1.50
2016.10.04 11:22:14.377,1.30666,1.30679,1.50,1.50
2016.10.04 11:22:14.480,1.30667,1.30679,1.12,1.50
2016.10.04 11:22:14.531,1.30667,1.30679,1.12,1.50
2016.10.04 11:22:15.598,1.30666,1.30679,1.50,1.50
2016.10.04 11:22:15.751,1.30666,1.30679,1.50,1.50
2016.10.04 11:22:15.853,1.30667,1.30679,1.12,1.50
2016.10.04 11:22:15.955,1.30668,1.30679,1.00,1.50
2016.10.04 11:22:16.134,1.30668,1.30679,1.00,1.50
2016.10.04 11:22:16.185,1.30668,1.30679,1.00,1.12
2016.10.04 11:22:16.289,1.30668,1.30679,1.37,1.12
2016.10.04 11:22:16.340,1.30668,1.30679,1.50,1.12
2016.10.04 11:22:16.750,1.30668,1.30679,1.12,1.12
2016.10.04 11:22:16.802,1.30668,1.30679,1.00,1.12
2016.10.04 11:22:17.330,1.30667,1.30678,1.00,1.12
2016.10.04 11:22:18.831,1.30667,1.30678,1.12,1.12
2016.10.04 11:22:18.883,1.30672,1.30678,1.00,1.12
2016.10.04 11:22:18.934,1.30672,1.3068,1.00,1.12
2016.10.04 11:22:18.985,1.3067,1.3068,1.12,1.12
2016.10.04 11:22:19.036,1.30671,1.30681,1.00,1.12
2016.10.04 11:22:19.239,1.3067,1.30681,1.12,1.12
2016.10.04 11:22:19.291,1.30668,1.3068,1.87,1.00
2016.10.04 11:22:19.439,1.30668,1.30677,1.12,1.12
2016.10.04 11:22:19.491,1.30667,1.30677,1.00,1.50
2016.10.04 11:22:20.071,1.30668,1.30677,1.00,1.50
2016.10.04 11:22:20.123,1.30668,1.3068,1.00,1.87
2016.10.04 11:22:20.175,1.3067,1.3068,1.00,1.50
2016.10.04 11:22:20.279,1.3067,1.30681,1.37,1.00
2016.10.04 11:22:20.429,1.3067,1.30681,1.50,1.00
2016.10.04 11:22:20.804,1.30668,1.3068,1.87,1.12
2016.10.04 11:22:20.855,1.30668,1.3068,1.87,1.50
2016.10.04 11:22:20.907,1.30668,1.30677,1.12,1.12
2016.10.04 11:22:20.959,1.30667,1.30677,1.87,1.12
2016.10.04 11:22:21.011,1.30667,1.30677,1.50,1.12
2016.10.04 11:22:21.112,1.30667,1.30678,1.50,1.50
2016.10.04 11:22:21.163,1.30667,1.30678,1.50,1.87
2016.10.04 11:22:21.304,1.30667,1.30678,1.00,1.87
2016.10.04 11:22:23.485,1.30667,1.30678,1.00,2.25
2016.10.04 11:22:24.117,1.30665,1.30675,1.37,1.12
2016.10.04 11:22:24.168,1.30665,1.30675,1.37,1.50
2016.10.04 11:22:24.370,1.30665,1.30675,1.00,1.50
2016.10.04 11:22:25.356,1.30665,1.30676,1.37,1.50
2016.10.04 11:22:25.407,1.30665,1.30676,1.50,1.12
2016.10.04 11:22:27.134,1.30666,1.30676,1.00,1.12
2016.10.04 11:22:30.839,1.30666,1.30676,1.50,1.12
2016.10.04 11:22:32.002,1.30666,1.30676,1.50,1.87
2016.10.04 11:22:32.314,1.30666,1.30674,1.50,1.12
2016.10.04 11:22:33.195,1.30666,1.30674,1.00,1.12
2016.10.04 11:22:34.431,1.30666,1.30672,1.00,1.12
2016.10.04 11:22:34.482,1.30663,1.30672,1.12,1.12
2016.10.04 11:22:34.534,1.30664,1.30672,1.00,1.12
2016.10.04 11:22:34.585,1.30664,1.30672,1.00,1.50
2016.10.04 11:22:35.092,1.30664,1.30671,1.00,1.50
2016.10.04 11:22:35.245,1.30663,1.30671,1.50,1.50
2016.10.04 11:22:35.296,1.30663,1.30671,1.12,1.50
2016.10.04 11:22:35.398,1.30663,1.30671,1.12,1.12
2016.10.04 11:22:37.333,1.30663,1.30671,1.75,1.12
2016.10.04 11:22:37.385,1.30664,1.30671,1.12,1.12
2016.10.04 11:22:38.116,1.30662,1.30671,1.87,1.12
2016.10.04 11:22:38.167,1.30662,1.30671,1.12,1.12
2016.10.04 11:22:38.218,1.30662,1.30671,1.50,1.12
2016.10.04 11:22:38.269,1.30662,1.30671,1.87,1.12
2016.10.04 11:22:38.321,1.30662,1.30671,1.75,1.50
2016.10.04 11:22:38.372,1.30662,1.30672,1.37,1.87
2016.10.04 11:22:38.423,1.30663,1.30672,1.37,1.12
2016.10.04 11:22:38.474,1.30663,1.30672,1.50,1.12
2016.10.04 11:22:38.750,1.30663,1.30674,1.50,1.50
2016.10.04 11:22:38.801,1.30663,1.30674,1.50,1.12
2016.10.04 11:22:39.082,1.30663,1.30674,1.50,1.50
2016.10.04 11:22:40.349,1.30665,1.30674,1.00,1.50
2016.10.04 11:22:40.860,1.30665,1.30674,1.00,2.25
2016.10.04 11:22:40.911,1.30665,1.30674,1.00,1.50
2016.10.04 11:22:40.962,1.30665,1.30673,1.00,1.00
2016.10.04 11:22:43.929,1.30665,1.30672,1.00,1.12
2016.10.04 11:22:46.934,1.30665,1.30673,1.00,2.25
2016.10.04 11:22:47.087,1.30665,1.30673,1.00,2.25
2016.10.04 11:22:47.138,1.30665,1.30673,1.00,2.62
2016.10.04 11:22:47.189,1.30665,1.30673,1.00,3.37
2016.10.04 11:22:47.291,1.30665,1.30673,1.00,2.62
2016.10.04 11:22:47.758,1.30665,1.3067,1.00,1.12
2016.10.04 11:22:53.267,1.30665,1.30674,1.00,3.37
2016.10.04 11:22:53.318,1.30665,1.30674,1.00,2.62
2016.10.04 11:22:53.369,1.30663,1.30673,1.12,1.87
2016.10.04 11:22:53.420,1.30666,1.30673,1.00,1.87
2016.10.04 11:22:53.815,1.30666,1.30673,1.00,2.62
2016.10.04 11:22:53.867,1.30666,1.30672,1.00,1.87
2016.10.04 11:22:53.919,1.30662,1.30672,1.12,1.87
2016.10.04 11:22:53.971,1.30661,1.30672,1.50,1.87
2016.10.04 11:22:54.124,1.30661,1.30672,1.50,1.50
2016.10.04 11:22:58.234,1.30659,1.30672,1.87,3.37
2016.10.04 11:22:58.285,1.30659,1.3067,1.12,1.50
2016.10.04 11:22:58.336,1.30661,1.3067,1.00,1.87
2016.10.04 11:22:58.387,1.30658,1.3067,1.87,1.87
2016.10.04 11:23:00.491,1.30658,1.3067,1.87,2.62
2016.10.04 11:23:00.740,1.30658,1.3067,1.87,3.37
2016.10.04 11:23:01.209,1.30658,1.3067,1.87,2.62
2016.10.04 11:23:01.501,1.30658,1.3067,1.87,3.37
2016.10.04 11:23:01.555,1.30657,1.30669,1.50,1.37
2016.10.04 11:23:02.014,1.30657,1.30669,1.50,1.87
2016.10.04 11:23:02.065,1.30657,1.30668,1.50,1.00
2016.10.04 11:23:02.423,1.30656,1.30668,1.87,1.87
2016.10.04 11:23:02.474,1.30656,1.30667,1.12,1.50
2016.10.04 11:23:02.525,1.30656,1.30667,1.12,1.87
2016.10.04 11:23:02.576,1.30656,1.30667,1.12,3.00
2016.10.04 11:23:02.627,1.30655,1.30667,1.37,2.25
2016.10.04 11:23:02.679,1.30652,1.30667,3.00,2.25
2016.10.04 11:23:03.221,1.30654,1.30668,1.12,1.50
2016.10.04 11:23:03.284,1.30655,1.30667,1.87,1.00
2016.10.04 11:23:03.335,1.30657,1.30668,1.12,1.12
2016.10.04 11:23:03.845,1.30658,1.30669,1.12,2.25
2016.10.04 11:23:03.997,1.30661,1.30669,1.00,1.87
2016.10.04 11:23:04.050,1.30661,1.30669,1.37,1.12
2016.10.04 11:23:04.102,1.30661,1.30669,1.12,1.12
2016.10.04 11:23:04.154,1.30661,1.30671,1.12,1.87
2016.10.04 11:23:05.901,1.3066,1.30671,1.12,1.87
2016.10.04 11:23:05.952,1.3066,1.30671,1.00,1.87
2016.10.04 11:23:06.054,1.3066,1.30668,1.00,1.12
2016.10.04 11:23:06.830,1.30658,1.30669,1.75,1.87
2016.10.04 11:23:07.034,1.30658,1.30669,1.50,1.87
2016.10.04 11:23:07.085,1.30658,1.30669,1.12,1.87
2016.10.04 11:23:07.187,1.30655,1.30665,1.87,1.12
2016.10.04 11:23:07.238,1.30655,1.30665,1.37,1.12
2016.10.04 11:23:07.289,1.30654,1.30664,1.00,1.50
2016.10.04 11:23:07.391,1.30654,1.30664,1.00,1.12
2016.10.04 11:23:07.926,1.30655,1.30664,1.00,1.12
2016.10.04 11:23:09.751,1.30654,1.30664,1.00,1.12
2016.10.04 11:23:09.802,1.30654,1.30665,1.00,1.87
2016.10.04 11:23:09.905,1.30653,1.30662,1.00,1.12
2016.10.04 11:23:11.776,1.30652,1.30662,1.00,1.12
2016.10.04 11:23:11.828,1.30651,1.30662,1.12,1.12
2016.10.04 11:23:12.612,1.30651,1.30662,1.31,1.12
2016.10.04 11:23:13.164,1.30651,1.30662,1.12,1.12
2016.10.04 11:23:16.784,1.30652,1.30662,1.00,1.12
2016.10.04 11:23:18.806,1.30652,1.30662,1.00,1.31
2016.10.04 11:23:20.397,1.30652,1.30662,1.00,1.12
2016.10.04 11:23:20.704,1.30652,1.30662,1.00,1.12
2016.10.04 11:23:21.418,1.30651,1.30662,1.00,1.12
2016.10.04 11:23:21.470,1.3065,1.30662,1.00,1.31
2016.10.04 11:23:22.742,1.30651,1.30662,1.00,1.31
2016.10.04 11:23:22.793,1.30651,1.30662,1.00,1.69
2016.10.04 11:23:22.895,1.3065,1.30662,1.00,2.44
2016.10.04 11:23:23.113,1.30649,1.30662,1.00,3.19
2016.10.04 11:23:23.165,1.30648,1.30661,1.00,1.31
2016.10.04 11:23:23.234,1.30646,1.30655,1.00,1.00
2016.10.04 11:23:23.286,1.30642,1.30654,3.37,1.25
2016.10.04 11:23:23.338,1.30642,1.30653,1.12,1.00
2016.10.04 11:23:23.491,1.30638,1.3065,1.50,1.00
2016.10.04 11:23:23.542,1.30638,1.3065,1.12,1.12
2016.10.04 11:23:23.714,1.30637,1.30649,1.12,1.12
2016.10.04 11:23:23.766,1.30636,1.30649,1.87,1.12
2016.10.04 11:23:23.818,1.30636,1.30649,1.50,1.12
2016.10.04 11:23:23.869,1.30636,1.30651,1.50,1.37
2016.10.04 11:23:23.921,1.30639,1.30651,1.00,1.00
2016.10.04 11:23:23.973,1.3064,1.30653,1.00,3.37
2016.10.04 11:23:24.709,1.30639,1.30652,1.00,1.00
2016.10.04 11:23:25.617,1.30639,1.30652,1.00,1.37
2016.10.04 11:23:25.825,1.3064,1.30653,1.00,3.00
2016.10.04 11:23:25.903,1.3064,1.30654,1.87,1.87
2016.10.04 11:23:25.954,1.3064,1.30654,1.87,1.75
2016.10.04 11:23:26.006,1.3064,1.30654,1.87,1.50
2016.10.04 11:23:26.059,1.30641,1.30654,1.00,1.50
2016.10.04 11:23:26.110,1.30641,1.30654,1.87,1.50
2016.10.04 11:23:26.212,1.30641,1.30654,1.00,2.62
2016.10.04 11:23:26.388,1.30641,1.30654,1.00,2.25
2016.10.04 11:23:26.598,1.30641,1.30654,1.00,2.62
2016.10.04 11:23:29.897,1.30639,1.30654,1.87,2.62
2016.10.04 11:23:30.458,1.3064,1.30654,1.00,1.87
2016.10.04 11:23:32.707,1.3064,1.30653,1.00,1.12
2016.10.04 11:23:33.626,1.30641,1.30653,1.00,1.87
2016.10.04 11:23:34.265,1.30641,1.30653,1.00,1.12
2016.10.04 11:23:42.497,1.30642,1.30653,1.00,1.12
2016.10.04 11:23:42.857,1.3064,1.30653,1.00,1.12
2016.10.04 11:23:42.959,1.30642,1.30653,1.00,1.12
2016.10.04 11:23:43.477,1.30642,1.30652,1.00,1.12
2016.10.04 11:23:45.441,1.30642,1.30653,1.00,1.12
2016.10.04 11:23:46.002,1.30642,1.30652,1.00,1.12
2016.10.04 11:23:54.034,1.30641,1.30652,1.00,1.12
2016.10.04 11:23:57.402,1.30641,1.30653,1.00,1.50
2016.10.04 11:23:57.871,1.30643,1.30653,1.00,1.50
2016.10.04 11:24:00.115,1.30643,1.30652,1.00,1.12
2016.10.04 11:24:01.729,1.30642,1.30652,1.00,1.12
2016.10.04 11:24:02.235,1.30641,1.30652,1.00,1.12
2016.10.04 11:24:04.949,1.3064,1.30652,1.00,1.87
2016.10.04 11:24:05.144,1.3064,1.30652,1.00,2.62
2016.10.04 11:24:05.195,1.3064,1.30652,1.00,1.87
2016.10.04 11:24:05.297,1.30642,1.30652,1.00,1.12
2016.10.04 11:24:05.349,1.30647,1.30654,1.00,1.50
2016.10.04 11:24:05.401,1.30648,1.30654,1.00,1.12
2016.10.04 11:24:05.453,1.30652,1.30657,1.00,1.37
2016.10.04 11:24:05.504,1.30654,1.30661,1.00,2.25
2016.10.04 11:24:05.556,1.30656,1.30664,1.00,1.12
2016.10.04 11:24:05.723,1.30658,1.3067,1.00,1.87
2016.10.04 11:24:05.775,1.30658,1.3067,1.00,1.37
2016.10.04 11:24:05.829,1.30656,1.30671,2.62,2.25
2016.10.04 11:24:05.900,1.30656,1.30671,2.25,2.62
2016.10.04 11:24:06.432,1.30656,1.30671,2.25,3.00
2016.10.04 11:24:06.534,1.30656,1.30671,2.25,2.62
2016.10.04 11:24:09.477,1.30657,1.30669,1.00,1.00
2016.10.04 11:24:10.713,1.30656,1.30671,1.00,1.69
2016.10.04 11:24:10.764,1.30656,1.30671,1.00,1.50
2016.10.04 11:24:10.879,1.30656,1.3067,1.00,1.00
2016.10.04 11:24:10.930,1.30656,1.30671,1.00,1.50
2016.10.04 11:24:11.134,1.30656,1.30668,1.00,1.00
2016.10.04 11:24:11.286,1.30656,1.30668,1.00,1.12
2016.10.04 11:24:11.404,1.30656,1.30668,1.00,1.00
2016.10.04 11:24:11.556,1.30654,1.30663,1.12,1.00
2016.10.04 11:24:11.607,1.30654,1.30663,1.12,1.37
2016.10.04 11:24:11.659,1.3065,1.30663,1.12,1.50
2016.10.04 11:24:11.710,1.3065,1.30661,1.12,1.37
2016.10.04 11:24:11.761,1.30646,1.30661,2.81,1.75
2016.10.04 11:24:11.812,1.30646,1.3066,2.62,1.37
2016.10.04 11:24:11.863,1.30647,1.3066,1.12,1.12
2016.10.04 11:24:11.914,1.30647,1.30661,1.87,1.75
2016.10.04 11:24:11.965,1.30649,1.3066,1.87,1.00
2016.10.04 11:24:12.016,1.30649,1.3066,1.00,1.00
2016.10.04 11:24:12.169,1.30649,1.30661,1.00,1.50
2016.10.04 11:24:12.497,1.30649,1.3066,1.00,1.87
2016.10.04 11:24:13.005,1.3065,1.3066,1.00,1.87
2016.10.04 11:24:13.225,1.30648,1.3066,1.00,1.87
2016.10.04 11:24:13.745,1.30648,1.3066,1.00,1.00
2016.10.04 11:24:14.046,1.30646,1.30658,1.00,1.87
2016.10.04 11:24:14.098,1.30645,1.30658,1.12,1.50
2016.10.04 11:24:14.149,1.30643,1.30657,1.00,2.25
2016.10.04 11:24:14.200,1.30643,1.30657,1.00,2.62
2016.10.04 11:24:14.380,1.30643,1.30656,1.00,3.00
2016.10.04 11:24:14.533,1.30642,1.30654,1.00,1.12
2016.10.04 11:24:14.635,1.30642,1.30654,1.00,1.12
2016.10.04 11:24:15.094,1.30642,1.30654,1.00,1.50
2016.10.04 11:24:16.657,1.3064,1.30652,1.00,2.25
2016.10.04 11:24:16.708,1.3064,1.30652,1.00,3.00
2016.10.04 11:24:17.267,1.3064,1.30652,1.00,2.62
2016.10.04 11:24:18.262,1.30638,1.30652,1.00,1.87
2016.10.04 11:24:19.013,1.30638,1.30652,1.12,1.87
2016.10.04 11:24:19.064,1.30638,1.30652,1.50,1.50
2016.10.04 11:24:19.115,1.30638,1.30652,1.50,1.50
2016.10.04 11:24:20.326,1.30641,1.30653,1.00,2.25
2016.10.04 11:24:23.699,1.30643,1.30653,1.00,1.50
2016.10.04 11:24:23.852,1.30645,1.30655,1.00,1.87
2016.10.04 11:24:23.904,1.30646,1.30655,1.00,1.50
2016.10.04 11:24:23.956,1.30649,1.30656,1.00,1.37
2016.10.04 11:24:24.007,1.30651,1.30656,1.00,1.00
2016.10.04 11:24:24.060,1.30652,1.3066,1.00,1.75
2016.10.04 11:24:24.111,1.30653,1.3066,1.00,1.37
2016.10.04 11:24:24.163,1.30651,1.30662,1.00,2.62
2016.10.04 11:24:24.214,1.30652,1.30662,1.00,2.25
2016.10.04 11:24:24.265,1.30653,1.30662,1.00,1.87
2016.10.04 11:24:24.317,1.30653,1.30662,1.00,1.12
2016.10.04 11:24:24.491,1.3065,1.30662,1.00,1.12
2016.10.04 11:24:25.084,1.30652,1.30662,1.00,1.12
2016.10.04 11:24:25.630,1.30653,1.30662,1.00,1.12
2016.10.04 11:24:26.253,1.30654,1.30662,1.00,1.12
2016.10.04 11:24:27.935,1.30654,1.30662,1.00,1.12
2016.10.04 11:24:28.038,1.30654,1.30663,1.00,1.12
2016.10.04 11:24:28.192,1.30656,1.30663,1.00,1.00
2016.10.04 11:24:28.383,1.30656,1.30664,1.00,1.12
2016.10.04 11:24:28.484,1.30653,1.30664,1.00,1.12
2016.10.04 11:24:28.943,1.30652,1.30664,1.00,1.50
2016.10.04 11:24:28.995,1.30652,1.30664,1.00,1.87
2016.10.04 11:24:29.297,1.30651,1.30664,1.00,2.25
2016.10.04 11:24:29.401,1.30651,1.30663,1.00,1.00
2016.10.04 11:24:29.503,1.30648,1.30661,1.12,1.00
2016.10.04 11:24:30.989,1.30647,1.30659,1.87,1.00
2016.10.04 11:24:31.547,1.30646,1.30658,1.87,1.00
2016.10.04 11:24:32.048,1.30648,1.30659,1.50,1.00
2016.10.04 11:24:32.100,1.30649,1.3066,1.87,1.00
2016.10.04 11:24:32.151,1.30651,1.3066,1.00,1.00
2016.10.04 11:24:32.203,1.30651,1.30663,1.00,1.00
2016.10.04 11:24:32.254,1.30652,1.30664,1.00,1.00
2016.10.04 11:24:32.416,1.30654,1.30663,1.00,1.00
2016.10.04 11:24:32.468,1.30653,1.30663,1.87,1.00
2016.10.04 11:24:32.520,1.30653,1.30664,1.37,1.00
2016.10.04 11:24:33.143,1.30654,1.30664,1.50,1.00
2016.10.04 11:24:34.158,1.30655,1.30667,1.50,1.00
2016.10.04 11:24:34.210,1.30655,1.30667,1.87,1.00
2016.10.04 11:24:34.262,1.30656,1.30667,1.50,1.00
2016.10.04 11:24:34.499,1.30655,1.30665,1.87,1.00
2016.10.04 11:24:34.550,1.30656,1.30665,1.50,1.00
2016.10.04 11:24:34.602,1.30656,1.30665,1.12,1.00
2016.10.04 11:24:34.653,1.30656,1.30665,1.12,1.00
2016.10.04 11:24:36.350,1.30654,1.30665,1.50,1.00
2016.10.04 11:24:36.978,1.30655,1.30666,1.12,1.00
2016.10.04 11:24:37.131,1.30655,1.30666,1.50,1.00
2016.10.04 11:24:37.198,1.30655,1.30666,2.25,1.00
2016.10.04 11:24:37.300,1.30655,1.30668,2.25,1.00
2016.10.04 11:24:37.351,1.30655,1.30668,2.25,1.00
2016.10.04 11:24:39.352,1.30655,1.30667,3.00,1.00
2016.10.04 11:24:39.403,1.30655,1.30669,2.25,1.00
2016.10.04 11:24:39.974,1.30656,1.30669,1.50,1.00
2016.10.04 11:24:40.142,1.30656,1.30669,1.87,1.00
2016.10.04 11:24:40.750,1.30656,1.30667,1.87,1.00
2016.10.04 11:24:40.987,1.30656,1.30666,1.50,1.00
2016.10.04 11:24:42.119,1.30654,1.30666,1.87,1.00
2016.10.04 11:24:45.287,1.30654,1.30667,2.25,1.00
2016.10.04 11:24:45.390,1.30654,1.30667,1.00,2.25
2016.10.04 11:24:45.923,1.30654,1.30666,1.00,1.12
2016.10.04 11:24:46.240,1.30654,1.30666,1.00,1.50
2016.10.04 11:24:46.291,1.30654,1.30666,1.00,1.87
2016.10.04 11:24:47.320,1.30652,1.30664,1.00,1.00
2016.10.04 11:24:47.371,1.30651,1.30663,1.00,1.50
2016.10.04 11:24:47.422,1.3065,1.30663,1.00,2.25
2016.10.04 11:24:47.473,1.30649,1.30663,1.00,1.37
2016.10.04 11:24:47.524,1.30648,1.30663,1.87,1.37
2016.10.04 11:24:47.575,1.30648,1.30663,1.00,1.37
2016.10.04 11:24:47.678,1.30646,1.30661,1.87,2.25
2016.10.04 11:24:47.729,1.30647,1.30659,1.12,1.00
2016.10.04 11:24:47.780,1.30646,1.30658,1.00,1.12
2016.10.04 11:24:47.882,1.30646,1.30657,1.00,1.00
2016.10.04 11:24:47.933,1.30643,1.30657,1.12,1.50
2016.10.04 11:24:47.984,1.30642,1.30654,1.87,1.00
2016.10.04 11:24:48.143,1.30641,1.30653,1.00,1.12
2016.10.04 11:24:48.194,1.3064,1.30653,1.37,1.12
2016.10.04 11:24:48.296,1.3064,1.30654,1.37,1.87
2016.10.04 11:24:48.704,1.3064,1.30654,1.37,1.00
2016.10.04 11:24:48.755,1.30641,1.30654,1.00,1.00
2016.10.04 11:24:48.858,1.30641,1.30654,1.12,1.00
2016.10.04 11:24:49.072,1.30641,1.30654,1.50,1.00
2016.10.04 11:24:49.123,1.30641,1.30654,1.87,1.00
2016.10.04 11:24:49.300,1.30641,1.30654,3.37,1.00
2016.10.04 11:24:49.352,1.30641,1.30654,3.75,1.00
2016.10.04 11:24:50.725,1.30641,1.30654,3.37,1.00
2016.10.04 11:24:51.912,1.30642,1.30655,1.12,1.00
2016.10.04 11:24:51.964,1.30644,1.30657,1.00,1.12
2016.10.04 11:24:52.016,1.30644,1.30658,1.00,2.62
2016.10.04 11:24:52.067,1.30644,1.30657,1.00,1.12
2016.10.04 11:24:52.118,1.30644,1.30657,1.00,1.12
2016.10.04 11:24:52.455,1.30644,1.30657,1.00,1.87
2016.10.04 11:24:52.506,1.30644,1.30657,1.87,1.00
2016.10.04 11:24:53.567,1.30644,1.30659,1.87,1.87
2016.10.04 11:24:54.964,1.30645,1.30657,1.00,1.00
2016.10.04 11:24:56.189,1.30644,1.30659,2.25,1.87
2016.10.04 11:24:56.359,1.30645,1.30659,1.50,1.12
2016.10.04 11:24:58.893,1.30645,1.30657,1.00,1.50
2016.10.04 11:24:59.096,1.30645,1.30658,1.00,2.81
2016.10.04 11:24:59.231,1.30644,1.30657,1.00,1.50
2016.10.04 11:24:59.283,1.30644,1.30657,1.00,1.87
2016.10.04 11:24:59.650,1.30642,1.30656,1.00,1.12
2016.10.04 11:24:59.701,1.3064,1.30654,1.00,1.12
2016.10.04 11:24:59.752,1.30642,1.30654,1.00,1.87
2016.10.04 11:24:59.803,1.30642,1.30654,1.00,2.25
2016.10.04 11:24:59.906,1.30642,1.30652,1.00,1.12
2016.10.04 11:25:00.390,1.30642,1.30654,1.00,2.25
2016.10.04 11:25:01.998,1.30642,1.30654,1.00,2.62
2016.10.04 11:25:04.020,1.30642,1.30654,1.00,1.87
2016.10.04 11:25:04.173,1.30642,1.30654,1.00,2.62
2016.10.04 11:25:04.274,1.30642,1.30654,1.00,1.87
2016.10.04 11:25:04.325,1.30642,1.30654,1.00,1.50
2016.10.04 11:25:04.428,1.30643,1.30654,1.00,1.12
2016.10.04 11:25:04.643,1.30644,1.30656,1.00,1.12
2016.10.04 11:25:04.695,1.30646,1.30657,1.00,1.50
2016.10.04 11:25:04.746,1.30647,1.30657,1.00,1.12
2016.10.04 11:25:04.797,1.30647,1.3066,1.00,2.25
2016.10.04 11:25:04.848,1.30648,1.3066,1.00,1.12
2016.10.04 11:25:04.899,1.30648,1.3066,1.00,1.87
2016.10.04 11:25:04.950,1.30648,1.3066,1.00,2.25
2016.10.04 11:25:06.046,1.30647,1.30659,1.00,1.19
2016.10.04 11:25:06.099,1.30645,1.30659,1.12,1.69
2016.10.04 11:25:06.523,1.30645,1.30659,1.12,1.12
2016.10.04 11:25:06.574,1.30646,1.3066,1.00,3.19
2016.10.04 11:25:06.625,1.30647,1.30659,1.00,1.37
2016.10.04 11:25:06.676,1.30647,1.3066,1.00,2.06
2016.10.04 11:25:06.728,1.30647,1.30659,1.00,1.00
2016.10.04 11:25:06.779,1.30647,1.3066,1.00,2.06
2016.10.04 11:25:07.207,1.30646,1.30659,1.00,1.12
2016.10.04 11:25:07.259,1.30644,1.30657,1.12,1.00
2016.10.04 11:25:07.310,1.30644,1.30657,1.12,2.25
2016.10.04 11:25:07.362,1.30644,1.30657,1.00,2.25
2016.10.04 11:25:07.413,1.30644,1.30653,1.00,1.50
2016.10.04 11:25:08.978,1.30643,1.30653,1.00,1.50
2016.10.04 11:25:09.814,1.30643,1.30653,1.00,1.12
2016.10.04 11:25:09.916,1.30643,1.30655,1.00,1.12
2016.10.04 11:25:09.967,1.30643,1.30655,1.00,1.12
2016.10.04 11:25:13.171,1.30643,1.30655,1.00,1.50
2016.10.04 11:25:13.222,1.30643,1.30655,1.00,1.87
2016.10.04 11:25:13.740,1.30643,1.30655,1.00,2.62
2016.10.04 11:25:14.166,1.30643,1.30654,1.00,1.00
2016.10.04 11:25:14.217,1.30643,1.30655,1.00,2.25
2016.10.04 11:25:14.328,1.30641,1.30655,1.12,1.50
2016.10.04 11:25:16.696,1.30641,1.30654,1.00,1.00
2016.10.04 11:25:19.252,1.30641,1.30655,1.00,1.12
2016.10.04 11:25:19.354,1.30641,1.30655,1.00,1.12
2016.10.04 11:25:24.500,1.30641,1.30653,1.00,1.12
2016.10.04 11:25:24.907,1.30642,1.30655,1.00,2.62
2016.10.04 11:25:24.958,1.30642,1.30655,1.00,2.25
2016.10.04 11:25:25.009,1.30643,1.30655,1.00,1.50
2016.10.04 11:25:25.060,1.30643,1.30655,1.00,1.12
2016.10.04 11:25:25.111,1.30643,1.30657,1.00,2.25
2016.10.04 11:25:27.479,1.30643,1.30657,1.00,3.00
2016.10.04 11:25:29.346,1.30642,1.30657,2.25,3.00
2016.10.04 11:25:29.397,1.30642,1.30657,2.25,2.25
2016.10.04 11:25:29.448,1.30642,1.30657,2.62,2.25
2016.10.04 11:25:29.774,1.30642,1.30657,1.87,2.25
2016.10.04 11:25:29.913,1.30642,1.30657,2.25,1.87
2016.10.04 11:25:29.970,1.30648,1.30659,1.00,1.00
2016.10.04 11:25:30.023,1.3065,1.3066,1.00,1.00
2016.10.04 11:25:30.075,1.30649,1.30662,1.00,1.87
2016.10.04 11:25:30.127,1.30649,1.30664,1.37,3.75
2016.10.04 11:25:30.230,1.30649,1.30664,1.50,3.37
2016.10.04 11:25:30.435,1.30649,1.30664,1.50,3.75
2016.10.04 11:25:30.486,1.30649,1.30664,1.50,3.00
2016.10.04 11:25:30.537,1.3065,1.30664,1.50,1.50
2016.10.04 11:25:30.805,1.3065,1.30663,1.50,1.00
2016.10.04 11:25:31.666,1.30649,1.30663,1.12,2.25
2016.10.04 11:25:31.768,1.30649,1.30663,1.00,2.25
2016.10.04 11:25:32.241,1.30648,1.30661,1.00,1.12
2016.10.04 11:25:32.292,1.30648,1.30661,1.00,1.50
2016.10.04 11:25:32.559,1.30648,1.3066,1.00,1.00
2016.10.04 11:25:32.661,1.30648,1.3066,1.00,1.12
2016.10.04 11:25:32.713,1.30647,1.30661,1.00,1.87
2016.10.04 11:25:32.764,1.30647,1.30661,1.00,2.25
2016.10.04 11:25:34.073,1.30647,1.30661,1.00,1.87
2016.10.04 11:25:34.929,1.30647,1.30661,1.00,2.62
2016.10.04 11:25:34.980,1.30646,1.30661,1.87,2.62
2016.10.04 11:25:35.031,1.30646,1.3066,1.00,1.50
2016.10.04 11:25:35.133,1.30648,1.3066,1.00,1.37
2016.10.04 11:25:35.184,1.30648,1.3066,1.00,1.50
2016.10.04 11:25:35.907,1.30648,1.30659,1.00,1.50
2016.10.04 11:25:36.112,1.30648,1.30659,1.00,1.87
2016.10.04 11:25:36.851,1.30646,1.30659,1.00,1.87
2016.10.04 11:25:37.054,1.30644,1.30659,1.87,2.25
2016.10.04 11:25:37.105,1.30642,1.30655,1.50,1.00
2016.10.04 11:25:37.157,1.30641,1.30656,2.25,1.75
2016.10.04 11:25:37.208,1.30641,1.30654,1.00,1.87
2016.10.04 11:25:37.330,1.30641,1.30655,1.00,2.25
2016.10.04 11:25:37.382,1.30641,1.30654,1.00,1.12
2016.10.04 11:25:39.497,1.30641,1.30653,1.00,1.12
2016.10.04 11:25:39.599,1.30641,1.30653,1.00,1.00
2016.10.04 11:25:40.882,1.3064,1.30652,1.00,1.00
2016.10.04 11:25:41.710,1.30642,1.30653,1.12,1.00
2016.10.04 11:25:41.761,1.30642,1.30653,1.87,1.00
2016.10.04 11:25:41.813,1.30642,1.30653,1.12,1.00
2016.10.04 11:25:41.864,1.30642,1.30653,1.87,1.00
2016.10.04 11:25:41.915,1.30642,1.30656,1.87,1.87
2016.10.04 11:25:42.017,1.30642,1.30656,1.87,1.50
2016.10.04 11:25:43.941,1.30644,1.30656,1.00,1.00
2016.10.04 11:25:44.475,1.30645,1.30656,1.00,1.00
2016.10.04 11:25:44.577,1.30647,1.30656,1.00,1.00
2016.10.04 11:25:44.628,1.30648,1.30656,1.12,1.00
2016.10.04 11:25:44.680,1.30648,1.30659,1.12,2.25
2016.10.04 11:25:44.732,1.30648,1.30661,1.12,1.50
2016.10.04 11:25:44.783,1.30648,1.30662,1.87,1.50
2016.10.04 11:25:45.211,1.30648,1.30663,1.87,2.62
2016.10.04 11:25:46.990,1.3065,1.30663,1.00,2.62
2016.10.04 11:25:48.059,1.3065,1.30662,1.00,1.00
2016.10.04 11:25:48.161,1.3065,1.30663,1.00,2.62
2016.10.04 11:25:49.849,1.30651,1.30663,1.00,2.62
2016.10.04 11:25:49.901,1.30651,1.30663,1.00,1.87
2016.10.04 11:25:49.952,1.3065,1.30663,1.00,2.62
2016.10.04 11:25:52.131,1.3065,1.30663,1.00,2.25
2016.10.04 11:25:52.234,1.3065,1.30663,1.12,1.00
2016.10.04 11:25:52.336,1.30649,1.30663,2.62,1.00
2016.10.04 11:25:54.144,1.30649,1.30663,2.25,1.00
2016.10.04 11:25:54.195,1.30649,1.30663,1.87,1.00
2016.10.04 11:25:55.430,1.30649,1.30663,1.00,1.87
2016.10.04 11:25:56.041,1.30649,1.30662,1.00,1.00
2016.10.04 11:25:56.329,1.30649,1.30663,1.00,1.12
2016.10.04 11:25:56.381,1.30649,1.30663,1.00,1.87
2016.10.04 11:25:57.089,1.30648,1.30663,3.00,1.87
2016.10.04 11:25:57.799,1.30648,1.30662,3.00,1.00
2016.10.04 11:25:58.298,1.30648,1.30663,3.37,1.87
2016.10.04 11:25:58.349,1.30651,1.30663,1.12,1.00
2016.10.04 11:25:58.859,1.30651,1.30662,1.12,1.00
2016.10.04 11:25:59.062,1.30654,1.30667,1.00,1.50
2016.10.04 11:25:59.114,1.30656,1.30667,1.00,1.00
2016.10.04 11:25:59.166,1.30656,1.30668,1.00,1.12
2016.10.04 11:25:59.218,1.30656,1.30668,1.12,1.50
2016.10.04 11:25:59.269,1.30656,1.30668,1.50,1.50
2016.10.04 11:25:59.422,1.30656,1.30668,1.87,1.50
2016.10.04 11:25:59.473,1.30656,1.30668,2.25,1.50
2016.10.04 11:25:59.730,1.30657,1.30668,1.50,1.50
2016.10.04 11:26:05.087,1.30657,1.30667,1.50,1.00
2016.10.04 11:26:07.659,1.30657,1.30668,1.50,1.00
2016.10.04 11:26:07.761,1.30657,1.30669,1.50,1.00
2016.10.04 11:26:07.863,1.30657,1.30669,1.12,1.00
2016.10.04 11:26:07.964,1.30657,1.30669,1.12,1.00
2016.10.04 11:26:11.053,1.3066,1.30671,1.87,1.50
2016.10.04 11:26:11.104,1.3066,1.30671,1.50,1.50
2016.10.04 11:26:11.155,1.30659,1.30671,1.87,1.87
2016.10.04 11:26:11.206,1.30659,1.3067,1.87,1.00
2016.10.04 11:26:11.399,1.30657,1.3067,1.50,1.00
2016.10.04 11:26:11.452,1.30657,1.30669,1.12,1.00
2016.10.04 11:26:11.503,1.30656,1.30668,1.87,1.00
2016.10.04 11:26:11.554,1.30657,1.30667,1.50,1.00
2016.10.04 11:26:11.605,1.30657,1.30666,1.12,1.00
2016.10.04 11:26:11.657,1.30655,1.30666,1.00,1.00
2016.10.04 11:26:11.708,1.30654,1.30666,1.37,1.00
2016.10.04 11:26:11.810,1.30653,1.30666,2.62,1.00
2016.10.04 11:26:12.065,1.30653,1.30665,1.75,1.00
2016.10.04 11:26:12.116,1.30652,1.30665,3.00,1.00
2016.10.04 11:26:12.283,1.30653,1.30665,1.12,1.00
2016.10.04 11:26:12.385,1.30652,1.30665,3.37,1.00
2016.10.04 11:26:14.242,1.30652,1.30665,3.00,1.00
2016.10.04 11:26:14.305,1.30653,1.30665,1.00,1.00
2016.10.04 11:26:14.560,1.30653,1.30665,1.00,1.87
2016.10.04 11:26:15.578,1.30651,1.30663,1.50,1.00
2016.10.04 11:26:15.900,1.30651,1.30662,1.00,1.00
2016.10.04 11:26:16.104,1.30648,1.3066,1.87,1.00
2016.10.04 11:26:16.207,1.30646,1.30659,1.87,1.00
2016.10.04 11:26:16.727,1.30647,1.30659,1.75,1.00
2016.10.04 11:26:16.778,1.30648,1.30659,1.00,1.00
2016.10.04 11:26:16.880,1.30645,1.30657,3.00,1.00
2016.10.04 11:26:17.084,1.30645,1.30658,3.37,1.00
2016.10.04 11:26:17.187,1.30645,1.30658,3.00,1.00
2016.10.04 11:26:17.734,1.30645,1.30657,3.00,1.00
2016.10.04 11:26:17.837,1.30646,1.30657,1.37,1.00
2016.10.04 11:26:17.889,1.30646,1.30659,1.37,1.00
2016.10.04 11:26:17.941,1.30645,1.30657,2.62,1.00
2016.10.04 11:26:17.992,1.30645,1.30656,2.25,1.00
2016.10.04 11:26:18.094,1.30645,1.30656,1.87,1.00
2016.10.04 11:26:18.485,1.30645,1.30657,2.62,1.00
2016.10.04 11:26:18.536,1.30645,1.30657,3.00,1.00
2016.10.04 11:26:18.644,1.30647,1.30658,1.12,1.00
2016.10.04 11:26:21.097,1.30647,1.30657,1.12,1.00
2016.10.04 11:26:21.781,1.30647,1.30657,1.12,1.00
2016.10.04 11:26:21.884,1.30646,1.30656,1.12,1.00
2016.10.04 11:26:21.986,1.30645,1.30657,1.75,1.12
2016.10.04 11:26:22.166,1.30645,1.30658,1.75,1.00
2016.10.04 11:26:22.221,1.30647,1.30658,1.37,1.00
2016.10.04 11:26:22.273,1.30647,1.30658,1.12,1.00
2016.10.04 11:26:22.784,1.30647,1.30657,1.12,1.00
2016.10.04 11:26:23.106,1.30647,1.30658,1.12,1.00
2016.10.04 11:26:24.216,1.30647,1.30657,1.12,1.00
2016.10.04 11:26:24.268,1.30645,1.30656,1.12,1.00
2016.10.04 11:26:24.319,1.30645,1.30656,1.00,1.00
2016.10.04 11:26:24.421,1.30644,1.30656,1.12,1.00
2016.10.04 11:26:24.472,1.30647,1.30656,1.00,1.00
2016.10.04 11:26:26.016,1.30647,1.30655,1.00,1.00
2016.10.04 11:26:26.272,1.30647,1.30656,1.00,1.50
2016.10.04 11:26:26.324,1.30647,1.30656,1.00,1.50
2016.10.04 11:26:26.376,1.30645,1.30656,2.62,1.00
2016.10.04 11:26:26.429,1.30646,1.30659,1.00,1.50
2016.10.04 11:26:26.480,1.30648,1.30659,1.37,1.50
2016.10.04 11:26:26.531,1.30648,1.30659,1.75,1.50
2016.10.04 11:26:26.582,1.30648,1.30659,1.12,1.50
2016.10.04 11:26:27.083,1.30649,1.30659,1.12,1.00
2016.10.04 11:26:27.236,1.30647,1.30658,1.12,1.00
2016.10.04 11:26:27.287,1.30646,1.30658,1.75,1.00
2016.10.04 11:26:27.466,1.30646,1.30658,1.12,1.00
2016.10.04 11:26:27.822,1.30648,1.30654,1.00,1.00
2016.10.04 11:26:27.874,1.30645,1.30655,1.12,1.00
2016.10.04 11:26:27.976,1.30645,1.30652,1.12,1.00
2016.10.04 11:26:28.028,1.30644,1.30651,1.37,1.00
2016.10.04 11:26:28.079,1.30644,1.30651,1.00,1.00
2016.10.04 11:26:28.130,1.30641,1.30651,2.25,1.00
2016.10.04 11:26:28.183,1.30642,1.30651,1.00,1.00
2016.10.04 11:26:29.390,1.30642,1.30649,1.00,1.00
2016.10.04 11:26:29.442,1.3064,1.30648,1.00,1.00
2016.10.04 11:26:29.493,1.30637,1.30648,1.75,1.00
2016.10.04 11:26:29.595,1.30637,1.30648,1.12,1.00
2016.10.04 11:26:29.925,1.30637,1.3065,1.12,1.00
2016.10.04 11:26:29.976,1.3064,1.3065,1.12,1.00
2016.10.04 11:26:30.028,1.30639,1.30651,1.87,1.87
2016.10.04 11:26:30.079,1.3064,1.30651,1.37,1.00
2016.10.04 11:26:30.220,1.30642,1.30654,2.25,1.00
2016.10.04 11:26:30.272,1.30645,1.30655,1.12,1.00
2016.10.04 11:26:30.323,1.30645,1.30656,1.37,1.00
2016.10.04 11:26:30.375,1.30647,1.30656,1.00,1.00
2016.10.04 11:26:30.919,1.30644,1.30656,1.75,1.00
2016.10.04 11:26:30.970,1.30646,1.30654,1.00,1.00
2016.10.04 11:26:31.484,1.30646,1.30653,1.00,1.00
2016.10.04 11:26:32.025,1.30646,1.30655,1.00,1.00
2016.10.04 11:26:32.536,1.30646,1.30656,1.00,1.00
2016.10.04 11:26:32.861,1.30645,1.30656,3.00,1.00
2016.10.04 11:26:32.913,1.30645,1.30656,2.25,1.00
2016.10.04 11:26:33.798,1.30645,1.30655,2.25,1.00
2016.10.04 11:26:33.849,1.30645,1.30653,2.25,1.00
2016.10.04 11:26:33.900,1.30645,1.30654,1.12,1.00
2016.10.04 11:26:33.951,1.30644,1.30654,1.87,1.00
2016.10.04 11:26:34.003,1.30643,1.30653,1.37,1.00
2016.10.04 11:26:34.054,1.30644,1.30653,1.50,1.00
2016.10.04 11:26:34.106,1.30644,1.30652,1.12,1.00
2016.10.04 11:26:34.157,1.30642,1.3065,1.00,1.00
2016.10.04 11:26:34.209,1.30639,1.3065,1.12,1.00
2016.10.04 11:26:34.311,1.3064,1.30649,1.00,1.00
2016.10.04 11:26:34.362,1.30637,1.30649,1.12,1.00
2016.10.04 11:26:35.840,1.30641,1.30651,1.00,1.12
2016.10.04 11:26:35.909,1.30638,1.3065,1.87,1.00
2016.10.04 11:26:35.960,1.3064,1.30653,1.50,1.87
2016.10.04 11:26:36.011,1.3064,1.30652,2.62,1.00
2016.10.04 11:26:36.063,1.30642,1.30651,1.50,1.00
2016.10.04 11:26:36.114,1.30642,1.30651,1.87,1.00
2016.10.04 11:26:36.165,1.30642,1.3065,1.50,1.00
2016.10.04 11:26:36.216,1.30642,1.3065,1.12,1.00
2016.10.04 11:26:36.744,1.30642,1.30649,1.12,1.00
2016.10.04 11:26:37.098,1.30638,1.30649,1.12,1.00
2016.10.04 11:26:37.149,1.30638,1.30651,1.12,1.50
2016.10.04 11:26:38.068,1.30642,1.30653,1.00,1.12
2016.10.04 11:26:38.119,1.30639,1.30653,1.37,1.87
2016.10.04 11:26:38.170,1.3064,1.30652,1.87,1.12
2016.10.04 11:26:38.221,1.30642,1.30652,1.12,1.12
2016.10.04 11:26:38.272,1.30642,1.30654,3.00,1.00
2016.10.04 11:26:38.323,1.30642,1.30657,3.00,1.50
2016.10.04 11:26:38.374,1.30643,1.30657,1.87,1.50
2016.10.04 11:26:38.425,1.30645,1.30657,1.00,1.00
2016.10.04 11:26:38.476,1.30643,1.30657,2.62,1.00
2016.10.04 11:26:38.743,1.30645,1.30658,1.37,1.87
2016.10.04 11:26:38.794,1.30645,1.30658,2.25,1.00
2016.10.04 11:26:38.896,1.30645,1.30658,1.37,1.00
2016.10.04 11:26:38.999,1.30644,1.30658,2.25,1.00
2016.10.04 11:26:39.356,1.30644,1.30656,2.25,1.00
2016.10.04 11:26:39.407,1.30645,1.30658,1.50,1.00
2016.10.04 11:26:39.458,1.30645,1.30658,2.62,1.00
2016.10.04 11:26:39.509,1.30645,1.30658,2.62,1.12
2016.10.04 11:26:39.690,1.30648,1.3066,1.12,2.62
2016.10.04 11:26:39.741,1.30647,1.3066,1.87,1.87
2016.10.04 11:26:39.792,1.30647,1.30659,3.00,1.00
2016.10.04 11:26:39.894,1.30647,1.30659,1.87,1.00
2016.10.04 11:26:40.684,1.30647,1.3066,1.37,1.87
2016.10.04 11:26:40.839,1.30647,1.3066,1.37,1.12
2016.10.04 11:26:40.941,1.30648,1.3066,1.12,1.87
2016.10.04 11:26:41.484,1.30648,1.3066,1.12,1.00
2016.10.04 11:26:42.163,1.30647,1.30662,1.50,1.50
2016.10.04 11:26:42.214,1.30648,1.3066,1.12,1.00
2016.10.04 11:26:42.266,1.30647,1.30659,1.50,1.00
2016.10.04 11:26:42.317,1.30646,1.3066,1.75,2.62
2016.10.04 11:26:42.368,1.30646,1.30658,1.75,1.12
2016.10.04 11:26:42.420,1.30646,1.30658,1.50,1.50
2016.10.04 11:26:42.471,1.30646,1.30658,1.12,1.50
2016.10.04 11:26:42.523,1.30646,1.30658,1.12,1.12
2016.10.04 11:26:43.122,1.30645,1.30658,1.50,1.12
2016.10.04 11:26:43.858,1.30645,1.30658,1.87,1.12
2016.10.04 11:26:43.909,1.30645,1.30659,3.00,1.00
2016.10.04 11:26:44.243,1.30645,1.30655,1.87,1.00
2016.10.04 11:26:44.294,1.30645,1.30654,1.37,1.00
2016.10.04 11:26:44.346,1.30643,1.30653,1.12,1.00
2016.10.04 11:26:44.397,1.30639,1.30653,3.37,1.00
2016.10.04 11:26:44.499,1.30639,1.30653,2.25,1.00
2016.10.04 11:26:44.868,1.3064,1.30653,1.37,1.00
2016.10.04 11:26:46.074,1.3064,1.30653,1.12,1.00
2016.10.04 11:26:46.177,1.3064,1.30653,1.12,1.87
2016.10.04 11:26:46.228,1.3064,1.30653,1.12,2.25
2016.10.04 11:26:47.479,1.3064,1.30653,1.00,2.25
2016.10.04 11:26:50.271,1.3064,1.30653,1.37,2.25
2016.10.04 11:26:50.991,1.3064,1.30653,1.12,2.25
2016.10.04 11:26:51.093,1.3064,1.30653,1.00,2.25
2016.10.04 11:26:51.144,1.3064,1.30649,1.00,1.00
2016.10.04 11:26:51.247,1.30636,1.30647,1.12,1.00
2016.10.04 11:26:51.298,1.30635,1.30646,1.50,1.00
2016.10.04 11:26:51.349,1.30635,1.30646,1.12,1.00
2016.10.04 11:26:51.514,1.30633,1.30645,1.50,1.00
2016.10.04 11:26:51.667,1.30633,1.30645,1.87,1.00
2016.10.04 11:26:51.769,1.30633,1.30645,1.12,1.00
2016.10.04 11:26:52.024,1.30633,1.30645,1.50,1.00
2016.10.04 11:26:52.247,1.30633,1.30645,1.12,1.00
2016.10.04 11:26:52.604,1.30633,1.30645,1.87,1.00
2016.10.04 11:26:53.336,1.30637,1.30648,1.00,1.12
2016.10.04 11:26:53.388,1.3064,1.30649,1.00,1.12
2016.10.04 11:26:53.490,1.30644,1.30652,1.00,1.50
2016.10.04 11:26:53.541,1.30644,1.30652,1.00,1.12
2016.10.04 11:26:54.803,1.30644,1.30652,1.00,1.12
2016.10.04 11:26:55.355,1.30645,1.30652,1.00,1.12
2016.10.04 11:26:58.487,1.30646,1.30654,1.00,1.50
2016.10.04 11:26:58.589,1.30649,1.30657,1.00,1.87
2016.10.04 11:26:58.751,1.30649,1.30657,1.00,1.50
2016.10.04 11:26:58.816,1.30644,1.30656,1.00,1.00
2016.10.04 11:26:59.394,1.30644,1.30655,1.00,1.00
2016.10.04 11:26:59.466,1.30642,1.30655,2.25,1.00
2016.10.04 11:26:59.517,1.30642,1.30655,1.87,1.00
2016.10.04 11:26:59.568,1.30642,1.30654,1.12,1.00
2016.10.04 11:26:59.619,1.30641,1.30651,1.37,1.00
2016.10.04 11:26:59.833,1.30638,1.30651,1.69,1.00
2016.10.04 11:26:59.884,1.30639,1.30648,1.12,1.00
2016.10.04 11:26:59.986,1.30637,1.30648,1.31,1.00
2016.10.04 11:27:00.291,1.30637,1.30648,1.31,1.00
2016.10.04 11:27:00.393,1.30637,1.30649,1.31,1.00
2016.10.04 11:27:00.568,1.30637,1.30649,1.69,1.00
2016.10.04 11:27:00.621,1.30637,1.30648,3.56,1.00
2016.10.04 11:27:00.672,1.30637,1.30648,2.06,1.00
2016.10.04 11:27:00.723,1.30637,1.30648,2.44,1.00
2016.10.04 11:27:00.774,1.30637,1.3065,2.06,1.00
2016.10.04 11:27:00.829,1.30637,1.30648,1.50,1.00
2016.10.04 11:27:00.902,1.30637,1.30648,1.50,1.00
2016.10.04 11:27:01.003,1.30637,1.30648,1.50,1.00
2016.10.04 11:27:01.486,1.30637,1.30646,1.50,1.00
2016.10.04 11:27:01.588,1.30637,1.30646,1.12,1.00
2016.10.04 11:27:02.380,1.30637,1.30647,1.12,1.00
2016.10.04 11:27:02.706,1.30637,1.30647,1.50,1.00
2016.10.04 11:27:02.978,1.30637,1.30647,1.12,1.00
2016.10.04 11:27:03.389,1.30636,1.30646,1.00,1.00
2016.10.04 11:27:03.440,1.30635,1.30645,1.12,1.00
2016.10.04 11:27:03.492,1.30633,1.30645,1.00,1.87
2016.10.04 11:27:03.543,1.30632,1.30644,1.00,1.00
2016.10.04 11:27:03.786,1.30631,1.30643,1.00,1.00
2016.10.04 11:27:04.192,1.3063,1.30643,3.00,1.00
2016.10.04 11:27:04.831,1.3063,1.30643,2.25,1.00
2016.10.04 11:27:05.759,1.3063,1.30642,2.25,1.00
2016.10.04 11:27:05.989,1.3063,1.30643,3.00,1.00
2016.10.04 11:27:06.142,1.30631,1.30643,1.50,1.00
2016.10.04 11:27:06.194,1.30633,1.30645,1.12,1.00
2016.10.04 11:27:06.296,1.30633,1.30645,1.50,1.00
2016.10.04 11:27:07.009,1.30633,1.30643,1.50,1.00
2016.10.04 11:27:07.138,1.30631,1.30643,1.37,2.25
2016.10.04 11:27:07.190,1.30625,1.30637,3.37,1.00
2016.10.04 11:27:07.242,1.30625,1.30637,1.50,1.00
2016.10.04 11:27:07.344,1.30625,1.30637,1.00,1.00
2016.10.04 11:27:07.395,1.30625,1.30638,1.00,1.50
2016.10.04 11:27:07.498,1.30625,1.30638,1.00,1.00
2016.10.04 11:27:11.683,1.30625,1.30637,1.00,1.00
2016.10.04 11:27:11.837,1.30625,1.30637,1.87,1.00
2016.10.04 11:27:12.209,1.30625,1.30636,1.12,1.00
2016.10.04 11:27:13.254,1.30625,1.30638,1.12,1.19
2016.10.04 11:27:13.305,1.30625,1.30636,1.12,1.00
2016.10.04 11:27:14.036,1.30625,1.30637,1.12,1.00
2016.10.04 11:27:15.252,1.30625,1.30639,1.12,1.50
2016.10.04 11:27:15.303,1.30626,1.30638,1.00,1.00
2016.10.04 11:27:15.354,1.30625,1.30637,1.87,1.00
2016.10.04 11:27:15.457,1.30626,1.30638,1.00,1.00
2016.10.04 11:27:15.609,1.30627,1.30638,1.12,1.00
2016.10.04 11:27:16.438,1.30627,1.30639,1.12,1.00
2016.10.04 11:27:16.489,1.30627,1.30639,1.87,1.00
2016.10.04 11:27:16.591,1.30627,1.30641,1.12,1.50
2016.10.04 11:27:16.642,1.30628,1.30641,1.12,1.50
2016.10.04 11:27:16.693,1.30628,1.30641,1.50,1.50
2016.10.04 11:27:16.897,1.30627,1.30641,1.12,1.50
2016.10.04 11:27:17.033,1.30627,1.30639,1.87,1.00
2016.10.04 11:27:17.543,1.30627,1.30639,1.12,1.00
2016.10.04 11:27:17.594,1.3063,1.30642,1.00,3.75
2016.10.04 11:27:18.266,1.30627,1.3064,1.87,1.12
2016.10.04 11:27:18.317,1.30627,1.30638,1.00,1.12
2016.10.04 11:27:18.368,1.30625,1.30638,1.00,1.87
2016.10.04 11:27:18.420,1.30628,1.30637,1.00,1.12
2016.10.04 11:27:18.522,1.30628,1.3064,1.00,1.37
2016.10.04 11:27:18.574,1.30628,1.30641,1.00,2.25
2016.10.04 11:27:18.676,1.30629,1.30641,1.00,1.87
2016.10.04 11:27:18.731,1.30628,1.30642,1.00,3.37
2016.10.04 11:27:18.782,1.30629,1.30641,1.00,1.87
2016.10.04 11:27:18.833,1.30629,1.3064,1.00,2.25
2016.10.04 11:27:18.884,1.30629,1.30639,1.00,1.00
2016.10.04 11:27:19.266,1.30629,1.3064,1.00,1.87
2016.10.04 11:27:19.368,1.30629,1.3064,1.00,1.87
2016.10.04 11:27:21.657,1.30629,1.3064,1.00,1.50
2016.10.04 11:27:21.708,1.30629,1.3064,1.00,1.12
2016.10.04 11:27:24.062,1.30628,1.3064,1.00,1.12
2016.10.04 11:27:24.113,1.30628,1.3064,1.00,1.87
2016.10.04 11:27:24.164,1.30628,1.3064,1.00,2.25
2016.10.04 11:27:24.215,1.30628,1.3064,1.00,3.00
2016.10.04 11:27:24.418,1.30628,1.3064,1.00,3.37
2016.10.04 11:27:25.301,1.30629,1.3064,1.00,2.62
2016.10.04 11:27:25.428,1.30629,1.3064,1.00,1.12
2016.10.04 11:27:25.776,1.30631,1.30642,1.00,1.12
2016.10.04 11:27:27.637,1.30626,1.30638,1.00,1.50
2016.10.04 11:27:27.688,1.30628,1.30638,1.00,1.87
2016.10.04 11:27:27.740,1.30628,1.30637,1.00,1.50
2016.10.04 11:27:27.842,1.30628,1.30637,1.00,1.50
2016.10.04 11:27:28.849,1.30629,1.30637,1.00,1.50
2016.10.04 11:27:30.326,1.30629,1.30638,1.00,1.50
2016.10.04 11:27:30.377,1.30629,1.30638,1.00,1.37
2016.10.04 11:27:30.428,1.30629,1.30638,1.00,1.12
2016.10.04 11:27:30.830,1.30629,1.30636,1.00,1.12
2016.10.04 11:27:31.484,1.30629,1.30636,1.00,1.50
2016.10.04 11:27:31.665,1.30626,1.30635,1.00,1.50
2016.10.04 11:27:31.717,1.30626,1.30635,1.00,1.87
2016.10.04 11:27:31.768,1.30627,1.30635,1.00,1.50
2016.10.04 11:27:31.819,1.30627,1.30635,1.00,1.50
2016.10.04 11:27:31.870,1.30627,1.30635,1.00,1.87
2016.10.04 11:27:31.921,1.30627,1.30634,1.00,1.00
2016.10.04 11:27:32.558,1.30625,1.30634,1.00,1.00
2016.10.04 11:27:32.762,1.30629,1.30634,1.00,1.00
2016.10.04 11:27:32.813,1.30627,1.30635,1.00,1.00
2016.10.04 11:27:32.864,1.30626,1.30636,1.00,1.50
2016.10.04 11:27:33.232,1.30628,1.30636,1.00,1.50
2016.10.04 11:27:33.336,1.30628,1.30636,1.00,1.50
2016.10.04 11:27:33.387,1.30628,1.30635,1.00,1.00
2016.10.04 11:27:33.592,1.30628,1.30636,1.00,2.25
2016.10.04 11:27:33.643,1.30628,1.30636,1.00,1.12
2016.10.04 11:27:33.963,1.30629,1.30637,1.00,1.00
2016.10.04 11:27:34.691,1.30632,1.30637,1.00,1.00
2016.10.04 11:27:34.836,1.30632,1.30639,1.00,1.50
2016.10.04 11:27:34.888,1.30632,1.3064,1.00,1.37
2016.10.04 11:27:35.041,1.30633,1.3064,1.00,1.00
2016.10.04 11:27:35.092,1.30633,1.30642,1.00,1.75
2016.10.04 11:27:36.213,1.30634,1.30642,1.00,1.75
2016.10.04 11:27:36.417,1.30633,1.3064,1.00,1.50
2016.10.04 11:27:36.519,1.30631,1.3064,1.00,1.50
2016.10.04 11:27:36.570,1.30631,1.3064,1.00,1.87
2016.10.04 11:27:36.770,1.30633,1.3064,1.00,1.87
2016.10.04 11:27:37.126,1.30632,1.30641,1.00,3.00
2016.10.04 11:27:37.177,1.30632,1.30641,1.00,2.25
2016.10.04 11:27:37.228,1.30632,1.30638,1.00,1.12
2016.10.04 11:27:41.968,1.3063,1.30638,1.00,1.12
2016.10.04 11:27:42.986,1.3063,1.30638,1.00,1.12
2016.10.04 11:27:43.038,1.30628,1.30635,1.00,1.12
2016.10.04 11:27:43.241,1.30627,1.30637,1.00,1.00
2016.10.04 11:27:43.292,1.3063,1.30637,1.00,1.00
2016.10.04 11:27:43.394,1.30628,1.30637,1.00,1.00
2016.10.04 11:27:44.025,1.3063,1.30637,1.00,1.00
2016.10.04 11:27:44.128,1.30634,1.30639,1.00,1.87
2016.10.04 11:27:44.180,1.30635,1.30639,1.00,1.50
2016.10.04 11:27:44.231,1.30635,1.30642,1.00,1.12
2016.10.04 11:27:44.282,1.30636,1.30643,1.00,2.25
2016.10.04 11:27:44.442,1.30636,1.30643,1.00,1.87
2016.10.04 11:27:44.495,1.30636,1.30643,1.00,1.00
2016.10.04 11:27:45.172,1.30637,1.30643,1.00,1.87
2016.10.04 11:27:45.224,1.30634,1.30643,1.00,1.87
2016.10.04 11:27:45.420,1.30634,1.30643,1.00,1.50
2016.10.04 11:27:45.472,1.30636,1.30642,1.00,1.00
2016.10.04 11:27:45.982,1.30634,1.30642,1.00,1.00
2016.10.04 11:27:46.555,1.30635,1.30642,1.00,1.00
2016.10.04 11:27:47.244,1.30634,1.30642,1.00,1.00
2016.10.04 11:27:47.295,1.30635,1.30642,1.00,1.00
2016.10.04 11:27:47.346,1.30635,1.30643,1.00,1.87
2016.10.04 11:27:47.502,1.30635,1.30642,1.00,1.12
2016.10.04 11:27:47.656,1.30636,1.3064,1.00,1.00
2016.10.04 11:27:48.528,1.30634,1.30642,1.00,1.12
2016.10.04 11:27:49.088,1.30635,1.30642,1.00,1.12
2016.10.04 11:27:49.716,1.30634,1.30642,1.00,1.12
2016.10.04 11:27:49.767,1.30634,1.30644,1.00,1.75
2016.10.04 11:27:49.818,1.30634,1.30646,1.00,1.87
2016.10.04 11:27:49.949,1.30637,1.30645,1.00,1.87
2016.10.04 11:27:50.000,1.3064,1.30645,1.00,1.50
2016.10.04 11:27:50.052,1.30642,1.30649,1.00,2.62
2016.10.04 11:27:50.103,1.30642,1.30649,1.00,1.50
2016.10.04 11:27:50.154,1.30643,1.30649,1.00,1.12
2016.10.04 11:27:50.256,1.30646,1.30654,1.00,2.25
2016.10.04 11:27:50.307,1.30646,1.30654,1.00,1.12
2016.10.04 11:27:50.358,1.30646,1.30656,1.00,1.50
2016.10.04 11:27:50.410,1.30647,1.30656,1.00,1.37
2016.10.04 11:27:50.462,1.30647,1.30656,1.00,1.12
2016.10.04 11:27:50.564,1.30647,1.30656,1.00,1.12
2016.10.04 11:27:51.859,1.30647,1.30656,1.00,1.50
2016.10.04 11:27:51.910,1.30647,1.30656,1.00,1.87
2016.10.04 11:27:52.430,1.30648,1.30657,1.00,3.37
2016.10.04 11:27:52.836,1.30648,1.30655,1.00,1.00
2016.10.04 11:27:53.002,1.30648,1.30657,1.00,2.62
2016.10.04 11:27:53.330,1.30648,1.30656,1.00,1.50
2016.10.04 11:27:53.854,1.30648,1.30656,1.00,1.50
2016.10.04 11:27:54.378,1.30648,1.30656,1.00,1.50
2016.10.04 11:27:54.881,1.30648,1.30656,1.00,1.50
2016.10.04 11:27:55.034,1.30648,1.30654,1.00,1.12
2016.10.04 11:27:58.877,1.30644,1.30655,1.00,1.50
2016.10.04 11:27:58.928,1.30644,1.30652,1.00,1.00
2016.10.04 11:27:58.979,1.30644,1.30652,1.00,1.87
2016.10.04 11:27:59.031,1.30644,1.30652,1.00,1.50
2016.10.04 11:27:59.082,1.30644,1.30652,1.00,1.00
2016.10.04 11:27:59.134,1.30644,1.30652,1.00,1.12
2016.10.04 11:27:59.185,1.30644,1.30652,1.00,1.50
2016.10.04 11:27:59.237,1.30644,1.30652,1.00,1.87
2016.10.04 11:27:59.539,1.30644,1.30652,1.00,1.37
2016.10.04 11:27:59.641,1.30644,1.30652,1.00,1.87
2016.10.04 11:27:59.745,1.30644,1.30652,1.00,1.50
2016.10.04 11:27:59.797,1.30646,1.30652,1.00,1.12
2016.10.04 11:27:59.848,1.30646,1.30652,1.00,1.00
2016.10.04 11:28:00.971,1.30646,1.30654,1.00,2.25
2016.10.04 11:28:01.394,1.30642,1.30655,1.00,1.37
2016.10.04 11:28:01.497,1.30643,1.30657,1.00,1.87
2016.10.04 11:28:01.548,1.30642,1.30657,1.00,1.50
2016.10.04 11:28:02.176,1.30643,1.30657,1.00,1.50
2016.10.04 11:28:02.243,1.30643,1.30657,1.00,2.25
2016.10.04 11:28:02.345,1.30643,1.30657,1.00,1.87
2016.10.04 11:28:03.249,1.30645,1.30657,1.00,1.87
2016.10.04 11:28:05.144,1.30646,1.30657,1.00,1.00
2016.10.04 11:28:05.677,1.30647,1.30657,1.00,1.00
2016.10.04 11:28:06.542,1.30649,1.30657,1.00,1.00
2016.10.04 11:28:06.669,1.30649,1.30662,1.00,1.87
2016.10.04 11:28:06.721,1.30652,1.30662,1.00,1.12
2016.10.04 11:28:06.772,1.30651,1.30665,1.00,1.37
2016.10.04 11:28:06.824,1.30652,1.30665,1.00,1.00
2016.10.04 11:28:06.875,1.30652,1.30666,2.25,1.50
2016.10.04 11:28:06.926,1.30652,1.30666,2.25,1.12
2016.10.04 11:28:06.977,1.30653,1.30666,1.00,1.00
2016.10.04 11:28:07.028,1.30653,1.30667,1.00,2.25
2016.10.04 11:28:07.079,1.30653,1.30666,1.00,1.00
2016.10.04 11:28:07.182,1.30653,1.30666,1.00,1.12
2016.10.04 11:28:07.458,1.30653,1.30665,1.00,1.12
2016.10.04 11:28:07.763,1.30653,1.30662,1.00,1.00
2016.10.04 11:28:07.866,1.30653,1.30665,1.00,1.12
2016.10.04 11:28:07.968,1.30653,1.30666,1.00,1.00
2016.10.04 11:28:08.157,1.30653,1.30667,1.00,1.50
2016.10.04 11:28:08.259,1.30655,1.30667,1.00,2.62
2016.10.04 11:28:08.362,1.30655,1.30667,1.00,1.87
2016.10.04 11:28:08.465,1.30656,1.30667,1.00,1.12
2016.10.04 11:28:09.154,1.30654,1.30666,1.00,1.87
2016.10.04 11:28:09.206,1.30652,1.30664,1.12,1.00
2016.10.04 11:28:09.465,1.30652,1.30664,1.00,1.00
2016.10.04 11:28:10.860,1.30656,1.30665,1.12,1.12
2016.10.04 11:28:10.912,1.30656,1.30665,1.12,1.50
2016.10.04 11:28:10.964,1.30659,1.30669,1.00,3.60
2016.10.04 11:28:11.017,1.30659,1.3067,1.00,3.75
2016.10.04 11:28:11.069,1.30659,1.30671,1.00,1.57
2016.10.04 11:28:11.122,1.30658,1.30672,1.00,1.87
2016.10.04 11:28:11.173,1.30658,1.30672,1.87,1.50
2016.10.04 11:28:11.337,1.30658,1.30672,1.50,1.50
2016.10.04 11:28:11.419,1.30657,1.30672,1.87,1.50
2016.10.04 11:28:11.470,1.30657,1.30672,1.50,1.50
2016.10.04 11:28:12.552,1.30657,1.30672,2.62,2.62
2016.10.04 11:28:12.660,1.30657,1.30672,2.62,1.87
2016.10.04 11:28:13.518,1.30657,1.30672,2.25,2.62
2016.10.04 11:28:13.571,1.30654,1.30665,1.87,1.00
2016.10.04 11:28:13.632,1.30654,1.30665,1.50,1.00
2016.10.04 11:28:13.683,1.30653,1.30665,1.37,1.00
2016.10.04 11:28:13.735,1.30652,1.30667,3.00,1.12
2016.10.04 11:28:14.274,1.30652,1.30666,1.50,1.12
2016.10.04 11:28:14.326,1.30652,1.30666,1.12,1.12
2016.10.04 11:28:14.377,1.30652,1.30667,1.12,2.62
2016.10.04 11:28:17.075,1.30652,1.30667,2.25,1.50
2016.10.04 11:28:17.126,1.30652,1.30667,2.62,1.12
2016.10.04 11:28:17.177,1.30652,1.30667,3.00,1.12
2016.10.04 11:28:17.993,1.30652,1.30667,3.37,1.12
2016.10.04 11:28:18.276,1.30654,1.30666,1.12,1.00
2016.10.04 11:28:18.327,1.30656,1.30669,1.00,1.87
2016.10.04 11:28:18.378,1.30657,1.3067,1.00,2.62
2016.10.04 11:28:18.429,1.30657,1.3067,1.00,2.25
2016.10.04 11:28:18.481,1.30658,1.30671,1.87,1.50
2016.10.04 11:28:18.532,1.30658,1.30671,2.25,1.00
2016.10.04 11:28:18.669,1.30658,1.3067,1.12,1.00
2016.10.04 11:28:18.724,1.30657,1.3067,1.00,1.00
2016.10.04 11:28:18.931,1.30657,1.3067,1.00,1.12
2016.10.04 11:28:19.258,1.30655,1.3067,2.25,1.12
2016.10.04 11:28:19.779,1.30655,1.3067,1.12,2.62
2016.10.04 11:28:19.830,1.30653,1.30663,2.25,1.00
2016.10.04 11:28:19.881,1.30653,1.30663,1.12,1.00
2016.10.04 11:28:19.956,1.30653,1.30665,1.12,1.00
2016.10.04 11:28:20.007,1.30652,1.30664,1.00,1.87
2016.10.04 11:28:20.160,1.30653,1.30665,1.00,1.50
2016.10.04 11:28:20.784,1.30652,1.30665,1.00,1.50
2016.10.04 11:28:25.445,1.30652,1.30664,1.00,1.00
2016.10.04 11:28:25.497,1.30652,1.30665,1.00,2.62
2016.10.04 11:28:25.674,1.30652,1.30662,1.00,1.00
2016.10.04 11:28:27.152,1.30651,1.30662,1.00,1.00
2016.10.04 11:28:27.254,1.30651,1.30662,1.00,1.50
2016.10.04 11:28:27.639,1.30651,1.30662,1.00,1.00
2016.10.04 11:28:30.809,1.30651,1.30662,1.00,1.87
2016.10.04 11:28:31.613,1.3065,1.30662,1.00,1.00
2016.10.04 11:28:31.664,1.3065,1.30662,1.00,1.12
2016.10.04 11:28:31.766,1.3065,1.30662,1.00,1.37
2016.10.04 11:28:31.817,1.3065,1.30662,1.00,1.50
2016.10.04 11:28:31.868,1.3065,1.30662,1.00,2.25
2016.10.04 11:28:32.511,1.3065,1.30661,1.00,1.50
2016.10.04 11:28:32.562,1.3065,1.30661,1.00,1.87
2016.10.04 11:28:32.614,1.3065,1.30661,1.00,2.25
2016.10.04 11:28:32.768,1.30648,1.30661,1.00,2.25
2016.10.04 11:28:33.137,1.3065,1.30661,1.00,1.87
2016.10.04 11:28:33.671,1.3065,1.30662,1.00,1.87
2016.10.04 11:28:34.468,1.30648,1.30662,1.00,1.87
2016.10.04 11:28:34.641,1.30648,1.3066,1.00,1.87
2016.10.04 11:28:35.701,1.30648,1.30661,1.00,2.25
2016.10.04 11:28:36.486,1.30648,1.30661,1.00,1.87
2016.10.04 11:28:36.613,1.30648,1.30661,1.00,1.50
2016.10.04 11:28:38.437,1.3065,1.30661,1.00,1.50
2016.10.04 11:28:38.488,1.3065,1.3066,1.00,1.12
2016.10.04 11:28:39.097,1.30649,1.3066,1.00,1.12
2016.10.04 11:28:39.613,1.30648,1.30661,1.00,1.12
2016.10.04 11:28:39.985,1.30648,1.30657,1.00,1.00
2016.10.04 11:28:40.087,1.30648,1.3066,1.00,1.12
2016.10.04 11:28:40.609,1.30647,1.3066,1.00,1.12
2016.10.04 11:28:41.037,1.30648,1.3066,1.00,1.87
2016.10.04 11:28:41.547,1.30647,1.3066,1.00,1.87
2016.10.04 11:28:43.653,1.30647,1.30659,1.00,1.00
2016.10.04 11:28:43.807,1.30645,1.30657,1.87,1.00
2016.10.04 11:28:44.032,1.30645,1.30656,1.87,1.00
2016.10.04 11:28:44.555,1.30645,1.30657,1.87,1.00
2016.10.04 11:28:44.854,1.30645,1.30657,1.50,1.00
2016.10.04 11:28:44.929,1.30644,1.30655,1.00,1.12
2016.10.04 11:28:44.981,1.30644,1.30655,1.00,1.50
2016.10.04 11:28:45.033,1.30644,1.30654,1.00,1.12
2016.10.04 11:28:45.084,1.30644,1.30654,1.00,1.50
2016.10.04 11:28:45.135,1.30644,1.30654,1.00,1.87
2016.10.04 11:28:45.933,1.30643,1.30651,1.00,1.12
2016.10.04 11:28:46.289,1.30643,1.30652,1.00,2.25
2016.10.04 11:28:46.340,1.30643,1.30652,1.00,3.00
2016.10.04 11:28:48.288,1.30643,1.30651,1.00,1.12
2016.10.04 11:28:48.775,1.30643,1.30652,1.00,2.62
2016.10.04 11:28:49.385,1.30644,1.30652,1.00,2.62
2016.10.04 11:28:49.983,1.30645,1.30652,1.00,2.62
2016.10.04 11:28:50.034,1.30645,1.30652,1.00,1.87
2016.10.04 11:28:50.086,1.30647,1.30652,1.00,1.50
2016.10.04 11:28:50.138,1.30647,1.30652,1.00,1.12
2016.10.04 11:28:50.189,1.3065,1.30655,1.00,1.50
2016.10.04 11:28:50.242,1.30651,1.30655,1.00,1.12
2016.10.04 11:28:50.294,1.30651,1.30659,1.00,1.50
2016.10.04 11:28:50.346,1.30651,1.30659,1.00,1.12
2016.10.04 11:28:50.604,1.3065,1.30658,1.00,1.50
2016.10.04 11:28:52.036,1.30651,1.3066,1.00,1.12
2016.10.04 11:28:52.087,1.30651,1.3066,1.00,1.50
2016.10.04 11:28:52.139,1.30651,1.3066,1.00,1.87
2016.10.04 11:28:54.127,1.30651,1.3066,1.00,2.62
2016.10.04 11:28:58.623,1.30651,1.3066,1.00,1.87
2016.10.04 11:28:59.034,1.30647,1.3066,1.00,2.62
2016.10.04 11:29:00.595,1.30647,1.3066,1.37,2.62
2016.10.04 11:29:00.646,1.30647,1.3066,1.50,3.37
2016.10.04 11:29:00.747,1.30648,1.3066,1.12,3.37
2016.10.04 11:29:00.798,1.30648,1.3066,1.12,2.62
2016.10.04 11:29:00.924,1.30648,1.3066,1.50,1.37
2016.10.04 11:29:00.975,1.30651,1.30661,1.00,1.12
2016.10.04 11:29:01.027,1.30651,1.30663,1.00,1.12
2016.10.04 11:29:01.294,1.30656,1.30663,1.87,1.12
2016.10.04 11:29:01.345,1.30657,1.30664,1.37,1.00
2016.10.04 11:29:01.396,1.30657,1.30665,1.00,1.37
2016.10.04 11:29:01.557,1.30658,1.30671,1.00,1.00
2016.10.04 11:29:01.609,1.30659,1.30672,1.00,1.00
2016.10.04 11:29:01.660,1.30658,1.30673,1.00,3.37
2016.10.04 11:29:02.157,1.30658,1.30672,1.00,1.37
2016.10.04 11:29:02.652,1.30659,1.30673,1.87,1.50
2016.10.04 11:29:02.703,1.30659,1.30673,1.00,2.62
2016.10.04 11:29:02.958,1.30659,1.30672,1.00,1.12
2016.10.04 11:29:03.231,1.30658,1.3067,1.12,1.12
2016.10.04 11:29:05.687,1.30657,1.3067,1.50,1.12
2016.10.04 11:29:05.789,1.30657,1.30669,1.12,1.12
2016.10.04 11:29:05.841,1.30656,1.30669,1.00,1.12
2016.10.04 11:29:05.907,1.30656,1.30668,1.00,1.12
2016.10.04 11:29:05.959,1.30656,1.30668,1.00,1.87
2016.10.04 11:29:06.212,1.30659,1.30668,1.00,1.87
2016.10.04 11:29:06.742,1.3066,1.30668,1.00,1.87
2016.10.04 11:29:06.845,1.3066,1.30669,1.00,1.50
2016.10.04 11:29:06.948,1.3066,1.30667,1.00,1.12
2016.10.04 11:29:07.615,1.30656,1.30666,1.00,1.12
2016.10.04 11:29:07.666,1.30653,1.30666,3.75,1.87
2016.10.04 11:29:07.823,1.30653,1.30666,2.62,1.87
2016.10.04 11:29:07.874,1.30651,1.30661,1.00,1.50
2016.10.04 11:29:07.925,1.3065,1.3066,1.00,1.12
2016.10.04 11:29:08.027,1.3065,1.30658,1.00,1.12
2016.10.04 11:29:08.569,1.3065,1.30659,1.00,1.12
2016.10.04 11:29:10.651,1.30648,1.30659,1.00,1.12
2016.10.04 11:29:12.545,1.30648,1.30658,1.00,1.50
2016.10.04 11:29:12.749,1.30646,1.30658,1.00,1.50
2016.10.04 11:29:12.902,1.30648,1.30658,1.00,1.50
2016.10.04 11:29:12.953,1.30648,1.30658,1.00,1.12
2016.10.04 11:29:13.415,1.30648,1.3066,1.00,2.62
2016.10.04 11:29:15.032,1.30648,1.3066,1.00,1.87
2016.10.04 11:29:15.083,1.30648,1.30659,1.00,1.37
2016.10.04 11:29:15.134,1.30648,1.30659,1.00,1.00
2016.10.04 11:29:15.185,1.30648,1.3066,1.00,1.87
2016.10.04 11:29:15.556,1.30648,1.3066,1.00,2.62
2016.10.04 11:29:15.659,1.30648,1.3066,1.00,3.00
2016.10.04 11:29:15.710,1.30648,1.3066,1.00,3.37
2016.10.04 11:29:15.862,1.30648,1.30658,1.00,1.50
2016.10.04 11:29:21.790,1.30647,1.30658,1.00,1.50
2016.10.04 11:29:21.892,1.30648,1.30658,1.00,1.12
2016.10.04 11:29:22.095,1.30648,1.3066,1.00,1.87
2016.10.04 11:29:22.168,1.30648,1.3066,1.00,1.50
2016.10.04 11:29:22.568,1.30649,1.30662,1.00,2.25
2016.10.04 11:29:22.670,1.30649,1.30663,1.00,2.62
2016.10.04 11:29:22.721,1.30649,1.30663,1.00,1.87
2016.10.04 11:29:23.173,1.30649,1.30663,1.00,1.37
2016.10.04 11:29:23.224,1.30649,1.30664,1.00,3.37
2016.10.04 11:29:24.501,1.30651,1.30663,1.00,1.50
2016.10.04 11:29:25.779,1.3065,1.30664,1.00,2.62
2016.10.04 11:29:26.255,1.30655,1.30664,1.00,2.62
2016.10.04 11:29:26.458,1.30655,1.30664,1.00,1.87
2016.10.04 11:29:26.561,1.30655,1.30664,1.00,2.25
2016.10.04 11:29:26.612,1.30655,1.30664,1.00,1.87
2016.10.04 11:29:28.558,1.30656,1.30664,1.00,1.87
2016.10.04 11:29:30.582,1.30656,1.30664,1.00,1.12
2016.10.04 11:29:30.633,1.30657,1.30665,1.00,1.50
2016.10.04 11:29:30.769,1.30657,1.30667,1.00,1.87
2016.10.04 11:29:30.822,1.30661,1.30668,1.00,3.37
2016.10.04 11:29:30.874,1.30661,1.30668,1.00,2.62
2016.10.04 11:29:30.925,1.30661,1.30668,1.00,2.25
2016.10.04 11:29:30.976,1.30661,1.30667,1.00,1.12
2016.10.04 11:29:31.079,1.30661,1.30667,1.00,1.12
2016.10.04 11:29:31.501,1.3066,1.30668,1.00,1.87
2016.10.04 11:29:31.755,1.3066,1.30667,1.00,1.87
2016.10.04 11:29:31.857,1.30662,1.30668,1.00,1.87
2016.10.04 11:29:31.908,1.30662,1.30668,1.00,1.50
2016.10.04 11:29:32.363,1.30662,1.30667,1.00,1.12
2016.10.04 11:29:33.550,1.30663,1.3067,1.00,2.25
2016.10.04 11:29:33.697,1.30663,1.3067,1.00,1.00
2016.10.04 11:29:33.749,1.30668,1.30675,1.00,1.87
2016.10.04 11:29:33.800,1.30668,1.30675,1.00,1.00
2016.10.04 11:29:33.851,1.30669,1.30677,1.00,2.25
2016.10.04 11:29:33.902,1.30669,1.30677,1.00,1.12
2016.10.04 11:29:35.906,1.30671,1.30679,1.00,1.87
2016.10.04 11:29:35.966,1.30672,1.30679,1.00,1.12
2016.10.04 11:29:36.519,1.30673,1.30679,1.00,1.12
2016.10.04 11:29:36.570,1.30671,1.30679,1.00,1.12
2016.10.04 11:29:36.723,1.30672,1.30679,1.00,1.12
2016.10.04 11:29:36.858,1.3067,1.30677,1.00,1.12
2016.10.04 11:29:36.909,1.3067,1.30677,1.00,2.25
2016.10.04 11:29:37.011,1.30668,1.30677,1.00,2.25
2016.10.04 11:29:37.164,1.30667,1.30675,1.00,1.12
2016.10.04 11:29:37.215,1.30667,1.30675,1.00,1.50
2016.10.04 11:29:39.567,1.30668,1.30675,1.00,1.50
2016.10.04 11:29:39.618,1.30668,1.30675,1.00,1.12
2016.10.04 11:29:39.671,1.3067,1.30678,1.00,1.00
2016.10.04 11:29:39.722,1.3067,1.30679,1.00,1.50
2016.10.04 11:29:39.773,1.30669,1.3068,1.00,1.87
2016.10.04 11:29:39.824,1.30669,1.3068,1.00,1.50
2016.10.04 11:29:39.927,1.3067,1.3068,1.00,1.87
2016.10.04 11:29:40.303,1.30671,1.30679,1.00,1.12
2016.10.04 11:29:40.824,1.30671,1.30677,1.00,1.00
2016.10.04 11:29:41.017,1.30671,1.30681,1.00,1.50
2016.10.04 11:29:41.118,1.30671,1.30681,1.00,1.12
2016.10.04 11:29:41.842,1.30672,1.30682,1.00,1.87
2016.10.04 11:29:41.893,1.30674,1.30682,1.00,1.87
2016.10.04 11:29:42.046,1.30675,1.30682,1.00,1.12
2016.10.04 11:29:42.251,1.30675,1.30682,1.00,1.87
2016.10.04 11:29:42.525,1.30677,1.30682,1.00,1.12
2016.10.04 11:29:42.758,1.30677,1.30682,1.00,1.87
2016.10.04 11:29:42.963,1.30677,1.30682,1.00,1.00
2016.10.04 11:29:43.268,1.30679,1.30684,1.00,1.12
2016.10.04 11:29:43.370,1.30682,1.30688,1.00,1.87
2016.10.04 11:29:43.422,1.30682,1.30688,1.12,1.50
2016.10.04 11:29:43.546,1.30685,1.30689,1.00,1.12
2016.10.04 11:29:43.605,1.30686,1.30693,1.00,1.50
2016.10.04 11:29:43.656,1.30689,1.30695,1.00,1.00
2016.10.04 11:29:43.728,1.3069,1.30698,1.00,1.75
2016.10.04 11:29:43.779,1.30695,1.30699,1.00,1.50
2016.10.04 11:29:43.831,1.30694,1.30698,1.00,1.12
2016.10.04 11:29:43.903,1.30694,1.30703,1.00,1.50
2016.10.04 11:29:43.955,1.30695,1.30703,1.00,1.50
2016.10.04 11:29:44.250,1.30695,1.30704,1.00,1.87
2016.10.04 11:29:44.301,1.30695,1.30704,1.00,2.62
2016.10.04 11:29:44.352,1.30695,1.307,1.00,1.12
2016.10.04 11:29:44.915,1.30694,1.307,1.00,1.12
2016.10.04 11:29:44.966,1.30693,1.307,1.00,1.50
2016.10.04 11:29:45.258,1.30693,1.307,1.00,1.12
2016.10.04 11:29:45.360,1.30695,1.307,1.00,1.12
2016.10.04 11:29:45.463,1.30694,1.30702,1.00,2.25
2016.10.04 11:29:45.565,1.30695,1.30702,1.00,1.00
2016.10.04 11:29:45.952,1.30697,1.30702,1.00,1.12
2016.10.04 11:29:46.054,1.30697,1.30704,1.00,1.12
2016.10.04 11:29:46.562,1.30697,1.30705,1.00,1.12
2016.10.04 11:29:51.433,1.30698,1.30705,1.00,1.12
2016.10.04 11:29:52.041,1.30697,1.30705,1.00,1.12
2016.10.04 11:29:52.093,1.30697,1.30703,1.00,1.00
2016.10.04 11:29:54.111,1.30697,1.30705,1.00,1.12
2016.10.04 11:29:54.165,1.30699,1.30705,1.00,1.12
2016.10.04 11:29:54.369,1.30702,1.30707,1.00,1.50
2016.10.04 11:29:54.543,1.30705,1.3071,1.00,1.87
2016.10.04 11:29:54.594,1.30708,1.30715,1.00,1.50
2016.10.04 11:29:54.696,1.30708,1.30716,1.00,1.12
2016.10.04 11:29:54.849,1.30708,1.30716,1.00,1.50
2016.10.04 11:29:54.900,1.30707,1.30716,1.00,1.87
2016.10.04 11:29:55.052,1.30707,1.30716,1.00,2.62
2016.10.04 11:29:55.367,1.30703,1.30716,1.00,2.81
2016.10.04 11:29:55.418,1.30703,1.30713,1.50,1.37
2016.10.04 11:29:55.470,1.307,1.30709,3.37,1.12
2016.10.04 11:29:55.597,1.307,1.30707,1.87,1.12
2016.10.04 11:29:55.649,1.30698,1.30707,1.37,1.87
2016.10.04 11:29:55.700,1.30698,1.30707,1.00,2.25
2016.10.04 11:29:55.802,1.30698,1.30707,1.00,1.12
2016.10.04 11:29:56.689,1.30698,1.30705,1.00,1.12
2016.10.04 11:29:57.075,1.30698,1.30707,1.00,1.12
2016.10.04 11:29:57.126,1.30702,1.30708,1.00,1.12
2016.10.04 11:29:57.177,1.30702,1.30709,1.00,1.50
2016.10.04 11:29:57.279,1.30702,1.30709,1.00,1.12
2016.10.04 11:29:57.483,1.30702,1.3071,1.00,1.50
2016.10.04 11:29:58.146,1.30702,1.3071,1.00,1.12
2016.10.04 11:29:58.813,1.30703,1.3071,1.00,1.12
2016.10.04 11:29:58.865,1.30705,1.30711,1.00,1.87
2016.10.04 11:29:58.916,1.30705,1.30711,1.00,1.50
2016.10.04 11:29:59.067,1.30706,1.30711,1.00,1.12
2016.10.04 11:29:59.130,1.30707,1.30715,1.00,1.50
2016.10.04 11:29:59.283,1.30706,1.30712,1.00,1.12
2016.10.04 11:29:59.384,1.30706,1.30712,1.00,1.50
2016.10.04 11:29:59.867,1.30706,1.30713,1.00,1.87
2016.10.04 11:29:59.918,1.30706,1.30713,1.00,1.50
2016.10.04 11:29:59.969,1.30706,1.30714,1.00,1.12
2016.10.04 11:30:00.021,1.30706,1.30714,1.00,1.00
2016.10.04 11:30:00.072,1.30706,1.30714,1.00,1.50
2016.10.04 11:30:00.593,1.30707,1.30714,1.00,1.50
2016.10.04 11:30:03.026,1.30707,1.30714,1.00,1.12
2016.10.04 11:30:03.078,1.30707,1.30715,1.00,1.50
2016.10.04 11:30:03.333,1.30707,1.30715,1.00,1.12
2016.10.04 11:30:03.593,1.30704,1.30712,1.00,1.00
2016.10.04 11:30:03.647,1.30703,1.30713,1.00,2.25
2016.10.04 11:30:03.698,1.30702,1.3071,1.00,1.12
2016.10.04 11:30:04.005,1.30707,1.30714,1.00,1.12
2016.10.04 11:30:04.212,1.30707,1.30716,1.00,1.37
2016.10.04 11:30:04.386,1.30707,1.30717,1.00,2.25
2016.10.04 11:30:04.990,1.30703,1.30714,1.00,1.12
2016.10.04 11:30:05.041,1.30706,1.30712,1.00,1.00
2016.10.04 11:30:05.581,1.30705,1.30712,1.00,1.00
2016.10.04 11:30:05.632,1.30701,1.30714,1.00,1.62
2016.10.04 11:30:05.683,1.30703,1.30715,1.00,1.87
2016.10.04 11:30:05.785,1.30702,1.30715,1.00,1.50
2016.10.04 11:30:06.267,1.30702,1.30715,1.00,1.87
2016.10.04 11:30:06.369,1.307,1.30715,1.12,1.50
2016.10.04 11:30:06.471,1.307,1.30715,1.12,1.87
2016.10.04 11:30:06.522,1.307,1.30715,1.12,2.25
2016.10.04 11:30:06.573,1.30702,1.30712,1.00,1.00
2016.10.04 11:30:06.625,1.30706,1.30712,1.00,1.00
2016.10.04 11:30:07.544,1.30707,1.30715,1.00,1.87
2016.10.04 11:30:07.595,1.30708,1.30717,1.00,1.87
2016.10.04 11:30:07.646,1.30708,1.30717,1.00,1.12
2016.10.04 11:30:07.827,1.30708,1.30717,1.00,1.00
2016.10.04 11:30:08.336,1.3071,1.30717,1.00,1.00
2016.10.04 11:30:08.710,1.30708,1.30717,1.00,1.00
2016.10.04 11:30:08.812,1.30708,1.30717,1.00,1.87
2016.10.04 11:30:09.219,1.30708,1.30716,1.00,1.50
2016.10.04 11:30:09.576,1.30708,1.30716,1.00,1.87
2016.10.04 11:30:09.627,1.30708,1.30716,1.00,2.25
2016.10.04 11:30:10.222,1.30707,1.30716,1.00,2.25
2016.10.04 11:30:10.902,1.30706,1.30716,1.00,2.25
2016.10.04 11:30:11.702,1.30706,1.30716,1.00,1.87
2016.10.04 11:30:12.899,1.30706,1.30714,1.00,1.12
2016.10.04 11:30:13.001,1.30706,1.30714,1.00,1.50
2016.10.04 11:30:13.205,1.30704,1.30714,1.00,1.50
2016.10.04 11:30:14.203,1.30704,1.30716,1.00,2.62
2016.10.04 11:30:14.520,1.30704,1.30714,1.00,1.50
2016.10.04 11:30:15.351,1.30702,1.30714,1.00,1.87
2016.10.04 11:30:16.472,1.30699,1.3071,1.12,1.00
2016.10.04 11:30:16.523,1.30699,1.30709,1.12,1.00
2016.10.04 11:30:16.937,1.30699,1.30707,1.12,1.00
2016.10.04 11:30:20.694,1.30696,1.30704,1.50,1.00
2016.10.04 11:30:20.746,1.30696,1.30703,1.12,1.00
2016.10.04 11:30:20.798,1.30693,1.30702,1.87,1.00
2016.10.04 11:30:20.901,1.30693,1.30702,1.50,1.00
2016.10.04 11:30:20.952,1.30693,1.30702,1.12,1.00
2016.10.04 11:30:21.156,1.30693,1.30704,1.50,1.00
2016.10.04 11:30:21.207,1.30696,1.30708,1.37,1.50
2016.10.04 11:30:21.258,1.30696,1.30709,2.62,1.37
2016.10.04 11:30:21.309,1.30704,1.3071,1.12,1.00
2016.10.04 11:30:21.446,1.30701,1.30711,1.50,1.50
2016.10.04 11:30:21.498,1.30701,1.30711,1.50,1.00
2016.10.04 11:30:21.804,1.30701,1.30709,1.50,1.00
2016.10.04 11:30:25.898,1.307,1.30709,1.87,1.00
2016.10.04 11:30:26.152,1.307,1.30708,1.50,1.00
2016.10.04 11:30:26.301,1.307,1.30709,1.12,1.00
2016.10.04 11:30:26.352,1.30698,1.30708,1.12,1.00
2016.10.04 11:30:26.403,1.30698,1.30706,1.12,1.00
2016.10.04 11:30:26.505,1.30696,1.30705,1.00,1.00
2016.10.04 11:30:26.556,1.30692,1.30702,3.37,1.00
2016.10.04 11:30:26.607,1.30688,1.30701,2.44,1.00
2016.10.04 11:30:26.659,1.30688,1.30699,2.06,1.00
2016.10.04 11:30:26.710,1.30688,1.30698,1.87,1.00
2016.10.04 11:30:26.761,1.30688,1.30697,1.50,1.00
2016.10.04 11:30:26.812,1.30685,1.30697,1.12,1.00
2016.10.04 11:30:26.934,1.30684,1.30697,2.62,1.00
2016.10.04 11:30:26.986,1.30685,1.30695,1.00,1.00
2016.10.04 11:30:27.095,1.30685,1.30695,2.06,1.00
2016.10.04 11:30:27.894,1.30685,1.30695,1.87,1.00
2016.10.04 11:30:28.414,1.30685,1.30694,1.87,1.00
2016.10.04 11:30:28.578,1.30683,1.3069,1.50,1.00
2016.10.04 11:30:28.704,1.30683,1.30689,1.12,1.00
2016.10.04 11:30:28.755,1.30676,1.30687,1.75,1.00
2016.10.04 11:30:28.806,1.30677,1.30687,1.00,1.00
2016.10.04 11:30:28.857,1.30675,1.30687,1.87,1.00
2016.10.04 11:30:28.909,1.30676,1.30687,1.00,1.00
2016.10.04 11:30:30.406,1.30676,1.30688,1.00,1.00
2016.10.04 11:30:31.539,1.30676,1.30686,1.00,1.00
2016.10.04 11:30:31.694,1.30673,1.30681,1.12,1.00
2016.10.04 11:30:31.829,1.3067,1.3068,1.00,1.00
2016.10.04 11:30:31.880,1.30668,1.30679,1.78,1.00
2016.10.04 11:30:31.931,1.30668,1.30679,1.40,1.00
2016.10.04 11:30:31.982,1.30668,1.30679,1.63,1.00
2016.10.04 11:30:32.135,1.30668,1.3068,1.63,1.00
2016.10.04 11:30:32.186,1.30668,1.3068,2.75,1.00
2016.10.04 11:30:32.441,1.30668,1.30678,2.75,1.00
2016.10.04 11:30:32.493,1.30668,1.30678,1.50,1.00
2016.10.04 11:30:32.961,1.30667,1.30676,1.00,1.00
2016.10.04 11:30:33.013,1.30666,1.30676,1.87,1.00
2016.10.04 11:30:34.172,1.30666,1.30676,1.50,1.00
2016.10.04 11:30:34.223,1.30666,1.30676,1.12,1.00
2016.10.04 11:30:35.553,1.30666,1.30675,1.12,1.00
2016.10.04 11:30:35.846,1.3066,1.30664,1.50,1.00
2016.10.04 11:30:35.897,1.30656,1.3066,1.12,1.00
2016.10.04 11:30:35.949,1.30648,1.30659,1.50,1.00
2016.10.04 11:30:36.000,1.30648,1.30659,1.00,1.37
2016.10.04 11:30:36.052,1.30648,1.30656,1.00,1.00
2016.10.04 11:30:36.104,1.30648,1.30656,1.00,1.37
2016.10.04 11:30:36.165,1.30648,1.30655,1.00,1.12
2016.10.04 11:30:36.269,1.30642,1.30654,2.62,1.00
2016.10.04 11:30:36.432,1.30643,1.30654,1.12,1.00
2016.10.04 11:30:36.687,1.30643,1.30654,1.50,1.00
2016.10.04 11:30:36.738,1.30643,1.30654,1.87,1.00
2016.10.04 11:30:37.001,1.30643,1.30653,1.12,1.00
2016.10.04 11:30:37.163,1.30641,1.30648,1.37,1.00
2016.10.04 11:30:37.215,1.30637,1.30648,1.00,1.00
2016.10.04 11:30:37.266,1.30637,1.3065,1.00,1.00
2016.10.04 11:30:37.319,1.30639,1.3065,1.50,1.00
2016.10.04 11:30:37.523,1.3064,1.30649,1.12,1.00
2016.10.04 11:30:37.625,1.30637,1.30649,1.50,1.00
2016.10.04 11:30:37.727,1.30635,1.30648,1.87,1.00
2016.10.04 11:30:38.242,1.30635,1.30649,1.87,1.00
2016.10.04 11:30:38.918,1.30636,1.30649,1.87,1.00
2016.10.04 11:30:40.133,1.30634,1.30649,2.25,1.00
2016.10.04 11:30:40.185,1.30634,1.30649,1.87,1.00
2016.10.04 11:30:40.237,1.30635,1.30647,2.62,1.00
2016.10.04 11:30:40.369,1.30635,1.30647,1.50,1.00
2016.10.04 11:30:40.420,1.30633,1.30643,1.50,1.00
2016.10.04 11:30:40.472,1.30633,1.30643,1.00,1.00
2016.10.04 11:30:40.523,1.30631,1.30642,1.87,1.00
2016.10.04 11:30:41.035,1.30631,1.30641,1.87,1.00
2016.10.04 11:30:41.560,1.30631,1.30641,1.00,1.00
2016.10.04 11:30:43.349,1.30629,1.3064,1.87,1.00
2016.10.04 11:30:43.400,1.3063,1.3064,1.00,1.00
2016.10.04 11:30:45.633,1.30633,1.3064,1.00,1.00
2016.10.04 11:30:45.684,1.30633,1.30644,1.00,1.00
2016.10.04 11:30:45.788,1.30634,1.30646,3.37,1.00
2016.10.04 11:30:45.846,1.30639,1.30646,1.12,1.50
2016.10.04 11:30:45.928,1.30634,1.30646,2.25,1.50
2016.10.04 11:30:45.979,1.30634,1.30645,1.87,1.00
2016.10.04 11:30:46.112,1.30634,1.30644,1.50,1.00
2016.10.04 11:30:46.164,1.30628,1.3064,3.37,1.00
2016.10.04 11:30:46.215,1.30628,1.30641,2.62,1.00
2016.10.04 11:30:46.317,1.30628,1.3064,3.37,1.00
2016.10.04 11:30:46.740,1.30628,1.3064,3.00,1.00
2016.10.04 11:30:46.994,1.30628,1.3064,2.62,1.00
2016.10.04 11:30:47.150,1.3063,1.30639,1.50,1.00
2016.10.04 11:30:47.659,1.3063,1.3064,1.50,1.00
2016.10.04 11:30:47.988,1.3063,1.30638,1.50,1.00
2016.10.04 11:30:48.465,1.30631,1.30639,1.12,1.00
2016.10.04 11:30:48.533,1.30632,1.30641,1.12,1.00
2016.10.04 11:30:49.081,1.30632,1.30642,1.12,1.00
2016.10.04 11:30:49.302,1.30632,1.3064,1.12,1.00
2016.10.04 11:30:49.455,1.30634,1.30644,1.12,1.50
2016.10.04 11:30:49.506,1.30634,1.30644,1.12,1.00
2016.10.04 11:30:49.645,1.30634,1.30644,1.87,1.00
2016.10.04 11:30:49.696,1.30637,1.30647,1.00,1.00
2016.10.04 11:30:49.747,1.30638,1.30644,1.12,1.00
2016.10.04 11:30:49.850,1.30638,1.30647,1.00,1.00
2016.10.04 11:30:49.901,1.30638,1.30649,1.00,1.87
2016.10.04 11:30:49.952,1.3064,1.30651,1.50,1.00
2016.10.04 11:30:50.005,1.3064,1.30651,1.87,1.00
2016.10.04 11:30:50.056,1.30641,1.3065,1.50,1.00
2016.10.04 11:30:50.643,1.30641,1.30651,1.50,1.00
2016.10.04 11:30:51.134,1.30642,1.3065,1.12,1.00
2016.10.04 11:30:51.331,1.30642,1.3065,1.50,1.00
2016.10.04 11:30:51.638,1.30642,1.3065,1.12,1.00
2016.10.04 11:30:51.741,1.30642,1.3065,1.50,1.00
2016.10.04 11:30:52.318,1.30642,1.30651,1.50,1.00
2016.10.04 11:30:52.826,1.30642,1.3065,1.50,1.00
2016.10.04 11:30:52.928,1.30642,1.30646,1.12,1.00
2016.10.04 11:30:52.979,1.30639,1.30646,1.50,1.00
2016.10.04 11:30:53.030,1.30639,1.30646,1.12,1.00
2016.10.04 11:30:53.207,1.30639,1.3065,1.12,1.00
2016.10.04 11:30:53.563,1.30638,1.3065,1.87,1.00
2016.10.04 11:30:53.969,1.30638,1.3065,1.50,1.00
2016.10.04 11:30:54.071,1.30638,1.3065,1.87,1.00
2016.10.04 11:30:54.347,1.30638,1.30646,1.12,1.00
2016.10.04 11:30:54.450,1.30636,1.30646,2.25,1.00
2016.10.04 11:30:54.553,1.30633,1.30645,3.37,1.00
2016.10.04 11:30:54.613,1.30633,1.30646,2.62,1.00
2016.10.04 11:30:54.684,1.30633,1.30647,2.25,1.87
2016.10.04 11:30:54.736,1.30635,1.30647,2.25,1.00
2016.10.04 11:30:54.940,1.30635,1.30647,3.00,1.00
2016.10.04 11:30:54.991,1.30635,1.30647,3.37,1.00
2016.10.04 11:30:55.182,1.30637,1.30647,1.00,1.00
2016.10.04 11:30:55.538,1.30638,1.30647,1.12,1.00
2016.10.04 11:30:55.640,1.30641,1.30649,1.12,1.00
2016.10.04 11:30:55.743,1.30641,1.3065,1.50,1.00
2016.10.04 11:30:55.896,1.30641,1.30651,1.50,1.00
2016.10.04 11:30:55.947,1.30641,1.30649,1.50,1.00
2016.10.04 11:30:56.459,1.30641,1.30653,1.50,1.12
2016.10.04 11:30:56.510,1.30646,1.30653,1.00,1.12
2016.10.04 11:30:56.561,1.30646,1.30656,1.00,1.37
2016.10.04 11:30:56.613,1.30649,1.30658,1.00,1.12
2016.10.04 11:30:56.664,1.30652,1.30658,1.00,1.12
2016.10.04 11:30:56.715,1.30652,1.30658,1.00,1.12
2016.10.04 11:30:56.766,1.30652,1.30664,2.62,1.00
2016.10.04 11:30:56.934,1.30652,1.30664,1.87,1.00
2016.10.04 11:30:56.991,1.30655,1.30663,1.12,1.00
2016.10.04 11:30:57.729,1.30651,1.30661,1.87,1.00
2016.10.04 11:30:57.902,1.30651,1.30662,1.50,1.00
2016.10.04 11:30:57.954,1.30653,1.30662,1.12,1.00
2016.10.04 11:30:58.620,1.30653,1.30664,1.12,1.00
2016.10.04 11:30:58.671,1.3066,1.30669,1.00,2.25
2016.10.04 11:30:58.723,1.30661,1.30669,1.12,2.25
2016.10.04 11:30:58.896,1.30666,1.30672,1.12,1.00
2016.10.04 11:30:58.947,1.30666,1.30671,1.87,1.00
2016.10.04 11:30:59.049,1.30666,1.30675,1.12,1.00
2016.10.04 11:30:59.357,1.30664,1.30675,1.12,1.00
2016.10.04 11:31:00.944,1.30664,1.30675,1.12,1.00
2016.10.04 11:31:01.096,1.30664,1.30677,1.87,1.50
2016.10.04 11:31:01.148,1.30664,1.30677,1.87,1.00
2016.10.04 11:31:01.199,1.30664,1.30679,1.87,1.12
2016.10.04 11:31:01.300,1.30666,1.30678,1.00,1.00
2016.10.04 11:31:01.678,1.30664,1.30677,1.00,1.12
2016.10.04 11:31:01.729,1.30664,1.30677,1.00,1.50
2016.10.04 11:31:01.932,1.30664,1.30676,1.00,1.25
2016.10.04 11:31:02.136,1.30664,1.30676,1.00,1.00
2016.10.04 11:31:04.899,1.3067,1.30679,1.00,1.12
2016.10.04 11:31:04.951,1.30669,1.30684,1.87,1.00
2016.10.04 11:31:05.257,1.30671,1.30683,1.00,1.00
2016.10.04 11:31:05.410,1.3067,1.30685,1.00,3.00
2016.10.04 11:31:05.461,1.30672,1.30684,1.00,1.00
2016.10.04 11:31:05.673,1.30675,1.30688,1.00,2.25
2016.10.04 11:31:05.724,1.30678,1.30688,1.00,1.50
2016.10.04 11:31:05.776,1.30681,1.3069,1.00,1.50
2016.10.04 11:31:05.827,1.30681,1.3069,1.00,1.12
2016.10.04 11:31:05.878,1.30682,1.30694,1.00,1.50
2016.10.04 11:31:05.929,1.30681,1.30693,1.00,1.00
2016.10.04 11:31:05.980,1.3068,1.3069,1.00,1.00
2016.10.04 11:31:06.031,1.30679,1.30688,1.50,1.00
2016.10.04 11:31:06.082,1.30675,1.30685,1.50,1.00
2016.10.04 11:31:06.134,1.30674,1.30686,1.00,1.00
2016.10.04 11:31:06.255,1.30674,1.30686,1.00,2.25
2016.10.04 11:31:06.307,1.30672,1.30686,1.00,2.62
2016.10.04 11:31:06.460,1.30672,1.30686,1.00,2.25
2016.10.04 11:31:06.562,1.30672,1.30684,1.00,1.00
2016.10.04 11:31:06.664,1.30672,1.30684,1.00,1.12
2016.10.04 11:31:06.765,1.30672,1.30684,1.00,2.25
2016.10.04 11:31:06.816,1.30671,1.30684,1.00,1.50
2016.10.04 11:31:06.867,1.30671,1.30686,1.00,2.25
2016.10.04 11:31:06.918,1.30672,1.30684,1.00,1.00
2016.10.04 11:31:06.970,1.30672,1.30683,1.00,1.12
2016.10.04 11:31:07.210,1.30671,1.30681,1.00,1.87
2016.10.04 11:31:07.719,1.30671,1.30682,1.00,1.87
2016.10.04 11:31:08.112,1.30669,1.30682,1.31,1.87
2016.10.04 11:31:08.253,1.30669,1.3068,1.12,1.50
2016.10.04 11:31:08.304,1.30665,1.30679,1.37,1.37
2016.10.04 11:31:08.356,1.30663,1.30677,2.62,2.25
2016.10.04 11:31:08.407,1.30662,1.30676,2.25,1.75
2016.10.04 11:31:08.459,1.30662,1.30674,1.12,2.25
2016.10.04 11:31:08.511,1.30662,1.30674,1.00,3.37
2016.10.04 11:31:08.562,1.30661,1.30671,1.00,1.50
2016.10.04 11:31:08.664,1.30661,1.30671,1.00,1.12
2016.10.04 11:31:08.867,1.30661,1.30673,1.00,1.87
2016.10.04 11:31:10.637,1.30661,1.30673,1.00,1.50
2016.10.04 11:31:10.688,1.30661,1.30673,1.00,1.12
2016.10.04 11:31:12.059,1.30661,1.30675,1.87,1.00
2016.10.04 11:31:12.570,1.30661,1.30674,1.00,1.87
2016.10.04 11:31:14.176,1.30661,1.30674,1.00,1.50
2016.10.04 11:31:14.464,1.30661,1.30673,1.00,1.00
2016.10.04 11:31:14.566,1.3066,1.30673,1.00,1.12
2016.10.04 11:31:14.617,1.3066,1.30672,1.00,1.00
2016.10.04 11:31:14.668,1.30659,1.30671,1.00,1.12
2016.10.04 11:31:14.875,1.30657,1.30671,1.87,1.12
2016.10.04 11:31:14.927,1.30657,1.30671,1.00,2.25
2016.10.04 11:31:16.240,1.30657,1.30671,1.25,2.25
2016.10.04 11:31:16.342,1.30657,1.30671,1.00,2.25
2016.10.04 11:31:16.623,1.30657,1.30671,1.25,2.25
2016.10.04 11:31:16.942,1.30655,1.30669,1.31,1.00
2016.10.04 11:31:16.993,1.30655,1.30669,1.19,1.50
2016.10.04 11:31:17.044,1.30659,1.30669,1.00,1.37
2016.10.04 11:31:17.096,1.30659,1.30667,1.00,1.00
2016.10.04 11:31:17.147,1.30659,1.30665,1.00,1.12
2016.10.04 11:31:17.198,1.30657,1.30665,1.00,1.12
2016.10.04 11:31:17.249,1.30655,1.30665,1.00,1.50
2016.10.04 11:31:17.300,1.30654,1.30665,1.00,1.87
2016.10.04 11:31:18.127,1.30652,1.30664,1.00,1.50
2016.10.04 11:31:18.178,1.30652,1.30664,1.00,1.87
2016.10.04 11:31:18.713,1.30651,1.30663,1.00,1.87
2016.10.04 11:31:18.917,1.3065,1.30661,1.00,1.12
2016.10.04 11:31:18.968,1.30648,1.30661,1.00,1.12
2016.10.04 11:31:19.019,1.30647,1.30659,1.00,1.12
2016.10.04 11:31:19.070,1.30647,1.30659,1.00,1.50
2016.10.04 11:31:19.127,1.30648,1.30657,1.00,1.12
2016.10.04 11:31:19.433,1.30648,1.3066,1.00,1.50
2016.10.04 11:31:20.118,1.30649,1.30656,1.00,1.12
2016.10.04 11:31:20.220,1.30647,1.30656,1.00,1.12
2016.10.04 11:31:20.272,1.30649,1.30656,1.00,1.12
2016.10.04 11:31:20.650,1.30649,1.30658,1.00,1.50
2016.10.04 11:31:21.155,1.30647,1.30658,1.00,1.50
2016.10.04 11:31:21.258,1.30647,1.30656,1.00,1.12
2016.10.04 11:31:21.464,1.30647,1.30658,1.00,1.12
2016.10.04 11:31:21.671,1.30647,1.30658,1.00,1.50
2016.10.04 11:31:21.722,1.30647,1.30658,1.00,1.87
2016.10.04 11:31:22.175,1.30647,1.30658,1.00,1.87
2016.10.04 11:31:22.379,1.30646,1.30658,1.00,1.50
2016.10.04 11:31:22.430,1.30646,1.30658,1.00,1.12
2016.10.04 11:31:22.878,1.30651,1.30663,1.00,1.87
2016.10.04 11:31:22.929,1.30652,1.30663,1.00,1.37
2016.10.04 11:31:22.980,1.30655,1.30665,1.00,1.12
2016.10.04 11:31:23.032,1.30655,1.30666,1.00,1.50
2016.10.04 11:31:23.439,1.30653,1.30666,1.00,1.50
2016.10.04 11:31:23.490,1.30655,1.30666,1.00,1.87
2016.10.04 11:31:23.541,1.30653,1.30666,1.00,1.87
2016.10.04 11:31:23.765,1.30655,1.30666,1.00,1.87
2016.10.04 11:31:23.816,1.30655,1.30666,1.00,1.50
2016.10.04 11:31:23.867,1.30655,1.30666,1.00,1.12
2016.10.04 11:31:25.064,1.30655,1.30665,1.00,1.12
2016.10.04 11:31:25.372,1.30653,1.30666,1.00,1.00
2016.10.04 11:31:25.475,1.30654,1.30667,1.00,1.87
2016.10.04 11:31:25.526,1.30654,1.30667,1.00,1.00
2016.10.04 11:31:26.052,1.30655,1.30667,1.00,1.00
2016.10.04 11:31:26.418,1.30655,1.30669,1.00,3.37
2016.10.04 11:31:26.520,1.30655,1.30669,1.00,2.62
2016.10.04 11:31:26.750,1.30655,1.30669,1.00,3.37
2016.10.04 11:31:29.824,1.30655,1.30668,1.00,1.12
2016.10.04 11:31:29.875,1.30655,1.30666,1.00,1.12
2016.10.04 11:31:30.855,1.30655,1.30664,1.00,1.12
2016.10.04 11:31:31.077,1.30655,1.30666,1.00,1.00
2016.10.04 11:31:31.128,1.30655,1.30667,1.00,1.50
2016.10.04 11:31:31.282,1.30655,1.30667,1.00,1.12
2016.10.04 11:31:31.435,1.30655,1.30661,1.00,1.12
2016.10.04 11:31:31.486,1.3065,1.30656,1.87,1.00
2016.10.04 11:31:31.537,1.30647,1.30653,3.22,2.40
2016.10.04 11:31:31.683,1.30647,1.30651,3.60,1.00
2016.10.04 11:31:31.734,1.30634,1.30645,1.19,1.50
2016.10.04 11:31:31.785,1.30634,1.30645,1.00,1.50
2016.10.04 11:31:31.836,1.3063,1.30645,1.37,1.87
2016.10.04 11:31:31.888,1.3063,1.30645,1.12,1.87
2016.10.04 11:31:31.939,1.30631,1.30643,1.00,1.50
2016.10.04 11:31:31.990,1.30634,1.30643,1.00,1.12
2016.10.04 11:31:32.092,1.30634,1.30643,1.00,1.75
2016.10.04 11:31:32.143,1.30634,1.30643,1.00,2.62
2016.10.04 11:31:32.194,1.30634,1.30642,1.00,1.12
2016.10.04 11:31:32.411,1.30634,1.30642,1.00,1.87
2016.10.04 11:31:32.564,1.30634,1.30642,1.00,1.12
2016.10.04 11:31:32.791,1.30634,1.30642,1.00,1.87
2016.10.04 11:31:32.893,1.30634,1.30642,1.00,1.12
2016.10.04 11:31:33.046,1.30634,1.30643,1.00,2.25
2016.10.04 11:31:33.097,1.30634,1.30643,1.00,1.50
2016.10.04 11:31:34.324,1.30634,1.30643,1.00,1.12
2016.10.04 11:31:34.748,1.30636,1.30643,1.00,1.12
2016.10.04 11:31:35.054,1.30636,1.30645,1.00,1.12
2016.10.04 11:31:35.429,1.30634,1.30641,1.00,1.12
2016.10.04 11:31:35.582,1.30631,1.30637,1.00,1.87
2016.10.04 11:31:35.633,1.30631,1.30637,1.00,4.87
2016.10.04 11:31:35.685,1.3063,1.30637,1.00,4.12
2016.10.04 11:31:35.736,1.30627,1.30635,1.00,1.12
2016.10.04 11:31:35.788,1.30625,1.30636,1.56,2.25
2016.10.04 11:31:35.974,1.30626,1.30636,1.31,1.12
2016.10.04 11:31:36.038,1.3063,1.30641,1.25,1.12
2016.10.04 11:31:36.141,1.3063,1.30643,1.25,2.25
2016.10.04 11:31:36.243,1.30631,1.30643,1.00,1.37
2016.10.04 11:31:36.395,1.30631,1.30643,1.00,1.87
2016.10.04 11:31:36.446,1.30631,1.30641,1.00,1.12
2016.10.04 11:31:36.599,1.30627,1.3064,1.31,1.00
2016.10.04 11:31:36.650,1.30626,1.30635,1.00,1.00
2016.10.04 11:31:36.813,1.30621,1.30633,1.56,1.00
2016.10.04 11:31:36.868,1.30619,1.3063,2.06,1.00
2016.10.04 11:31:36.919,1.30617,1.30629,1.87,1.00
2016.10.04 11:31:37.021,1.30617,1.30629,1.81,1.00
2016.10.04 11:31:37.124,1.30617,1.30629,1.00,1.00
2016.10.04 11:31:37.893,1.30616,1.30629,1.12,1.00
2016.10.04 11:31:37.944,1.30614,1.30626,2.62,1.00
2016.10.04 11:31:37.996,1.30614,1.30628,1.12,1.00
2016.10.04 11:31:38.199,1.30615,1.30627,1.50,1.00
2016.10.04 11:31:38.365,1.30616,1.30628,1.50,1.00
2016.10.04 11:31:38.906,1.30616,1.30628,1.12,1.00
2016.10.04 11:31:38.957,1.30615,1.30628,1.50,1.00
2016.10.04 11:31:39.008,1.30615,1.30628,1.12,1.00
2016.10.04 11:31:39.110,1.30617,1.3063,1.00,1.87
2016.10.04 11:31:39.334,1.30617,1.3063,1.00,1.87
2016.10.04 11:31:39.895,1.30618,1.3063,1.00,1.87
2016.10.04 11:31:40.099,1.30617,1.30629,1.00,1.00
2016.10.04 11:31:40.318,1.30615,1.30627,1.12,1.12
2016.10.04 11:31:40.369,1.30615,1.30622,1.12,1.00
2016.10.04 11:31:40.471,1.3061,1.3062,1.12,1.00
2016.10.04 11:31:40.522,1.30608,1.3062,1.87,1.00
2016.10.04 11:31:40.624,1.30609,1.30621,1.12,1.00
2016.10.04 11:31:40.676,1.30609,1.30621,1.50,1.00
2016.10.04 11:31:40.727,1.3061,1.30621,1.12,1.00
2016.10.04 11:31:40.930,1.3061,1.30621,1.50,1.00
2016.10.04 11:31:41.325,1.30607,1.30621,1.87,1.00
2016.10.04 11:31:41.428,1.30607,1.30619,1.50,1.00
2016.10.04 11:31:41.735,1.30607,1.30619,1.50,1.00
2016.10.04 11:31:42.137,1.30607,1.30619,1.87,1.00
2016.10.04 11:31:42.416,1.30607,1.3062,2.62,1.00
2016.10.04 11:31:42.467,1.30607,1.3062,2.87,1.00
2016.10.04 11:31:42.518,1.30607,1.3062,3.25,1.00
2016.10.04 11:31:42.570,1.30609,1.3062,1.00,1.00
2016.10.04 11:31:42.622,1.30609,1.3062,2.50,1.00
2016.10.04 11:31:43.280,1.3061,1.3062,1.00,1.00
2016.10.04 11:31:43.331,1.3061,1.3062,2.87,1.00
2016.10.04 11:31:43.395,1.30614,1.30623,1.00,1.50
2016.10.04 11:31:43.446,1.30614,1.30621,1.00,1.00
2016.10.04 11:31:43.498,1.30614,1.30628,2.25,1.12
2016.10.04 11:31:43.549,1.30618,1.30632,1.12,1.00
2016.10.04 11:31:43.600,1.30618,1.30633,3.25,1.87
2016.10.04 11:31:43.651,1.30619,1.30635,1.12,1.12
2016.10.04 11:31:43.702,1.30619,1.30634,2.12,1.37
2016.10.04 11:31:43.753,1.30618,1.30629,1.12,1.00
2016.10.04 11:31:43.805,1.30618,1.3063,1.12,3.37
2016.10.04 11:31:43.856,1.30616,1.30626,1.00,1.50
2016.10.04 11:31:44.010,1.30616,1.30627,1.00,2.25
2016.10.04 11:31:44.267,1.30616,1.30627,1.00,1.37
2016.10.04 11:31:44.318,1.30616,1.30628,1.00,1.12
2016.10.04 11:31:44.370,1.30616,1.30628,1.00,1.50
2016.10.04 11:31:44.472,1.30617,1.30632,2.12,2.25
2016.10.04 11:31:44.523,1.30617,1.30632,2.87,1.50
2016.10.04 11:31:44.574,1.30617,1.30633,3.17,2.25
2016.10.04 11:31:44.626,1.3062,1.30634,1.12,1.50
2016.10.04 11:31:44.677,1.3062,1.30634,2.12,1.50
2016.10.04 11:31:44.728,1.3062,1.30635,1.00,1.12
2016.10.04 11:31:44.953,1.3062,1.30634,1.00,1.87
2016.10.04 11:31:45.106,1.3062,1.30634,1.00,2.25
2016.10.04 11:31:45.361,1.3062,1.30633,1.00,1.50
2016.10.04 11:31:45.564,1.3062,1.30633,1.00,1.12
2016.10.04 11:31:45.819,1.3062,1.30633,1.00,1.50
2016.10.04 11:31:46.158,1.3062,1.30633,1.00,1.50
2016.10.04 11:31:46.260,1.3062,1.30633,1.00,1.12
2016.10.04 11:31:46.363,1.3062,1.30633,1.00,1.12
2016.10.04 11:31:46.516,1.3062,1.30633,1.00,1.50
2016.10.04 11:31:46.641,1.3062,1.3063,1.00,2.62
2016.10.04 11:31:46.694,1.30614,1.30627,1.00,1.62
2016.10.04 11:31:46.746,1.30614,1.30627,1.12,2.06
2016.10.04 11:31:46.848,1.3061,1.30625,1.50,1.50
2016.10.04 11:31:46.899,1.3061,1.30625,1.87,1.12
2016.10.04 11:31:46.950,1.3061,1.30627,4.12,1.50
2016.10.04 11:31:47.052,1.30611,1.30628,1.87,1.12
2016.10.04 11:31:47.104,1.30611,1.30628,3.62,1.50
2016.10.04 11:31:47.155,1.30612,1.3063,1.12,1.12
2016.10.04 11:31:47.206,1.30614,1.30631,2.62,1.87
2016.10.04 11:31:47.258,1.30614,1.30631,5.12,1.50
2016.10.04 11:31:47.607,1.30614,1.3063,3.75,1.50
2016.10.04 11:31:47.658,1.30612,1.30628,2.25,2.62
2016.10.04 11:31:47.709,1.30612,1.30628,1.12,2.62
2016.10.04 11:31:47.760,1.30611,1.30625,1.00,1.50
2016.10.04 11:31:47.812,1.3061,1.30625,1.12,1.50
2016.10.04 11:31:47.863,1.30608,1.30623,2.25,1.12
2016.10.04 11:31:47.965,1.30608,1.30623,1.12,1.12
2016.10.04 11:31:48.016,1.30608,1.30622,1.12,1.00
2016.10.04 11:31:48.185,1.30608,1.30622,1.87,1.00
2016.10.04 11:31:48.236,1.30608,1.30622,2.25,1.00
2016.10.04 11:31:48.337,1.30608,1.30622,1.87,1.00
2016.10.04 11:31:48.754,1.30608,1.30621,1.87,1.12
2016.10.04 11:31:48.928,1.30608,1.30621,2.87,1.50
2016.10.04 11:31:49.030,1.30609,1.30621,1.00,1.50
2016.10.04 11:31:49.132,1.30608,1.30621,2.62,1.50
2016.10.04 11:31:49.363,1.30608,1.30621,1.87,1.50
2016.10.04 11:31:49.764,1.30608,1.30621,3.37,1.50
2016.10.04 11:31:49.909,1.30608,1.30621,3.75,1.50
2016.10.04 11:31:49.960,1.30611,1.30621,1.50,1.50
2016.10.04 11:31:50.011,1.30611,1.30621,1.50,1.00
2016.10.04 11:31:50.659,1.30611,1.3062,1.50,1.00
2016.10.04 11:31:52.133,1.30613,1.30622,1.12,1.00
2016.10.04 11:31:52.184,1.30613,1.30625,1.12,1.00
2016.10.04 11:31:52.235,1.30615,1.30625,1.12,1.00
2016.10.04 11:31:52.366,1.30618,1.30625,1.12,1.00
2016.10.04 11:31:52.418,1.30617,1.30626,1.50,1.00
2016.10.04 11:31:52.521,1.30616,1.30625,1.00,1.00
2016.10.04 11:31:52.573,1.30614,1.30624,1.87,1.12
2016.10.04 11:31:52.625,1.30612,1.30619,1.87,1.00
2016.10.04 11:31:52.676,1.30612,1.30619,1.87,1.00
2016.10.04 11:31:52.727,1.30607,1.30616,4.35,1.00
2016.10.04 11:31:52.778,1.30607,1.30616,1.50,1.00
2016.10.04 11:31:52.933,1.30608,1.30618,1.12,1.00
2016.10.04 11:31:52.984,1.30608,1.30618,1.50,1.00
2016.10.04 11:31:53.263,1.30612,1.30618,1.12,1.00
2016.10.04 11:31:53.628,1.3061,1.30618,1.50,1.00
2016.10.04 11:31:53.730,1.30607,1.30619,1.50,1.00
2016.10.04 11:31:53.781,1.30607,1.30619,1.50,1.00
2016.10.04 11:31:53.832,1.30607,1.30621,1.50,1.50
2016.10.04 11:31:53.951,1.30608,1.30621,1.12,1.50
2016.10.04 11:31:54.002,1.30608,1.30619,1.12,1.00
2016.10.04 11:31:54.529,1.30609,1.30618,1.12,1.00
2016.10.04 11:31:54.682,1.30609,1.30618,1.12,1.00
2016.10.04 11:31:54.734,1.30608,1.30618,1.87,1.00
2016.10.04 11:31:54.786,1.30608,1.30619,1.12,1.00
2016.10.04 11:31:55.298,1.30608,1.30618,1.12,1.00
2016.10.04 11:31:55.842,1.30608,1.30619,1.12,1.00
2016.10.04 11:31:56.379,1.30608,1.30618,1.12,1.00
2016.10.04 11:31:56.648,1.30605,1.30616,1.50,1.00
2016.10.04 11:31:56.750,1.30606,1.30614,1.12,1.00
2016.10.04 11:31:56.853,1.30604,1.30614,1.87,1.00
2016.10.04 11:31:56.905,1.30604,1.30614,1.12,1.00
2016.10.04 11:31:57.461,1.30608,1.30616,1.00,1.00
2016.10.04 11:31:57.564,1.30608,1.30614,1.00,1.00
2016.10.04 11:31:57.667,1.30607,1.30618,1.00,1.00
2016.10.04 11:31:57.718,1.3061,1.30618,2.25,1.00
2016.10.04 11:31:57.770,1.30615,1.30619,1.00,1.00
2016.10.04 11:31:57.821,1.30615,1.30621,1.37,1.65
2016.10.04 11:31:57.872,1.30613,1.3062,2.62,1.50
2016.10.04 11:31:57.923,1.30613,1.3062,1.50,1.00
2016.10.04 11:31:58.098,1.30613,1.30623,2.62,1.00
2016.10.04 11:31:58.251,1.30613,1.30623,1.75,1.00
2016.10.04 11:31:58.456,1.30614,1.30623,1.75,1.00
2016.10.04 11:31:58.559,1.30617,1.30624,1.00,1.00
2016.10.04 11:31:58.661,1.30618,1.30624,1.12,1.00
2016.10.04 11:31:59.181,1.30617,1.30623,1.12,1.00
2016.10.04 11:31:59.386,1.30618,1.30625,1.12,1.00
2016.10.04 11:31:59.437,1.30618,1.30625,1.50,1.00
2016.10.04 11:31:59.489,1.30618,1.30625,1.87,1.00
2016.10.04 11:31:59.805,1.30618,1.30623,1.87,1.00
2016.10.04 11:31:59.856,1.30617,1.30624,2.62,1.00
2016.10.04 11:31:59.908,1.30617,1.30624,1.87,1.00
2016.10.04 11:31:59.959,1.30612,1.30618,3.22,1.50
2016.10.04 11:32:00.061,1.3061,1.30616,1.12,1.20
2016.10.04 11:32:00.112,1.30609,1.30613,1.12,1.00
2016.10.04 11:32:00.443,1.306,1.30608,1.50,1.00
2016.10.04 11:32:00.547,1.30601,1.30608,1.12,1.00
2016.10.04 11:32:00.752,1.30601,1.30608,1.50,1.00
2016.10.04 11:32:01.952,1.30601,1.30608,1.12,1.00
2016.10.04 11:32:02.208,1.30601,1.30611,1.12,1.00
2016.10.04 11:32:02.387,1.3061,1.30616,1.50,1.00
2016.10.04 11:32:02.438,1.3061,1.30618,1.12,1.00
2016.10.04 11:32:02.489,1.3061,1.30615,1.12,1.00
2016.10.04 11:32:02.540,1.3061,1.30617,1.12,1.00
2016.10.04 11:32:03.750,1.3061,1.30622,1.87,1.00
2016.10.04 11:32:03.801,1.30613,1.30622,1.00,1.00
2016.10.04 11:32:03.852,1.30615,1.30625,4.35,2.62
2016.10.04 11:32:03.904,1.30615,1.30628,4.72,1.00
2016.10.04 11:32:03.955,1.30619,1.30623,1.12,1.00
2016.10.04 11:32:04.006,1.30621,1.30625,1.12,1.00
2016.10.04 11:32:04.057,1.30617,1.30621,1.50,1.00
2016.10.04 11:32:04.191,1.30613,1.30617,1.12,1.00
2016.10.04 11:32:04.242,1.30611,1.30616,1.00,1.00
2016.10.04 11:32:04.296,1.3061,1.30615,1.37,1.12
2016.10.04 11:32:04.347,1.30609,1.30613,1.12,1.00
2016.10.04 11:32:04.551,1.306,1.30608,1.12,1.00
2016.10.04 11:32:04.849,1.30596,1.30605,1.50,1.00
2016.10.04 11:32:04.903,1.30596,1.30606,2.25,1.00
2016.10.04 11:32:04.955,1.306,1.30606,1.12,1.00
2016.10.04 11:32:05.367,1.306,1.30606,1.50,1.00
2016.10.04 11:32:06.074,1.306,1.30607,1.50,1.00
2016.10.04 11:32:06.125,1.30602,1.30607,1.12,1.00
2016.10.04 11:32:06.176,1.30602,1.30609,1.12,1.00
2016.10.04 11:32:06.228,1.30601,1.30609,1.50,1.00
2016.10.04 11:32:07.158,1.30602,1.30609,1.50,1.00
2016.10.04 11:32:07.672,1.30602,1.30608,1.50,1.00
2016.10.04 11:32:08.241,1.30601,1.30608,1.50,1.00
2016.10.04 11:32:08.750,1.30598,1.30608,1.87,1.00
2016.10.04 11:32:08.801,1.30598,1.30609,1.12,1.00
2016.10.04 11:32:08.954,1.30598,1.30609,1.50,1.00
2016.10.04 11:32:09.005,1.30598,1.30605,1.50,1.00
2016.10.04 11:32:09.056,1.30596,1.30603,1.12,1.00
2016.10.04 11:32:09.108,1.30596,1.30602,1.12,1.00
2016.10.04 11:32:09.159,1.3059,1.30601,2.85,1.00
2016.10.04 11:32:09.228,1.30588,1.306,1.00,1.00
2016.10.04 11:32:09.535,1.30588,1.30598,1.00,1.00
2016.10.04 11:32:09.638,1.30588,1.30598,1.12,1.00
2016.10.04 11:32:09.740,1.30588,1.30599,1.37,1.00
2016.10.04 11:32:09.791,1.30588,1.30599,1.50,1.00
2016.10.04 11:32:09.944,1.30589,1.30599,1.87,1.00
2016.10.04 11:32:09.995,1.30589,1.30599,2.25,1.00
2016.10.04 11:32:10.046,1.30588,1.30599,4.50,1.00
2016.10.04 11:32:10.250,1.30588,1.30599,2.62,1.00
2016.10.04 11:32:10.446,1.30588,1.30599,1.50,1.00
2016.10.04 11:32:10.650,1.30589,1.30599,1.87,1.00
2016.10.04 11:32:10.701,1.30589,1.30599,2.25,1.00
2016.10.04 11:32:10.752,1.30589,1.30599,1.00,1.00
2016.10.04 11:32:10.855,1.30588,1.30599,1.50,1.00
2016.10.04 11:32:10.917,1.30588,1.30599,1.12,1.00
2016.10.04 11:32:11.235,1.30588,1.30599,1.12,1.00
2016.10.04 11:32:11.340,1.30586,1.30598,2.62,1.00
2016.10.04 11:32:11.393,1.30585,1.30597,1.87,1.00
2016.10.04 11:32:11.445,1.30584,1.30595,1.00,1.00
2016.10.04 11:32:11.496,1.30584,1.30595,1.00,1.00
2016.10.04 11:32:11.753,1.30583,1.30595,1.50,1.00
2016.10.04 11:32:11.855,1.30585,1.30595,1.12,1.00
2016.10.04 11:32:12.852,1.30585,1.30596,1.50,1.00
2016.10.04 11:32:12.903,1.30585,1.30595,1.87,1.00
2016.10.04 11:32:12.954,1.30585,1.30596,2.25,1.00
2016.10.04 11:32:13.121,1.30587,1.30596,1.12,1.00
2016.10.04 11:32:13.815,1.30587,1.30597,1.12,1.00
2016.10.04 11:32:13.866,1.30587,1.30597,3.37,1.00
2016.10.04 11:32:13.917,1.30587,1.30597,3.75,1.00
2016.10.04 11:32:13.968,1.30588,1.30598,2.62,1.00
2016.10.04 11:32:14.019,1.3059,1.30598,1.00,1.00
2016.10.04 11:32:14.212,1.3059,1.30598,1.87,1.00
2016.10.04 11:32:14.267,1.3059,1.30598,1.00,1.00
2016.10.04 11:32:14.421,1.3059,1.306,1.00,1.00
2016.10.04 11:32:14.524,1.3059,1.30598,1.00,1.00
2016.10.04 11:32:15.401,1.3059,1.306,1.00,1.00
2016.10.04 11:32:17.926,1.3059,1.306,1.37,1.00
2016.10.04 11:32:18.029,1.30592,1.30599,1.00,1.00
2016.10.04 11:32:18.081,1.3059,1.30599,2.62,1.00
2016.10.04 11:32:18.132,1.3059,1.30599,1.00,1.00
2016.10.04 11:32:18.234,1.3059,1.30601,1.00,1.00
2016.10.04 11:32:18.285,1.3059,1.30601,2.25,1.00
2016.10.04 11:32:18.336,1.30592,1.30602,1.50,1.00
2016.10.04 11:32:18.388,1.30592,1.30605,4.12,1.50
2016.10.04 11:32:18.440,1.30593,1.30606,5.25,1.00
2016.10.04 11:32:18.491,1.30596,1.30606,1.87,1.00
2016.10.04 11:32:18.542,1.30598,1.30606,1.00,1.00
2016.10.04 11:32:18.714,1.30598,1.30606,1.12,1.00
2016.10.04 11:32:18.765,1.30598,1.30605,1.37,1.00
2016.10.04 11:32:18.969,1.30598,1.30607,1.37,1.00
2016.10.04 11:32:19.020,1.30598,1.30609,1.50,1.00
2016.10.04 11:32:19.071,1.30599,1.3061,1.50,1.00
2016.10.04 11:32:19.122,1.30599,1.30612,5.25,1.00
2016.10.04 11:32:19.173,1.30603,1.30612,1.50,1.00
2016.10.04 11:32:19.495,1.30603,1.30607,1.50,1.00
2016.10.04 11:32:19.547,1.30598,1.30603,4.50,1.00
2016.10.04 11:32:19.601,1.306,1.30604,1.87,1.00
2016.10.04 11:32:19.652,1.30595,1.30601,1.37,1.00
2016.10.04 11:32:19.704,1.30595,1.30601,1.00,1.00
2016.10.04 11:32:19.756,1.30591,1.30601,1.12,1.00
2016.10.04 11:32:19.960,1.30584,1.30597,1.31,1.00
2016.10.04 11:32:20.185,1.30584,1.30597,1.19,1.00
2016.10.04 11:32:20.236,1.30583,1.30595,3.19,1.00
2016.10.04 11:32:20.338,1.30584,1.30596,1.31,1.00
2016.10.04 11:32:20.389,1.30584,1.30598,1.31,1.37
2016.10.04 11:32:20.593,1.30584,1.30598,1.19,1.37
2016.10.04 11:32:21.068,1.30586,1.30598,1.31,1.37
2016.10.04 11:32:21.119,1.30586,1.30598,1.31,1.37
2016.10.04 11:32:21.170,1.30586,1.30598,1.31,1.00
2016.10.04 11:32:21.221,1.30586,1.30598,1.69,1.00
2016.10.04 11:32:21.272,1.30586,1.30598,2.06,1.00
2016.10.04 11:32:21.643,1.30586,1.30598,1.62,1.00
2016.10.04 11:32:21.694,1.30586,1.30598,1.56,1.00
2016.10.04 11:32:21.745,1.30587,1.30598,1.50,1.00
2016.10.04 11:32:21.969,1.3059,1.306,1.12,1.00
2016.10.04 11:32:22.583,1.3059,1.30598,1.12,1.00
2016.10.04 11:32:26.531,1.30588,1.30598,1.00,1.00
2016.10.04 11:32:26.633,1.30585,1.30598,2.44,1.00
2016.10.04 11:32:26.735,1.30585,1.30598,1.69,1.00
2016.10.04 11:32:26.916,1.30586,1.30597,1.31,1.00
2016.10.04 11:32:27.888,1.30586,1.30596,1.31,1.00
2016.10.04 11:32:28.877,1.30586,1.30598,1.31,1.00
2016.10.04 11:32:30.739,1.30586,1.30598,2.06,1.00
2016.10.04 11:32:31.024,1.30586,1.30598,1.31,1.00
2016.10.04 11:32:33.788,1.30586,1.30598,1.31,1.00
2016.10.04 11:32:33.839,1.30586,1.30597,1.31,1.00
2016.10.04 11:32:33.890,1.30586,1.30598,2.06,1.00
2016.10.04 11:32:33.941,1.30586,1.30598,2.44,1.00
2016.10.04 11:32:34.096,1.30585,1.30599,2.25,1.00
2016.10.04 11:32:34.147,1.30585,1.30597,2.25,1.00
2016.10.04 11:32:34.198,1.30585,1.30597,1.87,1.00
2016.10.04 11:32:34.250,1.30584,1.30599,1.87,1.87
2016.10.04 11:32:34.447,1.30584,1.30599,1.00,1.00
2016.10.04 11:32:34.600,1.30584,1.30599,1.00,1.37
2016.10.04 11:32:34.651,1.30585,1.30598,1.00,1.12
2016.10.04 11:32:34.956,1.30584,1.30597,1.00,1.00
2016.10.04 11:32:35.058,1.30584,1.30598,1.00,1.12
2016.10.04 11:32:35.534,1.30585,1.30597,1.00,1.00
2016.10.04 11:32:36.579,1.30583,1.30598,1.00,2.25
2016.10.04 11:32:36.631,1.30582,1.30594,1.00,1.00
2016.10.04 11:32:37.150,1.30581,1.30594,1.12,1.00
2016.10.04 11:32:37.201,1.30579,1.30593,1.50,1.00
2016.10.04 11:32:37.252,1.30578,1.30591,1.87,1.00
2016.10.04 11:32:37.304,1.30578,1.30591,1.12,1.00
2016.10.04 11:32:37.355,1.30577,1.30591,1.00,1.00
2016.10.04 11:32:37.490,1.30577,1.30588,1.00,2.25
2016.10.04 11:32:37.541,1.3057,1.30582,1.75,1.00
2016.10.04 11:32:37.592,1.3057,1.30582,1.00,1.00
2016.10.04 11:32:38.112,1.30571,1.30583,1.00,1.00
2016.10.04 11:32:40.312,1.3057,1.30583,1.12,1.00
2016.10.04 11:32:40.480,1.30569,1.30582,1.12,1.12
2016.10.04 11:32:40.808,1.30569,1.30582,1.50,1.12
2016.10.04 11:32:40.961,1.30571,1.30583,1.00,1.00
2016.10.04 11:32:41.175,1.30571,1.30583,1.00,1.00
2016.10.04 11:32:41.227,1.30573,1.30586,1.00,2.21
2016.10.04 11:32:41.278,1.30574,1.30586,1.00,1.69
2016.10.04 11:32:41.330,1.30573,1.30584,2.25,1.00
2016.10.04 11:32:41.381,1.30573,1.30583,1.12,1.00
2016.10.04 11:32:41.432,1.3057,1.30581,1.87,1.00
2016.10.04 11:32:41.484,1.3057,1.30581,1.50,1.00
2016.10.04 11:32:41.535,1.30566,1.30578,2.62,1.00
2016.10.04 11:32:41.587,1.30566,1.30575,1.50,1.00
2016.10.04 11:32:41.728,1.30566,1.30573,1.12,1.00
2016.10.04 11:32:41.779,1.30558,1.3057,2.62,1.87
2016.10.04 11:32:41.831,1.30556,1.30569,1.00,1.12
2016.10.04 11:32:42.240,1.30556,1.3057,1.87,1.50
2016.10.04 11:32:42.485,1.30558,1.3057,1.00,1.50
2016.10.04 11:32:42.588,1.30556,1.3057,1.87,1.00
2016.10.04 11:32:42.700,1.30557,1.30569,1.00,1.00
2016.10.04 11:32:42.751,1.30556,1.30568,1.87,1.00
2016.10.04 11:32:43.020,1.30557,1.30569,1.00,1.00
2016.10.04 11:32:44.773,1.30556,1.30568,1.00,1.00
2016.10.04 11:32:44.824,1.30555,1.30568,1.00,1.12
2016.10.04 11:32:44.875,1.30555,1.30568,1.37,1.00
2016.10.04 11:32:44.926,1.30557,1.30569,1.00,2.25
2016.10.04 11:32:44.977,1.30556,1.30569,1.12,1.87
2016.10.04 11:32:45.028,1.30557,1.30569,1.00,2.25
2016.10.04 11:32:45.202,1.30557,1.30569,1.00,2.62
2016.10.04 11:32:45.325,1.30556,1.30569,1.00,1.87
2016.10.04 11:32:45.377,1.30556,1.30569,1.00,1.00
2016.10.04 11:32:45.428,1.30556,1.3057,1.00,1.87
2016.10.04 11:32:45.826,1.30562,1.3057,1.00,1.87
2016.10.04 11:32:45.877,1.30563,1.30571,1.00,1.12
2016.10.04 11:32:45.929,1.30562,1.30574,1.00,1.12
2016.10.04 11:32:46.094,1.30567,1.30575,1.37,1.12
2016.10.04 11:32:46.147,1.30568,1.30575,1.87,1.12
2016.10.04 11:32:46.198,1.30568,1.30575,1.37,1.12
2016.10.04 11:32:46.264,1.30568,1.30575,1.12,1.12
2016.10.04 11:32:46.434,1.3057,1.30575,1.00,1.12
2016.10.04 11:32:46.485,1.30571,1.30577,1.12,1.12
2016.10.04 11:32:46.537,1.30573,1.30578,1.00,1.12
2016.10.04 11:32:46.590,1.30574,1.30579,1.12,1.12
2016.10.04 11:32:47.012,1.30574,1.30587,1.12,1.12
2016.10.04 11:32:47.124,1.30574,1.30588,2.25,1.00
2016.10.04 11:32:47.175,1.30576,1.30588,1.00,1.00
2016.10.04 11:32:48.177,1.30575,1.30587,1.50,1.00
2016.10.04 11:32:48.229,1.30574,1.30588,1.87,1.87
2016.10.04 11:32:48.280,1.30574,1.30588,1.50,1.87
2016.10.04 11:32:48.332,1.30574,1.30588,1.00,1.87
2016.10.04 11:32:48.383,1.30574,1.30586,1.00,1.00
2016.10.04 11:32:48.688,1.30573,1.30586,2.62,1.50
2016.10.04 11:32:48.739,1.30573,1.30585,1.12,1.87
2016.10.04 11:32:48.790,1.30573,1.30582,1.12,1.00
2016.10.04 11:32:48.968,1.30568,1.3058,1.00,1.12
2016.10.04 11:32:49.172,1.30571,1.3058,1.00,1.12
2016.10.04 11:32:49.224,1.30571,1.30582,1.00,1.50
2016.10.04 11:32:49.276,1.3057,1.30582,1.00,2.25
2016.10.04 11:32:49.327,1.30568,1.30582,1.00,1.50
2016.10.04 11:32:49.378,1.30568,1.3058,1.00,1.12
2016.10.04 11:32:49.429,1.30568,1.3058,1.00,2.25
2016.10.04 11:32:49.726,1.30568,1.3058,1.00,2.62
2016.10.04 11:32:50.055,1.30567,1.30579,1.00,1.37
2016.10.04 11:32:50.208,1.30567,1.30579,1.00,1.12
2016.10.04 11:32:50.259,1.30565,1.30578,1.00,1.87
2016.10.04 11:32:50.310,1.30563,1.30577,1.87,1.00
2016.10.04 11:32:50.361,1.30563,1.30576,1.00,1.12
2016.10.04 11:32:50.412,1.30562,1.30574,1.00,1.00
2016.10.04 11:32:50.938,1.30562,1.30574,1.00,1.87
2016.10.04 11:32:51.168,1.30561,1.30574,1.00,1.12
2016.10.04 11:32:51.219,1.30563,1.30575,1.12,1.00
2016.10.04 11:32:51.270,1.30562,1.30576,1.37,1.12
2016.10.04 11:32:51.321,1.30563,1.30576,1.12,1.00
2016.10.04 11:32:51.534,1.30563,1.30574,1.12,1.00
2016.10.04 11:32:51.586,1.30562,1.30574,1.12,1.00
2016.10.04 11:32:51.637,1.30562,1.30574,1.00,1.00
2016.10.04 11:32:51.742,1.30561,1.30576,2.25,1.87
2016.10.04 11:32:51.845,1.30561,1.30576,1.87,1.87
2016.10.04 11:32:51.948,1.30563,1.30575,1.37,1.00
2016.10.04 11:32:52.207,1.30562,1.30574,1.37,1.37
2016.10.04 11:32:52.374,1.3056,1.30572,1.37,1.00
2016.10.04 11:32:52.426,1.30559,1.30572,1.12,2.25
2016.10.04 11:32:52.477,1.30558,1.30571,1.37,1.00
2016.10.04 11:32:52.530,1.30557,1.30571,1.87,1.00
2016.10.04 11:32:52.634,1.30557,1.3057,1.00,1.50
2016.10.04 11:32:52.736,1.30563,1.30572,1.00,1.12
2016.10.04 11:32:52.838,1.30563,1.30577,1.87,1.75
2016.10.04 11:32:53.049,1.30564,1.30578,1.12,1.00
2016.10.04 11:32:53.152,1.30564,1.30578,1.00,1.00
2016.10.04 11:32:53.254,1.30564,1.30578,1.87,1.00
2016.10.04 11:32:53.306,1.30565,1.30578,1.00,1.00
2016.10.04 11:32:53.357,1.3057,1.30581,1.00,1.50
2016.10.04 11:32:53.408,1.30572,1.30581,1.00,1.50
2016.10.04 11:32:53.460,1.30572,1.30583,1.00,1.87
2016.10.04 11:32:53.511,1.30575,1.30583,1.00,1.50
2016.10.04 11:32:53.563,1.30575,1.30587,1.00,1.37
2016.10.04 11:32:53.726,1.30575,1.30587,1.12,1.00
2016.10.04 11:32:53.828,1.30574,1.30586,2.62,1.00
2016.10.04 11:32:53.930,1.30574,1.30586,1.87,1.00
2016.10.04 11:32:54.032,1.30574,1.30586,1.00,1.00
2016.10.04 11:32:55.815,1.30574,1.30587,1.00,1.87
2016.10.04 11:32:55.866,1.30574,1.30587,2.25,1.00
2016.10.04 11:32:55.969,1.30574,1.30587,1.00,1.00
2016.10.04 11:32:56.122,1.30575,1.30588,1.00,1.12
2016.10.04 11:32:56.173,1.30574,1.30586,1.00,1.00
2016.10.04 11:32:56.225,1.30573,1.30587,1.50,1.00
2016.10.04 11:32:56.522,1.30573,1.30587,1.50,1.00
2016.10.04 11:32:56.725,1.30576,1.30587,1.12,1.00
2016.10.04 11:32:57.152,1.30574,1.30586,2.25,1.00
2016.10.04 11:32:57.366,1.30574,1.30586,2.62,1.00
2016.10.04 11:32:57.546,1.30574,1.30586,2.25,1.00
2016.10.04 11:32:59.378,1.30574,1.30586,1.87,1.00
2016.10.04 11:33:00.101,1.30574,1.30588,1.37,1.50
2016.10.04 11:33:00.152,1.30575,1.30587,1.12,1.00
2016.10.04 11:33:01.952,1.30576,1.30588,1.12,1.50
2016.10.04 11:33:02.005,1.30576,1.30588,1.12,1.00
2016.10.04 11:33:02.436,1.30576,1.30588,1.00,1.00
2016.10.04 11:33:03.394,1.30574,1.30589,1.87,1.00
2016.10.04 11:33:03.445,1.30574,1.30589,1.50,1.00
2016.10.04 11:33:03.496,1.3058,1.3059,1.00,1.50
2016.10.04 11:33:03.547,1.30575,1.3059,1.00,1.87
2016.10.04 11:33:03.598,1.30577,1.3059,1.00,1.12
2016.10.04 11:33:03.650,1.30577,1.3059,1.00,1.12
2016.10.04 11:33:03.752,1.30577,1.30591,1.00,1.87
2016.10.04 11:33:03.906,1.30577,1.30591,1.12,1.87
2016.10.04 11:33:03.957,1.30579,1.30591,1.00,1.87
2016.10.04 11:33:04.192,1.30579,1.30591,1.75,1.87
2016.10.04 11:33:04.243,1.3058,1.30591,1.12,1.87
2016.10.04 11:33:04.497,1.30581,1.30591,1.75,1.12
2016.10.04 11:33:04.549,1.30583,1.30592,1.12,1.12
2016.10.04 11:33:04.601,1.30584,1.30592,1.37,1.12
2016.10.04 11:33:04.652,1.30584,1.30595,1.50,1.50
2016.10.04 11:33:04.824,1.30585,1.30595,1.12,1.50
2016.10.04 11:33:04.875,1.30584,1.30595,1.00,1.12
2016.10.04 11:33:05.043,1.30584,1.30594,1.00,1.12
2016.10.04 11:33:05.146,1.30584,1.30593,1.00,1.50
2016.10.04 11:33:05.198,1.3058,1.30593,1.12,1.50
2016.10.04 11:33:05.250,1.30579,1.30593,1.37,1.50
2016.10.04 11:33:05.424,1.30579,1.30593,1.87,1.50
2016.10.04 11:33:05.477,1.3058,1.30593,1.00,1.12
2016.10.04 11:33:05.580,1.3058,1.30593,1.00,1.00
2016.10.04 11:33:05.631,1.3058,1.30592,1.00,1.12
2016.10.04 11:33:06.134,1.3058,1.30591,1.00,1.12
2016.10.04 11:33:06.186,1.3058,1.30591,1.00,1.50
2016.10.04 11:33:06.607,1.3058,1.30591,1.00,1.87
2016.10.04 11:33:08.139,1.30581,1.30591,1.00,1.50
2016.10.04 11:33:08.395,1.30581,1.30591,1.00,1.12
2016.10.04 11:33:09.179,1.30581,1.30593,1.00,2.25
2016.10.04 11:33:09.231,1.30581,1.30593,1.00,1.87
2016.10.04 11:33:11.762,1.30581,1.30593,1.00,1.12
2016.10.04 11:33:11.864,1.30581,1.30593,1.00,1.00
2016.10.04 11:33:12.555,1.30581,1.30593,1.00,1.87
2016.10.04 11:33:12.657,1.30581,1.30593,1.00,1.00
2016.10.04 11:33:12.714,1.30581,1.30593,1.00,1.12
2016.10.04 11:33:13.351,1.3058,1.30592,1.00,1.87
2016.10.04 11:33:13.402,1.3058,1.30592,1.00,2.25
2016.10.04 11:33:13.971,1.30579,1.30591,1.00,1.87
2016.10.04 11:33:14.276,1.30577,1.30591,1.00,1.50
2016.10.04 11:33:14.492,1.30577,1.30589,1.00,1.12
2016.10.04 11:33:14.797,1.30577,1.30589,1.00,1.50
2016.10.04 11:33:15.052,1.30577,1.30586,1.00,1.12
2016.10.04 11:33:15.256,1.30577,1.30587,1.00,1.50
2016.10.04 11:33:16.046,1.30577,1.30586,1.25,1.12
2016.10.04 11:33:16.097,1.30578,1.30586,1.00,1.12
2016.10.04 11:33:16.352,1.30578,1.30587,1.00,1.50
2016.10.04 11:33:16.640,1.30579,1.30589,1.25,1.50
2016.10.04 11:33:16.691,1.30579,1.3059,1.25,1.50
2016.10.04 11:33:16.743,1.30579,1.30591,1.19,1.50
2016.10.04 11:33:16.794,1.30579,1.30591,1.19,1.12
2016.10.04 11:33:16.948,1.30579,1.30592,1.19,1.50
2016.10.04 11:33:17.940,1.30579,1.30592,1.25,1.50
2016.10.04 11:33:18.042,1.30581,1.30592,1.00,1.50
2016.10.04 11:33:18.245,1.3058,1.30593,1.25,1.50
2016.10.04 11:33:18.399,1.30584,1.30593,1.00,1.50
2016.10.04 11:33:18.450,1.30585,1.30595,1.00,2.25
2016.10.04 11:33:18.501,1.30588,1.30595,1.00,1.12
2016.10.04 11:33:18.552,1.30589,1.30596,1.00,1.00
2016.10.04 11:33:18.603,1.3059,1.30598,1.00,1.50
2016.10.04 11:33:18.655,1.3059,1.30601,1.00,1.50
2016.10.04 11:33:18.802,1.3059,1.30602,1.00,2.25
2016.10.04 11:33:18.854,1.3059,1.30602,1.25,2.25
2016.10.04 11:33:18.956,1.30592,1.30603,1.00,1.87
2016.10.04 11:33:19.058,1.30592,1.30604,1.00,1.37
2016.10.04 11:33:19.109,1.30592,1.30604,1.00,1.00
2016.10.04 11:33:19.212,1.30592,1.30604,1.00,1.12
2016.10.04 11:33:19.264,1.30592,1.30602,1.00,1.00
2016.10.04 11:33:19.316,1.30589,1.30595,1.12,1.00
2016.10.04 11:33:19.368,1.30587,1.30593,1.50,3.00
2016.10.04 11:33:19.419,1.30583,1.3059,1.12,1.75
2016.10.04 11:33:19.621,1.30575,1.3059,1.19,2.25
2016.10.04 11:33:19.672,1.30575,1.30587,1.19,1.12
2016.10.04 11:33:19.774,1.30576,1.30588,1.25,1.00
2016.10.04 11:33:19.876,1.30575,1.3059,1.19,2.62
2016.10.04 11:33:19.979,1.30575,1.30589,1.19,1.12
2016.10.04 11:33:20.238,1.30575,1.30589,1.00,1.87
2016.10.04 11:33:20.514,1.30575,1.30589,1.25,1.87
2016.10.04 11:33:20.565,1.30575,1.30589,1.25,1.87
2016.10.04 11:33:20.616,1.30574,1.30585,1.12,1.00
2016.10.04 11:33:20.667,1.30572,1.30584,1.31,1.12
2016.10.04 11:33:20.718,1.30571,1.30584,2.06,1.50
2016.10.04 11:33:20.769,1.30571,1.30584,1.19,1.87
2016.10.04 11:33:20.820,1.30571,1.30581,1.19,1.00
2016.10.04 11:33:21.126,1.30571,1.30584,1.19,2.25
2016.10.04 11:33:21.285,1.30571,1.30585,1.19,3.00
2016.10.04 11:33:21.543,1.30572,1.30586,1.56,1.50
2016.10.04 11:33:21.595,1.30577,1.30588,1.00,1.12
2016.10.04 11:33:21.646,1.30577,1.30589,1.00,1.50
2016.10.04 11:33:21.698,1.30577,1.3059,1.00,2.25
2016.10.04 11:33:21.749,1.30577,1.3059,1.00,1.12
2016.10.04 11:33:21.800,1.30577,1.3059,1.00,1.00
2016.10.04 11:33:21.903,1.30577,1.3059,1.12,1.00
2016.10.04 11:33:22.369,1.30577,1.30591,1.00,1.00
2016.10.04 11:33:22.850,1.30577,1.30591,1.25,1.00
2016.10.04 11:33:23.155,1.30579,1.30591,1.25,1.00
2016.10.04 11:33:23.257,1.3058,1.30592,1.00,1.12
2016.10.04 11:33:23.444,1.3058,1.30593,1.12,1.00
2016.10.04 11:33:24.126,1.3058,1.30593,1.31,1.00
2016.10.04 11:33:24.228,1.3058,1.30592,1.12,1.00
2016.10.04 11:33:24.449,1.3058,1.30592,1.00,1.50
2016.10.04 11:33:24.500,1.30579,1.30588,1.12,1.12
2016.10.04 11:33:24.551,1.30575,1.30586,1.87,1.00
2016.10.04 11:33:24.603,1.30575,1.30586,1.12,1.87
2016.10.04 11:33:24.655,1.30575,1.30583,1.12,1.12
2016.10.04 11:33:24.960,1.30571,1.30583,1.00,2.25
2016.10.04 11:33:25.391,1.3057,1.30582,1.00,1.00
2016.10.04 11:33:25.596,1.3057,1.30583,1.00,1.50
2016.10.04 11:33:25.647,1.3057,1.30583,1.00,1.12
2016.10.04 11:33:25.803,1.30569,1.30584,1.12,1.37
2016.10.04 11:33:25.854,1.3057,1.30584,1.00,1.37
2016.10.04 11:33:25.919,1.3057,1.30584,1.00,1.50
2016.10.04 11:33:26.075,1.3057,1.30583,1.00,1.12
2016.10.04 11:33:26.243,1.3057,1.30583,1.00,2.25
2016.10.04 11:33:26.923,1.30571,1.30584,1.00,1.50
2016.10.04 11:33:26.974,1.30572,1.30584,1.00,1.12
2016.10.04 11:33:27.139,1.30573,1.30585,1.00,2.25
2016.10.04 11:33:27.191,1.30572,1.30584,1.00,1.00
2016.10.04 11:33:27.242,1.30569,1.30584,1.12,1.00
2016.10.04 11:33:27.670,1.30571,1.30583,1.00,1.00
2016.10.04 11:33:28.125,1.3057,1.30585,1.00,2.25
2016.10.04 11:33:28.277,1.30573,1.30585,1.00,1.12
2016.10.04 11:33:28.329,1.30577,1.30589,1.00,2.62
2016.10.04 11:33:28.381,1.30577,1.30589,1.00,2.25
2016.10.04 11:33:28.432,1.3058,1.30592,1.00,1.50
2016.10.04 11:33:28.535,1.30582,1.30595,1.12,1.12
2016.10.04 11:33:28.587,1.30587,1.30595,1.00,1.12
2016.10.04 11:33:28.640,1.30588,1.30595,1.00,1.00
2016.10.04 11:33:28.692,1.30589,1.30596,1.00,1.00
2016.10.04 11:33:28.743,1.30589,1.30603,1.00,3.00
2016.10.04 11:33:28.960,1.30589,1.30603,1.00,1.12
2016.10.04 11:33:29.062,1.30589,1.30603,1.00,1.50
2016.10.04 11:33:29.214,1.30589,1.30603,1.00,2.25
2016.10.04 11:33:29.521,1.30589,1.30603,1.00,3.00
2016.10.04 11:33:29.623,1.30589,1.30602,1.00,1.00
2016.10.04 11:33:29.743,1.30585,1.30589,1.87,1.50
2016.10.04 11:33:29.795,1.30585,1.30589,1.00,2.25
2016.10.04 11:33:29.846,1.30581,1.30585,1.00,1.00
2016.10.04 11:33:29.897,1.30577,1.30585,2.25,1.00
2016.10.04 11:33:29.948,1.30571,1.30583,1.37,1.12
2016.10.04 11:33:30.052,1.3057,1.30583,1.37,1.50
2016.10.04 11:33:30.103,1.30569,1.30583,1.00,1.87
2016.10.04 11:33:30.542,1.30569,1.30581,1.00,1.12
2016.10.04 11:33:30.645,1.30569,1.30583,1.00,1.87
2016.10.04 11:33:30.696,1.30569,1.30583,1.00,1.50
2016.10.04 11:33:30.747,1.30569,1.30583,1.00,2.25
2016.10.04 11:33:30.799,1.30569,1.30583,1.37,2.25
2016.10.04 11:33:30.850,1.30569,1.30583,1.50,1.12
2016.10.04 11:33:30.918,1.30569,1.30583,1.00,1.12
2016.10.04 11:33:31.021,1.30569,1.30583,1.00,1.00
2016.10.04 11:33:31.834,1.30569,1.30583,1.87,1.00
2016.10.04 11:33:31.936,1.30569,1.30583,2.25,1.00
2016.10.04 11:33:32.139,1.30569,1.30583,2.62,1.00
2016.10.04 11:33:32.241,1.30569,1.30582,1.50,1.12
2016.10.04 11:33:32.343,1.30569,1.30583,2.25,1.00
2016.10.04 11:33:32.537,1.30573,1.30587,1.12,1.37
2016.10.04 11:33:32.588,1.30575,1.30587,1.00,1.37
2016.10.04 11:33:32.639,1.30574,1.30586,1.87,1.00
2016.10.04 11:33:32.894,1.30575,1.30587,1.00,1.00
2016.10.04 11:33:32.945,1.30577,1.30589,1.12,1.00
2016.10.04 11:33:33.731,1.30575,1.30586,1.12,1.00
2016.10.04 11:33:33.782,1.30575,1.30585,1.12,1.37
2016.10.04 11:33:33.833,1.30571,1.30584,1.00,1.50
2016.10.04 11:33:33.884,1.30571,1.30585,1.00,1.75
2016.10.04 11:33:33.935,1.3057,1.30584,1.00,2.25
2016.10.04 11:33:34.123,1.3057,1.30585,1.00,1.87
2016.10.04 11:33:34.378,1.3057,1.30584,1.00,1.00
2016.10.04 11:33:35.049,1.3057,1.30584,1.87,1.00
2016.10.04 11:33:36.012,1.30572,1.30584,1.00,1.50
2016.10.04 11:33:36.130,1.30571,1.30583,1.00,1.00
2016.10.04 11:33:36.232,1.30572,1.30583,1.12,1.00
2016.10.04 11:33:36.283,1.30573,1.30584,1.00,1.00
2016.10.04 11:33:36.436,1.30572,1.30585,1.00,1.87
2016.10.04 11:33:36.748,1.30572,1.30586,1.00,3.37
2016.10.04 11:33:38.406,1.30572,1.30584,1.00,1.37
2016.10.04 11:33:38.457,1.30573,1.30584,1.12,1.12
2016.10.04 11:33:38.508,1.30573,1.30586,1.12,1.87
2016.10.04 11:33:38.560,1.30573,1.30586,1.12,1.00
2016.10.04 11:33:38.662,1.3057,1.30583,2.62,1.00
2016.10.04 11:33:38.713,1.3057,1.3058,1.50,1.00
2016.10.04 11:33:38.859,1.3057,1.3058,1.12,1.00
2016.10.04 11:33:39.165,1.30567,1.30579,3.37,1.00
2016.10.04 11:33:39.268,1.30567,1.3058,2.62,1.00
2016.10.04 11:33:39.319,1.30567,1.3058,1.87,1.00
2016.10.04 11:33:39.370,1.30569,1.3058,1.12,1.00
2016.10.04 11:33:39.422,1.30569,1.3058,1.50,1.00
2016.10.04 11:33:39.749,1.30567,1.3058,2.62,1.00
2016.10.04 11:33:39.852,1.30567,1.3058,1.87,1.00
2016.10.04 11:33:40.004,1.30567,1.3058,1.12,1.00
2016.10.04 11:33:40.056,1.30568,1.30581,1.00,1.00
2016.10.04 11:33:40.157,1.30571,1.3058,1.12,1.00
2016.10.04 11:33:40.259,1.30567,1.30579,2.25,1.00
2016.10.04 11:33:41.753,1.30567,1.30579,1.50,1.00
2016.10.04 11:33:43.386,1.30573,1.30582,1.00,1.50
2016.10.04 11:33:43.438,1.30573,1.30582,1.00,1.00
2016.10.04 11:33:43.489,1.30574,1.30584,1.00,1.37
2016.10.04 11:33:43.541,1.30574,1.30586,2.62,1.00
2016.10.04 11:33:43.677,1.30578,1.30589,1.12,1.50
2016.10.04 11:33:43.728,1.30578,1.3059,1.12,1.12
2016.10.04 11:33:43.946,1.30578,1.30588,1.12,1.00
2016.10.04 11:33:44.251,1.30579,1.30592,1.00,1.87
2016.10.04 11:33:44.461,1.30577,1.30589,1.87,1.00
2016.10.04 11:33:45.532,1.30577,1.30589,1.00,1.00
2016.10.04 11:33:46.289,1.30575,1.30587,2.62,1.50
2016.10.04 11:33:46.340,1.30573,1.30585,1.00,1.37
2016.10.04 11:33:46.392,1.30571,1.30584,2.25,1.87
2016.10.04 11:33:46.443,1.30569,1.30583,1.87,2.62
2016.10.04 11:33:46.494,1.30569,1.30581,1.50,1.12
2016.10.04 11:33:46.546,1.30569,1.30581,1.00,1.37
2016.10.04 11:33:46.597,1.30569,1.30581,1.00,1.75
2016.10.04 11:33:47.053,1.30569,1.30581,1.00,1.50
2016.10.04 11:33:47.644,1.30569,1.30581,1.00,1.12
2016.10.04 11:33:47.695,1.30569,1.30581,1.00,1.00
2016.10.04 11:33:48.382,1.30569,1.30582,1.00,1.00
2016.10.04 11:33:48.433,1.30571,1.30582,1.12,1.00
2016.10.04 11:33:48.484,1.30571,1.30583,1.12,1.12
2016.10.04 11:33:48.637,1.30571,1.30583,1.87,1.12
2016.10.04 11:33:49.175,1.30571,1.30583,1.87,1.00
2016.10.04 11:33:49.530,1.30571,1.30583,1.00,1.00
2016.10.04 11:33:49.836,1.30571,1.30583,1.12,1.00
2016.10.04 11:33:49.887,1.30571,1.30583,1.50,1.00
2016.10.04 11:33:49.989,1.30571,1.30583,1.37,1.00
2016.10.04 11:33:51.570,1.30569,1.30583,1.12,1.00
2016.10.04 11:33:52.118,1.30568,1.30583,1.87,1.00
2016.10.04 11:33:52.178,1.30571,1.30583,1.00,1.00
2016.10.04 11:33:54.345,1.30571,1.30582,1.87,1.00
2016.10.04 11:33:54.517,1.30572,1.30582,1.12,1.00
2016.10.04 11:33:54.834,1.30572,1.30582,1.00,1.00
2016.10.04 11:33:55.415,1.30571,1.30582,1.00,1.00
2016.10.04 11:33:55.467,1.30571,1.30582,1.00,1.12
2016.10.04 11:34:00.951,1.30571,1.30582,1.00,2.25
2016.10.04 11:34:01.251,1.30571,1.30582,1.00,1.87
2016.10.04 11:34:01.302,1.30571,1.30579,1.00,1.12
2016.10.04 11:34:01.405,1.30567,1.30578,1.75,2.50
2016.10.04 11:34:01.456,1.30567,1.30578,1.00,1.87
2016.10.04 11:34:01.507,1.30565,1.30578,1.12,1.87
2016.10.04 11:34:01.558,1.30563,1.30578,1.37,1.87
2016.10.04 11:34:02.273,1.30564,1.30578,1.00,1.87
2016.10.04 11:34:02.340,1.30565,1.30578,1.00,1.00
2016.10.04 11:34:02.391,1.30565,1.30579,1.00,1.87
2016.10.04 11:34:02.442,1.30565,1.30579,1.87,1.00
2016.10.04 11:34:02.698,1.30565,1.30579,2.25,1.00
2016.10.04 11:34:02.749,1.30567,1.30579,1.00,1.00
2016.10.04 11:34:02.801,1.30567,1.30579,1.50,1.00
2016.10.04 11:34:02.852,1.30567,1.3058,1.87,1.00
2016.10.04 11:34:02.903,1.30567,1.3058,1.50,1.00
2016.10.04 11:34:04.358,1.30567,1.30582,1.50,1.00
2016.10.04 11:34:05.665,1.30569,1.30582,1.00,1.00
2016.10.04 11:34:06.277,1.30566,1.30578,1.87,1.00
2016.10.04 11:34:06.328,1.30566,1.30578,1.50,1.00
2016.10.04 11:34:06.379,1.30565,1.30577,1.87,1.00
2016.10.04 11:34:06.430,1.30565,1.30577,1.37,1.00
2016.10.04 11:34:06.481,1.30563,1.30576,1.87,1.00
2016.10.04 11:34:06.676,1.30563,1.30576,1.12,1.00
2016.10.04 11:34:06.728,1.30565,1.30577,1.00,1.87
2016.10.04 11:34:06.982,1.30565,1.30577,1.00,1.12
2016.10.04 11:34:07.033,1.30566,1.30577,1.37,1.12
2016.10.04 11:34:07.085,1.30568,1.30581,1.00,3.00
2016.10.04 11:34:07.136,1.30568,1.30581,1.00,2.62
2016.10.04 11:34:07.187,1.30567,1.30581,2.25,1.00
2016.10.04 11:34:07.289,1.30567,1.30581,2.62,1.00
2016.10.04 11:34:07.731,1.30567,1.30581,1.87,1.00
2016.10.04 11:34:07.934,1.30567,1.3058,1.87,2.62
2016.10.04 11:34:07.986,1.30567,1.3058,1.87,2.62
2016.10.04 11:34:08.037,1.30567,1.30577,1.87,1.00
2016.10.04 11:34:08.088,1.30565,1.30578,2.25,1.00
2016.10.04 11:34:08.140,1.30565,1.30575,1.12,1.12
2016.10.04 11:34:08.191,1.30565,1.30575,1.37,1.12
2016.10.04 11:34:08.353,1.30565,1.30575,1.00,1.12
2016.10.04 11:34:08.557,1.30564,1.30576,1.00,2.25
2016.10.04 11:34:08.608,1.30564,1.30575,1.00,1.00
2016.10.04 11:34:08.659,1.30562,1.30575,1.75,1.12
2016.10.04 11:34:08.710,1.30563,1.30574,1.00,1.00
2016.10.04 11:34:08.761,1.30561,1.30574,1.12,1.87
2016.10.04 11:34:08.812,1.30561,1.30574,1.37,1.87
2016.10.04 11:34:08.964,1.30561,1.30574,1.12,1.87
2016.10.04 11:34:09.015,1.30561,1.30574,1.00,1.87
2016.10.04 11:34:09.066,1.30561,1.30574,1.50,1.00
2016.10.04 11:34:09.245,1.30562,1.30574,1.00,1.00
2016.10.04 11:34:09.296,1.30562,1.30575,1.00,1.12
2016.10.04 11:34:09.348,1.30562,1.30574,1.00,1.00
2016.10.04 11:34:10.723,1.30561,1.30575,1.12,1.12
2016.10.04 11:34:10.774,1.3056,1.30572,1.37,1.00
2016.10.04 11:34:10.825,1.30559,1.30572,3.00,1.00
2016.10.04 11:34:10.876,1.30559,1.30572,1.87,1.00
2016.10.04 11:34:10.927,1.30559,1.30572,1.50,1.00
2016.10.04 11:34:11.612,1.30559,1.30571,1.50,1.00
2016.10.04 11:34:12.313,1.30559,1.30571,2.25,1.00
2016.10.04 11:34:12.415,1.30559,1.30572,1.50,1.00
2016.10.04 11:34:12.466,1.30559,1.30572,1.50,1.00
2016.10.04 11:34:12.517,1.30562,1.30573,1.12,1.12
2016.10.04 11:34:12.702,1.30563,1.30574,1.12,1.37
2016.10.04 11:34:12.753,1.30564,1.30578,1.00,1.87
2016.10.04 11:34:12.804,1.30566,1.30578,1.00,1.87
2016.10.04 11:34:12.855,1.30566,1.30578,1.00,1.00
2016.10.04 11:34:13.110,1.30566,1.30578,1.87,1.00
2016.10.04 11:34:13.415,1.30568,1.30578,1.12,1.00
2016.10.04 11:34:13.517,1.30568,1.3058,1.12,1.00
2016.10.04 11:34:13.854,1.30568,1.30581,1.87,1.00
2016.10.04 11:34:13.956,1.30568,1.30581,1.12,1.00
2016.10.04 11:34:14.007,1.30568,1.30581,1.50,1.00
2016.10.04 11:34:14.058,1.30569,1.30581,1.12,1.00
2016.10.04 11:34:14.110,1.30569,1.30581,1.50,1.00
2016.10.04 11:34:14.795,1.30569,1.30581,1.87,1.00
2016.10.04 11:34:15.635,1.30569,1.30579,1.12,1.00
2016.10.04 11:34:15.737,1.30567,1.30578,1.37,1.00
2016.10.04 11:34:15.789,1.30567,1.30575,1.00,1.00
2016.10.04 11:34:15.840,1.30564,1.30575,1.87,1.00
2016.10.04 11:34:15.892,1.30564,1.30575,1.50,1.00
2016.10.04 11:34:15.943,1.3056,1.30572,2.25,1.00
2016.10.04 11:34:16.045,1.30559,1.30572,2.62,1.00
2016.10.04 11:34:16.096,1.30559,1.30573,2.25,1.00
2016.10.04 11:34:16.383,1.30559,1.30574,2.25,1.12
2016.10.04 11:34:16.434,1.30559,1.30574,2.62,1.00
2016.10.04 11:34:16.751,1.3056,1.30572,1.00,1.00
2016.10.04 11:34:16.905,1.30559,1.30572,2.62,1.00
2016.10.04 11:34:18.381,1.30559,1.30572,1.87,1.00
2016.10.04 11:34:18.432,1.30559,1.30572,1.00,1.00
2016.10.04 11:34:19.267,1.3056,1.30572,1.12,1.00
2016.10.04 11:34:19.794,1.3056,1.30573,1.12,1.00
2016.10.04 11:34:19.845,1.30559,1.30573,1.50,1.00
2016.10.04 11:34:20.767,1.3056,1.30572,1.00,1.00
2016.10.04 11:34:20.818,1.30559,1.30572,2.25,1.00
2016.10.04 11:34:21.624,1.30561,1.30572,1.12,1.00
2016.10.04 11:34:22.169,1.30562,1.30572,1.12,1.00
2016.10.04 11:34:22.220,1.30563,1.30576,1.00,1.25
2016.10.04 11:34:22.271,1.30568,1.30577,1.12,2.06
2016.10.04 11:34:22.323,1.30571,1.3058,1.87,1.37
2016.10.04 11:34:22.374,1.30572,1.3058,1.00,1.37
2016.10.04 11:34:22.425,1.30574,1.30584,1.87,1.37
2016.10.04 11:34:22.476,1.30575,1.30585,1.00,1.37
2016.10.04 11:34:22.707,1.30575,1.30589,1.00,3.37
2016.10.04 11:34:22.758,1.30575,1.30588,1.00,1.12
2016.10.04 11:34:22.809,1.30575,1.30588,1.00,1.12
2016.10.04 11:34:22.860,1.30575,1.30589,1.00,3.37
2016.10.04 11:34:22.912,1.30573,1.30586,1.50,1.62
2016.10.04 11:34:22.963,1.30572,1.30586,1.87,1.62
2016.10.04 11:34:23.015,1.30572,1.30585,1.50,1.37
2016.10.04 11:34:23.066,1.30572,1.30584,1.00,1.37
2016.10.04 11:34:23.117,1.30572,1.30584,1.00,2.06
2016.10.04 11:34:23.168,1.30572,1.30584,1.00,2.81
2016.10.04 11:34:23.220,1.30572,1.30584,1.00,2.44
2016.10.04 11:34:23.322,1.30572,1.30584,1.00,2.25
2016.10.04 11:34:23.374,1.30573,1.30584,1.37,2.25
2016.10.04 11:34:23.518,1.30572,1.30584,1.37,1.87
2016.10.04 11:34:23.570,1.30574,1.30584,1.50,1.00
2016.10.04 11:34:23.621,1.30575,1.30586,1.00,1.50
2016.10.04 11:34:23.673,1.30575,1.30588,1.00,2.62
2016.10.04 11:34:23.725,1.30576,1.30588,1.37,1.12
2016.10.04 11:34:23.827,1.30576,1.30588,1.37,1.12
2016.10.04 11:34:23.879,1.30576,1.30588,1.50,1.12
2016.10.04 11:34:23.930,1.30576,1.30589,1.50,1.50
2016.10.04 11:34:24.032,1.30578,1.30589,1.00,1.50
2016.10.04 11:34:24.134,1.30577,1.30589,1.12,1.12
2016.10.04 11:34:24.717,1.30575,1.30587,1.75,1.00
2016.10.04 11:34:24.870,1.30575,1.30582,1.75,1.00
2016.10.04 11:34:24.921,1.30573,1.30582,1.37,1.00
2016.10.04 11:34:24.972,1.3057,1.30582,1.50,1.87
2016.10.04 11:34:25.075,1.3057,1.30581,1.00,1.87
2016.10.04 11:34:25.126,1.3057,1.30581,1.00,1.00
2016.10.04 11:34:25.228,1.3057,1.30582,1.00,1.87
2016.10.04 11:34:25.279,1.3057,1.30582,1.12,1.87
2016.10.04 11:34:25.330,1.3057,1.30582,1.00,1.00
2016.10.04 11:34:25.404,1.3057,1.30582,1.75,1.00
2016.10.04 11:34:25.556,1.30572,1.30582,1.12,1.00
2016.10.04 11:34:25.607,1.30572,1.30582,1.12,1.50
2016.10.04 11:34:25.760,1.30572,1.30583,1.12,1.00
2016.10.04 11:34:26.015,1.30572,1.30583,1.12,1.00
2016.10.04 11:34:26.117,1.30572,1.30583,1.12,1.50
2016.10.04 11:34:26.218,1.30572,1.30583,1.12,1.00
2016.10.04 11:34:26.422,1.30572,1.30584,1.12,2.25
2016.10.04 11:34:26.523,1.30572,1.30584,1.12,2.25
2016.10.04 11:34:26.747,1.30572,1.30583,1.12,1.00
2016.10.04 11:34:26.800,1.30572,1.30583,1.12,1.87
2016.10.04 11:34:26.851,1.30572,1.30581,1.12,1.00
2016.10.04 11:34:26.903,1.30568,1.30582,2.25,3.00
2016.10.04 11:34:26.955,1.30568,1.3058,1.50,1.12
2016.10.04 11:34:27.006,1.30568,1.3058,1.50,1.00
2016.10.04 11:34:27.058,1.30566,1.3058,1.75,1.00
2016.10.04 11:34:27.261,1.30566,1.3058,1.50,1.00
2016.10.04 11:34:27.312,1.30566,1.3058,1.12,1.00
2016.10.04 11:34:29.202,1.3057,1.30581,1.00,1.87
2016.10.04 11:34:29.253,1.3057,1.30581,1.00,1.50
2016.10.04 11:34:30.660,1.30569,1.30581,1.00,1.50
2016.10.04 11:34:30.762,1.30567,1.30581,1.87,2.25
2016.10.04 11:34:30.814,1.30567,1.3058,1.37,1.00
2016.10.04 11:34:31.416,1.30567,1.3058,1.87,1.00
2016.10.04 11:34:31.469,1.30569,1.30583,1.87,2.25
2016.10.04 11:34:31.631,1.30571,1.30583,1.00,2.25
2016.10.04 11:34:31.683,1.30573,1.30584,2.25,1.50
2016.10.04 11:34:31.938,1.30575,1.30584,1.50,1.50
2016.10.04 11:34:32.040,1.30574,1.30584,1.37,1.00
2016.10.04 11:34:32.143,1.30572,1.30584,3.37,1.00
2016.10.04 11:34:32.515,1.30572,1.30584,3.00,1.00
2016.10.04 11:34:32.566,1.30572,1.30582,2.62,1.00
2016.10.04 11:34:32.617,1.30572,1.30581,1.50,1.00
2016.10.04 11:34:32.668,1.30569,1.30581,2.25,1.50
2016.10.04 11:34:32.720,1.30569,1.3058,1.37,3.00
2016.10.04 11:34:32.771,1.30566,1.3058,3.00,3.00
2016.10.04 11:34:32.822,1.30566,1.3058,2.62,1.12
2016.10.04 11:34:32.924,1.30566,1.3058,3.00,1.12
2016.10.04 11:34:32.975,1.30567,1.3058,1.00,1.12
2016.10.04 11:34:33.077,1.30567,1.30579,1.00,1.00
2016.10.04 11:34:33.227,1.30567,1.30579,1.50,1.00
2016.10.04 11:34:33.278,1.3057,1.3058,1.12,1.12
2016.10.04 11:34:33.380,1.30567,1.3058,3.00,1.50
2016.10.04 11:34:33.432,1.30567,1.3058,1.87,1.50
2016.10.04 11:34:33.483,1.30567,1.30579,1.87,1.00
2016.10.04 11:34:33.534,1.30567,1.30579,2.62,1.00
2016.10.04 11:34:33.686,1.30567,1.30579,1.87,1.00
2016.10.04 11:34:34.195,1.30567,1.30579,1.50,1.00
2016.10.04 11:34:35.912,1.30567,1.3058,1.50,1.50
2016.10.04 11:34:37.815,1.30567,1.30578,1.50,1.00
2016.10.04 11:34:37.866,1.30566,1.30576,1.87,1.00
2016.10.04 11:34:37.918,1.30566,1.30576,1.50,1.00
2016.10.04 11:34:38.070,1.30565,1.30576,1.12,1.00
2016.10.04 11:34:38.121,1.30565,1.30576,1.12,1.12
2016.10.04 11:34:38.366,1.30563,1.30575,1.37,1.00
2016.10.04 11:34:38.519,1.30562,1.30574,2.62,1.00
2016.10.04 11:34:38.570,1.30563,1.30575,1.37,1.00
2016.10.04 11:34:39.118,1.30563,1.30575,1.37,1.37
2016.10.04 11:34:39.169,1.30563,1.30575,1.37,1.50
2016.10.04 11:34:41.586,1.30565,1.30575,1.12,1.50
2016.10.04 11:34:41.638,1.30565,1.30575,1.12,1.12
2016.10.04 11:34:41.688,1.30565,1.30575,1.50,1.00
2016.10.04 11:34:41.739,1.30565,1.30576,1.50,1.50
2016.10.04 11:34:42.372,1.30565,1.30575,1.50,1.00
2016.10.04 11:34:44.620,1.30565,1.30576,1.50,1.50
2016.10.04 11:34:45.786,1.30565,1.30576,1.50,1.12
2016.10.04 11:34:45.837,1.30565,1.30576,1.50,1.50
2016.10.04 11:34:45.888,1.30563,1.30576,1.87,1.50
2016.10.04 11:34:45.939,1.30563,1.30576,1.50,1.87
2016.10.04 11:34:45.990,1.30563,1.30575,1.12,1.12
2016.10.04 11:34:46.041,1.30564,1.30576,1.00,2.25
2016.10.04 11:34:46.093,1.30563,1.30576,1.87,2.25
2016.10.04 11:34:46.262,1.30564,1.30576,1.37,1.12
2016.10.04 11:34:46.313,1.30565,1.30578,1.00,1.87
2016.10.04 11:34:46.365,1.30565,1.30578,1.75,1.87
2016.10.04 11:34:46.466,1.30565,1.30578,2.25,1.87
2016.10.04 11:34:46.568,1.30566,1.30578,1.75,1.87
2016.10.04 11:34:46.670,1.30567,1.30578,1.50,1.87
2016.10.04 11:34:46.772,1.30567,1.30578,1.12,1.87
2016.10.04 11:34:46.901,1.30565,1.30578,1.75,1.12
2016.10.04 11:34:46.953,1.30567,1.30578,1.00,1.12
2016.10.04 11:34:47.004,1.30566,1.30578,1.75,1.12
2016.10.04 11:34:47.831,1.30566,1.30578,1.37,1.00
2016.10.04 11:34:47.882,1.30566,1.30578,1.00,1.00
2016.10.04 11:34:47.934,1.30566,1.30578,1.87,1.00
2016.10.04 11:34:48.188,1.30566,1.30578,1.12,1.00
2016.10.04 11:34:48.240,1.30564,1.30576,1.12,3.00
2016.10.04 11:34:48.292,1.30563,1.30576,1.12,3.37
2016.10.04 11:34:48.344,1.3056,1.30573,1.00,1.00
2016.10.04 11:34:48.395,1.30559,1.30572,1.50,1.00
2016.10.04 11:34:48.446,1.30559,1.30572,1.50,1.87
2016.10.04 11:34:48.574,1.30559,1.30572,1.12,2.25
2016.10.04 11:34:48.625,1.30559,1.30572,1.00,2.25
2016.10.04 11:34:48.727,1.30559,1.30572,1.00,1.12
2016.10.04 11:34:48.779,1.3056,1.30572,1.00,1.00
2016.10.04 11:34:49.545,1.30559,1.30574,1.87,1.87
2016.10.04 11:34:49.596,1.30561,1.30574,1.00,1.12
2016.10.04 11:34:49.652,1.30561,1.30574,1.00,1.00
2016.10.04 11:34:49.754,1.30561,1.30574,1.87,1.00
2016.10.04 11:34:49.805,1.30561,1.30574,2.25,1.00
2016.10.04 11:34:49.958,1.30563,1.30575,1.00,1.00
2016.10.04 11:34:50.009,1.30564,1.30576,1.00,2.25
2016.10.04 11:34:50.060,1.30565,1.30577,1.12,1.37
2016.10.04 11:34:50.162,1.30565,1.30577,1.12,1.00
2016.10.04 11:34:50.329,1.30565,1.30578,1.50,1.00
2016.10.04 11:34:50.431,1.30566,1.30578,1.12,1.00
2016.10.04 11:34:50.943,1.30566,1.30577,1.12,1.00
2016.10.04 11:34:51.867,1.30566,1.30578,1.12,1.00
2016.10.04 11:34:52.224,1.30565,1.30578,2.25,1.00
2016.10.04 11:34:52.326,1.30566,1.30578,1.37,1.00
2016.10.04 11:34:52.962,1.30566,1.30579,1.87,1.00
2016.10.04 11:34:53.014,1.30566,1.3058,1.37,1.25
2016.10.04 11:34:53.065,1.30565,1.30579,1.50,1.87
2016.10.04 11:34:53.116,1.30565,1.30579,1.37,2.25
2016.10.04 11:34:53.167,1.30566,1.30578,1.12,1.00
2016.10.04 11:34:53.360,1.30565,1.30578,2.25,1.00
2016.10.04 11:34:53.521,1.30566,1.30578,1.37,1.00
2016.10.04 11:34:54.031,1.30566,1.30578,1.12,1.00
2016.10.04 11:34:54.082,1.30566,1.30578,1.50,1.00
2016.10.04 11:34:54.184,1.30566,1.30578,1.87,1.00
2016.10.04 11:34:55.494,1.30565,1.30578,1.87,1.00
2016.10.04 11:34:55.596,1.30565,1.30578,1.50,1.00
2016.10.04 11:34:55.647,1.30565,1.30578,1.12,1.00
2016.10.04 11:34:55.698,1.30565,1.30578,1.00,1.00
2016.10.04 11:34:56.554,1.30563,1.30577,2.25,1.00
2016.10.04 11:34:56.707,1.30564,1.30578,1.00,1.00
2016.10.04 11:34:56.758,1.30566,1.30579,1.12,1.00
2016.10.04 11:34:56.809,1.30566,1.30578,2.25,1.00
2016.10.04 11:34:56.861,1.30568,1.30579,1.12,1.00
2016.10.04 11:34:57.143,1.30566,1.30579,1.12,1.00
2016.10.04 11:34:57.500,1.30566,1.30577,1.12,1.00
2016.10.04 11:34:58.003,1.30565,1.30578,1.87,1.00
2016.10.04 11:34:58.054,1.30566,1.30578,1.12,1.00
2016.10.04 11:34:58.207,1.30567,1.30579,1.00,1.00
2016.10.04 11:34:58.361,1.30568,1.30581,1.00,1.87
2016.10.04 11:34:58.412,1.30568,1.30581,1.00,1.50
2016.10.04 11:34:58.463,1.30572,1.30583,1.12,1.50
2016.10.04 11:34:58.515,1.30572,1.30583,1.50,1.12
2016.10.04 11:34:58.566,1.30572,1.30584,1.50,1.50
2016.10.04 11:34:58.748,1.30576,1.30584,1.12,1.12
2016.10.04 11:34:58.799,1.30576,1.30587,1.12,1.50
2016.10.04 11:34:59.003,1.30577,1.30587,1.12,1.00
2016.10.04 11:34:59.054,1.30577,1.30588,1.12,1.00
2016.10.04 11:34:59.156,1.30573,1.30578,2.62,1.00
2016.10.04 11:34:59.208,1.30572,1.30576,1.50,1.00
2016.10.04 11:34:59.368,1.30569,1.30577,1.12,1.00
2016.10.04 11:34:59.419,1.30561,1.30572,1.50,1.00
2016.10.04 11:34:59.470,1.30565,1.30569,1.12,1.00
2016.10.04 11:34:59.572,1.30558,1.30568,2.25,1.00
2016.10.04 11:34:59.623,1.30558,1.30568,1.87,1.00
2016.10.04 11:34:59.674,1.3056,1.30568,1.12,1.00
2016.10.04 11:35:00.063,1.3056,1.30566,1.12,1.00
2016.10.04 11:35:01.028,1.30558,1.30566,1.12,1.00
2016.10.04 11:35:01.537,1.30558,1.30567,1.12,1.00
2016.10.04 11:35:02.366,1.30558,1.30566,1.12,1.00
2016.10.04 11:35:02.723,1.30558,1.30569,1.12,1.00
2016.10.04 11:35:02.914,1.30558,1.30567,1.12,1.00
2016.10.04 11:35:03.016,1.30557,1.30567,1.50,1.00
2016.10.04 11:35:04.951,1.30556,1.30567,1.50,1.00
2016.10.04 11:35:05.003,1.30555,1.30567,2.81,1.00
2016.10.04 11:35:05.176,1.30555,1.30567,2.62,1.00
2016.10.04 11:35:05.228,1.30555,1.30568,1.87,1.00
2016.10.04 11:35:09.983,1.30555,1.30567,1.87,1.00
2016.10.04 11:35:10.035,1.30555,1.30567,1.50,1.00
2016.10.04 11:35:10.280,1.30555,1.30567,1.12,1.00
2016.10.04 11:35:10.638,1.30556,1.30567,1.12,1.00
2016.10.04 11:35:11.169,1.30555,1.30565,1.12,1.00
2016.10.04 11:35:11.686,1.30555,1.30566,1.12,1.00
2016.10.04 11:35:12.544,1.30555,1.30565,1.87,1.00
2016.10.04 11:35:12.596,1.30555,1.30567,1.87,1.00
2016.10.04 11:35:12.647,1.30555,1.30567,2.25,1.00
2016.10.04 11:35:12.749,1.30555,1.30567,1.87,1.00
2016.10.04 11:35:13.002,1.30555,1.30567,1.50,1.00
2016.10.04 11:35:13.958,1.30556,1.30567,1.12,1.00
2016.10.04 11:35:14.010,1.30556,1.30567,1.50,1.00
2016.10.04 11:35:14.538,1.30556,1.30566,1.50,1.00
2016.10.04 11:35:14.590,1.30556,1.30566,1.12,1.00
2016.10.04 11:35:15.141,1.30556,1.30567,1.50,1.00
2016.10.04 11:35:15.243,1.30555,1.30567,1.87,1.00
2016.10.04 11:35:15.295,1.30555,1.30567,1.50,1.00
2016.10.04 11:35:17.269,1.30554,1.30567,2.25,1.00
2016.10.04 11:35:17.320,1.30554,1.30567,1.50,1.00
2016.10.04 11:35:17.372,1.30554,1.30567,1.12,1.00
2016.10.04 11:35:17.690,1.30554,1.30564,1.12,1.00
2016.10.04 11:35:18.719,1.30554,1.30564,1.12,1.00
2016.10.04 11:35:19.159,1.30554,1.30564,1.12,1.00
2016.10.04 11:35:19.274,1.30561,1.30568,1.00,1.00
2016.10.04 11:35:19.325,1.30561,1.30569,1.00,3.75
2016.10.04 11:35:19.376,1.30557,1.30566,1.12,1.00
2016.10.04 11:35:19.925,1.30557,1.30567,1.12,1.00
2016.10.04 11:35:20.180,1.30553,1.30564,2.62,1.00
2016.10.04 11:35:20.231,1.30553,1.30564,1.50,1.00
2016.10.04 11:35:20.282,1.30554,1.30564,1.12,1.00
2016.10.04 11:35:20.384,1.30551,1.30561,1.12,1.00
2016.10.04 11:35:20.436,1.30548,1.30558,1.12,1.00
2016.10.04 11:35:20.487,1.30547,1.30557,1.50,1.00
2016.10.04 11:35:20.667,1.30548,1.30557,1.12,1.00
2016.10.04 11:35:20.769,1.30546,1.30556,1.87,1.00
2016.10.04 11:35:20.819,1.30546,1.30556,1.50,1.00
2016.10.04 11:35:20.871,1.30546,1.30556,1.12,1.00
2016.10.04 11:35:22.555,1.30556,1.30566,3.00,3.56
2016.10.04 11:35:22.700,1.30558,1.30565,4.00,2.62
2016.10.04 11:35:22.752,1.30557,1.30562,3.37,1.12
2016.10.04 11:35:22.803,1.30558,1.30564,3.37,1.00
2016.10.04 11:35:22.854,1.30559,1.30563,1.25,1.12
2016.10.04 11:35:22.957,1.30559,1.30564,2.25,2.62
2016.10.04 11:35:23.059,1.30559,1.30565,2.25,1.75
2016.10.04 11:35:23.110,1.30559,1.30564,2.25,1.50
2016.10.04 11:35:23.161,1.30559,1.30564,1.87,1.12
2016.10.04 11:35:23.213,1.30558,1.30562,2.62,1.00
2016.10.04 11:35:23.265,1.30558,1.30562,2.62,1.12
2016.10.04 11:35:23.368,1.30558,1.30562,2.62,1.00
2016.10.04 11:35:23.419,1.30559,1.30563,1.87,1.12
2016.10.04 11:35:23.690,1.30559,1.30563,1.87,1.00
2016.10.04 11:35:24.098,1.30559,1.30564,1.87,2.62
2016.10.04 11:35:24.150,1.30559,1.30563,1.87,1.12
2016.10.04 11:35:24.669,1.30558,1.30564,1.87,1.12
2016.10.04 11:35:25.609,1.30558,1.30565,1.87,2.25
2016.10.04 11:35:25.660,1.30561,1.30565,1.50,2.25
2016.10.04 11:35:25.711,1.30561,1.30565,1.50,1.87
2016.10.04 11:35:25.763,1.30561,1.30566,1.50,1.00
2016.10.04 11:35:25.814,1.30561,1.30567,1.50,1.50
2016.10.04 11:35:25.866,1.30561,1.30567,1.50,1.00
2016.10.04 11:35:27.269,1.30563,1.30569,1.50,1.00
2016.10.04 11:35:27.320,1.30563,1.3057,1.50,2.62
2016.10.04 11:35:27.371,1.30563,1.3057,1.50,1.50
2016.10.04 11:35:27.473,1.30563,1.3057,1.50,1.00
2016.10.04 11:35:28.111,1.30563,1.30571,1.50,1.87
2016.10.04 11:35:28.162,1.30564,1.30571,1.00,1.00
2016.10.04 11:35:28.360,1.30562,1.30571,2.25,1.00
2016.10.04 11:35:28.462,1.30562,1.30571,2.25,1.87
2016.10.04 11:35:28.565,1.30563,1.30571,1.50,1.00
2016.10.04 11:35:28.667,1.30564,1.30571,1.00,1.00
2016.10.04 11:35:28.870,1.30564,1.30571,1.00,1.12
2016.10.04 11:35:29.663,1.30564,1.30571,1.00,1.00
2016.10.04 11:35:29.881,1.30557,1.30569,1.50,1.00
2016.10.04 11:35:29.983,1.30557,1.30566,1.00,1.00
2016.10.04 11:35:30.034,1.30556,1.30564,1.00,1.00
2016.10.04 11:35:30.085,1.30555,1.30563,1.37,1.00
2016.10.04 11:35:30.137,1.30554,1.30564,1.87,1.00
2016.10.04 11:35:30.188,1.30553,1.30564,1.12,1.00
2016.10.04 11:35:30.291,1.30553,1.30564,1.12,1.00
2016.10.04 11:35:30.342,1.30553,1.30563,1.12,1.12
2016.10.04 11:35:30.393,1.3055,1.3056,2.25,1.00
2016.10.04 11:35:30.444,1.3055,1.3056,1.50,1.00
2016.10.04 11:35:30.573,1.30548,1.30559,1.37,1.00
2016.10.04 11:35:30.625,1.30548,1.30557,1.00,1.00
2016.10.04 11:35:31.439,1.30547,1.30557,1.00,1.00
2016.10.04 11:35:32.823,1.30547,1.30556,1.00,1.00
2016.10.04 11:35:34.391,1.30547,1.30559,1.50,1.00
2016.10.04 11:35:34.442,1.30547,1.30558,1.00,1.00
2016.10.04 11:35:34.493,1.30547,1.3056,1.00,1.00
2016.10.04 11:35:34.877,1.30553,1.30561,1.00,1.50
2016.10.04 11:35:34.929,1.30555,1.30561,2.62,1.50
2016.10.04 11:35:34.980,1.30557,1.30566,1.12,1.12
2016.10.04 11:35:35.109,1.30559,1.30569,1.12,1.00
2016.10.04 11:35:35.161,1.30556,1.30568,1.50,1.00
2016.10.04 11:35:35.212,1.30556,1.30568,1.50,1.00
2016.10.04 11:35:35.264,1.30557,1.30568,1.12,1.00
2016.10.04 11:35:35.570,1.30554,1.30568,3.37,1.00
2016.10.04 11:35:35.621,1.30556,1.30568,1.00,1.00
2016.10.04 11:35:35.775,1.30559,1.30572,1.37,2.25
2016.10.04 11:35:35.827,1.3056,1.30572,1.12,1.12
2016.10.04 11:35:35.879,1.3056,1.30572,1.12,1.00
2016.10.04 11:35:36.654,1.30559,1.30572,1.50,1.00
2016.10.04 11:35:37.864,1.3056,1.30572,2.25,1.00
2016.10.04 11:35:39.169,1.30558,1.30572,3.00,1.87
2016.10.04 11:35:39.283,1.30558,1.30572,2.25,1.00
2016.10.04 11:35:39.334,1.30558,1.3057,1.12,1.00
2016.10.04 11:35:39.385,1.30558,1.30569,1.00,1.12
2016.10.04 11:35:39.487,1.30559,1.30567,1.12,1.12
2016.10.04 11:35:39.538,1.3056,1.30567,1.00,1.12
2016.10.04 11:35:39.590,1.3056,1.30573,1.37,1.87
2016.10.04 11:35:39.692,1.30562,1.30574,1.12,1.00
2016.10.04 11:35:39.850,1.30562,1.30574,1.12,1.00
2016.10.04 11:35:39.902,1.30562,1.30574,1.00,1.00
2016.10.04 11:35:40.259,1.30562,1.30574,1.87,1.00
2016.10.04 11:35:40.515,1.30562,1.30574,1.12,1.00
2016.10.04 11:35:40.640,1.30562,1.30574,1.12,1.12
2016.10.04 11:35:40.692,1.30558,1.30571,1.37,1.87
2016.10.04 11:35:40.744,1.30565,1.30571,1.18,1.12
2016.10.04 11:35:40.795,1.30568,1.30572,1.00,1.12
2016.10.04 11:35:40.898,1.30571,1.30577,1.00,1.00
2016.10.04 11:35:41.001,1.30571,1.30585,1.00,4.69
2016.10.04 11:35:41.052,1.30571,1.30585,1.00,3.94
2016.10.04 11:35:41.103,1.30571,1.30585,1.00,3.56
2016.10.04 11:35:41.154,1.30572,1.30584,1.00,1.37
2016.10.04 11:35:41.307,1.30572,1.30584,1.00,1.00
2016.10.04 11:35:41.615,1.30574,1.30586,1.00,1.00
2016.10.04 11:35:41.717,1.30573,1.30587,1.50,1.12
2016.10.04 11:35:41.768,1.30576,1.30587,1.00,1.12
2016.10.04 11:35:41.871,1.30576,1.30588,1.00,2.62
2016.10.04 11:35:41.922,1.30576,1.30588,1.00,1.50
2016.10.04 11:35:42.132,1.30577,1.30588,1.00,1.00
2016.10.04 11:35:42.184,1.30573,1.30584,1.87,1.00
2016.10.04 11:35:42.286,1.30572,1.30584,1.00,1.00
2016.10.04 11:35:42.388,1.30572,1.30584,1.00,1.50
2016.10.04 11:35:42.439,1.30572,1.30584,1.00,1.87
2016.10.04 11:35:42.490,1.30571,1.30583,1.12,1.00
2016.10.04 11:35:42.795,1.3057,1.30582,1.00,1.00
2016.10.04 11:35:42.946,1.3057,1.30582,1.00,1.12
2016.10.04 11:35:42.997,1.30569,1.30581,1.87,1.00
2016.10.04 11:35:43.633,1.30571,1.30582,1.00,1.12
2016.10.04 11:35:43.684,1.30571,1.30583,1.00,1.50
2016.10.04 11:35:43.735,1.30572,1.30584,1.00,1.87
2016.10.04 11:35:43.786,1.30572,1.30582,1.00,1.00
2016.10.04 11:35:43.924,1.30572,1.30584,1.00,1.50
2016.10.04 11:35:44.609,1.30572,1.30584,1.00,1.37
2016.10.04 11:35:44.660,1.30572,1.30584,1.00,1.00
2016.10.04 11:35:45.037,1.30575,1.30587,1.00,3.75
2016.10.04 11:35:45.088,1.30574,1.30586,1.00,1.50
2016.10.04 11:35:45.190,1.30574,1.30586,1.00,1.37
2016.10.04 11:35:45.241,1.30574,1.30586,1.00,1.00
2016.10.04 11:35:45.600,1.30574,1.30586,1.00,2.25
2016.10.04 11:35:45.651,1.30574,1.30586,1.00,2.62
2016.10.04 11:35:46.302,1.30574,1.30586,1.00,1.50
2016.10.04 11:35:46.670,1.30573,1.30585,1.00,1.00
2016.10.04 11:35:46.773,1.30571,1.30583,1.87,1.00
2016.10.04 11:35:46.874,1.30571,1.30583,1.00,1.00
2016.10.04 11:35:47.006,1.30571,1.30583,1.12,1.00
2016.10.04 11:35:47.211,1.30571,1.30583,2.25,1.00
2016.10.04 11:35:48.237,1.30573,1.30585,1.00,1.00
2016.10.04 11:35:48.288,1.30578,1.30587,1.00,1.50
2016.10.04 11:35:48.339,1.30578,1.30588,1.00,1.37
2016.10.04 11:35:48.391,1.30578,1.30589,1.00,1.12
2016.10.04 11:35:48.442,1.30578,1.30589,1.00,1.50
2016.10.04 11:35:48.493,1.30578,1.30591,1.87,1.37
2016.10.04 11:35:48.544,1.30578,1.30591,1.87,1.00
2016.10.04 11:35:48.697,1.30578,1.30591,1.00,1.00
2016.10.04 11:35:48.969,1.30578,1.30591,1.87,1.00
2016.10.04 11:35:49.752,1.30578,1.30589,1.87,1.00
2016.10.04 11:35:49.921,1.30577,1.30586,1.00,1.00
2016.10.04 11:35:49.972,1.30574,1.30587,1.12,1.00
2016.10.04 11:35:50.023,1.30576,1.30587,1.00,1.00
2016.10.04 11:35:50.076,1.30575,1.30587,1.12,1.00
2016.10.04 11:35:50.178,1.30573,1.30585,1.37,1.00
2016.10.04 11:35:50.281,1.30573,1.30585,1.00,1.00
2016.10.04 11:35:51.677,1.30572,1.30585,1.12,1.00
2016.10.04 11:35:51.862,1.30575,1.30587,1.00,1.00
2016.10.04 11:35:52.015,1.30578,1.30589,1.12,1.00
2016.10.04 11:35:52.955,1.30578,1.3059,1.87,1.00
2016.10.04 11:35:53.006,1.3058,1.3059,1.12,1.00
2016.10.04 11:35:53.158,1.3058,1.30592,1.87,1.00
2016.10.04 11:35:53.210,1.30582,1.30594,1.12,1.37
2016.10.04 11:35:53.261,1.30582,1.30594,1.12,1.00
2016.10.04 11:35:53.364,1.30584,1.30596,1.00,1.37
2016.10.04 11:35:53.415,1.30587,1.30599,1.87,1.87
2016.10.04 11:35:53.466,1.30587,1.306,2.62,1.50
2016.10.04 11:35:53.517,1.3059,1.30602,1.12,2.25
2016.10.04 11:35:53.730,1.30591,1.30603,1.87,2.25
2016.10.04 11:35:53.884,1.30592,1.30602,1.12,1.50
2016.10.04 11:35:53.935,1.30592,1.30602,1.12,1.12
2016.10.04 11:35:54.829,1.30592,1.30603,1.12,1.00
2016.10.04 11:35:55.223,1.30593,1.30607,1.00,3.00
2016.10.04 11:35:55.274,1.30592,1.30606,1.87,1.37
2016.10.04 11:35:55.327,1.30594,1.30606,1.00,1.37
2016.10.04 11:35:55.378,1.30595,1.30609,1.87,1.19
2016.10.04 11:35:55.430,1.30596,1.3061,1.00,1.12
2016.10.04 11:35:55.482,1.30596,1.3061,1.12,1.12
2016.10.04 11:35:55.643,1.30596,1.30611,1.87,1.00
2016.10.04 11:35:55.796,1.30596,1.30609,1.00,1.00
2016.10.04 11:35:56.102,1.30598,1.30609,1.12,1.00
2016.10.04 11:35:56.484,1.30598,1.30607,1.12,1.00
2016.10.04 11:35:57.418,1.30598,1.30609,1.12,1.00
2016.10.04 11:35:58.048,1.30598,1.30609,1.12,1.12
2016.10.04 11:35:58.793,1.30598,1.30609,1.12,1.50
2016.10.04 11:35:58.895,1.30598,1.30609,1.12,1.12
2016.10.04 11:36:00.024,1.30597,1.30609,1.00,1.50
2016.10.04 11:36:01.637,1.30597,1.30609,1.00,1.12
2016.10.04 11:36:01.946,1.30596,1.30608,1.87,1.00
2016.10.04 11:36:02.684,1.30596,1.30608,1.00,1.00
2016.10.04 11:36:03.829,1.30596,1.30608,1.87,1.00
2016.10.04 11:36:04.936,1.30596,1.3061,1.87,1.87
2016.10.04 11:36:06.505,1.30596,1.30607,1.12,1.00
2016.10.04 11:36:07.130,1.30593,1.30604,2.25,1.00
2016.10.04 11:36:07.181,1.30593,1.30602,1.37,1.00
2016.10.04 11:36:07.232,1.30592,1.30602,1.75,1.00
2016.10.04 11:36:07.283,1.30592,1.30603,1.37,1.00
2016.10.04 11:36:07.334,1.3059,1.30603,1.50,1.12
2016.10.04 11:36:07.511,1.30591,1.30603,1.12,1.12
2016.10.04 11:36:07.562,1.30591,1.30603,1.12,1.00
2016.10.04 11:36:07.613,1.30591,1.30601,1.12,1.00
2016.10.04 11:36:07.870,1.30592,1.30602,1.50,1.00
2016.10.04 11:36:07.989,1.30593,1.30602,1.12,1.00
2016.10.04 11:36:08.244,1.30593,1.30604,1.12,1.12
2016.10.04 11:36:08.296,1.30595,1.30607,1.12,1.75
2016.10.04 11:36:08.348,1.30597,1.30606,1.50,1.00
2016.10.04 11:36:08.399,1.30599,1.30609,1.12,1.50
2016.10.04 11:36:08.540,1.30597,1.3061,1.50,1.12
2016.10.04 11:36:08.591,1.306,1.30608,1.87,1.00
2016.10.04 11:36:08.642,1.306,1.30608,1.50,1.00
2016.10.04 11:36:08.795,1.30595,1.30607,1.50,1.00
2016.10.04 11:36:08.846,1.30595,1.30607,1.87,1.00
2016.10.04 11:36:08.897,1.30598,1.30607,1.12,1.00
2016.10.04 11:36:08.999,1.30598,1.30607,1.50,1.00
2016.10.04 11:36:09.356,1.30598,1.30609,1.50,1.00
2016.10.04 11:36:09.407,1.30599,1.30609,1.12,1.00
2016.10.04 11:36:09.545,1.30598,1.30609,1.50,1.00
2016.10.04 11:36:09.698,1.306,1.30609,1.12,1.00
2016.10.04 11:36:09.902,1.30601,1.30611,1.12,1.00
2016.10.04 11:36:10.431,1.30597,1.30608,1.12,1.37
2016.10.04 11:36:10.482,1.30597,1.30605,1.50,1.00
2016.10.04 11:36:10.533,1.30593,1.30604,2.62,1.00
2016.10.04 11:36:10.584,1.30592,1.30604,1.87,1.00
2016.10.04 11:36:10.635,1.30591,1.30604,1.87,1.00
2016.10.04 11:36:10.686,1.30591,1.30604,1.12,1.00
2016.10.04 11:36:10.737,1.30591,1.30605,1.00,1.00
2016.10.04 11:36:10.789,1.30591,1.30605,1.37,1.00
2016.10.04 11:36:10.840,1.30592,1.30605,1.50,1.00
2016.10.04 11:36:11.145,1.30592,1.30605,1.50,1.00
2016.10.04 11:36:11.365,1.30591,1.30602,1.12,1.00
2016.10.04 11:36:11.418,1.30591,1.30602,1.12,1.00
2016.10.04 11:36:11.469,1.30591,1.30604,1.12,1.00
2016.10.04 11:36:11.980,1.30591,1.30603,1.12,1.00
2016.10.04 11:36:12.368,1.30592,1.30604,1.00,1.00
2016.10.04 11:36:13.014,1.30591,1.30603,1.00,1.00
2016.10.04 11:36:15.020,1.30591,1.30603,1.87,1.00
2016.10.04 11:36:15.071,1.30591,1.30605,1.12,1.12
2016.10.04 11:36:15.173,1.30592,1.30604,1.00,1.00
2016.10.04 11:36:15.224,1.30591,1.30604,1.87,1.00
2016.10.04 11:36:15.275,1.30591,1.30604,1.12,1.00
2016.10.04 11:36:16.108,1.30594,1.30604,1.12,1.00
2016.10.04 11:36:16.311,1.30595,1.30606,1.12,1.00
2016.10.04 11:36:16.374,1.30595,1.30608,1.50,1.00
2016.10.04 11:36:16.547,1.30598,1.30608,1.12,1.00
2016.10.04 11:36:17.327,1.30598,1.30609,1.12,1.12
2016.10.04 11:36:17.379,1.30598,1.30608,1.12,1.00
2016.10.04 11:36:17.779,1.30598,1.30611,1.12,2.25
2016.10.04 11:36:17.882,1.30598,1.3061,1.12,1.00
2016.10.04 11:36:17.934,1.30598,1.3061,1.87,1.00
2016.10.04 11:36:18.382,1.30598,1.3061,2.62,1.00
2016.10.04 11:36:19.085,1.30598,1.30611,1.87,1.00
2016.10.04 11:36:19.390,1.30598,1.30611,1.87,1.50
2016.10.04 11:36:20.051,1.30597,1.30611,3.75,1.00
2016.10.04 11:36:21.460,1.30597,1.3061,3.75,1.87
2016.10.04 11:36:21.511,1.30597,1.30609,1.87,1.50
2016.10.04 11:36:21.563,1.30596,1.30609,1.12,2.62
2016.10.04 11:36:21.614,1.30595,1.30607,1.37,1.00
2016.10.04 11:36:21.767,1.30595,1.30607,1.00,1.00
2016.10.04 11:36:22.089,1.30595,1.30607,1.00,1.12
2016.10.04 11:36:22.851,1.30595,1.30607,1.00,1.00
2016.10.04 11:36:23.226,1.30592,1.30604,2.62,1.00
2016.10.04 11:36:23.280,1.30592,1.30604,1.87,1.00
2016.10.04 11:36:23.433,1.30592,1.30604,1.00,1.00
2016.10.04 11:36:23.534,1.30592,1.30602,1.12,1.00
2016.10.04 11:36:23.586,1.30592,1.30602,1.12,1.00
2016.10.04 11:36:23.688,1.30592,1.30602,1.50,1.00
2016.10.04 11:36:23.840,1.30592,1.30602,1.87,1.00
2016.10.04 11:36:24.247,1.30594,1.30601,1.12,1.00
2016.10.04 11:36:24.419,1.30593,1.30603,1.87,1.00
2016.10.04 11:36:25.053,1.30593,1.30605,3.37,1.00
2016.10.04 11:36:25.104,1.30593,1.30604,2.62,1.00
2016.10.04 11:36:25.155,1.30596,1.30608,1.12,1.00
2016.10.04 11:36:25.207,1.30599,1.30609,1.12,2.62
2016.10.04 11:36:25.258,1.30599,1.30609,1.12,1.50
2016.10.04 11:36:25.309,1.30599,1.30609,1.12,1.00
2016.10.04 11:36:25.435,1.30599,1.30611,1.50,1.50
2016.10.04 11:36:25.490,1.30599,1.30608,1.50,1.00
2016.10.04 11:36:25.812,1.30599,1.30609,1.12,1.00
2016.10.04 11:36:25.867,1.30599,1.30607,1.12,1.00
2016.10.04 11:36:25.944,1.30597,1.30607,2.25,1.00
2016.10.04 11:36:25.996,1.30597,1.30607,1.87,1.00
2016.10.04 11:36:26.047,1.30596,1.30607,1.50,1.00
2016.10.04 11:36:26.098,1.30596,1.30607,1.00,1.00
2016.10.04 11:36:26.149,1.30595,1.30607,1.87,1.00
2016.10.04 11:36:26.524,1.30598,1.30607,1.12,1.00
2016.10.04 11:36:26.627,1.30597,1.30607,1.50,1.00
2016.10.04 11:36:27.162,1.30597,1.30606,1.50,1.00
2016.10.04 11:36:28.123,1.30596,1.30606,1.50,1.00
2016.10.04 11:36:28.408,1.30596,1.30608,1.50,1.50
2016.10.04 11:36:28.703,1.30596,1.30607,1.50,1.00
2016.10.04 11:36:28.822,1.30595,1.30607,3.75,1.00
2016.10.04 11:36:28.873,1.30595,1.30607,3.00,1.00
2016.10.04 11:36:29.090,1.30595,1.30607,3.75,1.00
2016.10.04 11:36:29.142,1.30597,1.30607,1.00,1.00
2016.10.04 11:36:29.193,1.30604,1.30608,1.00,1.00
2016.10.04 11:36:29.244,1.30613,1.30625,3.62,1.69
2016.10.04 11:36:29.405,1.30618,1.30629,1.12,1.75
2016.10.04 11:36:29.460,1.30619,1.30628,1.12,1.00
2016.10.04 11:36:29.513,1.30621,1.30629,1.00,1.00
2016.10.04 11:36:29.565,1.30621,1.30631,1.12,1.37
2016.10.04 11:36:29.617,1.30618,1.30631,2.25,1.37
2016.10.04 11:36:29.720,1.30619,1.30631,1.12,1.37
2016.10.04 11:36:29.777,1.30621,1.30633,1.12,1.00
2016.10.04 11:36:29.993,1.30622,1.30635,2.25,1.00
2016.10.04 11:36:30.044,1.30624,1.30636,1.00,1.00
2016.10.04 11:36:30.095,1.30624,1.30633,1.12,1.00
2016.10.04 11:36:30.146,1.30624,1.30633,1.50,1.00
2016.10.04 11:36:30.199,1.30622,1.30632,1.75,1.00
2016.10.04 11:36:30.251,1.30622,1.30629,1.12,1.00
2016.10.04 11:36:30.302,1.30622,1.30629,1.00,1.00
2016.10.04 11:36:30.404,1.30619,1.30627,1.87,1.00
2016.10.04 11:36:30.455,1.30618,1.30627,1.12,1.00
2016.10.04 11:36:30.578,1.30616,1.30627,1.12,1.00
2016.10.04 11:36:30.630,1.30614,1.30627,2.25,1.00
2016.10.04 11:36:31.527,1.30614,1.30627,2.62,1.00
2016.10.04 11:36:31.579,1.30615,1.30627,1.12,1.00
2016.10.04 11:36:31.630,1.30615,1.30627,1.75,1.00
2016.10.04 11:36:31.732,1.30616,1.30627,1.87,1.00
2016.10.04 11:36:31.935,1.30617,1.30627,1.37,1.00
2016.10.04 11:36:32.443,1.30617,1.30628,1.37,1.00
2016.10.04 11:36:32.545,1.30618,1.30629,1.50,1.00
2016.10.04 11:36:32.597,1.30619,1.30631,1.00,1.00
2016.10.04 11:36:32.648,1.3062,1.30631,1.12,1.00
2016.10.04 11:36:32.699,1.3062,1.30632,2.25,1.00
2016.10.04 11:36:32.750,1.30621,1.30632,1.87,1.00
2016.10.04 11:36:32.801,1.30621,1.30632,1.50,1.00
2016.10.04 11:36:32.852,1.30626,1.30638,1.00,1.50
2016.10.04 11:36:32.903,1.30631,1.30639,1.00,2.62
2016.10.04 11:36:32.955,1.30632,1.30639,1.00,1.12
2016.10.04 11:36:33.189,1.30632,1.30644,1.50,3.22
2016.10.04 11:36:33.241,1.30632,1.30645,1.50,1.12
2016.10.04 11:36:33.343,1.30636,1.30645,1.00,1.12
2016.10.04 11:36:33.446,1.30637,1.3065,1.00,2.06
2016.10.04 11:36:33.497,1.30637,1.3065,1.00,1.31
2016.10.04 11:36:33.549,1.30642,1.3065,1.00,1.31
2016.10.04 11:36:33.651,1.30643,1.30654,1.00,2.44
2016.10.04 11:36:33.703,1.30643,1.30654,1.00,1.50
2016.10.04 11:36:33.754,1.30643,1.30655,1.00,1.00
2016.10.04 11:36:33.985,1.30644,1.30658,1.00,2.62
2016.10.04 11:36:34.036,1.30644,1.30658,1.00,2.25
2016.10.04 11:36:34.189,1.30644,1.30658,1.00,3.00
2016.10.04 11:36:34.241,1.30644,1.30655,1.00,1.12
2016.10.04 11:36:34.345,1.30644,1.30656,1.00,1.87
2016.10.04 11:36:34.449,1.30644,1.30656,1.00,1.00
2016.10.04 11:36:34.500,1.30644,1.30657,1.00,1.50
2016.10.04 11:36:34.552,1.30644,1.30657,1.00,1.12
2016.10.04 11:36:35.090,1.30645,1.30657,1.00,1.12
2016.10.04 11:36:35.141,1.30642,1.30656,1.12,1.00
2016.10.04 11:36:35.345,1.30642,1.30656,2.25,1.00
2016.10.04 11:36:35.396,1.30642,1.30656,1.50,1.00
2016.10.04 11:36:35.448,1.30644,1.30656,1.12,1.00
2016.10.04 11:36:35.499,1.30644,1.30655,1.12,1.00
2016.10.04 11:36:35.550,1.30643,1.30655,2.62,1.00
2016.10.04 11:36:36.339,1.30644,1.30656,1.00,1.00
2016.10.04 11:36:36.390,1.30643,1.30655,2.62,1.00
2016.10.04 11:36:36.644,1.30644,1.30655,1.12,1.00
2016.10.04 11:36:36.747,1.30643,1.30655,1.00,1.00
2016.10.04 11:36:36.996,1.30642,1.30655,1.87,1.00
2016.10.04 11:36:37.150,1.30642,1.30655,1.00,1.00
2016.10.04 11:36:37.201,1.30642,1.30655,1.03,1.00
2016.10.04 11:36:37.320,1.30642,1.30655,2.15,1.00
2016.10.04 11:36:37.745,1.30642,1.30655,1.03,1.00
2016.10.04 11:36:37.796,1.30642,1.30655,1.28,1.00
2016.10.04 11:36:37.963,1.30642,1.30655,2.15,1.00
2016.10.04 11:36:38.370,1.30642,1.30655,1.28,1.00
2016.10.04 11:36:38.751,1.30642,1.30655,2.15,1.00
2016.10.04 11:36:39.177,1.30642,1.30653,2.15,1.00
2016.10.04 11:36:39.533,1.30643,1.30654,1.28,1.50
2016.10.04 11:36:39.585,1.30643,1.30654,1.28,1.12
2016.10.04 11:36:39.636,1.30641,1.30653,1.28,1.00
2016.10.04 11:36:39.688,1.30641,1.30654,1.28,1.12
2016.10.04 11:36:39.739,1.30643,1.30654,1.40,1.00
2016.10.04 11:36:39.973,1.3064,1.30649,2.25,1.00
2016.10.04 11:36:40.025,1.30642,1.30651,1.12,1.00
2016.10.04 11:36:40.076,1.30642,1.30655,1.87,1.50
2016.10.04 11:36:40.127,1.30642,1.30654,1.50,1.00
2016.10.04 11:36:40.178,1.30642,1.30654,1.00,1.00
2016.10.04 11:36:40.229,1.30644,1.30654,1.12,1.00
2016.10.04 11:36:40.383,1.30644,1.30654,1.50,1.00
2016.10.04 11:36:40.434,1.30646,1.30655,1.12,1.00
2016.10.04 11:36:40.485,1.30646,1.30655,1.87,1.00
2016.10.04 11:36:40.537,1.30646,1.30655,2.25,1.00
2016.10.04 11:36:40.779,1.30647,1.30656,1.50,1.00
2016.10.04 11:36:40.934,1.30646,1.30655,1.37,1.00
2016.10.04 11:36:41.138,1.30641,1.30652,2.25,1.00
2016.10.04 11:36:41.189,1.30642,1.30652,1.00,1.00
2016.10.04 11:36:41.240,1.3064,1.30652,1.37,1.00
2016.10.04 11:36:41.343,1.3064,1.30652,1.00,1.00
2016.10.04 11:36:41.564,1.3064,1.30652,1.87,1.00
2016.10.04 11:36:42.078,1.3064,1.30653,1.12,1.00
2016.10.04 11:36:42.584,1.3064,1.30653,1.12,1.00
2016.10.04 11:36:42.755,1.3064,1.30653,1.12,1.00
2016.10.04 11:36:43.783,1.3064,1.30651,1.12,1.00
2016.10.04 11:36:44.775,1.30642,1.30651,1.12,1.00
2016.10.04 11:36:44.951,1.3064,1.30652,1.50,1.00
2016.10.04 11:36:45.053,1.3064,1.30652,1.12,1.00
2016.10.04 11:36:45.675,1.30639,1.30652,1.50,1.00
2016.10.04 11:36:45.777,1.3064,1.30652,1.12,1.00
2016.10.04 11:36:46.035,1.30639,1.30652,1.50,1.00
2016.10.04 11:36:46.239,1.30643,1.30653,1.12,1.00
2016.10.04 11:36:46.443,1.30642,1.30654,2.25,1.00
2016.10.04 11:36:46.494,1.30642,1.30654,3.00,1.00
2016.10.04 11:36:46.672,1.30643,1.30654,1.87,1.00
2016.10.04 11:36:46.774,1.30645,1.30656,1.12,1.00
2016.10.04 11:36:46.826,1.30646,1.30658,1.00,1.00
2016.10.04 11:36:46.878,1.30647,1.30659,1.12,1.00
2016.10.04 11:36:47.280,1.30649,1.30659,1.12,1.00
2016.10.04 11:36:47.975,1.30648,1.30661,1.12,1.00
2016.10.04 11:36:48.338,1.30649,1.30661,1.12,1.00
2016.10.04 11:36:48.645,1.30647,1.30659,1.12,1.00
2016.10.04 11:36:48.696,1.30646,1.30658,3.00,1.00
2016.10.04 11:36:48.807,1.30646,1.30658,2.62,1.00
2016.10.04 11:36:48.860,1.30644,1.30659,2.62,1.00
2016.10.04 11:36:48.911,1.30644,1.30659,2.25,1.00
2016.10.04 11:36:49.872,1.30645,1.30658,1.12,1.00
2016.10.04 11:36:50.091,1.30645,1.30654,1.12,1.00
2016.10.04 11:36:50.142,1.30643,1.30654,1.50,1.00
2016.10.04 11:36:50.194,1.30642,1.30653,1.87,1.00
2016.10.04 11:36:50.245,1.30641,1.30653,1.50,1.00
2016.10.04 11:36:50.449,1.30641,1.30653,1.50,1.00
2016.10.04 11:36:50.500,1.30643,1.30656,1.00,1.00
2016.10.04 11:36:50.551,1.30644,1.30657,1.00,1.87
2016.10.04 11:36:50.652,1.30645,1.30657,1.00,1.12
2016.10.04 11:36:50.848,1.30645,1.30658,1.00,1.12
2016.10.04 11:36:50.899,1.30645,1.30659,1.00,2.25
2016.10.04 11:36:50.950,1.30645,1.30659,1.00,1.12
2016.10.04 11:36:51.318,1.30649,1.3066,1.00,1.12
2016.10.04 11:36:51.369,1.30647,1.30661,1.87,1.12
2016.10.04 11:36:51.421,1.30647,1.30658,1.12,1.00
2016.10.04 11:36:51.473,1.30647,1.30659,1.00,2.25
2016.10.04 11:36:51.644,1.30647,1.30659,1.00,1.87
2016.10.04 11:36:52.341,1.30645,1.30659,1.00,2.25
2016.10.04 11:36:52.570,1.30645,1.30659,1.00,1.87
2016.10.04 11:36:52.723,1.30647,1.30659,1.00,2.25
2016.10.04 11:36:52.774,1.30647,1.30659,1.00,2.62
2016.10.04 11:36:53.447,1.30647,1.30659,1.00,1.87
2016.10.04 11:36:53.499,1.30647,1.30659,1.00,1.12
2016.10.04 11:36:53.602,1.30648,1.3066,1.00,2.25
2016.10.04 11:36:53.654,1.30648,1.3066,1.00,2.62
2016.10.04 11:36:53.705,1.3065,1.3066,1.00,1.87
2016.10.04 11:36:53.756,1.30649,1.30661,1.00,3.75
2016.10.04 11:36:53.808,1.30651,1.30659,1.00,1.00
2016.10.04 11:36:53.859,1.30651,1.30659,1.00,1.87
2016.10.04 11:36:53.961,1.30651,1.30659,1.00,1.00
2016.10.04 11:36:54.012,1.30651,1.30661,1.00,3.37
2016.10.04 11:36:54.542,1.30647,1.30657,1.00,1.87
2016.10.04 11:36:54.593,1.30647,1.30657,1.00,3.00
2016.10.04 11:36:54.644,1.30645,1.30656,1.00,1.50
2016.10.04 11:36:54.695,1.30647,1.30656,1.00,1.12
2016.10.04 11:36:55.359,1.30647,1.30657,1.00,2.25
2016.10.04 11:36:55.563,1.30647,1.30657,1.00,1.00
2016.10.04 11:36:55.614,1.30648,1.3066,1.00,4.50
2016.10.04 11:36:55.665,1.30647,1.30659,1.00,1.87
2016.10.04 11:36:55.716,1.30647,1.30659,1.00,1.12
2016.10.04 11:36:55.768,1.30647,1.30661,1.00,2.62
2016.10.04 11:36:55.887,1.30647,1.3066,1.50,1.00
2016.10.04 11:36:55.938,1.30647,1.30659,1.50,1.12
2016.10.04 11:36:55.990,1.30647,1.30659,1.00,1.12
2016.10.04 11:36:56.092,1.30647,1.30658,1.00,1.00
2016.10.04 11:36:56.397,1.30647,1.30659,1.00,2.62
2016.10.04 11:36:56.639,1.30646,1.30658,1.00,1.12
2016.10.04 11:36:56.741,1.30646,1.30658,1.00,1.00
2016.10.04 11:36:57.402,1.30646,1.30658,1.00,1.50
2016.10.04 11:36:57.504,1.30646,1.30658,1.00,1.00
2016.10.04 11:36:58.557,1.30646,1.30658,1.00,1.12
2016.10.04 11:36:58.608,1.30646,1.30658,1.00,1.87
2016.10.04 11:36:59.838,1.30644,1.30658,1.12,1.87
2016.10.04 11:36:59.889,1.30643,1.30652,1.00,1.00
2016.10.04 11:36:59.991,1.30642,1.30652,1.50,1.00
2016.10.04 11:37:00.042,1.30642,1.30652,1.12,1.00
2016.10.04 11:37:00.093,1.3064,1.30652,1.87,1.00
2016.10.04 11:37:00.944,1.30641,1.30652,1.00,1.00
2016.10.04 11:37:01.187,1.30641,1.30653,1.00,1.87
2016.10.04 11:37:01.442,1.30641,1.30653,1.00,2.62
2016.10.04 11:37:01.493,1.30638,1.30647,1.50,1.00
2016.10.04 11:37:01.544,1.30638,1.30646,1.12,1.00
2016.10.04 11:37:01.596,1.30635,1.30645,1.50,1.00
2016.10.04 11:37:01.647,1.30635,1.30645,1.37,1.00
2016.10.04 11:37:01.698,1.30631,1.30643,1.87,1.12
2016.10.04 11:37:01.909,1.30631,1.30643,1.00,1.00
2016.10.04 11:37:02.266,1.30631,1.30643,1.87,1.00
2016.10.04 11:37:03.552,1.30631,1.30643,1.00,1.00
2016.10.04 11:37:03.603,1.30631,1.30645,1.00,1.00
2016.10.04 11:37:03.655,1.30631,1.30645,1.00,1.87
2016.10.04 11:37:04.539,1.30633,1.30645,1.00,1.12
2016.10.04 11:37:04.590,1.30634,1.30647,1.00,1.00
2016.10.04 11:37:04.694,1.30636,1.30648,1.00,1.00
2016.10.04 11:37:04.909,1.30637,1.30649,1.00,1.12
2016.10.04 11:37:04.960,1.30637,1.3065,1.00,1.00
2016.10.04 11:37:05.181,1.30636,1.3065,1.87,1.50
2016.10.04 11:37:05.768,1.30636,1.30647,1.12,1.00
2016.10.04 11:37:05.819,1.30636,1.30644,1.12,1.00
2016.10.04 11:37:05.870,1.30634,1.30644,1.00,1.00
2016.10.04 11:37:05.942,1.30632,1.30644,1.12,1.00
2016.10.04 11:37:05.994,1.30632,1.30644,1.00,1.00
2016.10.04 11:37:07.092,1.30633,1.30645,1.00,1.87
2016.10.04 11:37:07.529,1.30631,1.30644,1.00,1.00
2016.10.04 11:37:07.706,1.30631,1.30645,1.00,1.87
2016.10.04 11:37:08.701,1.30629,1.3064,1.00,1.00
2016.10.04 11:37:08.752,1.30629,1.3064,1.00,1.00
2016.10.04 11:37:08.904,1.30627,1.30637,1.37,1.00
2016.10.04 11:37:09.057,1.30626,1.30637,2.06,1.00
2016.10.04 11:37:09.159,1.30626,1.30637,1.87,1.00
2016.10.04 11:37:09.261,1.30626,1.30637,2.06,1.00
2016.10.04 11:37:09.565,1.30627,1.30637,1.87,1.00
2016.10.04 11:37:10.051,1.30627,1.30639,2.06,1.00
2016.10.04 11:37:10.156,1.30627,1.30638,2.25,1.00
2016.10.04 11:37:10.207,1.30629,1.30638,1.12,1.00
2016.10.04 11:37:13.618,1.30629,1.30639,1.12,1.00
2016.10.04 11:37:14.323,1.30628,1.30639,2.44,1.00
2016.10.04 11:37:14.426,1.30628,1.30639,2.81,1.00
2016.10.04 11:37:14.610,1.30629,1.30639,1.50,1.00
2016.10.04 11:37:15.415,1.30629,1.30638,1.50,1.00
2016.10.04 11:37:15.567,1.30629,1.30638,1.12,1.00
2016.10.04 11:37:16.281,1.30628,1.30638,1.50,1.00
2016.10.04 11:37:16.384,1.30627,1.30638,1.12,1.00
2016.10.04 11:37:16.970,1.30626,1.30636,1.12,1.00
2016.10.04 11:37:17.072,1.30624,1.30635,2.25,1.00
2016.10.04 11:37:17.281,1.30624,1.30633,1.50,1.00
2016.10.04 11:37:17.332,1.30624,1.30635,1.50,1.00
2016.10.04 11:37:17.383,1.30624,1.30633,1.12,1.00
2016.10.04 11:37:17.486,1.30626,1.30635,1.12,1.00
2016.10.04 11:37:18.689,1.30623,1.30635,3.56,1.00
2016.10.04 11:37:18.740,1.30624,1.30635,1.00,1.00
2016.10.04 11:37:18.842,1.30622,1.30634,1.94,1.00
2016.10.04 11:37:18.893,1.30622,1.30634,2.81,1.00
2016.10.04 11:37:19.028,1.30623,1.30634,1.69,1.00
2016.10.04 11:37:19.080,1.30623,1.30632,1.31,1.00
2016.10.04 11:37:19.285,1.30623,1.30632,1.12,1.00
2016.10.04 11:37:19.594,1.30624,1.30634,1.12,1.00
2016.10.04 11:37:19.773,1.30626,1.30634,1.12,1.00
2016.10.04 11:37:20.080,1.30624,1.30634,1.87,1.00
2016.10.04 11:37:20.670,1.30625,1.30634,1.12,1.00
2016.10.04 11:37:21.588,1.30625,1.30634,1.12,1.00
2016.10.04 11:37:23.552,1.30625,1.30635,1.12,1.00
2016.10.04 11:37:24.445,1.30625,1.30633,1.12,1.00
2016.10.04 11:37:24.496,1.30624,1.30632,1.00,1.00
2016.10.04 11:37:24.667,1.30623,1.30631,1.12,1.00
2016.10.04 11:37:25.262,1.30623,1.30632,1.12,1.00
2016.10.04 11:37:26.700,1.30623,1.30631,1.12,1.00
2016.10.04 11:37:26.803,1.30619,1.30631,1.12,1.00
2016.10.04 11:37:26.854,1.30619,1.30631,1.12,1.00
2016.10.04 11:37:26.998,1.30618,1.30631,1.50,1.00
2016.10.04 11:37:27.049,1.30618,1.3063,1.00,1.00
2016.10.04 11:37:27.100,1.30615,1.30629,2.25,1.00
2016.10.04 11:37:27.202,1.30616,1.30627,1.12,1.00
2016.10.04 11:37:28.909,1.30615,1.30627,1.87,1.00
2016.10.04 11:37:29.307,1.30615,1.30626,1.12,1.00
2016.10.04 11:37:30.660,1.30615,1.30626,1.12,1.00
2016.10.04 11:37:32.971,1.30617,1.30629,1.00,1.87
2016.10.04 11:37:33.073,1.30617,1.30629,1.00,1.12
2016.10.04 11:37:33.124,1.30617,1.30631,1.00,1.75
2016.10.04 11:37:33.226,1.30617,1.30631,1.00,1.50
2016.10.04 11:37:34.293,1.30617,1.3063,1.00,1.12
2016.10.04 11:37:34.344,1.30617,1.30629,1.00,1.00
2016.10.04 11:37:34.548,1.30615,1.30626,1.50,1.00
2016.10.04 11:37:34.599,1.30616,1.30623,1.12,1.00
2016.10.04 11:37:35.177,1.30616,1.30626,1.12,1.00
2016.10.04 11:37:35.228,1.30619,1.30627,1.12,1.00
2016.10.04 11:37:35.279,1.30619,1.30627,1.50,1.00
2016.10.04 11:37:35.330,1.30617,1.30627,1.87,1.00
2016.10.04 11:37:35.382,1.30617,1.30627,1.12,1.00
2016.10.04 11:37:35.687,1.30616,1.30626,2.25,1.00
2016.10.04 11:37:35.789,1.30615,1.30626,1.87,1.00
2016.10.04 11:37:35.955,1.30613,1.30626,1.87,1.00
2016.10.04 11:37:36.076,1.30613,1.30625,1.12,1.00
2016.10.04 11:37:36.902,1.30613,1.30625,2.25,1.00
2016.10.04 11:37:37.005,1.30613,1.30622,1.12,1.00
2016.10.04 11:37:37.057,1.30613,1.3062,1.12,1.00
2016.10.04 11:37:37.109,1.30607,1.30617,1.37,1.00
2016.10.04 11:37:37.212,1.30605,1.30612,3.94,1.00
2016.10.04 11:37:37.365,1.30603,1.30609,1.12,1.00
2016.10.04 11:37:37.549,1.30597,1.30608,1.50,1.00
2016.10.04 11:37:37.820,1.30595,1.30608,2.62,1.00
2016.10.04 11:37:37.974,1.30595,1.30608,2.25,1.00
2016.10.04 11:37:38.076,1.30595,1.30608,2.62,1.00
2016.10.04 11:37:38.128,1.30595,1.30608,1.75,1.00
2016.10.04 11:37:39.022,1.30595,1.30608,1.12,1.00
2016.10.04 11:37:39.175,1.30595,1.30608,1.75,1.00
2016.10.04 11:37:39.291,1.30595,1.30608,1.12,1.00
2016.10.04 11:37:39.484,1.30594,1.30608,6.00,1.00
2016.10.04 11:37:39.535,1.30594,1.30607,1.50,1.00
2016.10.04 11:37:39.586,1.30594,1.30607,1.37,1.00
2016.10.04 11:37:39.638,1.30595,1.30607,1.00,1.00
2016.10.04 11:37:40.694,1.30593,1.30606,3.00,1.00
2016.10.04 11:37:41.195,1.30593,1.30605,3.00,1.00
2016.10.04 11:37:41.399,1.30593,1.30605,1.87,1.00
2016.10.04 11:37:41.829,1.30593,1.30607,1.12,1.00
2016.10.04 11:37:41.881,1.30594,1.30606,1.00,1.00
2016.10.04 11:37:42.454,1.30593,1.30606,2.25,1.00
2016.10.04 11:37:43.202,1.30593,1.30606,2.62,1.00
2016.10.04 11:37:43.374,1.30593,1.30606,3.37,1.00
2016.10.04 11:37:43.781,1.30593,1.30606,1.87,1.00
2016.10.04 11:37:43.833,1.30592,1.30606,1.00,1.87
2016.10.04 11:37:43.988,1.30592,1.30604,1.00,1.00
2016.10.04 11:37:46.221,1.30592,1.30604,1.00,1.00
2016.10.04 11:37:47.116,1.30592,1.30604,1.00,1.00
2016.10.04 11:37:47.218,1.30592,1.30604,1.12,1.00
2016.10.04 11:37:47.683,1.30592,1.30604,1.00,1.00
2016.10.04 11:37:48.096,1.30592,1.30604,1.00,1.00
2016.10.04 11:37:52.729,1.30597,1.30608,1.00,2.62
2016.10.04 11:37:52.831,1.30597,1.30608,1.87,1.50
2016.10.04 11:37:52.883,1.30597,1.3061,1.87,1.87
2016.10.04 11:37:52.934,1.30598,1.30609,1.00,1.00
2016.10.04 11:37:53.188,1.30598,1.30608,1.00,1.12
2016.10.04 11:37:53.461,1.30598,1.30608,1.00,1.50
2016.10.04 11:37:55.541,1.30598,1.30608,1.00,2.62
2016.10.04 11:37:55.643,1.30598,1.30608,1.00,1.50
2016.10.04 11:37:55.763,1.30598,1.30608,1.00,1.37
2016.10.04 11:37:55.814,1.30598,1.30608,1.00,1.12
2016.10.04 11:37:56.119,1.30598,1.30608,1.00,1.00
2016.10.04 11:37:57.663,1.30598,1.3061,1.87,2.62
2016.10.04 11:37:57.715,1.30598,1.3061,1.50,1.87
2016.10.04 11:37:57.845,1.30602,1.30611,1.50,1.75
2016.10.04 11:37:57.896,1.30602,1.30614,1.50,1.00
2016.10.04 11:37:57.947,1.30603,1.30614,1.00,1.00
2016.10.04 11:37:58.869,1.30602,1.30614,3.75,1.00
2016.10.04 11:37:58.921,1.30604,1.30616,1.50,1.00
2016.10.04 11:37:59.023,1.30604,1.30616,1.12,1.00
2016.10.04 11:37:59.075,1.30604,1.30616,1.37,1.00
2016.10.04 11:37:59.126,1.30605,1.30616,1.00,1.00
2016.10.04 11:37:59.178,1.30607,1.30616,1.00,1.00
2016.10.04 11:37:59.229,1.30608,1.30616,1.12,1.00
2016.10.04 11:37:59.333,1.30608,1.30616,1.50,1.00
2016.10.04 11:37:59.549,1.30607,1.30616,2.25,1.00
2016.10.04 11:37:59.602,1.30607,1.30616,1.87,1.00
2016.10.04 11:37:59.653,1.30608,1.30616,1.50,1.00
2016.10.04 11:37:59.756,1.30606,1.30615,2.62,1.00
2016.10.04 11:38:00.043,1.30607,1.30615,1.37,1.00
2016.10.04 11:38:00.309,1.30607,1.30619,1.87,1.00
2016.10.04 11:38:00.488,1.30611,1.30621,1.12,1.00
2016.10.04 11:38:00.539,1.30611,1.30621,1.37,1.00
2016.10.04 11:38:00.845,1.30612,1.3062,1.00,1.00
2016.10.04 11:38:01.563,1.30612,1.3062,1.87,1.00
2016.10.04 11:38:01.726,1.30612,1.30621,1.00,1.00
2016.10.04 11:38:01.778,1.30611,1.30621,1.37,1.00
2016.10.04 11:38:01.901,1.30612,1.30621,1.00,1.00
2016.10.04 11:38:01.952,1.30613,1.30623,1.50,1.00
2016.10.04 11:38:02.072,1.30613,1.30623,1.87,1.00
2016.10.04 11:38:02.276,1.30613,1.30623,2.62,1.00
2016.10.04 11:38:03.388,1.30613,1.30623,2.62,1.00
2016.10.04 11:38:03.822,1.30613,1.30622,2.62,1.00
2016.10.04 11:38:03.873,1.30613,1.30622,2.62,1.00
2016.10.04 11:38:03.975,1.30613,1.30622,1.12,1.00
2016.10.04 11:38:04.026,1.30612,1.30622,1.50,1.00
2016.10.04 11:38:05.875,1.30612,1.30622,1.87,1.00
2016.10.04 11:38:05.994,1.30612,1.30622,1.50,1.00
2016.10.04 11:38:06.908,1.30612,1.3062,1.50,1.00
2016.10.04 11:38:06.959,1.30611,1.3062,1.12,1.00
2016.10.04 11:38:07.062,1.30608,1.30619,1.50,1.00
2016.10.04 11:38:07.164,1.30608,1.30619,1.12,1.00
2016.10.04 11:38:07.548,1.30609,1.30617,1.12,1.00
2016.10.04 11:38:07.861,1.30607,1.30617,1.00,1.00
2016.10.04 11:38:07.913,1.30606,1.30615,2.25,1.00
2016.10.04 11:38:07.964,1.30608,1.30616,1.12,1.00
2016.10.04 11:38:08.015,1.30608,1.30618,1.12,1.00
2016.10.04 11:38:08.192,1.30609,1.30619,1.50,1.00
2016.10.04 11:38:08.265,1.3061,1.30618,1.50,1.00
2016.10.04 11:38:08.316,1.3061,1.30618,1.12,1.00
2016.10.04 11:38:08.534,1.30609,1.30618,1.50,1.00
2016.10.04 11:38:08.738,1.30609,1.30621,1.50,1.00
2016.10.04 11:38:08.789,1.30609,1.30621,2.25,1.00
2016.10.04 11:38:08.840,1.3061,1.30621,1.12,1.00
2016.10.04 11:38:08.891,1.3061,1.30619,1.87,1.00
2016.10.04 11:38:09.167,1.30611,1.3062,1.12,1.00
2016.10.04 11:38:09.218,1.30611,1.30618,1.12,1.00
2016.10.04 11:38:09.371,1.3061,1.3062,1.12,1.00
2016.10.04 11:38:09.473,1.3061,1.30619,1.87,1.00
2016.10.04 11:38:09.524,1.30611,1.30619,1.50,1.00
2016.10.04 11:38:09.626,1.30612,1.30619,1.12,1.00
2016.10.04 11:38:09.780,1.30612,1.30622,1.12,1.00
2016.10.04 11:38:09.915,1.30612,1.30622,1.87,1.00
2016.10.04 11:38:09.975,1.30612,1.30622,1.00,1.00
2016.10.04 11:38:10.048,1.30612,1.30622,1.87,1.00
2016.10.04 11:38:10.303,1.30612,1.3062,1.87,1.00
2016.10.04 11:38:10.457,1.30612,1.3062,1.00,1.00
2016.10.04 11:38:10.736,1.30612,1.30622,1.87,1.00
2016.10.04 11:38:11.297,1.30612,1.30621,1.87,1.00
2016.10.04 11:38:11.519,1.30612,1.30622,2.25,1.00
2016.10.04 11:38:11.570,1.30614,1.30624,1.12,1.00
2016.10.04 11:38:11.691,1.30614,1.30624,1.50,1.00
2016.10.04 11:38:11.996,1.30613,1.30625,2.25,1.00
2016.10.04 11:38:12.099,1.30613,1.30624,3.37,1.00
2016.10.04 11:38:12.150,1.30614,1.30624,2.25,1.00
2016.10.04 11:38:12.447,1.30616,1.30624,1.12,1.00
2016.10.04 11:38:12.549,1.30614,1.30622,2.25,1.00
2016.10.04 11:38:12.600,1.30614,1.30622,1.87,1.00
2016.10.04 11:38:12.806,1.30614,1.30622,1.50,1.00
2016.10.04 11:38:13.201,1.30613,1.30624,1.50,1.00
2016.10.04 11:38:13.252,1.30612,1.30624,1.87,1.00
2016.10.04 11:38:13.430,1.30612,1.30622,1.87,1.00
2016.10.04 11:38:13.534,1.30614,1.30624,1.12,1.00
2016.10.04 11:38:13.585,1.30614,1.30624,1.12,1.00
2016.10.04 11:38:13.637,1.30617,1.30624,1.12,1.00
2016.10.04 11:38:13.790,1.30618,1.30624,1.50,1.00
2016.10.04 11:38:13.842,1.30617,1.30624,1.87,1.00
2016.10.04 11:38:13.944,1.30618,1.30624,1.50,1.00
2016.10.04 11:38:15.062,1.30618,1.30625,1.50,1.00
2016.10.04 11:38:16.943,1.30618,1.30626,1.50,1.00
2016.10.04 11:38:16.994,1.30618,1.30626,1.87,1.00
2016.10.04 11:38:17.515,1.30617,1.30627,1.87,1.00
2016.10.04 11:38:17.957,1.30617,1.30627,2.62,1.00
2016.10.04 11:38:18.110,1.30617,1.30628,2.25,1.00
2016.10.04 11:38:18.231,1.30617,1.30628,3.00,1.00
2016.10.04 11:38:18.282,1.30621,1.3063,1.50,1.00
2016.10.04 11:38:18.334,1.3062,1.3063,1.37,1.00
2016.10.04 11:38:18.385,1.30619,1.3063,2.62,1.00
2016.10.04 11:38:18.436,1.30619,1.30628,2.25,1.00
2016.10.04 11:38:18.488,1.30619,1.30628,1.12,1.00
2016.10.04 11:38:18.642,1.30619,1.30628,1.50,1.00
2016.10.04 11:38:18.744,1.3062,1.30628,1.12,1.00
2016.10.04 11:38:18.847,1.30619,1.30627,1.50,1.00
2016.10.04 11:38:19.068,1.30619,1.30627,1.12,1.00
2016.10.04 11:38:19.170,1.30617,1.30627,2.25,1.00
2016.10.04 11:38:19.221,1.30617,1.30627,1.50,1.00
2016.10.04 11:38:19.272,1.30618,1.30627,1.12,1.00
2016.10.04 11:38:19.374,1.30616,1.30627,1.12,1.00
2016.10.04 11:38:19.578,1.30616,1.30627,1.12,1.00
2016.10.04 11:38:19.682,1.30614,1.30626,1.12,1.00
2016.10.04 11:38:19.734,1.30614,1.30625,1.50,1.00
2016.10.04 11:38:19.945,1.30614,1.30623,1.50,1.00
2016.10.04 11:38:20.251,1.30614,1.30623,1.87,1.00
2016.10.04 11:38:21.126,1.30614,1.30623,1.50,1.00
2016.10.04 11:38:21.177,1.30613,1.30623,1.87,1.00
2016.10.04 11:38:21.381,1.30613,1.30623,2.25,1.00
2016.10.04 11:38:23.985,1.30612,1.30621,1.87,1.00
2016.10.04 11:38:24.086,1.30612,1.30621,1.50,1.00
2016.10.04 11:38:24.138,1.30612,1.30621,1.12,1.00
2016.10.04 11:38:28.258,1.30612,1.30621,1.50,1.00
2016.10.04 11:38:31.405,1.30612,1.30621,1.12,1.00
2016.10.04 11:38:31.965,1.30612,1.30622,1.12,1.00
2016.10.04 11:38:32.504,1.30612,1.30621,1.12,1.00
2016.10.04 11:38:32.778,1.3061,1.30621,1.50,1.00
2016.10.04 11:38:33.641,1.3061,1.30622,1.50,1.00
2016.10.04 11:38:33.692,1.3061,1.30622,1.87,1.00
2016.10.04 11:38:33.926,1.3061,1.30621,2.62,1.00
2016.10.04 11:38:33.977,1.30611,1.30621,1.00,1.00
2016.10.04 11:38:34.181,1.3061,1.30622,1.50,1.00
2016.10.04 11:38:39.120,1.3061,1.3062,1.50,1.00
2016.10.04 11:38:39.171,1.30608,1.3062,1.87,1.00
2016.10.04 11:38:39.704,1.30607,1.3062,3.00,1.00
2016.10.04 11:38:39.756,1.3061,1.3062,1.12,1.00
2016.10.04 11:38:39.807,1.3061,1.3062,1.50,1.00
2016.10.04 11:38:40.137,1.3061,1.3062,1.12,1.00
2016.10.04 11:38:40.309,1.30611,1.3062,1.00,1.00
2016.10.04 11:38:40.411,1.3061,1.3062,3.75,1.00
2016.10.04 11:38:40.513,1.3061,1.3062,1.87,1.00
2016.10.04 11:38:40.564,1.30614,1.30625,1.00,1.87
2016.10.04 11:38:40.615,1.30615,1.30625,1.12,1.12
2016.10.04 11:38:40.666,1.30616,1.30628,1.00,1.12
2016.10.04 11:38:40.717,1.30615,1.30628,2.62,1.00
2016.10.04 11:38:40.880,1.30615,1.30627,1.37,1.00
2016.10.04 11:38:40.949,1.30615,1.30624,1.12,1.00
2016.10.04 11:38:41.051,1.30613,1.30624,1.87,1.00
2016.10.04 11:38:41.153,1.30612,1.30624,3.00,1.00
2016.10.04 11:38:41.255,1.30612,1.30624,3.37,1.00
2016.10.04 11:38:41.664,1.30612,1.30624,1.50,1.00
2016.10.04 11:38:41.716,1.30612,1.30623,1.00,1.00
2016.10.04 11:38:41.818,1.30611,1.30623,1.50,1.00
2016.10.04 11:38:41.869,1.30611,1.30623,1.50,1.00
2016.10.04 11:38:41.971,1.30611,1.30623,1.12,1.00
2016.10.04 11:38:42.949,1.30611,1.30623,1.00,1.00
2016.10.04 11:38:43.000,1.3061,1.30623,3.75,1.00
2016.10.04 11:38:44.000,1.3061,1.30622,3.75,1.00
2016.10.04 11:38:44.350,1.3061,1.3062,3.75,1.00
2016.10.04 11:38:44.637,1.30611,1.3062,1.37,1.00
2016.10.04 11:38:48.218,1.3061,1.3062,3.75,1.00
2016.10.04 11:38:48.702,1.30612,1.3062,1.87,1.00
2016.10.04 11:38:48.753,1.30612,1.3062,2.25,1.00
2016.10.04 11:38:51.745,1.30615,1.30624,1.50,1.00
2016.10.04 11:38:51.848,1.30615,1.30623,1.87,1.00
2016.10.04 11:38:51.950,1.30615,1.30623,1.12,1.00
2016.10.04 11:38:52.358,1.30613,1.30623,1.37,1.00
2016.10.04 11:38:52.572,1.30612,1.30623,1.87,1.00
2016.10.04 11:38:52.676,1.30611,1.30623,4.87,1.00
2016.10.04 11:38:52.829,1.30612,1.30623,2.62,1.00
2016.10.04 11:38:52.931,1.30613,1.30623,1.00,1.00
2016.10.04 11:38:53.439,1.30613,1.30622,1.00,1.00
2016.10.04 11:38:54.134,1.30612,1.30624,1.37,1.00
2016.10.04 11:38:54.186,1.30612,1.30625,3.28,1.00
2016.10.04 11:38:54.237,1.30613,1.30625,1.03,1.00
2016.10.04 11:38:54.288,1.30614,1.30623,1.78,1.00
2016.10.04 11:38:54.390,1.30613,1.30622,1.03,1.00
2016.10.04 11:38:54.442,1.30612,1.30622,1.65,1.00
2016.10.04 11:38:54.493,1.30612,1.30622,1.28,1.00
2016.10.04 11:38:54.882,1.30612,1.30622,2.15,1.00
2016.10.04 11:38:54.985,1.30612,1.3062,1.03,1.00
2016.10.04 11:38:55.036,1.3061,1.30619,1.65,1.00
2016.10.04 11:38:55.088,1.30609,1.30618,1.87,1.00
2016.10.04 11:38:55.141,1.30609,1.3062,1.50,1.00
2016.10.04 11:38:55.192,1.3061,1.3062,2.43,1.00
2016.10.04 11:38:55.294,1.3061,1.30623,2.43,1.00
2016.10.04 11:38:55.451,1.30611,1.30623,1.00,1.00
2016.10.04 11:38:55.502,1.30612,1.30623,1.12,1.00
2016.10.04 11:38:55.553,1.30611,1.30623,1.87,1.00
2016.10.04 11:38:55.920,1.30611,1.30623,1.50,1.00
2016.10.04 11:38:55.972,1.30612,1.30623,1.12,1.00
2016.10.04 11:38:56.176,1.30609,1.30623,1.50,1.00
2016.10.04 11:38:56.350,1.30609,1.30623,1.50,1.12
2016.10.04 11:38:56.401,1.30609,1.30623,1.12,1.12
2016.10.04 11:38:56.453,1.30609,1.30623,1.12,1.87
2016.10.04 11:38:56.504,1.3061,1.30621,1.00,1.00
2016.10.04 11:38:56.555,1.30608,1.30621,1.00,1.50
2016.10.04 11:38:56.606,1.30608,1.3062,1.00,1.00
2016.10.04 11:38:56.657,1.30608,1.3062,1.00,1.12
2016.10.04 11:38:56.759,1.30609,1.3062,1.00,1.50
2016.10.04 11:38:56.862,1.30609,1.30621,1.00,1.12
2016.10.04 11:38:56.993,1.30609,1.30621,1.87,1.12
2016.10.04 11:38:58.381,1.30609,1.30621,1.00,1.12
2016.10.04 11:38:58.737,1.30609,1.30621,1.00,1.00
2016.10.04 11:38:59.491,1.30609,1.30621,1.87,1.00
2016.10.04 11:39:00.047,1.30609,1.30621,1.00,1.00
2016.10.04 11:39:00.448,1.30609,1.30621,1.87,1.00
2016.10.04 11:39:00.906,1.30609,1.30621,1.12,1.00
2016.10.04 11:39:01.441,1.30609,1.3062,1.12,1.00
2016.10.04 11:39:01.695,1.30608,1.3062,1.00,1.00
2016.10.04 11:39:02.073,1.30605,1.30617,1.87,1.00
2016.10.04 11:39:02.124,1.30605,1.30617,1.00,1.00
2016.10.04 11:39:05.258,1.30604,1.30617,1.00,1.00
2016.10.04 11:39:05.361,1.30603,1.30615,1.87,1.00
2016.10.04 11:39:05.464,1.30603,1.30615,1.00,1.00
2016.10.04 11:39:05.516,1.30602,1.30614,2.25,1.00
2016.10.04 11:39:06.886,1.30602,1.30615,2.25,1.00
2016.10.04 11:39:08.474,1.30602,1.30615,2.62,1.00
2016.10.04 11:39:08.824,1.30603,1.30614,1.00,1.00
2016.10.04 11:39:08.875,1.30602,1.30614,1.12,1.00
2016.10.04 11:39:08.977,1.30602,1.30614,1.00,1.00
2016.10.04 11:39:09.693,1.30602,1.30614,1.00,1.87
2016.10.04 11:39:09.744,1.306,1.30612,1.50,1.00
2016.10.04 11:39:09.796,1.30599,1.30611,1.87,1.00
2016.10.04 11:39:09.898,1.30597,1.30611,1.00,2.25
2016.10.04 11:39:10.000,1.30597,1.30609,1.00,1.00
2016.10.04 11:39:13.104,1.30597,1.30608,1.00,1.12
2016.10.04 11:39:13.724,1.30599,1.30608,1.00,1.12
2016.10.04 11:39:13.775,1.30599,1.30608,1.50,1.12
2016.10.04 11:39:13.826,1.30599,1.30608,1.00,1.12
2016.10.04 11:39:13.990,1.30599,1.30608,1.75,1.12
2016.10.04 11:39:14.043,1.30598,1.3061,1.00,1.00
2016.10.04 11:39:14.094,1.30598,1.3061,1.87,1.00
2016.10.04 11:39:14.400,1.30598,1.30609,1.12,1.00
2016.10.04 11:39:14.870,1.30597,1.30609,1.00,1.00
2016.10.04 11:39:15.453,1.30598,1.30609,1.00,1.00
2016.10.04 11:39:15.504,1.30597,1.30611,1.50,2.25
2016.10.04 11:39:15.606,1.30597,1.30611,1.37,1.87
2016.10.04 11:39:16.264,1.30597,1.3061,1.37,1.12
2016.10.04 11:39:16.366,1.30597,1.3061,1.87,1.12
2016.10.04 11:39:16.417,1.30598,1.3061,1.12,1.12
2016.10.04 11:39:17.086,1.30601,1.30611,1.00,1.00
2016.10.04 11:39:17.137,1.30602,1.30613,1.37,2.62
2016.10.04 11:39:17.189,1.30603,1.30614,1.00,1.50
2016.10.04 11:39:17.240,1.30602,1.30614,1.75,1.12
2016.10.04 11:39:17.291,1.30603,1.30615,1.37,1.00
2016.10.04 11:39:18.010,1.30603,1.30615,1.00,1.00
2016.10.04 11:39:18.061,1.30602,1.30614,1.12,1.00
2016.10.04 11:39:18.112,1.30602,1.30613,1.00,1.12
2016.10.04 11:39:18.569,1.30602,1.30614,1.00,2.25
2016.10.04 11:39:18.874,1.30601,1.30613,1.00,1.00
2016.10.04 11:39:19.107,1.30601,1.30613,1.12,1.00
2016.10.04 11:39:19.210,1.30601,1.30613,1.50,1.00
2016.10.04 11:39:19.414,1.30601,1.30613,1.37,1.00
2016.10.04 11:39:19.947,1.30601,1.30614,1.37,1.00
2016.10.04 11:39:20.196,1.30601,1.30614,1.50,1.00
2016.10.04 11:39:22.233,1.30601,1.30614,1.12,1.00
2016.10.04 11:39:22.980,1.30601,1.30615,1.12,1.87
2016.10.04 11:39:23.253,1.30601,1.30615,1.87,1.87
2016.10.04 11:39:23.304,1.30603,1.30614,1.00,1.00
2016.10.04 11:39:23.508,1.30601,1.30615,1.50,1.87
2016.10.04 11:39:23.559,1.30603,1.30615,1.00,1.87
2016.10.04 11:39:23.610,1.30603,1.30615,1.00,1.00
2016.10.04 11:39:23.661,1.30604,1.30615,1.00,1.00
2016.10.04 11:39:23.712,1.30603,1.30617,1.00,1.00
2016.10.04 11:39:24.535,1.30603,1.30617,1.00,1.00
2016.10.04 11:39:24.636,1.30603,1.30617,1.37,1.00
2016.10.04 11:39:24.893,1.30603,1.30617,1.50,1.00
2016.10.04 11:39:24.996,1.30601,1.30615,2.25,1.00
2016.10.04 11:39:25.047,1.30602,1.30613,1.00,1.00
2016.10.04 11:39:25.099,1.30601,1.30614,2.25,1.00
2016.10.04 11:39:25.275,1.30601,1.30614,1.87,1.00
2016.10.04 11:39:25.342,1.30607,1.30615,1.00,1.00
2016.10.04 11:39:25.394,1.30608,1.30618,1.00,1.12
2016.10.04 11:39:25.998,1.30608,1.30619,1.00,1.00
2016.10.04 11:39:26.119,1.30607,1.3062,1.50,1.12
2016.10.04 11:39:26.846,1.30607,1.3062,1.12,1.12
2016.10.04 11:39:26.990,1.30607,1.3062,1.12,1.00
2016.10.04 11:39:27.505,1.30611,1.30621,1.00,1.00
2016.10.04 11:39:27.556,1.3061,1.30621,1.87,1.00
2016.10.04 11:39:27.608,1.30612,1.30621,1.00,1.00
2016.10.04 11:39:27.659,1.30612,1.30624,1.12,1.12
2016.10.04 11:39:27.710,1.30611,1.30624,1.87,1.87
2016.10.04 11:39:27.761,1.30611,1.30624,3.00,1.37
2016.10.04 11:39:27.933,1.30611,1.30624,3.00,1.00
2016.10.04 11:39:28.137,1.30611,1.30625,2.62,1.00
2016.10.04 11:39:28.981,1.30612,1.30625,1.12,1.00
2016.10.04 11:39:29.114,1.30612,1.30625,2.25,1.00
2016.10.04 11:39:29.217,1.30612,1.30625,1.87,1.00
2016.10.04 11:39:34.248,1.30612,1.30625,2.25,1.00
2016.10.04 11:39:34.658,1.30613,1.30626,1.12,1.12
2016.10.04 11:39:34.709,1.30613,1.30627,1.12,2.62
2016.10.04 11:39:34.760,1.30613,1.30627,1.12,1.50
2016.10.04 11:39:34.863,1.30614,1.30627,1.00,1.50
2016.10.04 11:39:34.914,1.30614,1.30627,1.12,1.50
2016.10.04 11:39:35.069,1.30616,1.30628,1.00,1.00
2016.10.04 11:39:35.121,1.30618,1.30629,1.00,1.00
2016.10.04 11:39:35.599,1.30617,1.30629,1.12,1.00
2016.10.04 11:39:35.650,1.30617,1.30629,1.00,1.87
2016.10.04 11:39:35.752,1.30617,1.30629,1.00,2.25
2016.10.04 11:39:36.353,1.30617,1.30629,1.12,2.25
2016.10.04 11:39:36.455,1.30617,1.30629,1.37,2.25
2016.10.04 11:39:36.557,1.30617,1.30629,1.50,2.25
2016.10.04 11:39:36.922,1.30618,1.30629,1.37,2.25
2016.10.04 11:39:36.973,1.30618,1.30629,1.37,1.50
2016.10.04 11:39:37.024,1.30618,1.30629,1.37,1.12
2016.10.04 11:39:37.556,1.30618,1.3063,1.37,1.87
2016.10.04 11:39:38.083,1.30617,1.3063,1.37,1.87
2016.10.04 11:39:38.979,1.30616,1.3063,2.25,1.87
2016.10.04 11:39:39.272,1.30616,1.30629,2.25,1.12
2016.10.04 11:39:39.329,1.30616,1.30629,2.44,1.12
2016.10.04 11:39:39.636,1.30616,1.3063,3.56,1.00
2016.10.04 11:39:39.687,1.30618,1.3063,1.12,1.00
2016.10.04 11:39:39.943,1.30618,1.3063,1.50,1.00
2016.10.04 11:39:40.205,1.30618,1.3063,1.12,1.00
2016.10.04 11:39:41.560,1.30618,1.30628,1.00,1.50
2016.10.04 11:39:41.612,1.30616,1.30628,1.69,1.50
2016.10.04 11:39:41.663,1.30616,1.30628,1.12,1.50
2016.10.04 11:39:41.715,1.30615,1.30626,1.00,1.00
2016.10.04 11:39:41.767,1.30615,1.30627,1.00,2.25
2016.10.04 11:39:41.819,1.30613,1.30627,1.00,2.25
2016.10.04 11:39:41.870,1.30615,1.30627,1.00,1.87
2016.10.04 11:39:41.921,1.30615,1.30627,1.00,2.62
2016.10.04 11:39:41.972,1.30616,1.30626,1.00,1.50
2016.10.04 11:39:42.074,1.30618,1.30627,1.00,1.50
2016.10.04 11:39:42.126,1.30619,1.30627,1.00,1.12
2016.10.04 11:39:42.178,1.30619,1.3063,1.00,1.37
2016.10.04 11:39:42.229,1.30622,1.30631,1.00,2.25
2016.10.04 11:39:42.408,1.30623,1.30635,3.00,3.00
2016.10.04 11:39:42.469,1.30625,1.30636,1.00,1.50
2016.10.04 11:39:42.571,1.30624,1.30636,1.00,2.25
2016.10.04 11:39:42.622,1.30624,1.30636,1.00,2.25
2016.10.04 11:39:42.673,1.30623,1.30635,1.00,1.12
2016.10.04 11:39:42.724,1.30623,1.30635,1.00,1.50
2016.10.04 11:39:42.775,1.30623,1.30635,1.00,1.12
2016.10.04 11:39:42.826,1.30623,1.30635,1.00,1.00
2016.10.04 11:39:42.878,1.30623,1.30633,1.00,1.12
2016.10.04 11:39:42.929,1.30621,1.30633,1.00,1.12
2016.10.04 11:39:42.980,1.30618,1.30629,1.87,1.00
2016.10.04 11:39:43.031,1.30618,1.30629,1.00,1.00
2016.10.04 11:39:43.082,1.30616,1.30629,1.12,1.37
2016.10.04 11:39:43.259,1.30614,1.30627,1.00,1.50
2016.10.04 11:39:43.362,1.30614,1.30628,2.25,1.00
2016.10.04 11:39:43.413,1.30614,1.30624,1.50,1.00
2016.10.04 11:39:43.464,1.30612,1.30624,1.50,1.00
2016.10.04 11:39:43.566,1.3061,1.30623,1.31,1.00
2016.10.04 11:39:43.668,1.3061,1.30623,1.19,1.87
2016.10.04 11:39:44.051,1.3061,1.30623,1.19,1.12
2016.10.04 11:39:44.221,1.30611,1.30622,1.25,1.00
2016.10.04 11:39:44.272,1.30611,1.30622,1.00,1.00
2016.10.04 11:39:44.679,1.30611,1.30622,1.25,1.00
2016.10.04 11:39:44.954,1.3061,1.30622,1.25,1.00
2016.10.04 11:39:45.687,1.3061,1.30622,1.19,1.00
2016.10.04 11:39:45.840,1.3061,1.30621,1.19,1.12
2016.10.04 11:39:45.891,1.30609,1.30621,1.00,1.12
2016.10.04 11:39:46.968,1.30611,1.30621,1.00,1.12
2016.10.04 11:39:47.149,1.30614,1.30626,1.37,1.12
2016.10.04 11:39:47.200,1.30614,1.30626,1.50,1.12
2016.10.04 11:39:47.252,1.30614,1.30626,1.50,1.00
2016.10.04 11:39:47.304,1.30614,1.30626,1.12,1.00
2016.10.04 11:39:47.361,1.30614,1.30626,1.00,1.00
2016.10.04 11:39:48.669,1.30615,1.30626,1.00,1.00
2016.10.04 11:39:48.720,1.30615,1.30627,1.00,1.12
2016.10.04 11:39:48.930,1.30616,1.30629,1.00,2.25
2016.10.04 11:39:48.982,1.30616,1.30628,1.12,1.87
2016.10.04 11:39:49.084,1.30616,1.30627,1.12,1.12
2016.10.04 11:39:49.221,1.30614,1.30627,1.87,1.12
2016.10.04 11:39:49.272,1.30614,1.30628,1.75,1.87
2016.10.04 11:39:49.324,1.30612,1.30626,2.06,1.00
2016.10.04 11:39:49.375,1.30612,1.30622,1.37,1.00
2016.10.04 11:39:49.426,1.30611,1.30622,1.12,1.00
2016.10.04 11:39:49.529,1.30611,1.30624,1.12,1.87
2016.10.04 11:39:49.583,1.3061,1.30622,1.50,1.00
2016.10.04 11:39:49.705,1.3061,1.30622,1.87,1.00
2016.10.04 11:39:49.766,1.30611,1.30621,1.37,1.00
2016.10.04 11:39:49.817,1.30611,1.30623,1.62,1.00
2016.10.04 11:39:49.868,1.30612,1.30623,1.00,1.00
2016.10.04 11:39:49.919,1.30613,1.30624,1.00,1.00
2016.10.04 11:39:50.021,1.30612,1.30624,1.12,1.00
2016.10.04 11:39:50.072,1.30613,1.30625,1.00,1.00
2016.10.04 11:39:50.175,1.30613,1.30625,1.12,1.00
2016.10.04 11:39:50.663,1.30612,1.30624,1.87,1.00
2016.10.04 11:39:51.405,1.30613,1.30625,1.12,1.00
2016.10.04 11:39:52.831,1.30611,1.30623,3.56,1.00
2016.10.04 11:39:52.882,1.30612,1.30624,1.12,1.00
2016.10.04 11:39:52.985,1.30612,1.30624,1.00,2.25
2016.10.04 11:39:53.036,1.30611,1.30623,1.00,1.12
2016.10.04 11:39:53.194,1.30611,1.30621,1.00,1.00
2016.10.04 11:39:53.245,1.30606,1.30616,1.37,1.00
2016.10.04 11:39:53.296,1.30606,1.30614,1.37,1.00
2016.10.04 11:39:53.347,1.30603,1.30615,1.75,1.00
2016.10.04 11:39:53.398,1.30603,1.30613,1.75,1.00
2016.10.04 11:39:53.450,1.30602,1.30613,1.50,1.00
2016.10.04 11:39:53.552,1.30602,1.30613,1.12,1.00
2016.10.04 11:39:53.758,1.30602,1.30613,1.00,1.00
2016.10.04 11:39:53.914,1.30602,1.30612,1.00,1.00
2016.10.04 11:39:53.972,1.30596,1.30605,1.62,1.00
2016.10.04 11:39:54.024,1.30595,1.30605,1.75,1.00
2016.10.04 11:39:54.075,1.30594,1.30604,1.00,1.00
2016.10.04 11:39:54.126,1.30594,1.30604,1.12,1.00
2016.10.04 11:39:54.178,1.30594,1.30606,1.87,1.00
2016.10.04 11:39:54.280,1.30595,1.30606,1.00,1.00
2016.10.04 11:39:54.383,1.30596,1.30606,1.50,1.00
2016.10.04 11:39:54.893,1.30596,1.30606,1.87,1.00
2016.10.04 11:39:54.944,1.30596,1.30606,2.25,1.00
2016.10.04 11:39:55.148,1.30596,1.30606,1.37,1.00
2016.10.04 11:39:55.205,1.30596,1.30606,1.00,1.00
2016.10.04 11:39:55.281,1.30593,1.30604,2.81,1.00
2016.10.04 11:39:55.456,1.30592,1.30603,1.50,1.00
2016.10.04 11:39:55.507,1.30592,1.30603,1.00,1.00
2016.10.04 11:39:55.558,1.30591,1.30603,2.25,1.00
2016.10.04 11:39:55.661,1.30591,1.30603,2.62,1.00
2016.10.04 11:39:58.500,1.30591,1.30603,2.25,1.00
2016.10.04 11:39:58.551,1.30592,1.30602,1.12,1.00
2016.10.04 11:39:58.654,1.3059,1.30598,1.75,1.00
2016.10.04 11:39:58.706,1.3059,1.30596,1.37,1.00
2016.10.04 11:39:58.758,1.30587,1.30594,1.12,1.00
2016.10.04 11:39:58.914,1.30585,1.30595,1.37,1.00
2016.10.04 11:39:58.969,1.30581,1.30593,2.62,1.00
2016.10.04 11:39:59.611,1.30581,1.30593,2.25,1.00
2016.10.04 11:39:59.662,1.30581,1.30592,1.50,1.00
2016.10.04 11:39:59.940,1.30581,1.30593,2.62,1.00
2016.10.04 11:39:59.991,1.30581,1.30592,1.87,1.00
2016.10.04 11:40:00.042,1.30581,1.30593,2.25,1.00
2016.10.04 11:40:00.144,1.30581,1.30593,2.62,1.00
2016.10.04 11:40:00.450,1.30581,1.30593,1.50,1.00
2016.10.04 11:40:02.157,1.30582,1.30593,1.12,1.00
2016.10.04 11:40:02.209,1.30582,1.30593,1.50,1.00
2016.10.04 11:40:02.260,1.30583,1.30594,1.00,1.00
2016.10.04 11:40:02.311,1.30583,1.30594,1.12,1.00
2016.10.04 11:40:02.413,1.30582,1.30594,1.87,1.00
2016.10.04 11:40:02.515,1.30582,1.30594,1.87,1.00
2016.10.04 11:40:02.712,1.30582,1.30594,1.50,1.00
2016.10.04 11:40:02.765,1.30582,1.30594,1.50,1.00
2016.10.04 11:40:02.934,1.30582,1.30594,1.12,1.00
2016.10.04 11:40:03.825,1.30582,1.30594,1.50,1.00
2016.10.04 11:40:04.131,1.30582,1.30592,1.50,1.00
2016.10.04 11:40:05.755,1.30582,1.30592,1.12,1.00
2016.10.04 11:40:05.940,1.30582,1.30592,1.50,1.00
2016.10.04 11:40:06.117,1.3058,1.30592,4.12,1.00
2016.10.04 11:40:06.263,1.3058,1.30592,3.00,1.00
2016.10.04 11:40:06.851,1.3058,1.30591,1.00,1.00
2016.10.04 11:40:06.954,1.3058,1.30591,1.00,1.12
2016.10.04 11:40:07.005,1.30584,1.30591,1.12,1.12
2016.10.04 11:40:07.107,1.30583,1.3059,1.50,1.12
2016.10.04 11:40:07.158,1.30583,1.30592,1.00,1.50
2016.10.04 11:40:07.362,1.30583,1.30592,1.87,1.50
2016.10.04 11:40:07.768,1.30583,1.30592,1.12,1.50
2016.10.04 11:40:07.819,1.30584,1.30592,1.00,1.50
2016.10.04 11:40:08.126,1.30587,1.30592,1.00,1.12
2016.10.04 11:40:08.178,1.30588,1.30595,1.12,1.87
2016.10.04 11:40:08.230,1.30588,1.30596,1.87,1.50
2016.10.04 11:40:08.472,1.30594,1.30599,1.00,1.12
2016.10.04 11:40:08.574,1.30595,1.30603,1.00,1.12
2016.10.04 11:40:08.676,1.30597,1.30607,1.00,1.37
2016.10.04 11:40:08.728,1.30597,1.30608,1.00,1.87
2016.10.04 11:40:08.779,1.30597,1.30609,1.00,2.62
2016.10.04 11:40:08.932,1.30597,1.30609,1.00,1.87
2016.10.04 11:40:09.311,1.30599,1.30609,1.00,1.87
2016.10.04 11:40:12.900,1.30601,1.30609,1.00,1.87
2016.10.04 11:40:13.362,1.30601,1.3061,1.00,2.25
2016.10.04 11:40:13.567,1.30603,1.30611,1.00,1.12
2016.10.04 11:40:13.618,1.30603,1.30613,1.00,1.75
2016.10.04 11:40:13.735,1.30603,1.30613,1.00,1.37
2016.10.04 11:40:13.786,1.30603,1.30614,1.00,1.87
2016.10.04 11:40:14.474,1.30604,1.30614,1.00,1.87
2016.10.04 11:40:14.627,1.30605,1.30614,1.00,1.50
2016.10.04 11:40:14.678,1.30607,1.30617,1.00,1.12
2016.10.04 11:40:14.836,1.30607,1.30617,1.00,1.50
2016.10.04 11:40:16.677,1.30607,1.30619,1.00,1.37
2016.10.04 11:40:16.728,1.30607,1.3062,1.00,2.62
2016.10.04 11:40:16.779,1.30607,1.30619,1.00,1.87
2016.10.04 11:40:19.751,1.30608,1.30619,1.00,1.87
2016.10.04 11:40:19.802,1.30611,1.30619,1.00,1.50
2016.10.04 11:40:19.853,1.30612,1.30621,1.00,2.25
2016.10.04 11:40:19.904,1.30612,1.30621,1.00,1.87
2016.10.04 11:40:19.956,1.30612,1.30621,1.00,1.50
2016.10.04 11:40:20.058,1.30612,1.30623,1.00,1.87
2016.10.04 11:40:20.333,1.30618,1.30622,1.00,1.50
2016.10.04 11:40:20.398,1.30619,1.30626,1.00,1.87
2016.10.04 11:40:20.449,1.3062,1.30628,1.00,1.37
2016.10.04 11:40:21.059,1.30619,1.30628,1.00,1.37
2016.10.04 11:40:21.962,1.30619,1.30628,1.00,2.25
2016.10.04 11:40:22.120,1.30621,1.30628,1.00,1.87
2016.10.04 11:40:22.172,1.30617,1.30629,1.00,1.87
2016.10.04 11:40:22.223,1.30617,1.30627,1.00,1.00
2016.10.04 11:40:22.275,1.30615,1.30624,2.25,1.50
2016.10.04 11:40:22.326,1.30615,1.30624,1.00,1.87
2016.10.04 11:40:22.377,1.30615,1.30621,1.00,1.12
2016.10.04 11:40:22.428,1.30612,1.30621,1.00,1.12
2016.10.04 11:40:22.479,1.30611,1.30621,1.00,2.25
2016.10.04 11:40:22.530,1.30611,1.30621,1.00,3.00
2016.10.04 11:40:22.582,1.30611,1.3062,1.00,1.50
2016.10.04 11:40:22.633,1.30611,1.30619,1.00,1.00
2016.10.04 11:40:22.685,1.30611,1.30617,1.00,1.12
2016.10.04 11:40:23.230,1.30611,1.30618,1.00,1.12
2016.10.04 11:40:24.239,1.30612,1.30618,1.00,1.12
2016.10.04 11:40:24.392,1.30613,1.30623,1.00,1.50
2016.10.04 11:40:24.495,1.30613,1.30624,1.00,1.37
2016.10.04 11:40:24.557,1.30615,1.30624,1.00,2.25
2016.10.04 11:40:25.005,1.30613,1.30624,1.00,3.00
2016.10.04 11:40:25.057,1.30612,1.30624,1.00,1.87
2016.10.04 11:40:25.108,1.30612,1.30623,1.00,1.12
2016.10.04 11:40:25.160,1.30613,1.30617,1.00,1.00
2016.10.04 11:40:25.211,1.30613,1.3062,1.00,2.25
2016.10.04 11:40:25.265,1.30613,1.30621,1.00,1.50
2016.10.04 11:40:25.387,1.30611,1.30621,1.00,1.50
2016.10.04 11:40:25.508,1.30613,1.30621,1.00,1.50
2016.10.04 11:40:25.661,1.30613,1.30622,1.00,1.87
2016.10.04 11:40:26.229,1.30613,1.30623,1.00,2.25
2016.10.04 11:40:26.331,1.30613,1.30622,1.00,1.87
2016.10.04 11:40:26.553,1.30613,1.30623,1.00,2.25
2016.10.04 11:40:26.840,1.30613,1.30623,1.00,2.62
2016.10.04 11:40:27.916,1.30613,1.30622,1.00,1.87
2016.10.04 11:40:29.048,1.30614,1.30623,1.00,2.62
2016.10.04 11:40:29.454,1.30614,1.30622,1.00,1.87
2016.10.04 11:40:30.946,1.30613,1.30621,1.00,1.12
2016.10.04 11:40:31.542,1.30613,1.3062,1.00,1.12
2016.10.04 11:40:32.141,1.30615,1.30621,1.00,1.12
2016.10.04 11:40:32.192,1.30617,1.30621,1.00,1.00
2016.10.04 11:40:32.243,1.30617,1.30624,1.00,1.12
2016.10.04 11:40:32.295,1.30617,1.30625,1.00,1.50
2016.10.04 11:40:32.346,1.30617,1.30627,1.00,1.37
2016.10.04 11:40:32.448,1.30617,1.30627,1.00,1.87
2016.10.04 11:40:32.651,1.30618,1.30628,1.00,2.62
2016.10.04 11:40:32.753,1.30618,1.30625,1.00,1.50
2016.10.04 11:40:32.805,1.30618,1.30625,1.00,1.12
2016.10.04 11:40:33.029,1.30618,1.30626,1.00,1.50
2016.10.04 11:40:33.335,1.30618,1.30625,1.00,1.12
2016.10.04 11:40:33.647,1.3062,1.30627,1.00,1.12
2016.10.04 11:40:33.852,1.30619,1.30627,1.00,1.50
2016.10.04 11:40:33.955,1.30619,1.30625,1.00,1.12
2016.10.04 11:40:34.138,1.30619,1.30626,1.00,1.50
2016.10.04 11:40:34.393,1.30619,1.30626,1.00,1.12
2016.10.04 11:40:34.649,1.3062,1.30628,1.00,1.50
2016.10.04 11:40:34.700,1.30618,1.30628,1.00,2.25
2016.10.04 11:40:34.751,1.30617,1.30627,1.00,1.50
2016.10.04 11:40:34.853,1.30619,1.30627,1.00,1.87
2016.10.04 11:40:34.955,1.30619,1.30626,1.00,1.12
2016.10.04 11:40:35.496,1.30618,1.30625,1.00,1.12
2016.10.04 11:40:36.001,1.30617,1.30626,1.00,1.12
2016.10.04 11:40:36.271,1.30617,1.30626,1.00,1.50
2016.10.04 11:40:36.816,1.30616,1.30626,1.00,2.25
2016.10.04 11:40:36.875,1.30616,1.30624,1.00,1.50
2016.10.04 11:40:36.977,1.30614,1.30624,1.00,1.87
2016.10.04 11:40:37.028,1.30615,1.30623,1.00,1.50
2016.10.04 11:40:37.417,1.30617,1.30623,1.00,1.12
2016.10.04 11:40:37.957,1.30617,1.30624,1.00,1.12
2016.10.04 11:40:38.111,1.30617,1.30624,1.00,1.12
2016.10.04 11:40:38.162,1.30612,1.30623,1.00,1.00
2016.10.04 11:40:38.214,1.3061,1.30623,1.00,2.25
2016.10.04 11:40:38.335,1.3061,1.30621,1.00,1.75
2016.10.04 11:40:38.387,1.3061,1.30617,1.00,1.87
2016.10.04 11:40:38.540,1.3061,1.30617,1.00,2.25
2016.10.04 11:40:38.644,1.3061,1.30617,1.00,1.12
2016.10.04 11:40:39.507,1.3061,1.30617,1.00,2.25
2016.10.04 11:40:43.938,1.30609,1.30617,1.00,2.25
2016.10.04 11:40:44.142,1.30607,1.30614,1.00,1.50
2016.10.04 11:40:44.443,1.30606,1.30614,1.00,1.50
2016.10.04 11:40:44.494,1.30606,1.30613,1.00,1.12
2016.10.04 11:40:45.004,1.30605,1.30613,1.00,1.12
2016.10.04 11:40:45.547,1.30606,1.30613,1.00,1.12
2016.10.04 11:40:45.752,1.30599,1.30606,1.50,1.00
2016.10.04 11:40:45.803,1.30599,1.30608,1.50,1.12
2016.10.04 11:40:45.854,1.30597,1.30603,1.12,1.12
2016.10.04 11:40:45.905,1.30591,1.30603,1.37,2.25
2016.10.04 11:40:45.957,1.30588,1.30598,2.25,1.00
2016.10.04 11:40:46.008,1.30586,1.30597,1.12,1.12
2016.10.04 11:40:46.059,1.30585,1.30596,1.00,1.12
2016.10.04 11:40:46.110,1.30585,1.30596,1.00,1.87
2016.10.04 11:40:46.161,1.30585,1.30593,1.00,1.12
2016.10.04 11:40:46.212,1.30585,1.30593,1.00,1.50
2016.10.04 11:40:46.383,1.30585,1.30596,1.00,2.62
2016.10.04 11:40:46.435,1.30585,1.30593,1.00,2.25
2016.10.04 11:40:46.537,1.30585,1.30593,1.00,1.37
2016.10.04 11:40:46.588,1.30585,1.30595,1.00,3.00
2016.10.04 11:40:46.690,1.30585,1.30595,1.00,2.62
2016.10.04 11:40:47.021,1.30585,1.30595,1.00,1.87
2016.10.04 11:40:47.073,1.30585,1.30597,1.00,3.75
2016.10.04 11:40:47.124,1.30585,1.30597,1.00,3.00
2016.10.04 11:40:47.175,1.30585,1.30597,1.00,1.50
2016.10.04 11:40:47.226,1.30585,1.30597,1.00,1.12
2016.10.04 11:40:47.421,1.30585,1.30597,1.00,1.00
2016.10.04 11:40:47.523,1.30585,1.30598,1.00,1.50
2016.10.04 11:40:47.575,1.30588,1.30599,1.00,3.00
2016.10.04 11:40:47.626,1.30588,1.30599,1.00,2.25
2016.10.04 11:40:47.677,1.30588,1.30598,1.00,1.87
2016.10.04 11:40:47.779,1.30588,1.30601,1.00,3.00
2016.10.04 11:40:47.830,1.30588,1.30601,1.00,2.25
2016.10.04 11:40:47.983,1.30588,1.30601,1.00,1.12
2016.10.04 11:40:48.086,1.30588,1.306,1.00,1.87
2016.10.04 11:40:48.873,1.30588,1.306,1.00,2.25
2016.10.04 11:40:50.237,1.30588,1.306,1.00,1.37
2016.10.04 11:40:50.288,1.30588,1.30601,1.12,2.25
2016.10.04 11:40:50.339,1.30588,1.30601,1.50,1.87
2016.10.04 11:40:50.390,1.30588,1.30601,1.50,1.50
2016.10.04 11:40:50.556,1.30591,1.30601,1.00,1.50
2016.10.04 11:40:50.607,1.30591,1.30602,1.00,1.87
2016.10.04 11:40:51.448,1.30591,1.30603,1.00,2.62
2016.10.04 11:40:51.651,1.30591,1.30602,1.00,1.87
2016.10.04 11:40:51.856,1.30591,1.30602,1.00,1.12
2016.10.04 11:40:52.369,1.30592,1.30602,1.00,1.12
2016.10.04 11:40:53.086,1.30593,1.30602,1.00,1.12
2016.10.04 11:40:53.188,1.30593,1.30604,1.00,1.12
2016.10.04 11:40:53.626,1.30593,1.30604,1.00,1.00
2016.10.04 11:40:55.887,1.30593,1.30605,1.00,1.87
2016.10.04 11:40:56.094,1.30593,1.30604,1.00,1.00
2016.10.04 11:40:56.247,1.30593,1.30604,1.00,1.37
2016.10.04 11:40:56.298,1.30593,1.30604,1.00,1.50
2016.10.04 11:40:56.627,1.30593,1.30605,1.00,2.62
2016.10.04 11:40:56.952,1.30593,1.30604,1.00,1.00
2016.10.04 11:40:57.875,1.30592,1.30603,1.00,2.62
2016.10.04 11:40:58.000,1.30591,1.30603,1.00,1.87
2016.10.04 11:40:58.057,1.30588,1.30598,1.00,1.12
2016.10.04 11:40:58.108,1.30586,1.30598,1.00,2.25
2016.10.04 11:40:58.159,1.30586,1.30597,1.00,1.87
2016.10.04 11:40:58.210,1.30586,1.30597,1.00,3.00
2016.10.04 11:40:58.261,1.30584,1.30594,1.12,1.87
2016.10.04 11:40:58.312,1.30583,1.30594,4.12,1.87
2016.10.04 11:40:58.363,1.30579,1.3059,1.50,1.00
2016.10.04 11:40:58.414,1.3058,1.30591,1.00,1.87
2016.10.04 11:40:58.544,1.3058,1.30588,1.00,1.12
2016.10.04 11:40:58.596,1.30579,1.30588,1.00,1.12
2016.10.04 11:40:58.648,1.30579,1.30589,1.00,1.87
2016.10.04 11:40:58.699,1.30579,1.30589,1.00,1.50
2016.10.04 11:40:58.750,1.30577,1.30589,2.44,1.12
2016.10.04 11:40:58.820,1.30577,1.3059,2.44,1.12
2016.10.04 11:40:58.871,1.30577,1.3059,1.25,1.50
2016.10.04 11:40:58.922,1.30577,1.3059,1.25,1.87
2016.10.04 11:40:58.973,1.30577,1.3059,1.00,1.50
2016.10.04 11:40:59.024,1.30577,1.30591,1.00,2.25
2016.10.04 11:40:59.284,1.30577,1.30591,1.25,2.25
2016.10.04 11:40:59.335,1.3058,1.3059,1.00,1.12
2016.10.04 11:40:59.602,1.30577,1.3059,1.25,1.87
2016.10.04 11:40:59.704,1.30577,1.3059,1.25,1.87
2016.10.04 11:40:59.958,1.30577,1.3059,1.31,1.87
2016.10.04 11:41:00.009,1.30579,1.3059,1.25,1.12
2016.10.04 11:41:00.060,1.30577,1.3059,1.31,1.00
2016.10.04 11:41:00.451,1.30577,1.3059,2.06,1.00
2016.10.04 11:41:00.502,1.30579,1.30591,1.31,1.00
2016.10.04 11:41:00.553,1.3058,1.30593,1.31,1.12
2016.10.04 11:41:00.604,1.30581,1.30593,1.25,1.00
2016.10.04 11:41:00.656,1.30583,1.30594,1.19,1.00
2016.10.04 11:41:00.707,1.30584,1.30595,1.25,1.87
2016.10.04 11:41:00.758,1.30583,1.30595,1.19,1.12
2016.10.04 11:41:00.810,1.30583,1.30595,1.19,1.00
2016.10.04 11:41:01.616,1.30583,1.30597,1.19,2.62
2016.10.04 11:41:02.130,1.30585,1.30597,1.00,2.62
2016.10.04 11:41:02.182,1.30585,1.30597,1.25,2.62
2016.10.04 11:41:02.371,1.30585,1.30596,1.25,1.12
2016.10.04 11:41:02.422,1.30585,1.30596,1.25,1.00
2016.10.04 11:41:03.135,1.30584,1.30594,1.31,1.00
2016.10.04 11:41:03.186,1.30584,1.30593,1.12,1.12
2016.10.04 11:41:03.237,1.30584,1.30592,1.12,1.00
2016.10.04 11:41:03.473,1.30579,1.3059,1.19,1.00
2016.10.04 11:41:03.778,1.30583,1.30592,1.00,1.00
2016.10.04 11:41:04.289,1.30582,1.30592,1.00,1.00
2016.10.04 11:41:04.558,1.3059,1.30596,1.00,1.12
2016.10.04 11:41:04.609,1.30588,1.30598,1.00,1.75
2016.10.04 11:41:04.661,1.30588,1.30599,1.00,1.12
2016.10.04 11:41:04.712,1.30587,1.30598,1.00,1.50
2016.10.04 11:41:04.764,1.30586,1.30596,1.00,1.12
2016.10.04 11:41:04.817,1.30586,1.30596,1.00,1.87
2016.10.04 11:41:04.868,1.30586,1.30595,1.00,1.37
2016.10.04 11:41:04.970,1.30586,1.30594,1.00,1.50
2016.10.04 11:41:05.228,1.30584,1.30592,1.00,1.12
2016.10.04 11:41:05.329,1.30584,1.30593,1.00,1.50
2016.10.04 11:41:05.637,1.30585,1.30593,1.00,1.12
2016.10.04 11:41:05.931,1.30586,1.30592,1.00,1.12
2016.10.04 11:41:06.338,1.30586,1.30593,1.00,1.12
2016.10.04 11:41:06.665,1.30587,1.30592,1.00,1.50
2016.10.04 11:41:06.869,1.30586,1.30593,1.00,1.50
2016.10.04 11:41:06.971,1.30584,1.30593,1.00,1.50
2016.10.04 11:41:07.383,1.30587,1.30593,1.00,1.50
2016.10.04 11:41:07.434,1.30587,1.30592,1.00,1.50
2016.10.04 11:41:07.485,1.30585,1.30592,1.00,1.50
2016.10.04 11:41:07.669,1.30585,1.30593,1.00,1.50
2016.10.04 11:41:08.001,1.30587,1.30593,1.00,1.50
2016.10.04 11:41:08.052,1.30587,1.30593,1.00,1.12
2016.10.04 11:41:08.856,1.30587,1.30592,1.00,1.12
2016.10.04 11:41:09.366,1.30586,1.30593,1.00,1.12
2016.10.04 11:41:09.844,1.30586,1.30593,1.00,1.50
2016.10.04 11:41:10.362,1.30587,1.30592,1.00,1.12
2016.10.04 11:41:10.473,1.30588,1.30596,1.00,2.62
2016.10.04 11:41:11.234,1.30588,1.30595,1.00,1.87
2016.10.04 11:41:11.336,1.30589,1.30597,1.00,3.00
2016.10.04 11:41:11.387,1.3059,1.30594,1.00,1.00
2016.10.04 11:41:11.439,1.3059,1.30597,1.00,1.50
2016.10.04 11:41:11.490,1.30592,1.30597,1.00,1.50
2016.10.04 11:41:11.642,1.30593,1.306,1.00,2.25
2016.10.04 11:41:12.125,1.30593,1.306,1.00,3.00
2016.10.04 11:41:12.176,1.30593,1.306,1.00,1.87
2016.10.04 11:41:12.585,1.30593,1.306,1.00,1.12
2016.10.04 11:41:12.636,1.30594,1.30601,1.00,1.75
2016.10.04 11:41:12.739,1.30595,1.30601,1.00,1.12
2016.10.04 11:41:12.790,1.30595,1.30602,1.00,1.87
2016.10.04 11:41:12.930,1.30595,1.30603,1.00,3.00
2016.10.04 11:41:12.981,1.30595,1.30601,1.00,1.00
2016.10.04 11:41:13.032,1.30595,1.30602,1.00,1.87
2016.10.04 11:41:13.521,1.30594,1.30601,1.00,1.50
2016.10.04 11:41:13.707,1.30592,1.30601,1.00,1.87
2016.10.04 11:41:14.012,1.30595,1.30601,1.00,1.87
2016.10.04 11:41:14.063,1.3059,1.30601,1.00,1.50
2016.10.04 11:41:14.114,1.3059,1.306,1.00,1.00
2016.10.04 11:41:14.218,1.30587,1.30594,1.00,1.12
2016.10.04 11:41:14.321,1.30587,1.30595,1.00,1.00
2016.10.04 11:41:14.642,1.30589,1.30595,1.00,1.00
2016.10.04 11:41:14.846,1.30591,1.30597,1.00,1.87
2016.10.04 11:41:14.898,1.30594,1.30598,1.00,1.50
2016.10.04 11:41:14.949,1.30595,1.30602,1.00,3.75
2016.10.04 11:41:15.000,1.30595,1.30601,1.00,1.00
2016.10.04 11:41:15.052,1.30595,1.30601,1.00,1.50
2016.10.04 11:41:15.620,1.30596,1.30601,1.00,1.50
2016.10.04 11:41:16.834,1.30595,1.30601,1.00,1.50
2016.10.04 11:41:17.038,1.30596,1.30603,1.00,1.12
2016.10.04 11:41:17.089,1.30596,1.30604,1.00,2.25
2016.10.04 11:41:17.140,1.30596,1.30603,1.00,1.87
2016.10.04 11:41:19.517,1.30596,1.30604,1.00,2.25
2016.10.04 11:41:20.231,1.30595,1.30604,1.00,2.25
2016.10.04 11:41:20.560,1.30595,1.30602,1.00,1.00
2016.10.04 11:41:20.611,1.30595,1.30604,1.00,1.87
2016.10.04 11:41:21.538,1.30595,1.30603,1.00,1.87
2016.10.04 11:41:22.632,1.30595,1.30604,1.00,1.87
2016.10.04 11:41:22.683,1.30595,1.30604,1.00,2.25
2016.10.04 11:41:23.036,1.30596,1.30604,1.00,1.87
2016.10.04 11:41:23.089,1.30598,1.30606,1.00,1.87
2016.10.04 11:41:23.141,1.30601,1.30608,1.00,1.50
2016.10.04 11:41:23.244,1.30602,1.30607,1.00,1.12
2016.10.04 11:41:23.346,1.30602,1.30609,1.00,1.00
2016.10.04 11:41:23.550,1.30599,1.30608,1.00,1.12
2016.10.04 11:41:23.720,1.30599,1.30603,1.00,1.12
2016.10.04 11:41:23.771,1.30597,1.30603,1.00,1.12
2016.10.04 11:41:23.822,1.30597,1.30603,1.00,1.12
2016.10.04 11:41:23.975,1.30597,1.30604,1.00,2.62
2016.10.04 11:41:24.229,1.30597,1.30603,1.00,1.12
2016.10.04 11:41:24.933,1.30595,1.30603,1.00,1.12
2016.10.04 11:41:25.463,1.30596,1.30603,1.00,1.12
2016.10.04 11:41:26.075,1.30595,1.30603,1.00,1.12
2016.10.04 11:41:26.708,1.30597,1.30603,1.00,1.12
2016.10.04 11:41:27.867,1.30596,1.30603,1.00,1.12
2016.10.04 11:41:28.257,1.30596,1.30603,1.00,1.50
2016.10.04 11:41:28.908,1.30597,1.30603,1.00,1.12
2016.10.04 11:41:28.959,1.306,1.30606,1.00,2.62
2016.10.04 11:41:29.010,1.306,1.30606,1.00,1.12
2016.10.04 11:41:29.062,1.306,1.30608,1.00,2.25
2016.10.04 11:41:29.113,1.306,1.30608,1.00,1.87
2016.10.04 11:41:29.165,1.306,1.30608,1.00,1.00
2016.10.04 11:41:29.879,1.30601,1.30608,1.00,1.00
2016.10.04 11:41:29.981,1.30601,1.30608,1.00,1.87
2016.10.04 11:41:30.528,1.30602,1.30608,1.00,1.87
2016.10.04 11:41:31.182,1.30602,1.30608,1.00,1.00
2016.10.04 11:41:31.388,1.30602,1.30608,1.00,1.87
2016.10.04 11:41:32.722,1.30602,1.30608,1.00,2.25
2016.10.04 11:41:32.792,1.30599,1.30607,1.00,2.25
2016.10.04 11:41:33.199,1.30598,1.30607,1.00,2.62
2016.10.04 11:41:33.251,1.30598,1.30604,1.00,1.12
2016.10.04 11:41:33.733,1.30598,1.30604,1.00,1.50
2016.10.04 11:41:33.784,1.30598,1.30605,1.00,1.87
2016.10.04 11:41:33.886,1.30598,1.30604,1.00,1.50
2016.10.04 11:41:33.938,1.306,1.30606,1.00,1.50
2016.10.04 11:41:34.247,1.30599,1.30606,1.00,1.87
2016.10.04 11:41:34.770,1.30602,1.30606,1.00,1.50
2016.10.04 11:41:34.873,1.30602,1.30608,1.00,1.12
2016.10.04 11:41:36.603,1.30602,1.30609,1.00,2.25
2016.10.04 11:41:39.042,1.30602,1.30609,1.00,1.37
2016.10.04 11:41:40.264,1.30603,1.30609,1.00,1.37
2016.10.04 11:41:40.367,1.30602,1.30609,1.00,1.00
2016.10.04 11:41:40.418,1.30602,1.3061,1.00,1.50
2016.10.04 11:41:41.069,1.30603,1.3061,1.00,1.50
2016.10.04 11:41:41.579,1.30604,1.3061,1.00,1.50
2016.10.04 11:41:41.630,1.30604,1.30611,1.00,1.87
2016.10.04 11:41:41.682,1.30604,1.30611,1.00,1.50
2016.10.04 11:41:41.733,1.30604,1.30611,1.00,1.12
2016.10.04 11:41:41.835,1.30605,1.30612,1.00,1.12
2016.10.04 11:41:41.886,1.30605,1.30613,1.00,1.50
2016.10.04 11:41:41.937,1.30605,1.30613,1.00,1.12
2016.10.04 11:41:42.383,1.30605,1.30613,1.00,1.00
2016.10.04 11:41:43.329,1.30606,1.30613,1.00,1.00
2016.10.04 11:41:43.839,1.30607,1.30613,1.00,1.00
2016.10.04 11:41:44.729,1.30608,1.30615,1.25,1.37
2016.10.04 11:41:44.891,1.30611,1.30617,1.00,1.00
2016.10.04 11:41:44.942,1.30613,1.3062,1.00,1.12
2016.10.04 11:41:44.993,1.30613,1.30621,1.00,2.25
2016.10.04 11:41:45.044,1.30613,1.30621,1.00,1.87
2016.10.04 11:41:45.206,1.30613,1.30621,1.00,1.50
2016.10.04 11:41:45.899,1.30614,1.3062,1.00,1.50
2016.10.04 11:41:45.950,1.30614,1.30622,1.00,1.87
2016.10.04 11:41:46.460,1.30614,1.30623,1.00,1.87
2016.10.04 11:41:47.023,1.30616,1.30622,1.00,1.87
2016.10.04 11:41:47.074,1.30615,1.30622,1.00,1.50
2016.10.04 11:41:47.126,1.30615,1.30623,1.00,1.50
2016.10.04 11:41:47.228,1.30617,1.30625,1.00,2.25
2016.10.04 11:41:47.331,1.30617,1.30625,1.00,2.62
2016.10.04 11:41:47.382,1.3061,1.30622,1.00,1.87
2016.10.04 11:41:47.434,1.30609,1.30619,1.00,1.00
2016.10.04 11:41:47.601,1.30608,1.30619,1.00,1.75
2016.10.04 11:41:47.652,1.30609,1.30617,1.00,1.12
2016.10.04 11:41:47.755,1.30611,1.30618,1.00,1.12
2016.10.04 11:41:47.806,1.30611,1.30618,1.00,1.12
2016.10.04 11:41:47.858,1.30611,1.30621,1.00,2.25
2016.10.04 11:41:47.909,1.30611,1.30621,1.00,1.87
2016.10.04 11:41:48.330,1.30614,1.30621,1.00,1.87
2016.10.04 11:41:49.678,1.30611,1.30621,1.00,2.25
2016.10.04 11:41:49.729,1.30609,1.30619,1.00,1.87
2016.10.04 11:41:49.780,1.30608,1.30618,1.00,1.75
2016.10.04 11:41:49.831,1.30603,1.30612,2.25,1.00
2016.10.04 11:41:49.961,1.30604,1.3061,1.50,2.25
2016.10.04 11:41:50.013,1.30602,1.30609,1.00,1.87
2016.10.04 11:41:50.065,1.30602,1.30608,1.00,1.50
2016.10.04 11:41:50.117,1.30601,1.30608,1.50,2.25
2016.10.04 11:41:50.170,1.30602,1.30608,1.00,2.25
2016.10.04 11:41:50.221,1.30603,1.30607,1.00,1.00
2016.10.04 11:41:50.272,1.30601,1.30608,1.00,1.12
2016.10.04 11:41:50.375,1.30599,1.30607,1.00,1.37
2016.10.04 11:41:50.477,1.30597,1.30607,1.00,2.25
2016.10.04 11:41:50.608,1.30597,1.30605,1.00,1.50
2016.10.04 11:41:50.660,1.30597,1.30605,1.00,1.87
2016.10.04 11:41:50.864,1.30597,1.30605,1.00,3.00
2016.10.04 11:41:50.988,1.30597,1.30604,1.00,1.12
2016.10.04 11:41:51.320,1.30599,1.30603,1.00,1.00
2016.10.04 11:41:54.369,1.30597,1.30605,1.00,3.00
2016.10.04 11:41:54.570,1.30597,1.30605,1.00,1.87
2016.10.04 11:41:55.627,1.30597,1.30604,1.00,1.12
2016.10.04 11:41:56.042,1.30597,1.30604,1.00,1.75
2016.10.04 11:41:57.849,1.30597,1.30604,1.00,1.12
2016.10.04 11:41:58.879,1.30597,1.30603,1.00,1.12
2016.10.04 11:42:00.159,1.30603,1.30607,1.50,1.12
2016.10.04 11:42:00.211,1.30607,1.30611,1.00,1.50
2016.10.04 11:42:00.262,1.30608,1.30613,1.00,1.50
2016.10.04 11:42:00.314,1.30609,1.30613,1.00,1.12
2016.10.04 11:42:00.477,1.30609,1.30617,1.00,4.31
2016.10.04 11:42:00.536,1.30606,1.30617,1.00,3.56
2016.10.04 11:42:00.588,1.30608,1.30617,1.00,2.06
2016.10.04 11:42:00.639,1.30609,1.30617,1.00,1.31
2016.10.04 11:42:00.690,1.30609,1.30617,1.00,2.81
2016.10.04 11:42:00.741,1.30608,1.30617,1.00,2.44
2016.10.04 11:42:00.793,1.3061,1.30617,1.00,1.25
2016.10.04 11:42:00.844,1.3061,1.30617,1.00,1.50
2016.10.04 11:42:00.895,1.3061,1.30617,1.00,1.12
2016.10.04 11:42:00.946,1.30612,1.3062,1.00,2.25
2016.10.04 11:42:00.997,1.3061,1.3062,1.00,1.50
2016.10.04 11:42:01.049,1.30614,1.30621,1.00,1.00
2016.10.04 11:42:01.100,1.30614,1.30622,1.00,2.62
2016.10.04 11:42:01.237,1.30614,1.30622,1.00,1.12
2016.10.04 11:42:01.441,1.30614,1.30622,1.00,1.50
2016.10.04 11:42:01.543,1.30609,1.3062,1.00,1.12
2016.10.04 11:42:01.595,1.30609,1.30618,1.00,2.25
2016.10.04 11:42:01.646,1.30608,1.30615,1.00,1.12
2016.10.04 11:42:01.697,1.30608,1.30615,1.00,1.87
2016.10.04 11:42:01.749,1.30608,1.30614,1.00,1.50
2016.10.04 11:42:01.800,1.30608,1.30614,1.00,1.12
2016.10.04 11:42:02.326,1.30607,1.30613,1.00,1.12
2016.10.04 11:42:03.413,1.30605,1.30613,1.00,1.12
2016.10.04 11:42:03.464,1.30605,1.30612,1.00,1.00
2016.10.04 11:42:03.515,1.30603,1.30611,1.00,2.25
2016.10.04 11:42:03.566,1.30601,1.30607,1.00,1.00
2016.10.04 11:42:04.103,1.30602,1.30607,1.00,1.00
2016.10.04 11:42:04.349,1.30599,1.30607,1.00,1.00
2016.10.04 11:42:04.400,1.30598,1.30607,1.00,1.37
2016.10.04 11:42:04.452,1.30599,1.30606,1.00,1.00
2016.10.04 11:42:04.503,1.30598,1.30604,1.00,1.87
2016.10.04 11:42:04.721,1.30595,1.30603,1.00,1.50
2016.10.04 11:42:04.825,1.30593,1.30602,1.00,1.00
2016.10.04 11:42:04.876,1.30593,1.30602,1.00,1.37
2016.10.04 11:42:04.928,1.30593,1.30599,1.00,1.12
2016.10.04 11:42:05.493,1.30593,1.306,1.00,1.12
2016.10.04 11:42:05.750,1.30593,1.30601,1.00,2.25
2016.10.04 11:42:06.157,1.30593,1.30599,1.00,1.12
2016.10.04 11:42:06.689,1.30594,1.30599,1.00,1.12
2016.10.04 11:42:08.990,1.30593,1.30599,1.00,1.12
2016.10.04 11:42:09.041,1.30591,1.30599,1.00,1.87
2016.10.04 11:42:09.143,1.30591,1.30599,1.00,1.12
2016.10.04 11:42:09.739,1.30591,1.30599,1.00,1.00
2016.10.04 11:42:10.762,1.30591,1.30599,1.00,1.87
2016.10.04 11:42:10.814,1.30593,1.30599,1.00,1.50
2016.10.04 11:42:10.865,1.30593,1.306,1.00,1.87
2016.10.04 11:42:14.455,1.30593,1.306,1.00,2.25
2016.10.04 11:42:14.558,1.30592,1.30598,1.00,1.00
2016.10.04 11:42:14.866,1.30592,1.30601,1.00,1.12
2016.10.04 11:42:15.195,1.30594,1.30601,1.00,1.12
2016.10.04 11:42:16.201,1.30594,1.30602,1.00,2.62
2016.10.04 11:42:16.354,1.30594,1.30601,1.00,1.50
2016.10.04 11:42:17.101,1.30595,1.30601,1.00,1.50
2016.10.04 11:42:17.254,1.30595,1.30602,1.00,2.62
2016.10.04 11:42:17.559,1.30595,1.30602,1.00,1.87
2016.10.04 11:42:17.934,1.30595,1.30601,1.00,1.50
2016.10.04 11:42:18.189,1.30595,1.30601,1.00,1.87
2016.10.04 11:42:18.394,1.30595,1.30601,1.00,2.25
2016.10.04 11:42:18.546,1.30595,1.30601,1.00,1.12
2016.10.04 11:42:21.767,1.30595,1.30601,1.00,1.75
2016.10.04 11:42:22.132,1.30595,1.30601,1.00,1.12
2016.10.04 11:42:23.430,1.30593,1.30601,1.00,1.12
2016.10.04 11:42:23.532,1.30593,1.30601,1.00,2.25
2016.10.04 11:42:23.929,1.30593,1.30601,1.00,1.12
2016.10.04 11:42:25.356,1.30593,1.306,1.00,1.12
2016.10.04 11:42:26.456,1.30594,1.30598,1.00,1.00
2016.10.04 11:42:26.631,1.30592,1.306,1.00,1.12
2016.10.04 11:42:27.671,1.30591,1.30598,1.00,1.00
2016.10.04 11:42:29.692,1.30585,1.3059,1.12,2.85
2016.10.04 11:42:29.744,1.30583,1.30587,1.00,2.62
2016.10.04 11:42:29.795,1.3058,1.30584,1.87,1.12
2016.10.04 11:42:29.848,1.30575,1.30579,1.50,1.00
2016.10.04 11:42:29.899,1.30571,1.30577,2.25,1.37
2016.10.04 11:42:29.951,1.30572,1.30576,1.00,1.00
2016.10.04 11:42:30.002,1.30572,1.30578,1.00,3.00
2016.10.04 11:42:30.053,1.30572,1.3058,1.00,1.12
2016.10.04 11:42:33.257,1.30572,1.30582,1.00,2.62
2016.10.04 11:42:34.158,1.30572,1.30582,1.00,3.00
2016.10.04 11:42:35.412,1.30574,1.30582,1.00,3.00
2016.10.04 11:42:35.602,1.30574,1.30582,1.00,1.87
2016.10.04 11:42:35.768,1.30574,1.30582,1.00,2.62
2016.10.04 11:42:35.872,1.30574,1.30582,1.00,3.00
2016.10.04 11:42:36.680,1.30573,1.30582,1.00,3.00
2016.10.04 11:42:36.731,1.30571,1.30578,1.00,1.00
2016.10.04 11:42:36.833,1.30571,1.30581,1.00,1.56
2016.10.04 11:42:36.885,1.30571,1.3058,1.00,1.19
2016.10.04 11:42:36.936,1.30571,1.30579,1.00,1.31
2016.10.04 11:42:37.140,1.30571,1.3058,1.00,2.06
2016.10.04 11:42:37.510,1.30571,1.3058,1.00,2.81
2016.10.04 11:42:37.561,1.30571,1.3058,1.00,3.19
2016.10.04 11:42:37.612,1.30572,1.30579,1.00,1.69
2016.10.04 11:42:37.663,1.30572,1.30579,1.00,1.31
2016.10.04 11:42:37.825,1.30572,1.3058,1.00,1.31
2016.10.04 11:42:37.876,1.30572,1.30581,1.00,3.19
2016.10.04 11:42:37.927,1.30572,1.30581,1.00,2.44
2016.10.04 11:42:38.079,1.30572,1.3058,1.00,1.19
2016.10.04 11:42:38.181,1.30572,1.30581,1.00,2.44
2016.10.04 11:42:38.789,1.30572,1.30581,1.00,1.87
2016.10.04 11:42:41.091,1.30571,1.30581,1.00,2.81
2016.10.04 11:42:41.193,1.30566,1.30578,1.87,3.00
2016.10.04 11:42:41.324,1.30566,1.30578,1.87,3.37
2016.10.04 11:42:41.375,1.30566,1.30574,1.00,1.56
2016.10.04 11:42:41.427,1.30566,1.30574,1.00,1.56
2016.10.04 11:42:41.893,1.3057,1.30574,1.00,1.00
2016.10.04 11:42:41.945,1.3057,1.3058,1.00,2.25
2016.10.04 11:42:41.996,1.30572,1.30581,1.00,2.62
2016.10.04 11:42:42.047,1.30571,1.3058,1.00,1.00
2016.10.04 11:42:42.262,1.30571,1.30578,1.00,1.87
2016.10.04 11:42:42.315,1.30564,1.30576,1.37,2.25
2016.10.04 11:42:42.367,1.30566,1.30575,1.00,1.37
2016.10.04 11:42:42.418,1.30566,1.30575,1.00,2.25
2016.10.04 11:42:42.469,1.30563,1.30574,1.12,1.75
2016.10.04 11:42:42.520,1.30563,1.30571,1.12,1.12
2016.10.04 11:42:42.571,1.30562,1.30571,1.87,1.12
2016.10.04 11:42:42.622,1.30562,1.30573,1.00,1.50
2016.10.04 11:42:42.673,1.30562,1.30573,1.00,1.37
2016.10.04 11:42:42.927,1.30564,1.30572,1.00,2.25
2016.10.04 11:42:44.905,1.30563,1.30572,1.00,2.25
2016.10.04 11:42:46.920,1.30563,1.30572,1.00,1.87
2016.10.04 11:42:48.646,1.30563,1.30572,1.00,1.50
2016.10.04 11:42:52.758,1.30567,1.30572,1.00,1.50
2016.10.04 11:42:52.860,1.30571,1.30576,1.00,2.25
2016.10.04 11:42:52.912,1.30571,1.30576,1.00,1.50
2016.10.04 11:42:53.043,1.30573,1.30581,1.00,1.50
2016.10.04 11:42:53.099,1.30573,1.30581,1.00,1.37
2016.10.04 11:42:53.405,1.30572,1.30581,1.00,1.00
2016.10.04 11:42:53.456,1.30574,1.30581,1.00,1.87
2016.10.04 11:42:53.507,1.30574,1.30581,1.00,1.50
2016.10.04 11:42:53.660,1.30573,1.30581,1.00,1.12
2016.10.04 11:42:55.278,1.30575,1.30581,1.00,1.12
2016.10.04 11:42:55.330,1.30575,1.30582,1.00,1.00
2016.10.04 11:42:55.483,1.30577,1.30583,1.00,1.12
2016.10.04 11:42:55.647,1.30577,1.30583,1.00,1.12
2016.10.04 11:42:55.726,1.30577,1.30585,1.00,1.87
2016.10.04 11:42:55.828,1.30576,1.30585,1.00,2.25
2016.10.04 11:42:56.034,1.30579,1.30585,1.00,1.12
2016.10.04 11:42:56.136,1.30583,1.3059,1.00,1.87
2016.10.04 11:42:56.355,1.30583,1.30593,1.00,2.25
2016.10.04 11:42:56.458,1.30584,1.30593,1.00,1.75
2016.10.04 11:42:56.560,1.30584,1.30591,1.00,1.87
2016.10.04 11:42:57.194,1.30584,1.30593,1.00,1.75
2016.10.04 11:42:57.448,1.30584,1.30593,1.00,2.62
2016.10.04 11:42:57.959,1.30584,1.30592,1.00,1.12
2016.10.04 11:42:58.546,1.30583,1.30593,1.00,1.12
2016.10.04 11:42:58.699,1.30583,1.30594,1.00,2.62
2016.10.04 11:42:58.752,1.30583,1.30593,1.00,1.00
2016.10.04 11:42:59.270,1.30583,1.30593,1.00,1.87
2016.10.04 11:42:59.599,1.30589,1.30593,1.00,1.87
2016.10.04 11:42:59.651,1.3059,1.30596,1.00,1.37
2016.10.04 11:42:59.702,1.30591,1.30597,1.00,1.87
2016.10.04 11:42:59.854,1.30591,1.30602,1.00,2.25
2016.10.04 11:42:59.909,1.30591,1.306,1.00,1.00
2016.10.04 11:42:59.960,1.30591,1.30603,1.00,3.37
2016.10.04 11:43:00.232,1.30591,1.30603,1.00,2.62
2016.10.04 11:43:00.748,1.30591,1.30602,1.00,1.75
2016.10.04 11:43:00.800,1.30592,1.30603,1.00,3.37
2016.10.04 11:43:00.851,1.30592,1.30602,1.00,1.87
2016.10.04 11:43:00.953,1.3059,1.30602,1.00,1.87
2016.10.04 11:43:02.750,1.30589,1.30602,1.00,2.62
2016.10.04 11:43:02.852,1.30589,1.30602,1.12,1.75
2016.10.04 11:43:04.739,1.30589,1.30602,1.12,1.50
2016.10.04 11:43:04.791,1.30589,1.30602,1.12,1.12
2016.10.04 11:43:05.173,1.30589,1.30601,1.12,1.00
2016.10.04 11:43:05.327,1.30588,1.30599,1.87,1.00
2016.10.04 11:43:05.378,1.30588,1.30599,1.00,1.00
2016.10.04 11:43:05.723,1.30588,1.30602,1.00,1.87
2016.10.04 11:43:05.774,1.3059,1.30602,1.00,1.50
2016.10.04 11:43:05.927,1.30591,1.30602,1.00,1.00
2016.10.04 11:43:06.079,1.3059,1.30602,1.50,1.00
2016.10.04 11:43:06.131,1.3059,1.30602,2.25,1.00
2016.10.04 11:43:06.182,1.30593,1.30604,1.00,1.00
2016.10.04 11:43:06.387,1.30591,1.30604,1.12,1.00
2016.10.04 11:43:06.523,1.3059,1.30602,2.62,1.00
2016.10.04 11:43:06.574,1.30591,1.30602,1.50,1.00
2016.10.04 11:43:06.625,1.30591,1.30602,1.12,1.00
2016.10.04 11:43:06.676,1.30589,1.30602,1.12,1.00
2016.10.04 11:43:06.778,1.30589,1.30602,1.87,1.00
2016.10.04 11:43:06.829,1.30594,1.30603,1.00,1.87
2016.10.04 11:43:06.931,1.30595,1.30607,1.12,2.62
2016.10.04 11:43:06.982,1.30595,1.30603,1.50,1.00
2016.10.04 11:43:07.164,1.30593,1.30602,1.37,1.00
2016.10.04 11:43:07.215,1.30593,1.30602,1.37,1.00
2016.10.04 11:43:07.266,1.30592,1.30602,1.87,1.00
2016.10.04 11:43:07.320,1.30592,1.30602,1.87,1.00
2016.10.04 11:43:07.574,1.30593,1.30602,1.50,1.00
2016.10.04 11:43:10.779,1.30593,1.30601,1.50,1.00
2016.10.04 11:43:11.333,1.30593,1.30602,1.50,1.00
2016.10.04 11:43:11.823,1.30593,1.30602,1.12,1.00
2016.10.04 11:43:12.349,1.30595,1.30601,1.12,1.00
2016.10.04 11:43:12.452,1.30594,1.30603,1.12,1.00
2016.10.04 11:43:12.504,1.30594,1.30603,1.50,1.00
2016.10.04 11:43:12.656,1.30595,1.30601,1.12,1.00
2016.10.04 11:43:13.184,1.30592,1.30601,2.62,1.00
2016.10.04 11:43:13.241,1.30592,1.30601,1.87,1.00
2016.10.04 11:43:13.343,1.30593,1.30601,1.12,1.00
2016.10.04 11:43:13.965,1.30593,1.30601,1.50,1.00
2016.10.04 11:43:14.016,1.30593,1.30601,1.87,1.00
2016.10.04 11:43:15.984,1.30593,1.30602,1.87,1.00
2016.10.04 11:43:17.188,1.30595,1.30602,1.12,1.00
2016.10.04 11:43:17.239,1.30595,1.30606,1.87,1.00
2016.10.04 11:43:17.291,1.30597,1.30606,1.12,1.00
2016.10.04 11:43:17.342,1.30597,1.30606,1.50,1.00
2016.10.04 11:43:17.393,1.30597,1.30606,1.87,1.00
2016.10.04 11:43:17.817,1.30599,1.30606,1.50,1.00
2016.10.04 11:43:18.553,1.306,1.30606,1.12,1.00
2016.10.04 11:43:19.124,1.30599,1.30606,1.50,1.00
2016.10.04 11:43:20.279,1.30599,1.30608,1.50,1.00
2016.10.04 11:43:20.708,1.30599,1.30608,1.12,1.00
2016.10.04 11:43:22.182,1.30599,1.30606,1.12,1.00
2016.10.04 11:43:22.436,1.30599,1.30608,1.12,1.00
2016.10.04 11:43:23.545,1.30599,1.30609,1.12,1.00
2016.10.04 11:43:24.092,1.306,1.30609,1.12,1.00
2016.10.04 11:43:26.099,1.306,1.30612,1.12,1.00
2016.10.04 11:43:26.151,1.30603,1.30613,1.12,1.00
2016.10.04 11:43:26.254,1.30602,1.30614,1.87,1.00
2016.10.04 11:43:26.305,1.30602,1.30614,2.62,1.00
2016.10.04 11:43:26.357,1.30607,1.30614,1.12,1.00
2016.10.04 11:43:26.866,1.30606,1.30613,1.12,1.00
2016.10.04 11:43:27.410,1.30605,1.30613,1.12,1.00
2016.10.04 11:43:27.684,1.30605,1.30615,1.12,1.00
2016.10.04 11:43:27.837,1.30605,1.30615,1.87,1.00
2016.10.04 11:43:28.240,1.30605,1.30615,1.50,1.00
2016.10.04 11:43:28.812,1.30605,1.30614,1.50,1.00
2016.10.04 11:43:29.450,1.30605,1.30616,2.25,1.00
2016.10.04 11:43:29.502,1.30605,1.30616,1.87,1.00
2016.10.04 11:43:29.554,1.30607,1.30616,1.50,1.00
2016.10.04 11:43:29.606,1.30607,1.30616,1.37,1.00
2016.10.04 11:43:29.657,1.30606,1.30617,1.87,1.00
2016.10.04 11:43:29.709,1.30606,1.30617,3.00,1.00
2016.10.04 11:43:29.760,1.3061,1.30619,1.50,1.00
2016.10.04 11:43:29.812,1.3061,1.3062,2.25,1.00
2016.10.04 11:43:29.971,1.30611,1.30621,1.50,1.00
2016.10.04 11:43:30.023,1.30611,1.30621,2.25,1.00
2016.10.04 11:43:30.836,1.30611,1.30622,2.25,1.00
2016.10.04 11:43:31.812,1.30611,1.30622,2.62,1.00
2016.10.04 11:43:33.576,1.30614,1.30622,1.12,1.00
2016.10.04 11:43:34.617,1.30614,1.30621,1.12,1.00
2016.10.04 11:43:34.771,1.30614,1.30623,1.12,1.00
2016.10.04 11:43:37.388,1.30614,1.30623,1.50,1.00
2016.10.04 11:43:43.747,1.30616,1.30623,1.12,1.00
2016.10.04 11:43:44.748,1.30617,1.30623,1.12,1.00
2016.10.04 11:43:45.641,1.30616,1.30625,1.12,1.00
2016.10.04 11:43:45.743,1.30617,1.30627,1.12,1.00
2016.10.04 11:43:45.795,1.30617,1.30627,2.25,1.00
2016.10.04 11:43:45.846,1.30621,1.30627,1.12,1.00
2016.10.04 11:43:46.063,1.30621,1.30627,1.50,1.00
2016.10.04 11:43:46.267,1.30621,1.30629,1.50,1.00
2016.10.04 11:43:46.981,1.3062,1.30629,1.87,1.00
2016.10.04 11:43:47.288,1.3062,1.30629,1.87,1.00
2016.10.04 11:43:47.966,1.30621,1.30629,1.12,1.00
2016.10.04 11:43:49.064,1.3062,1.30629,1.12,1.00
2016.10.04 11:43:49.226,1.3062,1.30632,1.12,1.00
2016.10.04 11:43:49.277,1.30623,1.30632,1.12,1.00
2016.10.04 11:43:49.481,1.30625,1.30633,1.50,1.00
2016.10.04 11:43:50.010,1.30625,1.30634,1.50,1.00
2016.10.04 11:43:50.366,1.30625,1.30634,1.50,1.00
2016.10.04 11:43:50.468,1.30626,1.30634,1.00,1.00
2016.10.04 11:43:50.570,1.30626,1.30634,1.87,1.00
2016.10.04 11:43:51.271,1.30627,1.30636,1.12,1.00
2016.10.04 11:43:51.373,1.30628,1.30638,2.25,1.00
2016.10.04 11:43:51.475,1.30628,1.30638,2.62,1.00
2016.10.04 11:43:51.789,1.30629,1.30638,1.50,1.00
2016.10.04 11:43:52.841,1.30629,1.30639,1.50,1.00
2016.10.04 11:43:52.893,1.3063,1.30639,1.00,1.00
2016.10.04 11:43:53.480,1.3063,1.30638,1.00,1.00
2016.10.04 11:43:53.582,1.30628,1.30636,1.87,1.00
2016.10.04 11:43:53.802,1.30626,1.30636,1.00,1.00
2016.10.04 11:43:53.854,1.30625,1.30636,3.37,1.00
2016.10.04 11:43:53.905,1.30627,1.30636,1.75,1.00
2016.10.04 11:43:54.160,1.30627,1.30637,1.50,1.00
2016.10.04 11:43:54.211,1.30626,1.30637,1.75,1.00
2016.10.04 11:43:54.263,1.30626,1.30637,2.62,1.00
2016.10.04 11:43:54.699,1.30627,1.30637,1.50,1.00
2016.10.04 11:43:54.801,1.30626,1.30637,2.62,1.00
2016.10.04 11:43:55.328,1.30626,1.30637,2.62,1.00
2016.10.04 11:43:55.379,1.30626,1.30637,1.87,1.00
2016.10.04 11:43:56.061,1.30626,1.30637,2.62,1.00
2016.10.04 11:43:56.419,1.30626,1.30637,2.62,1.00
2016.10.04 11:43:56.470,1.30626,1.30637,2.25,1.00
2016.10.04 11:43:56.667,1.30626,1.30637,1.50,1.00
2016.10.04 11:43:57.078,1.30626,1.30631,1.87,1.00
2016.10.04 11:43:57.182,1.30623,1.3063,2.62,1.00
2016.10.04 11:43:57.233,1.30621,1.3063,4.35,1.00
2016.10.04 11:43:57.404,1.30621,1.3063,2.85,1.00
2016.10.04 11:43:57.455,1.30619,1.3063,2.62,1.00
2016.10.04 11:43:57.558,1.3062,1.3063,1.87,1.00
2016.10.04 11:43:57.713,1.3062,1.30631,2.62,1.00
2016.10.04 11:43:57.765,1.30623,1.30632,1.12,1.00
2016.10.04 11:43:57.817,1.30625,1.30634,1.00,1.12
2016.10.04 11:43:57.869,1.30625,1.30633,1.12,1.00
2016.10.04 11:43:58.141,1.30627,1.30634,1.00,1.00
2016.10.04 11:43:58.659,1.30626,1.30634,1.00,1.00
2016.10.04 11:43:59.094,1.30625,1.30633,2.62,1.00
2016.10.04 11:43:59.501,1.30625,1.30633,1.87,1.00
2016.10.04 11:43:59.875,1.30625,1.30632,1.50,1.00
2016.10.04 11:43:59.927,1.30623,1.30631,1.87,1.00
2016.10.04 11:44:00.132,1.30623,1.30631,1.87,1.00
2016.10.04 11:44:00.354,1.30627,1.30633,1.00,1.50
2016.10.04 11:44:00.406,1.30627,1.30633,1.00,1.00
2016.10.04 11:44:00.613,1.30626,1.30634,1.50,1.00
2016.10.04 11:44:00.716,1.30626,1.30635,1.75,1.00
2016.10.04 11:44:01.204,1.30625,1.30636,2.62,1.00
2016.10.04 11:44:01.693,1.30626,1.30636,1.75,1.00
2016.10.04 11:44:01.744,1.30626,1.30638,1.75,1.12
2016.10.04 11:44:01.795,1.30628,1.30639,1.12,1.00
2016.10.04 11:44:01.846,1.30628,1.30639,3.00,1.00
2016.10.04 11:44:01.898,1.3063,1.3064,1.50,1.00
2016.10.04 11:44:01.949,1.3063,1.3064,2.62,1.00
2016.10.04 11:44:02.001,1.30631,1.3064,1.00,1.00
2016.10.04 11:44:02.204,1.3063,1.3064,1.87,1.00
2016.10.04 11:44:02.358,1.3063,1.30641,2.62,1.00
2016.10.04 11:44:02.602,1.30631,1.30642,1.37,1.50
2016.10.04 11:44:02.807,1.30631,1.30642,1.50,1.50
2016.10.04 11:44:02.859,1.30631,1.30642,2.62,1.50
2016.10.04 11:44:03.400,1.30631,1.30642,2.25,1.50
2016.10.04 11:44:03.776,1.30631,1.30642,2.62,1.50
2016.10.04 11:44:04.183,1.30631,1.30642,2.62,1.00
2016.10.04 11:44:05.530,1.30631,1.30642,1.50,1.00
2016.10.04 11:44:07.200,1.30632,1.30643,1.00,1.00
2016.10.04 11:44:07.251,1.30636,1.30645,1.00,1.00
2016.10.04 11:44:07.302,1.30638,1.3065,1.37,1.87
2016.10.04 11:44:07.369,1.30638,1.30651,1.75,1.12
2016.10.04 11:44:07.420,1.30641,1.30652,2.62,3.00
2016.10.04 11:44:07.523,1.30641,1.30652,2.62,2.25
2016.10.04 11:44:07.830,1.30642,1.30652,1.50,2.25
2016.10.04 11:44:08.251,1.30642,1.30652,1.12,2.25
2016.10.04 11:44:08.607,1.30641,1.30652,1.12,1.87
2016.10.04 11:44:08.760,1.30641,1.30652,1.50,1.87
2016.10.04 11:44:09.352,1.30643,1.30647,1.00,1.00
2016.10.04 11:44:09.956,1.30641,1.30652,1.75,3.00
2016.10.04 11:44:10.058,1.30641,1.30651,1.75,1.75
2016.10.04 11:44:10.211,1.3064,1.30651,2.62,1.75
2016.10.04 11:44:10.331,1.3064,1.3065,1.87,1.50
2016.10.04 11:44:10.385,1.30637,1.30646,3.75,1.00
2016.10.04 11:44:10.437,1.30635,1.30646,1.75,1.00
2016.10.04 11:44:10.488,1.30635,1.30645,1.75,1.00
2016.10.04 11:44:10.540,1.30635,1.30645,2.25,1.00
2016.10.04 11:44:10.592,1.30635,1.30645,1.50,1.00
2016.10.04 11:44:10.884,1.30634,1.30646,1.50,1.75
2016.10.04 11:44:10.935,1.30635,1.30643,1.50,1.00
2016.10.04 11:44:11.243,1.30634,1.30643,1.12,1.00
2016.10.04 11:44:11.550,1.30635,1.30644,1.12,1.12
2016.10.04 11:44:11.757,1.30635,1.30644,1.50,1.12
2016.10.04 11:44:12.739,1.30634,1.30644,1.50,1.12
2016.10.04 11:44:12.945,1.30634,1.30644,1.87,1.12
2016.10.04 11:44:13.428,1.30634,1.30644,1.50,1.12
2016.10.04 11:44:14.168,1.30632,1.30642,1.87,1.00
2016.10.04 11:44:14.219,1.30632,1.30642,1.87,1.50
2016.10.04 11:44:14.270,1.30632,1.30642,1.87,1.50
2016.10.04 11:44:14.423,1.30632,1.30642,1.50,1.50
2016.10.04 11:44:14.590,1.30632,1.30642,1.12,1.50
2016.10.04 11:44:14.947,1.30633,1.30642,1.87,1.50
2016.10.04 11:44:15.049,1.30633,1.30642,1.75,1.50
2016.10.04 11:44:15.905,1.30633,1.30642,1.75,1.00
2016.10.04 11:44:16.524,1.30632,1.30643,1.75,1.00
2016.10.04 11:44:16.576,1.30632,1.30641,2.62,1.00
2016.10.04 11:44:16.628,1.30632,1.30643,1.50,1.00
2016.10.04 11:44:16.680,1.30634,1.30643,1.12,1.00
2016.10.04 11:44:16.833,1.30634,1.30642,2.25,1.00
2016.10.04 11:44:16.885,1.30634,1.30642,2.62,1.00
2016.10.04 11:44:16.936,1.30635,1.30642,1.50,1.00
2016.10.04 11:44:16.987,1.30635,1.30645,1.87,1.00
2016.10.04 11:44:17.039,1.30636,1.30648,1.00,2.62
2016.10.04 11:44:17.090,1.30635,1.30648,2.25,2.62
2016.10.04 11:44:17.244,1.30636,1.3064,1.00,1.00
2016.10.04 11:44:17.377,1.30633,1.3064,1.12,1.00
2016.10.04 11:44:17.633,1.30628,1.30637,1.50,1.00
2016.10.04 11:44:17.887,1.30628,1.30637,1.12,1.00
2016.10.04 11:44:18.041,1.30631,1.30637,1.00,1.00
2016.10.04 11:44:18.232,1.30631,1.30637,1.37,1.00
2016.10.04 11:44:18.283,1.30632,1.30643,1.00,1.00
2016.10.04 11:44:18.334,1.30632,1.30644,1.00,1.00
2016.10.04 11:44:18.436,1.30632,1.30645,1.00,1.50
2016.10.04 11:44:18.538,1.30631,1.30645,2.25,1.50
2016.10.04 11:44:18.589,1.30632,1.30643,1.12,1.00
2016.10.04 11:44:19.120,1.30631,1.30643,1.37,1.12
2016.10.04 11:44:19.172,1.30631,1.30642,1.12,1.00
2016.10.04 11:44:19.223,1.30629,1.30643,3.37,1.12
2016.10.04 11:44:19.274,1.30629,1.30643,3.37,1.12
2016.10.04 11:44:19.636,1.30631,1.30642,1.50,1.00
2016.10.04 11:44:19.757,1.30631,1.30642,1.87,1.00
2016.10.04 11:44:19.979,1.30633,1.30642,1.00,1.00
2016.10.04 11:44:20.030,1.30631,1.30642,2.62,1.00
2016.10.04 11:44:21.059,1.3063,1.30641,2.62,1.00
2016.10.04 11:44:21.110,1.3063,1.30642,1.87,1.00
2016.10.04 11:44:21.162,1.3063,1.30638,2.62,1.00
2016.10.04 11:44:21.655,1.3063,1.30638,1.75,1.00
2016.10.04 11:44:21.859,1.30632,1.30638,1.00,1.00
2016.10.04 11:44:21.910,1.30629,1.30638,2.62,1.00
2016.10.04 11:44:22.073,1.30629,1.30638,3.37,1.00
2016.10.04 11:44:22.225,1.3063,1.30638,1.50,1.00
2016.10.04 11:44:22.276,1.30631,1.30638,1.50,1.00
2016.10.04 11:44:23.448,1.30631,1.30643,1.87,2.62
2016.10.04 11:44:23.499,1.30631,1.30643,2.62,2.62
2016.10.04 11:44:23.551,1.30632,1.30643,1.12,2.25
2016.10.04 11:44:23.603,1.30632,1.30643,1.12,1.87
2016.10.04 11:44:24.858,1.30632,1.30643,1.12,1.87
2016.10.04 11:44:24.959,1.30632,1.30643,2.25,1.87
2016.10.04 11:44:25.011,1.30632,1.30643,2.62,1.87
2016.10.04 11:44:25.240,1.30632,1.30643,1.75,1.87
2016.10.04 11:44:25.554,1.30631,1.30643,3.00,1.87
2016.10.04 11:44:25.605,1.30632,1.30643,1.00,1.87
2016.10.04 11:44:25.849,1.30632,1.30642,1.00,1.00
2016.10.04 11:44:25.951,1.30632,1.30642,1.50,1.00
2016.10.04 11:44:26.070,1.30631,1.30642,1.37,1.00
2016.10.04 11:44:26.477,1.30631,1.30642,1.50,1.00
2016.10.04 11:44:26.643,1.30634,1.30642,1.87,1.00
2016.10.04 11:44:26.694,1.30634,1.30642,3.00,1.00
2016.10.04 11:44:26.746,1.30634,1.30642,3.37,1.00
2016.10.04 11:44:26.797,1.30635,1.30642,1.00,1.00
2016.10.04 11:44:26.951,1.30635,1.30645,1.00,1.00
2016.10.04 11:44:27.003,1.30634,1.30647,2.62,1.00
2016.10.04 11:44:27.104,1.30634,1.30645,2.62,1.00
2016.10.04 11:44:27.281,1.30633,1.30644,2.25,1.00
2016.10.04 11:44:27.383,1.30633,1.30644,1.12,1.00
2016.10.04 11:44:27.435,1.30633,1.30644,1.00,1.00
2016.10.04 11:44:27.994,1.30632,1.30644,1.00,1.00
2016.10.04 11:44:29.538,1.30632,1.30643,1.00,1.00
2016.10.04 11:44:30.040,1.30632,1.30644,1.00,1.00
2016.10.04 11:44:30.142,1.30631,1.30644,1.87,1.00
2016.10.04 11:44:30.193,1.30631,1.30643,1.12,1.00
2016.10.04 11:44:30.296,1.3063,1.3064,1.12,1.00
2016.10.04 11:44:30.348,1.30628,1.3064,1.50,1.00
2016.10.04 11:44:30.399,1.30628,1.3064,1.50,1.00
2016.10.04 11:44:30.605,1.30628,1.30639,1.12,1.00
2016.10.04 11:44:30.791,1.30628,1.3064,2.62,1.00
2016.10.04 11:44:31.053,1.30628,1.3064,1.50,1.00
2016.10.04 11:44:31.156,1.30628,1.3064,2.62,1.00
2016.10.04 11:44:34.257,1.30628,1.30637,2.62,1.00
2016.10.04 11:44:34.309,1.30629,1.30637,1.00,1.00
2016.10.04 11:44:35.555,1.30629,1.3064,1.00,1.00
2016.10.04 11:44:36.631,1.30628,1.30641,1.50,1.00
2016.10.04 11:44:36.682,1.30628,1.30642,2.62,1.00
2016.10.04 11:44:36.886,1.30628,1.30642,2.62,1.50
2016.10.04 11:44:38.807,1.3063,1.30641,1.00,1.00
2016.10.04 11:44:40.096,1.3063,1.30641,1.50,1.00
2016.10.04 11:44:40.271,1.3063,1.30643,1.00,1.87
2016.10.04 11:44:41.003,1.30629,1.30642,1.12,1.12
2016.10.04 11:44:41.148,1.30629,1.30642,1.12,1.87
2016.10.04 11:44:41.199,1.30629,1.30642,1.12,2.25
2016.10.04 11:44:41.556,1.30629,1.30642,1.12,1.50
2016.10.04 11:44:42.088,1.30629,1.30642,1.00,1.50
2016.10.04 11:44:42.258,1.30629,1.30642,1.00,1.12
2016.10.04 11:44:42.309,1.30629,1.30642,1.00,1.00
2016.10.04 11:44:42.564,1.3063,1.30642,1.12,1.00
2016.10.04 11:44:42.665,1.3063,1.30643,2.25,1.00
2016.10.04 11:44:42.716,1.3063,1.30644,2.25,1.37
2016.10.04 11:44:42.767,1.3063,1.30644,1.87,1.37
2016.10.04 11:44:43.001,1.3063,1.30643,1.87,1.12
2016.10.04 11:44:43.161,1.3063,1.30642,1.00,1.00
2016.10.04 11:44:43.265,1.3063,1.30642,1.00,1.50
2016.10.04 11:44:43.316,1.3063,1.30641,1.00,1.00
2016.10.04 11:44:44.034,1.3063,1.30642,1.00,1.50
2016.10.04 11:44:44.087,1.3063,1.30642,1.00,1.00
2016.10.04 11:44:44.138,1.30629,1.30642,2.25,1.00
2016.10.04 11:44:44.866,1.30634,1.30642,1.00,1.00
2016.10.04 11:44:44.917,1.30638,1.30642,1.00,1.00
2016.10.04 11:44:45.070,1.30638,1.30646,1.00,1.87
2016.10.04 11:44:45.172,1.30638,1.30645,1.00,1.50
2016.10.04 11:44:45.605,1.30638,1.30643,1.00,1.00
2016.10.04 11:44:45.758,1.30638,1.30645,1.00,1.50
2016.10.04 11:44:45.962,1.30638,1.30642,1.00,1.00
2016.10.04 11:44:47.250,1.30639,1.30643,1.00,1.00
2016.10.04 11:44:47.764,1.30638,1.30642,1.00,1.00
2016.10.04 11:44:48.501,1.30638,1.30648,1.00,4.50
2016.10.04 11:44:49.479,1.30638,1.30648,1.00,4.12
2016.10.04 11:44:50.109,1.30638,1.30648,1.00,3.00
2016.10.04 11:44:51.436,1.30638,1.30646,1.00,1.00
2016.10.04 11:44:51.729,1.30638,1.30648,1.00,3.00
2016.10.04 11:44:51.831,1.30638,1.30648,1.00,1.50
2016.10.04 11:44:52.805,1.30639,1.30648,1.00,1.50
2016.10.04 11:44:54.609,1.30639,1.30643,1.00,1.00
2016.10.04 11:44:54.710,1.30639,1.30647,1.00,1.12
2016.10.04 11:44:55.087,1.30639,1.30648,1.00,1.37
2016.10.04 11:44:57.185,1.30644,1.30652,1.00,1.87
2016.10.04 11:44:57.236,1.30644,1.30651,1.00,2.25
2016.10.04 11:44:57.288,1.30642,1.30647,1.00,1.00
2016.10.04 11:44:57.694,1.30642,1.30647,1.00,1.00
2016.10.04 11:44:57.955,1.30642,1.30647,1.00,1.00
2016.10.04 11:44:58.267,1.30642,1.30647,1.00,1.00
2016.10.04 11:44:59.282,1.30642,1.30647,1.00,1.00
2016.10.04 11:44:59.333,1.30641,1.30647,1.00,1.12
2016.10.04 11:44:59.385,1.30638,1.30647,1.50,1.12
2016.10.04 11:44:59.436,1.30641,1.30647,1.00,1.00
2016.10.04 11:44:59.718,1.30645,1.30654,1.00,1.37
2016.10.04 11:44:59.769,1.30652,1.30658,1.00,1.00
2016.10.04 11:44:59.820,1.30652,1.30662,1.00,1.12
2016.10.04 11:44:59.922,1.30652,1.30663,1.00,1.50
2016.10.04 11:45:00.433,1.30653,1.30663,1.00,1.50
2016.10.04 11:45:02.186,1.30653,1.30664,1.00,1.87
2016.10.04 11:45:02.237,1.30653,1.30664,1.00,1.50
2016.10.04 11:45:02.289,1.30653,1.30664,1.00,1.12
2016.10.04 11:45:02.340,1.30653,1.30664,1.00,1.00
2016.10.04 11:45:02.600,1.30654,1.30665,1.00,2.25
2016.10.04 11:45:02.702,1.30654,1.30665,1.00,2.62
2016.10.04 11:45:02.804,1.30654,1.30664,1.00,1.50
2016.10.04 11:45:02.855,1.30654,1.30664,1.00,1.87
2016.10.04 11:45:02.906,1.30654,1.30663,1.00,1.50
2016.10.04 11:45:04.410,1.30656,1.30666,1.00,3.00
2016.10.04 11:45:04.462,1.30658,1.30666,1.00,1.87
2016.10.04 11:45:04.514,1.30658,1.30667,1.00,1.37
2016.10.04 11:45:04.566,1.30659,1.30667,1.00,1.00
2016.10.04 11:45:04.618,1.30659,1.30669,1.00,2.25
2016.10.04 11:45:04.998,1.30659,1.30668,1.00,1.00
2016.10.04 11:45:05.305,1.30661,1.30665,1.00,1.00
2016.10.04 11:45:05.408,1.3066,1.30667,1.00,1.00
2016.10.04 11:45:05.550,1.3066,1.30672,1.00,4.50
2016.10.04 11:45:05.858,1.3066,1.30672,1.00,3.75
2016.10.04 11:45:05.917,1.3066,1.30672,1.00,3.75
2016.10.04 11:45:05.968,1.3066,1.30672,1.00,4.87
2016.10.04 11:45:06.020,1.3066,1.30672,1.00,4.12
2016.10.04 11:45:06.172,1.3066,1.30672,1.00,3.00
2016.10.04 11:45:06.388,1.3066,1.30672,1.00,3.00
2016.10.04 11:45:06.593,1.3066,1.30672,1.00,3.00
2016.10.04 11:45:06.696,1.3066,1.30672,1.00,3.00
2016.10.04 11:45:06.798,1.3066,1.30672,1.00,3.00
2016.10.04 11:45:06.951,1.3066,1.30671,1.00,1.00
2016.10.04 11:45:07.002,1.3066,1.30672,1.00,1.37
2016.10.04 11:45:07.104,1.3066,1.30667,1.00,1.00
2016.10.04 11:45:07.635,1.3066,1.30673,1.00,5.25
2016.10.04 11:45:08.909,1.30662,1.30672,1.00,1.37
2016.10.04 11:45:08.960,1.30664,1.30672,1.00,1.87
2016.10.04 11:45:09.012,1.30664,1.30672,1.00,1.12
2016.10.04 11:45:09.064,1.30668,1.30676,1.00,1.87
2016.10.04 11:45:09.116,1.30669,1.30676,1.00,1.50
2016.10.04 11:45:09.285,1.30669,1.30676,1.00,1.12
2016.10.04 11:45:09.642,1.30669,1.30677,1.00,2.25
2016.10.04 11:45:10.756,1.30669,1.30677,1.00,1.87
2016.10.04 11:45:10.858,1.3067,1.30677,1.00,1.00
2016.10.04 11:45:11.025,1.30668,1.30677,1.00,1.00
2016.10.04 11:45:11.076,1.30668,1.30677,1.00,1.87
2016.10.04 11:45:11.830,1.3067,1.30677,1.00,1.00
2016.10.04 11:45:11.881,1.30672,1.30677,1.00,1.00
2016.10.04 11:45:12.045,1.30671,1.30682,1.00,2.25
2016.10.04 11:45:12.148,1.30673,1.30682,1.00,1.12
2016.10.04 11:45:12.250,1.30673,1.30683,1.00,2.25
2016.10.04 11:45:12.453,1.30674,1.30682,1.00,1.12
2016.10.04 11:45:12.555,1.30674,1.30683,1.00,1.00
2016.10.04 11:45:12.998,1.30678,1.30683,1.00,1.00
2016.10.04 11:45:13.050,1.30678,1.30687,1.00,1.87
2016.10.04 11:45:13.508,1.30678,1.30687,1.00,1.87
2016.10.04 11:45:13.559,1.3068,1.30687,1.00,1.12
2016.10.04 11:45:13.737,1.30681,1.3069,1.00,1.87
2016.10.04 11:45:13.790,1.30681,1.30687,1.00,1.00
2016.10.04 11:45:13.842,1.30681,1.30688,1.00,1.12
2016.10.04 11:45:13.945,1.30681,1.30688,1.00,1.00
2016.10.04 11:45:14.252,1.30681,1.30688,1.00,1.12
2016.10.04 11:45:15.931,1.3068,1.30688,1.00,1.50
2016.10.04 11:45:16.033,1.30673,1.30682,2.62,1.00
2016.10.04 11:45:16.136,1.30675,1.30682,1.00,1.00
2016.10.04 11:45:16.645,1.30676,1.30682,1.00,1.00
2016.10.04 11:45:17.099,1.30671,1.30682,1.00,1.50
2016.10.04 11:45:17.150,1.3067,1.3068,1.87,1.00
2016.10.04 11:45:17.252,1.3067,1.30676,1.00,1.00
2016.10.04 11:45:17.303,1.30667,1.30676,3.00,1.00
2016.10.04 11:45:17.354,1.30667,1.30676,2.25,1.00
2016.10.04 11:45:17.405,1.30667,1.30673,1.87,1.00
2016.10.04 11:45:17.456,1.30665,1.30674,1.37,1.00
2016.10.04 11:45:17.507,1.30665,1.30671,1.00,1.00
2016.10.04 11:45:17.558,1.30662,1.30671,1.12,1.00
2016.10.04 11:45:17.609,1.30661,1.30669,2.25,1.00
2016.10.04 11:45:17.660,1.30659,1.30669,3.00,1.00
2016.10.04 11:45:17.845,1.30661,1.30669,1.25,1.00
2016.10.04 11:45:18.354,1.30661,1.30669,1.00,1.00
2016.10.04 11:45:18.659,1.30661,1.30669,1.25,1.00
2016.10.04 11:45:19.139,1.30662,1.30671,1.50,1.00
2016.10.04 11:45:20.247,1.30662,1.30669,1.12,1.00
2016.10.04 11:45:20.642,1.30662,1.30669,1.50,1.00
2016.10.04 11:45:21.051,1.30665,1.30672,1.50,1.00
2016.10.04 11:45:21.102,1.30665,1.30673,2.25,1.00
2016.10.04 11:45:21.153,1.30668,1.30674,1.12,1.00
2016.10.04 11:45:21.307,1.30668,1.30676,1.12,1.00
2016.10.04 11:45:21.749,1.30668,1.30675,1.50,1.00
2016.10.04 11:45:24.015,1.30668,1.30674,1.50,1.00
2016.10.04 11:45:24.168,1.30665,1.30674,1.87,1.00
2016.10.04 11:45:24.569,1.30665,1.30674,1.50,1.00
2016.10.04 11:45:24.620,1.30665,1.30672,1.12,1.00
2016.10.04 11:45:24.671,1.30664,1.30672,1.50,1.00
2016.10.04 11:45:24.976,1.30662,1.3067,1.12,1.00
2016.10.04 11:45:25.078,1.30662,1.30668,1.12,1.00
2016.10.04 11:45:25.180,1.30659,1.30668,1.87,1.00
2016.10.04 11:45:25.282,1.3066,1.30668,1.50,1.00
2016.10.04 11:45:25.848,1.30658,1.30668,1.75,1.00
2016.10.04 11:45:25.904,1.30657,1.30668,1.87,1.00
2016.10.04 11:45:25.955,1.30658,1.30668,1.87,1.00
2016.10.04 11:45:26.007,1.30658,1.30667,1.50,1.00
2016.10.04 11:45:26.059,1.30657,1.30667,1.87,1.00
2016.10.04 11:45:26.235,1.30657,1.30666,1.50,1.00
2016.10.04 11:45:26.286,1.30652,1.30661,1.87,1.00
2016.10.04 11:45:26.388,1.30652,1.30663,1.00,1.00
2016.10.04 11:45:26.439,1.30651,1.30662,2.25,1.00
2016.10.04 11:45:26.490,1.30654,1.30662,1.50,1.00
2016.10.04 11:45:26.541,1.30654,1.30661,1.87,1.00
2016.10.04 11:45:26.593,1.30655,1.30661,1.50,1.00
2016.10.04 11:45:26.644,1.30655,1.30663,1.50,1.00
2016.10.04 11:45:26.695,1.30654,1.30664,1.87,1.00
2016.10.04 11:45:26.746,1.30654,1.30663,2.25,1.00
2016.10.04 11:45:26.797,1.30654,1.30663,3.00,1.00
2016.10.04 11:45:26.848,1.30655,1.30663,1.12,1.00
2016.10.04 11:45:28.377,1.30655,1.30662,1.87,1.00
2016.10.04 11:45:28.493,1.30655,1.30662,1.50,1.00
2016.10.04 11:45:30.582,1.30656,1.30665,1.50,1.00
2016.10.04 11:45:30.684,1.30656,1.30665,1.87,1.00
2016.10.04 11:45:30.786,1.30656,1.30668,2.25,1.00
2016.10.04 11:45:30.837,1.30656,1.30666,1.87,1.00
2016.10.04 11:45:30.888,1.30657,1.30666,1.12,1.00
2016.10.04 11:45:30.957,1.30656,1.30666,1.12,1.00
2016.10.04 11:45:31.008,1.30656,1.30667,2.25,1.00
2016.10.04 11:45:31.061,1.3066,1.30667,1.12,1.00
2016.10.04 11:45:31.212,1.3066,1.30667,1.50,1.00
2016.10.04 11:45:31.318,1.3066,1.30668,2.25,1.00
2016.10.04 11:45:31.371,1.3066,1.3067,2.25,1.00
2016.10.04 11:45:31.422,1.30661,1.3067,1.00,1.00
2016.10.04 11:45:31.575,1.30661,1.30668,1.00,1.00
2016.10.04 11:45:32.125,1.30661,1.30669,1.00,1.00
2016.10.04 11:45:33.414,1.3066,1.30669,1.50,1.00
2016.10.04 11:45:33.668,1.30659,1.30669,1.87,1.00
2016.10.04 11:45:33.770,1.30661,1.30669,1.50,1.00
2016.10.04 11:45:34.227,1.30661,1.30669,1.87,1.00
2016.10.04 11:45:34.691,1.30662,1.30666,1.12,1.00
2016.10.04 11:45:34.793,1.30659,1.30666,1.50,1.00
2016.10.04 11:45:34.895,1.3066,1.30666,1.12,1.00
2016.10.04 11:45:35.403,1.30657,1.30665,1.87,1.00
2016.10.04 11:45:35.505,1.30657,1.30666,1.50,1.00
2016.10.04 11:45:35.718,1.30656,1.30665,1.87,1.00
2016.10.04 11:45:36.576,1.30659,1.30665,1.12,1.00
2016.10.04 11:45:36.627,1.30659,1.30667,1.12,1.00
2016.10.04 11:45:36.807,1.30659,1.30668,1.50,1.00
2016.10.04 11:45:36.909,1.30659,1.30669,1.50,1.00
2016.10.04 11:45:37.215,1.30659,1.30668,1.50,1.00
2016.10.04 11:45:38.191,1.30659,1.30667,1.50,1.00
2016.10.04 11:45:38.293,1.30659,1.30667,1.12,1.00
2016.10.04 11:45:40.718,1.30659,1.30667,1.87,1.00
2016.10.04 11:45:42.189,1.30659,1.30667,1.00,1.00
2016.10.04 11:45:42.575,1.30659,1.30667,1.87,1.00
2016.10.04 11:45:42.626,1.30659,1.30667,1.87,1.00
2016.10.04 11:45:42.677,1.30661,1.30667,1.50,1.00
2016.10.04 11:45:43.592,1.3066,1.30668,1.87,1.00
2016.10.04 11:45:44.098,1.3066,1.30667,1.87,1.00
2016.10.04 11:45:45.639,1.3066,1.30669,1.87,1.00
2016.10.04 11:45:45.690,1.30663,1.3067,1.12,1.00
2016.10.04 11:45:46.069,1.30663,1.30668,1.12,1.00
2016.10.04 11:45:46.374,1.30665,1.30669,1.12,1.00
2016.10.04 11:45:47.255,1.30663,1.30667,1.12,1.00
2016.10.04 11:45:47.783,1.30662,1.30666,1.12,1.00
2016.10.04 11:45:47.885,1.30661,1.30665,1.50,1.00
2016.10.04 11:45:47.987,1.30662,1.30666,1.12,1.00
2016.10.04 11:45:48.191,1.30659,1.30663,1.50,1.00
2016.10.04 11:45:48.456,1.3066,1.30665,1.50,1.00
2016.10.04 11:45:48.560,1.3066,1.30668,1.50,1.00
2016.10.04 11:45:48.611,1.3066,1.30667,1.12,1.00
2016.10.04 11:45:48.713,1.3066,1.30665,1.12,1.00
2016.10.04 11:45:48.917,1.30656,1.30664,1.87,1.00
2016.10.04 11:45:48.968,1.30657,1.30664,1.50,1.00
2016.10.04 11:45:49.818,1.30657,1.30662,1.50,1.00
2016.10.04 11:45:50.481,1.30657,1.30663,1.50,1.00
2016.10.04 11:45:51.505,1.30657,1.30666,1.50,1.00
2016.10.04 11:45:51.607,1.30658,1.30663,1.50,1.00
2016.10.04 11:45:51.658,1.30658,1.30665,2.25,1.00
2016.10.04 11:45:51.709,1.30659,1.30665,1.50,1.00
2016.10.04 11:45:51.810,1.30658,1.30665,2.25,1.00
2016.10.04 11:45:52.025,1.30659,1.30665,1.50,1.00
2016.10.04 11:45:52.330,1.30659,1.30663,1.50,1.00
2016.10.04 11:45:53.429,1.30658,1.30663,1.37,1.00
2016.10.04 11:45:53.531,1.30657,1.30662,1.50,1.00
2016.10.04 11:45:53.684,1.30657,1.30663,1.87,1.00
2016.10.04 11:45:53.785,1.30656,1.30663,1.12,1.00
2016.10.04 11:45:54.244,1.30655,1.30663,1.75,1.00
2016.10.04 11:45:56.424,1.30657,1.30661,1.00,1.00
2016.10.04 11:45:56.475,1.30655,1.30662,1.75,1.50
2016.10.04 11:45:56.618,1.30654,1.30661,1.37,1.00
2016.10.04 11:45:56.669,1.30649,1.30654,1.87,1.00
2016.10.04 11:45:56.720,1.30648,1.30654,2.62,1.00
2016.10.04 11:45:56.771,1.30648,1.30654,1.87,1.00
2016.10.04 11:45:56.924,1.30649,1.30654,1.50,1.00
2016.10.04 11:45:57.247,1.30649,1.30658,1.87,1.00
2016.10.04 11:45:57.298,1.3065,1.30658,1.87,1.00
2016.10.04 11:45:57.349,1.3065,1.30659,3.00,1.00
2016.10.04 11:45:57.401,1.30652,1.30659,1.12,1.00
2016.10.04 11:45:57.452,1.30654,1.30658,1.00,1.00
2016.10.04 11:45:57.931,1.30652,1.30659,1.12,1.00
2016.10.04 11:45:59.503,1.30649,1.30658,1.75,1.00
2016.10.04 11:45:59.554,1.30649,1.30658,1.12,1.00
2016.10.04 11:45:59.605,1.30649,1.30655,1.00,1.00
2016.10.04 11:45:59.810,1.30647,1.30652,1.12,1.00
2016.10.04 11:46:00.029,1.30648,1.30652,1.00,1.00
2016.10.04 11:46:00.081,1.30645,1.30652,2.62,1.00
2016.10.04 11:46:00.184,1.30645,1.30652,1.75,1.00
2016.10.04 11:46:00.235,1.30645,1.30652,1.12,1.00
2016.10.04 11:46:01.559,1.30647,1.30651,1.00,1.00
2016.10.04 11:46:01.610,1.30644,1.30649,1.37,1.00
2016.10.04 11:46:01.712,1.30643,1.30649,1.50,1.00
2016.10.04 11:46:01.814,1.30643,1.30649,1.00,1.00
2016.10.04 11:46:02.008,1.30643,1.30649,1.87,1.00
2016.10.04 11:46:02.524,1.30643,1.3065,1.87,1.00
2016.10.04 11:46:03.682,1.30643,1.3065,1.00,1.00
2016.10.04 11:46:04.610,1.30643,1.30648,1.00,1.00
2016.10.04 11:46:05.161,1.30643,1.30649,1.00,1.00
2016.10.04 11:46:06.015,1.30643,1.30652,1.00,1.00
2016.10.04 11:46:06.066,1.30643,1.30649,1.00,1.00
2016.10.04 11:46:06.117,1.30643,1.30652,1.00,1.00
2016.10.04 11:46:06.763,1.30642,1.30652,1.87,1.00
2016.10.04 11:46:06.814,1.30641,1.30652,1.12,1.00
2016.10.04 11:46:06.867,1.3064,1.30652,1.87,1.00
2016.10.04 11:46:07.864,1.3064,1.30652,1.87,1.00
2016.10.04 11:46:08.069,1.30644,1.30654,1.00,1.00
2016.10.04 11:46:08.120,1.30646,1.30657,1.00,1.50
2016.10.04 11:46:08.324,1.30646,1.30657,1.00,1.12
2016.10.04 11:46:09.988,1.30646,1.30657,1.00,1.00
2016.10.04 11:46:12.972,1.3065,1.30659,1.00,1.50
2016.10.04 11:46:13.074,1.3065,1.30662,1.00,3.37
2016.10.04 11:46:13.126,1.30647,1.30658,1.87,1.00
2016.10.04 11:46:13.177,1.30649,1.3066,1.00,1.00
2016.10.04 11:46:13.228,1.30649,1.3066,1.00,1.87
2016.10.04 11:46:13.331,1.30649,1.30658,1.00,1.12
2016.10.04 11:46:13.484,1.30647,1.30658,1.12,1.12
2016.10.04 11:46:13.535,1.30647,1.30658,1.00,1.12
2016.10.04 11:46:14.095,1.30646,1.30658,1.00,1.12
2016.10.04 11:46:14.146,1.30646,1.3066,1.87,2.25
2016.10.04 11:46:14.197,1.30647,1.30659,1.00,1.12
2016.10.04 11:46:14.248,1.30649,1.3066,1.00,1.50
2016.10.04 11:46:14.372,1.30649,1.3066,1.00,1.00
2016.10.04 11:46:15.440,1.3065,1.30661,1.00,2.25
2016.10.04 11:46:15.697,1.3065,1.30661,1.00,2.44
2016.10.04 11:46:15.800,1.3065,1.30661,1.00,2.25
2016.10.04 11:46:16.166,1.3065,1.30661,1.00,1.12
2016.10.04 11:46:17.091,1.30648,1.30662,1.00,2.62
2016.10.04 11:46:19.702,1.30649,1.30662,1.00,1.87
2016.10.04 11:46:19.753,1.3065,1.30662,1.00,1.37
2016.10.04 11:46:19.919,1.30653,1.30664,1.00,1.50
2016.10.04 11:46:19.970,1.30652,1.30664,1.00,1.00
2016.10.04 11:46:20.073,1.30652,1.30666,1.00,2.25
2016.10.04 11:46:20.578,1.30653,1.30666,1.00,2.25
2016.10.04 11:46:21.776,1.30653,1.30665,1.00,1.00
2016.10.04 11:46:22.373,1.30654,1.30665,1.00,1.00
2016.10.04 11:46:22.882,1.30653,1.30664,1.00,1.00
2016.10.04 11:46:23.609,1.30651,1.30665,1.00,1.00
2016.10.04 11:46:24.393,1.30654,1.30666,1.00,1.87
2016.10.04 11:46:24.444,1.30656,1.30666,1.00,1.87
2016.10.04 11:46:24.546,1.30656,1.30666,1.00,1.87
2016.10.04 11:46:25.029,1.30654,1.30666,1.00,1.87
2016.10.04 11:46:25.081,1.30656,1.30666,1.00,1.50
2016.10.04 11:46:25.133,1.30657,1.30666,1.00,1.50
2016.10.04 11:46:25.504,1.30657,1.30666,1.00,1.12
2016.10.04 11:46:26.039,1.30656,1.30665,1.00,1.12
2016.10.04 11:46:28.859,1.30657,1.30665,1.00,1.12
2016.10.04 11:46:29.011,1.30659,1.30665,1.00,1.12
2016.10.04 11:46:29.211,1.30659,1.30669,1.00,1.00
2016.10.04 11:46:29.262,1.30659,1.3067,1.00,1.37
2016.10.04 11:46:29.364,1.30659,1.30671,1.00,1.50
2016.10.04 11:46:30.238,1.30659,1.3067,1.00,1.12
2016.10.04 11:46:30.582,1.30662,1.3067,1.00,1.12
2016.10.04 11:46:30.787,1.3066,1.3067,1.00,1.12
2016.10.04 11:46:32.958,1.30661,1.3067,1.00,1.12
2016.10.04 11:46:39.223,1.30663,1.3067,1.00,1.12
2016.10.04 11:46:40.109,1.3066,1.30669,1.00,1.00
2016.10.04 11:46:40.160,1.30658,1.30669,1.00,1.00
2016.10.04 11:46:42.058,1.30658,1.30669,1.00,1.87
2016.10.04 11:46:42.109,1.30655,1.30667,1.00,1.00
2016.10.04 11:46:42.273,1.30653,1.30662,1.00,1.12
2016.10.04 11:46:43.192,1.30651,1.30662,1.00,1.12
2016.10.04 11:46:43.295,1.30654,1.30662,1.00,1.12
2016.10.04 11:46:43.346,1.30656,1.30663,1.00,1.50
2016.10.04 11:46:43.398,1.30658,1.30663,1.00,1.12
2016.10.04 11:46:43.449,1.30662,1.30667,1.00,1.50
2016.10.04 11:46:43.500,1.30664,1.30668,1.00,1.87
2016.10.04 11:46:43.552,1.30666,1.30673,1.00,3.56
2016.10.04 11:46:43.603,1.30667,1.30673,1.00,2.06
2016.10.04 11:46:43.655,1.30668,1.30677,1.00,3.37
2016.10.04 11:46:43.706,1.3067,1.30677,1.00,3.00
2016.10.04 11:46:43.757,1.3067,1.30677,1.00,1.75
2016.10.04 11:46:43.966,1.3067,1.30678,1.00,1.87
2016.10.04 11:46:44.444,1.30671,1.30678,1.00,1.12
2016.10.04 11:46:44.546,1.30671,1.30679,1.00,1.00
2016.10.04 11:46:45.493,1.30671,1.3068,1.00,2.44
2016.10.04 11:46:48.032,1.30671,1.30677,1.00,1.00
2016.10.04 11:46:48.775,1.30673,1.30683,1.00,1.00
2016.10.04 11:46:48.826,1.30677,1.30683,1.00,1.00
2016.10.04 11:46:50.169,1.30675,1.30683,1.00,1.00
2016.10.04 11:46:50.220,1.30673,1.30683,1.00,1.50
2016.10.04 11:46:50.271,1.30673,1.30682,1.00,2.25
2016.10.04 11:46:50.322,1.30674,1.30682,1.00,3.37
2016.10.04 11:46:51.319,1.30674,1.30682,1.00,2.62
2016.10.04 11:46:51.472,1.30674,1.30681,1.00,1.50
2016.10.04 11:46:51.753,1.30674,1.30681,1.00,1.12
2016.10.04 11:46:52.269,1.30673,1.30681,1.00,1.12
2016.10.04 11:46:53.776,1.30673,1.30682,1.00,1.87
2016.10.04 11:46:53.878,1.30675,1.30684,1.00,1.87
2016.10.04 11:46:54.033,1.30675,1.30685,1.00,1.50
2016.10.04 11:46:54.085,1.3068,1.30688,1.00,1.12
2016.10.04 11:46:54.136,1.30681,1.30688,1.00,1.00
2016.10.04 11:46:54.238,1.3068,1.30691,1.00,2.81
2016.10.04 11:46:54.442,1.3068,1.30688,1.00,1.00
2016.10.04 11:46:54.883,1.30682,1.30688,1.00,1.00
2016.10.04 11:46:55.392,1.30682,1.30687,1.00,1.00
2016.10.04 11:46:57.625,1.30677,1.30687,1.00,1.00
2016.10.04 11:46:57.677,1.30679,1.30683,1.00,1.00
2016.10.04 11:46:57.832,1.30676,1.30682,1.00,1.00
2016.10.04 11:46:57.884,1.30676,1.30687,1.00,1.12
2016.10.04 11:46:57.937,1.30677,1.30687,1.12,1.12
2016.10.04 11:46:57.989,1.30677,1.3069,3.19,1.87
2016.10.04 11:46:58.041,1.3068,1.3069,1.87,1.12
2016.10.04 11:46:58.092,1.30681,1.30694,1.50,3.00
2016.10.04 11:46:58.241,1.30682,1.30694,1.00,1.00
2016.10.04 11:46:58.294,1.30683,1.30694,1.12,1.00
2016.10.04 11:46:58.345,1.30683,1.30694,2.25,1.00
2016.10.04 11:46:58.396,1.30684,1.30694,1.12,1.00
2016.10.04 11:46:58.704,1.30684,1.30695,1.87,1.00
2016.10.04 11:46:58.755,1.30684,1.30697,1.12,1.50
2016.10.04 11:46:58.808,1.30685,1.30696,1.00,1.00
2016.10.04 11:46:58.859,1.30686,1.30697,1.00,1.50
2016.10.04 11:46:59.182,1.30685,1.30697,1.00,1.00
2016.10.04 11:46:59.759,1.30686,1.30697,1.00,1.00
2016.10.04 11:47:01.916,1.30686,1.30697,1.50,1.00
2016.10.04 11:47:01.968,1.30691,1.30698,1.12,1.12
2016.10.04 11:47:02.019,1.30695,1.30699,1.00,1.12
2016.10.04 11:47:02.071,1.30699,1.30703,1.00,1.87
2016.10.04 11:47:02.122,1.30699,1.30703,1.00,1.12
2016.10.04 11:47:02.174,1.30699,1.30713,1.00,5.06
2016.10.04 11:47:02.225,1.30699,1.30713,1.00,1.87
2016.10.04 11:47:02.276,1.30701,1.30712,1.00,1.12
2016.10.04 11:47:02.328,1.30701,1.30712,1.00,1.12
2016.10.04 11:47:02.573,1.30707,1.30712,1.00,1.12
2016.10.04 11:47:02.878,1.30708,1.30715,1.00,1.12
2016.10.04 11:47:03.051,1.30708,1.30716,1.00,2.62
2016.10.04 11:47:03.102,1.30708,1.30715,1.00,1.00
2016.10.04 11:47:03.976,1.30707,1.30715,1.00,1.00
2016.10.04 11:47:04.181,1.30702,1.30715,1.00,1.50
2016.10.04 11:47:04.232,1.30702,1.30714,1.00,1.00
2016.10.04 11:47:04.335,1.30701,1.30715,1.00,2.25
2016.10.04 11:47:04.387,1.30701,1.30715,1.87,1.12
2016.10.04 11:47:04.440,1.30701,1.30715,1.87,1.50
2016.10.04 11:47:04.667,1.30702,1.30713,1.00,1.00
2016.10.04 11:47:05.458,1.30702,1.30715,1.00,1.50
2016.10.04 11:47:05.509,1.30702,1.30715,1.00,1.12
2016.10.04 11:47:05.560,1.30703,1.30715,1.00,1.00
2016.10.04 11:47:07.071,1.30701,1.30715,1.00,1.00
2016.10.04 11:47:07.536,1.30707,1.30716,1.00,1.12
2016.10.04 11:47:07.739,1.30709,1.30716,1.00,1.12
2016.10.04 11:47:08.097,1.30709,1.30718,1.00,2.44
2016.10.04 11:47:08.149,1.30709,1.30718,1.00,3.00
2016.10.04 11:47:08.200,1.30709,1.30716,1.00,1.50
2016.10.04 11:47:08.744,1.30708,1.30716,1.00,1.12
2016.10.04 11:47:08.795,1.3071,1.30717,1.00,1.12
2016.10.04 11:47:08.948,1.30708,1.30717,1.00,1.12
2016.10.04 11:47:09.592,1.3071,1.3072,1.00,2.44
2016.10.04 11:47:10.499,1.3071,1.30719,1.00,1.50
2016.10.04 11:47:11.089,1.3071,1.3072,1.00,1.87
2016.10.04 11:47:11.166,1.30712,1.3072,1.00,1.12
2016.10.04 11:47:11.778,1.30713,1.3072,1.00,1.12
2016.10.04 11:47:11.830,1.30709,1.30717,1.00,1.00
2016.10.04 11:47:11.881,1.30711,1.30717,1.00,1.00
2016.10.04 11:47:11.984,1.30709,1.30717,1.00,1.00
2016.10.04 11:47:12.036,1.30712,1.30717,1.00,1.00
2016.10.04 11:47:12.595,1.30711,1.30717,1.00,1.00
2016.10.04 11:47:12.900,1.30708,1.30713,1.00,1.00
2016.10.04 11:47:13.105,1.30709,1.30717,1.00,1.12
2016.10.04 11:47:13.292,1.30706,1.30717,1.00,1.12
2016.10.04 11:47:13.394,1.30707,1.30716,1.00,1.12
2016.10.04 11:47:13.547,1.30705,1.30716,1.00,1.12
2016.10.04 11:47:13.599,1.307,1.3071,1.50,1.00
2016.10.04 11:47:13.650,1.30699,1.3071,1.87,1.00
2016.10.04 11:47:13.701,1.30697,1.30707,1.87,1.00
2016.10.04 11:47:13.753,1.307,1.30707,1.00,1.00
2016.10.04 11:47:13.804,1.30699,1.30712,1.00,2.62
2016.10.04 11:47:13.856,1.30701,1.30712,1.00,2.62
2016.10.04 11:47:14.025,1.30699,1.3071,1.00,1.12
2016.10.04 11:47:14.076,1.30699,1.30708,1.00,1.00
2016.10.04 11:47:14.382,1.30696,1.30707,1.00,1.87
2016.10.04 11:47:14.484,1.30693,1.30705,1.00,1.12
2016.10.04 11:47:14.719,1.30694,1.30706,1.87,1.12
2016.10.04 11:47:14.821,1.30695,1.30704,1.00,1.12
2016.10.04 11:47:14.873,1.30695,1.30705,1.00,1.37
2016.10.04 11:47:14.975,1.30696,1.30704,1.00,1.87
2016.10.04 11:47:15.078,1.30695,1.30706,1.00,1.87
2016.10.04 11:47:15.181,1.30696,1.30707,1.00,2.62
2016.10.04 11:47:15.233,1.30696,1.30707,1.00,2.25
2016.10.04 11:47:15.284,1.30696,1.30705,1.00,1.00
2016.10.04 11:47:15.513,1.30696,1.30702,1.00,1.00
2016.10.04 11:47:15.668,1.30693,1.30702,1.00,1.00
2016.10.04 11:47:15.719,1.30693,1.30705,1.00,1.87
2016.10.04 11:47:15.771,1.30693,1.30704,1.00,1.00
2016.10.04 11:47:15.823,1.30693,1.30705,1.00,1.87
2016.10.04 11:47:15.875,1.30691,1.30704,1.00,1.12
2016.10.04 11:47:15.931,1.30689,1.30701,1.00,1.00
2016.10.04 11:47:15.982,1.30687,1.30701,2.25,1.00
2016.10.04 11:47:16.033,1.30687,1.30699,2.25,1.00
2016.10.04 11:47:16.135,1.30688,1.30702,1.00,2.62
2016.10.04 11:47:16.304,1.30689,1.30702,1.00,1.50
2016.10.04 11:47:16.406,1.30689,1.30702,1.00,1.12
2016.10.04 11:47:16.820,1.30689,1.30702,1.00,1.87
2016.10.04 11:47:16.871,1.3069,1.30702,1.00,1.12
2016.10.04 11:47:16.922,1.3069,1.30703,1.00,3.00
2016.10.04 11:47:17.379,1.30689,1.30703,1.00,2.62
2016.10.04 11:47:17.553,1.30688,1.30702,1.00,1.00
2016.10.04 11:47:17.604,1.30685,1.30695,2.25,1.00
2016.10.04 11:47:17.706,1.30681,1.30694,1.87,1.50
2016.10.04 11:47:17.757,1.30681,1.30694,1.50,1.87
2016.10.04 11:47:17.809,1.3068,1.30691,2.25,1.50
2016.10.04 11:47:17.860,1.3068,1.30691,1.87,2.25
2016.10.04 11:47:17.911,1.3068,1.30691,1.87,2.62
2016.10.04 11:47:17.963,1.30678,1.3069,1.00,1.00
2016.10.04 11:47:18.014,1.30676,1.3069,2.62,1.50
2016.10.04 11:47:18.199,1.30676,1.30688,1.37,1.12
2016.10.04 11:47:18.301,1.30676,1.30688,1.37,1.87
2016.10.04 11:47:18.352,1.30676,1.30688,1.37,1.12
2016.10.04 11:47:18.455,1.30677,1.30688,1.12,1.12
2016.10.04 11:47:18.508,1.30677,1.30689,1.12,1.00
2016.10.04 11:47:18.559,1.30677,1.30691,1.12,2.62
2016.10.04 11:47:18.661,1.30679,1.3069,1.00,1.12
2016.10.04 11:47:18.712,1.30678,1.30691,1.00,1.87
2016.10.04 11:47:18.926,1.30678,1.30691,1.00,1.50
2016.10.04 11:47:19.030,1.30678,1.30691,1.00,1.37
2016.10.04 11:47:19.234,1.30681,1.30692,1.00,1.87
2016.10.04 11:47:19.286,1.3068,1.30692,1.00,2.62
2016.10.04 11:47:19.489,1.3068,1.30692,1.00,1.87
2016.10.04 11:47:19.607,1.3068,1.30692,1.00,1.12
2016.10.04 11:47:19.876,1.3068,1.30692,1.00,1.87
2016.10.04 11:47:21.289,1.3068,1.30692,1.00,1.12
2016.10.04 11:47:22.245,1.30676,1.30683,1.12,1.00
2016.10.04 11:47:22.296,1.30675,1.30684,1.12,1.00
2016.10.04 11:47:22.347,1.30672,1.30684,2.25,1.00
2016.10.04 11:47:22.399,1.30672,1.30683,1.12,1.00
2016.10.04 11:47:22.502,1.3067,1.30681,1.37,1.00
2016.10.04 11:47:22.604,1.30671,1.30681,1.00,1.00
2016.10.04 11:47:22.706,1.3067,1.30679,1.12,1.00
2016.10.04 11:47:22.911,1.30669,1.30678,1.00,1.00
2016.10.04 11:47:23.383,1.30668,1.30677,1.37,1.00
2016.10.04 11:47:23.434,1.30668,1.30677,1.87,1.00
2016.10.04 11:47:23.701,1.30667,1.30677,2.25,1.00
2016.10.04 11:47:23.804,1.30667,1.30677,3.75,1.00
2016.10.04 11:47:23.907,1.30668,1.30677,2.25,1.00
2016.10.04 11:47:24.010,1.3067,1.30677,1.00,1.00
2016.10.04 11:47:24.113,1.30671,1.30677,1.50,1.00
2016.10.04 11:47:24.216,1.3067,1.30677,2.25,1.00
2016.10.04 11:47:24.422,1.30668,1.30675,1.50,1.00
2016.10.04 11:47:24.560,1.30668,1.30675,1.12,1.00
2016.10.04 11:47:24.611,1.30667,1.30677,2.25,1.00
2016.10.04 11:47:24.662,1.30667,1.30677,2.62,1.00
2016.10.04 11:47:24.714,1.30669,1.30677,1.00,1.00
2016.10.04 11:47:24.815,1.30668,1.30678,1.87,1.00
2016.10.04 11:47:25.019,1.30668,1.30678,1.50,1.00
2016.10.04 11:47:25.121,1.30669,1.30678,1.12,1.00
2016.10.04 11:47:25.662,1.30669,1.30679,1.12,1.00
2016.10.04 11:47:26.123,1.30673,1.30684,1.00,1.50
2016.10.04 11:47:26.294,1.30676,1.30685,1.00,1.87
2016.10.04 11:47:26.550,1.30679,1.30687,1.00,1.12
2016.10.04 11:47:26.653,1.30684,1.30692,1.00,1.87
2016.10.04 11:47:26.806,1.30686,1.30692,1.00,1.50
2016.10.04 11:47:27.073,1.30686,1.30692,1.00,2.62
2016.10.04 11:47:27.125,1.30685,1.30692,1.00,1.87
2016.10.04 11:47:27.176,1.30687,1.30692,1.00,1.50
2016.10.04 11:47:27.227,1.30687,1.30694,1.00,1.12
2016.10.04 11:47:27.278,1.30687,1.30695,1.12,2.25
2016.10.04 11:47:27.330,1.3069,1.30697,1.00,1.12
2016.10.04 11:47:27.381,1.3069,1.30699,1.00,1.12
2016.10.04 11:47:27.432,1.3069,1.30697,1.00,1.12
2016.10.04 11:47:27.954,1.3069,1.30698,1.00,1.12
2016.10.04 11:47:28.584,1.30692,1.307,1.00,1.87
2016.10.04 11:47:28.741,1.30691,1.30699,1.00,1.50
2016.10.04 11:47:29.855,1.30692,1.30699,1.00,1.50
2016.10.04 11:47:29.906,1.30689,1.30699,1.00,1.50
2016.10.04 11:47:29.957,1.30686,1.30695,3.00,1.00
2016.10.04 11:47:30.009,1.30686,1.30695,1.12,1.00
2016.10.04 11:47:30.061,1.30681,1.30693,1.00,1.12
2016.10.04 11:47:30.113,1.30681,1.30693,1.00,2.25
2016.10.04 11:47:30.165,1.30681,1.30691,1.00,1.12
2016.10.04 11:47:30.378,1.30679,1.30691,1.00,1.12
2016.10.04 11:47:30.429,1.30679,1.30689,1.00,1.12
2016.10.04 11:47:30.735,1.30675,1.30689,1.00,2.62
2016.10.04 11:47:30.787,1.30675,1.30688,1.00,1.00
2016.10.04 11:47:30.838,1.30675,1.30688,1.00,1.12
2016.10.04 11:47:30.940,1.30676,1.30686,1.00,1.37
2016.10.04 11:47:31.058,1.30676,1.30688,1.00,2.25
2016.10.04 11:47:31.111,1.30677,1.30688,1.00,1.50
2016.10.04 11:47:31.214,1.30677,1.30688,1.00,1.37
2016.10.04 11:47:31.265,1.30677,1.30688,1.00,1.12
2016.10.04 11:47:31.316,1.30675,1.30688,1.00,1.50
2016.10.04 11:47:31.470,1.30675,1.30686,1.00,1.12
2016.10.04 11:47:31.775,1.30677,1.30686,1.00,1.12
2016.10.04 11:47:32.178,1.30676,1.30686,1.00,1.12
2016.10.04 11:47:32.331,1.30675,1.30686,1.00,1.37
2016.10.04 11:47:35.536,1.30675,1.30687,1.00,1.87
2016.10.04 11:47:36.324,1.30675,1.30686,1.00,1.12
2016.10.04 11:47:37.192,1.30676,1.30686,1.00,1.12
2016.10.04 11:47:38.064,1.30676,1.30686,1.00,1.12
2016.10.04 11:47:38.434,1.30677,1.30688,1.00,1.50
2016.10.04 11:47:38.536,1.30678,1.30688,1.00,1.37
2016.10.04 11:47:38.638,1.30679,1.30691,1.00,1.12
2016.10.04 11:47:38.810,1.30679,1.30691,1.00,1.12
2016.10.04 11:47:38.888,1.30679,1.30691,1.00,1.87
2016.10.04 11:47:39.507,1.30679,1.30691,1.00,1.12
2016.10.04 11:47:39.558,1.30679,1.30691,1.00,1.12
2016.10.04 11:47:39.710,1.3068,1.30691,1.00,1.87
2016.10.04 11:47:40.486,1.30679,1.30691,1.00,1.87
2016.10.04 11:47:40.537,1.30677,1.30688,1.12,1.12
2016.10.04 11:47:40.690,1.30674,1.30684,1.12,1.00
2016.10.04 11:47:40.741,1.30672,1.30683,1.87,1.00
2016.10.04 11:47:40.793,1.30673,1.30684,1.50,1.87
2016.10.04 11:47:40.844,1.30672,1.30683,1.00,1.87
2016.10.04 11:47:41.072,1.30672,1.30683,1.12,1.00
2016.10.04 11:47:41.745,1.30672,1.30683,1.00,1.87
2016.10.04 11:47:42.156,1.30671,1.30683,1.00,2.62
2016.10.04 11:47:44.500,1.30671,1.30683,1.12,2.62
2016.10.04 11:47:44.551,1.3067,1.3068,1.37,1.12
2016.10.04 11:47:44.602,1.3067,1.3068,1.00,1.87
2016.10.04 11:47:44.761,1.3067,1.3068,1.00,2.62
2016.10.04 11:47:44.813,1.30668,1.30678,1.50,1.12
2016.10.04 11:47:44.864,1.30667,1.30678,1.87,1.12
2016.10.04 11:47:44.966,1.30667,1.30678,2.06,1.12
2016.10.04 11:47:45.068,1.30667,1.30678,1.87,1.12
2016.10.04 11:47:45.120,1.30667,1.30678,1.50,1.12
2016.10.04 11:47:45.221,1.30667,1.30678,1.12,1.12
2016.10.04 11:47:45.272,1.30667,1.30678,1.31,1.12
2016.10.04 11:47:45.613,1.30667,1.3068,1.12,2.62
2016.10.04 11:47:45.868,1.30667,1.3068,1.31,2.62
2016.10.04 11:47:46.049,1.30667,1.3068,1.12,2.62
2016.10.04 11:47:48.230,1.30667,1.3068,1.12,1.50
2016.10.04 11:47:48.282,1.30667,1.3068,1.31,1.12
2016.10.04 11:47:48.333,1.30667,1.3068,1.62,1.12
2016.10.04 11:47:48.390,1.30668,1.3068,1.00,1.12
2016.10.04 11:47:49.760,1.30668,1.3068,1.37,1.12
2016.10.04 11:47:50.323,1.30672,1.3068,1.12,1.12
2016.10.04 11:47:50.374,1.30677,1.30684,1.28,1.87
2016.10.04 11:47:50.425,1.30677,1.30685,1.28,2.25
2016.10.04 11:47:50.598,1.30678,1.30688,3.46,1.00
2016.10.04 11:47:50.653,1.30678,1.3069,3.46,1.50
2016.10.04 11:47:50.756,1.30679,1.3069,1.28,1.50
2016.10.04 11:47:51.067,1.30678,1.3069,4.21,1.50
2016.10.04 11:47:51.264,1.30679,1.3069,1.28,1.12
2016.10.04 11:47:51.468,1.3068,1.3069,1.28,1.12
2016.10.04 11:47:51.621,1.30681,1.3069,1.28,1.12
2016.10.04 11:47:51.672,1.30683,1.30694,1.28,1.50
2016.10.04 11:47:51.774,1.30683,1.30695,1.28,1.00
2016.10.04 11:47:51.925,1.30682,1.30693,2.15,1.50
2016.10.04 11:47:51.976,1.30682,1.30692,1.28,1.00
2016.10.04 11:47:52.027,1.30682,1.30692,1.78,1.00
2016.10.04 11:47:52.181,1.30682,1.30692,4.21,1.00
2016.10.04 11:47:52.334,1.30684,1.30693,1.28,1.50
2016.10.04 11:47:52.386,1.30684,1.30695,1.28,2.62
2016.10.04 11:47:52.437,1.30684,1.30695,1.28,1.50
2016.10.04 11:47:52.488,1.30685,1.30696,1.28,1.12
2016.10.04 11:47:52.872,1.30686,1.30698,1.28,1.00
2016.10.04 11:47:52.974,1.30686,1.30697,1.28,1.12
2016.10.04 11:47:53.629,1.30686,1.30697,1.03,1.12
2016.10.04 11:47:53.986,1.30686,1.30697,1.28,1.12
2016.10.04 11:47:54.442,1.30686,1.30697,1.78,1.12
2016.10.04 11:47:54.612,1.30686,1.307,1.78,2.62
2016.10.04 11:47:54.663,1.30688,1.30699,3.46,1.87
2016.10.04 11:47:54.874,1.30688,1.30699,1.19,1.00
2016.10.04 11:47:55.894,1.30687,1.30701,3.37,3.37
2016.10.04 11:47:56.007,1.30689,1.30701,1.19,3.37
2016.10.04 11:47:56.211,1.30689,1.30701,1.19,2.62
2016.10.04 11:47:56.597,1.30689,1.30701,1.19,1.50
2016.10.04 11:47:56.853,1.30689,1.30701,1.19,2.62
2016.10.04 11:47:57.183,1.30688,1.30701,3.37,1.50
2016.10.04 11:47:57.285,1.30688,1.30701,4.12,1.00
2016.10.04 11:47:57.571,1.30688,1.30701,2.62,1.50
2016.10.04 11:47:57.680,1.30688,1.30701,2.62,1.50
2016.10.04 11:47:57.731,1.30688,1.30701,3.37,1.50
2016.10.04 11:47:58.037,1.30688,1.30701,2.62,1.50
2016.10.04 11:47:58.088,1.30688,1.30701,4.50,1.12
2016.10.04 11:47:58.141,1.30689,1.30703,1.19,3.00
2016.10.04 11:47:58.244,1.30689,1.30703,1.69,3.00
2016.10.04 11:47:58.418,1.30689,1.30703,2.06,1.75
2016.10.04 11:47:58.470,1.3069,1.30702,1.12,1.12
2016.10.04 11:47:58.524,1.3069,1.307,1.12,1.00
2016.10.04 11:47:58.575,1.30689,1.30697,1.00,1.00
2016.10.04 11:47:58.677,1.30685,1.30694,2.06,1.37
2016.10.04 11:47:58.729,1.30685,1.30693,1.31,1.12
2016.10.04 11:47:58.781,1.30682,1.30693,3.37,1.12
2016.10.04 11:47:58.832,1.30682,1.30693,2.62,1.12
2016.10.04 11:47:58.884,1.30682,1.30694,3.37,1.37
2016.10.04 11:47:59.054,1.30682,1.30694,4.12,1.37
2016.10.04 11:47:59.207,1.30683,1.30695,1.19,3.00
2016.10.04 11:47:59.258,1.30685,1.30695,1.19,1.00
2016.10.04 11:47:59.309,1.30685,1.30696,1.19,1.50
2016.10.04 11:47:59.411,1.30685,1.30696,1.19,1.12
2016.10.04 11:48:00.270,1.30686,1.30697,1.19,1.50
2016.10.04 11:48:00.435,1.30686,1.30697,1.19,1.12
2016.10.04 11:48:00.538,1.30686,1.30697,1.19,1.00
2016.10.04 11:48:03.584,1.30686,1.30698,1.19,3.37
2016.10.04 11:48:03.695,1.30686,1.30698,1.19,2.25
2016.10.04 11:48:03.769,1.30686,1.30698,1.19,1.50
2016.10.04 11:48:03.820,1.30686,1.30698,1.19,2.25
2016.10.04 11:48:03.871,1.30686,1.30698,3.37,2.25
2016.10.04 11:48:04.121,1.30686,1.30698,2.62,1.00
2016.10.04 11:48:04.172,1.30688,1.30699,1.19,1.87
2016.10.04 11:48:04.274,1.30688,1.307,1.19,1.50
2016.10.04 11:48:04.412,1.30688,1.307,1.19,1.12
2016.10.04 11:48:04.974,1.30688,1.307,1.69,1.12
2016.10.04 11:48:05.076,1.30689,1.307,1.19,1.12
2016.10.04 11:48:05.809,1.30688,1.30701,1.19,1.50
2016.10.04 11:48:05.859,1.30688,1.30701,1.69,1.50
2016.10.04 11:48:06.174,1.30688,1.30701,4.12,1.50
2016.10.04 11:48:06.562,1.30688,1.30701,3.37,1.50
2016.10.04 11:48:06.868,1.30688,1.30702,4.12,3.37
2016.10.04 11:48:08.206,1.30689,1.30702,2.62,3.37
2016.10.04 11:48:08.257,1.30689,1.30702,3.37,3.37
2016.10.04 11:48:08.309,1.30689,1.30702,3.37,3.00
2016.10.04 11:48:08.415,1.30689,1.30702,3.37,3.00
2016.10.04 11:48:08.568,1.30689,1.30701,3.37,1.12
2016.10.04 11:48:09.487,1.30689,1.30701,1.19,1.12
2016.10.04 11:48:09.679,1.30688,1.30702,4.12,1.12
2016.10.04 11:48:11.649,1.30689,1.30702,1.19,1.12
2016.10.04 11:48:11.700,1.3069,1.30703,3.37,1.87
2016.10.04 11:48:11.802,1.3069,1.30703,3.37,1.50
2016.10.04 11:48:11.905,1.3069,1.30702,3.37,1.12
2016.10.04 11:48:12.754,1.3069,1.30702,4.12,1.12
2016.10.04 11:48:13.059,1.3069,1.30702,4.12,1.00
2016.10.04 11:48:13.890,1.3069,1.30702,3.00,1.00
2016.10.04 11:48:15.707,1.3069,1.30702,1.00,1.00
2016.10.04 11:48:17.073,1.3069,1.30702,3.00,1.00
2016.10.04 11:48:19.276,1.3069,1.30702,1.00,1.00
2016.10.04 11:48:20.384,1.3069,1.30702,4.12,1.00
2016.10.04 11:48:20.537,1.30691,1.30702,1.00,1.00
2016.10.04 11:48:20.706,1.30691,1.30702,1.19,1.00
2016.10.04 11:48:22.217,1.30691,1.30702,1.00,1.00
2016.10.04 11:48:24.068,1.30691,1.30705,1.00,2.62
2016.10.04 11:48:24.221,1.30691,1.30702,1.00,1.00
2016.10.04 11:48:24.272,1.30688,1.30701,3.37,1.00
2016.10.04 11:48:24.420,1.30688,1.30694,1.50,1.00
2016.10.04 11:48:24.471,1.30682,1.30694,3.00,1.00
2016.10.04 11:48:24.522,1.30679,1.30693,2.62,1.00
2016.10.04 11:48:24.625,1.3068,1.30693,1.12,1.00
2016.10.04 11:48:24.727,1.30681,1.30693,1.00,1.00
2016.10.04 11:48:25.246,1.3068,1.30692,1.12,1.00
2016.10.04 11:48:27.981,1.3068,1.30689,1.12,1.00
2016.10.04 11:48:28.032,1.30678,1.30689,1.37,1.00
2016.10.04 11:48:28.083,1.30679,1.30691,1.12,1.12
2016.10.04 11:48:28.287,1.30679,1.3069,1.50,1.00
2016.10.04 11:48:28.509,1.30678,1.3069,1.00,1.00
2016.10.04 11:48:32.092,1.30679,1.30691,1.87,1.12
2016.10.04 11:48:32.195,1.30679,1.30691,1.87,1.00
2016.10.04 11:48:33.187,1.30679,1.30691,1.00,1.00
2016.10.04 11:48:33.442,1.30678,1.3069,1.12,1.00
2016.10.04 11:48:33.874,1.30676,1.3069,3.00,1.00
2016.10.04 11:48:34.027,1.30677,1.30689,1.12,1.00
2016.10.04 11:48:35.963,1.30676,1.30687,1.50,1.00
2016.10.04 11:48:36.139,1.30673,1.30687,1.00,1.00
2016.10.04 11:48:37.089,1.30674,1.30686,1.00,1.00
2016.10.04 11:48:37.141,1.30675,1.30687,1.00,1.50
2016.10.04 11:48:37.192,1.30673,1.30687,1.00,1.50
2016.10.04 11:48:37.244,1.30673,1.30685,1.00,1.00
2016.10.04 11:48:37.520,1.30671,1.30685,2.62,1.00
2016.10.04 11:48:37.851,1.30671,1.30683,1.00,1.87
2016.10.04 11:48:37.902,1.3067,1.30682,1.00,1.00
2016.10.04 11:48:38.004,1.30669,1.30681,1.00,1.87
2016.10.04 11:48:38.056,1.30669,1.30681,1.00,2.25
2016.10.04 11:48:38.209,1.3067,1.30681,1.00,1.12
2016.10.04 11:48:38.260,1.3067,1.30682,1.00,2.25
2016.10.04 11:48:38.414,1.3067,1.30682,1.00,2.62
2016.10.04 11:48:38.656,1.3067,1.30682,1.00,1.87
2016.10.04 11:48:39.446,1.3067,1.30681,1.00,1.00
2016.10.04 11:48:39.595,1.30668,1.3068,1.00,1.87
2016.10.04 11:48:39.647,1.30667,1.30679,1.00,1.00
2016.10.04 11:48:39.821,1.30664,1.30678,1.37,2.25
2016.10.04 11:48:39.873,1.30663,1.30673,3.37,1.00
2016.10.04 11:48:39.924,1.30664,1.30672,1.00,1.00
2016.10.04 11:48:39.975,1.30661,1.30674,1.12,1.37
2016.10.04 11:48:40.026,1.3066,1.30672,2.62,1.00
2016.10.04 11:48:40.077,1.3066,1.3067,1.87,1.00
2016.10.04 11:48:40.128,1.30659,1.3067,1.00,1.00
2016.10.04 11:48:40.179,1.30657,1.3067,1.87,1.00
2016.10.04 11:48:40.230,1.30657,1.3067,1.12,1.00
2016.10.04 11:48:40.382,1.30658,1.30669,1.00,1.00
2016.10.04 11:48:40.718,1.30657,1.30671,1.87,1.00
2016.10.04 11:48:40.820,1.30657,1.30669,1.87,1.00
2016.10.04 11:48:40.872,1.30657,1.3067,1.12,1.00
2016.10.04 11:48:40.923,1.30656,1.30668,1.00,1.00
2016.10.04 11:48:40.974,1.30655,1.30668,1.87,1.00
2016.10.04 11:48:41.044,1.30657,1.30666,1.00,1.00
2016.10.04 11:48:41.209,1.30653,1.30666,1.12,1.12
2016.10.04 11:48:41.267,1.30652,1.30666,1.00,2.62
2016.10.04 11:48:41.338,1.30652,1.30666,1.00,1.50
2016.10.04 11:48:42.242,1.30652,1.30664,1.00,1.87
2016.10.04 11:48:42.397,1.30651,1.30663,1.00,1.00
2016.10.04 11:48:42.958,1.30652,1.30664,1.00,1.12
2016.10.04 11:48:43.009,1.30652,1.30664,1.00,1.87
2016.10.04 11:48:43.060,1.30651,1.30663,1.12,1.00
2016.10.04 11:48:43.111,1.30651,1.30662,1.12,1.12
2016.10.04 11:48:43.162,1.30651,1.30662,1.00,1.12
2016.10.04 11:48:43.213,1.30651,1.30663,1.00,1.12
2016.10.04 11:48:43.264,1.30651,1.30663,1.00,1.50
2016.10.04 11:48:43.439,1.30648,1.30661,1.12,1.12
2016.10.04 11:48:44.503,1.30648,1.30659,1.12,1.12
2016.10.04 11:48:44.554,1.30646,1.30659,1.37,1.12
2016.10.04 11:48:44.656,1.30646,1.30659,1.00,1.12
2016.10.04 11:48:45.707,1.30646,1.30658,1.00,1.00
2016.10.04 11:48:45.758,1.30647,1.30659,1.00,1.87
2016.10.04 11:48:48.277,1.30644,1.30658,1.87,1.00
2016.10.04 11:48:48.328,1.30644,1.30657,1.12,1.00
2016.10.04 11:48:48.938,1.30645,1.30657,1.00,1.12
2016.10.04 11:48:48.989,1.30644,1.30656,1.00,1.00
2016.10.04 11:48:49.465,1.30644,1.30658,1.00,1.87
2016.10.04 11:48:49.889,1.3064,1.30653,1.12,1.00
2016.10.04 11:48:49.940,1.30639,1.30653,2.62,1.00
2016.10.04 11:48:49.991,1.30639,1.30653,1.87,1.00
2016.10.04 11:48:50.042,1.3064,1.30652,1.00,1.00
2016.10.04 11:48:50.094,1.30638,1.30652,1.12,1.00
2016.10.04 11:48:50.145,1.30638,1.30651,1.50,1.00
2016.10.04 11:48:50.399,1.30638,1.30651,1.50,1.00
2016.10.04 11:48:51.321,1.30639,1.30651,1.00,1.00
2016.10.04 11:48:51.372,1.30638,1.30651,1.50,1.00
2016.10.04 11:48:51.423,1.30638,1.30651,1.50,1.00
2016.10.04 11:48:51.671,1.30638,1.30651,1.50,1.00
2016.10.04 11:48:53.090,1.30638,1.30651,1.50,1.00
2016.10.04 11:48:53.243,1.30636,1.30647,1.87,1.00
2016.10.04 11:48:53.294,1.30636,1.30647,1.87,1.00
2016.10.04 11:48:53.345,1.30636,1.30646,1.50,1.00
2016.10.04 11:48:53.397,1.30636,1.30646,1.12,1.00
2016.10.04 11:48:53.635,1.30636,1.30646,1.12,1.00
2016.10.04 11:48:53.943,1.30636,1.30647,1.50,1.00
2016.10.04 11:48:53.995,1.30636,1.30647,1.87,1.00
2016.10.04 11:48:55.812,1.30636,1.30649,1.87,1.00
2016.10.04 11:48:55.863,1.30639,1.30651,1.50,1.87
2016.10.04 11:48:55.914,1.30639,1.30653,1.50,1.00
2016.10.04 11:48:55.966,1.30642,1.30653,1.00,1.00
2016.10.04 11:48:56.068,1.3064,1.30653,1.50,1.00
2016.10.04 11:48:56.455,1.3064,1.30653,1.50,1.00
2016.10.04 11:48:56.839,1.3064,1.30654,2.25,1.00
2016.10.04 11:48:56.890,1.3064,1.30654,3.00,1.00
2016.10.04 11:48:56.941,1.30643,1.30654,1.12,1.00
2016.10.04 11:48:56.992,1.30643,1.30654,1.50,1.00
2016.10.04 11:48:57.800,1.30643,1.30653,1.50,1.00
2016.10.04 11:48:58.827,1.30642,1.30653,1.87,1.00
2016.10.04 11:48:59.157,1.30642,1.30653,1.50,1.00
2016.10.04 11:48:59.208,1.30642,1.30653,1.12,1.00
2016.10.04 11:48:59.310,1.30642,1.30655,1.50,1.00
2016.10.04 11:48:59.361,1.30642,1.30655,1.87,1.00
2016.10.04 11:48:59.414,1.30643,1.30655,1.00,1.00
2016.10.04 11:49:00.147,1.30645,1.30657,1.00,1.00
2016.10.04 11:49:00.198,1.30644,1.30657,1.12,1.00
2016.10.04 11:49:00.415,1.30647,1.30658,1.50,1.00
2016.10.04 11:49:00.466,1.30648,1.3066,1.00,1.00
2016.10.04 11:49:00.670,1.30647,1.30659,2.25,1.00
2016.10.04 11:49:01.149,1.30642,1.3065,1.37,1.00
2016.10.04 11:49:01.200,1.3064,1.3065,1.37,1.00
2016.10.04 11:49:01.251,1.30637,1.30649,2.62,1.00
2016.10.04 11:49:01.308,1.30637,1.30648,1.87,1.00
2016.10.04 11:49:01.529,1.30635,1.30647,1.00,1.00
2016.10.04 11:49:01.969,1.30631,1.30642,1.87,1.00
2016.10.04 11:49:02.023,1.30632,1.30642,1.12,1.00
2016.10.04 11:49:02.126,1.30627,1.30641,1.50,1.00
2016.10.04 11:49:02.228,1.30627,1.30639,1.00,1.00
2016.10.04 11:49:02.279,1.30626,1.30639,1.50,1.00
2016.10.04 11:49:02.605,1.30627,1.30639,1.12,1.00
2016.10.04 11:49:02.987,1.30627,1.30637,1.12,1.00
2016.10.04 11:49:03.521,1.30627,1.30639,1.12,1.00
2016.10.04 11:49:04.843,1.30627,1.30639,1.12,1.00
2016.10.04 11:49:07.155,1.30626,1.30639,1.12,1.00
2016.10.04 11:49:07.370,1.30626,1.30639,1.12,1.00
2016.10.04 11:49:08.069,1.30626,1.30639,1.12,1.00
2016.10.04 11:49:08.223,1.30626,1.30639,1.87,1.00
2016.10.04 11:49:08.275,1.30626,1.30639,2.25,1.00
2016.10.04 11:49:08.326,1.30629,1.30639,1.12,1.00
2016.10.04 11:49:09.456,1.30628,1.30639,1.12,1.00
2016.10.04 11:49:09.508,1.30628,1.30639,1.50,1.00
2016.10.04 11:49:09.559,1.30628,1.30639,1.50,1.00
2016.10.04 11:49:10.276,1.30628,1.30639,1.50,1.00
2016.10.04 11:49:10.379,1.30631,1.30642,1.12,1.00
2016.10.04 11:49:10.430,1.30631,1.30641,1.50,1.00
2016.10.04 11:49:11.265,1.30631,1.30643,1.50,1.00
2016.10.04 11:49:11.417,1.30632,1.30643,1.00,1.00
2016.10.04 11:49:11.519,1.30631,1.30643,2.25,1.00
2016.10.04 11:49:11.733,1.30631,1.30643,1.50,1.00
2016.10.04 11:49:11.835,1.30631,1.30643,1.12,1.00
2016.10.04 11:49:11.999,1.30632,1.30644,1.00,1.00
2016.10.04 11:49:12.050,1.30632,1.30646,1.37,3.00
2016.10.04 11:49:12.101,1.30634,1.30646,1.00,2.25
2016.10.04 11:49:12.153,1.30637,1.30648,1.00,1.37
2016.10.04 11:49:12.255,1.30636,1.30648,1.00,1.00
2016.10.04 11:49:14.052,1.30636,1.30647,1.00,1.00
2016.10.04 11:49:14.424,1.30635,1.30647,1.87,1.00
2016.10.04 11:49:14.475,1.30635,1.30646,1.12,1.00
2016.10.04 11:49:14.682,1.30636,1.30646,1.00,1.00
2016.10.04 11:49:14.734,1.30635,1.30646,2.25,1.00
2016.10.04 11:49:14.817,1.30635,1.30646,1.87,1.00
2016.10.04 11:49:14.919,1.30635,1.30646,2.62,1.00
2016.10.04 11:49:14.970,1.30638,1.30646,1.00,1.00
2016.10.04 11:49:15.276,1.30637,1.30649,1.12,1.00
2016.10.04 11:49:15.518,1.30637,1.30649,1.87,1.00
2016.10.04 11:49:16.491,1.30637,1.30649,2.62,1.00
2016.10.04 11:49:17.118,1.30638,1.3065,1.00,1.00
2016.10.04 11:49:17.674,1.30637,1.30649,3.37,1.00
2016.10.04 11:49:17.776,1.30637,1.30649,3.00,1.00
2016.10.04 11:49:18.517,1.30637,1.30648,1.50,1.00
2016.10.04 11:49:18.569,1.30636,1.30648,1.12,1.00
2016.10.04 11:49:25.136,1.30635,1.30647,1.87,1.00
2016.10.04 11:49:25.299,1.30635,1.30646,1.50,1.00
2016.10.04 11:49:25.350,1.30634,1.30646,4.12,1.00
2016.10.04 11:49:25.451,1.30634,1.30646,3.00,1.00
2016.10.04 11:49:25.784,1.30634,1.30646,4.12,1.00
2016.10.04 11:49:26.013,1.30634,1.30648,4.12,1.00
2016.10.04 11:49:27.087,1.30633,1.30645,1.00,2.25
2016.10.04 11:49:27.138,1.30627,1.30641,1.75,1.00
2016.10.04 11:49:27.189,1.30627,1.30641,1.37,1.00
2016.10.04 11:49:28.071,1.30627,1.30639,1.37,1.00
2016.10.04 11:49:28.122,1.30626,1.30639,2.25,1.00
2016.10.04 11:49:28.173,1.30627,1.30639,1.50,1.00
2016.10.04 11:49:28.275,1.30626,1.30639,2.25,1.00
2016.10.04 11:49:30.133,1.30627,1.30639,1.50,1.00
2016.10.04 11:49:30.833,1.30627,1.30639,1.37,1.00
2016.10.04 11:49:31.083,1.30629,1.30642,1.12,1.00
2016.10.04 11:49:31.134,1.30629,1.3064,1.12,1.00
2016.10.04 11:49:31.236,1.30629,1.3064,1.12,1.00
2016.10.04 11:49:31.287,1.30628,1.3064,2.25,1.00
2016.10.04 11:49:31.606,1.30628,1.3064,2.62,1.00
2016.10.04 11:49:31.708,1.30628,1.3064,2.25,1.00
2016.10.04 11:49:32.488,1.30626,1.3064,1.00,1.00
2016.10.04 11:49:32.539,1.30626,1.3064,1.87,1.00
2016.10.04 11:49:33.069,1.30631,1.30641,1.00,1.12
2016.10.04 11:49:33.390,1.30633,1.30641,1.00,1.12
2016.10.04 11:49:33.695,1.30631,1.30639,1.00,1.12
2016.10.04 11:49:34.159,1.3063,1.30638,1.00,1.37
2016.10.04 11:49:34.262,1.3063,1.30638,1.00,1.75
2016.10.04 11:49:35.455,1.30629,1.30637,1.00,1.50
2016.10.04 11:49:35.557,1.30626,1.30635,1.00,1.50
2016.10.04 11:49:35.708,1.30625,1.30633,1.00,2.25
2016.10.04 11:49:35.759,1.30623,1.30632,1.00,1.00
2016.10.04 11:49:35.810,1.30625,1.30632,1.00,1.00
2016.10.04 11:49:35.862,1.30627,1.30633,1.00,1.12
2016.10.04 11:49:35.913,1.30627,1.30634,1.00,1.37
2016.10.04 11:49:35.964,1.30628,1.30636,1.00,2.62
2016.10.04 11:49:36.015,1.30628,1.30636,1.00,1.87
2016.10.04 11:49:36.066,1.30628,1.30636,1.00,1.50
2016.10.04 11:49:36.607,1.30629,1.30636,1.00,1.50
2016.10.04 11:49:37.116,1.30628,1.30636,1.00,1.50
2016.10.04 11:49:37.642,1.30628,1.30635,1.00,1.50
2016.10.04 11:49:41.182,1.30628,1.30634,1.00,1.12
2016.10.04 11:49:42.370,1.3063,1.30634,1.00,1.12
2016.10.04 11:49:43.530,1.30629,1.30634,1.00,1.12
2016.10.04 11:49:46.208,1.3063,1.30634,1.00,1.12
2016.10.04 11:49:46.360,1.30632,1.30639,1.00,1.50
2016.10.04 11:49:46.615,1.30635,1.30641,1.00,1.12
2016.10.04 11:49:46.666,1.30635,1.30644,1.00,2.62
2016.10.04 11:49:46.717,1.30635,1.30644,1.00,1.87
2016.10.04 11:49:46.892,1.30635,1.30644,1.00,1.50
2016.10.04 11:49:49.381,1.30636,1.30643,1.00,1.12
2016.10.04 11:49:49.666,1.30641,1.30646,1.00,1.00
2016.10.04 11:49:49.769,1.30641,1.30648,1.00,1.12
2016.10.04 11:49:49.876,1.30641,1.30649,1.00,1.50
2016.10.04 11:49:50.794,1.30641,1.30646,1.00,1.12
2016.10.04 11:49:51.100,1.30641,1.30649,1.00,1.50
2016.10.04 11:49:51.356,1.30642,1.30649,1.00,2.25
2016.10.04 11:49:51.751,1.3064,1.30649,1.00,2.25
2016.10.04 11:49:51.802,1.3064,1.30649,1.00,3.00
2016.10.04 11:49:51.904,1.3064,1.30648,1.00,1.87
2016.10.04 11:49:52.323,1.3064,1.30648,1.00,1.87
2016.10.04 11:49:52.802,1.30641,1.30649,1.00,3.00
2016.10.04 11:49:52.904,1.30641,1.30648,1.00,1.87
2016.10.04 11:49:56.209,1.30641,1.30648,1.00,1.87
2016.10.04 11:49:56.310,1.30641,1.30648,1.00,2.62
2016.10.04 11:49:56.414,1.30641,1.30648,1.00,1.87
2016.10.04 11:49:57.491,1.30638,1.30645,1.00,1.12
2016.10.04 11:49:57.546,1.30636,1.30645,1.00,1.12
2016.10.04 11:49:57.597,1.30636,1.30645,1.00,1.12
2016.10.04 11:49:57.649,1.30636,1.30645,1.00,2.25
2016.10.04 11:49:57.700,1.30636,1.30645,1.00,2.62
2016.10.04 11:49:57.956,1.30636,1.30645,1.00,1.87
2016.10.04 11:49:58.118,1.30636,1.30645,1.00,2.62
2016.10.04 11:49:58.169,1.30636,1.30644,1.00,1.87
2016.10.04 11:49:58.891,1.30636,1.30642,1.00,1.50
2016.10.04 11:49:59.152,1.30634,1.30642,1.00,1.87
2016.10.04 11:50:01.488,1.30635,1.30642,1.00,1.87
2016.10.04 11:50:01.540,1.30637,1.30642,1.00,1.12
2016.10.04 11:50:01.591,1.30638,1.30646,1.00,3.00
2016.10.04 11:50:01.729,1.30639,1.30646,1.00,2.62
2016.10.04 11:50:01.783,1.30639,1.30646,1.00,1.50
2016.10.04 11:50:06.314,1.30639,1.30645,1.00,1.12
2016.10.04 11:50:14.180,1.30639,1.30645,1.00,1.50
2016.10.04 11:50:16.777,1.30639,1.30645,1.00,1.12
2016.10.04 11:50:16.828,1.30639,1.30647,1.00,1.50
2016.10.04 11:50:17.380,1.3064,1.30647,1.00,1.50
2016.10.04 11:50:20.964,1.30642,1.30647,1.00,1.50
2016.10.04 11:50:21.015,1.30645,1.30649,1.00,1.87
2016.10.04 11:50:21.117,1.30644,1.30653,1.50,2.62
2016.10.04 11:50:21.168,1.3065,1.30655,1.00,1.12
2016.10.04 11:50:21.219,1.30649,1.30657,1.00,1.50
2016.10.04 11:50:21.370,1.30646,1.30652,1.00,1.12
2016.10.04 11:50:21.421,1.30645,1.30652,1.12,1.12
2016.10.04 11:50:21.474,1.30645,1.30652,1.00,1.50
2016.10.04 11:50:21.526,1.30645,1.3065,1.00,1.12
2016.10.04 11:50:21.577,1.30645,1.3065,1.00,1.50
2016.10.04 11:50:21.679,1.30644,1.3065,1.00,1.87
2016.10.04 11:50:21.831,1.30644,1.30652,1.00,2.62
2016.10.04 11:50:21.883,1.30646,1.3065,1.00,1.00
2016.10.04 11:50:22.087,1.30647,1.30652,1.00,1.87
2016.10.04 11:50:22.311,1.30647,1.30655,1.00,1.87
2016.10.04 11:50:22.363,1.30647,1.30653,1.00,1.00
2016.10.04 11:50:23.406,1.30647,1.30655,1.00,1.50
2016.10.04 11:50:25.006,1.30648,1.30655,1.00,1.50
2016.10.04 11:50:28.249,1.30648,1.30654,1.00,1.12
2016.10.04 11:50:28.450,1.30644,1.30651,1.00,1.12
2016.10.04 11:50:28.505,1.30644,1.30651,1.00,1.50
2016.10.04 11:50:29.017,1.3064,1.3065,1.00,1.12
2016.10.04 11:50:29.068,1.30638,1.3065,1.50,1.12
2016.10.04 11:50:29.172,1.30638,1.30647,1.00,1.12
2016.10.04 11:50:29.291,1.30638,1.30647,1.00,1.50
2016.10.04 11:50:29.342,1.30639,1.30648,1.00,1.87
2016.10.04 11:50:30.119,1.3064,1.30648,1.00,1.87
2016.10.04 11:50:30.171,1.30638,1.30648,1.00,1.87
2016.10.04 11:50:30.273,1.30639,1.30648,1.00,1.50
2016.10.04 11:50:30.324,1.3064,1.30648,1.00,1.12
2016.10.04 11:50:30.865,1.30639,1.30647,1.00,1.12
2016.10.04 11:50:31.396,1.30638,1.30647,1.00,1.12
2016.10.04 11:50:37.538,1.30633,1.30644,1.00,1.12
2016.10.04 11:50:37.640,1.30634,1.3064,1.00,1.12
2016.10.04 11:50:37.691,1.30633,1.3064,1.00,1.50
2016.10.04 11:50:37.743,1.30629,1.3064,1.00,1.50
2016.10.04 11:50:37.846,1.3063,1.30639,1.00,1.12
2016.10.04 11:50:37.898,1.30628,1.30639,1.00,1.87
2016.10.04 11:50:37.950,1.30628,1.30637,1.00,1.12
2016.10.04 11:50:38.274,1.30627,1.30634,1.00,1.12
2016.10.04 11:50:38.325,1.30626,1.30635,1.00,1.50
2016.10.04 11:50:38.376,1.30625,1.30635,1.00,2.25
2016.10.04 11:50:38.427,1.30625,1.30634,1.00,1.50
2016.10.04 11:50:38.733,1.30624,1.30633,1.00,1.87
2016.10.04 11:50:39.500,1.30625,1.30633,1.00,1.87
2016.10.04 11:50:39.964,1.30624,1.3063,1.00,1.12
2016.10.04 11:50:40.021,1.30617,1.30627,1.00,1.12
2016.10.04 11:50:40.124,1.30617,1.30627,1.50,1.87
2016.10.04 11:50:40.226,1.3062,1.30627,1.00,1.12
2016.10.04 11:50:40.330,1.30621,1.3063,1.00,1.87
2016.10.04 11:50:40.432,1.30623,1.3063,1.00,1.50
2016.10.04 11:50:41.275,1.30622,1.3063,1.00,1.50
2016.10.04 11:50:42.446,1.30622,1.3063,1.00,1.12
2016.10.04 11:50:43.105,1.30619,1.3063,1.00,1.12
2016.10.04 11:50:43.156,1.30618,1.30629,1.09,1.87
2016.10.04 11:50:44.673,1.30618,1.30629,1.00,1.87
2016.10.04 11:50:47.454,1.30617,1.30629,1.00,1.12
2016.10.04 11:50:47.861,1.30616,1.30629,1.37,1.12
2016.10.04 11:50:48.014,1.30616,1.30629,1.12,1.12
2016.10.04 11:50:48.669,1.30617,1.30629,1.00,1.12
2016.10.04 11:50:49.330,1.30617,1.3063,1.00,1.00
2016.10.04 11:50:50.804,1.30616,1.3063,2.62,1.00
2016.10.04 11:50:50.906,1.30616,1.3063,2.25,1.00
2016.10.04 11:50:51.078,1.30617,1.3063,1.37,1.00
2016.10.04 11:50:51.225,1.30617,1.3063,2.21,1.00
2016.10.04 11:50:51.277,1.30623,1.30631,1.00,1.12
2016.10.04 11:50:51.328,1.30621,1.30634,1.65,1.37
2016.10.04 11:50:51.380,1.30622,1.30634,1.71,1.37
2016.10.04 11:50:51.431,1.30624,1.30635,1.46,1.00
2016.10.04 11:50:51.636,1.30623,1.30636,2.96,1.00
2016.10.04 11:50:51.687,1.30625,1.30637,1.00,1.00
2016.10.04 11:50:51.738,1.30627,1.30639,1.87,1.12
2016.10.04 11:50:51.891,1.30628,1.30639,1.00,1.12
2016.10.04 11:50:51.942,1.30628,1.30639,1.00,1.00
2016.10.04 11:50:52.267,1.30627,1.30641,2.62,1.00
2016.10.04 11:50:52.318,1.30627,1.30638,2.25,1.00
2016.10.04 11:50:52.369,1.30627,1.30638,1.12,1.00
2016.10.04 11:50:52.420,1.30626,1.30638,1.12,1.00
2016.10.04 11:50:52.472,1.30625,1.30638,1.50,1.00
2016.10.04 11:50:52.523,1.30625,1.30638,1.87,1.00
2016.10.04 11:50:52.574,1.30624,1.30637,1.37,1.12
2016.10.04 11:50:52.625,1.30624,1.30637,1.00,1.12
2016.10.04 11:50:52.677,1.30624,1.30637,1.12,1.00
2016.10.04 11:50:52.728,1.30623,1.30637,1.12,1.87
2016.10.04 11:50:52.779,1.30624,1.30637,1.00,1.87
2016.10.04 11:50:53.623,1.30623,1.30637,1.12,1.87
2016.10.04 11:50:54.729,1.30627,1.30637,1.09,1.12
2016.10.04 11:50:54.784,1.30628,1.30637,1.00,1.12
2016.10.04 11:50:54.835,1.30627,1.30639,2.21,1.00
2016.10.04 11:50:54.887,1.30627,1.30639,2.59,1.00
2016.10.04 11:50:55.019,1.30627,1.30639,2.21,1.00
2016.10.04 11:50:55.072,1.30631,1.30641,1.00,1.31
2016.10.04 11:50:55.123,1.30633,1.30641,1.00,1.69
2016.10.04 11:50:55.225,1.30634,1.30641,1.00,1.12
2016.10.04 11:50:55.328,1.30634,1.30641,1.00,1.50
2016.10.04 11:50:55.379,1.30634,1.30643,1.00,2.62
2016.10.04 11:50:55.431,1.3063,1.3064,1.00,1.12
2016.10.04 11:50:55.482,1.3063,1.3064,1.00,1.69
2016.10.04 11:50:55.534,1.30628,1.30636,1.00,1.12
2016.10.04 11:50:55.585,1.30625,1.30636,1.00,1.31
2016.10.04 11:50:55.723,1.30625,1.30636,1.00,1.31
2016.10.04 11:50:55.775,1.30627,1.30633,1.00,1.12
2016.10.04 11:50:55.826,1.30627,1.30633,1.00,1.87
2016.10.04 11:50:56.245,1.30624,1.30633,1.00,1.87
2016.10.04 11:50:56.754,1.30623,1.30633,1.00,1.87
2016.10.04 11:50:56.925,1.30622,1.30633,1.50,1.12
2016.10.04 11:50:56.976,1.30624,1.30634,1.00,1.12
2016.10.04 11:50:57.080,1.30625,1.30637,1.00,1.00
2016.10.04 11:50:57.182,1.30626,1.30639,1.00,2.81
2016.10.04 11:50:57.446,1.30626,1.30639,1.00,1.31
2016.10.04 11:50:57.497,1.30626,1.30639,1.12,2.06
2016.10.04 11:50:57.548,1.30625,1.30638,1.00,1.31
2016.10.04 11:50:57.650,1.30625,1.30638,1.00,1.12
2016.10.04 11:50:57.803,1.30625,1.30639,1.00,2.81
2016.10.04 11:50:57.906,1.30626,1.30639,1.00,3.19
2016.10.04 11:50:57.957,1.30626,1.30639,1.00,2.81
2016.10.04 11:50:58.008,1.30626,1.30638,1.00,1.00
2016.10.04 11:51:00.486,1.30626,1.30639,1.00,2.25
2016.10.04 11:51:00.741,1.30626,1.30639,1.00,1.50
2016.10.04 11:51:00.792,1.30626,1.30639,1.00,1.00
2016.10.04 11:51:00.843,1.30626,1.3064,1.00,3.75
2016.10.04 11:51:00.895,1.30629,1.3064,1.00,3.00
2016.10.04 11:51:00.957,1.30629,1.30639,1.00,1.50
2016.10.04 11:51:01.160,1.3063,1.30639,1.00,1.12
2016.10.04 11:51:01.460,1.30632,1.30641,1.00,1.31
2016.10.04 11:51:01.512,1.30634,1.30641,1.00,1.12
2016.10.04 11:51:02.394,1.30634,1.30642,1.00,1.12
2016.10.04 11:51:02.862,1.30634,1.30643,1.00,1.50
2016.10.04 11:51:02.963,1.30634,1.30643,1.00,1.12
2016.10.04 11:51:03.167,1.30637,1.30646,1.00,2.62
2016.10.04 11:51:03.218,1.3064,1.30646,1.00,1.87
2016.10.04 11:51:03.439,1.3064,1.30646,1.00,1.50
2016.10.04 11:51:03.492,1.30641,1.3065,1.00,1.69
2016.10.04 11:51:03.544,1.30641,1.30649,1.00,1.12
2016.10.04 11:51:03.647,1.30641,1.30651,1.00,1.69
2016.10.04 11:51:03.698,1.30642,1.30651,1.00,1.12
2016.10.04 11:51:03.749,1.30643,1.30653,1.00,3.19
2016.10.04 11:51:03.852,1.30643,1.30653,1.00,2.44
2016.10.04 11:51:04.053,1.30643,1.30653,1.00,2.25
2016.10.04 11:51:04.157,1.30644,1.30653,1.00,1.50
2016.10.04 11:51:04.464,1.30644,1.30652,1.00,1.00
2016.10.04 11:51:04.567,1.30644,1.3065,1.00,1.12
2016.10.04 11:51:04.992,1.30644,1.30652,1.00,2.25
2016.10.04 11:51:05.428,1.30644,1.30652,1.00,1.87
2016.10.04 11:51:05.479,1.30644,1.30652,1.00,1.87
2016.10.04 11:51:05.786,1.30645,1.3065,1.00,1.12
2016.10.04 11:51:05.888,1.30644,1.3065,1.00,1.50
2016.10.04 11:51:06.087,1.30641,1.30648,1.00,1.12
2016.10.04 11:51:06.875,1.30644,1.30648,1.00,1.12
2016.10.04 11:51:06.927,1.30642,1.30648,1.00,1.12
2016.10.04 11:51:07.095,1.30641,1.30654,1.00,1.87
2016.10.04 11:51:07.146,1.30646,1.30654,1.00,1.50
2016.10.04 11:51:07.197,1.30648,1.30654,1.00,1.12
2016.10.04 11:51:07.248,1.30649,1.30658,1.00,2.25
2016.10.04 11:51:07.299,1.30649,1.30658,1.00,1.50
2016.10.04 11:51:07.350,1.30649,1.30657,1.00,1.12
2016.10.04 11:51:07.656,1.30649,1.3066,1.00,1.50
2016.10.04 11:51:07.707,1.30649,1.3066,1.00,1.50
2016.10.04 11:51:07.758,1.30648,1.30659,1.12,1.87
2016.10.04 11:51:07.809,1.3065,1.30659,1.00,1.87
2016.10.04 11:51:07.860,1.3065,1.30661,1.00,3.00
2016.10.04 11:51:07.911,1.30648,1.30661,1.00,1.50
2016.10.04 11:51:08.119,1.30647,1.30658,1.00,1.00
2016.10.04 11:51:08.172,1.30645,1.30657,1.12,1.00
2016.10.04 11:51:08.223,1.30643,1.30657,2.62,1.50
2016.10.04 11:51:08.275,1.30644,1.30655,1.50,1.00
2016.10.04 11:51:08.326,1.30643,1.30655,1.00,1.00
2016.10.04 11:51:08.377,1.30642,1.30654,1.00,1.12
2016.10.04 11:51:08.429,1.30641,1.30653,1.87,1.00
2016.10.04 11:51:08.480,1.3064,1.30652,1.00,1.00
2016.10.04 11:51:08.633,1.30638,1.30652,1.00,1.00
2016.10.04 11:51:08.735,1.30638,1.30652,1.00,1.00
2016.10.04 11:51:08.955,1.30638,1.30652,1.00,1.87
2016.10.04 11:51:09.693,1.30638,1.30651,1.00,1.00
2016.10.04 11:51:09.744,1.30638,1.30651,1.00,1.12
2016.10.04 11:51:09.795,1.30638,1.3065,1.00,1.50
2016.10.04 11:51:10.029,1.30637,1.30648,1.00,1.00
2016.10.04 11:51:11.848,1.30635,1.30649,1.00,1.87
2016.10.04 11:51:12.784,1.30634,1.30648,1.87,1.00
2016.10.04 11:51:13.214,1.30634,1.30645,1.12,1.00
2016.10.04 11:51:13.265,1.30631,1.30644,3.37,1.00
2016.10.04 11:51:13.316,1.30631,1.30642,1.87,1.00
2016.10.04 11:51:13.367,1.30628,1.30641,1.50,1.00
2016.10.04 11:51:13.419,1.30628,1.30639,1.37,1.00
2016.10.04 11:51:13.470,1.30628,1.30639,1.12,1.00
2016.10.04 11:51:13.945,1.3063,1.3064,1.12,1.00
2016.10.04 11:51:13.996,1.30629,1.30642,1.50,1.00
2016.10.04 11:51:15.860,1.30628,1.30641,2.44,1.00
2016.10.04 11:51:15.928,1.30628,1.30641,1.69,1.00
2016.10.04 11:51:16.112,1.30629,1.30641,1.00,1.00
2016.10.04 11:51:16.571,1.3063,1.30642,1.87,1.00
2016.10.04 11:51:16.674,1.3063,1.30642,2.25,1.00
2016.10.04 11:51:16.952,1.3063,1.30642,2.62,1.00
2016.10.04 11:51:17.569,1.3063,1.30642,2.25,1.00
2016.10.04 11:51:20.259,1.3063,1.30642,2.62,1.00
2016.10.04 11:51:20.512,1.3063,1.30642,2.25,1.00
2016.10.04 11:51:21.295,1.3063,1.30642,1.50,1.00
2016.10.04 11:51:21.347,1.3063,1.30641,2.25,1.00
2016.10.04 11:51:21.521,1.3063,1.30641,1.00,1.00
2016.10.04 11:51:22.746,1.30629,1.30641,2.25,1.00
2016.10.04 11:51:23.879,1.30629,1.3064,2.25,1.00
2016.10.04 11:51:23.930,1.30629,1.30641,1.50,1.00
2016.10.04 11:51:23.981,1.30628,1.3064,1.12,1.00
2016.10.04 11:51:24.083,1.30626,1.30639,2.25,1.00
2016.10.04 11:51:24.566,1.30626,1.30639,1.87,1.00
2016.10.04 11:51:24.669,1.30626,1.30637,1.87,1.00
2016.10.04 11:51:24.721,1.30626,1.30637,1.50,1.00
2016.10.04 11:51:24.772,1.30623,1.30637,3.37,1.00
2016.10.04 11:51:24.824,1.30623,1.30635,3.00,1.00
2016.10.04 11:51:24.875,1.30623,1.30635,1.50,1.00
2016.10.04 11:51:25.108,1.30622,1.30633,1.12,1.00
2016.10.04 11:51:25.210,1.30622,1.30634,1.87,1.00
2016.10.04 11:51:25.262,1.30622,1.30634,1.12,1.00
2016.10.04 11:51:25.314,1.30624,1.30636,1.00,1.12
2016.10.04 11:51:25.417,1.30624,1.30636,1.00,1.00
2016.10.04 11:51:26.741,1.30623,1.30636,1.00,1.00
2016.10.04 11:51:27.052,1.30622,1.30634,2.25,1.00
2016.10.04 11:51:27.237,1.30622,1.30634,1.12,1.37
2016.10.04 11:51:27.288,1.3062,1.30634,1.00,2.25
2016.10.04 11:51:27.605,1.30619,1.30633,2.81,1.12
2016.10.04 11:51:27.656,1.30621,1.30633,1.00,1.12
2016.10.04 11:51:28.507,1.30622,1.30634,1.00,1.12
2016.10.04 11:51:28.559,1.30622,1.30634,1.00,1.87
2016.10.04 11:51:28.611,1.30622,1.30634,1.12,1.00
2016.10.04 11:51:28.745,1.30622,1.30634,1.00,1.00
2016.10.04 11:51:28.796,1.30621,1.30634,1.87,1.00
2016.10.04 11:51:29.103,1.30621,1.30634,1.12,1.00
2016.10.04 11:51:29.257,1.30621,1.30633,1.87,1.00
2016.10.04 11:51:29.308,1.30619,1.30632,1.12,1.00
2016.10.04 11:51:29.513,1.30619,1.30632,1.00,1.50
2016.10.04 11:51:29.716,1.30618,1.30632,1.00,2.25
2016.10.04 11:51:30.022,1.3062,1.30632,1.00,2.25
2016.10.04 11:51:30.921,1.30621,1.30632,1.00,1.50
2016.10.04 11:51:31.151,1.3062,1.30628,1.12,1.00
2016.10.04 11:51:31.304,1.30617,1.30628,1.12,1.00
2016.10.04 11:51:31.406,1.30616,1.30627,1.00,1.00
2016.10.04 11:51:31.457,1.30614,1.30628,1.12,1.12
2016.10.04 11:51:31.508,1.30614,1.30628,1.87,1.12
2016.10.04 11:51:31.610,1.30616,1.30628,1.00,1.12
2016.10.04 11:51:31.826,1.30617,1.30631,2.62,2.25
2016.10.04 11:51:31.877,1.30619,1.30631,1.00,1.75
2016.10.04 11:51:31.928,1.30619,1.30631,1.12,1.75
2016.10.04 11:51:31.979,1.30621,1.30631,1.12,1.00
2016.10.04 11:51:32.081,1.3062,1.30632,1.00,1.00
2016.10.04 11:51:32.132,1.30619,1.3063,1.00,1.00
2016.10.04 11:51:32.234,1.30617,1.30631,2.62,1.00
2016.10.04 11:51:32.429,1.30617,1.30631,2.25,1.00
2016.10.04 11:51:32.481,1.30616,1.30629,1.37,1.00
2016.10.04 11:51:32.532,1.30615,1.30629,2.62,1.00
2016.10.04 11:51:32.583,1.30615,1.30629,2.25,1.00
2016.10.04 11:51:32.686,1.30613,1.30625,2.25,1.00
2016.10.04 11:51:32.788,1.30612,1.30621,2.62,1.00
2016.10.04 11:51:32.840,1.30609,1.3062,2.25,1.00
2016.10.04 11:51:32.891,1.30609,1.3062,1.12,1.00
2016.10.04 11:51:33.049,1.30608,1.3062,1.37,1.00
2016.10.04 11:51:33.101,1.30607,1.30619,2.62,1.00
2016.10.04 11:51:34.165,1.30607,1.30619,3.37,1.00
2016.10.04 11:51:34.216,1.30607,1.30618,2.62,1.00
2016.10.04 11:51:34.267,1.30607,1.30618,1.87,1.00
2016.10.04 11:51:34.491,1.30607,1.30618,1.87,1.00
2016.10.04 11:51:34.568,1.30607,1.30618,1.12,1.00
2016.10.04 11:51:34.619,1.30607,1.30619,1.12,1.12
2016.10.04 11:51:34.721,1.30607,1.30619,1.87,1.12
2016.10.04 11:51:36.019,1.30607,1.30619,2.25,1.12
2016.10.04 11:51:36.070,1.30607,1.30619,3.00,1.12
2016.10.04 11:51:36.229,1.30607,1.30619,3.37,1.12
2016.10.04 11:51:36.382,1.30607,1.30619,2.62,1.12
2016.10.04 11:51:36.484,1.30607,1.30619,3.37,1.12
2016.10.04 11:51:37.703,1.30607,1.30619,2.62,1.12
2016.10.04 11:51:38.013,1.30607,1.30619,3.37,1.12
2016.10.04 11:51:38.167,1.30609,1.30621,1.12,1.75
2016.10.04 11:51:38.320,1.30609,1.30622,1.12,2.25
2016.10.04 11:51:39.570,1.30612,1.30622,1.00,2.25
2016.10.04 11:51:40.082,1.30613,1.30622,1.00,2.25
2016.10.04 11:51:40.337,1.30615,1.30622,1.00,1.50
2016.10.04 11:51:40.493,1.30615,1.30624,1.00,1.37
2016.10.04 11:51:42.009,1.30615,1.30622,1.00,1.50
2016.10.04 11:51:42.060,1.30615,1.30622,1.00,1.12
2016.10.04 11:51:42.112,1.30615,1.30622,1.00,1.12
2016.10.04 11:51:44.040,1.30613,1.30622,1.00,1.12
2016.10.04 11:51:44.092,1.3061,1.30622,1.00,1.12
2016.10.04 11:51:44.143,1.30609,1.30622,1.00,1.12
2016.10.04 11:51:45.781,1.30609,1.30621,1.00,1.00
2016.10.04 11:51:45.985,1.30609,1.30622,1.00,1.12
2016.10.04 11:51:46.732,1.30609,1.30623,1.87,1.50
2016.10.04 11:51:46.834,1.30609,1.30623,1.87,1.12
2016.10.04 11:51:47.042,1.30609,1.30623,2.25,1.12
2016.10.04 11:51:47.144,1.30609,1.30623,1.87,1.12
2016.10.04 11:51:47.246,1.30609,1.30623,1.87,1.00
2016.10.04 11:51:47.504,1.3061,1.30623,1.00,1.00
2016.10.04 11:51:47.873,1.3061,1.30624,1.00,2.62
2016.10.04 11:51:51.975,1.30611,1.30624,1.00,1.12
2016.10.04 11:51:54.654,1.30611,1.30624,1.00,1.50
2016.10.04 11:51:54.757,1.30611,1.30624,1.00,1.87
2016.10.04 11:51:54.808,1.30611,1.30622,1.00,1.12
2016.10.04 11:51:54.860,1.30609,1.30622,1.00,1.87
2016.10.04 11:51:54.912,1.30606,1.30617,1.50,1.12
2016.10.04 11:51:55.087,1.30603,1.30615,1.12,2.25
2016.10.04 11:51:55.138,1.30603,1.30615,1.00,1.50
2016.10.04 11:51:55.189,1.30603,1.30615,1.00,1.12
2016.10.04 11:51:55.241,1.30603,1.30615,1.00,1.00
2016.10.04 11:51:55.867,1.30602,1.30616,1.00,1.12
2016.10.04 11:51:56.274,1.30604,1.30616,1.00,1.87
2016.10.04 11:51:56.585,1.30603,1.30616,1.00,1.12
2016.10.04 11:51:57.359,1.30603,1.30618,1.00,1.87
2016.10.04 11:51:57.410,1.30605,1.30617,1.00,1.00
2016.10.04 11:51:59.440,1.30604,1.30618,1.00,1.12
2016.10.04 11:51:59.491,1.30606,1.30618,1.00,1.87
2016.10.04 11:52:01.335,1.30607,1.30619,1.00,3.00
2016.10.04 11:52:01.387,1.30609,1.30619,1.00,1.87
2016.10.04 11:52:01.438,1.3061,1.30619,1.00,1.00
2016.10.04 11:52:01.489,1.30611,1.30621,1.00,1.37
2016.10.04 11:52:01.541,1.30612,1.30624,1.00,1.87
2016.10.04 11:52:01.592,1.30612,1.30624,1.00,1.50
2016.10.04 11:52:01.830,1.30612,1.30624,1.00,1.00
2016.10.04 11:52:02.052,1.30611,1.30625,1.00,1.87
2016.10.04 11:52:02.103,1.30611,1.30624,1.00,1.00
2016.10.04 11:52:02.468,1.30613,1.30625,1.00,1.87
2016.10.04 11:52:02.519,1.30614,1.30626,1.00,1.87
2016.10.04 11:52:02.659,1.30614,1.30626,1.00,1.50
2016.10.04 11:52:02.711,1.30614,1.30627,1.00,1.12
2016.10.04 11:52:02.915,1.30616,1.30627,1.00,1.12
2016.10.04 11:52:02.966,1.30617,1.30629,1.12,1.12
2016.10.04 11:52:03.068,1.30616,1.30631,1.87,1.50
2016.10.04 11:52:03.120,1.30617,1.30631,1.00,1.50
2016.10.04 11:52:03.222,1.30618,1.3063,1.00,1.00
2016.10.04 11:52:03.273,1.30617,1.3063,1.12,1.00
2016.10.04 11:52:03.559,1.30621,1.30633,1.00,4.69
2016.10.04 11:52:03.610,1.30621,1.30633,1.00,3.37
2016.10.04 11:52:03.661,1.30622,1.30634,1.00,1.12
2016.10.04 11:52:03.712,1.30622,1.30635,1.12,1.75
2016.10.04 11:52:03.763,1.30623,1.30635,1.00,1.75
2016.10.04 11:52:03.815,1.30623,1.30635,1.00,1.37
2016.10.04 11:52:03.866,1.30624,1.30635,1.12,1.00
2016.10.04 11:52:04.069,1.30623,1.30635,1.87,1.00
2016.10.04 11:52:04.120,1.30623,1.30636,1.87,1.00
2016.10.04 11:52:04.547,1.30624,1.30636,1.00,1.00
2016.10.04 11:52:05.482,1.30626,1.30638,1.87,1.37
2016.10.04 11:52:05.533,1.30633,1.3064,1.00,1.00
2016.10.04 11:52:05.585,1.30634,1.30642,1.00,1.50
2016.10.04 11:52:05.636,1.30634,1.30642,1.00,1.12
2016.10.04 11:52:05.687,1.30635,1.30642,1.00,1.00
2016.10.04 11:52:05.739,1.30635,1.30646,1.00,1.87
2016.10.04 11:52:05.790,1.30634,1.30646,1.00,1.12
2016.10.04 11:52:05.842,1.30635,1.30647,1.00,1.37
2016.10.04 11:52:05.893,1.30635,1.30648,1.00,1.87
2016.10.04 11:52:06.089,1.30635,1.30647,1.00,1.37
2016.10.04 11:52:06.193,1.30635,1.30647,1.37,1.37
2016.10.04 11:52:06.244,1.30636,1.30648,1.12,1.50
2016.10.04 11:52:06.295,1.30636,1.30648,1.00,1.50
2016.10.04 11:52:06.448,1.30635,1.30647,1.00,1.37
2016.10.04 11:52:06.499,1.30636,1.30648,1.00,1.50
2016.10.04 11:52:07.001,1.30636,1.30649,1.00,1.50
2016.10.04 11:52:07.103,1.30636,1.30649,1.12,1.50
2016.10.04 11:52:07.154,1.30638,1.30651,1.00,1.12
2016.10.04 11:52:07.206,1.30644,1.30651,1.00,1.00
2016.10.04 11:52:07.257,1.30644,1.30652,1.00,1.37
2016.10.04 11:52:07.308,1.30644,1.30654,1.00,1.12
2016.10.04 11:52:07.411,1.3065,1.30659,1.00,1.56
2016.10.04 11:52:07.573,1.30651,1.3066,1.00,1.50
2016.10.04 11:52:07.625,1.30651,1.30659,1.00,1.00
2016.10.04 11:52:07.676,1.30649,1.30659,1.00,1.00
2016.10.04 11:52:07.727,1.30649,1.30659,1.00,1.87
2016.10.04 11:52:08.496,1.30649,1.30659,1.00,1.50
2016.10.04 11:52:09.113,1.3065,1.30659,1.00,1.50
2016.10.04 11:52:09.165,1.30648,1.30661,1.00,2.25
2016.10.04 11:52:09.332,1.30648,1.30661,1.00,1.87
2016.10.04 11:52:09.871,1.30649,1.30661,1.00,1.87
2016.10.04 11:52:10.457,1.30648,1.30659,1.00,1.50
2016.10.04 11:52:13.522,1.30647,1.30659,1.00,1.50
2016.10.04 11:52:13.727,1.30644,1.30656,1.87,1.00
2016.10.04 11:52:13.778,1.30644,1.30656,1.12,1.00
2016.10.04 11:52:13.880,1.30644,1.30654,1.12,1.00
2016.10.04 11:52:14.392,1.30644,1.30655,1.12,1.00
2016.10.04 11:52:16.136,1.30644,1.30655,1.50,1.00
2016.10.04 11:52:16.339,1.30646,1.30655,1.12,1.00
2016.10.04 11:52:16.874,1.30646,1.30654,1.12,1.00
2016.10.04 11:52:17.234,1.30644,1.30655,1.00,1.00
2016.10.04 11:52:17.336,1.30642,1.30652,2.62,1.00
2016.10.04 11:52:17.438,1.30642,1.30652,1.37,1.00
2016.10.04 11:52:17.540,1.30642,1.3065,1.00,1.00
2016.10.04 11:52:17.770,1.3064,1.30649,1.50,1.00
2016.10.04 11:52:17.822,1.3064,1.30649,1.12,1.00
2016.10.04 11:52:17.925,1.30639,1.30649,2.25,1.00
2016.10.04 11:52:17.976,1.30639,1.30649,1.87,1.00
2016.10.04 11:52:18.027,1.30637,1.30645,1.87,1.00
2016.10.04 11:52:18.078,1.30637,1.30645,1.00,1.00
2016.10.04 11:52:18.130,1.30636,1.30645,1.87,1.00
2016.10.04 11:52:18.181,1.30636,1.30645,1.50,1.00
2016.10.04 11:52:19.001,1.30636,1.30644,1.50,1.00
2016.10.04 11:52:19.612,1.30636,1.30644,1.12,1.00
2016.10.04 11:52:23.912,1.30636,1.30646,1.12,1.00
2016.10.04 11:52:31.545,1.30636,1.30648,1.12,1.00
2016.10.04 11:52:31.938,1.30636,1.30648,1.87,1.00
2016.10.04 11:52:32.946,1.30636,1.30648,2.25,1.00
2016.10.04 11:52:38.305,1.30636,1.30648,1.12,1.00
2016.10.04 11:52:40.412,1.30635,1.3065,1.87,1.00
2016.10.04 11:52:40.463,1.30638,1.3065,1.00,1.88
2016.10.04 11:52:40.514,1.30638,1.3065,1.12,1.13
2016.10.04 11:52:40.616,1.30637,1.3065,1.37,1.13
2016.10.04 11:52:41.431,1.30639,1.3065,1.00,1.13
2016.10.04 11:52:41.483,1.30639,1.30651,1.00,1.13
2016.10.04 11:52:41.637,1.30638,1.3065,1.12,1.00
2016.10.04 11:52:42.659,1.30638,1.30652,1.12,2.63
2016.10.04 11:52:43.767,1.30638,1.30651,1.00,1.00
2016.10.04 11:52:44.278,1.30644,1.30652,1.00,1.50
2016.10.04 11:52:44.330,1.30648,1.30652,1.00,1.12
2016.10.04 11:52:44.381,1.30648,1.30656,1.00,2.25
2016.10.04 11:52:44.433,1.30649,1.30656,1.00,1.12
2016.10.04 11:52:44.485,1.30649,1.30663,2.25,3.75
2016.10.04 11:52:44.536,1.30649,1.30661,3.00,1.12
2016.10.04 11:52:44.588,1.30652,1.30661,1.12,1.12
2016.10.04 11:52:44.691,1.30649,1.30661,2.25,1.12
2016.10.04 11:52:44.821,1.3065,1.30661,1.12,1.12
2016.10.04 11:52:44.873,1.30649,1.30661,1.00,1.12
2016.10.04 11:52:45.026,1.30649,1.30661,1.00,1.37
2016.10.04 11:52:45.077,1.30648,1.3066,1.00,1.12
2016.10.04 11:52:45.179,1.30648,1.3066,1.00,1.37
2016.10.04 11:52:45.230,1.30648,1.3066,1.00,1.50
2016.10.04 11:52:45.332,1.30647,1.30659,1.00,1.12
2016.10.04 11:52:46.063,1.30646,1.30659,2.25,1.12
2016.10.04 11:52:46.321,1.30646,1.30659,1.50,1.12
2016.10.04 11:52:46.372,1.30646,1.30659,1.50,1.37
2016.10.04 11:52:46.423,1.30646,1.30657,1.50,1.00
2016.10.04 11:52:46.474,1.30645,1.30657,1.00,1.00
2016.10.04 11:52:47.128,1.30644,1.30657,1.00,1.00
2016.10.04 11:52:48.101,1.30644,1.30657,1.00,1.37
2016.10.04 11:52:48.153,1.30642,1.30656,1.50,1.12
2016.10.04 11:52:48.310,1.30641,1.30655,1.00,2.25
2016.10.04 11:52:48.364,1.30639,1.30653,1.12,2.25
2016.10.04 11:52:48.415,1.30639,1.30653,1.12,2.62
2016.10.04 11:52:48.466,1.30639,1.30651,1.00,1.00
2016.10.04 11:52:48.517,1.30638,1.30651,1.87,1.00
2016.10.04 11:52:50.419,1.3064,1.30651,1.12,1.00
2016.10.04 11:52:50.934,1.3064,1.30652,1.12,1.00
2016.10.04 11:52:53.015,1.3064,1.30651,1.12,1.00
2016.10.04 11:52:56.287,1.3064,1.30653,1.12,1.12
2016.10.04 11:52:56.338,1.30641,1.30653,1.00,1.12
2016.10.04 11:52:57.564,1.30641,1.30653,1.00,1.00
2016.10.04 11:52:57.718,1.30641,1.30653,1.12,1.00
2016.10.04 11:52:58.193,1.30641,1.30654,1.50,1.00
2016.10.04 11:52:58.245,1.30643,1.30655,1.12,1.00
2016.10.04 11:53:00.899,1.30643,1.30655,1.87,1.00
2016.10.04 11:53:01.679,1.30643,1.30657,2.25,1.00
2016.10.04 11:53:01.730,1.30645,1.30658,1.87,1.50
2016.10.04 11:53:01.859,1.30646,1.30658,1.12,1.50
2016.10.04 11:53:01.934,1.30646,1.30658,1.12,1.00
2016.10.04 11:53:02.403,1.30646,1.3066,1.50,1.00
2016.10.04 11:53:02.506,1.30646,1.3066,1.87,1.00
2016.10.04 11:53:02.557,1.30646,1.3066,1.50,1.12
2016.10.04 11:53:02.608,1.30646,1.3066,1.12,1.12
2016.10.04 11:53:04.539,1.30646,1.3066,1.50,1.00
2016.10.04 11:53:08.468,1.30645,1.3066,2.62,1.87
2016.10.04 11:53:09.700,1.30645,1.3066,2.25,1.87
2016.10.04 11:53:09.751,1.30645,1.3066,1.87,1.87
2016.10.04 11:53:10.657,1.30645,1.30658,1.87,1.00
2016.10.04 11:53:10.759,1.30644,1.30657,1.00,1.12
2016.10.04 11:53:10.810,1.30643,1.30657,1.50,1.12
2016.10.04 11:53:11.039,1.30643,1.30657,1.12,1.12
2016.10.04 11:53:11.106,1.30643,1.30657,1.00,1.12
2016.10.04 11:53:13.157,1.30644,1.30656,1.00,1.00
2016.10.04 11:53:13.529,1.30643,1.30655,1.00,1.87
2016.10.04 11:53:14.824,1.30642,1.30655,1.00,1.12
2016.10.04 11:53:14.876,1.30643,1.30657,1.37,2.62
2016.10.04 11:53:14.927,1.30643,1.30657,1.50,1.87
2016.10.04 11:53:15.763,1.30644,1.30659,2.25,2.25
2016.10.04 11:53:15.814,1.30644,1.30659,2.62,2.25
2016.10.04 11:53:15.865,1.30646,1.30659,1.12,1.12
2016.10.04 11:53:16.069,1.30646,1.30658,1.12,1.00
2016.10.04 11:53:18.347,1.30646,1.30659,1.87,1.00
2016.10.04 11:53:19.714,1.30646,1.30659,1.12,1.00
2016.10.04 11:53:19.816,1.30645,1.30659,1.00,1.00
2016.10.04 11:53:19.867,1.30648,1.3066,1.00,1.12
2016.10.04 11:53:20.133,1.30647,1.3066,1.00,1.87
2016.10.04 11:53:21.768,1.30649,1.3066,1.00,1.12
2016.10.04 11:53:21.819,1.3065,1.30661,1.50,1.00
2016.10.04 11:53:21.870,1.30652,1.30661,1.00,1.00
2016.10.04 11:53:21.926,1.30653,1.30664,1.00,1.12
2016.10.04 11:53:21.977,1.30654,1.30666,1.00,1.12
2016.10.04 11:53:22.028,1.30654,1.30667,1.12,1.87
2016.10.04 11:53:22.079,1.30654,1.30667,1.12,1.50
2016.10.04 11:53:22.130,1.30654,1.30667,2.62,1.12
2016.10.04 11:53:22.181,1.30656,1.30668,1.00,1.12
2016.10.04 11:53:22.403,1.30656,1.30669,1.00,2.25
2016.10.04 11:53:23.574,1.30656,1.30669,1.12,1.87
2016.10.04 11:53:27.488,1.30656,1.30669,1.00,1.87
2016.10.04 11:53:28.730,1.30656,1.30669,1.00,1.00
2016.10.04 11:53:28.980,1.30656,1.30667,1.00,1.12
2016.10.04 11:53:29.724,1.30656,1.30668,1.00,1.00
2016.10.04 11:53:29.826,1.30655,1.3067,1.12,2.25
2016.10.04 11:53:29.878,1.30655,1.3067,1.50,1.87
2016.10.04 11:53:29.979,1.30657,1.30669,1.00,1.00
2016.10.04 11:53:30.369,1.30656,1.30669,1.87,1.00
2016.10.04 11:53:30.472,1.30656,1.30666,1.50,1.00
2016.10.04 11:53:30.523,1.30655,1.30662,1.37,2.25
2016.10.04 11:53:30.574,1.30654,1.3066,1.12,1.00
2016.10.04 11:53:30.625,1.30652,1.30663,1.50,2.25
2016.10.04 11:53:30.677,1.3065,1.3066,2.25,1.00
2016.10.04 11:53:30.902,1.3065,1.3066,1.12,1.00
2016.10.04 11:53:30.954,1.30648,1.3066,1.12,1.50
2016.10.04 11:53:31.005,1.30647,1.3066,1.87,1.50
2016.10.04 11:53:31.056,1.30647,1.3066,1.12,1.50
2016.10.04 11:53:31.160,1.30647,1.3066,1.00,1.50
2016.10.04 11:53:31.364,1.30647,1.3066,1.00,2.62
2016.10.04 11:53:33.138,1.30647,1.3066,1.00,3.00
2016.10.04 11:53:34.638,1.30647,1.3066,1.00,1.87
2016.10.04 11:53:34.893,1.30647,1.30658,1.00,1.00
2016.10.04 11:53:36.181,1.30647,1.30661,1.00,1.87
2016.10.04 11:53:36.286,1.30647,1.30661,1.00,1.50
2016.10.04 11:53:38.423,1.30646,1.30661,1.12,1.87
2016.10.04 11:53:38.679,1.30646,1.3066,1.12,1.50
2016.10.04 11:53:41.470,1.30646,1.3066,1.12,1.87
2016.10.04 11:53:41.628,1.30646,1.30659,1.12,1.12
2016.10.04 11:53:42.297,1.30646,1.30657,1.00,1.12
2016.10.04 11:53:42.348,1.30642,1.30655,1.37,1.12
2016.10.04 11:53:42.399,1.30642,1.30655,1.00,1.12
2016.10.04 11:53:42.917,1.30642,1.30654,1.00,1.12
2016.10.04 11:53:47.089,1.30642,1.30652,1.00,1.00
2016.10.04 11:53:47.140,1.30642,1.30655,1.00,1.12
2016.10.04 11:53:48.230,1.30641,1.30655,1.00,1.12
2016.10.04 11:53:48.921,1.30643,1.30655,1.00,1.87
2016.10.04 11:53:48.972,1.30643,1.30653,1.00,1.00
2016.10.04 11:53:49.023,1.30643,1.30655,1.00,1.75
2016.10.04 11:53:49.346,1.30642,1.30654,1.00,1.50
2016.10.04 11:53:49.398,1.30642,1.30654,1.00,1.12
2016.10.04 11:53:49.449,1.30643,1.30655,1.00,1.37
2016.10.04 11:53:49.500,1.30643,1.30655,1.00,1.37
2016.10.04 11:53:49.703,1.30642,1.30655,1.12,1.37
2016.10.04 11:53:50.009,1.30643,1.30655,1.00,1.37
2016.10.04 11:53:50.060,1.30644,1.30656,1.00,1.50
2016.10.04 11:53:50.790,1.30642,1.30657,1.12,1.87
2016.10.04 11:53:52.167,1.30642,1.30657,1.12,1.75
2016.10.04 11:53:52.965,1.30646,1.30658,1.00,2.25
2016.10.04 11:53:53.752,1.30647,1.30658,1.00,2.25
2016.10.04 11:53:54.253,1.30648,1.30658,1.00,2.25
2016.10.04 11:53:54.772,1.30648,1.30658,1.00,1.87
2016.10.04 11:53:55.645,1.3065,1.30659,1.00,1.12
2016.10.04 11:53:55.696,1.3065,1.30659,1.00,1.37
2016.10.04 11:53:55.747,1.3065,1.30659,1.00,1.00
2016.10.04 11:53:55.799,1.3065,1.30661,1.00,1.12
2016.10.04 11:53:56.435,1.30652,1.30662,1.00,1.12
2016.10.04 11:53:56.486,1.30654,1.30662,1.00,1.37
2016.10.04 11:53:56.537,1.30655,1.30665,1.00,1.87
2016.10.04 11:53:56.764,1.30653,1.30665,1.00,2.25
2016.10.04 11:53:56.816,1.30653,1.30665,1.00,3.00
2016.10.04 11:53:56.867,1.30653,1.30664,1.00,1.37
2016.10.04 11:53:56.971,1.30653,1.30664,1.00,1.12
2016.10.04 11:53:57.345,1.30653,1.30662,1.00,1.12
2016.10.04 11:53:57.396,1.30653,1.30662,1.00,1.00
2016.10.04 11:54:02.824,1.30653,1.30661,1.00,1.12
2016.10.04 11:54:02.887,1.3065,1.30661,1.00,1.12
2016.10.04 11:54:02.952,1.3065,1.30661,1.00,1.87
2016.10.04 11:54:03.054,1.3065,1.30661,1.00,1.87
2016.10.04 11:54:03.156,1.3065,1.30661,1.00,1.87
2016.10.04 11:54:03.553,1.30648,1.30659,1.00,1.50
2016.10.04 11:54:03.655,1.30648,1.3066,1.00,2.62
2016.10.04 11:54:04.836,1.30648,1.30659,1.00,1.87
2016.10.04 11:54:05.321,1.30648,1.30659,1.00,2.62
2016.10.04 11:54:05.766,1.30648,1.30659,1.00,2.62
2016.10.04 11:54:06.165,1.30649,1.30659,1.00,1.75
2016.10.04 11:54:06.216,1.30649,1.3066,1.00,1.37
2016.10.04 11:54:06.267,1.30649,1.3066,1.00,1.00
2016.10.04 11:54:06.318,1.30649,1.3066,1.00,1.12
2016.10.04 11:54:06.553,1.30649,1.3066,1.00,1.00
2016.10.04 11:54:06.654,1.30649,1.30661,1.00,1.87
2016.10.04 11:54:07.264,1.30649,1.30661,1.00,1.87
2016.10.04 11:54:07.366,1.30649,1.30661,1.00,1.87
2016.10.04 11:54:08.261,1.30651,1.30663,1.00,1.75
2016.10.04 11:54:08.312,1.30654,1.30664,1.00,1.87
2016.10.04 11:54:08.364,1.30654,1.30665,1.00,1.12
2016.10.04 11:54:08.514,1.30654,1.30666,1.00,5.10
2016.10.04 11:54:08.565,1.30654,1.30664,1.00,1.00
2016.10.04 11:54:09.281,1.30655,1.30664,1.00,1.00
2016.10.04 11:54:09.721,1.30655,1.30666,1.00,1.87
2016.10.04 11:54:09.873,1.30655,1.30667,1.00,1.87
2016.10.04 11:54:09.924,1.30655,1.30667,1.00,2.06
2016.10.04 11:54:09.975,1.30655,1.30667,1.00,2.06
2016.10.04 11:54:10.229,1.30655,1.30667,1.00,1.87
2016.10.04 11:54:10.735,1.30655,1.30667,1.00,1.87
2016.10.04 11:54:11.779,1.30655,1.30667,1.00,1.87
2016.10.04 11:54:11.944,1.30655,1.30665,1.00,1.00
2016.10.04 11:54:12.475,1.30656,1.30665,1.00,1.00
2016.10.04 11:54:20.670,1.30653,1.30665,1.00,1.12
2016.10.04 11:54:20.721,1.30653,1.30665,1.00,1.00
2016.10.04 11:54:20.773,1.30653,1.30666,1.00,2.62
2016.10.04 11:54:20.824,1.30653,1.30663,1.00,1.12
2016.10.04 11:54:20.925,1.30651,1.30662,1.00,1.50
2016.10.04 11:54:20.977,1.30651,1.30662,1.00,2.62
2016.10.04 11:54:21.028,1.30651,1.30662,1.00,3.00
2016.10.04 11:54:21.079,1.30651,1.3066,1.00,1.00
2016.10.04 11:54:21.554,1.30651,1.30662,1.00,1.12
2016.10.04 11:54:22.934,1.30653,1.30662,1.00,1.00
2016.10.04 11:54:23.036,1.30653,1.30663,1.00,1.37
2016.10.04 11:54:23.138,1.30653,1.30663,1.00,1.00
2016.10.04 11:54:23.189,1.30653,1.30664,1.00,2.62
2016.10.04 11:54:23.411,1.30653,1.30664,1.00,1.50
2016.10.04 11:54:27.397,1.30653,1.30664,1.00,1.87
2016.10.04 11:54:27.448,1.30647,1.30662,1.50,1.75
2016.10.04 11:54:27.499,1.30647,1.30658,1.00,2.25
2016.10.04 11:54:27.558,1.30643,1.30657,1.87,1.75
2016.10.04 11:54:27.609,1.30643,1.30657,1.50,1.75
2016.10.04 11:54:27.660,1.30643,1.30655,1.50,2.25
2016.10.04 11:54:27.762,1.30644,1.30655,1.00,1.12
2016.10.04 11:54:28.169,1.30643,1.30655,1.50,1.87
2016.10.04 11:54:28.324,1.30644,1.30655,1.00,1.87
2016.10.04 11:54:28.375,1.30644,1.30655,1.00,1.12
2016.10.04 11:54:28.477,1.30644,1.30655,1.50,1.87
2016.10.04 11:54:29.200,1.30644,1.30655,1.00,1.87
2016.10.04 11:54:29.251,1.30644,1.30655,1.00,1.12
2016.10.04 11:54:29.404,1.30644,1.30655,1.50,1.12
2016.10.04 11:54:29.557,1.30644,1.30654,1.50,1.00
2016.10.04 11:54:29.608,1.30644,1.30655,1.50,1.37
2016.10.04 11:54:30.552,1.30644,1.30655,1.00,1.37
2016.10.04 11:54:30.706,1.30643,1.30655,1.50,1.37
2016.10.04 11:54:30.757,1.30643,1.30655,1.50,1.12
2016.10.04 11:54:30.938,1.30643,1.30655,1.50,1.00
2016.10.04 11:54:31.160,1.30644,1.30655,1.00,1.00
2016.10.04 11:54:31.262,1.30644,1.30654,1.00,1.00
2016.10.04 11:54:31.314,1.30644,1.30654,1.00,1.37
2016.10.04 11:54:31.365,1.30644,1.30652,1.00,1.00
2016.10.04 11:54:31.417,1.30644,1.30653,1.00,3.75
2016.10.04 11:54:31.468,1.30644,1.30651,1.00,1.00
2016.10.04 11:54:31.691,1.30644,1.30653,1.00,1.50
2016.10.04 11:54:31.744,1.30644,1.30653,1.00,1.87
2016.10.04 11:54:31.795,1.30644,1.30653,1.00,2.25
2016.10.04 11:54:31.847,1.30644,1.30653,1.00,1.12
2016.10.04 11:54:31.999,1.30643,1.30653,1.50,1.12
2016.10.04 11:54:33.051,1.30643,1.30653,1.50,1.00
2016.10.04 11:54:33.153,1.30643,1.30653,1.50,1.00
2016.10.04 11:54:33.573,1.30643,1.30653,1.00,1.87
2016.10.04 11:54:33.624,1.30644,1.30653,1.00,3.00
2016.10.04 11:54:33.675,1.30644,1.30651,1.00,3.00
2016.10.04 11:54:33.777,1.30644,1.30651,1.00,1.87
2016.10.04 11:54:34.134,1.30643,1.30649,1.00,1.87
2016.10.04 11:54:34.185,1.30642,1.30647,1.00,1.12
2016.10.04 11:54:34.237,1.30641,1.30647,1.00,1.50
2016.10.04 11:54:34.360,1.3064,1.30644,1.12,1.12
2016.10.04 11:54:34.412,1.30625,1.3064,3.37,1.00
2016.10.04 11:54:34.463,1.30625,1.3064,1.00,2.25
2016.10.04 11:54:34.514,1.30625,1.30638,1.00,1.50
2016.10.04 11:54:34.566,1.30623,1.30636,1.87,1.00
2016.10.04 11:54:34.617,1.30622,1.30635,1.37,1.37
2016.10.04 11:54:34.668,1.30619,1.30632,1.50,1.00
2016.10.04 11:54:34.720,1.30618,1.30631,1.37,1.37
2016.10.04 11:54:34.772,1.30617,1.3063,1.12,1.12
2016.10.04 11:54:34.824,1.30618,1.3063,1.00,1.50
2016.10.04 11:54:34.875,1.30618,1.3063,1.00,1.75
2016.10.04 11:54:34.927,1.30617,1.3063,1.00,2.25
2016.10.04 11:54:35.050,1.30617,1.30629,1.00,1.37
2016.10.04 11:54:35.101,1.30615,1.30629,1.00,1.37
2016.10.04 11:54:35.259,1.30617,1.30629,1.00,3.00
2016.10.04 11:54:35.311,1.30617,1.30629,1.00,2.25
2016.10.04 11:54:35.363,1.30619,1.3063,1.00,1.37
2016.10.04 11:54:35.416,1.30621,1.3063,1.00,1.00
2016.10.04 11:54:35.468,1.30623,1.30631,1.00,1.50
2016.10.04 11:54:35.519,1.30624,1.30631,1.00,1.00
2016.10.04 11:54:35.571,1.30624,1.30635,1.00,1.75
2016.10.04 11:54:35.623,1.30624,1.30635,1.00,1.12
2016.10.04 11:54:35.674,1.30624,1.30637,1.00,1.75
2016.10.04 11:54:35.837,1.30624,1.30637,1.00,1.12
2016.10.04 11:54:35.939,1.30624,1.30638,1.00,1.87
2016.10.04 11:54:36.041,1.30624,1.30638,1.00,2.62
2016.10.04 11:54:36.245,1.30623,1.30637,1.00,1.50
2016.10.04 11:54:36.297,1.30622,1.30636,1.00,1.12
2016.10.04 11:54:36.349,1.30622,1.30636,1.00,1.50
2016.10.04 11:54:36.401,1.30622,1.30635,1.00,1.50
2016.10.04 11:54:36.452,1.30622,1.30634,1.00,1.50
2016.10.04 11:54:36.504,1.30622,1.30634,1.00,1.87
2016.10.04 11:54:37.542,1.3062,1.30635,1.00,2.62
2016.10.04 11:54:37.594,1.3062,1.30633,1.00,1.87
2016.10.04 11:54:37.645,1.30619,1.30632,1.00,2.25
2016.10.04 11:54:37.696,1.30619,1.30632,1.00,1.50
2016.10.04 11:54:37.747,1.30619,1.30632,1.00,1.37
2016.10.04 11:54:37.882,1.30619,1.30632,1.00,2.25
2016.10.04 11:54:38.137,1.30618,1.30631,1.00,1.12
2016.10.04 11:54:38.188,1.30618,1.30631,1.00,1.50
2016.10.04 11:54:38.239,1.30618,1.30629,1.00,1.12
2016.10.04 11:54:38.290,1.30614,1.30629,2.25,2.25
2016.10.04 11:54:38.341,1.30614,1.30628,1.00,2.62
2016.10.04 11:54:38.392,1.30613,1.30628,1.12,4.12
2016.10.04 11:54:38.443,1.30613,1.30625,1.00,1.12
2016.10.04 11:54:40.214,1.3061,1.30625,1.75,1.87
2016.10.04 11:54:40.265,1.3061,1.30622,1.75,1.00
2016.10.04 11:54:40.316,1.30608,1.30621,1.87,1.00
2016.10.04 11:54:40.368,1.30608,1.30621,1.37,1.12
2016.10.04 11:54:40.419,1.30607,1.3062,1.37,1.00
2016.10.04 11:54:40.470,1.30607,1.3062,1.00,1.37
2016.10.04 11:54:40.521,1.30608,1.30619,1.00,1.00
2016.10.04 11:54:40.572,1.30608,1.3062,1.00,1.50
2016.10.04 11:54:40.623,1.30608,1.3062,1.00,1.12
2016.10.04 11:54:41.770,1.30605,1.3061,1.00,1.00
2016.10.04 11:54:41.991,1.30603,1.30611,1.37,1.00
2016.10.04 11:54:42.043,1.30602,1.30607,1.37,1.00
2016.10.04 11:54:42.094,1.306,1.30606,1.12,1.00
2016.10.04 11:54:42.246,1.306,1.30606,1.31,1.00
2016.10.04 11:54:42.298,1.30599,1.30606,1.94,1.00
2016.10.04 11:54:42.653,1.30599,1.30606,2.06,1.00
2016.10.04 11:54:42.755,1.30601,1.30605,1.00,1.00
2016.10.04 11:54:42.889,1.30597,1.30604,2.06,1.00
2016.10.04 11:54:42.940,1.30597,1.30604,1.31,1.00
2016.10.04 11:54:42.991,1.30597,1.30604,1.56,1.00
2016.10.04 11:54:43.093,1.30597,1.30604,1.19,1.00
2016.10.04 11:54:43.195,1.30597,1.30602,1.19,1.00
2016.10.04 11:54:43.246,1.30597,1.30604,1.19,1.00
2016.10.04 11:54:43.451,1.30594,1.30599,2.62,1.00
2016.10.04 11:54:43.502,1.30594,1.30601,1.12,1.00
2016.10.04 11:54:43.726,1.30596,1.306,1.00,1.00
2016.10.04 11:54:44.724,1.30594,1.306,1.12,1.00
2016.10.04 11:54:44.827,1.30592,1.30597,1.37,1.00
2016.10.04 11:54:44.880,1.3059,1.30597,1.12,1.00
2016.10.04 11:54:44.932,1.30585,1.30591,2.81,1.00
2016.10.04 11:54:44.983,1.30585,1.30591,2.44,1.00
2016.10.04 11:54:45.035,1.30585,1.30591,1.87,1.00
2016.10.04 11:54:45.137,1.30584,1.30591,1.12,1.00
2016.10.04 11:54:45.188,1.30586,1.30591,1.00,1.00
2016.10.04 11:54:45.614,1.30585,1.30592,1.31,1.00
2016.10.04 11:54:45.666,1.30585,1.30592,2.00,1.00
2016.10.04 11:54:45.717,1.30587,1.30594,1.50,1.00
2016.10.04 11:54:45.768,1.30587,1.30593,3.37,1.00
2016.10.04 11:54:45.820,1.30588,1.30595,1.75,1.00
2016.10.04 11:54:45.871,1.30589,1.30594,1.00,1.00
2016.10.04 11:54:45.922,1.30589,1.30594,1.12,1.00
2016.10.04 11:54:45.973,1.30589,1.30594,1.00,1.00
2016.10.04 11:54:46.418,1.30589,1.30594,1.37,1.00
2016.10.04 11:54:46.470,1.30589,1.30594,1.50,1.00
2016.10.04 11:54:46.684,1.30589,1.30595,1.37,1.00
2016.10.04 11:54:46.736,1.30588,1.30595,1.12,1.00
2016.10.04 11:54:46.838,1.30587,1.30592,1.12,1.00
2016.10.04 11:54:47.052,1.30588,1.306,1.50,1.00
2016.10.04 11:54:47.103,1.30592,1.30599,1.87,1.00
2016.10.04 11:54:47.155,1.30593,1.306,1.12,1.00
2016.10.04 11:54:47.310,1.30593,1.30602,3.00,1.00
2016.10.04 11:54:47.466,1.30594,1.30604,1.12,1.00
2016.10.04 11:54:47.518,1.30595,1.30605,1.12,1.00
2016.10.04 11:54:47.569,1.30595,1.30605,1.12,1.00
2016.10.04 11:54:47.976,1.30594,1.30607,1.12,1.00
2016.10.04 11:54:48.027,1.30595,1.30607,1.50,1.00
2016.10.04 11:54:48.078,1.30595,1.30605,1.87,1.00
2016.10.04 11:54:48.283,1.30595,1.30606,1.75,1.00
2016.10.04 11:54:48.462,1.30594,1.30604,1.12,1.00
2016.10.04 11:54:48.717,1.30593,1.30604,3.00,1.00
2016.10.04 11:54:49.074,1.30594,1.30606,1.37,1.00
2016.10.04 11:54:49.125,1.30594,1.30606,3.75,1.00
2016.10.04 11:54:49.176,1.30594,1.30604,3.75,1.00
2016.10.04 11:54:49.227,1.30596,1.30604,1.00,1.00
2016.10.04 11:54:49.493,1.30594,1.30605,3.00,1.00
2016.10.04 11:54:49.544,1.30594,1.30603,2.62,1.00
2016.10.04 11:54:49.595,1.30595,1.30603,1.00,1.00
2016.10.04 11:54:49.697,1.30591,1.30599,1.12,1.00
2016.10.04 11:54:49.748,1.30589,1.30599,1.00,1.00
2016.10.04 11:54:50.105,1.30589,1.30597,1.00,1.00
2016.10.04 11:54:50.360,1.30589,1.30599,1.00,1.00
2016.10.04 11:54:50.582,1.30588,1.306,1.75,1.00
2016.10.04 11:54:50.633,1.30589,1.306,1.87,1.00
2016.10.04 11:54:50.735,1.30589,1.306,3.00,1.00
2016.10.04 11:54:50.786,1.30589,1.30602,3.75,1.00
2016.10.04 11:54:50.837,1.30592,1.30602,1.12,1.00
2016.10.04 11:54:51.194,1.30592,1.30603,1.50,1.00
2016.10.04 11:54:51.729,1.30592,1.30603,1.87,1.00
2016.10.04 11:54:51.780,1.30592,1.30603,1.50,1.00
2016.10.04 11:54:51.831,1.30592,1.30603,1.12,1.00
2016.10.04 11:54:52.086,1.30592,1.30605,1.87,1.50
2016.10.04 11:54:52.137,1.30592,1.30605,1.87,1.00
2016.10.04 11:54:52.257,1.30594,1.30605,1.00,1.00
2016.10.04 11:54:52.308,1.30596,1.30608,1.12,1.00
2016.10.04 11:54:52.360,1.30598,1.30608,1.00,1.00
2016.10.04 11:54:52.411,1.30598,1.30608,1.12,1.00
2016.10.04 11:54:52.833,1.30595,1.30604,2.62,1.00
2016.10.04 11:54:52.884,1.30595,1.30604,2.25,1.00
2016.10.04 11:54:52.935,1.30593,1.30605,1.75,1.00
2016.10.04 11:54:53.093,1.30593,1.30603,1.37,1.00
2016.10.04 11:54:53.198,1.30593,1.30602,1.12,1.00
2016.10.04 11:54:53.454,1.30592,1.30602,1.87,1.00
2016.10.04 11:54:53.606,1.30592,1.30602,1.87,1.00
2016.10.04 11:54:53.657,1.30592,1.30602,2.25,1.00
2016.10.04 11:54:54.234,1.30592,1.30603,2.25,1.00
2016.10.04 11:54:55.076,1.30592,1.30603,2.25,1.00
2016.10.04 11:54:55.127,1.30594,1.30606,1.50,1.50
2016.10.04 11:54:55.179,1.30595,1.30608,1.12,1.00
2016.10.04 11:54:55.230,1.30597,1.3061,1.37,1.00
2016.10.04 11:54:55.281,1.30597,1.3061,1.37,1.00
2016.10.04 11:54:55.449,1.30599,1.30609,1.00,1.00
2016.10.04 11:54:56.075,1.30599,1.30613,1.50,1.12
2016.10.04 11:54:56.126,1.30599,1.3061,1.00,1.00
2016.10.04 11:54:56.177,1.30599,1.30611,1.00,1.00
2016.10.04 11:54:56.229,1.30597,1.30609,4.12,1.00
2016.10.04 11:54:56.534,1.30597,1.30609,3.37,1.00
2016.10.04 11:54:56.991,1.30597,1.30609,3.75,1.00
2016.10.04 11:54:57.496,1.30601,1.3061,1.87,1.00
2016.10.04 11:54:57.547,1.30607,1.30614,1.00,1.37
2016.10.04 11:54:57.598,1.3061,1.30614,1.00,1.00
2016.10.04 11:54:57.649,1.30612,1.30616,1.00,1.00
2016.10.04 11:54:57.880,1.30612,1.30623,3.00,1.00
2016.10.04 11:54:58.033,1.30612,1.30622,1.50,1.00
2016.10.04 11:54:58.135,1.30612,1.3062,1.12,1.00
2016.10.04 11:54:58.188,1.30608,1.3062,3.00,1.00
2016.10.04 11:54:58.239,1.30606,1.30618,1.12,1.00
2016.10.04 11:54:58.341,1.30606,1.30616,1.12,1.12
2016.10.04 11:54:58.393,1.30606,1.30615,1.12,1.00
2016.10.04 11:54:58.444,1.30603,1.30615,1.75,1.00
2016.10.04 11:54:58.602,1.30603,1.30613,1.00,1.00
2016.10.04 11:54:58.971,1.30603,1.30615,1.00,1.00
2016.10.04 11:54:59.022,1.30603,1.30616,1.87,1.50
2016.10.04 11:54:59.073,1.30603,1.30615,1.12,1.00
2016.10.04 11:54:59.124,1.30604,1.30615,1.12,1.00
2016.10.04 11:54:59.176,1.30604,1.30615,1.50,1.00
2016.10.04 11:54:59.227,1.30604,1.30615,1.37,1.00
2016.10.04 11:54:59.653,1.30604,1.30615,2.25,1.00
2016.10.04 11:55:00.163,1.30604,1.30615,1.37,1.00
2016.10.04 11:55:00.859,1.30607,1.30615,1.00,1.00
2016.10.04 11:55:01.419,1.30607,1.30616,1.00,1.00
2016.10.04 11:55:01.665,1.30606,1.30619,1.00,2.25
2016.10.04 11:55:01.716,1.30607,1.30619,3.00,2.25
2016.10.04 11:55:01.767,1.30607,1.30619,3.00,1.50
2016.10.04 11:55:01.819,1.30608,1.30619,1.37,1.00
2016.10.04 11:55:01.870,1.30609,1.30619,1.00,1.00
2016.10.04 11:55:01.972,1.30609,1.3062,1.87,1.00
2016.10.04 11:55:02.077,1.30609,1.3062,2.25,1.00
2016.10.04 11:55:02.671,1.30609,1.3062,1.12,1.00
2016.10.04 11:55:02.722,1.30609,1.30622,1.12,1.12
2016.10.04 11:55:02.926,1.30609,1.30622,2.25,1.12
2016.10.04 11:55:03.028,1.30609,1.30621,2.25,1.00
2016.10.04 11:55:03.079,1.30609,1.30619,1.87,1.00
2016.10.04 11:55:03.131,1.30609,1.30619,1.12,1.00
2016.10.04 11:55:03.182,1.30607,1.30619,1.50,1.00
2016.10.04 11:55:03.234,1.30608,1.30619,1.00,1.00
2016.10.04 11:55:03.338,1.30608,1.3062,1.37,1.00
2016.10.04 11:55:03.390,1.30608,1.30619,1.50,1.00
2016.10.04 11:55:04.056,1.30608,1.30619,1.00,1.00
2016.10.04 11:55:04.107,1.30608,1.30618,1.00,1.50
2016.10.04 11:55:04.158,1.30606,1.30618,1.00,1.00
2016.10.04 11:55:04.209,1.30606,1.30619,1.50,1.12
2016.10.04 11:55:04.261,1.30607,1.30619,1.00,1.12
2016.10.04 11:55:04.363,1.30608,1.30619,1.37,1.12
2016.10.04 11:55:04.506,1.30608,1.30621,1.37,2.25
2016.10.04 11:55:04.672,1.30607,1.30619,1.87,1.12
2016.10.04 11:55:04.723,1.30607,1.30619,1.87,1.12
2016.10.04 11:55:04.774,1.30607,1.30618,1.12,1.00
2016.10.04 11:55:04.825,1.30607,1.30618,2.62,1.00
2016.10.04 11:55:04.928,1.30607,1.30618,3.00,1.00
2016.10.04 11:55:04.979,1.30607,1.30618,2.62,1.00
2016.10.04 11:55:05.030,1.30608,1.30618,1.00,1.00
2016.10.04 11:55:05.081,1.30606,1.30618,1.87,1.00
2016.10.04 11:55:05.234,1.30606,1.30618,2.62,1.00
2016.10.04 11:55:05.439,1.30607,1.30618,1.12,1.00
2016.10.04 11:55:05.586,1.30607,1.30618,1.87,1.00
2016.10.04 11:55:05.637,1.30607,1.30618,3.00,1.00
2016.10.04 11:55:06.248,1.3061,1.30618,1.87,1.00
2016.10.04 11:55:06.299,1.30612,1.30621,1.12,1.00
2016.10.04 11:55:06.351,1.30617,1.30625,1.00,1.50
2016.10.04 11:55:06.454,1.30618,1.30626,1.00,1.00
2016.10.04 11:55:06.574,1.30616,1.30626,1.37,1.00
2016.10.04 11:55:06.728,1.30616,1.30623,1.37,1.12
2016.10.04 11:55:06.779,1.30611,1.30623,1.12,1.12
2016.10.04 11:55:06.863,1.30609,1.30621,2.62,1.00
2016.10.04 11:55:06.915,1.30609,1.30621,2.25,1.00
2016.10.04 11:55:06.967,1.30609,1.30621,1.50,1.00
2016.10.04 11:55:07.018,1.30609,1.30622,1.00,1.00
2016.10.04 11:55:07.324,1.30613,1.30621,1.00,1.00
2016.10.04 11:55:07.732,1.30608,1.30621,2.25,1.00
2016.10.04 11:55:08.163,1.30609,1.30624,2.62,1.00
2016.10.04 11:55:08.265,1.30609,1.30623,1.50,1.00
2016.10.04 11:55:08.367,1.30609,1.30622,1.00,1.00
2016.10.04 11:55:08.418,1.30609,1.30622,1.12,1.00
2016.10.04 11:55:08.622,1.30609,1.30622,1.00,1.00
2016.10.04 11:55:08.791,1.30609,1.30622,1.12,1.00
2016.10.04 11:55:09.178,1.30609,1.30622,2.62,1.00
2016.10.04 11:55:09.229,1.30614,1.30625,1.00,1.00
2016.10.04 11:55:09.381,1.30618,1.30627,1.12,1.00
2016.10.04 11:55:09.534,1.30617,1.30627,1.87,1.00
2016.10.04 11:55:09.585,1.30618,1.30627,1.00,1.00
2016.10.04 11:55:09.726,1.30617,1.30627,1.50,1.00
2016.10.04 11:55:09.777,1.30617,1.30629,1.50,1.00
2016.10.04 11:55:09.831,1.30618,1.30629,1.12,1.00
2016.10.04 11:55:09.883,1.30618,1.30627,1.12,1.00
2016.10.04 11:55:09.934,1.30618,1.30629,1.12,1.00
2016.10.04 11:55:10.036,1.30616,1.30626,2.62,1.00
2016.10.04 11:55:10.087,1.30616,1.30626,2.25,1.00
2016.10.04 11:55:10.139,1.30616,1.30624,1.12,1.00
2016.10.04 11:55:10.190,1.30617,1.30623,1.00,1.00
2016.10.04 11:55:10.293,1.30613,1.30623,1.75,1.00
2016.10.04 11:55:10.395,1.30613,1.30623,1.12,1.00
2016.10.04 11:55:10.446,1.30613,1.30623,1.87,1.00
2016.10.04 11:55:10.642,1.30613,1.30623,1.12,1.00
2016.10.04 11:55:10.744,1.30613,1.30623,1.12,1.00
2016.10.04 11:55:10.795,1.30611,1.30623,1.50,1.00
2016.10.04 11:55:11.397,1.30611,1.30623,1.37,1.00
2016.10.04 11:55:11.855,1.3061,1.30623,1.50,1.00
2016.10.04 11:55:12.849,1.3061,1.30622,2.25,1.00
2016.10.04 11:55:12.900,1.3061,1.30622,1.87,1.00
2016.10.04 11:55:13.075,1.3061,1.30622,2.25,1.00
2016.10.04 11:55:13.127,1.3061,1.30622,1.87,1.00
2016.10.04 11:55:13.178,1.3061,1.30622,1.50,1.00
2016.10.04 11:55:13.230,1.30609,1.30622,3.37,1.00
2016.10.04 11:55:13.281,1.3061,1.30622,1.87,1.00
2016.10.04 11:55:13.689,1.3061,1.30621,1.50,1.00
2016.10.04 11:55:13.740,1.30608,1.30621,2.25,1.00
2016.10.04 11:55:13.791,1.30608,1.30619,1.37,1.00
2016.10.04 11:55:13.959,1.30607,1.30619,1.12,1.00
2016.10.04 11:55:14.010,1.30604,1.30615,2.25,1.00
2016.10.04 11:55:14.061,1.30603,1.30613,1.87,1.00
2016.10.04 11:55:14.112,1.30603,1.30613,1.37,1.00
2016.10.04 11:55:14.164,1.30601,1.30612,2.25,1.00
2016.10.04 11:55:14.215,1.30601,1.30611,1.00,1.00
2016.10.04 11:55:14.266,1.306,1.3061,1.00,1.00
2016.10.04 11:55:14.317,1.30597,1.3061,3.00,1.00
2016.10.04 11:55:14.368,1.306,1.30613,1.00,1.00
2016.10.04 11:55:14.469,1.306,1.30614,1.00,1.37
2016.10.04 11:55:14.520,1.30601,1.30614,1.50,1.37
2016.10.04 11:55:14.697,1.30602,1.30613,1.00,1.00
2016.10.04 11:55:15.333,1.30602,1.30613,1.25,1.00
2016.10.04 11:55:15.385,1.30607,1.30618,1.12,2.25
2016.10.04 11:55:15.436,1.30607,1.30616,1.12,1.00
2016.10.04 11:55:15.487,1.30607,1.30616,1.75,1.00
2016.10.04 11:55:15.632,1.30605,1.30616,1.37,1.00
2016.10.04 11:55:15.683,1.30604,1.30612,1.37,1.00
2016.10.04 11:55:15.734,1.30604,1.3061,1.00,1.00
2016.10.04 11:55:15.785,1.30599,1.3061,1.75,1.00
2016.10.04 11:55:15.836,1.30599,1.3061,1.12,1.00
2016.10.04 11:55:15.898,1.30598,1.30611,3.37,1.12
2016.10.04 11:55:16.000,1.30598,1.30611,3.37,1.12
2016.10.04 11:55:16.051,1.30598,1.30611,3.37,1.12
2016.10.04 11:55:16.153,1.30598,1.30611,4.12,1.12
2016.10.04 11:55:16.204,1.30599,1.30611,1.50,1.00
2016.10.04 11:55:16.255,1.30599,1.30611,1.37,1.00
2016.10.04 11:55:16.307,1.30599,1.30611,2.62,1.00
2016.10.04 11:55:16.358,1.30599,1.30611,3.00,1.00
2016.10.04 11:55:16.937,1.30599,1.30611,2.25,1.00
2016.10.04 11:55:16.989,1.306,1.3061,1.00,1.00
2016.10.04 11:55:17.040,1.30598,1.30611,3.37,1.00
2016.10.04 11:55:17.193,1.306,1.30612,1.87,1.00
2016.10.04 11:55:17.244,1.306,1.30614,2.62,1.37
2016.10.04 11:55:17.452,1.30603,1.30616,1.87,1.00
2016.10.04 11:55:17.554,1.30603,1.30616,2.25,1.00
2016.10.04 11:55:17.606,1.30604,1.30617,1.87,1.12
2016.10.04 11:55:17.657,1.30604,1.30617,2.25,1.12
2016.10.04 11:55:17.760,1.30608,1.30619,1.00,1.87
2016.10.04 11:55:17.811,1.30608,1.30619,1.12,1.87
2016.10.04 11:55:17.863,1.30608,1.30618,1.12,1.00
2016.10.04 11:55:17.915,1.30608,1.30618,1.00,1.00
2016.10.04 11:55:17.966,1.30604,1.30618,1.00,1.00
2016.10.04 11:55:18.017,1.30604,1.30617,1.12,1.00
2016.10.04 11:55:18.119,1.30604,1.30617,1.00,1.00
2016.10.04 11:55:18.273,1.30608,1.30617,1.00,1.00
2016.10.04 11:55:18.956,1.30603,1.30617,1.50,1.00
2016.10.04 11:55:20.839,1.30604,1.30617,2.25,1.00
2016.10.04 11:55:23.047,1.30604,1.30617,2.25,1.00
2016.10.04 11:55:23.151,1.30602,1.30616,1.50,1.00
2016.10.04 11:55:23.294,1.30602,1.30615,1.12,1.50
2016.10.04 11:55:23.346,1.30598,1.30612,3.00,1.50
2016.10.04 11:55:23.397,1.30598,1.30612,1.87,1.50
2016.10.04 11:55:23.499,1.30598,1.30612,1.12,1.50
2016.10.04 11:55:23.550,1.30598,1.30612,1.12,1.12
2016.10.04 11:55:23.652,1.30598,1.30612,1.12,1.00
2016.10.04 11:55:24.771,1.30598,1.30612,1.87,1.00
2016.10.04 11:55:24.872,1.30598,1.3061,1.87,1.00
2016.10.04 11:55:25.026,1.30602,1.30613,1.00,1.00
2016.10.04 11:55:25.077,1.30603,1.30613,1.00,1.00
2016.10.04 11:55:25.129,1.30603,1.30615,1.00,1.50
2016.10.04 11:55:25.231,1.30607,1.30618,1.00,1.12
2016.10.04 11:55:25.553,1.30607,1.30619,1.00,1.50
2016.10.04 11:55:25.656,1.30607,1.30617,1.00,1.00
2016.10.04 11:55:26.211,1.30608,1.30619,1.00,1.50
2016.10.04 11:55:26.262,1.30605,1.30618,1.50,1.00
2016.10.04 11:55:26.364,1.30605,1.30618,1.12,1.00
2016.10.04 11:55:26.415,1.30605,1.30618,1.00,1.00
2016.10.04 11:55:27.166,1.30605,1.30618,1.12,1.00
2016.10.04 11:55:27.243,1.30605,1.30619,1.87,1.50
2016.10.04 11:55:27.362,1.30613,1.30619,1.00,1.00
2016.10.04 11:55:27.414,1.30613,1.30623,1.00,2.25
2016.10.04 11:55:27.465,1.30613,1.30623,1.00,1.12
2016.10.04 11:55:27.516,1.30613,1.30623,1.00,1.00
2016.10.04 11:55:27.568,1.30611,1.30623,1.00,1.00
2016.10.04 11:55:27.619,1.3061,1.30623,1.87,1.37
2016.10.04 11:55:27.670,1.30609,1.30623,1.75,1.37
2016.10.04 11:55:27.817,1.30609,1.30623,1.12,1.37
2016.10.04 11:55:27.881,1.30609,1.30623,1.00,1.50
2016.10.04 11:55:27.932,1.30608,1.30623,1.12,1.50
2016.10.04 11:55:27.983,1.30608,1.30623,1.12,1.87
2016.10.04 11:55:28.085,1.30608,1.3062,1.12,1.00
2016.10.04 11:55:28.136,1.30609,1.3062,1.00,1.00
2016.10.04 11:55:28.947,1.30609,1.30623,1.00,1.87
2016.10.04 11:55:29.049,1.30609,1.30623,1.00,1.75
2016.10.04 11:55:29.472,1.30612,1.30624,1.87,1.87
2016.10.04 11:55:29.593,1.30613,1.30624,1.00,1.87
2016.10.04 11:55:29.646,1.30612,1.30627,2.25,2.25
2016.10.04 11:55:29.698,1.30613,1.30626,1.12,1.00
2016.10.04 11:55:29.749,1.30613,1.30626,1.50,1.00
2016.10.04 11:55:29.800,1.30613,1.30626,1.12,1.00
2016.10.04 11:55:29.852,1.30612,1.30626,2.62,1.00
2016.10.04 11:55:29.903,1.30612,1.30626,4.12,1.00
2016.10.04 11:55:29.954,1.30613,1.30625,1.37,1.75
2016.10.04 11:55:30.006,1.30613,1.30624,1.37,1.50
2016.10.04 11:55:30.057,1.30613,1.30624,1.50,1.50
2016.10.04 11:55:30.109,1.30613,1.30624,1.00,1.50
2016.10.04 11:55:30.252,1.30613,1.30621,1.00,1.00
2016.10.04 11:55:30.311,1.30609,1.30621,1.12,1.37
2016.10.04 11:55:30.363,1.30609,1.30621,1.00,1.37
2016.10.04 11:55:31.382,1.30608,1.3062,1.00,1.12
2016.10.04 11:55:32.067,1.30607,1.30622,1.12,1.50
2016.10.04 11:55:32.118,1.30608,1.3062,1.12,1.12
2016.10.04 11:55:32.192,1.30606,1.30621,4.12,1.37
2016.10.04 11:55:32.244,1.30608,1.30621,1.12,1.37
2016.10.04 11:55:32.528,1.30608,1.30621,1.00,1.37
2016.10.04 11:55:33.066,1.30606,1.30621,3.37,1.37
2016.10.04 11:55:33.117,1.30607,1.30618,1.00,1.00
2016.10.04 11:55:33.168,1.30607,1.30614,1.00,1.00
2016.10.04 11:55:33.220,1.30605,1.3061,1.87,1.00
2016.10.04 11:55:33.271,1.30603,1.3061,1.00,1.00
2016.10.04 11:55:33.322,1.30598,1.30604,2.25,1.00
2016.10.04 11:55:33.374,1.30594,1.30603,1.75,1.00
2016.10.04 11:55:33.425,1.30594,1.30603,1.75,1.00
2016.10.04 11:55:33.476,1.30592,1.30602,1.75,1.00
2016.10.04 11:55:33.528,1.30592,1.30602,1.00,1.00
2016.10.04 11:55:33.789,1.30588,1.30599,1.50,1.00
2016.10.04 11:55:33.891,1.30589,1.30599,1.00,1.00
2016.10.04 11:55:34.558,1.3059,1.30603,1.00,1.00
2016.10.04 11:55:34.763,1.30591,1.30604,1.00,1.12
2016.10.04 11:55:34.865,1.30591,1.30603,1.00,1.00
2016.10.04 11:55:36.169,1.30593,1.30604,1.00,1.00
2016.10.04 11:55:36.220,1.30594,1.30605,1.00,1.87
2016.10.04 11:55:36.271,1.30594,1.30605,1.00,1.37
2016.10.04 11:55:36.322,1.30594,1.30605,1.00,1.00
2016.10.04 11:55:36.424,1.30594,1.30606,1.00,2.25
2016.10.04 11:55:37.396,1.30592,1.30606,1.00,1.50
2016.10.04 11:55:37.447,1.30594,1.30606,1.00,1.50
2016.10.04 11:55:37.633,1.30595,1.30606,1.00,1.12
2016.10.04 11:55:37.685,1.30595,1.30607,1.00,1.37
2016.10.04 11:55:37.736,1.30596,1.30608,1.00,1.37
2016.10.04 11:55:37.788,1.30596,1.30609,1.00,1.50
2016.10.04 11:55:37.843,1.30596,1.30609,1.00,1.87
2016.10.04 11:55:37.894,1.30596,1.30609,1.00,1.87
2016.10.04 11:55:37.945,1.30596,1.30609,1.00,1.50
2016.10.04 11:55:37.996,1.30596,1.30609,1.00,1.50
2016.10.04 11:55:38.098,1.30596,1.30609,1.00,1.87
2016.10.04 11:55:38.508,1.30595,1.30609,1.12,1.37
2016.10.04 11:55:38.559,1.30595,1.30609,1.12,1.00
2016.10.04 11:55:38.610,1.30597,1.3061,1.00,2.25
2016.10.04 11:55:38.971,1.30597,1.3061,1.00,1.12
2016.10.04 11:55:39.023,1.30602,1.30611,1.00,1.37
2016.10.04 11:55:39.075,1.30601,1.30612,1.00,1.37
2016.10.04 11:55:39.277,1.30603,1.30614,1.00,1.12
2016.10.04 11:55:39.379,1.30605,1.30617,1.00,2.25
2016.10.04 11:55:39.849,1.30605,1.30617,1.00,1.87
2016.10.04 11:55:40.096,1.30605,1.30617,1.00,2.25
2016.10.04 11:55:40.250,1.30605,1.30617,1.00,1.87
2016.10.04 11:55:40.394,1.30605,1.30617,1.00,1.50
2016.10.04 11:55:40.600,1.30606,1.30618,1.00,1.87
2016.10.04 11:55:40.702,1.30607,1.30618,1.00,1.12
2016.10.04 11:55:41.608,1.30608,1.30618,1.00,1.12
2016.10.04 11:55:42.000,1.30608,1.30618,1.50,1.12
2016.10.04 11:55:42.253,1.30608,1.30619,1.50,1.87
2016.10.04 11:55:42.304,1.30609,1.30619,1.00,1.87
2016.10.04 11:55:42.355,1.30608,1.30619,2.25,1.00
2016.10.04 11:55:42.497,1.30608,1.30622,2.25,1.00
2016.10.04 11:55:42.548,1.30609,1.30624,1.00,1.50
2016.10.04 11:55:42.650,1.30609,1.30624,1.37,1.50
2016.10.04 11:55:42.701,1.30609,1.30624,1.50,1.50
2016.10.04 11:55:42.752,1.30611,1.30623,1.12,1.00
2016.10.04 11:55:43.869,1.30611,1.30623,1.00,1.00
2016.10.04 11:55:44.175,1.30613,1.30626,1.00,1.50
2016.10.04 11:55:44.226,1.30614,1.30626,1.00,1.12
2016.10.04 11:55:44.328,1.30614,1.30626,1.00,1.00
2016.10.04 11:55:44.829,1.30613,1.30626,1.00,1.00
2016.10.04 11:55:45.546,1.30614,1.30626,1.00,1.00
2016.10.04 11:55:45.700,1.30612,1.30627,1.00,1.12
2016.10.04 11:55:46.226,1.30612,1.30627,1.00,1.50
2016.10.04 11:55:46.383,1.30613,1.30626,1.00,1.12
2016.10.04 11:55:46.434,1.30613,1.30626,1.00,1.69
2016.10.04 11:55:46.485,1.30613,1.30625,1.00,1.37
2016.10.04 11:55:46.537,1.30611,1.30626,1.00,1.87
2016.10.04 11:55:46.588,1.30611,1.30625,1.00,1.12
2016.10.04 11:55:46.870,1.30611,1.30625,1.00,1.87
2016.10.04 11:55:46.921,1.30611,1.30625,1.00,2.06
2016.10.04 11:55:47.470,1.30612,1.30625,1.00,2.06
2016.10.04 11:55:47.625,1.30611,1.30623,1.00,1.12
2016.10.04 11:55:47.677,1.3061,1.30622,1.00,1.00
2016.10.04 11:55:47.779,1.3061,1.30622,1.00,1.37
2016.10.04 11:55:47.880,1.3061,1.30622,1.00,1.50
2016.10.04 11:55:48.578,1.30607,1.30619,1.50,1.00
2016.10.04 11:55:48.629,1.30606,1.30619,1.75,1.00
2016.10.04 11:55:48.681,1.30606,1.30621,1.75,1.00
2016.10.04 11:55:48.732,1.30606,1.30621,1.75,1.31
2016.10.04 11:55:48.783,1.30606,1.30621,1.00,1.69
2016.10.04 11:55:49.932,1.30606,1.30621,1.00,1.12
2016.10.04 11:55:50.034,1.30606,1.30619,1.00,1.00
2016.10.04 11:55:50.085,1.30606,1.30619,1.00,1.37
2016.10.04 11:55:50.187,1.30607,1.30619,1.00,1.50
2016.10.04 11:55:54.460,1.30607,1.30619,1.00,1.12
2016.10.04 11:55:54.562,1.30607,1.30619,1.00,1.00
2016.10.04 11:55:55.310,1.30608,1.3062,1.00,1.00
2016.10.04 11:55:55.475,1.30608,1.30622,1.50,1.12
2016.10.04 11:55:55.869,1.30611,1.30623,1.00,1.50
2016.10.04 11:55:55.920,1.30613,1.30624,1.00,1.75
2016.10.04 11:55:55.971,1.30614,1.30623,1.00,1.00
2016.10.04 11:55:56.074,1.30614,1.30626,1.00,1.87
2016.10.04 11:55:56.125,1.30613,1.30624,1.00,1.00
2016.10.04 11:55:56.227,1.30616,1.30627,1.00,1.12
2016.10.04 11:55:56.279,1.30616,1.30627,1.12,1.12
2016.10.04 11:55:56.446,1.30618,1.30631,3.00,1.87
2016.10.04 11:55:56.498,1.30623,1.30634,1.00,1.12
2016.10.04 11:55:56.549,1.30624,1.30632,1.00,1.00
2016.10.04 11:55:56.651,1.30625,1.30635,1.00,1.12
2016.10.04 11:55:56.804,1.30626,1.30637,1.00,1.12
2016.10.04 11:55:56.906,1.30623,1.30635,1.12,1.31
2016.10.04 11:55:56.958,1.30621,1.30634,2.25,1.25
2016.10.04 11:55:57.011,1.30619,1.30634,1.87,2.44
2016.10.04 11:55:57.063,1.30619,1.30632,1.87,1.46
2016.10.04 11:55:57.115,1.30619,1.3063,1.00,1.00
2016.10.04 11:55:57.306,1.30613,1.30626,3.75,1.31
2016.10.04 11:55:57.384,1.30613,1.30625,1.00,1.09
2016.10.04 11:55:57.435,1.30613,1.30625,1.00,1.34
2016.10.04 11:55:57.538,1.30612,1.30625,1.12,1.34
2016.10.04 11:55:57.589,1.30613,1.30625,1.00,1.34
2016.10.04 11:55:57.798,1.30613,1.30625,1.00,1.59
2016.10.04 11:55:57.951,1.30612,1.30625,1.00,2.02
2016.10.04 11:55:58.003,1.30613,1.30624,1.00,1.09
2016.10.04 11:55:58.164,1.30613,1.30623,1.00,1.00
2016.10.04 11:55:58.714,1.30612,1.30623,1.00,1.00
2016.10.04 11:55:59.066,1.30614,1.30623,1.00,1.00
2016.10.04 11:55:59.117,1.30614,1.30625,1.00,1.75
2016.10.04 11:55:59.319,1.30615,1.30627,1.00,1.50
2016.10.04 11:55:59.387,1.30614,1.30629,1.00,1.87
2016.10.04 11:55:59.438,1.30614,1.30629,1.00,2.21
2016.10.04 11:55:59.743,1.30616,1.30629,1.00,2.21
2016.10.04 11:56:00.405,1.30616,1.30628,1.00,1.75
2016.10.04 11:56:00.662,1.30616,1.30627,1.00,1.00
2016.10.04 11:56:00.714,1.30616,1.30628,1.00,1.50
2016.10.04 11:56:03.582,1.30616,1.30629,1.00,2.40
2016.10.04 11:56:04.951,1.30616,1.30629,1.00,2.06
2016.10.04 11:56:05.135,1.30616,1.30629,1.00,1.87
2016.10.04 11:56:05.690,1.30615,1.30628,1.00,2.62
2016.10.04 11:56:05.792,1.30614,1.30628,1.00,1.87
2016.10.04 11:56:05.844,1.30614,1.30627,1.00,1.37
2016.10.04 11:56:05.896,1.30614,1.30625,1.00,1.00
2016.10.04 11:56:06.397,1.30613,1.30625,1.00,1.00
2016.10.04 11:56:06.500,1.30613,1.30626,1.00,2.81
2016.10.04 11:56:06.552,1.30613,1.30625,1.00,1.37
2016.10.04 11:56:07.183,1.30614,1.30625,1.00,1.37
2016.10.04 11:56:07.253,1.30612,1.30625,1.00,1.50
2016.10.04 11:56:07.305,1.30613,1.30625,1.00,1.00
2016.10.04 11:56:07.482,1.30615,1.30627,1.00,1.00
2016.10.04 11:56:07.687,1.30618,1.30629,1.00,1.87
2016.10.04 11:56:07.738,1.30619,1.30629,1.00,1.12
2016.10.04 11:56:07.841,1.30621,1.30629,1.00,1.37
2016.10.04 11:56:07.893,1.30621,1.3063,1.00,1.37
2016.10.04 11:56:07.944,1.30621,1.30633,1.00,2.25
2016.10.04 11:56:07.996,1.30621,1.30633,1.00,1.50
2016.10.04 11:56:08.047,1.30621,1.30633,1.00,1.12
2016.10.04 11:56:08.343,1.30621,1.30633,1.00,1.00
2016.10.04 11:56:08.395,1.30621,1.30633,1.87,1.00
2016.10.04 11:56:08.700,1.30621,1.30633,1.00,1.00
2016.10.04 11:56:09.108,1.30621,1.30634,1.12,1.00
2016.10.04 11:56:09.159,1.30622,1.30635,1.00,1.50
2016.10.04 11:56:09.211,1.30623,1.30635,1.00,1.00
2016.10.04 11:56:09.488,1.30622,1.30635,1.00,1.50
2016.10.04 11:56:09.540,1.30622,1.30634,1.00,1.37
2016.10.04 11:56:09.591,1.3062,1.30633,1.50,1.12
2016.10.04 11:56:09.642,1.3062,1.30632,1.00,1.75
2016.10.04 11:56:09.744,1.30619,1.30631,1.37,1.12
2016.10.04 11:56:09.845,1.30619,1.30631,1.37,1.75
2016.10.04 11:56:09.998,1.30619,1.30631,1.00,1.75
2016.10.04 11:56:10.297,1.30618,1.30631,1.00,2.25
2016.10.04 11:56:10.349,1.30617,1.3063,1.00,1.87
2016.10.04 11:56:11.098,1.30618,1.3063,1.00,1.37
2016.10.04 11:56:11.201,1.30617,1.3063,1.37,1.87
2016.10.04 11:56:11.253,1.30618,1.3063,1.87,1.00
2016.10.04 11:56:11.305,1.30618,1.30631,1.87,1.12
2016.10.04 11:56:11.356,1.30618,1.30631,2.62,1.12
2016.10.04 11:56:11.732,1.30618,1.30631,2.25,1.12
2016.10.04 11:56:11.834,1.30618,1.30625,1.50,2.43
2016.10.04 11:56:11.936,1.30618,1.30626,1.00,1.87
2016.10.04 11:56:12.039,1.30617,1.30627,1.12,1.87
2016.10.04 11:56:12.090,1.30616,1.30627,1.50,1.87
2016.10.04 11:56:12.142,1.30616,1.30625,1.00,1.12
2016.10.04 11:56:12.377,1.30615,1.30627,1.00,1.12
2016.10.04 11:56:12.953,1.30615,1.30628,1.00,2.25
2016.10.04 11:56:13.005,1.30615,1.30628,1.00,3.00
2016.10.04 11:56:13.056,1.30615,1.30628,1.00,1.87
2016.10.04 11:56:13.159,1.30615,1.30628,1.00,2.25
2016.10.04 11:56:13.210,1.30615,1.30628,1.12,2.25
2016.10.04 11:56:13.312,1.30615,1.30628,1.12,2.25
2016.10.04 11:56:13.364,1.30615,1.30628,1.12,1.50
2016.10.04 11:56:13.518,1.30615,1.30627,1.12,1.12
2016.10.04 11:56:13.569,1.30615,1.30627,1.12,1.87
2016.10.04 11:56:13.841,1.30615,1.30627,1.00,1.87
2016.10.04 11:56:13.944,1.30615,1.30627,1.00,1.12
2016.10.04 11:56:14.046,1.30615,1.30625,1.00,1.12
2016.10.04 11:56:14.565,1.30614,1.30625,1.00,1.12
2016.10.04 11:56:14.927,1.30615,1.30626,1.00,1.87
2016.10.04 11:56:15.131,1.30614,1.30626,1.00,1.12
2016.10.04 11:56:15.335,1.30614,1.30626,1.00,1.87
2016.10.04 11:56:15.539,1.30614,1.30626,1.00,1.12
2016.10.04 11:56:15.641,1.30614,1.30626,1.00,1.87
2016.10.04 11:56:15.973,1.30614,1.30626,1.00,1.12
2016.10.04 11:56:16.125,1.30614,1.30626,1.00,1.87
2016.10.04 11:56:16.228,1.30614,1.30626,1.00,1.12
2016.10.04 11:56:16.330,1.30614,1.30626,1.00,1.87
2016.10.04 11:56:17.080,1.30614,1.30624,1.00,1.12
2016.10.04 11:56:18.017,1.30614,1.30625,1.00,1.00
2016.10.04 11:56:18.069,1.30614,1.30626,1.00,1.12
2016.10.04 11:56:18.121,1.30614,1.30626,1.12,1.12
2016.10.04 11:56:18.276,1.30613,1.30625,1.37,1.00
2016.10.04 11:56:18.328,1.30612,1.30623,1.12,1.12
2016.10.04 11:56:18.380,1.30611,1.30623,1.50,1.87
2016.10.04 11:56:18.431,1.3061,1.30621,1.50,1.12
2016.10.04 11:56:18.483,1.30608,1.30621,6.00,1.12
2016.10.04 11:56:18.534,1.30608,1.30621,4.50,1.12
2016.10.04 11:56:18.693,1.30608,1.30621,4.50,1.87
2016.10.04 11:56:18.744,1.30608,1.30621,4.50,1.12
2016.10.04 11:56:18.795,1.30608,1.30621,3.75,1.12
2016.10.04 11:56:19.460,1.30608,1.30621,3.75,1.87
2016.10.04 11:56:19.563,1.30608,1.3062,3.75,1.12
2016.10.04 11:56:19.948,1.30608,1.30618,3.75,1.12
2016.10.04 11:56:20.833,1.30608,1.30618,1.87,1.12
2016.10.04 11:56:21.015,1.30608,1.30618,1.50,1.12
2016.10.04 11:56:21.079,1.30608,1.30618,1.00,1.12
2016.10.04 11:56:21.358,1.30608,1.30618,1.50,1.12
2016.10.04 11:56:21.887,1.30608,1.30618,1.00,1.12
2016.10.04 11:56:21.990,1.30608,1.30618,1.50,1.12
2016.10.04 11:56:22.143,1.30608,1.3062,1.50,1.87
2016.10.04 11:56:24.004,1.30608,1.3062,1.50,1.12
2016.10.04 11:56:24.174,1.30609,1.30621,1.12,1.12
2016.10.04 11:56:24.226,1.30608,1.30621,2.25,1.12
2016.10.04 11:56:24.277,1.30608,1.30621,1.50,1.12
2016.10.04 11:56:24.658,1.30608,1.30621,1.00,1.12
2016.10.04 11:56:24.760,1.30608,1.30619,1.00,1.87
2016.10.04 11:56:24.928,1.30608,1.30619,1.00,2.62
2016.10.04 11:56:24.979,1.30608,1.30617,1.50,1.12
2016.10.04 11:56:25.031,1.30608,1.30618,1.50,1.50
2016.10.04 11:56:25.082,1.30608,1.30618,1.50,1.00
2016.10.04 11:56:25.133,1.30608,1.30618,1.00,1.00
2016.10.04 11:56:25.184,1.30608,1.30619,1.00,1.50
2016.10.04 11:56:25.286,1.30608,1.30619,1.00,1.50
2016.10.04 11:56:25.674,1.30608,1.30619,1.00,2.25
2016.10.04 11:56:26.147,1.30608,1.30619,1.00,1.50
2016.10.04 11:56:26.560,1.30607,1.30619,1.00,2.44
2016.10.04 11:56:26.612,1.30607,1.30618,1.00,1.00
2016.10.04 11:56:27.254,1.30608,1.3062,1.00,2.25
2016.10.04 11:56:27.306,1.30611,1.30619,1.00,1.00
2016.10.04 11:56:27.452,1.30611,1.30621,1.00,2.62
2016.10.04 11:56:27.503,1.30611,1.30621,1.00,1.50
2016.10.04 11:56:28.257,1.30613,1.30622,1.00,1.00
2016.10.04 11:56:28.359,1.30613,1.30623,1.00,1.50
2016.10.04 11:56:28.461,1.30613,1.30623,1.00,1.37
2016.10.04 11:56:28.871,1.30614,1.30623,1.00,1.00
2016.10.04 11:56:28.922,1.30614,1.30624,1.00,1.50
2016.10.04 11:56:29.061,1.30614,1.30624,1.00,1.37
2016.10.04 11:56:29.113,1.30615,1.30627,1.00,2.25
2016.10.04 11:56:29.164,1.30614,1.30627,1.00,1.75
2016.10.04 11:56:29.368,1.30621,1.3063,1.00,1.12
2016.10.04 11:56:29.909,1.30621,1.30631,1.00,1.12
2016.10.04 11:56:30.071,1.30621,1.30632,1.00,1.75
2016.10.04 11:56:30.894,1.30621,1.30631,1.00,1.00
2016.10.04 11:56:31.421,1.30624,1.30631,1.00,1.00
2016.10.04 11:56:33.246,1.30625,1.30631,1.00,1.00
2016.10.04 11:56:33.297,1.30625,1.30634,1.00,1.12
2016.10.04 11:56:33.554,1.30624,1.30635,1.00,2.25
2016.10.04 11:56:34.152,1.30625,1.30635,1.00,2.25
2016.10.04 11:56:34.254,1.30625,1.30635,1.00,1.12
2016.10.04 11:56:35.334,1.30626,1.30635,1.00,1.12
2016.10.04 11:56:36.518,1.30625,1.30635,1.00,1.12
2016.10.04 11:56:36.823,1.30625,1.30637,1.00,2.62
2016.10.04 11:56:37.296,1.30625,1.30635,1.00,1.00
2016.10.04 11:56:37.653,1.30623,1.30635,1.00,1.00
2016.10.04 11:56:38.616,1.30623,1.30636,1.00,1.12
2016.10.04 11:56:38.667,1.30623,1.30637,1.00,1.00
2016.10.04 11:56:39.024,1.30623,1.30637,1.00,1.87
2016.10.04 11:56:39.559,1.30623,1.30636,1.00,1.37
2016.10.04 11:56:39.611,1.30623,1.30635,1.00,1.00
2016.10.04 11:56:39.713,1.30623,1.30636,1.00,1.75
2016.10.04 11:56:39.765,1.30623,1.30635,1.00,2.62
2016.10.04 11:56:39.816,1.30624,1.30635,1.00,1.87
2016.10.04 11:56:39.868,1.30622,1.30635,1.00,1.87
2016.10.04 11:56:39.919,1.30622,1.30635,1.00,1.87
2016.10.04 11:56:40.073,1.30622,1.30635,1.00,2.62
2016.10.04 11:56:40.124,1.30622,1.30635,1.00,2.62
2016.10.04 11:56:40.789,1.30622,1.30635,1.12,2.25
2016.10.04 11:56:40.841,1.30625,1.30637,1.00,1.75
2016.10.04 11:56:41.023,1.30625,1.30637,1.00,1.50
2016.10.04 11:56:41.125,1.30623,1.30638,1.00,3.00
2016.10.04 11:56:42.529,1.30625,1.30637,1.00,2.25
2016.10.04 11:56:42.580,1.30624,1.30637,1.00,1.50
2016.10.04 11:56:42.631,1.30624,1.30638,1.00,1.50
2016.10.04 11:56:42.682,1.30624,1.30638,1.00,1.12
2016.10.04 11:56:44.078,1.30625,1.30638,1.00,1.12
2016.10.04 11:56:44.129,1.30626,1.30639,1.00,1.37
2016.10.04 11:56:45.089,1.30625,1.30638,1.00,1.37
2016.10.04 11:56:45.283,1.30625,1.30637,1.00,1.00
2016.10.04 11:56:45.435,1.30628,1.30637,1.00,1.00
2016.10.04 11:56:45.589,1.30629,1.30638,1.00,1.00
2016.10.04 11:56:45.640,1.30632,1.30642,1.00,1.00
2016.10.04 11:56:45.691,1.30632,1.30645,1.00,2.25
2016.10.04 11:56:45.743,1.30632,1.30645,1.00,1.75
2016.10.04 11:56:45.794,1.30632,1.30645,1.00,1.00
2016.10.04 11:56:46.275,1.30631,1.30645,1.00,1.50
2016.10.04 11:56:46.326,1.30633,1.30645,1.00,1.50
2016.10.04 11:56:46.580,1.30633,1.30645,1.00,1.12
2016.10.04 11:56:46.631,1.30633,1.30645,1.00,1.00
2016.10.04 11:56:46.835,1.30633,1.30646,1.00,3.00
2016.10.04 11:56:47.026,1.30635,1.30646,1.00,2.25
2016.10.04 11:56:47.077,1.30635,1.30646,1.00,1.12
2016.10.04 11:56:47.776,1.30634,1.30646,1.00,1.87
2016.10.04 11:56:47.828,1.30634,1.30646,1.00,1.75
2016.10.04 11:56:47.879,1.30634,1.30646,1.00,2.25
2016.10.04 11:56:47.930,1.30634,1.30646,1.00,2.62
2016.10.04 11:56:47.982,1.30634,1.30646,1.00,1.87
2016.10.04 11:56:48.033,1.30634,1.30645,1.00,1.75
2016.10.04 11:56:48.728,1.30634,1.30646,1.00,1.87
2016.10.04 11:56:48.831,1.30634,1.30646,1.00,1.50
2016.10.04 11:56:49.246,1.30634,1.30648,1.00,3.37
2016.10.04 11:56:49.678,1.30634,1.30648,1.00,4.12
2016.10.04 11:56:50.137,1.30634,1.30648,1.00,3.37
2016.10.04 11:56:50.188,1.30634,1.30648,1.00,3.00
2016.10.04 11:56:50.341,1.30634,1.30648,1.00,3.75
2016.10.04 11:56:50.392,1.30634,1.30648,1.00,4.12
2016.10.04 11:56:51.858,1.30634,1.30648,1.00,3.37
2016.10.04 11:56:51.997,1.30637,1.30648,1.00,1.87
2016.10.04 11:56:52.050,1.30637,1.3065,1.00,1.87
2016.10.04 11:56:52.102,1.30638,1.30651,1.00,1.50
2016.10.04 11:56:52.153,1.30638,1.30651,1.00,1.00
2016.10.04 11:56:52.256,1.30639,1.30652,1.00,1.00
2016.10.04 11:56:52.460,1.30639,1.30652,1.00,1.50
2016.10.04 11:56:53.664,1.30639,1.30652,1.12,1.50
2016.10.04 11:56:54.719,1.30639,1.30652,1.00,1.50
2016.10.04 11:56:54.977,1.3064,1.30653,1.00,1.75
2016.10.04 11:56:55.195,1.30643,1.30655,1.00,1.87
2016.10.04 11:56:55.246,1.30643,1.30655,1.00,1.37
2016.10.04 11:56:55.400,1.30643,1.30655,1.00,1.00
2016.10.04 11:56:55.451,1.30644,1.30657,1.00,1.37
2016.10.04 11:56:55.554,1.30644,1.30657,1.00,1.00
2016.10.04 11:56:55.658,1.30647,1.30659,1.00,1.12
2016.10.04 11:56:55.711,1.30649,1.3066,1.00,1.37
2016.10.04 11:56:55.763,1.30649,1.3066,1.00,1.00
2016.10.04 11:56:56.080,1.30649,1.3066,1.00,1.87
2016.10.04 11:56:57.804,1.30651,1.3066,1.00,1.00
2016.10.04 11:56:57.855,1.30651,1.30661,1.00,1.37
2016.10.04 11:56:57.957,1.30651,1.30663,1.00,1.12
2016.10.04 11:56:58.211,1.3065,1.30663,1.00,1.87
2016.10.04 11:56:58.364,1.3065,1.30662,1.00,1.12
2016.10.04 11:56:58.878,1.3065,1.30663,1.00,1.87
2016.10.04 11:56:59.132,1.30648,1.30663,1.50,1.87
2016.10.04 11:56:59.183,1.30646,1.30661,1.50,1.50
2016.10.04 11:56:59.234,1.30646,1.30661,1.00,1.87
2016.10.04 11:56:59.449,1.30646,1.3066,1.00,1.37
2016.10.04 11:56:59.654,1.30646,1.3066,1.12,1.37
2016.10.04 11:56:59.706,1.30648,1.3066,1.00,1.37
2016.10.04 11:56:59.757,1.30655,1.30662,1.56,1.50
2016.10.04 11:56:59.808,1.30655,1.30661,1.56,1.37
2016.10.04 11:56:59.859,1.30655,1.30661,1.56,1.12
2016.10.04 11:56:59.961,1.30655,1.30661,1.56,1.00
2016.10.04 11:57:00.389,1.30654,1.30665,1.56,1.87
2016.10.04 11:57:00.491,1.30655,1.30665,1.56,3.00
2016.10.04 11:57:00.854,1.30656,1.30665,1.31,3.00
2016.10.04 11:57:00.977,1.30655,1.30664,1.56,1.00
2016.10.04 11:57:01.130,1.30654,1.30664,1.56,1.00
2016.10.04 11:57:01.181,1.30649,1.30664,2.25,1.50
2016.10.04 11:57:01.232,1.30649,1.3066,1.50,1.75
2016.10.04 11:57:01.283,1.30648,1.3066,1.12,1.87
2016.10.04 11:57:01.334,1.30648,1.30659,1.00,4.35
2016.10.04 11:57:01.385,1.30644,1.30652,2.62,1.00
2016.10.04 11:57:01.437,1.30641,1.30652,1.87,1.00
2016.10.04 11:57:01.488,1.30639,1.30652,1.12,1.00
2016.10.04 11:57:01.640,1.30637,1.3065,1.87,1.00
2016.10.04 11:57:01.691,1.30638,1.30649,1.00,1.00
2016.10.04 11:57:01.879,1.30637,1.3065,1.37,1.00
2016.10.04 11:57:02.339,1.30637,1.3065,1.37,1.12
2016.10.04 11:57:02.548,1.30636,1.3065,1.00,1.12
2016.10.04 11:57:02.599,1.30636,1.30648,1.00,1.00
2016.10.04 11:57:02.650,1.30636,1.30648,1.12,1.00
2016.10.04 11:57:02.752,1.30636,1.30648,2.62,1.00
2016.10.04 11:57:02.803,1.30636,1.30648,2.25,1.00
2016.10.04 11:57:02.855,1.30636,1.30648,1.37,1.00
2016.10.04 11:57:02.906,1.30638,1.30648,1.00,1.00
2016.10.04 11:57:03.500,1.30636,1.30648,2.25,1.00
2016.10.04 11:57:03.602,1.30636,1.30648,1.87,1.00
2016.10.04 11:57:03.653,1.30636,1.30648,1.00,1.00
2016.10.04 11:57:03.861,1.30635,1.30648,2.25,1.00
2016.10.04 11:57:04.081,1.30635,1.30648,1.87,1.00
2016.10.04 11:57:04.380,1.30636,1.30648,2.25,1.00
2016.10.04 11:57:04.482,1.30636,1.30648,2.62,1.00
2016.10.04 11:57:04.533,1.30637,1.30648,1.37,1.00
2016.10.04 11:57:06.112,1.30636,1.30648,2.62,1.00
2016.10.04 11:57:06.214,1.30636,1.30648,3.00,1.00
2016.10.04 11:57:06.265,1.30637,1.30648,1.00,1.00
2016.10.04 11:57:06.367,1.30636,1.30647,1.37,1.00
2016.10.04 11:57:06.418,1.30635,1.30647,1.87,1.00
2016.10.04 11:57:06.469,1.30635,1.30646,1.75,1.00
2016.10.04 11:57:06.612,1.30636,1.30646,1.00,1.00
2016.10.04 11:57:06.663,1.30633,1.30646,2.06,1.00
2016.10.04 11:57:06.869,1.30633,1.30646,1.69,1.00
2016.10.04 11:57:07.023,1.30633,1.30646,1.19,1.00
2016.10.04 11:57:08.159,1.30632,1.30646,2.44,1.00
2016.10.04 11:57:08.289,1.30632,1.30646,2.06,1.00
2016.10.04 11:57:08.655,1.30632,1.30646,1.69,1.00
2016.10.04 11:57:08.858,1.30633,1.30646,1.69,1.00
2016.10.04 11:57:09.838,1.30633,1.30646,1.69,1.00
2016.10.04 11:57:09.940,1.30633,1.30646,1.69,1.00
2016.10.04 11:57:11.001,1.30633,1.30646,2.06,1.00
2016.10.04 11:57:11.605,1.30634,1.30646,1.12,1.00
2016.10.04 11:57:11.707,1.30634,1.30646,1.87,1.00
2016.10.04 11:57:11.759,1.30634,1.30646,2.06,1.00
2016.10.04 11:57:11.810,1.30634,1.30646,1.25,1.00
2016.10.04 11:57:12.559,1.30633,1.30646,2.44,1.00
2016.10.04 11:57:12.711,1.30636,1.30649,1.46,1.00
2016.10.04 11:57:12.814,1.30636,1.30649,1.84,1.00
2016.10.04 11:57:12.865,1.30636,1.30649,2.96,1.00
2016.10.04 11:57:12.917,1.30636,1.30649,4.46,1.00
2016.10.04 11:57:12.968,1.30638,1.30649,1.12,1.00
2016.10.04 11:57:13.224,1.30636,1.30647,1.50,1.00
2016.10.04 11:57:13.275,1.30636,1.30645,1.00,1.00
2016.10.04 11:57:13.326,1.30634,1.30645,2.25,1.00
2016.10.04 11:57:13.378,1.30634,1.30645,1.00,1.00
2016.10.04 11:57:13.429,1.30633,1.30645,2.06,1.00
2016.10.04 11:57:13.481,1.30633,1.30645,1.69,1.00
2016.10.04 11:57:14.584,1.30633,1.30645,2.06,1.00
2016.10.04 11:57:14.698,1.30633,1.30645,3.56,1.12
2016.10.04 11:57:14.749,1.30633,1.30645,2.81,1.12
2016.10.04 11:57:14.800,1.30632,1.30644,2.81,1.00
2016.10.04 11:57:14.851,1.30631,1.30643,2.44,1.00
2016.10.04 11:57:14.902,1.30632,1.30642,1.31,1.00
2016.10.04 11:57:15.005,1.3063,1.30642,1.69,1.00
2016.10.04 11:57:15.108,1.30629,1.30642,2.81,1.00
2016.10.04 11:57:15.210,1.30629,1.30642,3.19,1.00
2016.10.04 11:57:15.494,1.30629,1.30642,1.69,1.00
2016.10.04 11:57:15.546,1.30629,1.30642,1.56,1.00
2016.10.04 11:57:15.698,1.30629,1.30642,1.31,1.00
2016.10.04 11:57:15.749,1.30628,1.30642,1.91,1.00
2016.10.04 11:57:15.902,1.30628,1.30641,2.29,1.00
2016.10.04 11:57:15.971,1.30628,1.30641,1.54,1.00
2016.10.04 11:57:16.073,1.30628,1.30641,1.12,1.00
2016.10.04 11:57:16.608,1.30628,1.30642,3.37,1.00
2016.10.04 11:57:16.660,1.30628,1.30642,3.75,1.00
2016.10.04 11:57:16.711,1.3063,1.30642,1.87,1.00
2016.10.04 11:57:16.814,1.30631,1.30643,1.37,1.00
2016.10.04 11:57:16.866,1.30631,1.30643,1.37,1.00
2016.10.04 11:57:16.918,1.30633,1.30643,1.00,1.00
2016.10.04 11:57:18.549,1.30633,1.30644,1.50,1.00
2016.10.04 11:57:18.600,1.30633,1.30644,1.87,1.00
2016.10.04 11:57:18.651,1.30633,1.30645,1.87,1.37
2016.10.04 11:57:19.143,1.30633,1.30645,1.50,1.37
2016.10.04 11:57:19.195,1.30633,1.30645,1.50,1.75
2016.10.04 11:57:19.247,1.30631,1.30645,2.62,1.75
2016.10.04 11:57:19.349,1.30631,1.30645,1.87,1.75
2016.10.04 11:57:19.401,1.3063,1.30642,2.62,1.00
2016.10.04 11:57:19.453,1.3063,1.30641,1.50,1.00
2016.10.04 11:57:19.505,1.30629,1.30641,1.37,1.00
2016.10.04 11:57:19.556,1.30629,1.30641,1.50,1.00
2016.10.04 11:57:19.657,1.30629,1.30641,1.50,1.00
2016.10.04 11:57:19.709,1.30629,1.30642,2.25,1.12
2016.10.04 11:57:19.857,1.30634,1.30643,2.25,1.00
2016.10.04 11:57:19.909,1.30634,1.30647,3.00,1.12
2016.10.04 11:57:19.960,1.30636,1.30649,1.87,1.87
2016.10.04 11:57:20.011,1.30636,1.30649,2.25,1.50
2016.10.04 11:57:20.062,1.30637,1.30649,1.37,1.50
2016.10.04 11:57:20.368,1.30637,1.30649,2.62,1.50
2016.10.04 11:57:20.420,1.30637,1.30649,2.25,1.50
2016.10.04 11:57:21.051,1.30637,1.30649,3.00,1.50
2016.10.04 11:57:22.383,1.30637,1.30649,3.00,1.00
2016.10.04 11:57:22.435,1.30638,1.3065,1.50,1.00
2016.10.04 11:57:22.486,1.30638,1.3065,2.25,1.00
2016.10.04 11:57:22.538,1.3064,1.30651,1.87,1.00
2016.10.04 11:57:22.641,1.3064,1.30651,2.25,1.00
2016.10.04 11:57:23.248,1.30639,1.30651,3.00,1.00
2016.10.04 11:57:23.756,1.30639,1.30651,1.50,1.00
2016.10.04 11:57:23.910,1.30639,1.3065,1.00,1.00
2016.10.04 11:57:23.962,1.30639,1.3065,1.00,1.00
2016.10.04 11:57:24.013,1.30639,1.3065,1.50,1.00
2016.10.04 11:57:24.140,1.30639,1.3065,1.12,1.00
2016.10.04 11:57:24.344,1.30638,1.3065,3.00,1.00
2016.10.04 11:57:24.396,1.30639,1.3065,1.37,1.00
2016.10.04 11:57:24.549,1.30639,1.3065,1.00,1.00
2016.10.04 11:57:24.753,1.30639,1.3065,1.00,1.00
2016.10.04 11:57:24.935,1.30639,1.3065,1.00,1.00
2016.10.04 11:57:24.987,1.30637,1.30648,3.37,1.00
2016.10.04 11:57:25.039,1.30637,1.30648,1.87,1.00
2016.10.04 11:57:25.090,1.30638,1.30648,1.00,1.00
2016.10.04 11:57:25.600,1.30638,1.30647,1.00,1.00
2016.10.04 11:57:26.802,1.30638,1.30647,1.50,1.00
2016.10.04 11:57:26.904,1.30638,1.30647,1.87,1.00
2016.10.04 11:57:26.955,1.30638,1.30647,1.12,1.00
2016.10.04 11:57:27.108,1.30636,1.30648,1.75,1.00
2016.10.04 11:57:27.438,1.30638,1.30648,1.00,1.00
2016.10.04 11:57:28.439,1.30634,1.30644,1.12,1.00
2016.10.04 11:57:28.490,1.30633,1.30644,2.62,1.00
2016.10.04 11:57:28.541,1.30634,1.30643,1.00,1.00
2016.10.04 11:57:28.643,1.3063,1.30643,1.75,1.00
2016.10.04 11:57:28.694,1.30631,1.30642,1.12,1.00
2016.10.04 11:57:28.763,1.30633,1.30642,1.37,1.00
2016.10.04 11:57:29.018,1.30632,1.30642,1.12,1.00
2016.10.04 11:57:29.527,1.30631,1.30642,1.12,1.00
2016.10.04 11:57:29.839,1.30634,1.30642,1.00,1.00
2016.10.04 11:57:30.301,1.30631,1.30643,1.12,1.00
2016.10.04 11:57:30.691,1.30631,1.30641,1.12,1.00
2016.10.04 11:57:31.309,1.3063,1.30641,1.12,1.00
2016.10.04 11:57:31.781,1.3063,1.30639,1.12,1.00
2016.10.04 11:57:32.652,1.3063,1.30639,1.75,1.00
2016.10.04 11:57:32.936,1.3063,1.30639,1.12,1.00
2016.10.04 11:57:34.096,1.30633,1.30639,1.12,1.00
2016.10.04 11:57:34.147,1.30633,1.30641,1.12,1.00
2016.10.04 11:57:34.276,1.30631,1.30641,1.12,1.00
2016.10.04 11:57:35.245,1.30631,1.30641,1.75,1.00
2016.10.04 11:57:35.410,1.30631,1.30641,1.00,1.00
2016.10.04 11:57:35.462,1.30633,1.30641,1.00,1.00
2016.10.04 11:57:36.115,1.30631,1.30641,1.00,1.00
2016.10.04 11:57:36.848,1.3063,1.30641,1.87,1.00
2016.10.04 11:57:37.190,1.30633,1.30641,1.00,1.00
2016.10.04 11:57:37.457,1.3063,1.30641,1.87,1.00
2016.10.04 11:57:38.201,1.3063,1.3064,1.50,1.00
2016.10.04 11:57:38.303,1.3063,1.3064,1.12,1.00
2016.10.04 11:57:38.456,1.3063,1.3064,1.00,1.00
2016.10.04 11:57:38.660,1.30629,1.3064,1.12,1.00
2016.10.04 11:57:38.761,1.30629,1.30639,1.00,1.00
2016.10.04 11:57:38.812,1.30628,1.30639,1.87,1.00
2016.10.04 11:57:38.984,1.30628,1.30639,1.12,1.12
2016.10.04 11:57:39.036,1.30628,1.30633,1.00,1.00
2016.10.04 11:57:39.189,1.30624,1.30634,1.00,1.00
2016.10.04 11:57:39.292,1.30624,1.30636,1.00,1.00
2016.10.04 11:57:39.753,1.30623,1.30635,1.37,1.00
2016.10.04 11:57:39.804,1.30623,1.30635,1.50,1.00
2016.10.04 11:57:40.316,1.30623,1.30636,1.50,1.00
2016.10.04 11:57:41.515,1.30623,1.30635,1.50,1.00
2016.10.04 11:57:42.181,1.30622,1.30635,1.87,1.00
2016.10.04 11:57:42.436,1.30622,1.30635,2.25,1.00
2016.10.04 11:57:42.487,1.30622,1.30634,1.12,2.25
2016.10.04 11:57:42.538,1.30622,1.30633,1.12,1.12
2016.10.04 11:57:42.688,1.30621,1.30633,1.00,1.12
2016.10.04 11:57:42.739,1.3062,1.30633,1.37,1.12
2016.10.04 11:57:42.790,1.3062,1.30633,1.50,1.00
2016.10.04 11:57:42.841,1.3062,1.30635,2.25,1.00
2016.10.04 11:57:42.892,1.30621,1.30635,1.46,1.00
2016.10.04 11:57:42.943,1.30621,1.30636,2.21,1.00
2016.10.04 11:57:42.994,1.30622,1.30636,1.00,1.00
2016.10.04 11:57:43.096,1.30622,1.30636,1.50,1.00
2016.10.04 11:57:43.147,1.30622,1.30636,1.87,1.00
2016.10.04 11:57:43.719,1.30622,1.30635,1.87,1.00
2016.10.04 11:57:44.172,1.30622,1.30635,2.62,1.00
2016.10.04 11:57:44.224,1.30626,1.30636,3.18,1.00
2016.10.04 11:57:44.326,1.30626,1.30636,2.43,1.00
2016.10.04 11:57:44.559,1.30626,1.30636,3.18,1.00
2016.10.04 11:57:46.287,1.30626,1.30635,2.43,1.00
2016.10.04 11:57:46.822,1.30626,1.30636,2.43,1.00
2016.10.04 11:57:47.375,1.30627,1.30636,2.43,1.00
2016.10.04 11:57:47.497,1.30627,1.30639,2.43,1.50
2016.10.04 11:57:47.650,1.30626,1.30636,2.43,1.00
2016.10.04 11:57:48.257,1.30625,1.30636,2.43,1.00
2016.10.04 11:57:48.410,1.30625,1.30638,2.43,1.00
2016.10.04 11:57:49.002,1.30626,1.30638,2.43,1.00
2016.10.04 11:57:49.053,1.30624,1.30638,3.18,1.00
2016.10.04 11:57:49.155,1.30624,1.30638,2.43,1.00
2016.10.04 11:57:49.276,1.30625,1.30638,1.00,1.00
2016.10.04 11:57:49.532,1.30627,1.30639,1.00,1.00
2016.10.04 11:57:49.583,1.30633,1.30639,1.00,1.00
2016.10.04 11:57:49.754,1.30633,1.3064,1.00,1.00
2016.10.04 11:57:49.818,1.30628,1.3064,1.50,1.00
2016.10.04 11:57:49.869,1.30628,1.3064,2.25,1.00
2016.10.04 11:57:49.971,1.30628,1.3064,1.37,1.00
2016.10.04 11:57:50.124,1.30628,1.3064,1.00,1.00
2016.10.04 11:57:50.521,1.30627,1.3064,1.50,1.37
2016.10.04 11:57:50.623,1.30627,1.30641,1.50,1.50
2016.10.04 11:57:51.301,1.30627,1.3064,1.50,1.37
2016.10.04 11:57:51.352,1.30628,1.3064,1.00,1.37
2016.10.04 11:57:51.403,1.30628,1.30641,1.50,1.00
2016.10.04 11:57:51.454,1.30633,1.30641,1.00,1.00
2016.10.04 11:57:51.628,1.30628,1.30641,1.37,1.00
2016.10.04 11:57:52.633,1.30633,1.30641,1.00,1.00
2016.10.04 11:57:54.207,1.30633,1.30642,1.00,1.00
2016.10.04 11:57:54.309,1.30633,1.30643,1.00,1.12
2016.10.04 11:57:54.731,1.30633,1.30646,1.12,1.12
2016.10.04 11:57:54.833,1.30633,1.30646,1.00,1.12
2016.10.04 11:57:54.936,1.30633,1.30646,1.50,1.12
2016.10.04 11:57:55.089,1.30633,1.30646,2.25,1.12
2016.10.04 11:57:55.140,1.30638,1.30647,1.00,1.75
2016.10.04 11:57:55.242,1.30638,1.30647,1.00,1.12
2016.10.04 11:57:55.596,1.30634,1.30647,1.12,1.12
2016.10.04 11:57:55.750,1.30635,1.30648,1.00,1.50
2016.10.04 11:57:55.801,1.30635,1.30648,1.00,1.00
2016.10.04 11:57:56.480,1.30633,1.30648,1.87,1.69
2016.10.04 11:57:56.531,1.30633,1.30643,1.12,1.00
2016.10.04 11:57:56.582,1.30633,1.30643,1.00,1.00
2016.10.04 11:57:56.736,1.30635,1.30648,1.00,1.69
2016.10.04 11:57:56.788,1.30637,1.30648,1.00,1.00
2016.10.04 11:57:56.839,1.30638,1.3065,1.00,1.00
2016.10.04 11:57:56.891,1.30638,1.30652,1.37,1.50
2016.10.04 11:57:56.942,1.3064,1.30653,1.00,1.12
2016.10.04 11:57:56.994,1.3064,1.30653,1.00,1.00
2016.10.04 11:57:57.172,1.3064,1.30654,1.50,1.00
2016.10.04 11:57:57.227,1.30641,1.30654,1.37,1.00
2016.10.04 11:57:57.279,1.30642,1.30654,1.00,1.00
2016.10.04 11:57:57.330,1.30641,1.30654,1.37,1.00
2016.10.04 11:57:57.382,1.30641,1.30654,1.12,1.00
2016.10.04 11:57:57.433,1.3064,1.30653,1.37,1.00
2016.10.04 11:57:57.484,1.3064,1.30653,1.00,1.00
2016.10.04 11:57:58.256,1.3064,1.30653,1.37,1.00
2016.10.04 11:57:58.555,1.30639,1.30651,1.87,1.00
2016.10.04 11:57:58.607,1.30639,1.30649,1.87,1.00
2016.10.04 11:57:58.658,1.3064,1.30648,1.12,1.00
2016.10.04 11:57:58.761,1.30635,1.30646,1.37,1.00
2016.10.04 11:57:58.863,1.30633,1.30646,1.37,1.00
2016.10.04 11:57:59.016,1.30633,1.30646,3.55,1.00
2016.10.04 11:57:59.170,1.30633,1.30646,4.30,1.00
2016.10.04 11:58:00.122,1.30634,1.30646,2.80,1.00
2016.10.04 11:58:00.225,1.30633,1.30646,2.44,1.00
2016.10.04 11:58:01.967,1.30633,1.30645,2.15,1.00
2016.10.04 11:58:02.281,1.30633,1.30647,1.03,1.50
2016.10.04 11:58:02.332,1.30633,1.30644,1.03,1.00
2016.10.04 11:58:02.587,1.30633,1.30644,1.78,1.00
2016.10.04 11:58:02.689,1.30633,1.30644,2.15,1.00
2016.10.04 11:58:02.944,1.30633,1.30644,4.59,1.00
2016.10.04 11:58:03.097,1.30633,1.30646,3.84,1.00
2016.10.04 11:58:03.250,1.30633,1.30646,1.65,1.00
2016.10.04 11:58:03.576,1.30633,1.30646,2.15,1.00
2016.10.04 11:58:06.170,1.30633,1.30646,1.87,1.00
2016.10.04 11:58:06.221,1.30633,1.30646,1.37,1.00
2016.10.04 11:58:06.554,1.30633,1.30646,3.09,1.00
2016.10.04 11:58:07.960,1.30632,1.30646,6.69,1.00
2016.10.04 11:58:08.598,1.30633,1.30646,1.65,1.00
2016.10.04 11:58:08.651,1.30633,1.30646,2.15,1.00
2016.10.04 11:58:08.702,1.30633,1.30646,2.90,1.00
2016.10.04 11:58:08.753,1.30636,1.30649,1.40,1.75
2016.10.04 11:58:08.887,1.30637,1.30649,2.71,1.00
2016.10.04 11:58:08.939,1.30637,1.30651,1.03,1.50
2016.10.04 11:58:08.990,1.30637,1.30652,2.15,1.87
2016.10.04 11:58:09.042,1.30637,1.30651,1.87,1.37
2016.10.04 11:58:09.093,1.30637,1.30651,1.50,1.37
2016.10.04 11:58:09.195,1.30637,1.3065,2.62,1.37
2016.10.04 11:58:09.297,1.30637,1.3065,1.00,1.37
2016.10.04 11:58:09.779,1.30636,1.3065,1.00,1.75
2016.10.04 11:58:10.230,1.30636,1.3065,1.03,1.75
2016.10.04 11:58:13.277,1.30638,1.3065,1.00,2.25
2016.10.04 11:58:13.855,1.30637,1.3065,1.00,2.25
2016.10.04 11:58:14.172,1.30637,1.30647,1.00,1.00
2016.10.04 11:58:14.274,1.30636,1.30647,1.03,1.00
2016.10.04 11:58:14.995,1.30636,1.30647,1.00,1.00
2016.10.04 11:58:15.481,1.30638,1.30649,1.50,1.12
2016.10.04 11:58:15.652,1.30638,1.30653,1.00,2.62
2016.10.04 11:58:15.703,1.3064,1.30653,1.00,2.25
2016.10.04 11:58:15.755,1.3064,1.30653,1.12,1.75
2016.10.04 11:58:15.807,1.30638,1.30651,3.37,1.12
2016.10.04 11:58:15.859,1.30638,1.3065,1.87,1.00
2016.10.04 11:58:15.910,1.30637,1.3065,1.00,1.12
2016.10.04 11:58:15.973,1.30636,1.30649,1.00,1.00
2016.10.04 11:58:16.493,1.30635,1.30648,1.00,1.00
2016.10.04 11:58:16.656,1.30635,1.3065,1.00,1.12
2016.10.04 11:58:16.707,1.30636,1.30651,1.00,2.25
2016.10.04 11:58:16.759,1.30636,1.3065,1.00,1.00
2016.10.04 11:58:16.811,1.30636,1.3065,1.12,1.37
2016.10.04 11:58:16.862,1.30635,1.3065,1.50,1.37
2016.10.04 11:58:16.913,1.30636,1.30648,1.00,1.00
2016.10.04 11:58:17.343,1.30636,1.30651,1.00,1.87
2016.10.04 11:58:17.395,1.30639,1.30651,1.12,1.12
2016.10.04 11:58:17.446,1.30639,1.30651,1.12,1.00
2016.10.04 11:58:17.511,1.3064,1.30654,1.37,1.50
2016.10.04 11:58:17.562,1.3064,1.30653,1.50,1.00
2016.10.04 11:58:17.614,1.30643,1.30654,1.00,1.00
2016.10.04 11:58:17.665,1.30643,1.30654,1.00,1.12
2016.10.04 11:58:17.717,1.30643,1.30655,1.00,1.87
2016.10.04 11:58:17.882,1.30643,1.30655,1.00,1.12
2016.10.04 11:58:17.933,1.30641,1.30655,1.00,1.12
2016.10.04 11:58:18.086,1.30645,1.30657,1.00,1.75
2016.10.04 11:58:18.137,1.30646,1.30659,1.00,1.87
2016.10.04 11:58:18.189,1.30656,1.30662,1.00,1.50
2016.10.04 11:58:18.240,1.30658,1.30662,1.00,1.00
2016.10.04 11:58:18.292,1.3066,1.30664,1.50,1.00
2016.10.04 11:58:18.682,1.30671,1.30676,1.00,2.25
2016.10.04 11:58:18.773,1.30675,1.30687,1.12,4.12
2016.10.04 11:58:18.944,1.30675,1.30687,1.12,1.37
2016.10.04 11:58:18.995,1.30675,1.30687,1.12,1.00
2016.10.04 11:58:19.046,1.30675,1.30689,1.12,1.00
2016.10.04 11:58:19.097,1.30675,1.30689,1.12,1.87
2016.10.04 11:58:19.387,1.30675,1.30685,1.00,1.00
2016.10.04 11:58:19.439,1.30671,1.30681,2.82,1.00
2016.10.04 11:58:19.504,1.30676,1.30685,1.00,1.00
2016.10.04 11:58:19.556,1.30679,1.30685,1.50,1.75
2016.10.04 11:58:19.607,1.30679,1.30688,1.50,3.22
2016.10.04 11:58:19.658,1.30677,1.30688,1.12,3.22
2016.10.04 11:58:19.710,1.30675,1.30687,1.75,1.12
2016.10.04 11:58:19.761,1.30674,1.30687,1.75,1.00
2016.10.04 11:58:19.884,1.30674,1.30687,1.12,1.00
2016.10.04 11:58:19.936,1.30674,1.30686,1.87,1.00
2016.10.04 11:58:20.089,1.30674,1.30689,3.00,1.00
2016.10.04 11:58:20.140,1.30675,1.3069,1.87,1.12
2016.10.04 11:58:20.193,1.30677,1.3069,1.50,1.50
2016.10.04 11:58:20.244,1.30678,1.3069,1.87,1.50
2016.10.04 11:58:20.296,1.30678,1.3069,1.87,1.00
2016.10.04 11:58:20.401,1.30678,1.3069,1.87,1.12
2016.10.04 11:58:20.531,1.30678,1.30691,1.87,1.50
2016.10.04 11:58:20.583,1.30678,1.30689,1.12,1.00
2016.10.04 11:58:21.471,1.30678,1.30693,1.87,1.50
2016.10.04 11:58:21.522,1.30678,1.3069,1.12,1.00
2016.10.04 11:58:21.676,1.30678,1.30692,1.12,1.12
2016.10.04 11:58:21.779,1.30677,1.30692,1.00,1.12
2016.10.04 11:58:22.514,1.30677,1.30692,1.12,1.12
2016.10.04 11:58:22.769,1.30676,1.30689,1.37,1.00
2016.10.04 11:58:22.821,1.30674,1.30688,1.50,1.00
2016.10.04 11:58:22.981,1.30673,1.30687,1.12,1.50
2016.10.04 11:58:23.034,1.30669,1.30682,1.50,1.00
2016.10.04 11:58:23.086,1.30669,1.30682,1.00,1.00
2016.10.04 11:58:23.137,1.3067,1.30683,1.00,1.87
2016.10.04 11:58:23.188,1.3067,1.30682,1.00,1.00
2016.10.04 11:58:23.392,1.30675,1.30686,1.00,1.12
2016.10.04 11:58:23.443,1.30675,1.30687,1.00,3.00
2016.10.04 11:58:23.494,1.30675,1.30686,1.00,1.87
2016.10.04 11:58:23.751,1.30673,1.30683,1.00,1.00
2016.10.04 11:58:23.803,1.30674,1.30683,1.00,1.12
2016.10.04 11:58:23.906,1.30675,1.30684,1.00,3.22
2016.10.04 11:58:24.010,1.30675,1.30686,1.00,1.87
2016.10.04 11:58:24.061,1.30677,1.30686,1.00,1.87
2016.10.04 11:58:24.112,1.30677,1.30688,1.00,1.75
2016.10.04 11:58:24.164,1.30677,1.30688,1.00,1.50
2016.10.04 11:58:24.216,1.30678,1.30688,1.00,1.00
2016.10.04 11:58:24.268,1.30677,1.30688,1.00,1.12
2016.10.04 11:58:24.514,1.30677,1.30688,1.00,1.00
2016.10.04 11:58:25.023,1.30677,1.30685,1.00,1.12
2016.10.04 11:58:25.125,1.30673,1.30685,1.12,1.87
2016.10.04 11:58:25.177,1.30671,1.30685,1.12,1.87
2016.10.04 11:58:25.343,1.30671,1.3068,1.00,1.00
2016.10.04 11:58:25.658,1.30669,1.30678,1.00,1.00
2016.10.04 11:58:26.120,1.30667,1.30677,1.12,1.00
2016.10.04 11:58:26.172,1.30667,1.30677,1.00,1.12
2016.10.04 11:58:26.224,1.30666,1.30678,1.00,2.62
2016.10.04 11:58:26.326,1.30666,1.30678,1.00,1.87
2016.10.04 11:58:26.429,1.30667,1.30677,1.00,2.25
2016.10.04 11:58:26.480,1.30668,1.30677,1.00,2.62
2016.10.04 11:58:26.531,1.30668,1.30677,1.00,1.87
2016.10.04 11:58:26.583,1.30666,1.30677,1.00,1.87
2016.10.04 11:58:26.762,1.30666,1.30677,1.00,2.62
2016.10.04 11:58:26.813,1.30666,1.30676,1.00,1.75
2016.10.04 11:58:26.865,1.30664,1.30676,1.00,1.75
2016.10.04 11:58:27.325,1.30665,1.30678,1.00,1.87
2016.10.04 11:58:27.559,1.30667,1.30676,1.00,1.00
2016.10.04 11:58:27.610,1.30667,1.3068,1.00,2.62
2016.10.04 11:58:27.731,1.30667,1.3068,1.12,2.62
2016.10.04 11:58:28.108,1.30667,1.30681,1.12,1.75
2016.10.04 11:58:28.432,1.30667,1.30682,1.12,2.25
2016.10.04 11:58:28.483,1.30666,1.3068,1.50,1.87
2016.10.04 11:58:28.535,1.30668,1.3068,1.00,1.87
2016.10.04 11:58:28.586,1.30668,1.3068,1.00,1.37
2016.10.04 11:58:28.688,1.30668,1.3068,1.00,1.12
2016.10.04 11:58:28.739,1.30668,1.3068,1.00,2.25
2016.10.04 11:58:28.790,1.30668,1.3068,1.00,1.12
2016.10.04 11:58:29.189,1.30665,1.30679,1.00,1.37
2016.10.04 11:58:29.242,1.30664,1.30678,1.00,1.12
2016.10.04 11:58:29.294,1.30664,1.30677,1.00,1.50
2016.10.04 11:58:29.348,1.30665,1.30677,1.00,1.50
2016.10.04 11:58:29.400,1.30665,1.30677,1.00,1.00
2016.10.04 11:58:29.504,1.30666,1.30677,1.00,1.12
2016.10.04 11:58:29.828,1.30666,1.30677,1.00,1.50
2016.10.04 11:58:29.895,1.30666,1.30677,1.00,1.00
2016.10.04 11:58:29.997,1.30666,1.30677,1.00,1.50
2016.10.04 11:58:30.099,1.30666,1.30677,1.00,1.12
2016.10.04 11:58:30.398,1.30666,1.30677,1.00,1.50
2016.10.04 11:58:30.613,1.30666,1.30677,1.00,1.37
2016.10.04 11:58:30.664,1.30668,1.30679,1.00,1.87
2016.10.04 11:58:30.716,1.30668,1.3068,1.00,1.12
2016.10.04 11:58:30.920,1.30668,1.30681,1.00,3.37
2016.10.04 11:58:30.975,1.30668,1.30681,1.00,3.00
2016.10.04 11:58:31.026,1.30668,1.30679,1.00,1.00
2016.10.04 11:58:31.179,1.30668,1.30681,1.00,2.25
2016.10.04 11:58:31.281,1.30668,1.30681,1.00,1.87
2016.10.04 11:58:31.550,1.3067,1.30681,1.00,1.87
2016.10.04 11:58:32.104,1.30669,1.30681,1.00,1.87
2016.10.04 11:58:33.004,1.30669,1.30681,1.00,1.00
2016.10.04 11:58:33.054,1.30669,1.30681,1.00,1.50
2016.10.04 11:58:33.106,1.30669,1.30681,1.00,1.87
2016.10.04 11:58:33.157,1.30669,1.30681,1.00,1.37
2016.10.04 11:58:33.208,1.30669,1.30682,1.00,2.25
2016.10.04 11:58:33.310,1.30669,1.30684,1.00,4.50
2016.10.04 11:58:33.474,1.30672,1.30681,1.00,1.00
2016.10.04 11:58:33.529,1.30672,1.30684,1.00,1.50
2016.10.04 11:58:33.581,1.30672,1.30684,1.00,1.00
2016.10.04 11:58:33.683,1.30676,1.30684,1.00,1.00
2016.10.04 11:58:33.785,1.30677,1.30689,1.00,2.62
2016.10.04 11:58:33.837,1.30677,1.3069,1.00,1.37
2016.10.04 11:58:34.194,1.30677,1.3069,1.00,1.50
2016.10.04 11:58:34.245,1.30677,1.30689,1.00,1.00
2016.10.04 11:58:34.571,1.30679,1.30689,1.00,1.00
2016.10.04 11:58:36.315,1.30678,1.30689,1.00,1.37
2016.10.04 11:58:38.574,1.30679,1.30689,1.00,1.37
2016.10.04 11:58:38.625,1.30679,1.30691,1.00,1.12
2016.10.04 11:58:43.629,1.30681,1.30691,1.00,1.12
2016.10.04 11:58:43.731,1.30681,1.3069,1.00,1.75
2016.10.04 11:58:44.951,1.3068,1.30688,1.00,1.00
2016.10.04 11:58:45.086,1.30678,1.30687,1.00,1.00
2016.10.04 11:58:45.189,1.30679,1.30689,1.00,3.75
2016.10.04 11:58:45.240,1.30679,1.30686,1.00,1.00
2016.10.04 11:58:45.292,1.30681,1.30686,1.00,1.00
2016.10.04 11:58:45.343,1.30683,1.30689,1.00,2.62
2016.10.04 11:58:45.394,1.30683,1.30689,1.00,1.87
2016.10.04 11:58:45.446,1.30684,1.30694,1.00,3.60
2016.10.04 11:58:45.549,1.30684,1.30693,1.00,1.12
2016.10.04 11:58:45.601,1.30681,1.30693,1.00,1.87
2016.10.04 11:58:45.653,1.30678,1.3069,1.31,2.25
2016.10.04 11:58:45.704,1.30679,1.3069,1.00,2.25
2016.10.04 11:58:45.843,1.30676,1.30689,1.00,1.12
2016.10.04 11:58:45.900,1.30679,1.30689,1.00,1.37
2016.10.04 11:58:46.240,1.30677,1.30687,1.00,1.37
2016.10.04 11:58:46.495,1.30679,1.30687,1.00,1.37
2016.10.04 11:58:48.502,1.30679,1.30689,1.00,1.12
2016.10.04 11:58:48.907,1.3068,1.30689,1.00,1.37
2016.10.04 11:58:48.958,1.30679,1.30691,1.00,1.37
2016.10.04 11:58:50.232,1.3068,1.30691,1.00,1.37
2016.10.04 11:58:50.283,1.30682,1.30692,1.00,1.87
2016.10.04 11:58:50.334,1.30683,1.30694,1.00,1.12
2016.10.04 11:58:50.385,1.30685,1.30696,1.00,1.87
2016.10.04 11:58:50.436,1.30685,1.30698,1.00,1.37
2016.10.04 11:58:50.538,1.30685,1.30698,1.00,2.25
2016.10.04 11:58:50.840,1.30685,1.30696,1.00,1.50
2016.10.04 11:58:50.891,1.30685,1.30696,1.00,2.25
2016.10.04 11:58:50.942,1.30685,1.30695,1.00,1.00
2016.10.04 11:58:51.537,1.30684,1.30695,1.00,1.00
2016.10.04 11:58:51.589,1.30686,1.30695,1.00,1.00
2016.10.04 11:58:51.641,1.30686,1.30698,1.00,1.50
2016.10.04 11:58:51.693,1.30686,1.30698,1.00,1.50
2016.10.04 11:58:51.850,1.30689,1.30699,1.00,2.62
2016.10.04 11:58:51.902,1.30689,1.30699,1.00,1.87
2016.10.04 11:58:51.954,1.3069,1.30701,1.00,1.50
2016.10.04 11:58:52.005,1.3069,1.30703,1.00,4.12
2016.10.04 11:58:52.057,1.30691,1.30703,1.00,1.12
2016.10.04 11:58:52.293,1.30691,1.30704,1.00,1.37
2016.10.04 11:58:53.033,1.30691,1.30704,1.00,1.87
2016.10.04 11:58:53.084,1.30692,1.30704,1.00,1.87
2016.10.04 11:58:53.222,1.30692,1.30704,1.00,1.37
2016.10.04 11:58:53.273,1.30692,1.30704,1.00,2.25
2016.10.04 11:58:53.580,1.30692,1.30704,1.00,1.50
2016.10.04 11:58:54.238,1.30692,1.30702,1.00,1.00
2016.10.04 11:58:54.341,1.30694,1.30702,1.00,1.50
2016.10.04 11:58:54.749,1.30695,1.30703,1.00,1.37
2016.10.04 11:58:54.851,1.30696,1.30705,1.00,1.75
2016.10.04 11:58:55.049,1.30696,1.30706,1.00,1.12
2016.10.04 11:58:55.356,1.30696,1.30707,1.00,1.87
2016.10.04 11:58:55.458,1.30696,1.30707,1.00,1.75
2016.10.04 11:58:58.755,1.30696,1.30707,1.00,1.12
2016.10.04 11:58:59.182,1.30697,1.30707,1.00,1.00
2016.10.04 11:58:59.284,1.30696,1.30709,1.00,2.25
2016.10.04 11:58:59.549,1.30696,1.30709,1.00,1.87
2016.10.04 11:58:59.621,1.30697,1.30709,1.00,1.12
2016.10.04 11:58:59.673,1.30698,1.30709,1.00,2.25
2016.10.04 11:58:59.724,1.30698,1.30709,1.00,3.00
2016.10.04 11:58:59.890,1.30695,1.30705,1.00,1.12
2016.10.04 11:58:59.941,1.30695,1.30704,1.00,1.00
2016.10.04 11:58:59.992,1.30695,1.30704,1.00,1.50
2016.10.04 11:59:00.043,1.30695,1.30703,1.00,1.37
2016.10.04 11:59:00.553,1.30694,1.30703,1.00,1.37
2016.10.04 11:59:01.127,1.30694,1.30704,1.00,1.12
2016.10.04 11:59:01.178,1.30691,1.30702,1.00,1.00
2016.10.04 11:59:01.229,1.3069,1.30701,1.00,1.12
2016.10.04 11:59:01.280,1.3069,1.307,1.00,1.12
2016.10.04 11:59:01.333,1.30688,1.307,1.00,2.25
2016.10.04 11:59:01.384,1.30689,1.307,1.00,1.87
2016.10.04 11:59:01.532,1.30688,1.307,1.00,2.62
2016.10.04 11:59:01.583,1.30688,1.30699,1.00,1.87
2016.10.04 11:59:01.635,1.30688,1.30699,1.00,1.75
2016.10.04 11:59:01.686,1.30686,1.30699,1.00,1.75
2016.10.04 11:59:01.891,1.30688,1.30698,1.00,1.75
2016.10.04 11:59:02.376,1.30692,1.30698,1.00,1.75
2016.10.04 11:59:02.427,1.30692,1.30699,1.00,1.87
2016.10.04 11:59:02.478,1.30692,1.30702,1.00,2.25
2016.10.04 11:59:02.581,1.30693,1.30707,1.00,4.72
2016.10.04 11:59:02.833,1.30691,1.30705,1.00,2.62
2016.10.04 11:59:02.885,1.30691,1.30704,1.00,1.12
2016.10.04 11:59:02.989,1.30691,1.30702,1.00,1.75
2016.10.04 11:59:03.042,1.30691,1.30703,1.00,1.87
2016.10.04 11:59:03.144,1.30691,1.30705,1.37,4.72
2016.10.04 11:59:03.196,1.30691,1.30705,1.37,2.25
2016.10.04 11:59:03.489,1.30693,1.30705,1.00,1.12
2016.10.04 11:59:03.540,1.30693,1.30705,1.50,1.12
2016.10.04 11:59:03.693,1.30693,1.30707,1.50,3.37
2016.10.04 11:59:03.744,1.30694,1.30707,1.00,2.25
2016.10.04 11:59:04.349,1.30694,1.30707,1.50,2.25
2016.10.04 11:59:04.401,1.30694,1.30707,1.50,1.50
2016.10.04 11:59:05.118,1.30694,1.30708,1.50,2.25
2016.10.04 11:59:05.220,1.30694,1.30708,1.12,2.62
2016.10.04 11:59:05.437,1.30694,1.30707,1.37,2.62
2016.10.04 11:59:05.488,1.30694,1.30705,1.37,1.00
2016.10.04 11:59:05.539,1.30694,1.30705,1.12,1.00
2016.10.04 11:59:05.590,1.30694,1.30706,1.12,1.75
2016.10.04 11:59:05.895,1.30696,1.30706,1.00,1.37
2016.10.04 11:59:05.946,1.30697,1.30707,1.00,2.62
2016.10.04 11:59:05.997,1.30697,1.30709,1.00,1.37
2016.10.04 11:59:06.048,1.30698,1.3071,1.00,3.75
2016.10.04 11:59:06.100,1.30698,1.3071,1.00,1.50
2016.10.04 11:59:06.151,1.30698,1.3071,1.12,1.50
2016.10.04 11:59:06.354,1.30698,1.3071,1.87,1.50
2016.10.04 11:59:06.405,1.30698,1.3071,1.87,1.00
2016.10.04 11:59:06.456,1.30702,1.3071,1.00,1.00
2016.10.04 11:59:06.508,1.30703,1.30712,1.00,2.25
2016.10.04 11:59:06.673,1.30703,1.30717,1.12,1.00
2016.10.04 11:59:06.774,1.30703,1.30717,1.12,1.37
2016.10.04 11:59:06.825,1.30703,1.30716,1.12,1.12
2016.10.04 11:59:06.877,1.30703,1.30716,1.00,1.12
2016.10.04 11:59:07.182,1.30703,1.30718,1.00,3.00
2016.10.04 11:59:07.312,1.30703,1.30718,1.00,2.62
2016.10.04 11:59:07.367,1.30704,1.30718,1.00,1.50
2016.10.04 11:59:07.724,1.30705,1.30717,1.00,1.12
2016.10.04 11:59:08.613,1.30704,1.30719,1.00,3.00
2016.10.04 11:59:09.110,1.30704,1.30719,1.00,2.25
2016.10.04 11:59:09.161,1.30704,1.30719,1.00,1.37
2016.10.04 11:59:09.212,1.30704,1.30719,1.00,1.00
2016.10.04 11:59:09.518,1.30705,1.3072,1.00,1.12
2016.10.04 11:59:09.569,1.30706,1.30718,1.00,1.00
2016.10.04 11:59:09.995,1.30705,1.30717,2.25,1.00
2016.10.04 11:59:10.046,1.30706,1.30718,1.37,1.00
2016.10.04 11:59:10.098,1.30707,1.30719,1.00,1.00
2016.10.04 11:59:10.250,1.30707,1.30721,1.00,1.37
2016.10.04 11:59:10.302,1.30708,1.30721,1.00,1.00
2016.10.04 11:59:10.353,1.30709,1.30722,1.00,1.37
2016.10.04 11:59:10.613,1.30709,1.30724,1.00,1.50
2016.10.04 11:59:10.665,1.30709,1.30724,1.00,1.12
2016.10.04 11:59:10.971,1.30711,1.30724,1.00,1.12
2016.10.04 11:59:11.024,1.3071,1.30723,1.00,1.00
2016.10.04 11:59:12.395,1.3071,1.30723,1.00,1.12
2016.10.04 11:59:13.182,1.3071,1.30723,1.00,1.00
2016.10.04 11:59:13.437,1.30711,1.30724,1.00,1.12
2016.10.04 11:59:13.489,1.30711,1.30724,1.00,1.00
2016.10.04 11:59:13.694,1.30712,1.30724,1.00,1.12
2016.10.04 11:59:13.943,1.30712,1.30724,1.00,1.00
2016.10.04 11:59:14.250,1.3071,1.30722,1.00,1.00
2016.10.04 11:59:15.008,1.3071,1.30722,1.00,1.12
2016.10.04 11:59:15.526,1.3071,1.30722,1.00,1.50
2016.10.04 11:59:15.628,1.3071,1.30722,1.00,1.12
2016.10.04 11:59:16.193,1.3071,1.30722,1.00,1.00
2016.10.04 11:59:16.397,1.30707,1.3072,1.00,1.00
2016.10.04 11:59:16.449,1.30707,1.30721,1.37,1.12
2016.10.04 11:59:16.601,1.30708,1.30721,1.12,1.12
2016.10.04 11:59:16.776,1.30708,1.30721,1.00,1.12
2016.10.04 11:59:17.033,1.30708,1.3072,1.00,1.00
2016.10.04 11:59:17.084,1.30706,1.30719,1.12,1.34
2016.10.04 11:59:17.135,1.30704,1.30716,2.25,1.00
2016.10.04 11:59:17.186,1.30704,1.30717,1.37,1.12
2016.10.04 11:59:17.237,1.30703,1.30715,1.87,1.00
2016.10.04 11:59:17.289,1.30703,1.30715,1.00,1.00
2016.10.04 11:59:17.340,1.30703,1.30715,1.00,1.37
2016.10.04 11:59:17.391,1.307,1.30714,1.00,1.87
2016.10.04 11:59:17.464,1.30699,1.30714,1.00,1.50
2016.10.04 11:59:17.664,1.30699,1.30713,1.00,2.25
2016.10.04 11:59:17.727,1.30699,1.30712,1.00,1.50
2016.10.04 11:59:17.778,1.30699,1.30713,1.00,1.12
2016.10.04 11:59:18.086,1.30699,1.30712,1.00,1.00
2016.10.04 11:59:18.188,1.307,1.30712,1.12,1.00
2016.10.04 11:59:18.331,1.307,1.30712,1.49,1.00
2016.10.04 11:59:18.382,1.30702,1.30714,1.00,1.50
2016.10.04 11:59:18.433,1.30702,1.30714,1.00,1.00
2016.10.04 11:59:18.536,1.30701,1.30716,1.50,1.00
2016.10.04 11:59:18.587,1.30702,1.30717,1.00,1.00
2016.10.04 11:59:19.226,1.30704,1.30716,1.00,1.00
2016.10.04 11:59:19.278,1.30705,1.30718,1.00,1.00
2016.10.04 11:59:20.006,1.30705,1.30718,1.00,1.12
2016.10.04 11:59:21.232,1.30705,1.30718,1.00,1.00
2016.10.04 11:59:21.334,1.30705,1.30718,1.00,1.12
2016.10.04 11:59:21.562,1.30705,1.30718,1.00,1.00
2016.10.04 11:59:21.614,1.30705,1.30718,1.00,1.87
2016.10.04 11:59:21.665,1.30705,1.30718,1.00,3.00
2016.10.04 11:59:21.716,1.30706,1.30718,1.00,1.37
2016.10.04 11:59:21.767,1.30706,1.30718,1.00,1.87
2016.10.04 11:59:21.819,1.30706,1.30718,1.00,1.50
2016.10.04 11:59:21.921,1.30706,1.30718,1.00,1.00
2016.10.04 11:59:22.125,1.30706,1.30718,1.00,1.37
2016.10.04 11:59:22.356,1.30706,1.30718,1.00,1.12
2016.10.04 11:59:22.508,1.30705,1.30719,1.00,1.37
2016.10.04 11:59:23.601,1.30705,1.3072,1.00,3.75
2016.10.04 11:59:23.652,1.30705,1.3072,1.00,1.50
2016.10.04 11:59:23.907,1.30705,1.30718,1.00,1.00
2016.10.04 11:59:26.417,1.30706,1.30719,1.00,1.00
2016.10.04 11:59:26.519,1.30706,1.30721,1.00,1.00
2016.10.04 11:59:26.675,1.30708,1.30722,1.00,1.12
2016.10.04 11:59:26.726,1.30708,1.30722,1.00,1.40
2016.10.04 11:59:26.779,1.30708,1.30722,1.00,1.12
2016.10.04 11:59:26.830,1.30707,1.30722,1.50,1.50
2016.10.04 11:59:26.881,1.30707,1.30722,1.50,1.12
2016.10.04 11:59:26.933,1.30708,1.30722,1.00,1.12
2016.10.04 11:59:27.036,1.30708,1.30722,1.00,1.50
2016.10.04 11:59:27.087,1.30708,1.3072,1.00,1.00
2016.10.04 11:59:27.138,1.30706,1.30719,1.50,1.00
2016.10.04 11:59:27.312,1.30708,1.3072,1.00,1.50
2016.10.04 11:59:28.058,1.30706,1.3072,1.00,1.50
2016.10.04 11:59:28.160,1.30706,1.3072,1.00,2.25
2016.10.04 11:59:30.033,1.30706,1.3072,1.00,1.50
2016.10.04 11:59:30.084,1.30707,1.30722,1.50,1.75
2016.10.04 11:59:30.135,1.30708,1.30722,1.12,1.75
2016.10.04 11:59:30.186,1.30708,1.30721,1.00,1.75
2016.10.04 11:59:30.241,1.30709,1.30721,1.00,1.37
2016.10.04 11:59:30.293,1.30709,1.30721,1.00,1.37
2016.10.04 11:59:30.344,1.30709,1.30721,1.00,1.28
2016.10.04 11:59:30.396,1.30709,1.30722,1.37,2.15
2016.10.04 11:59:30.448,1.30711,1.30723,1.00,1.50
2016.10.04 11:59:30.499,1.30713,1.30723,1.00,1.00
2016.10.04 11:59:30.631,1.30714,1.30726,1.00,1.37
2016.10.04 11:59:30.684,1.30713,1.30725,1.87,1.12
2016.10.04 11:59:30.759,1.30713,1.30725,1.87,1.37
2016.10.04 11:59:30.810,1.30714,1.30726,1.00,1.37
2016.10.04 11:59:30.862,1.30713,1.30726,1.00,1.00
2016.10.04 11:59:30.920,1.30713,1.30726,1.12,1.00
2016.10.04 11:59:30.991,1.30713,1.30725,1.37,1.12
2016.10.04 11:59:31.042,1.30712,1.30725,1.75,1.31
2016.10.04 11:59:31.093,1.30711,1.30723,1.87,1.00
2016.10.04 11:59:31.145,1.30711,1.30723,1.87,1.19
2016.10.04 11:59:31.197,1.30711,1.30723,1.50,1.19
2016.10.04 11:59:31.353,1.3071,1.30719,1.12,1.00
2016.10.04 11:59:31.424,1.30706,1.3072,1.12,1.56
2016.10.04 11:59:31.475,1.30706,1.30718,2.25,1.69
2016.10.04 11:59:31.527,1.30705,1.30718,1.87,2.00
2016.10.04 11:59:31.578,1.30705,1.30718,1.00,1.62
2016.10.04 11:59:31.629,1.30705,1.30719,1.75,1.19
2016.10.04 11:59:31.731,1.30705,1.30719,1.87,1.19
2016.10.04 11:59:31.833,1.30707,1.3072,1.37,1.19
2016.10.04 11:59:31.885,1.30708,1.3072,1.12,1.19
2016.10.04 11:59:32.024,1.30709,1.30721,1.00,2.06
2016.10.04 11:59:32.085,1.30709,1.30721,1.37,1.00
2016.10.04 11:59:32.137,1.30712,1.30722,1.00,1.00
2016.10.04 11:59:32.240,1.30712,1.30725,1.00,1.00
2016.10.04 11:59:32.291,1.30712,1.30725,1.75,1.00
2016.10.04 11:59:32.342,1.30711,1.30725,2.25,1.00
2016.10.04 11:59:32.393,1.30711,1.30725,1.75,1.00
2016.10.04 11:59:32.496,1.30711,1.30725,1.37,1.00
2016.10.04 11:59:32.547,1.3071,1.30725,1.75,1.00
2016.10.04 11:59:32.650,1.3071,1.30725,1.75,1.12
2016.10.04 11:59:33.907,1.30711,1.30725,1.50,1.12
2016.10.04 11:59:35.388,1.30709,1.3072,1.12,1.00
2016.10.04 11:59:35.490,1.30707,1.3072,1.50,1.00
2016.10.04 11:59:35.541,1.30707,1.3072,1.12,1.00
2016.10.04 11:59:35.592,1.30705,1.3072,1.87,1.87
2016.10.04 11:59:35.644,1.30705,1.30719,1.50,1.00
2016.10.04 11:59:35.808,1.30705,1.30719,1.12,1.00
2016.10.04 11:59:35.859,1.30705,1.30719,1.12,1.12
2016.10.04 11:59:35.969,1.30705,1.30719,1.12,1.31
2016.10.04 11:59:36.334,1.30703,1.30717,1.75,1.00
2016.10.04 11:59:36.553,1.30702,1.30714,1.75,1.00
2016.10.04 11:59:36.807,1.30703,1.30715,1.50,1.00
2016.10.04 11:59:36.960,1.30707,1.30717,1.00,1.00
2016.10.04 11:59:37.062,1.30704,1.30716,1.37,1.00
2016.10.04 11:59:37.365,1.30704,1.30714,1.37,1.00
2016.10.04 11:59:37.467,1.30702,1.30714,2.62,1.00
2016.10.04 11:59:37.569,1.30702,1.30714,2.25,1.00
2016.10.04 11:59:37.671,1.30702,1.30714,1.87,1.00
2016.10.04 11:59:37.892,1.30704,1.30714,1.00,1.00
2016.10.04 11:59:41.315,1.30701,1.30714,3.37,1.00
2016.10.04 11:59:41.366,1.30703,1.30714,1.12,1.00
2016.10.04 11:59:41.570,1.30701,1.30714,3.00,1.00
2016.10.04 11:59:42.088,1.30703,1.30716,2.25,1.00
2016.10.04 11:59:42.139,1.30707,1.30719,1.00,1.37
2016.10.04 11:59:42.190,1.30707,1.3072,1.00,1.50
2016.10.04 11:59:42.292,1.30704,1.30717,1.00,1.00
2016.10.04 11:59:42.343,1.30704,1.30717,1.50,1.00
2016.10.04 11:59:42.395,1.30703,1.30717,3.37,1.00
2016.10.04 11:59:42.446,1.30703,1.30717,3.37,1.00
2016.10.04 11:59:42.628,1.30703,1.30717,2.62,1.00
2016.10.04 11:59:42.679,1.30703,1.30717,1.50,1.00
2016.10.04 11:59:42.781,1.30702,1.30717,4.12,1.00
2016.10.04 11:59:42.947,1.30703,1.30717,1.50,1.00
2016.10.04 11:59:43.050,1.30703,1.30717,2.25,1.00
2016.10.04 11:59:43.320,1.30703,1.30717,1.50,1.00
2016.10.04 11:59:43.423,1.30703,1.30714,2.25,1.00
2016.10.04 11:59:43.474,1.30703,1.30714,1.87,1.00
2016.10.04 11:59:43.526,1.30703,1.30713,1.37,1.00
2016.10.04 11:59:43.577,1.30703,1.30713,1.12,1.00
2016.10.04 11:59:43.850,1.30703,1.30713,1.00,1.00
2016.10.04 11:59:44.225,1.30703,1.3071,1.00,1.00
2016.10.04 11:59:44.829,1.30703,1.30709,1.00,1.00
2016.10.04 11:59:44.982,1.30698,1.30709,2.62,1.00
2016.10.04 11:59:45.085,1.30698,1.30709,2.25,1.00
2016.10.04 11:59:45.136,1.30698,1.30709,1.50,1.00
2016.10.04 11:59:45.392,1.30698,1.30709,1.12,1.00
2016.10.04 11:59:45.672,1.30697,1.30709,2.62,1.00
2016.10.04 11:59:45.723,1.30697,1.30709,3.37,1.00
2016.10.04 11:59:45.825,1.30698,1.30709,1.50,1.00
2016.10.04 11:59:46.638,1.30699,1.3071,1.12,1.00
2016.10.04 11:59:46.690,1.30699,1.3071,1.50,1.00
2016.10.04 11:59:46.944,1.30698,1.3071,1.75,1.00
2016.10.04 11:59:46.995,1.30698,1.30709,2.62,1.00
2016.10.04 11:59:47.046,1.30698,1.30709,3.37,1.00
2016.10.04 11:59:47.148,1.30699,1.30709,1.50,1.00
2016.10.04 11:59:47.488,1.30699,1.30708,1.50,1.00
2016.10.04 11:59:47.539,1.30698,1.30709,2.62,1.00
2016.10.04 11:59:47.642,1.30699,1.30709,1.50,1.00
2016.10.04 11:59:47.848,1.30698,1.30709,2.62,1.00
2016.10.04 11:59:47.950,1.30699,1.30709,1.50,1.00
2016.10.04 11:59:50.104,1.30698,1.30709,2.62,1.00
2016.10.04 11:59:50.481,1.30699,1.30709,1.50,1.00
2016.10.04 11:59:51.747,1.30698,1.30709,2.62,1.00
2016.10.04 11:59:51.935,1.30699,1.30709,1.50,1.00
2016.10.04 11:59:52.145,1.30698,1.30709,1.87,1.00
2016.10.04 11:59:52.197,1.30697,1.3071,1.75,1.00
2016.10.04 11:59:52.248,1.30699,1.3071,1.37,1.00
2016.10.04 11:59:52.300,1.30699,1.3071,1.00,1.00
2016.10.04 11:59:52.351,1.30698,1.3071,1.37,1.00
2016.10.04 11:59:52.402,1.30697,1.3071,1.87,1.00
2016.10.04 11:59:52.453,1.30697,1.30709,1.12,1.00
2016.10.04 11:59:52.504,1.30697,1.30709,1.50,1.00
2016.10.04 11:59:53.360,1.30697,1.30711,1.37,1.00
2016.10.04 11:59:53.411,1.30698,1.3071,3.00,1.00
2016.10.04 11:59:53.463,1.30698,1.3071,4.12,1.00
2016.10.04 11:59:53.514,1.30699,1.3071,1.00,1.00
2016.10.04 11:59:53.667,1.30699,1.3071,1.00,1.00
2016.10.04 11:59:54.543,1.30699,1.3071,1.00,1.00
2016.10.04 11:59:54.849,1.30699,1.3071,1.00,1.00
2016.10.04 11:59:55.036,1.30698,1.3071,1.50,1.00
2016.10.04 11:59:55.142,1.30697,1.3071,1.75,1.00
2016.10.04 11:59:55.193,1.30697,1.3071,2.25,1.00
2016.10.04 11:59:55.365,1.30697,1.30709,1.75,1.00
2016.10.04 11:59:55.468,1.30697,1.30709,1.87,1.00
2016.10.04 11:59:55.622,1.30697,1.30709,3.37,1.00
2016.10.04 11:59:55.843,1.30697,1.30709,2.62,1.00
2016.10.04 11:59:55.996,1.30697,1.30709,1.75,1.00
2016.10.04 11:59:56.099,1.30697,1.30709,1.75,1.00
2016.10.04 11:59:56.151,1.30695,1.30708,3.75,1.00
2016.10.04 11:59:56.202,1.30695,1.30708,1.75,1.00
2016.10.04 11:59:56.304,1.30695,1.30708,1.12,1.00
2016.10.04 11:59:56.623,1.30698,1.30711,1.00,1.50
2016.10.04 11:59:56.674,1.30698,1.30711,1.00,1.12
2016.10.04 11:59:56.776,1.30698,1.30712,1.12,1.37
2016.10.04 11:59:56.827,1.307,1.30712,1.00,1.12
2016.10.04 11:59:56.980,1.307,1.30713,1.00,1.37
2016.10.04 11:59:57.031,1.307,1.30713,1.00,1.00
2016.10.04 11:59:58.277,1.30703,1.30715,1.00,1.37
2016.10.04 11:59:58.328,1.30702,1.30714,1.00,1.12
2016.10.04 11:59:58.379,1.30703,1.30715,1.12,1.50
2016.10.04 11:59:58.430,1.30703,1.30717,1.12,1.12
2016.10.04 11:59:58.481,1.30706,1.30716,1.00,1.12
2016.10.04 11:59:58.584,1.30704,1.30715,1.00,1.00
2016.10.04 11:59:58.635,1.30705,1.30718,1.00,1.12
2016.10.04 11:59:58.686,1.30705,1.30718,1.00,1.37
2016.10.04 11:59:58.842,1.30705,1.30719,1.00,1.87
2016.10.04 11:59:58.893,1.30706,1.30718,1.00,1.12
2016.10.04 11:59:58.945,1.30704,1.30719,1.00,1.87
2016.10.04 11:59:59.047,1.30704,1.30719,1.00,3.00
2016.10.04 11:59:59.116,1.30704,1.30719,1.00,3.37
2016.10.04 11:59:59.171,1.30702,1.30715,1.12,1.50
2016.10.04 11:59:59.225,1.30702,1.30715,1.00,1.50
2016.10.04 11:59:59.328,1.30703,1.30716,1.00,1.00
2016.10.04 11:59:59.380,1.30703,1.30717,1.00,2.25
2016.10.04 11:59:59.554,1.30704,1.30717,1.00,1.37
2016.10.04 11:59:59.712,1.30704,1.30717,1.00,1.87
2016.10.04 11:59:59.816,1.30704,1.30717,1.00,1.37
