2012.11.26 22:00:00.317,1.31541,1.31564,0.75,0.75
2012.11.26 22:00:00.993,1.31541,1.31563,0.75,0.75
2012.11.26 22:00:01.532,1.31541,1.31569,0.75,0.75
2012.11.26 22:00:01.983,1.31546,1.31572,0.75,0.75
2012.11.26 22:00:02.862,1.31546,1.31574,0.75,0.75
2012.11.26 22:00:03.833,1.31546,1.31569,0.75,0.75
2012.11.26 22:00:04.152,1.31529,1.31563,0.75,1.13
2012.11.26 22:00:04.603,1.31529,1.31544,0.75,0.75
2012.11.26 22:00:07.134,1.31541,1.31563,0.75,0.38
2012.11.26 22:00:07.719,1.31542,1.31562,0.75,0.38
2012.11.26 22:00:12.744,1.31536,1.31558,0.75,0.75
2012.11.26 22:00:13.172,1.31536,1.31562,0.75,0.38
2012.11.26 22:00:13.656,1.31551,1.31564,0.75,0.38
2012.11.26 22:00:15.231,1.31554,1.3157,2.25,0.38
2012.11.26 22:00:15.292,1.31549,1.31573,6.75,1.41
2012.11.26 22:00:21.512,1.31558,1.31573,0.75,0.75
2012.11.26 22:00:25.332,1.31543,1.31569,0.75,0.75
2012.11.26 22:00:28.102,1.31541,1.31569,1.50,0.75
2012.11.26 22:00:28.658,1.31541,1.31574,0.75,0.75
2012.11.26 22:00:33.662,1.31541,1.31572,0.75,0.75
2012.11.26 22:00:34.244,1.31542,1.31568,0.75,0.75
2012.11.26 22:00:34.683,1.31542,1.31573,0.75,0.75
2012.11.26 22:00:35.634,1.31542,1.31564,0.75,0.38
2012.11.26 22:00:37.074,1.31531,1.31564,0.75,0.38
2012.11.26 22:00:37.793,1.31531,1.31564,0.75,0.38
2012.11.26 22:00:38.763,1.31531,1.3157,0.75,0.75
2012.11.26 22:00:39.926,1.31531,1.31551,0.75,0.75
2012.11.26 22:00:40.043,1.31525,1.31543,0.75,0.75
2012.11.26 22:00:40.103,1.31517,1.31543,0.75,0.75
2012.11.26 22:00:41.253,1.31516,1.31554,1.50,0.75
2012.11.26 22:00:46.004,1.31516,1.31543,0.75,0.75
2012.11.26 22:00:46.263,1.31516,1.31548,0.75,0.75
2012.11.26 22:00:46.323,1.31516,1.31543,0.75,0.75
2012.11.26 22:00:51.173,1.31512,1.31537,0.75,0.75
2012.11.26 22:00:51.292,1.31502,1.31523,0.75,0.75
2012.11.26 22:00:53.073,1.31501,1.31529,0.75,0.75
2012.11.26 22:00:53.132,1.31511,1.31542,0.75,0.75
2012.11.26 22:00:53.253,1.31511,1.31544,0.75,0.75
2012.11.26 22:00:53.312,1.31511,1.31548,0.75,0.75
2012.11.26 22:00:53.736,1.31516,1.31552,0.75,0.75
2012.11.26 22:00:56.392,1.31512,1.31552,0.75,0.75
2012.11.26 22:00:56.703,1.31517,1.31552,0.75,0.75
2012.11.26 22:00:57.277,1.31516,1.31552,0.75,0.75
2012.11.26 22:01:03.506,1.31516,1.31555,0.75,0.75
2012.11.26 22:01:03.562,1.31516,1.31557,0.75,0.75
2012.11.26 22:01:04.942,1.31516,1.31556,0.75,0.75
2012.11.26 22:01:06.244,1.31512,1.31548,0.75,0.75
2012.11.26 22:01:06.354,1.31512,1.31556,0.75,0.75
2012.11.26 22:01:10.204,1.31539,1.31556,0.75,0.75
2012.11.26 22:01:10.323,1.31542,1.31576,0.75,0.75
2012.11.26 22:01:15.484,1.31537,1.31568,0.75,0.75
2012.11.26 22:01:16.292,1.31536,1.31574,0.75,0.75
2012.11.26 22:01:17.697,1.31536,1.31557,0.75,0.75
2012.11.26 22:01:17.813,1.31512,1.31543,0.75,0.75
2012.11.26 22:01:29.073,1.31521,1.31553,0.75,0.38
2012.11.26 22:01:29.754,1.31521,1.31554,0.75,0.75
2012.11.26 22:01:48.744,1.31522,1.31545,0.75,0.75
2012.11.26 22:01:48.923,1.31517,1.31545,0.98,0.75
2012.11.26 22:02:30.463,1.31517,1.31547,0.98,0.75
2012.11.26 22:02:57.784,1.31517,1.31549,0.23,0.75
2012.11.26 22:02:58.483,1.31517,1.31553,0.23,0.75
2012.11.26 22:03:02.883,1.31517,1.31554,0.23,0.75
2012.11.26 22:03:02.943,1.31517,1.31558,0.23,0.23
2012.11.26 22:03:05.005,1.31518,1.31558,0.75,0.23
2012.11.26 22:03:05.124,1.31517,1.31558,0.23,0.23
2012.11.26 22:03:23.944,1.31517,1.31544,0.23,0.75
2012.11.26 22:03:24.247,1.31517,1.31549,0.23,0.75
2012.11.26 22:03:27.386,1.31517,1.31531,0.23,0.75
2012.11.26 22:03:27.564,1.31506,1.31529,0.75,0.75
2012.11.26 22:03:32.144,1.31502,1.31523,0.75,0.75
2012.11.26 22:03:32.825,1.31502,1.31528,0.75,0.75
2012.11.26 22:03:33.235,1.31502,1.31523,0.75,0.75
2012.11.26 22:03:45.155,1.31497,1.3151,0.98,0.75
2012.11.26 22:03:45.455,1.31492,1.31508,0.75,0.75
2012.11.26 22:03:52.035,1.31496,1.3151,0.38,0.75
2012.11.26 22:03:52.095,1.31498,1.31524,0.38,0.75
2012.11.26 22:03:54.965,1.31498,1.31519,0.38,0.75
2012.11.26 22:03:55.025,1.31496,1.31519,0.75,0.75
2012.11.26 22:04:09.646,1.31491,1.31532,1.50,1.35
2012.11.26 22:04:22.696,1.31491,1.31529,1.50,1.35
2012.11.26 22:04:22.975,1.31491,1.31525,1.50,1.13
2012.11.26 22:04:25.925,1.31491,1.31524,1.50,1.13
2012.11.26 22:04:30.965,1.31491,1.31532,1.50,1.35
2012.11.26 22:04:33.086,1.31491,1.31532,1.50,1.73
2012.11.26 22:04:34.675,1.31487,1.31532,1.50,1.35
2012.11.26 22:04:34.856,1.31486,1.31532,1.50,1.73
2012.11.26 22:04:35.995,1.31487,1.31531,1.50,1.73
2012.11.26 22:04:36.076,1.31487,1.31532,1.50,1.73
2012.11.26 22:04:38.838,1.31487,1.31532,1.50,1.73
2012.11.26 22:04:38.955,1.31488,1.31532,1.50,1.35
2012.11.26 22:04:39.197,1.31488,1.31532,1.73,1.13
2012.11.26 22:04:39.646,1.31491,1.31536,1.50,2.10
2012.11.26 22:04:40.199,1.31491,1.31535,1.13,1.50
2012.11.26 22:04:40.256,1.31491,1.31536,1.13,1.13
2012.11.26 22:04:40.409,1.31491,1.31535,2.46,1.50
2012.11.26 22:04:40.717,1.31488,1.31533,1.34,1.50
2012.11.26 22:04:40.776,1.31487,1.31533,1.13,1.73
2012.11.26 22:04:41.136,1.31486,1.31531,1.88,1.73
2012.11.26 22:04:41.256,1.31482,1.31531,2.31,1.50
2012.11.26 22:04:41.437,1.31487,1.31529,3.44,1.50
2012.11.26 22:04:41.617,1.31487,1.31532,1.56,1.13
2012.11.26 22:04:42.115,1.31491,1.31532,1.50,1.13
2012.11.26 22:04:42.412,1.3149,1.31538,1.73,1.73
2012.11.26 22:04:42.488,1.3149,1.31538,1.73,1.50
2012.11.26 22:04:42.906,1.3149,1.31533,1.73,1.50
2012.11.26 22:04:43.086,1.3149,1.3154,1.73,1.80
2012.11.26 22:04:44.509,1.31497,1.31543,1.50,1.73
2012.11.26 22:04:44.580,1.31495,1.31539,1.50,1.50
2012.11.26 22:04:45.540,1.31497,1.31543,1.50,1.73
2012.11.26 22:04:45.605,1.31497,1.31548,1.50,1.73
2012.11.26 22:04:45.896,1.31496,1.31544,1.50,1.73
2012.11.26 22:04:46.766,1.31497,1.31546,1.50,1.73
2012.11.26 22:04:46.825,1.31497,1.31543,1.50,1.73
2012.11.26 22:04:47.186,1.31495,1.31543,1.50,1.73
2012.11.26 22:04:47.646,1.31497,1.31543,1.50,1.73
2012.11.26 22:04:47.765,1.31496,1.31543,1.50,1.73
2012.11.26 22:04:47.825,1.31495,1.31543,1.50,1.73
2012.11.26 22:04:48.116,1.31496,1.31543,1.50,1.73
2012.11.26 22:04:48.994,1.31495,1.3154,1.50,1.13
2012.11.26 22:04:49.406,1.31496,1.31546,1.50,1.73
2012.11.26 22:04:49.541,1.31496,1.31544,1.50,1.73
2012.11.26 22:04:49.686,1.31496,1.31546,1.50,1.73
2012.11.26 22:04:49.762,1.31496,1.31543,1.50,1.73
2012.11.26 22:04:50.203,1.31489,1.31546,1.73,1.73
2012.11.26 22:04:50.422,1.31489,1.31546,1.73,1.73
2012.11.26 22:04:50.696,1.31489,1.31544,1.73,1.73
2012.11.26 22:04:50.886,1.31489,1.31546,1.73,1.73
2012.11.26 22:04:51.337,1.31489,1.31543,1.73,1.73
2012.11.26 22:04:51.695,1.31522,1.31552,1.50,1.50
2012.11.26 22:04:52.076,1.31527,1.31573,1.50,1.50
2012.11.26 22:04:52.199,1.31525,1.31573,1.50,1.50
2012.11.26 22:04:54.266,1.31526,1.31565,3.61,1.50
2012.11.26 22:04:54.708,1.31531,1.31574,1.73,2.25
2012.11.26 22:04:55.018,1.3153,1.31574,1.73,1.50
2012.11.26 22:04:55.086,1.31538,1.31575,1.73,1.50
2012.11.26 22:04:55.266,1.31536,1.31575,1.50,1.50
2012.11.26 22:04:55.325,1.31535,1.31574,1.50,2.25
2012.11.26 22:04:55.618,1.31531,1.31574,1.50,2.25
2012.11.26 22:04:55.676,1.31531,1.31574,1.50,1.50
2012.11.26 22:04:55.755,1.31531,1.31573,1.50,1.50
2012.11.26 22:04:56.196,1.31531,1.31574,1.50,1.50
2012.11.26 22:04:56.537,1.31531,1.31574,1.50,2.25
2012.11.26 22:04:57.288,1.31531,1.31574,1.50,1.50
2012.11.26 22:04:57.722,1.31531,1.31574,1.50,2.25
2012.11.26 22:04:58.273,1.31527,1.31574,1.35,1.50
2012.11.26 22:04:59.206,1.31531,1.31573,1.50,1.50
2012.11.26 22:05:00.001,1.31531,1.31568,1.50,1.50
2012.11.26 22:05:00.069,1.31531,1.31573,1.50,1.50
2012.11.26 22:05:00.641,1.31531,1.31574,1.50,1.50
2012.11.26 22:05:00.829,1.31537,1.31578,1.50,1.50
2012.11.26 22:05:00.962,1.31536,1.31578,1.50,1.50
2012.11.26 22:05:01.321,1.31563,1.3158,0.75,1.73
2012.11.26 22:05:01.518,1.31542,1.31578,1.50,1.50
2012.11.26 22:05:01.649,1.31538,1.31578,1.50,2.25
2012.11.26 22:05:01.779,1.31536,1.31574,1.73,1.50
2012.11.26 22:05:01.858,1.31533,1.31573,2.70,1.50
2012.11.26 22:05:02.086,1.31538,1.31578,1.50,2.25
2012.11.26 22:05:02.147,1.31537,1.31573,1.50,1.50
2012.11.26 22:05:02.334,1.31537,1.31578,1.50,2.25
2012.11.26 22:05:02.460,1.31541,1.31578,1.50,1.50
2012.11.26 22:05:02.648,1.31539,1.31579,1.50,1.50
2012.11.26 22:05:03.014,1.31534,1.31576,2.55,1.50
2012.11.26 22:05:03.178,1.31539,1.31579,1.50,2.48
2012.11.26 22:05:03.299,1.31539,1.31579,1.50,1.73
2012.11.26 22:05:03.369,1.31537,1.31576,1.50,1.50
2012.11.26 22:05:03.787,1.31539,1.31579,1.50,1.50
2012.11.26 22:05:03.906,1.31541,1.31579,1.50,2.25
2012.11.26 22:05:04.730,1.31541,1.31583,1.50,1.73
2012.11.26 22:05:05.108,1.31568,1.31584,0.75,1.73
2012.11.26 22:05:05.167,1.31546,1.31583,1.50,1.73
2012.11.26 22:05:05.228,1.31541,1.31578,1.73,1.50
2012.11.26 22:05:05.776,1.31541,1.31583,1.50,1.73
2012.11.26 22:05:06.258,1.31541,1.31583,1.50,2.48
2012.11.26 22:05:06.448,1.31537,1.31578,1.73,1.50
2012.11.26 22:05:06.637,1.31541,1.31579,1.50,1.50
2012.11.26 22:05:06.758,1.31537,1.31578,1.73,1.50
2012.11.26 22:05:06.878,1.31541,1.31578,1.50,1.50
2012.11.26 22:05:06.997,1.31541,1.31583,1.50,1.50
2012.11.26 22:05:07.187,1.31541,1.31579,1.50,1.50
2012.11.26 22:05:08.346,1.31541,1.31579,1.50,1.50
2012.11.26 22:05:08.999,1.31537,1.31576,1.50,1.50
2012.11.26 22:05:09.165,1.31541,1.31579,1.50,1.50
2012.11.26 22:05:09.297,1.31559,1.31601,0.75,1.41
2012.11.26 22:05:09.809,1.31569,1.31602,0.75,2.16
2012.11.26 22:05:09.877,1.31526,1.31575,1.50,1.50
2012.11.26 22:05:09.936,1.31558,1.316,0.75,1.65
2012.11.26 22:05:10.627,1.31533,1.31578,1.50,1.50
2012.11.26 22:05:10.716,1.31533,1.31575,1.50,1.50
2012.11.26 22:05:11.247,1.31533,1.31575,1.50,1.50
2012.11.26 22:05:11.703,1.31537,1.31575,1.50,1.50
2012.11.26 22:05:11.768,1.31541,1.31576,1.50,1.50
2012.11.26 22:05:13.685,1.31539,1.31574,1.50,1.50
2012.11.26 22:05:13.806,1.31536,1.31574,1.50,1.50
2012.11.26 22:05:14.048,1.31539,1.31574,1.50,1.50
2012.11.26 22:05:14.233,1.31534,1.31574,2.70,1.50
2012.11.26 22:05:14.458,1.31539,1.31574,1.50,1.50
2012.11.26 22:05:14.798,1.31534,1.31574,2.70,1.50
2012.11.26 22:05:15.146,1.31532,1.31576,1.50,1.50
2012.11.26 22:05:15.477,1.31541,1.31576,1.50,1.50
2012.11.26 22:05:15.698,1.31541,1.31583,1.50,2.25
2012.11.26 22:05:15.993,1.31541,1.31576,1.50,1.50
2012.11.26 22:05:16.377,1.31541,1.31578,1.50,1.50
2012.11.26 22:05:16.654,1.31541,1.31576,1.50,1.50
2012.11.26 22:05:17.305,1.31541,1.31579,1.50,1.50
2012.11.26 22:05:17.606,1.3154,1.31583,1.50,1.50
2012.11.26 22:05:17.799,1.31537,1.31583,3.00,1.50
2012.11.26 22:05:17.867,1.3154,1.31583,1.50,1.50
2012.11.26 22:05:18.184,1.31537,1.31583,3.00,1.50
2012.11.26 22:05:19.614,1.3154,1.31583,1.50,1.50
2012.11.26 22:05:22.145,1.31538,1.31583,1.50,1.50
2012.11.26 22:05:23.243,1.31537,1.31583,3.00,1.50
2012.11.26 22:05:23.547,1.3154,1.31583,1.50,1.50
2012.11.26 22:05:23.806,1.3154,1.31587,1.50,1.13
2012.11.26 22:05:24.241,1.3154,1.31583,1.50,1.50
2012.11.26 22:05:24.366,1.31542,1.31587,1.50,1.13
2012.11.26 22:05:24.673,1.31542,1.31582,1.50,1.50
2012.11.26 22:05:26.268,1.31541,1.31579,1.50,1.50
2012.11.26 22:05:26.587,1.31538,1.31583,1.50,1.88
2012.11.26 22:05:26.654,1.31538,1.31583,1.50,1.13
2012.11.26 22:05:34.108,1.31535,1.31582,1.41,1.50
2012.11.26 22:05:41.587,1.31539,1.31586,1.50,1.13
2012.11.26 22:05:41.707,1.31539,1.31586,1.50,1.13
2012.11.26 22:05:41.826,1.31539,1.31586,1.50,1.13
2012.11.26 22:05:42.596,1.31539,1.31584,1.50,1.13
2012.11.26 22:05:42.656,1.31539,1.31586,1.50,1.13
2012.11.26 22:05:42.837,1.31539,1.31586,1.50,1.13
2012.11.26 22:05:46.648,1.31535,1.31554,2.16,0.75
2012.11.26 22:05:46.717,1.31535,1.31558,2.16,0.75
2012.11.26 22:05:46.968,1.31539,1.31596,1.50,1.13
2012.11.26 22:05:47.117,1.31539,1.31594,1.50,1.13
2012.11.26 22:05:47.426,1.31539,1.31596,1.50,1.13
2012.11.26 22:05:49.226,1.3154,1.31586,1.50,1.13
2012.11.26 22:05:49.287,1.31546,1.31589,1.50,1.50
2012.11.26 22:05:49.696,1.31551,1.31597,1.50,1.13
2012.11.26 22:05:50.127,1.31551,1.31597,1.50,1.13
2012.11.26 22:05:50.436,1.31551,1.31597,1.50,1.13
2012.11.26 22:05:52.247,1.3155,1.31597,1.13,1.13
2012.11.26 22:05:54.258,1.3155,1.31597,1.13,1.13
2012.11.26 22:05:54.369,1.3155,1.31597,1.13,1.13
2012.11.26 22:05:56.698,1.3155,1.31597,1.13,1.13
2012.11.26 22:05:56.817,1.3155,1.31597,1.13,1.13
2012.11.26 22:05:57.688,1.31551,1.31597,1.50,1.13
2012.11.26 22:05:57.750,1.31551,1.31597,1.50,1.13
2012.11.26 22:05:58.268,1.3155,1.31597,1.13,1.13
2012.11.26 22:05:59.790,1.3155,1.31597,1.13,1.13
2012.11.26 22:05:59.858,1.3155,1.31597,1.13,1.13
2012.11.26 22:06:03.673,1.31545,1.31597,1.13,1.88
2012.11.26 22:06:04.090,1.31545,1.31597,1.13,1.88
2012.11.26 22:06:04.217,1.31545,1.31597,1.13,1.88
2012.11.26 22:06:04.277,1.31545,1.31597,1.13,1.88
2012.11.26 22:06:06.152,1.31545,1.31597,1.13,1.88
2012.11.26 22:06:06.688,1.31545,1.31597,1.13,1.88
2012.11.26 22:06:07.086,1.31545,1.31568,1.13,0.75
2012.11.26 22:06:07.420,1.31545,1.31569,1.13,0.75
2012.11.26 22:06:07.931,1.31545,1.31569,1.13,0.75
2012.11.26 22:06:08.229,1.31548,1.31592,1.28,1.50
2012.11.26 22:06:08.516,1.31547,1.31592,2.33,1.50
2012.11.26 22:06:08.735,1.3155,1.31592,1.05,1.50
2012.11.26 22:06:08.999,1.31547,1.31592,3.08,1.50
2012.11.26 22:06:09.176,1.3155,1.31592,1.95,1.50
2012.11.26 22:06:09.682,1.31551,1.31592,2.03,1.50
2012.11.26 22:06:10.717,1.31551,1.31592,3.53,1.50
2012.11.26 22:06:10.797,1.31556,1.31597,1.50,1.13
2012.11.26 22:06:10.919,1.31552,1.31596,1.50,1.50
2012.11.26 22:06:11.111,1.31551,1.31596,1.50,1.50
2012.11.26 22:06:11.431,1.31547,1.31587,1.50,1.50
2012.11.26 22:06:11.751,1.31546,1.31587,2.48,1.50
2012.11.26 22:06:12.355,1.31547,1.31592,2.40,1.13
2012.11.26 22:06:12.739,1.31543,1.31564,1.65,0.75
2012.11.26 22:06:13.131,1.31543,1.31592,2.40,1.13
2012.11.26 22:06:13.871,1.31546,1.31592,1.50,1.13
2012.11.26 22:06:13.939,1.31545,1.31592,2.63,1.13
2012.11.26 22:06:14.282,1.31544,1.31591,1.13,1.50
2012.11.26 22:06:16.014,1.31546,1.31591,2.25,1.50
2012.11.26 22:06:16.151,1.31545,1.31564,1.50,0.75
2012.11.26 22:06:16.303,1.31546,1.31591,2.25,1.50
2012.11.26 22:06:16.611,1.31546,1.31591,1.50,1.50
2012.11.26 22:06:16.697,1.31544,1.31591,1.13,1.50
2012.11.26 22:06:17.027,1.31547,1.31591,1.50,1.50
2012.11.26 22:06:18.579,1.31547,1.31591,2.48,1.50
2012.11.26 22:06:18.657,1.31547,1.31591,1.50,1.50
2012.11.26 22:06:19.806,1.31544,1.31591,1.13,1.50
2012.11.26 22:06:20.143,1.31544,1.31591,2.25,1.50
2012.11.26 22:06:20.770,1.31546,1.31591,1.50,1.50
2012.11.26 22:06:22.002,1.31546,1.31583,1.50,1.50
2012.11.26 22:06:22.189,1.31546,1.31579,1.50,1.50
2012.11.26 22:06:22.350,1.31541,1.31579,1.50,1.50
2012.11.26 22:06:23.098,1.31541,1.31582,1.50,1.50
2012.11.26 22:06:23.955,1.31541,1.3158,1.50,1.50
2012.11.26 22:06:25.289,1.31541,1.31579,1.50,1.50
2012.11.26 22:06:26.129,1.31541,1.31574,1.50,1.50
2012.11.26 22:06:26.203,1.31537,1.31571,1.50,1.50
2012.11.26 22:06:26.669,1.31531,1.31571,3.38,1.50
2012.11.26 22:06:26.739,1.31525,1.31572,1.13,2.63
2012.11.26 22:06:29.238,1.31524,1.31572,1.13,2.25
2012.11.26 22:06:29.361,1.3151,1.31568,1.13,1.73
2012.11.26 22:06:29.509,1.3151,1.31568,1.13,1.73
2012.11.26 22:06:29.639,1.31505,1.31567,1.13,1.73
2012.11.26 22:06:30.099,1.31505,1.31567,1.13,1.73
2012.11.26 22:06:30.228,1.31505,1.31567,1.13,1.73
2012.11.26 22:06:30.788,1.31498,1.31561,1.41,1.50
2012.11.26 22:06:33.695,1.31503,1.31567,1.50,1.73
2012.11.26 22:06:34.020,1.31503,1.31567,1.50,1.73
2012.11.26 22:06:37.647,1.31497,1.3156,2.16,1.50
2012.11.26 22:06:37.862,1.31497,1.3156,1.13,1.50
2012.11.26 22:06:37.991,1.31497,1.31561,1.13,1.50
2012.11.26 22:06:38.062,1.31496,1.3156,1.13,1.73
2012.11.26 22:06:38.128,1.31496,1.3156,1.13,1.73
2012.11.26 22:06:38.487,1.3149,1.31556,1.50,1.73
2012.11.26 22:06:38.774,1.3149,1.31556,1.50,1.73
2012.11.26 22:06:40.637,1.31491,1.31552,1.50,1.50
2012.11.26 22:06:40.757,1.3149,1.31552,1.50,1.50
2012.11.26 22:06:41.060,1.3149,1.31552,1.50,1.50
2012.11.26 22:06:41.130,1.3149,1.31552,1.50,1.50
2012.11.26 22:06:41.999,1.31487,1.31552,2.16,1.50
2012.11.26 22:06:42.550,1.31487,1.31556,2.91,1.73
2012.11.26 22:06:43.019,1.31487,1.31556,2.16,1.50
2012.11.26 22:06:45.200,1.31487,1.31556,2.16,1.73
2012.11.26 22:06:47.874,1.31487,1.3155,2.16,1.32
2012.11.26 22:06:48.219,1.31487,1.31553,2.16,1.50
2012.11.26 22:06:48.349,1.31487,1.31553,2.16,1.50
2012.11.26 22:06:54.237,1.31487,1.31553,2.16,1.50
2012.11.26 22:06:54.300,1.31487,1.31553,2.16,1.50
2012.11.26 22:06:54.780,1.31487,1.31553,2.16,1.73
2012.11.26 22:06:56.020,1.31488,1.31553,1.50,1.73
2012.11.26 22:06:57.399,1.31488,1.31514,1.50,0.75
2012.11.26 22:06:58.205,1.31493,1.31543,1.13,1.43
2012.11.26 22:06:58.798,1.31489,1.31533,1.13,1.43
2012.11.26 22:06:59.074,1.31489,1.31533,1.13,1.43
2012.11.26 22:06:59.140,1.31489,1.31533,1.13,1.43
2012.11.26 22:06:59.462,1.31503,1.31546,1.35,2.16
2012.11.26 22:06:59.960,1.31501,1.31546,1.58,1.41
2012.11.26 22:07:00.450,1.31501,1.31546,1.58,1.41
2012.11.26 22:07:01.501,1.31503,1.31545,1.50,1.73
2012.11.26 22:07:01.749,1.31501,1.31546,2.63,2.16
2012.11.26 22:07:02.740,1.31504,1.31546,1.13,1.41
2012.11.26 22:07:07.220,1.31503,1.31545,1.35,1.73
2012.11.26 22:07:08.361,1.31503,1.31545,1.35,1.73
2012.11.26 22:07:12.490,1.31503,1.31545,1.35,1.73
2012.11.26 22:07:12.559,1.31503,1.31545,1.35,1.73
2012.11.26 22:07:12.761,1.31503,1.31545,1.35,1.73
2012.11.26 22:07:12.831,1.31503,1.31545,1.35,1.73
2012.11.26 22:07:12.900,1.31502,1.31538,2.10,1.29
2012.11.26 22:07:13.245,1.31504,1.31547,1.58,1.59
2012.11.26 22:07:16.208,1.31502,1.31547,2.25,1.59
2012.11.26 22:07:16.369,1.31501,1.31547,1.13,1.59
2012.11.26 22:07:18.279,1.31501,1.31547,1.13,1.59
2012.11.26 22:07:18.349,1.31501,1.31547,1.13,1.59
2012.11.26 22:07:18.720,1.31503,1.31547,2.03,1.59
2012.11.26 22:07:21.452,1.31502,1.31551,1.73,1.27
2012.11.26 22:07:29.528,1.31506,1.31551,2.40,1.27
2012.11.26 22:07:30.126,1.31502,1.31551,2.03,1.27
2012.11.26 22:07:30.859,1.31502,1.31551,2.10,1.27
2012.11.26 22:07:31.294,1.31502,1.3154,4.35,1.27
2012.11.26 22:07:32.229,1.31502,1.3154,2.85,1.27
2012.11.26 22:07:33.136,1.31502,1.3154,2.85,1.27
2012.11.26 22:07:35.170,1.31502,1.3154,2.85,1.27
2012.11.26 22:07:35.740,1.31502,1.3154,4.35,1.27
2012.11.26 22:07:35.810,1.31502,1.3154,2.85,1.27
2012.11.26 22:07:36.670,1.31502,1.31532,2.85,1.43
2012.11.26 22:07:37.059,1.31501,1.31539,2.93,1.34
2012.11.26 22:07:37.190,1.31502,1.31532,2.93,1.43
2012.11.26 22:07:37.747,1.31502,1.31533,2.93,1.52
2012.11.26 22:07:39.144,1.31501,1.31533,1.88,1.52
2012.11.26 22:07:41.523,1.315,1.31533,1.13,1.52
2012.11.26 22:07:41.769,1.31502,1.31533,1.50,1.52
2012.11.26 22:07:45.827,1.31503,1.31533,2.25,1.52
2012.11.26 22:07:46.476,1.315,1.31533,1.13,1.52
2012.11.26 22:07:46.544,1.315,1.31527,1.13,1.32
2012.11.26 22:07:47.140,1.31498,1.31527,1.50,1.32
2012.11.26 22:07:48.236,1.31498,1.31527,1.50,1.32
2012.11.26 22:07:49.769,1.315,1.31527,1.13,1.32
2012.11.26 22:07:50.889,1.31498,1.31527,1.50,1.32
2012.11.26 22:07:55.846,1.315,1.31527,1.13,1.32
2012.11.26 22:07:55.945,1.315,1.31527,1.13,1.32
2012.11.26 22:07:56.411,1.31497,1.31527,1.50,1.32
2012.11.26 22:07:56.947,1.31492,1.31523,1.50,1.54
2012.11.26 22:07:57.260,1.31492,1.31523,1.58,1.54
2012.11.26 22:07:57.450,1.31489,1.31532,1.58,1.36
2012.11.26 22:07:57.520,1.31492,1.31532,1.50,1.36
2012.11.26 22:07:57.650,1.31492,1.31532,1.50,1.36
2012.11.26 22:07:58.151,1.31492,1.31532,1.50,1.36
2012.11.26 22:07:58.278,1.31492,1.31532,1.50,1.36
2012.11.26 22:07:58.529,1.31492,1.31523,1.58,1.61
2012.11.26 22:07:58.872,1.31504,1.31533,1.73,1.08
2012.11.26 22:07:59.120,1.31504,1.31541,1.73,1.56
2012.11.26 22:07:59.193,1.31509,1.31558,2.40,1.73
2012.11.26 22:07:59.399,1.31511,1.31558,2.55,1.73
2012.11.26 22:07:59.849,1.31507,1.31553,2.18,1.73
2012.11.26 22:08:00.049,1.31512,1.31559,2.18,1.61
2012.11.26 22:08:00.562,1.31512,1.31559,2.18,1.61
2012.11.26 22:08:00.690,1.31505,1.31549,2.55,1.50
2012.11.26 22:08:01.883,1.31505,1.31549,2.55,2.25
2012.11.26 22:08:02.477,1.31505,1.31549,2.55,2.25
2012.11.26 22:08:05.749,1.31501,1.31549,3.68,1.50
2012.11.26 22:08:05.818,1.31506,1.31551,2.55,1.73
2012.11.26 22:08:06.130,1.31506,1.31551,3.30,1.73
2012.11.26 22:08:06.197,1.31506,1.31551,2.55,1.73
2012.11.26 22:08:07.100,1.31506,1.31551,3.30,1.73
2012.11.26 22:08:07.594,1.31506,1.31551,2.55,1.73
2012.11.26 22:08:09.640,1.31506,1.31554,2.55,1.73
2012.11.26 22:08:09.707,1.31506,1.31551,2.55,1.73
2012.11.26 22:08:09.847,1.31506,1.31551,2.55,1.73
2012.11.26 22:08:10.445,1.31506,1.31554,2.55,1.73
2012.11.26 22:08:10.868,1.31506,1.31557,2.55,1.63
2012.11.26 22:08:10.951,1.31511,1.31557,2.10,1.63
2012.11.26 22:08:11.207,1.31508,1.31557,2.10,1.63
2012.11.26 22:08:11.384,1.31511,1.31557,1.65,1.63
2012.11.26 22:08:15.537,1.31511,1.31556,1.65,1.63
2012.11.26 22:08:15.600,1.31511,1.31558,1.65,2.38
2012.11.26 22:08:19.028,1.31509,1.31558,2.18,1.63
2012.11.26 22:08:19.207,1.31509,1.31552,2.18,1.50
2012.11.26 22:08:19.267,1.31505,1.31552,1.13,1.50
2012.11.26 22:08:19.327,1.31505,1.31547,1.13,1.38
2012.11.26 22:08:19.839,1.31505,1.31547,1.13,1.38
2012.11.26 22:08:22.597,1.31504,1.31547,1.13,1.38
2012.11.26 22:08:23.031,1.31504,1.3154,1.13,1.41
2012.11.26 22:08:25.189,1.31504,1.3154,1.13,1.41
2012.11.26 22:08:25.358,1.31504,1.31548,1.13,1.47
2012.11.26 22:08:25.418,1.31504,1.31548,1.13,1.47
2012.11.26 22:08:25.978,1.31501,1.31549,1.50,1.63
2012.11.26 22:08:27.863,1.31502,1.31547,1.20,1.63
2012.11.26 22:08:29.447,1.31499,1.31547,3.31,1.63
2012.11.26 22:08:31.138,1.31502,1.31548,1.13,1.23
2012.11.26 22:08:31.286,1.31502,1.31548,1.13,1.23
2012.11.26 22:08:31.467,1.31504,1.31557,1.65,1.50
2012.11.26 22:08:31.668,1.31511,1.31557,1.50,1.50
2012.11.26 22:08:31.907,1.31509,1.31556,1.50,1.73
2012.11.26 22:08:32.248,1.31509,1.31556,1.73,1.73
2012.11.26 22:08:34.978,1.3151,1.31556,1.73,1.73
2012.11.26 22:08:37.938,1.31507,1.31556,1.73,1.73
2012.11.26 22:08:40.597,1.3151,1.31556,1.73,1.73
2012.11.26 22:08:44.341,1.31509,1.31556,1.73,1.73
2012.11.26 22:08:44.469,1.31509,1.31548,1.50,1.73
2012.11.26 22:08:45.009,1.31503,1.31548,1.73,1.73
2012.11.26 22:08:45.249,1.31495,1.31543,1.56,2.48
2012.11.26 22:08:45.309,1.31493,1.31536,1.88,1.45
2012.11.26 22:08:45.668,1.31491,1.31536,1.13,1.45
2012.11.26 22:08:47.049,1.31491,1.31536,1.13,1.45
2012.11.26 22:08:49.748,1.31493,1.31538,1.73,1.73
2012.11.26 22:09:05.637,1.31487,1.31531,1.54,1.50
2012.11.26 22:09:05.697,1.31483,1.31522,2.48,1.32
2012.11.26 22:09:05.878,1.31482,1.31519,1.50,1.73
2012.11.26 22:09:06.009,1.31482,1.31519,1.50,1.73
2012.11.26 22:09:07.346,1.31476,1.31519,1.50,1.73
2012.11.26 22:09:08.194,1.31476,1.31519,1.50,1.73
2012.11.26 22:09:09.970,1.31476,1.31519,1.50,1.73
2012.11.26 22:09:10.180,1.31477,1.31519,1.50,1.73
2012.11.26 22:09:13.059,1.31474,1.31519,1.50,1.73
2012.11.26 22:09:15.049,1.31479,1.31527,1.73,1.35
2012.11.26 22:09:31.302,1.31477,1.31526,1.73,1.73
2012.11.26 22:09:31.370,1.31476,1.31519,1.73,1.13
2012.11.26 22:09:32.468,1.31476,1.31519,2.33,1.35
2012.11.26 22:09:37.233,1.31476,1.31519,1.50,1.35
2012.11.26 22:09:43.455,1.31475,1.31521,2.40,1.23
2012.11.26 22:09:50.058,1.31476,1.31521,1.73,1.32
2012.11.26 22:09:50.179,1.31482,1.31521,1.50,1.32
2012.11.26 22:09:50.308,1.31482,1.31529,1.50,1.27
2012.11.26 22:09:52.501,1.31483,1.31529,1.50,1.27
2012.11.26 22:09:53.899,1.31483,1.31529,1.50,1.27
2012.11.26 22:09:54.089,1.31484,1.31533,1.50,1.73
2012.11.26 22:09:54.160,1.31489,1.31537,1.73,1.35
2012.11.26 22:09:55.079,1.3149,1.31538,2.63,1.73
2012.11.26 22:09:55.198,1.31493,1.31538,1.13,1.73
2012.11.26 22:09:55.379,1.31493,1.31538,1.13,1.73
2012.11.26 22:09:55.601,1.31492,1.31538,1.50,2.48
2012.11.26 22:09:55.669,1.31495,1.31542,2.10,1.73
2012.11.26 22:09:55.808,1.31495,1.31542,2.10,1.73
2012.11.26 22:09:58.099,1.31501,1.31543,1.35,1.73
2012.11.26 22:09:58.170,1.31501,1.31543,1.13,1.50
2012.11.26 22:09:58.389,1.31503,1.31551,1.73,1.73
2012.11.26 22:09:59.062,1.31503,1.31551,1.73,1.73
2012.11.26 22:09:59.189,1.31503,1.31546,1.73,1.73
2012.11.26 22:10:00.342,1.31503,1.31549,1.73,1.47
2012.11.26 22:10:00.529,1.31497,1.31539,1.50,1.35
2012.11.26 22:10:00.729,1.31496,1.31539,2.48,1.35
2012.11.26 22:10:02.845,1.31494,1.31541,1.73,1.73
2012.11.26 22:10:02.909,1.31494,1.31541,1.73,1.73
2012.11.26 22:10:02.979,1.31494,1.31541,1.73,1.73
2012.11.26 22:10:03.520,1.31492,1.31542,1.73,1.54
2012.11.26 22:10:06.479,1.31491,1.31533,1.13,1.73
2012.11.26 22:10:07.240,1.31491,1.31533,1.13,1.73
2012.11.26 22:10:07.408,1.31491,1.31534,1.13,1.73
2012.11.26 22:10:07.468,1.31491,1.31534,1.35,1.73
2012.11.26 22:10:07.588,1.31491,1.31534,1.13,1.73
2012.11.26 22:10:07.909,1.31491,1.31533,1.13,1.73
2012.11.26 22:10:09.501,1.31491,1.31534,1.50,1.73
2012.11.26 22:10:10.598,1.31491,1.31533,1.50,1.73
2012.11.26 22:10:11.158,1.31491,1.31532,1.50,1.73
2012.11.26 22:10:12.848,1.31491,1.31532,1.73,1.73
2012.11.26 22:10:12.908,1.31491,1.31532,1.73,1.73
2012.11.26 22:10:13.088,1.31491,1.31535,1.73,1.73
2012.11.26 22:10:13.429,1.31491,1.31535,1.73,1.73
2012.11.26 22:10:15.559,1.31491,1.31542,1.73,2.73
2012.11.26 22:10:15.768,1.31491,1.31538,1.73,1.73
2012.11.26 22:10:15.888,1.31491,1.31542,1.73,2.73
2012.11.26 22:10:16.212,1.31491,1.31534,1.73,1.73
2012.11.26 22:10:16.278,1.31491,1.31542,1.73,2.73
2012.11.26 22:10:18.251,1.31491,1.31542,1.73,2.73
2012.11.26 22:10:20.170,1.31491,1.31534,1.73,1.73
2012.11.26 22:10:20.720,1.31491,1.31532,1.73,1.73
2012.11.26 22:10:20.789,1.31491,1.31534,1.73,1.73
2012.11.26 22:10:22.317,1.31491,1.31542,1.73,2.73
2012.11.26 22:10:24.388,1.31491,1.31538,1.73,1.73
2012.11.26 22:10:25.231,1.31491,1.31533,2.48,1.73
2012.11.26 22:10:25.980,1.31491,1.31538,2.48,1.73
2012.11.26 22:10:26.528,1.31491,1.31539,2.48,1.73
2012.11.26 22:10:27.229,1.31487,1.31533,2.38,1.73
2012.11.26 22:10:27.408,1.31487,1.31533,3.13,1.73
2012.11.26 22:10:27.681,1.31487,1.31534,1.41,1.73
2012.11.26 22:10:29.618,1.31491,1.31534,1.41,1.73
2012.11.26 22:10:32.248,1.31492,1.31534,1.50,1.73
2012.11.26 22:10:34.299,1.31496,1.31538,1.41,1.73
2012.11.26 22:10:35.330,1.31496,1.31536,2.38,1.73
2012.11.26 22:10:36.568,1.31496,1.31536,2.38,1.73
2012.11.26 22:10:37.269,1.31496,1.31536,2.38,1.73
2012.11.26 22:10:38.508,1.31492,1.31536,2.38,1.73
2012.11.26 22:10:39.142,1.31492,1.31536,2.16,1.73
2012.11.26 22:10:39.408,1.31492,1.31536,1.13,1.73
2012.11.26 22:10:39.467,1.3149,1.31536,1.13,1.73
2012.11.26 22:10:39.591,1.31489,1.31536,1.35,1.73
2012.11.26 22:10:39.719,1.31487,1.31525,1.41,2.31
2012.11.26 22:10:39.969,1.31488,1.31534,2.38,1.35
2012.11.26 22:10:40.228,1.31489,1.31533,1.35,1.61
2012.11.26 22:10:40.288,1.31494,1.31539,1.63,1.73
2012.11.26 22:10:41.108,1.31492,1.31539,1.50,1.73
2012.11.26 22:10:43.119,1.31491,1.31539,1.63,1.73
2012.11.26 22:10:44.044,1.31496,1.31541,1.63,1.56
2012.11.26 22:10:46.170,1.31495,1.31541,2.48,1.56
2012.11.26 22:10:56.069,1.31495,1.31541,2.38,1.56
2012.11.26 22:10:58.618,1.31495,1.31541,1.73,1.56
2012.11.26 22:11:02.298,1.31495,1.31541,1.73,1.56
2012.11.26 22:11:04.679,1.31495,1.31541,1.35,1.56
2012.11.26 22:11:04.798,1.31495,1.31545,2.10,1.29
2012.11.26 22:11:05.108,1.31497,1.31545,1.73,1.29
2012.11.26 22:11:06.258,1.31496,1.31543,1.35,1.73
2012.11.26 22:11:06.738,1.31495,1.31541,1.35,1.32
2012.11.26 22:11:07.178,1.31492,1.31541,1.73,1.32
2012.11.26 22:11:07.496,1.31484,1.31526,2.25,1.74
2012.11.26 22:11:07.738,1.31481,1.31528,1.50,1.36
2012.11.26 22:11:07.798,1.31481,1.31528,1.50,1.36
2012.11.26 22:11:08.762,1.31481,1.31528,1.50,2.11
2012.11.26 22:11:09.521,1.31481,1.31528,1.50,1.36
2012.11.26 22:11:09.629,1.31481,1.31528,1.50,2.11
2012.11.26 22:11:12.100,1.31481,1.31528,1.73,1.73
2012.11.26 22:11:12.598,1.31483,1.31534,1.35,2.34
2012.11.26 22:11:12.671,1.31491,1.31538,1.13,1.96
2012.11.26 22:11:17.708,1.31494,1.31542,1.13,1.96
2012.11.26 22:11:17.770,1.31499,1.31544,1.35,1.73
2012.11.26 22:11:17.959,1.315,1.31546,1.73,1.38
2012.11.26 22:11:18.208,1.31503,1.31551,1.50,2.38
2012.11.26 22:11:23.541,1.31506,1.31551,1.50,1.63
2012.11.26 22:11:23.888,1.31502,1.31548,1.50,1.35
2012.11.26 22:11:24.934,1.31507,1.31553,1.50,1.41
2012.11.26 22:11:24.999,1.31507,1.31554,1.73,1.13
2012.11.26 22:11:26.409,1.31508,1.31553,1.73,1.13
2012.11.26 22:11:26.538,1.31505,1.31553,2.10,1.13
2012.11.26 22:11:26.679,1.31505,1.31553,1.73,1.88
2012.11.26 22:11:27.011,1.31505,1.31553,1.73,1.88
2012.11.26 22:11:27.358,1.31523,1.31553,0.75,1.13
2012.11.26 22:11:28.438,1.31508,1.31553,1.73,1.88
2012.11.26 22:11:31.129,1.31508,1.31553,1.73,1.13
2012.11.26 22:11:31.434,1.31507,1.31553,1.50,1.13
2012.11.26 22:11:31.670,1.31507,1.31553,1.50,1.13
2012.11.26 22:11:34.527,1.31507,1.31553,1.50,1.88
2012.11.26 22:11:34.640,1.31507,1.31553,1.50,1.88
2012.11.26 22:11:35.524,1.31534,1.31553,0.75,1.13
2012.11.26 22:11:36.728,1.31509,1.31554,1.50,1.13
2012.11.26 22:11:38.523,1.31509,1.31556,1.50,1.10
2012.11.26 22:11:39.051,1.31507,1.31556,1.35,1.12
2012.11.26 22:11:39.118,1.31507,1.31553,1.35,1.13
2012.11.26 22:11:43.479,1.31505,1.31553,1.50,1.13
2012.11.26 22:11:43.548,1.31505,1.31553,1.50,1.13
2012.11.26 22:11:43.968,1.31505,1.31553,1.50,1.13
2012.11.26 22:11:44.810,1.31505,1.31553,1.50,1.13
2012.11.26 22:11:46.622,1.31505,1.31554,1.50,1.71
2012.11.26 22:11:51.459,1.31505,1.31554,1.50,1.71
2012.11.26 22:11:51.569,1.31505,1.31554,1.50,1.71
2012.11.26 22:11:54.909,1.31508,1.31553,1.73,1.13
2012.11.26 22:11:59.319,1.31505,1.31554,1.50,1.13
2012.11.26 22:12:00.260,1.31505,1.31552,1.50,1.73
2012.11.26 22:12:02.610,1.31506,1.31553,1.73,1.73
2012.11.26 22:12:04.980,1.31504,1.31552,1.73,1.73
2012.11.26 22:12:10.229,1.31506,1.31554,1.73,1.88
2012.11.26 22:12:12.592,1.31507,1.31553,1.50,1.73
2012.11.26 22:12:13.241,1.31511,1.31552,1.50,1.50
2012.11.26 22:12:13.331,1.31512,1.31554,1.50,2.22
2012.11.26 22:12:13.770,1.31512,1.31554,1.50,1.47
2012.11.26 22:12:14.210,1.31509,1.31554,1.73,2.22
2012.11.26 22:12:16.200,1.31505,1.31552,1.73,1.50
2012.11.26 22:12:18.230,1.31507,1.31553,1.50,1.73
2012.11.26 22:12:21.451,1.31507,1.31554,1.50,1.32
2012.11.26 22:12:21.759,1.31511,1.31557,1.50,1.32
2012.11.26 22:12:21.930,1.31511,1.31554,1.50,1.09
2012.11.26 22:12:22.207,1.31511,1.31557,1.50,1.32
2012.11.26 22:12:23.030,1.31511,1.31554,1.73,1.09
2012.11.26 22:12:24.410,1.31509,1.31557,1.73,1.32
2012.11.26 22:12:24.740,1.31509,1.31554,1.50,1.32
2012.11.26 22:12:24.868,1.31506,1.31554,1.50,1.32
2012.11.26 22:12:25.109,1.31505,1.31548,1.73,1.50
2012.11.26 22:12:25.650,1.31507,1.31548,1.50,1.73
2012.11.26 22:12:25.919,1.3151,1.31552,1.50,1.09
2012.11.26 22:12:26.168,1.3151,1.31552,1.50,1.32
2012.11.26 22:12:26.349,1.3151,1.31549,1.50,1.13
2012.11.26 22:12:26.769,1.31509,1.31554,1.73,1.73
2012.11.26 22:12:32.332,1.31507,1.31556,1.50,1.32
2012.11.26 22:12:32.718,1.31512,1.31554,1.50,1.50
2012.11.26 22:12:37.659,1.31511,1.31554,1.50,1.73
2012.11.26 22:12:39.809,1.31508,1.31552,1.50,1.73
2012.11.26 22:13:01.000,1.31504,1.31553,1.50,1.73
2012.11.26 22:13:01.149,1.31504,1.31553,1.50,1.73
2012.11.26 22:13:03.918,1.3151,1.31553,1.50,1.73
2012.11.26 22:13:04.039,1.31521,1.31555,1.50,2.07
2012.11.26 22:13:04.099,1.31521,1.31555,1.50,1.84
2012.11.26 22:13:04.159,1.31521,1.31555,1.50,1.84
2012.11.26 22:13:04.483,1.31519,1.31555,1.88,1.84
2012.11.26 22:13:04.610,1.31524,1.31555,1.50,1.84
2012.11.26 22:13:08.990,1.31526,1.31566,1.50,2.37
2012.11.26 22:13:09.059,1.31526,1.31571,1.73,1.65
2012.11.26 22:13:09.188,1.31534,1.31575,1.50,1.84
2012.11.26 22:13:10.569,1.31534,1.31566,1.50,1.35
2012.11.26 22:13:10.809,1.3153,1.31568,1.73,1.50
2012.11.26 22:13:10.880,1.3153,1.31567,1.50,2.59
2012.11.26 22:13:11.749,1.31531,1.31562,1.50,1.09
2012.11.26 22:13:15.529,1.31522,1.31556,2.63,1.09
2012.11.26 22:13:15.817,1.3152,1.31556,1.50,1.09
2012.11.26 22:13:17.358,1.31516,1.31556,1.73,1.09
2012.11.26 22:13:17.876,1.31516,1.31556,1.73,1.09
2012.11.26 22:13:18.190,1.31514,1.31556,1.73,1.09
2012.11.26 22:13:21.938,1.31521,1.31558,1.73,1.99
2012.11.26 22:13:21.999,1.31521,1.31558,1.73,1.50
2012.11.26 22:13:24.551,1.31525,1.31562,1.50,1.09
2012.11.26 22:13:24.619,1.31525,1.31563,1.50,1.50
2012.11.26 22:13:24.741,1.31525,1.31568,1.73,1.50
2012.11.26 22:13:24.809,1.31525,1.31564,1.73,1.50
2012.11.26 22:13:25.020,1.31537,1.31573,1.50,1.09
2012.11.26 22:13:25.209,1.31539,1.31573,1.50,1.09
2012.11.26 22:13:27.761,1.31537,1.31573,1.50,1.09
2012.11.26 22:13:35.300,1.31535,1.31572,1.50,1.50
2012.11.26 22:13:36.979,1.31535,1.31572,1.50,1.50
2012.11.26 22:13:41.802,1.31536,1.31573,1.73,1.09
2012.11.26 22:13:42.008,1.31545,1.31574,1.50,1.09
2012.11.26 22:13:42.238,1.31545,1.31577,1.50,1.99
2012.11.26 22:13:42.739,1.31545,1.31574,1.50,1.09
2012.11.26 22:13:44.669,1.31544,1.31577,1.50,1.99
2012.11.26 22:13:49.671,1.31552,1.31583,1.50,1.09
2012.11.26 22:13:51.429,1.3155,1.31582,1.50,1.65
2012.11.26 22:14:14.008,1.31549,1.31574,1.50,1.24
2012.11.26 22:14:14.228,1.31546,1.31574,1.50,1.24
2012.11.26 22:14:14.888,1.31546,1.31572,1.50,1.09
2012.11.26 22:14:16.185,1.31543,1.31573,1.50,1.84
2012.11.26 22:14:16.748,1.31543,1.31572,1.50,1.09
2012.11.26 22:14:25.521,1.31541,1.31573,1.50,1.09
2012.11.26 22:14:25.920,1.31539,1.31576,1.50,1.84
2012.11.26 22:14:26.109,1.31541,1.31579,1.73,1.50
2012.11.26 22:14:26.168,1.31541,1.3158,1.73,2.03
2012.11.26 22:14:33.259,1.31543,1.31581,1.50,1.24
2012.11.26 22:14:33.883,1.31549,1.31581,1.50,1.24
2012.11.26 22:14:34.973,1.31549,1.31583,1.50,1.09
2012.11.26 22:14:36.963,1.31551,1.31581,1.50,1.09
2012.11.26 22:14:37.171,1.31548,1.31581,1.50,1.09
2012.11.26 22:14:38.485,1.31548,1.31581,1.50,1.09
2012.11.26 22:14:46.949,1.31548,1.31583,1.50,1.09
2012.11.26 22:14:51.630,1.31548,1.31581,1.50,1.09
2012.11.26 22:14:52.199,1.31546,1.31581,1.73,1.09
2012.11.26 22:15:00.599,1.31544,1.31581,1.50,1.09
2012.11.26 22:15:02.389,1.31545,1.31581,1.50,1.09
2012.11.26 22:15:02.760,1.31545,1.31581,1.50,1.09
2012.11.26 22:15:07.459,1.31549,1.31594,1.50,1.65
2012.11.26 22:15:20.631,1.31548,1.31594,2.48,1.50
2012.11.26 22:15:20.820,1.31548,1.31594,2.48,1.50
2012.11.26 22:15:21.460,1.31548,1.31594,1.73,1.50
2012.11.26 22:15:24.849,1.31549,1.31594,1.73,1.50
2012.11.26 22:15:29.750,1.31549,1.31586,1.73,1.13
2012.11.26 22:15:30.810,1.3155,1.31593,1.63,1.13
2012.11.26 22:15:45.530,1.3155,1.31593,3.14,1.13
2012.11.26 22:15:46.730,1.31552,1.31593,1.35,1.50
2012.11.26 22:15:54.201,1.31556,1.31593,1.50,1.50
2012.11.26 22:15:54.510,1.31558,1.31596,1.50,1.09
2012.11.26 22:15:56.585,1.31555,1.31596,2.10,1.09
2012.11.26 22:15:56.710,1.31555,1.31596,2.10,1.09
2012.11.26 22:15:57.351,1.31555,1.31596,1.35,1.84
2012.11.26 22:15:58.797,1.31551,1.31593,4.13,1.50
2012.11.26 22:15:59.010,1.31553,1.31594,1.13,1.50
2012.11.26 22:16:01.200,1.31551,1.31593,1.73,1.50
2012.11.26 22:16:01.271,1.31554,1.31593,1.50,1.50
2012.11.26 22:16:01.341,1.31551,1.31593,1.73,1.50
2012.11.26 22:16:01.890,1.31553,1.31592,1.13,1.50
2012.11.26 22:16:05.469,1.31551,1.31594,1.73,1.50
2012.11.26 22:16:05.530,1.31555,1.31594,1.50,1.50
2012.11.26 22:16:05.741,1.31552,1.31594,1.50,1.50
2012.11.26 22:16:05.809,1.31553,1.31593,1.13,1.50
2012.11.26 22:16:06.486,1.31553,1.31593,1.13,1.50
2012.11.26 22:16:09.169,1.31553,1.31592,1.13,1.50
2012.11.26 22:16:10.179,1.31553,1.31592,1.13,1.50
2012.11.26 22:16:14.702,1.31552,1.3159,1.13,1.50
2012.11.26 22:16:20.752,1.3155,1.31591,2.38,1.50
2012.11.26 22:16:23.789,1.3155,1.31591,2.38,1.50
2012.11.26 22:16:38.342,1.31549,1.31584,1.73,1.50
2012.11.26 22:16:39.222,1.31541,1.31579,2.37,1.50
2012.11.26 22:16:39.343,1.31541,1.31578,2.10,1.50
2012.11.26 22:16:39.881,1.31541,1.31578,2.10,1.50
2012.11.26 22:16:42.436,1.31541,1.31575,2.10,1.50
2012.11.26 22:16:42.762,1.31541,1.31575,1.35,1.50
2012.11.26 22:16:43.893,1.31541,1.31577,1.35,1.50
2012.11.26 22:16:44.029,1.31541,1.31578,1.35,1.50
2012.11.26 22:16:44.672,1.31541,1.31577,1.35,1.50
2012.11.26 22:16:48.154,1.31541,1.31583,1.35,1.50
2012.11.26 22:16:49.742,1.31541,1.31577,1.35,1.50
2012.11.26 22:16:59.862,1.31541,1.31575,1.35,1.50
2012.11.26 22:17:00.163,1.31541,1.31571,1.35,1.50
2012.11.26 22:17:05.063,1.31541,1.31577,1.35,1.50
2012.11.26 22:17:09.712,1.31538,1.31573,1.35,1.50
2012.11.26 22:17:10.212,1.31524,1.31563,1.35,1.50
2012.11.26 22:17:10.512,1.31521,1.3156,1.73,1.50
2012.11.26 22:17:13.731,1.31521,1.31559,1.73,1.50
2012.11.26 22:17:18.242,1.31518,1.31553,1.35,1.50
2012.11.26 22:17:19.902,1.31517,1.31551,1.35,1.50
2012.11.26 22:17:29.372,1.31517,1.31548,1.35,1.50
2012.11.26 22:17:34.054,1.31517,1.31548,1.35,1.50
2012.11.26 22:17:36.485,1.31517,1.31548,1.13,1.50
2012.11.26 22:17:39.263,1.31517,1.31548,1.13,1.50
2012.11.26 22:17:50.123,1.31504,1.31545,1.13,1.20
2012.11.26 22:17:50.253,1.31502,1.31543,1.73,1.50
2012.11.26 22:17:50.872,1.315,1.31543,1.73,1.50
2012.11.26 22:17:55.196,1.315,1.31543,1.73,1.50
2012.11.26 22:18:00.263,1.315,1.31543,1.73,1.50
2012.11.26 22:18:07.224,1.31502,1.31543,1.50,1.50
2012.11.26 22:18:07.532,1.31511,1.31545,1.50,1.50
2012.11.26 22:18:07.833,1.31518,1.31553,2.16,1.35
2012.11.26 22:18:18.193,1.31518,1.31559,2.16,1.50
2012.11.26 22:18:20.159,1.31517,1.31559,1.13,1.50
2012.11.26 22:18:21.112,1.31517,1.31559,1.13,1.50
2012.11.26 22:18:34.252,1.31517,1.31556,1.13,1.50
2012.11.26 22:18:38.654,1.31517,1.31561,1.13,1.50
2012.11.26 22:18:38.866,1.31517,1.31561,1.13,1.50
2012.11.26 22:18:39.232,1.31518,1.31562,1.35,1.50
2012.11.26 22:18:48.104,1.31523,1.31569,1.35,1.50
2012.11.26 22:18:58.587,1.31523,1.31566,1.13,2.48
2012.11.26 22:19:04.772,1.3152,1.31566,1.35,2.25
2012.11.26 22:19:09.911,1.31516,1.31565,4.41,1.50
2012.11.26 22:19:10.123,1.31514,1.3155,1.50,1.50
2012.11.26 22:19:13.432,1.3151,1.31548,1.13,1.50
2012.11.26 22:19:14.182,1.31511,1.31553,1.13,1.50
2012.11.26 22:19:14.733,1.31514,1.31559,1.35,1.50
2012.11.26 22:19:49.224,1.31527,1.31558,2.39,1.35
2012.11.26 22:19:49.291,1.31527,1.3156,2.39,1.50
2012.11.26 22:20:05.902,1.31527,1.3157,1.35,1.50
2012.11.26 22:20:06.083,1.31527,1.31569,1.35,1.50
2012.11.26 22:20:07.434,1.31526,1.31565,1.13,1.50
2012.11.26 22:20:09.036,1.31526,1.31564,1.13,1.50
2012.11.26 22:20:12.611,1.31526,1.31564,1.13,1.50
2012.11.26 22:20:18.672,1.31526,1.31564,1.13,1.50
2012.11.26 22:20:19.514,1.31526,1.31564,1.13,1.50
2012.11.26 22:20:19.882,1.31523,1.3156,1.35,1.50
2012.11.26 22:20:20.182,1.31523,1.31554,1.35,1.50
2012.11.26 22:20:21.458,1.3152,1.31553,1.35,1.28
2012.11.26 22:20:21.722,1.3152,1.31551,1.35,1.28
2012.11.26 22:20:22.451,1.3152,1.31553,1.35,1.28
2012.11.26 22:20:23.464,1.3152,1.31553,1.35,1.28
2012.11.26 22:20:25.152,1.3152,1.31553,1.35,1.28
2012.11.26 22:20:25.264,1.3152,1.31553,1.35,2.03
2012.11.26 22:20:25.742,1.3152,1.31553,1.35,1.50
2012.11.26 22:20:26.140,1.3152,1.31553,1.35,1.50
2012.11.26 22:20:34.102,1.3152,1.3155,1.35,1.50
2012.11.26 22:20:35.646,1.3152,1.31553,1.35,1.50
2012.11.26 22:20:36.001,1.3152,1.31553,1.35,2.03
2012.11.26 22:20:38.652,1.3152,1.31553,1.35,1.28
2012.11.26 22:20:38.712,1.31523,1.31554,1.13,2.10
2012.11.26 22:20:39.011,1.31523,1.31554,1.35,1.35
2012.11.26 22:20:39.252,1.31519,1.31561,1.35,1.50
2012.11.26 22:20:39.377,1.31519,1.31561,1.35,1.50
2012.11.26 22:20:39.811,1.31519,1.31564,1.35,1.50
2012.11.26 22:21:26.402,1.3151,1.31555,1.50,1.50
2012.11.26 22:21:36.192,1.3151,1.31553,1.73,1.50
2012.11.26 22:21:36.753,1.31509,1.31554,1.51,1.50
2012.11.26 22:21:38.192,1.31513,1.31554,1.01,1.50
2012.11.26 22:21:41.202,1.31527,1.31563,2.48,1.50
2012.11.26 22:21:41.741,1.31531,1.31574,1.73,1.50
2012.11.26 22:21:42.484,1.31531,1.31573,1.73,1.50
2012.11.26 22:21:54.082,1.3153,1.31578,1.73,1.13
2012.11.26 22:21:54.591,1.3153,1.31578,1.73,1.13
2012.11.26 22:21:58.301,1.31535,1.31581,1.73,1.13
2012.11.26 22:22:06.754,1.3153,1.31577,2.10,1.88
2012.11.26 22:22:07.082,1.3153,1.31577,2.10,1.13
2012.11.26 22:22:07.391,1.3153,1.31577,1.73,1.88
2012.11.26 22:22:11.563,1.3153,1.31572,1.73,1.50
2012.11.26 22:22:11.952,1.3153,1.31576,1.73,1.50
2012.11.26 22:22:17.221,1.31529,1.31576,1.73,1.50
2012.11.26 22:22:19.544,1.3153,1.31578,1.73,1.88
2012.11.26 22:22:19.822,1.31532,1.31573,1.96,1.50
2012.11.26 22:22:20.364,1.31535,1.31574,1.73,1.50
2012.11.26 22:22:20.723,1.31535,1.31581,1.73,1.35
2012.11.26 22:22:21.395,1.31535,1.31579,1.73,1.50
2012.11.26 22:22:21.962,1.3154,1.31579,2.63,1.50
2012.11.26 22:22:22.782,1.31541,1.31579,1.73,1.50
2012.11.26 22:22:22.903,1.31541,1.31583,1.73,2.03
2012.11.26 22:22:23.891,1.31543,1.31583,1.50,1.50
2012.11.26 22:22:26.069,1.31542,1.31583,1.20,1.50
2012.11.26 22:22:29.213,1.31542,1.31583,1.20,1.50
2012.11.26 22:22:29.323,1.31542,1.31582,1.20,1.50
2012.11.26 22:22:31.522,1.3154,1.31583,1.73,1.50
2012.11.26 22:22:39.213,1.31537,1.31585,1.35,1.13
2012.11.26 22:22:57.493,1.31543,1.31584,3.23,1.50
2012.11.26 22:22:58.433,1.31543,1.31584,1.50,1.50
2012.11.26 22:22:58.494,1.31543,1.31584,1.50,1.50
2012.11.26 22:23:11.573,1.31556,1.3159,1.50,1.13
2012.11.26 22:23:11.752,1.31557,1.31594,1.50,1.50
2012.11.26 22:23:11.813,1.31557,1.31594,1.50,1.50
2012.11.26 22:23:12.457,1.31559,1.31594,2.03,1.50
2012.11.26 22:23:13.160,1.31558,1.31594,1.20,1.50
2012.11.26 22:23:13.634,1.31561,1.31597,1.50,1.84
2012.11.26 22:23:14.186,1.3156,1.31595,1.50,1.50
2012.11.26 22:23:14.255,1.31556,1.31594,1.50,1.50
2012.11.26 22:23:14.673,1.31556,1.31594,1.50,1.50
2012.11.26 22:23:19.192,1.31556,1.31594,1.50,1.50
2012.11.26 22:23:19.295,1.31557,1.31594,1.50,1.50
2012.11.26 22:23:19.612,1.31557,1.31594,1.50,1.50
2012.11.26 22:23:19.732,1.31556,1.31594,1.50,1.50
2012.11.26 22:23:19.793,1.31557,1.31594,1.50,1.50
2012.11.26 22:23:20.634,1.31557,1.31594,1.50,1.50
2012.11.26 22:23:21.212,1.31557,1.31594,1.50,1.50
2012.11.26 22:23:21.351,1.31556,1.31594,3.08,1.50
2012.11.26 22:23:21.663,1.31556,1.31591,1.80,1.50
2012.11.26 22:23:21.851,1.31556,1.31591,1.80,1.50
2012.11.26 22:23:22.291,1.31556,1.31595,3.08,1.50
2012.11.26 22:23:22.352,1.31558,1.31595,1.20,1.50
2012.11.26 22:23:22.717,1.31558,1.31595,1.20,1.50
2012.11.26 22:23:24.491,1.31556,1.31595,2.10,2.25
2012.11.26 22:23:24.861,1.31557,1.31595,1.80,1.50
2012.11.26 22:23:25.162,1.31558,1.31595,1.20,2.25
2012.11.26 22:23:25.723,1.31556,1.31595,4.06,1.50
2012.11.26 22:23:27.613,1.31561,1.31595,1.50,1.50
2012.11.26 22:23:27.682,1.31561,1.31598,1.95,1.50
2012.11.26 22:23:27.802,1.31561,1.31598,1.20,1.50
2012.11.26 22:23:27.983,1.31568,1.31604,1.20,1.50
2012.11.26 22:23:28.346,1.31573,1.3161,1.50,2.48
2012.11.26 22:23:28.685,1.31573,1.3161,1.50,2.48
2012.11.26 22:23:29.213,1.31571,1.3161,1.50,2.10
2012.11.26 22:23:30.142,1.3157,1.31609,1.50,1.73
2012.11.26 22:23:30.472,1.31568,1.31603,1.35,1.35
2012.11.26 22:23:30.639,1.31568,1.31603,1.35,2.10
2012.11.26 22:23:30.882,1.31567,1.31603,2.03,1.35
2012.11.26 22:23:32.553,1.31565,1.31603,2.78,1.35
2012.11.26 22:23:32.962,1.31563,1.31603,3.91,2.10
2012.11.26 22:23:34.702,1.31564,1.31604,2.03,1.35
2012.11.26 22:23:37.811,1.31565,1.31603,1.35,1.35
2012.11.26 22:23:39.185,1.31561,1.31603,1.95,1.13
2012.11.26 22:23:39.933,1.31561,1.31603,1.95,1.73
2012.11.26 22:23:40.242,1.31562,1.31597,1.50,1.50
2012.11.26 22:23:42.302,1.31558,1.31597,1.28,1.50
2012.11.26 22:23:42.672,1.31561,1.31599,1.50,1.88
2012.11.26 22:23:42.819,1.31558,1.31597,1.28,1.50
2012.11.26 22:23:42.884,1.31561,1.31597,1.50,1.50
2012.11.26 22:23:43.013,1.31557,1.31597,2.78,1.50
2012.11.26 22:23:43.253,1.31556,1.31589,1.50,1.50
2012.11.26 22:23:44.228,1.31552,1.31589,1.50,1.50
2012.11.26 22:23:45.503,1.31552,1.31589,1.50,1.50
2012.11.26 22:23:47.243,1.31552,1.31589,1.50,1.50
2012.11.26 22:23:47.592,1.31556,1.31594,1.50,1.50
2012.11.26 22:23:47.663,1.31556,1.31593,1.50,1.50
2012.11.26 22:23:47.911,1.31557,1.31593,1.50,1.50
2012.11.26 22:23:48.152,1.31561,1.316,1.50,1.50
2012.11.26 22:23:48.331,1.31559,1.31598,1.50,1.50
2012.11.26 22:23:50.826,1.31563,1.31601,1.05,1.28
2012.11.26 22:23:51.492,1.31561,1.31596,1.50,1.50
2012.11.26 22:23:52.563,1.31563,1.316,1.50,1.50
2012.11.26 22:23:52.743,1.31562,1.316,1.28,1.50
2012.11.26 22:23:52.862,1.31561,1.31602,2.63,1.50
2012.11.26 22:23:52.995,1.31564,1.31604,1.65,1.50
2012.11.26 22:23:53.122,1.31564,1.31604,3.60,1.50
2012.11.26 22:23:53.667,1.31566,1.31608,2.33,1.50
2012.11.26 22:23:54.121,1.31566,1.31606,1.35,1.50
2012.11.26 22:23:54.647,1.31566,1.31608,3.90,1.88
2012.11.26 22:23:54.963,1.31571,1.31609,1.50,1.50
2012.11.26 22:23:56.522,1.31569,1.31609,1.50,1.50
2012.11.26 22:23:56.931,1.31573,1.3161,1.50,1.50
2012.11.26 22:23:57.483,1.31573,1.31613,1.50,1.50
2012.11.26 22:23:57.944,1.31575,1.31616,1.50,1.95
2012.11.26 22:23:58.252,1.31586,1.31619,1.50,1.28
2012.11.26 22:23:58.711,1.31587,1.31624,1.50,1.50
2012.11.26 22:23:58.832,1.31589,1.31624,1.50,1.50
2012.11.26 22:23:59.383,1.31589,1.31628,1.50,1.50
2012.11.26 22:23:59.512,1.31591,1.31628,1.50,1.50
2012.11.26 22:24:00.734,1.31591,1.31624,1.50,1.50
2012.11.26 22:24:01.042,1.31591,1.31628,1.50,2.63
2012.11.26 22:24:01.383,1.31592,1.31628,1.50,2.63
2012.11.26 22:24:01.512,1.31593,1.31628,1.50,1.88
2012.11.26 22:24:01.983,1.31592,1.31628,1.50,1.50
2012.11.26 22:24:02.511,1.3159,1.31628,2.48,1.50
2012.11.26 22:24:02.885,1.31586,1.31619,1.73,1.28
2012.11.26 22:24:03.763,1.31582,1.31617,2.48,1.20
2012.11.26 22:24:04.691,1.31582,1.31614,1.73,1.20
2012.11.26 22:24:04.823,1.31578,1.31614,1.73,1.95
2012.11.26 22:24:05.002,1.31573,1.31613,1.73,1.35
2012.11.26 22:24:05.357,1.31573,1.31612,1.73,1.58
2012.11.26 22:24:05.483,1.31573,1.31609,1.73,1.95
2012.11.26 22:24:05.863,1.31569,1.31604,1.73,1.50
2012.11.26 22:24:06.762,1.31567,1.31604,1.73,2.10
2012.11.26 22:24:07.121,1.31565,1.31603,2.48,1.35
2012.11.26 22:24:07.350,1.31562,1.31604,1.73,1.50
2012.11.26 22:24:08.252,1.31562,1.31601,1.73,1.50
2012.11.26 22:24:08.378,1.31561,1.31598,1.50,1.50
2012.11.26 22:24:08.921,1.31556,1.31604,1.73,1.50
2012.11.26 22:24:10.472,1.31555,1.31599,1.73,1.50
2012.11.26 22:24:21.744,1.31552,1.31596,1.35,1.50
2012.11.26 22:24:21.816,1.31549,1.31596,1.73,1.50
2012.11.26 22:24:37.334,1.3155,1.31598,2.63,1.50
2012.11.26 22:24:37.694,1.3155,1.31593,2.63,1.50
2012.11.26 22:24:40.875,1.3155,1.31593,3.08,1.35
2012.11.26 22:24:40.945,1.31553,1.31593,1.73,1.35
2012.11.26 22:24:48.033,1.31553,1.31588,1.58,1.50
2012.11.26 22:24:48.483,1.31553,1.31594,1.73,1.50
2012.11.26 22:24:48.663,1.31556,1.31594,1.50,1.50
2012.11.26 22:24:48.821,1.31556,1.31594,1.50,1.50
2012.11.26 22:24:52.366,1.31558,1.31598,1.50,1.50
2012.11.26 22:24:52.822,1.31556,1.31598,1.50,1.50
2012.11.26 22:24:52.896,1.31558,1.31598,1.50,1.50
2012.11.26 22:24:53.830,1.31557,1.31593,1.50,1.50
2012.11.26 22:24:54.438,1.31555,1.31596,1.50,1.50
2012.11.26 22:24:54.722,1.31556,1.31593,1.50,1.50
2012.11.26 22:24:55.042,1.31553,1.31593,1.73,1.50
2012.11.26 22:25:27.011,1.31551,1.31593,2.93,1.95
2012.11.26 22:25:34.630,1.3155,1.31593,1.28,2.03
2012.11.26 22:25:37.242,1.31551,1.3159,1.73,1.35
2012.11.26 22:25:37.731,1.31554,1.31593,1.73,1.35
2012.11.26 22:25:37.852,1.31554,1.31593,1.73,1.50
2012.11.26 22:25:38.578,1.31551,1.31593,3.01,1.50
2012.11.26 22:25:38.893,1.31551,1.31589,3.08,1.50
2012.11.26 22:25:39.202,1.31549,1.31589,1.36,1.50
2012.11.26 22:25:39.621,1.31549,1.31587,1.14,1.28
2012.11.26 22:25:40.072,1.31549,1.31587,1.14,1.28
2012.11.26 22:25:40.647,1.31549,1.31587,1.14,1.28
2012.11.26 22:25:40.772,1.31549,1.31587,1.14,1.28
2012.11.26 22:25:40.923,1.31549,1.31587,1.14,1.28
2012.11.26 22:25:41.271,1.31549,1.31587,1.14,1.28
2012.11.26 22:25:42.983,1.31546,1.31587,1.14,1.28
2012.11.26 22:25:43.242,1.31546,1.31583,1.14,1.50
2012.11.26 22:25:43.513,1.31545,1.31585,2.87,2.03
2012.11.26 22:25:43.832,1.31545,1.31583,1.50,1.20
2012.11.26 22:25:43.892,1.31545,1.31583,2.48,1.20
2012.11.26 22:25:44.424,1.31545,1.31587,2.48,1.20
2012.11.26 22:25:47.763,1.31545,1.31587,2.48,1.20
2012.11.26 22:25:48.067,1.31545,1.31585,2.48,1.20
2012.11.26 22:25:48.842,1.31545,1.31593,2.48,1.95
2012.11.26 22:25:59.823,1.31548,1.31587,2.11,1.20
2012.11.26 22:26:00.181,1.31548,1.31587,1.36,1.20
2012.11.26 22:26:00.364,1.31548,1.31589,3.84,1.28
2012.11.26 22:26:00.852,1.3155,1.31589,1.73,1.28
2012.11.26 22:26:04.595,1.3155,1.31593,1.73,1.35
2012.11.26 22:26:04.924,1.31549,1.31591,1.73,1.35
2012.11.26 22:26:10.483,1.31549,1.31591,1.73,1.35
2012.11.26 22:26:18.547,1.3155,1.31591,1.73,1.35
2012.11.26 22:26:22.618,1.31548,1.31591,1.73,1.35
2012.11.26 22:26:25.041,1.3155,1.31592,1.20,1.20
2012.11.26 22:26:25.567,1.31551,1.31592,1.73,1.20
2012.11.26 22:26:27.293,1.31551,1.31592,1.73,1.20
2012.11.26 22:26:27.352,1.31551,1.31586,1.73,1.50
2012.11.26 22:26:27.892,1.31551,1.31588,1.50,1.50
2012.11.26 22:26:28.262,1.31553,1.31588,1.50,1.50
2012.11.26 22:26:29.176,1.31555,1.31593,1.50,1.50
2012.11.26 22:26:29.303,1.31557,1.31596,1.50,1.73
2012.11.26 22:26:29.642,1.31558,1.316,3.00,1.73
2012.11.26 22:26:29.762,1.31561,1.316,1.50,1.73
2012.11.26 22:26:30.373,1.31557,1.31597,1.50,1.73
2012.11.26 22:26:30.868,1.3156,1.31599,1.50,1.73
2012.11.26 22:26:33.564,1.31556,1.31597,1.50,1.50
2012.11.26 22:26:33.644,1.31554,1.31589,1.28,1.50
2012.11.26 22:26:34.672,1.31556,1.31594,1.50,1.73
2012.11.26 22:26:40.733,1.31555,1.31592,1.50,1.73
2012.11.26 22:26:41.713,1.31551,1.31589,1.50,1.50
2012.11.26 22:26:44.592,1.31551,1.31593,1.50,1.73
2012.11.26 22:26:44.714,1.31549,1.31591,3.00,1.28
2012.11.26 22:26:46.214,1.31549,1.31591,3.00,1.28
2012.11.26 22:26:46.975,1.31549,1.31589,3.00,1.50
2012.11.26 22:26:47.283,1.31554,1.31589,1.50,1.50
2012.11.26 22:26:47.804,1.31555,1.31592,1.50,1.50
2012.11.26 22:26:47.873,1.31555,1.31593,1.50,1.50
2012.11.26 22:26:55.444,1.31555,1.31593,1.50,1.50
2012.11.26 22:27:02.063,1.31552,1.31593,1.50,1.50
2012.11.26 22:27:03.275,1.31549,1.31593,2.93,1.95
2012.11.26 22:27:04.563,1.3155,1.31589,1.13,1.50
2012.11.26 22:27:04.623,1.31549,1.31588,1.73,1.50
2012.11.26 22:27:04.933,1.31547,1.31585,1.50,1.73
2012.11.26 22:27:05.376,1.31545,1.31584,1.50,1.73
2012.11.26 22:27:11.933,1.31544,1.31582,1.28,1.50
2012.11.26 22:27:12.233,1.31544,1.31579,1.28,1.50
2012.11.26 22:27:12.612,1.31539,1.31578,1.35,1.73
2012.11.26 22:27:19.312,1.31535,1.31579,1.50,1.73
2012.11.26 22:27:20.418,1.31541,1.31579,1.50,1.73
2012.11.26 22:27:22.207,1.31537,1.31579,3.15,1.73
2012.11.26 22:27:23.263,1.31537,1.31577,2.10,1.73
2012.11.26 22:27:30.203,1.3154,1.31578,1.50,1.73
2012.11.26 22:27:31.462,1.31542,1.31578,1.50,1.73
2012.11.26 22:27:34.993,1.31542,1.31583,1.50,1.73
2012.11.26 22:27:35.333,1.3154,1.31574,1.50,1.43
2012.11.26 22:27:35.875,1.31533,1.31568,1.50,1.50
2012.11.26 22:27:37.007,1.31533,1.31569,1.50,1.50
2012.11.26 22:27:49.133,1.31531,1.31569,1.50,1.50
2012.11.26 22:27:50.043,1.3153,1.31569,1.50,1.50
2012.11.26 22:27:54.972,1.3153,1.31569,1.50,1.50
2012.11.26 22:27:57.443,1.3153,1.31573,1.73,1.50
2012.11.26 22:27:59.887,1.3153,1.31573,3.23,1.50
2012.11.26 22:28:10.723,1.3153,1.31569,1.73,1.50
2012.11.26 22:28:10.783,1.31528,1.31569,1.28,1.50
2012.11.26 22:28:11.123,1.31528,1.31569,3.00,1.50
2012.11.26 22:28:12.209,1.31528,1.3157,1.50,1.28
2012.11.26 22:28:12.934,1.31527,1.3157,3.00,1.28
2012.11.26 22:28:14.675,1.31527,1.31569,3.00,1.50
2012.11.26 22:28:24.212,1.31523,1.31568,3.31,1.20
2012.11.26 22:28:28.412,1.31523,1.31563,3.31,1.50
2012.11.26 22:28:35.573,1.31526,1.31563,1.50,1.50
2012.11.26 22:28:35.746,1.31524,1.31563,1.73,1.50
2012.11.26 22:28:36.099,1.31523,1.31563,1.13,1.50
2012.11.26 22:28:36.402,1.31522,1.3156,1.13,1.28
2012.11.26 22:28:42.684,1.31524,1.3156,2.48,1.28
2012.11.26 22:28:45.153,1.31525,1.31563,2.48,1.50
2012.11.26 22:28:45.353,1.31525,1.31563,1.35,1.50
2012.11.26 22:28:45.413,1.31525,1.31556,1.35,1.50
2012.11.26 22:28:45.849,1.31524,1.31556,1.50,2.10
2012.11.26 22:28:46.579,1.31518,1.31549,2.48,1.50
2012.11.26 22:28:46.962,1.31519,1.31553,1.73,1.50
2012.11.26 22:28:47.383,1.31518,1.31553,2.48,1.50
2012.11.26 22:28:53.763,1.31518,1.31553,2.48,1.20
2012.11.26 22:28:54.423,1.31518,1.31553,2.48,1.20
2012.11.26 22:28:55.216,1.31526,1.31557,1.50,1.28
2012.11.26 22:28:55.524,1.3153,1.31561,1.35,2.10
2012.11.26 22:28:55.850,1.31533,1.31567,1.13,1.20
2012.11.26 22:28:55.974,1.31533,1.31567,1.13,1.20
2012.11.26 22:28:56.103,1.31533,1.3157,1.88,1.28
2012.11.26 22:28:57.255,1.31533,1.31574,1.88,1.28
2012.11.26 22:28:57.324,1.31533,1.31565,1.50,1.50
2012.11.26 22:29:01.967,1.31533,1.31565,1.50,1.50
2012.11.26 22:29:02.649,1.31531,1.31564,1.50,1.50
2012.11.26 22:29:03.004,1.31531,1.31563,1.50,1.50
2012.11.26 22:29:04.389,1.31531,1.31563,1.50,1.50
2012.11.26 22:29:04.693,1.3153,1.3156,1.50,1.50
2012.11.26 22:29:06.707,1.31529,1.31564,1.50,1.50
2012.11.26 22:29:06.775,1.31528,1.31564,1.50,1.50
2012.11.26 22:29:07.306,1.31528,1.31564,1.50,1.50
2012.11.26 22:29:09.310,1.31528,1.31563,1.50,1.50
2012.11.26 22:29:11.622,1.31527,1.31564,1.73,1.50
2012.11.26 22:29:12.045,1.31529,1.31564,1.13,1.50
2012.11.26 22:29:12.414,1.3153,1.31564,1.13,1.50
2012.11.26 22:29:12.726,1.3153,1.31564,2.25,1.50
2012.11.26 22:29:15.652,1.3153,1.31562,1.88,1.50
2012.11.26 22:29:16.083,1.31529,1.31559,1.13,1.50
2012.11.26 22:29:18.323,1.31529,1.31559,1.13,1.50
2012.11.26 22:29:26.663,1.31526,1.31556,1.73,1.50
2012.11.26 22:29:31.692,1.31521,1.31553,2.10,1.50
2012.11.26 22:29:37.873,1.3152,1.31553,1.50,1.50
2012.11.26 22:29:38.111,1.31521,1.31558,1.13,1.50
2012.11.26 22:29:38.174,1.31524,1.31558,1.13,1.50
2012.11.26 22:29:38.367,1.31524,1.31559,1.35,1.50
2012.11.26 22:29:41.023,1.31525,1.31558,1.13,1.50
2012.11.26 22:29:43.675,1.31526,1.31559,2.48,1.50
2012.11.26 22:29:44.164,1.31526,1.31559,1.35,1.50
2012.11.26 22:29:46.306,1.31526,1.31556,1.50,1.50
2012.11.26 22:29:46.694,1.31526,1.31558,1.50,1.50
2012.11.26 22:29:47.025,1.31523,1.31558,3.00,1.50
2012.11.26 22:29:47.215,1.31522,1.31554,2.25,1.50
2012.11.26 22:29:48.224,1.31523,1.31554,1.13,1.50
2012.11.26 22:29:54.773,1.31523,1.31559,1.50,1.50
2012.11.26 22:29:54.835,1.31525,1.31562,1.50,1.50
2012.11.26 22:29:55.264,1.31526,1.31565,2.93,1.50
2012.11.26 22:29:55.334,1.31526,1.31565,2.93,1.50
2012.11.26 22:29:56.269,1.31526,1.31565,2.93,1.50
2012.11.26 22:29:56.462,1.31527,1.31569,1.50,1.73
2012.11.26 22:30:00.136,1.31527,1.31568,1.50,1.73
2012.11.26 22:30:00.865,1.31527,1.31566,1.50,1.73
2012.11.26 22:30:01.471,1.31527,1.31564,1.50,1.50
2012.11.26 22:30:04.175,1.31527,1.31564,1.35,1.50
2012.11.26 22:30:05.923,1.31528,1.31566,2.25,1.73
2012.11.26 22:30:06.053,1.31533,1.31566,1.50,1.73
2012.11.26 22:30:10.508,1.31532,1.31564,1.50,1.50
2012.11.26 22:30:11.193,1.31533,1.31566,1.50,1.50
2012.11.26 22:30:22.176,1.31532,1.31566,1.50,1.50
2012.11.26 22:30:22.769,1.31533,1.31566,1.50,1.50
2012.11.26 22:30:23.707,1.31531,1.31566,1.50,1.50
2012.11.26 22:30:23.844,1.31533,1.31566,1.50,1.50
2012.11.26 22:30:26.677,1.31532,1.31564,1.35,1.50
2012.11.26 22:30:26.923,1.31531,1.31562,2.63,1.50
2012.11.26 22:30:28.834,1.31531,1.31564,2.63,1.50
2012.11.26 22:30:35.243,1.31531,1.31563,1.50,1.50
2012.11.26 22:30:45.527,1.31531,1.31562,1.50,1.50
2012.11.26 22:30:46.082,1.31531,1.3156,1.50,1.50
2012.11.26 22:30:46.205,1.31529,1.31564,1.50,1.50
2012.11.26 22:30:46.334,1.31526,1.3156,2.78,1.50
2012.11.26 22:30:49.204,1.31529,1.31563,1.50,1.50
2012.11.26 22:30:49.764,1.31527,1.3156,1.50,1.50
2012.11.26 22:30:51.846,1.31529,1.31564,1.50,2.03
2012.11.26 22:30:55.704,1.31527,1.3156,1.50,1.50
2012.11.26 22:30:57.244,1.31529,1.31563,1.50,1.73
2012.11.26 22:30:58.205,1.31526,1.31559,1.50,1.50
2012.11.26 22:30:58.496,1.31527,1.3156,1.50,1.50
2012.11.26 22:30:58.833,1.31529,1.31563,1.50,1.50
2012.11.26 22:31:00.205,1.3153,1.31563,1.50,1.50
2012.11.26 22:31:02.055,1.31526,1.31563,1.50,1.50
2012.11.26 22:31:02.615,1.31529,1.31564,1.50,1.50
2012.11.26 22:31:02.726,1.3153,1.31564,1.50,1.50
2012.11.26 22:31:02.797,1.31527,1.31563,1.50,1.50
2012.11.26 22:31:03.583,1.3153,1.31563,1.50,1.50
2012.11.26 22:31:04.215,1.31529,1.31563,1.50,1.50
2012.11.26 22:31:20.193,1.3153,1.31563,1.50,1.50
2012.11.26 22:31:20.584,1.3153,1.31563,3.08,1.50
2012.11.26 22:31:22.652,1.31531,1.31568,1.65,1.28
2012.11.26 22:31:26.564,1.31531,1.31563,1.28,1.50
2012.11.26 22:31:33.063,1.31531,1.31568,1.65,2.03
2012.11.26 22:31:37.762,1.31534,1.31568,1.50,1.50
2012.11.26 22:31:38.194,1.31534,1.31571,1.50,1.35
2012.11.26 22:31:40.264,1.31537,1.31572,1.50,1.50
2012.11.26 22:31:40.442,1.31538,1.31574,1.50,2.10
2012.11.26 22:31:41.533,1.31538,1.31571,1.50,1.50
2012.11.26 22:31:42.314,1.31538,1.31576,1.50,1.43
2012.11.26 22:31:42.562,1.31546,1.31582,1.50,1.58
2012.11.26 22:31:42.744,1.31546,1.31582,1.50,1.58
2012.11.26 22:31:42.813,1.31551,1.31587,1.50,1.58
2012.11.26 22:31:43.912,1.31551,1.31584,2.10,1.73
2012.11.26 22:31:45.893,1.31547,1.31582,1.95,1.73
2012.11.26 22:31:47.322,1.31547,1.31578,1.50,1.50
2012.11.26 22:31:53.383,1.31546,1.31584,3.23,1.28
2012.11.26 22:31:53.684,1.31548,1.31585,1.35,1.50
2012.11.26 22:31:54.005,1.31547,1.31578,1.43,1.73
2012.11.26 22:31:54.133,1.31546,1.31574,1.50,1.13
2012.11.26 22:31:54.193,1.31546,1.31574,1.50,2.10
2012.11.26 22:31:54.253,1.31542,1.31574,1.95,2.85
2012.11.26 22:31:56.194,1.31541,1.31573,1.50,1.73
2012.11.26 22:32:02.553,1.31539,1.3157,1.50,1.50
2012.11.26 22:32:06.167,1.31536,1.3157,1.50,1.50
2012.11.26 22:32:06.243,1.31539,1.3157,1.50,1.50
2012.11.26 22:32:06.364,1.31537,1.31569,1.50,1.35
2012.11.26 22:32:06.723,1.31539,1.3157,1.50,1.73
2012.11.26 22:32:07.447,1.31539,1.3157,1.50,1.73
2012.11.26 22:32:31.625,1.31539,1.3157,1.50,1.73
2012.11.26 22:32:41.784,1.31541,1.31574,1.50,1.73
2012.11.26 22:32:41.845,1.31542,1.31576,1.50,1.43
2012.11.26 22:32:42.582,1.3154,1.31576,1.20,1.43
2012.11.26 22:32:43.303,1.31541,1.31576,1.50,1.43
2012.11.26 22:32:47.093,1.31538,1.31578,2.85,2.33
2012.11.26 22:32:47.613,1.31537,1.31576,1.50,1.58
2012.11.26 22:32:48.082,1.31537,1.31576,1.50,1.58
2012.11.26 22:32:54.225,1.31537,1.31573,1.50,1.50
2012.11.26 22:32:54.294,1.31537,1.31576,1.50,1.58
2012.11.26 22:33:00.153,1.31537,1.31574,1.50,1.50
2012.11.26 22:33:15.724,1.31537,1.31576,1.50,1.58
2012.11.26 22:33:16.275,1.31537,1.31573,1.50,1.50
2012.11.26 22:33:17.898,1.31537,1.31576,1.50,1.58
2012.11.26 22:33:18.094,1.31537,1.31574,1.50,1.50
2012.11.26 22:33:18.357,1.31537,1.31576,1.50,1.35
2012.11.26 22:33:23.676,1.31537,1.31574,1.50,1.50
2012.11.26 22:33:24.344,1.31537,1.31576,1.50,1.35
2012.11.26 22:33:24.414,1.31537,1.31574,1.50,1.50
2012.11.26 22:33:24.546,1.31537,1.31576,1.50,1.35
2012.11.26 22:33:25.194,1.31536,1.31573,1.43,1.20
2012.11.26 22:33:25.701,1.31536,1.31573,1.20,1.95
2012.11.26 22:33:26.463,1.31535,1.31573,1.43,2.33
2012.11.26 22:33:26.763,1.31533,1.31568,1.50,1.50
2012.11.26 22:33:27.354,1.31536,1.31568,1.50,1.50
2012.11.26 22:33:27.603,1.31534,1.31568,1.50,1.50
2012.11.26 22:33:27.724,1.31532,1.31565,2.70,1.50
2012.11.26 22:33:27.964,1.31528,1.31561,3.08,1.73
2012.11.26 22:33:28.835,1.31527,1.31558,1.13,1.50
2012.11.26 22:33:28.905,1.31527,1.31558,2.63,1.50
2012.11.26 22:33:31.588,1.31529,1.31558,1.13,1.50
2012.11.26 22:33:31.778,1.31529,1.3156,1.50,1.35
2012.11.26 22:33:32.108,1.31528,1.3156,1.13,1.35
2012.11.26 22:33:32.557,1.31527,1.31562,1.13,1.35
2012.11.26 22:33:33.258,1.31526,1.31557,1.50,1.35
2012.11.26 22:33:33.399,1.31526,1.31556,1.50,1.35
2012.11.26 22:33:33.993,1.31525,1.31555,1.13,1.35
2012.11.26 22:33:34.188,1.31525,1.31549,1.13,1.50
2012.11.26 22:33:34.509,1.31525,1.31552,1.13,1.28
2012.11.26 22:33:34.818,1.31519,1.31549,1.50,1.28
2012.11.26 22:33:35.058,1.31519,1.31548,1.50,1.28
2012.11.26 22:33:35.199,1.31519,1.31548,1.50,1.28
2012.11.26 22:33:35.450,1.31519,1.31547,1.50,1.28
2012.11.26 22:33:35.588,1.31519,1.31547,1.50,1.28
2012.11.26 22:33:36.798,1.31518,1.31545,1.88,1.28
2012.11.26 22:33:39.049,1.31519,1.31546,1.13,1.28
2012.11.26 22:33:39.237,1.31518,1.31546,1.13,1.28
2012.11.26 22:33:39.448,1.31518,1.31546,1.50,1.28
2012.11.26 22:33:39.709,1.31518,1.31547,1.50,1.28
2012.11.26 22:33:39.777,1.31518,1.31547,1.50,1.28
2012.11.26 22:33:40.978,1.31519,1.31547,3.00,1.28
2012.11.26 22:33:41.168,1.31519,1.31547,2.63,1.28
2012.11.26 22:33:41.709,1.31519,1.31549,2.63,1.50
2012.11.26 22:33:42.189,1.31519,1.31549,1.50,1.50
2012.11.26 22:33:42.802,1.31512,1.31544,1.73,1.28
2012.11.26 22:33:42.867,1.31512,1.31544,1.73,1.28
2012.11.26 22:33:42.986,1.31507,1.31544,1.50,1.50
2012.11.26 22:33:43.049,1.31505,1.31545,1.50,1.58
2012.11.26 22:33:43.367,1.31502,1.31545,2.78,1.50
2012.11.26 22:33:43.547,1.31502,1.31545,1.28,1.50
2012.11.26 22:33:44.059,1.31502,1.3154,1.50,1.20
2012.11.26 22:33:44.127,1.31501,1.3154,2.70,1.20
2012.11.26 22:33:45.158,1.31501,1.3154,2.70,1.20
2012.11.26 22:33:45.820,1.31501,1.3154,2.93,1.20
2012.11.26 22:33:46.067,1.31502,1.3154,1.50,1.20
2012.11.26 22:33:46.249,1.31501,1.3154,1.20,1.20
2012.11.26 22:33:46.318,1.31501,1.3154,1.20,1.20
2012.11.26 22:33:47.178,1.31501,1.3154,2.93,1.20
2012.11.26 22:33:47.698,1.31501,1.3154,1.20,1.20
2012.11.26 22:33:48.226,1.31502,1.3154,1.50,1.20
2012.11.26 22:33:48.327,1.31502,1.3154,1.50,1.20
2012.11.26 22:33:48.480,1.31502,1.3154,1.50,1.20
2012.11.26 22:33:48.549,1.31502,1.3154,1.50,1.20
2012.11.26 22:33:49.048,1.31501,1.3154,1.20,1.20
2012.11.26 22:33:49.569,1.31502,1.31537,1.28,1.28
2012.11.26 22:33:50.445,1.31503,1.31537,1.13,1.28
2012.11.26 22:33:51.028,1.31504,1.3154,1.05,1.20
2012.11.26 22:33:51.227,1.31502,1.31538,1.28,1.28
2012.11.26 22:33:51.528,1.31503,1.31538,1.50,1.28
2012.11.26 22:33:51.734,1.31504,1.3154,2.55,1.20
2012.11.26 22:33:51.799,1.31504,1.3154,2.55,1.20
2012.11.26 22:33:52.047,1.31504,1.3154,1.05,1.20
2012.11.26 22:33:52.389,1.31505,1.31542,1.50,1.28
2012.11.26 22:33:52.700,1.31514,1.31542,1.13,1.28
2012.11.26 22:33:52.829,1.31514,1.31544,1.13,1.28
2012.11.26 22:33:52.900,1.31514,1.31542,1.35,1.28
2012.11.26 22:33:52.972,1.31514,1.31542,1.35,1.28
2012.11.26 22:33:53.101,1.31514,1.31542,1.35,1.28
2012.11.26 22:33:53.650,1.31524,1.31542,1.13,1.28
2012.11.26 22:33:53.989,1.31527,1.31553,1.50,1.20
2012.11.26 22:33:54.059,1.31542,1.31566,0.75,1.20
2012.11.26 22:33:54.189,1.31529,1.31553,1.13,1.20
2012.11.26 22:33:54.378,1.31529,1.31553,1.13,1.20
2012.11.26 22:33:54.439,1.31529,1.3155,1.13,1.28
2012.11.26 22:33:54.687,1.31527,1.31552,3.00,1.35
2012.11.26 22:33:54.879,1.31527,1.31552,3.00,1.35
2012.11.26 22:33:54.949,1.31527,1.31552,1.88,1.35
2012.11.26 22:33:55.254,1.31527,1.31552,1.88,1.35
2012.11.26 22:33:55.557,1.3153,1.31549,1.50,1.28
2012.11.26 22:33:55.738,1.31529,1.31552,1.35,1.28
2012.11.26 22:33:55.857,1.31529,1.31552,1.13,1.28
2012.11.26 22:33:56.057,1.31529,1.31552,1.13,1.20
2012.11.26 22:33:56.349,1.31529,1.31552,1.13,1.20
2012.11.26 22:33:56.737,1.31529,1.31548,1.13,1.35
2012.11.26 22:33:57.278,1.31529,1.31551,1.13,1.35
2012.11.26 22:33:57.408,1.31529,1.31551,1.13,1.35
2012.11.26 22:33:57.585,1.31529,1.31551,1.13,1.35
2012.11.26 22:33:57.912,1.31529,1.31555,1.13,1.28
2012.11.26 22:33:58.088,1.31529,1.31554,1.13,1.50
2012.11.26 22:33:58.289,1.31529,1.31555,1.13,1.28
2012.11.26 22:33:58.599,1.31529,1.31555,1.13,1.28
2012.11.26 22:33:58.946,1.31529,1.31555,1.13,1.28
2012.11.26 22:33:59.818,1.31529,1.31558,1.13,1.28
2012.11.26 22:34:00.654,1.31529,1.31554,1.13,1.20
2012.11.26 22:34:01.310,1.31529,1.31557,1.13,1.28
2012.11.26 22:34:01.950,1.31527,1.31554,1.13,1.50
2012.11.26 22:34:02.020,1.31525,1.31557,1.88,1.28
2012.11.26 22:34:02.331,1.31525,1.31555,1.50,1.35
2012.11.26 22:34:02.398,1.31525,1.31555,1.50,1.35
2012.11.26 22:34:02.721,1.31525,1.31555,1.50,1.35
2012.11.26 22:34:02.850,1.31522,1.31553,1.50,1.50
2012.11.26 22:34:02.980,1.31522,1.31553,1.50,1.73
2012.11.26 22:34:03.644,1.31521,1.31555,1.50,1.73
2012.11.26 22:34:03.999,1.31517,1.31552,1.28,1.73
2012.11.26 22:34:04.308,1.31516,1.31552,1.20,2.85
2012.11.26 22:34:04.759,1.31519,1.31552,1.50,2.10
2012.11.26 22:34:05.198,1.31516,1.31552,1.20,1.73
2012.11.26 22:34:05.679,1.31519,1.31552,1.50,1.73
2012.11.26 22:34:05.748,1.31516,1.31552,1.95,1.73
2012.11.26 22:34:06.038,1.31516,1.31546,1.20,1.50
2012.11.26 22:34:06.189,1.31513,1.31549,1.50,1.50
2012.11.26 22:34:07.371,1.31516,1.31549,1.50,1.73
2012.11.26 22:34:07.730,1.31513,1.31543,1.50,1.20
2012.11.26 22:34:08.039,1.31513,1.31543,1.50,1.20
2012.11.26 22:34:08.178,1.31528,1.31552,0.75,1.43
2012.11.26 22:34:08.399,1.31513,1.31543,1.50,1.95
2012.11.26 22:34:08.588,1.31509,1.31543,1.50,1.50
2012.11.26 22:34:08.829,1.31509,1.31546,1.50,1.28
2012.11.26 22:34:08.898,1.31512,1.31544,1.50,1.50
2012.11.26 22:34:09.179,1.31512,1.31543,1.50,1.50
2012.11.26 22:34:09.518,1.31512,1.31548,1.50,2.25
2012.11.26 22:34:09.847,1.3151,1.31547,1.50,1.35
2012.11.26 22:34:10.180,1.31512,1.31542,1.13,1.28
2012.11.26 22:34:10.728,1.31512,1.31542,2.25,1.28
2012.11.26 22:34:11.100,1.31512,1.31538,1.50,1.50
2012.11.26 22:34:11.468,1.31512,1.3154,1.50,1.73
2012.11.26 22:34:11.983,1.31512,1.3154,1.50,1.73
2012.11.26 22:34:12.059,1.31512,1.31543,1.50,1.73
2012.11.26 22:34:12.414,1.31508,1.31542,2.10,1.58
2012.11.26 22:34:12.962,1.31504,1.31541,1.50,1.43
2012.11.26 22:34:13.031,1.31504,1.31538,1.50,1.50
2012.11.26 22:34:13.104,1.31502,1.31537,1.84,1.50
2012.11.26 22:34:13.172,1.31502,1.31537,1.84,1.50
2012.11.26 22:34:13.375,1.31502,1.31537,1.47,1.50
2012.11.26 22:34:13.499,1.31502,1.31537,1.47,1.50
2012.11.26 22:34:14.135,1.31502,1.31538,3.64,1.50
2012.11.26 22:34:14.674,1.31504,1.3154,2.10,1.73
2012.11.26 22:34:14.860,1.31509,1.3154,1.50,1.50
2012.11.26 22:34:15.464,1.31505,1.31539,1.50,1.50
2012.11.26 22:34:16.018,1.31509,1.31542,1.50,1.73
2012.11.26 22:34:17.149,1.31511,1.31544,1.50,1.73
2012.11.26 22:34:17.458,1.31507,1.3154,1.50,1.73
2012.11.26 22:34:17.833,1.31512,1.31545,1.32,1.28
2012.11.26 22:34:18.167,1.31512,1.31545,1.73,1.28
2012.11.26 22:34:18.227,1.31514,1.31545,1.09,1.28
2012.11.26 22:34:18.766,1.31514,1.31545,2.59,1.35
2012.11.26 22:34:19.549,1.31515,1.31545,1.73,1.35
2012.11.26 22:34:19.918,1.31524,1.31557,1.50,1.73
2012.11.26 22:34:19.977,1.31524,1.31557,1.50,1.73
2012.11.26 22:34:20.748,1.31521,1.31557,1.50,1.73
2012.11.26 22:34:21.637,1.31524,1.31558,1.50,1.73
2012.11.26 22:34:23.129,1.31528,1.31557,1.50,1.73
2012.11.26 22:34:23.741,1.31528,1.31559,1.50,3.23
2012.11.26 22:34:24.259,1.3153,1.31559,1.50,2.10
2012.11.26 22:34:24.330,1.3153,1.31557,1.50,1.73
2012.11.26 22:34:31.789,1.3153,1.31558,1.50,1.73
2012.11.26 22:34:31.919,1.3153,1.31559,1.50,1.73
2012.11.26 22:34:32.239,1.3153,1.31559,1.50,2.48
2012.11.26 22:34:33.520,1.3153,1.3156,1.50,1.73
2012.11.26 22:34:34.149,1.31528,1.31558,1.50,1.35
2012.11.26 22:34:34.218,1.31527,1.31558,1.50,1.35
2012.11.26 22:34:34.707,1.31526,1.31558,1.50,1.35
2012.11.26 22:34:37.291,1.31531,1.31559,1.50,1.73
2012.11.26 22:34:39.115,1.31531,1.3156,1.50,1.73
2012.11.26 22:34:39.238,1.31531,1.31558,1.50,1.35
2012.11.26 22:34:47.317,1.31531,1.3156,1.50,1.73
2012.11.26 22:34:47.437,1.31531,1.31569,1.50,2.10
2012.11.26 22:34:47.557,1.31537,1.3157,1.50,1.35
2012.11.26 22:34:47.862,1.31541,1.31574,1.50,1.35
2012.11.26 22:34:50.829,1.31541,1.31574,1.50,1.50
2012.11.26 22:34:52.037,1.31541,1.31578,1.50,2.33
2012.11.26 22:34:52.259,1.31541,1.31574,1.50,1.50
2012.11.26 22:34:52.913,1.31538,1.31574,1.50,1.50
2012.11.26 22:34:52.978,1.31538,1.31571,1.50,1.50
2012.11.26 22:34:53.488,1.31538,1.3157,1.50,1.35
2012.11.26 22:34:55.169,1.31538,1.31571,1.50,2.10
2012.11.26 22:34:56.260,1.31538,1.3157,1.50,1.35
2012.11.26 22:34:56.391,1.31538,1.31571,1.50,2.10
2012.11.26 22:34:56.658,1.31536,1.3157,1.50,1.35
2012.11.26 22:34:57.248,1.31538,1.3157,1.50,1.35
2012.11.26 22:34:57.691,1.31538,1.31571,1.50,1.73
2012.11.26 22:34:58.199,1.31538,1.31571,1.50,1.73
2012.11.26 22:34:58.560,1.31538,1.3157,1.50,1.35
2012.11.26 22:35:03.089,1.31541,1.31571,1.50,1.73
2012.11.26 22:35:03.219,1.31541,1.31569,1.50,1.73
2012.11.26 22:35:03.489,1.31541,1.31569,1.50,1.73
2012.11.26 22:35:03.579,1.31541,1.31569,1.50,1.73
2012.11.26 22:35:08.268,1.31541,1.31571,1.50,1.35
2012.11.26 22:35:09.209,1.31545,1.31578,1.50,1.13
2012.11.26 22:35:09.718,1.31547,1.3158,1.50,1.50
2012.11.26 22:35:09.881,1.31547,1.31584,1.50,1.28
2012.11.26 22:35:10.228,1.31547,1.31584,1.28,2.03
2012.11.26 22:35:10.288,1.31548,1.31584,1.50,2.03
2012.11.26 22:35:13.078,1.31549,1.31584,3.34,1.50
2012.11.26 22:35:14.899,1.31549,1.31583,2.67,1.50
2012.11.26 22:35:15.088,1.31549,1.31584,1.58,1.50
2012.11.26 22:35:15.268,1.3155,1.31584,1.73,1.50
2012.11.26 22:35:15.672,1.3155,1.31585,2.48,1.35
2012.11.26 22:35:15.895,1.31558,1.31588,1.50,1.35
2012.11.26 22:35:15.960,1.31558,1.31588,1.50,1.20
2012.11.26 22:35:16.229,1.31554,1.31588,1.50,1.50
2012.11.26 22:35:16.758,1.31555,1.31588,1.50,1.50
2012.11.26 22:35:17.111,1.31555,1.3159,1.50,1.35
2012.11.26 22:35:24.530,1.31556,1.31593,1.50,2.10
2012.11.26 22:35:26.325,1.31556,1.31593,1.50,1.35
2012.11.26 22:35:26.829,1.31556,1.31593,1.50,2.10
2012.11.26 22:35:27.138,1.31556,1.31589,1.50,1.50
2012.11.26 22:35:27.207,1.31556,1.31593,1.50,1.35
2012.11.26 22:35:27.798,1.31559,1.31593,1.50,1.35
2012.11.26 22:35:28.258,1.31556,1.31589,1.50,1.50
2012.11.26 22:35:28.359,1.31556,1.31593,1.50,2.10
2012.11.26 22:35:28.879,1.31559,1.31593,1.50,2.33
2012.11.26 22:35:30.511,1.31559,1.31593,1.50,1.58
2012.11.26 22:35:30.879,1.31559,1.31593,1.50,1.58
2012.11.26 22:35:31.169,1.31559,1.3159,1.50,1.73
2012.11.26 22:35:36.358,1.31555,1.31589,1.50,1.35
2012.11.26 22:35:37.050,1.31555,1.31589,1.50,1.35
2012.11.26 22:35:37.121,1.31555,1.31591,3.04,1.35
2012.11.26 22:35:37.193,1.31559,1.31595,1.50,1.80
2012.11.26 22:35:37.382,1.3156,1.31595,1.50,1.20
2012.11.26 22:35:38.047,1.31561,1.31597,1.35,1.95
2012.11.26 22:35:38.169,1.31561,1.31593,1.35,1.73
2012.11.26 22:35:39.266,1.31562,1.31593,1.50,1.73
2012.11.26 22:35:41.058,1.31561,1.31593,1.35,1.73
2012.11.26 22:35:41.577,1.31561,1.31593,1.35,1.73
2012.11.26 22:35:43.159,1.31561,1.31592,2.70,1.50
2012.11.26 22:35:44.257,1.31561,1.31592,2.70,1.50
2012.11.26 22:35:44.728,1.31561,1.31592,2.70,1.50
2012.11.26 22:35:45.038,1.31561,1.31592,2.70,1.50
2012.11.26 22:35:45.498,1.31561,1.31592,2.70,1.50
2012.11.26 22:35:46.033,1.31561,1.31592,2.70,1.50
2012.11.26 22:35:46.830,1.31561,1.31592,2.70,1.50
2012.11.26 22:35:47.520,1.31561,1.31592,2.70,1.50
2012.11.26 22:35:48.040,1.31561,1.31592,2.70,1.50
2012.11.26 22:35:49.228,1.31562,1.31594,1.95,1.73
2012.11.26 22:35:49.289,1.31564,1.31595,1.50,1.50
2012.11.26 22:35:49.680,1.31564,1.31599,1.50,1.73
2012.11.26 22:35:49.809,1.31564,1.31595,1.50,1.50
2012.11.26 22:35:50.610,1.31564,1.31595,1.50,1.50
2012.11.26 22:35:51.039,1.31564,1.31595,1.50,1.50
2012.11.26 22:35:52.149,1.31564,1.31599,1.50,1.73
2012.11.26 22:35:52.519,1.31564,1.316,1.50,1.43
2012.11.26 22:35:52.769,1.31564,1.31595,1.50,1.50
2012.11.26 22:35:53.698,1.31567,1.31599,1.13,1.73
2012.11.26 22:35:54.267,1.31567,1.31598,1.73,1.50
2012.11.26 22:35:56.553,1.31564,1.31599,2.70,1.73
2012.11.26 22:35:57.235,1.31564,1.31595,2.70,1.50
2012.11.26 22:36:01.560,1.31565,1.31598,1.50,1.50
2012.11.26 22:36:01.808,1.31565,1.31596,1.50,1.50
2012.11.26 22:36:02.248,1.31562,1.31596,1.20,1.73
2012.11.26 22:36:02.378,1.31565,1.31596,1.50,1.73
2012.11.26 22:36:03.438,1.31565,1.31598,1.50,1.73
2012.11.26 22:36:03.994,1.31563,1.31594,1.50,1.50
2012.11.26 22:36:04.208,1.31561,1.31594,2.85,1.50
2012.11.26 22:36:04.328,1.31562,1.31594,1.50,1.50
2012.11.26 22:36:05.150,1.31562,1.31593,1.50,1.50
2012.11.26 22:36:05.881,1.31562,1.31593,1.50,1.50
2012.11.26 22:36:06.250,1.31562,1.31601,1.50,1.50
2012.11.26 22:36:06.828,1.31562,1.31599,1.50,1.50
2012.11.26 22:36:07.219,1.31562,1.31593,1.50,1.50
2012.11.26 22:36:07.351,1.31562,1.31599,1.50,1.58
2012.11.26 22:36:08.550,1.31562,1.31599,1.73,2.40
2012.11.26 22:36:08.680,1.31561,1.31589,1.13,1.50
2012.11.26 22:36:08.808,1.3156,1.31589,2.25,1.50
2012.11.26 22:36:09.110,1.3156,1.31589,1.50,1.50
2012.11.26 22:36:09.237,1.3156,1.31588,1.50,1.50
2012.11.26 22:36:09.388,1.3156,1.31589,1.50,1.50
2012.11.26 22:36:12.189,1.3156,1.31588,1.13,1.50
2012.11.26 22:36:12.649,1.3156,1.31588,1.13,1.50
2012.11.26 22:36:13.392,1.31562,1.31588,1.13,1.50
2012.11.26 22:36:13.930,1.31562,1.31588,1.50,1.50
2012.11.26 22:36:14.260,1.31562,1.31588,1.13,1.50
2012.11.26 22:36:16.647,1.31561,1.31594,1.50,2.18
2012.11.26 22:36:17.882,1.31561,1.31591,1.50,1.73
2012.11.26 22:36:18.238,1.3156,1.3159,1.58,1.73
2012.11.26 22:36:18.298,1.31561,1.31592,1.50,1.73
2012.11.26 22:36:18.384,1.31561,1.31593,1.50,1.73
2012.11.26 22:36:18.638,1.31563,1.31593,1.13,1.50
2012.11.26 22:36:19.404,1.31562,1.31593,1.28,1.50
2012.11.26 22:36:19.687,1.31562,1.31589,1.95,1.35
2012.11.26 22:36:19.987,1.31562,1.31587,1.50,1.35
2012.11.26 22:36:20.168,1.31557,1.31587,1.50,2.10
2012.11.26 22:36:20.657,1.31557,1.31586,1.50,1.73
2012.11.26 22:36:24.698,1.31556,1.31586,2.10,1.73
2012.11.26 22:36:24.817,1.31551,1.31586,2.10,1.73
2012.11.26 22:36:25.429,1.31551,1.31582,1.50,1.73
2012.11.26 22:36:27.949,1.31547,1.31582,1.50,1.73
2012.11.26 22:36:28.313,1.31549,1.31582,1.50,1.73
2012.11.26 22:36:28.380,1.31549,1.31581,1.50,1.34
2012.11.26 22:36:29.022,1.31547,1.31579,4.05,1.35
2012.11.26 22:36:30.562,1.31547,1.31579,1.95,1.35
2012.11.26 22:36:37.199,1.31547,1.31579,1.95,1.35
2012.11.26 22:36:37.508,1.31547,1.31575,1.20,1.35
2012.11.26 22:36:44.648,1.31547,1.3158,1.28,1.35
2012.11.26 22:36:48.509,1.31548,1.3158,1.35,1.89
2012.11.26 22:36:49.059,1.31546,1.3158,4.20,1.35
2012.11.26 22:36:54.949,1.31547,1.3158,1.28,1.35
2012.11.26 22:36:55.254,1.31547,1.3158,1.28,1.62
2012.11.26 22:36:59.957,1.31544,1.3158,1.20,2.37
2012.11.26 22:37:01.549,1.31544,1.3158,1.20,1.62
2012.11.26 22:37:02.748,1.31544,1.31579,1.20,1.73
2012.11.26 22:37:04.188,1.31547,1.3158,1.20,1.62
2012.11.26 22:37:04.785,1.31544,1.3158,2.85,2.37
2012.11.26 22:37:07.024,1.31547,1.3158,1.50,1.62
2012.11.26 22:37:07.228,1.31547,1.3158,1.50,1.62
2012.11.26 22:37:08.349,1.31545,1.31579,1.35,1.73
2012.11.26 22:37:08.581,1.31547,1.3158,1.50,1.62
2012.11.26 22:37:10.192,1.31543,1.31578,1.28,1.73
2012.11.26 22:37:10.416,1.31546,1.3158,1.50,1.62
2012.11.26 22:37:13.337,1.31546,1.3158,1.50,1.62
2012.11.26 22:37:13.457,1.31545,1.31579,1.28,1.73
2012.11.26 22:37:17.058,1.31542,1.31578,1.35,1.73
2012.11.26 22:37:17.118,1.31541,1.31574,1.35,1.73
2012.11.26 22:37:17.178,1.31537,1.31574,1.50,1.73
2012.11.26 22:37:17.368,1.31537,1.31571,1.50,1.73
2012.11.26 22:37:18.088,1.31537,1.31568,1.50,1.50
2012.11.26 22:37:20.265,1.31539,1.31574,1.35,2.33
2012.11.26 22:37:20.335,1.3154,1.31574,1.50,1.50
2012.11.26 22:37:26.700,1.3154,1.31571,1.50,1.50
2012.11.26 22:37:27.189,1.31537,1.31569,3.23,1.50
2012.11.26 22:37:27.737,1.31537,1.3157,1.50,1.50
2012.11.26 22:37:30.146,1.31537,1.31571,1.50,1.73
2012.11.26 22:37:31.137,1.31537,1.3157,1.50,1.50
2012.11.26 22:37:32.728,1.31537,1.31572,1.50,1.73
2012.11.26 22:37:33.329,1.31537,1.31569,1.50,1.50
2012.11.26 22:37:35.998,1.31538,1.31569,1.50,1.50
2012.11.26 22:37:39.958,1.31536,1.31569,2.70,1.50
2012.11.26 22:37:40.659,1.31542,1.31578,1.50,1.73
2012.11.26 22:37:40.870,1.31543,1.3158,1.35,2.10
2012.11.26 22:37:42.517,1.31543,1.31578,1.35,1.73
2012.11.26 22:37:43.204,1.31543,1.3158,1.35,1.73
2012.11.26 22:37:43.578,1.31542,1.31582,3.76,1.28
2012.11.26 22:37:43.758,1.31545,1.31583,1.13,1.50
2012.11.26 22:37:44.019,1.31546,1.31589,3.08,1.73
2012.11.26 22:37:45.379,1.31547,1.31588,1.35,1.73
2012.11.26 22:37:45.911,1.31546,1.31593,1.95,1.73
2012.11.26 22:37:48.707,1.31546,1.31593,1.20,1.73
2012.11.26 22:37:49.139,1.31546,1.31593,1.95,1.73
2012.11.26 22:37:49.471,1.31548,1.31594,1.65,1.73
2012.11.26 22:37:50.017,1.31549,1.31593,1.28,1.35
2012.11.26 22:37:50.627,1.31547,1.31588,1.50,1.50
2012.11.26 22:37:50.687,1.31551,1.31588,2.40,1.50
2012.11.26 22:37:50.901,1.31548,1.31588,1.35,1.50
2012.11.26 22:37:51.279,1.3155,1.31588,2.33,2.25
2012.11.26 22:37:52.048,1.31548,1.31588,1.80,1.73
2012.11.26 22:37:52.625,1.31547,1.31587,3.83,1.73
2012.11.26 22:37:52.818,1.31549,1.31586,1.28,1.73
2012.11.26 22:37:53.177,1.31549,1.31585,1.35,1.54
2012.11.26 22:37:54.088,1.31548,1.31585,1.28,2.29
2012.11.26 22:37:54.605,1.31547,1.31582,1.28,1.73
2012.11.26 22:37:55.898,1.31547,1.31585,2.33,2.29
2012.11.26 22:37:58.937,1.31547,1.31582,1.35,1.73
2012.11.26 22:38:01.259,1.31547,1.31582,1.35,1.73
2012.11.26 22:38:02.437,1.31548,1.31584,1.50,1.73
2012.11.26 22:38:02.827,1.31547,1.31582,1.35,1.73
2012.11.26 22:38:03.383,1.31548,1.31584,1.35,1.73
2012.11.26 22:38:03.777,1.31547,1.31583,1.35,1.73
2012.11.26 22:38:03.937,1.31547,1.31585,1.35,2.38
2012.11.26 22:38:05.117,1.31547,1.31582,1.35,1.73
2012.11.26 22:38:07.009,1.31547,1.31571,1.35,1.47
2012.11.26 22:38:07.141,1.31547,1.31571,1.35,1.47
2012.11.26 22:38:07.329,1.31542,1.31571,1.50,1.85
2012.11.26 22:38:07.457,1.31539,1.31571,1.35,1.85
2012.11.26 22:38:18.958,1.31539,1.31571,1.35,1.85
2012.11.26 22:38:19.019,1.31537,1.31575,4.28,1.73
2012.11.26 22:38:19.198,1.31541,1.31578,1.20,1.43
2012.11.26 22:38:19.748,1.31543,1.31578,1.20,1.73
2012.11.26 22:38:19.987,1.3154,1.31577,1.28,1.73
2012.11.26 22:38:21.378,1.31536,1.31573,1.95,1.73
2012.11.26 22:38:28.559,1.31537,1.31573,1.50,1.50
2012.11.26 22:38:28.737,1.31538,1.31574,1.50,1.50
2012.11.26 22:38:32.259,1.31543,1.31574,1.50,1.73
2012.11.26 22:38:32.568,1.31548,1.31573,1.50,1.50
2012.11.26 22:38:38.258,1.31548,1.31576,1.50,1.50
2012.11.26 22:38:40.199,1.31548,1.31576,1.50,1.50
2012.11.26 22:38:41.078,1.31548,1.31576,2.25,1.50
2012.11.26 22:38:54.329,1.31548,1.31576,1.50,1.50
2012.11.26 22:38:54.402,1.31547,1.31576,1.13,1.50
2012.11.26 22:38:54.529,1.31545,1.31576,2.01,1.50
2012.11.26 22:38:55.067,1.31545,1.31578,1.13,1.50
2012.11.26 22:38:55.197,1.31545,1.31578,1.13,1.50
2012.11.26 22:38:55.677,1.31545,1.31579,1.73,1.50
2012.11.26 22:38:56.048,1.31544,1.31579,1.73,1.50
2012.11.26 22:38:56.842,1.31545,1.31581,2.33,1.50
2012.11.26 22:38:57.167,1.31544,1.31578,1.95,1.50
2012.11.26 22:38:58.097,1.31544,1.31578,1.13,1.50
2012.11.26 22:38:58.608,1.31543,1.31579,1.13,2.25
2012.11.26 22:38:59.188,1.31543,1.31574,1.50,1.50
2012.11.26 22:38:59.831,1.31543,1.31574,1.13,1.50
2012.11.26 22:39:00.373,1.31541,1.31572,1.50,1.73
2012.11.26 22:39:01.040,1.31541,1.31573,1.50,1.50
2012.11.26 22:39:04.169,1.31544,1.31573,1.50,1.50
2012.11.26 22:39:04.237,1.31544,1.31574,1.88,1.50
2012.11.26 22:39:04.966,1.31544,1.31574,1.50,1.50
2012.11.26 22:39:07.140,1.31544,1.31572,1.88,1.50
2012.11.26 22:39:07.499,1.31543,1.31573,1.13,1.50
2012.11.26 22:39:07.568,1.31542,1.31572,1.13,1.50
2012.11.26 22:39:09.578,1.31543,1.31575,1.13,1.50
2012.11.26 22:39:10.899,1.31543,1.31573,1.13,1.50
2012.11.26 22:39:11.088,1.31543,1.31575,1.13,1.50
2012.11.26 22:39:11.262,1.31543,1.31575,1.13,1.50
2012.11.26 22:39:11.389,1.31543,1.31575,1.13,1.50
2012.11.26 22:39:11.749,1.31543,1.31579,1.50,1.73
2012.11.26 22:39:11.820,1.31543,1.31577,1.50,1.50
2012.11.26 22:39:12.129,1.31545,1.31579,1.13,1.73
2012.11.26 22:39:12.632,1.31545,1.31581,2.33,1.73
2012.11.26 22:39:12.804,1.31544,1.31579,2.41,1.73
2012.11.26 22:39:13.409,1.31542,1.31578,1.65,1.73
2012.11.26 22:39:13.550,1.31542,1.31578,2.40,1.73
2012.11.26 22:39:13.622,1.31544,1.3158,2.78,1.73
2012.11.26 22:39:13.978,1.31544,1.3158,1.43,1.73
2012.11.26 22:39:14.343,1.31547,1.3158,1.28,1.73
2012.11.26 22:39:14.859,1.31547,1.31581,1.35,1.73
2012.11.26 22:39:14.989,1.31544,1.31581,1.35,1.73
2012.11.26 22:39:15.302,1.31547,1.31582,1.28,2.10
2012.11.26 22:39:15.367,1.31547,1.31582,1.28,2.10
2012.11.26 22:39:15.578,1.31547,1.3158,1.28,1.73
2012.11.26 22:39:15.962,1.31544,1.3158,1.28,1.73
2012.11.26 22:39:16.367,1.31545,1.31582,1.35,1.35
2012.11.26 22:39:16.428,1.31545,1.3158,1.28,1.73
2012.11.26 22:39:17.341,1.31547,1.31583,1.35,2.48
2012.11.26 22:39:17.528,1.31547,1.31581,1.35,1.73
2012.11.26 22:39:17.870,1.31548,1.31582,1.50,1.35
2012.11.26 22:39:18.199,1.31547,1.3158,1.28,1.73
2012.11.26 22:39:18.369,1.31547,1.31582,1.28,2.10
2012.11.26 22:39:18.709,1.31547,1.31581,1.28,1.73
2012.11.26 22:39:19.038,1.31547,1.31582,1.28,1.35
2012.11.26 22:39:19.097,1.31547,1.31582,1.28,1.35
2012.11.26 22:39:19.368,1.31547,1.31581,1.28,1.73
2012.11.26 22:39:21.177,1.31546,1.31581,1.13,1.73
2012.11.26 22:39:21.238,1.31546,1.31582,3.30,1.73
2012.11.26 22:39:21.539,1.31547,1.31582,1.50,1.73
2012.11.26 22:39:22.238,1.31546,1.31582,2.93,2.48
2012.11.26 22:39:23.647,1.31548,1.31582,2.71,2.10
2012.11.26 22:39:24.000,1.31546,1.31582,1.80,2.85
2012.11.26 22:39:24.374,1.31548,1.31582,2.56,2.10
2012.11.26 22:39:24.690,1.31548,1.31582,1.28,2.85
2012.11.26 22:39:25.379,1.31548,1.31582,2.93,2.10
2012.11.26 22:39:26.098,1.31547,1.31582,1.20,2.85
2012.11.26 22:39:26.650,1.31548,1.31581,1.35,1.73
2012.11.26 22:39:26.720,1.31548,1.31581,1.35,1.73
2012.11.26 22:39:26.788,1.31548,1.31581,1.35,1.73
2012.11.26 22:39:26.908,1.31548,1.31581,1.35,1.73
2012.11.26 22:39:27.419,1.31548,1.31582,1.35,2.48
2012.11.26 22:39:27.933,1.3155,1.31582,1.28,1.73
2012.11.26 22:39:28.250,1.3155,1.31582,1.28,1.73
2012.11.26 22:39:28.799,1.31549,1.31581,1.20,1.35
2012.11.26 22:39:28.992,1.3155,1.31581,1.35,1.35
2012.11.26 22:39:29.060,1.3155,1.31581,1.35,1.35
2012.11.26 22:39:29.261,1.3155,1.31581,1.35,1.35
2012.11.26 22:39:29.581,1.3155,1.31581,1.35,1.35
2012.11.26 22:39:29.769,1.3155,1.31581,1.35,1.35
2012.11.26 22:39:29.839,1.31549,1.31581,1.35,1.35
2012.11.26 22:39:30.100,1.3155,1.31581,1.35,1.35
2012.11.26 22:39:30.349,1.31548,1.31579,2.70,1.35
2012.11.26 22:39:30.721,1.3155,1.31572,1.35,1.54
2012.11.26 22:39:31.060,1.31549,1.31572,2.78,1.54
2012.11.26 22:39:31.310,1.31549,1.31574,2.03,1.35
2012.11.26 22:39:31.760,1.3155,1.31574,1.28,1.35
2012.11.26 22:39:31.963,1.31549,1.31574,1.35,1.35
2012.11.26 22:39:32.030,1.31549,1.31574,1.35,1.35
2012.11.26 22:39:32.181,1.31549,1.31574,1.35,1.35
2012.11.26 22:39:32.519,1.31549,1.31574,1.35,1.35
2012.11.26 22:39:33.027,1.3155,1.31574,1.80,1.35
2012.11.26 22:39:33.449,1.31549,1.31574,1.35,1.73
2012.11.26 22:39:33.859,1.31546,1.31574,1.35,1.73
2012.11.26 22:39:34.130,1.31544,1.31574,1.28,1.73
2012.11.26 22:39:34.386,1.31546,1.31574,1.35,1.73
2012.11.26 22:39:34.518,1.31546,1.31574,1.35,1.73
2012.11.26 22:39:34.779,1.31546,1.31574,3.00,1.73
2012.11.26 22:39:36.400,1.31544,1.31573,1.28,1.73
2012.11.26 22:39:37.569,1.31542,1.31573,1.05,1.73
2012.11.26 22:39:37.644,1.31542,1.31573,1.35,1.73
2012.11.26 22:39:38.063,1.31542,1.31573,1.35,1.73
2012.11.26 22:39:38.249,1.3154,1.31573,2.63,1.73
2012.11.26 22:39:38.378,1.3154,1.3157,1.88,1.73
2012.11.26 22:39:38.681,1.31538,1.31575,1.20,2.10
2012.11.26 22:39:38.821,1.31538,1.31575,1.20,2.10
2012.11.26 22:39:38.889,1.31541,1.31574,1.80,1.35
2012.11.26 22:39:39.200,1.31544,1.31574,1.50,1.35
2012.11.26 22:39:39.270,1.31543,1.31574,1.50,1.35
2012.11.26 22:39:39.339,1.31542,1.31573,1.50,1.73
2012.11.26 22:39:39.669,1.31544,1.31574,1.50,1.35
2012.11.26 22:39:39.903,1.31543,1.31569,2.03,1.73
2012.11.26 22:39:40.231,1.31542,1.31572,1.28,1.73
2012.11.26 22:39:40.300,1.3154,1.31572,2.70,1.73
2012.11.26 22:39:41.103,1.31541,1.31573,1.50,1.73
2012.11.26 22:39:41.698,1.31544,1.31575,1.50,1.35
2012.11.26 22:39:42.060,1.31544,1.31572,1.50,1.35
2012.11.26 22:39:43.529,1.31541,1.31572,1.50,2.10
2012.11.26 22:39:43.670,1.31544,1.31573,1.50,1.63
2012.11.26 22:39:43.813,1.3153,1.31553,2.40,0.75
2012.11.26 22:39:43.881,1.31545,1.31568,1.50,1.35
2012.11.26 22:39:44.416,1.31542,1.3157,1.28,1.35
2012.11.26 22:39:44.700,1.31541,1.31574,2.25,1.73
2012.11.26 22:39:44.979,1.31543,1.31569,1.50,1.35
2012.11.26 22:39:47.061,1.3154,1.31566,3.00,1.35
2012.11.26 22:39:47.336,1.3154,1.31566,1.50,1.35
2012.11.26 22:39:50.140,1.31544,1.31566,1.50,1.35
2012.11.26 22:39:52.615,1.31544,1.31563,3.15,1.13
2012.11.26 22:39:53.119,1.31544,1.31563,1.50,1.13
2012.11.26 22:39:53.191,1.31544,1.31563,1.50,1.13
2012.11.26 22:39:53.520,1.31544,1.31563,1.50,1.13
2012.11.26 22:39:53.948,1.31544,1.31564,1.50,1.41
2012.11.26 22:39:54.570,1.31543,1.31564,3.75,1.63
2012.11.26 22:39:54.819,1.31546,1.3158,1.50,1.41
2012.11.26 22:39:55.022,1.31543,1.31587,3.15,1.73
2012.11.26 22:39:55.120,1.31543,1.31587,1.50,1.73
2012.11.26 22:39:55.430,1.31543,1.31577,1.13,2.10
2012.11.26 22:39:55.739,1.31539,1.3157,2.55,1.08
2012.11.26 22:39:55.810,1.31544,1.31573,1.80,1.50
2012.11.26 22:39:56.061,1.3154,1.31571,1.50,1.35
2012.11.26 22:39:56.802,1.3154,1.31572,1.50,1.63
2012.11.26 22:39:58.071,1.3154,1.31572,1.50,1.63
2012.11.26 22:39:58.590,1.3154,1.31572,1.50,1.63
2012.11.26 22:39:59.810,1.31542,1.31572,1.50,1.63
2012.11.26 22:40:00.141,1.31544,1.31578,1.50,1.73
2012.11.26 22:40:00.450,1.31542,1.31579,2.63,1.41
2012.11.26 22:40:00.699,1.31542,1.31579,1.50,1.41
2012.11.26 22:40:00.829,1.31542,1.31579,1.50,2.16
2012.11.26 22:40:00.898,1.31542,1.31579,1.50,1.41
2012.11.26 22:40:01.079,1.31542,1.31578,1.50,1.50
2012.11.26 22:40:01.268,1.3154,1.31584,1.58,1.50
2012.11.26 22:40:01.329,1.3154,1.31582,1.35,1.47
2012.11.26 22:40:01.689,1.31542,1.31582,1.50,1.47
2012.11.26 22:40:02.170,1.31542,1.31585,1.50,1.13
2012.11.26 22:40:02.246,1.31542,1.31586,1.50,1.35
2012.11.26 22:40:02.429,1.31542,1.31586,2.25,1.35
2012.11.26 22:40:02.548,1.31542,1.31586,2.25,2.42
2012.11.26 22:40:03.679,1.31539,1.3158,1.35,1.73
2012.11.26 22:40:03.869,1.31539,1.3158,1.35,1.50
2012.11.26 22:40:04.241,1.31541,1.3158,2.85,1.50
2012.11.26 22:40:04.562,1.31538,1.3158,4.05,1.50
2012.11.26 22:40:05.199,1.31541,1.3158,2.18,1.50
2012.11.26 22:40:05.528,1.31538,1.3158,3.00,1.50
2012.11.26 22:40:05.725,1.3154,1.3158,1.05,1.50
2012.11.26 22:40:06.130,1.3154,1.31558,1.05,0.75
2012.11.26 22:40:06.231,1.31542,1.31581,1.50,1.73
2012.11.26 22:40:06.389,1.31542,1.31558,1.35,0.75
2012.11.26 22:40:06.805,1.31541,1.31581,1.50,1.73
2012.11.26 22:40:06.869,1.31538,1.31581,1.20,1.73
2012.11.26 22:40:07.220,1.31542,1.31581,1.50,1.73
2012.11.26 22:40:07.348,1.31538,1.31581,4.88,1.73
2012.11.26 22:40:07.819,1.31541,1.31581,1.50,1.73
2012.11.26 22:40:07.890,1.31538,1.31581,4.88,1.73
2012.11.26 22:40:08.308,1.3154,1.31581,1.73,1.73
2012.11.26 22:40:08.430,1.31545,1.31583,1.50,1.73
2012.11.26 22:40:08.800,1.31564,1.31586,0.75,1.41
2012.11.26 22:40:08.883,1.31547,1.31581,1.50,1.50
2012.11.26 22:40:09.432,1.31546,1.31581,2.03,1.73
2012.11.26 22:40:09.760,1.31546,1.31586,1.50,1.13
2012.11.26 22:40:09.888,1.31542,1.31586,1.50,2.10
2012.11.26 22:40:10.210,1.31542,1.31586,1.50,2.10
2012.11.26 22:40:10.590,1.31539,1.3158,1.35,1.73
2012.11.26 22:40:10.718,1.31544,1.31582,1.50,2.07
2012.11.26 22:40:10.898,1.31543,1.3158,1.28,1.73
2012.11.26 22:40:10.960,1.31543,1.31578,1.28,1.29
2012.11.26 22:40:11.550,1.31541,1.31578,1.28,1.29
2012.11.26 22:40:11.880,1.31537,1.3158,3.38,2.29
2012.11.26 22:40:12.069,1.31537,1.31578,1.50,1.54
2012.11.26 22:40:12.389,1.31535,1.3157,2.40,1.23
2012.11.26 22:40:12.782,1.3154,1.31569,1.50,1.73
2012.11.26 22:40:13.795,1.31534,1.31566,1.35,1.73
2012.11.26 22:40:13.936,1.31531,1.31561,1.20,1.63
2012.11.26 22:40:14.263,1.31526,1.3156,1.50,1.73
2012.11.26 22:40:14.329,1.31522,1.31559,1.95,1.73
2012.11.26 22:40:14.400,1.31522,1.31559,1.20,1.73
2012.11.26 22:40:14.530,1.31521,1.31558,1.50,1.59
2012.11.26 22:40:14.600,1.31522,1.31558,1.50,1.59
2012.11.26 22:40:14.669,1.31522,1.31556,1.50,1.59
2012.11.26 22:40:14.974,1.31523,1.31557,1.73,1.45
2012.11.26 22:40:15.350,1.31521,1.31557,2.93,1.45
2012.11.26 22:40:15.780,1.31521,1.31551,1.20,1.50
2012.11.26 22:40:15.968,1.31517,1.31554,1.20,1.95
2012.11.26 22:40:16.220,1.31519,1.31554,3.38,1.73
2012.11.26 22:40:16.289,1.31521,1.31554,1.50,1.73
2012.11.26 22:40:16.420,1.31524,1.31557,2.03,1.56
2012.11.26 22:40:16.610,1.31524,1.31563,2.78,2.73
2012.11.26 22:40:16.811,1.31524,1.31567,2.03,1.32
2012.11.26 22:40:16.879,1.31524,1.31567,1.20,1.32
2012.11.26 22:40:16.949,1.31527,1.31568,1.65,1.73
2012.11.26 22:40:17.020,1.31529,1.31568,1.20,1.73
2012.11.26 22:40:17.471,1.31532,1.31563,1.35,1.73
2012.11.26 22:40:17.789,1.31532,1.31545,1.35,1.41
2012.11.26 22:40:18.039,1.31522,1.31542,1.35,1.63
2012.11.26 22:40:18.169,1.31519,1.31537,1.35,1.35
2012.11.26 22:40:18.239,1.31517,1.31537,1.35,1.35
2012.11.26 22:40:18.358,1.31517,1.31537,1.35,1.35
2012.11.26 22:40:18.479,1.31513,1.31537,2.85,1.35
2012.11.26 22:40:18.818,1.31511,1.31537,1.35,1.35
2012.11.26 22:40:19.038,1.31511,1.31537,1.35,1.35
2012.11.26 22:40:19.258,1.31511,1.31537,1.35,1.35
2012.11.26 22:40:19.711,1.31512,1.31538,1.58,1.35
2012.11.26 22:40:19.779,1.31512,1.3154,1.58,1.13
2012.11.26 22:40:20.029,1.31517,1.31546,2.10,1.73
2012.11.26 22:40:20.161,1.31517,1.31546,2.10,1.73
2012.11.26 22:40:20.288,1.31517,1.31541,2.10,1.13
2012.11.26 22:40:20.380,1.31517,1.31546,2.10,1.73
2012.11.26 22:40:21.008,1.31517,1.31544,2.85,1.50
2012.11.26 22:40:21.129,1.31514,1.31544,2.25,1.50
2012.11.26 22:40:21.198,1.31507,1.31544,1.50,1.73
2012.11.26 22:40:21.699,1.31507,1.31543,1.50,1.50
2012.11.26 22:40:22.287,1.31502,1.31542,1.50,1.35
2012.11.26 22:40:22.540,1.315,1.31543,1.50,1.50
2012.11.26 22:40:22.914,1.315,1.31542,1.50,1.50
2012.11.26 22:40:23.038,1.31501,1.31542,1.50,1.50
2012.11.26 22:40:23.099,1.31502,1.31543,1.50,1.50
2012.11.26 22:40:23.348,1.31502,1.31541,1.50,1.50
2012.11.26 22:40:23.750,1.31503,1.31543,1.20,1.50
2012.11.26 22:40:24.443,1.31504,1.31538,1.35,1.50
2012.11.26 22:40:25.325,1.31503,1.31541,2.85,1.35
2012.11.26 22:40:26.168,1.31503,1.31541,1.35,1.58
2012.11.26 22:40:26.234,1.31504,1.31541,1.50,1.43
2012.11.26 22:40:26.362,1.31504,1.31539,1.50,1.50
2012.11.26 22:40:26.679,1.31502,1.31542,3.53,1.50
2012.11.26 22:40:26.999,1.31504,1.31544,2.78,1.50
2012.11.26 22:40:27.378,1.31503,1.31542,1.35,1.58
2012.11.26 22:40:28.478,1.31503,1.31542,1.35,1.58
2012.11.26 22:40:30.680,1.31502,1.31538,1.50,1.50
2012.11.26 22:40:31.178,1.31501,1.31538,1.28,1.50
2012.11.26 22:40:31.789,1.31502,1.31538,3.00,1.50
2012.11.26 22:40:32.679,1.31502,1.31538,3.00,1.50
2012.11.26 22:40:33.145,1.31501,1.31535,2.03,1.50
2012.11.26 22:40:35.479,1.31501,1.31534,2.03,1.50
2012.11.26 22:40:37.439,1.31497,1.31531,3.00,1.50
2012.11.26 22:40:38.279,1.31497,1.31531,2.10,1.50
2012.11.26 22:40:45.206,1.31498,1.31533,1.50,1.50
2012.11.26 22:40:45.329,1.31496,1.31531,1.50,1.50
2012.11.26 22:40:46.141,1.31496,1.31529,1.50,1.50
2012.11.26 22:40:46.409,1.31496,1.31528,1.20,1.13
2012.11.26 22:40:46.469,1.31496,1.31528,1.20,1.35
2012.11.26 22:40:46.829,1.31497,1.31528,1.50,1.13
2012.11.26 22:40:47.626,1.31497,1.31531,1.50,1.35
2012.11.26 22:40:48.629,1.31497,1.31531,1.50,1.13
2012.11.26 22:40:48.828,1.31497,1.31535,1.50,1.73
2012.11.26 22:40:49.900,1.315,1.31535,1.50,1.73
2012.11.26 22:40:50.259,1.315,1.31537,1.50,1.73
2012.11.26 22:40:50.388,1.31497,1.31535,1.35,1.73
2012.11.26 22:40:51.774,1.31497,1.31535,1.35,1.73
2012.11.26 22:40:51.910,1.31497,1.31535,1.35,1.73
2012.11.26 22:40:52.770,1.31497,1.31535,1.95,1.73
2012.11.26 22:40:52.840,1.31497,1.31533,1.95,1.50
2012.11.26 22:40:52.911,1.31502,1.31533,1.50,1.50
2012.11.26 22:40:53.608,1.31502,1.31537,1.50,2.33
2012.11.26 22:40:54.858,1.31501,1.31537,1.28,1.73
2012.11.26 22:40:55.039,1.31497,1.31534,1.28,2.10
2012.11.26 22:40:55.219,1.315,1.31534,1.28,1.35
2012.11.26 22:40:55.793,1.31499,1.31532,1.50,1.50
2012.11.26 22:40:56.290,1.31499,1.31533,1.50,1.50
2012.11.26 22:40:56.845,1.315,1.31533,1.50,1.50
2012.11.26 22:40:58.690,1.315,1.31531,1.35,1.50
2012.11.26 22:40:58.830,1.31498,1.31531,1.35,1.50
2012.11.26 22:40:59.080,1.31497,1.31527,1.50,1.50
2012.11.26 22:40:59.279,1.31496,1.31524,1.50,1.50
2012.11.26 22:40:59.349,1.31496,1.31524,1.50,1.73
2012.11.26 22:41:00.132,1.31494,1.31522,1.50,1.73
2012.11.26 22:41:00.752,1.31492,1.31523,2.10,1.73
2012.11.26 22:41:00.878,1.31492,1.31523,1.50,1.73
2012.11.26 22:41:02.839,1.31492,1.31523,1.50,1.73
2012.11.26 22:41:02.958,1.31489,1.31524,1.50,1.73
2012.11.26 22:41:03.469,1.31492,1.31525,1.50,2.48
2012.11.26 22:41:04.361,1.31492,1.31523,1.50,2.25
2012.11.26 22:41:04.490,1.31492,1.31523,1.50,2.25
2012.11.26 22:41:04.762,1.31491,1.31518,1.50,1.50
2012.11.26 22:41:05.535,1.31489,1.3152,1.50,1.50
2012.11.26 22:41:05.942,1.31488,1.31523,1.50,1.73
2012.11.26 22:41:06.093,1.31491,1.31523,1.50,1.73
2012.11.26 22:41:06.280,1.31491,1.31525,1.50,1.73
2012.11.26 22:41:07.669,1.31491,1.31524,1.50,1.73
2012.11.26 22:41:09.510,1.31491,1.31522,1.50,1.73
2012.11.26 22:41:10.010,1.31491,1.31523,1.50,1.73
2012.11.26 22:41:10.721,1.31491,1.31522,1.50,1.73
2012.11.26 22:41:12.895,1.31487,1.31519,1.50,1.54
2012.11.26 22:41:13.159,1.31481,1.31509,1.50,1.73
2012.11.26 22:41:13.719,1.31472,1.31499,1.50,1.50
2012.11.26 22:41:14.079,1.31472,1.31503,1.50,1.20
2012.11.26 22:41:14.609,1.31473,1.31506,1.50,1.73
2012.11.26 22:41:15.349,1.31471,1.31508,1.95,1.73
2012.11.26 22:41:15.419,1.31474,1.31505,1.50,1.50
2012.11.26 22:41:15.609,1.31471,1.31504,1.50,1.73
2012.11.26 22:41:15.810,1.31471,1.31503,1.50,1.73
2012.11.26 22:41:15.939,1.31469,1.31504,1.20,1.73
2012.11.26 22:41:16.009,1.31471,1.31504,1.28,1.50
2012.11.26 22:41:16.320,1.31473,1.31509,3.08,2.10
2012.11.26 22:41:16.508,1.31473,1.31509,1.28,1.35
2012.11.26 22:41:16.940,1.31471,1.31508,1.20,1.73
2012.11.26 22:41:17.200,1.31471,1.31509,2.85,1.35
2012.11.26 22:41:17.749,1.31474,1.31509,1.28,1.35
2012.11.26 22:41:18.875,1.31474,1.31509,1.28,1.35
2012.11.26 22:41:19.010,1.31474,1.31511,1.28,2.48
2012.11.26 22:41:19.139,1.31476,1.31511,1.28,1.73
2012.11.26 22:41:20.195,1.31475,1.31509,1.28,1.35
2012.11.26 22:41:20.501,1.31475,1.315,1.20,1.35
2012.11.26 22:41:20.569,1.31469,1.315,1.28,1.35
2012.11.26 22:41:20.761,1.31467,1.31499,1.50,1.73
2012.11.26 22:41:20.830,1.31464,1.31499,1.50,1.73
2012.11.26 22:41:22.209,1.31461,1.31499,1.95,2.48
2012.11.26 22:41:22.279,1.31464,1.31499,1.50,1.73
2012.11.26 22:41:22.590,1.31464,1.31494,1.50,1.73
2012.11.26 22:41:22.999,1.31466,1.31496,1.50,1.35
2012.11.26 22:41:23.120,1.31466,1.31498,1.50,1.35
2012.11.26 22:41:23.309,1.31467,1.31502,1.50,1.73
2012.11.26 22:41:23.380,1.31469,1.31503,1.50,1.73
2012.11.26 22:41:23.569,1.31469,1.31503,1.50,1.73
2012.11.26 22:41:23.771,1.3147,1.31505,1.50,1.73
2012.11.26 22:41:23.839,1.3147,1.31505,2.63,1.13
2012.11.26 22:41:24.029,1.31477,1.31514,1.50,1.28
2012.11.26 22:41:24.159,1.31481,1.31518,1.80,1.50
2012.11.26 22:41:24.219,1.31481,1.31519,3.90,1.73
2012.11.26 22:41:25.689,1.31481,1.31519,3.15,1.73
2012.11.26 22:41:25.761,1.31481,1.31518,1.35,1.73
2012.11.26 22:41:25.828,1.31481,1.31519,2.70,1.73
2012.11.26 22:41:27.062,1.31481,1.31517,1.35,1.73
2012.11.26 22:41:27.274,1.31483,1.31521,2.18,1.73
2012.11.26 22:41:28.949,1.31484,1.31521,1.35,1.73
2012.11.26 22:41:29.273,1.31484,1.31521,1.35,1.73
2012.11.26 22:41:29.740,1.31484,1.31521,1.35,1.73
2012.11.26 22:41:29.809,1.31484,1.31521,1.35,1.73
2012.11.26 22:41:30.514,1.31489,1.31526,1.20,1.73
2012.11.26 22:41:30.849,1.31492,1.31526,1.28,1.73
2012.11.26 22:41:31.160,1.31492,1.31527,3.16,1.73
2012.11.26 22:41:32.179,1.31493,1.31529,2.33,1.45
2012.11.26 22:41:32.240,1.31493,1.31531,3.08,1.73
2012.11.26 22:41:32.491,1.31497,1.31534,2.63,1.50
2012.11.26 22:41:33.121,1.31501,1.31537,1.50,1.73
2012.11.26 22:41:33.430,1.31506,1.3154,1.50,1.43
2012.11.26 22:41:33.561,1.31506,1.31537,1.20,1.73
2012.11.26 22:41:33.690,1.31507,1.31543,1.28,1.73
2012.11.26 22:41:33.758,1.31507,1.31543,2.78,1.73
2012.11.26 22:41:34.000,1.31507,1.31546,2.85,1.35
2012.11.26 22:41:34.190,1.31507,1.31543,1.50,1.50
2012.11.26 22:41:34.351,1.31507,1.3154,2.25,1.50
2012.11.26 22:41:35.299,1.31507,1.31547,2.25,1.50
2012.11.26 22:41:35.358,1.31507,1.31551,2.25,1.50
2012.11.26 22:41:35.659,1.31505,1.31545,1.50,1.73
2012.11.26 22:41:35.731,1.31503,1.3154,1.28,1.73
2012.11.26 22:41:36.231,1.31502,1.31535,2.78,1.50
2012.11.26 22:41:36.305,1.31502,1.31539,1.20,1.20
2012.11.26 22:41:36.440,1.31502,1.31536,2.85,1.35
2012.11.26 22:41:36.512,1.31502,1.31536,1.35,1.35
2012.11.26 22:41:36.647,1.31501,1.31535,1.13,1.28
2012.11.26 22:41:36.715,1.31501,1.31533,1.13,1.50
2012.11.26 22:41:36.840,1.315,1.31535,1.28,1.28
2012.11.26 22:41:37.192,1.31499,1.31533,1.50,2.10
2012.11.26 22:41:37.261,1.31499,1.31533,1.50,1.35
2012.11.26 22:41:37.742,1.31499,1.31533,1.50,1.35
2012.11.26 22:41:37.811,1.31499,1.31533,1.50,1.35
2012.11.26 22:41:38.242,1.315,1.31533,1.50,1.35
2012.11.26 22:41:38.413,1.31501,1.31533,1.13,1.35
2012.11.26 22:41:38.484,1.31499,1.31533,1.50,1.35
2012.11.26 22:41:38.671,1.31499,1.3153,2.03,1.50
2012.11.26 22:41:38.741,1.31499,1.31534,2.03,1.50
2012.11.26 22:41:39.599,1.31499,1.31533,2.25,1.35
2012.11.26 22:41:39.729,1.31499,1.31529,2.25,1.50
2012.11.26 22:41:39.992,1.315,1.3153,1.50,1.50
2012.11.26 22:41:40.667,1.31499,1.31533,1.50,1.50
2012.11.26 22:41:40.733,1.31501,1.3153,1.13,1.50
2012.11.26 22:41:40.979,1.31501,1.31531,1.13,1.50
2012.11.26 22:41:43.256,1.31501,1.31533,1.50,1.50
2012.11.26 22:41:43.442,1.31501,1.31529,1.13,1.50
2012.11.26 22:41:43.880,1.31497,1.31528,1.50,1.50
2012.11.26 22:41:44.026,1.31497,1.31529,1.50,1.50
2012.11.26 22:41:44.245,1.31497,1.31528,1.50,1.50
2012.11.26 22:41:46.225,1.31497,1.31529,1.50,1.50
2012.11.26 22:41:46.680,1.31497,1.31528,1.50,1.50
2012.11.26 22:41:53.830,1.31497,1.31528,1.50,1.50
2012.11.26 22:41:59.110,1.31493,1.31526,1.20,1.73
2012.11.26 22:41:59.649,1.31491,1.31524,1.50,1.73
2012.11.26 22:41:59.978,1.31495,1.3153,1.50,1.35
2012.11.26 22:42:00.280,1.31496,1.31534,1.50,2.25
2012.11.26 22:42:00.350,1.31496,1.31534,1.50,1.50
2012.11.26 22:42:00.419,1.31496,1.31534,1.50,1.50
2012.11.26 22:42:00.488,1.31497,1.31534,1.50,1.50
2012.11.26 22:42:00.799,1.31493,1.31533,1.35,1.73
2012.11.26 22:42:01.009,1.31493,1.31533,3.00,1.73
2012.11.26 22:42:01.068,1.31493,1.31533,1.35,1.73
2012.11.26 22:42:01.418,1.31492,1.31533,3.08,1.73
2012.11.26 22:42:01.478,1.31493,1.31533,2.18,1.73
2012.11.26 22:42:04.662,1.31493,1.31533,1.73,1.73
2012.11.26 22:42:04.992,1.31493,1.31534,1.73,1.73
2012.11.26 22:42:06.049,1.31493,1.31533,2.10,1.73
2012.11.26 22:42:06.310,1.31493,1.31534,2.10,1.73
2012.11.26 22:42:06.379,1.31492,1.31534,1.13,1.73
2012.11.26 22:42:06.438,1.31492,1.31531,1.88,1.50
2012.11.26 22:42:06.801,1.31493,1.31533,1.35,1.73
2012.11.26 22:42:06.880,1.31493,1.31534,1.35,1.73
2012.11.26 22:42:14.443,1.31496,1.31534,1.20,1.73
2012.11.26 22:42:14.888,1.31494,1.31534,1.35,1.73
2012.11.26 22:42:15.701,1.31494,1.31534,1.35,1.73
2012.11.26 22:42:15.829,1.31494,1.31534,1.35,1.73
2012.11.26 22:42:16.029,1.31492,1.31534,4.11,2.18
2012.11.26 22:42:16.801,1.31493,1.31534,1.50,2.18
2012.11.26 22:42:16.949,1.31493,1.31529,1.50,1.50
2012.11.26 22:42:17.078,1.31491,1.31525,2.01,1.73
2012.11.26 22:42:17.258,1.31491,1.31524,1.93,1.73
2012.11.26 22:42:17.632,1.31491,1.31524,3.66,1.73
2012.11.26 22:42:17.818,1.31491,1.31524,1.41,1.73
2012.11.26 22:42:17.899,1.3149,1.31524,1.95,1.73
2012.11.26 22:42:18.453,1.31488,1.31524,1.93,1.73
2012.11.26 22:42:18.834,1.31487,1.31523,1.35,1.58
2012.11.26 22:42:19.819,1.31484,1.31523,1.50,1.58
2012.11.26 22:42:20.159,1.31483,1.31519,1.50,1.50
2012.11.26 22:42:22.513,1.31483,1.31519,1.28,1.50
2012.11.26 22:42:24.078,1.31483,1.31519,1.28,1.50
2012.11.26 22:42:25.060,1.31484,1.31522,1.50,1.50
2012.11.26 22:42:25.310,1.31486,1.31519,1.13,1.50
2012.11.26 22:42:25.908,1.31485,1.31522,2.03,1.28
2012.11.26 22:42:25.968,1.31486,1.31522,1.50,1.28
2012.11.26 22:42:26.268,1.31487,1.31524,2.41,1.73
2012.11.26 22:42:28.838,1.31486,1.31524,2.70,1.73
2012.11.26 22:42:31.159,1.31487,1.31521,1.13,1.50
2012.11.26 22:42:31.779,1.31487,1.31518,1.88,1.50
2012.11.26 22:42:32.099,1.31487,1.31518,1.13,1.50
2012.11.26 22:42:32.370,1.31487,1.31519,1.13,1.50
2012.11.26 22:42:33.362,1.31488,1.31524,1.28,1.28
2012.11.26 22:42:33.710,1.31489,1.31523,1.50,1.28
2012.11.26 22:42:34.522,1.31489,1.31525,1.50,1.35
2012.11.26 22:42:34.729,1.31489,1.31525,1.50,1.35
2012.11.26 22:42:34.969,1.31489,1.31525,1.50,1.35
2012.11.26 22:42:36.274,1.31489,1.31525,1.50,1.35
2012.11.26 22:42:36.650,1.31489,1.31525,1.50,1.35
2012.11.26 22:42:37.500,1.31489,1.31522,3.00,1.35
2012.11.26 22:42:37.630,1.31491,1.31522,1.50,1.35
2012.11.26 22:42:37.879,1.31492,1.31524,2.16,1.28
2012.11.26 22:42:37.939,1.31493,1.31524,1.50,1.28
2012.11.26 22:42:38.279,1.31493,1.3153,1.50,1.28
2012.11.26 22:42:43.050,1.31492,1.31527,1.78,1.35
2012.11.26 22:42:43.378,1.31493,1.31529,1.28,2.25
2012.11.26 22:42:43.929,1.31493,1.31525,1.28,1.50
2012.11.26 22:42:44.048,1.31492,1.31524,1.41,1.50
2012.11.26 22:42:44.292,1.31491,1.31524,2.03,1.73
2012.11.26 22:42:44.549,1.31491,1.31522,1.50,1.28
2012.11.26 22:42:44.935,1.31491,1.31522,3.00,1.28
2012.11.26 22:42:47.990,1.31491,1.31523,1.50,1.28
2012.11.26 22:42:48.648,1.31491,1.31524,1.50,1.50
2012.11.26 22:42:49.049,1.31491,1.31526,1.50,1.28
2012.11.26 22:42:51.689,1.3149,1.31526,1.50,1.28
2012.11.26 22:42:52.070,1.31491,1.31528,2.78,1.50
2012.11.26 22:42:52.268,1.31491,1.31528,2.70,1.50
2012.11.26 22:42:52.448,1.31492,1.31529,2.10,1.50
2012.11.26 22:42:55.388,1.31492,1.31528,2.10,1.50
2012.11.26 22:42:55.977,1.31492,1.31531,1.50,1.73
2012.11.26 22:42:56.636,1.31492,1.3153,3.38,1.73
2012.11.26 22:42:56.959,1.31501,1.31534,1.20,1.50
2012.11.26 22:42:57.640,1.31501,1.31534,2.25,1.50
2012.11.26 22:42:58.548,1.31501,1.31536,2.25,1.50
2012.11.26 22:42:59.309,1.31501,1.31534,2.25,1.50
2012.11.26 22:43:00.748,1.31501,1.31536,2.25,1.50
2012.11.26 22:43:02.788,1.31501,1.31534,2.25,1.50
2012.11.26 22:43:03.119,1.31501,1.31536,2.25,1.50
2012.11.26 22:43:03.473,1.31506,1.31536,1.50,1.50
2012.11.26 22:43:04.199,1.31506,1.31536,1.50,1.50
2012.11.26 22:43:05.459,1.31506,1.31536,1.50,1.50
2012.11.26 22:43:05.768,1.31506,1.31536,1.35,1.50
2012.11.26 22:43:05.888,1.31506,1.31536,2.10,1.50
2012.11.26 22:43:08.813,1.3151,1.31536,2.25,1.50
2012.11.26 22:43:09.370,1.31511,1.31536,1.13,1.50
2012.11.26 22:43:10.298,1.31511,1.31535,1.50,1.50
2012.11.26 22:43:10.419,1.31502,1.31535,1.58,1.50
2012.11.26 22:43:10.840,1.31499,1.31528,1.09,1.50
2012.11.26 22:43:10.909,1.31499,1.31528,1.32,1.50
2012.11.26 22:43:10.969,1.31495,1.31528,2.25,1.50
2012.11.26 22:43:11.039,1.31493,1.31528,1.50,1.50
2012.11.26 22:43:11.410,1.31497,1.31528,1.24,1.50
2012.11.26 22:43:11.540,1.315,1.3153,1.09,1.50
2012.11.26 22:43:15.798,1.31501,1.31534,1.50,1.95
2012.11.26 22:43:16.939,1.31501,1.31537,1.50,1.35
2012.11.26 22:43:19.440,1.31501,1.31533,1.50,1.50
2012.11.26 22:43:19.570,1.31501,1.31537,2.25,1.35
2012.11.26 22:43:19.878,1.31501,1.31537,1.50,1.35
2012.11.26 22:43:20.128,1.31501,1.31532,3.23,1.28
2012.11.26 22:43:20.308,1.31504,1.31538,1.50,1.35
2012.11.26 22:43:20.487,1.31514,1.31544,1.50,1.50
2012.11.26 22:43:20.668,1.31513,1.31545,1.13,1.50
2012.11.26 22:43:20.798,1.31514,1.31548,1.28,1.28
2012.11.26 22:43:20.859,1.31514,1.31548,1.28,1.28
2012.11.26 22:43:21.417,1.31516,1.31549,1.28,1.50
2012.11.26 22:43:23.950,1.31516,1.31546,1.65,1.50
2012.11.26 22:43:24.760,1.31516,1.31549,1.28,1.50
2012.11.26 22:43:24.828,1.31516,1.31551,1.28,1.28
2012.11.26 22:43:25.209,1.31516,1.31549,1.13,1.35
2012.11.26 22:43:25.279,1.31516,1.31544,2.25,1.50
2012.11.26 22:43:25.837,1.31516,1.31546,1.88,1.50
2012.11.26 22:43:28.349,1.31514,1.31548,1.65,1.50
2012.11.26 22:43:28.999,1.31514,1.31546,1.65,1.50
2012.11.26 22:43:29.358,1.31517,1.31549,1.50,1.50
2012.11.26 22:43:29.938,1.31516,1.31549,1.88,1.50
2012.11.26 22:43:30.499,1.31516,1.31549,1.65,1.50
2012.11.26 22:43:30.568,1.31516,1.31547,1.65,1.50
2012.11.26 22:43:30.868,1.31516,1.31547,2.63,1.50
2012.11.26 22:43:31.309,1.31516,1.31548,3.75,1.50
2012.11.26 22:43:32.100,1.31516,1.31549,3.75,1.50
2012.11.26 22:43:33.459,1.31517,1.31547,1.13,1.50
2012.11.26 22:43:34.589,1.31517,1.31549,1.13,1.50
2012.11.26 22:43:34.898,1.31516,1.31548,1.65,1.73
2012.11.26 22:43:35.089,1.31516,1.31548,2.40,1.73
2012.11.26 22:43:36.537,1.31516,1.3155,2.25,1.73
2012.11.26 22:43:36.898,1.31516,1.31548,2.25,1.50
2012.11.26 22:43:37.769,1.31516,1.3155,2.25,1.73
2012.11.26 22:43:39.099,1.31516,1.31548,2.25,1.50
2012.11.26 22:43:41.646,1.31517,1.31554,1.28,2.25
2012.11.26 22:43:41.769,1.31517,1.31548,1.88,1.50
2012.11.26 22:43:44.186,1.31517,1.31553,2.78,1.73
2012.11.26 22:43:44.728,1.31517,1.31553,2.78,1.73
2012.11.26 22:43:45.239,1.31517,1.31553,2.78,1.73
2012.11.26 22:43:45.790,1.31517,1.31553,2.78,1.73
2012.11.26 22:43:47.029,1.31517,1.31553,2.78,1.73
2012.11.26 22:43:51.069,1.31517,1.31553,1.13,2.33
2012.11.26 22:43:55.136,1.31517,1.31553,1.13,1.58
2012.11.26 22:43:58.068,1.31517,1.31548,1.13,1.50
2012.11.26 22:44:06.391,1.31516,1.31546,2.48,1.50
2012.11.26 22:44:06.750,1.31517,1.31549,1.73,1.50
2012.11.26 22:44:20.178,1.31519,1.31553,1.73,1.35
2012.11.26 22:44:33.209,1.31519,1.31555,3.30,1.20
2012.11.26 22:44:35.212,1.31519,1.31555,1.80,1.20
2012.11.26 22:44:36.300,1.31519,1.31553,2.85,1.35
2012.11.26 22:44:36.370,1.31519,1.31553,1.35,1.35
2012.11.26 22:44:38.759,1.31519,1.31555,1.88,1.28
2012.11.26 22:44:38.819,1.31519,1.31555,1.88,1.28
2012.11.26 22:44:41.134,1.31519,1.31556,1.05,1.43
2012.11.26 22:44:41.658,1.31517,1.31549,2.33,1.50
2012.11.26 22:44:42.220,1.31518,1.31553,1.43,1.20
2012.11.26 22:44:42.350,1.31518,1.31553,1.43,1.20
2012.11.26 22:44:42.417,1.31519,1.31551,1.35,1.28
2012.11.26 22:44:42.587,1.31517,1.31551,1.73,1.28
2012.11.26 22:44:48.717,1.31519,1.31551,1.35,1.20
2012.11.26 22:44:51.039,1.31517,1.31548,2.48,1.50
2012.11.26 22:44:52.462,1.31519,1.31553,1.73,1.50
2012.11.26 22:44:54.754,1.31519,1.31553,1.73,1.50
2012.11.26 22:45:00.200,1.31519,1.31553,1.35,2.03
2012.11.26 22:45:03.916,1.31518,1.31552,1.50,1.28
2012.11.26 22:45:04.679,1.31522,1.31552,1.50,1.28
2012.11.26 22:45:08.236,1.31522,1.31552,2.48,1.28
2012.11.26 22:45:08.378,1.31522,1.31552,2.25,1.28
2012.11.26 22:45:10.460,1.31523,1.31552,1.73,1.28
2012.11.26 22:45:11.031,1.31521,1.31555,2.25,1.28
2012.11.26 22:45:11.558,1.31524,1.31555,1.35,1.28
2012.11.26 22:45:18.401,1.31524,1.31554,1.35,1.50
2012.11.26 22:45:18.744,1.31524,1.31555,1.88,1.50
2012.11.26 22:45:19.210,1.31524,1.3155,1.13,1.50
2012.11.26 22:45:21.679,1.31523,1.31548,1.35,1.50
2012.11.26 22:45:23.250,1.31522,1.31551,1.73,1.35
2012.11.26 22:45:23.320,1.31521,1.31551,1.50,1.35
2012.11.26 22:45:27.559,1.31521,1.31551,1.73,1.35
2012.11.26 22:45:27.799,1.31516,1.31551,1.50,1.58
2012.11.26 22:45:27.860,1.31516,1.31551,1.50,1.58
2012.11.26 22:45:28.050,1.31515,1.31551,1.58,2.93
2012.11.26 22:45:28.368,1.31515,1.31547,1.58,1.88
2012.11.26 22:45:28.669,1.31522,1.31548,1.50,1.20
2012.11.26 22:45:28.850,1.31537,1.31557,1.73,1.04
2012.11.26 22:45:28.919,1.31538,1.31566,1.35,1.50
2012.11.26 22:45:29.583,1.31529,1.31558,1.20,1.73
2012.11.26 22:45:29.709,1.31527,1.31558,1.73,1.73
2012.11.26 22:45:29.958,1.31527,1.31558,1.73,2.25
2012.11.26 22:45:30.150,1.31527,1.31558,1.73,2.25
2012.11.26 22:45:30.580,1.31521,1.31545,1.50,2.10
2012.11.26 22:45:30.842,1.31512,1.31535,1.41,1.28
2012.11.26 22:45:30.909,1.31506,1.31529,1.35,1.28
2012.11.26 22:45:31.149,1.31503,1.31529,1.50,1.28
2012.11.26 22:45:31.360,1.31503,1.3153,1.50,1.28
2012.11.26 22:45:31.728,1.31507,1.31536,1.50,1.50
2012.11.26 22:45:31.788,1.31508,1.31536,1.50,1.50
2012.11.26 22:45:33.950,1.31508,1.31536,2.48,1.50
2012.11.26 22:45:35.019,1.31516,1.31536,1.13,1.50
2012.11.26 22:45:35.089,1.31516,1.31539,1.13,1.50
2012.11.26 22:45:35.150,1.3151,1.31538,2.10,1.50
2012.11.26 22:45:35.280,1.3151,1.31538,1.35,1.50
2012.11.26 22:45:36.808,1.3151,1.31539,1.35,1.50
2012.11.26 22:45:42.109,1.31507,1.31536,1.58,1.50
2012.11.26 22:45:42.412,1.31495,1.31535,2.93,1.73
2012.11.26 22:45:42.599,1.31491,1.31534,1.20,1.73
2012.11.26 22:45:43.139,1.31485,1.31534,1.35,1.73
2012.11.26 22:45:43.533,1.31485,1.31531,1.35,1.73
2012.11.26 22:45:46.149,1.31486,1.31531,1.73,1.73
2012.11.26 22:45:48.761,1.31488,1.31533,1.50,1.73
2012.11.26 22:45:51.340,1.31487,1.31533,1.35,1.73
2012.11.26 22:45:52.389,1.31492,1.31537,1.35,1.73
2012.11.26 22:45:52.688,1.31492,1.31534,1.35,1.73
2012.11.26 22:45:52.870,1.3149,1.31537,1.77,1.73
2012.11.26 22:45:52.940,1.3149,1.31534,1.77,1.73
2012.11.26 22:45:55.575,1.31491,1.31537,1.73,1.73
2012.11.26 22:45:56.013,1.3149,1.31534,1.40,1.73
2012.11.26 22:45:56.260,1.31498,1.31537,1.73,2.33
2012.11.26 22:45:56.400,1.31498,1.3153,1.50,1.20
2012.11.26 22:45:57.611,1.31498,1.31529,1.65,1.50
2012.11.26 22:45:57.681,1.31498,1.31532,1.13,1.28
2012.11.26 22:45:59.221,1.31498,1.31534,1.80,2.18
2012.11.26 22:45:59.291,1.31496,1.31534,1.50,2.18
2012.11.26 22:45:59.814,1.31493,1.31534,1.50,2.18
2012.11.26 22:46:00.190,1.31492,1.31531,2.63,1.50
2012.11.26 22:46:01.988,1.31492,1.31528,1.35,1.58
2012.11.26 22:46:02.540,1.31491,1.31528,1.35,1.35
2012.11.26 22:46:02.891,1.31491,1.31528,1.35,1.35
2012.11.26 22:46:06.779,1.31492,1.31528,2.33,1.58
2012.11.26 22:46:07.839,1.31492,1.31529,1.73,1.73
2012.11.26 22:46:09.490,1.31492,1.31529,1.35,1.73
2012.11.26 22:46:09.901,1.31492,1.31529,1.35,1.50
2012.11.26 22:46:10.031,1.31493,1.31529,1.13,1.28
2012.11.26 22:46:10.230,1.31493,1.31529,1.13,1.28
2012.11.26 22:46:10.570,1.31493,1.31533,1.13,2.48
2012.11.26 22:46:11.167,1.31493,1.31533,1.13,2.48
2012.11.26 22:46:11.899,1.31492,1.31533,3.83,2.48
2012.11.26 22:46:12.467,1.31493,1.31533,3.01,2.48
2012.11.26 22:46:16.510,1.31493,1.31533,1.13,2.48
2012.11.26 22:46:18.122,1.31492,1.31533,1.13,2.48
2012.11.26 22:46:18.469,1.31492,1.31531,1.13,2.33
2012.11.26 22:46:18.679,1.31492,1.31532,1.88,1.50
2012.11.26 22:46:20.209,1.31492,1.3153,1.88,1.73
2012.11.26 22:46:20.356,1.31492,1.31527,1.73,1.50
2012.11.26 22:46:20.671,1.3149,1.31524,1.65,1.28
2012.11.26 22:46:21.228,1.31493,1.3153,1.13,1.43
2012.11.26 22:46:21.730,1.31493,1.31532,2.10,1.73
2012.11.26 22:46:21.799,1.31493,1.31532,1.13,1.73
2012.11.26 22:46:26.621,1.31491,1.31529,1.95,1.20
2012.11.26 22:46:26.700,1.31498,1.31528,1.88,1.50
2012.11.26 22:46:26.987,1.31498,1.31529,1.88,1.95
2012.11.26 22:46:27.109,1.31498,1.31528,1.88,1.50
2012.11.26 22:46:29.289,1.31497,1.31524,1.73,1.50
2012.11.26 22:46:29.420,1.31497,1.31524,1.50,1.73
2012.11.26 22:46:29.742,1.31494,1.31524,1.50,1.73
2012.11.26 22:46:30.264,1.31494,1.31524,1.50,1.73
2012.11.26 22:46:32.129,1.31493,1.31519,1.50,1.73
2012.11.26 22:46:33.339,1.3149,1.31524,1.20,1.73
2012.11.26 22:46:33.399,1.3149,1.31524,1.43,1.73
2012.11.26 22:46:38.702,1.31489,1.31525,3.30,1.43
2012.11.26 22:46:40.256,1.31491,1.31524,2.86,1.20
2012.11.26 22:46:40.450,1.31491,1.31529,1.13,1.73
2012.11.26 22:46:40.520,1.31491,1.31529,1.13,1.73
2012.11.26 22:46:43.859,1.3149,1.31528,1.50,1.58
2012.11.26 22:46:43.988,1.31491,1.3153,1.50,1.73
2012.11.26 22:46:55.119,1.3149,1.3153,1.20,1.73
2012.11.26 22:47:04.356,1.31492,1.31525,1.50,1.73
2012.11.26 22:47:04.659,1.31492,1.31525,1.50,1.73
2012.11.26 22:47:05.259,1.31495,1.31531,1.35,1.43
2012.11.26 22:47:05.324,1.31495,1.31525,1.35,1.50
2012.11.26 22:47:05.450,1.31495,1.3153,1.35,1.73
2012.11.26 22:47:05.778,1.31495,1.3153,1.35,2.48
2012.11.26 22:47:06.331,1.31493,1.31529,1.58,1.73
2012.11.26 22:47:06.529,1.31493,1.3153,1.20,1.73
2012.11.26 22:47:08.831,1.31491,1.31525,1.50,1.73
2012.11.26 22:47:08.903,1.31491,1.31523,1.50,1.73
2012.11.26 22:47:11.779,1.31491,1.31524,1.50,1.73
2012.11.26 22:47:16.030,1.31491,1.31525,1.50,1.73
2012.11.26 22:47:16.562,1.3149,1.31522,1.50,1.73
2012.11.26 22:47:16.631,1.3149,1.31526,3.08,1.73
2012.11.26 22:47:20.960,1.31492,1.31525,1.35,1.25
2012.11.26 22:47:21.149,1.31492,1.31526,2.10,1.73
2012.11.26 22:47:21.578,1.31492,1.31528,3.45,1.73
2012.11.26 22:47:26.359,1.31494,1.3153,2.33,2.10
2012.11.26 22:47:32.758,1.31493,1.31525,1.20,1.73
2012.11.26 22:47:49.699,1.31495,1.31529,1.50,1.35
2012.11.26 22:47:49.939,1.31493,1.31529,2.93,2.10
2012.11.26 22:47:50.650,1.31494,1.31529,2.93,1.35
2012.11.26 22:47:51.899,1.31493,1.31529,3.98,2.10
2012.11.26 22:47:56.319,1.31497,1.31529,1.50,1.35
2012.11.26 22:48:18.088,1.31497,1.31529,1.50,1.35
2012.11.26 22:48:18.421,1.31498,1.31529,1.28,1.35
2012.11.26 22:48:30.660,1.31494,1.31529,2.70,1.35
2012.11.26 22:48:30.921,1.31492,1.31528,1.95,1.73
2012.11.26 22:48:35.019,1.31495,1.31526,1.58,1.73
2012.11.26 22:48:35.220,1.31495,1.31527,1.58,1.73
2012.11.26 22:48:43.684,1.31495,1.3153,1.58,1.73
2012.11.26 22:48:44.258,1.31495,1.31527,1.58,1.73
2012.11.26 22:48:52.858,1.31496,1.31527,1.50,1.73
2012.11.26 22:48:53.159,1.315,1.31528,1.13,1.50
2012.11.26 22:48:53.218,1.31499,1.31535,2.25,1.73
2012.11.26 22:48:53.610,1.31503,1.31537,1.35,1.73
2012.11.26 22:48:54.408,1.31503,1.3154,1.35,2.10
2012.11.26 22:48:59.548,1.31503,1.31537,1.35,1.73
2012.11.26 22:49:09.808,1.31504,1.3154,1.35,2.10
2012.11.26 22:49:12.618,1.31505,1.31541,2.63,1.73
2012.11.26 22:49:12.679,1.31504,1.3154,1.35,1.73
2012.11.26 22:49:20.986,1.31504,1.31541,3.60,1.35
2012.11.26 22:49:29.496,1.31505,1.31541,1.35,1.35
2012.11.26 22:49:29.574,1.31505,1.31541,1.35,1.73
2012.11.26 22:49:29.640,1.31508,1.31541,1.50,1.73
2012.11.26 22:49:29.948,1.31518,1.31553,1.35,1.35
2012.11.26 22:49:30.259,1.31519,1.31553,2.85,1.35
2012.11.26 22:49:32.378,1.31519,1.31552,1.20,1.73
2012.11.26 22:49:34.520,1.31517,1.31552,1.20,1.73
2012.11.26 22:49:38.479,1.31517,1.31551,1.20,1.73
2012.11.26 22:49:39.939,1.31517,1.31551,1.50,1.73
2012.11.26 22:49:39.999,1.31519,1.31551,1.50,1.50
2012.11.26 22:49:40.180,1.31519,1.31552,1.50,1.73
2012.11.26 22:49:41.770,1.31519,1.3155,1.50,1.50
2012.11.26 22:49:42.010,1.31524,1.31555,1.50,1.73
2012.11.26 22:49:42.450,1.31522,1.31557,2.85,1.73
2012.11.26 22:49:42.689,1.31522,1.31552,2.25,1.73
2012.11.26 22:49:43.150,1.31518,1.31547,1.28,1.54
2012.11.26 22:49:43.338,1.31516,1.31544,1.28,1.73
2012.11.26 22:49:43.410,1.31511,1.31544,1.20,1.73
2012.11.26 22:49:43.650,1.31509,1.31539,1.35,1.73
2012.11.26 22:49:45.378,1.31507,1.31541,1.50,1.73
2012.11.26 22:49:47.568,1.31508,1.31543,1.28,1.73
2012.11.26 22:49:47.749,1.31507,1.3154,1.50,1.73
2012.11.26 22:49:49.918,1.31507,1.31538,1.50,1.73
2012.11.26 22:49:56.189,1.31507,1.3154,1.50,1.73
2012.11.26 22:50:02.889,1.31506,1.31539,1.50,1.73
2012.11.26 22:50:05.130,1.31504,1.31541,1.50,1.73
2012.11.26 22:50:12.190,1.31506,1.31543,1.50,1.73
2012.11.26 22:50:15.201,1.31505,1.31543,3.46,1.73
2012.11.26 22:50:15.270,1.31504,1.31541,1.50,1.73
2012.11.26 22:50:15.540,1.31504,1.31541,1.50,1.73
2012.11.26 22:50:15.929,1.31506,1.31542,3.23,1.73
2012.11.26 22:50:17.519,1.31506,1.31541,1.50,1.73
2012.11.26 22:50:17.578,1.31506,1.31543,1.50,1.73
2012.11.26 22:50:18.304,1.31506,1.31541,1.50,1.73
2012.11.26 22:50:18.585,1.31507,1.31543,1.20,1.73
2012.11.26 22:50:19.006,1.31508,1.31544,1.73,1.73
2012.11.26 22:50:23.570,1.31507,1.31542,1.20,1.73
2012.11.26 22:50:23.859,1.31508,1.31544,2.18,1.73
2012.11.26 22:50:26.869,1.3151,1.31546,1.88,2.10
2012.11.26 22:50:27.070,1.3151,1.31546,1.88,2.10
2012.11.26 22:50:27.259,1.31512,1.31549,1.20,1.73
2012.11.26 22:50:27.319,1.31514,1.31553,1.20,1.73
2012.11.26 22:50:27.440,1.31514,1.31557,2.78,1.43
2012.11.26 22:50:27.560,1.31519,1.31559,2.78,1.73
2012.11.26 22:50:27.620,1.31519,1.31561,2.78,1.35
2012.11.26 22:50:28.385,1.31521,1.31566,1.35,2.33
2012.11.26 22:50:28.450,1.31521,1.31564,1.35,1.35
2012.11.26 22:50:28.569,1.31521,1.31566,1.35,1.58
2012.11.26 22:50:28.630,1.31523,1.31568,1.73,1.27
2012.11.26 22:50:28.759,1.3152,1.31568,1.35,1.27
2012.11.26 22:50:29.089,1.31523,1.31569,1.65,2.02
2012.11.26 22:50:29.729,1.31521,1.31568,1.35,2.02
2012.11.26 22:50:30.220,1.31519,1.31568,1.35,1.27
2012.11.26 22:50:31.159,1.31519,1.31567,1.35,1.73
2012.11.26 22:50:33.169,1.31516,1.31567,2.25,1.73
2012.11.26 22:50:33.289,1.31515,1.31563,1.50,1.35
2012.11.26 22:50:50.602,1.31517,1.31563,1.50,1.73
2012.11.26 22:50:50.854,1.31517,1.31563,1.50,1.73
2012.11.26 22:50:50.921,1.31514,1.31563,1.13,2.48
2012.11.26 22:50:51.645,1.31514,1.31563,1.13,2.48
2012.11.26 22:50:51.753,1.31516,1.31563,1.50,2.48
2012.11.26 22:50:51.880,1.31516,1.31563,1.50,1.73
2012.11.26 22:50:52.193,1.31516,1.31563,1.50,1.73
2012.11.26 22:50:52.439,1.31516,1.31566,1.50,1.73
2012.11.26 22:50:56.935,1.31515,1.31566,1.58,1.73
2012.11.26 22:50:58.564,1.31516,1.31566,1.50,1.73
2012.11.26 22:50:58.749,1.31519,1.31566,1.28,2.48
2012.11.26 22:50:58.991,1.31521,1.31566,2.70,1.73
2012.11.26 22:50:59.539,1.31521,1.31575,1.50,2.22
2012.11.26 22:51:01.670,1.31521,1.31575,1.50,1.47
2012.11.26 22:51:02.301,1.31527,1.31578,1.50,1.47
2012.11.26 22:51:02.620,1.31526,1.31569,1.50,1.52
2012.11.26 22:51:02.980,1.31523,1.31565,1.35,1.73
2012.11.26 22:51:03.220,1.3152,1.31565,1.28,1.73
2012.11.26 22:51:03.519,1.31516,1.31563,1.35,1.73
2012.11.26 22:51:03.829,1.31514,1.31563,1.58,1.73
2012.11.26 22:51:04.349,1.31514,1.31563,1.13,2.48
2012.11.26 22:51:05.172,1.31517,1.31563,1.50,2.48
2012.11.26 22:51:07.939,1.31517,1.31558,1.50,1.73
2012.11.26 22:51:09.291,1.3152,1.31562,1.50,1.43
2012.11.26 22:51:09.420,1.31528,1.31563,1.50,1.73
2012.11.26 22:51:09.960,1.31532,1.31568,1.50,1.73
2012.11.26 22:51:10.509,1.31532,1.31571,3.15,2.25
2012.11.26 22:51:11.050,1.31533,1.31571,1.35,3.00
2012.11.26 22:51:11.380,1.31529,1.31562,1.20,1.73
2012.11.26 22:51:11.980,1.31525,1.31562,2.78,1.73
2012.11.26 22:51:18.861,1.31525,1.31559,1.50,1.50
2012.11.26 22:51:52.589,1.31525,1.31561,1.50,1.73
2012.11.26 22:51:52.810,1.31525,1.31559,1.50,1.50
2012.11.26 22:52:10.113,1.31524,1.31561,1.20,1.73
2012.11.26 22:52:10.327,1.31524,1.31559,1.20,1.50
2012.11.26 22:52:18.581,1.31524,1.31558,1.20,1.50
2012.11.26 22:52:18.828,1.31522,1.31559,2.70,1.50
2012.11.26 22:52:20.125,1.31522,1.31558,1.95,1.50
2012.11.26 22:52:20.487,1.31523,1.31558,1.35,1.50
2012.11.26 22:52:35.448,1.31524,1.3156,2.48,1.50
2012.11.26 22:52:35.750,1.31535,1.31563,2.40,1.50
2012.11.26 22:52:36.260,1.31537,1.31571,1.13,1.50
2012.11.26 22:52:36.850,1.31537,1.31564,1.13,1.50
2012.11.26 22:52:38.226,1.31537,1.31567,1.50,1.50
2012.11.26 22:52:38.290,1.31539,1.31572,1.13,1.43
2012.11.26 22:52:38.409,1.31538,1.31572,1.50,1.43
2012.11.26 22:52:40.690,1.31539,1.31577,1.20,1.43
2012.11.26 22:52:44.060,1.3154,1.31578,1.28,1.59
2012.11.26 22:52:44.801,1.31538,1.31574,3.45,1.73
2012.11.26 22:52:55.869,1.31538,1.31574,2.70,1.73
2012.11.26 22:53:00.489,1.31538,1.31575,1.50,2.04
2012.11.26 22:53:07.660,1.31537,1.31575,4.06,1.73
2012.11.26 22:53:16.711,1.31537,1.31575,4.06,1.73
2012.11.26 22:53:16.912,1.31536,1.3157,2.10,1.25
2012.11.26 22:53:17.171,1.31539,1.31573,1.13,2.07
2012.11.26 22:53:17.502,1.31538,1.31573,1.20,1.73
2012.11.26 22:53:18.120,1.31538,1.3157,1.28,1.73
2012.11.26 22:53:18.330,1.31537,1.31572,3.45,1.73
2012.11.26 22:53:19.546,1.31538,1.31574,1.88,1.73
2012.11.26 22:53:20.859,1.31537,1.31573,3.45,1.73
2012.11.26 22:53:34.752,1.3154,1.31577,1.50,1.73
2012.11.26 22:53:35.300,1.31537,1.31573,3.45,1.73
2012.11.26 22:53:42.751,1.31537,1.31575,5.48,1.73
2012.11.26 22:53:43.273,1.31537,1.31572,3.45,1.73
2012.11.26 22:53:43.810,1.31537,1.31575,4.80,1.73
2012.11.26 22:53:44.224,1.31537,1.31573,2.70,1.73
2012.11.26 22:53:44.717,1.31537,1.31573,3.45,1.73
2012.11.26 22:53:46.282,1.31538,1.31574,1.73,1.73
2012.11.26 22:53:46.530,1.31537,1.31572,3.45,1.73
2012.11.26 22:53:46.721,1.31539,1.31572,1.13,1.73
2012.11.26 22:53:47.031,1.31537,1.31575,2.93,2.33
2012.11.26 22:53:47.102,1.31536,1.31569,1.35,1.73
2012.11.26 22:53:47.231,1.31537,1.31569,1.50,1.73
2012.11.26 22:53:47.411,1.31539,1.31575,1.50,2.03
2012.11.26 22:53:47.600,1.31548,1.31582,1.50,1.58
2012.11.26 22:53:47.960,1.31545,1.31583,1.50,1.73
2012.11.26 22:53:48.260,1.31547,1.31581,1.50,1.73
2012.11.26 22:53:48.810,1.31547,1.31581,1.95,1.73
2012.11.26 22:53:49.312,1.31549,1.31581,1.73,1.73
2012.11.26 22:53:51.390,1.31549,1.31581,1.35,1.73
2012.11.26 22:53:52.175,1.3155,1.31581,1.13,1.73
2012.11.26 22:53:52.480,1.3155,1.31578,2.03,1.29
2012.11.26 22:53:52.541,1.3155,1.31588,2.03,2.10
2012.11.26 22:53:52.611,1.3155,1.31585,1.13,1.73
2012.11.26 22:53:52.870,1.31552,1.31588,1.35,2.10
2012.11.26 22:53:53.210,1.31552,1.31587,2.33,1.73
2012.11.26 22:53:53.450,1.3155,1.31584,2.41,1.73
2012.11.26 22:53:54.031,1.3155,1.31586,1.13,1.73
2012.11.26 22:53:54.372,1.31554,1.31589,1.35,1.35
2012.11.26 22:53:54.680,1.31554,1.31582,1.35,1.73
2012.11.26 22:53:54.799,1.31551,1.31582,1.20,1.73
2012.11.26 22:53:55.300,1.31549,1.31573,2.33,1.41
2012.11.26 22:53:55.361,1.31549,1.31573,1.28,1.41
2012.11.26 22:53:55.670,1.31546,1.31571,1.20,1.35
2012.11.26 22:53:55.791,1.31546,1.31573,1.20,1.41
2012.11.26 22:53:55.851,1.31545,1.3157,1.28,1.59
2012.11.26 22:53:57.531,1.31544,1.3157,1.28,1.59
2012.11.26 22:53:57.711,1.31546,1.31581,1.50,1.73
2012.11.26 22:53:58.202,1.31545,1.31577,1.35,1.73
2012.11.26 22:53:58.511,1.31541,1.31574,3.98,1.52
2012.11.26 22:53:58.641,1.31541,1.31577,5.10,1.73
2012.11.26 22:53:58.761,1.31544,1.31578,1.35,1.73
2012.11.26 22:53:58.891,1.31544,1.31579,1.35,1.73
2012.11.26 22:53:59.840,1.31543,1.31579,2.18,1.73
2012.11.26 22:53:59.971,1.31542,1.31575,1.35,1.73
2012.11.26 22:54:00.590,1.31542,1.31574,1.35,1.73
2012.11.26 22:54:00.651,1.31541,1.31579,1.13,1.58
2012.11.26 22:54:01.034,1.31539,1.31575,3.00,1.73
2012.11.26 22:54:01.169,1.31539,1.31573,1.35,1.73
2012.11.26 22:54:01.596,1.31537,1.31578,1.35,1.73
2012.11.26 22:54:01.674,1.31536,1.31572,1.50,1.50
2012.11.26 22:54:02.383,1.31536,1.31569,1.50,1.73
2012.11.26 22:54:02.841,1.31536,1.31572,1.50,1.50
2012.11.26 22:54:03.169,1.31536,1.31569,1.50,1.73
2012.11.26 22:54:04.106,1.31537,1.31572,1.28,1.50
2012.11.26 22:54:04.175,1.31537,1.31569,1.28,1.73
2012.11.26 22:54:04.736,1.31537,1.31569,1.28,1.73
2012.11.26 22:54:06.021,1.31537,1.31572,1.28,1.50
2012.11.26 22:54:08.172,1.31537,1.31569,1.28,1.73
2012.11.26 22:54:08.278,1.31537,1.31572,1.28,1.50
2012.11.26 22:54:08.763,1.31537,1.31569,1.28,1.73
2012.11.26 22:54:09.266,1.31537,1.31572,1.28,1.50
2012.11.26 22:54:09.710,1.31537,1.31569,1.28,1.73
2012.11.26 22:54:10.038,1.31537,1.31572,1.28,1.50
2012.11.26 22:54:10.191,1.31537,1.31569,1.28,1.73
2012.11.26 22:54:14.698,1.31537,1.31568,1.28,1.73
2012.11.26 22:54:15.454,1.31537,1.31568,2.78,1.73
2012.11.26 22:54:17.569,1.31537,1.31568,1.28,1.73
2012.11.26 22:54:17.634,1.31537,1.31566,1.28,1.50
2012.11.26 22:54:18.911,1.31537,1.31569,1.28,1.73
2012.11.26 22:54:19.229,1.31538,1.31569,1.50,1.50
2012.11.26 22:54:27.712,1.31536,1.31569,2.78,1.73
2012.11.26 22:54:28.242,1.31536,1.31569,1.28,1.73
2012.11.26 22:54:31.731,1.31535,1.31571,1.95,1.43
2012.11.26 22:54:34.223,1.31536,1.31571,1.50,1.20
2012.11.26 22:54:37.079,1.31538,1.31574,1.50,2.25
2012.11.26 22:54:39.940,1.31538,1.31569,1.50,1.50
2012.11.26 22:54:40.489,1.31535,1.31569,3.08,1.73
2012.11.26 22:54:40.839,1.31535,1.31569,1.58,1.73
2012.11.26 22:54:50.229,1.31539,1.31571,1.50,1.43
2012.11.26 22:54:50.671,1.31541,1.31574,1.50,1.73
2012.11.26 22:54:55.490,1.31543,1.31577,1.13,1.43
2012.11.26 22:54:55.815,1.31544,1.31579,1.50,2.18
2012.11.26 22:54:57.600,1.31544,1.31578,1.13,1.43
2012.11.26 22:54:59.026,1.31544,1.31573,1.13,1.50
2012.11.26 22:54:59.330,1.31544,1.31578,1.13,1.43
2012.11.26 22:55:01.559,1.31544,1.31578,1.13,1.43
2012.11.26 22:55:01.821,1.31545,1.31578,1.13,1.43
2012.11.26 22:55:02.584,1.31545,1.31578,1.13,1.43
2012.11.26 22:55:11.122,1.31543,1.31578,1.88,1.43
2012.11.26 22:55:11.643,1.31543,1.31578,1.13,1.43
2012.11.26 22:55:11.971,1.31544,1.31578,1.50,1.43
2012.11.26 22:55:19.252,1.31544,1.31578,1.88,2.18
2012.11.26 22:55:19.401,1.31544,1.31574,1.13,1.28
2012.11.26 22:55:19.751,1.31544,1.31578,1.88,2.25
2012.11.26 22:55:19.871,1.31545,1.31578,1.13,2.25
2012.11.26 22:55:20.721,1.31544,1.31578,1.13,2.25
2012.11.26 22:55:21.721,1.31545,1.31578,1.13,2.25
2012.11.26 22:55:26.371,1.31544,1.31578,1.13,2.25
2012.11.26 22:55:26.431,1.31545,1.31578,1.13,2.25
2012.11.26 22:55:28.742,1.31545,1.31578,1.13,1.50
2012.11.26 22:55:45.292,1.31544,1.3158,1.65,1.88
2012.11.26 22:55:45.892,1.31544,1.31579,1.65,1.73
2012.11.26 22:55:53.296,1.31544,1.31576,1.65,1.50
2012.11.26 22:55:53.956,1.31544,1.31578,1.65,1.73
2012.11.26 22:55:54.501,1.31544,1.31579,1.65,1.73
2012.11.26 22:56:00.710,1.31543,1.3158,2.78,1.88
2012.11.26 22:56:00.890,1.31552,1.31582,1.13,1.20
2012.11.26 22:56:00.951,1.31558,1.31582,1.50,1.20
2012.11.26 22:56:01.190,1.31559,1.31589,1.13,1.20
2012.11.26 22:56:01.540,1.3156,1.31589,1.13,1.20
2012.11.26 22:56:02.130,1.31559,1.31586,1.13,1.35
2012.11.26 22:56:07.710,1.3156,1.31587,1.13,1.20
2012.11.26 22:56:09.723,1.3156,1.31587,1.13,1.20
2012.11.26 22:56:09.790,1.31559,1.31584,1.13,1.50
2012.11.26 22:56:10.131,1.31552,1.31584,1.50,2.03
2012.11.26 22:56:10.272,1.31547,1.31577,1.35,1.28
2012.11.26 22:56:17.791,1.31547,1.31577,1.35,1.28
2012.11.26 22:56:23.981,1.31546,1.31577,1.13,1.28
2012.11.26 22:56:28.410,1.31546,1.31578,1.13,1.28
2012.11.26 22:56:28.852,1.31546,1.31578,1.13,1.28
2012.11.26 22:56:35.892,1.31546,1.31579,1.13,1.28
2012.11.26 22:56:36.248,1.31546,1.31578,1.13,1.28
2012.11.26 22:56:36.404,1.31546,1.31578,1.13,1.28
2012.11.26 22:56:36.847,1.31546,1.31578,1.13,1.28
2012.11.26 22:56:37.320,1.31545,1.31578,1.13,1.28
2012.11.26 22:56:37.381,1.31545,1.31582,1.73,1.35
2012.11.26 22:56:37.570,1.31545,1.31582,3.45,1.35
2012.11.26 22:56:40.401,1.31545,1.31582,3.45,1.35
2012.11.26 22:56:41.460,1.31545,1.31578,3.46,1.50
2012.11.26 22:56:41.748,1.31546,1.31576,1.43,1.50
2012.11.26 22:56:41.870,1.31546,1.31584,2.93,1.95
2012.11.26 22:56:42.241,1.31546,1.31579,2.93,1.50
2012.11.26 22:56:42.772,1.31546,1.31583,2.93,1.50
2012.11.26 22:56:54.251,1.31546,1.31583,3.30,1.13
2012.11.26 22:56:54.321,1.31546,1.31583,3.30,1.88
2012.11.26 22:56:54.880,1.31546,1.31579,3.30,1.50
2012.11.26 22:56:56.250,1.31546,1.31583,3.30,1.88
2012.11.26 22:56:56.356,1.31546,1.31579,3.30,1.50
2012.11.26 22:57:00.143,1.31546,1.31583,3.30,1.88
2012.11.26 22:57:04.881,1.31546,1.31579,2.93,1.50
2012.11.26 22:57:05.240,1.31546,1.31581,1.13,1.20
2012.11.26 22:57:10.040,1.31545,1.31581,1.58,1.20
2012.11.26 22:57:11.505,1.31545,1.31581,2.55,1.20
2012.11.26 22:57:21.434,1.31543,1.31579,1.28,1.28
2012.11.26 22:57:22.339,1.31546,1.31581,1.13,1.28
2012.11.26 22:57:32.155,1.31548,1.31581,1.50,1.28
2012.11.26 22:57:32.295,1.31546,1.31581,2.63,1.28
2012.11.26 22:57:36.099,1.31548,1.31581,1.50,1.28
2012.11.26 22:57:44.530,1.3155,1.31584,1.50,2.03
2012.11.26 22:57:44.655,1.3155,1.31584,1.50,1.28
2012.11.26 22:57:44.764,1.3155,1.31584,1.50,1.28
2012.11.26 22:57:46.458,1.31548,1.31584,1.50,1.28
2012.11.26 22:57:53.235,1.31548,1.31583,1.50,1.35
2012.11.26 22:57:53.359,1.31547,1.31579,1.73,1.50
2012.11.26 22:57:55.218,1.31548,1.31584,1.50,1.35
2012.11.26 22:57:55.408,1.31548,1.31583,1.50,2.10
2012.11.26 22:57:55.989,1.31546,1.31583,1.20,2.10
2012.11.26 22:57:58.990,1.31546,1.31578,1.73,1.28
2012.11.26 22:57:59.293,1.31542,1.31578,3.01,1.28
2012.11.26 22:57:59.360,1.31542,1.31575,1.73,1.28
2012.11.26 22:58:02.189,1.31543,1.31578,1.18,1.28
2012.11.26 22:58:02.309,1.31542,1.31578,1.23,1.28
2012.11.26 22:58:09.278,1.31542,1.31579,1.23,1.28
2012.11.26 22:58:09.339,1.31542,1.31578,1.23,2.03
2012.11.26 22:58:21.812,1.31541,1.31573,2.50,1.50
2012.11.26 22:58:22.246,1.31542,1.31578,1.23,1.28
2012.11.26 22:58:27.151,1.31542,1.31579,1.23,1.28
2012.11.26 22:58:27.388,1.31542,1.31578,1.23,1.28
2012.11.26 22:58:35.048,1.31541,1.31573,1.60,1.35
2012.11.26 22:58:35.509,1.31541,1.31569,1.23,1.28
2012.11.26 22:58:36.143,1.31541,1.31572,1.23,1.28
2012.11.26 22:58:36.269,1.31554,1.31572,1.13,1.28
2012.11.26 22:58:36.448,1.31555,1.31577,1.13,1.28
2012.11.26 22:58:36.508,1.31555,1.31582,1.13,1.28
2012.11.26 22:58:37.160,1.31555,1.31582,1.13,1.28
2012.11.26 22:58:39.238,1.31555,1.31582,1.13,1.28
2012.11.26 22:58:44.709,1.31555,1.31582,1.50,1.35
2012.11.26 22:58:46.851,1.31555,1.31582,1.50,1.35
2012.11.26 22:58:47.281,1.31555,1.31583,1.50,1.35
2012.11.26 22:58:47.350,1.31555,1.31582,1.50,1.35
2012.11.26 22:58:49.405,1.31549,1.31578,1.73,1.50
2012.11.26 22:58:49.469,1.31549,1.31577,1.73,1.28
2012.11.26 22:58:50.010,1.31542,1.31573,1.73,1.28
2012.11.26 22:58:52.670,1.31542,1.31573,1.73,1.28
2012.11.26 22:58:57.258,1.31542,1.3157,1.73,1.20
2012.11.26 22:58:57.729,1.31542,1.3157,1.73,1.20
2012.11.26 22:58:58.385,1.31542,1.3157,1.73,1.20
2012.11.26 22:58:59.669,1.31542,1.3157,1.73,1.20
2012.11.26 22:58:59.729,1.31542,1.31578,1.73,1.80
2012.11.26 22:58:59.849,1.31542,1.31572,1.73,1.20
2012.11.26 22:59:00.260,1.31542,1.31572,1.73,1.20
2012.11.26 22:59:02.948,1.31542,1.31572,1.73,1.20
2012.11.26 22:59:05.198,1.31542,1.31572,1.73,1.20
2012.11.26 22:59:17.695,1.31542,1.31572,2.48,1.20
2012.11.26 22:59:22.480,1.31542,1.31573,1.73,1.20
2012.11.26 22:59:31.179,1.31542,1.31571,2.48,1.20
2012.11.26 22:59:31.365,1.31542,1.31571,1.73,1.20
2012.11.26 22:59:34.880,1.31554,1.31571,1.13,1.20
2012.11.26 22:59:34.939,1.31554,1.31571,1.13,1.20
2012.11.26 22:59:34.999,1.31555,1.31571,1.50,1.20
2012.11.26 22:59:35.379,1.31555,1.31581,1.50,1.35
2012.11.26 22:59:39.220,1.31549,1.31579,1.20,1.50
2012.11.26 22:59:39.280,1.31548,1.31579,1.35,1.50
2012.11.26 22:59:39.771,1.31542,1.31575,2.48,1.20
2012.11.26 22:59:41.808,1.31542,1.3157,2.48,1.28
2012.11.26 22:59:41.869,1.31542,1.3157,1.73,1.28
2012.11.26 22:59:43.739,1.31552,1.31576,1.50,1.35
2012.11.26 22:59:43.799,1.31552,1.31576,1.50,1.35
2012.11.26 22:59:43.919,1.31543,1.31576,2.48,1.35
2012.11.26 22:59:44.338,1.31543,1.3157,1.73,1.35
2012.11.26 22:59:45.248,1.31543,1.31573,1.73,1.35
2012.11.26 22:59:45.669,1.31552,1.3157,1.13,1.35
2012.11.26 22:59:45.910,1.31545,1.31573,1.73,1.28
2012.11.26 22:59:46.219,1.31543,1.31572,1.73,1.28
2012.11.26 22:59:48.659,1.31544,1.31572,2.48,1.28
2012.11.26 22:59:48.719,1.31552,1.31575,1.73,1.20
2012.11.26 22:59:48.779,1.31552,1.31575,1.50,1.20
2012.11.26 22:59:49.019,1.31549,1.31573,1.47,1.35
2012.11.26 22:59:49.199,1.31543,1.31573,1.73,1.35
2012.11.26 22:59:49.319,1.31544,1.31573,2.48,1.35
2012.11.26 22:59:49.379,1.31552,1.31575,1.13,1.35
2012.11.26 22:59:49.559,1.31552,1.31575,1.50,1.35
2012.11.26 22:59:49.799,1.31552,1.31579,1.13,1.50
2012.11.26 22:59:52.420,1.31551,1.31579,1.35,1.50
2012.11.26 22:59:52.479,1.31551,1.31575,1.35,1.50
2012.11.26 22:59:52.600,1.31549,1.31575,1.50,1.50
2012.11.26 22:59:52.659,1.31542,1.31571,1.35,1.28
2012.11.26 22:59:52.969,1.31542,1.31571,1.35,1.28
2012.11.26 22:59:57.549,1.31542,1.31569,1.35,1.50
